%YAML:1.0
m100f: !!opencv-matrix
   rows: 1
   cols: 200
   dt: f
   data: [ 4.67726868e-03, 7.48362951e-03, 0., 9.35453689e-04,
       1.87090738e-03, 9.35453689e-04, 5.61272213e-03, 2.80636107e-03,
       3.74181475e-03, 2.80636107e-03, 1.87090738e-03, 9.35453735e-03,
       2.80636107e-03, 7.48362951e-03, 5.61272213e-03, 8.41908343e-03,
       1.02899903e-02, 7.48362951e-03, 9.35453689e-04, 3.74181475e-03,
       4.67726868e-03, 5.61272213e-03, 1.87090738e-03, 7.48362951e-03,
       6.54817559e-03, 4.67726868e-03, 4.67726868e-03, 8.41908343e-03,
       6.54817559e-03, 3.74181475e-03, 4.67726868e-03, 9.35453735e-03,
       9.35453689e-04, 4.67726868e-03, 5.61272213e-03, 1.87090738e-03,
       3.74181475e-03, 1.87090738e-03, 5.61272213e-03, 6.54817559e-03,
       1.87090738e-03, 4.67726868e-03, 8.41908343e-03, 6.54817559e-03,
       9.35453689e-04, 2.80636107e-03, 2.80636107e-03, 0.,
       9.35453735e-03, 9.35453689e-04, 7.48362951e-03, 6.54817559e-03,
       1.12254443e-02, 7.48362951e-03, 3.74181475e-03, 5.61272213e-03,
       1.87090738e-03, 9.35453689e-04, 6.54817559e-03, 2.80636107e-03,
       0., 1.12254443e-02, 2.80636107e-03, 5.61272213e-03,
       7.48362951e-03, 2.80636107e-03, 3.74181475e-03, 3.74181475e-03,
       9.35453735e-03, 9.35453689e-04, 7.48362951e-03, 1.87090738e-03,
       9.35453735e-03, 3.74181475e-03, 5.61272213e-03, 9.35453689e-04,
       6.54817559e-03, 4.67726868e-03, 9.35453689e-04, 0.,
       1.02899903e-02, 8.41908343e-03, 1.87090738e-03, 3.74181475e-03,
       2.80636107e-03, 6.54817559e-03, 9.35453735e-03, 9.35453689e-04,
       7.48362951e-03, 2.80636107e-03, 3.74181475e-03, 1.30963512e-02,
       6.54817559e-03, 1.59027129e-02, 1.12254443e-02, 7.48362951e-03,
       9.35453735e-03, 1.87090738e-03, 1.21608982e-02, 1.87090738e-03,
       5.61272213e-03, 1.02899903e-02, 3.74181475e-03, 9.35453689e-04,
       5.61272213e-03, 1.87090738e-03, 1.12254443e-02, 4.67726868e-03,
       1.87090738e-03, 5.61272213e-03, 8.41908343e-03, 9.35453689e-04,
       9.35453689e-04, 9.35453689e-04, 4.67726868e-03, 9.35453689e-04,
       6.54817559e-03, 6.54817559e-03, 3.74181475e-03, 6.54817559e-03,
       5.61272213e-03, 5.61272213e-03, 9.35453735e-03, 0.,
       2.80636107e-03, 3.74181475e-03, 8.41908343e-03, 1.87090738e-03,
       3.74181475e-03, 9.35453689e-04, 2.80636107e-03, 6.54817559e-03,
       2.80636107e-03, 0., 4.67726868e-03, 5.61272213e-03,
       9.35453689e-04, 5.61272213e-03, 0., 1.59027129e-02, 0.,
       5.61272213e-03, 1.12254443e-02, 2.80636107e-03, 1.40318051e-02,
       1.87090738e-03, 3.74181475e-03, 5.61272213e-03, 5.61272213e-03,
       3.74181475e-03, 5.61272213e-03, 2.80636107e-03, 2.80636107e-03,
       9.35453689e-04, 3.74181475e-03, 2.80636107e-03, 9.35453735e-03,
       6.54817559e-03, 3.74181475e-03, 3.74181475e-03, 5.61272213e-03,
       8.41908343e-03, 2.80636107e-03, 1.30963512e-02, 5.61272213e-03,
       6.54817559e-03, 3.74181475e-03, 6.54817559e-03, 6.54817559e-03,
       9.35453689e-04, 6.54817559e-03, 4.67726868e-03, 2.80636107e-03,
       4.67726868e-03, 4.67726868e-03, 2.80636107e-03, 6.54817559e-03,
       1.21608982e-02, 1.87090738e-03, 6.54817559e-03, 9.35453689e-04,
       9.35453689e-04, 9.35453689e-04, 1.21608982e-02, 1.87090738e-03,
       4.67726868e-03, 1.30963512e-02, 3.74181475e-03, 1.87090738e-03,
       4.67726868e-03, 1.59027129e-02, 2.80636107e-03, 1.87090738e-03,
       6.54817559e-03, 9.35453735e-03, 6.54817559e-03, 5.61272213e-03,
       5.61272213e-03, 1.87090738e-03, 3.74181475e-03 ]
