%YAML:1.0
m100f: !!opencv-matrix
   rows: 1
   cols: 200
   dt: f
   data: [ 1.73160178e-03, 7.79220788e-03, 2.59740278e-03, 0.,
       8.65800888e-04, 2.59740278e-03, 5.19480556e-03, 6.06060633e-03,
       7.79220788e-03, 7.79220788e-03, 5.19480556e-03, 1.03896111e-02,
       3.46320355e-03, 3.46320355e-03, 3.46320355e-03, 1.64502170e-02,
       1.64502170e-02, 9.52380989e-03, 8.65800888e-04, 5.19480556e-03,
       4.32900432e-03, 7.79220788e-03, 6.92640711e-03, 9.52380989e-03,
       5.19480556e-03, 4.32900432e-03, 8.65800888e-04, 1.29870130e-02,
       5.19480556e-03, 8.65800888e-04, 8.65800888e-04, 4.32900432e-03,
       7.79220788e-03, 3.46320355e-03, 2.59740278e-03, 5.19480556e-03,
       2.59740278e-03, 1.03896111e-02, 3.46320355e-03, 3.46320355e-03,
       5.19480556e-03, 6.06060633e-03, 6.92640711e-03, 9.52380989e-03,
       8.65800888e-04, 4.32900432e-03, 4.32900432e-03, 2.59740278e-03,
       1.73160178e-03, 3.46320355e-03, 3.46320355e-03, 2.59740278e-03,
       5.19480556e-03, 5.19480556e-03, 2.59740278e-03, 6.92640711e-03,
       4.32900432e-03, 6.06060633e-03, 2.59740278e-03, 2.59740278e-03,
       2.59740278e-03, 3.46320355e-03, 4.32900432e-03, 0.,
       3.46320355e-03, 6.06060633e-03, 8.65800888e-04, 6.92640711e-03,
       1.29870130e-02, 9.52380989e-03, 7.79220788e-03, 6.06060633e-03,
       2.59740278e-03, 3.46320355e-03, 6.06060633e-03, 6.06060633e-03,
       1.99134201e-02, 9.52380989e-03, 1.12554114e-02, 6.06060633e-03,
       8.65800865e-03, 7.79220788e-03, 5.19480556e-03, 7.79220788e-03,
       7.79220788e-03, 1.73160178e-03, 7.79220788e-03, 6.06060633e-03,
       3.46320355e-03, 8.65800888e-04, 2.59740278e-03, 1.03896111e-02,
       5.19480556e-03, 7.79220788e-03, 2.59740278e-03, 1.73160178e-03,
       8.65800865e-03, 8.65800888e-04, 8.65800865e-03, 2.59740278e-03,
       4.32900432e-03, 5.19480556e-03, 1.73160178e-03, 8.65800865e-03,
       1.81818195e-02, 1.73160178e-03, 6.06060633e-03, 1.73160178e-03,
       4.32900432e-03, 8.65800865e-03, 8.65800865e-03, 6.06060633e-03,
       2.59740278e-03, 8.65800888e-04, 4.32900432e-03, 2.59740278e-03,
       5.19480556e-03, 1.12554114e-02, 3.46320355e-03, 4.32900432e-03,
       5.19480556e-03, 0., 4.32900432e-03, 1.73160178e-03,
       1.73160178e-03, 2.59740278e-03, 6.92640711e-03, 4.32900432e-03,
       3.46320355e-03, 0., 8.65800888e-04, 4.32900432e-03,
       6.06060633e-03, 1.73160178e-03, 6.06060633e-03, 6.06060633e-03,
       6.92640711e-03, 7.79220788e-03, 4.32900432e-03, 1.03896111e-02,
       5.19480556e-03, 1.73160178e-03, 9.52380989e-03, 8.65800888e-04,
       3.46320355e-03, 5.19480556e-03, 6.06060633e-03, 6.92640711e-03,
       1.73160178e-03, 4.32900432e-03, 6.06060633e-03, 1.73160178e-03,
       6.06060633e-03, 1.73160178e-03, 2.59740278e-03, 1.73160178e-03,
       6.06060633e-03, 2.59740278e-03, 3.46320355e-03, 1.29870130e-02,
       2.59740278e-03, 1.29870130e-02, 3.46320355e-03, 3.46320355e-03,
       5.19480556e-03, 8.65800888e-04, 7.79220788e-03, 1.73160178e-03,
       6.06060633e-03, 8.65800888e-04, 5.19480556e-03, 2.59740278e-03,
       4.32900432e-03, 3.46320355e-03, 8.65800888e-04, 2.59740278e-03,
       6.06060633e-03, 2.59740278e-03, 3.46320355e-03, 2.59740278e-03,
       4.32900432e-03, 2.59740278e-03, 1.73160178e-03, 1.21212127e-02,
       3.46320355e-03, 4.32900432e-03, 5.19480556e-03, 1.73160178e-03,
       1.73160178e-03, 5.19480556e-03, 1.03896111e-02, 4.32900432e-03,
       3.46320355e-03, 4.32900432e-03, 0., 2.59740278e-03,
       5.19480556e-03, 4.32900432e-03, 1.12554114e-02, 5.19480556e-03 ]
