%YAML:1.0
m10n: !!opencv-matrix
   rows: 1
   cols: 800
   dt: f
   data: [ 0., 7.72797503e-03, 0., 0., 7.72797503e-04, 2.31839251e-03,
       2.31839251e-03, 1.08191650e-02, 2.00927351e-02, 0., 0.,
       1.54559501e-03, 0., 7.72797503e-04, 0., 1.54559501e-03,
       7.72797503e-04, 0., 1.54559501e-03, 0., 0., 0., 7.72797503e-04,
       0., 0., 1.54559501e-03, 7.72797503e-04, 0., 7.72797503e-04,
       3.09119001e-03, 6.18238002e-03, 5.40958252e-03, 5.40958252e-03,
       7.72797503e-04, 0., 1.54559501e-03, 3.09119001e-03, 0.,
       1.54559501e-03, 3.09119001e-03, 0., 0., 5.40958252e-03,
       1.08191650e-02, 0., 7.72797503e-04, 0., 7.72797503e-04, 0.,
       7.72797503e-04, 0., 0., 7.72797503e-04, 0., 0., 3.09119001e-03,
       0., 0., 7.72797503e-04, 2.31839251e-03, 0., 6.18238002e-03, 0.,
       0., 7.72797503e-04, 7.72797503e-04, 7.72797503e-04,
       1.54559501e-03, 7.72797503e-04, 0., 1.54559501e-03,
       7.72797503e-04, 0., 2.31839251e-03, 0., 0., 7.72797503e-04,
       3.09119001e-03, 0., 1.15919625e-02, 0., 0., 3.09119001e-03, 0.,
       0., 0., 0., 3.55486870e-02, 1.54559501e-03, 0., 0., 0., 0., 0.,
       7.72797503e-04, 7.72797503e-04, 0., 1.54559501e-03, 0., 0.,
       2.31839251e-03, 1.54559501e-03, 0., 1.54559501e-03,
       7.72797503e-04, 0., 7.72797503e-04, 3.09119001e-03, 0.,
       1.54559501e-03, 7.72797503e-04, 0., 1.54559501e-03,
       7.72797503e-04, 2.31839251e-03, 7.72797503e-04, 6.18238002e-03,
       3.09119001e-03, 2.62751151e-02, 0., 0., 0., 0., 0.,
       7.72797503e-04, 7.72797503e-04, 2.31839251e-03, 1.54559501e-03,
       0., 7.72797503e-04, 0., 3.09119001e-03, 0., 0., 0., 0., 0.,
       1.54559501e-03, 1.54559501e-03, 0., 7.72797503e-04, 0., 0., 0.,
       3.86398751e-03, 0., 4.63678502e-03, 7.72797503e-04,
       1.54559501e-03, 2.31839251e-03, 0., 0., 2.31839251e-03, 0., 0.,
       0., 0., 1.54559501e-03, 0., 7.72797503e-04, 3.86398751e-03, 0.,
       0., 0., 2.31839251e-03, 7.72797503e-04, 0., 0., 2.31839251e-03,
       1.54559501e-03, 0., 1.54559501e-03, 7.72797503e-04,
       3.09119001e-03, 7.72797503e-04, 1.54559501e-03, 7.72797503e-04,
       7.72797503e-04, 0., 2.31839251e-03, 7.72797503e-04, 0.,
       1.77743435e-02, 7.72797503e-04, 7.72797503e-04, 2.31839251e-03,
       0., 0., 0., 1.54559501e-03, 1.54559501e-03, 0., 7.72797503e-04,
       1.54559501e-03, 0., 7.72797503e-04, 2.31839251e-03,
       7.72797503e-04, 7.72797503e-04, 7.72797503e-04, 0.,
       1.54559501e-03, 0., 7.72797503e-04, 7.72797503e-03,
       1.54559501e-03, 0., 0., 0., 1.54559501e-03, 0., 2.31839251e-03,
       0., 0., 0., 7.72797503e-04, 0., 1.08191650e-02, 1.54559501e-03,
       0., 0., 1.54559501e-03, 3.86398751e-03, 5.40958252e-03,
       3.86398751e-03, 0., 0., 0., 7.72797503e-04, 0., 7.72797503e-04,
       0., 0., 7.72797503e-04, 7.72797503e-04, 7.72797503e-04, 0.,
       7.72797503e-04, 7.72797503e-04, 0., 0., 7.72797503e-04, 0.,
       1.54559501e-03, 0., 1.54559501e-03, 1.54559501e-03,
       7.72797503e-04, 7.72797503e-04, 0., 0., 2.31839251e-03, 0.,
       7.72797503e-04, 0., 7.72797503e-04, 0., 0., 0., 0., 0.,
       1.54559501e-03, 3.09119001e-03, 0., 0., 7.72797503e-04, 0.,
       7.72797503e-04, 0., 0., 0., 7.72797503e-04, 0., 3.09119001e-03,
       7.72797503e-04, 0., 7.72797503e-04, 1.54559501e-03, 0., 0., 0.,
       7.72797503e-04, 0., 1.54559501e-03, 7.72797503e-04,
       2.31839251e-03, 3.86398751e-03, 0., 0., 0., 1.54559501e-03, 0.,
       1.54559501e-03, 0., 5.40958252e-03, 1.15919625e-02,
       3.09119001e-03, 7.72797503e-04, 0., 7.72797503e-04, 0.,
       7.72797503e-04, 3.86398751e-03, 7.72797503e-04, 0., 0.,
       3.86398751e-03, 4.63678502e-03, 1.54559501e-03, 2.31839251e-03,
       1.54559501e-03, 0., 1.54559501e-03, 0., 0., 1.54559501e-03,
       1.54559501e-03, 0., 1.54559501e-03, 7.72797503e-04,
       7.72797503e-04, 0., 7.72797503e-04, 7.72797503e-04, 0.,
       7.72797503e-04, 2.31839251e-03, 0., 1.54559501e-03, 0., 0.,
       1.54559501e-03, 0., 0., 1.54559501e-03, 7.72797503e-04,
       3.09119001e-03, 3.09119001e-03, 2.31839251e-03, 0.,
       7.72797503e-04, 0., 0., 7.72797503e-04, 0., 0., 7.72797503e-04,
       2.31839251e-03, 1.54559501e-03, 1.54559501e-03, 0., 0.,
       7.72797503e-04, 0., 0., 7.72797503e-04, 0., 1.54559501e-03,
       7.72797503e-04, 3.09119001e-03, 2.31839251e-03, 7.72797503e-04,
       0., 2.31839251e-03, 0., 0., 2.31839251e-03, 3.86398751e-03,
       7.72797503e-04, 0., 0., 3.09119001e-03, 7.72797503e-04,
       7.72797503e-04, 1.54559501e-03, 0., 0., 1.54559501e-03, 0., 0.,
       0., 1.54559501e-03, 3.09119001e-03, 1.54559501e-03,
       7.72797503e-04, 1.54559501e-03, 0., 1.54559501e-03,
       7.72797503e-04, 2.31839251e-03, 0., 1.54559501e-03,
       2.31839251e-03, 0., 0., 0., 3.09119001e-03, 0., 0.,
       5.40958252e-03, 0., 0., 7.72797503e-04, 0., 0., 0., 0.,
       1.54559501e-03, 1.54559501e-03, 0., 0., 1.54559501e-03,
       5.40958252e-03, 5.40958252e-03, 7.72797503e-04, 7.72797503e-04,
       7.72797503e-04, 2.31839251e-03, 0., 1.54559501e-03, 0.,
       7.72797503e-04, 0., 0., 0., 7.72797503e-04, 1.54559501e-03, 0.,
       0., 0., 1.54559501e-03, 1.54559501e-03, 3.09119001e-03,
       1.54559501e-03, 1.54559501e-03, 0., 0., 3.86398751e-03, 0.,
       7.72797503e-04, 7.72797503e-04, 7.72797503e-04, 6.95517752e-03,
       0., 1.54559501e-03, 7.72797503e-04, 3.86398751e-03, 0., 0.,
       7.72797503e-04, 2.31839251e-03, 3.09119001e-03, 1.54559501e-03,
       0., 1.54559501e-03, 3.09119001e-03, 1.54559501e-03,
       1.54559501e-03, 0., 7.72797503e-04, 0., 7.72797503e-04,
       2.31839251e-03, 3.86398751e-03, 1.54559501e-03, 0., 0.,
       3.09119001e-03, 1.54559501e-03, 0., 7.72797503e-04, 0.,
       1.54559501e-03, 0., 1.54559501e-03, 7.72797503e-04,
       6.95517752e-03, 0., 4.63678502e-03, 7.72797503e-04,
       4.63678502e-03, 1.54559501e-03, 7.72797503e-04, 0., 0.,
       7.72797503e-04, 7.72797503e-04, 1.54559501e-03, 7.72797503e-04,
       0., 0., 0., 0., 4.63678502e-03, 0., 0., 0., 5.40958252e-03, 0.,
       0., 7.72797503e-04, 0., 0., 3.09119001e-03, 0., 3.09119001e-03,
       0., 0., 0., 1.54559501e-03, 0., 5.40958252e-03, 7.72797503e-04,
       0., 0., 3.86398751e-03, 0., 1.54559501e-03, 7.72797503e-04,
       2.31839251e-03, 0., 0., 0., 7.72797503e-04, 0., 0., 0.,
       7.72797503e-03, 0., 1.54559501e-03, 0., 1.54559501e-03,
       1.54559501e-03, 7.72797503e-04, 0., 7.72797503e-04, 0.,
       7.72797503e-04, 7.72797503e-04, 3.09119001e-03, 1.54559501e-03,
       7.72797503e-04, 0., 1.54559501e-03, 2.31839251e-03, 0., 0.,
       7.72797503e-04, 7.72797503e-04, 0., 7.72797503e-04,
       1.54559501e-03, 0., 1.54559501e-03, 7.72797503e-04,
       2.31839251e-03, 1.54559501e-03, 0., 7.72797503e-04, 0.,
       5.40958252e-03, 4.63678502e-03, 0., 7.72797503e-04,
       7.72797503e-04, 7.72797503e-04, 0., 0., 0., 7.72797503e-04, 0.,
       1.54559501e-03, 1.54559501e-03, 1.54559501e-03, 1.54559501e-03,
       9.27357003e-03, 0., 0., 1.54559501e-03, 7.72797503e-04,
       2.31839251e-03, 1.54559501e-03, 1.54559501e-03, 3.09119001e-03,
       4.63678502e-03, 7.72797503e-04, 7.72797503e-04, 7.72797503e-04,
       0., 0., 0., 1.54559501e-03, 1.54559501e-03, 1.54559501e-03,
       1.54559501e-03, 7.72797503e-04, 0., 0., 7.72797503e-04,
       8.50077253e-03, 0., 3.86398751e-03, 7.72797503e-04,
       7.72797503e-04, 1.54559501e-03, 0., 0., 7.72797503e-04,
       7.72797503e-04, 3.09119001e-03, 7.72797503e-04, 0.,
       7.72797503e-04, 2.31839251e-03, 0., 0., 2.31839251e-03,
       7.72797503e-04, 7.72797503e-04, 0., 2.31839251e-03,
       7.72797503e-04, 0., 0., 7.72797503e-04, 7.72797503e-04,
       7.72797503e-04, 3.09119001e-03, 7.72797503e-04, 0., 0.,
       3.09119001e-03, 0., 0., 7.72797503e-04, 0., 0., 7.72797503e-04,
       3.09119001e-03, 1.54559501e-03, 7.72797503e-04, 0.,
       7.72797503e-04, 0., 0., 7.72797503e-04, 1.54559501e-03, 0.,
       1.54559501e-03, 2.31839251e-03, 7.72797503e-04, 3.09119001e-03,
