%YAML:1.0
m10n: !!opencv-matrix
   rows: 1
   cols: 800
   dt: f
   data: [ 7.63941964e-04, 0., 1.52788393e-03, 7.63941964e-04,
       7.63941975e-03, 7.63941964e-04, 0., 0., 0., 7.63941975e-03, 0.,
       3.81970988e-03, 0., 0., 7.63941964e-04, 1.52788393e-03,
       2.29182583e-03, 0., 2.29182583e-03, 7.63941964e-04, 0.,
       7.63941964e-04, 1.52788393e-03, 7.63941964e-04, 1.52788393e-03,
       1.52788393e-03, 0., 0., 7.63941964e-04, 0., 0., 7.63941964e-04,
       0., 7.63941964e-04, 7.63941964e-04, 7.63941964e-04, 0.,
       5.34759369e-03, 7.63941964e-04, 0., 0., 1.52788393e-03, 0., 0.,
       0., 1.52788393e-03, 7.63941964e-04, 5.34759369e-03, 0.,
       7.63941964e-04, 7.63941964e-04, 1.52788393e-03, 3.05576785e-03,
       0., 2.29182583e-03, 0., 0., 1.52788393e-03, 5.34759369e-03,
       4.58365167e-03, 1.52788393e-03, 2.29182583e-03, 7.63941964e-04,
       2.29182583e-03, 0., 0., 4.58365167e-03, 1.06951874e-02,
       3.05576785e-03, 0., 0., 1.52788393e-03, 0., 0., 7.63941964e-04,
       0., 7.63941964e-04, 1.90985482e-02, 0., 0., 4.04889248e-02, 0.,
       7.63941964e-04, 3.05576785e-03, 7.63941964e-04, 0.,
       1.52788393e-03, 0., 0., 2.29182583e-03, 2.29182583e-03,
       7.63941964e-04, 7.63941964e-04, 1.52788393e-03, 5.34759369e-03,
       7.63941964e-04, 1.52788393e-03, 7.63941964e-04, 3.81970988e-03,
       0., 0., 2.29182583e-03, 4.58365167e-03, 0., 3.81970988e-03,
       2.29182583e-03, 0., 0., 1.52788393e-03, 7.63941964e-04,
       7.63941964e-04, 0., 5.34759369e-03, 0., 0., 0., 7.63941964e-04,
       1.52788393e-03, 0., 0., 0., 7.63941964e-04, 0., 7.63941964e-04,
       2.29182583e-03, 7.63941964e-04, 7.63941964e-04, 0., 0.,
       4.58365167e-03, 1.52788393e-03, 0., 0., 1.52788393e-03,
       7.63941964e-04, 3.81970988e-03, 1.52788393e-03, 2.29182583e-03,
       0., 3.81970988e-03, 0., 0., 0., 0., 3.05576785e-03, 0., 0.,
       3.81970988e-03, 0., 0., 0., 0., 7.63941964e-04, 0.,
       7.63941964e-04, 0., 0., 0., 0., 0., 0., 5.34759369e-03, 0.,
       1.52788393e-03, 0., 0., 0., 7.63941964e-04, 2.29182583e-03,
       3.05576785e-03, 7.63941964e-04, 1.52788393e-03, 7.63941964e-04,
       7.63941964e-04, 3.81970988e-03, 0., 0., 0., 0., 0.,
       7.63941964e-04, 0., 0., 7.63941964e-04, 0., 0., 1.52788393e-03,
       7.63941964e-04, 0., 1.52788393e-03, 0., 0., 0., 0.,
       7.63941964e-04, 2.29182583e-03, 1.52788393e-03, 7.63941964e-04,
       1.52788393e-03, 0., 7.63941964e-04, 0., 0., 7.63941964e-04,
       1.52788393e-03, 0., 7.63941964e-04, 1.52788393e-03, 0.,
       2.29182583e-03, 7.63941964e-04, 7.63941964e-04, 0., 0.,
       7.63941964e-04, 0., 0., 1.52788393e-03, 0., 7.63941964e-04,
       7.63941964e-04, 2.29182583e-03, 2.29182583e-03, 4.58365167e-03,
       3.05576785e-03, 7.63941964e-04, 1.14591299e-02, 0.,
       6.11153571e-03, 0., 0., 0., 0., 1.52788393e-03, 0.,
       7.63941964e-04, 0., 7.63941964e-04, 1.52788393e-03, 0., 0.,
       4.58365167e-03, 0., 0., 1.52788393e-03, 7.63941964e-04, 0.,
       7.63941964e-04, 7.63941964e-04, 7.63941964e-04, 0.,
       7.63941964e-04, 0., 3.05576785e-03, 2.29182583e-03, 0.,
       7.63941964e-04, 1.52788393e-03, 0., 0., 7.63941964e-04, 0.,
       7.63941975e-03, 7.63941964e-04, 0., 1.29870130e-02,
       2.29182583e-03, 2.29182583e-03, 5.34759369e-03, 0.,
       7.63941964e-04, 2.29182583e-03, 0., 1.52788393e-03,
       1.52788393e-03, 0., 0., 7.63941964e-04, 0., 0., 8.40336177e-03,
       7.63941964e-04, 7.63941964e-04, 0., 7.63941975e-03, 0.,
       7.63941964e-04, 7.63941964e-04, 0., 0., 0., 7.63941964e-04, 0.,
       0., 2.29182583e-03, 3.81970988e-03, 0., 0., 3.81970988e-03, 0.,
       0., 0., 0., 7.63941964e-04, 7.63941964e-04, 0., 0.,
       7.63941964e-04, 1.52788393e-03, 0., 9.16730333e-03,
       1.52788393e-03, 0., 0., 1.52788393e-03, 7.63941964e-04,
       7.63941964e-04, 7.63941964e-04, 1.52788393e-03, 0.,
       1.52788393e-03, 0., 2.29182583e-03, 7.63941964e-04,
       7.63941964e-04, 3.81970988e-03, 2.29182583e-03, 3.81970988e-03,
       1.52788393e-03, 6.11153571e-03, 2.29182583e-03, 1.52788393e-03,
       0., 3.05576785e-03, 0., 7.63941964e-04, 0., 7.63941964e-04,
       7.63941964e-04, 7.63941964e-04, 0., 0., 0., 7.63941964e-04, 0.,
       0., 0., 7.63941964e-04, 0., 0., 0., 7.63941964e-04,
       1.52788393e-03, 7.63941964e-04, 0., 0., 0., 0., 7.63941964e-04,
       7.63941975e-03, 0., 7.63941964e-04, 7.63941964e-04,
       7.63941964e-04, 7.63941964e-04, 1.52788393e-03, 0.,
       7.63941964e-04, 7.63941964e-04, 0., 7.63941964e-04,
       7.63941964e-04, 0., 1.52788393e-03, 0., 0., 7.63941964e-04, 0.,
       6.87547773e-03, 2.29182583e-03, 7.63941964e-04, 2.29182583e-03,
       0., 0., 3.81970988e-03, 7.63941964e-04, 0., 1.52788393e-03, 0.,
       7.63941964e-04, 7.63941964e-04, 0., 0., 1.52788393e-03,
       2.29182583e-03, 0., 0., 0., 1.14591299e-02, 0., 7.63941964e-04,
       1.52788393e-03, 0., 0., 0., 2.29182583e-03, 0., 3.81970988e-03,
       0., 0., 0., 0., 0., 0., 8.40336177e-03, 2.29182583e-03,
       7.63941964e-04, 7.63941964e-04, 7.63941964e-04, 0.,
       3.05576785e-03, 7.63941964e-04, 9.16730333e-03, 0.,
       7.63941964e-04, 7.63941964e-04, 0., 1.52788393e-03,
       7.63941964e-04, 0., 7.63941964e-04, 1.52788393e-03, 0.,
       1.52788393e-03, 0., 1.52788393e-03, 1.52788393e-03, 0.,
       1.52788393e-03, 0., 0., 0., 7.63941964e-04, 0., 0.,
       7.63941964e-04, 4.58365167e-03, 7.63941964e-04, 1.52788393e-03,
       7.63941964e-04, 3.05576785e-03, 7.63941964e-04, 2.29182583e-03,
       2.29182583e-03, 0., 1.52788393e-03, 7.63941964e-04,
       7.63941964e-04, 1.52788393e-03, 0., 7.63941964e-04,
       7.63941964e-04, 1.52788393e-03, 0., 7.63941964e-04,
       1.52788393e-03, 1.52788393e-03, 3.81970988e-03, 0., 0.,
       7.63941964e-04, 3.05576785e-03, 0., 7.63941964e-04, 0.,
       2.29182583e-03, 2.29182583e-03, 0., 8.40336177e-03,
       7.63941964e-04, 0., 0., 0., 0., 7.63941964e-04, 0.,
       7.63941964e-04, 0., 0., 1.52788393e-03, 7.63941964e-04, 0., 0.,
       0., 0., 0., 0., 7.63941964e-04, 9.93124582e-03, 3.81970988e-03,
       7.63941964e-04, 0., 0., 7.63941964e-04, 1.52788393e-03,
       7.63941964e-04, 0., 0., 0., 7.63941964e-04, 0., 1.52788393e-03,
       2.29182583e-03, 7.63941964e-04, 7.63941964e-04, 0.,
       1.52788393e-03, 0., 9.93124582e-03, 0., 0., 7.63941964e-04,
       6.11153571e-03, 0., 1.52788393e-03, 0., 0., 2.29182583e-03, 0.,
       2.29182583e-03, 0., 7.63941964e-04, 0., 0., 2.29182583e-03,
       7.63941964e-04, 1.52788393e-03, 1.52788393e-03, 0., 0., 0.,
       1.52788393e-03, 0., 1.52788393e-03, 1.52788393e-03,
       7.63941964e-04, 0., 7.63941964e-04, 7.63941964e-04,
       2.29182583e-03, 0., 0., 1.52788393e-03, 7.63941964e-04,
       5.34759369e-03, 7.63941964e-04, 7.63941964e-04, 0., 0., 0.,
       3.05576785e-03, 0., 1.52788393e-03, 7.63941964e-04,
       7.63941964e-04, 7.63941964e-04, 7.63941964e-04, 2.29182583e-03,
       1.52788393e-03, 1.52788393e-03, 0., 1.52788393e-03,
       7.63941964e-04, 0., 7.63941964e-04, 1.52788393e-03, 0.,
       1.52788393e-03, 0., 7.63941964e-04, 0., 0., 0., 2.29182583e-03,
       0., 0., 7.63941964e-04, 7.63941964e-04, 3.81970988e-03,
       2.29182583e-03, 0., 7.63941964e-04, 0., 4.58365167e-03,
       3.05576785e-03, 0., 3.05576785e-03, 1.29870130e-02, 0., 0., 0.,
       4.58365167e-03, 0., 6.87547773e-03, 1.52788393e-03,
       2.29182583e-03, 7.63941964e-04, 0., 7.63941964e-04,
       7.63941964e-04, 4.58365167e-03, 7.63941964e-04, 0., 0.,
       1.52788393e-03, 0., 1.52788393e-03, 0., 7.63941964e-04,
       7.63941964e-04, 0., 4.58365167e-03, 0., 7.63941964e-04, 0.,
       1.52788393e-03, 0., 0., 0., 0., 3.05576785e-03, 6.87547773e-03,
       0., 0., 0., 7.63941964e-04, 0., 0., 0., 0., 3.05576785e-03,
       2.29182583e-03, 5.34759369e-03, 0., 3.05576785e-03, 0.,
       7.63941964e-04, 0., 7.63941964e-04, 4.58365167e-03, 0.,
       2.52100844e-02, 7.63941964e-04, 7.63941964e-04, 0.,
       1.52788393e-03, 7.63941964e-04, 0., 7.63941964e-04,
