%YAML:1.0
m10n: !!opencv-matrix
   rows: 1
   cols: 800
   dt: f
   data: [ 7.72797503e-04, 3.86398751e-03, 3.09119001e-03, 0.,
       7.72797503e-04, 0., 0., 0., 0., 7.72797503e-04, 5.40958252e-03,
       0., 7.72797503e-04, 0., 7.72797503e-04, 7.72797503e-04, 0.,
       3.09119001e-03, 7.72797503e-04, 7.72797503e-04, 0.,
       3.86398751e-03, 7.72797503e-04, 0., 2.31839251e-03,
       1.54559501e-03, 0., 7.72797503e-04, 2.31839251e-03,
       7.72797503e-04, 3.86398751e-03, 0., 3.86398751e-03, 0.,
       7.72797503e-04, 7.72797503e-04, 0., 0., 5.40958252e-03,
       3.09119001e-03, 0., 7.72797503e-04, 0., 0., 5.40958252e-03,
       2.31839251e-03, 3.86398751e-03, 0., 1.54559501e-03, 0., 0., 0.,
       0., 7.72797503e-04, 0., 3.86398751e-03, 0., 7.72797503e-04,
       3.86398751e-03, 2.31839251e-03, 7.72797503e-04, 7.72797503e-04,
       0., 7.72797503e-04, 1.54559501e-03, 7.72797503e-04,
       7.72797503e-04, 0., 7.72797503e-04, 7.72797503e-04,
       1.54559501e-03, 1.54559501e-03, 7.72797503e-04, 7.72797503e-04,
       1.54559501e-03, 0., 3.09119001e-03, 7.72797503e-04,
       7.72797503e-04, 0., 7.72797503e-04, 0., 1.93199366e-02,
       3.86398751e-03, 0., 0., 0., 0., 0., 0., 7.72797503e-03,
       2.85935067e-02, 7.72797503e-04, 7.72797503e-04, 1.54559501e-03,
       3.09119001e-03, 0., 7.72797503e-04, 7.72797503e-04,
       1.54559501e-03, 7.72797503e-04, 7.72797503e-04, 7.72797503e-04,
       0., 0., 1.54559501e-03, 2.31839251e-03, 0., 0., 0., 0.,
       3.09119001e-03, 7.72797503e-04, 7.72797503e-04, 6.95517752e-03,
       0., 0., 7.72797503e-03, 3.09119001e-03, 7.72797503e-04,
       1.54559501e-03, 3.86398751e-03, 7.72797503e-04, 7.72797503e-04,
       0., 0., 0., 7.72797503e-04, 7.72797503e-04, 1.54559501e-03, 0.,
       0., 0., 1.54559501e-03, 7.72797503e-04, 1.23647600e-02, 0., 0.,
       0., 7.72797503e-04, 7.72797503e-04, 1.54559501e-03,
       1.54559501e-03, 0., 0., 0., 0., 0., 0., 1.54559501e-03, 0., 0.,
       7.72797503e-04, 3.09119001e-03, 0., 1.54559501e-03,
       1.54559501e-03, 7.72797503e-04, 7.72797503e-04, 7.72797503e-04,
       0., 3.09119001e-03, 1.54559501e-03, 1.54559501e-03,
       6.95517752e-03, 7.72797503e-04, 0., 4.63678502e-03,
       7.72797503e-03, 0., 0., 0., 7.72797503e-04, 1.54559501e-03,
       7.72797503e-04, 7.72797503e-04, 1.54559501e-03, 6.95517752e-03,
       6.18238002e-03, 4.63678502e-03, 5.40958252e-03, 0.,
       7.72797503e-04, 0., 7.72797503e-03, 0., 7.72797503e-04, 0., 0.,
       0., 0., 4.63678502e-03, 0., 7.72797503e-04, 7.72797503e-04,
       2.31839251e-03, 7.72797503e-04, 1.54559501e-03, 7.72797503e-04,
       7.72797503e-04, 1.54559501e-03, 7.72797503e-04, 0., 0.,
       1.54559501e-03, 5.40958252e-03, 0., 2.31839251e-03,
       3.09119001e-03, 1.54559501e-03, 1.54559501e-03, 7.72797503e-04,
       0., 1.54559501e-03, 0., 0., 0., 8.50077253e-03, 7.72797503e-04,
       3.86398751e-03, 0., 7.72797503e-04, 7.72797503e-04, 0.,
       7.72797503e-04, 0., 5.40958252e-03, 0., 0., 1.54559501e-03,
       3.86398751e-03, 3.09119001e-03, 2.31839251e-03, 3.09119001e-03,
       0., 0., 0., 7.72797503e-04, 7.72797503e-04, 0., 7.72797503e-04,
       7.72797503e-04, 5.40958252e-03, 0., 1.23647600e-02,
       1.54559501e-03, 6.95517752e-03, 0., 0., 7.72797503e-04,
       7.72797503e-04, 7.72797503e-04, 0., 0., 7.72797503e-04,
       7.72797503e-04, 7.72797503e-04, 3.86398751e-03, 0., 0., 0.,
       1.54559501e-03, 0., 7.72797503e-04, 7.72797503e-04,
       7.72797503e-04, 3.86398751e-03, 1.54559501e-03, 7.72797503e-04,
       1.54559501e-03, 0., 0., 0., 0., 0., 3.09119001e-03,
       1.54559501e-03, 7.72797503e-04, 0., 1.54559501e-03, 0.,
       7.72797503e-04, 0., 1.54559501e-03, 0., 0., 6.95517752e-03,
       7.72797503e-04, 0., 1.54559501e-03, 0., 7.72797503e-04, 0.,
       1.00463675e-02, 7.72797503e-04, 0., 7.72797503e-04,
       2.31839251e-03, 0., 0., 0., 0., 0., 7.72797503e-04,
       2.31839251e-03, 0., 0., 3.09119001e-03, 0., 7.72797503e-04, 0.,
       3.09119001e-03, 1.54559501e-03, 7.72797503e-04, 6.95517752e-03,
       3.86398751e-03, 0., 0., 3.09119001e-03, 7.72797503e-04,
       7.72797503e-04, 1.54559501e-03, 0., 1.54559501e-03, 0., 0.,
       7.72797503e-04, 0., 7.72797503e-04, 2.31839251e-03, 0.,
       3.86398751e-03, 0., 7.72797503e-04, 0., 0., 7.72797503e-04,
       5.40958252e-03, 1.54559501e-03, 7.72797503e-04, 7.72797503e-04,
       7.72797503e-04, 0., 0., 0., 7.72797503e-04, 1.54559501e-03, 0.,
       3.86398751e-03, 0., 7.72797503e-04, 1.54559501e-03,
       7.72797503e-04, 7.72797503e-04, 7.72797503e-04, 0.,
       7.72797503e-04, 1.54559501e-03, 0., 0., 7.72797503e-04, 0.,
       3.09119001e-03, 7.72797503e-04, 0., 0., 7.72797503e-04,
       1.54559501e-03, 1.54559501e-03, 0., 0., 0., 1.54559501e-03, 0.,
       0., 7.72797503e-04, 7.72797503e-04, 0., 0., 0., 0.,
       7.72797503e-04, 1.54559501e-03, 0., 7.72797503e-04, 0.,
       7.72797503e-04, 0., 2.31839251e-03, 7.72797503e-04,
       7.72797503e-04, 0., 1.54559501e-03, 1.54559501e-03,
       7.72797503e-04, 0., 2.31839251e-03, 7.72797503e-04, 0., 0., 0.,
       7.72797503e-04, 0., 7.72797503e-04, 2.31839251e-03, 0.,
       7.72797503e-04, 0., 0., 0., 2.31839251e-03, 3.09119001e-03, 0.,
       0., 3.09119001e-03, 0., 0., 1.54559501e-03, 1.54559501e-03, 0.,
       0., 7.72797503e-04, 0., 0., 0., 7.72797503e-04, 7.72797503e-04,
       2.31839251e-03, 7.72797503e-04, 0., 2.31839251e-03, 0.,
       7.72797503e-04, 2.31839251e-03, 1.54559501e-03, 0., 0.,
       3.86398751e-03, 0., 0., 2.31839251e-03, 1.39103550e-02,
       7.72797503e-04, 2.31839251e-03, 0., 0., 0., 1.54559501e-03, 0.,
       0., 1.54559501e-03, 0., 3.09119001e-03, 1.54559501e-03,
       1.54559501e-03, 7.72797503e-04, 0., 2.31839251e-03,
       1.54559501e-03, 1.54559501e-03, 7.72797503e-04, 2.31839251e-03,
       0., 7.72797503e-04, 0., 0., 0., 3.86398751e-03, 0.,
       7.72797503e-04, 0., 2.31839251e-03, 0., 1.54559501e-03,
       7.72797503e-04, 7.72797503e-04, 3.09119001e-03, 0., 0.,
       1.54559501e-03, 0., 2.31839251e-03, 0., 7.72797503e-04, 0., 0.,
       0., 7.72797503e-04, 0., 1.54559501e-03, 0., 0., 0., 0.,
       7.72797503e-04, 0., 0., 0., 7.72797503e-04, 0., 7.72797503e-04,
       0., 7.72797503e-04, 2.31839251e-03, 1.54559501e-03, 0.,
       7.72797503e-04, 7.72797503e-04, 0., 0., 0., 0., 0.,
       7.72797503e-04, 7.72797503e-04, 3.09119001e-03, 0.,
       7.72797503e-04, 2.31839251e-03, 0., 7.72797503e-04, 0.,
       3.09119001e-03, 7.72797503e-04, 7.72797503e-04, 0., 0., 0., 0.,
       7.72797503e-04, 0., 0., 7.72797503e-04, 7.72797503e-04, 0.,
       7.72797503e-04, 0., 0., 7.72797503e-04, 0., 0., 7.72797503e-04,
       7.72797503e-04, 7.72797503e-04, 0., 0., 1.54559501e-03,
       7.72797503e-04, 4.63678502e-03, 1.54559501e-03, 3.86398751e-03,
       0., 2.31839251e-03, 0., 0., 3.09119001e-03, 0., 7.72797503e-04,
       1.31375575e-02, 2.31839251e-03, 7.72797503e-04, 7.72797503e-04,
       0., 1.54559501e-03, 0., 0., 3.09119001e-03, 1.54559501e-03, 0.,
       1.54559501e-03, 1.54559501e-03, 1.54559501e-03, 0., 0., 0., 0.,
       0., 3.09119001e-03, 7.72797503e-04, 0., 2.31839251e-03, 0., 0.,
       3.09119001e-03, 0., 0., 0., 7.72797503e-04, 1.54559501e-03, 0.,
       1.54559501e-03, 7.72797503e-04, 4.63678502e-03, 1.54559501e-03,
       0., 0., 0., 0., 0., 0., 7.72797503e-04, 0., 0., 2.31839251e-03,
       0., 7.72797503e-04, 4.63678502e-03, 0., 7.72797503e-04,
       7.72797503e-04, 7.72797503e-04, 0., 0., 7.72797503e-04, 0., 0.,
       0., 7.72797503e-04, 0., 1.54559501e-03, 7.72797503e-04, 0., 0.,
       0., 0., 7.72797503e-04, 1.08191650e-02, 0., 1.54559501e-03, 0.,
       7.72797503e-04, 1.54559501e-03, 1.15919625e-02, 0.,
       1.54559501e-03, 0., 2.31839251e-03, 2.31839251e-03, 0., 0., 0.,
       0., 0., 1.54559501e-03, 4.63678502e-03, 0., 1.54559501e-03,
       1.54559501e-03, 0., 0., 2.31839251e-03, 0., 2.08655335e-02, 0.,
       0., 0., 0., 0., 0., 0., 0., 3.09119001e-03, 0., 0.,
