%YAML:1.0
m10n: !!opencv-matrix
   rows: 1
   cols: 800
   dt: f
   data: [ 0., 3.13152419e-03, 6.95894239e-04, 6.95894239e-04,
       1.04384136e-03, 1.39178848e-03, 3.47947120e-04, 3.47947120e-04,
       6.95894239e-04, 1.73973560e-03, 1.04384136e-03, 2.08768272e-03,
       1.39178848e-03, 1.04384136e-03, 2.08768272e-03, 1.04384136e-03,
       1.39178848e-03, 1.04384136e-03, 0., 1.04384136e-03,
       1.39178848e-03, 1.04384136e-03, 3.47947120e-04, 6.95894239e-04,
       2.54001394e-02, 1.73973560e-03, 6.95894239e-04, 1.73973560e-03,
       1.04384136e-03, 0., 2.43562972e-03, 3.13152419e-03,
       2.08768272e-03, 3.47947120e-04, 1.39178848e-03, 6.95894239e-04,
       1.04384136e-03, 1.39178848e-03, 6.95894239e-04, 1.04384136e-03,
       1.39178848e-03, 3.82741820e-03, 0., 4.52331267e-03,
       2.43562972e-03, 6.95894239e-04, 6.95894239e-04, 3.47947120e-03,
       2.43562972e-03, 1.73973560e-03, 3.47947120e-04, 3.47947120e-04,
       6.95894239e-04, 1.73973560e-03, 6.95894239e-04, 6.95894239e-04,
       5.56715392e-03, 3.47947120e-04, 3.47947120e-04, 2.08768272e-03,
       3.47947120e-04, 2.08768272e-03, 4.17536544e-03, 2.43562972e-03,
       2.08768272e-03, 1.04384136e-03, 3.47947120e-04, 1.04384136e-03,
       3.47947120e-04, 3.13152419e-03, 1.73973560e-03, 1.04384136e-03,
       6.95894239e-04, 1.39178848e-03, 1.73973560e-03, 2.78357696e-03,
       1.39178848e-03, 1.04384136e-03, 3.47947120e-04, 1.39178848e-03,
       1.39178848e-03, 6.95894239e-04, 3.47947120e-04, 1.04384136e-03,
       0., 3.13152419e-03, 3.47947120e-04, 5.91510115e-03,
       1.39178848e-03, 2.43562972e-03, 6.95894239e-04, 3.47947120e-04,
       6.95894239e-04, 1.39178848e-03, 1.39178848e-03, 1.04384136e-03,
       0., 6.95894239e-04, 6.95894239e-04, 2.08768272e-03,
       1.39178848e-03, 1.39178848e-03, 3.13152419e-03, 6.95894239e-04,
       1.39178848e-03, 1.04384136e-03, 3.47947120e-04, 1.04384136e-03,
       1.04384136e-03, 1.04384136e-03, 1.73973560e-03, 1.39178848e-03,
       1.04384136e-03, 6.95894239e-04, 3.47947120e-04, 1.39178848e-03,
       3.47947120e-04, 6.95894239e-04, 1.39178848e-03, 6.95894239e-04,
       3.47947120e-04, 3.47947120e-04, 3.47947120e-04, 2.43562972e-03,
       6.95894239e-04, 6.95894239e-04, 6.95894239e-04, 0.,
       3.47947120e-04, 6.95894239e-04, 2.43562972e-03, 1.04384136e-03,
       4.17536544e-03, 3.47947120e-04, 1.73973560e-03, 8.35073087e-03,
       1.73973560e-03, 0., 1.04384136e-03, 1.04384136e-03,
       3.47947120e-04, 2.08768272e-03, 1.39178848e-03, 1.04384136e-03,
       6.95894239e-04, 2.08768272e-03, 3.47947120e-04, 1.04384136e-03,
       2.78357696e-03, 1.04384136e-03, 3.47947120e-04, 2.78357696e-03,
       3.47947120e-04, 1.39178848e-03, 6.95894239e-04, 0.,
       1.73973560e-03, 0., 3.47947120e-04, 3.47947120e-04,
       3.47947120e-04, 3.47947120e-04, 6.95894239e-04, 3.47947120e-04,
       3.47947120e-04, 6.95894239e-04, 6.95894239e-04, 1.04384136e-03,
       6.95894239e-04, 3.47947120e-04, 6.95894239e-04, 1.04384136e-03,
       6.95894239e-04, 1.04384136e-03, 3.13152419e-03, 1.39178848e-03,
       1.04384136e-03, 1.46137793e-02, 6.95894239e-04, 2.43562972e-03,
       1.39178848e-03, 1.04384136e-03, 1.39178848e-03, 1.04384136e-03,
       0., 3.47947120e-04, 6.95894239e-04, 0., 1.04384136e-03,
       3.13152419e-03, 2.78357696e-03, 2.08768272e-03, 5.21920668e-03,
       3.47947120e-04, 3.47947120e-04, 1.04384136e-03, 3.47947120e-04,
       3.47947120e-04, 1.39178848e-03, 1.04384136e-03, 2.43562972e-03,
       1.73973560e-03, 1.73973560e-03, 1.18302023e-02, 2.43562972e-03,
       1.73973560e-03, 1.39178848e-03, 0., 1.04384136e-03,
       1.04384136e-03, 3.47947120e-04, 3.47947120e-04, 1.73973560e-03,
       6.95894239e-04, 2.78357696e-03, 1.04384136e-03, 3.47947120e-04,
       1.04384136e-03, 3.47947120e-04, 1.39178848e-03, 3.47947120e-04,
       1.04384136e-03, 6.95894239e-04, 6.95894239e-04, 0.,
       3.47947120e-04, 1.73973560e-03, 1.39178848e-03, 6.95894239e-04,
       1.04384136e-03, 6.95894239e-04, 1.39178848e-03, 6.95894239e-04,
       1.39178848e-03, 1.04384136e-03, 0., 2.43562972e-03,
       1.04384136e-03, 3.47947120e-04, 3.47947120e-04, 1.39178848e-03,
       3.47947120e-04, 1.39178848e-03, 8.69867764e-03, 3.47947120e-04,
       1.04384136e-03, 1.73973560e-03, 2.08768272e-03, 3.47947120e-04,
       3.47947120e-04, 3.47947120e-04, 1.39178848e-03, 6.95894239e-04,
       3.47947120e-04, 3.47947120e-04, 1.04384136e-03, 3.47947120e-04,
       3.47947120e-04, 6.95894239e-04, 6.95894239e-04, 1.39178848e-03,
       0., 0., 3.47947120e-04, 1.04384136e-03, 3.47947120e-03,
       2.78357696e-03, 3.47947120e-03, 1.39178848e-03, 6.95894239e-04,
       2.43562972e-03, 3.47947120e-04, 1.04384136e-03, 1.39178848e-03,
       6.95894239e-04, 1.73973560e-03, 1.73973560e-03, 1.73973560e-03,
       2.08768272e-03, 0., 2.08768272e-03, 3.47947120e-03,
       3.47947120e-04, 1.73973560e-03, 3.47947120e-04, 1.73973560e-03,
       1.39178848e-03, 0., 1.73973560e-03, 1.04384136e-03,
       1.73973560e-03, 1.04384136e-03, 1.04384136e-03, 0.,
       4.52331267e-03, 6.95894239e-04, 6.95894239e-04, 0.,
       3.47947120e-04, 3.47947120e-04, 6.95894239e-04, 0.,
       1.73973560e-03, 3.47947120e-04, 1.04384136e-03, 3.47947120e-04,
       6.95894239e-04, 0., 3.47947120e-04, 3.47947120e-03,
       3.47947120e-04, 6.95894239e-04, 3.47947120e-04, 2.43562972e-03,
       3.13152419e-03, 0., 0., 6.95894239e-04, 6.95894239e-04,
       1.73973560e-03, 3.47947120e-04, 6.95894239e-04, 1.04384136e-03,
       3.47947120e-04, 0., 3.47947120e-04, 6.95894239e-04,
       3.13152419e-03, 6.95894239e-04, 2.43562972e-03, 1.39178848e-03,
       6.95894239e-04, 3.47947120e-03, 9.39457212e-03, 1.73973560e-03,
       2.43562972e-03, 0., 6.95894239e-04, 1.04384136e-03, 0.,
       1.39178848e-03, 6.95894239e-04, 3.47947120e-04, 1.04384136e-03,
       6.95894239e-04, 3.47947120e-04, 0., 6.95894239e-04,
       1.04384136e-03, 0., 3.47947120e-04, 0., 6.95894239e-04,
       3.47947120e-04, 3.13152419e-03, 1.39178848e-03, 3.47947120e-04,
       6.95894239e-04, 3.47947120e-04, 5.56715392e-03, 6.95894239e-04,
       1.04384136e-03, 1.73973560e-03, 1.04384136e-03, 0.,
       1.04384136e-03, 3.47947120e-04, 3.47947120e-04, 6.95894239e-03,
       6.95894239e-04, 2.43562972e-03, 1.04384136e-03, 3.47947120e-04,
       1.04384136e-03, 1.04384136e-03, 0., 3.47947120e-04, 0.,
       1.73973560e-03, 0., 3.47947120e-03, 1.73973560e-03,
       3.47947120e-04, 1.73973560e-03, 1.39178848e-03, 3.47947120e-04,
       6.95894239e-04, 3.47947120e-04, 1.39178848e-03, 2.78357696e-03,
       6.26304839e-03, 4.52331267e-03, 0., 1.73973560e-03,
       1.04384136e-03, 1.04384136e-03, 2.43562972e-03, 3.47947120e-04,
       6.95894239e-04, 1.04384136e-03, 6.95894239e-04, 6.95894239e-04,
       1.04384136e-03, 6.95894239e-04, 0., 1.04384136e-03,
       6.95894239e-04, 6.95894239e-04, 3.47947120e-04, 0.,
       6.95894239e-04, 1.73973560e-03, 1.04384136e-03, 0.,
       3.47947120e-04, 4.87125944e-03, 2.43562972e-03, 1.73973560e-03,
       1.73973560e-03, 6.95894239e-04, 2.08768272e-03, 3.47947120e-04,
       1.04384136e-03, 3.13152419e-03, 1.04384136e-03, 1.04384136e-03,
       3.47947120e-04, 0., 2.43562972e-03, 2.43562972e-03,
       6.95894239e-04, 6.95894239e-04, 1.73973560e-03, 6.95894239e-04,
       2.43562972e-03, 0., 3.47947120e-04, 3.47947120e-04,
       3.47947120e-04, 1.04384136e-03, 6.95894239e-04, 1.73973560e-03,
       3.47947120e-04, 1.04384136e-03, 1.04384136e-03, 1.04384136e-03,
       1.04384136e-03, 0., 3.47947120e-04, 1.39178848e-03,
       2.08768272e-03, 2.43562972e-03, 1.73973560e-03, 1.04384136e-03,
       2.43562972e-03, 1.39178848e-03, 6.95894239e-04, 1.04384136e-03,
       1.39178848e-03, 1.39178848e-03, 6.95894239e-04, 3.47947120e-04,
       1.04384136e-03, 6.95894239e-04, 0., 1.04384136e-03,
       1.04384136e-03, 3.47947120e-04, 3.47947120e-04, 2.78357696e-03,
       2.78357696e-03, 0., 3.47947120e-04, 6.95894239e-04,
