%YAML:1.0
m10n: !!opencv-matrix
   rows: 1
   cols: 800
   dt: f
   data: [ 1.53315451e-03, 4.98275226e-03, 1.14986592e-03,
       3.44959763e-03, 3.83288629e-04, 3.83288629e-04, 7.66577257e-04,
       3.83288629e-04, 3.83288629e-04, 1.14986592e-03, 1.14986592e-03,
       1.53315451e-03, 1.53315451e-03, 0., 1.14986592e-03,
       1.14986592e-03, 0., 0., 0., 7.66577257e-04, 1.91644311e-03,
       3.83288629e-04, 7.66577257e-04, 1.53315451e-03, 3.83288623e-03,
       3.83288629e-04, 0., 7.66577257e-04, 7.66577257e-04, 0.,
       2.68302043e-03, 1.53315451e-03, 7.66577257e-04, 7.66577257e-04,
       1.91644311e-03, 0., 2.29973183e-03, 1.14986592e-03,
       3.83288629e-04, 1.14986592e-03, 1.14986592e-03, 3.83288623e-03,
       3.83288629e-04, 3.06630903e-03, 1.91644311e-03, 7.66577257e-04,
       1.14986592e-03, 1.91644311e-03, 1.14986592e-03, 1.91644311e-03,
       1.14986592e-03, 3.83288629e-04, 1.53315451e-03, 1.91644311e-03,
       1.53315451e-03, 0., 5.74932946e-03, 3.83288629e-04,
       7.66577257e-04, 1.14986592e-03, 7.66577257e-04, 2.29973183e-03,
       8.81563872e-03, 7.66577257e-04, 3.83288629e-04, 7.66577257e-04,
       1.14986592e-03, 7.66577257e-04, 3.83288629e-04, 1.91644311e-03,
       2.29973183e-03, 2.29973183e-03, 3.83288629e-04, 1.53315451e-03,
       1.91644311e-03, 1.14986592e-03, 3.44959763e-03, 1.14986592e-03,
       3.83288629e-04, 3.83288629e-04, 1.14986592e-03, 3.83288629e-04,
       7.66577257e-04, 1.53315451e-03, 1.53315451e-03, 7.66577257e-04,
       1.53315451e-03, 4.98275226e-03, 0., 4.59946366e-03,
       3.44959763e-03, 1.53315451e-03, 0., 7.66577257e-04, 0.,
       1.14986592e-03, 1.14986592e-03, 3.83288629e-04, 1.14986592e-03,
       1.14986592e-03, 3.83288629e-04, 3.83288629e-04, 1.14986592e-03,
       1.14986592e-03, 1.91644311e-03, 7.66577257e-04, 1.14986592e-03,
       1.53315451e-03, 0., 0., 1.53315451e-03, 1.14986592e-03,
       3.83288629e-04, 7.66577257e-04, 7.66577257e-04, 3.83288629e-04,
       0., 0., 1.91644311e-03, 2.29973183e-03, 0., 0., 2.29973183e-03,
       7.66577257e-04, 7.66577257e-04, 0., 7.66577257e-04,
       3.83288629e-04, 0., 3.83288629e-04, 7.66577257e-04,
       7.66577257e-04, 2.68302043e-03, 3.83288629e-04, 7.66577257e-04,
       1.34151019e-02, 1.91644311e-03, 0., 2.29973183e-03,
       7.66577257e-04, 1.14986592e-03, 2.29973183e-03, 0.,
       1.14986592e-03, 3.83288629e-04, 1.53315451e-03, 1.14986592e-03,
       0., 1.53315451e-03, 1.14986592e-03, 1.53315451e-03,
       7.66577257e-04, 7.66577257e-04, 3.44959763e-03, 3.83288629e-04,
       1.14986592e-03, 4.98275226e-03, 1.14986592e-03, 7.66577257e-04,
       1.14986592e-03, 3.83288629e-04, 0., 3.83288629e-04,
       1.53315451e-03, 1.14986592e-03, 3.83288629e-04, 1.53315451e-03,
       1.53315451e-03, 0., 3.83288629e-04, 3.83288629e-04,
       3.83288629e-04, 1.14986592e-03, 3.83288629e-04, 4.59946366e-03,
       3.83288629e-04, 7.66577257e-04, 1.68647002e-02, 7.66577257e-04,
       7.66577257e-04, 3.83288623e-03, 1.53315451e-03, 2.68302043e-03,
       0., 3.83288629e-04, 0., 7.66577257e-04, 7.66577257e-04,
       3.83288629e-04, 1.14986592e-03, 7.66577257e-04, 4.21617506e-03,
       2.68302043e-03, 3.83288629e-04, 7.66577257e-04, 3.83288629e-04,
       7.66577257e-04, 3.83288629e-04, 2.29973183e-03, 1.14986592e-03,
       1.53315451e-03, 1.53315451e-03, 7.66577257e-04, 9.58221592e-03,
       1.91644311e-03, 3.44959763e-03, 1.91644311e-03, 7.66577257e-04,
       7.66577257e-04, 3.83288629e-04, 1.91644311e-03, 3.83288629e-04,
       3.44959763e-03, 7.66577257e-04, 2.68302043e-03, 1.53315451e-03,
       3.83288629e-04, 1.14986592e-03, 3.83288629e-04, 2.29973183e-03,
       3.83288629e-04, 1.53315451e-03, 1.53315451e-03, 7.66577257e-04,
       3.83288629e-04, 7.66577257e-04, 1.53315451e-03, 3.83288629e-04,
       1.53315451e-03, 7.66577257e-04, 0., 0., 3.83288629e-04,
       2.29973183e-03, 1.53315451e-03, 7.66577257e-04, 1.91644311e-03,
       3.83288629e-04, 1.53315451e-03, 7.66577257e-04, 1.14986592e-03,
       3.83288629e-04, 3.83288629e-04, 7.66577246e-03, 7.66577257e-04,
       1.14986592e-03, 4.21617506e-03, 1.91644311e-03, 7.66577257e-04,
       1.53315451e-03, 1.91644311e-03, 7.66577257e-04, 1.14986592e-03,
       1.14986592e-03, 3.83288629e-04, 7.66577257e-04, 3.83288629e-04,
       1.53315451e-03, 7.66577257e-04, 3.83288629e-04, 2.29973183e-03,
       0., 1.53315451e-03, 7.66577257e-04, 0., 7.66577257e-04, 0.,
       3.83288629e-04, 1.14986592e-03, 7.66577257e-04, 1.14986592e-03,
       1.53315451e-03, 7.66577257e-04, 1.14986592e-03, 1.14986592e-03,
       1.91644311e-03, 1.14986592e-03, 3.83288623e-03, 0.,
       1.14986592e-03, 1.14986592e-03, 3.83288629e-04, 1.14986592e-03,
       3.83288629e-04, 7.66577257e-04, 1.14986592e-03, 1.14986592e-03,
       3.83288629e-04, 1.91644311e-03, 3.83288629e-04, 0., 0.,
       1.14986592e-03, 3.83288629e-04, 2.29973183e-03, 3.83288629e-04,
       3.83288629e-04, 1.53315451e-03, 7.66577257e-04, 1.91644311e-03,
       3.83288629e-04, 0., 1.53315451e-03, 0., 1.91644311e-03,
       7.66577257e-04, 3.83288629e-04, 3.83288629e-04, 3.83288629e-04,
       1.91644311e-03, 3.83288629e-04, 1.14986592e-03, 3.83288629e-04,
       1.91644311e-03, 1.53315451e-03, 1.14986592e-03, 3.83288629e-04,
       1.14986592e-03, 1.53315451e-03, 1.14986592e-03, 3.83288629e-04,
       1.91644311e-03, 1.14986592e-03, 1.14986592e-03, 0.,
       1.91644311e-03, 7.66577257e-04, 1.91644311e-03, 7.66577257e-04,
       1.91644311e-03, 3.83288629e-04, 3.83288629e-04, 3.83288623e-03,
       2.29973183e-03, 0., 2.68302043e-03, 3.83288629e-04,
       3.83288629e-04, 1.14986592e-03, 3.83288629e-04, 7.66577257e-04,
       0., 0., 1.14986592e-03, 3.83288629e-04, 7.66577257e-04,
       7.66577257e-04, 1.14986592e-03, 7.66577257e-04, 1.53315451e-03,
       3.83288629e-04, 7.66577257e-04, 3.83288629e-04, 0.,
       3.44959763e-03, 0., 3.83288629e-04, 1.14986592e-03,
       3.83288629e-04, 4.59946366e-03, 1.14986592e-03, 3.83288629e-04,
       3.06630903e-03, 1.14986592e-03, 7.66577257e-04, 3.83288629e-04,
       3.83288629e-04, 7.66577257e-04, 1.26485247e-02, 1.53315451e-03,
       3.83288629e-04, 3.83288629e-04, 3.83288629e-04, 0.,
       2.29973183e-03, 3.83288629e-04, 2.68302043e-03, 0.,
       3.83288623e-03, 3.83288629e-04, 1.91644311e-03, 7.66577257e-04,
       1.14986592e-03, 7.66577257e-04, 3.83288629e-04, 7.66577257e-04,
       3.83288629e-04, 1.53315451e-03, 2.68302043e-03, 1.14986592e-03,
       7.28248386e-03, 8.43235012e-03, 7.66577257e-04, 6.13261806e-03,
       1.14986592e-03, 3.83288629e-04, 1.07320817e-02, 1.14986592e-03,
       1.53315451e-03, 3.06630903e-03, 1.14986592e-03, 3.83288629e-04,
       1.14986592e-03, 3.83288629e-04, 7.66577257e-04, 1.14986592e-03,
       3.83288623e-03, 3.83288629e-04, 3.83288629e-04, 3.83288629e-04,
       1.53315451e-03, 1.53315451e-03, 0., 3.83288629e-04,
       7.66577257e-04, 3.44959763e-03, 2.29973183e-03, 0.,
       1.14986592e-03, 3.83288629e-04, 1.14986592e-03, 0.,
       1.14986592e-03, 7.66577257e-04, 1.14986592e-03, 7.66577257e-04,
       0., 7.66577257e-04, 1.53315451e-03, 3.83288629e-04,
       3.83288629e-04, 1.53315451e-03, 1.91644311e-03, 7.66577257e-04,
       0., 0., 7.66577257e-04, 0., 7.66577257e-04, 3.83288629e-04,
       3.83288629e-04, 7.66577257e-04, 3.83288629e-04, 7.66577257e-04,
       1.14986592e-03, 7.66577257e-04, 1.53315451e-03, 7.66577257e-04,
       1.91644311e-03, 1.91644311e-03, 2.68302043e-03, 3.44959763e-03,
       1.53315451e-03, 2.29973183e-03, 7.66577257e-04, 1.91644311e-03,
       0., 1.53315451e-03, 0., 1.53315451e-03, 1.14986592e-03,
       7.66577257e-04, 7.66577257e-04, 0., 0., 3.83288629e-04,
       3.83288629e-04, 1.91644311e-03, 2.29973183e-03, 3.83288629e-04,
       3.44959763e-03, 3.83288629e-04, 0., 7.66577257e-04, 0.,
       3.83288629e-04, 0., 1.14986592e-03, 7.28248386e-03,
       7.66577257e-04, 3.83288629e-04, 3.83288629e-04, 0.,
       1.53315451e-03, 7.66577257e-04, 1.91644311e-03, 2.29973183e-03,
