%YAML:1.0
m10n: !!opencv-matrix
   rows: 1
   cols: 800
   dt: f
   data: [ 4.23190853e-04, 2.11595418e-03, 8.46381707e-04, 0.,
       1.69276341e-03, 4.23190853e-04, 8.46381707e-04, 0.,
       4.23190853e-04, 4.23190836e-03, 4.23190853e-04, 8.46381707e-04,
       1.26957253e-03, 8.46381707e-04, 1.69276341e-03, 8.46381707e-04,
       8.46381707e-04, 2.11595418e-03, 4.23190853e-04, 4.23190853e-04,
       6.77105365e-03, 1.69276341e-03, 8.46381707e-04, 8.46381707e-04,
       5.92467189e-03, 4.23190853e-04, 4.23190853e-04, 2.11595418e-03,
       5.50148124e-03, 2.53914506e-03, 4.23190853e-04, 1.69276341e-03,
       8.46381707e-04, 1.26957253e-03, 0., 5.07829012e-03,
       1.26957253e-03, 8.46381707e-04, 2.11595418e-03, 0.,
       2.96233594e-03, 1.69276341e-03, 2.96233594e-03, 1.26957253e-03,
       8.46381707e-04, 1.69276341e-03, 0., 0., 4.23190853e-04,
       4.23190853e-04, 4.23190853e-04, 8.46381707e-04, 8.46381707e-04,
       4.23190853e-04, 3.80871771e-03, 0., 4.23190853e-04,
       1.26957253e-03, 3.80871771e-03, 4.23190853e-04, 0.,
       1.69276341e-03, 4.23190853e-04, 2.53914506e-03, 1.69276341e-03,
       1.26957253e-03, 8.46381707e-04, 2.11595418e-03, 0., 0.,
       4.23190853e-04, 4.23190853e-04, 8.46381707e-04, 4.23190853e-04,
       1.69276341e-03, 4.23190853e-04, 8.46381707e-04, 0.,
       1.26957253e-03, 1.69276341e-03, 0., 4.23190853e-04,
       8.46381707e-04, 2.11595418e-03, 2.11595418e-03, 4.23190836e-03,
       8.46381707e-04, 2.96233594e-03, 8.46381707e-04, 8.46381707e-04,
       1.69276341e-03, 0., 8.46381707e-04, 0., 0., 0., 2.11595418e-03,
       8.46381707e-04, 4.23190853e-04, 4.23190853e-04, 8.46381707e-04,
       8.46381707e-04, 4.23190853e-04, 3.38552683e-03, 4.23190853e-04,
       1.69276341e-03, 1.69276341e-03, 0., 1.26957253e-03,
       4.23190853e-04, 2.11595418e-03, 1.69276341e-03, 2.53914506e-03,
       8.46381707e-04, 4.23190836e-03, 4.23190853e-04, 2.53914506e-03,
       1.26957253e-03, 0., 0., 4.23190853e-04, 4.23190853e-04,
       5.07829012e-03, 4.65509947e-03, 0., 0., 1.26957253e-03,
       1.26957253e-03, 4.23190853e-04, 1.26957253e-03, 0.,
       2.96233594e-03, 4.23190836e-03, 2.11595418e-03, 8.46381707e-04,
       4.23190853e-04, 4.23190853e-04, 0., 8.46381707e-04,
       3.38552683e-03, 8.46381707e-04, 2.96233594e-03, 1.69276341e-03,
       2.96233594e-03, 0., 8.46381707e-04, 2.53914506e-03,
       1.26957253e-03, 4.23190853e-04, 4.23190853e-04, 3.38552683e-03,
       0., 0., 1.26957253e-03, 4.23190853e-04, 0., 0., 1.26957253e-03,
       1.69276341e-03, 1.26957253e-03, 0., 4.23190853e-04,
       8.46381707e-04, 4.23190853e-04, 0., 0., 3.38552683e-03,
       2.53914506e-03, 1.26957253e-03, 2.11595418e-03, 4.23190853e-04,
       1.52348708e-02, 1.26957253e-03, 8.46381707e-04, 0.,
       4.23190853e-04, 4.23190853e-04, 6.77105365e-03, 1.26957253e-03,
       4.23190853e-04, 2.53914506e-03, 5.50148124e-03, 0.,
       8.46381707e-04, 8.46381707e-04, 1.69276341e-03, 4.65509947e-03,
       1.69276341e-03, 0., 4.23190853e-04, 1.26957253e-03,
       1.26957253e-03, 8.46381707e-04, 0., 1.26957253e-03,
       8.46381707e-04, 8.46381707e-04, 1.69276341e-03, 1.26957253e-03,
       4.23190853e-04, 2.11595418e-03, 8.46381707e-04, 0.,
       1.69276341e-03, 0., 0., 5.50148124e-03, 6.77105365e-03,
       4.23190853e-04, 8.46381707e-04, 2.11595418e-03, 4.23190853e-04,
       0., 2.96233594e-03, 0., 2.96233594e-03, 2.53914506e-03, 0.,
       1.26957253e-03, 1.26957253e-03, 2.96233594e-03, 4.65509947e-03,
       1.26957253e-03, 8.46381707e-04, 4.23190853e-04, 4.23190853e-04,
       2.53914506e-03, 1.26957253e-03, 4.23190853e-04, 4.23190836e-03,
       4.23190853e-04, 1.26957253e-03, 0., 3.38552683e-03,
       2.53914506e-03, 4.23190853e-04, 8.46381707e-04, 1.69276341e-03,
       8.46381707e-04, 3.80871771e-03, 4.23190853e-04, 8.04062653e-03,
       8.46381707e-04, 4.23190853e-04, 2.53914506e-03, 1.69276341e-03,
       2.11595418e-03, 8.46381707e-04, 4.23190853e-04, 1.26957253e-03,
       5.50148124e-03, 4.23190853e-04, 0., 1.26957253e-03,
       4.23190853e-04, 4.23190853e-04, 1.69276341e-03, 8.04062653e-03,
       8.46381707e-04, 1.26957253e-03, 0., 4.23190853e-04,
       8.46381707e-04, 8.46381707e-04, 8.46381707e-04, 1.26957253e-03,
       0., 5.92467189e-03, 4.23190853e-04, 8.46381707e-04,
       2.53914506e-03, 1.26957253e-03, 4.23190853e-04, 4.23190853e-04,
       1.26957253e-03, 4.23190853e-04, 0., 8.46381707e-04,
       1.26957253e-03, 4.23190853e-04, 1.26957253e-03, 5.50148124e-03,
       4.23190853e-04, 4.23190853e-04, 1.26957253e-03, 2.96233594e-03,
       3.80871771e-03, 2.96233594e-03, 0., 3.80871771e-03,
       4.23190853e-04, 1.69276341e-03, 0., 2.53914506e-03,
       1.26957253e-03, 1.26957253e-03, 5.07829012e-03, 2.11595418e-03,
       4.23190853e-04, 1.26957253e-03, 1.26957253e-03, 4.23190836e-03,
       2.53914506e-03, 3.38552683e-03, 4.23190853e-04, 8.46381707e-04,
       1.69276341e-03, 0., 1.69276341e-03, 0., 1.69276341e-03,
       1.69276341e-03, 8.46381707e-04, 4.23190853e-04, 4.23190836e-03,
       7.19424430e-03, 1.26957253e-03, 4.23190853e-04, 4.23190853e-04,
       1.69276341e-03, 4.23190853e-04, 8.46381707e-04, 8.46381707e-04,
       0., 0., 1.69276341e-03, 8.46381707e-04, 4.23190853e-04,
       4.23190853e-04, 1.26957253e-03, 1.69276341e-03, 0.,
       4.23190853e-04, 2.11595418e-03, 8.46381707e-04, 4.23190853e-04,
       2.96233594e-03, 4.23190853e-04, 8.46381707e-04, 1.69276341e-03,
       8.46381707e-04, 4.23190853e-04, 8.46381707e-04, 8.46381707e-04,
       2.53914506e-03, 8.46381707e-04, 3.38552683e-03, 4.23190853e-04,
       2.53914506e-03, 0., 0., 4.23190853e-04, 8.46381707e-04,
       2.11595418e-03, 0., 0., 8.46381707e-04, 0., 2.53914506e-03,
       1.26957253e-03, 0., 4.23190853e-04, 3.38552683e-03, 0.,
       2.96233594e-03, 2.96233594e-03, 1.26957253e-03, 2.96233594e-03,
       0., 4.23190853e-04, 1.69276341e-03, 1.69276341e-03,
       4.23190853e-04, 2.53914506e-03, 1.26957253e-03, 0.,
       1.69276341e-03, 4.23190853e-04, 8.46381707e-04, 4.23190853e-04,
       4.65509947e-03, 4.23190853e-04, 1.26957253e-03, 1.26957253e-03,
       0., 8.46381707e-04, 0., 8.46381707e-04, 4.23190853e-04,
       4.23190853e-04, 2.96233594e-03, 0., 0., 4.23190853e-04,
       8.46381707e-04, 4.23190853e-04, 1.26957253e-03, 4.23190853e-04,
       2.11595418e-03, 4.23190853e-04, 1.26957253e-03, 8.46381707e-04,
       4.23190853e-04, 0., 1.26957253e-03, 0., 0., 8.46381707e-04,
       1.69276341e-03, 8.46381707e-04, 8.46381707e-04, 3.80871771e-03,
       8.46381707e-04, 4.23190853e-04, 0., 8.46381707e-04, 0.,
       4.23190853e-04, 3.80871771e-03, 4.23190853e-04, 1.26957253e-03,
       0., 4.23190853e-04, 4.23190853e-04, 2.11595418e-03,
       1.69276341e-03, 8.46381707e-04, 8.46381707e-04, 4.23190853e-04,
       2.96233594e-03, 1.26957253e-03, 1.69276341e-03, 8.46381707e-04,
       4.23190853e-04, 8.46381707e-04, 1.69276341e-03, 8.46381707e-04,
       0., 1.26957253e-03, 1.26957253e-03, 4.23190853e-04,
       8.46381707e-04, 4.23190853e-04, 1.26957253e-03, 4.23190853e-04,
       1.69276341e-03, 0., 4.23190853e-04, 1.26957253e-03,
       1.26957253e-03, 4.23190853e-04, 4.23190853e-04, 8.46381707e-04,
       1.26957253e-03, 0., 4.23190853e-04, 2.53914506e-03,
       1.26957253e-03, 8.46381707e-04, 1.26957253e-03, 4.23190853e-04,
       1.69276341e-03, 3.80871771e-03, 4.65509947e-03, 8.46381707e-04,
       8.46381707e-04, 1.26957253e-03, 8.46381707e-04, 1.26957253e-03,
       2.96233594e-03, 2.11595418e-03, 5.50148124e-03, 1.26957253e-03,
       1.26957253e-03, 4.23190853e-04, 4.23190853e-04, 4.23190853e-04,
       0., 1.69276341e-03, 4.23190853e-04, 2.53914506e-03,
       4.23190853e-04, 1.26957253e-03, 8.46381707e-04, 4.23190853e-04,
       4.23190853e-04, 4.23190853e-04, 1.26957253e-03, 8.46381707e-04,
       8.46381707e-04, 1.26957253e-03, 4.23190853e-04, 4.23190853e-04,
       8.46381707e-04, 0., 1.69276341e-03, 1.26957253e-03,
       2.53914506e-03, 2.96233594e-03, 0., 2.96233594e-03, 0.,
