%YAML:1.0
m10n: !!opencv-matrix
   rows: 1
   cols: 800
   dt: f
   data: [ 6.67111424e-04, 1.00066718e-02, 0., 0., 1.33422285e-03, 0.,
       0., 2.00133435e-02, 1.33422285e-03, 6.67111424e-04,
       6.67111424e-04, 2.00133421e-03, 1.33422285e-03, 6.67111424e-04,
       0., 3.33555718e-03, 6.67111424e-04, 0., 6.67111424e-04, 0., 0.,
       0., 6.67111424e-04, 1.33422285e-03, 0., 0., 2.00133421e-03, 0.,
       1.33422285e-03, 1.33422285e-03, 5.33689139e-03, 6.67111436e-03,
       1.33422285e-03, 0., 0., 0., 4.66977991e-03, 0., 2.00133421e-03,
       1.33422285e-03, 0., 6.67111424e-04, 4.66977991e-03,
       3.33555718e-03, 6.67111424e-04, 6.67111424e-04, 0.,
       2.66844570e-03, 0., 6.67111424e-04, 0., 0., 0., 0.,
       6.67111424e-04, 7.33822584e-03, 0., 6.67111424e-04, 0., 0., 0.,
       4.66977991e-03, 1.33422285e-03, 2.00133421e-03, 6.67111424e-04,
       2.66844570e-03, 6.67111424e-04, 0., 0., 6.67111424e-04,
       1.33422285e-03, 5.33689139e-03, 0., 3.33555718e-03, 0., 0.,
       1.33422285e-03, 1.33422285e-03, 2.66844570e-03, 1.33422285e-03,
       0., 0., 2.66844570e-03, 1.33422285e-03, 0., 0., 6.67111424e-04,
       2.86857914e-02, 1.33422285e-03, 0., 2.66844570e-03,
       6.67111424e-04, 1.33422285e-03, 6.67111424e-04, 2.00133421e-03,
       6.67111424e-04, 6.67111424e-04, 0., 0., 0., 2.00133421e-03,
       6.67111424e-04, 0., 0., 2.66844570e-03, 6.67111424e-04,
       6.67111424e-04, 0., 0., 1.33422285e-03, 6.67111424e-04,
       1.33422285e-03, 0., 2.00133421e-03, 0., 4.66977991e-03,
       6.67111436e-03, 1.33422285e-03, 7.33822584e-03, 4.00266843e-03,
       0., 0., 1.33422285e-03, 0., 0., 1.33422285e-03, 3.33555718e-03,
       2.00133421e-03, 0., 2.00133421e-03, 0., 4.66977991e-03,
       6.67111424e-04, 1.33422285e-03, 0., 2.66844570e-03,
       6.67111424e-04, 1.33422285e-03, 6.67111424e-04, 0.,
       6.67111424e-04, 6.67111424e-04, 6.67111424e-04, 6.67111424e-04,
       2.66844570e-03, 0., 1.33422285e-03, 6.67111424e-04,
       1.33422285e-03, 0., 6.67111424e-04, 2.00133421e-03, 0., 0., 0.,
       2.00133421e-03, 1.33422285e-03, 2.66844570e-03, 0.,
       1.33422285e-03, 0., 6.67111424e-04, 0., 6.67111424e-04,
       4.00266843e-03, 0., 0., 0., 1.33422285e-03, 0., 6.67111424e-04,
       2.00133421e-03, 0., 1.33422285e-03, 6.67111424e-04,
       6.67111424e-04, 0., 1.33422285e-03, 0., 2.00133421e-03,
       1.33422285e-03, 0., 2.00133421e-03, 1.33422285e-03, 0.,
       3.33555718e-03, 2.00133421e-03, 0., 6.67111424e-04, 0.,
       1.33422285e-03, 0., 6.67111424e-04, 2.00133421e-03,
       6.67111424e-04, 2.00133421e-03, 6.67111424e-04, 0., 0.,
       2.66844570e-03, 6.67111424e-04, 1.33422285e-03, 0.,
       6.67111424e-04, 2.66844570e-03, 6.67111424e-04, 2.66844570e-03,
       6.67111424e-04, 6.67111424e-04, 6.67111424e-04, 1.33422285e-03,
       6.67111436e-03, 0., 0., 6.67111424e-04, 3.33555718e-03,
       4.66977991e-03, 1.33422285e-03, 0., 0., 0., 0., 5.33689139e-03,
       4.66977991e-03, 2.00133421e-03, 1.33422285e-03, 6.67111424e-04,
       1.33422285e-03, 6.67111424e-04, 0., 0., 6.67111424e-04, 0.,
       2.00133421e-03, 1.33422285e-03, 6.67111424e-04, 0.,
       6.67111424e-04, 0., 6.67111424e-04, 1.33422285e-03,
       1.33422285e-03, 6.67111424e-04, 2.00133421e-03, 0.,
       1.33422285e-03, 8.00533686e-03, 0., 0., 6.67111424e-04, 0.,
       1.33422285e-03, 6.67111424e-04, 6.67111424e-04, 0.,
       6.67111424e-04, 0., 0., 1.33422285e-03, 0., 6.67111424e-04,
       1.33422285e-03, 1.33422285e-03, 0., 6.67111424e-04,
       1.33422285e-03, 2.00133421e-03, 0., 6.67111424e-04,
       6.67111424e-04, 6.67111424e-04, 0., 6.67111424e-04,
       6.00400288e-03, 6.67111424e-04, 1.33422285e-03, 0., 0., 0., 0.,
       6.67111424e-04, 2.66844570e-03, 0., 0., 2.66844570e-03, 0.,
       2.66844570e-03, 2.00133421e-03, 0., 6.67111424e-04,
       6.67111424e-04, 0., 1.33422285e-03, 6.67111424e-04,
       6.00400288e-03, 1.20080058e-02, 1.33422285e-03, 1.33422285e-03,
       0., 2.00133421e-03, 2.66844570e-03, 0., 0., 6.67111424e-04, 0.,
       0., 3.33555718e-03, 2.66844570e-03, 0., 0., 6.67111424e-04,
       2.00133421e-03, 2.00133421e-03, 0., 6.67111424e-04,
       6.67111424e-04, 0., 0., 0., 0., 0., 0., 0., 0., 6.67111424e-04,
       0., 2.00133421e-03, 1.33422285e-03, 6.67111424e-04, 0., 0.,
       2.66844570e-03, 0., 6.67111424e-04, 1.33422285e-03,
       1.33422285e-03, 2.66844570e-03, 4.00266843e-03, 6.67111424e-04,
       6.67111424e-04, 0., 0., 0., 6.67111424e-04, 0., 6.67111424e-04,
       2.66844570e-03, 6.67111424e-04, 1.33422285e-03, 6.67111424e-04,
       2.66844570e-03, 0., 6.67111424e-04, 0., 0., 0., 0.,
       2.00133421e-03, 0., 6.00400288e-03, 2.66844570e-03,
       1.33422285e-03, 6.67111424e-04, 6.67111424e-04, 6.67111424e-04,
       0., 2.66844570e-03, 3.33555718e-03, 6.67111424e-04,
       6.67111424e-04, 6.67111424e-04, 4.00266843e-03, 6.67111424e-04,
       0., 2.00133421e-03, 6.67111424e-04, 6.67111424e-04,
       6.67111424e-04, 0., 6.67111424e-04, 0., 0., 2.66844570e-03,
       1.33422285e-03, 0., 6.67111424e-04, 6.67111424e-04,
       1.33422285e-03, 1.33422285e-03, 6.67111424e-04, 1.33422285e-03,
       0., 1.33422285e-03, 1.33422285e-03, 6.67111424e-04,
       2.66844570e-03, 2.66844570e-03, 6.67111424e-04, 0.,
       1.33422285e-03, 0., 0., 0., 0., 6.67111424e-04, 3.33555718e-03,
       6.67111424e-04, 1.33422285e-03, 0., 6.67111424e-04,
       6.67111424e-04, 3.33555718e-03, 7.33822584e-03, 2.66844570e-03,
       6.67111424e-04, 6.67111424e-04, 6.67111424e-04, 0., 0.,
       6.67111424e-04, 0., 6.67111424e-04, 0., 1.33422285e-03,
       2.00133421e-03, 0., 1.33422285e-03, 6.67111424e-04, 0.,
       6.67111424e-04, 6.67111424e-04, 1.33422285e-03, 5.33689139e-03,
       6.67111424e-04, 3.33555718e-03, 2.00133421e-03, 6.67111424e-04,
       6.00400288e-03, 0., 0., 6.67111424e-04, 0., 6.67111424e-04,
       2.00133421e-03, 0., 6.67111424e-04, 5.33689139e-03, 0.,
       6.67111424e-04, 0., 6.67111424e-04, 1.33422285e-03,
       6.00400288e-03, 0., 0., 2.00133421e-03, 6.67111424e-04, 0.,
       1.33422285e-03, 0., 1.33422285e-03, 0., 6.67111424e-04, 0., 0.,
       6.67111424e-04, 2.00133421e-03, 6.67111424e-04, 1.33422285e-03,
       6.67111424e-04, 2.00133421e-03, 6.67111424e-04, 6.67111424e-04,
       0., 0., 1.33422285e-03, 0., 0., 3.33555718e-03, 6.67111424e-04,
       4.00266843e-03, 3.33555718e-03, 6.67111424e-04, 6.67111424e-04,
       6.67111424e-04, 1.33422285e-03, 0., 4.00266843e-03,
       6.67111424e-04, 6.67111424e-04, 1.33422285e-03, 6.67111424e-04,
       0., 6.67111424e-04, 1.33422285e-03, 0., 6.67111424e-04,
       1.33422285e-03, 0., 6.67111424e-04, 6.67111424e-04,
       2.00133421e-03, 6.67111424e-04, 1.33422285e-03, 6.67111424e-04,
       2.66844570e-03, 1.33422285e-03, 0., 6.67111424e-04,
       3.33555718e-03, 2.66844570e-03, 4.00266843e-03, 0.,
       6.67111424e-04, 6.67111424e-04, 0., 0., 6.67111436e-03,
       6.67111424e-04, 1.00066718e-02, 6.67111424e-04, 6.67111424e-04,
       2.00133421e-03, 0., 0., 6.67111424e-04, 0., 8.67244881e-03, 0.,
       0., 0., 0., 0., 6.67111424e-04, 1.33422285e-03, 2.00133421e-03,
       2.00133421e-03, 0., 6.67111424e-04, 2.00133421e-03,
       6.67111424e-04, 1.33422285e-03, 6.67111424e-04, 6.67111424e-04,
       0., 0., 5.33689139e-03, 0., 2.00133421e-03, 0., 0.,
       2.66844570e-03, 0., 2.00133421e-03, 6.67111424e-04,
       1.33422285e-03, 5.33689139e-03, 2.00133421e-03, 6.67111424e-04,
       0., 4.00266843e-03, 6.67111424e-04, 6.67111424e-04, 0., 0.,
       2.00133421e-03, 6.67111424e-04, 3.33555718e-03, 6.67111424e-04,
       0., 0., 1.33422285e-03, 0., 0., 2.00133421e-03, 4.00266843e-03,
       1.33422285e-03, 1.33422285e-03, 2.00133421e-03, 6.67111424e-04,
       6.67111424e-04, 6.67111424e-04, 6.67111424e-04, 0.,
       1.33422285e-03, 6.67111424e-04, 0., 2.00133421e-03,
       6.67111424e-04, 1.33422285e-03, 0., 0., 6.67111424e-04,
       2.00133421e-03, 0., 3.33555718e-03, 0., 1.33422285e-03, 0.,
