%YAML:1.0
m10n: !!opencv-matrix
   rows: 1
   cols: 800
   dt: f
   data: [ 0., 9.46372282e-03, 0., 7.88643549e-04, 0., 1.57728710e-03,
       2.36593070e-03, 9.46372282e-03, 2.05047317e-02, 0., 0.,
       1.57728710e-03, 0., 7.88643549e-04, 0., 1.57728710e-03, 0., 0.,
       2.36593070e-03, 0., 0., 0., 7.88643549e-04, 0., 0., 0.,
       7.88643549e-04, 0., 7.88643549e-04, 3.15457419e-03,
       6.30914839e-03, 5.52050490e-03, 6.30914839e-03, 7.88643549e-04,
       0., 7.88643549e-04, 3.15457419e-03, 0., 7.88643549e-04,
       3.15457419e-03, 0., 0., 4.73186141e-03, 1.18296528e-02, 0.,
       7.88643549e-04, 7.88643549e-04, 7.88643549e-04, 0.,
       7.88643549e-04, 0., 0., 7.88643549e-04, 0., 0., 3.15457419e-03,
       0., 0., 7.88643549e-04, 2.36593070e-03, 0., 4.73186141e-03, 0.,
       0., 1.57728710e-03, 7.88643549e-04, 7.88643549e-04,
       7.88643549e-04, 7.88643549e-04, 0., 1.57728710e-03,
       7.88643549e-04, 0., 3.15457419e-03, 0., 0., 7.88643549e-04,
       3.94321792e-03, 0., 1.18296528e-02, 0., 0., 3.94321792e-03, 0.,
       0., 0., 0., 3.39116715e-02, 1.57728710e-03, 0., 0., 0., 0., 0.,
       7.88643549e-04, 0., 7.88643549e-04, 1.57728710e-03, 0., 0.,
       3.15457419e-03, 7.88643549e-04, 0., 1.57728710e-03,
       7.88643549e-04, 0., 7.88643549e-04, 2.36593070e-03, 0.,
       1.57728710e-03, 7.88643549e-04, 0., 1.57728710e-03,
       7.88643549e-04, 1.57728710e-03, 7.88643549e-04, 4.73186141e-03,
       2.36593070e-03, 2.28706636e-02, 0., 0., 0., 0., 0.,
       7.88643549e-04, 7.88643549e-04, 2.36593070e-03, 2.36593070e-03,
       0., 7.88643549e-04, 0., 3.15457419e-03, 0., 0., 0.,
       7.88643549e-04, 0., 1.57728710e-03, 1.57728710e-03, 0.,
       7.88643549e-04, 0., 0., 0., 5.52050490e-03, 0., 4.73186141e-03,
       7.88643549e-04, 7.88643549e-04, 2.36593070e-03, 0., 0.,
       1.57728710e-03, 0., 7.88643549e-04, 0., 0., 2.36593070e-03, 0.,
       2.36593070e-03, 3.94321792e-03, 0., 0., 0., 2.36593070e-03,
       7.88643549e-04, 0., 0., 1.57728710e-03, 0., 0., 1.57728710e-03,
       7.88643549e-04, 2.36593070e-03, 7.88643549e-04, 7.88643549e-04,
       7.88643549e-04, 7.88643549e-04, 0., 1.57728710e-03,
       7.88643549e-04, 7.88643549e-04, 1.97160896e-02, 7.88643549e-04,
       7.88643549e-04, 1.57728710e-03, 7.88643549e-04, 0., 0.,
       2.36593070e-03, 2.36593070e-03, 0., 0., 1.57728710e-03,
       7.88643549e-04, 7.88643549e-04, 1.57728710e-03, 7.88643549e-04,
       0., 7.88643549e-04, 0., 1.57728710e-03, 0., 7.88643549e-04,
       7.88643584e-03, 2.36593070e-03, 0., 0., 7.88643549e-04,
       2.36593070e-03, 0., 1.57728710e-03, 0., 0., 0., 1.57728710e-03,
       7.88643549e-04, 9.46372282e-03, 1.57728710e-03, 0., 0.,
       1.57728710e-03, 3.15457419e-03, 3.94321792e-03, 3.15457419e-03,
       0., 0., 0., 7.88643549e-04, 0., 7.88643549e-04, 0., 0.,
       7.88643549e-04, 7.88643549e-04, 7.88643549e-04, 0.,
       2.36593070e-03, 7.88643549e-04, 0., 0., 7.88643549e-04, 0.,
       1.57728710e-03, 0., 1.57728710e-03, 3.15457419e-03,
       1.57728710e-03, 0., 0., 0., 1.57728710e-03, 0., 7.88643549e-04,
       0., 7.88643549e-04, 0., 0., 0., 0., 0., 1.57728710e-03,
       3.15457419e-03, 0., 0., 7.88643549e-04, 0., 7.88643549e-04, 0.,
       0., 0., 7.88643549e-04, 0., 3.94321792e-03, 7.88643549e-04, 0.,
       7.88643549e-04, 1.57728710e-03, 0., 0., 0., 7.88643549e-04, 0.,
       1.57728710e-03, 7.88643549e-04, 2.36593070e-03, 2.36593070e-03,
       0., 0., 0., 7.88643549e-04, 0., 1.57728710e-03, 0.,
       6.30914839e-03, 1.10410098e-02, 2.36593070e-03, 7.88643549e-04,
       0., 7.88643549e-04, 7.88643549e-04, 7.88643549e-04,
       2.36593070e-03, 7.88643549e-04, 0., 0., 4.73186141e-03,
       3.15457419e-03, 7.88643549e-04, 2.36593070e-03, 2.36593070e-03,
       0., 7.88643549e-04, 0., 0., 1.57728710e-03, 7.88643549e-04, 0.,
       1.57728710e-03, 7.88643549e-04, 7.88643549e-04, 0.,
       7.88643549e-04, 0., 0., 1.57728710e-03, 2.36593070e-03, 0.,
       1.57728710e-03, 0., 0., 1.57728710e-03, 0., 0., 2.36593070e-03,
       7.88643549e-04, 3.15457419e-03, 3.15457419e-03, 1.57728710e-03,
       0., 7.88643549e-04, 0., 0., 7.88643549e-04, 0., 7.88643549e-04,
       7.88643549e-04, 2.36593070e-03, 1.57728710e-03, 1.57728710e-03,
       0., 0., 1.57728710e-03, 0., 0., 7.88643549e-04, 0.,
       7.88643549e-04, 0., 3.94321792e-03, 2.36593070e-03, 0., 0.,
       1.57728710e-03, 0., 0., 2.36593070e-03, 3.94321792e-03,
       7.88643549e-04, 0., 0., 3.94321792e-03, 7.88643549e-04,
       7.88643549e-04, 1.57728710e-03, 0., 0., 1.57728710e-03, 0., 0.,
       0., 1.57728710e-03, 3.94321792e-03, 7.88643549e-04, 0.,
       7.88643549e-04, 0., 1.57728710e-03, 7.88643549e-04,
       3.15457419e-03, 0., 1.57728710e-03, 1.57728710e-03,
       7.88643549e-04, 0., 0., 2.36593070e-03, 0., 0., 7.09779188e-03,
       0., 0., 7.88643549e-04, 0., 7.88643549e-04, 0., 0.,
       7.88643549e-04, 7.88643549e-04, 0., 0., 7.88643549e-04,
       5.52050490e-03, 8.67507886e-03, 7.88643549e-04, 7.88643549e-04,
       7.88643549e-04, 3.15457419e-03, 7.88643549e-04, 1.57728710e-03,
       0., 0., 0., 0., 0., 7.88643549e-04, 1.57728710e-03,
       7.88643549e-04, 0., 0., 7.88643549e-04, 2.36593070e-03,
       3.94321792e-03, 1.57728710e-03, 7.88643549e-04, 7.88643549e-04,
       0., 3.94321792e-03, 0., 7.88643549e-04, 7.88643549e-04,
       7.88643549e-04, 7.09779188e-03, 0., 1.57728710e-03,
       7.88643549e-04, 7.88643584e-03, 0., 0., 0., 1.57728710e-03,
       3.15457419e-03, 1.57728710e-03, 0., 7.88643549e-04,
       3.15457419e-03, 1.57728710e-03, 7.88643549e-04, 7.88643549e-04,
       7.88643549e-04, 0., 7.88643549e-04, 3.15457419e-03,
       4.73186141e-03, 3.15457419e-03, 0., 0., 3.15457419e-03,
       1.57728710e-03, 0., 7.88643549e-04, 0., 1.57728710e-03,
       7.88643549e-04, 1.57728710e-03, 7.88643549e-04, 7.09779188e-03,
       0., 3.15457419e-03, 7.88643549e-04, 4.73186141e-03,
       2.36593070e-03, 7.88643549e-04, 0., 0., 7.88643549e-04,
       7.88643549e-04, 1.57728710e-03, 0., 0., 0., 0., 0.,
       3.94321792e-03, 0., 0., 0., 5.52050490e-03, 0., 0.,
       7.88643549e-04, 7.88643549e-04, 0., 2.36593070e-03, 0.,
       2.36593070e-03, 0., 0., 0., 1.57728710e-03, 0., 6.30914839e-03,
       1.57728710e-03, 0., 0., 3.15457419e-03, 0., 1.57728710e-03,
       7.88643549e-04, 1.57728710e-03, 0., 7.88643549e-04,
       7.88643549e-04, 7.88643549e-04, 0., 0., 0., 7.88643584e-03, 0.,
       7.88643549e-04, 0., 1.57728710e-03, 7.88643549e-04,
       7.88643549e-04, 0., 7.88643549e-04, 7.88643549e-04, 0.,
       7.88643549e-04, 3.94321792e-03, 1.57728710e-03, 7.88643549e-04,
       0., 1.57728710e-03, 1.57728710e-03, 0., 0., 7.88643549e-04,
       7.88643549e-04, 0., 7.88643549e-04, 7.88643549e-04, 0.,
       2.36593070e-03, 7.88643549e-04, 1.57728710e-03, 2.36593070e-03,
       0., 1.57728710e-03, 7.88643549e-04, 6.30914839e-03,
       4.73186141e-03, 7.88643549e-04, 7.88643549e-04, 7.88643549e-04,
       1.57728710e-03, 0., 0., 0., 7.88643549e-04, 0., 2.36593070e-03,
       1.57728710e-03, 7.88643549e-04, 2.36593070e-03, 8.67507886e-03,
       0., 0., 1.57728710e-03, 7.88643549e-04, 2.36593070e-03,
       1.57728710e-03, 7.88643549e-04, 2.36593070e-03, 3.15457419e-03,
       0., 7.88643549e-04, 7.88643549e-04, 0., 0., 0., 1.57728710e-03,
       1.57728710e-03, 1.57728710e-03, 1.57728710e-03, 7.88643549e-04,
       0., 0., 1.57728710e-03, 4.73186141e-03, 0., 3.15457419e-03,
       7.88643549e-04, 7.88643549e-04, 7.88643549e-04, 0., 0.,
       7.88643549e-04, 7.88643549e-04, 3.15457419e-03, 7.88643549e-04,
       0., 7.88643549e-04, 2.36593070e-03, 0., 0., 2.36593070e-03, 0.,
       0., 0., 2.36593070e-03, 7.88643549e-04, 0., 0., 0.,
       7.88643549e-04, 7.88643549e-04, 2.36593070e-03, 7.88643549e-04,
       0., 0., 1.57728710e-03, 0., 0., 7.88643549e-04, 7.88643549e-04,
       0., 7.88643549e-04, 3.15457419e-03, 1.57728710e-03, 0., 0.,
       7.88643549e-04, 0., 0., 7.88643549e-04, 2.36593070e-03, 0.,
