%YAML:1.0
m10n: !!opencv-matrix
   rows: 1
   cols: 800
   dt: f
   data: [ 6.96864096e-04, 4.18118481e-03, 6.96864096e-04,
       6.96864096e-04, 3.48432048e-04, 1.39372819e-03, 6.96864096e-04,
       3.48432048e-04, 6.96864096e-04, 1.74216018e-03, 6.96864096e-04,
       1.39372819e-03, 1.04529620e-03, 6.96864096e-04, 1.74216018e-03,
       1.04529620e-03, 1.04529620e-03, 6.96864096e-04, 0.,
       1.04529620e-03, 1.04529620e-03, 1.04529620e-03, 6.96864096e-04,
       1.04529620e-03, 2.54355390e-02, 2.09059240e-03, 6.96864096e-04,
       1.39372819e-03, 1.04529620e-03, 3.48432048e-04, 3.13588837e-03,
       2.43902439e-03, 2.09059240e-03, 3.48432048e-04, 1.39372819e-03,
       3.48432048e-04, 1.04529620e-03, 1.39372819e-03, 6.96864096e-04,
       1.04529620e-03, 2.09059240e-03, 3.13588837e-03, 0.,
       4.18118481e-03, 2.09059240e-03, 6.96864096e-04, 1.04529620e-03,
       3.48432036e-03, 2.09059240e-03, 2.09059240e-03, 3.48432048e-04,
       3.48432048e-04, 6.96864096e-04, 2.43902439e-03, 6.96864096e-04,
       6.96864096e-04, 5.57491276e-03, 3.48432048e-04, 3.48432048e-04,
       2.09059240e-03, 3.48432048e-04, 2.43902439e-03, 4.18118481e-03,
       2.43902439e-03, 1.74216018e-03, 1.39372819e-03, 3.48432048e-04,
       6.96864096e-04, 3.48432048e-04, 4.18118481e-03, 2.09059240e-03,
       1.39372819e-03, 6.96864096e-04, 1.74216018e-03, 1.74216018e-03,
       3.48432036e-03, 2.78745638e-03, 3.48432048e-04, 3.48432048e-04,
       6.96864096e-04, 6.96864096e-04, 6.96864096e-04, 3.48432048e-04,
       1.04529620e-03, 0., 3.13588837e-03, 3.48432048e-04,
       6.96864072e-03, 1.39372819e-03, 2.43902439e-03, 6.96864096e-04,
       3.48432048e-04, 3.48432048e-04, 1.74216018e-03, 2.43902439e-03,
       1.39372819e-03, 0., 3.48432048e-04, 6.96864096e-04,
       2.09059240e-03, 1.39372819e-03, 1.04529620e-03, 2.09059240e-03,
       6.96864096e-04, 1.04529620e-03, 1.74216018e-03, 1.04529620e-03,
       1.04529620e-03, 1.04529620e-03, 1.04529620e-03, 1.74216018e-03,
       1.39372819e-03, 1.04529620e-03, 6.96864096e-04, 3.48432048e-04,
       6.96864096e-04, 3.48432048e-04, 1.04529620e-03, 2.09059240e-03,
       1.39372819e-03, 0., 3.48432048e-04, 0., 3.13588837e-03,
       6.96864096e-04, 6.96864096e-04, 1.04529620e-03, 0.,
       3.48432048e-04, 1.04529620e-03, 2.09059240e-03, 1.04529620e-03,
       4.52961680e-03, 3.48432048e-04, 1.39372819e-03, 1.01045296e-02,
       2.09059240e-03, 0., 1.04529620e-03, 6.96864096e-04,
       3.48432048e-04, 2.43902439e-03, 1.04529620e-03, 1.04529620e-03,
       6.96864096e-04, 1.74216018e-03, 6.96864096e-04, 6.96864096e-04,
       3.13588837e-03, 3.48432048e-04, 3.48432048e-04, 2.09059240e-03,
       6.96864096e-04, 1.39372819e-03, 1.04529620e-03, 0.,
       1.39372819e-03, 0., 3.48432048e-04, 3.48432048e-04,
       3.48432048e-04, 6.96864096e-04, 0., 3.48432048e-04,
       6.96864096e-04, 1.04529620e-03, 6.96864096e-04, 1.74216018e-03,
       1.04529620e-03, 3.48432048e-04, 6.96864096e-04, 6.96864096e-04,
       0., 1.39372819e-03, 3.13588837e-03, 1.04529620e-03,
       6.96864096e-04, 1.56794414e-02, 6.96864096e-04, 2.09059240e-03,
       1.39372819e-03, 1.04529620e-03, 1.04529620e-03, 6.96864096e-04,
       0., 3.48432048e-04, 6.96864096e-04, 3.48432048e-04,
       6.96864096e-04, 2.09059240e-03, 4.18118481e-03, 2.78745638e-03,
       5.92334475e-03, 3.48432048e-04, 6.96864096e-04, 6.96864096e-04,
       3.48432048e-04, 3.48432048e-04, 1.39372819e-03, 1.04529620e-03,
       2.09059240e-03, 1.04529620e-03, 1.39372819e-03, 9.75609757e-03,
       2.43902439e-03, 2.09059240e-03, 1.39372819e-03, 3.48432048e-04,
       6.96864096e-04, 6.96864096e-04, 3.48432048e-04, 3.48432048e-04,
       1.74216018e-03, 6.96864096e-04, 2.09059240e-03, 1.39372819e-03,
       3.48432048e-04, 1.39372819e-03, 3.48432048e-04, 1.04529620e-03,
       3.48432048e-04, 1.39372819e-03, 0., 6.96864096e-04, 0.,
       3.48432048e-04, 1.74216018e-03, 1.39372819e-03, 6.96864096e-04,
       3.48432048e-04, 1.04529620e-03, 1.74216018e-03, 6.96864096e-04,
       1.04529620e-03, 6.96864096e-04, 0., 2.09059240e-03,
       1.39372819e-03, 3.48432048e-04, 3.48432048e-04, 1.04529620e-03,
       3.48432048e-04, 1.04529620e-03, 1.01045296e-02, 3.48432048e-04,
       1.04529620e-03, 1.04529620e-03, 1.74216018e-03, 3.48432048e-04,
       3.48432048e-04, 3.48432048e-04, 1.04529620e-03, 1.39372819e-03,
       3.48432048e-04, 3.48432048e-04, 1.74216018e-03, 6.96864096e-04,
       0., 6.96864096e-04, 6.96864096e-04, 1.39372819e-03,
       6.96864096e-04, 3.48432048e-04, 3.48432048e-04, 1.39372819e-03,
       3.48432036e-03, 2.43902439e-03, 2.43902439e-03, 1.74216018e-03,
       6.96864096e-04, 1.74216018e-03, 3.48432048e-04, 1.04529620e-03,
       1.04529620e-03, 3.48432048e-04, 1.74216018e-03, 1.39372819e-03,
       1.74216018e-03, 2.43902439e-03, 0., 1.74216018e-03,
       2.78745638e-03, 3.48432048e-04, 1.74216018e-03, 3.48432048e-04,
       1.74216018e-03, 6.96864096e-04, 3.48432048e-04, 1.74216018e-03,
       6.96864096e-04, 2.09059240e-03, 6.96864096e-04, 6.96864096e-04,
       0., 3.83275258e-03, 6.96864096e-04, 3.48432048e-04, 0.,
       3.48432048e-04, 3.48432048e-04, 6.96864096e-04, 0.,
       1.39372819e-03, 6.96864096e-04, 1.04529620e-03, 3.48432048e-04,
       1.04529620e-03, 6.96864096e-04, 0., 3.13588837e-03,
       6.96864096e-04, 6.96864096e-04, 3.48432048e-04, 1.74216018e-03,
       2.09059240e-03, 0., 0., 6.96864096e-04, 6.96864096e-04,
       1.74216018e-03, 3.48432048e-04, 1.04529620e-03, 1.04529620e-03,
       6.96864096e-04, 0., 3.48432048e-04, 1.04529620e-03,
       4.52961680e-03, 1.04529620e-03, 2.43902439e-03, 1.04529620e-03,
       3.48432048e-04, 2.78745638e-03, 7.31707318e-03, 1.74216018e-03,
       2.43902439e-03, 3.48432048e-04, 3.48432048e-04, 6.96864096e-04,
       0., 1.04529620e-03, 6.96864096e-04, 3.48432048e-04,
       1.39372819e-03, 6.96864096e-04, 6.96864096e-04, 3.48432048e-04,
       6.96864096e-04, 1.39372819e-03, 0., 3.48432048e-04, 0.,
       6.96864096e-04, 0., 2.43902439e-03, 1.39372819e-03,
       3.48432048e-04, 1.04529620e-03, 0., 5.57491276e-03,
       6.96864096e-04, 1.04529620e-03, 2.09059240e-03, 6.96864096e-04,
       3.48432048e-04, 6.96864096e-04, 3.48432048e-04, 3.48432048e-04,
       6.96864072e-03, 1.74216018e-03, 2.09059240e-03, 1.04529620e-03,
       3.48432048e-04, 1.04529620e-03, 1.04529620e-03, 3.48432048e-04,
       3.48432048e-04, 0., 2.09059240e-03, 0., 2.43902439e-03,
       1.39372819e-03, 3.48432048e-04, 1.74216018e-03, 1.74216018e-03,
       3.48432048e-04, 6.96864096e-04, 3.48432048e-04, 1.39372819e-03,
       1.74216018e-03, 6.27177674e-03, 3.13588837e-03, 0.,
       2.09059240e-03, 1.39372819e-03, 1.04529620e-03, 2.78745638e-03,
       3.48432048e-04, 6.96864096e-04, 6.96864096e-04, 3.48432048e-04,
       6.96864096e-04, 1.04529620e-03, 1.04529620e-03, 0.,
       1.39372819e-03, 1.04529620e-03, 3.48432048e-04, 3.48432048e-04,
       3.48432048e-04, 3.48432048e-04, 1.74216018e-03, 1.39372819e-03,
       0., 3.48432048e-04, 5.22648077e-03, 2.09059240e-03,
       1.74216018e-03, 2.43902439e-03, 6.96864096e-04, 1.39372819e-03,
       0., 6.96864096e-04, 2.09059240e-03, 1.04529620e-03,
       1.04529620e-03, 3.48432048e-04, 0., 3.13588837e-03,
       1.74216018e-03, 6.96864096e-04, 6.96864096e-04, 1.74216018e-03,
       6.96864096e-04, 2.09059240e-03, 3.48432048e-04, 3.48432048e-04,
       3.48432048e-04, 3.48432048e-04, 1.04529620e-03, 6.96864096e-04,
       2.09059240e-03, 0., 1.04529620e-03, 1.04529620e-03,
       1.39372819e-03, 1.04529620e-03, 0., 6.96864096e-04,
       1.39372819e-03, 2.09059240e-03, 2.43902439e-03, 2.09059240e-03,
       1.04529620e-03, 1.74216018e-03, 1.04529620e-03, 6.96864096e-04,
       1.04529620e-03, 1.74216018e-03, 1.74216018e-03, 6.96864096e-04,
       3.48432048e-04, 6.96864096e-04, 6.96864096e-04, 6.96864096e-04,
       1.04529620e-03, 1.04529620e-03, 0., 1.04529620e-03,
       2.78745638e-03, 3.83275258e-03, 0., 6.96864096e-04,
