%YAML:1.0
m10n: !!opencv-matrix
   rows: 1
   cols: 800
   dt: f
   data: [ 8.24742252e-04, 5.77319600e-03, 1.64948450e-03, 0.,
       1.64948450e-03, 0., 1.23711338e-03, 0., 4.12371126e-04,
       3.71134002e-03, 1.23711338e-03, 4.12371126e-04, 4.12371126e-04,
       2.06185551e-03, 4.53608250e-03, 8.24742252e-04, 2.88659800e-03,
       8.24742252e-04, 8.24742252e-04, 8.24742252e-04, 2.47422676e-03,
       8.24742252e-04, 2.47422676e-03, 1.23711338e-03, 4.12371126e-04,
       8.24742252e-04, 1.64948450e-03, 8.24742252e-04, 5.36082452e-03,
       1.23711338e-03, 1.23711338e-03, 8.24742252e-04, 3.29896901e-03,
       8.24742252e-04, 4.12371126e-04, 3.71134002e-03, 4.12371126e-04,
       2.06185551e-03, 8.24742252e-04, 4.12371126e-04, 8.24742252e-04,
       1.23711338e-03, 0., 1.23711338e-03, 1.64948450e-03,
       3.71134002e-03, 4.12371126e-04, 8.24742252e-04, 2.06185551e-03,
       0., 0., 1.23711338e-03, 8.24742252e-04, 0., 2.47422676e-03, 0.,
       1.64948450e-03, 2.88659800e-03, 1.23711338e-03, 8.24742252e-04,
       0., 4.12371126e-04, 0., 8.65979400e-03, 2.47422676e-03,
       1.23711338e-03, 1.64948450e-03, 0., 8.24742252e-04, 0.,
       8.24742252e-04, 1.64948450e-03, 4.12371126e-04, 4.12371126e-04,
       4.12371126e-04, 2.47422676e-03, 0., 0., 2.06185551e-03,
       4.94845351e-03, 0., 0., 2.06185551e-03, 4.12371103e-03,
       1.64948450e-03, 1.23711338e-03, 8.24742252e-04, 1.64948450e-03,
       1.23711338e-03, 8.24742252e-04, 8.24742252e-04, 1.23711338e-03,
       2.06185551e-03, 0., 1.23711338e-03, 4.12371126e-04, 0.,
       2.06185551e-03, 4.12371126e-04, 1.23711338e-03, 4.12371126e-04,
       2.06185551e-03, 1.64948450e-03, 8.24742252e-04, 0.,
       3.71134002e-03, 4.12371126e-04, 1.64948450e-03, 0.,
       1.23711338e-03, 4.12371126e-04, 1.64948450e-03, 6.59793802e-03,
       1.23711338e-03, 0., 0., 4.12371126e-04, 1.64948450e-03,
       8.24742252e-04, 8.24742252e-04, 1.64948450e-03, 2.06185551e-03,
       6.59793802e-03, 8.24742252e-04, 0., 4.12371126e-04,
       8.24742252e-04, 1.64948450e-03, 4.53608250e-03, 8.24742252e-04,
       0., 1.23711338e-03, 3.71134002e-03, 8.24742252e-04,
       1.64948450e-03, 0., 8.24742252e-04, 4.12371126e-04,
       4.12371126e-04, 4.94845351e-03, 2.06185551e-03, 1.23711338e-03,
       0., 3.29896901e-03, 8.24742252e-04, 1.23711338e-03,
       8.24742252e-04, 4.12371126e-04, 4.12371126e-04, 4.12371126e-04,
       2.47422676e-03, 0., 0., 8.24742252e-04, 8.24742252e-04,
       4.12371126e-04, 8.24742252e-04, 4.12371103e-03, 8.24742252e-04,
       8.24742252e-04, 0., 1.64948450e-03, 0., 4.12371126e-04, 0.,
       4.12371126e-04, 1.23711338e-03, 8.24742252e-04, 0.,
       1.64948450e-03, 1.64948450e-03, 2.06185551e-03, 2.06185551e-03,
       0., 1.64948450e-03, 0., 4.12371126e-04, 4.12371126e-04,
       1.64948450e-03, 4.12371103e-03, 3.71134002e-03, 3.29896901e-03,
       1.23711338e-03, 4.12371126e-04, 2.06185551e-03, 8.24742252e-04,
       1.64948450e-03, 0., 0., 0., 1.23711338e-03, 4.12371126e-04,
       4.12371103e-03, 0., 0., 2.06185551e-03, 8.24742252e-04,
       4.12371126e-04, 0., 4.12371126e-04, 8.24742252e-04,
       1.64948450e-03, 1.64948450e-03, 2.06185551e-03, 8.24742252e-04,
       2.06185551e-03, 2.47422676e-03, 5.77319600e-03, 2.47422676e-03,
       4.12371126e-04, 2.47422676e-03, 4.12371126e-04, 0., 0., 0.,
       8.24742252e-04, 2.88659800e-03, 0., 1.23711338e-03,
       1.64948450e-03, 0., 5.77319600e-03, 2.47422676e-03,
       8.24742252e-04, 0., 4.12371126e-04, 2.06185551e-03,
       1.23711338e-03, 2.06185551e-03, 2.06185551e-03, 3.29896901e-03,
       2.47422676e-03, 8.24742252e-04, 1.23711338e-03, 1.23711338e-03,
       8.24742252e-04, 8.24742252e-04, 8.24742252e-04, 8.24742252e-04,
       0., 1.64948450e-03, 2.88659800e-03, 2.06185551e-03,
       8.24742252e-04, 1.23711338e-03, 4.12371126e-04, 1.64948450e-03,
       8.24742252e-04, 1.23711338e-03, 1.23711338e-03, 1.23711338e-03,
       1.23711338e-03, 8.24742252e-04, 2.06185551e-03, 8.24742252e-04,
       2.06185551e-03, 1.23711338e-03, 8.24742252e-04, 8.24742252e-04,
       8.24742252e-04, 1.23711338e-03, 4.12371126e-04, 4.12371126e-04,
       4.12371126e-04, 8.24742252e-04, 0., 0., 9.07216500e-03,
       8.24742252e-04, 1.64948450e-03, 1.23711338e-03, 1.23711338e-03,
       4.53608250e-03, 4.12371126e-04, 1.23711338e-03, 4.12371126e-04,
       4.12371126e-04, 1.64948450e-03, 2.06185551e-03, 4.12371126e-04,
       1.23711338e-03, 1.64948450e-03, 1.64948450e-03, 8.24742252e-04,
       2.88659800e-03, 8.24742252e-04, 1.64948450e-03, 8.24742252e-04,
       4.12371103e-03, 4.12371126e-04, 8.24742252e-04, 8.24742252e-04,
       0., 8.24742252e-04, 2.47422676e-03, 4.53608250e-03,
       2.88659800e-03, 4.12371126e-04, 8.24742252e-04, 8.24742252e-04,
       4.12371126e-04, 1.23711338e-03, 8.24742252e-04, 1.64948450e-03,
       1.23711338e-03, 8.24742252e-04, 2.47422676e-03, 0.,
       3.29896901e-03, 0., 2.88659800e-03, 4.12371126e-04,
       3.29896901e-03, 4.12371126e-04, 8.24742252e-04, 5.36082452e-03,
       8.24742252e-04, 1.23711338e-03, 1.64948450e-03, 4.12371126e-04,
       4.12371126e-04, 1.23711338e-03, 4.12371126e-04, 4.12371126e-04,
       4.12371126e-04, 4.12371126e-04, 1.23711338e-03, 1.23711338e-03,
       8.24742252e-04, 2.06185551e-03, 8.24742252e-04, 0.,
       4.12371126e-04, 2.88659800e-03, 4.12371126e-04, 2.88659800e-03,
       2.06185551e-03, 0., 1.23711338e-03, 0., 1.23711338e-03, 0.,
       1.23711338e-03, 1.23711338e-03, 1.23711338e-03, 1.23711338e-03,
       4.12371126e-04, 8.24742252e-04, 3.71134002e-03, 0.,
       2.06185551e-03, 8.24742252e-04, 0., 1.64948450e-03,
       4.12371126e-04, 4.12371126e-04, 4.12371126e-04, 4.12371126e-04,
       8.24742252e-04, 8.24742252e-04, 2.47422676e-03, 1.64948450e-03,
       8.24742252e-04, 0., 5.36082452e-03, 2.06185551e-03,
       1.23711338e-03, 2.06185551e-03, 8.24742252e-04, 3.29896901e-03,
       4.12371103e-03, 1.23711338e-03, 4.12371126e-04, 1.64948450e-03,
       4.94845351e-03, 4.12371126e-04, 8.24742252e-04, 0.,
       1.23711338e-03, 4.12371126e-04, 4.12371126e-04, 0.,
       4.12371126e-04, 4.12371126e-04, 0., 1.64948450e-03,
       2.06185551e-03, 1.23711338e-03, 0., 1.23711338e-03,
       4.53608250e-03, 1.23711338e-03, 2.06185551e-03, 2.47422676e-03,
       1.64948450e-03, 8.24742252e-04, 1.64948450e-03, 4.12371126e-04,
       7.01030903e-03, 4.12371126e-04, 8.24742252e-04, 8.24742252e-04,
       4.12371126e-04, 4.12371126e-04, 1.64948450e-03, 8.24742252e-04,
       0., 4.12371126e-04, 4.12371126e-04, 8.24742252e-04,
       4.12371126e-04, 5.36082452e-03, 4.12371126e-04, 8.24742252e-04,
       0., 4.12371126e-04, 4.12371126e-04, 0., 8.24742252e-04,
       1.64948450e-03, 8.24742252e-04, 8.24742252e-04, 1.64948450e-03,
       8.24742252e-04, 0., 1.23711338e-03, 2.47422676e-03,
       2.06185551e-03, 4.12371126e-04, 1.64948450e-03, 4.12371126e-04,
       1.23711338e-03, 8.24742252e-04, 4.12371126e-04, 8.24742252e-04,
       1.23711338e-03, 2.06185551e-03, 8.24742252e-04, 1.64948450e-03,
       0., 0., 0., 1.23711338e-03, 1.64948450e-03, 8.24742252e-04,
       8.24742252e-04, 0., 8.24742252e-04, 1.64948450e-03,
       4.12371126e-04, 1.23711338e-03, 8.24742252e-04, 1.23711338e-03,
       2.88659800e-03, 0., 8.24742252e-04, 8.24742252e-04, 0.,
       1.23711338e-03, 0., 8.24742252e-04, 8.24742252e-04,
       8.24742252e-04, 2.06185551e-03, 8.24742252e-04, 4.12371126e-04,
       0., 8.24742252e-04, 8.24742252e-04, 4.53608250e-03,
       4.12371103e-03, 2.47422676e-03, 2.47422676e-03, 2.06185551e-03,
       4.12371126e-04, 1.64948450e-03, 2.47422676e-03, 4.12371126e-04,
       8.24742252e-04, 2.06185551e-03, 8.24742252e-04, 0.,
       1.23711338e-03, 4.12371126e-04, 4.12371126e-04, 1.23711338e-03,
       4.12371126e-04, 1.64948450e-03, 0., 8.24742252e-04,
       3.71134002e-03, 0., 0., 8.24742252e-04, 1.64948450e-03,
       2.06185551e-03, 4.12371126e-04, 8.24742252e-04, 4.12371126e-04,
       0., 3.71134002e-03, 1.23711338e-03, 4.94845351e-03,
