%YAML:1.0
m10n: !!opencv-matrix
   rows: 1
   cols: 800
   dt: f
   data: [ 0., 2.13675201e-03, 0., 0., 7.12250709e-04, 2.84900283e-03,
       7.12250709e-04, 4.98575484e-03, 1.56695154e-02, 0., 0.,
       7.12250709e-04, 0., 0., 7.12250709e-04, 7.12250709e-04,
       1.42450142e-03, 0., 7.12250709e-04, 7.12250709e-04, 0., 0.,
       1.42450142e-03, 2.13675201e-03, 7.12250709e-04, 0.,
       2.13675201e-03, 2.13675201e-03, 2.13675201e-03, 0.,
       2.84900283e-03, 2.84900283e-03, 0., 0., 0., 0., 0., 0.,
       2.84900283e-03, 2.84900283e-03, 0., 7.12250709e-04,
       2.84900283e-03, 0., 2.13675201e-03, 0., 7.12250709e-04,
       2.13675201e-03, 0., 7.12250709e-04, 1.42450142e-03,
       1.42450142e-03, 7.12250709e-04, 0., 0., 7.12250732e-03,
       7.12250709e-04, 1.42450142e-03, 0., 1.42450142e-03,
       2.84900283e-03, 7.12250709e-04, 1.42450142e-03, 1.42450142e-03,
       0., 1.42450142e-03, 7.12250709e-04, 1.42450142e-03, 0.,
       7.12250709e-04, 6.41025649e-03, 5.69800567e-03, 1.42450142e-03,
       9.25925933e-03, 7.12250709e-04, 0., 7.12250709e-04,
       2.84900283e-03, 3.56125366e-03, 7.12250709e-04, 0., 0.,
       1.42450142e-03, 7.12250709e-04, 7.12250709e-04, 1.42450142e-03,
       0., 1.49572650e-02, 1.42450142e-03, 0., 7.12250709e-04, 0.,
       1.42450142e-03, 0., 0., 0., 0., 0., 1.42450142e-03, 0.,
       1.42450142e-03, 1.42450142e-03, 0., 2.84900283e-03,
       2.13675201e-03, 0., 7.12250709e-04, 7.12250709e-04, 0.,
       1.42450142e-03, 2.84900283e-03, 7.12250709e-04, 0.,
       3.56125366e-03, 4.27350402e-03, 0., 3.56125366e-03,
       1.42450142e-03, 1.35327633e-02, 8.54700804e-03, 7.12250709e-04,
       0., 7.12250709e-04, 0., 0., 0., 1.42450142e-03, 0., 0.,
       1.42450142e-03, 1.42450142e-03, 7.12250732e-03, 0.,
       2.13675201e-03, 0., 7.12250709e-04, 0., 1.42450142e-03,
       2.13675201e-03, 7.12250709e-04, 0., 7.12250709e-04,
       7.12250709e-04, 7.12250709e-04, 3.56125366e-03, 0.,
       2.84900283e-03, 0., 0., 7.12250732e-03, 0., 1.42450142e-03,
       7.12250709e-04, 0., 1.42450142e-03, 7.12250709e-04, 0.,
       2.84900283e-03, 1.42450142e-03, 2.84900283e-03, 0., 0., 0.,
       2.13675201e-03, 4.27350402e-03, 7.12250709e-04, 0.,
       7.12250709e-04, 2.84900283e-03, 0., 0., 7.12250709e-04, 0., 0.,
       7.12250709e-04, 0., 7.12250709e-04, 7.12250709e-04,
       1.42450142e-03, 0., 0., 7.12250709e-04, 1.49572650e-02, 0., 0.,
       2.13675201e-03, 7.12250709e-04, 0., 2.13675201e-03, 0.,
       7.12250709e-04, 0., 0., 1.42450142e-03, 1.42450142e-03,
       3.56125366e-03, 0., 0., 0., 1.42450142e-03, 7.12250709e-04, 0.,
       7.12250709e-04, 7.12250709e-04, 0., 0., 1.42450142e-03, 0.,
       7.12250709e-04, 0., 2.13675201e-03, 1.28205130e-02, 0.,
       1.42450142e-03, 0., 7.12250709e-04, 2.13675201e-03,
       7.12250709e-04, 1.42450142e-03, 1.42450142e-03, 0.,
       7.12250709e-04, 4.98575484e-03, 1.42450142e-03, 2.84900283e-03,
       2.84900283e-03, 0., 7.12250709e-04, 7.12250709e-04, 0.,
       7.12250732e-03, 7.12250709e-04, 0., 1.42450142e-03, 0.,
       3.56125366e-03, 2.84900283e-03, 2.13675201e-03, 1.42450142e-03,
       7.12250709e-04, 0., 7.12250709e-04, 0., 2.13675201e-03, 0.,
       2.13675201e-03, 1.42450142e-03, 0., 7.12250709e-04,
       2.13675201e-03, 0., 7.12250709e-04, 0., 7.12250709e-04, 0., 0.,
       7.12250709e-04, 0., 0., 0., 0., 0., 4.27350402e-03,
       7.12250709e-04, 0., 0., 0., 0., 0., 7.12250709e-04,
       7.12250709e-04, 0., 0., 1.42450142e-03, 0., 7.12250709e-04, 0.,
       0., 7.12250709e-04, 0., 7.12250709e-04, 7.12250709e-04, 0.,
       3.56125366e-03, 7.12250709e-04, 0., 0., 0., 0., 0., 0., 0., 0.,
       1.42450142e-03, 6.41025649e-03, 8.54700804e-03, 7.12250709e-04,
       1.42450142e-03, 7.12250709e-04, 0., 7.12250709e-04, 0.,
       2.13675201e-03, 1.42450142e-03, 0., 0., 0., 2.35042740e-02, 0.,
       0., 1.42450142e-03, 2.84900283e-03, 2.13675201e-03, 0.,
       2.13675201e-03, 0., 1.42450142e-03, 0., 0., 7.12250709e-04, 0.,
       7.12250709e-04, 7.12250709e-04, 1.42450142e-03, 0.,
       1.42450142e-03, 1.42450142e-03, 0., 1.42450142e-03, 0., 0.,
       4.27350402e-03, 0., 1.42450142e-03, 4.27350402e-03,
       1.42450142e-03, 2.13675201e-03, 1.42450142e-03, 7.12250709e-04,
       0., 0., 0., 7.12250709e-04, 0., 7.12250709e-04, 1.42450142e-03,
       0., 1.42450142e-03, 0., 0., 2.13675201e-03, 0., 0., 0., 0.,
       7.12250709e-04, 0., 0., 7.12250709e-04, 5.69800567e-03, 0.,
       1.42450142e-03, 0., 0., 1.42450142e-03, 0., 1.42450142e-03,
       2.13675201e-03, 0., 0., 2.84900283e-03, 2.13675201e-03,
       1.42450142e-03, 7.12250709e-04, 0., 7.12250709e-04, 0.,
       7.12250709e-04, 7.12250709e-04, 7.12250709e-04, 0.,
       2.13675201e-03, 4.27350402e-03, 2.13675201e-03, 1.42450142e-03,
       1.42450142e-03, 0., 2.84900283e-03, 2.84900283e-03, 0.,
       1.42450142e-03, 0., 4.27350402e-03, 0., 7.12250709e-04,
       7.12250709e-04, 2.13675201e-03, 7.12250709e-04, 0.,
       7.12250732e-03, 0., 0., 7.12250709e-04, 0., 0., 1.56695154e-02,
       0., 2.13675201e-03, 0., 7.12250709e-04, 0., 1.42450142e-03,
       7.12250709e-04, 7.12250709e-04, 1.42450142e-03, 0., 0., 0., 0.,
       2.84900283e-03, 0., 1.42450142e-03, 0., 7.12250709e-04, 0., 0.,
       1.42450142e-03, 0., 0., 0., 0., 7.12250709e-04, 7.12250709e-04,
       4.27350402e-03, 0., 5.69800567e-03, 0., 3.56125366e-03, 0.,
       7.12250709e-04, 0., 0., 0., 0., 0., 0., 9.97150969e-03, 0.,
       7.12250709e-04, 7.12250709e-04, 0., 7.12250709e-04, 0., 0.,
       7.12250709e-04, 7.12250709e-04, 7.12250709e-04, 0.,
       2.84900283e-03, 1.42450142e-03, 0., 7.12250709e-04,
       7.12250709e-04, 0., 7.12250709e-04, 7.12250709e-04,
       2.13675201e-03, 1.42450142e-03, 2.84900283e-03, 0.,
       2.84900283e-03, 0., 2.13675201e-03, 0., 0., 0., 4.98575484e-03,
       0., 2.84900283e-03, 0., 5.69800567e-03, 1.42450142e-03, 0., 0.,
       7.12250709e-04, 1.42450142e-03, 0., 2.84900283e-03,
       1.42450142e-03, 7.12250709e-04, 2.13675201e-03, 0., 0.,
       7.12250709e-04, 0., 1.42450142e-03, 7.12250709e-04,
       4.27350402e-03, 1.42450142e-03, 1.42450142e-03, 0., 0., 0.,
       2.84900283e-03, 1.42450142e-03, 1.49572650e-02, 2.84900283e-03,
       0., 7.12250709e-04, 7.12250709e-04, 2.84900283e-03,
       2.27920227e-02, 7.12250709e-04, 0., 0., 2.13675201e-03, 0.,
       9.97150969e-03, 2.13675201e-03, 7.12250732e-03, 0.,
       1.42450142e-03, 1.42450142e-03, 4.27350402e-03, 0., 0., 0.,
       2.13675201e-03, 7.12250709e-04, 2.13675201e-03, 7.12250709e-04,
       7.12250709e-04, 0., 7.12250709e-04, 1.42450142e-03,
       1.42450142e-03, 0., 0., 0., 7.12250709e-04, 7.12250709e-04, 0.,
       7.12250709e-04, 6.41025649e-03, 4.98575484e-03, 0., 0., 0., 0.,
       1.42450142e-03, 0., 0., 0., 2.13675201e-03, 7.12250709e-04,
       3.56125366e-03, 2.13675201e-03, 4.27350402e-03, 7.12250709e-04,
       7.12250709e-04, 0., 7.12250709e-04, 1.42450142e-03,
       7.12250709e-04, 0., 7.12250709e-04, 7.12250709e-04,
       2.84900283e-03, 7.12250709e-04, 0., 0., 0., 0., 1.42450142e-03,
       7.12250709e-04, 3.56125366e-03, 4.27350402e-03, 1.42450142e-03,
       7.12250709e-04, 2.13675201e-03, 2.13675201e-03, 1.42450142e-03,
       0., 7.12250709e-04, 7.12250709e-04, 0., 0., 7.12250709e-04,
       2.13675201e-03, 1.42450142e-03, 0., 7.12250709e-04, 0.,
       7.12250709e-04, 0., 1.42450142e-03, 7.12250709e-04,
       1.42450142e-03, 2.13675201e-03, 2.84900283e-03, 0., 0., 0.,
       7.12250709e-04, 3.56125366e-03, 7.12250709e-04, 0., 0.,
       7.12250709e-04, 7.12250709e-04, 1.42450142e-03, 0.,
       7.12250709e-04, 4.98575484e-03, 7.12250709e-04, 7.12250709e-04,
       7.12250709e-04, 0., 0., 2.13675201e-03, 0., 0., 0., 0.,
       7.12250709e-04, 2.13675201e-03, 1.42450142e-03, 1.42450142e-03,
       0., 0., 1.42450142e-03, 4.27350402e-03, 0., 0., 1.42450142e-03,
       0., 0., 7.12250709e-04, 0., 1.42450142e-03, 7.12250709e-04, 0.,
       5.69800567e-03, 0., 0., 1.42450142e-03, 4.27350402e-03,
