%YAML:1.0
m10n: !!opencv-matrix
   rows: 1
   cols: 800
   dt: f
   data: [ 6.07902708e-04, 9.11854091e-04, 6.07902708e-04,
       6.38297852e-03, 1.82370818e-03, 3.03951348e-03, 1.51975674e-03,
       6.07902708e-04, 6.07902708e-04, 3.03951354e-04, 6.07902708e-04,
       1.21580542e-03, 1.51975674e-03, 9.11854091e-04, 1.51975674e-03,
       2.12765951e-03, 9.11854091e-04, 3.03951354e-04, 1.21580542e-03,
       9.11854091e-04, 1.21580542e-03, 3.03951354e-04, 1.21580542e-03,
       6.07902708e-04, 4.55927011e-03, 1.51975674e-03, 9.11854091e-04,
       1.82370818e-03, 6.07902708e-04, 3.03951354e-04, 1.21580542e-03,
       1.21580542e-03, 6.07902708e-04, 0., 2.12765951e-03, 0.,
       2.12765951e-03, 9.11854091e-04, 6.07902708e-04, 1.21580542e-03,
       0., 4.86322166e-03, 2.43161083e-03, 2.43161083e-03,
       1.21580542e-03, 1.21580542e-03, 1.51975674e-03, 6.07902696e-03,
       9.11854091e-04, 4.86322166e-03, 9.11854091e-04, 1.21580542e-03,
       3.03951354e-04, 6.07902708e-04, 3.03951354e-04, 1.21580542e-03,
       5.16717322e-03, 6.07902708e-04, 0., 3.34346481e-03, 0.,
       1.21580542e-03, 2.43161083e-03, 9.11854091e-04, 1.82370818e-03,
       9.11854091e-04, 6.07902708e-04, 1.51975674e-03, 6.07902708e-04,
       6.07902708e-04, 9.11854091e-04, 1.21580542e-03, 1.21580542e-03,
       1.21580542e-03, 1.51975674e-03, 6.07902708e-04, 2.73556216e-03,
       3.03951354e-04, 3.03951354e-04, 3.03951354e-04, 0.,
       3.03951354e-04, 9.11854091e-04, 1.51975674e-03, 6.07902708e-04,
       1.82370818e-03, 9.11854091e-04, 3.34346481e-03, 1.21580542e-03,
       1.51975674e-03, 2.12765951e-03, 6.07902708e-04, 1.21580542e-03,
       1.21580542e-03, 3.03951354e-04, 9.11854091e-04, 9.11854091e-04,
       0., 3.64741636e-03, 9.11854091e-04, 9.11854091e-04,
       6.07902708e-04, 2.12765951e-03, 2.73556216e-03, 9.11854091e-04,
       2.12765951e-03, 1.21580542e-03, 6.07902708e-04, 3.03951354e-04,
       6.07902708e-04, 2.43161083e-03, 9.11854091e-04, 1.51975674e-03,
       9.11854091e-04, 9.11854091e-04, 2.12765951e-03, 0.,
       9.11854091e-04, 1.51975674e-03, 2.43161083e-03, 1.21580542e-03,
       1.21580542e-03, 6.07902708e-04, 6.07902708e-04, 6.07902708e-04,
       1.21580542e-03, 2.12765951e-03, 2.12765951e-03, 1.51975674e-03,
       9.11854091e-04, 1.51975674e-03, 9.11854091e-04, 1.21580542e-03,
       1.51975674e-03, 1.51975674e-03, 1.79331303e-02, 3.03951354e-04,
       1.51975674e-03, 3.03951348e-03, 1.21580542e-03, 3.03951354e-04,
       2.43161083e-03, 6.07902708e-04, 1.51975674e-03, 3.03951354e-04,
       2.12765951e-03, 1.21580542e-03, 9.11854091e-04, 9.11854091e-04,
       3.03951354e-04, 2.12765951e-03, 9.11854091e-04, 3.03951354e-04,
       9.11854091e-04, 6.07902708e-04, 2.73556216e-03, 2.43161083e-03,
       3.03951354e-04, 3.03951354e-04, 9.11854091e-04, 3.03951354e-04,
       1.82370818e-03, 3.03951354e-04, 1.21580542e-03, 6.07902708e-04,
       6.07902708e-04, 6.07902708e-04, 1.21580542e-03, 0.,
       6.07902708e-04, 1.82370818e-03, 9.11854091e-04, 6.07902708e-04,
       6.07902708e-04, 6.07902708e-04, 0., 1.51975674e-03,
       4.86322166e-03, 1.51975674e-03, 1.51975674e-03, 6.07902696e-03,
       1.82370818e-03, 0., 6.07902708e-04, 1.21580542e-03,
       6.07902708e-04, 1.21580542e-03, 6.07902708e-04, 9.11854091e-04,
       1.82370818e-03, 1.21580542e-03, 4.55927011e-03, 1.82370818e-03,
       6.07902708e-04, 6.07902708e-04, 3.03951354e-04, 6.07902708e-04,
       1.21580542e-03, 1.51975674e-03, 9.11854091e-04, 6.07902708e-04,
       3.03951354e-04, 1.51975674e-03, 1.18541028e-02, 1.21580542e-03,
       3.95136746e-03, 2.43161083e-03, 1.21580542e-03, 1.21580542e-03,
       0., 6.07902708e-04, 6.07902708e-04, 9.11854091e-04,
       9.11854091e-04, 3.03951354e-04, 1.51975674e-03, 9.11854091e-04,
       6.07902708e-04, 3.03951354e-04, 6.07902708e-04, 0.,
       9.11854091e-04, 2.12765951e-03, 9.11854091e-04, 9.11854091e-04,
       9.11854091e-04, 6.07902708e-04, 6.07902708e-04, 2.12765951e-03,
       4.55927011e-03, 3.03951354e-04, 9.11854091e-04, 6.07902708e-04,
       6.07902708e-04, 1.21580542e-03, 0., 3.34346481e-03,
       1.51975674e-03, 9.11854091e-04, 3.03951354e-04, 9.11854091e-04,
       0., 1.21580542e-03, 5.16717322e-03, 1.21580542e-03,
       3.03951354e-04, 5.16717322e-03, 2.12765951e-03, 0.,
       1.51975674e-03, 9.11854091e-04, 6.07902708e-04, 3.03951354e-04,
       9.11854091e-04, 3.03951354e-04, 2.12765951e-03, 2.12765951e-03,
       2.12765951e-03, 3.03951354e-04, 6.07902708e-04, 1.82370818e-03,
       3.03951354e-04, 1.21580542e-03, 1.21580542e-03, 1.51975674e-03,
       2.43161083e-03, 1.21580542e-03, 6.07902708e-04, 6.07902708e-04,
       1.51975674e-03, 3.95136746e-03, 9.11854091e-04, 3.03951354e-04,
       6.07902708e-04, 9.11854091e-04, 2.43161083e-03, 1.21580542e-03,
       3.34346481e-03, 6.07902708e-04, 1.21580542e-03, 6.07902708e-04,
       6.07902708e-04, 1.21580542e-03, 1.21580542e-03, 9.11854091e-04,
       6.07902708e-04, 6.07902708e-04, 9.11854091e-04, 9.11854091e-04,
       6.07902708e-04, 3.03951348e-03, 1.21580542e-03, 1.21580542e-03,
       6.07902708e-04, 2.12765951e-03, 6.07902708e-04, 3.03951354e-04,
       3.03951354e-04, 9.11854091e-04, 1.82370818e-03, 9.11854091e-04,
       6.07902708e-04, 9.11854091e-04, 3.03951354e-04, 4.25531901e-03,
       1.51975674e-03, 9.11854091e-04, 6.07902708e-04, 3.03951354e-04,
       1.51975674e-03, 2.73556216e-03, 3.34346481e-03, 6.07902708e-04,
       1.51975674e-03, 1.51975674e-03, 9.11854091e-04, 6.07902708e-04,
       6.07902708e-04, 9.11854091e-04, 1.21580542e-03, 6.07902708e-04,
       3.03951354e-04, 2.73556216e-03, 1.51975674e-03, 1.51975674e-03,
       0., 1.21580542e-03, 2.73556216e-03, 9.11854091e-04,
       2.43161083e-03, 9.11854091e-04, 6.07902708e-04, 4.55927011e-03,
       0., 3.03951354e-04, 9.11854091e-04, 1.21580542e-03,
       3.03951354e-04, 3.03951354e-04, 3.03951354e-04, 1.82370818e-03,
       9.11854091e-04, 1.21580542e-03, 9.11854091e-04, 2.73556216e-03,
       3.03951354e-04, 1.82370818e-03, 1.82370818e-03, 3.03951354e-04,
       6.07902708e-04, 9.11854091e-04, 3.03951354e-04, 6.07902708e-04,
       1.21580542e-03, 2.43161083e-03, 1.21580542e-03, 1.51975674e-03,
       6.07902708e-04, 1.21580542e-03, 4.25531901e-03, 9.11854091e-04,
       6.07902708e-04, 2.12765951e-03, 6.07902708e-04, 1.51975674e-03,
       6.07902708e-04, 3.03951354e-04, 6.07902708e-04, 6.68692961e-03,
       1.51975674e-03, 6.07902708e-04, 9.11854091e-04, 3.03951354e-04,
       9.11854091e-04, 1.21580542e-03, 1.21580542e-03, 2.12765951e-03,
       3.03951354e-04, 9.11854021e-03, 0., 1.21580542e-03,
       1.51975674e-03, 3.03951354e-04, 1.21580542e-03, 3.03951354e-04,
       9.11854091e-04, 9.11854091e-04, 0., 4.86322166e-03,
       6.07902708e-04, 2.12765951e-03, 5.77507587e-03, 0.,
       6.07902696e-03, 6.07902708e-04, 6.07902708e-04, 3.03951348e-03,
       0., 0., 2.12765951e-03, 9.11854091e-04, 9.11854091e-04,
       2.12765951e-03, 3.03951354e-04, 6.07902708e-04, 2.12765951e-03,
       3.03951354e-04, 3.03951354e-04, 3.03951354e-04, 0.,
       2.12765951e-03, 9.11854091e-04, 6.07902708e-04, 2.12765951e-03,
       2.12765951e-03, 2.43161083e-03, 1.82370818e-03, 3.03951354e-04,
       9.11854091e-04, 9.11854091e-04, 2.43161083e-03, 3.03951354e-04,
       2.43161083e-03, 2.43161083e-03, 2.12765951e-03, 2.12765951e-03,
       9.11854091e-04, 3.03951354e-04, 1.82370818e-03, 6.07902708e-04,
       6.07902708e-04, 1.21580542e-03, 1.21580542e-03, 3.34346481e-03,
       1.82370818e-03, 1.21580542e-03, 0., 9.11854091e-04,
       6.07902708e-04, 1.21580542e-03, 9.11854091e-04, 1.21580542e-03,
       9.11854091e-04, 3.03951348e-03, 0., 9.11854091e-04,
       9.11854091e-04, 6.07902708e-04, 3.03951354e-04, 0.,
       3.03951354e-04, 0., 1.21580542e-03, 1.82370818e-03,
       1.21580542e-03, 9.11854091e-04, 3.03951354e-04, 0.,
       3.03951354e-04, 1.51975674e-03, 3.03951354e-04, 0.,
       6.07902708e-04, 9.11854091e-04, 9.11854091e-04, 6.07902708e-04,
