%YAML:1.0
m10n: !!opencv-matrix
   rows: 1
   cols: 800
   dt: f
   data: [ 4.25170059e-04, 5.10204071e-03, 8.50340119e-04,
       4.25170059e-04, 1.70068024e-03, 8.07823148e-03, 2.97619030e-03,
       2.12585041e-03, 5.10204071e-03, 8.50340119e-04, 0.,
       1.70068024e-03, 1.27551018e-03, 5.52721089e-03, 0.,
       4.25170059e-04, 8.50340119e-04, 0., 4.25170059e-04,
       1.27551018e-03, 1.70068024e-03, 4.25170059e-04, 1.27551018e-03,
       2.97619030e-03, 1.70068024e-03, 0., 1.27551018e-03,
       3.40136047e-03, 3.82653065e-03, 4.25170059e-04, 1.70068024e-03,
       0., 4.25170083e-03, 0., 4.25170059e-04, 4.25170059e-04,
       4.25170083e-03, 0., 4.25170083e-03, 1.70068024e-03,
       4.25170059e-04, 8.50340119e-04, 4.25170059e-04, 2.97619030e-03,
       4.25170059e-04, 8.50340119e-04, 0., 4.25170059e-04,
       8.50340119e-04, 4.25170059e-04, 0., 0., 8.50340119e-04,
       2.12585041e-03, 0., 6.80272095e-03, 0., 1.70068024e-03,
       4.25170059e-04, 0., 1.70068024e-03, 2.12585041e-03,
       2.12585041e-03, 8.50340119e-04, 0., 4.25170059e-04,
       2.55102036e-03, 4.25170059e-04, 1.27551018e-03, 2.97619030e-03,
       4.25170083e-03, 4.25170059e-04, 4.25170059e-04, 5.52721089e-03,
       1.70068024e-03, 0., 2.55102036e-03, 4.25170083e-03,
       1.27551018e-03, 1.27551018e-03, 0., 8.50340119e-04,
       4.25170059e-04, 4.25170059e-04, 4.25170059e-04, 4.25170059e-04,
       1.27551018e-03, 3.82653065e-03, 8.50340119e-04, 1.27551018e-03,
       1.27551018e-03, 0., 4.25170059e-04, 4.25170059e-04,
       4.25170059e-04, 4.25170059e-04, 1.27551018e-03, 1.70068024e-03,
       0., 4.25170059e-04, 4.25170059e-04, 4.25170083e-03,
       8.50340119e-04, 8.50340119e-04, 0., 4.25170059e-04, 0.,
       4.25170059e-04, 0., 1.70068024e-03, 1.70068024e-03, 0., 0.,
       7.65306130e-03, 8.50340119e-04, 7.22789112e-03, 2.12585041e-03,
       4.25170059e-04, 4.25170059e-04, 4.25170059e-04, 1.70068024e-03,
       0., 4.25170059e-04, 0., 8.50340119e-04, 8.50340119e-04,
       2.55102036e-03, 1.27551018e-03, 0., 1.70068024e-03,
       4.25170059e-04, 8.50340119e-04, 1.27551018e-03, 2.55102036e-03,
       0., 1.27551018e-03, 0., 8.50340119e-04, 4.67687054e-03, 0.,
       8.50340119e-04, 1.70068024e-03, 8.50340119e-04, 4.25170059e-04,
       2.12585041e-03, 0., 0., 8.50340119e-04, 0., 7.22789112e-03,
       8.50340119e-04, 4.25170083e-03, 8.50340119e-04, 0., 0.,
       8.50340119e-04, 2.97619030e-03, 2.55102036e-03, 4.25170059e-04,
       2.55102036e-03, 1.27551018e-03, 4.25170059e-04, 4.25170059e-04,
       4.25170059e-04, 1.70068024e-03, 0., 0., 0., 1.70068024e-03,
       2.55102036e-03, 2.55102036e-03, 2.97619030e-03, 4.25170059e-04,
       3.82653065e-03, 1.27551018e-03, 1.27551018e-03, 0.,
       4.25170059e-04, 0., 4.25170059e-04, 4.25170059e-04,
       1.27551018e-03, 1.27551018e-03, 8.50340119e-04, 4.25170059e-04,
       1.70068024e-03, 8.50340119e-04, 8.50340119e-04, 0., 0.,
       1.27551018e-03, 1.27551018e-03, 0., 1.70068024e-03,
       1.27551018e-03, 2.55102036e-03, 2.12585041e-03, 4.25170059e-04,
       1.70068024e-03, 4.25170059e-04, 8.50340119e-04, 1.70068024e-03,
       4.25170059e-04, 8.50340119e-04, 1.70068024e-03, 0.,
       1.70068024e-03, 4.25170059e-04, 1.27551018e-03, 4.25170059e-04,
       0., 8.07823148e-03, 0., 4.25170059e-04, 4.25170059e-04,
       4.25170059e-04, 0., 8.50340119e-04, 1.27551018e-03,
       4.25170059e-04, 0., 1.70068024e-03, 1.27551018e-03, 0.,
       1.27551018e-03, 4.25170059e-04, 4.25170059e-04, 0.,
       4.25170059e-04, 1.27551018e-03, 8.50340119e-04, 4.25170059e-04,
       0., 0., 8.50340119e-04, 1.27551018e-03, 2.12585041e-03,
       5.10204071e-03, 8.50340119e-04, 4.25170059e-04, 0., 0.,
       8.50340119e-04, 0., 1.70068024e-03, 0., 1.31802717e-02,
       3.40136047e-03, 8.50340119e-04, 4.25170083e-03, 4.25170059e-04,
       8.50340119e-04, 4.25170059e-04, 4.25170059e-04, 0.,
       8.50340119e-04, 0., 1.70068024e-03, 0., 0., 0., 4.25170059e-04,
       1.70068024e-03, 8.50340119e-04, 4.25170059e-04, 0.,
       4.25170059e-04, 4.67687054e-03, 3.40136047e-03, 4.25170059e-04,
       4.25170059e-04, 0., 0., 8.50340119e-04, 4.25170059e-04,
       8.50340119e-04, 1.70068024e-03, 4.25170059e-04, 8.50340119e-04,
       0., 1.27551018e-03, 8.50340119e-04, 8.50340119e-04,
       4.25170059e-04, 1.70068024e-03, 5.52721089e-03, 1.27551018e-03,
       4.25170059e-04, 4.25170059e-04, 0., 1.70068024e-03, 0.,
       8.50340119e-04, 4.25170059e-04, 1.70068024e-03, 2.55102036e-03,
       8.50340119e-04, 0., 4.25170059e-04, 0., 2.12585041e-03,
       1.27551018e-03, 4.25170059e-04, 0., 8.50340119e-04,
       2.12585041e-03, 1.70068024e-03, 5.10204071e-03, 4.25170059e-04,
       1.27551018e-03, 1.27551018e-03, 0., 2.12585041e-03,
       1.27551018e-03, 2.12585041e-03, 8.50340119e-04, 0.,
       4.25170059e-04, 8.50340119e-04, 0., 4.25170059e-04,
       4.25170059e-04, 8.50340119e-04, 8.50340119e-04, 4.25170059e-04,
       1.70068024e-03, 8.50340119e-04, 4.25170059e-04, 4.25170059e-04,
       4.25170059e-04, 8.50340119e-04, 2.55102036e-03, 4.25170059e-04,
       8.50340119e-04, 1.27551018e-03, 1.27551018e-03, 1.27551018e-03,
       6.80272095e-03, 8.50340119e-04, 3.40136047e-03, 1.27551018e-03,
       0., 0., 8.50340119e-04, 2.97619030e-03, 4.25170059e-04,
       1.27551018e-03, 1.70068024e-03, 1.70068024e-03, 3.40136047e-03,
       0., 2.97619030e-03, 1.70068024e-03, 2.12585041e-03,
       4.25170059e-04, 8.50340119e-04, 8.50340119e-04, 4.25170059e-04,
       1.27551018e-03, 1.70068024e-03, 2.55102036e-03, 2.12585041e-03,
       0., 2.12585041e-03, 5.95238060e-03, 1.27551018e-03,
       1.27551018e-03, 1.27551018e-03, 0., 0., 2.12585041e-03,
       1.70068024e-03, 1.27551018e-03, 0., 1.27551018e-03, 0.,
       8.50340119e-04, 4.25170059e-04, 4.25170059e-04, 4.25170059e-04,
       0., 1.27551018e-03, 0., 8.50340119e-04, 4.25170059e-04,
       1.70068024e-03, 4.25170059e-04, 4.25170083e-03, 4.25170059e-04,
       4.25170059e-04, 0., 4.25170059e-04, 4.25170059e-04,
       4.25170059e-04, 4.25170059e-04, 3.40136047e-03, 2.97619030e-03,
       4.25170059e-04, 8.50340119e-04, 4.25170083e-03, 0.,
       8.50340119e-04, 0., 0., 8.50340119e-04, 0., 8.50340119e-04,
       2.12585041e-03, 0., 0., 1.27551018e-03, 1.70068024e-03,
       2.12585041e-03, 1.27551018e-03, 2.12585041e-03, 0.,
       1.27551018e-03, 1.27551018e-03, 0., 2.12585041e-03, 0.,
       4.25170059e-04, 4.25170059e-04, 3.40136047e-03, 2.97619030e-03,
       4.25170059e-04, 0., 0., 0., 4.25170059e-04, 8.50340119e-04,
       1.27551018e-03, 3.82653065e-03, 8.50340119e-04, 2.12585041e-03,
       2.97619030e-03, 8.50340119e-04, 1.27551018e-03, 0.,
       4.25170059e-04, 4.25170059e-04, 4.25170059e-04, 4.25170059e-04,
       8.50340119e-04, 2.12585041e-03, 4.25170059e-04, 2.12585041e-03,
       0., 0., 4.25170059e-04, 4.25170059e-04, 0., 8.50340119e-04,
       8.50340119e-04, 1.70068024e-03, 2.12585041e-03, 0., 0., 0.,
       2.55102036e-03, 1.27551018e-03, 4.25170059e-04, 8.50340119e-04,
       1.70068024e-03, 0., 4.25170059e-04, 2.12585041e-03,
       1.70068024e-03, 8.50340119e-04, 1.27551018e-03, 1.70068024e-03,
       4.25170059e-04, 0., 2.97619030e-03, 1.70068024e-03,
       3.82653065e-03, 2.12585041e-03, 8.50340119e-04, 3.40136047e-03,
       0., 3.82653065e-03, 2.12585041e-03, 0., 2.12585041e-03, 0., 0.,
       0., 2.55102036e-03, 4.25170059e-04, 8.50340119e-04,
       1.70068024e-03, 4.25170059e-04, 4.25170059e-04, 1.27551018e-03,
       4.25170059e-04, 4.25170059e-04, 1.70068024e-03, 3.40136047e-03,
       4.25170059e-04, 1.27551018e-03, 1.27551018e-03, 4.25170059e-04,
       0., 1.70068024e-03, 0., 4.67687054e-03, 4.25170059e-04, 0.,
       8.50340119e-04, 1.70068024e-03, 1.70068024e-03, 9.35374107e-03,
       4.25170059e-04, 2.12585041e-03, 4.25170059e-04, 8.50340119e-04,
       1.70068024e-03, 3.40136047e-03, 1.27551018e-03, 9.35374107e-03,
       1.70068024e-03, 3.82653065e-03, 1.27551018e-03, 6.37755077e-03,
