%YAML:1.0
m10n: !!opencv-matrix
   rows: 1
   cols: 800
   dt: f
   data: [ 1.07095041e-03, 2.14190083e-03, 2.67737592e-03,
       1.07095041e-03, 5.35475207e-04, 1.87416328e-03, 2.14190083e-03,
       8.03212810e-04, 5.35475207e-04, 5.35475207e-04, 1.07095041e-03,
       2.94511369e-03, 1.60642562e-03, 2.67737603e-04, 2.40963837e-03,
       1.33868796e-03, 2.67737603e-04, 1.07095041e-03, 5.35475207e-04,
       1.07095041e-03, 8.03212810e-04, 2.67737603e-04, 2.40963837e-03,
       2.67737592e-03, 7.76439067e-03, 5.35475207e-04, 0.,
       2.67737603e-04, 2.67737603e-04, 1.60642562e-03, 2.40963837e-03,
       2.14190083e-03, 1.07095041e-03, 8.03212810e-04, 5.35475207e-04,
       5.35475207e-04, 1.87416328e-03, 1.87416328e-03, 1.07095041e-03,
       8.03212810e-04, 1.07095041e-03, 8.03212810e-04, 2.67737603e-04,
       8.03212810e-04, 1.87416328e-03, 1.87416328e-03, 1.87416328e-03,
       6.69344002e-03, 2.67737603e-04, 4.01606411e-03, 1.07095041e-03,
       8.03212810e-04, 1.33868796e-03, 1.07095041e-03, 5.35475207e-04,
       8.03212810e-04, 3.48058878e-03, 5.35475207e-04, 2.67737603e-04,
       8.03212810e-04, 1.07095041e-03, 3.21285124e-03, 0.,
       1.87416328e-03, 8.03212810e-04, 0., 2.67737603e-04,
       1.07095041e-03, 1.07095041e-03, 2.67737592e-03, 5.35475207e-04,
       1.87416328e-03, 1.07095041e-03, 1.07095041e-03, 2.94511369e-03,
       2.67737603e-04, 1.60642562e-03, 1.33868796e-03, 1.33868796e-03,
       1.33868796e-03, 8.03212810e-04, 8.03212810e-04, 8.03212810e-04,
       2.40963837e-03, 1.33868796e-03, 1.07095041e-03, 1.07095041e-03,
       4.28380165e-03, 1.33868796e-03, 2.67737592e-03, 0., 0.,
       8.03212810e-04, 8.03212810e-04, 1.33868796e-03, 5.35475207e-04,
       2.67737603e-04, 2.67737603e-04, 0., 5.35475207e-04, 0.,
       1.07095041e-03, 1.87416328e-03, 1.33868796e-03, 8.03212810e-04,
       2.40963837e-03, 2.67737592e-03, 1.07095041e-03, 1.33868796e-03,
       1.60642562e-03, 2.67737592e-03, 0., 8.03212810e-04,
       8.03212810e-04, 8.03212810e-04, 1.60642562e-03, 5.35475207e-04,
       5.35475207e-04, 1.33868796e-03, 2.67737603e-04, 1.60642562e-03,
       1.33868796e-03, 1.87416328e-03, 1.07095041e-03, 1.87416328e-03,
       8.03212810e-04, 8.03212810e-04, 1.07095041e-03, 5.35475207e-04,
       1.33868796e-03, 1.33868796e-03, 2.94511369e-03, 1.33868796e-03,
       8.03212810e-04, 8.03212810e-04, 9.90629103e-03, 1.33868796e-03,
       1.33868796e-03, 2.67737603e-04, 8.03212810e-04, 2.67737603e-04,
       2.94511369e-03, 5.35475207e-04, 1.33868796e-03, 8.03212810e-04,
       8.03212810e-04, 2.14190083e-03, 5.62248984e-03, 4.55153920e-03,
       1.33868796e-03, 5.35475207e-04, 2.94511369e-03, 8.03212810e-04,
       1.33868796e-03, 0., 8.03212810e-04, 5.35475207e-04,
       1.33868796e-03, 8.03212810e-04, 1.60642562e-03, 5.35475207e-04,
       5.35475207e-04, 5.35475207e-04, 1.07095041e-03, 2.67737603e-04,
       5.35475207e-04, 5.35475207e-04, 3.48058878e-03, 2.67737603e-04,
       1.87416328e-03, 1.87416328e-03, 3.21285124e-03, 1.07095041e-03,
       8.03212810e-04, 2.67737603e-04, 8.03212810e-04, 1.07095041e-03,
       6.42570248e-03, 1.87416328e-03, 3.21285124e-03, 1.87416328e-03,
       2.40963837e-03, 1.33868796e-03, 1.87416328e-03, 2.67737603e-04,
       5.35475207e-04, 2.94511369e-03, 1.33868796e-03, 1.07095041e-03,
       2.94511369e-03, 1.07095041e-03, 1.87416328e-03, 3.21285124e-03,
       2.14190083e-03, 1.87416328e-03, 1.07095041e-03, 2.67737603e-04,
       0., 8.03212810e-04, 1.60642562e-03, 1.33868796e-03,
       1.07095041e-03, 2.67737592e-03, 4.01606411e-03, 1.33868796e-03,
       3.21285124e-03, 8.03212810e-04, 1.87416328e-03, 5.35475207e-04,
       8.03212810e-04, 1.07095041e-03, 1.33868796e-03, 2.67737592e-03,
       8.03212810e-04, 1.33868796e-03, 1.07095041e-03, 5.35475207e-04,
       2.67737603e-04, 5.35475207e-04, 1.87416328e-03, 0.,
       1.07095041e-03, 1.33868796e-03, 5.35475207e-04, 8.03212810e-04,
       1.60642562e-03, 1.87416328e-03, 1.60642562e-03, 1.33868796e-03,
       1.07095041e-03, 8.03212810e-04, 5.35475207e-04, 1.33868796e-03,
       2.14190083e-03, 1.07095041e-03, 1.60642562e-03, 2.14190083e-03,
       5.35475207e-04, 5.35475207e-04, 2.67737603e-04, 1.87416328e-03,
       5.35475207e-04, 8.03212810e-04, 0., 1.33868796e-03,
       5.35475207e-04, 4.55153920e-03, 2.94511369e-03, 2.67737603e-04,
       2.67737603e-04, 2.67737603e-04, 1.33868796e-03, 1.33868796e-03,
       1.33868796e-03, 2.67737603e-04, 8.03212810e-04, 3.48058878e-03,
       1.60642562e-03, 5.35475207e-04, 1.60642562e-03, 2.14190083e-03,
       0., 1.60642562e-03, 1.33868796e-03, 1.60642562e-03,
       5.35475207e-04, 8.03212810e-04, 1.87416328e-03, 2.40963837e-03,
       5.35475207e-04, 2.40963837e-03, 1.07095041e-03, 1.87416328e-03,
       5.35475207e-04, 8.03212810e-04, 8.03212810e-04, 1.33868796e-03,
       2.67737592e-03, 1.60642562e-03, 1.07095041e-03, 2.94511369e-03,
       1.60642562e-03, 8.03212810e-04, 1.07095041e-03, 1.33868796e-03,
       2.67737592e-03, 8.03212810e-04, 5.35475207e-04, 5.35475207e-04,
       5.35475207e-04, 0., 0., 1.33868796e-03, 1.33868796e-03,
       1.87416328e-03, 1.33868796e-03, 0., 8.03212810e-04,
       2.67737603e-04, 1.33868796e-03, 2.67737592e-03, 2.67737603e-04,
       1.07095041e-03, 5.35475207e-04, 2.67737603e-04, 0.,
       1.33868796e-03, 1.07095041e-03, 2.67737603e-04, 5.35475207e-04,
       1.07095041e-03, 2.14190083e-03, 8.03212810e-04, 2.67737592e-03,
       1.87416328e-03, 1.33868796e-03, 8.03212810e-04, 1.33868796e-03,
       1.60642562e-03, 1.07095041e-03, 0., 8.03212810e-04, 0.,
       5.35475207e-04, 1.07095041e-03, 2.40963837e-03, 2.67737603e-04,
       2.14190083e-03, 1.60642562e-03, 1.07095041e-03, 2.40963837e-03,
       8.03212810e-04, 6.96117757e-03, 2.67737592e-03, 2.67737603e-04,
       1.33868796e-03, 8.03212810e-04, 1.07095041e-03, 1.33868796e-03,
       5.35475207e-04, 6.42570248e-03, 1.07095041e-03, 1.87416328e-03,
       5.35475207e-04, 1.33868796e-03, 8.03212810e-04, 2.67737603e-04,
       1.07095041e-03, 5.35475207e-04, 1.07095041e-03, 5.35475207e-04,
       1.07095041e-03, 1.07095041e-03, 8.03212810e-04, 5.35475183e-03,
       5.35475207e-04, 5.35475207e-04, 5.35475207e-04, 1.60642562e-03,
       1.07095041e-03, 1.07095041e-03, 1.60642562e-03, 2.67737592e-03,
       2.40963837e-03, 1.33868796e-03, 1.07095041e-03, 8.03212810e-04,
       2.67737603e-04, 2.40963837e-03, 1.07095041e-03, 3.21285124e-03,
       1.33868796e-03, 1.07095041e-03, 2.67737603e-04, 1.87416328e-03,
       0., 1.07095041e-03, 5.35475207e-04, 2.40963837e-03,
       5.35475207e-04, 1.07095041e-03, 8.03212810e-04, 1.07095041e-03,
       5.35475207e-04, 8.03212810e-04, 1.07095041e-03, 1.87416328e-03,
       2.67737603e-04, 1.33868796e-03, 1.60642562e-03, 1.87416328e-03,
       8.03212810e-04, 5.35475207e-04, 0., 5.35475207e-04,
       5.35475207e-04, 2.67737603e-04, 1.33868796e-03, 1.07095041e-03,
       2.14190083e-03, 1.07095041e-03, 1.87416328e-03, 1.87416328e-03,
       2.67737603e-04, 2.67737603e-04, 2.67737603e-04, 8.03212810e-04,
       8.03212810e-04, 1.07095041e-03, 1.33868796e-03, 6.15796493e-03,
       8.03212810e-04, 5.35475207e-04, 1.07095041e-03, 8.03212810e-04,
       2.40963837e-03, 5.35475207e-04, 1.07095041e-03, 1.60642562e-03,
       8.03212810e-04, 2.40963837e-03, 5.35475207e-04, 1.33868796e-03,
       1.07095041e-03, 1.33868796e-03, 1.33868796e-03, 1.60642562e-03,
       0., 1.07095041e-03, 8.03212810e-04, 1.33868796e-03,
       2.40963837e-03, 1.87416328e-03, 5.35475207e-04, 1.87416328e-03,
       2.67737603e-04, 8.03212810e-04, 1.33868796e-03, 1.07095041e-03,
       1.07095041e-03, 0., 2.67737603e-04, 2.67737603e-04,
       1.33868796e-03, 2.67737603e-04, 1.60642562e-03, 2.14190083e-03,
       1.33868796e-03, 8.03212810e-04, 1.60642562e-03, 1.60642562e-03,
       2.67737603e-04, 5.35475207e-04, 1.87416328e-03, 8.03212810e-04,
       1.87416328e-03, 5.35475207e-04, 2.67737603e-04, 1.07095041e-03,
