%YAML:1.0
m10n: !!opencv-matrix
   rows: 1
   cols: 800
   dt: f
   data: [ 4.03388462e-04, 4.03388462e-04, 1.21016544e-03,
       2.01694225e-03, 3.22710769e-03, 0., 4.03388450e-03, 0.,
       8.06776923e-04, 4.03388462e-04, 2.82371929e-03, 1.61355385e-03,
       1.21016544e-03, 1.61355385e-03, 1.21016544e-03, 8.06776923e-04,
       2.82371929e-03, 8.06776923e-04, 1.61355385e-03, 2.01694225e-03,
       2.01694225e-03, 8.06776923e-04, 4.03388462e-04, 4.03388462e-04,
       0., 8.06776923e-04, 1.21016544e-03, 7.26099219e-03,
       2.01694225e-03, 8.06776923e-04, 8.06776923e-04, 2.82371929e-03,
       8.06776923e-04, 4.03388462e-04, 0., 0., 4.03388462e-04,
       4.03388462e-04, 2.82371929e-03, 0., 3.22710769e-03,
       1.61355385e-03, 0., 1.61355385e-03, 2.01694225e-03,
       4.03388462e-04, 1.61355385e-03, 1.21016544e-03, 4.03388462e-04,
       0., 4.03388462e-04, 1.61355385e-03, 4.03388462e-04,
       1.61355385e-03, 1.61355385e-03, 1.21016544e-03, 4.03388462e-04,
       4.43727290e-03, 8.06776923e-04, 8.06776923e-04, 1.61355385e-03,
       1.61355385e-03, 1.21016544e-03, 2.42033089e-03, 4.84066177e-03,
       1.21016544e-03, 1.61355385e-03, 4.03388462e-04, 8.06776900e-03,
       4.03388462e-04, 1.21016544e-03, 1.21016544e-03, 4.03388462e-04,
       4.03388450e-03, 2.42033089e-03, 1.21016544e-03, 1.21016544e-03,
       0., 2.82371929e-03, 4.03388462e-04, 0., 0., 1.21016544e-03,
       8.06776923e-04, 8.06776923e-04, 0., 8.06776923e-04,
       3.22710769e-03, 3.63049610e-03, 2.01694225e-03, 2.42033089e-03,
       8.06776923e-04, 1.61355385e-03, 4.03388462e-04, 1.61355385e-03,
       0., 2.01694225e-03, 8.06776923e-04, 1.21016544e-03,
       4.03388462e-04, 8.06776923e-04, 1.21016544e-03, 1.21016544e-03,
       0., 8.06776923e-04, 4.84066177e-03, 2.42033089e-03,
       8.06776923e-04, 2.82371929e-03, 8.06776923e-04, 1.21016544e-03,
       2.42033089e-03, 4.03388462e-04, 8.06776923e-04, 8.06776923e-04,
       4.03388462e-04, 4.03388462e-04, 1.21016544e-03, 4.03388462e-04,
       4.03388462e-04, 8.06776923e-04, 8.06776923e-04, 0.,
       2.82371929e-03, 1.21016544e-03, 0., 1.21016544e-03,
       1.21016544e-03, 2.82371929e-03, 1.61355385e-03, 2.42033089e-03,
       2.42033089e-03, 4.03388462e-04, 3.22710769e-03, 1.61355385e-03,
       0., 4.03388462e-04, 2.82371929e-03, 0., 8.06776923e-04,
       2.01694225e-03, 8.06776923e-04, 1.61355385e-03, 4.03388462e-04,
       0., 4.03388462e-04, 1.61355385e-03, 4.03388462e-04, 0.,
       4.03388462e-04, 8.06776923e-04, 0., 1.21016544e-03,
       4.03388462e-04, 8.06776923e-04, 0., 4.03388462e-04,
       1.21016544e-03, 8.06776923e-04, 1.61355385e-03, 4.03388462e-04,
       4.03388462e-04, 2.01694225e-03, 8.06776923e-04, 0., 0.,
       8.06776923e-04, 2.42033089e-03, 8.06776923e-04, 8.06776923e-04,
       1.21016544e-03, 1.61355385e-03, 2.82371929e-03, 8.06776923e-04,
       0., 4.03388462e-04, 2.82371929e-03, 1.21016544e-03,
       2.01694225e-03, 0., 4.03388462e-04, 1.21016544e-03,
       8.06776923e-04, 1.21016544e-03, 1.61355385e-03, 8.06776923e-04,
       0., 2.42033089e-03, 0., 2.01694225e-03, 5.24405017e-03, 0.,
       2.82371929e-03, 8.06776923e-04, 1.21016544e-03, 0.,
       1.21016544e-03, 3.22710769e-03, 8.06776923e-04, 3.22710769e-03,
       5.64743858e-03, 8.06776923e-04, 2.01694225e-03, 1.61355385e-03,
       8.06776923e-04, 8.06776923e-04, 0., 3.22710769e-03,
       4.03388462e-04, 8.06776923e-04, 4.03388450e-03, 3.22710769e-03,
       0., 8.06776923e-04, 8.06776923e-04, 8.06776923e-04,
       1.61355385e-03, 2.01694225e-03, 8.06776923e-04, 2.42033089e-03,
       1.61355385e-03, 5.24405017e-03, 2.82371929e-03, 0.,
       1.61355385e-03, 2.82371929e-03, 2.01694225e-03, 1.21016544e-03,
       1.21016544e-03, 4.03388462e-04, 0., 2.01694225e-03,
       4.03388462e-04, 2.42033089e-03, 6.45421539e-03, 0.,
       3.22710769e-03, 2.01694225e-03, 2.01694225e-03, 2.01694225e-03,
       1.21016544e-03, 0., 2.01694225e-03, 1.61355385e-03, 0.,
       1.21016544e-03, 4.84066177e-03, 3.22710769e-03, 1.21016544e-03,
       2.42033089e-03, 1.61355385e-03, 4.43727290e-03, 8.06776923e-04,
       4.03388462e-04, 2.01694225e-03, 0., 2.42033089e-03,
       4.03388450e-03, 3.22710769e-03, 4.84066177e-03, 8.06776923e-04,
       2.01694225e-03, 8.06776923e-04, 1.21016544e-03, 4.03388462e-04,
       8.06776923e-04, 0., 4.03388462e-04, 4.03388462e-04,
       8.06776923e-04, 2.82371929e-03, 0., 1.21016544e-03,
       1.61355385e-03, 1.21016544e-03, 0., 0., 2.01694225e-03,
       1.61355385e-03, 2.01694225e-03, 0., 0., 2.01694225e-03,
       8.06776923e-04, 2.01694225e-03, 8.06776923e-04, 8.06776923e-04,
       1.61355385e-03, 1.21016544e-03, 2.42033089e-03, 4.03388462e-04,
       2.82371929e-03, 0., 1.61355385e-03, 2.42033089e-03, 0., 0.,
       4.03388462e-04, 8.06776923e-04, 0., 2.01694225e-03,
       8.06776923e-04, 1.21016544e-03, 1.61355385e-03, 4.03388462e-04,
       4.03388462e-04, 2.82371929e-03, 4.03388462e-04, 1.21016544e-03,
       1.61355385e-03, 8.06776923e-04, 2.01694225e-03, 2.01694225e-03,
       1.21016544e-03, 1.21016544e-03, 2.01694225e-03, 2.82371929e-03,
       2.01694225e-03, 0., 0., 8.06776923e-04, 2.01694225e-03, 0.,
       4.03388462e-04, 1.21016544e-03, 2.42033089e-03, 8.06776923e-04,
       1.61355385e-03, 1.61355385e-03, 2.01694225e-03, 1.61355385e-03,
       4.03388462e-04, 1.21016544e-03, 0., 1.61355385e-03,
       2.82371929e-03, 8.06776923e-04, 4.43727290e-03, 1.21016544e-03,
       1.21016544e-03, 4.03388462e-04, 2.82371929e-03, 2.42033089e-03,
       2.42033089e-03, 2.42033089e-03, 8.06776923e-04, 1.21016544e-03,
       4.03388462e-04, 0., 8.06776923e-04, 4.03388462e-04,
       2.42033089e-03, 0., 2.42033089e-03, 0., 4.03388462e-04,
       2.01694225e-03, 4.03388462e-04, 2.42033089e-03, 2.82371929e-03,
       8.06776923e-04, 8.06776923e-04, 1.61355385e-03, 0., 0.,
       4.03388462e-04, 2.82371929e-03, 1.21016544e-03, 1.21016544e-03,
       0., 3.22710769e-03, 3.63049610e-03, 0., 8.06776923e-04,
       1.61355385e-03, 1.21016544e-03, 2.01694225e-03, 1.21016544e-03,
       0., 1.61355385e-03, 8.06776923e-04, 1.21016544e-03,
       4.03388462e-04, 1.61355385e-03, 1.61355385e-03, 0.,
       4.03388462e-04, 1.21016544e-03, 1.21016544e-03, 8.06776923e-04,
       0., 4.03388462e-04, 0., 8.06776923e-04, 8.06776923e-04,
       2.42033089e-03, 1.61355385e-03, 8.06776923e-04, 1.61355385e-03,
       1.61355385e-03, 4.03388462e-04, 2.01694225e-03, 0.,
       2.42033089e-03, 4.03388462e-04, 1.61355385e-03, 4.03388462e-04,
       4.03388462e-04, 3.22710769e-03, 0., 8.06776923e-04, 0.,
       1.21016544e-03, 4.43727290e-03, 0., 2.42033089e-03,
       1.61355385e-03, 1.61355385e-03, 4.03388462e-04, 8.06776923e-04,
       2.42033089e-03, 8.06776923e-04, 2.42033089e-03, 0.,
       8.06776923e-04, 1.21016544e-03, 0., 1.21016544e-03, 0.,
       4.03388462e-04, 8.06776923e-04, 4.03388462e-04, 5.24405017e-03,
       1.21016544e-03, 1.21016544e-03, 2.01694225e-03, 8.06776923e-04,
       0., 2.42033089e-03, 4.03388462e-04, 8.06776923e-04,
       1.61355385e-03, 1.21016544e-03, 2.01694225e-03, 1.61355385e-03,
       0., 0., 2.01694225e-03, 8.06776923e-04, 2.01694225e-03,
       2.42033089e-03, 8.06776923e-04, 8.06776923e-04, 2.01694225e-03,
       3.63049610e-03, 4.03388462e-04, 1.61355385e-03, 1.61355385e-03,
       5.24405017e-03, 1.21016544e-03, 0., 0., 0., 1.61355385e-03,
       2.42033089e-03, 2.01694225e-03, 1.61355385e-03, 4.03388462e-04,
       1.61355385e-03, 8.06776923e-04, 0., 0., 4.03388450e-03,
       1.21016544e-03, 4.03388462e-04, 4.03388462e-04, 8.06776923e-04,
       0., 0., 4.03388450e-03, 1.21016544e-03, 4.03388462e-04,
       1.21016544e-03, 1.21016544e-03, 1.61355385e-03, 0.,
       1.21016544e-03, 8.06776923e-04, 0., 1.21016544e-03,
       3.63049610e-03, 0., 0., 0., 0., 4.03388450e-03, 8.06776923e-04,
       4.03388462e-04, 8.06776923e-04, 0., 1.21016544e-03, 0.,
       8.06776923e-04, 2.01694225e-03, 2.01694225e-03, 3.63049610e-03,
