%YAML:1.0
m10n: !!opencv-matrix
   rows: 1
   cols: 800
   dt: f
   data: [ 2.33032345e-03, 8.73871264e-04, 2.91290437e-03,
       1.16516172e-03, 8.73871264e-04, 3.78677552e-03, 1.74774253e-03,
       2.91290431e-04, 1.45645218e-03, 8.73871264e-04, 2.91290431e-04,
       5.82580862e-04, 1.45645218e-03, 1.45645218e-03, 1.45645218e-03,
       1.74774253e-03, 5.82580862e-04, 5.82580862e-04, 1.16516172e-03,
       5.82580862e-04, 2.91290431e-04, 5.82580862e-04, 3.20419483e-03,
       1.16516172e-03, 8.73871264e-04, 8.73871264e-04, 2.91290431e-04,
       5.82580862e-04, 2.91290431e-04, 1.45645218e-03, 5.82580862e-04,
       2.91290437e-03, 3.20419483e-03, 0., 2.91290431e-04,
       5.82580862e-04, 1.74774253e-03, 8.73871264e-04, 1.45645218e-03,
       5.82580862e-04, 2.62161391e-03, 1.74774253e-03, 0.,
       1.16516172e-03, 1.74774253e-03, 1.45645218e-03, 1.16516172e-03,
       4.36935667e-03, 8.73871264e-04, 1.45645218e-03, 2.03903299e-03,
       8.73871264e-04, 2.33032345e-03, 5.82580862e-04, 2.91290431e-04,
       5.82580862e-04, 1.74774253e-03, 3.78677552e-03, 2.91290431e-04,
       8.73871264e-04, 8.73871264e-04, 2.03903299e-03, 8.73871264e-04,
       1.74774253e-03, 5.82580862e-04, 8.73871264e-04, 8.73871264e-04,
       8.73871264e-04, 1.45645218e-03, 2.33032345e-03, 4.66064690e-03,
       2.62161391e-03, 2.91290437e-03, 1.74774253e-03, 6.99097011e-03,
       0., 2.03903299e-03, 2.91290431e-04, 5.82580862e-04,
       1.45645218e-03, 5.82580862e-04, 2.91290431e-04, 5.82580862e-04,
       0., 1.16516172e-03, 6.99097011e-03, 5.82580862e-04,
       4.95193712e-03, 1.45645218e-03, 2.62161391e-03, 0.,
       1.45645218e-03, 1.16516172e-03, 2.91290431e-04, 5.82580862e-04,
       1.16516172e-03, 2.03903299e-03, 2.91290431e-04, 0., 0.,
       8.73871264e-04, 3.20419483e-03, 2.91290437e-03, 1.74774253e-03,
       8.73871264e-04, 3.20419483e-03, 1.16516172e-03, 2.62161391e-03,
       1.16516172e-03, 1.45645218e-03, 2.03903299e-03, 2.91290431e-04,
       2.91290431e-04, 1.45645218e-03, 5.82580862e-04, 1.74774253e-03,
       5.82580862e-04, 1.16516172e-03, 5.82580862e-04, 2.91290431e-04,
       1.16516172e-03, 1.16516172e-03, 5.82580862e-04, 8.73871264e-04,
       2.33032345e-03, 8.73871264e-04, 1.16516172e-03, 5.82580862e-04,
       2.91290431e-04, 1.45645218e-03, 2.03903299e-03, 2.91290437e-03,
       2.91290431e-04, 2.91290437e-03, 8.73871264e-04, 1.45645218e-03,
       8.73871264e-04, 8.73871264e-04, 2.03903299e-03, 2.91290431e-04,
       5.82580862e-04, 2.33032345e-03, 1.45645218e-03, 2.03903299e-03,
       8.73871264e-04, 1.16516172e-03, 5.82580862e-04, 3.78677552e-03,
       3.49548506e-03, 3.20419483e-03, 8.73871264e-04, 3.49548506e-03,
       1.45645218e-03, 0., 1.16516172e-03, 1.45645218e-03,
       2.91290431e-04, 2.03903299e-03, 2.91290431e-04, 1.74774253e-03,
       0., 2.91290431e-04, 2.91290431e-04, 1.16516172e-03, 0.,
       1.45645218e-03, 8.73871264e-04, 4.07806598e-03, 2.91290431e-04,
       5.82580862e-04, 1.45645218e-03, 1.45645218e-03, 0.,
       8.73871264e-04, 5.82580862e-04, 8.73871264e-04, 8.73871264e-04,
       5.82580862e-04, 1.45645218e-03, 3.20419483e-03, 2.33032345e-03,
       2.91290437e-03, 2.03903299e-03, 5.82580874e-03, 1.16516172e-03,
       1.74774253e-03, 2.03903299e-03, 5.82580862e-04, 8.73871264e-04,
       1.16516172e-03, 2.03903299e-03, 5.82580862e-04, 1.45645218e-03,
       1.45645218e-03, 2.91290431e-04, 8.73871264e-04, 5.82580862e-04,
       2.03903299e-03, 1.16516172e-03, 2.03903299e-03, 1.45645218e-03,
       5.82580862e-04, 2.03903299e-03, 1.74774253e-03, 1.45645218e-03,
       2.33032345e-03, 2.91290431e-04, 3.49548506e-03, 0., 0.,
       5.82580862e-04, 8.73871264e-04, 2.91290431e-04, 5.82580862e-04,
       2.03903299e-03, 2.03903299e-03, 5.82580862e-04, 1.74774253e-03,
       1.16516172e-03, 8.73871264e-04, 5.82580862e-04, 1.16516172e-03,
       5.82580862e-04, 2.91290431e-04, 1.16516172e-03, 5.82580862e-04,
       1.16516172e-03, 2.33032345e-03, 2.33032345e-03, 8.73871264e-04,
       1.16516172e-03, 2.03903299e-03, 8.73871264e-04, 1.45645218e-03,
       1.16516172e-03, 1.16516172e-03, 3.20419483e-03, 2.91290431e-04,
       5.82580862e-04, 5.82580862e-04, 1.16516172e-03, 2.91290431e-04,
       5.82580862e-04, 0., 8.73871264e-04, 2.91290431e-04,
       4.36935667e-03, 2.91290437e-03, 2.91290431e-04, 8.73871264e-04,
       1.45645218e-03, 2.03903299e-03, 3.20419483e-03, 6.11709896e-03,
       5.82580862e-04, 1.74774253e-03, 2.62161391e-03, 1.16516172e-03,
       1.45645218e-03, 2.03903299e-03, 8.73871264e-04, 0.,
       8.73871264e-04, 8.73871264e-04, 1.45645218e-03, 5.82580862e-04,
       5.82580862e-04, 5.82580862e-04, 0., 8.73871264e-04,
       1.45645218e-03, 2.91290437e-03, 5.82580862e-04, 2.91290431e-04,
       1.74774253e-03, 2.33032345e-03, 5.82580862e-04, 3.78677552e-03,
       2.03903299e-03, 8.73871264e-04, 2.91290437e-03, 1.74774253e-03,
       1.45645218e-03, 1.74774253e-03, 1.16516172e-03, 2.33032345e-03,
       8.73871264e-04, 2.91290431e-04, 5.82580862e-04, 1.45645218e-03,
       5.82580862e-04, 0., 2.03903299e-03, 2.91290431e-04,
       3.20419483e-03, 8.73871264e-04, 5.82580862e-04, 2.91290431e-04,
       8.73871264e-04, 2.33032345e-03, 5.82580862e-04, 5.82580862e-04,
       1.45645218e-03, 2.91290431e-04, 8.73871264e-04, 0.,
       1.45645218e-03, 1.74774253e-03, 5.82580862e-04, 2.91290431e-04,
       5.82580862e-04, 1.45645218e-03, 2.91290431e-04, 2.03903299e-03,
       5.82580862e-04, 8.73871264e-04, 1.16516172e-03, 8.73871264e-04,
       1.16516172e-03, 5.82580862e-04, 1.45645218e-03, 8.73871264e-04,
       8.73871264e-04, 2.91290431e-04, 1.45645218e-03, 8.73871264e-04,
       2.91290431e-04, 1.16516172e-03, 2.33032345e-03, 1.74774253e-03,
       1.45645218e-03, 1.16516172e-03, 4.07806598e-03, 8.73871264e-04,
       1.45645218e-03, 5.82580862e-04, 1.74774253e-03, 1.16516172e-03,
       0., 5.82580862e-04, 5.53451804e-03, 2.91290431e-04,
       2.03903299e-03, 8.73871264e-04, 2.91290437e-03, 5.82580862e-04,
       2.91290431e-04, 1.74774253e-03, 5.82580862e-04, 1.16516172e-03,
       1.45645218e-03, 5.82580862e-04, 1.16516172e-03, 8.73871264e-04,
       2.03903299e-03, 2.91290431e-04, 1.45645218e-03, 1.16516172e-03,
       2.91290431e-04, 5.82580862e-04, 8.73871264e-04, 2.91290431e-04,
       2.91290431e-04, 1.16516172e-03, 8.73871264e-04, 5.82580862e-04,
       8.73871264e-04, 8.73871264e-04, 3.49548506e-03, 8.73871264e-04,
       6.69967989e-03, 1.74774253e-03, 2.03903299e-03, 8.73871264e-04,
       1.16516172e-03, 0., 1.45645218e-03, 1.45645218e-03,
       2.03903299e-03, 2.91290431e-04, 2.62161391e-03, 1.45645218e-03,
       1.16516172e-03, 1.45645218e-03, 1.45645218e-03, 0.,
       2.03903299e-03, 0., 2.91290431e-04, 8.73871264e-04,
       8.73871264e-04, 1.45645218e-03, 1.74774253e-03, 8.73871264e-04,
       2.33032345e-03, 5.82580862e-04, 2.62161391e-03, 1.16516172e-03,
       1.45645218e-03, 1.16516172e-03, 2.03903299e-03, 2.62161391e-03,
       8.73871264e-04, 1.45645218e-03, 1.16516172e-03, 0.,
       5.82580862e-04, 1.16516172e-03, 2.03903299e-03, 0.,
       4.07806598e-03, 2.03903299e-03, 2.91290431e-04, 2.33032345e-03,
       1.74774253e-03, 4.07806598e-03, 1.16516172e-03, 5.82580862e-04,
       1.74774253e-03, 5.82580862e-04, 1.16516172e-03, 2.33032345e-03,
       1.74774253e-03, 8.73871264e-04, 2.62161391e-03, 5.82580862e-04,
       2.91290431e-04, 2.91290431e-04, 1.45645218e-03, 5.53451804e-03,
       2.03903299e-03, 1.74774253e-03, 3.49548506e-03, 2.62161391e-03,
       8.73871264e-04, 1.45645218e-03, 2.91290431e-04, 2.91290431e-04,
       8.73871264e-04, 2.91290431e-04, 2.91290431e-04, 2.91290431e-04,
       8.73871264e-04, 2.91290437e-03, 2.91290431e-04, 5.82580862e-04,
       4.36935667e-03, 1.45645218e-03, 2.91290431e-04, 5.82580862e-04,
       8.73871264e-04, 2.03903299e-03, 5.82580862e-04, 1.16516172e-03,
       0., 8.73871264e-04, 0., 2.91290431e-04, 1.16516172e-03, 0.,
       5.82580862e-04, 5.82580862e-04, 5.82580862e-04, 5.82580862e-04,
