%YAML:1.0
m10n: !!opencv-matrix
   rows: 1
   cols: 800
   dt: f
   data: [ 1.95312500e-03, 5.46874991e-03, 1.17187505e-03,
       3.51562514e-03, 3.90625006e-04, 0., 7.81250012e-04,
       3.90625006e-04, 3.90625006e-04, 1.17187505e-03, 1.17187505e-03,
       1.56250002e-03, 7.81250012e-04, 0., 1.56250002e-03,
       2.73437495e-03, 3.90625006e-04, 3.90625006e-04, 0.,
       1.56250002e-03, 1.56250002e-03, 0., 7.81250012e-04,
       1.95312500e-03, 5.85937500e-03, 3.90625006e-04, 0.,
       1.17187505e-03, 7.81250012e-04, 3.90625006e-04, 3.90625000e-03,
       7.81250012e-04, 7.81250012e-04, 1.17187505e-03, 1.17187505e-03,
       3.90625006e-04, 1.56250002e-03, 1.17187505e-03, 3.90625006e-04,
       1.17187505e-03, 1.17187505e-03, 2.73437495e-03, 3.90625006e-04,
       3.90625000e-03, 1.56250002e-03, 3.90625006e-04, 1.56250002e-03,
       2.34375009e-03, 7.81250012e-04, 1.95312500e-03, 1.95312500e-03,
       1.17187505e-03, 7.81250012e-04, 2.73437495e-03, 1.17187505e-03,
       3.90625006e-04, 5.85937500e-03, 3.90625006e-04, 7.81250012e-04,
       1.56250002e-03, 1.17187505e-03, 1.95312500e-03, 7.81250000e-03,
       1.17187505e-03, 3.90625006e-04, 3.90625006e-04, 2.34375009e-03,
       1.17187505e-03, 3.90625006e-04, 7.81250012e-04, 1.95312500e-03,
       1.95312500e-03, 3.90625006e-04, 7.81250012e-04, 1.56250002e-03,
       1.17187505e-03, 1.56250002e-03, 1.95312500e-03, 0.,
       3.90625006e-04, 1.56250002e-03, 0., 1.17187505e-03,
       1.56250002e-03, 1.17187505e-03, 1.56250002e-03, 1.95312500e-03,
       6.25000009e-03, 0., 3.51562514e-03, 3.12500005e-03,
       7.81250012e-04, 0., 7.81250012e-04, 3.90625006e-04,
       1.17187505e-03, 7.81250012e-04, 1.17187505e-03, 1.17187505e-03,
       7.81250012e-04, 3.90625006e-04, 3.90625006e-04, 7.81250012e-04,
       3.90625006e-04, 1.56250002e-03, 3.90625006e-04, 1.17187505e-03,
       1.56250002e-03, 3.90625006e-04, 0., 7.81250012e-04,
       7.81250012e-04, 3.90625006e-04, 1.17187505e-03, 7.81250012e-04,
       7.81250012e-04, 0., 0., 1.56250002e-03, 2.34375009e-03, 0., 0.,
       2.34375009e-03, 3.90625006e-04, 1.56250002e-03, 3.90625006e-04,
       3.90625006e-04, 7.81250012e-04, 0., 0., 0., 1.17187505e-03,
       2.34375009e-03, 3.90625006e-04, 7.81250012e-04, 1.25000002e-02,
       1.95312500e-03, 3.90625006e-04, 2.34375009e-03, 1.56250002e-03,
       3.90625006e-04, 1.95312500e-03, 3.90625006e-04, 7.81250012e-04,
       7.81250012e-04, 1.17187505e-03, 7.81250012e-04, 0.,
       1.95312500e-03, 1.56250002e-03, 1.56250002e-03, 7.81250012e-04,
       7.81250012e-04, 2.34375009e-03, 3.90625006e-04, 7.81250012e-04,
       4.68750019e-03, 1.17187505e-03, 3.90625006e-04, 7.81250012e-04,
       1.17187505e-03, 0., 7.81250012e-04, 7.81250012e-04,
       1.17187505e-03, 0., 1.17187505e-03, 1.56250002e-03,
       3.90625006e-04, 3.90625006e-04, 7.81250012e-04, 3.90625006e-04,
       1.17187505e-03, 3.90625006e-04, 4.68750019e-03, 3.90625006e-04,
       7.81250012e-04, 1.67968757e-02, 1.17187505e-03, 7.81250012e-04,
       3.12500005e-03, 1.95312500e-03, 2.34375009e-03, 3.90625006e-04,
       0., 7.81250012e-04, 1.56250002e-03, 3.90625006e-04,
       3.90625006e-04, 7.81250012e-04, 7.81250012e-04, 3.90625000e-03,
       3.12500005e-03, 0., 7.81250012e-04, 0., 3.90625006e-04,
       3.90625006e-04, 1.56250002e-03, 1.17187505e-03, 1.56250002e-03,
       1.95312500e-03, 7.81250012e-04, 6.25000009e-03, 1.95312500e-03,
       3.12500005e-03, 2.34375009e-03, 3.90625006e-04, 1.56250002e-03,
       7.81250012e-04, 1.17187505e-03, 3.90625006e-04, 2.34375009e-03,
       1.56250002e-03, 3.90625000e-03, 1.17187505e-03, 0.,
       1.17187505e-03, 0., 1.95312500e-03, 3.90625006e-04,
       1.17187505e-03, 2.34375009e-03, 3.90625006e-04, 7.81250012e-04,
       7.81250012e-04, 3.90625006e-04, 3.90625006e-04, 1.17187505e-03,
       7.81250012e-04, 3.90625006e-04, 0., 3.90625006e-04,
       1.56250002e-03, 1.95312500e-03, 7.81250012e-04, 3.12500005e-03,
       1.17187505e-03, 1.17187505e-03, 1.17187505e-03, 1.56250002e-03,
       3.90625006e-04, 3.90625006e-04, 7.81250000e-03, 1.56250002e-03,
       7.81250012e-04, 3.51562514e-03, 7.81250012e-04, 7.81250012e-04,
       1.56250002e-03, 1.17187505e-03, 3.90625006e-04, 1.17187505e-03,
       1.17187505e-03, 3.90625006e-04, 7.81250012e-04, 7.81250012e-04,
       1.17187505e-03, 1.56250002e-03, 0., 2.34375009e-03, 0.,
       1.56250002e-03, 1.56250002e-03, 7.81250012e-04, 1.17187505e-03,
       0., 1.56250002e-03, 7.81250012e-04, 3.90625006e-04,
       1.56250002e-03, 7.81250012e-04, 7.81250012e-04, 7.81250012e-04,
       1.17187505e-03, 2.34375009e-03, 1.95312500e-03, 3.12500005e-03,
       3.90625006e-04, 7.81250012e-04, 7.81250012e-04, 7.81250012e-04,
       1.17187505e-03, 3.90625006e-04, 7.81250012e-04, 1.95312500e-03,
       1.95312500e-03, 3.90625006e-04, 1.95312500e-03, 3.90625006e-04,
       0., 3.90625006e-04, 7.81250012e-04, 7.81250012e-04,
       1.95312500e-03, 7.81250012e-04, 3.90625006e-04, 7.81250012e-04,
       7.81250012e-04, 1.17187505e-03, 3.90625006e-04, 3.90625006e-04,
       1.95312500e-03, 3.90625006e-04, 2.73437495e-03, 1.56250002e-03,
       0., 0., 7.81250012e-04, 2.34375009e-03, 7.81250012e-04,
       1.95312500e-03, 3.90625006e-04, 1.17187505e-03, 1.17187505e-03,
       7.81250012e-04, 1.17187505e-03, 1.56250002e-03, 1.17187505e-03,
       1.56250002e-03, 3.90625006e-04, 3.12500005e-03, 3.90625006e-04,
       1.56250002e-03, 0., 1.95312500e-03, 7.81250012e-04,
       3.12500005e-03, 1.17187505e-03, 1.95312500e-03, 7.81250012e-04,
       3.90625006e-04, 3.51562514e-03, 2.34375009e-03, 3.90625006e-04,
       2.73437495e-03, 3.90625006e-04, 3.90625006e-04, 1.17187505e-03,
       0., 1.56250002e-03, 1.17187505e-03, 3.90625006e-04,
       3.90625006e-04, 3.90625006e-04, 1.17187505e-03, 3.90625006e-04,
       3.90625006e-04, 1.17187505e-03, 1.95312500e-03, 7.81250012e-04,
       3.90625006e-04, 3.90625006e-04, 0., 3.12500005e-03,
       3.90625006e-04, 7.81250012e-04, 7.81250012e-04, 0.,
       5.46874991e-03, 7.81250012e-04, 7.81250012e-04, 1.56250002e-03,
       7.81250012e-04, 1.17187505e-03, 0., 0., 3.90625006e-04,
       1.36718750e-02, 1.95312500e-03, 3.90625006e-04, 7.81250012e-04,
       3.90625006e-04, 0., 2.34375009e-03, 7.81250012e-04,
       1.17187505e-03, 0., 3.12500005e-03, 7.81250012e-04,
       2.34375009e-03, 1.95312500e-03, 3.90625006e-04, 3.90625006e-04,
       1.17187505e-03, 0., 3.90625006e-04, 7.81250012e-04,
       2.73437495e-03, 1.17187505e-03, 5.46874991e-03, 8.20312556e-03,
       7.81250012e-04, 4.68750019e-03, 1.17187505e-03, 3.90625006e-04,
       1.01562506e-02, 1.95312500e-03, 7.81250012e-04, 3.12500005e-03,
       1.17187505e-03, 7.81250012e-04, 1.17187505e-03, 7.81250012e-04,
       7.81250012e-04, 1.17187505e-03, 3.12500005e-03, 0.,
       3.90625006e-04, 3.90625006e-04, 7.81250012e-04, 2.73437495e-03,
       0., 3.90625006e-04, 0., 3.90625000e-03, 7.81250012e-04, 0.,
       7.81250012e-04, 1.17187505e-03, 1.56250002e-03, 0.,
       1.17187505e-03, 1.95312500e-03, 1.56250002e-03, 1.17187505e-03,
       0., 3.90625006e-04, 1.17187505e-03, 7.81250012e-04,
       1.17187505e-03, 7.81250012e-04, 7.81250012e-04, 3.90625006e-04,
       0., 3.90625006e-04, 3.90625006e-04, 3.90625006e-04,
       1.17187505e-03, 7.81250012e-04, 0., 7.81250012e-04, 0.,
       1.56250002e-03, 1.56250002e-03, 7.81250012e-04, 1.95312500e-03,
       7.81250012e-04, 1.95312500e-03, 2.73437495e-03, 1.95312500e-03,
       2.73437495e-03, 1.56250002e-03, 1.95312500e-03, 7.81250012e-04,
       1.17187505e-03, 0., 1.17187505e-03, 0., 1.95312500e-03,
       3.90625006e-04, 1.17187505e-03, 7.81250012e-04, 3.90625006e-04,
       0., 7.81250012e-04, 0., 1.17187505e-03, 2.34375009e-03,
       3.90625006e-04, 2.34375009e-03, 0., 7.81250012e-04, 0.,
       7.81250012e-04, 3.90625006e-04, 0., 1.95312500e-03,
       7.81250000e-03, 1.17187505e-03, 1.17187505e-03, 3.90625006e-04,
       1.17187505e-03, 1.17187505e-03, 3.90625006e-04, 3.51562514e-03,
