%YAML:1.0
m10n: !!opencv-matrix
   rows: 1
   cols: 800
   dt: f
   data: [ 0., 9.98668373e-03, 0., 0., 1.33155787e-03, 6.65778934e-04,
       0., 1.79760307e-02, 1.33155787e-03, 6.65778934e-04,
       6.65778934e-04, 1.99733675e-03, 1.33155787e-03, 0., 0.,
       3.99467349e-03, 0., 0., 6.65778934e-04, 0., 0., 0.,
       1.33155787e-03, 1.99733675e-03, 0., 0., 1.99733675e-03, 0.,
       1.99733675e-03, 1.33155787e-03, 5.99201024e-03, 5.99201024e-03,
       1.99733675e-03, 6.65778934e-04, 6.65778934e-04, 0.,
       4.66045272e-03, 0., 1.33155787e-03, 1.33155787e-03, 0.,
       6.65778934e-04, 4.66045272e-03, 3.32889473e-03, 6.65778934e-04,
       0., 0., 2.66311574e-03, 0., 6.65778934e-04, 0., 0., 0., 0.,
       6.65778934e-04, 7.98934698e-03, 0., 6.65778934e-04, 0., 0., 0.,
       4.66045272e-03, 1.33155787e-03, 1.99733675e-03, 0.,
       2.66311574e-03, 6.65778934e-04, 6.65778934e-04, 0.,
       1.33155787e-03, 6.65778934e-04, 3.99467349e-03, 0.,
       5.32623148e-03, 0., 0., 1.33155787e-03, 1.99733675e-03,
       1.99733675e-03, 1.99733675e-03, 0., 0., 3.99467349e-03,
       1.33155787e-03, 6.65778934e-04, 0., 0., 3.06258313e-02,
       1.33155787e-03, 0., 2.66311574e-03, 6.65778934e-04,
       1.33155787e-03, 1.33155787e-03, 6.65778934e-04, 0.,
       6.65778934e-04, 6.65778934e-04, 6.65778934e-04, 0.,
       1.99733675e-03, 6.65778934e-04, 0., 0., 2.66311574e-03,
       6.65778934e-04, 6.65778934e-04, 6.65778934e-04, 0.,
       1.33155787e-03, 6.65778934e-04, 1.33155787e-03, 0.,
       1.99733675e-03, 0., 3.32889473e-03, 6.65778946e-03,
       1.33155787e-03, 6.65778946e-03, 5.99201024e-03, 0.,
       6.65778934e-04, 1.33155787e-03, 0., 0., 6.65778934e-04,
       2.66311574e-03, 1.99733675e-03, 0., 2.66311574e-03, 0.,
       5.99201024e-03, 6.65778934e-04, 1.33155787e-03, 0.,
       6.65778934e-04, 1.33155787e-03, 1.33155787e-03, 1.99733675e-03,
       0., 6.65778934e-04, 2.66311574e-03, 6.65778934e-04,
       6.65778934e-04, 4.66045272e-03, 0., 1.99733675e-03, 0.,
       1.33155787e-03, 6.65778934e-04, 6.65778934e-04, 1.33155787e-03,
       0., 0., 0., 6.65778934e-04, 1.33155787e-03, 2.66311574e-03,
       6.65778934e-04, 6.65778934e-04, 0., 6.65778934e-04, 0.,
       6.65778934e-04, 3.99467349e-03, 0., 0., 0., 6.65778934e-04, 0.,
       1.33155787e-03, 1.99733675e-03, 0., 6.65778934e-04,
       6.65778934e-04, 0., 0., 6.65778934e-04, 6.65778934e-04,
       1.33155787e-03, 1.33155787e-03, 0., 4.66045272e-03,
       2.66311574e-03, 0., 2.66311574e-03, 1.33155787e-03, 0.,
       6.65778934e-04, 6.65778934e-04, 1.33155787e-03, 0.,
       6.65778934e-04, 1.99733675e-03, 6.65778934e-04, 1.99733675e-03,
       6.65778934e-04, 0., 0., 2.66311574e-03, 6.65778934e-04,
       1.33155787e-03, 0., 6.65778934e-04, 3.32889473e-03,
       6.65778934e-04, 2.66311574e-03, 6.65778934e-04, 6.65778934e-04,
       6.65778934e-04, 1.33155787e-03, 5.32623148e-03, 0., 0.,
       6.65778934e-04, 1.33155787e-03, 3.32889473e-03, 1.33155787e-03,
       6.65778934e-04, 0., 6.65778934e-04, 6.65778934e-04,
       5.99201024e-03, 3.99467349e-03, 1.99733675e-03, 3.32889473e-03,
       6.65778934e-04, 2.66311574e-03, 1.33155787e-03, 0.,
       6.65778934e-04, 6.65778934e-04, 0., 1.99733675e-03,
       6.65778934e-04, 6.65778934e-04, 0., 6.65778934e-04, 0., 0.,
       1.33155787e-03, 1.33155787e-03, 6.65778934e-04, 0., 0.,
       6.65778934e-04, 7.98934698e-03, 6.65778934e-04, 0.,
       1.33155787e-03, 0., 2.66311574e-03, 6.65778934e-04,
       6.65778934e-04, 0., 6.65778934e-04, 0., 0., 6.65778934e-04, 0.,
       1.33155787e-03, 1.33155787e-03, 1.99733675e-03, 0., 0.,
       1.33155787e-03, 1.33155787e-03, 0., 0., 6.65778934e-04, 0., 0.,
       6.65778934e-04, 5.99201024e-03, 6.65778934e-04, 1.33155787e-03,
       0., 0., 0., 0., 6.65778934e-04, 1.99733675e-03, 0., 0.,
       1.99733675e-03, 0., 3.99467349e-03, 6.65778934e-04, 0., 0.,
       6.65778934e-04, 0., 0., 6.65778934e-04, 4.66045272e-03,
       1.13182422e-02, 1.99733675e-03, 6.65778934e-04, 0.,
       1.99733675e-03, 2.66311574e-03, 0., 1.33155787e-03, 0., 0., 0.,
       3.32889473e-03, 3.32889473e-03, 0., 6.65778934e-04,
       1.33155787e-03, 1.99733675e-03, 1.33155787e-03, 0.,
       6.65778934e-04, 6.65778934e-04, 0., 0., 0., 0., 0., 0., 0., 0.,
       0., 0., 1.33155787e-03, 1.33155787e-03, 6.65778934e-04, 0., 0.,
       2.66311574e-03, 0., 0., 2.66311574e-03, 1.33155787e-03,
       2.66311574e-03, 3.99467349e-03, 0., 0., 1.33155787e-03, 0.,
       6.65778934e-04, 6.65778934e-04, 0., 1.33155787e-03,
       2.66311574e-03, 6.65778934e-04, 1.33155787e-03, 0.,
       3.32889473e-03, 0., 6.65778934e-04, 0., 0., 0., 0.,
       1.99733675e-03, 0., 4.66045272e-03, 2.66311574e-03,
       6.65778934e-04, 6.65778934e-04, 6.65778934e-04, 1.99733675e-03,
       0., 1.99733675e-03, 1.99733675e-03, 6.65778934e-04,
       6.65778934e-04, 6.65778934e-04, 5.99201024e-03, 1.33155787e-03,
       0., 1.33155787e-03, 1.33155787e-03, 0., 6.65778934e-04, 0., 0.,
       0., 0., 1.99733675e-03, 1.33155787e-03, 0., 6.65778934e-04,
       1.33155787e-03, 1.33155787e-03, 1.33155787e-03, 6.65778934e-04,
       6.65778934e-04, 6.65778934e-04, 1.33155787e-03, 6.65778934e-04,
       6.65778934e-04, 2.66311574e-03, 1.99733675e-03, 6.65778934e-04,
       6.65778934e-04, 3.32889473e-03, 6.65778934e-04, 0., 0., 0.,
       1.33155787e-03, 3.32889473e-03, 1.33155787e-03, 6.65778934e-04,
       6.65778934e-04, 6.65778934e-04, 1.33155787e-03, 2.66311574e-03,
       5.99201024e-03, 3.99467349e-03, 1.33155787e-03, 0.,
       1.33155787e-03, 0., 0., 6.65778934e-04, 0., 0., 0.,
       1.33155787e-03, 1.99733675e-03, 0., 1.33155787e-03,
       6.65778934e-04, 0., 6.65778934e-04, 0., 1.33155787e-03,
       5.32623148e-03, 0., 2.66311574e-03, 1.33155787e-03,
       6.65778934e-04, 6.65778946e-03, 0., 0., 6.65778934e-04, 0.,
       1.99733675e-03, 1.33155787e-03, 0., 0., 4.66045272e-03, 0.,
       6.65778934e-04, 0., 6.65778934e-04, 6.65778934e-04,
       5.32623148e-03, 0., 0., 2.66311574e-03, 1.99733675e-03, 0.,
       2.66311574e-03, 0., 1.33155787e-03, 0., 0., 6.65778934e-04, 0.,
       6.65778934e-04, 2.66311574e-03, 1.33155787e-03, 1.33155787e-03,
       0., 1.99733675e-03, 6.65778934e-04, 6.65778934e-04, 0., 0.,
       6.65778934e-04, 6.65778934e-04, 0., 1.99733675e-03,
       6.65778934e-04, 3.99467349e-03, 3.99467349e-03, 6.65778934e-04,
       0., 0., 0., 0., 3.99467349e-03, 1.33155787e-03, 6.65778934e-04,
       1.33155787e-03, 1.33155787e-03, 0., 6.65778934e-04,
       1.33155787e-03, 0., 6.65778934e-04, 1.33155787e-03, 0.,
       6.65778934e-04, 0., 1.99733675e-03, 0., 1.33155787e-03, 0.,
       3.32889473e-03, 6.65778934e-04, 0., 6.65778934e-04,
       3.32889473e-03, 2.66311574e-03, 3.99467349e-03, 0.,
       6.65778934e-04, 6.65778934e-04, 6.65778934e-04, 0.,
       6.65778946e-03, 0., 9.32090543e-03, 0., 1.33155787e-03,
       2.66311574e-03, 0., 0., 1.33155787e-03, 0., 7.98934698e-03, 0.,
       0., 0., 0., 0., 1.33155787e-03, 1.33155787e-03, 1.99733675e-03,
       1.33155787e-03, 0., 1.33155787e-03, 1.99733675e-03,
       6.65778934e-04, 0., 0., 6.65778934e-04, 0., 0., 5.32623148e-03,
       6.65778934e-04, 1.99733675e-03, 0., 0., 2.66311574e-03, 0.,
       1.99733675e-03, 6.65778934e-04, 6.65778934e-04, 5.99201024e-03,
       1.99733675e-03, 0., 0., 3.99467349e-03, 6.65778934e-04,
       6.65778934e-04, 0., 0., 2.66311574e-03, 6.65778934e-04,
       4.66045272e-03, 0., 0., 0., 6.65778934e-04, 0., 0.,
       1.33155787e-03, 3.99467349e-03, 0., 6.65778934e-04,
       2.66311574e-03, 6.65778934e-04, 0., 6.65778934e-04,
       6.65778934e-04, 0., 3.32889473e-03, 6.65778934e-04,
       1.33155787e-03, 1.33155787e-03, 6.65778934e-04, 1.33155787e-03,
       0., 0., 1.33155787e-03, 1.33155787e-03, 0., 2.66311574e-03, 0.,
       1.33155787e-03, 0., 0., 0., 0., 0., 1.33155787e-03,
       6.65778934e-04, 0., 0., 2.66311574e-03, 6.65778934e-04,
       3.32889473e-03, 6.65778934e-04, 0., 1.33155787e-03,
