%YAML:1.0
m10n: !!opencv-matrix
   rows: 1
   cols: 800
   dt: f
   data: [ 3.50631133e-04, 3.50631122e-03, 1.40252453e-03,
       7.01262266e-04, 1.40252453e-03, 7.01262266e-04, 1.05189346e-03,
       0., 3.50631133e-04, 1.75315561e-03, 1.05189346e-03,
       2.45441799e-03, 2.10378692e-03, 1.05189346e-03, 2.10378692e-03,
       1.05189346e-03, 1.05189346e-03, 3.50631133e-04, 0.,
       7.01262266e-04, 1.40252453e-03, 1.05189346e-03, 7.01262266e-04,
       7.01262266e-04, 2.48948112e-02, 1.75315561e-03, 7.01262266e-04,
       1.75315561e-03, 1.05189346e-03, 1.05189346e-03, 3.50631122e-03,
       1.40252453e-03, 1.75315561e-03, 0., 1.05189346e-03,
       7.01262266e-04, 3.50631133e-04, 1.05189346e-03, 7.01262266e-04,
       1.40252453e-03, 2.10378692e-03, 3.85694252e-03, 0.,
       4.90883598e-03, 2.10378692e-03, 7.01262266e-04, 1.05189346e-03,
       3.15568014e-03, 2.10378692e-03, 1.75315561e-03, 7.01262266e-04,
       7.01262266e-04, 1.05189346e-03, 1.40252453e-03, 1.05189346e-03,
       7.01262266e-04, 5.61009813e-03, 3.50631133e-04, 3.50631133e-04,
       2.45441799e-03, 3.50631133e-04, 2.45441799e-03, 4.55820467e-03,
       2.45441799e-03, 1.75315561e-03, 1.05189346e-03, 0.,
       1.05189346e-03, 3.50631133e-04, 2.45441799e-03, 1.75315561e-03,
       1.05189346e-03, 1.40252453e-03, 1.75315561e-03, 2.10378692e-03,
       2.80504907e-03, 2.10378692e-03, 7.01262266e-04, 0.,
       1.75315561e-03, 1.05189346e-03, 7.01262266e-04, 0.,
       1.75315561e-03, 0., 2.80504907e-03, 3.50631133e-04,
       4.90883598e-03, 7.01262266e-04, 3.15568014e-03, 7.01262266e-04,
       0., 3.50631133e-04, 1.40252453e-03, 2.45441799e-03,
       1.40252453e-03, 0., 7.01262266e-04, 7.01262266e-04,
       2.10378692e-03, 1.40252453e-03, 3.50631133e-04, 2.10378692e-03,
       7.01262266e-04, 2.10378692e-03, 1.75315561e-03, 1.05189346e-03,
       1.05189346e-03, 1.05189346e-03, 1.05189346e-03, 1.05189346e-03,
       1.75315561e-03, 7.01262266e-04, 3.50631133e-04, 7.01262266e-04,
       1.05189346e-03, 3.50631133e-04, 3.50631133e-04, 2.45441799e-03,
       7.01262266e-04, 3.50631133e-04, 7.01262266e-04, 3.50631133e-04,
       2.80504907e-03, 1.40252453e-03, 0., 1.05189346e-03, 0., 0.,
       1.05189346e-03, 2.80504907e-03, 1.05189346e-03, 4.20757383e-03,
       3.50631133e-04, 7.01262266e-04, 1.05189336e-02, 1.75315561e-03,
       3.50631133e-04, 1.40252453e-03, 7.01262266e-04, 3.50631133e-04,
       2.45441799e-03, 1.05189346e-03, 1.05189346e-03, 7.01262266e-04,
       2.10378692e-03, 7.01262266e-04, 7.01262266e-04, 3.50631122e-03,
       3.50631133e-04, 7.01262266e-04, 2.45441799e-03, 1.05189346e-03,
       1.05189346e-03, 1.40252453e-03, 0., 1.05189346e-03, 0.,
       7.01262266e-04, 7.01262266e-04, 3.50631133e-04, 3.50631133e-04,
       0., 3.50631133e-04, 3.50631133e-04, 7.01262266e-04,
       1.05189346e-03, 1.75315561e-03, 1.40252453e-03, 0., 0.,
       1.40252453e-03, 1.05189346e-03, 1.40252453e-03, 2.45441799e-03,
       7.01262266e-04, 1.05189346e-03, 1.71809252e-02, 7.01262266e-04,
       1.75315561e-03, 1.75315561e-03, 7.01262266e-04, 2.10378692e-03,
       1.40252453e-03, 0., 0., 3.50631133e-04, 0., 7.01262266e-04,
       3.50631122e-03, 3.50631122e-03, 2.10378692e-03, 5.25946682e-03,
       3.50631133e-04, 3.50631133e-04, 7.01262266e-04, 3.50631133e-04,
       3.50631133e-04, 1.40252453e-03, 3.50631133e-04, 2.80504907e-03,
       2.10378692e-03, 1.75315561e-03, 9.81767196e-03, 2.10378692e-03,
       7.01262266e-04, 1.75315561e-03, 3.50631133e-04, 7.01262266e-04,
       7.01262266e-04, 3.50631133e-04, 3.50631133e-04, 1.75315561e-03,
       1.40252453e-03, 2.45441799e-03, 3.50631133e-04, 3.50631133e-04,
       7.01262266e-04, 3.50631133e-04, 7.01262266e-04, 3.50631133e-04,
       1.05189346e-03, 3.50631133e-04, 1.05189346e-03, 0.,
       7.01262266e-04, 2.45441799e-03, 3.50631133e-04, 1.05189346e-03,
       3.50631133e-04, 1.40252453e-03, 1.40252453e-03, 7.01262266e-04,
       1.40252453e-03, 1.05189346e-03, 0., 2.10378692e-03,
       1.05189346e-03, 3.50631133e-04, 3.50631133e-04, 1.05189346e-03,
       3.50631133e-04, 7.01262266e-04, 1.08695654e-02, 1.40252453e-03,
       1.05189346e-03, 7.01262266e-04, 1.75315561e-03, 3.50631133e-04,
       3.50631133e-04, 3.50631133e-04, 1.40252453e-03, 3.50631133e-04,
       1.05189346e-03, 3.50631133e-04, 1.40252453e-03, 7.01262266e-04,
       3.50631133e-04, 1.05189346e-03, 7.01262266e-04, 1.40252453e-03,
       0., 0., 3.50631133e-04, 1.40252453e-03, 4.20757383e-03,
       2.45441799e-03, 2.80504907e-03, 1.05189346e-03, 1.05189346e-03,
       2.10378692e-03, 3.50631133e-04, 3.50631133e-04, 1.05189346e-03,
       7.01262266e-04, 1.40252453e-03, 1.05189346e-03, 2.10378692e-03,
       1.75315561e-03, 3.50631133e-04, 1.05189346e-03, 3.85694252e-03,
       3.50631133e-04, 1.75315561e-03, 1.05189346e-03, 1.05189346e-03,
       7.01262266e-04, 0., 1.75315561e-03, 7.01262266e-04,
       2.10378692e-03, 3.50631133e-04, 7.01262266e-04, 0.,
       3.15568014e-03, 7.01262266e-04, 1.75315561e-03, 0.,
       3.50631133e-04, 0., 7.01262266e-04, 0., 1.75315561e-03,
       7.01262266e-04, 1.40252453e-03, 3.50631133e-04, 1.05189346e-03,
       3.50631133e-04, 7.01262266e-04, 3.15568014e-03, 7.01262266e-04,
       7.01262266e-04, 3.50631133e-04, 2.45441799e-03, 2.10378692e-03,
       3.50631133e-04, 1.05189346e-03, 7.01262266e-04, 0.,
       1.40252453e-03, 7.01262266e-04, 7.01262266e-04, 1.05189346e-03,
       7.01262266e-04, 0., 1.05189346e-03, 1.05189346e-03,
       3.85694252e-03, 1.05189346e-03, 2.80504907e-03, 1.40252453e-03,
       3.50631133e-04, 3.50631122e-03, 6.66199159e-03, 1.75315561e-03,
       2.45441799e-03, 0., 7.01262266e-04, 7.01262266e-04,
       3.50631133e-04, 7.01262266e-04, 1.05189346e-03, 7.01262266e-04,
       7.01262266e-04, 7.01262266e-04, 3.50631133e-04, 0.,
       3.50631133e-04, 7.01262266e-04, 3.50631133e-04, 7.01262266e-04,
       3.50631133e-04, 1.05189346e-03, 7.01262266e-04, 3.15568014e-03,
       7.01262266e-04, 3.50631133e-04, 1.05189346e-03, 3.50631133e-04,
       5.61009813e-03, 0., 7.01262266e-04, 2.10378692e-03,
       7.01262266e-04, 3.50631133e-04, 1.40252453e-03, 0.,
       3.50631133e-04, 5.61009813e-03, 7.01262266e-04, 1.75315561e-03,
       7.01262266e-04, 1.05189346e-03, 1.05189346e-03, 3.50631133e-04,
       7.01262266e-04, 1.05189346e-03, 3.50631133e-04, 2.80504907e-03,
       7.01262266e-04, 3.15568014e-03, 2.45441799e-03, 0.,
       7.01262266e-04, 1.40252453e-03, 7.01262266e-04, 3.50631133e-04,
       3.50631133e-04, 1.05189346e-03, 2.10378692e-03, 4.90883598e-03,
       4.90883598e-03, 0., 1.05189346e-03, 1.40252453e-03,
       1.40252453e-03, 2.45441799e-03, 3.50631133e-04, 3.50631133e-04,
       1.05189346e-03, 7.01262266e-04, 7.01262266e-04, 1.05189346e-03,
       7.01262266e-04, 3.50631133e-04, 1.40252453e-03, 1.75315561e-03,
       3.50631133e-04, 3.50631133e-04, 0., 7.01262266e-04,
       2.10378692e-03, 1.05189346e-03, 0., 7.01262266e-04,
       3.85694252e-03, 2.80504907e-03, 1.05189346e-03, 1.75315561e-03,
       1.05189346e-03, 1.75315561e-03, 3.50631133e-04, 1.40252453e-03,
       3.85694252e-03, 1.40252453e-03, 1.05189346e-03, 1.05189346e-03,
       0., 2.80504907e-03, 1.40252453e-03, 1.05189346e-03,
       7.01262266e-04, 2.80504907e-03, 7.01262266e-04, 1.75315561e-03,
       0., 3.50631133e-04, 3.50631133e-04, 3.50631133e-04,
       1.40252453e-03, 7.01262266e-04, 1.75315561e-03, 0.,
       3.50631133e-04, 1.05189346e-03, 1.05189346e-03, 1.75315561e-03,
       0., 7.01262266e-04, 1.05189346e-03, 2.10378692e-03,
       2.80504907e-03, 1.75315561e-03, 7.01262266e-04, 2.10378692e-03,
       3.50631133e-04, 3.50631133e-04, 2.10378692e-03, 1.05189346e-03,
       1.75315561e-03, 1.05189346e-03, 3.50631133e-04, 3.50631133e-04,
       7.01262266e-04, 3.50631133e-04, 1.40252453e-03, 7.01262266e-04,
       0., 1.05189346e-03, 2.45441799e-03, 3.50631122e-03, 0.,
       3.50631133e-04, 3.50631133e-04, 1.40252453e-03, 0.,
