%YAML:1.0
m10n: !!opencv-matrix
   rows: 1
   cols: 800
   dt: f
   data: [ 0., 1.17279124e-02, 0., 0., 0., 2.34558247e-03,
       2.34558247e-03, 1.25097735e-02, 2.11102422e-02, 0., 0.,
       1.56372169e-03, 0., 7.81860843e-04, 0., 2.34558247e-03,
       7.81860843e-04, 0., 0., 0., 0., 0., 7.81860843e-04, 0., 0., 0.,
       0., 0., 7.81860843e-04, 3.12744337e-03, 5.47302607e-03,
       6.25488674e-03, 6.25488674e-03, 7.81860843e-04, 0.,
       7.81860843e-04, 3.12744337e-03, 0., 7.81860843e-04,
       2.34558247e-03, 0., 0., 5.47302607e-03, 1.09460521e-02, 0.,
       7.81860843e-04, 7.81860843e-04, 0., 0., 0., 0., 0.,
       7.81860843e-04, 0., 0., 3.90930427e-03, 7.81860843e-04, 0.,
       7.81860843e-04, 3.12744337e-03, 7.81860843e-04, 5.47302607e-03,
       0., 0., 3.12744337e-03, 7.81860843e-04, 0., 1.56372169e-03, 0.,
       0., 1.56372169e-03, 0., 0., 3.90930427e-03, 0., 7.81860843e-04,
       7.81860843e-04, 3.90930427e-03, 7.81860843e-04, 1.25097735e-02,
       0., 0., 3.12744337e-03, 0., 0., 0., 7.81860843e-04,
       3.83111797e-02, 7.81860843e-04, 0., 0., 0., 0., 0.,
       7.81860843e-04, 7.81860843e-04, 7.81860843e-04, 1.56372169e-03,
       0., 0., 3.12744337e-03, 7.81860843e-04, 0., 7.81860843e-04,
       7.81860843e-04, 0., 7.81860843e-04, 2.34558247e-03, 0.,
       1.56372169e-03, 7.81860843e-04, 0., 1.56372169e-03,
       7.81860843e-04, 1.56372169e-03, 0., 5.47302607e-03,
       2.34558247e-03, 2.26739645e-02, 0., 0., 0., 0., 0.,
       7.81860843e-04, 7.81860843e-04, 3.12744337e-03, 1.56372169e-03,
       0., 7.81860843e-04, 0., 2.34558247e-03, 0., 7.81860843e-04, 0.,
       7.81860843e-04, 0., 1.56372169e-03, 3.12744337e-03, 0.,
       7.81860843e-04, 7.81860843e-04, 0., 0., 5.47302607e-03, 0.,
       4.69116494e-03, 1.56372169e-03, 1.56372169e-03, 1.56372169e-03,
       0., 0., 2.34558247e-03, 0., 0., 0., 0., 1.56372169e-03, 0.,
       1.56372169e-03, 4.69116494e-03, 0., 0., 0., 2.34558247e-03,
       1.56372169e-03, 0., 0., 1.56372169e-03, 0., 0., 1.56372169e-03,
       1.56372169e-03, 1.56372169e-03, 7.81860843e-04, 7.81860843e-04,
       7.81860843e-04, 7.81860843e-04, 0., 2.34558247e-03, 0.,
       7.81860843e-04, 1.32916346e-02, 7.81860843e-04, 1.56372169e-03,
       3.12744337e-03, 7.81860843e-04, 0., 0., 2.34558247e-03,
       7.81860843e-04, 0., 0., 1.56372169e-03, 0., 7.81860843e-04,
       3.90930427e-03, 7.81860843e-04, 7.81860843e-04, 7.81860843e-04,
       0., 7.81860843e-04, 7.81860843e-04, 7.81860843e-04,
       7.81860854e-03, 2.34558247e-03, 0., 0., 0., 1.56372169e-03,
       7.81860843e-04, 2.34558247e-03, 0., 0., 0., 1.56372169e-03, 0.,
       8.60046968e-03, 7.81860843e-04, 0., 0., 2.34558247e-03,
       3.12744337e-03, 5.47302607e-03, 2.34558247e-03, 0., 0., 0.,
       7.81860843e-04, 0., 7.81860843e-04, 0., 0., 7.81860843e-04,
       7.81860843e-04, 7.81860843e-04, 0., 2.34558247e-03,
       7.81860843e-04, 7.81860843e-04, 0., 7.81860843e-04, 0.,
       1.56372169e-03, 0., 1.56372169e-03, 2.34558247e-03, 0.,
       7.81860843e-04, 0., 0., 1.56372169e-03, 0., 7.81860843e-04, 0.,
       7.81860843e-04, 0., 0., 0., 0., 0., 1.56372169e-03,
       2.34558247e-03, 0., 0., 7.81860843e-04, 0., 7.81860843e-04, 0.,
       0., 0., 7.81860843e-04, 0., 2.34558247e-03, 7.81860843e-04, 0.,
       7.81860843e-04, 1.56372169e-03, 0., 0., 0., 7.81860843e-04,
       7.81860843e-04, 1.56372169e-03, 1.56372169e-03, 1.56372169e-03,
       3.12744337e-03, 0., 0., 0., 1.56372169e-03, 0., 7.81860843e-04,
       0., 7.81860854e-03, 1.01641910e-02, 1.56372169e-03,
       7.81860843e-04, 0., 1.56372169e-03, 0., 7.81860843e-04,
       1.56372169e-03, 0., 0., 0., 3.90930427e-03, 3.90930427e-03,
       7.81860843e-04, 2.34558247e-03, 2.34558247e-03, 0.,
       7.81860843e-04, 0., 0., 1.56372169e-03, 7.81860843e-04, 0.,
       1.56372169e-03, 7.81860843e-04, 7.81860843e-04, 0.,
       7.81860843e-04, 7.81860843e-04, 0., 1.56372169e-03,
       2.34558247e-03, 0., 1.56372169e-03, 0., 0., 2.34558247e-03, 0.,
       0., 1.56372169e-03, 7.81860843e-04, 3.12744337e-03,
       4.69116494e-03, 2.34558247e-03, 0., 7.81860843e-04, 0., 0.,
       7.81860843e-04, 0., 7.81860843e-04, 7.81860843e-04,
       2.34558247e-03, 7.81860843e-04, 1.56372169e-03, 0., 0.,
       1.56372169e-03, 0., 0., 7.81860843e-04, 0., 7.81860843e-04,
       7.81860843e-04, 2.34558247e-03, 2.34558247e-03, 7.81860843e-04,
       0., 2.34558247e-03, 0., 0., 2.34558247e-03, 2.34558247e-03,
       7.81860843e-04, 0., 0., 3.12744337e-03, 7.81860843e-04,
       7.81860843e-04, 1.56372169e-03, 0., 0., 7.81860843e-04, 0., 0.,
       0., 1.56372169e-03, 3.12744337e-03, 7.81860843e-04, 0.,
       7.81860843e-04, 0., 0., 1.56372169e-03, 3.12744337e-03, 0.,
       1.56372169e-03, 1.56372169e-03, 7.81860843e-04, 0., 0.,
       7.81860843e-04, 0., 0., 7.03674741e-03, 0., 7.81860843e-04,
       7.81860843e-04, 0., 7.81860843e-04, 0., 0., 7.81860843e-04,
       7.81860843e-04, 0., 0., 1.56372169e-03, 5.47302607e-03,
       7.81860854e-03, 7.81860843e-04, 7.81860843e-04, 7.81860843e-04,
       2.34558247e-03, 7.81860843e-04, 1.56372169e-03, 0., 0., 0., 0.,
       0., 7.81860843e-04, 1.56372169e-03, 0., 0., 0., 1.56372169e-03,
       1.56372169e-03, 3.90930427e-03, 1.56372169e-03, 7.81860843e-04,
       1.56372169e-03, 0., 3.90930427e-03, 0., 7.81860843e-04,
       1.56372169e-03, 7.81860843e-04, 8.60046968e-03, 0.,
       7.81860843e-04, 7.81860843e-04, 7.81860854e-03, 0., 0., 0.,
       1.56372169e-03, 2.34558247e-03, 7.81860843e-04, 0.,
       1.56372169e-03, 3.12744337e-03, 1.56372169e-03, 7.81860843e-04,
       0., 0., 0., 7.81860843e-04, 1.56372169e-03, 3.90930427e-03,
       3.12744337e-03, 0., 0., 3.12744337e-03, 1.56372169e-03, 0.,
       1.56372169e-03, 0., 1.56372169e-03, 7.81860843e-04,
       7.81860843e-04, 7.81860843e-04, 5.47302607e-03, 0.,
       4.69116494e-03, 7.81860843e-04, 5.47302607e-03, 1.56372169e-03,
       7.81860843e-04, 0., 0., 7.81860843e-04, 7.81860843e-04,
       7.81860843e-04, 7.81860843e-04, 0., 0., 0., 0., 3.90930427e-03,
       0., 0., 0., 6.25488674e-03, 0., 0., 7.81860843e-04, 0., 0.,
       1.56372169e-03, 0., 1.56372169e-03, 0., 0., 0., 2.34558247e-03,
       0., 5.47302607e-03, 7.81860843e-04, 0., 0., 3.12744337e-03, 0.,
       2.34558247e-03, 7.81860843e-04, 3.12744337e-03, 0., 0., 0.,
       7.81860843e-04, 0., 0., 0., 7.81860854e-03, 0., 2.34558247e-03,
       0., 1.56372169e-03, 1.56372169e-03, 7.81860843e-04, 0.,
       7.81860843e-04, 0., 0., 7.81860843e-04, 3.90930427e-03,
       1.56372169e-03, 7.81860843e-04, 0., 1.56372169e-03,
       2.34558247e-03, 0., 0., 7.81860843e-04, 0., 0., 7.81860843e-04,
       1.56372169e-03, 0., 1.56372169e-03, 7.81860843e-04,
       1.56372169e-03, 1.56372169e-03, 0., 1.56372169e-03, 0.,
       7.81860854e-03, 5.47302607e-03, 0., 7.81860843e-04,
       7.81860843e-04, 2.34558247e-03, 0., 0., 0., 7.81860843e-04, 0.,
       1.56372169e-03, 1.56372169e-03, 7.81860843e-04, 1.56372169e-03,
       8.60046968e-03, 0., 0., 1.56372169e-03, 7.81860843e-04,
       2.34558247e-03, 1.56372169e-03, 7.81860843e-04, 3.12744337e-03,
       4.69116494e-03, 7.81860843e-04, 7.81860843e-04, 0., 0., 0., 0.,
       1.56372169e-03, 7.81860843e-04, 2.34558247e-03, 1.56372169e-03,
       7.81860843e-04, 0., 0., 0., 8.60046968e-03, 0., 5.47302607e-03,
       7.81860843e-04, 7.81860843e-04, 1.56372169e-03, 0., 0.,
       7.81860843e-04, 7.81860843e-04, 3.90930427e-03, 7.81860843e-04,
       0., 7.81860843e-04, 2.34558247e-03, 0., 0., 2.34558247e-03,
       7.81860843e-04, 7.81860843e-04, 0., 1.56372169e-03,
       7.81860843e-04, 0., 7.81860843e-04, 7.81860843e-04,
       7.81860843e-04, 7.81860843e-04, 3.12744337e-03, 7.81860843e-04,
       7.81860843e-04, 7.81860843e-04, 1.56372169e-03, 0., 0.,
       7.81860843e-04, 0., 0., 7.81860843e-04, 1.56372169e-03,
       1.56372169e-03, 0., 0., 7.81860843e-04, 0., 0., 7.81860843e-04,
       3.12744337e-03, 0., 1.56372169e-03, 2.34558247e-03,
