%YAML:1.0
m10n: !!opencv-matrix
   rows: 1
   cols: 800
   dt: f
   data: [ 0., 3.55113647e-03, 0., 0., 7.10227294e-04, 2.84090918e-03,
       0., 4.26136376e-03, 1.77556816e-02, 0., 0., 7.10227294e-04,
       7.10227294e-04, 0., 7.10227294e-04, 7.10227294e-04,
       1.42045459e-03, 7.10227294e-04, 7.10227294e-04, 1.42045459e-03,
       7.10227294e-04, 0., 1.42045459e-03, 2.84090918e-03,
       1.42045459e-03, 0., 2.13068188e-03, 2.13068188e-03,
       2.13068188e-03, 0., 2.84090918e-03, 2.84090918e-03,
       7.10227294e-04, 0., 0., 0., 0., 0., 2.13068188e-03,
       2.84090918e-03, 0., 0., 2.84090918e-03, 0., 2.13068188e-03, 0.,
       7.10227294e-04, 2.84090918e-03, 0., 7.10227294e-04,
       2.13068188e-03, 1.42045459e-03, 7.10227294e-04, 0., 0.,
       7.81250000e-03, 7.10227294e-04, 1.42045459e-03, 0.,
       7.10227294e-04, 2.13068188e-03, 7.10227294e-04, 7.10227294e-04,
       1.42045459e-03, 0., 2.13068188e-03, 7.10227294e-04,
       7.10227294e-04, 0., 7.10227294e-04, 7.10227294e-03,
       4.97159082e-03, 1.42045459e-03, 7.81250000e-03, 1.42045459e-03,
       0., 0., 7.10227294e-04, 4.97159082e-03, 7.10227294e-04, 0., 0.,
       7.10227294e-04, 7.10227294e-04, 1.42045459e-03, 0.,
       7.10227294e-04, 1.20738642e-02, 1.42045459e-03, 7.10227294e-04,
       7.10227294e-04, 0., 1.42045459e-03, 0., 0., 7.10227294e-04, 0.,
       0., 1.42045459e-03, 0., 2.13068188e-03, 1.42045459e-03, 0.,
       1.42045459e-03, 1.42045459e-03, 0., 7.10227294e-04,
       1.42045459e-03, 0., 2.13068188e-03, 2.84090918e-03,
       7.10227294e-04, 7.10227294e-04, 3.55113647e-03, 4.26136376e-03,
       0., 4.26136376e-03, 2.13068188e-03, 1.13636367e-02,
       7.10227294e-03, 7.10227294e-04, 7.10227294e-04, 1.42045459e-03,
       0., 0., 0., 1.42045459e-03, 7.10227294e-04, 0., 2.13068188e-03,
       1.42045459e-03, 7.81250000e-03, 0., 2.13068188e-03, 0.,
       7.10227294e-04, 0., 1.42045459e-03, 2.13068188e-03, 0., 0., 0.,
       7.10227294e-04, 7.10227294e-04, 4.26136376e-03, 0.,
       2.13068188e-03, 0., 0., 7.10227294e-03, 0., 7.10227294e-04, 0.,
       0., 7.10227294e-04, 7.10227294e-04, 7.10227294e-04,
       2.84090918e-03, 1.42045459e-03, 4.97159082e-03, 0., 0., 0.,
       2.13068188e-03, 4.26136376e-03, 7.10227294e-04, 0.,
       7.10227294e-04, 2.84090918e-03, 0., 0., 7.10227294e-04, 0.,
       7.10227294e-04, 7.10227294e-04, 0., 7.10227294e-04,
       7.10227294e-04, 7.10227294e-04, 0., 0., 1.42045459e-03,
       1.63352285e-02, 0., 0., 2.13068188e-03, 1.42045459e-03, 0.,
       2.13068188e-03, 0., 7.10227294e-04, 0., 0., 1.42045459e-03, 0.,
       4.26136376e-03, 0., 0., 7.10227294e-04, 1.42045459e-03, 0., 0.,
       7.10227294e-04, 7.10227294e-04, 0., 0., 1.42045459e-03, 0.,
       7.10227294e-04, 0., 2.13068188e-03, 1.13636367e-02, 0.,
       2.13068188e-03, 0., 7.10227294e-04, 2.13068188e-03, 0.,
       2.13068188e-03, 7.10227294e-04, 0., 7.10227294e-04,
       4.26136376e-03, 1.42045459e-03, 3.55113647e-03, 2.13068188e-03,
       0., 7.10227294e-04, 7.10227294e-04, 0., 6.39204588e-03,
       7.10227294e-04, 0., 7.10227294e-04, 0., 2.84090918e-03,
       2.84090918e-03, 1.42045459e-03, 1.42045459e-03, 7.10227294e-04,
       0., 7.10227294e-04, 0., 2.13068188e-03, 0., 2.13068188e-03,
       7.10227294e-04, 0., 7.10227294e-04, 1.42045459e-03, 0.,
       7.10227294e-04, 0., 7.10227294e-04, 0., 0., 7.10227294e-04, 0.,
       0., 0., 0., 1.42045459e-03, 2.84090918e-03, 0., 0., 0., 0., 0.,
       0., 0., 0., 0., 0., 2.13068188e-03, 0., 7.10227294e-04, 0., 0.,
       1.42045459e-03, 0., 7.10227294e-04, 7.10227294e-04, 0.,
       2.84090918e-03, 7.10227294e-04, 7.10227294e-04, 1.42045459e-03,
       0., 0., 0., 7.10227294e-04, 0., 7.10227294e-04, 2.13068188e-03,
       7.10227294e-03, 9.23295505e-03, 7.10227294e-04, 1.42045459e-03,
       0., 0., 7.10227294e-04, 0., 1.42045459e-03, 1.42045459e-03, 0.,
       0., 0., 2.20170468e-02, 0., 0., 1.42045459e-03, 3.55113647e-03,
       1.42045459e-03, 0., 2.13068188e-03, 0., 1.42045459e-03, 0., 0.,
       7.10227294e-04, 0., 7.10227294e-04, 0., 2.13068188e-03, 0.,
       1.42045459e-03, 1.42045459e-03, 0., 1.42045459e-03, 0., 0.,
       5.68181835e-03, 7.10227294e-04, 1.42045459e-03, 3.55113647e-03,
       1.42045459e-03, 2.13068188e-03, 1.42045459e-03, 7.10227294e-04,
       0., 0., 0., 7.10227294e-04, 0., 7.10227294e-04, 1.42045459e-03,
       7.10227294e-04, 1.42045459e-03, 0., 0., 2.13068188e-03, 0., 0.,
       0., 0., 1.42045459e-03, 0., 0., 7.10227294e-04, 4.97159082e-03,
       0., 1.42045459e-03, 0., 0., 7.10227294e-04, 0., 1.42045459e-03,
       2.13068188e-03, 0., 0., 2.13068188e-03, 4.26136376e-03,
       2.13068188e-03, 0., 0., 7.10227294e-04, 0., 7.10227294e-04,
       7.10227294e-04, 7.10227294e-04, 0., 7.10227294e-04,
       4.26136376e-03, 1.42045459e-03, 7.10227294e-04, 1.42045459e-03,
       0., 5.68181835e-03, 2.84090918e-03, 0., 1.42045459e-03, 0.,
       4.97159082e-03, 0., 0., 7.10227294e-04, 2.84090918e-03,
       7.10227294e-04, 0., 9.23295505e-03, 0., 0., 7.10227294e-04, 0.,
       7.10227294e-04, 1.70454551e-02, 0., 2.84090918e-03, 0.,
       7.10227294e-04, 0., 1.42045459e-03, 7.10227294e-04,
       7.10227294e-04, 1.42045459e-03, 0., 0., 0., 0., 2.84090918e-03,
       0., 2.13068188e-03, 0., 7.10227294e-04, 7.10227294e-04, 0.,
       1.42045459e-03, 0., 0., 0., 0., 7.10227294e-04, 0.,
       5.68181835e-03, 7.10227294e-04, 5.68181835e-03, 0.,
       2.84090918e-03, 0., 7.10227294e-04, 0., 0., 7.10227294e-04,
       7.10227294e-04, 0., 0., 1.20738642e-02, 0., 1.42045459e-03,
       7.10227294e-04, 0., 7.10227294e-04, 7.10227294e-04, 0.,
       7.10227294e-04, 7.10227294e-04, 7.10227294e-04, 0.,
       2.13068188e-03, 7.10227294e-04, 0., 0., 7.10227294e-04, 0.,
       7.10227294e-04, 7.10227294e-04, 3.55113647e-03, 2.13068188e-03,
       2.13068188e-03, 0., 2.13068188e-03, 0., 2.13068188e-03, 0., 0.,
       0., 4.26136376e-03, 0., 3.55113647e-03, 0., 6.39204588e-03,
       1.42045459e-03, 7.10227294e-04, 0., 7.10227294e-04,
       1.42045459e-03, 0., 2.84090918e-03, 1.42045459e-03,
       7.10227294e-04, 2.13068188e-03, 7.10227294e-04, 7.10227294e-04,
       1.42045459e-03, 0., 1.42045459e-03, 1.42045459e-03,
       2.13068188e-03, 1.42045459e-03, 1.42045459e-03, 0., 0., 0.,
       3.55113647e-03, 7.10227294e-04, 1.42045459e-02, 2.84090918e-03,
       7.10227294e-04, 7.10227294e-04, 0., 2.84090918e-03,
       2.27272734e-02, 7.10227294e-04, 0., 0., 1.42045459e-03, 0.,
       8.52272753e-03, 3.55113647e-03, 4.97159082e-03, 7.10227294e-04,
       7.10227294e-04, 7.10227294e-04, 5.68181835e-03, 0., 0., 0.,
       2.84090918e-03, 0., 1.42045459e-03, 7.10227294e-04,
       7.10227294e-04, 0., 7.10227294e-04, 1.42045459e-03,
       7.10227294e-04, 0., 0., 7.10227294e-04, 7.10227294e-04,
       7.10227294e-04, 0., 7.10227294e-04, 5.68181835e-03,
       4.26136376e-03, 0., 0., 0., 0., 1.42045459e-03, 0., 0., 0., 0.,
       7.10227294e-04, 4.26136376e-03, 2.13068188e-03, 3.55113647e-03,
       7.10227294e-04, 7.10227294e-04, 0., 7.10227294e-04,
       7.10227294e-04, 7.10227294e-04, 0., 1.42045459e-03,
       7.10227294e-04, 2.13068188e-03, 7.10227294e-04, 7.10227294e-04,
       0., 0., 0., 7.10227294e-04, 0., 2.84090918e-03, 4.97159082e-03,
       1.42045459e-03, 7.10227294e-04, 2.84090918e-03, 2.13068188e-03,
       1.42045459e-03, 0., 7.10227294e-04, 7.10227294e-04, 0., 0.,
       7.10227294e-04, 1.42045459e-03, 1.42045459e-03, 7.10227294e-04,
       7.10227294e-04, 0., 7.10227294e-04, 0., 1.42045459e-03,
       7.10227294e-04, 2.13068188e-03, 2.13068188e-03, 4.97159082e-03,
       0., 0., 0., 1.42045459e-03, 3.55113647e-03, 7.10227294e-04, 0.,
       0., 7.10227294e-04, 7.10227294e-04, 1.42045459e-03, 0.,
       7.10227294e-04, 3.55113647e-03, 0., 7.10227294e-04,
       7.10227294e-04, 0., 0., 2.13068188e-03, 0., 0., 7.10227294e-04,
       0., 1.42045459e-03, 2.13068188e-03, 1.42045459e-03,
       1.42045459e-03, 7.10227294e-04, 0., 1.42045459e-03,
