%YAML:1.0
m10n: !!opencv-matrix
   rows: 1
   cols: 800
   dt: f
   data: [ 6.12932898e-04, 6.12932898e-04, 3.06466449e-04,
       4.59699659e-03, 1.53233227e-03, 2.45173159e-03, 2.14526523e-03,
       6.12932898e-04, 6.12932898e-04, 3.06466449e-04, 9.19399317e-04,
       9.19399317e-04, 1.22586580e-03, 6.12932898e-04, 1.53233227e-03,
       2.14526523e-03, 3.06466449e-04, 6.12932898e-04, 1.53233227e-03,
       1.22586580e-03, 9.19399317e-04, 3.06466449e-04, 1.22586580e-03,
       9.19399317e-04, 3.37113091e-03, 1.83879863e-03, 9.19399317e-04,
       1.22586580e-03, 1.22586580e-03, 9.19399317e-04, 1.22586580e-03,
       1.22586580e-03, 9.19399317e-04, 3.06466449e-04, 1.22586580e-03,
       0., 1.83879863e-03, 9.19399317e-04, 6.12932898e-04,
       9.19399317e-04, 3.06466449e-04, 4.90346318e-03, 2.45173159e-03,
       1.83879863e-03, 1.83879863e-03, 1.22586580e-03, 1.22586580e-03,
       5.82286250e-03, 6.12932898e-04, 5.20992978e-03, 6.12932898e-04,
       1.22586580e-03, 9.19399317e-04, 1.22586580e-03, 6.12932898e-04,
       1.22586580e-03, 5.51639590e-03, 3.06466449e-04, 0.,
       2.75819795e-03, 0., 1.83879863e-03, 2.75819795e-03,
       1.53233227e-03, 1.83879863e-03, 3.06466449e-04, 9.19399317e-04,
       1.22586580e-03, 6.12932898e-04, 6.12932898e-04, 9.19399317e-04,
       9.19399317e-04, 9.19399317e-04, 6.12932898e-04, 1.53233227e-03,
       6.12932898e-04, 2.75819795e-03, 6.12932898e-04, 3.06466449e-04,
       6.12932898e-04, 0., 3.06466449e-04, 9.19399317e-04,
       1.53233227e-03, 9.19399317e-04, 9.19399317e-04, 9.19399317e-04,
       3.06466455e-03, 9.19399317e-04, 1.83879863e-03, 2.45173159e-03,
       3.06466449e-04, 9.19399317e-04, 1.83879863e-03, 1.53233227e-03,
       1.83879863e-03, 9.19399317e-04, 0., 3.98406386e-03,
       9.19399317e-04, 1.22586580e-03, 6.12932898e-04, 2.14526523e-03,
       2.75819795e-03, 6.12932898e-04, 1.83879863e-03, 1.83879863e-03,
       3.06466449e-04, 3.06466449e-04, 1.22586580e-03, 2.14526523e-03,
       1.53233227e-03, 1.22586580e-03, 9.19399317e-04, 9.19399317e-04,
       2.45173159e-03, 3.06466449e-04, 9.19399317e-04, 1.53233227e-03,
       2.14526523e-03, 1.22586580e-03, 9.19399317e-04, 9.19399317e-04,
       3.06466449e-04, 6.12932898e-04, 6.12932898e-04, 2.75819795e-03,
       2.14526523e-03, 2.14526523e-03, 9.19399317e-04, 1.83879863e-03,
       1.22586580e-03, 9.19399317e-04, 2.14526523e-03, 2.45173159e-03,
       1.65491886e-02, 0., 1.83879863e-03, 3.06466455e-03,
       1.22586580e-03, 0., 3.37113091e-03, 9.19399317e-04,
       2.14526523e-03, 3.06466449e-04, 2.45173159e-03, 9.19399317e-04,
       1.53233227e-03, 9.19399317e-04, 3.06466449e-04, 1.22586580e-03,
       1.22586580e-03, 3.06466449e-04, 1.22586580e-03, 1.22586580e-03,
       1.53233227e-03, 2.45173159e-03, 0., 3.06466449e-04,
       6.12932898e-04, 3.06466449e-04, 2.14526523e-03, 3.06466449e-04,
       0., 6.12932898e-04, 6.12932898e-04, 6.12932898e-04,
       3.06466449e-04, 3.06466449e-04, 9.19399317e-04, 1.83879863e-03,
       9.19399317e-04, 6.12932898e-04, 6.12932898e-04, 9.19399317e-04,
       6.12932898e-04, 6.12932898e-04, 3.67759727e-03, 1.53233227e-03,
       2.14526523e-03, 5.82286250e-03, 1.83879863e-03, 3.06466449e-04,
       6.12932898e-04, 1.22586580e-03, 6.12932898e-04, 2.14526523e-03,
       9.19399317e-04, 9.19399317e-04, 1.22586580e-03, 1.53233227e-03,
       3.67759727e-03, 1.83879863e-03, 9.19399317e-04, 9.19399317e-04,
       6.12932898e-04, 0., 1.53233227e-03, 1.53233227e-03,
       1.22586580e-03, 6.12932898e-04, 6.12932898e-04, 2.14526523e-03,
       1.19521916e-02, 1.22586580e-03, 4.29053046e-03, 1.53233227e-03,
       3.06466449e-04, 1.22586580e-03, 0., 6.12932898e-04,
       6.12932898e-04, 1.83879863e-03, 6.12932898e-04, 0.,
       1.53233227e-03, 9.19399317e-04, 9.19399317e-04, 9.19399317e-04,
       6.12932898e-04, 0., 6.12932898e-04, 2.14526523e-03,
       6.12932898e-04, 3.06466449e-04, 6.12932898e-04, 9.19399317e-04,
       3.06466449e-04, 2.14526523e-03, 4.29053046e-03, 0.,
       3.06466449e-04, 6.12932898e-04, 9.19399317e-04, 2.14526523e-03,
       0., 4.29053046e-03, 9.19399317e-04, 6.12932898e-04,
       9.19399317e-04, 1.22586580e-03, 0., 1.22586580e-03,
       5.82286250e-03, 1.53233227e-03, 3.06466449e-04, 5.82286250e-03,
       2.75819795e-03, 3.06466449e-04, 6.12932898e-04, 1.53233227e-03,
       3.06466449e-04, 9.19399317e-04, 6.12932898e-04, 6.12932898e-04,
       2.45173159e-03, 1.22586580e-03, 6.12932898e-04, 3.06466449e-04,
       6.12932898e-04, 2.14526523e-03, 3.06466449e-04, 1.53233227e-03,
       9.19399317e-04, 1.53233227e-03, 2.45173159e-03, 1.22586580e-03,
       3.06466449e-04, 6.12932898e-04, 1.83879863e-03, 3.67759727e-03,
       3.06466449e-04, 6.12932898e-04, 6.12932898e-04, 9.19399317e-04,
       1.83879863e-03, 1.22586580e-03, 3.06466455e-03, 6.12932898e-04,
       9.19399317e-04, 9.19399317e-04, 6.12932898e-04, 3.06466449e-04,
       6.12932898e-04, 1.22586580e-03, 9.19399317e-04, 0.,
       9.19399317e-04, 1.22586580e-03, 3.06466449e-04, 2.45173159e-03,
       6.12932898e-04, 1.83879863e-03, 3.06466449e-04, 1.83879863e-03,
       6.12932898e-04, 6.12932898e-04, 3.06466449e-04, 6.12932898e-04,
       2.45173159e-03, 9.19399317e-04, 3.06466449e-04, 1.22586580e-03,
       6.12932898e-04, 4.59699659e-03, 6.12932898e-04, 1.22586580e-03,
       6.12932898e-04, 1.53233227e-03, 1.53233227e-03, 3.37113091e-03,
       3.06466455e-03, 3.06466449e-04, 1.83879863e-03, 1.22586580e-03,
       1.53233227e-03, 9.19399317e-04, 9.19399317e-04, 1.53233227e-03,
       1.22586580e-03, 1.22586580e-03, 3.06466449e-04, 2.45173159e-03,
       1.53233227e-03, 1.22586580e-03, 0., 1.22586580e-03,
       2.75819795e-03, 9.19399317e-04, 2.75819795e-03, 3.06466449e-04,
       6.12932898e-04, 5.51639590e-03, 0., 0., 3.06466449e-04,
       1.83879863e-03, 0., 3.06466449e-04, 3.06466449e-04,
       1.83879863e-03, 1.83879863e-03, 1.22586580e-03, 1.53233227e-03,
       2.45173159e-03, 9.19399317e-04, 1.83879863e-03, 1.53233227e-03,
       0., 9.19399317e-04, 9.19399317e-04, 3.06466449e-04,
       3.06466449e-04, 6.12932898e-04, 2.75819795e-03, 1.83879863e-03,
       1.53233227e-03, 3.06466449e-04, 1.22586580e-03, 4.59699659e-03,
       1.22586580e-03, 6.12932898e-04, 2.45173159e-03, 6.12932898e-04,
       1.53233227e-03, 3.06466449e-04, 9.19399317e-04, 0.,
       7.35519454e-03, 1.22586580e-03, 9.19399317e-04, 0.,
       6.12932898e-04, 6.12932898e-04, 6.12932898e-04, 1.22586580e-03,
       2.14526523e-03, 3.06466449e-04, 8.88752658e-03, 3.06466449e-04,
       2.45173159e-03, 9.19399317e-04, 3.06466449e-04, 1.22586580e-03,
       3.06466449e-04, 1.22586580e-03, 9.19399317e-04, 0.,
       5.20992978e-03, 3.06466449e-04, 2.14526523e-03, 4.29053046e-03,
       6.12932898e-04, 6.43579522e-03, 9.19399317e-04, 6.12932898e-04,
       3.06466455e-03, 0., 0., 1.53233227e-03, 9.19399317e-04,
       9.19399317e-04, 1.53233227e-03, 3.06466449e-04, 6.12932898e-04,
       1.83879863e-03, 3.06466449e-04, 0., 9.19399317e-04, 0.,
       1.53233227e-03, 6.12932898e-04, 6.12932898e-04, 1.83879863e-03,
       2.14526523e-03, 3.06466455e-03, 2.14526523e-03, 6.12932898e-04,
       1.22586580e-03, 1.22586580e-03, 2.14526523e-03, 0.,
       2.14526523e-03, 2.45173159e-03, 1.83879863e-03, 1.53233227e-03,
       3.06466449e-04, 0., 2.45173159e-03, 3.06466449e-04,
       3.06466449e-04, 9.19399317e-04, 9.19399317e-04, 3.37113091e-03,
       9.19399317e-04, 9.19399317e-04, 0., 1.22586580e-03,
       6.12932898e-04, 1.53233227e-03, 3.06466449e-04, 9.19399317e-04,
       9.19399317e-04, 2.75819795e-03, 3.06466449e-04, 1.22586580e-03,
       0., 6.12932898e-04, 6.12932898e-04, 3.06466449e-04, 0., 0.,
       1.22586580e-03, 2.75819795e-03, 1.53233227e-03, 1.22586580e-03,
       6.12932898e-04, 0., 3.06466449e-04, 9.19399317e-04,
       3.06466449e-04, 0., 6.12932898e-04, 6.12932898e-04,
       9.19399317e-04, 9.19399317e-04, 6.12932898e-04, 6.12932898e-04,
       9.19399317e-04, 1.53233227e-03, 1.22586580e-03, 3.06466449e-04,
