%YAML:1.0
m10n: !!opencv-matrix
   rows: 1
   cols: 800
   dt: f
   data: [ 1.61246979e-03, 2.14995979e-03, 2.14995979e-03,
       5.37489948e-04, 8.06234893e-04, 2.14995979e-03, 2.14995979e-03,
       8.06234893e-04, 5.37489948e-04, 5.37489948e-04, 1.34372490e-03,
       3.76242958e-03, 1.34372490e-03, 1.34372490e-03, 3.49368458e-03,
       1.61246979e-03, 2.68744974e-04, 1.07497990e-03, 8.06234893e-04,
       8.06234893e-04, 8.06234893e-04, 5.37489948e-04, 1.88121479e-03,
       1.88121479e-03, 8.33109394e-03, 5.37489948e-04, 0.,
       2.68744974e-04, 8.06234893e-04, 1.34372490e-03, 1.34372490e-03,
       2.41870480e-03, 5.37489948e-04, 8.06234893e-04, 1.07497990e-03,
       2.68744974e-04, 1.88121479e-03, 1.88121479e-03, 1.61246979e-03,
       8.06234893e-04, 5.37489948e-04, 2.14995979e-03, 0.,
       8.06234893e-04, 2.14995979e-03, 1.61246979e-03, 1.88121479e-03,
       7.25611439e-03, 0., 4.03117482e-03, 1.34372490e-03,
       5.37489948e-04, 8.06234893e-04, 1.07497990e-03, 5.37489948e-04,
       1.07497990e-03, 2.95619480e-03, 8.06234893e-04, 0.,
       8.06234893e-04, 8.06234893e-04, 2.95619480e-03, 0.,
       1.61246979e-03, 8.06234893e-04, 0., 8.06234893e-04,
       1.61246979e-03, 5.37489948e-04, 2.41870480e-03, 8.06234893e-04,
       1.61246979e-03, 1.34372490e-03, 1.34372490e-03, 2.41870480e-03,
       0., 1.61246979e-03, 8.06234893e-04, 1.61246979e-03,
       1.61246979e-03, 8.06234893e-04, 5.37489948e-04, 1.34372490e-03,
       2.41870480e-03, 1.88121479e-03, 5.37489948e-04, 8.06234893e-04,
       3.22493957e-03, 1.61246979e-03, 2.68744980e-03, 0.,
       5.37489948e-04, 1.07497990e-03, 1.07497990e-03, 5.37489948e-04,
       8.06234893e-04, 1.34372490e-03, 5.37489948e-04, 0.,
       8.06234893e-04, 0., 1.07497990e-03, 1.88121479e-03,
       1.61246979e-03, 8.06234893e-04, 2.68744980e-03, 2.41870480e-03,
       1.07497990e-03, 1.88121479e-03, 1.07497990e-03, 3.22493957e-03,
       0., 5.37489948e-04, 8.06234893e-04, 5.37489948e-04,
       1.34372490e-03, 5.37489948e-04, 5.37489948e-04, 8.06234893e-04,
       0., 1.61246979e-03, 1.07497990e-03, 1.34372490e-03,
       1.34372490e-03, 2.14995979e-03, 5.37489948e-04, 8.06234893e-04,
       1.34372490e-03, 8.06234893e-04, 1.61246979e-03, 1.07497990e-03,
       1.88121479e-03, 1.07497990e-03, 1.07497990e-03, 5.37489948e-04,
       9.40607395e-03, 1.07497990e-03, 1.34372490e-03, 2.68744974e-04,
       1.07497990e-03, 2.68744974e-04, 2.95619480e-03, 5.37489948e-04,
       1.07497990e-03, 1.34372490e-03, 1.34372490e-03, 1.61246979e-03,
       6.18113438e-03, 4.29991959e-03, 1.34372490e-03, 1.07497990e-03,
       2.68744980e-03, 8.06234893e-04, 1.34372490e-03, 2.68744974e-04,
       8.06234893e-04, 2.68744974e-04, 1.61246979e-03, 8.06234893e-04,
       1.34372490e-03, 2.68744974e-04, 5.37489948e-04, 5.37489948e-04,
       1.61246979e-03, 2.68744974e-04, 5.37489948e-04, 2.68744974e-04,
       2.95619480e-03, 5.37489948e-04, 1.61246979e-03, 1.34372490e-03,
       2.95619480e-03, 1.34372490e-03, 5.37489948e-04, 8.06234893e-04,
       8.06234893e-04, 1.61246979e-03, 5.91238961e-03, 2.14995979e-03,
       2.41870480e-03, 2.14995979e-03, 2.14995979e-03, 1.34372490e-03,
       2.68744980e-03, 2.68744974e-04, 2.68744974e-04, 2.41870480e-03,
       1.34372490e-03, 8.06234893e-04, 2.95619480e-03, 8.06234893e-04,
       2.68744980e-03, 3.76242958e-03, 1.07497990e-03, 2.14995979e-03,
       5.37489948e-04, 2.68744974e-04, 0., 5.37489948e-04,
       1.61246979e-03, 1.07497990e-03, 8.06234893e-04, 2.41870480e-03,
       4.83740959e-03, 1.61246979e-03, 3.22493957e-03, 2.68744974e-04,
       8.06234893e-04, 1.07497990e-03, 1.34372490e-03, 8.06234893e-04,
       8.06234893e-04, 3.49368458e-03, 1.34372490e-03, 1.88121479e-03,
       1.07497990e-03, 5.37489948e-04, 2.68744974e-04, 2.68744974e-04,
       1.88121479e-03, 0., 1.07497990e-03, 1.34372490e-03,
       5.37489948e-04, 1.07497990e-03, 1.34372490e-03, 1.88121479e-03,
       1.61246979e-03, 1.34372490e-03, 1.34372490e-03, 1.07497990e-03,
       1.07497990e-03, 1.34372490e-03, 1.34372490e-03, 1.61246979e-03,
       1.61246979e-03, 1.88121479e-03, 2.68744974e-04, 8.06234893e-04,
       2.68744974e-04, 1.88121479e-03, 5.37489948e-04, 8.06234893e-04,
       2.68744974e-04, 8.06234893e-04, 2.68744974e-04, 4.56866436e-03,
       1.07497990e-03, 2.68744974e-04, 2.68744974e-04, 8.06234893e-04,
       1.61246979e-03, 8.06234893e-04, 1.34372490e-03, 2.68744974e-04,
       1.07497990e-03, 2.95619480e-03, 1.61246979e-03, 0.,
       1.07497990e-03, 1.34372490e-03, 0., 1.07497990e-03,
       1.61246979e-03, 1.34372490e-03, 8.06234893e-04, 8.06234893e-04,
       1.88121479e-03, 2.68744980e-03, 5.37489948e-04, 2.41870480e-03,
       1.61246979e-03, 1.61246979e-03, 5.37489948e-04, 1.34372490e-03,
       8.06234893e-04, 8.06234893e-04, 2.68744980e-03, 1.07497990e-03,
       1.07497990e-03, 2.14995979e-03, 5.37489948e-04, 8.06234893e-04,
       1.07497990e-03, 1.34372490e-03, 2.14995979e-03, 1.07497990e-03,
       5.37489948e-04, 1.07497990e-03, 5.37489948e-04, 0.,
       5.37489948e-04, 1.61246979e-03, 1.07497990e-03, 1.61246979e-03,
       8.06234893e-04, 0., 8.06234893e-04, 0., 1.88121479e-03,
       2.95619480e-03, 5.37489948e-04, 1.34372490e-03, 0., 0.,
       2.68744974e-04, 1.34372490e-03, 1.07497990e-03, 2.68744974e-04,
       8.06234893e-04, 1.07497990e-03, 2.41870480e-03, 2.68744974e-04,
       3.49368458e-03, 2.14995979e-03, 8.06234893e-04, 8.06234893e-04,
       1.34372490e-03, 1.07497990e-03, 1.61246979e-03, 0.,
       1.07497990e-03, 2.68744974e-04, 2.68744974e-04, 8.06234893e-04,
       2.68744980e-03, 1.07497990e-03, 2.68744980e-03, 1.07497990e-03,
       5.37489948e-04, 1.88121479e-03, 1.34372490e-03, 8.06234963e-03,
       2.41870480e-03, 5.37489948e-04, 1.34372490e-03, 1.34372490e-03,
       0., 1.07497990e-03, 8.06234893e-04, 6.71862438e-03,
       1.07497990e-03, 1.34372490e-03, 8.06234893e-04, 1.61246979e-03,
       1.34372490e-03, 5.37489948e-04, 1.34372490e-03, 8.06234893e-04,
       1.61246979e-03, 5.37489948e-04, 1.07497990e-03, 5.37489948e-04,
       8.06234893e-04, 5.37489960e-03, 0., 5.37489948e-04,
       8.06234893e-04, 1.07497990e-03, 1.34372490e-03, 1.07497990e-03,
       2.14995979e-03, 2.41870480e-03, 1.61246979e-03, 1.61246979e-03,
       2.68744974e-04, 1.07497990e-03, 8.06234893e-04, 2.68744980e-03,
       1.34372490e-03, 3.76242958e-03, 1.61246979e-03, 8.06234893e-04,
       5.37489948e-04, 1.61246979e-03, 0., 1.61246979e-03,
       5.37489948e-04, 2.41870480e-03, 5.37489948e-04, 5.37489948e-04,
       1.07497990e-03, 1.61246979e-03, 5.37489948e-04, 1.07497990e-03,
       5.37489948e-04, 1.61246979e-03, 5.37489948e-04, 1.88121479e-03,
       2.41870480e-03, 1.61246979e-03, 1.34372490e-03, 5.37489948e-04,
       0., 1.07497990e-03, 5.37489948e-04, 2.68744974e-04,
       8.06234893e-04, 2.68744974e-04, 2.14995979e-03, 1.34372490e-03,
       8.06234893e-04, 1.61246979e-03, 2.68744974e-04, 5.37489948e-04,
       8.06234893e-04, 1.61246979e-03, 8.06234893e-04, 1.07497990e-03,
       1.61246979e-03, 5.64364437e-03, 8.06234893e-04, 5.37489948e-04,
       8.06234893e-04, 5.37489948e-04, 1.61246979e-03, 0.,
       1.61246979e-03, 1.34372490e-03, 5.37489948e-04, 2.41870480e-03,
       5.37489948e-04, 2.68744974e-04, 1.34372490e-03, 1.07497990e-03,
       2.14995979e-03, 1.61246979e-03, 0., 1.34372490e-03,
       5.37489948e-04, 1.34372490e-03, 2.95619480e-03, 1.07497990e-03,
       2.68744974e-04, 1.88121479e-03, 5.37489948e-04, 8.06234893e-04,
       1.07497990e-03, 8.06234893e-04, 1.07497990e-03, 0.,
       2.68744974e-04, 2.68744974e-04, 1.07497990e-03, 0.,
       1.34372490e-03, 2.41870480e-03, 1.34372490e-03, 8.06234893e-04,
       8.06234893e-04, 1.88121479e-03, 2.68744974e-04, 0.,
       2.14995979e-03, 8.06234893e-04, 2.41870480e-03, 8.06234893e-04,
       5.37489948e-04, 8.06234893e-04, 5.37489948e-04, 8.06234893e-04,
       5.37489948e-04, 1.07497990e-03, 0., 2.68744974e-04,
