%YAML:1.0
m10n: !!opencv-matrix
   rows: 1
   cols: 800
   dt: f
   data: [ 2.36756448e-03, 1.77567336e-03, 3.84729216e-03,
       1.18378224e-03, 8.87836679e-04, 3.55134672e-03, 1.47972780e-03,
       2.95945560e-04, 1.77567336e-03, 5.91891119e-04, 5.91891119e-04,
       5.91891119e-04, 2.36756448e-03, 1.47972780e-03, 2.36756448e-03,
       2.07161903e-03, 5.91891119e-04, 8.87836679e-04, 1.18378224e-03,
       5.91891119e-04, 8.87836679e-04, 2.95945560e-04, 5.03107440e-03,
       5.91891119e-04, 5.91891119e-04, 2.95945560e-04, 0.,
       5.91891119e-04, 2.95945560e-04, 1.77567336e-03, 8.87836679e-04,
       2.07161903e-03, 2.95945560e-03, 0., 5.91891119e-04,
       5.91891119e-04, 1.77567336e-03, 1.18378224e-03, 1.18378224e-03,
       1.18378224e-03, 3.25540127e-03, 1.18378224e-03, 0.,
       5.91891119e-04, 2.36756448e-03, 2.66350992e-03, 8.87836679e-04,
       4.73512895e-03, 8.87836679e-04, 1.18378224e-03, 1.77567336e-03,
       8.87836679e-04, 2.36756448e-03, 2.95945560e-04, 2.95945560e-04,
       5.91891119e-04, 1.18378224e-03, 4.14323807e-03, 5.91891119e-04,
       2.95945560e-04, 1.47972780e-03, 2.07161903e-03, 1.18378224e-03,
       1.47972780e-03, 5.91891119e-04, 8.87836679e-04, 2.95945560e-04,
       2.95945560e-04, 8.87836679e-04, 2.07161903e-03, 5.03107440e-03,
       2.66350992e-03, 2.66350992e-03, 1.47972780e-03, 7.10269343e-03,
       0., 1.18378224e-03, 2.95945560e-04, 5.91891119e-04,
       1.18378224e-03, 8.87836679e-04, 2.95945560e-04, 1.18378224e-03,
       0., 1.18378224e-03, 5.91891119e-03, 0., 4.73512895e-03,
       1.47972780e-03, 2.66350992e-03, 0., 8.87836679e-04,
       1.18378224e-03, 2.95945560e-04, 2.95945560e-04, 1.18378224e-03,
       2.36756448e-03, 2.95945560e-04, 0., 0., 1.18378224e-03,
       2.95945560e-03, 2.66350992e-03, 1.18378224e-03, 2.95945560e-04,
       2.66350992e-03, 1.47972780e-03, 2.07161903e-03, 5.91891119e-04,
       1.77567336e-03, 2.36756448e-03, 2.95945560e-04, 0.,
       1.47972780e-03, 1.47972780e-03, 1.47972780e-03, 5.91891119e-04,
       8.87836679e-04, 2.95945560e-04, 2.95945560e-04, 1.18378224e-03,
       1.18378224e-03, 5.91891119e-04, 5.91891119e-04, 2.36756448e-03,
       8.87836679e-04, 1.18378224e-03, 8.87836679e-04, 2.95945560e-04,
       1.18378224e-03, 3.25540127e-03, 2.66350992e-03, 2.95945560e-04,
       3.25540127e-03, 8.87836679e-04, 2.36756448e-03, 8.87836679e-04,
       1.18378224e-03, 1.18378224e-03, 5.91891119e-04, 8.87836679e-04,
       3.25540127e-03, 1.77567336e-03, 2.36756448e-03, 2.95945560e-04,
       1.77567336e-03, 2.95945560e-04, 4.43918351e-03, 3.25540127e-03,
       2.95945560e-03, 1.47972780e-03, 2.95945560e-03, 1.18378224e-03,
       2.95945560e-04, 8.87836679e-04, 1.18378224e-03, 2.95945560e-04,
       1.47972780e-03, 2.95945560e-04, 1.18378224e-03, 2.95945560e-04,
       0., 0., 2.95945560e-04, 0., 2.36756448e-03, 5.91891119e-04,
       3.55134672e-03, 5.91891119e-04, 2.95945560e-04, 1.47972780e-03,
       1.47972780e-03, 2.95945560e-04, 1.18378224e-03, 2.95945560e-04,
       8.87836679e-04, 8.87836679e-04, 2.95945560e-04, 2.36756448e-03,
       2.95945560e-03, 1.77567336e-03, 3.55134672e-03, 2.07161903e-03,
       6.21485664e-03, 1.18378224e-03, 1.47972780e-03, 1.47972780e-03,
       2.95945560e-04, 2.95945560e-04, 5.91891119e-04, 2.07161903e-03,
       1.18378224e-03, 1.47972780e-03, 1.77567336e-03, 8.87836679e-04,
       1.18378224e-03, 5.91891119e-04, 2.07161903e-03, 1.18378224e-03,
       1.18378224e-03, 8.87836679e-04, 5.91891119e-04, 1.77567336e-03,
       1.18378224e-03, 1.18378224e-03, 2.07161903e-03, 2.95945560e-04,
       2.95945560e-03, 2.95945560e-04, 2.95945560e-04, 2.95945560e-04,
       2.95945560e-04, 8.87836679e-04, 2.95945560e-04, 2.36756448e-03,
       1.77567336e-03, 2.95945560e-04, 1.47972780e-03, 8.87836679e-04,
       1.18378224e-03, 2.95945560e-04, 5.91891119e-04, 5.91891119e-04,
       5.91891119e-04, 1.18378224e-03, 2.95945560e-04, 2.36756448e-03,
       3.25540127e-03, 1.77567336e-03, 1.77567336e-03, 1.18378224e-03,
       1.77567336e-03, 5.91891119e-04, 1.18378224e-03, 8.87836679e-04,
       1.18378224e-03, 2.66350992e-03, 5.91891119e-04, 5.91891119e-04,
       5.91891119e-04, 1.18378224e-03, 2.95945560e-04, 5.91891119e-04,
       0., 8.87836679e-04, 0., 3.25540127e-03, 2.07161903e-03, 0.,
       5.91891119e-04, 2.07161903e-03, 2.36756448e-03, 3.55134672e-03,
       5.32701984e-03, 5.91891119e-04, 1.47972780e-03, 2.66350992e-03,
       5.91891119e-04, 8.87836679e-04, 1.47972780e-03, 1.18378224e-03,
       2.95945560e-04, 5.91891119e-04, 5.91891119e-04, 1.77567336e-03,
       5.91891119e-04, 5.91891119e-04, 8.87836679e-04, 0.,
       8.87836679e-04, 1.47972780e-03, 3.55134672e-03, 8.87836679e-04,
       2.95945560e-04, 2.36756448e-03, 2.07161903e-03, 5.91891119e-04,
       3.84729216e-03, 1.77567336e-03, 1.47972780e-03, 3.55134672e-03,
       1.47972780e-03, 1.18378224e-03, 2.95945560e-04, 1.18378224e-03,
       1.77567336e-03, 1.18378224e-03, 2.95945560e-04, 2.95945560e-04,
       1.18378224e-03, 8.87836679e-04, 0., 2.36756448e-03,
       2.95945560e-04, 2.95945560e-03, 8.87836679e-04, 5.91891119e-04,
       2.95945560e-04, 1.47972780e-03, 2.36756448e-03, 5.91891119e-04,
       5.91891119e-04, 1.47972780e-03, 0., 8.87836679e-04, 0.,
       1.77567336e-03, 2.36756448e-03, 5.91891119e-04, 5.91891119e-04,
       5.91891119e-04, 1.77567336e-03, 5.91891119e-04, 1.77567336e-03,
       1.18378224e-03, 1.18378224e-03, 8.87836679e-04, 5.91891119e-04,
       2.07161903e-03, 2.95945560e-04, 1.47972780e-03, 8.87836679e-04,
       8.87836679e-04, 2.95945560e-04, 8.87836679e-04, 8.87836679e-04,
       5.91891119e-04, 1.77567336e-03, 2.66350992e-03, 1.47972780e-03,
       2.07161903e-03, 1.18378224e-03, 4.14323807e-03, 8.87836679e-04,
       1.47972780e-03, 5.91891119e-04, 1.18378224e-03, 1.47972780e-03,
       0., 8.87836679e-04, 4.43918351e-03, 2.95945560e-04,
       2.07161903e-03, 8.87836679e-04, 2.95945560e-03, 8.87836679e-04,
       5.91891119e-04, 1.47972780e-03, 2.95945560e-04, 1.18378224e-03,
       2.36756448e-03, 5.91891119e-04, 1.18378224e-03, 5.91891119e-04,
       2.95945560e-03, 0., 2.36756448e-03, 2.07161903e-03,
       1.47972780e-03, 5.91891119e-04, 5.91891119e-04, 8.87836679e-04,
       2.95945560e-04, 1.18378224e-03, 8.87836679e-04, 1.18378224e-03,
       1.18378224e-03, 8.87836679e-04, 3.25540127e-03, 5.91891119e-04,
       6.80674799e-03, 1.18378224e-03, 1.18378224e-03, 1.18378224e-03,
       8.87836679e-04, 0., 2.07161903e-03, 1.77567336e-03,
       1.77567336e-03, 2.95945560e-04, 2.36756448e-03, 1.18378224e-03,
       2.95945560e-04, 5.91891119e-04, 1.77567336e-03, 0.,
       2.36756448e-03, 0., 2.95945560e-04, 2.95945560e-04,
       8.87836679e-04, 2.07161903e-03, 1.47972780e-03, 5.91891119e-04,
       1.77567336e-03, 2.95945560e-04, 2.95945560e-03, 1.18378224e-03,
       1.47972780e-03, 1.18378224e-03, 1.18378224e-03, 2.36756448e-03,
       1.18378224e-03, 8.87836679e-04, 1.18378224e-03, 5.91891119e-04,
       5.91891119e-04, 5.91891119e-04, 1.47972780e-03, 2.95945560e-04,
       3.84729216e-03, 2.36756448e-03, 8.87836679e-04, 2.36756448e-03,
       1.18378224e-03, 3.55134672e-03, 8.87836679e-04, 1.18378224e-03,
       2.07161903e-03, 1.18378224e-03, 1.18378224e-03, 2.36756448e-03,
       2.95945560e-03, 5.91891119e-04, 2.36756448e-03, 2.95945560e-04,
       0., 2.95945560e-04, 5.91891119e-04, 5.03107440e-03,
       5.91891119e-04, 2.66350992e-03, 3.55134672e-03, 2.07161903e-03,
       5.91891119e-04, 1.47972780e-03, 2.95945560e-04, 2.95945560e-04,
       8.87836679e-04, 2.95945560e-04, 2.95945560e-04, 5.91891119e-04,
       8.87836679e-04, 1.47972780e-03, 2.95945560e-04, 2.95945560e-04,
       5.62296575e-03, 2.07161903e-03, 2.95945560e-04, 2.95945560e-04,
       5.91891119e-04, 1.47972780e-03, 2.95945560e-04, 1.18378224e-03,
       1.18378224e-03, 8.87836679e-04, 2.95945560e-04, 2.95945560e-04,
       1.77567336e-03, 0., 2.95945560e-04, 5.91891119e-04,
