%YAML:1.0
m10n: !!opencv-matrix
   rows: 1
   cols: 800
   dt: f
   data: [ 1.49253733e-03, 7.46268663e-04, 7.46268663e-04,
       3.73134331e-04, 1.49253733e-03, 1.49253733e-03, 1.11940294e-03,
       0., 3.73134331e-04, 2.61194026e-03, 4.10447782e-03,
       2.23880587e-03, 2.61194026e-03, 5.59701491e-03, 3.73134331e-04,
       1.11940294e-03, 4.10447782e-03, 2.98507465e-03, 3.73134331e-04,
       7.46268663e-04, 7.46268663e-04, 1.49253733e-03, 1.86567171e-03,
       0., 1.86567171e-03, 7.46268663e-04, 2.23880587e-03,
       7.46268686e-03, 0., 0., 0., 7.46268663e-04, 1.49253733e-03,
       1.11940294e-03, 3.73134331e-04, 7.46268663e-04, 7.46268663e-04,
       3.73134331e-04, 5.59701491e-03, 0., 2.23880587e-03,
       1.11940294e-03, 7.46268663e-04, 1.49253733e-03, 3.73134331e-04,
       7.46268663e-04, 3.73134331e-04, 7.46268663e-04, 3.73134331e-04,
       1.11940294e-03, 0., 7.46268663e-04, 7.46268663e-04,
       1.49253733e-03, 7.46268663e-04, 3.35820904e-03, 3.73134331e-04,
       3.73134331e-04, 1.86567171e-03, 1.49253733e-03, 1.11940294e-03,
       0., 1.11940294e-03, 2.98507465e-03, 2.98507465e-03,
       1.11940294e-03, 0., 1.49253733e-03, 1.49253733e-03,
       3.73134331e-04, 2.23880587e-03, 7.46268663e-04, 0.,
       1.49253733e-03, 1.49253733e-03, 1.49253733e-03, 1.11940294e-03,
       0., 3.73134343e-03, 1.49253733e-03, 0., 3.73134331e-04,
       2.23880587e-03, 3.73134331e-04, 1.11940294e-03, 3.73134331e-04,
       0., 6.34328369e-03, 4.47761174e-03, 2.61194026e-03,
       1.11940294e-03, 1.11940294e-03, 1.86567171e-03, 3.73134331e-04,
       1.11940294e-03, 0., 7.46268663e-04, 1.86567171e-03,
       1.11940294e-03, 7.46268663e-04, 7.46268663e-04, 3.73134331e-04,
       4.85074613e-03, 7.46268663e-04, 3.73134331e-04, 3.35820904e-03,
       2.98507465e-03, 1.11940294e-03, 7.46268663e-04, 1.11940294e-03,
       2.23880587e-03, 3.35820904e-03, 0., 0., 1.49253733e-03,
       3.73134331e-04, 0., 3.73134331e-04, 3.73134331e-04,
       3.73134331e-04, 1.11940294e-03, 1.49253733e-03, 0.,
       1.11940294e-03, 0., 1.86567171e-03, 2.61194026e-03,
       3.73134331e-04, 3.73134343e-03, 7.46268663e-04, 1.11940294e-03,
       1.11940294e-03, 2.61194026e-03, 7.46268663e-04, 2.23880587e-03,
       3.73134331e-04, 1.11940294e-03, 3.73134331e-04, 1.49253733e-03,
       7.46268663e-04, 4.47761174e-03, 2.23880587e-03, 0.,
       7.46268663e-04, 3.73134331e-04, 3.73134331e-04, 0.,
       3.73134331e-04, 0., 1.49253733e-03, 1.49253733e-03, 0.,
       1.86567171e-03, 1.11940294e-03, 1.11940294e-03, 0.,
       7.46268663e-04, 2.61194026e-03, 3.73134331e-04, 2.61194026e-03,
       3.73134331e-04, 0., 7.46268663e-04, 3.73134331e-04,
       7.46268663e-04, 0., 1.11940294e-03, 2.61194026e-03, 0.,
       3.73134331e-04, 7.46268663e-04, 0., 1.11940294e-03,
       1.11940294e-03, 3.73134331e-04, 0., 1.86567171e-03,
       3.73134331e-04, 1.49253733e-03, 1.11940294e-03, 1.86567171e-03,
       2.61194026e-03, 7.46268663e-04, 3.73134331e-04, 2.23880587e-03,
       1.11940294e-03, 1.49253733e-03, 1.49253733e-03, 0.,
       4.10447782e-03, 0., 1.86567171e-03, 1.11940294e-03,
       3.73134331e-04, 1.86567171e-03, 7.46268663e-04, 3.73134331e-04,
       2.23880587e-03, 7.46268663e-04, 0., 3.73134343e-03,
       2.98507465e-03, 4.47761174e-03, 3.73134343e-03, 1.11940294e-03,
       1.49253733e-03, 2.61194026e-03, 1.49253733e-03, 1.49253733e-03,
       7.46268663e-04, 2.61194026e-03, 4.47761174e-03, 0.,
       2.61194026e-03, 7.46268663e-04, 0., 1.49253733e-03,
       2.98507465e-03, 0., 3.73134331e-04, 7.46268663e-04, 0.,
       3.35820904e-03, 3.73134331e-04, 3.73134331e-04, 3.73134343e-03,
       3.73134343e-03, 1.49253733e-03, 1.11940294e-03, 1.86567171e-03,
       3.73134331e-04, 2.61194026e-03, 3.73134331e-04, 7.46268663e-04,
       7.46268663e-04, 7.46268663e-04, 3.35820904e-03, 7.46268663e-04,
       7.46268663e-04, 0., 2.23880587e-03, 1.49253733e-03,
       1.11940294e-03, 3.73134331e-04, 2.98507465e-03, 2.23880587e-03,
       4.85074613e-03, 1.11940294e-03, 3.73134331e-04, 4.85074613e-03,
       5.22388052e-03, 1.86567171e-03, 2.23880587e-03, 7.46268663e-04,
       1.11940294e-03, 0., 3.73134343e-03, 2.23880587e-03,
       1.11940294e-03, 1.49253733e-03, 2.23880587e-03, 1.86567171e-03,
       0., 7.46268663e-04, 1.11940294e-03, 7.46268663e-04,
       3.73134331e-04, 0., 3.73134331e-04, 3.73134343e-03,
       7.46268663e-04, 0., 7.46268663e-04, 7.46268663e-04,
       2.61194026e-03, 3.73134331e-04, 3.73134331e-04, 2.23880587e-03,
       1.11940294e-03, 2.23880587e-03, 1.11940294e-03, 0.,
       1.49253733e-03, 2.23880587e-03, 0., 0., 0., 1.49253733e-03,
       1.49253733e-03, 2.98507465e-03, 5.22388052e-03, 3.35820904e-03,
       0., 3.35820904e-03, 0., 3.73134331e-04, 3.73134331e-04,
       2.23880587e-03, 2.61194026e-03, 0., 2.23880587e-03,
       2.61194026e-03, 3.73134343e-03, 3.73134331e-04, 1.11940294e-03,
       0., 1.11940294e-03, 1.49253733e-03, 2.23880587e-03,
       2.61194026e-03, 7.46268663e-04, 0., 2.61194026e-03, 0.,
       1.11940294e-03, 7.46268663e-04, 1.11940294e-03, 1.86567171e-03,
       0., 0., 4.10447782e-03, 1.11940294e-03, 2.23880587e-03,
       1.11940294e-03, 1.49253733e-03, 1.11940294e-03, 0.,
       3.73134331e-04, 1.49253733e-03, 2.98507465e-03, 2.23880587e-03,
       3.73134331e-04, 3.73134331e-04, 3.73134331e-04, 3.73134331e-04,
       2.23880587e-03, 4.10447782e-03, 3.73134331e-04, 7.46268663e-04,
       2.61194026e-03, 2.23880587e-03, 7.46268663e-04, 0.,
       2.61194026e-03, 2.98507465e-03, 1.11940294e-03, 7.46268663e-04,
       3.73134331e-04, 3.73134331e-04, 3.35820904e-03, 1.49253733e-03,
       7.46268663e-04, 0., 2.23880587e-03, 0., 7.46268663e-04,
       4.10447782e-03, 7.46268663e-04, 5.22388052e-03, 7.46268663e-04,
       3.73134331e-04, 3.73134343e-03, 3.73134331e-04, 0.,
       3.73134331e-04, 0., 2.23880587e-03, 7.46268663e-04, 0., 0.,
       2.23880587e-03, 1.11940294e-03, 0., 3.73134331e-04,
       7.46268663e-04, 1.49253733e-03, 7.46268663e-04, 7.46268663e-04,
       3.73134331e-04, 1.11940294e-03, 7.46268663e-04, 1.49253733e-03,
       1.11940294e-03, 3.73134331e-04, 0., 1.49253733e-03,
       1.86567171e-03, 3.73134331e-04, 2.61194026e-03, 1.49253733e-03,
       7.46268663e-04, 3.73134331e-04, 0., 0., 1.86567171e-03,
       1.49253733e-03, 0., 0., 0., 3.73134331e-04, 0., 5.59701491e-03,
       0., 2.23880587e-03, 7.46268663e-04, 3.73134331e-04,
       3.73134331e-04, 3.35820904e-03, 3.73134331e-04, 0., 0., 0.,
       3.73134331e-04, 4.10447782e-03, 0., 3.73134331e-04,
       1.11940294e-03, 0., 3.73134331e-04, 3.73134331e-04,
       3.73134331e-04, 1.86567171e-03, 1.86567171e-03, 0.,
       3.73134331e-04, 2.23880587e-03, 3.73134331e-04, 3.73134331e-04,
       0., 1.11940294e-03, 1.11940294e-03, 3.73134331e-04,
       3.73134343e-03, 7.46268663e-04, 1.86567171e-03, 2.61194026e-03,
       7.46268663e-04, 0., 7.46268663e-04, 3.73134331e-04,
       7.46268663e-04, 2.23880587e-03, 3.73134331e-04, 3.73134331e-04,
       7.46268663e-04, 0., 0., 1.49253733e-03, 1.86567171e-03,
       3.73134343e-03, 2.23880587e-03, 7.46268663e-04, 0.,
       1.49253733e-03, 7.46268663e-04, 3.73134331e-04, 0.,
       7.46268663e-04, 7.46268663e-04, 2.61194026e-03, 3.73134331e-04,
       3.73134331e-04, 7.46268663e-04, 2.23880587e-03, 2.61194026e-03,
       3.35820904e-03, 7.46268663e-04, 3.73134331e-04, 1.11940294e-03,
       1.49253733e-03, 0., 3.73134331e-04, 3.73134343e-03,
       1.86567171e-03, 0., 3.73134331e-04, 1.49253733e-03,
       7.46268663e-04, 3.73134331e-04, 2.61194026e-03, 3.73134331e-04,
       3.73134331e-04, 1.86567171e-03, 2.23880587e-03, 0., 0.,
       1.86567171e-03, 0., 1.11940294e-03, 1.86567171e-03,
       2.23880587e-03, 1.11940294e-03, 3.73134331e-04, 0.,
       1.11940294e-03, 2.61194026e-03, 1.11940294e-03, 7.46268663e-04,
       3.73134331e-04, 3.73134331e-04, 1.11940294e-03, 3.73134331e-04,
       3.73134331e-04, 3.73134331e-04, 1.86567171e-03, 4.85074613e-03,
