%YAML:1.0
m10n: !!opencv-matrix
   rows: 1
   cols: 800
   dt: f
   data: [ 8.79507454e-04, 8.79507454e-04, 0., 0., 0., 6.15655212e-03,
       8.79507454e-04, 4.39753709e-03, 1.75901491e-03, 8.79507454e-04,
       0., 0., 1.75901491e-03, 8.79507454e-04, 8.79507454e-04,
       8.79507454e-04, 0., 0., 0., 4.39753709e-03, 2.63852230e-03,
       8.79507454e-04, 0., 2.63852230e-03, 0., 0., 8.79507454e-04, 0.,
       3.51802981e-03, 0., 6.15655212e-03, 0., 8.79507454e-04, 0., 0.,
       0., 0., 0., 1.93491634e-02, 6.15655212e-03, 0., 0., 0.,
       6.15655212e-03, 8.79507454e-04, 0., 0., 8.79507454e-04, 0., 0.,
       0., 8.79507454e-04, 0., 2.63852230e-03, 0., 1.75901484e-02, 0.,
       0., 0., 0., 0., 4.39753709e-03, 8.79507454e-04, 1.75901491e-03,
       0., 1.75901491e-03, 2.63852230e-03, 1.75901491e-03, 0.,
       6.15655212e-03, 1.49516268e-02, 0., 0., 3.51802981e-03,
       8.79507454e-04, 2.63852230e-03, 8.79507454e-04, 8.79507454e-04,
       3.51802981e-03, 1.75901491e-03, 8.79507454e-04, 0., 0.,
       8.79507454e-04, 2.63852230e-03, 0., 8.79507454e-04, 0.,
       2.63852230e-03, 1.75901491e-03, 0., 8.79507454e-04, 0., 0.,
       8.79507454e-04, 8.79507454e-04, 1.75901491e-03, 7.03605963e-03,
       0., 1.75901491e-03, 8.79507454e-04, 1.75901491e-03,
       1.75901491e-03, 0., 2.63852230e-03, 3.51802981e-03, 0., 0., 0.,
       0., 8.79507454e-04, 0., 0., 1.75901491e-03, 0., 7.03605963e-03,
       0., 2.63852230e-03, 0., 0., 8.79507454e-04, 0., 0.,
       8.79507454e-04, 2.63852230e-03, 0., 0., 1.75901491e-03, 0.,
       5.27704461e-03, 0., 1.40721193e-02, 1.75901491e-03,
       1.75901491e-03, 0., 1.75901491e-03, 0., 0., 1.75901491e-03, 0.,
       0., 3.51802981e-03, 0., 3.51802981e-03, 8.79507454e-04,
       8.79507454e-04, 8.79507454e-04, 0., 8.79507454e-04, 0., 0.,
       2.63852230e-03, 2.63852230e-03, 0., 0., 8.79507454e-04, 0.,
       3.51802981e-03, 8.79507454e-04, 3.51802981e-03, 8.79507419e-03,
       0., 0., 0., 1.75901491e-03, 0., 8.79507454e-04, 0., 0.,
       8.79507454e-04, 8.79507454e-04, 1.75901491e-03, 0., 0.,
       1.75901491e-03, 0., 0., 0., 1.75901491e-03, 0., 0., 0., 0.,
       8.79507454e-04, 0., 8.79507454e-04, 0., 0., 8.79507454e-04,
       8.79507454e-04, 8.79507454e-04, 0., 0., 8.79507454e-04,
       8.79507454e-04, 8.79507454e-04, 0., 0., 0., 1.75901491e-03,
       8.79507454e-04, 8.79507454e-04, 0., 3.51802981e-03, 0.,
       8.79507454e-04, 4.39753709e-03, 0., 8.79507454e-04, 0.,
       8.79507454e-04, 7.91556668e-03, 0., 0., 8.79507454e-04, 0.,
       3.51802981e-03, 0., 2.63852230e-03, 8.79507454e-04, 0., 0., 0.,
       0., 3.51802981e-03, 1.75901491e-03, 0., 0., 0., 0.,
       8.79507454e-04, 8.79507454e-04, 0., 0., 0., 8.79507454e-04,
       5.27704461e-03, 8.79507454e-04, 8.79507454e-04, 0., 0., 0., 0.,
       1.75901491e-03, 0., 8.79507454e-04, 2.63852230e-03,
       1.75901491e-03, 0., 1.75901491e-03, 0., 8.79507454e-04, 0.,
       8.79507454e-04, 0., 8.79507454e-04, 0., 0., 8.79507454e-04, 0.,
       8.79507454e-04, 0., 4.39753709e-03, 0., 3.51802981e-03, 0.,
       8.79507454e-04, 3.51802981e-03, 5.27704461e-03, 0.,
       2.63852230e-03, 1.75901491e-03, 0., 0., 8.79507454e-04, 0.,
       8.79507454e-04, 1.75901491e-03, 0., 8.79507454e-04,
       8.79507454e-04, 0., 0., 0., 8.79507454e-04, 2.63852230e-03,
       8.79507454e-04, 8.79507454e-04, 0., 8.79507454e-04,
       2.63852230e-03, 0., 0., 2.63852230e-03, 7.03605963e-03,
       6.15655212e-03, 8.79507454e-04, 0., 0., 1.75901491e-03,
       2.63852230e-03, 1.75901491e-03, 8.79507454e-04, 0.,
       2.63852230e-03, 1.75901491e-03, 7.91556668e-03, 0., 0.,
       8.79507454e-04, 9.67458170e-03, 0., 0., 1.75901491e-03, 0., 0.,
       8.79507454e-04, 0., 0., 0., 0., 8.79507454e-04, 3.51802981e-03,
       1.75901491e-03, 1.75901491e-03, 8.79507454e-04, 0., 0., 0., 0.,
       0., 4.39753709e-03, 0., 1.75901491e-03, 1.75901491e-03,
       6.15655212e-03, 8.79507454e-04, 5.27704461e-03, 2.63852230e-03,
       0., 0., 0., 0., 0., 3.51802981e-03, 8.79507454e-04, 0.,
       8.79507419e-03, 2.63852230e-03, 3.51802981e-03, 8.79507454e-04,
       2.63852230e-03, 8.79507454e-04, 0., 1.75901491e-03,
       1.75901491e-03, 0., 0., 8.79507454e-04, 1.75901491e-03,
       3.51802981e-03, 0., 0., 0., 0., 1.75901491e-03, 0., 0., 0., 0.,
       3.51802981e-03, 8.79507454e-04, 8.79507454e-04, 0., 0.,
       8.79507454e-04, 0., 0., 0., 0., 0., 1.75901491e-03,
       8.79507454e-04, 0., 1.75901491e-03, 3.51802981e-03,
       1.75901491e-03, 4.39753709e-03, 0., 0., 8.79507454e-04, 0.,
       7.03605963e-03, 8.79507454e-04, 0., 0., 2.63852230e-03,
       8.79507454e-04, 0., 0., 8.79507454e-04, 0., 0., 8.79507454e-04,
       0., 0., 0., 0., 0., 0., 2.63852230e-03, 8.79507454e-04, 0., 0.,
       0., 0., 1.75901491e-03, 0., 0., 8.79507454e-04, 8.79507454e-04,
       4.39753709e-03, 8.79507454e-04, 8.79507454e-04, 0., 0., 0.,
       8.79507454e-04, 0., 8.79507454e-04, 0., 8.79507454e-04,
       5.27704461e-03, 8.79507454e-04, 0., 2.63852230e-03,
       8.79507454e-04, 4.39753709e-03, 0., 0., 8.79507454e-04, 0.,
       8.79507454e-04, 0., 8.79507454e-04, 8.79507454e-04,
       2.63852230e-03, 8.79507454e-04, 1.75901491e-03, 0., 0., 0., 0.,
       8.79507454e-04, 8.79507454e-04, 1.75901491e-03, 0.,
       1.75901491e-03, 0., 0., 8.79507454e-04, 1.75901491e-03,
       8.79507454e-04, 0., 0., 8.79507454e-04, 2.63852230e-03, 0.,
       2.63852230e-03, 0., 1.75901491e-03, 0., 0., 1.75901491e-03,
       8.79507454e-04, 3.51802981e-03, 0., 0., 0., 1.75901491e-03, 0.,
       8.79507454e-04, 0., 0., 0., 8.79507454e-04, 0., 8.79507454e-04,
       0., 0., 0., 2.63852230e-03, 8.79507454e-04, 1.75901491e-03,
       8.79507454e-04, 8.79507454e-04, 8.79507454e-04, 2.63852230e-03,
       0., 0., 1.75901491e-03, 0., 0., 0., 0., 2.02286709e-02, 0., 0.,
       2.63852230e-03, 8.79507454e-04, 8.79507454e-04, 2.11081784e-02,
       0., 0., 8.79507454e-04, 0., 0., 7.03605963e-03, 0.,
       8.79507454e-04, 1.75901491e-03, 9.67458170e-03, 0.,
       7.91556668e-03, 1.75901491e-03, 0., 0., 0., 8.79507454e-04,
       8.79507454e-04, 1.75901491e-03, 8.79507454e-04, 8.79507454e-04,
       0., 0., 0., 8.79507454e-04, 0., 0., 0., 8.79507454e-04, 0.,
       1.75901491e-03, 0., 2.63852230e-03, 8.79507454e-04, 0.,
       8.79507454e-04, 8.79507454e-04, 0., 0., 8.79507454e-04,
       1.75901491e-03, 8.79507454e-04, 0., 0., 0., 4.39753709e-03, 0.,
       3.51802981e-03, 0., 4.39753709e-03, 0., 0., 0., 1.75901491e-03,
       1.75901491e-03, 8.79507454e-04, 0., 0., 0., 8.79507454e-04, 0.,
       0., 8.79507454e-04, 0., 0., 4.39753709e-03, 1.75901491e-03, 0.,
       8.79507454e-04, 0., 4.39753709e-03, 0., 2.63852230e-03,
       1.75901491e-03, 0., 6.15655212e-03, 0., 0., 0., 1.75901491e-03,
       1.05540892e-02, 0., 8.79507454e-04, 8.79507454e-04,
       8.79507454e-04, 8.79507454e-04, 1.75901491e-03, 1.75901491e-03,
       0., 0., 0., 4.39753709e-03, 0., 0., 1.75901491e-03, 0., 0., 0.,
       2.63852230e-03, 8.79507454e-04, 0., 2.63852230e-03, 0., 0.,
       4.39753709e-03, 8.79507454e-04, 0., 0., 0., 0., 0.,
       8.79507454e-04, 0., 0., 2.63852230e-03, 8.79507454e-04, 0., 0.,
       8.79507454e-04, 0., 0., 0., 4.39753709e-03, 2.63852230e-03,
       8.79507454e-04, 1.75901491e-03, 1.75901491e-03, 8.79507454e-04,
       0., 8.79507454e-04, 0., 0., 0., 8.79507454e-04, 2.63852230e-03,
       0., 8.79507454e-04, 0., 8.79507454e-04, 6.15655212e-03, 0.,
       2.63852230e-03, 8.79507454e-04, 0., 8.79507454e-04, 0.,
       6.15655212e-03, 6.15655212e-03, 8.79507454e-04, 0., 0., 0., 0.,
       1.23131042e-02, 0., 0., 0., 8.79507454e-04, 8.79507454e-04,
       1.93491634e-02, 0., 8.79507454e-04, 7.03605963e-03,
       5.27704461e-03, 1.31926117e-02, 0., 1.75901491e-03, 0.,
       8.79507454e-04, 4.39753709e-03, 8.79507454e-04, 8.79507454e-04,
       0., 2.63852230e-03, 7.91556668e-03, 0., 1.75901491e-03,
       8.79507454e-04, 8.79507454e-04, 0., 0., 0., 0., 8.79507454e-04,
