%YAML:1.0
m10n: !!opencv-matrix
   rows: 1
   cols: 800
   dt: f
   data: [ 0., 0., 1.43472024e-03, 2.15208041e-03, 7.17360119e-04, 0.,
       0., 7.17360119e-04, 2.15208041e-03, 0., 0., 1.43472024e-03,
       7.17360119e-04, 3.58680054e-03, 0., 7.17360119e-04,
       3.58680054e-03, 2.15208041e-03, 7.17360119e-04, 0., 0., 0.,
       2.15208041e-03, 7.17360119e-04, 7.17360119e-04, 0., 0.,
       1.43472024e-03, 1.43472024e-03, 7.17360119e-04, 7.17360119e-04,
       1.43472024e-03, 7.17360119e-04, 1.00430418e-02, 0.,
       1.00430418e-02, 1.43472024e-03, 2.15208041e-03, 0.,
       4.30416083e-03, 0., 1.43472024e-03, 7.17360119e-04,
       1.43472024e-03, 7.17360119e-04, 7.17360119e-04, 7.17360119e-04,
       2.86944048e-03, 0., 7.17360119e-04, 1.43472024e-03, 0.,
       1.43472024e-03, 0., 7.17360119e-04, 7.17360119e-04,
       7.17360119e-04, 5.02152089e-03, 5.73888095e-03, 6.45624101e-03,
       2.15208041e-03, 2.86944048e-03, 0., 1.43472024e-03, 0.,
       7.17360119e-04, 2.86944048e-03, 8.60832166e-03, 7.17360107e-03,
       0., 2.15208041e-03, 0., 2.15208041e-03, 7.17360119e-04, 0., 0.,
       0., 5.02152089e-03, 1.43472024e-03, 0., 1.79340038e-02,
       1.43472024e-03, 0., 4.30416083e-03, 2.15208041e-03,
       7.17360119e-04, 1.43472024e-03, 0., 7.17360119e-04,
       7.17360119e-04, 0., 7.17360119e-04, 0., 7.17360119e-04,
       3.58680054e-03, 7.17360119e-04, 1.43472024e-03, 4.30416083e-03,
       7.17360119e-04, 0., 1.43472024e-03, 1.43472024e-03,
       1.43472024e-03, 7.17360119e-04, 2.15208041e-03, 7.17360119e-04,
       2.15208041e-03, 0., 7.17360119e-04, 2.15208041e-03,
       7.17360119e-04, 0., 1.43472024e-03, 7.17360119e-04,
       7.17360119e-04, 0., 0., 0., 0., 1.43472024e-03, 7.17360119e-04,
       7.17360119e-04, 0., 7.17360119e-04, 2.15208041e-03,
       7.17360119e-04, 0., 0., 1.43472024e-03, 0., 3.58680054e-03, 0.,
       0., 0., 7.17360119e-04, 2.86944048e-03, 7.89096113e-03,
       7.17360119e-04, 1.43472024e-03, 1.43472024e-03, 1.43472024e-03,
       1.43472024e-03, 4.30416083e-03, 7.17360119e-04, 0.,
       7.17360119e-04, 7.17360119e-04, 2.86944048e-03, 2.15208041e-03,
       0., 7.17360119e-04, 0., 0., 7.17360119e-04, 2.15208041e-03,
       1.43472024e-03, 7.17360119e-04, 1.43472024e-03, 0.,
       4.30416083e-03, 7.17360119e-04, 7.89096113e-03, 7.17360119e-04,
       7.17360119e-04, 0., 0., 0., 1.43472024e-03, 2.86944048e-03, 0.,
       0., 1.43472024e-03, 0., 0., 1.43472024e-03, 0., 7.17360119e-04,
       1.43472024e-03, 7.17360119e-04, 0., 1.43472024e-03, 0.,
       7.17360119e-04, 0., 7.17360119e-04, 0., 2.86944048e-03,
       7.17360119e-04, 0., 3.58680054e-03, 7.17360119e-04,
       2.15208041e-03, 2.15208041e-03, 2.86944048e-03, 7.17360119e-04,
       3.58680054e-03, 1.43472024e-03, 2.15208041e-03, 1.43472024e-03,
       1.43472024e-03, 3.58680054e-03, 7.17360119e-04, 1.43472024e-03,
       0., 2.15208041e-03, 7.17360119e-04, 7.89096113e-03,
       1.43472024e-03, 7.17360119e-04, 0., 7.17360119e-04,
       7.17360119e-04, 7.17360119e-04, 0., 1.43472024e-03,
       1.43472024e-03, 0., 1.43472024e-03, 0., 0., 2.86944048e-03,
       7.17360119e-04, 2.86944048e-03, 1.43472024e-03, 1.43472024e-03,
       1.43472024e-03, 4.30416083e-03, 0., 4.30416083e-03,
       7.17360119e-04, 2.15208041e-03, 1.43472024e-03, 7.17360119e-04,
       2.86944048e-03, 0., 1.43472024e-03, 4.30416083e-03, 0., 0.,
       7.17360119e-04, 1.43472024e-03, 7.89096113e-03, 0., 0.,
       7.17360119e-04, 6.45624101e-03, 7.17360119e-04, 2.15208041e-03,
       2.15208041e-03, 0., 7.17360119e-04, 0., 1.43472024e-03,
       7.17360119e-04, 0., 1.43472024e-03, 2.15208041e-03,
       5.02152089e-03, 2.15208041e-03, 7.17360119e-04, 0.,
       7.17360119e-04, 7.89096113e-03, 0., 0., 7.89096113e-03,
       2.86944048e-03, 0., 6.45624101e-03, 7.17360119e-04, 0.,
       7.17360119e-04, 0., 0., 1.43472024e-03, 0., 0., 7.17360119e-04,
       7.17360119e-04, 0., 5.02152089e-03, 1.43472024e-03,
       7.17360119e-04, 7.17360119e-04, 7.17360119e-04, 0.,
       7.17360119e-04, 0., 0., 0., 0., 0., 2.15208041e-03,
       4.30416083e-03, 1.43472024e-03, 5.02152089e-03, 2.15208041e-03,
       0., 2.15208041e-03, 1.43472024e-03, 7.17360119e-04, 0., 0., 0.,
       7.17360119e-04, 7.17360119e-04, 7.17360119e-04, 7.17360119e-04,
       0., 0., 1.43472024e-03, 0., 7.17360119e-04, 0., 0.,
       7.17360119e-04, 0., 2.86944048e-03, 1.43472024e-03, 0., 0.,
       2.15208041e-03, 2.86944048e-03, 7.17360119e-04, 0., 0., 0.,
       2.15208041e-03, 7.17360119e-04, 5.02152089e-03, 7.17360119e-04,
       0., 0., 3.58680054e-03, 7.17360119e-04, 2.15208041e-03, 0., 0.,
       7.17360119e-04, 7.17360119e-04, 0., 0., 0., 0., 0.,
       7.17360119e-04, 7.17360119e-04, 1.43472024e-03, 7.17360119e-04,
       7.17360119e-04, 2.15208041e-03, 1.43472024e-03, 4.30416083e-03,
       0., 0., 2.15208041e-03, 0., 7.17360119e-04, 7.17360119e-04,
       3.58680054e-03, 0., 0., 2.86944048e-03, 0., 7.17360119e-04,
       7.17360119e-04, 0., 0., 2.15208041e-03, 0., 7.17360119e-04, 0.,
       0., 1.43472024e-03, 0., 0., 0., 7.17360119e-04, 2.86944048e-03,
       7.17360119e-04, 2.86944048e-03, 0., 0., 0., 0., 3.58680054e-03,
       0., 2.15208041e-03, 0., 1.43472024e-03, 2.86944048e-03,
       7.17360119e-04, 7.17360119e-04, 2.15208041e-03, 7.17360119e-04,
       0., 0., 7.17360119e-04, 2.86944048e-03, 7.17360119e-04,
       1.43472024e-03, 7.17360119e-04, 7.17360119e-04, 2.86944048e-03,
       7.17360119e-04, 2.86944048e-03, 7.17360119e-04, 6.45624101e-03,
       0., 0., 7.17360119e-04, 0., 7.17360119e-04, 2.15208041e-03,
       4.30416083e-03, 0., 0., 7.17360119e-04, 3.58680054e-03, 0.,
       2.86944048e-03, 0., 1.07604014e-02, 0., 0., 0., 7.17360119e-04,
       0., 2.15208041e-03, 7.17360119e-04, 7.17360119e-04,
       6.45624101e-03, 0., 0., 0., 1.43472024e-03, 1.43472024e-03, 0.,
       0., 1.43472024e-03, 0., 0., 7.17360119e-04, 0., 2.86944048e-03,
       0., 1.43472024e-03, 0., 2.15208041e-03, 7.17360119e-04,
       6.45624101e-03, 2.15208041e-03, 0., 2.15208041e-03,
       2.15208041e-03, 0., 0., 0., 7.17360119e-04, 1.43472024e-03, 0.,
       0., 2.86944048e-03, 1.43472024e-03, 7.17360119e-04, 0.,
       2.15208041e-03, 7.17360119e-04, 7.17360119e-04, 1.43472024e-03,
       0., 4.30416083e-03, 1.43472024e-03, 1.43472024e-03,
       2.15208041e-03, 2.15208041e-03, 7.17360119e-04, 0.,
       1.43472024e-03, 0., 2.15208041e-03, 7.17360119e-04,
       2.15208041e-03, 0., 1.43472024e-03, 2.15208041e-03,
       7.17360119e-04, 0., 0., 7.17360119e-04, 0., 1.43472024e-03, 0.,
       0., 7.17360119e-04, 2.15208041e-03, 0., 0., 5.73888095e-03,
       6.45624101e-03, 7.17360119e-04, 7.17360119e-04, 0., 0.,
       5.73888095e-03, 2.15208041e-03, 7.17360119e-04, 0.,
       7.17360119e-04, 7.17360119e-04, 0., 0., 2.15208041e-03,
       7.17360119e-04, 2.86944048e-03, 0., 0., 2.15208041e-03, 0.,
       1.43472024e-03, 0., 0., 7.17360119e-04, 0., 1.43472024e-03,
       1.43472024e-03, 7.17360119e-04, 7.17360119e-04, 7.17360119e-04,
       7.17360119e-04, 0., 1.43472024e-03, 1.43472024e-03, 0.,
       1.43472024e-03, 1.43472024e-03, 2.15208041e-03, 3.58680054e-03,
       0., 0., 0., 8.60832166e-03, 1.43472024e-03, 0., 7.17360119e-04,
       7.17360119e-04, 1.43472024e-03, 7.17360119e-04, 7.17360119e-04,
       3.58680054e-03, 0., 7.17360119e-04, 7.17360119e-04, 0.,
       7.17360119e-04, 0., 1.43472024e-03, 0., 7.17360119e-04, 0.,
       7.17360119e-04, 1.43472024e-03, 1.43472024e-03, 7.17360119e-04,
       0., 0., 0., 2.15208041e-03, 2.86944048e-03, 7.17360119e-04, 0.,
       2.15208041e-03, 7.17360119e-04, 2.86944048e-03, 0., 0.,
       1.43472024e-03, 1.43472024e-03, 7.17360119e-04, 7.17360119e-04,
       4.30416083e-03, 1.43472024e-03, 0., 4.30416083e-03, 0., 0., 0.,
       7.17360119e-04, 2.86944048e-03, 3.58680054e-03, 0.,
       7.17360119e-04, 1.43472024e-03, 3.58680054e-03, 0.,
       7.17360119e-04, 0., 1.43472024e-03, 7.17360119e-04, 0., 0.,
