%YAML:1.0
m10n: !!opencv-matrix
   rows: 1
   cols: 800
   dt: f
   data: [ 0., 4.29184549e-03, 0., 0., 7.15307600e-04, 3.57653806e-03,
       0., 5.00715338e-03, 1.64520741e-02, 0., 0., 7.15307600e-04, 0.,
       0., 7.15307600e-04, 7.15307600e-04, 7.15307600e-04, 0., 0.,
       7.15307600e-04, 0., 0., 1.43061520e-03, 2.14592274e-03,
       7.15307600e-04, 0., 2.14592274e-03, 2.14592274e-03,
       2.86123040e-03, 0., 2.86123040e-03, 2.86123040e-03,
       7.15307600e-04, 0., 0., 0., 0., 0., 2.86123040e-03,
       3.57653806e-03, 0., 0., 2.14592274e-03, 0., 2.14592274e-03, 0.,
       7.15307600e-04, 2.86123040e-03, 0., 7.15307600e-04,
       1.43061520e-03, 2.14592274e-03, 7.15307600e-04, 0., 0.,
       6.43776823e-03, 7.15307600e-04, 2.14592274e-03, 0.,
       1.43061520e-03, 1.43061520e-03, 7.15307600e-04, 1.43061520e-03,
       1.43061520e-03, 0., 1.43061520e-03, 7.15307600e-04,
       1.43061520e-03, 0., 7.15307600e-04, 6.43776823e-03,
       2.86123040e-03, 1.43061520e-03, 7.86838401e-03, 7.15307600e-04,
       0., 7.15307600e-04, 2.14592274e-03, 3.57653806e-03,
       7.15307600e-04, 0., 0., 7.15307600e-04, 7.15307600e-04,
       7.15307600e-04, 7.15307600e-04, 7.15307600e-04, 1.21602295e-02,
       7.15307600e-04, 0., 7.15307600e-04, 0., 7.15307600e-04, 0., 0.,
       1.43061520e-03, 0., 7.15307600e-04, 1.43061520e-03, 0.,
       1.43061520e-03, 1.43061520e-03, 0., 2.14592274e-03,
       2.14592274e-03, 0., 7.15307600e-04, 7.15307600e-04,
       7.15307600e-04, 2.86123040e-03, 2.86123040e-03, 7.15307600e-04,
       7.15307600e-04, 3.57653806e-03, 5.00715338e-03, 0.,
       3.57653806e-03, 2.14592274e-03, 1.21602295e-02, 6.43776823e-03,
       7.15307600e-04, 0., 7.15307600e-04, 0., 0., 0., 1.43061520e-03,
       0., 0., 1.43061520e-03, 1.43061520e-03, 7.15307612e-03, 0.,
       2.86123040e-03, 0., 1.43061520e-03, 0., 1.43061520e-03,
       2.14592274e-03, 7.15307600e-04, 0., 1.43061520e-03,
       7.15307600e-04, 7.15307600e-04, 5.00715338e-03, 0.,
       2.86123040e-03, 0., 0., 6.43776823e-03, 0., 7.15307600e-04,
       7.15307600e-04, 0., 7.15307600e-04, 7.15307600e-04, 0.,
       2.86123040e-03, 1.43061520e-03, 3.57653806e-03, 0., 0., 0.,
       2.14592274e-03, 5.00715338e-03, 7.15307600e-04, 0.,
       1.43061520e-03, 4.29184549e-03, 0., 0., 7.15307600e-04, 0.,
       2.14592274e-03, 7.15307600e-04, 0., 7.15307600e-04,
       7.15307600e-04, 1.43061520e-03, 0., 0., 2.14592274e-03,
       1.85979977e-02, 0., 0., 2.14592274e-03, 7.15307600e-04, 0.,
       1.43061520e-03, 0., 1.43061520e-03, 0., 0., 1.43061520e-03,
       1.43061520e-03, 4.29184549e-03, 7.15307600e-04, 0., 0.,
       1.43061520e-03, 0., 0., 1.43061520e-03, 7.15307600e-04,
       7.15307600e-04, 0., 1.43061520e-03, 0., 7.15307600e-04,
       7.15307600e-04, 2.14592274e-03, 7.86838401e-03, 0.,
       1.43061520e-03, 0., 7.15307600e-04, 2.14592274e-03, 0.,
       1.43061520e-03, 1.43061520e-03, 0., 7.15307600e-04,
       5.00715338e-03, 1.43061520e-03, 2.86123040e-03, 1.43061520e-03,
       0., 1.43061520e-03, 7.15307600e-04, 7.15307600e-04,
       5.72246080e-03, 1.43061520e-03, 0., 7.15307600e-04, 0.,
       5.00715338e-03, 2.86123040e-03, 2.86123040e-03, 1.43061520e-03,
       7.15307600e-04, 0., 7.15307600e-04, 0., 2.86123040e-03, 0.,
       2.14592274e-03, 1.43061520e-03, 0., 7.15307600e-04,
       2.14592274e-03, 0., 7.15307600e-04, 0., 7.15307600e-04, 0., 0.,
       7.15307600e-04, 0., 0., 0., 0., 7.15307600e-04, 4.29184549e-03,
       7.15307600e-04, 0., 0., 0., 0., 7.15307600e-04, 0.,
       7.15307600e-04, 0., 0., 1.43061520e-03, 0., 7.15307600e-04, 0.,
       0., 7.15307600e-04, 0., 7.15307600e-04, 7.15307600e-04, 0.,
       3.57653806e-03, 7.15307600e-04, 0., 0., 0., 0., 0., 0., 0.,
       7.15307600e-04, 1.43061520e-03, 4.29184549e-03, 9.29899886e-03,
       1.43061520e-03, 1.43061520e-03, 0., 0., 7.15307600e-04, 0.,
       2.14592274e-03, 1.43061520e-03, 0., 0., 0., 2.00286135e-02, 0.,
       0., 1.43061520e-03, 3.57653806e-03, 2.14592274e-03, 0.,
       2.14592274e-03, 0., 1.43061520e-03, 0., 0., 7.15307600e-04, 0.,
       7.15307600e-04, 7.15307600e-04, 2.14592274e-03, 7.15307600e-04,
       1.43061520e-03, 1.43061520e-03, 0., 1.43061520e-03, 0., 0.,
       4.29184549e-03, 7.15307600e-04, 7.15307600e-04, 4.29184549e-03,
       1.43061520e-03, 1.43061520e-03, 1.43061520e-03, 7.15307600e-04,
       0., 7.15307600e-04, 0., 1.43061520e-03, 0., 0., 1.43061520e-03,
       7.15307600e-04, 1.43061520e-03, 0., 0., 2.14592274e-03, 0., 0.,
       0., 0., 7.15307600e-04, 0., 0., 7.15307600e-04, 5.72246080e-03,
       0., 1.43061520e-03, 0., 0., 1.43061520e-03, 0., 1.43061520e-03,
       1.43061520e-03, 0., 0., 2.14592274e-03, 7.15307600e-04,
       1.43061520e-03, 0., 0., 7.15307600e-04, 0., 7.15307600e-04,
       7.15307600e-04, 7.15307600e-04, 0., 2.14592274e-03,
       4.29184549e-03, 2.14592274e-03, 7.15307600e-04, 1.43061520e-03,
       0., 4.29184549e-03, 2.86123040e-03, 0., 7.15307600e-04, 0.,
       4.29184549e-03, 0., 0., 0., 2.86123040e-03, 7.15307600e-04, 0.,
       8.58369097e-03, 0., 0., 7.15307600e-04, 0., 0., 1.57367680e-02,
       0., 2.14592274e-03, 0., 7.15307600e-04, 7.15307600e-04,
       2.14592274e-03, 7.15307600e-04, 1.43061520e-03, 1.43061520e-03,
       0., 0., 0., 7.15307600e-04, 2.86123040e-03, 0., 7.15307600e-04,
       0., 7.15307600e-04, 0., 0., 1.43061520e-03, 0., 0., 0.,
       7.15307600e-04, 7.15307600e-04, 0., 3.57653806e-03, 0.,
       6.43776823e-03, 0., 2.86123040e-03, 0., 7.15307600e-04, 0., 0.,
       7.15307600e-04, 7.15307600e-04, 0., 0., 9.29899886e-03, 0.,
       7.15307600e-04, 0., 0., 7.15307600e-04, 0., 0., 7.15307600e-04,
       1.43061520e-03, 7.15307600e-04, 0., 2.86123040e-03,
       7.15307600e-04, 0., 7.15307600e-04, 7.15307600e-04, 0.,
       7.15307600e-04, 7.15307600e-04, 2.86123040e-03, 1.43061520e-03,
       2.14592274e-03, 0., 2.86123040e-03, 0., 2.14592274e-03, 0., 0.,
       0., 6.43776823e-03, 0., 2.14592274e-03, 0., 4.29184549e-03,
       1.43061520e-03, 7.15307600e-04, 0., 0., 1.43061520e-03, 0.,
       3.57653806e-03, 1.43061520e-03, 7.15307600e-04, 2.14592274e-03,
       0., 7.15307600e-04, 7.15307600e-04, 0., 7.15307600e-04,
       7.15307600e-04, 2.86123040e-03, 1.43061520e-03, 1.43061520e-03,
       0., 0., 0., 2.14592274e-03, 7.15307600e-04, 1.71673819e-02,
       2.14592274e-03, 0., 7.15307600e-04, 7.15307600e-04,
       3.57653806e-03, 2.14592274e-02, 7.15307600e-04, 0., 0.,
       1.43061520e-03, 0., 1.14449216e-02, 2.86123040e-03,
       7.86838401e-03, 0., 7.15307600e-04, 1.43061520e-03,
       5.00715338e-03, 0., 0., 0., 2.86123040e-03, 7.15307600e-04,
       2.14592274e-03, 7.15307600e-04, 7.15307600e-04, 0.,
       7.15307600e-04, 7.15307600e-04, 1.43061520e-03, 0., 0.,
       7.15307600e-04, 7.15307600e-04, 7.15307600e-04, 0.,
       7.15307600e-04, 7.86838401e-03, 3.57653806e-03, 0., 0., 0., 0.,
       1.43061520e-03, 0., 7.15307600e-04, 0., 7.15307600e-04,
       7.15307600e-04, 3.57653806e-03, 1.43061520e-03, 3.57653806e-03,
       0., 7.15307600e-04, 0., 7.15307600e-04, 1.43061520e-03,
       7.15307600e-04, 0., 7.15307600e-04, 7.15307600e-04,
       2.86123040e-03, 7.15307600e-04, 0., 0., 0., 0., 1.43061520e-03,
       0., 2.14592274e-03, 5.00715338e-03, 1.43061520e-03,
       7.15307600e-04, 2.14592274e-03, 2.86123040e-03, 1.43061520e-03,
       0., 7.15307600e-04, 7.15307600e-04, 0., 0., 7.15307600e-04,
       1.43061520e-03, 7.15307600e-04, 7.15307600e-04, 7.15307600e-04,
       0., 7.15307600e-04, 7.15307600e-04, 1.43061520e-03,
       7.15307600e-04, 2.14592274e-03, 2.86123040e-03, 3.57653806e-03,
       0., 0., 0., 7.15307600e-04, 2.86123040e-03, 7.15307600e-04, 0.,
       0., 7.15307600e-04, 7.15307600e-04, 7.15307600e-04, 0.,
       7.15307600e-04, 2.86123040e-03, 7.15307600e-04, 7.15307600e-04,
       7.15307600e-04, 0., 0., 1.43061520e-03, 0., 0., 0., 0.,
       7.15307600e-04, 1.43061520e-03, 1.43061520e-03, 1.43061520e-03,
