%YAML:1.0
m10n: !!opencv-matrix
   rows: 1
   cols: 800
   dt: f
   data: [ 3.04136251e-04, 6.08272501e-04, 6.08272501e-04,
       6.08272478e-03, 1.82481750e-03, 3.04136239e-03, 1.52068119e-03,
       6.08272501e-04, 6.08272501e-04, 3.04136251e-04, 9.12408752e-04,
       1.21654500e-03, 1.21654500e-03, 9.12408752e-04, 1.52068119e-03,
       1.82481750e-03, 6.08272501e-04, 6.08272501e-04, 1.52068119e-03,
       9.12408752e-04, 9.12408752e-04, 1.21654500e-03, 1.21654500e-03,
       6.08272501e-04, 4.25790763e-03, 1.21654500e-03, 6.08272501e-04,
       1.21654500e-03, 6.08272501e-04, 3.04136251e-04, 1.52068119e-03,
       3.04136251e-04, 6.08272501e-04, 0., 1.82481750e-03, 0.,
       2.12895381e-03, 1.21654500e-03, 6.08272501e-04, 1.21654500e-03,
       6.08272501e-04, 4.56204358e-03, 2.43309001e-03, 2.43309001e-03,
       1.52068119e-03, 1.21654500e-03, 1.52068119e-03, 6.99513359e-03,
       9.12408752e-04, 4.25790763e-03, 1.21654500e-03, 1.52068119e-03,
       6.08272501e-04, 1.52068119e-03, 3.04136251e-04, 1.21654500e-03,
       4.56204358e-03, 6.08272501e-04, 0., 3.64963501e-03, 0.,
       1.21654500e-03, 2.43309001e-03, 1.21654500e-03, 2.12895381e-03,
       6.08272501e-04, 3.04136251e-04, 1.82481750e-03, 6.08272501e-04,
       9.12408752e-04, 9.12408752e-04, 6.08272501e-04, 9.12408752e-04,
       1.52068119e-03, 1.52068119e-03, 6.08272501e-04, 3.04136239e-03,
       3.04136251e-04, 6.08272501e-04, 3.04136251e-04, 3.04136251e-04,
       6.08272501e-04, 6.08272501e-04, 1.52068119e-03, 6.08272501e-04,
       1.21654500e-03, 9.12408752e-04, 3.34549882e-03, 9.12408752e-04,
       1.52068119e-03, 2.43309001e-03, 3.04136251e-04, 9.12408752e-04,
       1.21654500e-03, 3.04136251e-04, 1.82481750e-03, 9.12408752e-04,
       6.08272501e-04, 4.25790763e-03, 1.52068119e-03, 9.12408752e-04,
       6.08272501e-04, 1.52068119e-03, 3.04136239e-03, 1.52068119e-03,
       2.73722620e-03, 1.21654500e-03, 6.08272501e-04, 3.04136251e-04,
       1.21654500e-03, 3.04136239e-03, 1.21654500e-03, 6.08272501e-04,
       6.08272501e-04, 9.12408752e-04, 2.43309001e-03, 0.,
       9.12408752e-04, 1.21654500e-03, 1.82481750e-03, 1.21654500e-03,
       1.21654500e-03, 9.12408752e-04, 3.04136251e-04, 6.08272501e-04,
       9.12408752e-04, 2.73722620e-03, 1.82481750e-03, 1.82481750e-03,
       9.12408752e-04, 2.12895381e-03, 1.52068119e-03, 1.21654500e-03,
       1.52068119e-03, 1.21654500e-03, 1.58150848e-02, 6.08272501e-04,
       1.82481750e-03, 3.34549882e-03, 1.52068119e-03, 3.04136251e-04,
       2.73722620e-03, 3.04136251e-04, 1.21654500e-03, 3.04136251e-04,
       1.52068119e-03, 9.12408752e-04, 1.21654500e-03, 1.21654500e-03,
       0., 2.12895381e-03, 6.08272501e-04, 3.04136251e-04,
       9.12408752e-04, 6.08272501e-04, 2.12895381e-03, 2.73722620e-03,
       3.04136251e-04, 6.08272501e-04, 9.12408752e-04, 3.04136251e-04,
       1.82481750e-03, 3.04136251e-04, 1.21654500e-03, 6.08272501e-04,
       9.12408752e-04, 6.08272501e-04, 9.12408752e-04, 0.,
       6.08272501e-04, 1.52068119e-03, 1.21654500e-03, 6.08272501e-04,
       6.08272501e-04, 1.21654500e-03, 3.04136251e-04, 9.12408752e-04,
       4.56204358e-03, 1.52068119e-03, 1.82481750e-03, 5.17031644e-03,
       2.12895381e-03, 0., 9.12408752e-04, 1.21654500e-03,
       3.04136251e-04, 9.12408752e-04, 6.08272501e-04, 1.82481750e-03,
       1.52068119e-03, 1.52068119e-03, 4.86618001e-03, 2.12895381e-03,
       9.12408752e-04, 6.08272501e-04, 3.04136251e-04, 3.04136251e-04,
       1.52068119e-03, 1.52068119e-03, 9.12408752e-04, 6.08272501e-04,
       3.04136251e-04, 2.12895381e-03, 1.21654496e-02, 1.21654500e-03,
       3.95377120e-03, 2.73722620e-03, 1.52068119e-03, 1.52068119e-03,
       0., 9.12408752e-04, 6.08272501e-04, 9.12408752e-04,
       3.04136251e-04, 3.04136251e-04, 1.52068119e-03, 9.12408752e-04,
       6.08272501e-04, 9.12408752e-04, 6.08272501e-04, 0.,
       9.12408752e-04, 1.82481750e-03, 6.08272501e-04, 9.12408752e-04,
       9.12408752e-04, 9.12408752e-04, 9.12408752e-04, 2.43309001e-03,
       3.95377120e-03, 3.04136251e-04, 6.08272501e-04, 9.12408752e-04,
       6.08272501e-04, 1.52068119e-03, 0., 3.64963501e-03,
       1.52068119e-03, 9.12408752e-04, 3.04136251e-04, 9.12408752e-04,
       0., 1.82481750e-03, 5.17031644e-03, 1.21654500e-03,
       3.04136251e-04, 4.86618001e-03, 2.43309001e-03, 0.,
       1.52068119e-03, 9.12408752e-04, 6.08272501e-04, 3.04136251e-04,
       6.08272501e-04, 3.04136251e-04, 2.43309001e-03, 3.64963501e-03,
       2.12895381e-03, 6.08272501e-04, 9.12408752e-04, 1.52068119e-03,
       0., 9.12408752e-04, 1.21654500e-03, 1.52068119e-03,
       2.43309001e-03, 1.21654500e-03, 3.04136251e-04, 6.08272501e-04,
       9.12408752e-04, 3.04136239e-03, 9.12408752e-04, 6.08272501e-04,
       1.21654500e-03, 9.12408752e-04, 2.43309001e-03, 1.52068119e-03,
       3.04136239e-03, 6.08272501e-04, 9.12408752e-04, 9.12408752e-04,
       6.08272501e-04, 9.12408752e-04, 1.21654500e-03, 1.52068119e-03,
       9.12408752e-04, 3.04136251e-04, 1.21654500e-03, 9.12408752e-04,
       6.08272501e-04, 2.43309001e-03, 3.04136251e-04, 9.12408752e-04,
       3.04136251e-04, 2.12895381e-03, 9.12408752e-04, 3.04136251e-04,
       3.04136251e-04, 6.08272501e-04, 1.82481750e-03, 6.08272501e-04,
       3.04136251e-04, 1.52068119e-03, 3.04136251e-04, 3.34549882e-03,
       1.21654500e-03, 9.12408752e-04, 9.12408752e-04, 3.04136251e-04,
       1.82481750e-03, 2.73722620e-03, 3.34549882e-03, 6.08272501e-04,
       1.52068119e-03, 1.52068119e-03, 6.08272501e-04, 6.08272501e-04,
       3.04136251e-04, 9.12408752e-04, 1.21654500e-03, 6.08272501e-04,
       3.04136251e-04, 3.04136239e-03, 1.52068119e-03, 1.21654500e-03,
       0., 9.12408752e-04, 2.73722620e-03, 9.12408752e-04,
       2.12895381e-03, 9.12408752e-04, 6.08272501e-04, 4.86618001e-03,
       0., 3.04136251e-04, 9.12408752e-04, 1.21654500e-03,
       3.04136251e-04, 6.08272501e-04, 1.21654500e-03, 1.82481750e-03,
       9.12408752e-04, 1.21654500e-03, 1.21654500e-03, 2.73722620e-03,
       9.12408752e-04, 1.82481750e-03, 1.52068119e-03, 3.04136251e-04,
       9.12408752e-04, 1.21654500e-03, 9.12408752e-04, 6.08272501e-04,
       9.12408752e-04, 2.12895381e-03, 9.12408752e-04, 1.82481750e-03,
       3.04136251e-04, 9.12408752e-04, 3.64963501e-03, 9.12408752e-04,
       6.08272501e-04, 2.43309001e-03, 6.08272501e-04, 1.21654500e-03,
       6.08272501e-04, 3.04136251e-04, 6.08272501e-04, 7.90754240e-03,
       1.21654500e-03, 6.08272501e-04, 1.21654500e-03, 3.04136251e-04,
       9.12408752e-04, 9.12408752e-04, 1.21654500e-03, 1.82481750e-03,
       3.04136251e-04, 8.51581525e-03, 0., 1.82481750e-03,
       1.21654500e-03, 3.04136251e-04, 9.12408752e-04, 3.04136251e-04,
       9.12408752e-04, 3.04136251e-04, 3.04136251e-04, 5.77858882e-03,
       3.04136251e-04, 2.12895381e-03, 4.86618001e-03, 3.04136251e-04,
       6.69099763e-03, 3.04136251e-04, 6.08272501e-04, 3.04136239e-03,
       0., 3.04136251e-04, 1.82481750e-03, 6.08272501e-04,
       6.08272501e-04, 2.12895381e-03, 3.04136251e-04, 6.08272501e-04,
       1.52068119e-03, 3.04136251e-04, 6.08272501e-04, 6.08272501e-04,
       3.04136251e-04, 1.52068119e-03, 6.08272501e-04, 1.21654500e-03,
       2.12895381e-03, 2.12895381e-03, 3.04136239e-03, 2.12895381e-03,
       3.04136251e-04, 9.12408752e-04, 9.12408752e-04, 1.52068119e-03,
       0., 2.43309001e-03, 2.43309001e-03, 2.12895381e-03,
       2.12895381e-03, 1.21654500e-03, 0., 1.52068119e-03,
       6.08272501e-04, 6.08272501e-04, 1.52068119e-03, 1.21654500e-03,
       3.64963501e-03, 1.21654500e-03, 1.21654500e-03, 3.04136251e-04,
       9.12408752e-04, 6.08272501e-04, 9.12408752e-04, 9.12408752e-04,
       1.21654500e-03, 6.08272501e-04, 2.43309001e-03, 3.04136251e-04,
       9.12408752e-04, 3.04136251e-04, 9.12408752e-04, 6.08272501e-04,
       3.04136251e-04, 3.04136251e-04, 0., 1.21654500e-03,
       1.21654500e-03, 1.82481750e-03, 9.12408752e-04, 3.04136251e-04,
       0., 3.04136251e-04, 1.52068119e-03, 3.04136251e-04, 0.,
