%YAML:1.0
m10n: !!opencv-matrix
   rows: 1
   cols: 800
   dt: f
   data: [ 4.23908437e-04, 2.11954210e-03, 8.47816875e-04, 0.,
       1.69563375e-03, 4.23908437e-04, 8.47816875e-04, 0.,
       4.23908437e-04, 4.23908420e-03, 4.23908437e-04, 4.23908437e-04,
       1.27172528e-03, 8.47816875e-04, 1.69563375e-03, 8.47816875e-04,
       8.47816875e-04, 2.11954210e-03, 4.23908437e-04, 4.23908437e-04,
       6.35862676e-03, 1.27172528e-03, 8.47816875e-04, 8.47816875e-04,
       5.93471806e-03, 4.23908437e-04, 4.23908437e-04, 2.11954210e-03,
       5.51080983e-03, 2.54345057e-03, 4.23908437e-04, 1.69563375e-03,
       8.47816875e-04, 1.27172528e-03, 0., 5.08690113e-03,
       1.27172528e-03, 8.47816875e-04, 2.11954210e-03, 0.,
       2.96735903e-03, 1.69563375e-03, 2.96735903e-03, 1.27172528e-03,
       8.47816875e-04, 1.69563375e-03, 0., 0., 4.23908437e-04,
       4.23908437e-04, 4.23908437e-04, 8.47816875e-04, 8.47816875e-04,
       4.23908437e-04, 3.81517597e-03, 0., 4.23908437e-04,
       1.27172528e-03, 3.81517597e-03, 4.23908437e-04, 0.,
       1.69563375e-03, 4.23908437e-04, 2.54345057e-03, 1.69563375e-03,
       1.27172528e-03, 8.47816875e-04, 2.11954210e-03, 0., 0.,
       4.23908437e-04, 4.23908437e-04, 8.47816875e-04, 4.23908437e-04,
       1.69563375e-03, 4.23908437e-04, 8.47816875e-04, 0.,
       1.27172528e-03, 1.69563375e-03, 0., 4.23908437e-04,
       8.47816875e-04, 2.11954210e-03, 2.11954210e-03, 4.23908420e-03,
       8.47816875e-04, 2.96735903e-03, 8.47816875e-04, 8.47816875e-04,
       1.69563375e-03, 0., 8.47816875e-04, 0., 0., 0., 2.11954210e-03,
       8.47816875e-04, 4.23908437e-04, 4.23908437e-04, 8.47816875e-04,
       8.47816875e-04, 4.23908437e-04, 3.39126750e-03, 4.23908437e-04,
       1.69563375e-03, 1.69563375e-03, 0., 1.69563375e-03,
       4.23908437e-04, 2.11954210e-03, 1.69563375e-03, 2.54345057e-03,
       8.47816875e-04, 4.23908420e-03, 4.23908437e-04, 2.54345057e-03,
       1.27172528e-03, 0., 0., 4.23908437e-04, 4.23908437e-04,
       5.08690113e-03, 4.66299290e-03, 0., 0., 1.27172528e-03,
       1.27172528e-03, 4.23908437e-04, 1.27172528e-03, 0.,
       2.96735903e-03, 4.23908420e-03, 2.11954210e-03, 8.47816875e-04,
       4.23908437e-04, 4.23908437e-04, 0., 8.47816875e-04,
       3.39126750e-03, 8.47816875e-04, 2.96735903e-03, 1.69563375e-03,
       2.96735903e-03, 0., 8.47816875e-04, 2.54345057e-03,
       1.27172528e-03, 4.23908437e-04, 4.23908437e-04, 3.39126750e-03,
       0., 0., 1.69563375e-03, 4.23908437e-04, 0., 0., 1.27172528e-03,
       1.69563375e-03, 1.27172528e-03, 0., 4.23908437e-04,
       8.47816875e-04, 4.23908437e-04, 0., 0., 3.39126750e-03,
       2.54345057e-03, 1.27172528e-03, 2.11954210e-03, 4.23908437e-04,
       1.52607039e-02, 1.27172528e-03, 8.47816875e-04, 0.,
       4.23908437e-04, 4.23908437e-04, 6.78253500e-03, 1.27172528e-03,
       4.23908437e-04, 2.54345057e-03, 5.51080983e-03, 0.,
       8.47816875e-04, 8.47816875e-04, 1.69563375e-03, 4.66299290e-03,
       1.69563375e-03, 0., 4.23908437e-04, 1.27172528e-03,
       1.27172528e-03, 8.47816875e-04, 0., 1.27172528e-03,
       8.47816875e-04, 8.47816875e-04, 1.69563375e-03, 1.27172528e-03,
       4.23908437e-04, 2.11954210e-03, 8.47816875e-04, 0.,
       1.69563375e-03, 0., 0., 5.51080983e-03, 7.20644323e-03,
       4.23908437e-04, 8.47816875e-04, 2.54345057e-03, 4.23908437e-04,
       0., 2.54345057e-03, 0., 2.96735903e-03, 2.54345057e-03, 0.,
       1.27172528e-03, 1.27172528e-03, 2.96735903e-03, 4.66299290e-03,
       1.27172528e-03, 8.47816875e-04, 4.23908437e-04, 8.47816875e-04,
       2.54345057e-03, 1.27172528e-03, 4.23908437e-04, 4.66299290e-03,
       4.23908437e-04, 1.27172528e-03, 0., 3.39126750e-03,
       2.54345057e-03, 4.23908437e-04, 8.47816875e-04, 1.69563375e-03,
       8.47816875e-04, 3.81517597e-03, 4.23908437e-04, 7.63035193e-03,
       8.47816875e-04, 4.23908437e-04, 2.54345057e-03, 1.69563375e-03,
       2.11954210e-03, 8.47816875e-04, 4.23908437e-04, 1.27172528e-03,
       5.51080983e-03, 4.23908437e-04, 0., 1.27172528e-03,
       4.23908437e-04, 4.23908437e-04, 1.69563375e-03, 7.20644323e-03,
       8.47816875e-04, 1.27172528e-03, 0., 4.23908437e-04,
       8.47816875e-04, 4.23908437e-04, 8.47816875e-04, 1.27172528e-03,
       0., 5.93471806e-03, 4.23908437e-04, 8.47816875e-04,
       2.54345057e-03, 1.27172528e-03, 4.23908437e-04, 4.23908437e-04,
       1.69563375e-03, 4.23908437e-04, 0., 8.47816875e-04,
       1.27172528e-03, 4.23908437e-04, 1.27172528e-03, 5.51080983e-03,
       4.23908437e-04, 4.23908437e-04, 1.27172528e-03, 2.96735903e-03,
       3.81517597e-03, 2.96735903e-03, 0., 3.81517597e-03,
       4.23908437e-04, 1.69563375e-03, 0., 2.54345057e-03,
       1.27172528e-03, 1.27172528e-03, 5.08690113e-03, 2.11954210e-03,
       4.23908437e-04, 1.27172528e-03, 8.47816875e-04, 4.23908420e-03,
       2.54345057e-03, 3.39126750e-03, 4.23908437e-04, 8.47816875e-04,
       1.69563375e-03, 0., 1.27172528e-03, 0., 1.69563375e-03,
       1.69563375e-03, 8.47816875e-04, 4.23908437e-04, 4.66299290e-03,
       7.20644323e-03, 1.27172528e-03, 4.23908437e-04, 4.23908437e-04,
       1.69563375e-03, 4.23908437e-04, 8.47816875e-04, 8.47816875e-04,
       0., 0., 1.69563375e-03, 8.47816875e-04, 4.23908437e-04,
       4.23908437e-04, 1.27172528e-03, 1.69563375e-03, 0.,
       4.23908437e-04, 2.11954210e-03, 8.47816875e-04, 4.23908437e-04,
       2.96735903e-03, 4.23908437e-04, 8.47816875e-04, 1.69563375e-03,
       8.47816875e-04, 4.23908437e-04, 8.47816875e-04, 8.47816875e-04,
       2.54345057e-03, 8.47816875e-04, 3.81517597e-03, 4.23908437e-04,
       2.54345057e-03, 0., 0., 4.23908437e-04, 8.47816875e-04,
       2.54345057e-03, 0., 0., 8.47816875e-04, 0., 2.54345057e-03,
       1.27172528e-03, 0., 4.23908437e-04, 3.39126750e-03, 0.,
       2.54345057e-03, 2.96735903e-03, 1.27172528e-03, 2.96735903e-03,
       0., 4.23908437e-04, 1.69563375e-03, 1.69563375e-03,
       4.23908437e-04, 2.54345057e-03, 1.27172528e-03, 0.,
       1.69563375e-03, 4.23908437e-04, 4.23908437e-04, 4.23908437e-04,
       4.66299290e-03, 4.23908437e-04, 1.27172528e-03, 1.69563375e-03,
       0., 8.47816875e-04, 0., 8.47816875e-04, 4.23908437e-04,
       4.23908437e-04, 2.96735903e-03, 0., 0., 4.23908437e-04,
       8.47816875e-04, 4.23908437e-04, 1.27172528e-03, 4.23908437e-04,
       2.11954210e-03, 4.23908437e-04, 1.27172528e-03, 4.23908437e-04,
       4.23908437e-04, 0., 1.27172528e-03, 0., 0., 8.47816875e-04,
       1.69563375e-03, 8.47816875e-04, 8.47816875e-04, 3.81517597e-03,
       8.47816875e-04, 4.23908437e-04, 0., 8.47816875e-04, 0.,
       4.23908437e-04, 3.81517597e-03, 4.23908437e-04, 1.27172528e-03,
       0., 4.23908437e-04, 4.23908437e-04, 2.11954210e-03,
       1.69563375e-03, 8.47816875e-04, 8.47816875e-04, 4.23908437e-04,
       2.96735903e-03, 1.27172528e-03, 1.69563375e-03, 8.47816875e-04,
       4.23908437e-04, 8.47816875e-04, 1.69563375e-03, 8.47816875e-04,
       0., 1.27172528e-03, 1.27172528e-03, 4.23908437e-04,
       8.47816875e-04, 4.23908437e-04, 1.27172528e-03, 4.23908437e-04,
       1.69563375e-03, 0., 4.23908437e-04, 1.27172528e-03,
       1.27172528e-03, 4.23908437e-04, 4.23908437e-04, 8.47816875e-04,
       1.27172528e-03, 0., 4.23908437e-04, 2.54345057e-03,
       1.27172528e-03, 8.47816875e-04, 1.27172528e-03, 4.23908437e-04,
       1.69563375e-03, 3.81517597e-03, 4.66299290e-03, 8.47816875e-04,
       8.47816875e-04, 1.27172528e-03, 8.47816875e-04, 1.27172528e-03,
       2.96735903e-03, 2.11954210e-03, 5.51080983e-03, 1.27172528e-03,
       1.27172528e-03, 4.23908437e-04, 4.23908437e-04, 4.23908437e-04,
       0., 1.69563375e-03, 4.23908437e-04, 2.54345057e-03,
       4.23908437e-04, 1.27172528e-03, 8.47816875e-04, 4.23908437e-04,
       4.23908437e-04, 4.23908437e-04, 1.27172528e-03, 8.47816875e-04,
       8.47816875e-04, 1.27172528e-03, 4.23908437e-04, 4.23908437e-04,
       8.47816875e-04, 4.23908437e-04, 1.69563375e-03, 1.27172528e-03,
       2.54345057e-03, 2.96735903e-03, 0., 2.96735903e-03, 0.,
