%YAML:1.0
m10n: !!opencv-matrix
   rows: 1
   cols: 800
   dt: f
   data: [ 6.59195764e-04, 8.56954511e-03, 0., 0., 1.31839153e-03,
       6.59195764e-04, 0., 1.97758731e-02, 2.63678306e-03,
       6.59195764e-04, 6.59195764e-04, 6.59195764e-04, 1.31839153e-03,
       6.59195764e-04, 0., 3.29597876e-03, 0., 0., 6.59195764e-04, 0.,
       0., 0., 1.31839153e-03, 1.31839153e-03, 0., 0., 1.97758735e-03,
       0., 1.31839153e-03, 1.31839153e-03, 5.93276182e-03,
       6.59195753e-03, 1.97758735e-03, 6.59195764e-04, 6.59195764e-04,
       0., 4.61437041e-03, 0., 1.97758735e-03, 1.97758735e-03, 0.,
       6.59195764e-04, 3.29597876e-03, 3.29597876e-03, 6.59195764e-04,
       0., 0., 1.97758735e-03, 0., 6.59195764e-04, 0., 0., 0., 0.,
       6.59195764e-04, 6.59195753e-03, 0., 6.59195764e-04, 0., 0., 0.,
       4.61437041e-03, 6.59195764e-04, 1.97758735e-03, 0.,
       2.63678306e-03, 6.59195764e-04, 6.59195764e-04, 0.,
       6.59195764e-04, 1.31839153e-03, 4.61437041e-03, 0.,
       5.27356612e-03, 0., 0., 1.31839153e-03, 1.31839153e-03,
       1.97758735e-03, 1.31839153e-03, 0., 0., 2.63678306e-03,
       1.31839153e-03, 0., 0., 6.59195764e-04, 2.96638086e-02,
       1.31839153e-03, 0., 2.63678306e-03, 0., 1.31839153e-03,
       1.31839153e-03, 6.59195764e-04, 6.59195764e-04, 6.59195764e-04,
       0., 0., 0., 1.97758735e-03, 6.59195764e-04, 0., 0.,
       2.63678306e-03, 6.59195764e-04, 6.59195764e-04, 0., 0.,
       6.59195764e-04, 6.59195764e-04, 1.31839153e-03, 0.,
       1.97758735e-03, 0., 3.95517470e-03, 6.59195753e-03,
       1.97758735e-03, 1.05471322e-02, 3.95517470e-03, 0., 0.,
       1.31839153e-03, 0., 0., 6.59195764e-04, 2.63678306e-03,
       1.97758735e-03, 0., 2.63678306e-03, 0., 3.29597876e-03,
       1.31839153e-03, 1.31839153e-03, 0., 0., 6.59195764e-04,
       1.31839153e-03, 6.59195764e-04, 0., 1.31839153e-03,
       1.31839153e-03, 6.59195764e-04, 1.31839153e-03, 4.61437041e-03,
       0., 1.31839153e-03, 0., 1.31839153e-03, 0., 6.59195764e-04,
       1.97758735e-03, 0., 0., 0., 1.97758735e-03, 1.31839153e-03,
       2.63678306e-03, 6.59195764e-04, 1.31839153e-03, 0.,
       6.59195764e-04, 0., 6.59195764e-04, 3.95517470e-03, 0., 0., 0.,
       1.31839153e-03, 0., 6.59195764e-04, 1.97758735e-03, 0.,
       1.31839153e-03, 6.59195764e-04, 6.59195764e-04, 0.,
       6.59195764e-04, 0., 1.31839153e-03, 1.31839153e-03, 0.,
       5.27356612e-03, 1.31839153e-03, 0., 3.29597876e-03,
       2.63678306e-03, 0., 6.59195764e-04, 6.59195764e-04,
       1.31839153e-03, 0., 6.59195764e-04, 1.97758735e-03,
       6.59195764e-04, 1.97758735e-03, 6.59195764e-04, 0., 0.,
       2.63678306e-03, 6.59195764e-04, 1.31839153e-03, 0.,
       6.59195764e-04, 3.95517470e-03, 6.59195764e-04, 2.63678306e-03,
       6.59195764e-04, 6.59195764e-04, 6.59195764e-04, 1.31839153e-03,
       6.59195753e-03, 0., 0., 6.59195764e-04, 2.63678306e-03,
       3.95517470e-03, 1.31839153e-03, 0., 0., 0., 6.59195764e-04,
       5.27356612e-03, 4.61437041e-03, 1.97758735e-03, 1.31839153e-03,
       6.59195764e-04, 2.63678306e-03, 6.59195764e-04, 0., 0.,
       1.31839153e-03, 0., 2.63678306e-03, 1.31839153e-03,
       6.59195764e-04, 0., 1.31839153e-03, 0., 6.59195764e-04,
       1.31839153e-03, 1.31839153e-03, 6.59195764e-04, 1.97758735e-03,
       0., 6.59195764e-04, 5.27356612e-03, 6.59195764e-04, 0.,
       6.59195764e-04, 0., 1.31839153e-03, 6.59195764e-04,
       6.59195764e-04, 0., 0., 0., 0., 1.31839153e-03, 0.,
       6.59195764e-04, 1.31839153e-03, 1.97758735e-03, 0., 0.,
       1.31839153e-03, 1.97758735e-03, 0., 0., 0., 6.59195764e-04, 0.,
       6.59195764e-04, 6.59195753e-03, 6.59195764e-04, 6.59195764e-04,
       0., 0., 0., 6.59195764e-04, 6.59195764e-04, 1.97758735e-03, 0.,
       0., 1.97758735e-03, 0., 1.97758735e-03, 1.97758735e-03, 0., 0.,
       6.59195764e-04, 0., 6.59195764e-04, 6.59195764e-04,
       5.93276182e-03, 1.25247194e-02, 1.31839153e-03, 1.31839153e-03,
       0., 1.31839153e-03, 3.29597876e-03, 0., 0., 1.31839153e-03, 0.,
       0., 3.95517470e-03, 2.63678306e-03, 0., 0., 1.31839153e-03,
       1.31839153e-03, 1.31839153e-03, 0., 6.59195764e-04,
       6.59195764e-04, 0., 0., 0., 0., 0., 0., 0., 6.59195764e-04,
       6.59195764e-04, 0., 1.97758735e-03, 1.31839153e-03,
       6.59195764e-04, 0., 0., 2.63678306e-03, 0., 6.59195764e-04,
       1.97758735e-03, 1.31839153e-03, 2.63678306e-03, 3.95517470e-03,
       0., 6.59195764e-04, 0., 0., 1.31839153e-03, 6.59195764e-04, 0.,
       1.31839153e-03, 2.63678306e-03, 6.59195764e-04, 1.31839153e-03,
       0., 2.63678306e-03, 0., 6.59195764e-04, 0., 0., 0., 0.,
       1.31839153e-03, 6.59195764e-04, 5.93276182e-03, 2.63678306e-03,
       1.31839153e-03, 6.59195764e-04, 6.59195764e-04, 1.31839153e-03,
       0., 1.97758735e-03, 3.29597876e-03, 6.59195764e-04,
       6.59195764e-04, 6.59195764e-04, 5.27356612e-03, 6.59195764e-04,
       0., 1.97758735e-03, 1.31839153e-03, 6.59195764e-04,
       6.59195764e-04, 0., 6.59195764e-04, 0., 0., 2.63678306e-03,
       1.31839153e-03, 0., 6.59195764e-04, 1.97758735e-03,
       1.31839153e-03, 1.31839153e-03, 6.59195764e-04, 1.31839153e-03,
       6.59195764e-04, 1.31839153e-03, 1.31839153e-03, 6.59195764e-04,
       2.63678306e-03, 2.63678306e-03, 6.59195764e-04, 0.,
       5.27356612e-03, 0., 0., 0., 0., 1.31839153e-03, 2.63678306e-03,
       1.31839153e-03, 6.59195764e-04, 0., 6.59195764e-04,
       1.31839153e-03, 3.29597876e-03, 7.25115323e-03, 3.95517470e-03,
       1.31839153e-03, 1.31839153e-03, 6.59195764e-04, 0., 0.,
       1.31839153e-03, 0., 6.59195764e-04, 0., 1.31839153e-03,
       1.97758735e-03, 0., 1.31839153e-03, 6.59195764e-04, 0.,
       6.59195764e-04, 6.59195764e-04, 6.59195764e-04, 5.27356612e-03,
       6.59195764e-04, 3.29597876e-03, 1.31839153e-03, 6.59195764e-04,
       5.27356612e-03, 6.59195764e-04, 0., 6.59195764e-04, 0.,
       6.59195764e-04, 6.59195764e-04, 0., 6.59195764e-04,
       5.93276182e-03, 0., 6.59195764e-04, 0., 6.59195764e-04,
       1.31839153e-03, 5.93276182e-03, 0., 0., 1.31839153e-03,
       6.59195764e-04, 0., 1.97758735e-03, 0., 1.97758735e-03, 0., 0.,
       0., 6.59195764e-04, 6.59195764e-04, 1.31839153e-03,
       6.59195764e-04, 1.97758735e-03, 0., 6.59195764e-04,
       6.59195764e-04, 6.59195764e-04, 0., 0., 6.59195764e-04, 0., 0.,
       2.63678306e-03, 1.31839153e-03, 3.95517470e-03, 2.63678306e-03,
       1.31839153e-03, 6.59195764e-04, 6.59195764e-04, 0., 0.,
       3.95517470e-03, 1.31839153e-03, 6.59195764e-04, 1.31839153e-03,
       1.31839153e-03, 0., 6.59195764e-04, 1.31839153e-03, 0.,
       6.59195764e-04, 1.31839153e-03, 0., 6.59195764e-04,
       6.59195764e-04, 1.31839153e-03, 6.59195764e-04, 2.63678306e-03,
       6.59195764e-04, 2.63678306e-03, 1.31839153e-03, 0.,
       6.59195764e-04, 3.29597876e-03, 1.31839153e-03, 6.59195753e-03,
       0., 0., 6.59195764e-04, 0., 0., 7.25115323e-03, 6.59195764e-04,
       1.05471322e-02, 6.59195764e-04, 0., 1.97758735e-03, 0., 0.,
       1.97758735e-03, 0., 8.56954511e-03, 0., 0., 0., 0., 0.,
       6.59195764e-04, 1.31839153e-03, 1.97758735e-03, 1.31839153e-03,
       0., 6.59195764e-04, 2.63678306e-03, 6.59195764e-04,
       6.59195764e-04, 0., 1.31839153e-03, 6.59195764e-04, 0.,
       3.95517470e-03, 0., 1.31839153e-03, 0., 0., 2.63678306e-03, 0.,
       1.97758735e-03, 0., 6.59195764e-04, 5.27356612e-03,
       1.97758735e-03, 6.59195764e-04, 0., 3.95517470e-03,
       6.59195764e-04, 6.59195764e-04, 0., 0., 1.97758735e-03,
       6.59195764e-04, 3.95517470e-03, 6.59195764e-04, 0., 0.,
       1.31839153e-03, 0., 6.59195764e-04, 1.97758735e-03,
       4.61437041e-03, 6.59195764e-04, 1.31839153e-03, 1.97758735e-03,
       0., 6.59195764e-04, 1.31839153e-03, 6.59195764e-04, 0.,
       1.97758735e-03, 6.59195764e-04, 1.31839153e-03, 1.31839153e-03,
       6.59195764e-04, 1.31839153e-03, 0., 0., 6.59195764e-04,
       1.97758735e-03, 0., 2.63678306e-03, 0., 1.31839153e-03, 0.,
