%YAML:1.0
m10n: !!opencv-matrix
   rows: 1
   cols: 800
   dt: f
   data: [ 1.29533675e-03, 2.59067351e-03, 4.31778928e-04, 0.,
       1.72711571e-03, 8.63557856e-04, 4.31778928e-04, 0.,
       4.31778928e-04, 4.31778934e-03, 8.63557856e-04, 8.63557856e-04,
       1.29533675e-03, 1.72711571e-03, 1.72711571e-03, 0.,
       1.72711571e-03, 1.29533675e-03, 4.31778928e-04, 0.,
       7.77202053e-03, 1.29533675e-03, 8.63557856e-04, 8.63557856e-04,
       6.04490517e-03, 4.31778928e-04, 8.63557856e-04, 3.02245258e-03,
       6.04490517e-03, 2.15889467e-03, 8.63557856e-04, 1.29533675e-03,
       4.31778928e-04, 0., 0., 3.88601026e-03, 4.31778928e-04,
       1.29533675e-03, 1.72711571e-03, 4.31778928e-04, 3.02245258e-03,
       1.29533675e-03, 3.02245258e-03, 1.29533675e-03, 8.63557856e-04,
       2.15889467e-03, 0., 0., 4.31778928e-04, 4.31778928e-04,
       4.31778928e-04, 8.63557856e-04, 1.29533675e-03, 4.31778928e-04,
       2.15889467e-03, 8.63557856e-04, 4.31778928e-04, 1.72711571e-03,
       2.15889467e-03, 4.31778928e-04, 0., 1.29533675e-03,
       4.31778928e-04, 1.29533675e-03, 4.31778934e-03, 4.31778928e-04,
       8.63557856e-04, 2.59067351e-03, 0., 0., 8.63557856e-04,
       4.31778928e-04, 0., 4.31778928e-04, 1.29533675e-03,
       4.31778928e-04, 1.29533675e-03, 0., 2.15889467e-03,
       8.63557856e-04, 0., 8.63557856e-04, 4.31778928e-04,
       2.15889467e-03, 1.29533675e-03, 5.18134702e-03, 1.72711571e-03,
       4.74956818e-03, 8.63557856e-04, 4.31778928e-04, 1.72711571e-03,
       0., 8.63557856e-04, 0., 0., 0., 1.72711571e-03, 1.29533675e-03,
       4.31778928e-04, 0., 4.31778928e-04, 8.63557856e-04,
       4.31778928e-04, 3.88601026e-03, 0., 1.29533675e-03,
       2.15889467e-03, 4.31778928e-04, 8.63557856e-04, 0.,
       2.15889467e-03, 8.63557856e-04, 2.59067351e-03, 4.31778928e-04,
       2.59067351e-03, 8.63557856e-04, 2.15889467e-03, 8.63557856e-04,
       0., 4.31778928e-04, 4.31778928e-04, 4.31778928e-04,
       4.74956818e-03, 5.18134702e-03, 0., 0., 1.72711571e-03,
       4.31778928e-04, 1.72711571e-03, 8.63557856e-04, 0.,
       2.15889467e-03, 3.02245258e-03, 1.29533675e-03, 8.63557856e-04,
       0., 0., 0., 4.31778928e-04, 3.88601026e-03, 4.31778928e-04,
       3.02245258e-03, 1.29533675e-03, 3.45423142e-03, 4.31778928e-04,
       8.63557856e-04, 2.59067351e-03, 2.15889467e-03, 4.31778928e-04,
       4.31778928e-04, 2.59067351e-03, 4.31778928e-04, 0.,
       8.63557856e-04, 8.63557856e-04, 0., 0., 2.59067351e-03,
       1.72711571e-03, 1.72711571e-03, 0., 8.63557856e-04,
       8.63557856e-04, 4.31778928e-04, 0., 0., 2.15889467e-03,
       1.29533675e-03, 1.29533675e-03, 0., 4.31778928e-04,
       1.64075997e-02, 4.31778928e-04, 8.63557856e-04, 0.,
       1.29533675e-03, 8.63557856e-04, 6.90846285e-03, 4.31778928e-04,
       1.29533675e-03, 2.59067351e-03, 5.61312586e-03, 4.31778928e-04,
       1.29533675e-03, 8.63557856e-04, 8.63557856e-04, 4.31778934e-03,
       4.31778928e-04, 0., 4.31778928e-04, 8.63557856e-04,
       1.29533675e-03, 8.63557856e-04, 0., 0., 4.31778928e-04,
       1.29533675e-03, 2.59067351e-03, 0., 0., 1.72711571e-03,
       8.63557856e-04, 0., 2.59067351e-03, 4.31778928e-04,
       4.31778928e-04, 4.74956818e-03, 8.63557868e-03, 0.,
       1.29533675e-03, 8.63557856e-04, 8.63557856e-04, 0.,
       1.29533675e-03, 0., 1.29533675e-03, 3.02245258e-03, 0.,
       1.72711571e-03, 2.15889467e-03, 1.29533675e-03, 4.74956818e-03,
       1.72711571e-03, 8.63557856e-04, 8.63557856e-04, 1.29533675e-03,
       2.15889467e-03, 1.29533675e-03, 1.72711571e-03, 5.18134702e-03,
       1.29533675e-03, 1.29533675e-03, 0., 2.15889467e-03,
       2.59067351e-03, 8.63557856e-04, 8.63557856e-04, 2.15889467e-03,
       0., 6.04490517e-03, 4.31778928e-04, 4.74956818e-03,
       8.63557856e-04, 4.31778928e-04, 3.02245258e-03, 1.72711571e-03,
       1.72711571e-03, 4.31778928e-04, 4.31778928e-04, 1.72711571e-03,
       5.61312586e-03, 4.31778928e-04, 0., 1.72711571e-03, 0., 0.,
       1.72711571e-03, 6.04490517e-03, 8.63557856e-04, 4.31778928e-04,
       0., 4.31778928e-04, 8.63557856e-04, 4.31778928e-04,
       4.31778928e-04, 8.63557856e-04, 0., 5.18134702e-03,
       4.31778928e-04, 8.63557856e-04, 1.29533675e-03, 8.63557856e-04,
       0., 8.63557856e-04, 8.63557856e-04, 4.31778928e-04, 0.,
       1.29533675e-03, 1.72711571e-03, 2.15889467e-03, 2.15889467e-03,
       7.34024169e-03, 4.31778928e-04, 0., 1.72711571e-03,
       3.02245258e-03, 4.31778934e-03, 1.29533675e-03, 4.31778928e-04,
       3.02245258e-03, 8.63557856e-04, 2.15889467e-03, 4.31778928e-04,
       3.02245258e-03, 1.29533675e-03, 4.31778928e-04, 4.74956818e-03,
       1.29533675e-03, 1.29533675e-03, 1.29533675e-03, 8.63557856e-04,
       2.59067351e-03, 1.72711571e-03, 8.63557856e-04, 0., 0.,
       2.15889467e-03, 0., 1.29533675e-03, 0., 2.59067351e-03,
       8.63557856e-04, 8.63557856e-04, 4.31778928e-04, 4.74956818e-03,
       6.90846285e-03, 1.29533675e-03, 8.63557856e-04, 4.31778928e-04,
       1.29533675e-03, 2.59067351e-03, 0., 8.63557856e-04,
       4.31778928e-04, 0., 1.29533675e-03, 4.31778928e-04,
       8.63557856e-04, 4.31778928e-04, 4.31778928e-04, 1.29533675e-03,
       0., 4.31778928e-04, 1.72711571e-03, 4.31778928e-04,
       1.29533675e-03, 3.88601026e-03, 8.63557856e-04, 8.63557856e-04,
       1.29533675e-03, 4.31778928e-04, 8.63557856e-04, 8.63557856e-04,
       0., 3.88601026e-03, 8.63557856e-04, 4.31778934e-03,
       4.31778928e-04, 2.59067351e-03, 4.31778928e-04, 0.,
       4.31778928e-04, 0., 1.29533675e-03, 0., 1.29533675e-03,
       1.29533675e-03, 0., 1.29533675e-03, 1.29533675e-03,
       4.31778928e-04, 8.63557856e-04, 2.59067351e-03, 4.31778928e-04,
       3.45423142e-03, 3.45423142e-03, 8.63557856e-04, 3.02245258e-03,
       0., 8.63557856e-04, 1.72711571e-03, 8.63557856e-04, 0.,
       2.59067351e-03, 1.29533675e-03, 4.31778928e-04, 2.15889467e-03,
       0., 4.31778928e-04, 4.31778928e-04, 3.88601026e-03,
       4.31778928e-04, 1.29533675e-03, 1.29533675e-03, 0.,
       4.31778928e-04, 8.63557856e-04, 1.72711571e-03, 8.63557856e-04,
       8.63557856e-04, 2.59067351e-03, 4.31778928e-04, 0.,
       1.72711571e-03, 4.31778928e-04, 4.31778928e-04, 1.29533675e-03,
       8.63557856e-04, 2.59067351e-03, 0., 1.72711571e-03,
       4.31778928e-04, 4.31778928e-04, 4.31778928e-04, 1.29533675e-03,
       4.31778928e-04, 0., 1.29533675e-03, 1.29533675e-03,
       8.63557856e-04, 1.72711571e-03, 3.02245258e-03, 8.63557856e-04,
       8.63557856e-04, 0., 1.72711571e-03, 0., 4.31778928e-04,
       3.45423142e-03, 0., 2.15889467e-03, 0., 8.63557856e-04,
       4.31778928e-04, 2.59067351e-03, 2.15889467e-03, 1.29533675e-03,
       8.63557856e-04, 4.31778928e-04, 2.15889467e-03, 8.63557856e-04,
       1.29533675e-03, 1.72711571e-03, 0., 4.31778928e-04,
       2.15889467e-03, 1.29533675e-03, 4.31778928e-04, 0.,
       8.63557856e-04, 8.63557856e-04, 4.31778928e-04, 0.,
       1.72711571e-03, 4.31778928e-04, 2.15889467e-03, 0.,
       4.31778928e-04, 1.72711571e-03, 1.29533675e-03, 0., 0.,
       8.63557856e-04, 1.29533675e-03, 0., 4.31778928e-04,
       4.74956818e-03, 2.15889467e-03, 8.63557856e-04, 4.31778928e-04,
       8.63557856e-04, 1.29533675e-03, 3.45423142e-03, 2.15889467e-03,
       1.29533675e-03, 1.72711571e-03, 1.29533675e-03, 8.63557856e-04,
       1.29533675e-03, 3.02245258e-03, 2.59067351e-03, 5.18134702e-03,
       1.72711571e-03, 1.72711571e-03, 4.31778928e-04, 4.31778928e-04,
       4.31778928e-04, 8.63557856e-04, 1.29533675e-03, 4.31778928e-04,
       1.72711571e-03, 8.63557856e-04, 0., 0., 0., 0., 4.31778928e-04,
       1.72711571e-03, 4.31778928e-04, 4.31778928e-04, 1.72711571e-03,
       0., 4.31778928e-04, 1.29533675e-03, 4.31778928e-04,
       1.72711571e-03, 8.63557856e-04, 2.15889467e-03, 3.88601026e-03,
       0., 2.59067351e-03, 0., 3.45423142e-03, 8.63557856e-04,
       4.31778928e-04, 8.63557856e-04, 8.63557856e-04, 0.,
       4.31778928e-04, 1.29533675e-03, 3.45423142e-03, 1.72711571e-03,
