%YAML:1.0
m10n: !!opencv-matrix
   rows: 1
   cols: 800
   dt: f
   data: [ 1.41110062e-03, 2.35183444e-03, 9.40733764e-04,
       4.70366882e-04, 9.40733764e-04, 4.70366882e-04, 9.40733764e-04,
       4.70366882e-04, 4.70366882e-04, 9.40733764e-04, 2.35183444e-03,
       9.40733764e-04, 1.88146753e-03, 1.41110062e-03, 4.70366882e-04,
       2.82220123e-03, 4.70366882e-04, 1.41110062e-03, 4.70366882e-04,
       4.70366882e-04, 7.05550332e-03, 1.88146753e-03, 1.41110062e-03,
       1.41110062e-03, 4.23330208e-03, 4.70366882e-04, 1.41110062e-03,
       2.35183444e-03, 4.70366882e-04, 4.70366888e-03, 2.82220123e-03,
       4.70366882e-04, 4.70366882e-04, 4.70366882e-04, 0.,
       2.35183444e-03, 1.41110062e-03, 4.70366882e-04, 0.,
       1.41110062e-03, 3.76293506e-03, 0., 9.40733764e-04,
       1.41110062e-03, 1.41110062e-03, 1.88146753e-03, 4.70366882e-04,
       1.41110062e-03, 4.23330208e-03, 4.70366882e-04, 4.70366882e-04,
       1.88146753e-03, 9.40733764e-04, 4.70366882e-04, 2.35183444e-03,
       4.70366882e-04, 9.40733764e-04, 1.41110062e-03, 0., 0.,
       2.35183444e-03, 1.41110062e-03, 4.70366882e-04, 2.82220123e-03,
       3.29256826e-03, 4.70366882e-04, 9.40733764e-04, 5.17403567e-03,
       4.70366882e-04, 0., 0., 2.35183444e-03, 9.40733764e-04,
       4.70366882e-04, 3.76293506e-03, 1.41110062e-03, 1.41110062e-03,
       0., 9.40733764e-04, 2.35183444e-03, 9.40733764e-04, 0.,
       9.40733764e-04, 0., 3.76293506e-03, 6.58513652e-03, 0.,
       1.41110062e-03, 1.41110062e-03, 9.40733764e-04, 4.70366882e-04,
       0., 9.40733764e-04, 4.70366882e-04, 0., 2.82220123e-03, 0.,
       4.70366882e-04, 4.70366882e-04, 9.40733764e-04, 4.70366882e-04,
       9.40733764e-04, 1.41110062e-03, 9.40733764e-04, 9.40733764e-04,
       6.11476926e-03, 2.82220123e-03, 0., 1.41110062e-03,
       4.70366882e-04, 2.35183444e-03, 4.70366882e-04, 1.41110062e-03,
       1.88146753e-03, 1.41110062e-03, 4.70366882e-04, 1.41110062e-03,
       2.35183444e-03, 1.41110062e-03, 1.41110062e-03, 9.40733764e-04,
       0., 0., 5.64440247e-03, 4.70366882e-04, 9.40733764e-04,
       9.40733764e-04, 0., 3.29256826e-03, 0., 0., 3.29256826e-03,
       1.41110062e-03, 0., 1.41110062e-03, 0., 9.40733764e-04,
       2.35183444e-03, 9.40733764e-04, 1.41110062e-03, 3.29256826e-03,
       9.40733764e-04, 4.70366882e-04, 9.40733764e-04, 9.40733764e-04,
       9.40733764e-04, 9.40733764e-04, 2.82220123e-03, 4.70366882e-04,
       4.70366882e-04, 1.41110062e-03, 0., 0., 4.70366882e-04,
       9.40733764e-04, 0., 9.40733764e-04, 4.70366882e-04,
       9.40733764e-04, 4.70366882e-04, 0., 4.70366882e-04, 0.,
       9.40733764e-04, 2.35183444e-03, 4.70366882e-04, 2.35183444e-03,
       0., 4.70366882e-04, 1.41110062e-03, 4.70366882e-04,
       3.29256826e-03, 9.40733764e-04, 1.88146753e-03, 1.41110062e-03,
       9.40733764e-04, 2.35183444e-03, 1.41110066e-02, 9.40733764e-04,
       2.82220123e-03, 3.29256826e-03, 4.23330208e-03, 4.70366882e-04,
       4.70366882e-04, 4.70366882e-04, 4.70366882e-04, 9.40733764e-04,
       9.40733764e-04, 0., 4.70366882e-04, 0., 9.40733764e-04,
       9.40733764e-04, 0., 1.88146753e-03, 3.29256826e-03, 0.,
       1.41110062e-03, 9.40733764e-04, 1.41110062e-03, 1.88146753e-03,
       0., 4.70366882e-04, 1.88146753e-03, 9.40733764e-04,
       9.40733764e-04, 9.40733764e-04, 2.82220123e-03, 4.70366882e-04,
       0., 9.40733764e-04, 0., 4.70366882e-04, 2.82220123e-03, 0.,
       1.88146753e-03, 9.40733764e-04, 0., 9.40733764e-04, 0.,
       9.40733764e-04, 1.88146753e-03, 2.35183444e-03, 4.70366882e-04,
       0., 1.41110062e-03, 9.40733764e-04, 4.70366882e-04, 0.,
       9.40733764e-04, 4.70366882e-04, 4.70366882e-04, 1.41110062e-03,
       2.82220123e-03, 4.70366882e-04, 0., 4.70366882e-04,
       4.70366882e-04, 4.70366882e-04, 6.11476926e-03, 2.35183444e-03,
       1.88146753e-03, 9.40733764e-04, 4.70366882e-04, 4.70366888e-03,
       2.35183444e-03, 9.40733764e-04, 0., 9.40733764e-04,
       1.41110062e-03, 2.82220123e-03, 1.88146753e-03, 0.,
       4.70366882e-04, 4.70366882e-04, 9.40733764e-04, 4.70366882e-04,
       5.64440247e-03, 9.40733764e-04, 1.41110062e-03, 9.40733764e-04,
       0., 0., 1.41110062e-03, 4.70366882e-04, 9.40733764e-04, 0.,
       1.41110062e-03, 9.40733764e-04, 0., 0., 9.40733764e-04,
       2.35183444e-03, 9.40733764e-04, 4.70366882e-04, 0.,
       4.70366882e-04, 1.41110062e-03, 9.40733764e-04, 2.35183444e-03,
       1.88146753e-03, 9.40733764e-04, 0., 9.40733764e-04,
       2.82220123e-03, 0., 3.29256826e-03, 9.40733764e-04,
       9.40733764e-04, 4.70366882e-04, 4.70366882e-04, 2.82220123e-03,
       4.70366882e-04, 2.35183444e-03, 0., 4.70366882e-04,
       9.40733764e-04, 9.40733764e-04, 0., 1.41110062e-03,
       4.70366882e-04, 2.35183444e-03, 3.29256826e-03, 1.41110062e-03,
       9.40733764e-04, 1.41110062e-03, 9.40733764e-04, 2.35183444e-03,
       2.35183444e-03, 4.70366882e-04, 1.88146753e-03, 7.05550332e-03,
       9.40733764e-04, 0., 2.82220123e-03, 9.40733764e-04,
       3.76293506e-03, 0., 0., 9.40733764e-04, 4.70366882e-04,
       2.35183444e-03, 0., 0., 1.41110062e-03, 0., 2.82220123e-03,
       4.70366882e-04, 0., 9.40733764e-04, 9.40733764e-04,
       1.88146753e-03, 0., 1.41110062e-03, 0., 4.70366882e-04,
       1.88146753e-03, 2.82220123e-03, 4.70366882e-04, 1.41110062e-03,
       1.41110062e-03, 1.41110062e-03, 9.40733764e-04, 9.40733764e-04,
       1.41110062e-03, 4.70366882e-04, 4.23330208e-03, 0.,
       1.41110062e-03, 0., 4.70366882e-04, 9.40733764e-04, 0.,
       1.88146753e-03, 4.70366882e-04, 9.40733764e-04, 4.70366882e-04,
       0., 0., 0., 1.88146753e-03, 2.35183444e-03, 1.41110062e-03, 0.,
       3.29256826e-03, 1.88146753e-03, 2.82220123e-03, 1.88146753e-03,
       1.41110062e-03, 4.70366882e-04, 4.70366882e-04, 4.70366882e-04,
       0., 4.70366882e-04, 9.40733764e-04, 4.70366882e-04,
       4.70366882e-04, 9.40733764e-04, 4.70366882e-04, 2.35183444e-03,
       3.29256826e-03, 0., 2.35183444e-03, 0., 9.40733764e-04,
       1.41110062e-03, 4.70366882e-04, 9.40733764e-04, 2.35183444e-03,
       4.70366882e-04, 8.46660417e-03, 2.35183444e-03, 3.76293506e-03,
       1.88146753e-03, 0., 9.40733764e-04, 1.41110062e-03, 0.,
       1.88146753e-03, 9.40733764e-04, 1.41110062e-03, 1.41110062e-03,
       2.82220123e-03, 4.70366888e-03, 4.70366882e-04, 0.,
       4.70366882e-04, 0., 2.35183444e-03, 1.88146753e-03,
       4.70366882e-04, 2.35183444e-03, 4.70366882e-04, 9.40733764e-04,
       9.40733764e-04, 0., 4.70366882e-04, 4.70366882e-04,
       5.17403567e-03, 9.40733764e-04, 0., 9.40733764e-04,
       9.40733764e-04, 1.41110062e-03, 4.70366882e-04, 9.40733764e-04,
       1.88146753e-03, 0., 0., 2.35183444e-03, 4.70366882e-04,
       3.29256826e-03, 3.76293506e-03, 4.70366882e-04, 4.70366882e-04,
       9.40733764e-04, 0., 0., 1.41110062e-03, 9.40733764e-04,
       1.41110062e-03, 0., 0., 4.70366882e-04, 1.88146753e-03,
       4.70366882e-04, 9.40733764e-04, 0., 9.40733764e-04,
       1.88146753e-03, 9.40733764e-04, 9.40733764e-04, 1.41110062e-03,
       4.70366882e-04, 4.70366882e-04, 1.41110062e-03, 2.35183444e-03,
       1.41110062e-03, 9.40733764e-04, 1.88146753e-03, 1.88146753e-03,
       4.70366882e-04, 9.40733764e-04, 1.88146753e-03, 1.88146753e-03,
       2.82220123e-03, 2.82220123e-03, 2.82220123e-03, 0.,
       1.41110062e-03, 6.58513652e-03, 4.70366882e-04, 2.35183444e-03,
       4.70366882e-04, 9.40733764e-04, 4.70366882e-04, 0.,
       4.70366882e-04, 0., 9.40733764e-04, 0., 1.41110062e-03, 0.,
       1.41110062e-03, 0., 0., 4.70366882e-04, 4.70366882e-04,
       4.70366882e-04, 9.40733764e-04, 1.88146753e-03, 0., 0.,
       4.70366882e-04, 1.41110062e-03, 1.41110062e-03, 4.70366882e-04,
       1.41110062e-03, 9.40733764e-04, 1.88146753e-03, 1.88146753e-03,
       2.35183444e-03, 2.35183444e-03, 3.29256826e-03, 4.70366882e-04,
       2.82220123e-03, 1.41110062e-03, 0., 9.40733764e-04,
       4.70366882e-04, 4.70366882e-04, 0., 4.70366882e-04, 0., 0.,
