%YAML:1.0
m10n: !!opencv-matrix
   rows: 1
   cols: 800
   dt: f
   data: [ 0., 3.79106984e-03, 2.10614991e-03, 1.26368995e-03,
       4.21229983e-04, 0., 1.26368995e-03, 0., 8.42459965e-04,
       5.47598954e-03, 8.42459965e-04, 1.26368995e-03, 0.,
       1.26368995e-03, 2.94860988e-03, 1.26368995e-03, 8.42459965e-04,
       8.42459965e-04, 4.21229983e-04, 0., 5.05475979e-03,
       1.26368995e-03, 1.68491993e-03, 2.10614991e-03, 8.42459965e-04,
       1.26368995e-03, 1.26368995e-03, 1.68491993e-03, 4.21229983e-03,
       8.42459965e-04, 4.21229983e-04, 0., 2.10614991e-03,
       1.68491993e-03, 0., 2.52737990e-03, 2.10614991e-03,
       1.26368995e-03, 1.26368995e-03, 4.21229983e-04, 8.42459965e-04,
       4.21229983e-04, 4.21229983e-04, 8.42459965e-04, 1.68491993e-03,
       2.94860988e-03, 0., 4.21229983e-04, 1.26368995e-03,
       4.21229983e-04, 4.21229983e-04, 1.26368995e-03, 8.42459965e-04,
       4.21229983e-04, 3.36983986e-03, 4.21229983e-04, 1.68491993e-03,
       2.52737990e-03, 8.42459965e-04, 8.42459965e-04, 4.21229983e-04,
       1.26368995e-03, 0., 1.13732098e-02, 2.94860988e-03,
       1.68491993e-03, 2.10614991e-03, 0., 2.10614991e-03, 0.,
       8.42459965e-04, 1.26368995e-03, 0., 4.21229983e-04,
       1.26368995e-03, 3.36983986e-03, 4.21229983e-04, 0.,
       1.68491993e-03, 5.05475979e-03, 4.21229983e-04, 0.,
       8.42459965e-04, 1.68491993e-03, 8.42459965e-04, 1.68491993e-03,
       2.10614991e-03, 2.52737990e-03, 8.42459965e-04, 1.68491993e-03,
       8.42459965e-04, 1.26368995e-03, 8.42459965e-04, 4.21229983e-04,
       1.68491993e-03, 4.21229983e-04, 0., 1.68491993e-03,
       1.26368995e-03, 8.42459965e-04, 0., 1.26368995e-03,
       1.68491993e-03, 1.68491993e-03, 0., 2.10614991e-03,
       4.21229983e-04, 4.21229983e-04, 4.21229983e-04, 1.26368995e-03,
       1.68491993e-03, 1.26368995e-03, 5.89721976e-03, 1.26368995e-03,
       0., 4.21229983e-04, 4.21229983e-04, 1.68491993e-03,
       1.26368995e-03, 1.26368995e-03, 2.94860988e-03, 8.42459965e-04,
       3.36983986e-03, 4.21229983e-04, 0., 1.26368995e-03,
       1.68491993e-03, 8.42459965e-04, 2.52737990e-03, 1.26368995e-03,
       4.21229983e-04, 2.94860988e-03, 1.26368995e-03, 4.21229983e-04,
       1.26368995e-03, 0., 8.42459965e-04, 4.21229983e-04,
       8.42459965e-04, 6.31844997e-03, 1.68491993e-03, 4.21229983e-04,
       0., 3.36983986e-03, 8.42459965e-04, 1.26368995e-03,
       4.21229983e-04, 0., 4.21229983e-04, 8.42459965e-04,
       2.52737990e-03, 0., 4.21229983e-04, 8.42459965e-04,
       8.42459965e-04, 4.21229983e-04, 4.21229983e-04, 2.10614991e-03,
       8.42459965e-04, 8.42459965e-04, 0., 2.10614991e-03,
       8.42459965e-04, 8.42459965e-04, 0., 4.21229983e-04,
       1.26368995e-03, 4.21229983e-04, 1.26368995e-03, 1.68491993e-03,
       8.42459965e-04, 3.36983986e-03, 2.52737990e-03, 8.42459965e-04,
       4.21229983e-04, 1.26368995e-03, 4.21229983e-04, 1.26368995e-03,
       1.68491993e-03, 5.05475979e-03, 5.05475979e-03, 2.10614991e-03,
       1.26368995e-03, 0., 8.42459965e-04, 1.26368995e-03,
       1.26368995e-03, 4.21229983e-04, 0., 8.42459965e-04,
       1.26368995e-03, 4.21229983e-04, 2.94860988e-03, 0.,
       8.42459965e-04, 2.94860988e-03, 4.21229983e-04, 1.26368995e-03,
       0., 8.42459965e-04, 2.10614991e-03, 1.26368995e-03,
       2.52737990e-03, 1.26368995e-03, 8.42459965e-04, 1.26368995e-03,
       2.94860988e-03, 6.73967972e-03, 8.42459965e-04, 4.21229983e-04,
       2.52737990e-03, 8.42459965e-04, 0., 4.21229983e-04, 0.,
       1.26368995e-03, 8.42459965e-04, 8.42459965e-04, 1.68491993e-03,
       1.26368995e-03, 4.21229983e-04, 7.16090947e-03, 1.26368995e-03,
       8.42459965e-04, 8.42459965e-04, 2.10614991e-03, 2.94860988e-03,
       2.10614991e-03, 1.68491993e-03, 1.68491993e-03, 1.68491993e-03,
       1.26368995e-03, 1.68491993e-03, 0., 1.26368995e-03,
       4.21229983e-04, 1.26368995e-03, 2.10614991e-03, 0., 0.,
       8.42459965e-04, 4.21229983e-03, 2.94860988e-03, 4.21229983e-04,
       2.52737990e-03, 0., 2.52737990e-03, 1.68491993e-03,
       8.42459965e-04, 1.26368995e-03, 4.21229983e-04, 4.21229983e-04,
       0., 1.68491993e-03, 8.42459965e-04, 3.79106984e-03,
       1.26368995e-03, 4.21229983e-04, 8.42459965e-04, 2.94860988e-03,
       8.42459965e-04, 8.42459965e-04, 0., 1.26368995e-03,
       4.21229983e-04, 0., 4.21229983e-04, 8.84582940e-03,
       4.21229983e-04, 8.42459965e-04, 2.52737990e-03, 1.26368995e-03,
       2.94860988e-03, 4.21229983e-04, 4.21229983e-04, 8.42459965e-04,
       4.21229983e-04, 2.10614991e-03, 3.36983986e-03, 8.42459965e-04,
       4.21229983e-04, 2.10614991e-03, 1.68491993e-03, 8.42459965e-04,
       2.10614991e-03, 8.42459965e-04, 1.68491993e-03, 0.,
       2.52737990e-03, 0., 0., 2.52737990e-03, 4.21229983e-04,
       4.21229983e-04, 2.94860988e-03, 3.79106984e-03, 3.79106984e-03,
       0., 4.21229983e-04, 0., 4.21229983e-04, 1.68491993e-03,
       1.26368995e-03, 4.21229983e-04, 4.21229983e-04, 1.26368995e-03,
       2.94860988e-03, 0., 2.10614991e-03, 0., 2.52737990e-03,
       8.42459965e-04, 2.52737990e-03, 1.26368995e-03, 1.68491993e-03,
       6.31844997e-03, 1.26368995e-03, 8.42459965e-04, 1.26368995e-03,
       8.42459965e-04, 1.68491993e-03, 1.68491993e-03, 8.42459965e-04,
       1.68491993e-03, 0., 8.42459965e-04, 2.94860988e-03,
       1.26368995e-03, 1.26368995e-03, 8.42459965e-04, 0., 0., 0.,
       1.68491993e-03, 0., 4.21229983e-04, 5.05475979e-03,
       1.26368995e-03, 8.42459965e-04, 8.42459965e-04, 2.10614991e-03,
       0., 1.26368995e-03, 8.42459965e-04, 8.42459965e-04,
       8.42459965e-04, 1.68491993e-03, 0., 6.73967972e-03, 0.,
       2.94860988e-03, 8.42459965e-04, 0., 1.26368995e-03,
       4.21229983e-04, 0., 4.21229983e-04, 0., 4.21229983e-04,
       1.68491993e-03, 1.68491993e-03, 8.42459965e-04, 8.42459965e-04,
       0., 5.05475979e-03, 2.52737990e-03, 8.42459965e-04,
       1.26368995e-03, 8.42459965e-04, 2.10614991e-03, 5.47598954e-03,
       8.42459965e-04, 8.42459965e-04, 8.42459965e-04, 2.94860988e-03,
       0., 1.26368995e-03, 0., 1.68491993e-03, 4.21229983e-04,
       4.21229983e-04, 0., 4.21229983e-04, 4.21229983e-04, 0.,
       4.21229983e-04, 1.26368995e-03, 2.10614991e-03, 8.42459965e-04,
       1.26368995e-03, 2.52737990e-03, 8.42459965e-04, 1.26368995e-03,
       2.52737990e-03, 8.42459965e-04, 1.26368995e-03, 2.94860988e-03,
       8.42459965e-04, 5.05475979e-03, 1.26368995e-03, 8.42459965e-04,
       1.26368995e-03, 8.42459965e-04, 4.21229983e-04, 4.21229983e-04,
       8.42459965e-04, 4.21229983e-04, 4.21229983e-04, 8.42459965e-04,
       1.68491993e-03, 0., 4.63353004e-03, 4.21229983e-04,
       1.26368995e-03, 1.26368995e-03, 4.21229983e-04, 8.42459965e-04,
       4.21229983e-04, 4.21229983e-04, 2.10614991e-03, 8.42459965e-04,
       0., 4.21229983e-04, 1.26368995e-03, 0., 2.10614991e-03,
       1.68491993e-03, 1.26368995e-03, 4.21229983e-04, 1.26368995e-03,
       4.21229983e-04, 1.68491993e-03, 1.26368995e-03, 8.42459965e-04,
       1.26368995e-03, 2.10614991e-03, 1.26368995e-03, 4.21229983e-04,
       2.94860988e-03, 0., 4.21229983e-04, 4.21229983e-04, 0.,
       1.68491993e-03, 4.21229983e-04, 4.21229983e-04, 0., 0.,
       1.68491993e-03, 4.21229983e-04, 8.42459965e-04, 4.21229983e-04,
       4.21229983e-04, 1.26368995e-03, 4.21229983e-04, 1.68491993e-03,
       4.21229983e-04, 4.21229983e-04, 1.26368995e-03, 4.21229983e-04,
       1.68491993e-03, 8.42459965e-04, 8.42459965e-04, 3.79106984e-03,
       8.42459965e-04, 8.42459965e-04, 8.42459965e-04, 0.,
       1.68491993e-03, 3.79106984e-03, 3.36983986e-03, 2.94860988e-03,
       3.36983986e-03, 1.68491993e-03, 2.10614991e-03, 2.10614991e-03,
       1.68491993e-03, 4.21229983e-04, 1.26368995e-03, 1.26368995e-03,
       4.21229983e-04, 8.42459965e-04, 1.26368995e-03, 8.42459965e-04,
       4.21229983e-04, 8.42459965e-04, 8.42459965e-04, 4.21229983e-04,
       4.21229983e-04, 2.52737990e-03, 5.05475979e-03, 4.21229983e-04,
