%YAML:1.0
m10n: !!opencv-matrix
   rows: 1
   cols: 800
   dt: f
   data: [ 4.07497952e-04, 4.07497952e-04, 1.22249383e-03,
       2.44498765e-03, 3.25998361e-03, 4.07497952e-04, 4.48247744e-03,
       0., 8.14995903e-04, 8.14995903e-04, 2.03748979e-03,
       8.14995903e-04, 1.22249383e-03, 2.03748979e-03, 1.22249383e-03,
       0., 3.25998361e-03, 8.14995903e-04, 1.62999181e-03,
       2.44498765e-03, 1.62999181e-03, 8.14995903e-04, 1.22249383e-03,
       4.07497952e-04, 0., 4.07497952e-04, 2.03748979e-03,
       6.92746509e-03, 3.25998361e-03, 8.14995903e-04, 1.22249383e-03,
       2.85248575e-03, 4.07497952e-04, 8.14995903e-04, 0., 0.,
       4.07497952e-04, 8.14995903e-04, 2.85248575e-03, 8.14995903e-04,
       3.25998361e-03, 1.62999181e-03, 0., 8.14995903e-04,
       1.22249383e-03, 4.07497952e-04, 1.62999181e-03, 1.22249383e-03,
       4.07497952e-04, 0., 4.07497952e-04, 2.85248575e-03,
       8.14995903e-04, 1.62999181e-03, 1.62999181e-03, 1.62999181e-03,
       4.07497952e-04, 3.25998361e-03, 8.14995903e-04, 1.62999181e-03,
       1.62999181e-03, 1.22249383e-03, 1.22249383e-03, 3.66748148e-03,
       2.85248575e-03, 8.14995903e-04, 8.14995903e-04, 4.07497952e-04,
       9.77995060e-03, 4.07497952e-04, 1.62999181e-03, 1.22249383e-03,
       4.07497952e-04, 3.25998361e-03, 1.62999181e-03, 2.44498765e-03,
       1.22249383e-03, 8.14995903e-04, 3.25998361e-03, 8.14995903e-04,
       0., 4.07497952e-04, 1.22249383e-03, 8.14995903e-04,
       1.62999181e-03, 0., 1.22249383e-03, 4.48247744e-03,
       1.62999181e-03, 2.44498765e-03, 1.62999181e-03, 4.07497952e-04,
       4.07497952e-04, 4.07497952e-04, 2.03748979e-03, 0.,
       8.14995903e-04, 4.07497952e-04, 4.07497952e-04, 1.22249383e-03,
       8.14995903e-04, 1.22249383e-03, 1.62999181e-03, 8.14995903e-04,
       1.62999181e-03, 2.85248575e-03, 2.03748979e-03, 4.07497952e-04,
       2.44498765e-03, 1.22249383e-03, 1.22249383e-03, 2.44498765e-03,
       4.07497952e-04, 8.14995903e-04, 1.22249383e-03, 4.07497952e-04,
       0., 8.14995903e-04, 4.07497952e-04, 8.14995903e-04,
       8.14995903e-04, 1.22249383e-03, 0., 2.03748979e-03,
       8.14995903e-04, 0., 4.07497952e-04, 1.62999181e-03,
       2.44498765e-03, 2.44498765e-03, 1.62999181e-03, 3.25998361e-03,
       8.14995903e-04, 2.85248575e-03, 2.44498765e-03, 4.07497952e-04,
       8.14995903e-04, 2.03748979e-03, 0., 1.22249383e-03,
       1.62999181e-03, 8.14995903e-04, 1.62999181e-03, 1.22249383e-03,
       4.07497952e-04, 4.07497952e-04, 1.22249383e-03, 8.14995903e-04,
       0., 4.07497952e-04, 8.14995903e-04, 0., 1.22249383e-03,
       4.07497952e-04, 8.14995903e-04, 0., 8.14995903e-04,
       4.07497952e-04, 1.22249383e-03, 2.03748979e-03, 4.07497952e-04,
       4.07497952e-04, 3.66748148e-03, 4.07497952e-04, 4.07497952e-04,
       4.07497952e-04, 8.14995903e-04, 3.66748148e-03, 8.14995903e-04,
       4.07497952e-04, 1.62999181e-03, 1.22249383e-03, 2.03748979e-03,
       1.22249383e-03, 0., 4.07497952e-04, 2.85248575e-03,
       8.14995903e-04, 2.03748979e-03, 0., 1.22249383e-03,
       8.14995903e-04, 4.07497952e-04, 1.62999181e-03, 2.03748979e-03,
       8.14995903e-04, 0., 2.44498765e-03, 0., 1.62999181e-03,
       4.88997530e-03, 8.14995903e-04, 3.25998361e-03, 4.07497952e-04,
       2.03748979e-03, 4.07497952e-04, 1.62999181e-03, 3.25998361e-03,
       4.07497952e-04, 3.66748148e-03, 5.29747317e-03, 1.22249383e-03,
       8.14995903e-04, 1.22249383e-03, 0., 1.22249383e-03,
       4.07497952e-04, 2.85248575e-03, 8.14995903e-04, 8.14995903e-04,
       1.22249383e-03, 2.85248575e-03, 0., 2.03748979e-03,
       8.14995903e-04, 4.07497952e-04, 1.22249383e-03, 2.44498765e-03,
       8.14995903e-04, 2.03748979e-03, 2.44498765e-03, 5.70497150e-03,
       1.62999181e-03, 4.07497952e-04, 8.14995903e-04, 2.03748979e-03,
       2.03748979e-03, 1.22249383e-03, 1.22249383e-03, 8.14995903e-04,
       0., 2.03748979e-03, 8.14995903e-04, 8.14995903e-04,
       5.70497150e-03, 4.07497952e-04, 3.25998361e-03, 1.22249383e-03,
       1.62999181e-03, 4.88997530e-03, 1.22249383e-03, 4.07497952e-04,
       1.62999181e-03, 2.03748979e-03, 0., 2.44498765e-03,
       4.88997530e-03, 3.25998361e-03, 8.14995903e-04, 2.03748979e-03,
       1.62999181e-03, 3.66748148e-03, 8.14995903e-04, 1.22249383e-03,
       1.22249383e-03, 4.07497952e-04, 2.44498765e-03, 2.44498765e-03,
       2.03748979e-03, 3.25998361e-03, 8.14995903e-04, 2.03748979e-03,
       8.14995903e-04, 8.14995903e-04, 1.62999181e-03, 4.07497952e-04,
       4.07497952e-04, 0., 0., 0., 2.44498765e-03, 0., 8.14995903e-04,
       1.22249383e-03, 4.07497952e-04, 0., 0., 2.44498765e-03,
       1.22249383e-03, 3.25998361e-03, 4.07497952e-04, 0.,
       1.62999181e-03, 1.22249383e-03, 1.62999181e-03, 4.07497952e-04,
       1.22249383e-03, 2.44498765e-03, 1.62999181e-03, 3.25998361e-03,
       4.07497952e-04, 3.66748148e-03, 0., 2.44498765e-03,
       2.44498765e-03, 8.14995903e-04, 0., 4.07497952e-04,
       4.07497952e-04, 0., 2.03748979e-03, 8.14995903e-04,
       4.07497952e-04, 2.44498765e-03, 4.07497952e-04, 8.14995903e-04,
       2.44498765e-03, 0., 8.14995903e-04, 1.62999181e-03,
       8.14995903e-04, 1.62999181e-03, 3.25998361e-03, 1.22249383e-03,
       1.22249383e-03, 2.44498765e-03, 2.44498765e-03, 1.22249383e-03,
       0., 0., 1.22249383e-03, 2.03748979e-03, 4.07497952e-04,
       4.07497952e-04, 8.14995903e-04, 2.44498765e-03, 1.22249383e-03,
       2.44498765e-03, 2.44498765e-03, 1.62999181e-03, 1.22249383e-03,
       8.14995903e-04, 1.22249383e-03, 0., 2.03748979e-03,
       4.07497957e-03, 4.07497952e-04, 4.88997530e-03, 1.62999181e-03,
       1.62999181e-03, 0., 2.44498765e-03, 2.44498765e-03,
       2.03748979e-03, 8.14995903e-04, 4.07497952e-04, 1.22249383e-03,
       0., 0., 8.14995903e-04, 1.62999181e-03, 8.14995903e-04, 0.,
       1.22249383e-03, 0., 8.14995903e-04, 1.22249383e-03,
       4.07497952e-04, 3.25998361e-03, 2.44498765e-03, 4.07497952e-04,
       8.14995903e-04, 1.62999181e-03, 4.07497952e-04, 0.,
       8.14995903e-04, 2.85248575e-03, 2.03748979e-03, 8.14995903e-04,
       0., 2.85248575e-03, 6.11246936e-03, 0., 8.14995903e-04,
       1.22249383e-03, 8.14995903e-04, 1.62999181e-03, 1.62999181e-03,
       0., 1.22249383e-03, 2.44498765e-03, 1.22249383e-03,
       4.07497952e-04, 8.14995903e-04, 1.62999181e-03, 8.14995903e-04,
       4.07497952e-04, 2.44498765e-03, 8.14995903e-04, 8.14995903e-04,
       0., 4.07497952e-04, 0., 1.22249383e-03, 8.14995903e-04,
       2.44498765e-03, 2.03748979e-03, 1.22249383e-03, 4.07497952e-04,
       1.22249383e-03, 0., 2.85248575e-03, 4.07497952e-04,
       3.66748148e-03, 4.07497952e-04, 8.14995903e-04, 4.07497952e-04,
       8.14995903e-04, 3.66748148e-03, 0., 1.22249383e-03, 0.,
       1.62999181e-03, 2.85248575e-03, 0., 8.14995903e-04,
       2.85248575e-03, 2.03748979e-03, 4.07497952e-04, 1.22249383e-03,
       2.03748979e-03, 8.14995903e-04, 3.25998361e-03, 4.07497952e-04,
       4.07497952e-04, 8.14995903e-04, 4.07497952e-04, 8.14995903e-04,
       0., 4.07497952e-04, 1.22249383e-03, 4.07497952e-04,
       6.11246936e-03, 1.22249383e-03, 8.14995903e-04, 2.44498765e-03,
       1.62999181e-03, 0., 2.85248575e-03, 8.14995903e-04,
       8.14995903e-04, 1.62999181e-03, 4.07497952e-04, 1.22249383e-03,
       4.07497952e-04, 0., 0., 1.22249383e-03, 8.14995903e-04,
       4.07497952e-04, 2.03748979e-03, 4.07497952e-04, 8.14995903e-04,
       2.85248575e-03, 2.03748979e-03, 4.07497952e-04, 2.03748979e-03,
       1.62999181e-03, 4.07497957e-03, 1.62999181e-03, 0., 0., 0.,
       1.22249383e-03, 1.62999181e-03, 2.03748979e-03, 1.62999181e-03,
       4.07497952e-04, 1.62999181e-03, 8.14995903e-04, 0., 0.,
       2.03748979e-03, 1.62999181e-03, 8.14995903e-04, 0.,
       1.22249383e-03, 0., 0., 4.88997530e-03, 1.62999181e-03,
       8.14995903e-04, 1.62999181e-03, 8.14995903e-04, 1.62999181e-03,
       0., 2.03748979e-03, 4.07497952e-04, 0., 2.03748979e-03,
       3.66748148e-03, 4.07497952e-04, 0., 0., 0., 5.70497150e-03,
