%YAML:1.0
m10n: !!opencv-matrix
   rows: 1
   cols: 800
   dt: f
   data: [ 1.93573360e-03, 3.87146720e-04, 3.87146720e-04,
       1.16144016e-03, 2.32288032e-03, 3.87146720e-04, 2.32288032e-03,
       0., 7.74293439e-04, 1.16144016e-03, 6.19434752e-03,
       1.54858688e-03, 3.87146720e-03, 5.80720091e-03, 3.87146720e-04,
       7.74293439e-04, 3.48432036e-03, 3.48432036e-03, 3.87146720e-04,
       7.74293439e-04, 7.74293439e-04, 2.71002715e-03, 7.74293439e-04,
       0., 1.54858688e-03, 3.87146720e-04, 7.74293439e-04,
       7.74293439e-03, 0., 0., 3.87146720e-04, 0., 3.87146720e-04,
       7.74293439e-04, 7.74293439e-04, 1.54858688e-03, 7.74293439e-04,
       0., 4.64576064e-03, 3.87146720e-04, 2.71002715e-03,
       1.54858688e-03, 0., 1.16144016e-03, 3.87146720e-04,
       1.93573360e-03, 3.87146720e-04, 3.87146720e-04, 7.74293439e-04,
       0., 7.74293439e-04, 1.54858688e-03, 1.54858688e-03,
       3.87146720e-04, 1.16144016e-03, 3.48432036e-03, 3.87146720e-04,
       3.87146720e-04, 1.16144016e-03, 0., 1.16144016e-03, 0.,
       3.87146720e-04, 2.71002715e-03, 3.87146720e-03, 7.74293439e-04,
       0., 2.32288032e-03, 3.87146720e-04, 0., 3.09717376e-03,
       1.54858688e-03, 3.87146720e-04, 1.54858688e-03, 1.16144016e-03,
       1.93573360e-03, 7.74293439e-04, 7.74293439e-04, 4.64576064e-03,
       1.54858688e-03, 3.87146720e-04, 7.74293439e-04, 7.74293439e-04,
       1.16144016e-03, 1.16144016e-03, 1.54858688e-03, 3.87146720e-04,
       5.80720091e-03, 4.64576064e-03, 3.48432036e-03, 1.16144016e-03,
       1.16144016e-03, 7.74293439e-04, 0., 2.32288032e-03, 0.,
       1.16144016e-03, 3.09717376e-03, 3.87146720e-04, 7.74293439e-04,
       7.74293439e-04, 3.87146720e-04, 4.64576064e-03, 0.,
       7.74293439e-04, 2.32288032e-03, 1.16144016e-03, 1.16144016e-03,
       1.16144016e-03, 7.74293439e-04, 2.32288032e-03, 3.87146720e-03,
       0., 0., 2.32288032e-03, 3.87146720e-04, 0., 7.74293439e-04,
       7.74293439e-04, 3.87146720e-04, 2.32288032e-03, 1.16144016e-03,
       0., 5.42005431e-03, 3.87146720e-04, 3.09717376e-03,
       7.74293439e-04, 7.74293439e-04, 3.48432036e-03, 0.,
       7.74293439e-04, 7.74293439e-04, 1.93573360e-03, 0.,
       1.93573360e-03, 3.87146720e-04, 2.32288032e-03, 3.87146720e-04,
       1.16144016e-03, 3.87146720e-04, 4.25861403e-03, 1.93573360e-03,
       3.87146720e-04, 0., 3.87146720e-04, 1.16144016e-03,
       1.16144016e-03, 7.74293439e-04, 3.87146720e-04, 1.93573360e-03,
       1.93573360e-03, 0., 1.54858688e-03, 3.87146720e-04,
       3.87146720e-04, 0., 0., 1.54858688e-03, 0., 1.93573360e-03,
       3.87146720e-04, 7.74293439e-04, 1.54858688e-03, 7.74293439e-04,
       7.74293439e-04, 0., 1.16144016e-03, 2.32288032e-03,
       3.87146720e-04, 3.87146720e-04, 1.16144016e-03, 0.,
       1.93573360e-03, 3.87146720e-04, 3.87146720e-04, 0.,
       2.32288032e-03, 3.87146720e-04, 3.87146720e-04, 1.54858688e-03,
       1.54858688e-03, 3.48432036e-03, 7.74293439e-04, 1.16144016e-03,
       1.54858688e-03, 1.54858688e-03, 0., 2.71002715e-03, 0.,
       4.25861403e-03, 3.87146720e-04, 1.16144016e-03, 1.16144016e-03,
       0., 7.74293439e-04, 3.87146720e-04, 2.71002715e-03,
       2.32288032e-03, 7.74293439e-04, 0., 3.87146720e-03,
       2.71002715e-03, 5.03290724e-03, 1.93573360e-03, 0.,
       2.32288032e-03, 1.16144016e-03, 1.16144016e-03, 3.87146720e-04,
       1.54858688e-03, 2.32288032e-03, 4.64576064e-03, 0.,
       4.64576064e-03, 7.74293439e-04, 7.74293439e-04, 1.54858688e-03,
       3.48432036e-03, 0., 3.87146720e-04, 1.16144016e-03,
       3.87146720e-04, 2.71002715e-03, 3.87146720e-04, 3.87146720e-04,
       3.48432036e-03, 1.93573360e-03, 1.93573360e-03, 2.71002715e-03,
       2.71002715e-03, 3.87146720e-04, 4.64576064e-03, 1.16144016e-03,
       3.87146720e-04, 7.74293439e-04, 0., 1.54858688e-03,
       1.54858688e-03, 1.16144016e-03, 3.87146720e-04, 3.09717376e-03,
       1.16144016e-03, 2.32288032e-03, 3.87146720e-04, 3.87146720e-04,
       2.32288032e-03, 6.58149412e-03, 1.16144016e-03, 0.,
       5.80720091e-03, 3.09717376e-03, 1.16144016e-03, 1.54858688e-03,
       1.16144016e-03, 1.54858688e-03, 0., 2.71002715e-03,
       3.09717376e-03, 3.09717376e-03, 3.48432036e-03, 1.16144016e-03,
       1.16144016e-03, 3.87146720e-04, 7.74293439e-04, 1.93573360e-03,
       7.74293439e-04, 1.16144016e-03, 3.87146720e-04, 0.,
       3.09717376e-03, 1.93573360e-03, 3.87146720e-04, 3.87146720e-04,
       3.87146720e-04, 1.54858688e-03, 7.74293439e-04, 0.,
       1.93573360e-03, 1.16144016e-03, 1.54858688e-03, 7.74293439e-04,
       0., 3.48432036e-03, 1.93573360e-03, 7.74293439e-04, 0.,
       3.87146720e-04, 1.16144016e-03, 1.93573360e-03, 7.74293439e-04,
       3.87146720e-03, 5.03290724e-03, 0., 1.16144016e-03,
       1.54858688e-03, 3.87146720e-04, 0., 1.16144016e-03,
       3.87146720e-04, 3.87146720e-04, 1.16144016e-03, 1.93573360e-03,
       2.71002715e-03, 0., 1.54858688e-03, 0., 1.54858688e-03,
       7.74293439e-04, 1.16144016e-03, 1.93573360e-03, 7.74293439e-04,
       0., 3.48432036e-03, 3.87146720e-04, 1.54858688e-03, 0.,
       3.87146720e-04, 2.71002715e-03, 0., 3.87146720e-04,
       2.71002715e-03, 2.71002715e-03, 2.32288032e-03, 7.74293439e-04,
       3.48432036e-03, 0., 1.16144016e-03, 3.87146720e-04,
       3.87146720e-04, 4.25861403e-03, 1.93573360e-03, 0.,
       1.16144016e-03, 3.87146720e-04, 3.87146720e-04, 1.93573360e-03,
       1.93573360e-03, 1.54858688e-03, 2.32288032e-03, 1.54858688e-03,
       1.16144016e-03, 7.74293439e-04, 7.74293439e-04, 3.09717376e-03,
       2.71002715e-03, 2.71002715e-03, 3.87146720e-04, 0.,
       1.16144016e-03, 2.71002715e-03, 1.16144016e-03, 1.54858688e-03,
       0., 2.32288032e-03, 0., 3.87146720e-04, 3.09717376e-03,
       1.16144016e-03, 3.87146720e-03, 1.16144016e-03, 7.74293439e-04,
       5.03290724e-03, 3.87146720e-04, 3.87146720e-04, 0.,
       3.87146720e-04, 1.54858688e-03, 7.74293439e-04, 3.87146720e-04,
       0., 1.93573360e-03, 1.54858688e-03, 0., 7.74293439e-04, 0.,
       7.74293439e-04, 1.16144016e-03, 3.87146720e-04, 3.87146720e-04,
       1.16144016e-03, 2.32288032e-03, 1.16144016e-03, 1.54858688e-03,
       1.16144016e-03, 7.74293439e-04, 1.16144016e-03, 2.32288032e-03,
       3.87146720e-04, 4.64576064e-03, 2.71002715e-03, 3.87146720e-04,
       3.87146720e-04, 3.87146720e-04, 0., 1.16144016e-03,
       1.54858688e-03, 0., 3.87146720e-04, 0., 1.54858688e-03, 0.,
       7.35578779e-03, 3.87146720e-04, 1.16144016e-03, 3.87146720e-04,
       7.74293439e-04, 3.87146720e-04, 1.16144016e-03, 7.74293439e-04,
       0., 3.87146720e-04, 3.87146720e-04, 1.16144016e-03,
       3.09717376e-03, 0., 1.16144016e-03, 1.16144016e-03,
       3.87146720e-04, 3.87146720e-04, 3.87146720e-04, 7.74293439e-04,
       1.54858688e-03, 1.93573360e-03, 0., 7.74293439e-04,
       7.74293439e-04, 7.74293439e-04, 3.87146720e-04, 0.,
       1.16144016e-03, 3.87146720e-04, 1.54858688e-03, 3.48432036e-03,
       0., 3.87146720e-04, 2.32288032e-03, 7.74293439e-04, 0.,
       7.74293439e-04, 7.74293439e-04, 1.16144016e-03, 1.16144016e-03,
       3.87146720e-04, 3.87146720e-04, 3.87146720e-04, 0., 0.,
       2.71002715e-03, 1.54858688e-03, 3.48432036e-03, 1.93573360e-03,
       0., 0., 1.16144016e-03, 1.16144016e-03, 3.87146720e-04,
       1.16144016e-03, 7.74293439e-04, 2.71002715e-03, 2.32288032e-03,
       0., 0., 3.87146720e-04, 1.54858688e-03, 1.16144016e-03,
       2.32288032e-03, 0., 3.87146720e-04, 1.16144016e-03,
       3.87146720e-04, 0., 3.87146720e-04, 3.48432036e-03,
       2.71002715e-03, 0., 7.74293439e-04, 2.32288032e-03,
       1.16144016e-03, 1.16144016e-03, 1.54858688e-03, 3.87146720e-04,
       0., 1.93573360e-03, 0., 0., 0., 7.74293439e-04, 0.,
       3.87146720e-04, 7.74293439e-04, 3.87146720e-04, 1.16144016e-03,
       3.87146720e-04, 3.87146720e-04, 7.74293439e-04, 3.09717376e-03,
       1.93573360e-03, 1.16144016e-03, 3.87146720e-04, 1.16144016e-03,
       1.54858688e-03, 0., 3.87146720e-04, 3.87146720e-04,
