%YAML:1.0
m10n: !!opencv-matrix
   rows: 1
   cols: 800
   dt: f
   data: [ 1.29757787e-03, 2.59515573e-03, 4.32525965e-04, 0.,
       1.73010386e-03, 4.32525965e-04, 8.65051930e-04, 0.,
       4.32525965e-04, 5.19031147e-03, 4.32525965e-04, 2.16262974e-03,
       1.29757787e-03, 2.16262974e-03, 1.73010386e-03, 4.32525965e-04,
       2.16262974e-03, 1.73010386e-03, 8.65051930e-04, 0.,
       6.48788968e-03, 0., 8.65051930e-04, 8.65051930e-04,
       6.05536345e-03, 4.32525965e-04, 8.65051930e-04, 3.89273372e-03,
       5.19031147e-03, 2.59515573e-03, 8.65051930e-04, 1.29757787e-03,
       4.32525965e-04, 8.65051930e-04, 0., 3.89273372e-03,
       4.32525965e-04, 1.29757787e-03, 1.29757787e-03, 4.32525965e-04,
       1.29757787e-03, 1.29757787e-03, 3.46020772e-03, 8.65051930e-04,
       1.29757787e-03, 2.16262974e-03, 0., 0., 8.65051930e-04,
       4.32525965e-04, 4.32525965e-04, 1.29757787e-03, 1.29757787e-03,
       4.32525965e-04, 2.59515573e-03, 4.32525965e-04, 4.32525965e-04,
       1.29757787e-03, 3.46020772e-03, 1.29757787e-03, 0.,
       1.29757787e-03, 4.32525965e-04, 1.73010386e-03, 3.46020772e-03,
       4.32525965e-04, 4.32525965e-04, 2.16262974e-03, 4.32525965e-04,
       0., 4.32525965e-04, 4.32525965e-04, 0., 8.65051930e-04,
       1.29757787e-03, 4.32525965e-04, 8.65051930e-04, 0.,
       2.16262974e-03, 1.29757787e-03, 0., 0., 4.32525965e-04,
       2.16262974e-03, 1.73010386e-03, 3.89273372e-03, 1.73010386e-03,
       2.59515573e-03, 8.65051930e-04, 8.65051930e-04, 1.73010386e-03,
       0., 8.65051930e-04, 0., 0., 0., 1.73010386e-03, 1.73010386e-03,
       4.32525965e-04, 4.32525965e-04, 0., 1.29757787e-03, 0.,
       3.46020772e-03, 4.32525965e-04, 1.29757787e-03, 2.16262974e-03,
       4.32525965e-04, 1.29757787e-03, 4.32525965e-04, 1.73010386e-03,
       1.29757787e-03, 3.46020772e-03, 8.65051930e-04, 2.59515573e-03,
       4.32525965e-04, 1.73010386e-03, 1.73010386e-03, 0., 0.,
       4.32525965e-04, 0., 3.46020772e-03, 4.75778570e-03,
       4.32525965e-04, 0., 1.29757787e-03, 8.65051930e-04,
       4.32525965e-04, 1.29757787e-03, 0., 3.02768173e-03,
       3.02768173e-03, 1.73010386e-03, 2.16262974e-03, 0.,
       4.32525965e-04, 0., 4.32525965e-04, 3.89273372e-03,
       4.32525965e-04, 2.16262974e-03, 1.73010386e-03, 2.16262974e-03,
       8.65051930e-04, 1.29757787e-03, 2.16262974e-03, 1.73010386e-03,
       4.32525965e-04, 4.32525965e-04, 3.02768173e-03, 4.32525965e-04,
       0., 1.29757787e-03, 4.32525965e-04, 0., 0., 1.73010386e-03,
       1.29757787e-03, 1.73010386e-03, 0., 8.65051930e-04,
       4.32525965e-04, 4.32525965e-04, 0., 0., 3.02768173e-03,
       1.29757787e-03, 1.29757787e-03, 0., 4.32525965e-04,
       1.38408309e-02, 1.73010386e-03, 1.29757787e-03, 4.32525965e-04,
       4.32525965e-04, 1.29757787e-03, 6.05536345e-03, 8.65051930e-04,
       8.65051930e-04, 2.16262974e-03, 4.75778570e-03, 4.32525965e-04,
       4.32525965e-04, 4.32525965e-04, 8.65051930e-04, 3.46020772e-03,
       4.32525965e-04, 0., 4.32525965e-04, 1.29757787e-03,
       8.65051930e-04, 4.32525965e-04, 0., 0., 1.73010386e-03, 0.,
       1.73010386e-03, 4.32525965e-04, 0., 1.73010386e-03,
       1.29757787e-03, 0., 3.02768173e-03, 0., 0., 6.05536345e-03,
       7.35294120e-03, 4.32525965e-04, 1.29757787e-03, 8.65051930e-04,
       0., 0., 8.65051930e-04, 0., 4.32525965e-04, 2.59515573e-03, 0.,
       2.16262974e-03, 8.65051930e-04, 1.29757787e-03, 3.89273372e-03,
       1.29757787e-03, 8.65051930e-04, 8.65051930e-04, 8.65051930e-04,
       3.46020772e-03, 8.65051930e-04, 1.29757787e-03, 4.32525948e-03,
       1.73010386e-03, 1.73010386e-03, 0., 2.16262974e-03,
       2.59515573e-03, 0., 8.65051930e-04, 2.16262974e-03,
       4.32525965e-04, 4.75778570e-03, 0., 5.62283769e-03,
       8.65051930e-04, 8.65051930e-04, 3.02768173e-03, 1.29757787e-03,
       1.73010386e-03, 8.65051930e-04, 8.65051930e-04, 1.29757787e-03,
       6.48788968e-03, 4.32525965e-04, 0., 2.16262974e-03, 0.,
       4.32525965e-04, 1.73010386e-03, 6.92041544e-03, 1.29757787e-03,
       8.65051930e-04, 8.65051930e-04, 4.32525965e-04, 8.65051930e-04,
       4.32525965e-04, 4.32525965e-04, 8.65051930e-04, 0.,
       5.62283769e-03, 4.32525965e-04, 8.65051930e-04, 1.29757787e-03,
       8.65051930e-04, 4.32525965e-04, 4.32525965e-04, 1.29757787e-03,
       8.65051930e-04, 0., 8.65051930e-04, 8.65051930e-04,
       1.29757787e-03, 1.29757787e-03, 7.35294120e-03, 0.,
       1.29757787e-03, 1.73010386e-03, 3.02768173e-03, 4.75778570e-03,
       1.73010386e-03, 4.32525965e-04, 3.46020772e-03, 4.32525965e-04,
       2.16262974e-03, 4.32525965e-04, 2.16262974e-03, 2.16262974e-03,
       4.32525965e-04, 4.32525948e-03, 1.73010386e-03, 8.65051930e-04,
       1.29757787e-03, 8.65051930e-04, 2.16262974e-03, 2.59515573e-03,
       2.59515573e-03, 8.65051930e-04, 0., 2.16262974e-03,
       4.32525965e-04, 8.65051930e-04, 0., 2.16262974e-03,
       2.16262974e-03, 8.65051930e-04, 0., 4.75778570e-03,
       7.78546743e-03, 1.29757787e-03, 1.29757787e-03, 4.32525965e-04,
       1.29757787e-03, 1.29757787e-03, 8.65051930e-04, 4.32525965e-04,
       0., 0., 1.29757787e-03, 4.32525965e-04, 4.32525965e-04,
       4.32525965e-04, 4.32525965e-04, 2.16262974e-03, 0.,
       4.32525965e-04, 1.73010386e-03, 8.65051930e-04, 1.29757787e-03,
       3.89273372e-03, 8.65051930e-04, 4.32525965e-04, 1.29757787e-03,
       4.32525965e-04, 4.32525965e-04, 1.29757787e-03, 0.,
       3.46020772e-03, 8.65051930e-04, 4.32525948e-03, 8.65051930e-04,
       3.02768173e-03, 0., 0., 4.32525965e-04, 0., 1.73010386e-03,
       4.32525965e-04, 4.32525965e-04, 1.73010386e-03, 4.32525965e-04,
       8.65051930e-04, 1.29757787e-03, 4.32525965e-04, 1.29757787e-03,
       3.02768173e-03, 4.32525965e-04, 3.89273372e-03, 3.02768173e-03,
       1.29757787e-03, 3.02768173e-03, 0., 8.65051930e-04,
       1.29757787e-03, 1.73010386e-03, 0., 2.16262974e-03,
       1.29757787e-03, 4.32525965e-04, 1.73010386e-03, 4.32525965e-04,
       4.32525965e-04, 0., 3.02768173e-03, 4.32525965e-04,
       1.29757787e-03, 1.29757787e-03, 0., 4.32525965e-04, 0.,
       8.65051930e-04, 8.65051930e-04, 4.32525965e-04, 3.02768173e-03,
       4.32525965e-04, 0., 1.29757787e-03, 8.65051930e-04,
       8.65051930e-04, 8.65051930e-04, 8.65051930e-04, 3.02768173e-03,
       4.32525965e-04, 2.16262974e-03, 8.65051930e-04, 0., 0.,
       1.29757787e-03, 8.65051930e-04, 0., 1.29757787e-03,
       1.73010386e-03, 8.65051930e-04, 4.32525965e-04, 2.59515573e-03,
       4.32525965e-04, 2.16262974e-03, 0., 1.29757787e-03,
       8.65051930e-04, 4.32525965e-04, 3.02768173e-03, 0.,
       1.29757787e-03, 4.32525965e-04, 4.32525965e-04, 4.32525965e-04,
       2.59515573e-03, 1.73010386e-03, 8.65051930e-04, 4.32525965e-04,
       4.32525965e-04, 1.73010386e-03, 8.65051930e-04, 1.29757787e-03,
       8.65051930e-04, 4.32525965e-04, 4.32525965e-04, 2.16262974e-03,
       4.32525965e-04, 4.32525965e-04, 8.65051930e-04, 4.32525965e-04,
       4.32525965e-04, 8.65051930e-04, 0., 2.16262974e-03,
       4.32525965e-04, 2.16262974e-03, 0., 4.32525965e-04,
       1.29757787e-03, 1.73010386e-03, 0., 0., 8.65051930e-04,
       8.65051930e-04, 0., 0., 4.75778570e-03, 1.73010386e-03,
       8.65051930e-04, 8.65051930e-04, 8.65051930e-04, 1.29757787e-03,
       3.89273372e-03, 2.16262974e-03, 1.29757787e-03, 2.16262974e-03,
       1.29757787e-03, 4.32525965e-04, 4.32525965e-04, 3.02768173e-03,
       3.89273372e-03, 5.19031147e-03, 1.29757787e-03, 1.73010386e-03,
       4.32525965e-04, 4.32525965e-04, 8.65051930e-04, 0.,
       1.73010386e-03, 8.65051930e-04, 2.16262974e-03, 4.32525965e-04,
       0., 8.65051930e-04, 4.32525965e-04, 0., 0., 2.16262974e-03,
       4.32525965e-04, 4.32525965e-04, 1.73010386e-03, 4.32525965e-04,
       4.32525965e-04, 1.29757787e-03, 4.32525965e-04, 4.32525965e-04,
       1.29757787e-03, 2.16262974e-03, 3.02768173e-03, 0.,
       3.02768173e-03, 0., 4.32525948e-03, 4.32525965e-04,
       8.65051930e-04, 1.29757787e-03, 8.65051930e-04, 0., 0.,
