%YAML:1.0
m10n: !!opencv-matrix
   rows: 1
   cols: 800
   dt: f
   data: [ 0., 3.29411775e-03, 9.41176491e-04, 4.70588246e-04,
       9.41176491e-04, 0., 9.41176491e-04, 9.41176491e-04,
       4.70588246e-04, 4.70588246e-04, 2.35294132e-03, 4.70588246e-04,
       2.35294132e-03, 1.88235298e-03, 9.41176491e-04, 2.35294132e-03,
       4.70588246e-04, 1.41176477e-03, 4.70588246e-04, 0.,
       7.05882348e-03, 1.88235298e-03, 1.41176477e-03, 9.41176491e-04,
       3.76470597e-03, 4.70588246e-04, 1.41176477e-03, 2.35294132e-03,
       4.70588246e-04, 3.76470597e-03, 2.35294132e-03, 9.41176491e-04,
       9.41176491e-04, 9.41176491e-04, 4.70588246e-04, 3.29411775e-03,
       9.41176491e-04, 4.70588246e-04, 4.70588246e-04, 1.88235298e-03,
       3.29411775e-03, 9.41176491e-04, 9.41176491e-04, 4.70588246e-04,
       1.88235298e-03, 1.41176477e-03, 4.70588246e-04, 1.88235298e-03,
       3.76470597e-03, 4.70588246e-04, 4.70588246e-04, 1.88235298e-03,
       9.41176491e-04, 4.70588246e-04, 2.82352953e-03, 4.70588246e-04,
       0., 1.88235298e-03, 0., 0., 1.88235298e-03, 1.88235298e-03, 0.,
       3.76470597e-03, 2.35294132e-03, 9.41176491e-04, 1.41176477e-03,
       4.70588263e-03, 4.70588246e-04, 0., 0., 1.88235298e-03,
       9.41176491e-04, 4.70588246e-04, 4.23529418e-03, 1.88235298e-03,
       9.41176491e-04, 9.41176491e-04, 4.70588246e-04, 1.41176477e-03,
       4.70588246e-04, 0., 9.41176491e-04, 0., 3.76470597e-03,
       6.11764705e-03, 4.70588246e-04, 1.88235298e-03, 1.41176477e-03,
       9.41176491e-04, 9.41176491e-04, 0., 1.41176477e-03,
       4.70588246e-04, 0., 1.88235298e-03, 4.70588246e-04,
       4.70588246e-04, 4.70588246e-04, 1.41176477e-03, 4.70588246e-04,
       9.41176491e-04, 1.41176477e-03, 1.41176477e-03, 9.41176491e-04,
       5.64705906e-03, 1.88235298e-03, 0., 1.41176477e-03,
       4.70588246e-04, 3.76470597e-03, 4.70588246e-04, 4.70588246e-04,
       2.82352953e-03, 1.41176477e-03, 1.88235298e-03, 1.41176477e-03,
       9.41176491e-04, 4.70588246e-04, 9.41176491e-04, 4.70588246e-04,
       4.70588246e-04, 0., 5.64705906e-03, 9.41176491e-04,
       9.41176491e-04, 4.70588246e-04, 0., 3.76470597e-03, 0., 0.,
       3.76470597e-03, 1.41176477e-03, 0., 9.41176491e-04, 0.,
       9.41176491e-04, 2.82352953e-03, 4.70588246e-04, 2.35294132e-03,
       3.76470597e-03, 4.70588246e-04, 9.41176491e-04, 1.41176477e-03,
       9.41176491e-04, 9.41176491e-04, 4.70588246e-04, 1.41176477e-03,
       1.41176477e-03, 0., 9.41176491e-04, 0., 0., 4.70588246e-04,
       9.41176491e-04, 0., 9.41176491e-04, 4.70588246e-04,
       9.41176491e-04, 4.70588246e-04, 0., 9.41176491e-04,
       9.41176491e-04, 0., 1.88235298e-03, 4.70588246e-04,
       1.88235298e-03, 0., 4.70588246e-04, 1.88235298e-03, 0.,
       1.88235298e-03, 9.41176491e-04, 1.41176477e-03, 4.70588246e-04,
       9.41176491e-04, 1.88235298e-03, 1.12941181e-02, 9.41176491e-04,
       2.35294132e-03, 1.88235298e-03, 2.82352953e-03, 9.41176491e-04,
       4.70588246e-04, 9.41176491e-04, 4.70588246e-04, 1.41176477e-03,
       9.41176491e-04, 0., 9.41176491e-04, 0., 1.88235298e-03,
       2.35294132e-03, 0., 9.41176491e-04, 2.35294132e-03,
       4.70588246e-04, 1.88235298e-03, 4.70588246e-04, 4.70588246e-04,
       2.35294132e-03, 4.70588246e-04, 9.41176491e-04, 1.88235298e-03,
       9.41176491e-04, 4.70588246e-04, 1.41176477e-03, 3.29411775e-03,
       9.41176491e-04, 4.70588246e-04, 9.41176491e-04, 9.41176491e-04,
       1.41176477e-03, 3.29411775e-03, 0., 2.35294132e-03,
       4.70588246e-04, 4.70588246e-04, 9.41176491e-04, 0.,
       1.41176477e-03, 1.88235298e-03, 1.41176477e-03, 4.70588246e-04,
       0., 9.41176491e-04, 9.41176491e-04, 0., 4.70588246e-04,
       9.41176491e-04, 9.41176491e-04, 4.70588246e-04, 9.41176491e-04,
       3.76470597e-03, 4.70588246e-04, 0., 0., 9.41176491e-04,
       4.70588246e-04, 6.11764705e-03, 9.41176491e-04, 1.88235298e-03,
       4.70588246e-04, 9.41176491e-04, 5.17647061e-03, 1.88235298e-03,
       4.70588246e-04, 0., 9.41176491e-04, 1.41176477e-03,
       1.88235298e-03, 2.35294132e-03, 4.70588246e-04, 4.70588246e-04,
       0., 9.41176491e-04, 4.70588246e-04, 4.70588263e-03,
       1.88235298e-03, 2.35294132e-03, 9.41176491e-04, 0., 0.,
       1.41176477e-03, 4.70588246e-04, 9.41176491e-04, 0.,
       1.88235298e-03, 4.70588246e-04, 0., 0., 0., 1.88235298e-03,
       9.41176491e-04, 4.70588246e-04, 0., 9.41176491e-04,
       9.41176491e-04, 9.41176491e-04, 1.88235298e-03, 1.88235298e-03,
       9.41176491e-04, 4.70588246e-04, 1.41176477e-03, 1.88235298e-03,
       0., 2.82352953e-03, 2.35294132e-03, 0., 9.41176491e-04,
       4.70588246e-04, 2.82352953e-03, 4.70588246e-04, 1.88235298e-03,
       0., 0., 4.70588246e-04, 9.41176491e-04, 0., 1.41176477e-03, 0.,
       2.35294132e-03, 1.88235298e-03, 1.41176477e-03, 9.41176491e-04,
       1.41176477e-03, 1.41176477e-03, 2.82352953e-03, 2.35294132e-03,
       9.41176491e-04, 2.35294132e-03, 7.52941193e-03, 1.41176477e-03,
       0., 1.41176477e-03, 9.41176491e-04, 4.70588263e-03,
       4.70588246e-04, 0., 9.41176491e-04, 4.70588246e-04,
       2.35294132e-03, 0., 4.70588246e-04, 1.41176477e-03, 0.,
       2.82352953e-03, 4.70588246e-04, 0., 1.41176477e-03,
       1.88235298e-03, 1.88235298e-03, 4.70588246e-04, 1.41176477e-03,
       0., 4.70588246e-04, 1.41176477e-03, 2.82352953e-03,
       1.41176477e-03, 1.88235298e-03, 1.41176477e-03, 1.41176477e-03,
       9.41176491e-04, 9.41176491e-04, 9.41176491e-04, 9.41176491e-04,
       4.23529418e-03, 0., 1.41176477e-03, 0., 0., 4.70588246e-04, 0.,
       1.41176477e-03, 0., 0., 9.41176491e-04, 0., 0., 4.70588246e-04,
       2.35294132e-03, 1.41176477e-03, 1.41176477e-03, 0.,
       2.82352953e-03, 1.88235298e-03, 3.29411775e-03, 1.88235298e-03,
       1.88235298e-03, 4.70588246e-04, 9.41176491e-04, 4.70588246e-04,
       0., 4.70588246e-04, 1.41176477e-03, 9.41176491e-04,
       4.70588246e-04, 4.70588246e-04, 4.70588246e-04, 2.82352953e-03,
       3.29411775e-03, 4.70588246e-04, 1.41176477e-03, 0., 0.,
       1.88235298e-03, 4.70588246e-04, 1.41176477e-03, 1.88235298e-03,
       0., 8.94117635e-03, 1.88235298e-03, 4.23529418e-03,
       1.41176477e-03, 0., 1.41176477e-03, 1.88235298e-03, 0.,
       3.29411775e-03, 9.41176491e-04, 1.41176477e-03, 9.41176491e-04,
       2.35294132e-03, 5.17647061e-03, 4.70588246e-04, 0.,
       4.70588246e-04, 0., 3.29411775e-03, 9.41176491e-04, 0.,
       2.82352953e-03, 9.41176491e-04, 9.41176491e-04, 9.41176491e-04,
       0., 1.88235298e-03, 4.70588246e-04, 4.70588263e-03,
       1.41176477e-03, 0., 0., 9.41176491e-04, 1.88235298e-03,
       4.70588246e-04, 9.41176491e-04, 4.70588246e-04, 0., 0.,
       3.29411775e-03, 4.70588246e-04, 3.29411775e-03, 6.11764705e-03,
       4.70588246e-04, 4.70588246e-04, 4.70588246e-04, 9.41176491e-04,
       0., 1.41176477e-03, 4.70588246e-04, 1.41176477e-03, 0.,
       9.41176491e-04, 4.70588246e-04, 2.35294132e-03, 9.41176491e-04,
       0., 0., 4.70588246e-04, 1.41176477e-03, 0., 4.70588246e-04,
       1.41176477e-03, 4.70588246e-04, 0., 9.41176491e-04,
       1.88235298e-03, 2.35294132e-03, 4.70588246e-04, 9.41176491e-04,
       1.88235298e-03, 4.70588246e-04, 4.70588246e-04, 1.88235298e-03,
       1.88235298e-03, 1.88235298e-03, 2.82352953e-03, 3.76470597e-03,
       0., 1.41176477e-03, 6.58823550e-03, 4.70588246e-04,
       2.35294132e-03, 9.41176491e-04, 1.41176477e-03, 4.70588246e-04,
       0., 4.70588246e-04, 9.41176491e-04, 1.88235298e-03,
       4.70588246e-04, 1.41176477e-03, 0., 9.41176491e-04, 0., 0.,
       1.88235298e-03, 9.41176491e-04, 4.70588246e-04, 4.70588246e-04,
       1.88235298e-03, 0., 0., 9.41176491e-04, 9.41176491e-04,
       2.35294132e-03, 1.41176477e-03, 1.41176477e-03, 4.70588246e-04,
       1.41176477e-03, 1.88235298e-03, 2.35294132e-03, 2.82352953e-03,
       2.35294132e-03, 9.41176491e-04, 2.82352953e-03, 9.41176491e-04,
       0., 9.41176491e-04, 9.41176491e-04, 4.70588246e-04, 0.,
       9.41176491e-04, 0., 4.70588246e-04, 4.70588246e-04,
