%YAML:1.0
m10n: !!opencv-matrix
   rows: 1
   cols: 800
   dt: f
   data: [ 3.37695237e-03, 1.68847619e-03, 2.11059535e-03, 0.,
       4.22119047e-04, 8.44238093e-04, 0., 3.37695237e-03, 0.,
       8.44238093e-04, 4.22119047e-04, 0., 1.26635714e-03,
       3.37695237e-03, 2.53271428e-03, 3.37695237e-03, 0.,
       2.11059535e-03, 0., 1.26635714e-03, 1.68847619e-03,
       4.22119047e-04, 1.26635714e-03, 3.37695237e-03, 2.95483321e-03,
       0., 2.95483321e-03, 1.26635714e-03, 2.11059535e-03, 0.,
       2.11059535e-03, 0., 2.11059535e-03, 8.44238093e-04, 0.,
       1.26635714e-03, 4.22119047e-04, 2.95483321e-03, 4.22119070e-03,
       2.53271428e-03, 1.26635714e-03, 8.44238093e-04, 8.44238093e-04,
       3.37695237e-03, 1.68847619e-03, 4.22119070e-03, 1.26635714e-03,
       8.44238093e-04, 4.22119047e-04, 1.68847619e-03, 2.11059535e-03,
       0., 1.26635714e-03, 4.22119047e-04, 8.44238093e-04,
       1.68847619e-03, 2.95483321e-03, 4.22119047e-04, 0.,
       1.68847619e-03, 1.26635714e-03, 0., 0., 4.22119047e-04,
       8.44238093e-04, 1.26635714e-03, 8.44238093e-04, 3.79907154e-03,
       4.22119047e-04, 4.22119047e-04, 8.44238093e-04, 1.26635714e-03,
       1.30856903e-02, 8.44238093e-04, 8.44238093e-04, 0., 0.,
       1.68847619e-03, 8.44238093e-04, 0., 2.53271428e-03, 0.,
       1.68847619e-03, 2.95483321e-03, 0., 0., 1.26635714e-03,
       4.22119047e-04, 2.53271428e-03, 4.22119047e-04, 2.11059535e-03,
       8.44238093e-04, 0., 2.95483321e-03, 2.53271428e-03,
       1.26635714e-03, 4.22119047e-04, 3.79907154e-03, 3.37695237e-03,
       3.37695237e-03, 8.44238093e-04, 0., 0., 2.11059535e-03,
       1.26635714e-03, 0., 1.68847619e-03, 3.37695237e-03, 0., 0., 0.,
       2.53271428e-03, 0., 0., 4.64330940e-03, 4.22119047e-04,
       8.44238093e-04, 4.22119047e-04, 4.22119047e-04, 2.11059535e-03,
       8.44238093e-04, 3.37695237e-03, 2.11059535e-03, 8.44238093e-04,
       1.26635714e-03, 0., 8.44238093e-04, 8.44238093e-04,
       2.53271428e-03, 1.26635714e-03, 8.44238093e-04, 0.,
       1.68847619e-03, 4.22119047e-04, 4.22119047e-04, 6.33178558e-03,
       0., 4.22119047e-04, 8.44238093e-04, 4.22119047e-04, 0.,
       4.22119047e-04, 4.22119047e-04, 4.22119047e-04, 8.44238093e-04,
       2.53271428e-03, 8.44238093e-04, 2.11059535e-03, 4.22119047e-04,
       0., 8.44238093e-04, 8.44238093e-04, 4.22119047e-04,
       5.90966642e-03, 0., 8.44238093e-04, 4.64330940e-03,
       4.22119047e-04, 0., 2.95483321e-03, 0., 1.26635714e-03,
       4.22119047e-04, 8.44238093e-04, 2.95483321e-03, 4.22119047e-04,
       0., 8.44238093e-04, 2.53271428e-03, 4.22119047e-04,
       1.26635714e-03, 4.22119047e-04, 2.11059535e-03, 1.26635714e-03,
       3.37695237e-03, 4.22119047e-04, 1.26635714e-03, 0.,
       1.68847619e-03, 2.95483321e-03, 4.22119047e-04, 4.22119047e-04,
       0., 2.11059535e-03, 1.26635714e-03, 0., 0., 4.22119047e-04, 0.,
       1.26635714e-03, 4.22119047e-04, 2.53271428e-03, 4.22119047e-04,
       4.22119047e-04, 4.22119047e-04, 1.26635714e-03, 2.53271428e-03,
       0., 0., 5.06542856e-03, 4.22119047e-04, 4.22119070e-03,
       1.26635714e-03, 0., 6.75390474e-03, 6.33178558e-03,
       8.44238093e-04, 8.44238093e-04, 4.22119047e-04, 2.53271428e-03,
       5.48754772e-03, 8.44238093e-04, 4.22119047e-04, 1.68847619e-03,
       8.44238093e-04, 1.26635714e-03, 2.11059535e-03, 2.53271428e-03,
       8.44238093e-04, 4.22119047e-04, 4.22119047e-04, 1.26635714e-03,
       1.26635714e-03, 4.22119047e-04, 8.44238093e-04, 0.,
       3.37695237e-03, 1.26635714e-03, 8.44238093e-04, 0.,
       3.37695237e-03, 6.33178558e-03, 8.44238093e-04, 1.26635714e-03,
       1.26635714e-03, 0., 1.26635714e-03, 4.22119047e-04,
       2.53271428e-03, 0., 2.53271428e-03, 1.68847619e-03,
       3.37695237e-03, 0., 5.48754772e-03, 2.11059535e-03,
       8.44238093e-04, 0., 4.22119047e-04, 0., 1.68847619e-03,
       8.44238093e-04, 8.44238093e-04, 0., 0., 8.44238093e-04, 0.,
       1.68847619e-03, 1.68847619e-03, 1.26635714e-03, 4.22119047e-04,
       2.95483321e-03, 8.44238093e-04, 8.44238093e-04, 1.68847619e-03,
       1.68847619e-03, 0., 1.26635714e-03, 4.22119047e-04,
       2.95483321e-03, 2.53271428e-03, 1.26635714e-03, 1.68847619e-03,
       8.44238093e-04, 8.44238093e-04, 8.44238093e-04, 4.22119047e-04,
       1.26635714e-03, 4.22119047e-04, 1.26635714e-03, 1.26635714e-03,
       4.22119047e-04, 1.26635714e-03, 4.22119070e-03, 8.44238093e-04,
       4.22119047e-04, 4.64330940e-03, 4.22119047e-04, 8.44238093e-04,
       0., 0., 0., 4.22119047e-04, 2.11059535e-03, 1.68847619e-03, 0.,
       3.37695237e-03, 2.95483321e-03, 1.26635714e-03, 3.37695237e-03,
       8.44238093e-04, 4.22119047e-04, 0., 0., 0., 0., 4.22119047e-04,
       4.22119047e-04, 0., 1.68847619e-03, 0., 1.26635714e-03,
       1.68847619e-03, 1.26635714e-03, 4.22119047e-04, 4.22119047e-04,
       4.22119047e-04, 4.22119047e-04, 4.22119047e-04, 0.,
       4.22119047e-04, 4.64330940e-03, 4.22119047e-04, 2.53271428e-03,
       8.44238093e-04, 8.44238093e-04, 3.37695237e-03, 4.22119047e-04,
       4.22119047e-04, 0., 4.22119047e-04, 8.44238093e-04,
       8.44238093e-04, 1.26635714e-03, 4.22119047e-04, 0.,
       5.06542856e-03, 0., 3.79907154e-03, 0., 2.53271428e-03,
       1.26635714e-03, 1.68847619e-03, 8.44238093e-04, 0.,
       2.11059535e-03, 1.26635714e-03, 1.68847619e-03, 0., 0.,
       8.44238093e-04, 0., 0., 4.64330940e-03, 1.26635714e-03, 0.,
       8.44238093e-04, 6.33178558e-03, 0., 4.22119047e-04, 0.,
       9.70873795e-03, 2.95483321e-03, 1.26635714e-03, 4.22119047e-04,
       4.22119047e-04, 0., 0., 4.22119047e-04, 2.53271428e-03, 0.,
       8.44238093e-04, 0., 4.22119070e-03, 2.95483321e-03,
       4.22119047e-04, 8.44238093e-04, 4.22119047e-04, 0.,
       3.79907154e-03, 0., 0., 0., 0., 8.44238093e-04, 0.,
       1.68847619e-03, 0., 4.64330940e-03, 4.22119047e-04,
       8.44238093e-04, 1.26635714e-03, 4.22119047e-04, 0.,
       4.22119047e-04, 8.44238093e-04, 0., 2.11059535e-03,
       1.26635714e-03, 4.22119047e-04, 2.11059535e-03, 8.44238093e-04,
       4.22119047e-04, 4.22119047e-04, 0., 1.68847619e-03, 0.,
       1.68847619e-03, 2.11059535e-03, 0., 1.68847619e-03,
       8.44238093e-04, 8.44238093e-04, 0., 1.68847619e-03, 0.,
       1.26635714e-03, 0., 0., 0., 2.95483321e-03, 0., 1.26635714e-03,
       2.11059535e-03, 5.90966642e-03, 8.44238093e-04, 4.22119047e-04,
       1.68847619e-03, 4.22119047e-04, 8.44238093e-04, 7.17602391e-03,
       8.44238093e-04, 4.22119047e-04, 1.13972146e-02, 2.11059535e-03,
       1.26635714e-03, 4.22119047e-04, 2.95483321e-03, 8.44238093e-04,
       8.44238093e-04, 8.44238093e-04, 3.37695237e-03, 2.53271428e-03,
       0., 4.22119047e-04, 0., 4.22119047e-04, 1.26635714e-03,
       1.68847619e-03, 8.44238093e-04, 0., 4.22119047e-04,
       1.26635714e-03, 1.26635714e-03, 0., 0., 8.44238093e-04,
       4.22119070e-03, 1.26635714e-03, 1.26635714e-03, 3.37695237e-03,
       1.68847619e-03, 2.53271428e-03, 8.44238093e-04, 8.44238093e-04,
       1.68847619e-03, 1.26635714e-03, 1.68847619e-03, 1.26635714e-03,
       0., 1.68847619e-03, 3.37695237e-03, 8.44238093e-04, 0.,
       1.26635714e-03, 0., 4.22119047e-04, 8.44238093e-04,
       1.26635714e-03, 4.22119047e-04, 0., 1.68847619e-03,
       4.22119047e-04, 0., 0., 1.26635714e-03, 0., 8.44238093e-04, 0.,
       6.33178558e-03, 8.44238093e-04, 1.68847619e-03, 0.,
       8.44238093e-04, 4.22119047e-04, 8.44238093e-04, 8.44238093e-04,
       1.26635714e-03, 0., 3.37695237e-03, 5.48754772e-03,
       9.70873795e-03, 1.68847619e-03, 1.26635714e-03, 0.,
       4.22119047e-04, 0., 8.44238093e-04, 0., 1.68847619e-03,
       4.22119047e-04, 8.44238093e-04, 4.22119047e-04, 2.95483321e-03,
       1.26635714e-03, 1.26635714e-03, 0., 0., 4.22119047e-04,
       3.37695237e-03, 2.11059535e-03, 4.22119047e-04, 4.22119047e-04,
       4.22119047e-04, 4.22119047e-04, 1.68847619e-03, 0.,
       4.22119047e-04, 4.22119047e-04, 4.22119047e-04, 4.22119047e-04,
       2.11059535e-03, 8.44238093e-04, 8.44238093e-04, 4.22119047e-04,
