%YAML:1.0
m10n: !!opencv-matrix
   rows: 1
   cols: 800
   dt: f
   data: [ 4.04694467e-04, 4.04694467e-04, 1.21408340e-03,
       2.02347245e-03, 2.02347245e-03, 0., 3.23755573e-03, 0.,
       8.09388934e-04, 4.04694467e-04, 2.42816680e-03, 8.09388934e-04,
       8.09388934e-04, 2.02347245e-03, 1.21408340e-03, 8.09388934e-04,
       2.83286115e-03, 1.21408340e-03, 1.61877787e-03, 2.02347245e-03,
       2.42816680e-03, 1.21408340e-03, 4.04694467e-04, 4.04694467e-04,
       0., 4.04694467e-04, 2.02347245e-03, 7.68919475e-03,
       2.83286115e-03, 8.09388934e-04, 8.09388934e-04, 2.02347245e-03,
       4.04694467e-04, 4.04694467e-04, 0., 0., 4.04694467e-04,
       1.21408340e-03, 3.64225032e-03, 0., 3.64225032e-03,
       1.61877787e-03, 0., 1.61877787e-03, 2.42816680e-03,
       4.04694467e-04, 1.61877787e-03, 8.09388934e-04, 0., 0.,
       4.04694467e-04, 2.42816680e-03, 4.04694467e-04, 1.61877787e-03,
       2.42816680e-03, 8.09388934e-04, 1.21408340e-03, 4.04694490e-03,
       8.09388934e-04, 1.21408340e-03, 1.61877787e-03, 2.02347245e-03,
       1.21408340e-03, 2.83286115e-03, 4.04694490e-03, 8.09388934e-04,
       1.61877787e-03, 0., 7.68919475e-03, 4.04694467e-04,
       1.21408340e-03, 1.21408340e-03, 4.04694467e-04, 4.04694490e-03,
       2.42816680e-03, 1.61877787e-03, 1.21408340e-03, 0.,
       2.83286115e-03, 4.04694467e-04, 0., 4.04694467e-04,
       1.21408340e-03, 8.09388934e-04, 8.09388934e-04, 0.,
       8.09388934e-04, 3.23755573e-03, 4.04694490e-03, 2.02347245e-03,
       2.02347245e-03, 4.04694467e-04, 1.21408340e-03, 4.04694467e-04,
       1.61877787e-03, 0., 1.61877787e-03, 8.09388934e-04,
       8.09388934e-04, 0., 8.09388934e-04, 1.21408340e-03,
       1.21408340e-03, 0., 1.21408340e-03, 3.64225032e-03,
       2.02347245e-03, 8.09388934e-04, 3.23755573e-03, 8.09388934e-04,
       1.21408340e-03, 2.83286115e-03, 4.04694467e-04, 4.04694467e-04,
       8.09388934e-04, 4.04694467e-04, 4.04694467e-04, 4.04694467e-04,
       4.04694467e-04, 4.04694467e-04, 8.09388934e-04, 1.61877787e-03,
       0., 2.02347245e-03, 1.61877787e-03, 0., 1.21408340e-03,
       1.61877787e-03, 4.45163902e-03, 1.61877787e-03, 2.02347245e-03,
       2.42816680e-03, 4.04694467e-04, 2.83286115e-03, 1.61877787e-03,
       0., 4.04694467e-04, 2.42816680e-03, 0., 8.09388934e-04,
       1.61877787e-03, 1.21408340e-03, 1.61877787e-03, 8.09388934e-04,
       0., 0., 1.61877787e-03, 4.04694467e-04, 0., 0., 8.09388934e-04,
       0., 1.21408340e-03, 0., 8.09388934e-04, 0., 4.04694467e-04,
       1.21408340e-03, 8.09388934e-04, 1.21408340e-03, 4.04694467e-04,
       4.04694467e-04, 2.42816680e-03, 8.09388934e-04, 0., 0.,
       8.09388934e-04, 2.83286115e-03, 8.09388934e-04, 4.04694467e-04,
       8.09388934e-04, 1.21408340e-03, 2.42816680e-03, 1.21408340e-03,
       0., 4.04694467e-04, 2.42816680e-03, 1.21408340e-03,
       2.42816680e-03, 0., 4.04694467e-04, 1.21408340e-03,
       8.09388934e-04, 1.21408340e-03, 1.21408340e-03, 8.09388934e-04,
       0., 2.42816680e-03, 0., 2.02347245e-03, 5.26102819e-03, 0.,
       2.83286115e-03, 4.04694467e-04, 1.21408340e-03, 0.,
       2.02347245e-03, 3.64225032e-03, 1.21408340e-03, 2.83286115e-03,
       5.26102819e-03, 8.09388934e-04, 1.61877787e-03, 2.02347245e-03,
       8.09388934e-04, 1.21408340e-03, 0., 4.04694490e-03,
       4.04694467e-04, 1.21408340e-03, 2.83286115e-03, 3.23755573e-03,
       0., 8.09388934e-04, 8.09388934e-04, 4.04694467e-04,
       1.61877787e-03, 2.42816680e-03, 8.09388934e-04, 2.42816680e-03,
       1.61877787e-03, 6.07041689e-03, 3.23755573e-03, 0.,
       1.61877787e-03, 2.42816680e-03, 2.02347245e-03, 1.21408340e-03,
       1.61877787e-03, 4.04694467e-04, 0., 2.02347245e-03,
       4.04694467e-04, 2.42816680e-03, 6.07041689e-03, 0.,
       3.64225032e-03, 2.02347245e-03, 2.02347245e-03, 2.42816680e-03,
       1.21408340e-03, 0., 2.02347245e-03, 1.21408340e-03, 0.,
       8.09388934e-04, 4.45163902e-03, 2.83286115e-03, 1.21408340e-03,
       2.83286115e-03, 1.61877787e-03, 4.45163902e-03, 8.09388934e-04,
       4.04694467e-04, 2.02347245e-03, 0., 2.42816680e-03,
       3.64225032e-03, 3.23755573e-03, 4.04694490e-03, 4.04694467e-04,
       1.61877787e-03, 8.09388934e-04, 1.21408340e-03, 4.04694467e-04,
       4.04694467e-04, 0., 4.04694467e-04, 4.04694467e-04,
       1.61877787e-03, 3.23755573e-03, 0., 1.21408340e-03,
       2.02347245e-03, 1.21408340e-03, 0., 0., 3.23755573e-03,
       1.61877787e-03, 1.61877787e-03, 0., 0., 2.42816680e-03,
       2.02347245e-03, 1.61877787e-03, 8.09388934e-04, 1.21408340e-03,
       1.21408340e-03, 1.61877787e-03, 2.83286115e-03, 2.02347245e-03,
       2.83286115e-03, 0., 2.42816680e-03, 2.42816680e-03, 0., 0.,
       4.04694467e-04, 8.09388934e-04, 0., 2.42816680e-03,
       8.09388934e-04, 1.21408340e-03, 1.61877787e-03, 4.04694467e-04,
       4.04694467e-04, 2.83286115e-03, 4.04694467e-04, 8.09388934e-04,
       1.61877787e-03, 8.09388934e-04, 1.61877787e-03, 2.02347245e-03,
       1.21408340e-03, 1.21408340e-03, 1.61877787e-03, 2.42816680e-03,
       2.02347245e-03, 0., 0., 8.09388934e-04, 2.02347245e-03, 0.,
       8.09388934e-04, 1.21408340e-03, 2.42816680e-03, 8.09388934e-04,
       1.21408340e-03, 2.02347245e-03, 2.02347245e-03, 2.83286115e-03,
       4.04694467e-04, 1.21408340e-03, 0., 1.61877787e-03,
       2.83286115e-03, 4.04694467e-04, 4.04694490e-03, 1.21408340e-03,
       8.09388934e-04, 4.04694467e-04, 2.42816680e-03, 2.42816680e-03,
       2.42816680e-03, 2.02347245e-03, 8.09388934e-04, 4.04694467e-04,
       4.04694467e-04, 0., 1.21408340e-03, 4.04694467e-04,
       2.83286115e-03, 0., 2.02347245e-03, 0., 4.04694467e-04,
       2.02347245e-03, 4.04694467e-04, 2.02347245e-03, 2.83286115e-03,
       8.09388934e-04, 4.04694467e-04, 1.61877787e-03, 0., 0.,
       4.04694467e-04, 1.61877787e-03, 1.21408340e-03, 1.21408340e-03,
       0., 3.23755573e-03, 3.64225032e-03, 0., 8.09388934e-04,
       1.61877787e-03, 1.21408340e-03, 1.61877787e-03, 1.21408340e-03,
       0., 1.21408340e-03, 4.04694467e-04, 1.21408340e-03,
       8.09388934e-04, 8.09388934e-04, 2.02347245e-03, 0.,
       4.04694467e-04, 1.21408340e-03, 1.61877787e-03, 1.21408340e-03,
       0., 4.04694467e-04, 0., 8.09388934e-04, 8.09388934e-04,
       2.02347245e-03, 2.02347245e-03, 8.09388934e-04, 1.61877787e-03,
       1.61877787e-03, 4.04694467e-04, 1.61877787e-03, 0.,
       2.83286115e-03, 4.04694467e-04, 1.61877787e-03, 0.,
       4.04694467e-04, 3.23755573e-03, 0., 8.09388934e-04, 0.,
       1.21408340e-03, 3.64225032e-03, 0., 2.42816680e-03,
       2.02347245e-03, 1.61877787e-03, 4.04694467e-04, 8.09388934e-04,
       2.42816680e-03, 1.21408340e-03, 2.83286115e-03, 0.,
       8.09388934e-04, 1.21408340e-03, 0., 1.61877787e-03, 0.,
       4.04694467e-04, 8.09388934e-04, 4.04694467e-04, 5.66572230e-03,
       1.21408340e-03, 1.21408340e-03, 2.42816680e-03, 8.09388934e-04,
       0., 2.42816680e-03, 4.04694467e-04, 8.09388934e-04,
       2.02347245e-03, 1.21408340e-03, 1.61877787e-03, 1.61877787e-03,
       0., 0., 1.61877787e-03, 8.09388934e-04, 1.21408340e-03,
       2.42816680e-03, 8.09388934e-04, 4.04694467e-04, 2.02347245e-03,
       3.64225032e-03, 4.04694467e-04, 1.61877787e-03, 1.61877787e-03,
       7.28450064e-03, 1.21408340e-03, 4.04694467e-04, 0., 0.,
       1.61877787e-03, 2.02347245e-03, 2.02347245e-03, 2.02347245e-03,
       4.04694467e-04, 2.02347245e-03, 8.09388934e-04, 0., 0.,
       4.04694490e-03, 1.21408340e-03, 4.04694467e-04, 4.04694467e-04,
       1.21408340e-03, 0., 0., 4.85633360e-03, 1.21408340e-03,
       4.04694467e-04, 1.61877787e-03, 4.04694467e-04, 1.21408340e-03,
       0., 1.61877787e-03, 4.04694467e-04, 0., 1.21408340e-03,
       3.64225032e-03, 0., 0., 0., 0., 4.45163902e-03, 8.09388934e-04,
       4.04694467e-04, 8.09388934e-04, 0., 1.21408340e-03, 0.,
       8.09388934e-04, 2.02347245e-03, 1.61877787e-03, 2.42816680e-03,
       0., 0., 8.09388934e-04, 1.21408340e-03, 0., 4.04694467e-04, 0.,
