%YAML:1.0
m10n: !!opencv-matrix
   rows: 1
   cols: 800
   dt: f
   data: [ 1.33084902e-03, 2.12935847e-03, 2.39552837e-03,
       1.06467924e-03, 5.32339618e-04, 1.59701891e-03, 2.12935847e-03,
       7.98509456e-04, 7.98509456e-04, 5.32339618e-04, 1.59701891e-03,
       3.19403782e-03, 7.98509456e-04, 1.06467924e-03, 3.19403782e-03,
       1.59701891e-03, 2.66169809e-04, 1.06467924e-03, 5.32339618e-04,
       1.06467924e-03, 7.98509456e-04, 2.66169809e-04, 2.66169803e-03,
       2.39552837e-03, 7.98509456e-03, 1.06467924e-03, 0.,
       2.66169809e-04, 0., 1.06467924e-03, 1.86318869e-03,
       1.86318869e-03, 5.32339618e-04, 1.33084902e-03, 5.32339618e-04,
       5.32339618e-04, 1.86318869e-03, 1.86318869e-03, 5.32339618e-04,
       5.32339618e-04, 1.06467924e-03, 1.33084902e-03, 2.66169809e-04,
       1.06467924e-03, 2.12935847e-03, 1.33084902e-03, 1.59701891e-03,
       7.18658464e-03, 2.66169809e-04, 4.25871694e-03, 1.33084902e-03,
       7.98509456e-04, 1.06467924e-03, 1.06467924e-03, 5.32339618e-04,
       5.32339618e-04, 2.39552837e-03, 1.06467924e-03, 0.,
       1.06467924e-03, 5.32339618e-04, 2.92786793e-03, 0.,
       1.86318869e-03, 7.98509456e-04, 0., 2.66169809e-04,
       1.06467924e-03, 5.32339618e-04, 2.66169803e-03, 7.98509456e-04,
       1.59701891e-03, 1.33084902e-03, 1.33084902e-03, 3.46020749e-03,
       2.66169809e-04, 2.12935847e-03, 1.59701891e-03, 1.33084902e-03,
       1.59701891e-03, 1.06467924e-03, 7.98509456e-04, 7.98509456e-04,
       2.12935847e-03, 1.86318869e-03, 1.06467924e-03, 1.06467924e-03,
       3.46020749e-03, 1.59701891e-03, 3.19403782e-03, 0.,
       5.32339618e-04, 1.06467924e-03, 7.98509456e-04, 1.06467924e-03,
       7.98509456e-04, 5.32339618e-04, 2.66169809e-04, 0.,
       7.98509456e-04, 0., 1.06467924e-03, 2.12935847e-03,
       1.33084902e-03, 7.98509456e-04, 1.86318869e-03, 1.86318869e-03,
       5.32339618e-04, 2.12935847e-03, 1.59701891e-03, 2.39552837e-03,
       2.66169809e-04, 7.98509456e-04, 7.98509456e-04, 7.98509456e-04,
       1.33084902e-03, 5.32339618e-04, 7.98509456e-04, 7.98509456e-04,
       0., 1.59701891e-03, 1.33084902e-03, 1.33084902e-03,
       1.33084902e-03, 1.59701891e-03, 7.98509456e-04, 7.98509456e-04,
       1.59701891e-03, 7.98509456e-04, 1.59701891e-03, 1.06467924e-03,
       2.12935847e-03, 1.33084902e-03, 1.06467924e-03, 1.06467924e-03,
       1.06467921e-02, 1.06467924e-03, 1.06467924e-03, 2.66169809e-04,
       7.98509456e-04, 2.66169809e-04, 3.19403782e-03, 2.66169809e-04,
       1.06467924e-03, 7.98509456e-04, 1.06467924e-03, 1.59701891e-03,
       5.85573586e-03, 3.72637738e-03, 1.33084902e-03, 5.32339618e-04,
       2.66169803e-03, 7.98509456e-04, 1.33084902e-03, 0.,
       7.98509456e-04, 5.32339618e-04, 1.59701891e-03, 7.98509456e-04,
       1.59701891e-03, 5.32339618e-04, 5.32339618e-04, 2.66169809e-04,
       1.06467924e-03, 2.66169809e-04, 7.98509456e-04, 5.32339618e-04,
       3.46020749e-03, 2.66169809e-04, 1.33084902e-03, 1.86318869e-03,
       2.66169803e-03, 1.59701891e-03, 7.98509456e-04, 5.32339618e-04,
       5.32339618e-04, 1.59701891e-03, 6.12190552e-03, 2.66169803e-03,
       2.66169803e-03, 1.86318869e-03, 2.12935847e-03, 1.33084902e-03,
       2.39552837e-03, 2.66169809e-04, 5.32339618e-04, 3.46020749e-03,
       1.33084902e-03, 1.06467924e-03, 2.39552837e-03, 1.06467924e-03,
       2.66169803e-03, 3.99254728e-03, 1.59701891e-03, 1.59701891e-03,
       1.06467924e-03, 2.66169809e-04, 2.66169809e-04, 7.98509456e-04,
       1.33084902e-03, 1.33084902e-03, 7.98509456e-04, 2.39552837e-03,
       3.46020749e-03, 1.59701891e-03, 2.66169803e-03, 7.98509456e-04,
       1.33084902e-03, 5.32339618e-04, 1.06467924e-03, 1.86318869e-03,
       7.98509456e-04, 2.66169803e-03, 1.33084902e-03, 1.59701891e-03,
       7.98509456e-04, 7.98509456e-04, 0., 5.32339618e-04,
       2.12935847e-03, 0., 1.33084902e-03, 1.33084902e-03,
       2.66169809e-04, 5.32339618e-04, 1.59701891e-03, 2.12935847e-03,
       1.59701891e-03, 1.59701891e-03, 1.33084902e-03, 1.06467924e-03,
       5.32339618e-04, 1.06467924e-03, 1.86318869e-03, 1.06467924e-03,
       1.33084902e-03, 1.86318869e-03, 7.98509456e-04, 5.32339618e-04,
       2.66169809e-04, 1.86318869e-03, 5.32339618e-04, 1.06467924e-03,
       0., 1.06467924e-03, 2.66169809e-04, 4.52488661e-03,
       2.66169803e-03, 2.66169809e-04, 2.66169809e-04, 2.66169809e-04,
       1.06467924e-03, 1.33084902e-03, 1.06467924e-03, 2.66169809e-04,
       1.06467924e-03, 2.92786793e-03, 1.86318869e-03, 0.,
       1.86318869e-03, 2.12935847e-03, 2.66169809e-04, 1.33084902e-03,
       1.59701891e-03, 1.59701891e-03, 7.98509456e-04, 5.32339618e-04,
       1.59701891e-03, 1.59701891e-03, 1.06467924e-03, 2.39552837e-03,
       1.59701891e-03, 1.86318869e-03, 7.98509456e-04, 7.98509456e-04,
       7.98509456e-04, 1.33084902e-03, 2.12935847e-03, 1.59701891e-03,
       1.06467924e-03, 3.19403782e-03, 7.98509456e-04, 7.98509456e-04,
       7.98509456e-04, 1.33084902e-03, 2.39552837e-03, 1.06467924e-03,
       5.32339618e-04, 7.98509456e-04, 7.98509456e-04, 0.,
       2.66169809e-04, 1.59701891e-03, 1.06467924e-03, 2.12935847e-03,
       1.06467924e-03, 0., 7.98509456e-04, 2.66169809e-04,
       2.39552837e-03, 2.92786793e-03, 5.32339618e-04, 1.06467924e-03,
       5.32339618e-04, 5.32339618e-04, 0., 1.86318869e-03,
       2.12935847e-03, 7.98509456e-04, 5.32339618e-04, 1.06467924e-03,
       1.86318869e-03, 1.06467924e-03, 2.66169803e-03, 1.33084902e-03,
       1.06467924e-03, 1.06467924e-03, 1.59701891e-03, 1.59701891e-03,
       1.06467924e-03, 0., 7.98509456e-04, 2.66169809e-04,
       2.66169809e-04, 5.32339618e-04, 2.12935847e-03, 2.66169809e-04,
       2.92786793e-03, 1.33084902e-03, 5.32339618e-04, 2.66169803e-03,
       7.98509456e-04, 7.45275477e-03, 2.39552837e-03, 2.66169809e-04,
       1.59701891e-03, 1.06467924e-03, 2.66169809e-04, 7.98509456e-04,
       1.33084902e-03, 7.18658464e-03, 1.33084902e-03, 1.59701891e-03,
       5.32339618e-04, 1.33084902e-03, 7.98509456e-04, 2.66169809e-04,
       1.06467924e-03, 5.32339618e-04, 1.59701891e-03, 1.06467924e-03,
       1.33084902e-03, 1.06467924e-03, 7.98509456e-04, 6.12190552e-03,
       2.66169809e-04, 5.32339618e-04, 7.98509456e-04, 1.86318869e-03,
       7.98509456e-04, 1.59701891e-03, 1.59701891e-03, 2.39552837e-03,
       2.66169803e-03, 1.33084902e-03, 2.66169809e-04, 1.06467924e-03,
       7.98509456e-04, 2.39552837e-03, 1.06467924e-03, 4.25871694e-03,
       1.59701891e-03, 1.59701891e-03, 2.66169809e-04, 1.59701891e-03,
       0., 1.06467924e-03, 5.32339618e-04, 2.39552837e-03,
       2.66169809e-04, 7.98509456e-04, 1.06467924e-03, 1.06467924e-03,
       5.32339618e-04, 5.32339618e-04, 1.06467924e-03, 1.59701891e-03,
       5.32339618e-04, 2.12935847e-03, 1.59701891e-03, 2.12935847e-03,
       1.06467924e-03, 5.32339618e-04, 0., 7.98509456e-04,
       5.32339618e-04, 2.66169809e-04, 1.33084902e-03, 7.98509456e-04,
       1.86318869e-03, 1.06467924e-03, 1.33084902e-03, 2.12935847e-03,
       5.32339618e-04, 2.66169809e-04, 0., 7.98509456e-04,
       7.98509456e-04, 1.33084902e-03, 1.59701891e-03, 6.65424531e-03,
       5.32339618e-04, 7.98509456e-04, 1.06467924e-03, 7.98509456e-04,
       2.66169803e-03, 0., 1.06467924e-03, 2.39552837e-03,
       5.32339618e-04, 2.39552837e-03, 5.32339618e-04, 1.06467924e-03,
       1.06467924e-03, 1.59701891e-03, 1.33084902e-03, 1.59701891e-03,
       0., 1.06467924e-03, 7.98509456e-04, 1.06467924e-03,
       2.92786793e-03, 1.33084902e-03, 2.66169809e-04, 1.86318869e-03,
       5.32339618e-04, 7.98509456e-04, 1.33084902e-03, 7.98509456e-04,
       1.06467924e-03, 0., 2.66169809e-04, 2.66169809e-04,
       1.33084902e-03, 2.66169809e-04, 7.98509456e-04, 2.92786793e-03,
       1.59701891e-03, 5.32339618e-04, 1.33084902e-03, 1.59701891e-03,
       2.66169809e-04, 5.32339618e-04, 1.86318869e-03, 7.98509456e-04,
       1.06467924e-03, 5.32339618e-04, 2.66169809e-04, 1.33084902e-03,
