%YAML:1.0
m10n: !!opencv-matrix
   rows: 1
   cols: 800
   dt: f
   data: [ 7.83699041e-04, 1.17554853e-03, 3.91849520e-04,
       3.91849520e-04, 1.17554853e-03, 1.17554853e-03, 1.95924751e-03,
       0., 3.91849520e-04, 1.17554853e-03, 5.09404391e-03,
       1.95924751e-03, 3.52664571e-03, 3.91849503e-03, 3.91849520e-04,
       7.83699041e-04, 5.09404391e-03, 2.35109706e-03, 7.83699041e-04,
       1.17554853e-03, 7.83699041e-04, 1.95924751e-03, 3.91849520e-04,
       0., 1.56739808e-03, 1.17554853e-03, 1.56739808e-03,
       5.87774301e-03, 7.83699041e-04, 0., 0., 3.91849520e-04,
       1.17554853e-03, 1.17554853e-03, 3.91849520e-04, 1.56739808e-03,
       1.17554853e-03, 0., 3.13479616e-03, 3.91849520e-04,
       2.74294661e-03, 1.56739808e-03, 3.91849520e-04, 1.17554853e-03,
       1.17554853e-03, 1.95924751e-03, 3.91849520e-04, 0.,
       3.91849520e-04, 3.91849520e-04, 3.91849520e-04, 1.17554853e-03,
       1.95924751e-03, 1.56739808e-03, 1.17554853e-03, 2.74294661e-03,
       7.83699041e-04, 0., 7.83699041e-04, 3.91849520e-04,
       7.83699041e-04, 0., 7.83699041e-04, 2.35109706e-03,
       3.91849503e-03, 7.83699041e-04, 3.91849520e-04, 1.56739808e-03,
       3.91849520e-04, 0., 4.31034481e-03, 1.17554853e-03,
       3.91849520e-04, 1.56739808e-03, 7.83699041e-04, 2.35109706e-03,
       3.91849520e-04, 7.83699041e-04, 3.52664571e-03, 1.95924751e-03,
       0., 3.91849520e-04, 3.52664571e-03, 3.91849520e-04,
       2.74294661e-03, 1.17554853e-03, 0., 5.09404391e-03,
       3.91849503e-03, 2.35109706e-03, 1.17554853e-03, 7.83699041e-04,
       1.17554853e-03, 0., 1.95924751e-03, 0., 7.83699041e-04,
       2.35109706e-03, 1.17554853e-03, 7.83699041e-04, 3.91849520e-04,
       3.91849520e-04, 3.52664571e-03, 0., 3.91849520e-04,
       3.91849503e-03, 1.17554853e-03, 1.56739808e-03, 1.56739808e-03,
       1.17554853e-03, 1.95924751e-03, 2.35109706e-03, 3.91849520e-04,
       0., 1.56739808e-03, 3.91849520e-04, 0., 7.83699041e-04,
       7.83699041e-04, 3.91849520e-04, 1.56739808e-03, 7.83699041e-04,
       0., 5.09404391e-03, 3.91849520e-04, 2.35109706e-03,
       1.56739808e-03, 3.91849520e-04, 3.52664571e-03, 3.91849520e-04,
       0., 1.56739808e-03, 2.35109706e-03, 0., 3.13479616e-03,
       3.91849520e-04, 1.17554853e-03, 3.91849520e-04, 1.17554853e-03,
       7.83699041e-04, 3.91849503e-03, 1.95924751e-03, 1.17554853e-03,
       7.83699041e-04, 7.83699041e-04, 2.74294661e-03, 0.,
       7.83699041e-04, 0., 1.17554853e-03, 1.95924751e-03, 0.,
       3.13479616e-03, 0., 3.91849520e-04, 0., 3.91849520e-04,
       2.74294661e-03, 0., 2.35109706e-03, 3.91849520e-04, 0.,
       7.83699041e-04, 1.56739808e-03, 7.83699041e-04, 0., 0.,
       2.35109706e-03, 0., 1.17554853e-03, 3.91849520e-04, 0.,
       1.17554853e-03, 7.83699041e-04, 0., 0., 2.74294661e-03,
       3.91849520e-04, 7.83699041e-04, 1.17554853e-03, 2.35109706e-03,
       2.35109706e-03, 3.91849520e-04, 7.83699041e-04, 1.17554853e-03,
       1.17554853e-03, 0., 2.35109706e-03, 0., 5.48589323e-03,
       7.83699041e-04, 7.83699041e-04, 1.17554853e-03, 1.17554853e-03,
       2.35109706e-03, 0., 1.56739808e-03, 1.56739808e-03,
       1.17554853e-03, 0., 5.87774301e-03, 1.95924751e-03,
       5.48589323e-03, 1.56739808e-03, 0., 1.17554853e-03,
       1.95924751e-03, 1.17554853e-03, 1.56739808e-03, 7.83699041e-04,
       1.56739808e-03, 2.35109706e-03, 0., 6.66144164e-03,
       7.83699041e-04, 1.17554853e-03, 1.56739808e-03, 3.91849503e-03,
       0., 3.91849520e-04, 7.83699041e-04, 0., 2.35109706e-03,
       7.83699041e-04, 7.83699041e-04, 3.52664571e-03, 2.74294661e-03,
       1.56739808e-03, 1.17554853e-03, 2.74294661e-03, 3.91849520e-04,
       1.56739808e-03, 3.91849520e-04, 7.83699041e-04, 7.83699041e-04,
       1.56739808e-03, 3.52664571e-03, 1.56739808e-03, 1.17554853e-03,
       3.91849520e-04, 4.70219413e-03, 1.95924751e-03, 1.95924751e-03,
       3.91849520e-04, 7.83699041e-04, 1.95924751e-03, 7.05329143e-03,
       1.56739808e-03, 7.83699041e-04, 5.48589323e-03, 4.70219413e-03,
       1.95924751e-03, 7.83699041e-04, 7.83699041e-04, 1.56739808e-03,
       3.91849520e-04, 1.95924751e-03, 3.52664571e-03, 1.56739808e-03,
       2.74294661e-03, 1.95924751e-03, 1.17554853e-03, 3.91849520e-04,
       7.83699041e-04, 2.35109706e-03, 0., 0., 3.91849520e-04, 0.,
       3.13479616e-03, 1.56739808e-03, 0., 7.83699041e-04,
       3.91849520e-04, 1.56739808e-03, 0., 7.83699041e-04,
       1.56739808e-03, 1.17554853e-03, 2.35109706e-03, 1.17554853e-03,
       3.91849520e-04, 2.74294661e-03, 2.35109706e-03, 3.91849520e-04,
       0., 3.91849520e-04, 3.91849520e-04, 1.17554853e-03,
       1.17554853e-03, 3.91849503e-03, 5.09404391e-03, 0.,
       1.95924751e-03, 7.83699041e-04, 0., 0., 1.17554853e-03,
       3.91849520e-04, 3.91849520e-04, 0., 1.56739808e-03,
       2.35109706e-03, 0., 1.17554853e-03, 0., 2.35109706e-03,
       7.83699041e-04, 0., 2.74294661e-03, 7.83699041e-04, 0.,
       3.13479616e-03, 3.91849520e-04, 7.83699041e-04, 0.,
       3.91849520e-04, 3.91849503e-03, 0., 3.91849520e-04,
       1.95924751e-03, 2.74294661e-03, 3.52664571e-03, 3.91849520e-04,
       2.35109706e-03, 1.56739808e-03, 7.83699041e-04, 3.91849520e-04,
       7.83699041e-04, 4.70219413e-03, 1.17554853e-03, 0.,
       7.83699041e-04, 1.17554853e-03, 7.83699041e-04, 2.74294661e-03,
       2.74294661e-03, 1.56739808e-03, 2.35109706e-03, 1.95924751e-03,
       1.17554853e-03, 1.17554853e-03, 1.95924751e-03, 2.35109706e-03,
       1.95924751e-03, 3.13479616e-03, 3.91849520e-04, 0.,
       3.91849520e-04, 1.56739808e-03, 1.95924751e-03, 1.17554853e-03,
       0., 1.17554853e-03, 0., 7.83699041e-04, 3.91849503e-03,
       3.91849520e-04, 3.52664571e-03, 1.56739808e-03, 7.83699041e-04,
       4.31034481e-03, 1.56739808e-03, 0., 0., 7.83699041e-04,
       2.35109706e-03, 7.83699041e-04, 7.83699041e-04, 0.,
       3.13479616e-03, 1.17554853e-03, 0., 1.17554853e-03, 0.,
       7.83699041e-04, 7.83699041e-04, 3.91849520e-04, 3.91849520e-04,
       1.56739808e-03, 1.95924751e-03, 3.91849520e-04, 1.95924751e-03,
       1.56739808e-03, 1.17554853e-03, 1.17554853e-03, 2.35109706e-03,
       7.83699041e-04, 3.52664571e-03, 1.56739808e-03, 7.83699041e-04,
       3.91849520e-04, 3.91849520e-04, 0., 0., 1.95924751e-03, 0., 0.,
       3.91849520e-04, 3.91849520e-04, 0., 5.48589323e-03, 0.,
       1.95924751e-03, 3.91849520e-04, 0., 0., 1.95924751e-03,
       3.91849520e-04, 0., 3.91849520e-04, 0., 1.17554853e-03,
       3.52664571e-03, 0., 1.17554853e-03, 1.56739808e-03,
       3.91849520e-04, 7.83699041e-04, 3.91849520e-04, 3.91849520e-04,
       1.17554853e-03, 1.56739808e-03, 0., 7.83699041e-04,
       7.83699041e-04, 1.17554853e-03, 3.91849520e-04, 0.,
       1.17554853e-03, 7.83699041e-04, 1.17554853e-03, 3.13479616e-03,
       0., 1.17554853e-03, 2.74294661e-03, 7.83699041e-04, 0.,
       7.83699041e-04, 0., 7.83699041e-04, 1.56739808e-03,
       7.83699041e-04, 0., 3.91849520e-04, 0., 0., 2.74294661e-03,
       1.17554853e-03, 2.74294661e-03, 2.74294661e-03, 3.91849520e-04,
       3.91849520e-04, 7.83699041e-04, 7.83699041e-04, 0.,
       1.17554853e-03, 7.83699041e-04, 3.13479616e-03, 2.35109706e-03,
       0., 0., 3.91849520e-04, 7.83699041e-04, 1.17554853e-03,
       1.56739808e-03, 0., 3.91849520e-04, 3.13479616e-03,
       3.91849520e-04, 0., 3.91849520e-04, 3.91849503e-03,
       2.74294661e-03, 0., 3.91849520e-04, 3.13479616e-03,
       1.56739808e-03, 7.83699041e-04, 1.95924751e-03, 3.91849520e-04,
       3.91849520e-04, 1.17554853e-03, 1.95924751e-03, 3.91849520e-04,
       0., 1.17554853e-03, 0., 3.91849520e-04, 1.95924751e-03,
       1.17554853e-03, 1.17554853e-03, 0., 0., 1.17554853e-03,
       1.95924751e-03, 1.56739808e-03, 1.17554853e-03, 0.,
       1.95924751e-03, 1.95924751e-03, 0., 7.83699041e-04,
       3.91849520e-04, 3.91849520e-04, 4.31034481e-03, 0.,
       1.17554853e-03, 1.95924751e-03, 0., 3.91849520e-04,
       1.17554853e-03, 7.83699041e-04, 0., 1.17554853e-03,
