%YAML:1.0
m10n: !!opencv-matrix
   rows: 1
   cols: 800
   dt: f
   data: [ 9.40291502e-04, 2.35072873e-03, 9.40291502e-04,
       4.70145751e-04, 9.40291502e-04, 4.70145751e-04, 9.40291502e-04,
       4.70145751e-04, 4.70145751e-04, 4.70145751e-04, 1.88058300e-03,
       4.70145751e-04, 1.88058300e-03, 3.29102017e-03, 4.70145751e-04,
       2.82087456e-03, 9.40291502e-04, 9.40291502e-04, 0., 0.,
       6.11189473e-03, 2.35072873e-03, 9.40291502e-04, 4.70145751e-04,
       3.76116601e-03, 0., 1.41043728e-03, 1.88058300e-03,
       9.40291502e-04, 3.29102017e-03, 3.76116601e-03, 9.40291502e-04,
       4.70145751e-04, 0., 4.70145751e-04, 2.82087456e-03,
       4.70145751e-04, 4.70145751e-04, 9.40291502e-04, 1.41043728e-03,
       3.76116601e-03, 4.70145751e-04, 4.70145751e-04, 1.41043728e-03,
       1.41043728e-03, 2.35072873e-03, 4.70145751e-04, 1.88058300e-03,
       4.23131185e-03, 9.40291502e-04, 4.70145751e-04, 2.82087456e-03,
       9.40291502e-04, 9.40291502e-04, 1.88058300e-03, 4.70145751e-04,
       4.70145751e-04, 1.41043728e-03, 0., 0., 1.41043728e-03,
       1.41043728e-03, 0., 5.64174913e-03, 2.82087456e-03,
       9.40291502e-04, 9.40291502e-04, 4.23131185e-03, 4.70145751e-04,
       4.70145751e-04, 0., 1.41043728e-03, 4.70145751e-04,
       4.70145751e-04, 3.76116601e-03, 1.41043728e-03, 9.40291502e-04,
       4.70145751e-04, 1.41043728e-03, 2.35072873e-03, 9.40291502e-04,
       0., 9.40291502e-04, 0., 2.82087456e-03, 7.05218641e-03,
       4.70145751e-04, 1.41043728e-03, 1.41043728e-03, 2.35072873e-03,
       4.70145751e-04, 0., 1.88058300e-03, 4.70145751e-04, 0.,
       1.88058300e-03, 0., 4.70145751e-04, 4.70145751e-04,
       1.88058300e-03, 0., 9.40291502e-04, 1.88058300e-03,
       9.40291502e-04, 1.41043728e-03, 5.64174913e-03, 1.88058300e-03,
       0., 1.88058300e-03, 4.70145751e-04, 2.82087456e-03,
       4.70145751e-04, 9.40291502e-04, 1.88058300e-03, 2.35072873e-03,
       9.40291502e-04, 2.35072873e-03, 2.35072873e-03, 1.41043728e-03,
       9.40291502e-04, 4.70145751e-04, 0., 0., 6.11189473e-03,
       9.40291502e-04, 4.70145751e-04, 4.70145751e-04, 0.,
       4.70145745e-03, 0., 4.70145751e-04, 4.70145745e-03,
       9.40291502e-04, 0., 1.41043728e-03, 0., 1.88058300e-03,
       3.29102017e-03, 9.40291502e-04, 1.41043728e-03, 2.82087456e-03,
       4.70145751e-04, 4.70145751e-04, 1.88058300e-03, 9.40291502e-04,
       1.41043728e-03, 1.41043728e-03, 3.29102017e-03, 9.40291502e-04,
       4.70145751e-04, 1.41043728e-03, 0., 4.70145751e-04,
       4.70145751e-04, 4.70145751e-04, 0., 9.40291502e-04,
       4.70145751e-04, 9.40291502e-04, 0., 0., 4.70145751e-04,
       9.40291502e-04, 9.40291502e-04, 2.35072873e-03, 0.,
       1.41043728e-03, 0., 4.70145751e-04, 1.41043728e-03, 0.,
       1.88058300e-03, 1.41043728e-03, 9.40291502e-04, 4.70145751e-04,
       9.40291502e-04, 1.88058300e-03, 1.41043728e-02, 9.40291502e-04,
       2.82087456e-03, 1.88058300e-03, 4.23131185e-03, 4.70145751e-04,
       4.70145751e-04, 9.40291502e-04, 9.40291502e-04, 0.,
       9.40291502e-04, 0., 4.70145751e-04, 0., 9.40291502e-04,
       9.40291502e-04, 0., 1.88058300e-03, 1.88058300e-03, 0.,
       4.70145751e-04, 4.70145751e-04, 9.40291502e-04, 1.88058300e-03,
       0., 9.40291502e-04, 1.88058300e-03, 4.70145751e-04,
       4.70145751e-04, 9.40291502e-04, 2.82087456e-03, 0., 0.,
       1.41043728e-03, 1.41043728e-03, 1.41043728e-03, 4.23131185e-03,
       0., 1.88058300e-03, 4.70145751e-04, 0., 9.40291502e-04,
       4.70145751e-04, 1.41043728e-03, 1.88058300e-03, 2.35072873e-03,
       4.70145751e-04, 0., 1.41043728e-03, 4.70145751e-04,
       4.70145751e-04, 0., 9.40291502e-04, 1.41043728e-03,
       4.70145751e-04, 2.35072873e-03, 3.29102017e-03, 4.70145751e-04,
       0., 4.70145751e-04, 4.70145751e-04, 4.70145751e-04,
       6.58204034e-03, 1.41043728e-03, 1.88058300e-03, 4.70145751e-04,
       4.70145751e-04, 4.70145745e-03, 1.88058300e-03, 9.40291502e-04,
       0., 9.40291502e-04, 1.41043728e-03, 2.82087456e-03,
       1.41043728e-03, 0., 4.70145751e-04, 4.70145751e-04,
       9.40291502e-04, 9.40291502e-04, 6.11189473e-03, 4.70145751e-04,
       1.88058300e-03, 1.41043728e-03, 4.70145751e-04, 0.,
       1.88058300e-03, 4.70145751e-04, 4.70145751e-04, 0.,
       1.41043728e-03, 4.70145751e-04, 0., 0., 0., 1.88058300e-03,
       9.40291502e-04, 4.70145751e-04, 0., 4.70145751e-04,
       9.40291502e-04, 1.41043728e-03, 2.35072873e-03, 1.41043728e-03,
       1.41043728e-03, 0., 4.70145751e-04, 1.88058300e-03,
       4.70145751e-04, 2.82087456e-03, 1.41043728e-03, 0.,
       4.70145751e-04, 9.40291502e-04, 3.29102017e-03, 4.70145751e-04,
       2.35072873e-03, 0., 9.40291502e-04, 9.40291502e-04,
       9.40291502e-04, 0., 1.41043728e-03, 0., 1.41043728e-03,
       2.82087456e-03, 1.88058300e-03, 4.70145751e-04, 1.88058300e-03,
       9.40291502e-04, 1.88058300e-03, 2.35072873e-03, 4.70145751e-04,
       2.35072873e-03, 7.52233202e-03, 1.41043728e-03, 0.,
       2.82087456e-03, 4.70145751e-04, 3.29102017e-03, 0., 0.,
       9.40291502e-04, 0., 2.35072873e-03, 0., 4.70145751e-04,
       1.41043728e-03, 0., 2.82087456e-03, 4.70145751e-04,
       4.70145751e-04, 1.41043728e-03, 9.40291502e-04, 1.41043728e-03,
       0., 1.88058300e-03, 0., 9.40291502e-04, 1.88058300e-03,
       1.88058300e-03, 1.41043728e-03, 1.88058300e-03, 1.41043728e-03,
       0., 9.40291502e-04, 1.41043728e-03, 9.40291502e-04,
       4.70145751e-04, 4.23131185e-03, 0., 2.35072873e-03,
       4.70145751e-04, 4.70145751e-04, 1.88058300e-03, 0.,
       2.35072873e-03, 4.70145751e-04, 9.40291502e-04, 1.41043728e-03,
       0., 0., 0., 2.35072873e-03, 1.88058300e-03, 1.41043728e-03, 0.,
       3.29102017e-03, 1.88058300e-03, 2.82087456e-03, 2.35072873e-03,
       1.88058300e-03, 9.40291502e-04, 9.40291502e-04, 4.70145751e-04,
       0., 4.70145751e-04, 1.41043728e-03, 4.70145751e-04, 0.,
       9.40291502e-04, 4.70145751e-04, 1.88058300e-03, 2.82087456e-03,
       0., 1.41043728e-03, 4.70145751e-04, 0., 1.41043728e-03,
       4.70145751e-04, 4.70145751e-04, 1.88058300e-03, 0.,
       8.93276930e-03, 2.35072873e-03, 3.76116601e-03, 1.88058300e-03,
       0., 1.41043728e-03, 1.88058300e-03, 0., 2.35072873e-03,
       9.40291502e-04, 1.41043728e-03, 1.41043728e-03, 2.35072873e-03,
       4.70145745e-03, 9.40291502e-04, 0., 4.70145751e-04,
       9.40291502e-04, 2.35072873e-03, 1.41043728e-03, 4.70145751e-04,
       2.35072873e-03, 4.70145751e-04, 4.70145751e-04, 9.40291502e-04,
       0., 0., 9.40291502e-04, 5.17160306e-03, 1.41043728e-03,
       4.70145751e-04, 4.70145751e-04, 4.70145751e-04, 9.40291502e-04,
       4.70145751e-04, 9.40291502e-04, 1.41043728e-03, 0., 0.,
       2.82087456e-03, 9.40291502e-04, 3.76116601e-03, 5.64174913e-03,
       4.70145751e-04, 4.70145751e-04, 9.40291502e-04, 9.40291502e-04,
       0., 4.70145751e-04, 0., 9.40291502e-04, 0., 4.70145751e-04,
       1.88058300e-03, 1.88058300e-03, 9.40291502e-04, 0., 0.,
       4.70145751e-04, 1.41043728e-03, 4.70145751e-04, 9.40291502e-04,
       1.41043728e-03, 4.70145751e-04, 4.70145751e-04, 1.41043728e-03,
       3.29102017e-03, 2.35072873e-03, 4.70145751e-04, 1.41043728e-03,
       1.88058300e-03, 4.70145751e-04, 9.40291502e-04, 1.88058300e-03,
       1.41043728e-03, 2.82087456e-03, 2.35072873e-03, 3.76116601e-03,
       0., 1.41043728e-03, 6.58204034e-03, 4.70145751e-04,
       2.35072873e-03, 9.40291502e-04, 9.40291502e-04, 4.70145751e-04,
       4.70145751e-04, 4.70145751e-04, 9.40291502e-04, 1.88058300e-03,
       4.70145751e-04, 1.41043728e-03, 0., 1.88058300e-03,
       4.70145751e-04, 0., 1.41043728e-03, 9.40291502e-04,
       4.70145751e-04, 4.70145751e-04, 1.88058300e-03, 0., 0.,
       4.70145751e-04, 9.40291502e-04, 2.35072873e-03, 4.70145751e-04,
       9.40291502e-04, 9.40291502e-04, 1.41043728e-03, 2.35072873e-03,
       2.35072873e-03, 2.35072873e-03, 2.82087456e-03, 1.41043728e-03,
       2.82087456e-03, 1.88058300e-03, 0., 9.40291502e-04,
