%YAML:1.0
m10n: !!opencv-matrix
   rows: 1
   cols: 800
   dt: f
   data: [ 1.30548305e-03, 3.04612704e-03, 4.35160997e-04, 0.,
       2.17580493e-03, 8.70321994e-04, 4.35160997e-04, 0.,
       4.35160997e-04, 4.35160985e-03, 8.70321994e-04, 1.30548305e-03,
       8.70321994e-04, 8.70321994e-04, 1.30548305e-03, 4.35160997e-04,
       2.17580493e-03, 1.74064399e-03, 4.35160997e-04, 4.35160997e-04,
       7.39773689e-03, 1.30548305e-03, 8.70321994e-04, 4.35160997e-04,
       6.09225407e-03, 4.35160997e-04, 0., 3.48128797e-03,
       5.22193220e-03, 3.04612704e-03, 4.35160997e-04, 1.30548305e-03,
       4.35160997e-04, 0., 0., 3.48128797e-03, 8.70321994e-04,
       1.30548305e-03, 1.30548305e-03, 4.35160997e-04, 8.70321994e-04,
       1.30548305e-03, 3.04612704e-03, 8.70321994e-04, 1.74064399e-03,
       1.74064399e-03, 0., 0., 8.70321994e-04, 4.35160997e-04,
       4.35160997e-04, 4.35160997e-04, 1.30548305e-03, 8.70321994e-04,
       3.48128797e-03, 0., 4.35160997e-04, 2.17580493e-03,
       2.17580493e-03, 4.35160997e-04, 0., 4.35160997e-04,
       4.35160997e-04, 1.30548305e-03, 3.91644891e-03, 4.35160997e-04,
       8.70321994e-04, 2.17580493e-03, 0., 0., 8.70321994e-04,
       4.35160997e-04, 0., 4.35160997e-04, 8.70321994e-04,
       4.35160997e-04, 1.30548305e-03, 0., 1.74064399e-03,
       1.30548305e-03, 0., 8.70321994e-04, 4.35160997e-04,
       2.17580493e-03, 2.17580493e-03, 5.22193220e-03, 1.30548305e-03,
       3.48128797e-03, 8.70321994e-04, 8.70321994e-04, 1.74064399e-03,
       0., 1.30548305e-03, 0., 0., 0., 1.30548305e-03, 8.70321994e-04,
       4.35160997e-04, 0., 0., 8.70321994e-04, 8.70321994e-04,
       3.91644891e-03, 0., 8.70321994e-04, 2.61096610e-03, 0.,
       1.30548305e-03, 0., 1.74064399e-03, 8.70321994e-04,
       3.48128797e-03, 8.70321994e-04, 2.61096610e-03, 8.70321994e-04,
       1.74064399e-03, 2.61096610e-03, 0., 4.35160997e-04,
       1.30548305e-03, 4.35160997e-04, 4.35160985e-03, 5.22193220e-03,
       0., 0., 1.74064399e-03, 8.70321994e-04, 1.30548305e-03,
       8.70321994e-04, 0., 2.61096610e-03, 3.04612704e-03,
       8.70321994e-04, 1.30548305e-03, 0., 0., 0., 4.35160997e-04,
       3.91644891e-03, 4.35160997e-04, 2.61096610e-03, 8.70321994e-04,
       2.61096610e-03, 4.35160997e-04, 8.70321994e-04, 1.30548305e-03,
       1.74064399e-03, 4.35160997e-04, 0., 2.61096610e-03,
       4.35160997e-04, 0., 1.30548305e-03, 8.70321994e-04, 0., 0.,
       2.61096610e-03, 2.17580493e-03, 1.74064399e-03, 0.,
       1.30548305e-03, 8.70321994e-04, 4.35160997e-04, 0., 0.,
       2.61096610e-03, 8.70321994e-04, 1.30548305e-03, 0., 0.,
       1.69712789e-02, 1.30548305e-03, 8.70321994e-04, 0.,
       8.70321994e-04, 8.70321994e-04, 6.09225407e-03, 8.70321994e-04,
       1.30548305e-03, 3.48128797e-03, 4.35160985e-03, 0.,
       8.70321994e-04, 1.74064399e-03, 8.70321994e-04, 3.91644891e-03,
       8.70321994e-04, 0., 0., 8.70321994e-04, 8.70321994e-04,
       4.35160997e-04, 0., 4.35160997e-04, 4.35160997e-04, 0.,
       2.17580493e-03, 4.35160997e-04, 0., 2.61096610e-03,
       8.70321994e-04, 4.35160997e-04, 2.17580493e-03, 0., 0.,
       5.65709313e-03, 6.96257595e-03, 8.70321994e-04, 4.35160997e-04,
       8.70321994e-04, 4.35160997e-04, 0., 8.70321994e-04, 0.,
       1.30548305e-03, 2.61096610e-03, 0., 1.30548305e-03,
       1.30548305e-03, 1.30548305e-03, 3.91644891e-03, 2.17580493e-03,
       1.74064399e-03, 8.70321994e-04, 4.35160997e-04, 1.74064399e-03,
       1.30548305e-03, 1.74064399e-03, 4.78677079e-03, 1.74064399e-03,
       1.30548305e-03, 0., 2.61096610e-03, 2.17580493e-03,
       4.35160997e-04, 8.70321994e-04, 1.74064399e-03, 8.70321994e-04,
       5.65709313e-03, 4.35160997e-04, 6.09225407e-03, 8.70321994e-04,
       4.35160997e-04, 3.04612704e-03, 1.74064399e-03, 1.30548305e-03,
       4.35160997e-04, 1.30548305e-03, 2.61096610e-03, 5.65709313e-03,
       4.35160997e-04, 0., 2.17580493e-03, 4.35160997e-04, 0.,
       2.17580493e-03, 6.09225407e-03, 1.74064399e-03, 4.35160997e-04,
       0., 8.70321994e-04, 1.30548305e-03, 4.35160997e-04,
       4.35160997e-04, 8.70321994e-04, 0., 5.65709313e-03,
       4.35160997e-04, 8.70321994e-04, 1.74064399e-03, 8.70321994e-04,
       0., 8.70321994e-04, 1.30548305e-03, 0., 0., 8.70321994e-04,
       8.70321994e-04, 2.61096610e-03, 2.17580493e-03, 7.39773689e-03,
       0., 4.35160997e-04, 1.74064399e-03, 3.48128797e-03,
       4.35160985e-03, 1.30548305e-03, 8.70321994e-04, 3.48128797e-03,
       4.35160997e-04, 2.61096610e-03, 0., 3.48128797e-03,
       1.30548305e-03, 4.35160997e-04, 4.35160985e-03, 1.74064399e-03,
       1.30548305e-03, 1.30548305e-03, 1.30548305e-03, 2.61096610e-03,
       2.17580493e-03, 1.74064399e-03, 0., 0., 2.61096610e-03, 0.,
       8.70321994e-04, 0., 2.61096610e-03, 8.70321994e-04,
       8.70321994e-04, 4.35160997e-04, 4.35160985e-03, 1.08790249e-02,
       1.30548305e-03, 1.30548305e-03, 4.35160997e-04, 8.70321994e-04,
       1.74064399e-03, 4.35160997e-04, 8.70321994e-04, 0., 0.,
       2.61096610e-03, 4.35160997e-04, 4.35160997e-04, 4.35160997e-04,
       8.70321994e-04, 1.30548305e-03, 0., 4.35160997e-04,
       2.17580493e-03, 8.70321994e-04, 8.70321994e-04, 3.48128797e-03,
       4.35160997e-04, 8.70321994e-04, 1.30548305e-03, 0.,
       4.35160997e-04, 1.30548305e-03, 4.35160997e-04, 3.48128797e-03,
       4.35160997e-04, 5.22193220e-03, 8.70321994e-04, 3.04612704e-03,
       0., 8.70321994e-04, 4.35160997e-04, 0., 8.70321994e-04,
       4.35160997e-04, 1.30548305e-03, 8.70321994e-04, 0.,
       8.70321994e-04, 1.74064399e-03, 4.35160997e-04, 8.70321994e-04,
       2.61096610e-03, 4.35160997e-04, 3.91644891e-03, 2.61096610e-03,
       4.35160997e-04, 3.04612704e-03, 0., 1.30548305e-03,
       1.74064399e-03, 8.70321994e-04, 0., 2.17580493e-03,
       1.30548305e-03, 4.35160997e-04, 1.74064399e-03, 0.,
       4.35160997e-04, 4.35160997e-04, 3.48128797e-03, 4.35160997e-04,
       1.74064399e-03, 1.30548305e-03, 0., 8.70321994e-04,
       8.70321994e-04, 1.30548305e-03, 8.70321994e-04, 4.35160997e-04,
       2.17580493e-03, 4.35160997e-04, 0., 8.70321994e-04,
       4.35160997e-04, 4.35160997e-04, 1.30548305e-03, 1.30548305e-03,
       2.17580493e-03, 4.35160997e-04, 2.61096610e-03, 4.35160997e-04,
       4.35160997e-04, 4.35160997e-04, 1.30548305e-03, 0., 0.,
       1.30548305e-03, 1.30548305e-03, 8.70321994e-04, 1.30548305e-03,
       2.61096610e-03, 8.70321994e-04, 1.30548305e-03, 0.,
       1.30548305e-03, 0., 0., 3.48128797e-03, 0., 1.74064399e-03, 0.,
       8.70321994e-04, 4.35160997e-04, 2.17580493e-03, 1.30548305e-03,
       8.70321994e-04, 8.70321994e-04, 4.35160997e-04, 1.30548305e-03,
       8.70321994e-04, 1.30548305e-03, 1.30548305e-03, 0.,
       4.35160997e-04, 1.30548305e-03, 8.70321994e-04, 4.35160997e-04,
       8.70321994e-04, 8.70321994e-04, 8.70321994e-04, 1.30548305e-03,
       0., 1.74064399e-03, 4.35160997e-04, 1.74064399e-03, 0., 0.,
       1.74064399e-03, 1.30548305e-03, 0., 4.35160997e-04,
       1.30548305e-03, 8.70321994e-04, 0., 4.35160997e-04,
       4.35160985e-03, 1.30548305e-03, 1.74064399e-03, 8.70321994e-04,
       1.30548305e-03, 1.30548305e-03, 3.91644891e-03, 2.17580493e-03,
       1.30548305e-03, 1.74064399e-03, 1.30548305e-03, 0.,
       8.70321994e-04, 3.04612704e-03, 3.04612704e-03, 4.78677079e-03,
       1.30548305e-03, 1.74064399e-03, 8.70321994e-04, 4.35160997e-04,
       4.35160997e-04, 0., 2.17580493e-03, 8.70321994e-04,
       1.30548305e-03, 8.70321994e-04, 0., 0., 0., 0., 0.,
       1.74064399e-03, 0., 4.35160997e-04, 1.74064399e-03,
       4.35160997e-04, 4.35160997e-04, 1.30548305e-03, 8.70321994e-04,
       1.30548305e-03, 4.35160997e-04, 2.17580493e-03, 3.91644891e-03,
       0., 3.48128797e-03, 0., 3.04612704e-03, 4.35160997e-04,
       4.35160997e-04, 1.30548305e-03, 8.70321994e-04, 0.,
       8.70321994e-04, 1.74064399e-03, 3.48128797e-03, 8.70321994e-04,
       1.30548305e-03, 0., 1.30548305e-03, 4.35160997e-04,
