%YAML:1.0
m10n: !!opencv-matrix
   rows: 1
   cols: 800
   dt: f
   data: [ 8.39630549e-04, 4.61796811e-03, 2.09907629e-03,
       4.19815275e-04, 2.09907629e-03, 0., 2.51889159e-03, 0.,
       4.19815275e-04, 5.45759872e-03, 8.39630549e-04, 8.39630549e-04,
       4.19815275e-04, 2.93870689e-03, 2.93870689e-03, 4.19815275e-04,
       8.39630549e-04, 0., 8.39630549e-04, 4.19815275e-04,
       5.03778318e-03, 1.67926110e-03, 1.67926110e-03, 1.67926110e-03,
       4.19815275e-04, 8.39630549e-04, 1.25944579e-03, 4.19815275e-04,
       4.19815257e-03, 4.19815275e-04, 8.39630549e-04, 4.19815275e-04,
       1.67926110e-03, 1.25944579e-03, 1.25944579e-03, 2.93870689e-03,
       1.67926110e-03, 1.25944579e-03, 1.67926110e-03, 4.19815275e-04,
       1.25944579e-03, 1.25944579e-03, 8.39630549e-04, 8.39630549e-04,
       4.19815275e-04, 2.93870689e-03, 0., 8.39630549e-04,
       1.67926110e-03, 0., 0., 1.25944579e-03, 8.39630549e-04, 0.,
       3.35852220e-03, 8.39630549e-04, 2.09907629e-03, 3.35852220e-03,
       1.67926110e-03, 1.67926110e-03, 4.19815275e-04, 4.19815275e-04,
       0., 1.25944586e-02, 2.51889159e-03, 1.67926110e-03,
       2.09907629e-03, 0., 1.67926110e-03, 0., 8.39630549e-04,
       8.39630549e-04, 0., 4.19815275e-04, 8.39630549e-04,
       2.09907629e-03, 0., 4.19815275e-04, 1.67926110e-03,
       3.77833750e-03, 0., 0., 8.39630549e-04, 2.09907629e-03,
       1.25944579e-03, 2.51889159e-03, 2.09907629e-03, 2.09907629e-03,
       1.25944579e-03, 8.39630549e-04, 8.39630549e-04, 1.67926110e-03,
       1.25944579e-03, 4.19815275e-04, 1.25944579e-03, 8.39630549e-04,
       0., 1.67926110e-03, 1.25944579e-03, 1.67926110e-03,
       4.19815275e-04, 2.09907629e-03, 1.67926110e-03, 0., 0.,
       2.51889159e-03, 0., 4.19815275e-04, 4.19815275e-04,
       1.67926110e-03, 8.39630549e-04, 1.25944579e-03, 4.61796811e-03,
       1.67926110e-03, 0., 8.39630549e-04, 0., 2.51889159e-03,
       1.25944579e-03, 1.67926110e-03, 3.35852220e-03, 8.39630549e-04,
       4.19815257e-03, 4.19815275e-04, 0., 8.39630549e-04,
       1.25944579e-03, 1.25944579e-03, 1.25944579e-03, 8.39630549e-04,
       0., 2.93870689e-03, 2.09907629e-03, 4.19815275e-04,
       2.09907629e-03, 0., 1.67926110e-03, 0., 4.19815275e-04,
       5.45759872e-03, 2.09907629e-03, 4.19815275e-04, 0.,
       4.19815257e-03, 8.39630549e-04, 1.67926110e-03, 1.25944579e-03,
       4.19815275e-04, 0., 4.19815275e-04, 2.51889159e-03,
       4.19815275e-04, 4.19815275e-04, 4.19815275e-04, 8.39630549e-04,
       4.19815275e-04, 8.39630549e-04, 2.51889159e-03, 0., 0.,
       4.19815275e-04, 1.67926110e-03, 2.09907629e-03, 8.39630549e-04,
       0., 0., 1.25944579e-03, 4.19815275e-04, 0., 1.25944579e-03,
       8.39630549e-04, 3.77833750e-03, 1.25944579e-03, 8.39630549e-04,
       0., 4.19815275e-04, 8.39630549e-04, 1.25944579e-03,
       1.67926110e-03, 5.45759872e-03, 5.45759872e-03, 1.67926110e-03,
       8.39630549e-04, 0., 4.19815275e-04, 4.19815275e-04,
       1.25944579e-03, 4.19815275e-04, 0., 4.19815275e-04,
       8.39630549e-04, 4.19815275e-04, 2.93870689e-03, 0., 0.,
       2.93870689e-03, 4.19815275e-04, 8.39630549e-04, 4.19815275e-04,
       4.19815275e-04, 2.93870689e-03, 8.39630549e-04, 1.67926110e-03,
       1.25944579e-03, 8.39630549e-04, 4.19815275e-04, 2.93870689e-03,
       8.81612115e-03, 1.25944579e-03, 4.19815275e-04, 4.19815257e-03,
       4.19815275e-04, 0., 4.19815275e-04, 1.25944579e-03,
       1.25944579e-03, 8.39630549e-04, 0., 1.25944579e-03,
       8.39630549e-04, 1.25944579e-03, 6.29722932e-03, 8.39630549e-04,
       8.39630549e-04, 8.39630549e-04, 1.25944579e-03, 1.67926110e-03,
       3.35852220e-03, 2.09907629e-03, 2.09907629e-03, 1.67926110e-03,
       8.39630549e-04, 1.25944579e-03, 0., 8.39630549e-04,
       4.19815275e-04, 1.25944579e-03, 1.25944579e-03, 4.19815275e-04,
       0., 1.67926110e-03, 4.61796811e-03, 1.25944579e-03,
       4.19815275e-04, 2.93870689e-03, 0., 1.67926110e-03,
       1.67926110e-03, 8.39630549e-04, 4.19815275e-04, 4.19815275e-04,
       8.39630549e-04, 4.19815275e-04, 1.25944579e-03, 1.25944579e-03,
       2.51889159e-03, 4.19815275e-04, 8.39630549e-04, 1.25944579e-03,
       1.67926110e-03, 8.39630549e-04, 8.39630549e-04, 0.,
       1.67926110e-03, 4.19815275e-04, 4.19815275e-04, 8.39630549e-04,
       7.13685947e-03, 8.39630549e-04, 4.19815275e-04, 2.93870689e-03,
       8.39630549e-04, 3.35852220e-03, 1.25944579e-03, 8.39630549e-04,
       4.19815275e-04, 4.19815275e-04, 2.09907629e-03, 2.09907629e-03,
       4.19815275e-04, 0., 2.09907629e-03, 8.39630549e-04,
       1.67926110e-03, 2.93870689e-03, 1.67926110e-03, 1.25944579e-03,
       0., 2.51889159e-03, 0., 8.39630549e-04, 2.51889159e-03, 0., 0.,
       3.35852220e-03, 4.19815257e-03, 5.03778318e-03, 0.,
       4.19815275e-04, 8.39630549e-04, 0., 1.25944579e-03,
       1.25944579e-03, 1.25944579e-03, 1.25944579e-03, 1.25944579e-03,
       1.67926110e-03, 0., 2.51889159e-03, 0., 1.25944579e-03,
       1.67926110e-03, 2.51889159e-03, 1.25944579e-03, 8.39630549e-04,
       7.13685947e-03, 1.25944579e-03, 1.25944579e-03, 2.51889159e-03,
       4.19815275e-04, 2.09907629e-03, 1.25944579e-03, 4.19815275e-04,
       1.67926110e-03, 0., 2.09907629e-03, 2.09907629e-03,
       2.09907629e-03, 4.19815275e-04, 1.67926110e-03, 4.19815275e-04,
       0., 0., 1.67926110e-03, 8.39630549e-04, 1.67926110e-03,
       3.35852220e-03, 1.25944579e-03, 8.39630549e-04, 4.19815275e-04,
       3.35852220e-03, 4.19815275e-04, 1.25944579e-03, 2.09907629e-03,
       4.19815275e-04, 8.39630549e-04, 1.67926110e-03, 0.,
       7.13685947e-03, 0., 2.51889159e-03, 8.39630549e-04, 0.,
       1.25944579e-03, 4.19815275e-04, 8.39630549e-04, 1.25944579e-03,
       0., 4.19815275e-04, 0., 1.67926110e-03, 8.39630549e-04,
       8.39630549e-04, 0., 4.61796811e-03, 1.67926110e-03,
       8.39630549e-04, 1.67926110e-03, 8.39630549e-04, 2.09907629e-03,
       5.87741379e-03, 4.19815275e-04, 4.19815275e-04, 8.39630549e-04,
       4.61796811e-03, 4.19815275e-04, 1.25944579e-03, 4.19815275e-04,
       1.25944579e-03, 0., 4.19815275e-04, 0., 1.67926110e-03,
       4.19815275e-04, 0., 8.39630549e-04, 2.09907629e-03,
       8.39630549e-04, 4.19815275e-04, 2.09907629e-03, 3.35852220e-03,
       8.39630549e-04, 1.25944579e-03, 2.51889159e-03, 1.25944579e-03,
       8.39630549e-04, 2.09907629e-03, 8.39630549e-04, 4.61796811e-03,
       8.39630549e-04, 1.25944579e-03, 1.67926110e-03, 8.39630549e-04,
       8.39630549e-04, 8.39630549e-04, 4.19815275e-04, 4.19815275e-04,
       0., 1.25944579e-03, 1.25944579e-03, 4.19815275e-04,
       5.45759872e-03, 4.19815275e-04, 1.25944579e-03, 4.19815275e-04,
       8.39630549e-04, 1.25944579e-03, 4.19815275e-04, 4.19815275e-04,
       2.93870689e-03, 8.39630549e-04, 1.25944579e-03, 8.39630549e-04,
       1.25944579e-03, 0., 2.93870689e-03, 8.39630549e-04,
       1.25944579e-03, 4.19815275e-04, 8.39630549e-04, 0.,
       1.67926110e-03, 1.25944579e-03, 8.39630549e-04, 4.19815275e-04,
       1.67926110e-03, 2.51889159e-03, 4.19815275e-04, 2.09907629e-03,
       4.19815275e-04, 4.19815275e-04, 8.39630549e-04, 4.19815275e-04,
       8.39630549e-04, 1.25944579e-03, 1.25944579e-03, 0.,
       4.19815275e-04, 1.67926110e-03, 4.19815275e-04, 1.25944579e-03,
       4.19815275e-04, 4.19815275e-04, 1.25944579e-03, 0.,
       2.09907629e-03, 4.19815275e-04, 4.19815275e-04, 1.25944579e-03,
       8.39630549e-04, 1.67926110e-03, 1.25944579e-03, 8.39630549e-04,
       2.93870689e-03, 0., 1.25944579e-03, 8.39630549e-04,
       4.19815275e-04, 1.67926110e-03, 3.35852220e-03, 2.09907629e-03,
       3.35852220e-03, 2.51889159e-03, 1.67926110e-03, 1.67926110e-03,
       2.09907629e-03, 4.19815275e-04, 4.19815275e-04, 1.25944579e-03,
       1.25944579e-03, 4.19815275e-04, 4.19815275e-04, 8.39630549e-04,
       8.39630549e-04, 4.19815275e-04, 8.39630549e-04, 0.,
       8.39630549e-04, 4.19815275e-04, 1.25944579e-03, 4.61796811e-03,
       0., 4.19815275e-04, 1.67926110e-03, 8.39630549e-04, 0.,
