%YAML:1.0
m10n: !!opencv-matrix
   rows: 1
   cols: 800
   dt: f
   data: [ 8.19672132e-04, 4.09836066e-04, 1.22950820e-03,
       1.63934426e-03, 3.27868853e-03, 4.09836066e-04, 4.91803279e-03,
       0., 8.19672132e-04, 4.09836066e-04, 2.45901640e-03,
       2.04918021e-03, 8.19672132e-04, 2.04918021e-03, 8.19672132e-04,
       4.09836066e-04, 3.27868853e-03, 8.19672132e-04, 1.63934426e-03,
       2.86885258e-03, 2.86885258e-03, 8.19672132e-04, 1.22950820e-03,
       4.09836066e-04, 0., 4.09836066e-04, 1.63934426e-03,
       7.78688537e-03, 2.45901640e-03, 4.09836066e-04, 1.22950820e-03,
       2.45901640e-03, 8.19672132e-04, 8.19672132e-04, 0., 0.,
       4.09836066e-04, 8.19672132e-04, 2.86885258e-03, 8.19672132e-04,
       2.86885258e-03, 2.45901640e-03, 0., 1.22950820e-03,
       1.63934426e-03, 4.09836066e-04, 1.63934426e-03, 1.63934426e-03,
       4.09836066e-04, 0., 4.09836066e-04, 1.63934426e-03,
       4.09836066e-04, 2.45901640e-03, 2.04918021e-03, 8.19672132e-04,
       4.09836066e-04, 3.27868853e-03, 8.19672132e-04, 1.63934426e-03,
       2.45901640e-03, 8.19672132e-04, 1.63934426e-03, 3.27868853e-03,
       3.27868853e-03, 8.19672132e-04, 1.63934426e-03, 0.,
       8.60655773e-03, 8.19672132e-04, 1.63934426e-03, 8.19672132e-04,
       4.09836066e-04, 4.09836043e-03, 1.63934426e-03, 1.22950820e-03,
       8.19672132e-04, 4.09836066e-04, 4.09836043e-03, 4.09836066e-04,
       0., 0., 8.19672132e-04, 8.19672132e-04, 1.22950820e-03, 0.,
       1.22950820e-03, 4.91803279e-03, 2.04918021e-03, 1.63934426e-03,
       1.22950820e-03, 4.09836066e-04, 1.63934426e-03, 4.09836066e-04,
       1.22950820e-03, 0., 8.19672132e-04, 8.19672132e-04,
       4.09836066e-04, 1.22950820e-03, 4.09836066e-04, 8.19672132e-04,
       2.04918021e-03, 8.19672132e-04, 1.22950820e-03, 4.09836043e-03,
       1.63934426e-03, 4.09836066e-04, 2.86885258e-03, 1.22950820e-03,
       8.19672132e-04, 2.86885258e-03, 1.22950820e-03, 0.,
       1.22950820e-03, 0., 0., 4.09836066e-04, 8.19672132e-04,
       4.09836066e-04, 8.19672132e-04, 1.22950820e-03, 0.,
       2.04918021e-03, 1.22950820e-03, 0., 1.22950820e-03,
       2.04918021e-03, 4.09836043e-03, 2.04918021e-03, 1.63934426e-03,
       3.68852448e-03, 1.22950820e-03, 2.86885258e-03, 1.63934426e-03,
       4.09836066e-04, 4.09836066e-04, 2.45901640e-03, 0.,
       1.22950820e-03, 1.63934426e-03, 8.19672132e-04, 1.63934426e-03,
       8.19672132e-04, 4.09836066e-04, 4.09836066e-04, 1.63934426e-03,
       4.09836066e-04, 0., 4.09836066e-04, 8.19672132e-04, 0.,
       8.19672132e-04, 4.09836066e-04, 8.19672132e-04, 4.09836066e-04,
       4.09836066e-04, 4.09836066e-04, 8.19672132e-04, 1.22950820e-03,
       4.09836066e-04, 8.19672132e-04, 2.86885258e-03, 8.19672132e-04,
       4.09836066e-04, 4.09836066e-04, 1.63934426e-03, 3.68852448e-03,
       4.09836066e-04, 4.09836066e-04, 1.63934426e-03, 1.22950820e-03,
       2.86885258e-03, 1.22950820e-03, 0., 8.19672132e-04,
       2.45901640e-03, 8.19672132e-04, 1.22950820e-03, 4.09836066e-04,
       1.22950820e-03, 0., 4.09836066e-04, 1.22950820e-03,
       1.22950820e-03, 8.19672132e-04, 0., 2.86885258e-03, 0.,
       1.22950820e-03, 6.14754111e-03, 4.09836066e-04, 3.27868853e-03,
       0., 2.04918021e-03, 8.19672132e-04, 8.19672132e-04,
       2.86885258e-03, 1.63934426e-03, 3.27868853e-03, 4.91803279e-03,
       1.22950820e-03, 1.63934426e-03, 2.45901640e-03, 0.,
       1.22950820e-03, 4.09836066e-04, 3.27868853e-03, 8.19672132e-04,
       1.63934426e-03, 3.27868853e-03, 2.86885258e-03, 0.,
       2.86885258e-03, 8.19672132e-04, 8.19672132e-04, 1.63934426e-03,
       2.04918021e-03, 8.19672132e-04, 2.86885258e-03, 1.63934426e-03,
       4.91803279e-03, 1.63934426e-03, 4.09836066e-04, 1.22950820e-03,
       2.04918021e-03, 2.04918021e-03, 1.22950820e-03, 1.22950820e-03,
       8.19672132e-04, 0., 1.22950820e-03, 8.19672132e-04,
       1.22950820e-03, 4.91803279e-03, 0., 3.27868853e-03,
       1.63934426e-03, 2.04918021e-03, 4.09836043e-03, 2.04918021e-03,
       0., 1.63934426e-03, 2.45901640e-03, 0., 1.63934426e-03,
       4.50819684e-03, 3.27868853e-03, 1.22950820e-03, 2.45901640e-03,
       1.63934426e-03, 2.86885258e-03, 8.19672132e-04, 4.09836066e-04,
       1.22950820e-03, 0., 2.45901640e-03, 1.63934426e-03,
       2.45901640e-03, 3.27868853e-03, 8.19672132e-04, 2.45901640e-03,
       8.19672132e-04, 4.09836066e-04, 1.22950820e-03, 4.09836066e-04,
       4.09836066e-04, 0., 0., 4.09836066e-04, 1.63934426e-03, 0.,
       1.22950820e-03, 1.22950820e-03, 8.19672132e-04, 0., 0.,
       2.04918021e-03, 1.63934426e-03, 2.86885258e-03, 4.09836066e-04,
       0., 2.04918021e-03, 2.04918021e-03, 8.19672132e-04,
       8.19672132e-04, 1.63934426e-03, 2.45901640e-03, 2.45901640e-03,
       3.27868853e-03, 4.09836066e-04, 3.68852448e-03, 0.,
       2.04918021e-03, 1.63934426e-03, 4.09836066e-04, 0.,
       4.09836066e-04, 4.09836066e-04, 0., 2.04918021e-03,
       8.19672132e-04, 0., 1.63934426e-03, 8.19672132e-04,
       4.09836066e-04, 2.45901640e-03, 4.09836066e-04, 8.19672132e-04,
       1.22950820e-03, 1.22950820e-03, 2.04918021e-03, 2.86885258e-03,
       1.22950820e-03, 8.19672132e-04, 1.22950820e-03, 3.27868853e-03,
       2.45901640e-03, 0., 0., 2.04918021e-03, 2.04918021e-03, 0.,
       4.09836066e-04, 8.19672132e-04, 2.04918021e-03, 8.19672132e-04,
       2.45901640e-03, 2.45901640e-03, 1.22950820e-03, 2.04918021e-03,
       4.09836066e-04, 1.63934426e-03, 0., 2.04918021e-03,
       4.09836043e-03, 4.09836066e-04, 4.09836043e-03, 1.63934426e-03,
       1.22950820e-03, 0., 2.45901640e-03, 2.45901640e-03,
       1.22950820e-03, 8.19672132e-04, 8.19672132e-04, 4.09836066e-04,
       4.09836066e-04, 0., 8.19672132e-04, 1.22950820e-03,
       1.22950820e-03, 0., 2.86885258e-03, 0., 8.19672132e-04,
       2.04918021e-03, 4.09836066e-04, 3.27868853e-03, 2.86885258e-03,
       0., 0., 1.63934426e-03, 8.19672132e-04, 0., 4.09836066e-04,
       3.27868853e-03, 2.04918021e-03, 8.19672132e-04, 0.,
       3.68852448e-03, 4.91803279e-03, 0., 1.63934426e-03,
       1.63934426e-03, 8.19672132e-04, 1.22950820e-03, 2.04918021e-03,
       0., 8.19672132e-04, 2.04918021e-03, 1.22950820e-03,
       8.19672132e-04, 8.19672132e-04, 2.04918021e-03, 1.22950820e-03,
       4.09836066e-04, 1.63934426e-03, 4.09836066e-04, 4.09836066e-04,
       0., 4.09836066e-04, 0., 8.19672132e-04, 4.09836066e-04,
       2.04918021e-03, 2.04918021e-03, 1.22950820e-03, 8.19672132e-04,
       1.22950820e-03, 0., 2.86885258e-03, 0., 3.27868853e-03,
       4.09836066e-04, 8.19672132e-04, 4.09836066e-04, 8.19672132e-04,
       2.86885258e-03, 0., 1.22950820e-03, 0., 2.04918021e-03,
       3.27868853e-03, 0., 1.22950820e-03, 3.27868853e-03,
       2.04918021e-03, 4.09836066e-04, 8.19672132e-04, 2.04918021e-03,
       8.19672132e-04, 2.86885258e-03, 4.09836066e-04, 8.19672132e-04,
       1.22950820e-03, 0., 2.04918021e-03, 0., 4.09836066e-04,
       1.22950820e-03, 4.09836066e-04, 6.96721300e-03, 1.22950820e-03,
       1.63934426e-03, 1.63934426e-03, 8.19672132e-04, 0.,
       2.04918021e-03, 8.19672132e-04, 4.09836066e-04, 1.22950820e-03,
       4.09836066e-04, 4.09836066e-04, 1.22950820e-03, 0., 0.,
       1.63934426e-03, 1.22950820e-03, 0., 2.86885258e-03,
       8.19672132e-04, 4.09836066e-04, 2.45901640e-03, 2.86885258e-03,
       4.09836066e-04, 2.04918021e-03, 1.63934426e-03, 4.91803279e-03,
       4.09836066e-04, 4.09836066e-04, 4.09836066e-04, 0.,
       8.19672132e-04, 2.45901640e-03, 2.86885258e-03, 8.19672132e-04,
       4.09836066e-04, 1.63934426e-03, 8.19672132e-04, 0., 0.,
       2.04918021e-03, 8.19672132e-04, 8.19672132e-04, 4.09836066e-04,
       4.09836066e-04, 0., 0., 5.73770516e-03, 1.22950820e-03,
       8.19672132e-04, 1.63934426e-03, 8.19672132e-04, 1.63934426e-03,
       4.09836066e-04, 1.22950820e-03, 1.22950820e-03, 0.,
       2.04918021e-03, 4.09836043e-03, 0., 0., 0., 0., 3.68852448e-03,
       1.22950820e-03, 4.09836066e-04, 8.19672132e-04, 0.,
