%YAML:1.0
m10n: !!opencv-matrix
   rows: 1
   cols: 800
   dt: f
   data: [ 7.77604990e-04, 3.88802495e-04, 1.94401247e-03,
       3.88802495e-04, 1.94401247e-03, 7.77604990e-04, 1.94401247e-03,
       3.88802495e-04, 7.77604990e-04, 1.16640748e-03, 5.05443243e-03,
       1.94401247e-03, 4.27682744e-03, 4.66562994e-03, 3.88802495e-04,
       0., 3.11041996e-03, 1.16640748e-03, 3.88802495e-04,
       7.77604990e-04, 1.16640748e-03, 1.16640748e-03, 3.88802495e-04,
       0., 1.16640748e-03, 3.88802495e-04, 7.77604990e-04,
       6.99844491e-03, 3.88802495e-04, 0., 3.88802495e-04,
       3.88802495e-04, 7.77604990e-04, 1.55520998e-03, 7.77604990e-04,
       1.94401247e-03, 7.77604990e-04, 0., 2.72161746e-03, 0.,
       2.33281497e-03, 7.77604990e-04, 0., 7.77604990e-04,
       3.88802495e-04, 1.94401247e-03, 3.88802495e-04, 3.88802495e-04,
       1.16640748e-03, 0., 3.88802495e-04, 1.55520998e-03,
       1.55520998e-03, 2.33281497e-03, 7.77604990e-04, 3.49922245e-03,
       3.88802495e-04, 3.88802495e-04, 1.94401247e-03, 7.77604990e-04,
       1.16640748e-03, 0., 7.77604990e-04, 2.33281497e-03,
       4.27682744e-03, 3.88802495e-04, 0., 1.94401247e-03,
       7.77604990e-04, 3.88802495e-04, 3.11041996e-03, 1.55520998e-03,
       3.88802495e-04, 1.94401247e-03, 7.77604990e-04, 1.55520998e-03,
       7.77604990e-04, 7.77604990e-04, 3.11041996e-03, 1.94401247e-03,
       3.88802495e-04, 3.88802495e-04, 1.94401247e-03, 7.77604990e-04,
       1.55520998e-03, 1.16640748e-03, 3.88802495e-04, 5.05443243e-03,
       2.72161746e-03, 2.72161746e-03, 1.55520998e-03, 1.16640748e-03,
       1.16640748e-03, 0., 2.33281497e-03, 0., 1.55520998e-03,
       2.72161746e-03, 1.55520998e-03, 7.77604990e-04, 3.88802495e-04,
       3.88802495e-04, 2.72161746e-03, 0., 3.88802495e-04,
       2.72161746e-03, 1.94401247e-03, 7.77604990e-04, 1.16640748e-03,
       3.88802495e-04, 2.33281497e-03, 2.72161746e-03, 0., 0.,
       2.33281497e-03, 1.16640748e-03, 0., 7.77604990e-04,
       7.77604990e-04, 7.77604990e-04, 1.94401247e-03, 1.94401247e-03,
       0., 5.05443243e-03, 3.88802495e-04, 3.88802495e-03,
       1.94401247e-03, 7.77604990e-04, 3.11041996e-03, 7.77604990e-04,
       3.88802495e-04, 3.88802495e-04, 2.33281497e-03, 0.,
       1.55520998e-03, 3.88802495e-04, 1.94401247e-03, 3.88802495e-04,
       1.55520998e-03, 7.77604990e-04, 4.27682744e-03, 2.72161746e-03,
       3.88802495e-04, 7.77604990e-04, 7.77604990e-04, 7.77604990e-04,
       3.88802495e-04, 3.88802495e-04, 3.88802495e-04, 1.16640748e-03,
       2.72161746e-03, 0., 2.33281497e-03, 7.77604990e-04,
       3.88802495e-04, 0., 0., 3.11041996e-03, 0., 1.55520998e-03,
       3.88802495e-04, 0., 7.77604990e-04, 1.94401247e-03,
       3.88802495e-04, 0., 1.16640748e-03, 2.33281497e-03, 0.,
       3.88802495e-04, 3.88802495e-04, 0., 1.16640748e-03,
       3.88802495e-04, 7.77604990e-04, 0., 2.33281497e-03,
       3.88802495e-04, 1.16640748e-03, 1.16640748e-03, 1.16640748e-03,
       3.11041996e-03, 3.88802495e-04, 1.16640748e-03, 1.94401247e-03,
       1.55520998e-03, 0., 2.72161746e-03, 0., 3.49922245e-03,
       3.88802495e-04, 2.33281497e-03, 1.16640748e-03, 1.16640748e-03,
       1.55520998e-03, 0., 7.77604990e-04, 4.27682744e-03,
       3.88802495e-04, 0., 4.66562994e-03, 1.55520998e-03,
       5.05443243e-03, 2.72161746e-03, 0., 2.33281497e-03,
       1.16640748e-03, 1.16640748e-03, 7.77604990e-04, 1.94401247e-03,
       2.33281497e-03, 3.11041996e-03, 0., 4.66562994e-03,
       3.88802495e-04, 7.77604990e-04, 1.94401247e-03, 3.88802495e-03,
       0., 3.88802495e-04, 1.55520998e-03, 3.88802495e-04,
       1.94401247e-03, 7.77604990e-04, 3.88802495e-04, 3.11041996e-03,
       1.94401247e-03, 2.33281497e-03, 7.77604990e-04, 2.72161746e-03,
       0., 2.33281497e-03, 1.16640748e-03, 1.16640748e-03,
       1.16640748e-03, 3.88802495e-04, 1.55520998e-03, 1.16640748e-03,
       7.77604990e-04, 7.77604990e-04, 2.72161746e-03, 1.16640748e-03,
       1.94401247e-03, 7.77604990e-04, 3.88802495e-04, 2.33281497e-03,
       7.77604990e-03, 2.33281497e-03, 0., 5.83203742e-03,
       4.27682744e-03, 1.16640748e-03, 1.94401247e-03, 1.16640748e-03,
       1.16640748e-03, 0., 2.72161746e-03, 4.27682744e-03,
       1.94401247e-03, 3.11041996e-03, 1.16640748e-03, 2.72161746e-03,
       3.88802495e-04, 7.77604990e-04, 2.33281497e-03, 0.,
       3.88802495e-04, 7.77604990e-04, 0., 3.49922245e-03,
       1.55520998e-03, 0., 3.88802495e-04, 7.77604990e-04,
       1.55520998e-03, 3.88802495e-04, 0., 2.33281497e-03,
       1.16640748e-03, 1.16640748e-03, 7.77604990e-04, 3.88802495e-04,
       3.11041996e-03, 2.72161746e-03, 3.88802495e-04, 0.,
       3.88802495e-04, 1.16640748e-03, 1.55520998e-03, 7.77604990e-04,
       5.44323493e-03, 5.05443243e-03, 0., 2.33281497e-03,
       1.55520998e-03, 3.88802495e-04, 3.88802495e-04, 1.55520998e-03,
       1.16640748e-03, 0., 3.88802495e-04, 2.33281497e-03,
       2.72161746e-03, 0., 1.55520998e-03, 0., 1.55520998e-03,
       1.16640748e-03, 1.16640748e-03, 1.94401247e-03, 7.77604990e-04,
       0., 3.49922245e-03, 1.16640748e-03, 1.55520998e-03, 0.,
       7.77604990e-04, 2.33281497e-03, 0., 3.88802495e-04,
       3.49922245e-03, 4.27682744e-03, 3.11041996e-03, 3.88802495e-04,
       2.33281497e-03, 1.16640748e-03, 7.77604990e-04, 7.77604990e-04,
       0., 2.33281497e-03, 2.33281497e-03, 0., 3.88802495e-04,
       7.77604990e-04, 0., 2.33281497e-03, 2.33281497e-03,
       1.94401247e-03, 1.16640748e-03, 1.94401247e-03, 7.77604990e-04,
       1.16640748e-03, 1.16640748e-03, 3.49922245e-03, 1.55520998e-03,
       3.88802495e-03, 3.88802495e-04, 0., 7.77604990e-04,
       2.33281497e-03, 1.55520998e-03, 7.77604990e-04, 0.,
       2.33281497e-03, 0., 7.77604990e-04, 1.94401247e-03,
       3.88802495e-04, 4.27682744e-03, 1.94401247e-03, 3.88802495e-04,
       5.83203742e-03, 7.77604990e-04, 0., 0., 3.88802495e-04,
       2.33281497e-03, 7.77604990e-04, 3.88802495e-04, 0.,
       2.33281497e-03, 7.77604990e-04, 0., 7.77604990e-04, 0.,
       7.77604990e-04, 3.88802495e-04, 0., 0., 1.16640748e-03,
       1.94401247e-03, 1.16640748e-03, 1.55520998e-03, 1.55520998e-03,
       7.77604990e-04, 1.94401247e-03, 1.16640748e-03, 3.88802495e-04,
       4.66562994e-03, 2.33281497e-03, 1.55520998e-03, 0., 0.,
       7.77604990e-04, 3.88802495e-04, 1.16640748e-03, 0.,
       3.88802495e-04, 7.77604990e-04, 1.16640748e-03, 0.,
       5.83203742e-03, 1.16640748e-03, 1.55520998e-03, 3.88802495e-04,
       7.77604990e-04, 1.16640748e-03, 1.55520998e-03, 3.88802495e-04,
       0., 3.88802495e-04, 3.88802495e-04, 1.16640748e-03,
       1.94401247e-03, 0., 1.94401247e-03, 1.94401247e-03,
       3.88802495e-04, 3.88802495e-04, 3.88802495e-04, 3.88802495e-04,
       1.55520998e-03, 1.55520998e-03, 0., 7.77604990e-04, 0.,
       7.77604990e-04, 3.88802495e-04, 0., 1.16640748e-03,
       3.88802495e-04, 1.16640748e-03, 2.72161746e-03, 7.77604990e-04,
       3.88802495e-04, 3.49922245e-03, 0., 0., 7.77604990e-04,
       3.88802495e-04, 7.77604990e-04, 7.77604990e-04, 7.77604990e-04,
       3.88802495e-04, 1.16640748e-03, 0., 0., 3.11041996e-03,
       1.94401247e-03, 4.66562994e-03, 2.72161746e-03, 1.16640748e-03,
       0., 3.88802495e-04, 1.16640748e-03, 3.88802495e-04,
       1.55520998e-03, 7.77604990e-04, 2.33281497e-03, 1.55520998e-03,
       7.77604990e-04, 0., 3.88802495e-04, 7.77604990e-04,
       7.77604990e-04, 2.72161746e-03, 0., 1.16640748e-03,
       1.55520998e-03, 3.88802495e-04, 0., 3.88802495e-04,
       3.49922245e-03, 3.49922245e-03, 0., 3.88802495e-04,
       1.55520998e-03, 1.16640748e-03, 7.77604990e-04, 1.94401247e-03,
       7.77604990e-04, 0., 1.94401247e-03, 7.77604990e-04, 0., 0.,
       3.11041996e-03, 0., 3.88802495e-04, 1.16640748e-03,
       1.16640748e-03, 1.16640748e-03, 3.88802495e-04, 0.,
       1.55520998e-03, 2.33281497e-03, 7.77604990e-04, 3.88802495e-04,
       0., 1.16640748e-03, 1.55520998e-03, 3.88802495e-04,
       3.88802495e-04, 7.77604990e-04, 1.55520998e-03, 4.27682744e-03,
