%YAML:1.0
m10n: !!opencv-matrix
   rows: 1
   cols: 800
   dt: f
   data: [ 1.72786182e-03, 2.15982739e-03, 8.63930909e-04, 0.,
       1.72786182e-03, 4.31965454e-04, 8.63930909e-04, 0.,
       4.31965454e-04, 3.88768921e-03, 4.31965454e-04, 1.72786182e-03,
       1.29589636e-03, 1.29589636e-03, 1.29589636e-03, 4.31965454e-04,
       1.72786182e-03, 1.72786182e-03, 8.63930909e-04, 0.,
       7.34341284e-03, 0., 4.31965454e-04, 4.31965454e-04,
       6.04751613e-03, 0., 8.63930909e-04, 2.15982739e-03,
       6.47948170e-03, 3.02375806e-03, 8.63930909e-04, 1.29589636e-03,
       4.31965454e-04, 0., 4.31965454e-04, 3.45572364e-03, 0.,
       1.29589636e-03, 2.59179273e-03, 8.63930909e-04, 1.72786182e-03,
       1.72786182e-03, 3.88768921e-03, 0., 1.29589636e-03,
       1.72786182e-03, 0., 0., 8.63930909e-04, 0., 1.29589636e-03,
       8.63930909e-04, 1.72786182e-03, 4.31965454e-04, 3.02375806e-03,
       0., 4.31965454e-04, 1.29589636e-03, 3.02375806e-03, 0., 0.,
       4.31965454e-04, 4.31965454e-04, 1.72786182e-03, 4.75161988e-03,
       8.63930909e-04, 4.31965454e-04, 2.15982739e-03, 4.31965454e-04,
       0., 4.31965454e-04, 8.63930909e-04, 0., 4.31965454e-04,
       1.72786182e-03, 0., 1.72786182e-03, 0., 2.59179273e-03,
       1.29589636e-03, 0., 4.31965454e-04, 8.63930909e-04,
       1.72786182e-03, 2.15982739e-03, 4.75161988e-03, 8.63930909e-04,
       3.45572364e-03, 4.31965454e-04, 8.63930909e-04, 2.15982739e-03,
       0., 8.63930909e-04, 0., 0., 0., 8.63930909e-04, 8.63930909e-04,
       8.63930909e-04, 0., 0., 4.31965454e-04, 4.31965454e-04,
       3.88768921e-03, 0., 2.15982739e-03, 1.72786182e-03, 0.,
       2.15982739e-03, 4.31965454e-04, 1.29589636e-03, 1.72786182e-03,
       3.45572364e-03, 8.63930909e-04, 3.02375806e-03, 8.63930909e-04,
       2.15982739e-03, 8.63930909e-04, 0., 0., 4.31965454e-04, 0.,
       3.88768921e-03, 3.88768921e-03, 4.31965454e-04, 0.,
       1.29589636e-03, 8.63930909e-04, 4.31965454e-04, 1.29589636e-03,
       0., 1.72786182e-03, 3.02375806e-03, 4.31965454e-04,
       1.72786182e-03, 0., 8.63930909e-04, 0., 0., 3.45572364e-03,
       8.63930909e-04, 2.15982739e-03, 1.29589636e-03, 1.72786182e-03,
       8.63930909e-04, 4.31965454e-04, 2.15982739e-03, 1.72786182e-03,
       4.31965454e-04, 8.63930909e-04, 2.59179273e-03, 4.31965454e-04,
       0., 1.29589636e-03, 8.63930909e-04, 0., 0., 1.72786182e-03,
       1.72786182e-03, 8.63930909e-04, 0., 8.63930909e-04,
       4.31965454e-04, 4.31965454e-04, 0., 0., 3.02375806e-03,
       1.72786182e-03, 1.72786182e-03, 0., 4.31965454e-04,
       1.51187908e-02, 1.72786182e-03, 4.31965454e-04, 4.31965454e-04,
       4.31965454e-04, 4.31965454e-04, 6.91144727e-03, 4.31965454e-04,
       1.29589636e-03, 2.15982739e-03, 5.61555102e-03, 0.,
       4.31965454e-04, 1.29589636e-03, 1.29589636e-03, 3.45572364e-03,
       4.31965454e-04, 0., 0., 8.63930909e-04, 1.29589636e-03,
       4.31965454e-04, 0., 0., 1.72786182e-03, 4.31965454e-04,
       2.15982739e-03, 4.31965454e-04, 0., 2.59179273e-03,
       8.63930909e-04, 0., 2.59179273e-03, 0., 4.31965454e-04,
       4.75161988e-03, 8.20734352e-03, 0., 4.31965454e-04,
       1.29589636e-03, 1.29589636e-03, 0., 8.63930909e-04, 0.,
       4.31965454e-04, 3.02375806e-03, 0., 1.72786182e-03,
       1.29589636e-03, 1.29589636e-03, 3.45572364e-03, 1.72786182e-03,
       1.72786182e-03, 8.63930909e-04, 1.29589636e-03, 3.02375806e-03,
       8.63930909e-04, 2.15982739e-03, 5.18358545e-03, 1.72786182e-03,
       1.72786182e-03, 0., 1.72786182e-03, 2.59179273e-03,
       4.31965454e-04, 8.63930909e-04, 2.15982739e-03, 0.,
       4.75161988e-03, 4.31965454e-04, 6.47948170e-03, 1.29589636e-03,
       4.31965454e-04, 3.88768921e-03, 2.15982739e-03, 1.72786182e-03,
       8.63930909e-04, 8.63930909e-04, 2.15982739e-03, 5.61555102e-03,
       4.31965454e-04, 0., 2.59179273e-03, 0., 0., 2.15982739e-03,
       6.04751613e-03, 8.63930909e-04, 8.63930909e-04, 4.31965454e-04,
       1.29589636e-03, 8.63930909e-04, 0., 8.63930909e-04,
       8.63930909e-04, 0., 5.18358545e-03, 0., 1.29589636e-03,
       1.72786182e-03, 8.63930909e-04, 4.31965454e-04, 8.63930909e-04,
       8.63930909e-04, 4.31965454e-04, 1.29589636e-03, 1.29589636e-03,
       1.29589636e-03, 8.63930909e-04, 1.72786182e-03, 6.91144727e-03,
       8.63930909e-04, 4.31965454e-04, 1.29589636e-03, 3.02375806e-03,
       4.75161988e-03, 1.29589636e-03, 4.31965454e-04, 3.02375806e-03,
       4.31965454e-04, 2.15982739e-03, 4.31965454e-04, 2.15982739e-03,
       1.72786182e-03, 4.31965454e-04, 4.75161988e-03, 1.72786182e-03,
       1.29589636e-03, 1.29589636e-03, 8.63930909e-04, 1.72786182e-03,
       3.02375806e-03, 1.72786182e-03, 4.31965454e-04, 0.,
       2.59179273e-03, 0., 1.29589636e-03, 0., 2.15982739e-03,
       1.72786182e-03, 1.29589636e-03, 0., 4.75161988e-03,
       6.91144727e-03, 1.29589636e-03, 8.63930909e-04, 8.63930909e-04,
       1.29589636e-03, 4.31965454e-04, 4.31965454e-04, 8.63930909e-04,
       0., 0., 2.59179273e-03, 8.63930909e-04, 4.31965454e-04,
       4.31965454e-04, 4.31965454e-04, 1.72786182e-03, 0.,
       8.63930909e-04, 1.29589636e-03, 8.63930909e-04, 8.63930909e-04,
       2.59179273e-03, 4.31965454e-04, 8.63930909e-04, 8.63930909e-04,
       4.31965454e-04, 4.31965454e-04, 8.63930909e-04, 0.,
       3.02375806e-03, 4.31965454e-04, 5.18358545e-03, 8.63930909e-04,
       2.59179273e-03, 0., 0., 4.31965454e-04, 0., 2.59179273e-03, 0.,
       4.31965454e-04, 8.63930909e-04, 0., 1.72786182e-03,
       1.29589636e-03, 4.31965454e-04, 4.31965454e-04, 3.02375806e-03,
       4.31965454e-04, 3.88768921e-03, 3.45572364e-03, 1.29589636e-03,
       2.59179273e-03, 0., 8.63930909e-04, 1.72786182e-03,
       1.29589636e-03, 0., 2.59179273e-03, 1.29589636e-03,
       4.31965454e-04, 2.15982739e-03, 4.31965454e-04, 0., 0.,
       3.45572364e-03, 4.31965454e-04, 1.72786182e-03, 1.29589636e-03,
       0., 4.31965454e-04, 0., 1.29589636e-03, 8.63930909e-04,
       4.31965454e-04, 2.15982739e-03, 8.63930909e-04, 0.,
       1.29589636e-03, 4.31965454e-04, 8.63930909e-04, 2.59179273e-03,
       1.29589636e-03, 2.59179273e-03, 4.31965454e-04, 2.15982739e-03,
       0., 0., 0., 1.29589636e-03, 0., 0., 8.63930909e-04,
       1.29589636e-03, 4.31965454e-04, 8.63930909e-04, 3.02375806e-03,
       8.63930909e-04, 1.29589636e-03, 8.63930909e-04, 1.29589636e-03,
       4.31965454e-04, 0., 3.88768921e-03, 0., 1.72786182e-03,
       4.31965454e-04, 4.31965454e-04, 4.31965454e-04, 2.15982739e-03,
       8.63930909e-04, 4.31965454e-04, 8.63930909e-04, 4.31965454e-04,
       2.15982739e-03, 8.63930909e-04, 4.31965454e-04, 1.72786182e-03,
       4.31965454e-04, 0., 1.29589636e-03, 0., 4.31965454e-04,
       4.31965454e-04, 4.31965454e-04, 8.63930909e-04, 8.63930909e-04,
       0., 2.59179273e-03, 4.31965454e-04, 1.72786182e-03, 0.,
       4.31965454e-04, 1.29589636e-03, 1.29589636e-03, 0.,
       4.31965454e-04, 8.63930909e-04, 8.63930909e-04, 0.,
       4.31965454e-04, 5.18358545e-03, 1.72786182e-03, 4.31965454e-04,
       1.72786182e-03, 8.63930909e-04, 1.29589636e-03, 4.31965478e-03,
       2.59179273e-03, 8.63930909e-04, 1.29589636e-03, 1.29589636e-03,
       1.29589636e-03, 8.63930909e-04, 3.45572364e-03, 3.02375806e-03,
       5.18358545e-03, 1.29589636e-03, 1.29589636e-03, 4.31965454e-04,
       4.31965454e-04, 8.63930909e-04, 8.63930909e-04, 1.72786182e-03,
       8.63930909e-04, 1.72786182e-03, 8.63930909e-04, 0.,
       8.63930909e-04, 4.31965454e-04, 0., 0., 2.59179273e-03,
       4.31965454e-04, 4.31965454e-04, 2.15982739e-03, 4.31965454e-04,
       4.31965454e-04, 1.29589636e-03, 4.31965454e-04, 8.63930909e-04,
       1.29589636e-03, 1.72786182e-03, 3.02375806e-03, 0.,
       3.02375806e-03, 0., 2.15982739e-03, 4.31965454e-04, 0.,
       1.29589636e-03, 1.29589636e-03, 0., 4.31965454e-04,
       2.15982739e-03, 3.45572364e-03, 1.29589636e-03, 4.31965454e-04,
       4.31965454e-04, 8.63930909e-04, 4.31965454e-04, 0., 0., 0., 0.,
