%YAML:1.0
m10n: !!opencv-matrix
   rows: 1
   cols: 800
   dt: f
   data: [ 0., 2.84629967e-03, 1.42314984e-03, 0., 9.48766596e-04, 0.,
       9.48766596e-04, 9.48766596e-04, 0., 4.74383298e-04,
       1.89753319e-03, 9.48766596e-04, 1.89753319e-03, 2.37191655e-03,
       9.48766596e-04, 2.37191655e-03, 0., 9.48766596e-04,
       4.74383298e-04, 9.48766596e-04, 7.11574964e-03, 2.37191655e-03,
       1.42314984e-03, 4.74383298e-04, 4.26944951e-03, 4.74383298e-04,
       1.42314984e-03, 3.32068303e-03, 0., 4.26944951e-03,
       3.79506638e-03, 1.42314984e-03, 4.74383298e-04, 0., 0.,
       3.79506638e-03, 1.42314984e-03, 4.74383298e-04, 4.74383298e-04,
       1.89753319e-03, 2.84629967e-03, 4.74383298e-04, 4.74383298e-04,
       4.74383298e-04, 1.89753319e-03, 9.48766596e-04, 4.74383298e-04,
       1.42314984e-03, 3.79506638e-03, 4.74383298e-04, 4.74383298e-04,
       1.89753319e-03, 1.42314984e-03, 4.74383298e-04, 2.37191655e-03,
       4.74383298e-04, 4.74383298e-04, 1.42314984e-03, 0., 0.,
       9.48766596e-04, 1.42314984e-03, 0., 4.26944951e-03,
       1.89753319e-03, 9.48766596e-04, 9.48766596e-04, 4.26944951e-03,
       4.74383298e-04, 4.74383298e-04, 0., 1.89753319e-03,
       4.74383298e-04, 4.74383298e-04, 3.79506638e-03, 2.37191655e-03,
       1.42314984e-03, 0., 4.74383298e-04, 1.89753319e-03,
       4.74383298e-04, 0., 4.74383298e-04, 0., 4.26944951e-03,
       5.21821622e-03, 1.42314984e-03, 3.32068303e-03, 1.42314984e-03,
       4.74383298e-04, 9.48766596e-04, 0., 1.89753319e-03,
       4.74383298e-04, 0., 1.89753319e-03, 4.74383298e-04,
       4.74383298e-04, 4.74383298e-04, 1.89753319e-03, 0.,
       9.48766596e-04, 1.42314984e-03, 1.42314984e-03, 9.48766596e-04,
       7.11574964e-03, 2.37191655e-03, 0., 1.42314984e-03,
       4.74383298e-04, 3.32068303e-03, 4.74383298e-04, 4.74383298e-04,
       3.32068303e-03, 9.48766596e-04, 1.89753319e-03, 1.89753319e-03,
       1.89753319e-03, 4.74383298e-04, 9.48766596e-04, 4.74383298e-04,
       4.74383298e-04, 0., 5.69259934e-03, 1.42314984e-03,
       9.48766596e-04, 1.89753319e-03, 0., 1.89753319e-03, 0.,
       4.74383298e-04, 4.74383309e-03, 1.42314984e-03, 0.,
       1.42314984e-03, 0., 9.48766596e-04, 2.37191655e-03,
       4.74383298e-04, 1.89753319e-03, 3.79506638e-03, 4.74383298e-04,
       9.48766596e-04, 1.42314984e-03, 9.48766596e-04, 1.42314984e-03,
       4.74383298e-04, 1.89753319e-03, 4.74383298e-04, 0.,
       4.74383298e-04, 0., 0., 9.48766596e-04, 9.48766596e-04, 0.,
       4.74383298e-04, 4.74383298e-04, 9.48766596e-04, 4.74383298e-04,
       0., 4.74383298e-04, 4.74383298e-04, 4.74383298e-04,
       9.48766596e-04, 0., 1.42314984e-03, 0., 4.74383298e-04,
       1.42314984e-03, 0., 2.37191655e-03, 1.42314984e-03,
       1.42314984e-03, 9.48766596e-04, 9.48766596e-04, 1.89753319e-03,
       1.09108156e-02, 9.48766596e-04, 3.32068303e-03, 3.32068303e-03,
       3.79506638e-03, 9.48766596e-04, 4.74383298e-04, 9.48766596e-04,
       4.74383298e-04, 9.48766596e-04, 9.48766596e-04, 0.,
       4.74383298e-04, 0., 1.42314984e-03, 1.42314984e-03, 0.,
       1.42314984e-03, 1.42314984e-03, 4.74383298e-04, 9.48766596e-04,
       0., 4.74383298e-04, 2.37191655e-03, 0., 9.48766596e-04,
       2.37191655e-03, 9.48766596e-04, 4.74383298e-04, 1.89753319e-03,
       3.32068303e-03, 9.48766596e-04, 9.48766596e-04, 9.48766596e-04,
       9.48766596e-04, 9.48766596e-04, 3.79506638e-03, 0.,
       1.89753319e-03, 9.48766596e-04, 4.74383298e-04, 9.48766596e-04,
       0., 1.89753319e-03, 1.89753319e-03, 1.89753319e-03,
       4.74383298e-04, 0., 1.42314984e-03, 9.48766596e-04,
       4.74383298e-04, 4.74383298e-04, 1.42314984e-03, 4.74383298e-04,
       4.74383298e-04, 1.42314984e-03, 3.32068303e-03, 4.74383298e-04,
       0., 9.48766596e-04, 0., 4.74383298e-04, 6.64136605e-03,
       9.48766596e-04, 1.42314984e-03, 4.74383298e-04, 9.48766596e-04,
       5.21821622e-03, 1.42314984e-03, 9.48766596e-04, 0.,
       9.48766596e-04, 1.42314984e-03, 1.89753319e-03, 2.37191655e-03,
       0., 4.74383298e-04, 4.74383298e-04, 9.48766596e-04,
       4.74383298e-04, 4.74383309e-03, 9.48766596e-04, 1.89753319e-03,
       1.42314984e-03, 0., 0., 1.89753319e-03, 4.74383298e-04,
       4.74383298e-04, 0., 9.48766596e-04, 4.74383298e-04, 0., 0., 0.,
       1.89753319e-03, 1.89753319e-03, 9.48766596e-04, 0.,
       4.74383298e-04, 4.74383298e-04, 4.74383298e-04, 2.37191655e-03,
       1.89753319e-03, 9.48766596e-04, 4.74383298e-04, 1.42314984e-03,
       1.89753319e-03, 0., 2.37191655e-03, 9.48766596e-04, 0.,
       9.48766596e-04, 4.74383298e-04, 2.37191655e-03, 4.74383298e-04,
       1.42314984e-03, 0., 4.74383298e-04, 4.74383298e-04,
       9.48766596e-04, 0., 1.42314984e-03, 0., 2.37191655e-03,
       3.32068303e-03, 1.89753319e-03, 4.74383298e-04, 1.42314984e-03,
       9.48766596e-04, 2.84629967e-03, 3.32068303e-03, 4.74383298e-04,
       2.37191655e-03, 6.16698293e-03, 1.42314984e-03, 0.,
       2.37191655e-03, 4.74383298e-04, 4.26944951e-03, 4.74383298e-04,
       0., 4.74383298e-04, 9.48766596e-04, 2.84629967e-03, 0.,
       9.48766596e-04, 1.42314984e-03, 0., 3.32068303e-03,
       4.74383298e-04, 0., 1.42314984e-03, 1.89753319e-03,
       1.42314984e-03, 4.74383298e-04, 1.42314984e-03, 0.,
       4.74383298e-04, 1.89753319e-03, 1.89753319e-03, 1.42314984e-03,
       2.37191655e-03, 1.89753319e-03, 0., 9.48766596e-04,
       4.74383298e-04, 1.42314984e-03, 4.74383298e-04, 3.79506638e-03,
       0., 1.42314984e-03, 0., 0., 4.74383298e-04, 0., 1.89753319e-03,
       0., 4.74383298e-04, 9.48766596e-04, 0., 0., 4.74383298e-04,
       2.37191655e-03, 1.42314984e-03, 1.42314984e-03, 0.,
       2.84629967e-03, 2.37191655e-03, 2.84629967e-03, 1.89753319e-03,
       1.42314984e-03, 4.74383298e-04, 9.48766596e-04, 9.48766596e-04,
       0., 0., 1.42314984e-03, 9.48766596e-04, 4.74383298e-04,
       4.74383298e-04, 4.74383298e-04, 2.84629967e-03, 3.32068303e-03,
       0., 1.42314984e-03, 0., 0., 1.42314984e-03, 4.74383298e-04,
       4.74383298e-04, 1.89753319e-03, 0., 9.48766619e-03,
       1.89753319e-03, 3.79506638e-03, 1.89753319e-03, 0.,
       1.42314984e-03, 1.89753319e-03, 0., 2.84629967e-03,
       1.42314984e-03, 1.42314984e-03, 1.42314984e-03, 2.84629967e-03,
       4.74383309e-03, 4.74383298e-04, 0., 4.74383298e-04, 0.,
       2.37191655e-03, 9.48766596e-04, 0., 3.32068303e-03,
       9.48766596e-04, 1.42314984e-03, 9.48766596e-04, 0.,
       1.42314984e-03, 4.74383298e-04, 4.74383309e-03, 1.89753319e-03,
       0., 0., 4.74383298e-04, 1.89753319e-03, 9.48766596e-04,
       9.48766596e-04, 9.48766596e-04, 0., 4.74383298e-04,
       3.32068303e-03, 9.48766596e-04, 4.26944951e-03, 5.69259934e-03,
       4.74383298e-04, 9.48766596e-04, 9.48766596e-04, 4.74383298e-04,
       0., 9.48766596e-04, 4.74383298e-04, 1.42314984e-03, 0., 0.,
       4.74383298e-04, 1.89753319e-03, 9.48766596e-04, 0., 0., 0.,
       1.42314984e-03, 4.74383298e-04, 4.74383298e-04, 1.42314984e-03,
       4.74383298e-04, 0., 9.48766596e-04, 2.37191655e-03,
       1.89753319e-03, 4.74383298e-04, 9.48766596e-04, 2.37191655e-03,
       0., 9.48766596e-04, 1.89753319e-03, 1.89753319e-03,
       2.37191655e-03, 2.84629967e-03, 1.42314984e-03, 0.,
       1.42314984e-03, 6.64136605e-03, 4.74383298e-04, 2.84629967e-03,
       4.74383298e-04, 9.48766596e-04, 4.74383298e-04, 4.74383298e-04,
       4.74383298e-04, 1.42314984e-03, 9.48766596e-04, 4.74383298e-04,
       1.42314984e-03, 0., 9.48766596e-04, 0., 0., 1.42314984e-03,
       9.48766596e-04, 4.74383298e-04, 9.48766596e-04, 1.42314984e-03,
       0., 0., 9.48766596e-04, 9.48766596e-04, 1.89753319e-03,
       1.42314984e-03, 1.42314984e-03, 9.48766596e-04, 1.42314984e-03,
       2.37191655e-03, 2.37191655e-03, 2.37191655e-03, 2.84629967e-03,
       9.48766596e-04, 1.89753319e-03, 9.48766596e-04, 0.,
       1.42314984e-03, 9.48766596e-04, 9.48766596e-04, 0.,
       4.74383298e-04, 4.74383298e-04, 4.74383298e-04, 0.,
       9.48766596e-04, 9.48766596e-04, 4.74383298e-04, 9.48766596e-04,
