%YAML:1.0
m10n: !!opencv-matrix
   rows: 1
   cols: 800
   dt: f
   data: [ 1.12945270e-02, 8.68809759e-04, 6.08166819e-03,
       8.68809759e-04, 0., 2.60642916e-03, 0., 0., 8.68809759e-04,
       7.81928748e-03, 0., 0., 0., 8.68809759e-04, 0., 1.73761952e-03,
       2.60642916e-03, 0., 0., 6.95047807e-03, 0., 1.73761952e-03, 0.,
       0., 0., 8.68809759e-04, 0., 8.68809759e-04, 0., 0., 0.,
       3.47523903e-03, 0., 6.08166819e-03, 3.47523903e-03,
       7.81928748e-03, 0., 8.68809759e-04, 1.73761952e-03,
       8.68809759e-04, 0., 0., 8.68809759e-04, 3.47523903e-03,
       8.68809759e-04, 0., 8.68809759e-04, 0., 1.73761952e-03,
       8.68809759e-04, 0., 5.21285832e-03, 8.68809759e-04,
       1.73761952e-03, 2.60642916e-03, 0., 8.68809759e-04, 0.,
       4.34404891e-03, 2.60642916e-03, 3.47523903e-03, 0., 0.,
       8.68809759e-04, 8.68809759e-04, 8.68809759e-04, 5.21285832e-03,
       0., 4.34404891e-03, 8.68809759e-04, 2.60642916e-03, 0.,
       8.68809759e-04, 0., 0., 0., 3.47523903e-03, 0., 8.68809759e-04,
       8.68809759e-04, 0., 8.68809759e-04, 2.60642916e-03, 0.,
       8.68809759e-04, 8.68809759e-04, 2.60642916e-03, 8.68809759e-04,
       8.68809759e-04, 0., 0., 0., 0., 0., 3.47523903e-03,
       8.68809759e-04, 8.68809759e-04, 5.21285832e-03, 4.34404891e-03,
       8.68809759e-04, 0., 8.68809759e-04, 8.68809759e-04, 0.,
       3.47523903e-03, 0., 8.68809759e-04, 0., 0., 8.68809759e-04, 0.,
       0., 6.08166819e-03, 0., 0., 0., 0., 0., 0., 0., 1.73761952e-03,
       0., 1.73761952e-03, 1.73761952e-03, 3.47523903e-03,
       8.68809759e-04, 0., 0., 1.73761952e-03, 8.68809759e-04,
       1.73761952e-03, 0., 0., 8.68809759e-04, 0., 6.08166819e-03,
       1.47697655e-02, 2.60642916e-03, 8.68809759e-04, 8.68809759e-04,
       8.68809759e-04, 5.21285832e-03, 0., 0., 8.68809759e-04, 0.,
       8.68809759e-04, 1.73761952e-03, 2.60642916e-03, 1.73761952e-03,
       0., 0., 0., 3.47523903e-03, 0., 0., 8.68809759e-04, 0., 0., 0.,
       8.68809759e-04, 0., 8.68809759e-04, 0., 0., 0., 8.68809759e-04,
       2.60642916e-03, 8.68809759e-04, 5.21285832e-03, 8.68809759e-04,
       1.73761952e-03, 8.68809759e-04, 8.68809759e-04, 0., 0., 0., 0.,
       8.68809759e-04, 0., 8.68809759e-04, 0., 8.68809759e-04, 0.,
       8.68809759e-04, 0., 1.21633364e-02, 0., 0., 1.73761952e-03, 0.,
       8.68809759e-04, 0., 8.68809759e-04, 3.47523903e-03, 0., 0.,
       6.08166819e-03, 0., 0., 9.55690723e-03, 8.68809759e-04,
       4.34404891e-03, 1.73761952e-03, 0., 8.68809759e-04,
       8.68809759e-04, 8.68809759e-04, 0., 0., 0., 1.73761952e-03,
       2.60642916e-03, 0., 0., 8.68809759e-04, 0., 2.60642916e-03,
       8.68809759e-04, 0., 8.68809759e-04, 1.73761952e-03, 0.,
       4.34404891e-03, 0., 2.60642916e-03, 0., 8.68809759e-04,
       8.68809782e-03, 0., 8.68809759e-04, 0., 1.73761952e-03, 0., 0.,
       1.73761952e-03, 0., 0., 8.68809759e-04, 0., 2.60642916e-03,
       8.68809759e-04, 0., 8.68809759e-04, 0., 8.68809759e-04, 0., 0.,
       4.34404891e-03, 0., 0., 8.68809759e-04, 0., 8.68809759e-04, 0.,
       0., 8.68809759e-04, 0., 8.68809759e-04, 0., 0., 8.68809759e-04,
       6.08166819e-03, 0., 1.73761952e-03, 8.68809782e-03, 0.,
       8.68809759e-04, 7.81928748e-03, 8.68809759e-04, 0.,
       8.68809759e-04, 0., 0., 0., 1.73761952e-03, 1.73761952e-03, 0.,
       0., 0., 1.73761952e-03, 6.95047807e-03, 8.68809759e-04, 0.,
       5.21285832e-03, 8.68809759e-04, 0., 0., 8.68809759e-04, 0., 0.,
       0., 1.73761952e-03, 6.08166819e-03, 8.68809759e-04, 0., 0.,
       8.68809759e-04, 3.47523903e-03, 0., 2.60642916e-03, 0.,
       8.68809759e-04, 0., 1.73761952e-03, 0., 0., 1.73761952e-03,
       8.68809759e-04, 0., 0., 8.68809759e-04, 0., 0., 1.73761952e-03,
       8.68809759e-04, 0., 1.73761952e-03, 3.47523903e-03, 0.,
       1.73761952e-03, 8.68809759e-04, 8.68809759e-04, 8.68809759e-04,
       0., 0., 1.73761952e-03, 1.73761952e-03, 3.47523903e-03,
       4.34404891e-03, 8.68809759e-04, 2.60642916e-03, 1.73761952e-03,
       2.60642916e-03, 8.68809759e-04, 2.60642916e-03, 8.68809759e-04,
       8.68809759e-04, 8.68809759e-04, 8.68809759e-04, 8.68809759e-04,
       8.68809759e-04, 8.68809759e-04, 8.68809759e-04, 2.60642916e-03,
       0., 8.68809759e-04, 8.68809759e-04, 0., 8.68809759e-04,
       8.68809759e-04, 1.73761952e-03, 3.47523903e-03, 1.73761952e-03,
       0., 8.68809759e-04, 0., 8.68809759e-04, 8.68809759e-04,
       1.04257166e-02, 0., 0., 0., 2.60642916e-03, 0., 0., 0.,
       8.68809759e-04, 2.60642916e-03, 0., 8.68809759e-04,
       8.68809759e-04, 8.68809759e-04, 0., 0., 0., 0., 0.,
       8.68809759e-04, 8.68809759e-04, 4.34404891e-03, 8.68809759e-04,
       0., 0., 8.68809759e-04, 1.12945270e-02, 0., 1.73761952e-03, 0.,
       0., 0., 0., 8.68809759e-04, 2.60642916e-03, 8.68809759e-04,
       8.68809759e-04, 0., 4.34404891e-03, 0., 0., 8.68809759e-04,
       8.68809759e-04, 0., 0., 0., 1.73761952e-03, 3.47523903e-03, 0.,
       0., 8.68809759e-04, 8.68809759e-04, 3.47523903e-03,
       8.68809759e-04, 0., 8.68809759e-04, 0., 8.68809759e-04, 0.,
       3.47523903e-03, 0., 0., 0., 0., 8.68809759e-04, 1.73761952e-03,
       8.68809759e-04, 8.68809759e-04, 0., 0., 0., 0., 8.68809759e-04,
       0., 1.73761952e-03, 0., 1.73761952e-03, 7.81928748e-03, 0., 0.,
       8.68809759e-04, 0., 1.73761952e-03, 0., 8.68809759e-04,
       1.73761952e-03, 8.68809759e-04, 8.68809759e-04, 0.,
       1.73761952e-03, 0., 6.08166819e-03, 8.68809759e-04, 0.,
       6.08166819e-03, 2.60642916e-03, 0., 8.68809759e-04, 0., 0.,
       8.68809759e-04, 0., 8.68809759e-04, 4.34404891e-03,
       1.73761952e-03, 2.60642916e-03, 5.21285832e-03, 0.,
       8.68809759e-04, 0., 0., 0., 0., 4.34404891e-03, 0.,
       8.68809759e-04, 3.47523903e-03, 3.47523903e-03, 0., 0., 0., 0.,
       0., 2.60642916e-03, 0., 0., 0., 0., 2.60642916e-03, 0.,
       1.73761952e-03, 0., 0., 0., 0., 0., 1.73761952e-03,
       2.60642916e-03, 0., 2.60642916e-03, 8.68809759e-04, 0.,
       1.73761952e-03, 8.68809759e-04, 1.73761952e-03, 1.04257166e-02,
       8.68809759e-04, 3.47523903e-03, 0., 2.60642916e-03, 0.,
       8.68809759e-04, 8.68809759e-04, 0., 1.73761952e-03,
       3.47523903e-03, 8.68809759e-04, 8.68809759e-04, 0., 0.,
       8.68809759e-04, 8.68809759e-04, 0., 1.73761952e-03,
       3.47523903e-03, 0., 0., 0., 8.68809759e-04, 2.60642916e-03,
       3.47523903e-03, 1.73761952e-03, 5.21285832e-03, 2.60642916e-03,
       0., 1.73761952e-03, 1.73761952e-03, 8.68809759e-04,
       1.73761952e-03, 0., 0., 0., 8.68809759e-04, 1.73761952e-03,
       3.47523903e-03, 0., 0., 0., 3.47523903e-03, 8.68809759e-04,
       8.68809759e-04, 2.60642916e-03, 3.47523903e-03, 8.68809759e-04,
       8.68809759e-04, 0., 8.68809759e-04, 8.68809759e-04, 0., 0.,
       3.47523903e-03, 0., 8.68809759e-04, 0., 8.68809759e-04, 0.,
       8.68809759e-04, 0., 0., 8.68809759e-04, 0., 2.60642916e-03, 0.,
       1.73761952e-03, 8.68809759e-04, 0., 0., 0., 0., 8.68809759e-04,
       0., 0., 0., 0., 1.73761952e-03, 0., 0., 8.68809759e-04, 0.,
       1.73761952e-03, 8.68809759e-04, 0., 4.34404891e-03, 0.,
       1.73761952e-03, 1.73761952e-03, 0., 1.73761952e-03,
       2.60642916e-03, 0., 0., 0., 0., 0., 0., 2.17202436e-02,
       1.73761952e-03, 8.68809759e-04, 8.68809759e-04, 3.47523903e-03,
       1.73761952e-03, 4.34404891e-03, 1.73761952e-03, 0.,
       1.73761952e-03, 0., 8.68809759e-04, 8.68809759e-04, 0., 0.,
       8.68809759e-04, 5.21285832e-03, 3.47523903e-03, 1.73761952e-03,
       8.68809759e-04, 8.68809759e-04, 8.68809759e-04, 8.68809759e-04,
       0., 8.68809759e-04, 8.68809759e-04, 8.68809759e-04, 0., 0.,
       8.68809759e-04, 1.73761952e-03, 1.73761952e-03, 8.68809759e-04,
       8.68809759e-04, 0., 0., 1.73761952e-03, 0., 5.21285832e-03,
       8.68809759e-04, 8.68809782e-03, 1.73761952e-03, 1.73761952e-03,
       8.68809759e-04, 0., 0., 0., 0., 0., 0., 8.68809759e-04,
       8.68809759e-04, 8.68809759e-04, 0., 1.73761952e-03,
       1.21633364e-02, 1.73761952e-03, 8.68809759e-04, 0.,
