%YAML:1.0
m10n: !!opencv-matrix
   rows: 1
   cols: 200
   dt: f
   data: [ 3.47523913e-02, 8.68809759e-04, 1.21633364e-02, 0., 0.,
       8.68809782e-03, 2.60642916e-03, 8.68809759e-04, 0.,
       1.99826248e-02, 0., 5.21285832e-03, 0., 4.34404891e-03, 0.,
       5.21285832e-03, 1.30321467e-02, 8.68809759e-04, 3.47523903e-03,
       1.99826248e-02, 6.95047807e-03, 2.60642916e-03, 2.60642916e-03,
       2.60642916e-03, 8.68809759e-04, 2.60642916e-03, 1.73761952e-03,
       8.68809782e-03, 8.68809759e-04, 1.73761952e-03, 8.68809759e-04,
       9.55690723e-03, 1.73761952e-03, 1.99826248e-02, 5.21285832e-03,
       1.12945270e-02, 3.47523903e-03, 6.95047807e-03, 3.47523903e-03,
       4.34404891e-03, 4.34404891e-03, 1.73761952e-03, 1.73761952e-03,
       1.73761952e-03, 3.47523903e-03, 1.73761952e-03, 1.73761952e-03,
       0., 5.21285832e-03, 7.81928748e-03, 8.68809759e-04,
       1.12945270e-02, 1.73761952e-03, 0., 5.21285832e-03,
       1.73761952e-03, 2.60642916e-03, 1.30321467e-02, 1.21633364e-02,
       2.60642935e-02, 1.12945270e-02, 0., 4.34404891e-03,
       2.60642916e-03, 0., 1.73761952e-03, 2.60642916e-03,
       2.60642916e-03, 1.21633364e-02, 1.73761952e-03, 1.73761952e-03,
       6.08166819e-03, 3.47523903e-03, 8.68809759e-04, 1.73761952e-03,
       4.34404891e-03, 1.30321467e-02, 1.73761952e-03, 1.73761952e-03,
       5.21285832e-03, 0., 2.60642916e-03, 3.47523903e-03, 0.,
       1.73761952e-03, 1.30321467e-02, 1.82450041e-02, 2.60642916e-03,
       5.21285832e-03, 1.12945270e-02, 5.21285832e-03, 8.68809759e-04,
       2.60642916e-03, 2.60642916e-03, 8.68809782e-03, 1.73761952e-03,
       1.65073853e-02, 6.08166819e-03, 1.12945270e-02, 4.34404891e-03,
       3.47523903e-03, 3.47523903e-03, 6.08166819e-03, 1.73761952e-03,
       6.08166819e-03, 1.73761952e-03, 1.56385750e-02, 0.,
       9.55690723e-03, 8.68809759e-04, 2.60642916e-03, 6.95047807e-03,
       1.91138145e-02, 2.60642916e-03, 4.34404891e-03, 1.21633364e-02,
       1.73761952e-03, 1.73761952e-03, 0., 6.95047807e-03,
       1.73761952e-03, 2.60642916e-03, 1.73761952e-03, 3.47523903e-03,
       8.68809782e-03, 2.60642916e-03, 2.60642916e-03, 8.68809759e-04,
       2.60642916e-03, 3.47523903e-03, 0., 6.08166819e-03,
       8.68809759e-04, 7.81928748e-03, 0., 1.56385750e-02,
       3.99652496e-02, 4.34404891e-03, 8.68809782e-03, 0.,
       5.21285832e-03, 1.65073853e-02, 8.68809759e-04, 1.73761952e-03,
       6.95047807e-03, 3.47523903e-03, 2.60642916e-03, 5.21285832e-03,
       8.68809759e-04, 1.73761952e-03, 1.73761952e-03, 4.34404891e-03,
       9.55690723e-03, 1.04257166e-02, 8.68809759e-04, 8.68809759e-04,
       1.73761952e-03, 5.21285832e-03, 4.34404891e-03, 8.68809759e-04,
       4.34404891e-03, 0., 1.73761952e-03, 1.12945270e-02,
       6.08166819e-03, 1.73761952e-03, 0., 4.34404891e-03,
       4.34404891e-03, 1.30321467e-02, 2.60642916e-03, 2.60642916e-03,
       4.34404891e-03, 1.73761952e-03, 4.34404891e-03, 0.,
       2.60642916e-03, 3.47523903e-03, 1.73761952e-03, 1.73761952e-03,
       1.73761952e-03, 4.34404891e-03, 3.12771499e-02, 8.68809759e-04,
       2.60642916e-03, 8.68809759e-04, 1.47697655e-02, 8.68809759e-04,
       8.68809759e-04, 8.68809759e-04, 2.60642916e-03, 8.68809759e-04,
       8.68809759e-04, 5.21285832e-03, 4.34404891e-03, 8.68809759e-04,
       8.68809759e-04, 1.21633364e-02, 2.60642916e-03, 8.68809759e-04 ]
