%YAML:1.0
m10n: !!opencv-matrix
   rows: 1
   cols: 800
   dt: f
   data: [ 1.36869121e-02, 8.55432008e-04, 0., 8.55432008e-04, 0., 0.,
       0., 0., 0., 4.27715993e-03, 0., 0., 0., 8.55432008e-04,
       1.71086402e-03, 1.71086402e-03, 8.55432008e-04, 0., 0.,
       8.55432008e-04, 1.71086402e-03, 0., 2.56629614e-03,
       2.56629614e-03, 8.55432008e-04, 1.71086402e-03, 0.,
       8.55432008e-04, 0., 0., 8.55432008e-04, 0., 8.55432008e-04,
       4.27715993e-03, 8.55432008e-04, 0., 0., 0., 2.56629614e-03,
       5.98802418e-03, 8.55432008e-04, 2.56629614e-03, 0.,
       4.27715993e-03, 1.71086397e-02, 4.27715993e-03, 0.,
       1.71086402e-03, 8.55432008e-04, 0., 4.27715993e-03, 0., 0.,
       1.71086402e-03, 0., 1.71086402e-03, 8.55432008e-04, 0.,
       5.98802418e-03, 0., 2.56629614e-03, 0., 8.55432008e-04,
       8.55432008e-04, 8.55432008e-04, 0., 8.55432008e-04,
       3.42172803e-03, 0., 0., 8.55432008e-04, 2.56629614e-03,
       5.98802418e-03, 1.71086402e-03, 0., 8.55432008e-04,
       3.42172803e-03, 0., 1.71086402e-03, 8.55432008e-04, 0., 0., 0.,
       8.55432008e-04, 0., 8.55432008e-04, 0., 0., 0., 8.55432008e-04,
       0., 0., 0., 0., 3.42172803e-03, 2.56629614e-03, 0., 0.,
       1.71086402e-03, 0., 0., 8.55432008e-04, 8.55432008e-04, 0., 0.,
       2.56629614e-03, 1.71086402e-03, 1.71086402e-03, 8.55432008e-04,
       0., 8.55432008e-04, 3.42172803e-03, 0., 8.55432008e-04,
       8.55432008e-04, 0., 8.55432008e-04, 4.27715993e-03, 0., 0.,
       1.02651846e-02, 0., 0., 1.71086402e-03, 0., 0., 8.55432008e-04,
       0., 2.56629614e-03, 8.55432008e-04, 1.71086402e-03,
       1.71086402e-03, 1.71086402e-03, 8.55432008e-04, 8.55432008e-04,
       8.55432008e-04, 0., 8.55432008e-04, 1.71086402e-03, 0., 0., 0.,
       0., 0., 8.55432008e-04, 3.42172803e-03, 8.55432008e-04,
       8.55432008e-04, 0., 8.55432008e-04, 0., 2.56629614e-03,
       8.55432008e-04, 0., 1.71086402e-03, 0., 2.56629614e-03, 0., 0.,
       3.42172803e-03, 8.55432008e-04, 8.55432008e-04, 8.55432008e-04,
       0., 0., 8.55432008e-04, 0., 5.98802418e-03, 0., 0.,
       1.71086402e-03, 0., 3.42172803e-03, 1.71086402e-03,
       5.13259228e-03, 8.55432008e-04, 8.55432008e-04, 0.,
       9.40975174e-03, 1.71086402e-03, 0., 0., 0., 8.55432008e-04, 0.,
       2.56629614e-03, 0., 8.55432008e-04, 0., 0., 0., 5.98802418e-03,
       0., 8.55432008e-04, 1.71086402e-03, 8.55432008e-04,
       8.55432008e-04, 0., 0., 0., 8.55432008e-04, 8.55432008e-04,
       8.55432008e-04, 0., 3.42172803e-03, 2.39520967e-02,
       8.55432008e-04, 0., 0., 0., 8.55432008e-04, 0., 8.55432008e-04,
       0., 0., 8.55432008e-04, 1.19760484e-02, 8.55432008e-04,
       8.55431985e-03, 0., 0., 1.71086402e-03, 0., 8.55432008e-04,
       8.55432008e-04, 8.55432008e-04, 0., 0., 0., 0., 8.55432008e-04,
       6.84345607e-03, 2.56629614e-03, 2.56629614e-03, 0.,
       8.55432008e-04, 3.42172803e-03, 0., 8.55432008e-04, 0.,
       3.42172803e-03, 0., 8.55432008e-04, 0., 8.55432008e-04, 0., 0.,
       2.56629614e-03, 8.55432008e-04, 8.55432008e-04, 2.56629614e-03,
       0., 4.27715993e-03, 8.55432008e-04, 1.71086402e-03, 0., 0.,
       8.55432008e-04, 0., 3.42172803e-03, 0., 3.42172803e-03,
       8.55432008e-04, 0., 0., 8.55432008e-04, 0., 0., 0.,
       1.71086402e-03, 2.56629614e-03, 0., 0., 0., 8.55432008e-04,
       2.56629614e-03, 0., 0., 0., 0., 1.71086402e-03, 8.55432008e-04,
       8.55432008e-04, 2.56629614e-03, 0., 0., 8.55432008e-04, 0., 0.,
       0., 8.55432008e-04, 0., 1.71086402e-03, 3.42172803e-03, 0., 0.,
       0., 1.71086402e-03, 0., 1.71086402e-03, 0., 0., 8.55432008e-04,
       0., 1.71086402e-03, 0., 0., 0., 0., 8.55432008e-04,
       8.55432008e-04, 3.42172803e-03, 8.55432008e-04, 0., 0.,
       8.55432008e-04, 1.71086402e-03, 0., 0., 0., 8.55432008e-04,
       7.69888796e-03, 0., 0., 8.55432008e-04, 8.55432008e-04,
       8.55432008e-04, 0., 0., 0., 0., 2.56629614e-03, 8.55432008e-04,
       8.55432008e-04, 0., 8.55432008e-04, 8.55432008e-04, 0.,
       8.55432008e-04, 0., 2.56629614e-03, 0., 8.55432008e-04, 0., 0.,
       0., 0., 0., 0., 0., 0., 0., 0., 2.56629614e-03, 8.55432008e-04,
       0., 8.55432008e-04, 3.42172803e-03, 0., 0., 0., 1.53977759e-02,
       4.27715993e-03, 0., 8.55432008e-04, 8.55432008e-04, 0., 0., 0.,
       5.13259228e-03, 0., 0., 0., 1.71086402e-03, 8.55431985e-03,
       8.55432008e-04, 0., 0., 8.55432008e-04, 2.56629614e-03, 0., 0.,
       0., 0., 0., 0., 0., 1.71086402e-03, 1.71086402e-03, 0.,
       8.55432008e-04, 0., 0., 2.56629614e-03, 0., 8.55432008e-04,
       3.42172803e-03, 1.71086402e-03, 1.71086402e-03, 0.,
       8.55432008e-04, 0., 8.55432008e-04, 0., 8.55432008e-04, 0., 0.,
       0., 5.13259228e-03, 0., 1.71086402e-03, 1.71086402e-03,
       8.55432008e-04, 0., 0., 8.55432008e-04, 0., 8.55432008e-04, 0.,
       0., 0., 1.71086402e-03, 8.55432008e-04, 5.13259228e-03, 0.,
       8.55432008e-04, 8.55432008e-04, 0., 0., 0., 7.69888796e-03,
       8.55432008e-04, 8.55432008e-04, 1.02651846e-02, 2.56629614e-03,
       2.56629614e-03, 8.55432008e-04, 3.42172803e-03, 8.55432008e-04,
       0., 0., 0., 1.71086402e-03, 0., 0., 0., 1.71086402e-03,
       8.55432008e-04, 0., 8.55432008e-04, 0., 8.55432008e-04,
       1.71086402e-03, 0., 8.55432008e-04, 0., 4.27715993e-03,
       6.84345607e-03, 8.55432008e-04, 2.56629614e-03, 1.71086402e-03,
       2.56629614e-03, 4.27715993e-03, 0., 8.55432008e-04,
       1.71086402e-03, 8.55432008e-04, 3.42172803e-03, 0., 0.,
       4.27715993e-03, 1.71086402e-03, 0., 1.71086402e-03, 0., 0.,
       5.13259228e-03, 0., 8.55431985e-03, 0., 8.55432008e-04,
       8.55432008e-04, 2.56629614e-03, 0., 8.55432008e-04,
       1.71086402e-03, 8.55432008e-04, 0., 0., 1.45423440e-02,
       1.71086402e-03, 8.55432008e-04, 0., 8.55432008e-04, 0.,
       1.71086402e-03, 2.56629614e-03, 0., 0., 8.55432008e-04,
       1.02651846e-02, 1.71086402e-03, 1.71086402e-03, 3.42172803e-03,
       0., 0., 0., 1.71086402e-03, 0., 1.71086402e-03, 0.,
       8.55432008e-04, 1.71086402e-03, 0., 8.55432008e-04,
       8.55432008e-04, 0., 0., 0., 8.55432008e-04, 4.27715993e-03,
       8.55432008e-04, 0., 0., 1.71086402e-03, 0., 0., 0., 0., 0.,
       1.71086402e-03, 1.71086402e-03, 8.55432008e-04, 2.56629614e-03,
       8.55432008e-04, 0., 0., 8.55432008e-04, 0., 0., 8.55432008e-04,
       8.55432008e-04, 0., 0., 0., 0., 0., 8.55432008e-04,
       8.55432008e-04, 0., 1.71086402e-03, 0., 0., 8.55432008e-04,
       3.42172803e-03, 8.55432008e-04, 0., 2.56629614e-03,
       1.71086402e-03, 1.71086402e-03, 0., 1.71086402e-03,
       8.55432008e-04, 0., 8.55432008e-04, 0., 5.13259228e-03,
       2.56629614e-03, 5.13259228e-03, 0., 8.55432008e-04,
       1.71086397e-02, 8.55432008e-04, 0., 0., 8.55432008e-04,
       8.55432008e-04, 8.55432008e-04, 0., 1.71086402e-03,
       8.55432008e-04, 0., 8.55432008e-04, 0., 0., 8.55432008e-04,
       8.55432008e-04, 8.55432008e-04, 0., 0., 3.42172803e-03, 0.,
       1.71086402e-03, 8.55432008e-04, 1.71086402e-03, 8.55432008e-04,
       0., 0., 8.55432008e-04, 0., 0., 4.27715993e-03, 0.,
       2.56629614e-03, 3.42172803e-03, 8.55432008e-04, 0., 0., 0.,
       8.55432008e-04, 2.56629614e-03, 8.55432008e-04, 0.,
       8.55432008e-04, 2.56629614e-03, 0., 8.55432008e-04,
       3.42172803e-03, 8.55432008e-04, 0., 8.55432008e-04,
       5.13259228e-03, 4.27715993e-03, 0., 1.71086402e-03, 0.,
       5.13259228e-03, 1.71086402e-03, 5.13259228e-03, 0.,
       8.55432008e-04, 2.56629614e-03, 1.36869121e-02, 1.71086402e-03,
       3.42172803e-03, 1.71086402e-03, 0., 0., 8.55432008e-04, 0.,
       2.56629614e-03, 0., 3.42172803e-03, 8.55432008e-04, 0.,
       8.55432008e-04, 4.27715993e-03, 0., 0., 1.71086402e-03,
       7.69888796e-03, 0., 0., 0., 2.56629614e-03, 0., 0.,
       8.55432008e-04, 0., 3.42172803e-03, 8.55432008e-04,
       1.71086402e-03, 8.55432008e-04, 0., 0., 3.42172803e-03, 0.,
       8.55432008e-04, 0., 8.55432008e-04, 0., 8.55432008e-04, 0.,
