%YAML:1.0
m10n: !!opencv-matrix
   rows: 1
   cols: 800
   dt: f
   data: [ 2.35363352e-03, 1.17681676e-03, 3.23624606e-03,
       1.17681676e-03, 8.82612541e-04, 4.11885884e-03, 2.05942942e-03,
       2.94204190e-04, 1.47102098e-03, 8.82612541e-04, 2.94204190e-04,
       5.88408380e-04, 1.76522508e-03, 2.05942942e-03, 1.76522508e-03,
       2.05942942e-03, 2.94204190e-04, 2.94204190e-04, 8.82612541e-04,
       5.88408380e-04, 2.94204190e-04, 5.88408380e-04, 3.23624606e-03,
       2.94204190e-04, 1.17681676e-03, 2.94204190e-04, 8.82612541e-04,
       2.94204190e-04, 5.88408380e-04, 2.05942942e-03, 5.88408380e-04,
       2.94204196e-03, 2.35363352e-03, 0., 8.82612541e-04,
       8.82612541e-04, 2.35363352e-03, 8.82612541e-04, 1.76522508e-03,
       8.82612541e-04, 2.35363352e-03, 2.05942942e-03, 0.,
       5.88408380e-04, 1.76522508e-03, 1.76522508e-03, 8.82612541e-04,
       4.70726704e-03, 8.82612541e-04, 1.47102098e-03, 2.05942942e-03,
       8.82612541e-04, 2.35363352e-03, 5.88408380e-04, 2.94204190e-04,
       5.88408380e-04, 1.17681676e-03, 3.82465450e-03, 2.94204190e-04,
       5.88408380e-04, 8.82612541e-04, 1.76522508e-03, 1.17681676e-03,
       1.47102098e-03, 8.82612541e-04, 1.47102098e-03, 5.88408380e-04,
       8.82612541e-04, 1.47102098e-03, 2.35363352e-03, 5.29567525e-03,
       2.94204196e-03, 3.23624606e-03, 2.05942942e-03, 7.35510467e-03,
       0., 1.47102098e-03, 5.88408380e-04, 2.94204190e-04,
       8.82612541e-04, 8.82612541e-04, 5.88408380e-04, 2.05942942e-03,
       0., 1.76522508e-03, 6.76669646e-03, 2.94204190e-04,
       4.70726704e-03, 1.17681676e-03, 2.05942942e-03, 0.,
       8.82612541e-04, 8.82612541e-04, 2.94204190e-04, 2.94204190e-04,
       1.47102098e-03, 2.35363352e-03, 2.94204190e-04, 0., 0.,
       8.82612541e-04, 2.94204196e-03, 2.05942942e-03, 1.17681676e-03,
       8.82612541e-04, 3.23624606e-03, 1.47102098e-03, 1.76522508e-03,
       1.47102098e-03, 1.47102098e-03, 2.35363352e-03, 2.94204190e-04,
       2.94204190e-04, 1.76522508e-03, 5.88408380e-04, 2.05942942e-03,
       0., 8.82612541e-04, 5.88408380e-04, 2.94204190e-04,
       1.17681676e-03, 1.17681676e-03, 5.88408380e-04, 1.17681676e-03,
       2.05942942e-03, 1.17681676e-03, 1.17681676e-03, 2.94204190e-04,
       2.94204190e-04, 8.82612541e-04, 2.05942942e-03, 2.35363352e-03,
       2.94204190e-04, 3.53045017e-03, 8.82612541e-04, 5.88408380e-04,
       5.88408380e-04, 8.82612541e-04, 1.76522508e-03, 2.94204190e-04,
       5.88408380e-04, 3.23624606e-03, 1.76522508e-03, 1.76522508e-03,
       8.82612541e-04, 1.17681676e-03, 2.94204190e-04, 4.11885884e-03,
       2.64783762e-03, 2.64783762e-03, 8.82612541e-04, 3.23624606e-03,
       1.76522508e-03, 0., 8.82612541e-04, 1.47102098e-03,
       8.82612541e-04, 2.05942942e-03, 2.94204190e-04, 1.76522508e-03,
       0., 0., 5.88408380e-04, 1.17681676e-03, 0., 1.47102098e-03,
       1.17681676e-03, 3.23624606e-03, 5.88408380e-04, 8.82612541e-04,
       1.17681676e-03, 8.82612541e-04, 0., 5.88408380e-04,
       5.88408380e-04, 8.82612541e-04, 1.47102098e-03, 8.82612541e-04,
       1.47102098e-03, 3.23624606e-03, 2.05942942e-03, 2.94204196e-03,
       2.05942942e-03, 5.58987958e-03, 1.17681676e-03, 1.76522508e-03,
       1.76522508e-03, 5.88408380e-04, 5.88408380e-04, 8.82612541e-04,
       1.76522508e-03, 8.82612541e-04, 1.17681676e-03, 2.05942942e-03,
       2.94204190e-04, 1.17681676e-03, 5.88408380e-04, 1.76522508e-03,
       1.17681676e-03, 2.05942942e-03, 8.82612541e-04, 2.94204190e-04,
       2.35363352e-03, 8.82612541e-04, 1.47102098e-03, 2.64783762e-03,
       2.94204190e-04, 3.53045017e-03, 0., 0., 2.94204190e-04,
       5.88408380e-04, 5.88408380e-04, 5.88408380e-04, 2.05942942e-03,
       2.35363352e-03, 2.94204190e-04, 1.47102098e-03, 5.88408380e-04,
       1.17681676e-03, 5.88408380e-04, 8.82612541e-04, 5.88408380e-04,
       2.94204190e-04, 1.17681676e-03, 5.88408380e-04, 1.76522508e-03,
       1.76522508e-03, 1.76522508e-03, 8.82612541e-04, 1.17681676e-03,
       1.17681676e-03, 2.94204190e-04, 1.76522508e-03, 8.82612541e-04,
       1.17681676e-03, 2.94204196e-03, 2.94204190e-04, 5.88408380e-04,
       5.88408380e-04, 2.05942942e-03, 2.94204190e-04, 5.88408380e-04,
       0., 1.17681676e-03, 5.88408380e-04, 4.41306271e-03,
       2.64783762e-03, 2.94204190e-04, 8.82612541e-04, 1.76522508e-03,
       1.76522508e-03, 3.23624606e-03, 6.17828779e-03, 5.88408380e-04,
       1.17681676e-03, 2.64783762e-03, 8.82612541e-04, 1.47102098e-03,
       2.35363352e-03, 8.82612541e-04, 0., 2.94204190e-04,
       1.17681676e-03, 1.47102098e-03, 5.88408380e-04, 2.94204190e-04,
       8.82612541e-04, 0., 5.88408380e-04, 1.47102098e-03,
       3.53045017e-03, 5.88408380e-04, 0., 2.35363352e-03,
       2.35363352e-03, 1.17681676e-03, 4.41306271e-03, 1.76522508e-03,
       1.17681676e-03, 2.94204196e-03, 2.05942942e-03, 1.17681676e-03,
       5.88408380e-04, 1.47102098e-03, 2.64783762e-03, 1.17681676e-03,
       2.94204190e-04, 5.88408380e-04, 8.82612541e-04, 8.82612541e-04,
       0., 1.76522508e-03, 2.94204190e-04, 3.53045017e-03,
       8.82612541e-04, 5.88408380e-04, 2.94204190e-04, 1.47102098e-03,
       2.35363352e-03, 5.88408380e-04, 5.88408380e-04, 1.47102098e-03,
       2.94204190e-04, 8.82612541e-04, 0., 1.17681676e-03,
       2.35363352e-03, 5.88408380e-04, 2.94204190e-04, 2.94204190e-04,
       1.17681676e-03, 2.94204190e-04, 2.64783762e-03, 1.17681676e-03,
       8.82612541e-04, 8.82612541e-04, 8.82612541e-04, 8.82612541e-04,
       5.88408380e-04, 1.47102098e-03, 8.82612541e-04, 1.17681676e-03,
       2.94204190e-04, 8.82612541e-04, 1.17681676e-03, 2.94204190e-04,
       1.17681676e-03, 2.64783762e-03, 1.17681676e-03, 8.82612541e-04,
       1.17681676e-03, 4.41306271e-03, 8.82612541e-04, 1.47102098e-03,
       5.88408380e-04, 1.47102098e-03, 1.47102098e-03, 0.,
       8.82612541e-04, 3.53045017e-03, 0., 1.76522508e-03,
       8.82612541e-04, 2.64783762e-03, 8.82612541e-04, 2.94204190e-04,
       1.76522508e-03, 5.88408380e-04, 1.76522508e-03, 1.76522508e-03,
       5.88408380e-04, 1.47102098e-03, 5.88408380e-04, 2.05942942e-03,
       2.94204190e-04, 1.47102098e-03, 1.17681676e-03, 8.82612541e-04,
       2.94204190e-04, 8.82612541e-04, 5.88408380e-04, 2.94204190e-04,
       2.05942942e-03, 1.17681676e-03, 8.82612541e-04, 1.17681676e-03,
       5.88408380e-04, 3.23624606e-03, 5.88408380e-04, 6.17828779e-03,
       1.47102098e-03, 2.35363352e-03, 1.17681676e-03, 1.17681676e-03,
       0., 1.17681676e-03, 1.47102098e-03, 1.17681676e-03,
       2.94204190e-04, 2.64783762e-03, 2.35363352e-03, 8.82612541e-04,
       1.17681676e-03, 1.17681676e-03, 0., 2.35363352e-03, 0.,
       2.94204190e-04, 8.82612541e-04, 5.88408380e-04, 1.47102098e-03,
       2.05942942e-03, 8.82612541e-04, 2.64783762e-03, 2.94204190e-04,
       2.94204196e-03, 5.88408380e-04, 2.05942942e-03, 1.17681676e-03,
       2.64783762e-03, 2.64783762e-03, 1.17681676e-03, 1.47102098e-03,
       1.17681676e-03, 0., 5.88408380e-04, 1.17681676e-03,
       1.47102098e-03, 0., 3.53045017e-03, 2.05942942e-03,
       2.94204190e-04, 2.64783762e-03, 1.47102098e-03, 3.53045017e-03,
       1.17681676e-03, 8.82612541e-04, 1.17681676e-03, 8.82612541e-04,
       1.17681676e-03, 2.35363352e-03, 2.05942942e-03, 1.17681676e-03,
       2.05942942e-03, 2.94204190e-04, 2.94204190e-04, 2.94204190e-04,
       1.47102098e-03, 5.58987958e-03, 1.17681676e-03, 1.76522508e-03,
       3.53045017e-03, 2.05942942e-03, 8.82612541e-04, 1.76522508e-03,
       2.94204190e-04, 2.94204190e-04, 5.88408380e-04, 2.94204190e-04,
       0., 2.94204190e-04, 8.82612541e-04, 2.05942942e-03,
       2.94204190e-04, 5.88408380e-04, 5.00147138e-03, 8.82612541e-04,
       5.88408380e-04, 5.88408380e-04, 8.82612541e-04, 2.05942942e-03,
       5.88408380e-04, 1.17681676e-03, 8.82612541e-04, 8.82612541e-04,
       0., 2.94204190e-04, 1.76522508e-03, 0., 5.88408380e-04,
       2.94204190e-04, 2.94204190e-04, 8.82612541e-04, 2.94204190e-04,
