%YAML:1.0
m10n: !!opencv-matrix
   rows: 1
   cols: 800
   dt: f
   data: [ 7.78816175e-04, 7.78816175e-04, 1.16822426e-03, 0.,
       1.55763235e-03, 1.55763235e-03, 1.55763235e-03, 0.,
       3.89408087e-04, 1.16822426e-03, 6.61993772e-03, 2.72585661e-03,
       3.11526470e-03, 4.67289705e-03, 7.78816175e-04, 7.78816175e-04,
       4.67289705e-03, 2.72585661e-03, 3.89408087e-04, 1.16822426e-03,
       3.89408087e-04, 1.94704044e-03, 3.89408087e-04, 0.,
       1.16822426e-03, 7.78816175e-04, 2.33644852e-03, 8.17757007e-03,
       3.89408087e-04, 0., 0., 0., 3.89408087e-04, 7.78816175e-04,
       7.78816175e-04, 1.16822426e-03, 3.89408087e-04, 0.,
       2.72585661e-03, 3.89408087e-04, 2.33644852e-03, 3.89408087e-04,
       3.89408087e-04, 1.55763235e-03, 1.55763235e-03, 1.94704044e-03,
       3.89408087e-04, 3.89408087e-04, 1.16822426e-03, 0.,
       1.16822426e-03, 2.33644852e-03, 1.55763235e-03, 1.16822426e-03,
       1.16822426e-03, 1.94704044e-03, 3.89408087e-04, 0.,
       1.16822426e-03, 3.89408087e-04, 1.16822426e-03, 0.,
       7.78816175e-04, 2.72585661e-03, 3.11526470e-03, 3.89408087e-04,
       0., 1.94704044e-03, 1.16822426e-03, 3.89408087e-04,
       3.11526470e-03, 3.89408087e-04, 3.89408087e-04, 1.16822426e-03,
       7.78816175e-04, 7.78816175e-04, 0., 0., 4.67289705e-03,
       1.94704044e-03, 0., 1.55763235e-03, 2.72585661e-03,
       1.16822426e-03, 2.33644852e-03, 1.16822426e-03, 3.89408087e-04,
       4.28348873e-03, 5.06230537e-03, 1.16822426e-03, 1.55763235e-03,
       3.89408087e-04, 1.94704044e-03, 0., 1.55763235e-03, 0.,
       3.89408087e-04, 2.33644852e-03, 7.78816175e-04, 7.78816175e-04,
       7.78816175e-04, 3.89408087e-04, 3.89408087e-03, 0., 0.,
       4.28348873e-03, 1.16822426e-03, 1.55763235e-03, 1.16822426e-03,
       1.16822426e-03, 2.33644852e-03, 1.94704044e-03, 3.89408087e-04,
       0., 1.94704044e-03, 1.16822426e-03, 0., 3.89408087e-04,
       7.78816175e-04, 7.78816175e-04, 1.55763235e-03, 1.16822426e-03,
       0., 5.45171322e-03, 3.89408087e-04, 3.50467279e-03,
       1.94704044e-03, 7.78816175e-04, 4.28348873e-03, 7.78816175e-04,
       3.89408087e-04, 7.78816175e-04, 2.33644852e-03, 0.,
       2.33644852e-03, 3.89408087e-04, 7.78816175e-04, 7.78816175e-04,
       1.16822426e-03, 3.89408087e-04, 4.28348873e-03, 1.55763235e-03,
       1.16822426e-03, 3.89408087e-04, 1.16822426e-03, 1.55763235e-03,
       0., 0., 3.89408087e-04, 1.55763235e-03, 1.16822426e-03, 0.,
       2.33644852e-03, 0., 3.89408087e-04, 0., 0., 1.94704044e-03, 0.,
       2.72585661e-03, 3.89408087e-04, 3.89408087e-04, 7.78816175e-04,
       7.78816175e-04, 7.78816175e-04, 0., 3.89408087e-04,
       1.94704044e-03, 0., 7.78816175e-04, 3.89408087e-04, 0.,
       7.78816175e-04, 3.89408087e-04, 7.78816175e-04, 0.,
       1.94704044e-03, 7.78816175e-04, 1.16822426e-03, 1.55763235e-03,
       1.55763235e-03, 3.50467279e-03, 3.89408087e-04, 7.78816175e-04,
       7.78816175e-04, 1.94704044e-03, 3.89408087e-04, 2.72585661e-03,
       0., 5.06230537e-03, 3.89408087e-04, 7.78816175e-04,
       1.16822426e-03, 1.16822426e-03, 7.78816175e-04, 3.89408087e-04,
       1.16822426e-03, 1.94704044e-03, 7.78816175e-04, 0.,
       4.28348873e-03, 4.28348873e-03, 3.89408087e-03, 7.78816175e-04,
       0., 1.55763235e-03, 1.94704044e-03, 1.94704044e-03,
       1.55763235e-03, 1.55763235e-03, 3.89408087e-03, 2.72585661e-03,
       0., 6.23052940e-03, 3.89408087e-04, 3.89408087e-04,
       1.94704044e-03, 5.06230537e-03, 0., 7.78816175e-04,
       1.55763235e-03, 0., 3.50467279e-03, 7.78816175e-04,
       7.78816175e-04, 3.11526470e-03, 1.16822426e-03, 2.33644852e-03,
       2.33644852e-03, 1.94704044e-03, 3.89408087e-04, 2.33644852e-03,
       3.89408087e-04, 1.55763235e-03, 7.78816175e-04, 1.16822426e-03,
       2.72585661e-03, 1.55763235e-03, 1.55763235e-03, 3.89408087e-04,
       3.89408087e-03, 2.33644852e-03, 2.33644852e-03, 7.78816175e-04,
       7.78816175e-04, 1.94704044e-03, 7.00934557e-03, 1.16822426e-03,
       3.89408087e-04, 4.67289705e-03, 3.89408087e-03, 7.78816175e-04,
       7.78816175e-04, 1.16822426e-03, 1.94704044e-03, 7.78816175e-04,
       1.94704044e-03, 2.72585661e-03, 2.72585661e-03, 1.94704044e-03,
       1.55763235e-03, 2.33644852e-03, 0., 7.78816175e-04,
       7.78816175e-04, 1.16822426e-03, 7.78816175e-04, 3.89408087e-04,
       3.89408087e-04, 2.72585661e-03, 2.33644852e-03, 0.,
       3.89408087e-04, 3.89408087e-04, 1.55763235e-03, 0.,
       7.78816175e-04, 1.55763235e-03, 7.78816175e-04, 1.16822426e-03,
       7.78816175e-04, 0., 3.11526470e-03, 2.33644852e-03,
       3.89408087e-04, 0., 3.89408087e-04, 3.89408087e-04,
       7.78816175e-04, 1.55763235e-03, 3.89408087e-03, 5.84112108e-03,
       0., 2.72585661e-03, 1.16822426e-03, 3.89408087e-04, 0.,
       7.78816175e-04, 3.89408087e-04, 3.89408087e-04, 1.55763235e-03,
       1.94704044e-03, 3.11526470e-03, 0., 1.16822426e-03, 0.,
       1.94704044e-03, 7.78816175e-04, 3.89408087e-04, 2.33644852e-03,
       7.78816175e-04, 0., 3.89408087e-03, 0., 1.16822426e-03,
       3.89408087e-04, 0., 2.72585661e-03, 0., 3.89408087e-04,
       1.16822426e-03, 2.72585661e-03, 2.72585661e-03, 3.89408087e-04,
       2.72585661e-03, 1.55763235e-03, 1.16822426e-03, 3.89408087e-04,
       1.55763235e-03, 3.89408087e-03, 2.72585661e-03, 0.,
       7.78816175e-04, 7.78816175e-04, 0., 1.94704044e-03,
       2.33644852e-03, 7.78816175e-04, 1.16822426e-03, 2.33644852e-03,
       7.78816175e-04, 1.55763235e-03, 2.33644852e-03, 2.72585661e-03,
       1.55763235e-03, 1.94704044e-03, 3.89408087e-04, 0.,
       7.78816175e-04, 1.16822426e-03, 1.94704044e-03, 7.78816175e-04,
       0., 1.94704044e-03, 0., 3.89408087e-04, 4.28348873e-03,
       7.78816175e-04, 3.50467279e-03, 1.55763235e-03, 3.89408087e-04,
       4.28348873e-03, 7.78816175e-04, 3.89408087e-04, 0.,
       7.78816175e-04, 2.33644852e-03, 7.78816175e-04, 7.78816175e-04,
       0., 1.55763235e-03, 1.94704044e-03, 0., 1.16822426e-03,
       3.89408087e-04, 3.89408087e-04, 3.89408087e-04, 3.89408087e-04,
       3.89408087e-04, 1.16822426e-03, 2.33644852e-03, 1.55763235e-03,
       1.16822426e-03, 1.16822426e-03, 1.16822426e-03, 1.16822426e-03,
       1.94704044e-03, 7.78816175e-04, 3.50467279e-03, 1.94704044e-03,
       1.16822426e-03, 0., 3.89408087e-04, 3.89408087e-04,
       7.78816175e-04, 1.94704044e-03, 0., 3.89408087e-04,
       7.78816175e-04, 1.16822426e-03, 0., 5.06230537e-03, 0.,
       2.33644852e-03, 3.89408087e-04, 3.89408087e-04, 0.,
       1.55763235e-03, 3.89408087e-04, 3.89408087e-04, 3.89408087e-04,
       3.89408087e-04, 1.55763235e-03, 3.11526470e-03, 0.,
       1.55763235e-03, 1.16822426e-03, 3.89408087e-04, 3.89408087e-04,
       3.89408087e-04, 1.16822426e-03, 1.55763235e-03, 1.55763235e-03,
       0., 7.78816175e-04, 3.89408087e-04, 1.16822426e-03,
       7.78816175e-04, 0., 1.16822426e-03, 7.78816175e-04,
       7.78816175e-04, 2.72585661e-03, 3.89408087e-04, 3.89408087e-04,
       3.11526470e-03, 1.16822426e-03, 0., 7.78816175e-04,
       3.89408087e-04, 3.89408087e-04, 1.94704044e-03, 3.89408087e-04,
       0., 7.78816175e-04, 0., 0., 2.33644852e-03, 1.94704044e-03,
       3.50467279e-03, 2.72585661e-03, 3.89408087e-04, 0.,
       1.16822426e-03, 7.78816175e-04, 3.89408087e-04, 7.78816175e-04,
       1.16822426e-03, 3.50467279e-03, 1.94704044e-03, 0.,
       3.89408087e-04, 3.89408087e-04, 3.89408087e-04, 1.55763235e-03,
       1.16822426e-03, 7.78816175e-04, 3.89408087e-04, 1.16822426e-03,
       3.89408087e-04, 0., 3.89408087e-04, 3.50467279e-03,
       2.33644852e-03, 0., 7.78816175e-04, 1.94704044e-03,
       1.16822426e-03, 7.78816175e-04, 1.55763235e-03, 3.89408087e-04,
       3.89408087e-04, 3.89408087e-04, 1.16822426e-03, 3.89408087e-04,
       0., 1.16822426e-03, 3.89408087e-04, 3.89408087e-04,
       7.78816175e-04, 1.16822426e-03, 1.55763235e-03, 3.89408087e-04,
       0., 1.55763235e-03, 1.16822426e-03, 1.55763235e-03,
       3.89408087e-04, 3.89408087e-04, 1.55763235e-03, 1.94704044e-03,
