%YAML:1.0
m10n: !!opencv-matrix
   rows: 1
   cols: 800
   dt: f
   data: [ 1.28755369e-03, 2.14592274e-03, 3.86266108e-03, 0.,
       1.71673822e-03, 4.29184554e-04, 4.29184554e-04, 0.,
       4.29184554e-04, 3.43347644e-03, 8.58369109e-04, 8.58369109e-04,
       1.28755369e-03, 8.58369109e-04, 1.71673822e-03, 8.58369109e-04,
       8.58369109e-04, 2.14592274e-03, 4.29184554e-04, 4.29184554e-04,
       6.86695287e-03, 8.58369109e-04, 8.58369109e-04, 8.58369109e-04,
       5.15021477e-03, 4.29184554e-04, 8.58369109e-04, 1.71673822e-03,
       5.15021477e-03, 2.57510738e-03, 4.29184554e-04, 1.71673822e-03,
       8.58369109e-04, 8.58369109e-04, 4.29184554e-04, 3.00429179e-03,
       8.58369109e-04, 8.58369109e-04, 1.28755369e-03, 1.28755369e-03,
       1.28755369e-03, 8.58369109e-04, 3.00429179e-03, 8.58369109e-04,
       8.58369109e-04, 2.14592274e-03, 0., 0., 4.29184554e-04,
       4.29184554e-04, 4.29184554e-04, 4.29184554e-04, 1.28755369e-03,
       8.58369109e-04, 3.43347644e-03, 1.28755369e-03, 8.58369109e-04,
       1.28755369e-03, 3.43347644e-03, 4.29184554e-04, 0.,
       3.43347644e-03, 0., 1.28755369e-03, 5.57939941e-03,
       4.29184554e-04, 8.58369109e-04, 1.71673822e-03, 0., 0.,
       4.29184554e-04, 4.29184554e-04, 8.58369109e-04, 4.29184554e-04,
       1.71673822e-03, 4.29184554e-04, 8.58369109e-04, 4.29184554e-04,
       8.58369109e-04, 1.71673822e-03, 0., 4.29184554e-04,
       1.71673822e-03, 2.14592274e-03, 1.28755369e-03, 4.72103013e-03,
       4.29184554e-04, 3.43347644e-03, 0., 1.28755369e-03,
       2.14592274e-03, 0., 0., 0., 4.29184554e-04, 0., 1.71673822e-03,
       1.28755369e-03, 4.29184554e-04, 0., 0., 8.58369109e-04,
       4.29184554e-04, 3.86266108e-03, 0., 2.14592274e-03,
       1.71673822e-03, 0., 8.58369109e-04, 0., 2.57510738e-03,
       8.58369109e-04, 2.57510738e-03, 4.29184554e-04, 4.29184549e-03,
       0., 2.57510738e-03, 1.28755369e-03, 0., 0., 4.29184554e-04,
       1.28755369e-03, 2.14592274e-03, 2.14592274e-03, 0.,
       4.29184554e-04, 8.58369109e-04, 8.58369109e-04, 8.58369109e-04,
       8.58369109e-04, 0., 3.43347644e-03, 4.72103013e-03,
       2.14592274e-03, 1.28755369e-03, 4.29184554e-04, 4.29184554e-04,
       0., 4.29184554e-04, 3.00429179e-03, 8.58369109e-04,
       3.00429179e-03, 1.28755369e-03, 2.57510738e-03, 4.29184554e-04,
       4.29184554e-04, 2.14592274e-03, 2.14592274e-03, 4.29184554e-04,
       0., 2.57510738e-03, 4.29184554e-04, 0., 1.28755369e-03,
       4.29184554e-04, 3.43347644e-03, 0., 1.71673822e-03,
       1.71673822e-03, 1.28755369e-03, 0., 4.29184554e-04,
       4.29184554e-04, 4.29184554e-04, 0., 0., 2.57510738e-03,
       1.28755369e-03, 1.28755369e-03, 1.71673822e-03, 4.29184554e-04,
       1.54506443e-02, 1.28755369e-03, 8.58369109e-04, 0.,
       4.29184554e-04, 4.29184554e-04, 6.86695287e-03, 8.58369109e-04,
       8.58369109e-04, 3.00429179e-03, 4.72103013e-03, 0.,
       8.58369109e-04, 8.58369109e-04, 1.71673822e-03, 3.86266108e-03,
       1.28755369e-03, 0., 4.29184554e-04, 8.58369109e-04,
       8.58369109e-04, 8.58369109e-04, 0., 8.58369109e-04,
       8.58369109e-04, 4.29184554e-04, 1.71673822e-03, 1.28755369e-03,
       4.29184554e-04, 2.57510738e-03, 1.28755369e-03, 4.29184554e-04,
       5.15021477e-03, 4.29184554e-04, 0., 5.15021477e-03,
       7.72532215e-03, 4.29184554e-04, 4.29184554e-04, 1.28755369e-03,
       4.29184554e-04, 0., 3.00429179e-03, 0., 3.00429179e-03,
       2.57510738e-03, 0., 1.28755369e-03, 8.58369109e-04,
       2.57510738e-03, 6.43776823e-03, 1.28755369e-03, 4.29184554e-04,
       4.29184554e-04, 1.28755369e-03, 2.57510738e-03, 1.71673822e-03,
       1.28755369e-03, 3.86266108e-03, 4.29184554e-04, 1.28755369e-03,
       0., 3.00429179e-03, 3.00429179e-03, 8.58369109e-04,
       4.29184554e-04, 2.14592274e-03, 4.29184554e-04, 3.86266108e-03,
       4.29184554e-04, 7.72532215e-03, 8.58369109e-04, 0.,
       3.00429179e-03, 2.14592274e-03, 2.14592274e-03, 8.58369109e-04,
       4.29184554e-04, 1.28755369e-03, 2.14592274e-03, 4.29184554e-04,
       0., 8.58369109e-04, 4.29184554e-04, 4.29184554e-04,
       1.28755369e-03, 6.86695287e-03, 2.57510738e-03, 4.29184554e-04,
       4.29184554e-04, 4.29184554e-04, 8.58369109e-04, 8.58369109e-04,
       4.29184554e-04, 8.58369109e-04, 0., 6.00858359e-03,
       1.28755369e-03, 1.28755369e-03, 2.14592274e-03, 1.28755369e-03,
       0., 4.29184554e-04, 2.14592274e-03, 4.29184554e-04, 0.,
       8.58369109e-04, 4.29184554e-04, 1.28755369e-03, 8.58369109e-04,
       6.43776823e-03, 8.58369109e-04, 0., 1.28755369e-03,
       3.00429179e-03, 3.00429179e-03, 8.58369109e-04, 0.,
       5.57939941e-03, 4.29184554e-04, 1.71673822e-03, 0.,
       1.28755369e-03, 1.28755369e-03, 1.28755369e-03, 4.29184549e-03,
       1.28755369e-03, 4.29184554e-04, 1.28755369e-03, 1.71673822e-03,
       2.14592274e-03, 2.14592274e-03, 3.00429179e-03, 8.58369109e-04,
       1.28755369e-03, 1.71673822e-03, 0., 2.14592274e-03, 0.,
       1.71673822e-03, 2.14592274e-03, 8.58369109e-04, 0.,
       3.86266108e-03, 7.72532215e-03, 7.72532215e-03, 8.58369109e-04,
       4.29184554e-04, 1.28755369e-03, 0., 0., 4.29184554e-04,
       4.29184554e-04, 0., 1.28755369e-03, 8.58369109e-04,
       1.28755369e-03, 4.29184554e-04, 4.29184554e-04, 1.28755369e-03,
       0., 4.29184554e-04, 1.71673822e-03, 8.58369109e-04,
       4.29184554e-04, 2.57510738e-03, 8.58369109e-04, 8.58369109e-04,
       1.71673822e-03, 8.58369109e-04, 8.58369109e-04, 4.29184554e-04,
       8.58369109e-04, 3.00429179e-03, 4.29184554e-04, 6.86695287e-03,
       4.29184554e-04, 2.57510738e-03, 4.29184554e-04, 4.29184554e-04,
       4.29184554e-04, 1.28755369e-03, 8.58369109e-04, 0.,
       4.29184554e-04, 4.29184554e-04, 0., 1.71673822e-03,
       1.71673822e-03, 0., 0., 3.00429179e-03, 0., 3.00429179e-03,
       4.29184549e-03, 4.29184554e-04, 2.57510738e-03, 0.,
       4.29184554e-04, 1.71673822e-03, 1.28755369e-03, 4.29184554e-04,
       2.57510738e-03, 1.71673822e-03, 0., 2.57510738e-03, 0.,
       4.29184554e-04, 8.58369109e-04, 4.29184549e-03, 8.58369109e-04,
       1.71673822e-03, 1.71673822e-03, 4.29184554e-04, 4.29184554e-04,
       1.28755369e-03, 8.58369109e-04, 4.29184554e-04, 8.58369109e-04,
       3.43347644e-03, 0., 4.29184554e-04, 8.58369109e-04, 0.,
       4.29184554e-04, 1.28755369e-03, 4.29184554e-04, 2.14592274e-03,
       0., 1.28755369e-03, 4.29184554e-04, 8.58369109e-04, 0.,
       8.58369109e-04, 0., 0., 4.29184554e-04, 2.14592274e-03,
       8.58369109e-04, 0., 3.43347644e-03, 1.71673822e-03, 0., 0.,
       1.28755369e-03, 0., 0., 3.43347644e-03, 0., 4.29184554e-04, 0.,
       4.29184554e-04, 4.29184554e-04, 1.71673822e-03, 1.28755369e-03,
       4.29184554e-04, 1.71673822e-03, 2.57510738e-03, 2.57510738e-03,
       8.58369109e-04, 1.71673822e-03, 8.58369109e-04, 8.58369109e-04,
       8.58369109e-04, 4.29184554e-04, 8.58369109e-04, 0.,
       1.28755369e-03, 8.58369109e-04, 4.29184554e-04, 8.58369109e-04,
       4.29184554e-04, 2.14592274e-03, 0., 1.28755369e-03, 0.,
       4.29184554e-04, 1.71673822e-03, 1.71673822e-03, 8.58369109e-04,
       0., 1.28755369e-03, 1.28755369e-03, 0., 4.29184554e-04,
       2.57510738e-03, 1.71673822e-03, 4.29184554e-04, 8.58369109e-04,
       8.58369109e-04, 8.58369109e-04, 3.43347644e-03, 4.29184549e-03,
       1.28755369e-03, 1.28755369e-03, 1.28755369e-03, 8.58369109e-04,
       2.14592274e-03, 2.14592274e-03, 3.00429179e-03, 5.57939941e-03,
       2.14592274e-03, 1.28755369e-03, 8.58369109e-04, 4.29184554e-04,
       4.29184554e-04, 4.29184554e-04, 1.71673822e-03, 4.29184554e-04,
       2.14592274e-03, 4.29184554e-04, 0., 4.29184554e-04, 0.,
       4.29184554e-04, 0., 8.58369109e-04, 2.14592274e-03,
       8.58369109e-04, 1.28755369e-03, 0., 0., 8.58369109e-04,
       4.29184554e-04, 1.28755369e-03, 4.29184554e-04, 2.57510738e-03,
       3.00429179e-03, 0., 2.57510738e-03, 4.29184554e-04,
       4.29184549e-03, 1.71673822e-03, 2.14592274e-03, 8.58369109e-04,
