%YAML:1.0
m10n: !!opencv-matrix
   rows: 1
   cols: 800
   dt: f
   data: [ 0., 1.75438600e-03, 3.94736836e-03, 0., 4.38596500e-04, 0.,
       2.19298247e-03, 1.31578953e-03, 4.38596500e-04, 1.75438600e-03,
       0., 4.38596500e-04, 4.38596500e-04, 4.38596500e-04,
       4.38596500e-04, 2.63157906e-03, 0., 3.07017541e-03,
       4.38596500e-04, 0., 8.33333377e-03, 1.31578953e-03,
       1.31578953e-03, 1.75438600e-03, 3.50877200e-03, 8.77193001e-04,
       1.31578953e-03, 3.07017541e-03, 4.38596500e-04, 4.38596494e-03,
       2.19298247e-03, 1.31578953e-03, 4.38596500e-04, 4.38596500e-04,
       0., 8.77193001e-04, 4.38596500e-04, 1.31578953e-03,
       4.38596500e-04, 1.31578953e-03, 3.50877200e-03, 1.31578953e-03,
       8.77193001e-04, 8.77193001e-04, 1.31578953e-03, 8.77193001e-04,
       4.38596500e-04, 1.31578953e-03, 4.38596494e-03, 0., 0.,
       2.63157906e-03, 1.75438600e-03, 1.75438600e-03, 1.75438600e-03,
       8.77193001e-04, 8.77193001e-04, 4.38596500e-04, 1.31578953e-03,
       0., 1.75438600e-03, 2.63157906e-03, 4.38596500e-04,
       8.77193001e-04, 4.38596494e-03, 4.38596500e-04, 1.31578953e-03,
       3.94736836e-03, 4.38596500e-04, 0., 0., 4.38596500e-04,
       4.38596500e-04, 0., 4.82456153e-03, 1.75438600e-03,
       8.77193001e-04, 3.07017541e-03, 1.31578953e-03, 2.63157906e-03,
       0., 4.38596500e-04, 8.77193001e-04, 4.38596500e-04,
       2.19298247e-03, 4.38596494e-03, 4.38596500e-04, 8.77193001e-04,
       1.31578953e-03, 1.75438600e-03, 4.38596500e-04, 4.38596500e-04,
       1.31578953e-03, 4.38596500e-04, 0., 2.19298247e-03,
       4.38596500e-04, 4.38596500e-04, 4.38596500e-04, 8.77193001e-04,
       0., 8.77193001e-04, 2.63157906e-03, 1.31578953e-03,
       8.77193001e-04, 6.57894742e-03, 1.75438600e-03, 0.,
       2.19298247e-03, 4.38596500e-04, 3.50877200e-03, 2.19298247e-03,
       8.77193001e-04, 8.77193001e-04, 5.26315812e-03, 4.38596500e-04,
       2.63157906e-03, 1.75438600e-03, 4.38596500e-04, 1.75438600e-03,
       8.77193001e-04, 8.77193001e-04, 0., 1.75438600e-03, 0.,
       4.38596500e-04, 4.38596500e-04, 4.38596500e-04, 3.07017541e-03,
       1.31578953e-03, 4.38596500e-04, 2.19298247e-03, 3.94736836e-03,
       1.31578953e-03, 8.77193001e-04, 0., 8.77193001e-04,
       1.31578953e-03, 8.77193001e-04, 1.31578953e-03, 4.38596494e-03,
       4.38596500e-04, 1.75438600e-03, 1.31578953e-03, 1.31578953e-03,
       1.31578953e-03, 8.77193001e-04, 1.75438600e-03, 4.38596500e-04,
       0., 2.19298247e-03, 8.77193001e-04, 0., 1.31578953e-03,
       8.77193001e-04, 2.19298247e-03, 1.31578953e-03, 3.07017541e-03,
       8.77193001e-04, 4.38596500e-04, 0., 1.31578953e-03,
       4.38596500e-04, 0., 1.75438600e-03, 4.38596500e-04,
       1.31578953e-03, 4.38596500e-04, 4.38596500e-04, 1.31578953e-03,
       0., 2.19298247e-03, 8.77193001e-04, 1.31578953e-03,
       1.31578953e-03, 8.77193001e-04, 2.63157906e-03, 1.35964919e-02,
       4.38596500e-04, 2.63157906e-03, 2.19298247e-03, 1.75438600e-03,
       4.38596500e-04, 4.38596500e-04, 4.38596500e-04, 1.31578953e-03,
       2.19298247e-03, 0., 0., 4.38596500e-04, 0., 8.77193001e-04, 0.,
       0., 1.31578953e-03, 2.63157906e-03, 1.75438600e-03,
       4.38596500e-04, 4.38596500e-04, 8.77193001e-04, 2.19298247e-03,
       0., 8.77193001e-04, 1.75438600e-03, 0., 8.77193001e-04,
       2.63157906e-03, 3.07017541e-03, 4.38596500e-04, 1.31578953e-03,
       1.31578953e-03, 4.38596500e-04, 4.38596500e-04, 3.07017541e-03,
       0., 3.07017541e-03, 1.31578953e-03, 0., 1.31578953e-03, 0.,
       1.75438600e-03, 2.19298247e-03, 1.75438600e-03, 0., 0.,
       1.31578953e-03, 4.38596500e-04, 0., 0., 1.31578953e-03,
       4.38596500e-04, 8.77193001e-04, 2.19298247e-03, 3.07017541e-03,
       4.38596500e-04, 0., 1.31578953e-03, 0., 8.77193001e-04,
       3.07017541e-03, 2.19298247e-03, 3.07017541e-03, 4.38596500e-04,
       8.77193001e-04, 6.14035083e-03, 3.94736836e-03, 8.77193001e-04,
       0., 4.38596500e-04, 4.38596500e-04, 4.82456153e-03,
       8.77193001e-04, 0., 1.31578953e-03, 8.77193001e-04,
       8.77193001e-04, 0., 3.94736836e-03, 1.31578953e-03,
       4.38596500e-04, 2.19298247e-03, 0., 0., 1.75438600e-03,
       4.38596500e-04, 0., 0., 2.19298247e-03, 4.38596500e-04,
       8.77193001e-04, 1.31578953e-03, 4.38596500e-04, 1.75438600e-03,
       8.77193001e-04, 4.38596500e-04, 4.38596500e-04, 8.77193001e-04,
       4.38596500e-04, 8.77193001e-04, 2.63157906e-03, 2.19298247e-03,
       1.31578953e-03, 0., 0., 1.75438600e-03, 0., 2.63157906e-03,
       8.77193001e-04, 0., 3.07017541e-03, 0., 2.19298247e-03, 0.,
       2.63157906e-03, 4.38596500e-04, 0., 1.31578953e-03,
       8.77193001e-04, 4.38596500e-04, 4.38596500e-04, 0.,
       1.75438600e-03, 2.19298247e-03, 8.77193001e-04, 8.77193001e-04,
       5.26315812e-03, 8.77193001e-04, 3.07017541e-03, 3.07017541e-03,
       8.77193001e-04, 2.19298247e-03, 8.77192989e-03, 1.31578953e-03,
       0., 3.07017541e-03, 8.77193001e-04, 5.70175471e-03,
       1.75438600e-03, 0., 4.38596500e-04, 1.31578953e-03,
       2.19298247e-03, 0., 4.38596500e-04, 0., 8.77193001e-04,
       3.07017541e-03, 8.77193001e-04, 1.31578953e-03, 0.,
       1.31578953e-03, 1.75438600e-03, 4.38596500e-04, 1.75438600e-03,
       0., 8.77193001e-04, 2.63157906e-03, 2.19298247e-03,
       8.77193001e-04, 2.63157906e-03, 1.31578953e-03, 8.77193001e-04,
       0., 8.77193001e-04, 1.31578953e-03, 8.77193001e-04,
       7.01754401e-03, 0., 8.77193001e-04, 0., 0., 8.77193001e-04,
       1.31578953e-03, 8.77193001e-04, 0., 8.77193001e-04,
       4.38596500e-04, 0., 4.38596500e-04, 0., 1.75438600e-03,
       2.63157906e-03, 0., 0., 3.07017541e-03, 2.19298247e-03,
       1.75438600e-03, 2.19298247e-03, 1.31578953e-03, 4.38596500e-04,
       0., 4.38596500e-04, 0., 4.38596500e-04, 2.63157906e-03,
       1.31578953e-03, 4.38596500e-04, 4.38596500e-04, 4.38596500e-04,
       1.75438600e-03, 2.63157906e-03, 0., 1.75438600e-03, 0., 0.,
       8.77193001e-04, 8.77193001e-04, 0., 3.50877200e-03,
       4.38596500e-04, 7.01754401e-03, 2.63157906e-03, 3.07017541e-03,
       1.75438600e-03, 4.38596500e-04, 1.31578953e-03, 1.31578953e-03,
       0., 3.07017541e-03, 1.75438600e-03, 8.77193001e-04,
       1.75438600e-03, 2.19298247e-03, 4.38596494e-03, 4.38596500e-04,
       0., 4.38596500e-04, 0., 2.19298247e-03, 8.77193001e-04,
       4.38596500e-04, 1.75438600e-03, 8.77193001e-04, 4.38596500e-04,
       4.38596500e-04, 0., 8.77193001e-04, 8.77193001e-04,
       5.26315812e-03, 2.19298247e-03, 0., 8.77193001e-04,
       1.31578953e-03, 1.31578953e-03, 4.38596500e-04, 1.31578953e-03,
       4.38596500e-04, 0., 1.31578953e-03, 3.50877200e-03,
       1.31578953e-03, 2.19298247e-03, 4.82456153e-03, 8.77193001e-04,
       0., 4.38596500e-04, 4.82456153e-03, 0., 1.75438600e-03, 0.,
       8.77193001e-04, 4.38596500e-04, 8.77193001e-04, 4.38596500e-04,
       2.19298247e-03, 8.77193001e-04, 0., 0., 8.77193001e-04,
       2.19298247e-03, 4.38596500e-04, 4.38596500e-04, 1.31578953e-03,
       4.38596500e-04, 4.38596500e-04, 8.77193001e-04, 1.75438600e-03,
       3.07017541e-03, 8.77193001e-04, 8.77193001e-04, 1.31578953e-03,
       0., 4.38596500e-04, 1.75438600e-03, 1.75438600e-03,
       3.50877200e-03, 2.63157906e-03, 3.07017541e-03, 1.31578953e-03,
       2.19298247e-03, 5.26315812e-03, 8.77193001e-04, 4.82456153e-03,
       8.77193001e-04, 1.31578953e-03, 4.38596500e-04, 4.38596500e-04,
       0., 8.77193001e-04, 2.19298247e-03, 8.77193001e-04,
       1.31578953e-03, 4.38596500e-04, 8.77193001e-04, 0., 0.,
       1.31578953e-03, 4.38596500e-04, 3.50877200e-03, 8.77193001e-04,
       1.75438600e-03, 0., 0., 4.38596500e-04, 4.38596500e-04,
       1.75438600e-03, 4.38596500e-04, 8.77193001e-04, 4.38596500e-04,
       1.75438600e-03, 2.63157906e-03, 4.38596500e-04, 4.38596500e-04,
       5.26315812e-03, 4.38596500e-04, 1.31578953e-03, 2.19298247e-03,
       0., 8.77193001e-04, 1.31578953e-03, 4.38596500e-04, 0., 0., 0.,
