%YAML:1.0
m10n: !!opencv-matrix
   rows: 1
   cols: 800
   dt: f
   data: [ 7.91452301e-04, 4.74871369e-03, 1.97863067e-03,
       3.95726151e-04, 7.91452301e-04, 0., 7.91452301e-04,
       3.95726151e-04, 0., 4.35298774e-03, 1.18717842e-03,
       3.95726151e-04, 3.95726151e-04, 1.18717842e-03, 3.95726133e-03,
       3.95726151e-04, 1.97863067e-03, 2.37435685e-03, 3.95726151e-04,
       7.91452301e-04, 4.35298774e-03, 1.18717842e-03, 1.97863067e-03,
       1.58290460e-03, 0., 1.97863067e-03, 1.18717842e-03,
       7.91452301e-04, 5.54016605e-03, 1.58290460e-03, 1.18717842e-03,
       7.91452301e-04, 2.37435685e-03, 7.91452301e-04, 3.95726151e-04,
       5.14444010e-03, 0., 1.58290460e-03, 7.91452301e-04, 0.,
       7.91452301e-04, 1.58290460e-03, 0., 1.18717842e-03,
       1.58290460e-03, 3.95726133e-03, 3.95726151e-04, 7.91452301e-04,
       1.97863067e-03, 0., 0., 1.58290460e-03, 7.91452301e-04, 0.,
       1.97863067e-03, 3.95726151e-04, 1.58290460e-03, 3.16580920e-03,
       7.91452301e-04, 7.91452301e-04, 0., 1.97863067e-03, 0.,
       7.91452266e-03, 1.97863067e-03, 1.58290460e-03, 1.97863067e-03,
       0., 7.91452301e-04, 3.95726151e-04, 7.91452301e-04,
       1.18717842e-03, 7.91452301e-04, 3.95726151e-04, 7.91452301e-04,
       2.37435685e-03, 0., 3.16580920e-03, 1.18717842e-03,
       5.54016605e-03, 0., 0., 1.97863067e-03, 3.56153538e-03,
       2.77008303e-03, 1.18717842e-03, 1.18717842e-03, 1.18717842e-03,
       2.37435685e-03, 0., 1.97863067e-03, 1.58290460e-03,
       2.77008303e-03, 1.18717842e-03, 3.95726151e-04, 3.95726151e-04,
       0., 2.77008303e-03, 3.95726151e-04, 7.91452301e-04,
       1.18717842e-03, 7.91452301e-04, 1.97863067e-03, 7.91452301e-04,
       3.95726151e-04, 2.37435685e-03, 3.95726151e-04, 1.18717842e-03,
       0., 1.18717842e-03, 0., 1.18717842e-03, 7.12307077e-03,
       1.58290460e-03, 7.91452301e-04, 3.95726151e-04, 0.,
       1.18717842e-03, 1.18717842e-03, 3.95726151e-04, 7.91452301e-04,
       1.18717842e-03, 5.93589246e-03, 7.91452301e-04, 0.,
       3.95726151e-04, 1.18717842e-03, 1.58290460e-03, 2.77008303e-03,
       1.58290460e-03, 3.95726151e-04, 1.58290460e-03, 3.16580920e-03,
       3.95726151e-04, 1.18717842e-03, 0., 3.95726151e-04,
       3.95726151e-04, 7.91452301e-04, 4.74871369e-03, 2.77008303e-03,
       1.58290460e-03, 0., 2.77008303e-03, 1.18717842e-03,
       7.91452301e-04, 7.91452301e-04, 1.58290460e-03, 3.95726151e-04,
       3.95726151e-04, 2.37435685e-03, 0., 0., 7.91452301e-04,
       7.91452301e-04, 1.58290460e-03, 7.91452301e-04, 3.56153538e-03,
       3.95726151e-04, 1.58290460e-03, 0., 1.97863067e-03, 0.,
       7.91452301e-04, 3.95726151e-04, 7.91452301e-04, 3.95726151e-04,
       7.91452301e-04, 0., 1.97863067e-03, 3.95726151e-04,
       2.77008303e-03, 1.58290460e-03, 0., 1.58290460e-03, 0.,
       7.91452301e-04, 3.95726151e-04, 2.37435685e-03, 3.95726133e-03,
       3.56153538e-03, 1.58290460e-03, 1.18717842e-03, 3.95726151e-04,
       2.37435685e-03, 3.95726151e-04, 7.91452301e-04, 0., 0.,
       7.91452301e-04, 1.58290460e-03, 3.95726151e-04, 3.95726133e-03,
       0., 3.95726151e-04, 1.97863067e-03, 7.91452301e-04,
       1.18717842e-03, 3.95726151e-04, 7.91452301e-04, 1.97863067e-03,
       1.18717842e-03, 2.77008303e-03, 1.97863067e-03, 3.95726151e-04,
       1.97863067e-03, 3.16580920e-03, 4.35298774e-03, 2.37435685e-03,
       7.91452301e-04, 1.58290460e-03, 7.91452301e-04, 0.,
       3.95726151e-04, 3.95726151e-04, 1.18717842e-03, 1.18717842e-03,
       0., 7.91452301e-04, 7.91452301e-04, 3.95726151e-04,
       4.35298774e-03, 2.37435685e-03, 7.91452301e-04, 7.91452301e-04,
       7.91452301e-04, 1.58290460e-03, 1.58290460e-03, 1.97863067e-03,
       1.58290460e-03, 1.97863067e-03, 1.18717842e-03, 3.95726151e-04,
       1.18717842e-03, 1.58290460e-03, 7.91452301e-04, 3.16580920e-03,
       1.18717842e-03, 1.58290460e-03, 0., 1.58290460e-03,
       3.56153538e-03, 1.97863067e-03, 3.95726151e-04, 1.18717842e-03,
       3.95726151e-04, 7.91452301e-04, 1.58290460e-03, 1.58290460e-03,
       7.91452301e-04, 1.18717842e-03, 7.91452301e-04, 7.91452301e-04,
       1.97863067e-03, 3.95726151e-04, 1.58290460e-03, 1.18717842e-03,
       1.18717842e-03, 1.18717842e-03, 1.97863067e-03, 1.58290460e-03,
       7.91452301e-04, 0., 7.91452301e-04, 7.91452301e-04, 0., 0.,
       8.70597549e-03, 3.95726151e-04, 1.18717842e-03, 1.97863067e-03,
       3.95726151e-04, 3.56153538e-03, 0., 1.58290460e-03,
       3.95726151e-04, 0., 1.58290460e-03, 2.37435685e-03,
       3.95726151e-04, 7.91452301e-04, 1.18717842e-03, 1.18717842e-03,
       3.95726151e-04, 2.77008303e-03, 7.91452301e-04, 7.91452301e-04,
       7.91452301e-04, 3.95726133e-03, 7.91452301e-04, 7.91452301e-04,
       7.91452301e-04, 0., 3.95726151e-04, 2.37435685e-03,
       3.95726133e-03, 3.95726133e-03, 1.58290460e-03, 1.18717842e-03,
       7.91452301e-04, 3.95726151e-04, 1.18717842e-03, 1.58290460e-03,
       7.91452301e-04, 7.91452301e-04, 2.37435685e-03, 1.18717842e-03,
       3.95726151e-04, 3.95726133e-03, 0., 1.97863067e-03,
       7.91452301e-04, 3.56153538e-03, 3.95726151e-04, 1.18717842e-03,
       4.74871369e-03, 1.58290460e-03, 1.18717842e-03, 1.97863067e-03,
       3.95726151e-04, 1.18717842e-03, 7.91452301e-04, 1.18717842e-03,
       7.91452301e-04, 0., 1.18717842e-03, 1.58290460e-03,
       1.58290460e-03, 7.91452301e-04, 1.97863067e-03, 1.18717842e-03,
       3.95726151e-04, 0., 1.18717842e-03, 3.95726151e-04,
       1.97863067e-03, 2.77008303e-03, 0., 7.91452301e-04, 0.,
       1.58290460e-03, 3.95726151e-04, 1.18717842e-03, 1.18717842e-03,
       1.18717842e-03, 7.91452301e-04, 2.77008303e-03, 1.18717842e-03,
       3.95726133e-03, 7.91452301e-04, 1.97863067e-03, 1.18717842e-03,
       0., 2.37435685e-03, 3.95726151e-04, 3.95726151e-04,
       7.91452301e-04, 3.95726151e-04, 3.95726151e-04, 7.91452301e-04,
       1.58290460e-03, 1.18717842e-03, 3.95726151e-04, 0.,
       5.14444010e-03, 1.97863067e-03, 1.58290460e-03, 1.58290460e-03,
       3.95726151e-04, 3.16580920e-03, 4.35298774e-03, 1.18717842e-03,
       7.91452301e-04, 1.97863067e-03, 3.95726133e-03, 7.91452301e-04,
       1.18717842e-03, 0., 1.18717842e-03, 3.95726151e-04,
       3.95726151e-04, 0., 3.95726151e-04, 7.91452301e-04, 0.,
       1.58290460e-03, 1.58290460e-03, 1.18717842e-03, 3.95726151e-04,
       7.91452301e-04, 3.95726133e-03, 1.18717842e-03, 1.97863067e-03,
       1.97863067e-03, 2.37435685e-03, 1.18717842e-03, 1.58290460e-03,
       3.95726151e-04, 4.74871369e-03, 3.95726151e-04, 7.91452301e-04,
       7.91452301e-04, 3.95726151e-04, 3.95726151e-04, 1.58290460e-03,
       7.91452301e-04, 0., 7.91452301e-04, 3.95726151e-04,
       7.91452301e-04, 7.91452301e-04, 3.95726133e-03, 3.95726151e-04,
       0., 0., 3.95726151e-04, 3.95726151e-04, 0., 1.58290460e-03,
       1.97863067e-03, 7.91452301e-04, 3.95726151e-04, 1.18717842e-03,
       3.95726151e-04, 3.95726151e-04, 7.91452301e-04, 1.97863067e-03,
       7.91452301e-04, 1.97863067e-03, 1.58290460e-03, 7.91452301e-04,
       1.18717842e-03, 7.91452301e-04, 0., 1.97863067e-03,
       7.91452301e-04, 7.91452301e-04, 7.91452301e-04, 1.18717842e-03,
       0., 0., 0., 7.91452301e-04, 1.58290460e-03, 7.91452301e-04,
       1.18717842e-03, 0., 1.18717842e-03, 1.18717842e-03,
       7.91452301e-04, 1.58290460e-03, 1.18717842e-03, 1.18717842e-03,
       2.77008303e-03, 0., 1.58290460e-03, 3.95726151e-04,
       7.91452301e-04, 7.91452301e-04, 0., 7.91452301e-04,
       7.91452301e-04, 7.91452301e-04, 1.18717842e-03, 7.91452301e-04,
       0., 3.95726151e-04, 7.91452301e-04, 1.58290460e-03,
       3.56153538e-03, 4.74871369e-03, 2.37435685e-03, 3.16580920e-03,
       1.97863067e-03, 3.95726151e-04, 1.58290460e-03, 1.58290460e-03,
       0., 7.91452301e-04, 1.58290460e-03, 1.18717842e-03, 0.,
       1.18717842e-03, 1.18717842e-03, 0., 1.18717842e-03,
       3.95726151e-04, 1.97863067e-03, 1.97863067e-03, 1.18717842e-03,
       3.16580920e-03, 0., 3.95726151e-04, 7.91452301e-04,
