%YAML:1.0
m10n: !!opencv-matrix
   rows: 1
   cols: 800
   dt: f
   data: [ 7.41564727e-04, 7.41564727e-04, 1.85391179e-03,
       3.70782363e-04, 1.48312945e-03, 1.48312945e-03, 1.48312945e-03,
       0., 7.41564727e-04, 1.11234712e-03, 4.44938848e-03,
       1.85391179e-03, 2.59547657e-03, 6.67408248e-03, 3.70782363e-04,
       7.41564727e-04, 5.19095315e-03, 3.70782358e-03, 7.41564727e-04,
       7.41564727e-04, 1.48312945e-03, 1.11234712e-03, 1.11234712e-03,
       0., 7.41564727e-04, 7.41564727e-04, 1.48312945e-03,
       5.93251782e-03, 0., 0., 0., 3.70782363e-04, 3.70782363e-04,
       7.41564727e-04, 3.70782363e-04, 0., 7.41564727e-04,
       3.70782363e-04, 5.93251782e-03, 3.70782363e-04, 2.96625891e-03,
       1.48312945e-03, 3.70782363e-04, 2.22469424e-03, 0.,
       7.41564727e-04, 0., 3.70782363e-04, 7.41564727e-04,
       3.70782363e-04, 3.70782363e-04, 7.41564727e-04, 7.41564727e-04,
       2.22469424e-03, 1.48312945e-03, 2.59547657e-03, 3.70782363e-04,
       3.70782363e-04, 1.85391179e-03, 7.41564727e-04, 3.70782363e-04,
       1.48312945e-03, 3.70782363e-04, 1.48312945e-03, 4.07860614e-03,
       3.70782363e-04, 0., 3.70782363e-04, 1.11234712e-03,
       3.70782363e-04, 1.48312945e-03, 1.85391179e-03, 0.,
       1.85391179e-03, 1.11234712e-03, 1.11234712e-03, 1.11234712e-03,
       2.59547657e-03, 4.82017081e-03, 2.22469424e-03, 0.,
       7.41564727e-04, 2.59547657e-03, 0., 1.11234712e-03,
       1.48312945e-03, 3.70782363e-04, 5.19095315e-03, 4.07860614e-03,
       2.59547657e-03, 3.70782363e-04, 7.41564727e-04, 1.85391179e-03,
       3.70782363e-04, 1.48312945e-03, 0., 1.48312945e-03,
       1.85391179e-03, 7.41564727e-04, 1.11234712e-03, 7.41564727e-04,
       3.70782363e-04, 3.70782358e-03, 7.41564727e-04, 3.70782363e-04,
       3.33704124e-03, 4.07860614e-03, 7.41564727e-04, 1.11234712e-03,
       1.11234712e-03, 2.96625891e-03, 2.96625891e-03, 0.,
       3.70782363e-04, 1.85391179e-03, 7.41564727e-04, 0.,
       7.41564727e-04, 0., 3.70782363e-04, 1.11234712e-03,
       2.22469424e-03, 0., 1.11234712e-03, 0., 1.85391179e-03,
       2.59547657e-03, 7.41564727e-04, 4.82017081e-03, 1.85391179e-03,
       7.41564727e-04, 3.70782363e-04, 2.22469424e-03, 3.70782363e-04,
       2.59547657e-03, 3.70782363e-04, 1.11234712e-03, 3.70782363e-04,
       1.48312945e-03, 1.11234712e-03, 4.44938848e-03, 2.59547657e-03,
       3.70782363e-04, 3.70782363e-04, 1.11234712e-03, 1.11234712e-03,
       0., 7.41564727e-04, 3.70782363e-04, 1.85391179e-03,
       1.85391179e-03, 0., 2.22469424e-03, 1.11234712e-03,
       1.11234712e-03, 2.22469424e-03, 7.41564727e-04, 1.85391179e-03,
       3.70782363e-04, 2.59547657e-03, 3.70782363e-04, 0.,
       1.11234712e-03, 1.11234712e-03, 7.41564727e-04, 0., 0.,
       2.22469424e-03, 0., 3.70782363e-04, 7.41564727e-04, 0.,
       1.11234712e-03, 7.41564727e-04, 3.70782363e-04, 0.,
       1.48312945e-03, 3.70782363e-04, 1.11234712e-03, 1.48312945e-03,
       1.85391179e-03, 2.22469424e-03, 7.41564727e-04, 3.70782363e-04,
       3.33704124e-03, 1.11234712e-03, 1.11234712e-03, 2.59547657e-03,
       0., 3.70782358e-03, 0., 7.41564727e-04, 1.48312945e-03,
       7.41564727e-04, 7.41564727e-04, 3.70782363e-04, 7.41564727e-04,
       1.85391179e-03, 1.48312945e-03, 0., 4.44938848e-03,
       2.96625891e-03, 5.19095315e-03, 1.48312945e-03, 3.70782363e-04,
       1.11234712e-03, 2.59547657e-03, 1.85391179e-03, 7.41564727e-04,
       7.41564727e-04, 3.70782358e-03, 2.59547657e-03, 3.70782363e-04,
       2.59547657e-03, 1.11234712e-03, 0., 2.59547657e-03,
       2.96625891e-03, 0., 7.41564727e-04, 7.41564727e-04,
       7.41564727e-04, 1.85391179e-03, 0., 3.70782363e-04,
       4.07860614e-03, 1.85391179e-03, 1.48312945e-03, 1.48312945e-03,
       1.11234712e-03, 3.70782363e-04, 2.96625891e-03, 0.,
       3.70782363e-04, 7.41564727e-04, 7.41564727e-04, 2.59547657e-03,
       7.41564727e-04, 3.70782363e-04, 0., 4.07860614e-03,
       1.85391179e-03, 1.85391179e-03, 3.70782363e-04, 2.96625891e-03,
       2.59547657e-03, 3.33704124e-03, 1.48312945e-03, 3.70782363e-04,
       3.33704124e-03, 2.96625891e-03, 1.48312945e-03, 1.48312945e-03,
       1.85391179e-03, 1.48312945e-03, 0., 4.44938848e-03,
       2.96625891e-03, 2.22469424e-03, 7.41564727e-04, 2.22469424e-03,
       2.96625891e-03, 3.70782363e-04, 7.41564727e-04, 2.59547657e-03,
       3.70782363e-04, 3.70782363e-04, 0., 0., 2.96625891e-03,
       3.70782363e-04, 0., 7.41564727e-04, 7.41564727e-04,
       2.96625891e-03, 7.41564727e-04, 7.41564727e-04, 2.22469424e-03,
       7.41564727e-04, 2.59547657e-03, 7.41564727e-04, 0.,
       2.22469424e-03, 1.85391179e-03, 7.41564727e-04, 0.,
       3.70782363e-04, 3.70782363e-04, 1.11234712e-03, 1.85391179e-03,
       5.19095315e-03, 2.59547657e-03, 0., 1.85391179e-03, 0.,
       1.11234712e-03, 0., 1.48312945e-03, 1.11234712e-03, 0.,
       1.85391179e-03, 1.48312945e-03, 2.96625891e-03, 3.70782363e-04,
       1.11234712e-03, 1.85391179e-03, 1.85391179e-03, 1.48312945e-03,
       2.22469424e-03, 2.22469424e-03, 3.70782363e-04, 0.,
       3.33704124e-03, 3.70782363e-04, 3.70782363e-04, 7.41564727e-04,
       2.22469424e-03, 1.11234712e-03, 0., 3.70782363e-04,
       2.22469424e-03, 2.22469424e-03, 2.96625891e-03, 3.70782363e-04,
       7.41564727e-04, 1.85391179e-03, 3.70782363e-04, 7.41564727e-04,
       2.22469424e-03, 3.33704124e-03, 3.33704124e-03, 3.70782363e-04,
       3.70782363e-04, 3.70782363e-04, 7.41564727e-04, 1.85391179e-03,
       3.33704124e-03, 3.70782363e-04, 1.11234712e-03, 1.85391179e-03,
       1.11234712e-03, 7.41564727e-04, 0., 3.33704124e-03,
       2.59547657e-03, 3.70782358e-03, 2.22469424e-03, 0., 0.,
       3.70782358e-03, 1.11234712e-03, 3.70782363e-04, 0.,
       1.85391179e-03, 3.70782363e-04, 7.41564727e-04, 2.22469424e-03,
       3.70782363e-04, 2.59547657e-03, 1.11234712e-03, 7.41564727e-04,
       3.33704124e-03, 3.70782363e-04, 3.70782363e-04, 3.70782363e-04,
       0., 2.22469424e-03, 3.70782363e-04, 0., 0., 2.22469424e-03,
       1.11234712e-03, 0., 7.41564727e-04, 1.11234712e-03,
       1.48312945e-03, 7.41564727e-04, 7.41564727e-04, 3.70782363e-04,
       7.41564727e-04, 1.11234712e-03, 1.11234712e-03, 1.11234712e-03,
       1.85391179e-03, 0., 1.85391179e-03, 2.59547657e-03,
       3.70782363e-04, 2.96625891e-03, 1.85391179e-03, 3.70782363e-04,
       7.41564727e-04, 0., 0., 1.48312945e-03, 1.11234712e-03, 0.,
       3.70782363e-04, 0., 3.70782363e-04, 7.41564727e-04,
       5.93251782e-03, 0., 2.59547657e-03, 7.41564727e-04, 0., 0.,
       4.07860614e-03, 0., 0., 3.70782363e-04, 0., 3.70782363e-04,
       4.07860614e-03, 0., 3.70782363e-04, 0., 0., 7.41564727e-04, 0.,
       1.48312945e-03, 1.85391179e-03, 1.11234712e-03, 0.,
       3.70782363e-04, 2.59547657e-03, 3.70782363e-04, 3.70782363e-04,
       7.41564727e-04, 1.11234712e-03, 3.70782363e-04, 1.48312945e-03,
       2.59547657e-03, 1.48312945e-03, 1.11234712e-03, 2.22469424e-03,
       1.11234712e-03, 0., 1.85391179e-03, 0., 7.41564727e-04,
       1.11234712e-03, 7.41564727e-04, 3.70782363e-04, 1.11234712e-03,
       0., 0., 2.59547657e-03, 1.11234712e-03, 4.44938848e-03,
       1.11234712e-03, 3.70782363e-04, 0., 7.41564727e-04,
       7.41564727e-04, 1.48312945e-03, 0., 7.41564727e-04,
       1.85391179e-03, 2.96625891e-03, 0., 0., 7.41564727e-04,
       7.41564727e-04, 7.41564727e-04, 2.59547657e-03, 1.11234712e-03,
       1.11234712e-03, 1.85391179e-03, 1.85391179e-03, 0.,
       3.70782363e-04, 5.19095315e-03, 1.85391179e-03, 0.,
       3.70782363e-04, 7.41564727e-04, 3.70782363e-04, 1.11234712e-03,
       1.48312945e-03, 3.70782363e-04, 0., 1.11234712e-03,
       1.11234712e-03, 0., 0., 2.59547657e-03, 0., 1.48312945e-03,
       7.41564727e-04, 1.85391179e-03, 1.11234712e-03, 3.70782363e-04,
       0., 3.70782363e-04, 4.07860614e-03, 1.11234712e-03,
       7.41564727e-04, 3.70782363e-04, 3.70782363e-04, 1.11234712e-03,
       0., 7.41564727e-04, 3.70782363e-04, 1.11234712e-03,
