%YAML:1.0
m10n: !!opencv-matrix
   rows: 1
   cols: 800
   dt: f
   data: [ 0., 1.78412127e-03, 2.67618196e-03, 4.46030317e-04,
       8.92060634e-04, 4.46030317e-04, 2.23015156e-03, 8.92060634e-04,
       0., 1.78412127e-03, 4.46030317e-04, 4.46030317e-04,
       1.78412127e-03, 8.92060634e-04, 4.46030317e-04, 3.12221213e-03,
       0., 3.56824254e-03, 4.46030317e-04, 0., 8.02854542e-03,
       1.78412127e-03, 1.33809098e-03, 4.46030317e-04, 3.56824254e-03,
       4.46030317e-04, 4.46030317e-04, 4.01427271e-03, 0.,
       4.01427271e-03, 2.23015156e-03, 8.92060634e-04, 8.92060634e-04,
       0., 0., 2.23015156e-03, 8.92060634e-04, 2.67618196e-03,
       4.46030317e-04, 2.67618196e-03, 2.23015156e-03, 4.46030317e-04,
       1.33809098e-03, 0., 8.92060634e-04, 1.33809098e-03, 0.,
       1.33809098e-03, 4.01427271e-03, 0., 0., 1.78412127e-03,
       1.78412127e-03, 1.33809098e-03, 1.78412127e-03, 1.33809098e-03,
       8.92060634e-04, 4.46030317e-04, 1.33809098e-03, 4.46030317e-04,
       8.92060634e-04, 2.67618196e-03, 0., 1.78412127e-03,
       4.46030311e-03, 4.46030317e-04, 1.33809098e-03, 4.01427271e-03,
       0., 0., 4.46030317e-04, 4.46030317e-04, 8.92060634e-04, 0.,
       4.90633352e-03, 1.33809098e-03, 4.46030317e-04, 8.92060634e-04,
       4.46030317e-04, 2.67618196e-03, 0., 0., 8.92060634e-04,
       8.92060634e-04, 3.12221213e-03, 4.90633352e-03, 4.46030317e-04,
       1.78412127e-03, 8.92060634e-04, 4.46030317e-04, 4.46030317e-04,
       1.33809098e-03, 1.33809098e-03, 1.33809098e-03, 4.46030317e-04,
       2.23015156e-03, 2.23015156e-03, 4.46030317e-04, 4.46030317e-04,
       1.33809098e-03, 4.46030317e-04, 8.92060634e-04, 2.67618196e-03,
       8.92060634e-04, 8.92060634e-04, 5.79839433e-03, 1.78412127e-03,
       0., 1.33809098e-03, 4.46030317e-04, 3.56824254e-03,
       1.33809098e-03, 8.92060634e-04, 4.46030317e-04, 4.46030311e-03,
       4.46030317e-04, 1.33809098e-03, 2.23015156e-03, 4.46030317e-04,
       8.92060634e-04, 8.92060634e-04, 8.92060634e-04, 4.46030317e-04,
       3.12221213e-03, 0., 4.46030317e-04, 1.33809098e-03, 0.,
       3.56824254e-03, 4.46030317e-04, 4.46030317e-04, 2.23015156e-03,
       3.56824254e-03, 1.33809098e-03, 4.46030317e-04, 0.,
       4.46030317e-04, 1.33809098e-03, 4.46030317e-04, 1.33809098e-03,
       4.46030311e-03, 8.92060634e-04, 8.92060634e-04, 1.78412127e-03,
       4.46030317e-04, 1.33809098e-03, 1.78412127e-03, 2.67618196e-03,
       4.46030317e-04, 0., 1.78412127e-03, 4.46030317e-04,
       4.46030317e-04, 1.33809098e-03, 8.92060634e-04, 1.33809098e-03,
       8.92060634e-04, 2.23015156e-03, 8.92060634e-04, 0., 0.,
       4.46030317e-04, 0., 0., 1.78412127e-03, 4.46030317e-04,
       4.46030317e-04, 8.92060634e-04, 4.46030317e-04, 1.33809098e-03,
       0., 2.23015156e-03, 1.33809098e-03, 1.78412127e-03,
       8.92060634e-04, 8.92060634e-04, 1.78412127e-03, 1.15967887e-02,
       8.92060634e-04, 2.67618196e-03, 2.23015156e-03, 1.33809098e-03,
       0., 4.46030317e-04, 1.33809098e-03, 1.33809098e-03,
       1.33809098e-03, 0., 0., 8.92060634e-04, 4.46030317e-04,
       4.46030317e-04, 4.46030317e-04, 0., 1.33809098e-03,
       1.78412127e-03, 8.92060634e-04, 8.92060634e-04, 0.,
       8.92060634e-04, 2.23015156e-03, 4.46030317e-04, 1.33809098e-03,
       8.92060634e-04, 0., 4.46030317e-04, 3.12221213e-03,
       2.67618196e-03, 4.46030317e-04, 4.46030317e-04, 1.33809098e-03,
       1.33809098e-03, 4.46030317e-04, 4.01427271e-03, 0.,
       3.56824254e-03, 8.92060634e-04, 0., 8.92060634e-04, 0.,
       8.92060634e-04, 1.33809098e-03, 1.78412127e-03, 8.92060634e-04,
       0., 1.33809098e-03, 8.92060634e-04, 0., 0., 1.33809098e-03,
       4.46030317e-04, 4.46030317e-04, 2.23015156e-03, 3.56824254e-03,
       4.46030317e-04, 0., 8.92060634e-04, 0., 4.46030317e-04,
       4.01427271e-03, 1.33809098e-03, 2.23015156e-03, 4.46030317e-04,
       8.92060634e-04, 5.79839433e-03, 3.56824254e-03, 8.92060634e-04,
       0., 8.92060634e-04, 8.92060634e-04, 4.01427271e-03,
       8.92060634e-04, 0., 8.92060634e-04, 4.46030317e-04,
       8.92060634e-04, 0., 3.12221213e-03, 1.33809098e-03,
       1.78412127e-03, 1.78412127e-03, 1.33809098e-03, 0.,
       1.78412127e-03, 4.46030317e-04, 1.33809098e-03, 0.,
       1.78412127e-03, 8.92060634e-04, 4.46030317e-04, 1.33809098e-03,
       4.46030317e-04, 1.78412127e-03, 8.92060634e-04, 4.46030317e-04,
       4.46030317e-04, 8.92060634e-04, 4.46030317e-04, 8.92060634e-04,
       2.23015156e-03, 2.67618196e-03, 1.78412127e-03, 0.,
       8.92060634e-04, 1.78412127e-03, 0., 1.78412127e-03,
       1.78412127e-03, 0., 3.56824254e-03, 4.46030317e-04,
       1.78412127e-03, 4.46030317e-04, 2.67618196e-03, 4.46030317e-04,
       4.46030317e-04, 8.92060634e-04, 1.33809098e-03, 4.46030317e-04,
       1.33809098e-03, 4.46030317e-04, 8.92060634e-04, 2.67618196e-03,
       4.46030317e-04, 1.33809098e-03, 1.78412127e-03, 4.46030317e-04,
       2.67618196e-03, 3.12221213e-03, 4.46030317e-04, 1.78412127e-03,
       8.92060623e-03, 8.92060634e-04, 0., 4.01427271e-03,
       8.92060634e-04, 7.13648507e-03, 3.12221213e-03, 4.46030317e-04,
       4.46030317e-04, 1.33809098e-03, 2.23015156e-03, 0.,
       8.92060634e-04, 8.92060634e-04, 8.92060634e-04, 2.23015156e-03,
       1.33809098e-03, 4.46030317e-04, 0., 1.33809098e-03,
       1.78412127e-03, 0., 1.78412127e-03, 0., 8.92060634e-04,
       3.12221213e-03, 3.12221213e-03, 8.92060634e-04, 2.23015156e-03,
       1.33809098e-03, 4.46030317e-04, 0., 3.56824254e-03,
       8.92060634e-04, 4.46030317e-04, 8.02854542e-03, 0.,
       8.92060634e-04, 4.46030317e-04, 4.46030317e-04, 4.46030317e-04,
       1.33809098e-03, 2.23015156e-03, 0., 4.46030317e-04,
       1.78412127e-03, 0., 4.46030317e-04, 0., 1.33809098e-03,
       2.23015156e-03, 0., 0., 3.12221213e-03, 1.33809098e-03,
       8.92060634e-04, 2.67618196e-03, 1.33809098e-03, 4.46030317e-04,
       4.46030317e-04, 0., 0., 8.92060634e-04, 2.67618196e-03,
       4.46030317e-04, 4.46030317e-04, 4.46030317e-04, 4.46030317e-04,
       1.33809098e-03, 1.33809098e-03, 0., 1.78412127e-03, 0.,
       4.46030317e-04, 8.92060634e-04, 4.46030317e-04, 4.46030317e-04,
       1.78412127e-03, 8.92060634e-04, 6.69045467e-03, 4.01427271e-03,
       3.56824254e-03, 1.33809098e-03, 4.46030317e-04, 1.33809098e-03,
       2.23015156e-03, 0., 3.12221213e-03, 8.92060634e-04,
       1.33809098e-03, 8.92060634e-04, 1.78412127e-03, 4.90633352e-03,
       4.46030317e-04, 0., 4.46030317e-04, 4.46030317e-04,
       2.23015156e-03, 8.92060634e-04, 0., 1.78412127e-03,
       1.33809098e-03, 8.92060634e-04, 4.46030317e-04, 0.,
       8.92060634e-04, 4.46030317e-04, 5.79839433e-03, 1.78412127e-03,
       0., 1.78412127e-03, 8.92060634e-04, 8.92060634e-04,
       4.46030317e-04, 8.92060634e-04, 8.92060634e-04, 0.,
       2.67618196e-03, 2.23015156e-03, 1.33809098e-03, 3.12221213e-03,
       7.13648507e-03, 1.33809098e-03, 4.46030317e-04, 4.46030317e-04,
       3.12221213e-03, 0., 8.92060634e-04, 0., 8.92060634e-04,
       4.46030317e-04, 4.46030317e-04, 1.78412127e-03, 2.67618196e-03,
       8.92060634e-04, 0., 0., 1.33809098e-03, 1.78412127e-03, 0.,
       8.92060634e-04, 1.33809098e-03, 4.46030317e-04, 0.,
       8.92060634e-04, 1.78412127e-03, 2.67618196e-03, 4.46030317e-04,
       1.78412127e-03, 1.33809098e-03, 0., 4.46030317e-04,
       2.67618196e-03, 1.33809098e-03, 2.67618196e-03, 2.23015156e-03,
       2.23015156e-03, 1.33809098e-03, 3.12221213e-03, 5.79839433e-03,
       4.46030317e-04, 5.79839433e-03, 1.33809098e-03, 8.92060634e-04,
       4.46030317e-04, 0., 0., 8.92060634e-04, 8.92060634e-04,
       4.46030317e-04, 1.78412127e-03, 4.46030317e-04, 8.92060634e-04,
       0., 0., 2.23015156e-03, 4.46030317e-04, 4.01427271e-03,
       8.92060634e-04, 2.23015156e-03, 0., 0., 4.46030317e-04,
       4.46030317e-04, 2.23015156e-03, 4.46030317e-04, 8.92060634e-04,
       4.46030317e-04, 1.78412127e-03, 2.23015156e-03, 0.,
       4.46030317e-04, 5.35236392e-03, 4.46030317e-04, 8.92060634e-04,
