%YAML:1.0
m10n: !!opencv-matrix
   rows: 1
   cols: 800
   dt: f
   data: [ 7.89889426e-04, 5.13428124e-03, 1.18483417e-03, 0.,
       3.94944713e-04, 0., 7.89889426e-04, 0., 3.94944713e-04,
       4.73933667e-03, 7.89889426e-04, 7.89889426e-04, 3.94944713e-04,
       1.18483417e-03, 4.73933667e-03, 3.94944713e-04, 1.57977885e-03,
       1.97472353e-03, 7.89889426e-04, 1.18483417e-03, 3.94944707e-03,
       7.89889426e-04, 2.76461290e-03, 1.57977885e-03, 0.,
       1.18483417e-03, 1.18483417e-03, 7.89889426e-04, 3.15955770e-03,
       7.89889426e-04, 7.89889426e-04, 7.89889426e-04, 2.76461290e-03,
       7.89889426e-04, 0., 3.55450250e-03, 3.94944713e-04,
       1.57977885e-03, 7.89889426e-04, 7.89889426e-04, 3.94944713e-04,
       1.18483417e-03, 0., 1.57977885e-03, 1.97472353e-03,
       3.94944707e-03, 3.94944713e-04, 7.89889426e-04, 1.97472353e-03,
       0., 0., 1.57977885e-03, 3.94944713e-04, 3.94944713e-04,
       2.36966833e-03, 3.94944713e-04, 1.57977885e-03, 2.76461290e-03,
       7.89889426e-04, 1.18483417e-03, 3.94944713e-04, 2.76461290e-03,
       0., 7.50394957e-03, 2.76461290e-03, 1.18483417e-03,
       1.97472353e-03, 0., 7.89889426e-04, 3.94944713e-04,
       3.94944713e-04, 1.97472353e-03, 0., 3.94944713e-04,
       7.89889426e-04, 2.36966833e-03, 0., 2.36966833e-03,
       1.97472353e-03, 5.92417084e-03, 0., 0., 1.97472353e-03,
       3.15955770e-03, 2.36966833e-03, 7.89889426e-04, 1.18483417e-03,
       1.57977885e-03, 1.97472353e-03, 7.89889426e-04, 1.57977885e-03,
       1.18483417e-03, 1.97472353e-03, 7.89889426e-04, 7.89889426e-04,
       3.94944713e-04, 3.94944713e-04, 1.57977885e-03, 3.94944713e-04,
       1.57977885e-03, 3.94944713e-04, 1.57977885e-03, 1.97472353e-03,
       0., 3.94944713e-04, 3.55450250e-03, 7.89889426e-04,
       1.18483417e-03, 3.94944713e-04, 1.18483417e-03, 1.18483417e-03,
       1.57977885e-03, 8.29383917e-03, 7.89889426e-04, 7.89889426e-04,
       0., 0., 1.18483417e-03, 1.18483417e-03, 1.18483417e-03,
       1.18483417e-03, 7.89889426e-04, 6.71405997e-03, 7.89889426e-04,
       0., 3.94944713e-04, 7.89889426e-04, 1.18483417e-03,
       3.55450250e-03, 1.57977885e-03, 3.94944713e-04, 1.18483417e-03,
       3.55450250e-03, 3.94944713e-04, 7.89889426e-04, 0.,
       7.89889426e-04, 3.94944713e-04, 3.94944713e-04, 5.52922580e-03,
       1.97472353e-03, 1.57977885e-03, 0., 2.76461290e-03,
       1.18483417e-03, 7.89889426e-04, 7.89889426e-04, 1.18483417e-03,
       3.94944713e-04, 3.94944713e-04, 2.76461290e-03, 0., 0., 0.,
       7.89889426e-04, 1.97472353e-03, 7.89889426e-04, 3.94944707e-03,
       3.94944713e-04, 1.18483417e-03, 3.94944713e-04, 1.57977885e-03,
       3.94944713e-04, 3.94944713e-04, 0., 0., 1.57977885e-03,
       3.94944713e-04, 1.18483417e-03, 2.36966833e-03, 1.18483417e-03,
       2.76461290e-03, 2.76461290e-03, 0., 1.57977885e-03, 0.,
       3.94944713e-04, 0., 1.57977885e-03, 3.94944707e-03,
       3.55450250e-03, 2.76461290e-03, 7.89889426e-04, 3.94944713e-04,
       1.18483417e-03, 3.94944713e-04, 3.94944713e-04, 0., 0.,
       3.94944713e-04, 2.36966833e-03, 7.89889426e-04, 3.15955770e-03,
       0., 0., 1.57977885e-03, 7.89889426e-04, 7.89889426e-04, 0.,
       3.94944713e-04, 1.57977885e-03, 3.94944713e-04, 1.97472353e-03,
       2.76461290e-03, 3.94944713e-04, 1.97472353e-03, 2.76461290e-03,
       5.52922580e-03, 1.97472353e-03, 0., 2.36966833e-03,
       7.89889426e-04, 0., 0., 0., 1.57977885e-03, 1.97472353e-03, 0.,
       1.57977885e-03, 7.89889426e-04, 0., 5.13428124e-03,
       2.36966833e-03, 3.94944713e-04, 1.18483417e-03, 7.89889426e-04,
       1.97472353e-03, 1.57977885e-03, 1.57977885e-03, 2.76461290e-03,
       1.97472353e-03, 2.36966833e-03, 7.89889426e-04, 7.89889426e-04,
       3.94944713e-04, 1.18483417e-03, 1.57977885e-03, 7.89889426e-04,
       1.18483417e-03, 0., 3.15955770e-03, 3.94944707e-03,
       1.57977885e-03, 3.94944713e-04, 1.97472353e-03, 3.94944713e-04,
       1.18483417e-03, 1.57977885e-03, 1.18483417e-03, 1.18483417e-03,
       1.18483417e-03, 3.94944713e-04, 7.89889426e-04, 1.18483417e-03,
       7.89889426e-04, 1.97472353e-03, 7.89889426e-04, 7.89889426e-04,
       1.18483417e-03, 1.97472353e-03, 1.57977885e-03, 3.94944713e-04,
       7.89889426e-04, 3.94944713e-04, 7.89889426e-04, 7.89889426e-04,
       3.94944713e-04, 8.68878327e-03, 3.94944713e-04, 1.18483417e-03,
       1.57977885e-03, 1.18483417e-03, 3.15955770e-03, 0.,
       3.94944713e-04, 0., 0., 1.18483417e-03, 2.36966833e-03,
       7.89889426e-04, 7.89889426e-04, 1.57977885e-03, 1.18483417e-03,
       7.89889426e-04, 2.76461290e-03, 7.89889426e-04, 1.57977885e-03,
       7.89889426e-04, 3.55450250e-03, 3.94944713e-04, 3.94944713e-04,
       1.18483417e-03, 0., 3.94944713e-04, 2.76461290e-03,
       4.73933667e-03, 2.76461290e-03, 1.57977885e-03, 3.94944713e-04,
       7.89889426e-04, 3.94944713e-04, 1.18483417e-03, 7.89889426e-04,
       3.94944713e-04, 1.18483417e-03, 1.57977885e-03, 1.57977885e-03,
       0., 3.55450250e-03, 0., 3.15955770e-03, 1.18483417e-03,
       3.15955770e-03, 3.94944713e-04, 1.18483417e-03, 5.13428124e-03,
       1.57977885e-03, 7.89889426e-04, 1.18483417e-03, 3.94944713e-04,
       1.18483417e-03, 1.18483417e-03, 7.89889426e-04, 0., 0.,
       1.57977885e-03, 1.57977885e-03, 1.97472353e-03, 7.89889426e-04,
       7.89889426e-04, 3.94944713e-04, 0., 0., 1.97472353e-03,
       1.57977885e-03, 2.76461290e-03, 2.36966833e-03, 3.94944713e-04,
       1.18483417e-03, 0., 2.36966833e-03, 0., 1.18483417e-03,
       7.89889426e-04, 1.18483417e-03, 3.94944713e-04, 3.94944707e-03,
       7.89889426e-04, 3.55450250e-03, 0., 1.57977885e-03,
       1.18483417e-03, 0., 1.57977885e-03, 3.94944713e-04,
       3.94944713e-04, 0., 3.94944713e-04, 3.94944713e-04,
       7.89889426e-04, 1.57977885e-03, 2.36966833e-03, 3.94944713e-04,
       0., 4.73933667e-03, 1.18483417e-03, 1.57977885e-03,
       2.36966833e-03, 0., 2.76461290e-03, 4.34439164e-03,
       7.89889426e-04, 7.89889426e-04, 7.89889426e-04, 4.34439164e-03,
       3.94944713e-04, 1.57977885e-03, 0., 1.18483417e-03,
       3.94944713e-04, 3.94944713e-04, 0., 3.94944713e-04,
       7.89889426e-04, 0., 1.97472353e-03, 1.57977885e-03,
       7.89889426e-04, 0., 7.89889426e-04, 3.94944707e-03,
       7.89889426e-04, 1.57977885e-03, 2.76461290e-03, 2.76461290e-03,
       7.89889426e-04, 1.18483417e-03, 3.94944713e-04, 6.71405997e-03,
       0., 3.94944713e-04, 1.57977885e-03, 3.94944713e-04,
       3.94944713e-04, 1.97472353e-03, 7.89889426e-04, 0.,
       3.94944713e-04, 3.94944713e-04, 3.94944713e-04, 3.94944713e-04,
       3.94944707e-03, 7.89889426e-04, 3.94944713e-04, 0.,
       3.94944713e-04, 7.89889426e-04, 0., 1.57977885e-03,
       1.57977885e-03, 1.18483417e-03, 1.18483417e-03, 1.18483417e-03,
       3.94944713e-04, 0., 7.89889426e-04, 1.97472353e-03,
       7.89889426e-04, 1.57977885e-03, 1.97472353e-03, 0.,
       1.18483417e-03, 1.57977885e-03, 0., 3.94944713e-04,
       2.76461290e-03, 3.94944713e-04, 7.89889426e-04, 1.97472353e-03,
       0., 0., 0., 3.94944713e-04, 1.18483417e-03, 7.89889426e-04,
       7.89889426e-04, 0., 1.18483417e-03, 1.57977885e-03,
       3.94944713e-04, 7.89889426e-04, 7.89889426e-04, 1.57977885e-03,
       1.18483417e-03, 7.89889426e-04, 1.57977885e-03, 3.94944713e-04,
       3.94944713e-04, 1.57977885e-03, 0., 7.89889426e-04,
       7.89889426e-04, 7.89889426e-04, 1.97472353e-03, 7.89889426e-04,
       3.94944713e-04, 7.89889426e-04, 7.89889426e-04, 1.18483417e-03,
       3.94944707e-03, 2.36966833e-03, 2.36966833e-03, 2.76461290e-03,
       2.36966833e-03, 3.94944713e-04, 1.97472353e-03, 1.57977885e-03,
       1.18483417e-03, 1.18483417e-03, 1.57977885e-03, 1.57977885e-03,
       3.94944713e-04, 1.57977885e-03, 7.89889426e-04, 0.,
       7.89889426e-04, 3.94944713e-04, 1.97472353e-03, 3.15955770e-03,
       1.97472353e-03, 4.34439164e-03, 3.94944713e-04, 3.94944713e-04,
       7.89889426e-04, 1.18483417e-03, 1.57977885e-03, 3.94944713e-04,
