%YAML:1.0
m10n: !!opencv-matrix
   rows: 1
   cols: 800
   dt: f
   data: [ 0., 4.06504056e-04, 4.06504056e-04, 1.62601622e-03,
       3.25203245e-03, 0., 4.87804879e-03, 0., 1.21951220e-03,
       8.13008111e-04, 2.43902439e-03, 2.03252025e-03, 8.13008111e-04,
       8.13008111e-04, 8.13008111e-04, 4.06504056e-04, 3.65853659e-03,
       8.13008111e-04, 1.21951220e-03, 2.03252025e-03, 1.62601622e-03,
       8.13008111e-04, 1.21951220e-03, 4.06504056e-04, 0., 0.,
       2.03252025e-03, 6.91056903e-03, 2.03252025e-03, 0.,
       8.13008111e-04, 2.43902439e-03, 1.62601622e-03, 4.06504056e-04,
       0., 4.06504056e-04, 4.06504056e-04, 0., 2.84552830e-03,
       4.06504056e-04, 3.25203245e-03, 1.21951220e-03, 0., 0.,
       1.62601622e-03, 1.21951220e-03, 1.62601622e-03, 4.06504056e-04,
       4.06504056e-04, 0., 0., 2.03252025e-03, 8.13008111e-04,
       2.43902439e-03, 2.03252025e-03, 1.62601622e-03, 8.13008111e-04,
       3.65853659e-03, 8.13008111e-04, 4.06504056e-04, 1.62601622e-03,
       8.13008111e-04, 1.21951220e-03, 2.84552830e-03, 3.65853659e-03,
       1.21951220e-03, 4.06504056e-04, 8.13008111e-04, 7.31707318e-03,
       8.13008111e-04, 2.03252025e-03, 8.13008111e-04, 4.06504056e-04,
       3.65853659e-03, 2.03252025e-03, 1.21951220e-03, 8.13008111e-04,
       0., 2.84552830e-03, 1.62601622e-03, 0., 1.21951220e-03,
       8.13008111e-04, 8.13008111e-04, 4.06504056e-04, 0.,
       8.13008111e-04, 2.84552830e-03, 3.25203245e-03, 2.84552830e-03,
       2.84552830e-03, 1.21951220e-03, 8.13008111e-04, 4.06504056e-04,
       1.62601622e-03, 0., 1.62601622e-03, 8.13008111e-04,
       4.06504056e-04, 4.06504056e-04, 1.21951220e-03, 8.13008111e-04,
       2.84552830e-03, 0., 2.03252025e-03, 3.25203245e-03,
       2.43902439e-03, 8.13008111e-04, 2.43902439e-03, 1.21951220e-03,
       1.62601622e-03, 1.21951220e-03, 4.06504056e-04, 0.,
       3.25203245e-03, 4.06504056e-04, 4.06504056e-04, 4.06504056e-04,
       4.06504056e-04, 8.13008111e-04, 1.21951220e-03, 4.06504056e-04,
       0., 6.50406489e-03, 4.06504056e-04, 0., 4.06504056e-04,
       1.62601622e-03, 4.47154464e-03, 2.03252025e-03, 2.03252025e-03,
       2.03252025e-03, 1.21951220e-03, 2.84552830e-03, 1.21951220e-03,
       4.06504056e-04, 4.06504056e-04, 2.84552830e-03, 0.,
       8.13008111e-04, 1.21951220e-03, 8.13008111e-04, 1.62601622e-03,
       8.13008111e-04, 4.06504056e-04, 4.06504056e-04, 1.21951220e-03,
       0., 0., 4.06504056e-04, 8.13008111e-04, 0., 8.13008111e-04, 0.,
       8.13008111e-04, 2.03252025e-03, 4.06504056e-04, 1.21951220e-03,
       1.62601622e-03, 2.43902439e-03, 4.06504056e-04, 8.13008111e-04,
       2.43902439e-03, 4.06504056e-04, 0., 0., 1.21951220e-03,
       3.65853659e-03, 1.21951220e-03, 8.13008111e-04, 8.13008111e-04,
       1.21951220e-03, 2.43902439e-03, 8.13008111e-04, 0.,
       4.06504056e-04, 2.03252025e-03, 8.13008111e-04, 1.62601622e-03,
       0., 8.13008111e-04, 4.06504056e-04, 1.62601622e-03,
       1.21951220e-03, 1.21951220e-03, 1.62601622e-03, 0.,
       2.84552830e-03, 0., 1.62601622e-03, 4.87804879e-03, 0.,
       3.25203245e-03, 1.21951220e-03, 1.62601622e-03, 4.06504056e-04,
       2.03252025e-03, 1.21951220e-03, 8.13008111e-04, 3.65853659e-03,
       5.69105661e-03, 8.13008111e-04, 8.13008111e-04, 1.62601622e-03,
       4.06504056e-04, 8.13008111e-04, 0., 2.84552830e-03,
       8.13008111e-04, 8.13008111e-04, 3.25203245e-03, 3.65853659e-03,
       0., 2.43902439e-03, 8.13008111e-04, 0., 8.13008111e-04,
       8.13008111e-04, 8.13008111e-04, 2.43902439e-03, 1.62601622e-03,
       4.87804879e-03, 1.62601622e-03, 0., 1.62601622e-03,
       2.43902439e-03, 1.62601622e-03, 4.06504056e-04, 1.62601622e-03,
       8.13008111e-04, 0., 1.62601622e-03, 4.06504056e-04,
       1.21951220e-03, 6.50406489e-03, 8.13008111e-04, 2.03252025e-03,
       2.43902439e-03, 1.21951220e-03, 2.03252025e-03, 1.21951220e-03,
       4.06504056e-04, 1.62601622e-03, 1.62601622e-03, 0.,
       1.21951220e-03, 4.87804879e-03, 1.62601622e-03, 1.21951220e-03,
       4.06504050e-03, 0., 3.65853659e-03, 1.21951220e-03,
       1.21951220e-03, 1.62601622e-03, 0., 2.03252025e-03,
       1.21951220e-03, 2.84552830e-03, 3.65853659e-03, 8.13008111e-04,
       8.13008111e-04, 8.13008111e-04, 8.13008111e-04, 8.13008111e-04,
       4.06504056e-04, 4.06504056e-04, 4.06504056e-04, 4.06504056e-04,
       4.06504056e-04, 2.03252025e-03, 0., 8.13008111e-04,
       8.13008111e-04, 1.21951220e-03, 4.06504056e-04, 0.,
       2.43902439e-03, 1.62601622e-03, 2.84552830e-03, 4.06504056e-04,
       0., 2.43902439e-03, 2.03252025e-03, 1.62601622e-03,
       8.13008111e-04, 1.62601622e-03, 1.62601622e-03, 2.43902439e-03,
       5.69105661e-03, 8.13008111e-04, 2.84552830e-03, 0.,
       2.43902439e-03, 2.84552830e-03, 0., 0., 4.06504056e-04,
       8.13008111e-04, 0., 2.43902439e-03, 1.21951220e-03,
       8.13008111e-04, 2.43902439e-03, 8.13008111e-04, 8.13008111e-04,
       2.03252025e-03, 2.03252025e-03, 1.21951220e-03, 1.62601622e-03,
       8.13008111e-04, 2.03252025e-03, 2.03252025e-03, 4.06504056e-04,
       8.13008111e-04, 2.03252025e-03, 6.91056903e-03, 1.21951220e-03,
       0., 0., 4.06504056e-04, 1.62601622e-03, 0., 4.06504056e-04,
       8.13008111e-04, 1.62601622e-03, 4.06504056e-04, 1.62601622e-03,
       1.62601622e-03, 1.21951220e-03, 2.43902439e-03, 8.13008111e-04,
       4.06504056e-04, 0., 1.21951220e-03, 3.25203245e-03, 0.,
       3.65853659e-03, 1.62601622e-03, 1.21951220e-03, 4.06504056e-04,
       3.25203245e-03, 2.03252025e-03, 2.84552830e-03, 2.03252025e-03,
       4.06504056e-04, 4.06504056e-04, 4.06504056e-04, 0.,
       1.62601622e-03, 8.13008111e-04, 1.62601622e-03, 0.,
       3.25203245e-03, 0., 4.06504056e-04, 1.62601622e-03,
       4.06504056e-04, 2.03252025e-03, 3.25203245e-03, 4.06504056e-04,
       4.06504056e-04, 1.62601622e-03, 0., 0., 8.13008111e-04,
       2.84552830e-03, 8.13008111e-04, 4.06504056e-04, 0.,
       2.43902439e-03, 2.84552830e-03, 0., 8.13008111e-04,
       1.21951220e-03, 1.62601622e-03, 2.03252025e-03, 1.62601622e-03,
       0., 1.62601622e-03, 1.21951220e-03, 1.21951220e-03,
       4.06504056e-04, 8.13008111e-04, 2.43902439e-03, 4.06504056e-04,
       8.13008111e-04, 1.21951220e-03, 2.43902439e-03, 0.,
       4.06504056e-04, 4.06504056e-04, 0., 8.13008111e-04,
       4.06504056e-04, 2.43902439e-03, 2.43902439e-03, 1.21951220e-03,
       1.62601622e-03, 1.21951220e-03, 4.06504056e-04, 2.84552830e-03,
       0., 3.25203245e-03, 4.06504056e-04, 8.13008111e-04, 0.,
       4.06504056e-04, 2.84552830e-03, 0., 8.13008111e-04, 0.,
       1.21951220e-03, 2.84552830e-03, 0., 2.43902439e-03,
       2.03252025e-03, 1.62601622e-03, 4.06504056e-04, 8.13008111e-04,
       2.03252025e-03, 1.21951220e-03, 2.43902439e-03, 0.,
       4.06504056e-04, 1.21951220e-03, 0., 8.13008111e-04,
       2.84552830e-03, 8.13008111e-04, 1.21951220e-03, 4.06504056e-04,
       6.09756075e-03, 1.62601622e-03, 1.62601622e-03, 2.43902439e-03,
       1.21951220e-03, 0., 2.03252025e-03, 0., 4.06504056e-04,
       2.43902439e-03, 8.13008111e-04, 8.13008111e-04, 1.21951220e-03,
       0., 0., 2.84552830e-03, 4.06504056e-04, 1.62601622e-03,
       2.84552830e-03, 4.06504056e-04, 4.06504056e-04, 1.21951220e-03,
       2.84552830e-03, 1.21951220e-03, 1.21951220e-03, 4.06504056e-04,
       6.50406489e-03, 1.62601622e-03, 4.06504056e-04, 4.06504056e-04,
       0., 1.21951220e-03, 2.84552830e-03, 2.43902439e-03,
       1.62601622e-03, 8.13008111e-04, 2.43902439e-03, 4.06504056e-04,
       4.06504056e-04, 0., 3.25203245e-03, 1.62601622e-03,
       8.13008111e-04, 0., 8.13008111e-04, 0., 0., 5.28455293e-03,
       1.21951220e-03, 4.06504056e-04, 1.21951220e-03, 4.06504056e-04,
       1.62601622e-03, 0., 1.21951220e-03, 8.13008111e-04,
       2.43902439e-03, 2.03252025e-03, 3.65853659e-03, 0., 0., 0., 0.,
       4.06504050e-03, 8.13008111e-04, 4.06504056e-04, 8.13008111e-04,
       4.06504056e-04, 2.03252025e-03, 0., 4.06504056e-04,
