%YAML:1.0
m10n: !!opencv-matrix
   rows: 1
   cols: 800
   dt: f
   data: [ 1.92233757e-03, 5.38254529e-03, 7.68935017e-04,
       3.46020749e-03, 7.68935017e-04, 3.84467508e-04, 7.68935017e-04,
       3.84467508e-04, 3.84467508e-04, 3.84467508e-04, 1.15340250e-03,
       7.68935017e-04, 1.53787003e-03, 0., 1.53787003e-03,
       1.92233757e-03, 3.84467508e-04, 0., 0., 1.53787003e-03,
       2.30680499e-03, 0., 7.68935017e-04, 1.92233757e-03,
       4.99807764e-03, 7.68935017e-04, 0., 7.68935017e-04,
       3.84467508e-04, 3.84467508e-04, 4.22914280e-03, 7.68935017e-04,
       7.68935017e-04, 7.68935017e-04, 1.15340250e-03, 0.,
       1.92233757e-03, 7.68935017e-04, 3.84467508e-04, 7.68935017e-04,
       1.15340250e-03, 3.46020749e-03, 7.68935017e-04, 3.46020749e-03,
       2.30680499e-03, 3.84467508e-04, 1.53787003e-03, 2.69127265e-03,
       1.15340250e-03, 1.92233757e-03, 1.92233757e-03, 7.68935017e-04,
       7.68935017e-04, 2.30680499e-03, 7.68935017e-04, 3.84467508e-04,
       3.84467514e-03, 7.68935017e-04, 7.68935017e-04, 1.53787003e-03,
       7.68935017e-04, 1.53787003e-03, 7.30488263e-03, 1.53787003e-03,
       3.84467508e-04, 7.68935017e-04, 1.53787003e-03, 1.15340250e-03,
       7.68935017e-04, 1.53787003e-03, 2.69127265e-03, 1.53787003e-03,
       3.84467508e-04, 7.68935017e-04, 1.92233757e-03, 1.53787003e-03,
       2.30680499e-03, 1.15340250e-03, 3.84467508e-04, 3.84467508e-04,
       1.92233757e-03, 3.84467508e-04, 3.84467508e-04, 1.92233757e-03,
       1.53787003e-03, 1.53787003e-03, 1.15340250e-03, 6.15148013e-03,
       0., 3.07574007e-03, 3.84467514e-03, 3.84467508e-04, 0.,
       7.68935017e-04, 3.84467508e-04, 1.92233757e-03, 3.84467508e-04,
       1.53787003e-03, 1.15340250e-03, 1.15340250e-03, 3.84467508e-04,
       7.68935017e-04, 7.68935017e-04, 1.53787003e-03, 2.30680499e-03,
       7.68935017e-04, 1.53787003e-03, 1.53787003e-03, 0., 0.,
       1.15340250e-03, 7.68935017e-04, 3.84467508e-04, 7.68935017e-04,
       7.68935017e-04, 7.68935017e-04, 3.84467508e-04, 0.,
       1.53787003e-03, 2.30680499e-03, 0., 0., 2.30680499e-03,
       3.84467508e-04, 2.30680499e-03, 3.84467508e-04, 7.68935017e-04,
       7.68935017e-04, 0., 3.84467508e-04, 3.84467508e-04,
       1.53787003e-03, 2.30680499e-03, 3.84467508e-04, 7.68935017e-04,
       1.49942329e-02, 1.92233757e-03, 3.84467508e-04, 3.07574007e-03,
       1.15340250e-03, 7.68935017e-04, 2.69127265e-03, 0.,
       7.68935017e-04, 7.68935017e-04, 1.53787003e-03, 7.68935017e-04,
       0., 2.30680499e-03, 1.15340250e-03, 1.15340250e-03,
       7.68935017e-04, 7.68935017e-04, 1.92233757e-03, 3.84467508e-04,
       3.84467508e-04, 5.38254529e-03, 1.15340250e-03, 3.84467508e-04,
       7.68935017e-04, 1.53787003e-03, 7.68935017e-04, 7.68935017e-04,
       7.68935017e-04, 1.15340250e-03, 0., 1.15340250e-03,
       1.15340250e-03, 0., 3.84467508e-04, 7.68935017e-04,
       3.84467508e-04, 1.53787003e-03, 3.84467508e-04, 4.22914280e-03,
       3.84467508e-04, 7.68935017e-04, 1.46097653e-02, 3.84467508e-04,
       7.68935017e-04, 3.46020749e-03, 1.53787003e-03, 2.69127265e-03,
       1.15340250e-03, 0., 3.84467508e-04, 1.53787003e-03,
       7.68935017e-04, 3.84467508e-04, 3.84467508e-04, 1.15340250e-03,
       4.61360998e-03, 2.30680499e-03, 3.84467508e-04, 1.15340250e-03,
       0., 3.84467508e-04, 3.84467508e-04, 1.92233757e-03,
       1.15340250e-03, 1.53787003e-03, 1.53787003e-03, 7.68935017e-04,
       7.30488263e-03, 1.53787003e-03, 3.84467514e-03, 2.30680499e-03,
       3.84467508e-04, 1.53787003e-03, 7.68935017e-04, 7.68935017e-04,
       3.84467508e-04, 2.69127265e-03, 1.53787003e-03, 2.69127265e-03,
       1.15340250e-03, 0., 1.53787003e-03, 0., 1.53787003e-03,
       7.68935017e-04, 1.15340250e-03, 1.92233757e-03, 3.84467508e-04,
       7.68935017e-04, 1.15340250e-03, 3.84467508e-04, 7.68935017e-04,
       1.15340250e-03, 1.15340250e-03, 3.84467508e-04, 0.,
       3.84467508e-04, 1.92233757e-03, 2.30680499e-03, 1.15340250e-03,
       2.69127265e-03, 1.15340250e-03, 1.53787003e-03, 1.53787003e-03,
       1.15340250e-03, 3.84467508e-04, 7.68935017e-04, 8.45828559e-03,
       1.15340250e-03, 7.68935017e-04, 3.46020749e-03, 7.68935017e-04,
       1.15340250e-03, 1.53787003e-03, 7.68935017e-04, 7.68935017e-04,
       1.53787003e-03, 1.92233757e-03, 3.84467508e-04, 7.68935017e-04,
       7.68935017e-04, 1.15340250e-03, 3.84467508e-04, 3.84467508e-04,
       1.53787003e-03, 0., 1.53787003e-03, 7.68935017e-04,
       3.84467508e-04, 1.15340250e-03, 0., 1.15340250e-03,
       3.84467508e-04, 3.84467508e-04, 1.15340250e-03, 3.84467508e-04,
       1.53787003e-03, 1.15340250e-03, 7.68935017e-04, 1.92233757e-03,
       1.53787003e-03, 3.84467514e-03, 0., 1.53787003e-03,
       1.15340250e-03, 1.15340250e-03, 1.15340250e-03, 0.,
       7.68935017e-04, 1.53787003e-03, 1.53787003e-03, 3.84467508e-04,
       2.30680499e-03, 7.68935017e-04, 0., 3.84467508e-04,
       7.68935017e-04, 7.68935017e-04, 1.92233757e-03, 1.15340250e-03,
       3.84467508e-04, 1.15340250e-03, 3.84467508e-04, 7.68935017e-04,
       7.68935017e-04, 0., 1.92233757e-03, 0., 1.53787003e-03,
       7.68935017e-04, 0., 0., 7.68935017e-04, 3.07574007e-03,
       3.84467508e-04, 1.53787003e-03, 3.84467508e-04, 1.53787003e-03,
       1.15340250e-03, 7.68935017e-04, 7.68935017e-04, 1.92233757e-03,
       1.15340250e-03, 1.15340250e-03, 3.84467508e-04, 3.46020749e-03,
       3.84467508e-04, 1.53787003e-03, 0., 1.53787003e-03,
       3.84467508e-04, 2.30680499e-03, 7.68935017e-04, 1.92233757e-03,
       3.84467508e-04, 0., 4.61360998e-03, 2.30680499e-03,
       7.68935017e-04, 1.92233757e-03, 7.68935017e-04, 3.84467508e-04,
       7.68935017e-04, 3.84467508e-04, 7.68935017e-04, 1.53787003e-03,
       1.15340250e-03, 7.68935017e-04, 3.84467508e-04, 1.15340250e-03,
       7.68935017e-04, 3.84467508e-04, 1.92233757e-03, 2.30680499e-03,
       7.68935017e-04, 7.68935017e-04, 3.84467508e-04, 0.,
       3.07574007e-03, 3.84467508e-04, 7.68935017e-04, 1.15340250e-03,
       3.84467508e-04, 4.99807764e-03, 1.15340250e-03, 3.84467508e-04,
       1.92233757e-03, 7.68935017e-04, 1.53787003e-03, 3.84467508e-04,
       0., 3.84467508e-04, 1.26874279e-02, 2.30680499e-03,
       7.68935017e-04, 1.53787003e-03, 3.84467508e-04, 0.,
       1.92233757e-03, 7.68935017e-04, 1.53787003e-03, 0.,
       3.84467514e-03, 3.84467508e-04, 3.07574007e-03, 1.15340250e-03,
       7.68935017e-04, 1.15340250e-03, 1.53787003e-03, 0.,
       3.84467508e-04, 1.15340250e-03, 2.69127265e-03, 3.84467508e-04,
       6.15148013e-03, 9.22721997e-03, 1.15340250e-03, 5.76701248e-03,
       1.15340250e-03, 3.84467508e-04, 9.99615528e-03, 1.15340250e-03,
       7.68935017e-04, 3.07574007e-03, 1.15340250e-03, 7.68935017e-04,
       1.53787003e-03, 7.68935017e-04, 7.68935017e-04, 1.15340250e-03,
       3.84467514e-03, 0., 3.84467508e-04, 3.84467508e-04,
       7.68935017e-04, 2.30680499e-03, 0., 0., 0., 3.84467514e-03,
       1.53787003e-03, 0., 7.68935017e-04, 3.84467508e-04,
       3.84467508e-04, 0., 1.15340250e-03, 1.15340250e-03,
       7.68935017e-04, 1.15340250e-03, 0., 3.84467508e-04,
       1.53787003e-03, 3.84467508e-04, 1.15340250e-03, 7.68935017e-04,
       1.15340250e-03, 3.84467508e-04, 0., 3.84467508e-04,
       3.84467508e-04, 0., 7.68935017e-04, 3.84467508e-04,
       3.84467508e-04, 7.68935017e-04, 0., 1.92233757e-03,
       1.15340250e-03, 7.68935017e-04, 2.30680499e-03, 7.68935017e-04,
       1.53787003e-03, 1.53787003e-03, 2.69127265e-03, 1.53787003e-03,
       1.15340250e-03, 1.92233757e-03, 7.68935017e-04, 1.92233757e-03,
       3.84467508e-04, 1.15340250e-03, 0., 1.92233757e-03,
       7.68935017e-04, 1.15340250e-03, 7.68935017e-04, 0., 0.,
       7.68935017e-04, 0., 1.92233757e-03, 2.30680499e-03,
       3.84467508e-04, 2.69127265e-03, 0., 7.68935017e-04,
       3.84467508e-04, 3.84467508e-04, 0., 0., 1.53787003e-03,
       8.84275232e-03, 7.68935017e-04, 1.92233757e-03, 0.,
       3.84467508e-04, 2.30680499e-03, 3.84467508e-04, 1.92233757e-03,
