%YAML:1.0
m10n: !!opencv-matrix
   rows: 1
   cols: 800
   dt: f
   data: [ 0., 0., 2.05058092e-03, 6.83526974e-04, 1.36705395e-02,
       1.36705395e-03, 0., 6.83526974e-04, 6.83526974e-04,
       6.15174277e-03, 0., 3.41763487e-03, 0., 6.83526974e-04,
       6.83526974e-04, 1.36705395e-03, 5.46821579e-03, 6.83526974e-04,
       6.83526974e-04, 2.73410790e-03, 0., 0., 1.36705395e-03,
       6.83526974e-04, 0., 0., 1.36705395e-03, 0., 6.83526974e-04, 0.,
       1.36705395e-03, 6.83526974e-04, 0., 5.46821579e-03,
       6.83526974e-04, 2.73410790e-03, 0., 2.73410790e-03, 0.,
       6.83526974e-04, 1.36705395e-03, 6.83526974e-04, 1.36705395e-03,
       2.05058092e-03, 0., 4.78468882e-03, 0., 2.73410790e-03, 0., 0.,
       0., 4.10116185e-03, 5.46821579e-03, 6.83526974e-04,
       3.41763487e-03, 0., 6.83526974e-04, 2.05058092e-03,
       6.83526974e-04, 0., 4.10116185e-03, 6.83526974e-04, 0.,
       6.83526974e-04, 0., 6.83526974e-04, 6.83526974e-04,
       2.05058092e-03, 1.09364316e-02, 0., 6.83526974e-04,
       2.73410790e-03, 0., 3.41763487e-03, 0., 0., 2.05058092e-03,
       3.62269282e-02, 0., 0., 3.07587143e-02, 1.36705395e-03,
       6.83526974e-04, 6.83526974e-03, 6.83526974e-04, 1.36705395e-03,
       0., 0., 6.83526974e-04, 0., 1.36705395e-03, 6.83526974e-04, 0.,
       0., 1.36705395e-03, 0., 6.83526974e-04, 2.05058092e-03,
       1.09364316e-02, 1.36705395e-03, 1.36705395e-03, 6.83526974e-04,
       1.36705395e-03, 0., 8.20232369e-03, 6.83526974e-04,
       6.83526974e-04, 0., 0., 6.83526974e-04, 2.05058092e-03,
       6.83526974e-04, 2.73410790e-03, 0., 0., 0., 0., 0., 0.,
       6.83526974e-04, 1.36705395e-03, 0., 0., 6.83526974e-04,
       1.36705395e-03, 0., 0., 6.83526974e-04, 7.51879672e-03,
       1.36705395e-03, 2.73410790e-03, 0., 0., 0., 2.05058092e-03,
       4.10116185e-03, 6.83526974e-03, 6.83526974e-04, 6.83526974e-04,
       6.83526974e-03, 1.36705395e-03, 0., 0., 6.83526974e-04, 0., 0.,
       0., 1.36705395e-03, 1.36705395e-03, 6.83526974e-04, 0., 0.,
       1.36705395e-03, 2.05058092e-03, 1.36705395e-03, 0.,
       6.83526974e-04, 0., 6.83526974e-04, 5.46821579e-03,
       1.36705395e-03, 6.83526974e-03, 0., 6.83526974e-04, 0., 0.,
       2.73410790e-03, 6.83526974e-04, 0., 2.05058092e-03, 0.,
       1.36705395e-03, 0., 2.05058092e-03, 4.10116185e-03, 0.,
       1.36705395e-03, 6.83526974e-04, 0., 6.83526974e-04,
       2.05058092e-03, 0., 6.83526974e-04, 6.83526974e-04,
       6.83526974e-04, 0., 0., 0., 2.05058092e-03, 2.73410790e-03,
       1.36705395e-03, 6.83526974e-04, 0., 2.05058092e-03,
       6.83526974e-04, 4.10116185e-03, 2.05058092e-03, 2.05058092e-03,
       0., 0., 6.83526974e-03, 0., 6.83526974e-04, 0., 4.10116185e-03,
       0., 6.83526974e-04, 0., 6.83526974e-04, 2.05058092e-03,
       1.36705395e-03, 1.36705395e-03, 6.83526974e-04, 6.83526974e-04,
       6.83526974e-04, 1.36705395e-03, 6.83526974e-04, 0., 0.,
       6.83526974e-04, 2.73410790e-03, 1.36705395e-03, 0.,
       2.73410790e-03, 1.36705395e-03, 6.83526974e-04, 1.36705395e-03,
       0., 4.10116185e-03, 1.36705395e-03, 1.36705395e-03, 0., 0., 0.,
       0., 6.83526974e-04, 0., 0., 0., 0., 6.83526974e-04,
       2.05058092e-03, 0., 6.83526974e-04, 0., 4.78468882e-03, 0.,
       6.83526974e-04, 6.83526974e-04, 6.83526974e-04, 0.,
       6.83526974e-04, 0., 0., 2.05058092e-03, 0., 0., 3.41763487e-03,
       2.05058092e-03, 1.36705395e-03, 6.83526974e-04, 0.,
       2.05058092e-03, 0., 0., 6.15174277e-03, 4.10116185e-03, 0.,
       2.05058092e-03, 0., 2.73410790e-03, 6.83526974e-04, 0., 0.,
       1.36705395e-03, 0., 6.83526974e-04, 6.83526974e-04, 0.,
       1.36705395e-03, 4.10116185e-03, 1.36705395e-03, 0., 0.,
       1.36705395e-03, 0., 6.83526974e-04, 0., 6.83526974e-04, 0.,
       6.83526974e-04, 2.73410790e-03, 3.41763487e-03, 0.,
       1.36705395e-03, 8.20232369e-03, 6.83526974e-04, 0.,
       1.36705395e-03, 6.83526974e-04, 6.83526974e-04, 0.,
       6.83526974e-04, 6.83526974e-04, 0., 0., 6.83526974e-04,
       6.83526974e-04, 0., 0., 6.83526974e-03, 0., 1.36705395e-03,
       1.36705395e-03, 2.05058092e-03, 0., 0., 2.73410790e-03,
       3.41763487e-03, 6.83526974e-04, 0., 0., 5.46821579e-03,
       6.83526974e-04, 0., 6.83526974e-04, 4.10116185e-03,
       1.36705395e-03, 2.73410790e-03, 9.56937764e-03, 2.73410790e-03,
       6.83526974e-04, 0., 3.41763487e-03, 1.36705395e-03,
       6.83526974e-04, 6.83526974e-04, 0., 2.05058092e-03, 0., 0., 0.,
       6.83526974e-04, 2.05058092e-03, 2.05058092e-03, 6.83526974e-04,
       1.36705395e-03, 0., 0., 1.36705395e-03, 0., 0., 6.83526974e-04,
       1.36705395e-03, 0., 0., 0., 6.83526974e-04, 0., 5.46821579e-03,
       6.83526974e-04, 0., 6.83526974e-04, 0., 0., 1.36705395e-03, 0.,
       0., 6.83526974e-04, 2.05058092e-03, 6.83526974e-04, 0., 0.,
       2.05058092e-03, 6.83526974e-04, 0., 6.83526974e-04, 0., 0.,
       6.83526974e-04, 2.05058092e-03, 0., 0., 0., 0., 1.36705395e-03,
       0., 0., 0., 6.83526974e-04, 0., 6.83526974e-04, 0.,
       2.73410790e-03, 6.83526974e-04, 0., 1.36705395e-03,
       1.36705395e-03, 1.09364316e-02, 6.83526974e-04, 1.36705395e-03,
       1.36705395e-03, 0., 0., 0., 0., 0., 6.83526974e-04,
       2.05058092e-03, 6.83526974e-04, 0., 0., 1.36705395e-03,
       6.83526974e-04, 4.10116185e-03, 0., 0., 6.83526974e-04,
       1.36705395e-03, 0., 6.83526974e-04, 1.36705395e-03,
       4.10116185e-03, 1.36705395e-03, 2.05058092e-03, 0.,
       6.83526974e-04, 6.83526974e-04, 2.05058092e-03, 0., 0.,
       2.73410790e-03, 1.36705395e-03, 6.83526974e-04, 0.,
       3.41763487e-03, 1.36705395e-03, 0., 0., 1.36705395e-03, 0., 0.,
       1.36705395e-03, 0., 1.36705395e-03, 6.83526974e-04,
       2.05058092e-03, 1.36705395e-03, 0., 0., 8.20232369e-03,
       4.78468882e-03, 0., 3.41763487e-03, 1.36705395e-03,
       1.36705395e-03, 6.83526974e-04, 6.83526974e-04, 1.36705395e-03,
       6.83526974e-04, 0., 0., 1.36705395e-03, 6.83526974e-04,
       6.83526974e-04, 0., 9.56937764e-03, 0., 6.83526974e-04,
       6.83526974e-04, 0., 6.83526974e-04, 0., 6.83526974e-04, 0.,
       2.05058092e-03, 2.05058092e-03, 6.83526974e-04, 3.41763487e-03,
       2.05058092e-03, 6.83526974e-04, 0., 1.36705395e-03,
       2.05058092e-03, 1.36705395e-03, 0., 6.83526974e-04,
       3.41763487e-03, 0., 1.36705395e-03, 2.05058092e-03, 0., 0., 0.,
       6.83526974e-04, 0., 0., 0., 7.51879672e-03, 1.36705395e-03,
       1.36705395e-03, 1.36705395e-03, 6.83526974e-04, 0.,
       3.41763487e-03, 1.36705395e-03, 6.83526974e-04, 0.,
       1.36705395e-03, 6.83526974e-04, 2.05058092e-03, 2.05058092e-03,
       6.83526974e-04, 1.36705395e-03, 1.36705395e-03, 6.83526974e-04,
       6.83526974e-04, 0., 6.83526974e-04, 6.83526974e-04, 0.,
       1.36705395e-03, 6.83526974e-04, 0., 2.05058092e-03,
       6.83526974e-04, 2.05058092e-03, 2.05058092e-03, 2.73410790e-03,
       6.83526974e-04, 6.83526974e-04, 0., 3.41763487e-03,
       6.83526974e-04, 1.36705395e-03, 6.83526974e-04, 6.83526974e-04,
       0., 6.83526974e-04, 1.36705395e-03, 1.36705395e-03,
       1.36705395e-03, 1.36705395e-03, 6.83526974e-04, 2.05058092e-03,
       6.83526974e-04, 0., 6.83526974e-04, 0., 2.05058092e-03, 0.,
       6.83526974e-04, 6.83526974e-04, 6.83526974e-04, 2.05058092e-03,
       1.36705395e-03, 0., 0., 6.83526974e-04, 0., 3.41763487e-03,
       1.36705395e-03, 1.36705395e-03, 4.10116185e-03, 6.83526974e-04,
       0., 6.83526974e-04, 2.05058092e-03, 4.10116185e-03, 0., 0.,
       2.73410790e-03, 6.83526974e-04, 6.83526974e-04, 6.83526974e-04,
       0., 0., 0., 0., 0., 3.41763487e-03, 6.83526974e-04, 0.,
       3.41763487e-03, 0., 6.83526974e-04, 0., 0., 2.05058092e-03,
       2.05058092e-03, 0., 2.73410790e-03, 0., 3.41763487e-03,
       1.36705395e-03, 6.83526974e-04, 2.73410790e-03, 4.78468882e-03,
       1.36705395e-03, 0., 1.36705395e-03, 4.10116185e-03,
       6.83526974e-04, 4.10116185e-03, 2.73410790e-03, 6.83526974e-04,
       1.36705395e-03, 6.83526974e-04, 0., 0., 6.83526974e-04,
