%YAML:1.0
m10n: !!opencv-matrix
   rows: 1
   cols: 800
   dt: f
   data: [ 0., 3.36927222e-03, 4.71698120e-03, 6.73854433e-04,
       6.73854433e-04, 0., 0., 0., 0., 2.69541773e-03, 4.04312648e-03,
       0., 0., 4.04312648e-03, 3.36927222e-03, 6.73854433e-04,
       6.73854433e-04, 0., 0., 1.34770887e-03, 6.73854433e-04,
       2.02156324e-03, 1.34770887e-03, 6.73854433e-04, 6.73854433e-04,
       1.34770887e-03, 0., 0., 6.73854433e-04, 2.02156324e-03,
       2.69541773e-03, 0., 3.36927222e-03, 1.34770887e-03, 0., 0., 0.,
       2.02156324e-03, 3.36927222e-03, 4.04312648e-03, 0.,
       6.73854433e-04, 6.73854433e-04, 0., 9.43396240e-03,
       4.04312648e-03, 2.69541773e-03, 6.73854433e-04, 6.73854433e-04,
       2.69541773e-03, 6.73854433e-04, 6.73854433e-04, 2.02156324e-03,
       6.73854433e-04, 0., 4.04312648e-03, 0., 6.73854433e-04,
       8.08625296e-03, 0., 6.73854433e-04, 6.73854433e-04,
       6.73854433e-04, 6.73854433e-04, 6.73854433e-04, 1.34770887e-03,
       0., 6.73854433e-04, 1.34770887e-03, 0., 1.34770887e-03,
       6.73854433e-04, 6.06468972e-03, 6.73854433e-04, 0., 0.,
       1.34770887e-03, 6.73854433e-04, 0., 6.73854433e-04,
       2.02156324e-03, 6.73854433e-04, 6.06468972e-03, 3.36927222e-03,
       0., 6.73854433e-04, 2.02156324e-03, 0., 0., 0., 2.02156324e-03,
       2.69541778e-02, 6.73854433e-04, 1.34770887e-03, 1.34770887e-03,
       1.34770887e-03, 4.71698120e-03, 0., 1.34770887e-03,
       6.06468972e-03, 0., 1.34770887e-03, 0., 6.73854433e-04, 0.,
       1.34770887e-03, 1.34770887e-03, 6.73854433e-04, 0., 0.,
       1.34770887e-03, 4.04312648e-03, 2.69541773e-03, 0.,
       5.39083546e-03, 0., 6.73854433e-04, 1.34770887e-03,
       1.34770887e-03, 0., 6.73854433e-04, 3.36927222e-03, 0.,
       6.73854433e-04, 1.34770887e-03, 0., 6.73854433e-04, 0.,
       1.34770887e-03, 1.34770887e-03, 6.73854433e-04, 0.,
       2.02156324e-03, 6.73854433e-04, 2.69541773e-03, 1.21293794e-02,
       0., 0., 0., 0., 0., 2.69541773e-03, 0., 0., 0., 1.34770887e-03,
       0., 0., 6.73854433e-04, 0., 0., 0., 0., 3.36927222e-03, 0., 0.,
       1.34770887e-03, 0., 1.34770887e-03, 0., 6.73854433e-04,
       4.71698120e-03, 0., 0., 4.71698120e-03, 6.73854433e-04, 0., 0.,
       4.71698120e-03, 0., 0., 0., 2.02156324e-03, 6.73854433e-04, 0.,
       0., 2.02156324e-03, 4.04312648e-03, 4.04312648e-03,
       3.36927222e-03, 4.71698120e-03, 1.34770887e-03, 6.73854433e-04,
       0., 2.35849060e-02, 0., 6.73854433e-04, 2.02156324e-03,
       2.69541773e-03, 0., 6.73854433e-04, 4.04312648e-03, 0.,
       6.73854433e-04, 6.73854433e-04, 2.69541773e-03, 6.73854433e-04,
       6.73854433e-04, 0., 6.73854433e-04, 1.34770887e-03,
       2.69541773e-03, 6.73854433e-04, 0., 1.34770887e-03,
       2.69541773e-03, 1.34770887e-03, 0., 6.73854433e-04, 0.,
       6.73854433e-04, 0., 0., 1.34770887e-03, 1.34770887e-03,
       6.73854433e-04, 0., 6.73854433e-04, 6.73854433e-04,
       1.34770887e-03, 0., 6.73854433e-04, 0., 6.73854433e-04,
       1.34770887e-03, 0., 0., 6.73854433e-04, 1.34770887e-03, 0.,
       3.36927222e-03, 5.39083546e-03, 0., 0., 1.34770887e-03,
       1.34770887e-03, 1.34770887e-03, 0., 1.34770887e-03, 0.,
       1.01078162e-02, 6.73854433e-04, 0., 0., 6.06468972e-03,
       1.34770887e-03, 4.04312648e-03, 6.73854433e-04, 0., 0.,
       1.34770887e-03, 6.73854433e-04, 6.73854433e-04, 2.02156324e-03,
       6.73854433e-04, 6.73854433e-04, 0., 1.34770887e-03, 0.,
       6.73854433e-04, 0., 2.02156324e-03, 6.73854433e-04,
       6.73854433e-04, 6.73854433e-04, 1.34770887e-03, 0., 0.,
       1.34770887e-03, 6.73854433e-04, 6.73854433e-04, 6.73854433e-04,
       0., 0., 0., 4.04312648e-03, 0., 0., 0., 0., 6.73854433e-04,
       2.02156324e-03, 0., 2.69541773e-03, 0., 2.02156324e-03,
       6.73854444e-03, 1.34770887e-03, 0., 6.73854433e-04, 0., 0., 0.,
       1.21293794e-02, 6.73854433e-04, 0., 1.34770887e-03,
       2.02156324e-03, 6.73854433e-04, 1.34770887e-03, 0.,
       6.73854433e-04, 6.73854433e-04, 1.34770887e-03, 2.02156324e-03,
       0., 6.73854433e-04, 2.69541773e-03, 6.73854433e-04,
       2.69541773e-03, 1.34770887e-03, 1.34770887e-03, 6.73854433e-04,
       0., 0., 2.69541773e-03, 0., 2.02156324e-03, 0., 0.,
       6.73854433e-04, 1.34770887e-03, 0., 0., 0., 7.41239870e-03,
       1.34770887e-03, 0., 0., 4.04312648e-03, 0., 1.34770887e-03, 0.,
       0., 0., 6.73854433e-04, 6.73854433e-04, 1.34770887e-03,
       4.04312648e-03, 0., 0., 1.34770887e-03, 6.73854433e-04,
       2.69541773e-03, 6.73854433e-04, 6.73854433e-04, 6.73854433e-04,
       0., 0., 0., 6.73854433e-04, 0., 6.73854433e-04, 1.34770887e-03,
       6.73854433e-04, 0., 0., 4.71698120e-03, 0., 0., 6.73854433e-04,
       3.36927222e-03, 5.39083546e-03, 6.73854433e-04, 1.34770887e-03,
       0., 0., 0., 4.04312648e-03, 1.34770887e-03, 0., 6.73854433e-04,
       2.69541773e-03, 0., 6.73854433e-04, 0., 0., 0., 0.,
       6.73854433e-04, 0., 6.73854433e-04, 1.34770887e-03, 0.,
       6.73854433e-04, 0., 4.71698120e-03, 0., 2.69541773e-03, 0.,
       6.73854433e-04, 2.69541773e-03, 1.34770887e-03, 2.69541773e-03,
       0., 6.73854433e-04, 4.04312648e-03, 0., 6.73854433e-04,
       1.34770887e-03, 1.34770887e-03, 6.73854433e-04, 0.,
       6.73854433e-04, 1.34770887e-03, 0., 2.02156324e-03, 0., 0.,
       1.34770887e-03, 6.73854433e-04, 6.73854433e-04, 6.73854433e-04,
       0., 0., 6.73854433e-04, 2.69541773e-03, 0., 6.73854433e-04, 0.,
       2.02156324e-03, 0., 2.02156324e-03, 2.02156324e-03,
       1.34770887e-03, 1.34770887e-03, 6.73854433e-04, 4.04312648e-03,
       6.73854433e-04, 6.73854433e-04, 6.73854444e-03, 0., 0.,
       4.71698120e-03, 0., 1.34770887e-03, 1.34770887e-03,
       6.73854433e-04, 0., 1.34770887e-03, 0., 4.04312648e-03,
       1.34770887e-03, 6.73854433e-04, 3.36927222e-03, 1.34770887e-03,
       6.73854433e-04, 6.73854433e-04, 0., 0., 0., 6.73854433e-04,
       2.69541773e-03, 6.73854433e-04, 0., 1.34770887e-03,
       6.73854433e-04, 2.69541773e-03, 6.73854433e-04, 6.73854433e-04,
       0., 2.69541773e-03, 1.34770887e-03, 1.34770887e-03,
       6.73854433e-04, 0., 0., 0., 0., 0., 0., 4.04312648e-03, 0.,
       6.73854433e-04, 0., 0., 4.04312648e-03, 0., 2.02156324e-03,
       6.73854433e-04, 0., 2.69541773e-03, 2.02156324e-03, 0.,
       6.73854433e-04, 6.73854433e-04, 2.02156324e-03, 6.73854433e-04,
       0., 6.73854444e-03, 0., 2.02156324e-03, 0., 0., 0.,
       2.02156324e-03, 6.73854433e-04, 1.34770887e-03, 2.02156324e-03,
       6.73854433e-04, 0., 5.39083546e-03, 1.34770887e-03,
       6.73854433e-04, 0., 6.73854433e-04, 0., 0., 1.34770887e-03,
       6.73854433e-04, 0., 2.69541773e-03, 6.73854433e-04,
       6.73854433e-04, 0., 6.73854433e-04, 6.73854433e-04,
       6.73854433e-04, 6.73854433e-04, 3.36927222e-03, 2.69541773e-03,
       2.02156324e-03, 6.73854444e-03, 5.39083546e-03, 1.34770887e-03,
       6.73854433e-04, 0., 0., 0., 0., 0., 6.73854433e-04, 0.,
       6.73854433e-04, 0., 0., 6.73854433e-04, 6.73854433e-04,
       6.73854433e-04, 0., 0., 0., 6.73854433e-04, 2.02156324e-03, 0.,
       6.73854433e-04, 2.02156324e-03, 1.34770887e-03, 2.02156324e-03,
       1.34770887e-03, 1.34770887e-03, 2.69541773e-03, 1.34770887e-03,
       6.73854433e-04, 2.02156324e-03, 2.69541773e-03, 0.,
       1.41509427e-02, 5.39083546e-03, 2.69541773e-03, 0., 0., 0., 0.,
       0., 0., 1.34770887e-03, 0., 6.73854433e-04, 3.36927222e-03, 0.,
       1.34770887e-03, 0., 0., 0., 1.34770887e-03, 0., 0., 0.,
       1.34770887e-03, 0., 0., 6.73854433e-04, 6.73854433e-04, 0., 0.,
       1.34770887e-03, 0., 1.34770887e-03, 1.34770887e-03, 0., 0.,
       6.73854444e-03, 6.73854433e-04, 0., 1.34770887e-03, 0.,
       6.73854433e-04, 1.34770887e-03, 0., 1.34770887e-03,
       1.34770887e-03, 2.69541773e-03, 2.69541773e-03, 0., 0.,
       2.02156324e-03, 0., 6.73854433e-04, 0., 1.34770887e-03,
       6.73854433e-04, 1.34770887e-03, 6.73854433e-04, 6.73854433e-04,
       1.34770887e-03, 2.69541773e-03, 1.34770887e-03, 0.,
