%YAML:1.0
m10n: !!opencv-matrix
   rows: 1
   cols: 200
   dt: f
   data: [ 4.78468882e-03, 2.73410790e-03, 5.46821579e-03,
       4.10116185e-03, 5.19480482e-02, 7.51879672e-03, 4.78468882e-03,
       0., 6.83526974e-03, 1.77717023e-02, 0., 1.36705395e-03, 0.,
       3.41763487e-03, 2.73410790e-03, 1.43540669e-02, 9.56937764e-03,
       4.10116185e-03, 2.73410790e-03, 6.15174277e-03, 3.41763487e-03,
       2.05058092e-03, 2.73410790e-03, 6.83526974e-04, 2.73410790e-03,
       1.36705395e-03, 1.36705395e-03, 1.36705395e-03, 4.78468882e-03,
       2.73410790e-03, 5.46821579e-03, 5.46821579e-03, 2.73410790e-03,
       2.73410790e-03, 1.36705395e-03, 3.41763487e-03, 6.83526974e-04,
       9.56937764e-03, 1.36705395e-03, 6.15174277e-03, 2.05058092e-03,
       2.05058092e-03, 1.36705395e-03, 2.73410790e-03, 5.46821579e-03,
       6.83526974e-03, 6.83526974e-04, 6.83526974e-03, 6.83526974e-04,
       4.10116185e-03, 7.51879672e-03, 1.36705395e-02, 8.88585113e-03,
       6.83526974e-04, 5.46821579e-03, 6.15174277e-03, 6.83526974e-04,
       1.43540669e-02, 2.73410790e-03, 1.02529041e-02, 1.09364316e-02,
       4.10116185e-03, 3.41763487e-03, 4.10116185e-03, 2.05058092e-03,
       2.05058092e-03, 1.09364316e-02, 1.29870120e-02, 2.25563906e-02,
       6.83526974e-04, 2.73410790e-03, 3.41763487e-03, 2.05058092e-03,
       5.46821579e-03, 6.83526974e-04, 6.83526974e-03, 9.56937764e-03,
       8.20232369e-03, 2.05058092e-03, 2.73410790e-03, 4.98974696e-02,
       6.15174277e-03, 4.78468882e-03, 1.36705395e-02, 8.88585113e-03,
       8.20232369e-03, 4.78468882e-03, 6.83526974e-04, 3.41763487e-03,
       4.10116185e-03, 4.78468882e-03, 2.05058092e-03, 1.36705395e-03,
       4.78468882e-03, 1.23034855e-02, 0., 7.51879672e-03,
       1.50375934e-02, 1.29870120e-02, 3.41763487e-03, 4.10116185e-03,
       4.78468882e-03, 0., 1.36705395e-03, 2.32399181e-02,
       2.73410790e-03, 6.83526974e-03, 0., 2.73410790e-03,
       8.20232369e-03, 2.73410790e-03, 2.73410790e-03, 5.46821579e-03,
       2.73410790e-03, 5.46821579e-03, 4.10116185e-03, 2.05058092e-03,
       1.36705395e-03, 2.05058092e-03, 2.05058092e-03, 1.36705395e-03,
       4.78468882e-03, 0., 2.73410790e-03, 5.46821579e-03,
       1.36705395e-03, 1.36705395e-03, 6.83526974e-04, 1.02529041e-02,
       5.46821579e-03, 1.36705395e-03, 2.73410790e-03, 6.83526974e-04,
       4.10116185e-03, 8.20232369e-03, 5.46821579e-03, 9.56937764e-03,
       2.73410790e-03, 7.51879672e-03, 5.46821579e-03, 5.46821579e-03,
       4.10116185e-03, 4.10116185e-03, 6.83526974e-04, 4.10116185e-03,
       6.83526974e-04, 2.73410790e-03, 6.83526974e-03, 3.41763487e-03,
       2.05058092e-03, 3.41763487e-03, 2.05058092e-03, 4.10116185e-03,
       2.05058092e-03, 1.09364316e-02, 2.73410790e-03, 4.78468882e-03,
       3.41763487e-03, 4.10116185e-03, 6.15174277e-03, 2.05058092e-03,
       1.09364316e-02, 2.05058092e-03, 6.15174277e-03, 5.46821579e-03,
       0., 4.78468882e-03, 2.05058092e-03, 2.73410790e-03,
       6.83526974e-03, 2.73410790e-03, 6.83526974e-03, 0.,
       1.29870120e-02, 9.56937764e-03, 6.83526974e-04, 6.83526974e-04,
       1.36705395e-03, 2.73410790e-03, 0., 3.41763487e-03,
       1.36705395e-03, 8.20232369e-03, 6.15174277e-03, 2.05058092e-03,
       6.83526974e-04, 4.10116185e-03, 5.46821579e-03, 4.10116185e-03,
       3.41763487e-03, 3.41763487e-03, 3.41763487e-03, 6.83526974e-04,
       6.15174277e-03, 4.78468882e-03, 3.41763487e-03, 3.41763487e-03,
       5.46821579e-03, 1.36705395e-03, 2.05058092e-03 ]
