%YAML:1.0
m10n: !!opencv-matrix
   rows: 1
   cols: 800
   dt: f
   data: [ 1.28095644e-03, 2.13492732e-03, 4.26985469e-04, 0.,
       1.70794188e-03, 4.26985469e-04, 8.53970938e-04, 0.,
       4.26985469e-04, 4.69683995e-03, 8.53970938e-04, 4.26985469e-04,
       8.53970938e-04, 1.28095644e-03, 1.28095644e-03, 4.26985469e-04,
       1.28095644e-03, 2.13492732e-03, 4.26985469e-04, 4.26985469e-04,
       7.68573862e-03, 8.53970938e-04, 8.53970938e-04, 8.53970938e-04,
       6.40478218e-03, 4.26985469e-04, 8.53970938e-04, 2.98889820e-03,
       5.55081107e-03, 2.98889820e-03, 4.26985469e-04, 1.28095644e-03,
       8.53970938e-04, 2.13492732e-03, 4.26985469e-04, 4.26985463e-03,
       8.53970938e-04, 1.28095644e-03, 2.56191287e-03, 4.26985469e-04,
       2.98889820e-03, 1.70794188e-03, 2.56191287e-03, 8.53970938e-04,
       8.53970938e-04, 2.13492732e-03, 0., 0., 4.26985469e-04,
       4.26985469e-04, 4.26985469e-04, 8.53970938e-04, 8.53970938e-04,
       4.26985469e-04, 3.41588375e-03, 8.53970938e-04, 4.26985469e-04,
       1.28095644e-03, 2.98889820e-03, 4.26985469e-04, 0.,
       1.28095644e-03, 4.26985469e-04, 2.13492732e-03, 2.13492732e-03,
       4.26985469e-04, 8.53970938e-04, 1.28095644e-03, 0., 0.,
       8.53970938e-04, 4.26985469e-04, 1.28095644e-03, 4.26985469e-04,
       1.70794188e-03, 4.26985469e-04, 8.53970938e-04, 0.,
       8.53970938e-04, 1.28095644e-03, 0., 4.26985469e-04,
       1.28095644e-03, 2.13492732e-03, 2.98889820e-03, 4.69683995e-03,
       8.53970938e-04, 3.41588375e-03, 8.53970938e-04, 0.,
       1.70794188e-03, 0., 1.70794188e-03, 0., 0., 0., 8.53970938e-04,
       4.26985469e-04, 4.26985469e-04, 0., 0., 8.53970938e-04, 0.,
       3.41588375e-03, 0., 2.98889820e-03, 1.28095644e-03,
       4.26985469e-04, 2.13492732e-03, 0., 2.13492732e-03,
       1.28095644e-03, 2.56191287e-03, 4.26985469e-04, 4.26985463e-03,
       4.26985469e-04, 2.98889820e-03, 1.28095644e-03, 0., 0.,
       8.53970938e-04, 1.28095644e-03, 4.69683995e-03, 4.69683995e-03,
       4.26985469e-04, 4.26985469e-04, 1.70794188e-03, 8.53970938e-04,
       4.26985469e-04, 1.28095644e-03, 0., 2.56191287e-03,
       4.26985463e-03, 1.70794188e-03, 8.53970938e-04, 4.26985469e-04,
       4.26985469e-04, 0., 8.53970938e-04, 2.98889820e-03,
       8.53970938e-04, 2.13492732e-03, 1.28095644e-03, 2.98889820e-03,
       0., 8.53970938e-04, 2.13492732e-03, 1.70794188e-03,
       4.26985469e-04, 0., 3.41588375e-03, 8.53970938e-04, 0.,
       1.70794188e-03, 4.26985469e-04, 0., 0., 1.28095644e-03,
       1.70794188e-03, 1.70794188e-03, 0., 8.53970938e-04,
       4.26985469e-04, 4.26985469e-04, 0., 0., 2.56191287e-03,
       2.98889820e-03, 1.28095644e-03, 1.70794188e-03, 4.26985469e-04,
       1.62254479e-02, 1.28095644e-03, 4.26985469e-04, 0.,
       4.26985469e-04, 4.26985469e-04, 7.25875283e-03, 8.53970938e-04,
       8.53970938e-04, 3.41588375e-03, 5.12382574e-03, 0.,
       8.53970938e-04, 8.53970938e-04, 1.28095644e-03, 5.12382574e-03,
       1.70794188e-03, 0., 8.53970938e-04, 1.28095644e-03,
       8.53970938e-04, 4.26985469e-04, 0., 1.28095644e-03,
       8.53970938e-04, 8.53970938e-04, 1.28095644e-03, 4.26985469e-04,
       4.26985469e-04, 2.98889820e-03, 1.28095644e-03, 8.53970938e-04,
       2.13492732e-03, 0., 0., 4.26985463e-03, 7.68573862e-03, 0.,
       1.28095644e-03, 8.53970938e-04, 0., 0., 2.98889820e-03, 0.,
       2.56191287e-03, 2.98889820e-03, 4.26985469e-04, 1.70794188e-03,
       1.70794188e-03, 3.41588375e-03, 4.26985463e-03, 1.28095644e-03,
       4.26985469e-04, 4.26985469e-04, 8.53970938e-04, 2.98889820e-03,
       1.28095644e-03, 8.53970938e-04, 5.12382574e-03, 4.26985469e-04,
       1.70794188e-03, 0., 8.53970938e-04, 3.41588375e-03,
       4.26985469e-04, 0., 1.28095644e-03, 4.26985469e-04,
       3.41588375e-03, 0., 8.11272394e-03, 1.28095644e-03, 0.,
       2.56191287e-03, 1.70794188e-03, 2.98889820e-03, 8.53970938e-04,
       4.26985469e-04, 1.28095644e-03, 5.55081107e-03, 0., 0.,
       1.28095644e-03, 4.26985469e-04, 0., 1.28095644e-03,
       7.25875283e-03, 2.13492732e-03, 1.28095644e-03, 4.26985469e-04,
       4.26985469e-04, 1.28095644e-03, 4.26985469e-04, 8.53970938e-04,
       1.28095644e-03, 0., 6.40478218e-03, 4.26985469e-04,
       2.13492732e-03, 2.56191287e-03, 8.53970938e-04, 4.26985469e-04,
       4.26985469e-04, 8.53970938e-04, 4.26985469e-04, 8.53970938e-04,
       8.53970938e-04, 1.28095644e-03, 1.28095644e-03, 1.28095644e-03,
       6.83176750e-03, 4.26985469e-04, 0., 2.13492732e-03,
       2.56191287e-03, 2.13492732e-03, 1.28095644e-03, 0.,
       2.13492732e-03, 4.26985469e-04, 1.70794188e-03, 0.,
       2.13492732e-03, 1.70794188e-03, 4.26985469e-04, 5.55081107e-03,
       1.28095644e-03, 1.70794188e-03, 1.28095644e-03, 4.26985469e-04,
       3.41588375e-03, 2.56191287e-03, 2.56191287e-03, 0.,
       8.53970938e-04, 2.13492732e-03, 0., 8.53970938e-04, 0.,
       1.70794188e-03, 2.56191287e-03, 1.28095644e-03, 0.,
       5.55081107e-03, 8.11272394e-03, 1.28095644e-03, 1.28095644e-03,
       4.26985469e-04, 1.28095644e-03, 4.26985469e-04, 4.26985469e-04,
       8.53970938e-04, 4.26985469e-04, 0., 1.70794188e-03,
       1.28095644e-03, 4.26985469e-04, 4.26985469e-04, 1.28095644e-03,
       1.28095644e-03, 0., 8.53970938e-04, 2.13492732e-03,
       8.53970938e-04, 4.26985469e-04, 2.56191287e-03, 8.53970938e-04,
       1.28095644e-03, 1.28095644e-03, 8.53970938e-04, 4.26985469e-04,
       8.53970938e-04, 4.26985469e-04, 2.13492732e-03, 4.26985469e-04,
       4.69683995e-03, 4.26985469e-04, 3.41588375e-03, 0.,
       4.26985469e-04, 4.26985469e-04, 1.28095644e-03, 1.70794188e-03,
       4.26985469e-04, 0., 1.28095644e-03, 4.26985469e-04,
       2.13492732e-03, 1.70794188e-03, 4.26985469e-04, 8.53970938e-04,
       2.56191287e-03, 4.26985469e-04, 2.56191287e-03, 2.98889820e-03,
       1.70794188e-03, 2.56191287e-03, 0., 4.26985469e-04,
       8.53970938e-04, 1.70794188e-03, 4.26985469e-04, 2.13492732e-03,
       1.28095644e-03, 4.26985469e-04, 2.13492732e-03, 4.26985469e-04,
       4.26985469e-04, 4.26985469e-04, 4.26985463e-03, 4.26985469e-04,
       8.53970938e-04, 1.70794188e-03, 0., 8.53970938e-04, 0.,
       4.26985469e-04, 4.26985469e-04, 4.26985469e-04, 2.98889820e-03,
       0., 0., 8.53970938e-04, 4.26985469e-04, 4.26985469e-04,
       1.28095644e-03, 4.26985469e-04, 2.13492732e-03, 8.53970938e-04,
       1.28095644e-03, 4.26985469e-04, 4.26985469e-04, 0.,
       8.53970938e-04, 0., 4.26985469e-04, 4.26985469e-04,
       1.28095644e-03, 8.53970938e-04, 4.26985469e-04, 3.84286931e-03,
       8.53970938e-04, 8.53970938e-04, 0., 1.28095644e-03, 0.,
       4.26985469e-04, 2.98889820e-03, 0., 1.28095644e-03,
       4.26985469e-04, 4.26985469e-04, 4.26985469e-04, 1.70794188e-03,
       1.70794188e-03, 4.26985469e-04, 4.26985469e-04, 4.26985469e-04,
       3.41588375e-03, 8.53970938e-04, 2.13492732e-03, 8.53970938e-04,
       4.26985469e-04, 1.28095644e-03, 1.28095644e-03, 4.26985469e-04,
       0., 2.13492732e-03, 8.53970938e-04, 4.26985469e-04,
       8.53970938e-04, 4.26985469e-04, 1.70794188e-03, 8.53970938e-04,
       1.70794188e-03, 0., 4.26985469e-04, 8.53970938e-04,
       1.28095644e-03, 4.26985469e-04, 8.53970938e-04, 8.53970938e-04,
       8.53970938e-04, 0., 4.26985469e-04, 2.98889820e-03,
       1.70794188e-03, 4.26985469e-04, 1.70794188e-03, 4.26985469e-04,
       1.28095644e-03, 3.84286931e-03, 4.69683995e-03, 4.26985469e-04,
       4.26985469e-04, 1.28095644e-03, 8.53970938e-04, 1.28095644e-03,
       3.41588375e-03, 2.13492732e-03, 5.55081107e-03, 2.13492732e-03,
       4.26985469e-04, 4.26985469e-04, 4.26985469e-04, 0., 0.,
       1.28095644e-03, 8.53970938e-04, 2.13492732e-03, 4.26985469e-04,
       4.26985469e-04, 4.26985469e-04, 0., 4.26985469e-04, 0.,
       8.53970938e-04, 8.53970938e-04, 4.26985469e-04, 1.28095644e-03,
       4.26985469e-04, 4.26985469e-04, 8.53970938e-04, 4.26985469e-04,
       1.28095644e-03, 1.70794188e-03, 2.13492732e-03, 2.98889820e-03,
