%YAML:1.0
m10n: !!opencv-matrix
   rows: 1
   cols: 800
   dt: f
   data: [ 1.83150184e-03, 1.09890115e-03, 7.32600747e-04,
       3.66300374e-04, 1.83150184e-03, 1.09890115e-03, 1.09890115e-03,
       0., 7.32600747e-04, 2.56410264e-03, 2.56410264e-03,
       1.46520149e-03, 2.19780230e-03, 5.49450563e-03, 3.66300374e-04,
       1.09890115e-03, 4.39560460e-03, 2.93040299e-03, 3.66300374e-04,
       7.32600747e-04, 7.32600747e-04, 1.09890115e-03, 1.09890115e-03,
       0., 3.66300374e-04, 1.46520149e-03, 2.19780230e-03,
       6.95970701e-03, 0., 0., 3.66300374e-04, 1.09890115e-03,
       3.66300374e-04, 1.46520149e-03, 3.66300374e-04, 0.,
       3.66300374e-04, 3.66300374e-04, 3.66300368e-03, 3.66300374e-04,
       1.83150184e-03, 1.09890115e-03, 3.66300374e-04, 2.19780230e-03,
       3.66300374e-04, 7.32600747e-04, 3.66300374e-04, 7.32600747e-04,
       7.32600747e-04, 1.09890115e-03, 0., 1.83150184e-03,
       1.09890115e-03, 1.83150184e-03, 3.66300374e-04, 1.83150184e-03,
       3.66300374e-04, 3.66300374e-04, 1.09890115e-03, 1.46520149e-03,
       1.09890115e-03, 1.09890115e-03, 1.46520149e-03, 2.19780230e-03,
       4.39560460e-03, 3.66300374e-04, 0., 7.32600747e-04,
       1.46520149e-03, 7.32600747e-04, 2.56410264e-03, 1.46520149e-03,
       0., 1.46520149e-03, 1.09890115e-03, 1.46520149e-03,
       1.09890115e-03, 1.83150184e-03, 6.59340667e-03, 1.83150184e-03,
       0., 3.66300374e-04, 1.83150184e-03, 3.66300374e-04,
       1.46520149e-03, 1.09890115e-03, 0., 5.86080598e-03,
       4.02930425e-03, 2.56410264e-03, 1.46520149e-03, 1.09890115e-03,
       2.19780230e-03, 3.66300374e-04, 1.09890115e-03, 0.,
       1.09890115e-03, 1.83150184e-03, 3.66300374e-04, 1.09890115e-03,
       3.66300374e-04, 0., 4.76190494e-03, 3.66300374e-04,
       3.66300374e-04, 4.02930425e-03, 4.39560460e-03, 7.32600747e-04,
       1.46520149e-03, 1.09890115e-03, 1.83150184e-03, 2.19780230e-03,
       3.66300374e-04, 3.66300374e-04, 1.83150184e-03, 3.66300374e-04,
       3.66300374e-04, 7.32600747e-04, 3.66300374e-04, 1.09890115e-03,
       7.32600747e-04, 1.83150184e-03, 0., 7.32600747e-04, 0.,
       1.46520149e-03, 2.19780230e-03, 3.66300374e-04, 4.76190494e-03,
       7.32600747e-04, 1.83150184e-03, 3.66300374e-04, 1.83150184e-03,
       7.32600747e-04, 1.46520149e-03, 3.66300374e-04, 2.19780230e-03,
       3.66300374e-04, 1.46520149e-03, 7.32600747e-04, 4.02930425e-03,
       2.56410264e-03, 3.66300374e-04, 3.66300374e-04, 1.46520149e-03,
       3.66300374e-04, 0., 3.66300374e-04, 0., 1.46520149e-03,
       2.56410264e-03, 0., 2.19780230e-03, 1.09890115e-03,
       7.32600747e-04, 1.46520149e-03, 3.66300374e-04, 2.19780230e-03,
       3.66300374e-04, 2.56410264e-03, 3.66300374e-04, 3.66300374e-04,
       7.32600747e-04, 1.83150184e-03, 1.09890115e-03, 0., 0.,
       3.29670333e-03, 0., 3.66300374e-04, 1.09890115e-03, 0.,
       7.32600747e-04, 1.09890115e-03, 3.66300374e-04, 0.,
       1.46520149e-03, 3.66300374e-04, 1.83150184e-03, 1.46520149e-03,
       1.09890115e-03, 2.93040299e-03, 3.66300374e-04, 3.66300374e-04,
       2.93040299e-03, 7.32600747e-04, 1.09890115e-03, 2.56410264e-03,
       0., 2.93040299e-03, 0., 1.46520149e-03, 1.09890115e-03,
       7.32600747e-04, 7.32600747e-04, 3.66300374e-04, 7.32600747e-04,
       1.83150184e-03, 7.32600747e-04, 0., 4.39560460e-03,
       2.93040299e-03, 3.66300368e-03, 2.19780230e-03, 3.66300374e-04,
       1.83150184e-03, 2.56410264e-03, 1.09890115e-03, 1.09890115e-03,
       1.09890115e-03, 1.83150184e-03, 2.93040299e-03, 3.66300374e-04,
       2.56410264e-03, 7.32600747e-04, 0., 2.19780230e-03,
       3.66300368e-03, 3.66300374e-04, 7.32600747e-04, 3.66300374e-04,
       1.09890115e-03, 3.29670333e-03, 7.32600747e-04, 3.66300374e-04,
       3.29670333e-03, 2.19780230e-03, 1.83150184e-03, 1.46520149e-03,
       1.83150184e-03, 3.66300374e-04, 3.29670333e-03, 3.66300374e-04,
       1.09890115e-03, 3.66300374e-04, 7.32600747e-04, 2.19780230e-03,
       3.66300374e-04, 7.32600747e-04, 0., 3.66300368e-03,
       1.09890115e-03, 1.83150184e-03, 7.32600747e-04, 2.93040299e-03,
       1.83150184e-03, 4.02930425e-03, 1.46520149e-03, 0.,
       4.02930425e-03, 5.12820529e-03, 1.83150184e-03, 2.93040299e-03,
       1.83150184e-03, 1.46520149e-03, 0., 2.56410264e-03,
       2.56410264e-03, 1.83150184e-03, 7.32600747e-04, 2.19780230e-03,
       1.09890115e-03, 0., 1.09890115e-03, 7.32600747e-04,
       1.09890115e-03, 3.66300374e-04, 0., 0., 2.19780230e-03,
       3.66300374e-04, 0., 7.32600747e-04, 1.09890115e-03,
       1.83150184e-03, 3.66300374e-04, 1.09890115e-03, 1.46520149e-03,
       3.66300374e-04, 7.32600747e-04, 7.32600747e-04, 0.,
       3.29670333e-03, 1.46520149e-03, 3.66300374e-04, 0.,
       3.66300374e-04, 1.46520149e-03, 1.46520149e-03, 7.32600747e-04,
       3.66300368e-03, 2.56410264e-03, 0., 2.56410264e-03, 0.,
       1.09890115e-03, 0., 1.83150184e-03, 1.83150184e-03, 0.,
       2.56410264e-03, 1.83150184e-03, 3.29670333e-03, 0.,
       1.46520149e-03, 1.09890115e-03, 2.19780230e-03, 3.66300374e-04,
       1.83150184e-03, 2.19780230e-03, 3.66300374e-04, 0.,
       3.66300368e-03, 7.32600747e-04, 1.09890115e-03, 7.32600747e-04,
       2.93040299e-03, 3.29670333e-03, 0., 0., 4.76190494e-03,
       1.46520149e-03, 2.19780230e-03, 7.32600747e-04, 1.09890115e-03,
       1.83150184e-03, 3.66300374e-04, 3.66300374e-04, 1.46520149e-03,
       3.29670333e-03, 3.29670333e-03, 3.66300374e-04, 3.66300374e-04,
       3.66300374e-04, 3.66300374e-04, 2.19780230e-03, 2.93040299e-03,
       7.32600747e-04, 1.46520149e-03, 1.83150184e-03, 7.32600747e-04,
       1.09890115e-03, 3.66300374e-04, 4.39560460e-03, 2.19780230e-03,
       2.19780230e-03, 2.19780230e-03, 0., 0., 4.39560460e-03,
       2.19780230e-03, 3.66300374e-04, 0., 2.93040299e-03, 0.,
       7.32600747e-04, 2.56410264e-03, 7.32600747e-04, 5.86080598e-03,
       1.09890115e-03, 7.32600747e-04, 4.39560460e-03, 7.32600747e-04,
       0., 3.66300374e-04, 0., 2.19780230e-03, 7.32600747e-04,
       3.66300374e-04, 0., 2.93040299e-03, 1.09890115e-03, 0.,
       7.32600747e-04, 1.09890115e-03, 1.46520149e-03, 3.66300374e-04,
       7.32600747e-04, 3.66300374e-04, 1.09890115e-03, 7.32600747e-04,
       1.46520149e-03, 7.32600747e-04, 1.46520149e-03, 0.,
       1.46520149e-03, 1.83150184e-03, 1.83150184e-03, 2.56410264e-03,
       1.46520149e-03, 7.32600747e-04, 1.09890115e-03, 0., 0.,
       1.09890115e-03, 1.83150184e-03, 0., 3.66300374e-04, 0.,
       1.09890115e-03, 0., 4.76190494e-03, 0., 2.56410264e-03,
       7.32600747e-04, 0., 7.32600747e-04, 3.29670333e-03, 0., 0.,
       3.66300374e-04, 0., 7.32600747e-04, 2.93040299e-03, 0.,
       3.66300374e-04, 7.32600747e-04, 0., 0., 0., 3.66300374e-04,
       2.19780230e-03, 1.83150184e-03, 0., 3.66300374e-04,
       3.29670333e-03, 0., 3.66300374e-04, 3.66300374e-04,
       1.09890115e-03, 7.32600747e-04, 7.32600747e-04, 2.19780230e-03,
       3.66300374e-04, 1.09890115e-03, 2.93040299e-03, 7.32600747e-04,
       0., 2.93040299e-03, 0., 7.32600747e-04, 1.09890115e-03,
       3.66300374e-04, 0., 7.32600747e-04, 0., 0., 2.93040299e-03,
       1.09890115e-03, 2.93040299e-03, 1.83150184e-03, 7.32600747e-04,
       0., 1.09890115e-03, 1.09890115e-03, 3.66300374e-04, 0.,
       2.93040299e-03, 1.09890115e-03, 1.83150184e-03, 0.,
       1.09890115e-03, 7.32600747e-04, 7.32600747e-04, 2.19780230e-03,
       2.56410264e-03, 3.66300374e-04, 7.32600747e-04, 1.83150184e-03,
       1.46520149e-03, 0., 3.66300374e-04, 5.12820529e-03,
       2.56410264e-03, 0., 3.66300374e-04, 2.19780230e-03,
       7.32600747e-04, 7.32600747e-04, 2.19780230e-03, 3.66300374e-04,
       3.66300374e-04, 2.19780230e-03, 1.46520149e-03, 0., 0.,
       2.19780230e-03, 0., 1.46520149e-03, 3.66300374e-04,
       1.46520149e-03, 7.32600747e-04, 0., 0., 1.09890115e-03,
       3.29670333e-03, 1.09890115e-03, 7.32600747e-04, 3.66300374e-04,
       7.32600747e-04, 7.32600747e-04, 1.09890115e-03, 3.66300374e-04,
