%YAML:1.0
m10n: !!opencv-matrix
   rows: 1
   cols: 800
   dt: f
   data: [ 0., 1.78015127e-03, 4.89541609e-03, 4.45037818e-04,
       4.45037818e-04, 0., 2.67022685e-03, 8.90075637e-04, 0.,
       1.78015127e-03, 0., 4.45037818e-04, 1.33511343e-03,
       4.45037818e-04, 4.45037818e-04, 2.22518900e-03, 4.45037818e-04,
       3.11526470e-03, 0., 0., 1.06809074e-02, 1.78015127e-03,
       8.90075637e-04, 8.90075637e-04, 3.56030255e-03, 8.90075637e-04,
       8.90075637e-04, 3.56030255e-03, 8.90075637e-04, 4.00534039e-03,
       3.11526470e-03, 1.33511343e-03, 8.90075637e-04, 4.45037818e-04,
       0., 1.33511343e-03, 8.90075637e-04, 1.33511343e-03,
       8.90075637e-04, 2.67022685e-03, 3.11526470e-03, 8.90075637e-04,
       1.33511343e-03, 4.45037818e-04, 8.90075637e-04, 8.90075637e-04,
       4.45037818e-04, 1.33511343e-03, 4.00534039e-03, 0., 0.,
       1.78015127e-03, 1.78015127e-03, 1.33511343e-03, 2.22518900e-03,
       1.78015127e-03, 8.90075637e-04, 0., 1.33511343e-03,
       8.90075637e-04, 1.78015127e-03, 2.22518900e-03, 4.45037818e-04,
       1.78015127e-03, 3.56030255e-03, 1.33511343e-03, 1.33511343e-03,
       4.00534039e-03, 0., 0., 0., 4.45037818e-04, 0., 0.,
       4.89541609e-03, 1.33511343e-03, 4.45037818e-04, 1.33511343e-03,
       4.45037818e-04, 2.67022685e-03, 0., 4.45037818e-04,
       8.90075637e-04, 0., 2.67022685e-03, 4.45037801e-03,
       4.45037818e-04, 4.45037818e-04, 1.33511343e-03, 1.33511343e-03,
       4.45037818e-04, 2.22518900e-03, 2.67022685e-03, 4.45037818e-04,
       0., 1.78015127e-03, 8.90075637e-04, 8.90075637e-04,
       4.45037818e-04, 4.45037818e-04, 0., 8.90075637e-04,
       2.67022685e-03, 8.90075637e-04, 8.90075637e-04, 6.67556748e-03,
       1.33511343e-03, 0., 1.33511343e-03, 4.45037818e-04,
       2.22518900e-03, 8.90075637e-04, 1.78015127e-03, 4.45037818e-04,
       6.23052940e-03, 4.45037818e-04, 1.33511343e-03, 1.78015127e-03,
       4.45037818e-04, 1.33511343e-03, 8.90075637e-04, 0., 0.,
       2.22518900e-03, 0., 4.45037818e-04, 8.90075637e-04, 0.,
       3.11526470e-03, 4.45037818e-04, 4.45037818e-04, 2.67022685e-03,
       3.11526470e-03, 1.33511343e-03, 4.45037818e-04, 0.,
       1.33511343e-03, 1.78015127e-03, 8.90075637e-04, 2.22518900e-03,
       4.00534039e-03, 4.45037818e-04, 1.78015127e-03, 1.78015127e-03,
       8.90075637e-04, 2.22518900e-03, 1.33511343e-03, 2.22518900e-03,
       4.45037818e-04, 0., 1.33511343e-03, 1.33511343e-03,
       4.45037818e-04, 1.78015127e-03, 8.90075637e-04, 2.67022685e-03,
       1.33511343e-03, 2.22518900e-03, 8.90075637e-04, 0., 0.,
       4.45037818e-04, 8.90075637e-04, 0., 1.78015127e-03,
       4.45037818e-04, 0., 8.90075637e-04, 4.45037818e-04,
       1.33511343e-03, 0., 2.22518900e-03, 8.90075637e-04,
       1.33511343e-03, 8.90075637e-04, 8.90075637e-04, 1.33511343e-03,
       1.24610588e-02, 0., 2.67022685e-03, 2.67022685e-03,
       2.22518900e-03, 4.45037818e-04, 4.45037818e-04, 4.45037818e-04,
       8.90075637e-04, 2.22518900e-03, 1.33511343e-03, 0.,
       4.45037818e-04, 0., 0., 4.45037818e-04, 0., 1.33511343e-03,
       2.22518900e-03, 1.33511343e-03, 4.45037818e-04, 4.45037818e-04,
       4.45037818e-04, 3.11526470e-03, 0., 1.78015127e-03,
       8.90075637e-04, 0., 4.45037818e-04, 3.56030255e-03,
       2.22518900e-03, 4.45037818e-04, 1.78015127e-03, 1.78015127e-03,
       8.90075637e-04, 4.45037818e-04, 2.22518900e-03, 0.,
       3.56030255e-03, 8.90075637e-04, 0., 1.33511343e-03, 0.,
       1.78015127e-03, 2.67022685e-03, 1.33511343e-03, 0., 0.,
       1.33511343e-03, 0., 0., 0., 1.33511343e-03, 4.45037818e-04,
       4.45037818e-04, 2.22518900e-03, 3.56030255e-03, 4.45037818e-04,
       0., 4.45037818e-04, 4.45037818e-04, 4.45037818e-04,
       3.11526470e-03, 2.22518900e-03, 1.78015127e-03, 4.45037818e-04,
       8.90075637e-04, 5.78549178e-03, 4.00534039e-03, 1.33511343e-03,
       0., 4.45037818e-04, 1.33511343e-03, 4.45037801e-03,
       8.90075637e-04, 0., 8.90075637e-04, 4.45037818e-04,
       8.90075637e-04, 4.45037818e-04, 3.56030255e-03, 1.78015127e-03,
       1.33511343e-03, 1.78015127e-03, 0., 0., 1.78015127e-03,
       4.45037818e-04, 4.45037818e-04, 0., 1.78015127e-03,
       4.45037818e-04, 4.45037818e-04, 1.33511343e-03, 4.45037818e-04,
       1.78015127e-03, 1.33511343e-03, 4.45037818e-04, 4.45037818e-04,
       8.90075637e-04, 4.45037818e-04, 8.90075637e-04, 1.78015127e-03,
       1.78015127e-03, 1.33511343e-03, 4.45037818e-04, 4.45037818e-04,
       1.78015127e-03, 0., 2.22518900e-03, 8.90075637e-04, 0.,
       4.45037801e-03, 8.90075637e-04, 1.78015127e-03, 4.45037818e-04,
       2.67022685e-03, 8.90075637e-04, 0., 1.78015127e-03,
       1.78015127e-03, 0., 1.33511343e-03, 0., 1.33511343e-03,
       2.67022685e-03, 4.45037818e-04, 1.33511343e-03, 3.11526470e-03,
       4.45037818e-04, 2.22518900e-03, 2.22518900e-03, 4.45037818e-04,
       2.67022685e-03, 8.90075602e-03, 1.33511343e-03, 8.90075637e-04,
       2.67022685e-03, 4.45037818e-04, 6.23052940e-03, 1.78015127e-03,
       0., 8.90075637e-04, 1.33511343e-03, 2.22518900e-03,
       4.45037818e-04, 4.45037818e-04, 8.90075637e-04, 8.90075637e-04,
       1.78015127e-03, 8.90075637e-04, 0., 4.45037818e-04,
       2.22518900e-03, 1.78015127e-03, 0., 2.22518900e-03, 0.,
       8.90075637e-04, 2.67022685e-03, 2.67022685e-03, 1.78015127e-03,
       1.78015127e-03, 1.33511343e-03, 0., 0., 8.90075637e-04,
       2.22518900e-03, 0., 6.67556748e-03, 0., 1.33511343e-03,
       4.45037818e-04, 0., 8.90075637e-04, 1.33511343e-03,
       2.22518900e-03, 0., 1.33511343e-03, 4.45037818e-04, 0.,
       4.45037818e-04, 0., 1.33511343e-03, 2.22518900e-03, 0.,
       4.45037818e-04, 3.11526470e-03, 2.22518900e-03, 1.33511343e-03,
       2.22518900e-03, 1.33511343e-03, 4.45037818e-04, 4.45037818e-04,
       0., 0., 8.90075637e-04, 3.11526470e-03, 1.33511343e-03,
       4.45037818e-04, 1.33511343e-03, 4.45037818e-04, 1.78015127e-03,
       1.78015127e-03, 0., 2.22518900e-03, 0., 0., 1.33511343e-03,
       1.33511343e-03, 0., 2.22518900e-03, 8.90075637e-04,
       7.56564271e-03, 2.22518900e-03, 3.11526470e-03, 1.33511343e-03,
       1.78015127e-03, 8.90075637e-04, 1.33511343e-03, 0.,
       2.67022685e-03, 1.33511343e-03, 1.33511343e-03, 1.33511343e-03,
       1.78015127e-03, 5.78549178e-03, 0., 0., 4.45037818e-04,
       4.45037818e-04, 2.22518900e-03, 8.90075637e-04, 0.,
       1.78015127e-03, 1.33511343e-03, 4.45037818e-04, 4.45037818e-04,
       0., 4.45037818e-04, 1.33511343e-03, 4.45037801e-03,
       1.78015127e-03, 0., 8.90075637e-04, 1.33511343e-03,
       1.33511343e-03, 4.45037818e-04, 1.78015127e-03, 8.90075637e-04,
       0., 2.67022685e-03, 3.11526470e-03, 8.90075637e-04,
       2.67022685e-03, 4.89541609e-03, 8.90075637e-04, 0.,
       4.45037818e-04, 3.56030255e-03, 0., 0., 0., 1.78015127e-03,
       4.45037818e-04, 8.90075637e-04, 8.90075637e-04, 2.22518900e-03,
       8.90075637e-04, 0., 8.90075637e-04, 4.45037818e-04,
       2.67022685e-03, 4.45037818e-04, 4.45037818e-04, 8.90075637e-04,
       4.45037818e-04, 8.90075637e-04, 8.90075637e-04, 1.78015127e-03,
       2.67022685e-03, 4.45037818e-04, 8.90075637e-04, 1.33511343e-03,
       0., 4.45037818e-04, 2.67022685e-03, 8.90075637e-04,
       3.56030255e-03, 2.22518900e-03, 3.11526470e-03, 4.45037818e-04,
       2.22518900e-03, 5.34045370e-03, 4.45037818e-04, 6.23052940e-03,
       8.90075637e-04, 1.78015127e-03, 4.45037818e-04, 8.90075637e-04,
       0., 4.45037818e-04, 1.78015127e-03, 8.90075637e-04,
       1.33511343e-03, 0., 8.90075637e-04, 0., 0., 1.33511343e-03,
       4.45037818e-04, 4.45037801e-03, 4.45037818e-04, 1.33511343e-03,
       0., 0., 4.45037818e-04, 8.90075637e-04, 1.33511343e-03, 0.,
       8.90075637e-04, 4.45037818e-04, 1.33511343e-03, 1.78015127e-03,
       4.45037818e-04, 4.45037818e-04, 5.34045370e-03, 4.45037818e-04,
       1.78015127e-03, 2.22518900e-03, 0., 8.90075637e-04, 0.,
       4.45037818e-04, 0., 0., 0., 4.45037818e-04, 2.67022685e-03,
