%YAML:1.0
m10n: !!opencv-matrix
   rows: 1
   cols: 800
   dt: f
   data: [ 8.65800888e-04, 2.59740278e-03, 4.32900432e-03, 0.,
       1.73160178e-03, 4.32900444e-04, 0., 0., 4.32900444e-04,
       3.46320355e-03, 0., 8.65800888e-04, 1.29870139e-03,
       8.65800888e-04, 1.73160178e-03, 4.32900444e-04, 1.29870139e-03,
       2.59740278e-03, 4.32900444e-04, 4.32900444e-04, 7.35930772e-03,
       1.29870139e-03, 1.29870139e-03, 8.65800888e-04, 5.19480556e-03,
       0., 4.32900444e-04, 1.73160178e-03, 5.19480556e-03,
       3.03030317e-03, 4.32900444e-04, 1.73160178e-03, 8.65800888e-04,
       8.65800888e-04, 4.32900444e-04, 2.59740278e-03, 8.65800888e-04,
       8.65800888e-04, 2.59740278e-03, 1.73160178e-03, 1.73160178e-03,
       8.65800888e-04, 3.46320355e-03, 8.65800888e-04, 4.32900444e-04,
       2.16450216e-03, 0., 0., 4.32900444e-04, 0., 8.65800888e-04,
       8.65800888e-04, 1.29870139e-03, 1.29870139e-03, 3.46320355e-03,
       1.29870139e-03, 4.32900444e-04, 1.29870139e-03, 3.46320355e-03,
       0., 0., 2.16450216e-03, 0., 8.65800888e-04, 4.76190494e-03,
       4.32900444e-04, 8.65800888e-04, 1.29870139e-03, 0., 0.,
       4.32900444e-04, 8.65800888e-04, 8.65800888e-04, 4.32900444e-04,
       1.29870139e-03, 4.32900444e-04, 8.65800888e-04, 4.32900444e-04,
       8.65800888e-04, 1.73160178e-03, 0., 4.32900444e-04,
       1.73160178e-03, 2.16450216e-03, 1.29870139e-03, 4.32900432e-03,
       8.65800888e-04, 3.46320355e-03, 4.32900444e-04, 0.,
       1.73160178e-03, 0., 0., 0., 0., 0., 1.73160178e-03,
       2.16450216e-03, 4.32900444e-04, 0., 8.65800888e-04,
       8.65800888e-04, 0., 3.03030317e-03, 0., 1.73160178e-03,
       2.16450216e-03, 4.32900444e-04, 1.73160178e-03, 4.32900444e-04,
       1.73160178e-03, 4.32900444e-04, 3.03030317e-03, 4.32900444e-04,
       3.89610394e-03, 0., 2.16450216e-03, 1.29870139e-03, 0., 0.,
       8.65800888e-04, 8.65800888e-04, 2.59740278e-03, 1.73160178e-03,
       0., 4.32900444e-04, 4.32900444e-04, 4.32900444e-04,
       8.65800888e-04, 1.73160178e-03, 0., 2.59740278e-03,
       5.62770572e-03, 1.73160178e-03, 1.29870139e-03, 4.32900444e-04,
       4.32900444e-04, 0., 4.32900444e-04, 3.46320355e-03,
       8.65800888e-04, 3.03030317e-03, 8.65800888e-04, 2.16450216e-03,
       0., 4.32900444e-04, 2.16450216e-03, 2.16450216e-03,
       4.32900444e-04, 0., 3.03030317e-03, 4.32900444e-04, 0.,
       1.29870139e-03, 4.32900444e-04, 3.46320355e-03, 0.,
       2.16450216e-03, 1.73160178e-03, 1.73160178e-03, 0.,
       4.32900444e-04, 4.32900444e-04, 4.32900444e-04, 0., 0.,
       2.16450216e-03, 1.29870139e-03, 1.29870139e-03, 1.29870139e-03,
       4.32900444e-04, 1.64502170e-02, 1.73160178e-03, 1.29870139e-03,
       0., 4.32900444e-04, 0., 6.92640711e-03, 8.65800888e-04,
       4.32900444e-04, 3.03030317e-03, 6.06060633e-03, 0.,
       8.65800888e-04, 1.29870139e-03, 1.73160178e-03, 4.32900432e-03,
       8.65800888e-04, 0., 4.32900444e-04, 8.65800888e-04,
       1.29870139e-03, 8.65800888e-04, 0., 8.65800888e-04,
       8.65800888e-04, 8.65800888e-04, 1.29870139e-03, 4.32900444e-04,
       4.32900444e-04, 2.16450216e-03, 8.65800888e-04, 0.,
       5.62770572e-03, 0., 0., 5.19480556e-03, 7.79220788e-03,
       4.32900444e-04, 4.32900444e-04, 1.73160178e-03, 8.65800888e-04,
       0., 2.59740278e-03, 0., 3.03030317e-03, 3.46320355e-03,
       4.32900444e-04, 1.29870139e-03, 8.65800888e-04, 2.59740278e-03,
       7.35930772e-03, 1.73160178e-03, 4.32900444e-04, 4.32900444e-04,
       1.29870139e-03, 2.59740278e-03, 1.29870139e-03, 8.65800888e-04,
       4.32900432e-03, 8.65800888e-04, 2.59740278e-03, 0.,
       2.16450216e-03, 2.59740278e-03, 8.65800888e-04, 4.32900444e-04,
       1.73160178e-03, 4.32900444e-04, 3.46320355e-03, 0.,
       7.79220788e-03, 8.65800888e-04, 0., 2.59740278e-03,
       1.73160178e-03, 2.16450216e-03, 1.73160178e-03, 4.32900444e-04,
       1.29870139e-03, 1.29870139e-03, 4.32900444e-04, 0.,
       8.65800888e-04, 0., 0., 4.32900444e-04, 6.06060633e-03,
       1.29870139e-03, 4.32900444e-04, 4.32900444e-04, 4.32900444e-04,
       8.65800888e-04, 8.65800888e-04, 4.32900444e-04, 8.65800888e-04,
       0., 5.62770572e-03, 8.65800888e-04, 1.29870139e-03,
       2.59740278e-03, 1.29870139e-03, 0., 8.65800888e-04,
       1.29870139e-03, 4.32900444e-04, 0., 8.65800888e-04,
       8.65800888e-04, 4.32900444e-04, 1.29870139e-03, 6.49350649e-03,
       8.65800888e-04, 4.32900444e-04, 1.73160178e-03, 3.03030317e-03,
       2.59740278e-03, 8.65800888e-04, 0., 3.46320355e-03,
       4.32900444e-04, 2.16450216e-03, 0., 1.29870139e-03,
       1.29870139e-03, 8.65800888e-04, 4.76190494e-03, 1.73160178e-03,
       8.65800888e-04, 1.29870139e-03, 8.65800888e-04, 3.03030317e-03,
       2.16450216e-03, 2.59740278e-03, 8.65800888e-04, 1.73160178e-03,
       1.73160178e-03, 0., 1.29870139e-03, 0., 1.73160178e-03,
       1.73160178e-03, 1.29870139e-03, 0., 4.76190494e-03,
       7.35930772e-03, 1.08225113e-02, 8.65800888e-04, 4.32900444e-04,
       1.29870139e-03, 0., 0., 4.32900444e-04, 0., 0., 1.29870139e-03,
       8.65800888e-04, 1.29870139e-03, 4.32900444e-04, 1.29870139e-03,
       1.73160178e-03, 0., 4.32900444e-04, 2.16450216e-03,
       1.29870139e-03, 4.32900444e-04, 2.59740278e-03, 8.65800888e-04,
       4.32900444e-04, 8.65800888e-04, 4.32900444e-04, 4.32900444e-04,
       8.65800888e-04, 4.32900444e-04, 3.03030317e-03, 4.32900444e-04,
       5.19480556e-03, 4.32900444e-04, 2.16450216e-03, 4.32900444e-04,
       0., 4.32900444e-04, 8.65800888e-04, 1.29870139e-03, 0.,
       8.65800888e-04, 4.32900444e-04, 0., 1.29870139e-03,
       1.29870139e-03, 0., 0., 3.89610394e-03, 0., 2.59740278e-03,
       3.46320355e-03, 8.65800888e-04, 2.59740278e-03, 0.,
       4.32900444e-04, 1.73160178e-03, 1.29870139e-03, 4.32900444e-04,
       2.59740278e-03, 1.29870139e-03, 0., 3.03030317e-03, 0.,
       4.32900444e-04, 4.32900444e-04, 3.46320355e-03, 1.29870139e-03,
       1.73160178e-03, 1.73160178e-03, 4.32900444e-04, 4.32900444e-04,
       8.65800888e-04, 1.29870139e-03, 0., 4.32900444e-04,
       3.46320355e-03, 4.32900444e-04, 4.32900444e-04, 4.32900444e-04,
       0., 4.32900444e-04, 1.73160178e-03, 8.65800888e-04,
       2.16450216e-03, 4.32900444e-04, 1.29870139e-03, 4.32900444e-04,
       4.32900444e-04, 4.32900444e-04, 8.65800888e-04, 0., 0.,
       4.32900444e-04, 1.73160178e-03, 8.65800888e-04, 4.32900444e-04,
       3.46320355e-03, 1.73160178e-03, 0., 0., 1.29870139e-03, 0.,
       4.32900444e-04, 3.89610394e-03, 0., 4.32900444e-04, 0.,
       4.32900444e-04, 4.32900444e-04, 2.16450216e-03, 1.73160178e-03,
       0., 1.29870139e-03, 2.16450216e-03, 2.59740278e-03,
       8.65800888e-04, 2.16450216e-03, 4.32900444e-04, 8.65800888e-04,
       8.65800888e-04, 4.32900444e-04, 8.65800888e-04, 4.32900444e-04,
       8.65800888e-04, 4.32900444e-04, 4.32900444e-04, 4.32900444e-04,
       4.32900444e-04, 1.73160178e-03, 4.32900444e-04, 1.73160178e-03,
       0., 0., 1.73160178e-03, 1.73160178e-03, 4.32900444e-04, 0.,
       1.29870139e-03, 8.65800888e-04, 0., 8.65800888e-04,
       2.59740278e-03, 8.65800888e-04, 0., 1.29870139e-03,
       8.65800888e-04, 4.32900444e-04, 3.46320355e-03, 3.46320355e-03,
       1.29870139e-03, 8.65800888e-04, 1.29870139e-03, 8.65800888e-04,
       1.29870139e-03, 2.16450216e-03, 2.59740278e-03, 5.62770572e-03,
       3.46320355e-03, 1.29870139e-03, 4.32900444e-04, 4.32900444e-04,
       4.32900444e-04, 4.32900444e-04, 1.73160178e-03, 0.,
       2.16450216e-03, 4.32900444e-04, 4.32900444e-04, 8.65800888e-04,
       0., 4.32900444e-04, 0., 8.65800888e-04, 1.29870139e-03,
       4.32900444e-04, 1.29870139e-03, 0., 0., 8.65800888e-04,
       8.65800888e-04, 8.65800888e-04, 4.32900444e-04, 2.59740278e-03,
       3.03030317e-03, 0., 1.73160178e-03, 4.32900444e-04,
       3.89610394e-03, 2.16450216e-03, 2.16450216e-03, 8.65800888e-04,
       4.32900444e-04, 0., 0., 2.59740278e-03, 4.32900432e-03,
       1.73160178e-03, 4.32900444e-04, 0., 8.65800888e-04,
