%YAML:1.0
m10n: !!opencv-matrix
   rows: 1
   cols: 800
   dt: f
   data: [ 7.98722031e-04, 6.38977624e-03, 1.99680496e-03, 0.,
       7.98722031e-04, 0., 1.59744406e-03, 0., 0., 3.19488812e-03,
       7.98722031e-04, 7.98722031e-04, 3.99361015e-04, 1.59744406e-03,
       4.39297128e-03, 3.99361015e-04, 3.19488812e-03, 1.99680496e-03,
       7.98722031e-04, 7.98722031e-04, 4.39297128e-03, 1.19808305e-03,
       7.98722031e-04, 1.59744406e-03, 0., 1.59744406e-03,
       7.98722031e-04, 7.98722031e-04, 4.39297128e-03, 1.19808305e-03,
       1.19808305e-03, 7.98722031e-04, 3.59424902e-03, 7.98722031e-04,
       1.19808305e-03, 4.39297128e-03, 0., 1.99680496e-03,
       1.19808305e-03, 3.99361015e-04, 7.98722031e-04, 1.19808305e-03,
       0., 7.98722031e-04, 7.98722031e-04, 3.99360992e-03,
       3.99361015e-04, 7.98722031e-04, 1.99680496e-03, 0., 0.,
       1.19808305e-03, 7.98722031e-04, 3.99361015e-04, 2.39616609e-03,
       3.99361015e-04, 7.98722031e-04, 3.19488812e-03, 7.98722031e-04,
       7.98722031e-04, 0., 1.19808305e-03, 0., 7.98721984e-03,
       1.99680496e-03, 7.98722031e-04, 1.99680496e-03, 0.,
       7.98722031e-04, 3.99361015e-04, 7.98722031e-04, 1.19808305e-03,
       7.98722031e-04, 7.98722031e-04, 7.98722031e-04, 2.39616609e-03,
       0., 3.99360992e-03, 1.59744406e-03, 5.59105445e-03, 0., 0.,
       1.59744406e-03, 3.59424902e-03, 2.39616609e-03, 1.19808305e-03,
       1.59744406e-03, 1.59744406e-03, 2.39616609e-03, 1.19808305e-03,
       7.98722031e-04, 1.99680496e-03, 2.39616609e-03, 3.99361015e-04,
       7.98722031e-04, 3.99361015e-04, 0., 2.79552722e-03,
       3.99361015e-04, 1.59744406e-03, 3.99361015e-04, 1.19808305e-03,
       1.99680496e-03, 7.98722031e-04, 0., 2.39616609e-03,
       7.98722031e-04, 1.19808305e-03, 0., 1.19808305e-03,
       3.99361015e-04, 7.98722031e-04, 7.18849804e-03, 1.19808305e-03,
       3.99361015e-04, 0., 0., 1.19808305e-03, 7.98722031e-04,
       3.99361015e-04, 3.99361015e-04, 1.19808305e-03, 5.99041535e-03,
       7.98722031e-04, 0., 1.19808305e-03, 7.98722031e-04,
       7.98722031e-04, 2.39616609e-03, 7.98722031e-04, 3.99361015e-04,
       1.59744406e-03, 3.99360992e-03, 7.98722031e-04, 1.59744406e-03,
       0., 7.98722031e-04, 3.99361015e-04, 7.98722031e-04,
       4.79233218e-03, 2.39616609e-03, 1.19808305e-03, 0.,
       2.39616609e-03, 1.19808305e-03, 1.19808305e-03, 7.98722031e-04,
       0., 3.99361015e-04, 0., 1.99680496e-03, 0., 0., 3.99361015e-04,
       7.98722031e-04, 7.98722031e-04, 7.98722031e-04, 3.59424902e-03,
       7.98722031e-04, 1.59744406e-03, 0., 7.98722031e-04, 0.,
       7.98722031e-04, 0., 7.98722031e-04, 1.19808305e-03,
       3.99361015e-04, 3.99361015e-04, 1.19808305e-03, 7.98722031e-04,
       2.79552722e-03, 1.99680496e-03, 0., 1.59744406e-03, 0., 0.,
       7.98722031e-04, 1.59744406e-03, 3.59424902e-03, 3.99360992e-03,
       2.79552722e-03, 1.19808305e-03, 3.99361015e-04, 2.39616609e-03,
       3.99361015e-04, 1.19808305e-03, 0., 0., 7.98722031e-04,
       1.59744406e-03, 3.99361015e-04, 3.99360992e-03, 0.,
       3.99361015e-04, 1.99680496e-03, 7.98722031e-04, 3.99361015e-04,
       0., 7.98722031e-04, 1.99680496e-03, 7.98722031e-04,
       7.98722031e-04, 3.19488812e-03, 7.98722031e-04, 1.99680496e-03,
       2.39616609e-03, 5.59105445e-03, 1.99680496e-03, 0.,
       1.99680496e-03, 7.98722031e-04, 0., 3.99361015e-04,
       3.99361015e-04, 1.19808305e-03, 2.79552722e-03, 3.99361015e-04,
       1.59744406e-03, 7.98722031e-04, 0., 5.99041535e-03,
       2.39616609e-03, 1.19808305e-03, 7.98722031e-04, 3.99361015e-04,
       1.19808305e-03, 1.59744406e-03, 1.59744406e-03, 1.19808305e-03,
       1.59744406e-03, 1.19808305e-03, 1.19808305e-03, 1.99680496e-03,
       7.98722031e-04, 7.98722031e-04, 2.79552722e-03, 7.98722031e-04,
       1.19808305e-03, 0., 2.79552722e-03, 3.19488812e-03,
       2.39616609e-03, 7.98722031e-04, 1.59744406e-03, 7.98722031e-04,
       7.98722031e-04, 1.99680496e-03, 1.19808305e-03, 1.19808305e-03,
       1.19808305e-03, 1.19808305e-03, 1.19808305e-03, 1.99680496e-03,
       7.98722031e-04, 1.19808305e-03, 1.19808305e-03, 7.98722031e-04,
       7.98722031e-04, 1.59744406e-03, 1.59744406e-03, 1.59744406e-03,
       0., 7.98722031e-04, 7.98722031e-04, 7.98722031e-04,
       7.98722031e-04, 7.58785941e-03, 7.98722031e-04, 1.19808305e-03,
       1.99680496e-03, 7.98722031e-04, 4.39297128e-03, 0.,
       3.99361015e-04, 3.99361015e-04, 0., 1.99680496e-03,
       2.39616609e-03, 3.99361015e-04, 1.59744406e-03, 7.98722031e-04,
       1.59744406e-03, 7.98722031e-04, 2.39616609e-03, 7.98722031e-04,
       1.19808305e-03, 7.98722031e-04, 3.59424902e-03, 7.98722031e-04,
       7.98722031e-04, 7.98722031e-04, 0., 0., 2.39616609e-03,
       3.19488812e-03, 3.19488812e-03, 1.19808305e-03, 3.99361015e-04,
       7.98722031e-04, 3.99361015e-04, 1.19808305e-03, 1.99680496e-03,
       1.19808305e-03, 1.59744406e-03, 1.99680496e-03, 7.98722031e-04,
       7.98722031e-04, 3.99360992e-03, 0., 1.59744406e-03,
       3.99361015e-04, 3.59424902e-03, 3.99361015e-04, 7.98722031e-04,
       5.59105445e-03, 1.59744406e-03, 7.98722031e-04, 1.59744406e-03,
       3.99361015e-04, 3.99361015e-04, 1.59744406e-03, 3.99361015e-04,
       3.99361015e-04, 0., 1.19808305e-03, 1.19808305e-03,
       1.19808305e-03, 1.19808305e-03, 1.99680496e-03, 7.98722031e-04,
       3.99361015e-04, 3.99361015e-04, 1.99680496e-03, 7.98722031e-04,
       1.99680496e-03, 1.99680496e-03, 7.98722031e-04, 1.59744406e-03,
       0., 2.79552722e-03, 0., 1.19808305e-03, 1.19808305e-03,
       1.19808305e-03, 3.99361015e-04, 2.79552722e-03, 1.19808305e-03,
       3.99360992e-03, 0., 2.39616609e-03, 1.59744406e-03, 0.,
       1.59744406e-03, 3.99361015e-04, 3.99361015e-04, 0., 0.,
       7.98722031e-04, 7.98722031e-04, 1.59744406e-03, 7.98722031e-04,
       7.98722031e-04, 0., 5.19169308e-03, 1.99680496e-03,
       1.19808305e-03, 1.59744406e-03, 7.98722031e-04, 2.79552722e-03,
       3.59424902e-03, 7.98722031e-04, 7.98722031e-04, 1.99680496e-03,
       5.19169308e-03, 3.99361015e-04, 1.19808305e-03, 0.,
       1.19808305e-03, 3.99361015e-04, 3.99361015e-04, 0.,
       3.99361015e-04, 3.99361015e-04, 0., 2.39616609e-03,
       1.19808305e-03, 1.59744406e-03, 3.99361015e-04, 7.98722031e-04,
       3.59424902e-03, 7.98722031e-04, 1.59744406e-03, 7.98722031e-04,
       3.19488812e-03, 1.59744406e-03, 2.39616609e-03, 3.99361015e-04,
       4.79233218e-03, 3.99361015e-04, 7.98722031e-04, 7.98722031e-04,
       3.99361015e-04, 3.99361015e-04, 1.59744406e-03, 7.98722031e-04,
       3.99361015e-04, 7.98722031e-04, 7.98722031e-04, 7.98722031e-04,
       3.99361015e-04, 5.19169308e-03, 7.98722031e-04, 7.98722031e-04,
       0., 3.99361015e-04, 1.59744406e-03, 0., 7.98722031e-04,
       1.99680496e-03, 1.59744406e-03, 1.19808305e-03, 1.19808305e-03,
       7.98722031e-04, 0., 7.98722031e-04, 2.39616609e-03,
       7.98722031e-04, 1.19808305e-03, 2.79552722e-03, 3.99361015e-04,
       1.19808305e-03, 1.19808305e-03, 0., 2.39616609e-03,
       7.98722031e-04, 7.98722031e-04, 7.98722031e-04, 1.19808305e-03,
       0., 3.99361015e-04, 0., 3.99361015e-04, 1.59744406e-03,
       1.19808305e-03, 1.19808305e-03, 0., 7.98722031e-04,
       1.59744406e-03, 1.19808305e-03, 1.99680496e-03, 0.,
       1.19808305e-03, 3.59424902e-03, 3.99361015e-04, 7.98722031e-04,
       3.99361015e-04, 7.98722031e-04, 1.19808305e-03, 0.,
       7.98722031e-04, 7.98722031e-04, 7.98722031e-04, 1.59744406e-03,
       3.99361015e-04, 7.98722031e-04, 0., 7.98722031e-04,
       1.59744406e-03, 3.99360992e-03, 3.19488812e-03, 2.79552722e-03,
       2.39616609e-03, 1.59744406e-03, 3.99361015e-04, 1.59744406e-03,
       2.39616609e-03, 7.98722031e-04, 7.98722031e-04, 1.59744406e-03,
       1.59744406e-03, 3.99361015e-04, 1.19808305e-03, 7.98722031e-04,
       0., 1.19808305e-03, 1.19808305e-03, 1.59744406e-03,
       1.59744406e-03, 3.99361015e-04, 4.39297128e-03, 0., 0.,
