%YAML:1.0
m10n: !!opencv-matrix
   rows: 1
   cols: 800
   dt: f
   data: [ 0., 1.22799829e-03, 8.18665547e-04, 2.04666378e-03,
       3.68399499e-03, 0., 3.68399499e-03, 4.09332773e-04,
       1.22799829e-03, 8.18665547e-04, 2.45599658e-03, 8.18665547e-04,
       1.22799829e-03, 1.22799829e-03, 8.18665547e-04, 8.18665547e-04,
       3.27466219e-03, 1.22799829e-03, 1.63733109e-03, 2.86532938e-03,
       1.63733109e-03, 1.22799829e-03, 4.09332773e-04, 4.09332773e-04,
       0., 4.09332773e-04, 1.63733109e-03, 8.18665512e-03,
       3.68399499e-03, 8.18665547e-04, 8.18665547e-04, 2.45599658e-03,
       1.22799829e-03, 4.09332773e-04, 0., 0., 4.09332773e-04,
       8.18665547e-04, 2.45599658e-03, 4.09332773e-04, 2.86532938e-03,
       1.22799829e-03, 0., 8.18665547e-04, 2.45599658e-03,
       8.18665547e-04, 2.04666378e-03, 1.22799829e-03, 4.09332773e-04,
       0., 0., 1.63733109e-03, 4.09332773e-04, 2.86532938e-03,
       1.63733109e-03, 4.09332773e-04, 8.18665547e-04, 2.86532938e-03,
       4.09332773e-04, 1.63733109e-03, 2.04666378e-03, 8.18665547e-04,
       1.22799829e-03, 2.86532938e-03, 5.32132620e-03, 8.18665547e-04,
       0., 8.18665547e-04, 6.54932437e-03, 4.09332773e-04,
       2.04666378e-03, 8.18665547e-04, 4.09332773e-04, 4.09332756e-03,
       2.45599658e-03, 1.22799829e-03, 1.22799829e-03, 0.,
       4.09332756e-03, 1.63733109e-03, 0., 4.09332773e-04,
       4.09332773e-04, 8.18665547e-04, 4.09332773e-04, 0.,
       8.18665547e-04, 3.68399499e-03, 2.45599658e-03, 2.86532938e-03,
       2.86532938e-03, 8.18665547e-04, 1.63733109e-03, 4.09332773e-04,
       2.04666378e-03, 0., 1.22799829e-03, 8.18665547e-04,
       8.18665547e-04, 4.09332773e-04, 8.18665547e-04, 1.22799829e-03,
       2.45599658e-03, 0., 2.45599658e-03, 3.68399499e-03,
       2.86532938e-03, 1.22799829e-03, 2.04666378e-03, 1.22799829e-03,
       1.22799829e-03, 2.86532938e-03, 1.63733109e-03, 4.09332773e-04,
       3.27466219e-03, 0., 8.18665547e-04, 0., 4.09332773e-04,
       4.09332773e-04, 1.22799829e-03, 8.18665547e-04, 0.,
       7.77732255e-03, 1.22799829e-03, 0., 1.63733109e-03,
       1.63733109e-03, 3.27466219e-03, 1.63733109e-03, 2.04666378e-03,
       2.04666378e-03, 8.18665547e-04, 3.27466219e-03, 8.18665547e-04,
       0., 4.09332773e-04, 2.86532938e-03, 4.09332773e-04,
       8.18665547e-04, 1.22799829e-03, 8.18665547e-04, 1.63733109e-03,
       4.09332773e-04, 0., 4.09332773e-04, 1.63733109e-03, 0., 0.,
       8.18665547e-04, 1.22799829e-03, 0., 8.18665547e-04, 0.,
       8.18665547e-04, 4.09332756e-03, 8.18665547e-04, 1.22799829e-03,
       1.22799829e-03, 2.04666378e-03, 4.09332773e-04, 2.04666378e-03,
       2.86532938e-03, 8.18665547e-04, 4.09332773e-04, 0.,
       2.04666378e-03, 2.86532938e-03, 1.22799829e-03, 4.09332773e-04,
       4.09332773e-04, 2.04666378e-03, 3.68399499e-03, 8.18665547e-04,
       0., 4.09332773e-04, 1.63733109e-03, 1.22799829e-03,
       1.63733109e-03, 0., 1.22799829e-03, 4.09332773e-04,
       4.09332773e-04, 1.22799829e-03, 2.04666378e-03, 1.22799829e-03,
       0., 2.04666378e-03, 0., 2.04666378e-03, 4.91199316e-03, 0.,
       2.86532938e-03, 1.22799829e-03, 1.22799829e-03, 4.09332773e-04,
       1.63733109e-03, 2.45599658e-03, 1.22799829e-03, 2.86532938e-03,
       4.91199316e-03, 1.22799829e-03, 8.18665547e-04, 2.45599658e-03,
       4.09332773e-04, 1.22799829e-03, 0., 3.27466219e-03,
       8.18665547e-04, 8.18665547e-04, 4.09332756e-03, 4.09332756e-03,
       0., 3.27466219e-03, 8.18665547e-04, 4.09332773e-04,
       1.22799829e-03, 1.63733109e-03, 8.18665547e-04, 2.86532938e-03,
       1.22799829e-03, 2.86532938e-03, 2.45599658e-03, 0.,
       1.22799829e-03, 2.86532938e-03, 1.63733109e-03, 8.18665547e-04,
       2.04666378e-03, 8.18665547e-04, 0., 1.22799829e-03,
       4.09332773e-04, 2.04666378e-03, 7.36798998e-03, 0.,
       3.27466219e-03, 2.04666378e-03, 1.63733109e-03, 2.45599658e-03,
       1.22799829e-03, 8.18665547e-04, 1.63733109e-03, 1.22799829e-03,
       0., 2.04666378e-03, 4.09332756e-03, 3.27466219e-03,
       1.22799829e-03, 2.86532938e-03, 0., 4.09332756e-03,
       1.22799829e-03, 8.18665547e-04, 1.22799829e-03, 0.,
       1.63733109e-03, 1.63733109e-03, 2.45599658e-03, 4.09332756e-03,
       8.18665547e-04, 8.18665547e-04, 8.18665547e-04, 1.22799829e-03,
       4.09332773e-04, 1.22799829e-03, 0., 4.09332773e-04,
       4.09332773e-04, 4.09332773e-04, 2.04666378e-03, 0.,
       4.09332773e-04, 1.22799829e-03, 1.22799829e-03, 0., 0.,
       2.86532938e-03, 1.22799829e-03, 2.04666378e-03, 8.18665547e-04,
       0., 2.04666378e-03, 2.45599658e-03, 1.63733109e-03,
       8.18665547e-04, 1.22799829e-03, 2.45599658e-03, 1.63733109e-03,
       6.95865694e-03, 1.22799829e-03, 2.45599658e-03, 0.,
       2.45599658e-03, 2.86532938e-03, 0., 0., 8.18665547e-04,
       8.18665547e-04, 0., 2.45599658e-03, 8.18665547e-04,
       8.18665547e-04, 1.63733109e-03, 4.09332773e-04, 8.18665547e-04,
       1.63733109e-03, 4.09332773e-04, 1.22799829e-03, 1.22799829e-03,
       8.18665547e-04, 1.22799829e-03, 2.45599658e-03, 4.09332773e-04,
       0., 1.22799829e-03, 5.73065877e-03, 1.63733109e-03, 0., 0.,
       1.22799829e-03, 2.04666378e-03, 8.18665547e-04, 8.18665547e-04,
       8.18665547e-04, 2.04666378e-03, 0., 1.63733109e-03,
       1.63733109e-03, 1.63733109e-03, 2.45599658e-03, 4.09332773e-04,
       8.18665547e-04, 0., 1.63733109e-03, 3.68399499e-03, 0.,
       4.50266059e-03, 8.18665547e-04, 1.63733109e-03, 0.,
       2.45599658e-03, 1.63733109e-03, 2.45599658e-03, 2.04666378e-03,
       4.09332773e-04, 4.09332773e-04, 4.09332773e-04, 0.,
       8.18665547e-04, 4.09332773e-04, 1.63733109e-03, 0.,
       2.86532938e-03, 0., 0., 1.22799829e-03, 4.09332773e-04,
       2.45599658e-03, 2.45599658e-03, 4.09332773e-04, 8.18665547e-04,
       1.63733109e-03, 0., 0., 8.18665547e-04, 2.45599658e-03,
       1.22799829e-03, 8.18665547e-04, 0., 2.86532938e-03,
       2.86532938e-03, 0., 1.22799829e-03, 8.18665547e-04,
       4.09332773e-04, 2.86532938e-03, 1.63733109e-03, 0.,
       1.22799829e-03, 8.18665547e-04, 1.22799829e-03, 8.18665547e-04,
       1.22799829e-03, 2.04666378e-03, 0., 0., 1.22799829e-03,
       2.45599658e-03, 4.09332773e-04, 0., 4.09332773e-04, 0.,
       1.22799829e-03, 8.18665547e-04, 1.63733109e-03, 1.22799829e-03,
       8.18665547e-04, 8.18665547e-04, 1.63733109e-03, 4.09332773e-04,
       4.09332756e-03, 0., 2.04666378e-03, 0., 8.18665547e-04, 0.,
       4.09332773e-04, 3.68399499e-03, 4.09332773e-04, 8.18665547e-04,
       0., 1.63733109e-03, 2.86532938e-03, 0., 1.63733109e-03,
       2.04666378e-03, 1.63733109e-03, 4.09332773e-04, 8.18665547e-04,
       1.63733109e-03, 2.04666378e-03, 3.27466219e-03, 0.,
       8.18665547e-04, 8.18665547e-04, 0., 1.22799829e-03,
       1.22799829e-03, 8.18665547e-04, 1.63733109e-03, 4.09332773e-04,
       5.32132620e-03, 1.22799829e-03, 1.63733109e-03, 3.27466219e-03,
       1.22799829e-03, 0., 2.04666378e-03, 0., 0., 1.63733109e-03,
       8.18665547e-04, 1.63733109e-03, 1.22799829e-03, 0., 0.,
       1.63733109e-03, 8.18665547e-04, 2.04666378e-03, 2.86532938e-03,
       1.22799829e-03, 4.09332773e-04, 1.63733109e-03, 3.68399499e-03,
       4.09332773e-04, 1.63733109e-03, 4.09332773e-04, 6.13999180e-03,
       1.63733109e-03, 4.09332773e-04, 0., 0., 1.63733109e-03,
       2.04666378e-03, 1.63733109e-03, 1.63733109e-03, 8.18665547e-04,
       2.86532938e-03, 4.09332773e-04, 0., 0., 4.09332756e-03,
       1.22799829e-03, 4.09332773e-04, 4.09332773e-04, 8.18665547e-04,
       0., 0., 4.09332756e-03, 1.63733109e-03, 4.09332773e-04,
       1.22799829e-03, 4.09332773e-04, 1.22799829e-03, 0.,
       1.22799829e-03, 4.09332773e-04, 2.04666378e-03, 8.18665547e-04,
       4.50266059e-03, 0., 0., 0., 0., 3.68399499e-03, 8.18665547e-04,
       4.09332773e-04, 8.18665547e-04, 0., 1.22799829e-03, 0.,
       8.18665547e-04, 2.04666378e-03, 2.86532938e-03, 2.86532938e-03,
       0., 0., 8.18665547e-04, 1.22799829e-03, 4.09332773e-04,
