%YAML:1.0
m10n: !!opencv-matrix
   rows: 1
   cols: 800
   dt: f
   data: [ 1.49086840e-03, 1.49086840e-03, 1.86358555e-03,
       7.45434198e-04, 1.49086840e-03, 1.49086840e-03, 1.86358555e-03,
       0., 7.45434198e-04, 2.23630248e-03, 4.09988826e-03,
       2.23630248e-03, 2.60901963e-03, 5.59075642e-03, 3.72717099e-04,
       1.49086840e-03, 5.21803927e-03, 5.21803927e-03, 0.,
       3.72717099e-04, 1.86358555e-03, 1.49086840e-03, 1.11815124e-03,
       0., 7.45434198e-04, 0., 1.49086840e-03, 6.33619074e-03, 0., 0.,
       0., 7.45434198e-04, 7.45434198e-04, 1.11815124e-03, 0.,
       7.45434198e-04, 7.45434198e-04, 3.72717099e-04, 4.47260495e-03,
       0., 1.86358555e-03, 1.86358555e-03, 3.72717099e-04,
       1.11815124e-03, 7.45434198e-04, 7.45434198e-04, 7.45434198e-04,
       7.45434198e-04, 7.45434198e-04, 1.11815124e-03, 7.45434198e-04,
       1.49086840e-03, 7.45434198e-04, 1.86358555e-03, 7.45434198e-04,
       2.60901963e-03, 3.72717099e-04, 7.45434198e-04, 1.11815124e-03,
       3.72717099e-04, 1.49086840e-03, 2.23630248e-03, 3.72717099e-04,
       2.23630248e-03, 3.72717110e-03, 3.72717099e-04, 3.72717099e-04,
       7.45434198e-04, 1.49086840e-03, 3.72717099e-04, 1.86358555e-03,
       1.49086840e-03, 0., 1.86358555e-03, 1.49086840e-03,
       1.49086840e-03, 1.11815124e-03, 2.60901963e-03, 4.84532211e-03,
       2.23630248e-03, 0., 7.45434198e-04, 2.23630248e-03, 0.,
       1.11815124e-03, 1.49086840e-03, 3.72717099e-04, 5.21803927e-03,
       3.72717110e-03, 2.23630248e-03, 1.11815124e-03, 1.49086840e-03,
       1.49086840e-03, 3.72717099e-04, 1.49086840e-03, 0.,
       2.23630248e-03, 1.86358555e-03, 3.72717099e-04, 1.11815124e-03,
       1.11815124e-03, 0., 4.47260495e-03, 7.45434198e-04,
       3.72717099e-04, 3.72717110e-03, 2.23630248e-03, 3.72717099e-04,
       7.45434198e-04, 1.11815124e-03, 3.72717110e-03, 2.60901963e-03,
       3.72717099e-04, 3.72717099e-04, 1.49086840e-03, 3.72717099e-04,
       0., 7.45434198e-04, 0., 7.45434198e-04, 1.11815124e-03,
       1.49086840e-03, 0., 7.45434198e-04, 0., 1.11815124e-03,
       1.86358555e-03, 7.45434198e-04, 4.47260495e-03, 7.45434198e-04,
       1.11815124e-03, 1.11815124e-03, 2.60901963e-03, 7.45434198e-04,
       2.23630248e-03, 3.72717099e-04, 1.49086840e-03, 1.49086840e-03,
       1.49086840e-03, 7.45434198e-04, 3.72717110e-03, 1.86358555e-03,
       0., 3.72717099e-04, 1.11815124e-03, 7.45434198e-04, 0.,
       3.72717099e-04, 0., 1.86358555e-03, 2.23630248e-03, 0.,
       1.86358555e-03, 1.49086840e-03, 1.11815124e-03, 1.86358555e-03,
       7.45434198e-04, 1.86358555e-03, 3.72717099e-04, 2.23630248e-03,
       3.72717099e-04, 0., 1.11815124e-03, 3.72717099e-04,
       7.45434198e-04, 0., 0., 1.11815124e-03, 3.72717099e-04,
       7.45434198e-04, 1.11815124e-03, 0., 1.11815124e-03,
       1.11815124e-03, 3.72717099e-04, 0., 1.86358555e-03,
       3.72717099e-04, 2.23630248e-03, 1.11815124e-03, 1.49086840e-03,
       1.86358555e-03, 7.45434198e-04, 0., 3.72717110e-03,
       1.86358555e-03, 1.11815124e-03, 3.72717110e-03, 0.,
       2.98173679e-03, 0., 1.11815124e-03, 1.49086840e-03,
       3.72717099e-04, 3.72717099e-04, 7.45434198e-04, 7.45434198e-04,
       2.98173679e-03, 1.49086840e-03, 0., 5.21803927e-03,
       2.23630248e-03, 5.21803927e-03, 3.35445395e-03, 3.72717099e-04,
       2.23630248e-03, 2.98173679e-03, 1.49086840e-03, 1.11815124e-03,
       3.72717099e-04, 3.35445395e-03, 2.60901963e-03, 3.72717099e-04,
       2.98173679e-03, 7.45434198e-04, 0., 1.49086840e-03,
       1.86358555e-03, 0., 1.11815124e-03, 7.45434198e-04,
       7.45434198e-04, 1.86358555e-03, 0., 3.72717099e-04,
       2.98173679e-03, 2.23630248e-03, 1.49086840e-03, 2.60901963e-03,
       1.11815124e-03, 3.72717099e-04, 4.09988826e-03, 3.72717099e-04,
       3.72717099e-04, 3.72717099e-04, 0., 2.60901963e-03,
       7.45434198e-04, 1.11815124e-03, 0., 3.72717110e-03,
       1.49086840e-03, 1.86358555e-03, 3.72717099e-04, 2.60901963e-03,
       2.60901963e-03, 4.09988826e-03, 1.86358555e-03, 3.72717099e-04,
       3.35445395e-03, 2.98173679e-03, 2.23630248e-03, 1.11815124e-03,
       2.23630248e-03, 1.49086840e-03, 0., 2.98173679e-03,
       2.60901963e-03, 1.86358555e-03, 0., 1.49086840e-03,
       2.60901963e-03, 3.72717099e-04, 1.11815124e-03, 1.49086840e-03,
       3.72717099e-04, 0., 0., 0., 3.35445395e-03, 1.49086840e-03, 0.,
       7.45434198e-04, 7.45434198e-04, 1.86358555e-03, 7.45434198e-04,
       3.72717099e-04, 1.86358555e-03, 3.72717099e-04, 2.98173679e-03,
       1.11815124e-03, 0., 2.98173679e-03, 2.23630248e-03,
       3.72717099e-04, 0., 3.72717099e-04, 3.72717099e-04,
       1.11815124e-03, 1.86358555e-03, 4.09988826e-03, 2.60901963e-03,
       0., 2.23630248e-03, 0., 1.11815124e-03, 0., 1.11815124e-03,
       2.60901963e-03, 0., 2.23630248e-03, 1.49086840e-03,
       2.23630248e-03, 0., 1.11815124e-03, 7.45434198e-04,
       1.11815124e-03, 7.45434198e-04, 2.60901963e-03, 1.86358555e-03,
       3.72717099e-04, 0., 2.98173679e-03, 7.45434198e-04, 0.,
       7.45434198e-04, 2.23630248e-03, 1.49086840e-03, 0., 0.,
       4.47260495e-03, 1.86358555e-03, 2.98173679e-03, 3.72717099e-04,
       1.11815124e-03, 1.86358555e-03, 3.72717099e-04, 3.72717099e-04,
       2.23630248e-03, 2.60901963e-03, 2.60901963e-03, 3.72717099e-04,
       3.72717099e-04, 3.72717099e-04, 0., 2.23630248e-03,
       3.35445395e-03, 7.45434198e-04, 7.45434198e-04, 1.49086840e-03,
       7.45434198e-04, 7.45434198e-04, 3.72717099e-04, 2.98173679e-03,
       2.98173679e-03, 2.60901963e-03, 2.60901963e-03, 7.45434198e-04,
       3.72717099e-04, 2.98173679e-03, 1.49086840e-03, 7.45434198e-04,
       0., 2.60901963e-03, 3.72717099e-04, 7.45434198e-04,
       2.98173679e-03, 3.72717099e-04, 3.72717110e-03, 1.49086840e-03,
       7.45434198e-04, 3.72717110e-03, 7.45434198e-04, 3.72717099e-04,
       3.72717099e-04, 0., 2.60901963e-03, 1.49086840e-03, 0., 0.,
       2.98173679e-03, 1.11815124e-03, 0., 7.45434198e-04,
       1.11815124e-03, 1.11815124e-03, 1.49086840e-03, 3.72717099e-04,
       3.72717099e-04, 1.11815124e-03, 7.45434198e-04, 1.86358555e-03,
       1.86358555e-03, 7.45434198e-04, 0., 1.86358555e-03,
       1.49086840e-03, 3.72717099e-04, 2.98173679e-03, 1.49086840e-03,
       7.45434198e-04, 1.11815124e-03, 0., 0., 1.86358555e-03,
       1.86358555e-03, 0., 3.72717099e-04, 3.72717099e-04,
       3.72717099e-04, 0., 7.08162505e-03, 0., 2.23630248e-03,
       7.45434198e-04, 0., 3.72717099e-04, 4.09988826e-03, 0., 0.,
       7.45434198e-04, 0., 3.72717099e-04, 3.35445395e-03, 0., 0., 0.,
       0., 3.72717099e-04, 0., 1.11815124e-03, 2.60901963e-03,
       1.11815124e-03, 0., 0., 2.60901963e-03, 7.45434198e-04,
       3.72717099e-04, 7.45434198e-04, 1.11815124e-03, 7.45434198e-04,
       3.72717099e-04, 2.23630248e-03, 1.11815124e-03, 3.72717099e-04,
       3.35445395e-03, 7.45434198e-04, 0., 1.49086840e-03, 0.,
       1.11815124e-03, 2.23630248e-03, 3.72717099e-04, 0.,
       1.11815124e-03, 0., 0., 1.86358555e-03, 3.72717099e-04,
       4.09988826e-03, 3.72717099e-04, 7.45434198e-04, 0.,
       3.72717099e-04, 7.45434198e-04, 3.72717099e-04, 0.,
       2.60901963e-03, 1.49086840e-03, 2.60901963e-03, 0.,
       3.72717099e-04, 7.45434198e-04, 7.45434198e-04, 1.49086840e-03,
       3.35445395e-03, 1.11815124e-03, 7.45434198e-04, 1.49086840e-03,
       1.49086840e-03, 0., 3.72717099e-04, 4.84532211e-03,
       1.49086840e-03, 0., 3.72717099e-04, 1.86358555e-03,
       7.45434198e-04, 1.11815124e-03, 2.23630248e-03, 1.49086840e-03,
       0., 1.86358555e-03, 7.45434198e-04, 0., 0., 2.98173679e-03, 0.,
       1.49086840e-03, 1.11815124e-03, 1.86358555e-03, 7.45434198e-04,
       7.45434198e-04, 0., 7.45434198e-04, 3.35445395e-03,
       1.86358555e-03, 7.45434198e-04, 0., 0., 1.11815124e-03,
       3.72717099e-04, 1.11815124e-03, 3.72717099e-04, 1.11815124e-03,
       2.23630248e-03, 0., 1.11815124e-03, 1.86358555e-03, 0., 0.,
       1.11815124e-03, 3.72717099e-04, 0., 1.86358555e-03, 0.,
