%YAML:1.0
m10n: !!opencv-matrix
   rows: 1
   cols: 800
   dt: f
   data: [ 1.29813934e-03, 2.16356548e-03, 4.75984393e-03,
       4.32713103e-04, 2.16356548e-03, 4.32713103e-04, 0., 0.,
       4.32713103e-04, 4.32713097e-03, 4.32713103e-04, 8.65426206e-04,
       1.29813934e-03, 8.65426206e-04, 1.73085241e-03, 4.32713103e-04,
       8.65426206e-04, 1.73085241e-03, 4.32713103e-04, 4.32713103e-04,
       1.08178277e-02, 8.65426206e-04, 8.65426206e-04, 1.29813934e-03,
       6.05798326e-03, 4.32713103e-04, 8.65426206e-04, 2.59627867e-03,
       5.62527031e-03, 3.02899163e-03, 8.65426206e-04, 2.16356548e-03,
       8.65426206e-04, 8.65426206e-04, 4.32713103e-04, 3.89441801e-03,
       4.32713103e-04, 1.29813934e-03, 1.29813934e-03, 4.32713103e-04,
       1.73085241e-03, 8.65426206e-04, 3.02899163e-03, 8.65426206e-04,
       8.65426206e-04, 2.16356548e-03, 0., 0., 4.32713103e-04,
       4.32713103e-04, 4.32713103e-04, 8.65426206e-04, 1.29813934e-03,
       8.65426206e-04, 2.16356548e-03, 4.32713103e-04, 4.32713103e-04,
       8.65426206e-04, 3.02899163e-03, 4.32713103e-04, 0.,
       2.59627867e-03, 4.32713103e-04, 1.29813934e-03, 5.19255735e-03,
       8.65426206e-04, 8.65426206e-04, 1.29813934e-03, 0., 0.,
       4.32713103e-04, 1.29813934e-03, 0., 0., 1.73085241e-03,
       4.32713103e-04, 8.65426206e-04, 4.32713103e-04, 8.65426206e-04,
       1.73085241e-03, 0., 8.65426206e-04, 1.29813934e-03,
       2.16356548e-03, 8.65426206e-04, 4.32713097e-03, 8.65426206e-04,
       3.89441801e-03, 4.32713103e-04, 8.65426206e-04, 2.16356548e-03,
       0., 4.32713103e-04, 0., 0., 0., 8.65426206e-04, 1.29813934e-03,
       4.32713103e-04, 0., 8.65426206e-04, 1.29813934e-03,
       4.32713103e-04, 3.02899163e-03, 0., 1.73085241e-03,
       2.16356548e-03, 0., 1.29813934e-03, 0., 2.16356548e-03, 0.,
       2.59627867e-03, 4.32713103e-04, 4.75984393e-03, 0.,
       3.02899163e-03, 8.65426206e-04, 0., 0., 1.29813934e-03,
       8.65426206e-04, 2.59627867e-03, 2.16356548e-03, 0.,
       4.32713103e-04, 8.65426206e-04, 8.65426206e-04, 8.65426206e-04,
       1.29813934e-03, 0., 2.59627867e-03, 4.75984393e-03,
       2.16356548e-03, 8.65426206e-04, 4.32713103e-04, 4.32713103e-04,
       0., 4.32713103e-04, 2.59627867e-03, 8.65426206e-04,
       2.59627867e-03, 8.65426206e-04, 2.59627867e-03, 0., 0.,
       2.59627867e-03, 2.59627867e-03, 4.32713103e-04, 0.,
       3.46170482e-03, 0., 0., 1.29813934e-03, 4.32713103e-04,
       4.75984393e-03, 0., 2.16356548e-03, 1.73085241e-03,
       1.73085241e-03, 0., 8.65426206e-04, 0., 0., 0., 0.,
       1.73085241e-03, 1.29813934e-03, 1.29813934e-03, 1.73085241e-03,
       0., 1.47122452e-02, 0., 1.29813934e-03, 0., 4.32713103e-04,
       4.32713103e-04, 5.62527031e-03, 4.32713103e-04, 8.65426206e-04,
       3.46170482e-03, 3.89441801e-03, 0., 8.65426206e-04,
       4.32713103e-04, 1.73085241e-03, 4.32713097e-03, 2.16356548e-03,
       0., 8.65426206e-04, 1.29813934e-03, 8.65426206e-04,
       8.65426206e-04, 0., 4.32713103e-04, 8.65426206e-04, 0.,
       1.29813934e-03, 1.29813934e-03, 0., 2.59627867e-03,
       1.73085241e-03, 4.32713103e-04, 5.62527031e-03, 4.32713103e-04,
       0., 6.05798326e-03, 6.92340964e-03, 4.32713103e-04,
       1.29813934e-03, 1.73085241e-03, 0., 0., 3.02899163e-03, 0.,
       2.59627867e-03, 2.59627867e-03, 4.32713103e-04, 1.29813934e-03,
       8.65426206e-04, 3.02899163e-03, 4.75984393e-03, 1.73085241e-03,
       4.32713103e-04, 0., 8.65426206e-04, 2.59627867e-03,
       1.29813934e-03, 1.29813934e-03, 4.75984393e-03, 8.65426206e-04,
       2.16356548e-03, 0., 2.16356548e-03, 2.59627867e-03,
       8.65426206e-04, 4.32713103e-04, 1.29813934e-03, 8.65426206e-04,
       3.02899163e-03, 0., 7.78883602e-03, 1.29813934e-03, 0.,
       3.02899163e-03, 2.59627867e-03, 3.02899163e-03, 1.73085241e-03,
       4.32713103e-04, 1.73085241e-03, 1.73085241e-03, 4.32713103e-04,
       0., 1.73085241e-03, 4.32713103e-04, 0., 1.29813934e-03,
       6.92340964e-03, 8.65426206e-04, 4.32713103e-04, 4.32713103e-04,
       4.32713103e-04, 8.65426206e-04, 4.32713103e-04, 8.65426206e-04,
       8.65426206e-04, 0., 6.05798326e-03, 8.65426206e-04,
       1.29813934e-03, 3.02899163e-03, 8.65426206e-04, 4.32713103e-04,
       4.32713103e-04, 8.65426206e-04, 8.65426206e-04, 4.32713103e-04,
       8.65426206e-04, 8.65426206e-04, 4.32713103e-04, 1.73085241e-03,
       6.92340964e-03, 4.32713103e-04, 0., 2.16356548e-03,
       3.02899163e-03, 1.29813934e-03, 4.32713103e-04, 0.,
       3.46170482e-03, 4.32713103e-04, 2.59627867e-03, 0.,
       1.29813934e-03, 1.73085241e-03, 8.65426206e-04, 5.19255735e-03,
       1.73085241e-03, 8.65426206e-04, 1.29813934e-03, 8.65426206e-04,
       1.73085241e-03, 2.59627867e-03, 2.59627867e-03, 4.32713103e-04,
       2.16356548e-03, 1.73085241e-03, 8.65426206e-04, 8.65426206e-04,
       0., 1.73085241e-03, 1.29813934e-03, 4.32713103e-04,
       4.32713103e-04, 4.32713097e-03, 6.49069669e-03, 7.78883602e-03,
       8.65426206e-04, 0., 8.65426206e-04, 4.32713103e-04, 0.,
       1.29813934e-03, 4.32713103e-04, 0., 1.73085241e-03,
       1.29813934e-03, 1.29813934e-03, 8.65426206e-04, 8.65426206e-04,
       1.29813934e-03, 0., 8.65426206e-04, 2.59627867e-03,
       8.65426206e-04, 4.32713103e-04, 2.59627867e-03, 4.32713103e-04,
       4.32713103e-04, 8.65426206e-04, 8.65426206e-04, 4.32713103e-04,
       8.65426206e-04, 4.32713103e-04, 3.46170482e-03, 1.73085241e-03,
       4.75984393e-03, 4.32713103e-04, 2.16356548e-03, 4.32713103e-04,
       4.32713103e-04, 4.32713103e-04, 8.65426206e-04, 8.65426206e-04,
       0., 8.65426206e-04, 4.32713103e-04, 0., 8.65426206e-04,
       1.29813934e-03, 4.32713103e-04, 0., 3.46170482e-03,
       4.32713103e-04, 3.02899163e-03, 3.46170482e-03, 8.65426206e-04,
       2.59627867e-03, 0., 4.32713103e-04, 8.65426206e-04,
       1.29813934e-03, 8.65426206e-04, 2.16356548e-03, 8.65426206e-04,
       0., 3.02899163e-03, 0., 4.32713103e-04, 8.65426206e-04,
       2.59627867e-03, 4.32713103e-04, 1.29813934e-03, 1.29813934e-03,
       4.32713103e-04, 4.32713103e-04, 4.32713103e-04, 1.73085241e-03,
       4.32713103e-04, 4.32713103e-04, 2.59627867e-03, 4.32713103e-04,
       0., 4.32713103e-04, 0., 4.32713103e-04, 1.29813934e-03,
       4.32713103e-04, 3.02899163e-03, 4.32713103e-04, 1.29813934e-03,
       4.32713103e-04, 4.32713103e-04, 4.32713103e-04, 1.29813934e-03,
       0., 0., 4.32713103e-04, 1.29813934e-03, 8.65426206e-04, 0.,
       3.46170482e-03, 8.65426206e-04, 0., 0., 1.29813934e-03, 0.,
       4.32713103e-04, 3.02899163e-03, 0., 4.32713103e-04,
       4.32713103e-04, 4.32713103e-04, 4.32713103e-04, 1.73085241e-03,
       1.73085241e-03, 4.32713103e-04, 1.73085241e-03, 1.29813934e-03,
       2.59627867e-03, 1.29813934e-03, 2.16356548e-03, 8.65426206e-04,
       4.32713103e-04, 8.65426206e-04, 4.32713103e-04, 4.32713103e-04,
       4.32713103e-04, 1.73085241e-03, 4.32713103e-04, 4.32713103e-04,
       1.29813934e-03, 4.32713103e-04, 1.73085241e-03, 0.,
       1.73085241e-03, 0., 4.32713103e-04, 4.32713103e-04,
       4.32713103e-04, 4.32713103e-04, 0., 8.65426206e-04,
       8.65426206e-04, 0., 0., 2.59627867e-03, 3.46170482e-03,
       8.65426206e-04, 1.29813934e-03, 1.29813934e-03, 4.32713103e-04,
       3.89441801e-03, 4.32713097e-03, 0., 4.32713103e-04,
       1.29813934e-03, 8.65426206e-04, 8.65426206e-04, 3.46170482e-03,
       3.02899163e-03, 5.62527031e-03, 3.02899163e-03, 8.65426206e-04,
       8.65426206e-04, 4.32713103e-04, 0., 0., 1.29813934e-03,
       4.32713103e-04, 1.29813934e-03, 4.32713103e-04, 0.,
       4.32713103e-04, 0., 4.32713103e-04, 4.32713103e-04,
       1.29813934e-03, 1.29813934e-03, 4.32713103e-04, 1.29813934e-03,
       0., 0., 8.65426206e-04, 0., 1.29813934e-03, 1.29813934e-03,
       2.59627867e-03, 3.02899163e-03, 0., 2.59627867e-03, 0.,
       3.02899163e-03, 1.73085241e-03, 1.73085241e-03, 1.29813934e-03,
       8.65426206e-04, 0., 0., 3.46170482e-03, 3.89441801e-03,
