%YAML:1.0
m10n: !!opencv-matrix
   rows: 1
   cols: 800
   dt: f
   data: [ 4.45434300e-04, 8.90868600e-04, 4.00890876e-03,
       4.45434300e-04, 4.45434300e-04, 0., 3.11804004e-03,
       8.90868600e-04, 0., 1.78173720e-03, 4.45434300e-04,
       4.45434300e-04, 1.33630284e-03, 4.45434300e-04, 4.45434300e-04,
       3.56347440e-03, 0., 3.56347440e-03, 0., 0., 8.01781751e-03,
       1.78173720e-03, 1.33630284e-03, 8.90868600e-04, 3.11804004e-03,
       4.45434300e-04, 8.90868600e-04, 4.00890876e-03, 0.,
       4.45434311e-03, 2.67260568e-03, 1.33630284e-03, 8.90868600e-04,
       4.45434300e-04, 0., 2.22717156e-03, 8.90868600e-04,
       1.33630284e-03, 4.45434300e-04, 3.11804004e-03, 2.67260568e-03,
       8.90868600e-04, 1.33630284e-03, 0., 8.90868600e-04,
       1.33630284e-03, 8.90868600e-04, 1.33630284e-03, 4.00890876e-03,
       0., 4.45434300e-04, 1.33630284e-03, 1.78173720e-03,
       1.33630284e-03, 1.78173720e-03, 1.78173720e-03, 4.45434300e-04,
       0., 1.33630284e-03, 4.45434300e-04, 8.90868600e-04,
       4.45434311e-03, 0., 2.22717156e-03, 4.00890876e-03,
       1.33630284e-03, 1.33630284e-03, 4.00890876e-03, 0., 0., 0.,
       4.45434300e-04, 8.90868600e-04, 0., 5.34521136e-03,
       1.33630284e-03, 8.90868600e-04, 1.78173720e-03, 8.90868600e-04,
       2.67260568e-03, 0., 0., 8.90868600e-04, 0., 2.67260568e-03,
       4.00890876e-03, 4.45434300e-04, 1.33630284e-03, 1.33630284e-03,
       8.90868600e-04, 4.45434300e-04, 1.33630284e-03, 1.78173720e-03,
       1.33630284e-03, 0., 2.67260568e-03, 1.78173720e-03,
       8.90868600e-04, 4.45434300e-04, 8.90868600e-04, 0.,
       8.90868600e-04, 3.11804004e-03, 8.90868600e-04, 8.90868600e-04,
       5.34521136e-03, 2.22717156e-03, 0., 1.33630284e-03,
       4.45434300e-04, 2.22717156e-03, 1.33630284e-03, 1.78173720e-03,
       4.45434300e-04, 4.89977747e-03, 8.90868600e-04, 1.33630284e-03,
       1.78173720e-03, 4.45434300e-04, 8.90868600e-04, 8.90868600e-04,
       8.90868600e-04, 0., 2.22717156e-03, 0., 4.45434300e-04,
       1.33630284e-03, 0., 2.67260568e-03, 4.45434300e-04,
       4.45434300e-04, 1.78173720e-03, 4.45434311e-03, 1.78173720e-03,
       4.45434300e-04, 0., 4.45434300e-04, 1.78173720e-03,
       4.45434300e-04, 8.90868600e-04, 4.00890876e-03, 8.90868600e-04,
       1.33630284e-03, 1.78173720e-03, 0., 1.33630284e-03,
       1.33630284e-03, 1.78173720e-03, 4.45434300e-04, 0.,
       1.33630284e-03, 8.90868600e-04, 4.45434300e-04, 1.33630284e-03,
       4.45434300e-04, 1.33630284e-03, 8.90868600e-04, 1.33630284e-03,
       8.90868600e-04, 0., 0., 4.45434300e-04, 0., 0., 1.33630284e-03,
       4.45434300e-04, 0., 8.90868600e-04, 4.45434300e-04,
       1.33630284e-03, 0., 2.67260568e-03, 1.33630284e-03,
       1.78173720e-03, 8.90868600e-04, 8.90868600e-04, 1.78173720e-03,
       1.15812914e-02, 0., 2.67260568e-03, 3.11804004e-03,
       2.67260568e-03, 0., 4.45434300e-04, 8.90868600e-04,
       8.90868600e-04, 1.33630284e-03, 8.90868600e-04, 0.,
       4.45434300e-04, 0., 4.45434300e-04, 0., 0., 4.45434300e-04,
       1.78173720e-03, 8.90868600e-04, 8.90868600e-04, 0.,
       8.90868600e-04, 2.67260568e-03, 0., 8.90868600e-04,
       1.33630284e-03, 0., 4.45434300e-04, 2.22717156e-03,
       2.67260568e-03, 8.90868600e-04, 4.45434300e-04, 1.78173720e-03,
       8.90868600e-04, 4.45434300e-04, 3.11804004e-03, 0.,
       3.56347440e-03, 1.78173720e-03, 0., 1.33630284e-03, 0.,
       8.90868600e-04, 1.78173720e-03, 1.78173720e-03, 1.33630284e-03,
       0., 1.78173720e-03, 8.90868600e-04, 4.45434300e-04, 0.,
       8.90868600e-04, 8.90868600e-04, 4.45434300e-04, 1.78173720e-03,
       4.00890876e-03, 8.90868600e-04, 0., 8.90868600e-04,
       4.45434300e-04, 8.90868600e-04, 3.11804004e-03, 1.78173720e-03,
       2.22717156e-03, 4.45434300e-04, 1.33630284e-03, 5.79064572e-03,
       4.45434311e-03, 1.33630284e-03, 4.45434300e-04, 8.90868600e-04,
       8.90868600e-04, 3.56347440e-03, 1.33630284e-03, 0.,
       1.33630284e-03, 8.90868600e-04, 4.45434300e-04, 0.,
       2.67260568e-03, 1.33630284e-03, 1.33630284e-03, 2.22717156e-03,
       1.33630284e-03, 0., 1.78173720e-03, 4.45434300e-04,
       1.78173720e-03, 0., 1.33630284e-03, 8.90868600e-04,
       4.45434300e-04, 1.33630284e-03, 4.45434300e-04, 1.78173720e-03,
       8.90868600e-04, 4.45434300e-04, 4.45434300e-04, 8.90868600e-04,
       8.90868600e-04, 8.90868600e-04, 1.78173720e-03, 2.67260568e-03,
       1.33630284e-03, 0., 1.33630284e-03, 2.22717156e-03,
       4.45434300e-04, 2.22717156e-03, 1.78173720e-03, 0.,
       1.78173720e-03, 0., 1.78173720e-03, 4.45434300e-04,
       2.67260568e-03, 0., 0., 1.78173720e-03, 1.78173720e-03,
       8.90868600e-04, 1.33630284e-03, 4.45434300e-04, 8.90868600e-04,
       1.33630284e-03, 4.45434300e-04, 1.33630284e-03, 2.67260568e-03,
       8.90868600e-04, 2.67260568e-03, 3.56347440e-03, 4.45434300e-04,
       1.78173720e-03, 8.01781751e-03, 8.90868600e-04, 4.45434300e-04,
       4.45434311e-03, 4.45434300e-04, 7.12694880e-03, 3.11804004e-03,
       4.45434300e-04, 8.90868600e-04, 1.33630284e-03, 2.22717156e-03,
       0., 1.33630284e-03, 4.45434300e-04, 4.45434300e-04,
       2.67260568e-03, 8.90868600e-04, 4.45434300e-04, 0.,
       8.90868600e-04, 1.78173720e-03, 0., 1.33630284e-03, 0.,
       1.33630284e-03, 2.22717156e-03, 3.11804004e-03, 1.33630284e-03,
       1.78173720e-03, 8.90868600e-04, 4.45434300e-04, 0.,
       1.78173720e-03, 1.33630284e-03, 4.45434300e-04, 7.12694880e-03,
       0., 8.90868600e-04, 8.90868600e-04, 4.45434300e-04,
       8.90868600e-04, 1.33630284e-03, 1.78173720e-03, 0.,
       1.33630284e-03, 2.22717156e-03, 0., 0., 0., 1.33630284e-03,
       1.78173720e-03, 0., 0., 3.11804004e-03, 2.22717156e-03,
       8.90868600e-04, 2.22717156e-03, 2.67260568e-03, 4.45434300e-04,
       0., 0., 0., 4.45434300e-04, 2.22717156e-03, 8.90868600e-04,
       4.45434300e-04, 8.90868600e-04, 4.45434300e-04, 1.33630284e-03,
       2.22717156e-03, 4.45434300e-04, 1.78173720e-03, 0.,
       4.45434300e-04, 1.33630284e-03, 4.45434300e-04, 0.,
       2.22717156e-03, 4.45434300e-04, 5.34521136e-03, 3.56347440e-03,
       2.67260568e-03, 1.33630284e-03, 4.45434300e-04, 1.78173720e-03,
       2.22717156e-03, 0., 1.78173720e-03, 4.45434300e-04,
       8.90868600e-04, 8.90868600e-04, 2.67260568e-03, 5.34521136e-03,
       4.45434300e-04, 0., 4.45434300e-04, 0., 2.22717156e-03,
       8.90868600e-04, 0., 1.78173720e-03, 1.33630284e-03,
       4.45434300e-04, 4.45434300e-04, 0., 8.90868600e-04,
       8.90868600e-04, 5.34521136e-03, 1.78173720e-03, 0.,
       1.78173720e-03, 4.45434300e-04, 8.90868600e-04, 8.90868600e-04,
       1.33630284e-03, 8.90868600e-04, 0., 2.67260568e-03,
       3.11804004e-03, 1.33630284e-03, 2.22717156e-03, 5.34521136e-03,
       8.90868600e-04, 4.45434300e-04, 4.45434300e-04, 1.78173720e-03,
       0., 8.90868600e-04, 0., 1.33630284e-03, 4.45434300e-04,
       4.45434300e-04, 1.78173720e-03, 2.22717156e-03, 8.90868600e-04,
       4.45434300e-04, 8.90868600e-04, 8.90868600e-04, 1.78173720e-03,
       4.45434300e-04, 8.90868600e-04, 1.33630284e-03, 4.45434300e-04,
       4.45434300e-04, 8.90868600e-04, 1.33630284e-03, 2.67260568e-03,
       4.45434300e-04, 1.78173720e-03, 1.33630284e-03, 0.,
       4.45434300e-04, 2.67260568e-03, 8.90868600e-04, 2.67260568e-03,
       1.33630284e-03, 2.67260568e-03, 1.33630284e-03, 2.67260568e-03,
       7.12694880e-03, 4.45434300e-04, 4.89977747e-03, 1.33630284e-03,
       1.33630284e-03, 4.45434300e-04, 4.45434300e-04, 0.,
       8.90868600e-04, 1.33630284e-03, 8.90868600e-04, 1.33630284e-03,
       0., 1.78173720e-03, 0., 4.45434300e-04, 1.78173720e-03,
       4.45434300e-04, 3.56347440e-03, 8.90868600e-04, 2.22717156e-03,
       0., 0., 8.90868600e-04, 1.33630284e-03, 2.22717156e-03,
       4.45434300e-04, 8.90868600e-04, 4.45434300e-04, 1.78173720e-03,
       2.22717156e-03, 0., 4.45434300e-04, 4.89977747e-03,
       8.90868600e-04, 8.90868600e-04, 1.78173720e-03, 4.45434300e-04,
