%YAML:1.0
m10n: !!opencv-matrix
   rows: 1
   cols: 800
   dt: f
   data: [ 0., 4.06173844e-04, 4.06173844e-04, 1.21852150e-03,
       3.65556451e-03, 4.06173844e-04, 4.06173849e-03, 0.,
       1.21852150e-03, 8.12347687e-04, 1.62469537e-03, 1.62469537e-03,
       8.12347687e-04, 1.21852150e-03, 8.12347687e-04, 4.06173844e-04,
       3.24939075e-03, 8.12347687e-04, 1.62469537e-03, 2.03086925e-03,
       1.62469537e-03, 8.12347687e-04, 1.21852150e-03, 4.06173844e-04,
       0., 0., 2.03086925e-03, 6.90495549e-03, 2.43704300e-03,
       4.06173844e-04, 8.12347687e-04, 2.03086925e-03, 1.62469537e-03,
       8.12347687e-04, 0., 4.06173844e-04, 4.06173844e-04, 0.,
       2.84321699e-03, 8.12347687e-04, 4.06173849e-03, 1.21852150e-03,
       0., 4.06173844e-04, 2.03086925e-03, 4.06173844e-04,
       2.03086925e-03, 4.06173844e-04, 4.06173844e-04, 0.,
       4.06173844e-04, 8.12347687e-04, 8.12347687e-04, 2.84321699e-03,
       2.03086925e-03, 2.03086925e-03, 4.06173844e-04, 3.24939075e-03,
       4.06173844e-04, 8.12347687e-04, 2.43704300e-03, 1.21852150e-03,
       8.12347687e-04, 2.84321699e-03, 3.24939075e-03, 1.21852150e-03,
       4.06173844e-04, 4.06173844e-04, 6.90495549e-03, 8.12347687e-04,
       1.62469537e-03, 8.12347687e-04, 4.06173844e-04, 3.65556451e-03,
       2.03086925e-03, 8.12347687e-04, 1.21852150e-03, 0.,
       3.24939075e-03, 1.62469537e-03, 0., 4.06173844e-04,
       8.12347687e-04, 8.12347687e-04, 8.12347687e-04, 0.,
       8.12347687e-04, 2.84321699e-03, 3.24939075e-03, 2.43704300e-03,
       2.43704300e-03, 8.12347687e-04, 8.12347687e-04, 8.12347687e-04,
       1.21852150e-03, 0., 1.62469537e-03, 8.12347687e-04,
       8.12347687e-04, 8.12347687e-04, 8.12347687e-04, 8.12347687e-04,
       3.24939075e-03, 0., 2.84321699e-03, 3.65556451e-03,
       3.24939075e-03, 8.12347687e-04, 2.43704300e-03, 1.21852150e-03,
       8.12347687e-04, 2.03086925e-03, 4.06173844e-04, 4.06173844e-04,
       1.62469537e-03, 4.06173844e-04, 4.06173844e-04, 4.06173844e-04,
       4.06173844e-04, 4.06173844e-04, 1.62469537e-03, 8.12347687e-04,
       0., 8.93582497e-03, 4.06173844e-04, 0., 1.21852150e-03,
       1.62469537e-03, 5.28026000e-03, 2.03086925e-03, 2.43704300e-03,
       2.43704300e-03, 2.03086925e-03, 3.65556451e-03, 1.21852150e-03,
       8.12347687e-04, 4.06173844e-04, 2.84321699e-03, 4.06173844e-04,
       8.12347687e-04, 1.21852150e-03, 1.21852150e-03, 1.62469537e-03,
       0., 4.06173844e-04, 0., 1.62469537e-03, 0., 0., 8.12347687e-04,
       4.06173844e-04, 0., 1.21852150e-03, 0., 8.12347687e-04,
       3.65556451e-03, 4.06173844e-04, 8.12347687e-04, 1.62469537e-03,
       2.43704300e-03, 4.06173844e-04, 8.12347687e-04, 2.84321699e-03,
       4.06173844e-04, 0., 4.06173844e-04, 1.62469537e-03,
       2.84321699e-03, 8.12347687e-04, 8.12347687e-04, 4.06173844e-04,
       8.12347687e-04, 2.84321699e-03, 1.21852150e-03, 0.,
       4.06173844e-04, 2.84321699e-03, 8.12347687e-04, 1.62469537e-03,
       0., 1.62469537e-03, 4.06173844e-04, 1.21852150e-03,
       1.21852150e-03, 8.12347687e-04, 1.21852150e-03, 0.,
       2.84321699e-03, 0., 2.03086925e-03, 3.24939075e-03, 0.,
       4.06173849e-03, 4.06173844e-04, 1.21852150e-03, 8.12347687e-04,
       1.21852150e-03, 2.84321699e-03, 1.21852150e-03, 3.65556451e-03,
       5.68643399e-03, 8.12347687e-04, 8.12347687e-04, 1.21852150e-03,
       4.06173844e-04, 4.06173844e-04, 4.06173844e-04, 2.84321699e-03,
       0., 1.21852150e-03, 3.24939075e-03, 2.84321699e-03, 0.,
       2.84321699e-03, 8.12347687e-04, 4.06173844e-04, 8.12347687e-04,
       8.12347687e-04, 8.12347687e-04, 2.03086925e-03, 2.03086925e-03,
       3.24939075e-03, 2.43704300e-03, 0., 1.62469537e-03,
       2.03086925e-03, 2.03086925e-03, 1.21852150e-03, 1.62469537e-03,
       1.21852150e-03, 4.06173844e-04, 1.21852150e-03, 4.06173844e-04,
       2.03086925e-03, 6.49878150e-03, 0., 2.43704300e-03,
       2.03086925e-03, 1.21852150e-03, 2.43704300e-03, 1.21852150e-03,
       8.12347687e-04, 1.62469537e-03, 1.21852150e-03, 0.,
       1.21852150e-03, 4.87408601e-03, 2.84321699e-03, 1.21852150e-03,
       3.24939075e-03, 4.06173844e-04, 4.46791248e-03, 1.62469537e-03,
       4.06173844e-04, 1.21852150e-03, 0., 2.03086925e-03,
       1.62469537e-03, 2.84321699e-03, 2.43704300e-03, 4.06173844e-04,
       8.12347687e-04, 8.12347687e-04, 8.12347687e-04, 4.06173844e-04,
       4.06173844e-04, 0., 4.06173844e-04, 4.06173844e-04,
       8.12347687e-04, 2.03086925e-03, 0., 1.21852150e-03,
       8.12347687e-04, 1.21852150e-03, 0., 0., 2.43704300e-03,
       1.62469537e-03, 2.84321699e-03, 0., 0., 2.43704300e-03,
       2.43704300e-03, 2.03086925e-03, 8.12347687e-04, 8.12347687e-04,
       2.84321699e-03, 1.21852150e-03, 6.49878150e-03, 8.12347687e-04,
       2.03086925e-03, 0., 2.84321699e-03, 2.43704300e-03, 0., 0.,
       4.06173844e-04, 1.21852150e-03, 0., 2.03086925e-03,
       1.21852150e-03, 0., 1.62469537e-03, 8.12347687e-04,
       4.06173844e-04, 2.84321699e-03, 1.21852150e-03, 8.12347687e-04,
       1.21852150e-03, 4.06173844e-04, 2.03086925e-03, 2.43704300e-03,
       4.06173844e-04, 8.12347687e-04, 1.62469537e-03, 7.71730300e-03,
       1.62469537e-03, 0., 0., 4.06173844e-04, 2.43704300e-03,
       8.12347687e-04, 4.06173844e-04, 8.12347687e-04, 1.62469537e-03,
       8.12347687e-04, 1.62469537e-03, 1.62469537e-03, 8.12347687e-04,
       1.62469537e-03, 4.06173844e-04, 4.06173844e-04, 0.,
       1.62469537e-03, 3.65556451e-03, 0., 4.06173849e-03,
       1.62469537e-03, 1.21852150e-03, 0., 3.24939075e-03,
       2.03086925e-03, 2.03086925e-03, 1.21852150e-03, 4.06173844e-04,
       4.06173844e-04, 0., 0., 1.21852150e-03, 8.12347687e-04,
       2.43704300e-03, 0., 2.43704300e-03, 0., 4.06173844e-04,
       2.43704300e-03, 4.06173844e-04, 2.43704300e-03, 2.43704300e-03,
       0., 8.12347687e-04, 1.62469537e-03, 4.06173844e-04, 0.,
       8.12347687e-04, 3.24939075e-03, 8.12347687e-04, 8.12347687e-04,
       0., 3.24939075e-03, 2.84321699e-03, 0., 1.62469537e-03,
       4.06173844e-04, 1.21852150e-03, 2.84321699e-03, 1.62469537e-03,
       0., 1.62469537e-03, 1.21852150e-03, 1.21852150e-03,
       8.12347687e-04, 1.21852150e-03, 2.43704300e-03, 8.12347687e-04,
       8.12347687e-04, 1.21852150e-03, 2.43704300e-03, 0.,
       4.06173844e-04, 4.06173844e-04, 0., 4.06173844e-04,
       4.06173844e-04, 2.43704300e-03, 2.03086925e-03, 1.21852150e-03,
       8.12347687e-04, 1.21852150e-03, 8.12347687e-04, 3.65556451e-03,
       0., 2.84321699e-03, 0., 8.12347687e-04, 0., 4.06173844e-04,
       2.84321699e-03, 0., 8.12347687e-04, 0., 1.21852150e-03,
       2.43704300e-03, 0., 2.03086925e-03, 2.43704300e-03,
       1.62469537e-03, 4.06173844e-04, 8.12347687e-04, 2.03086925e-03,
       1.21852150e-03, 2.43704300e-03, 0., 4.06173844e-04,
       1.21852150e-03, 0., 1.62469537e-03, 2.43704300e-03,
       4.06173844e-04, 1.21852150e-03, 4.06173844e-04, 5.28026000e-03,
       8.12347687e-04, 2.03086925e-03, 2.03086925e-03, 2.03086925e-03,
       0., 2.43704300e-03, 0., 4.06173844e-04, 1.62469537e-03,
       1.21852150e-03, 8.12347687e-04, 2.03086925e-03, 0., 0.,
       2.43704300e-03, 4.06173844e-04, 2.03086925e-03, 2.84321699e-03,
       4.06173844e-04, 4.06173844e-04, 1.62469537e-03, 2.84321699e-03,
       8.12347687e-04, 1.62469537e-03, 4.06173844e-04, 6.49878150e-03,
       1.21852150e-03, 4.06173844e-04, 0., 0., 1.21852150e-03,
       3.24939075e-03, 1.62469537e-03, 1.62469537e-03, 8.12347687e-04,
       2.03086925e-03, 4.06173844e-04, 0., 0., 2.84321699e-03,
       1.21852150e-03, 1.21852150e-03, 4.06173844e-04, 1.21852150e-03,
       4.06173844e-04, 0., 5.28026000e-03, 1.21852150e-03,
       4.06173844e-04, 2.03086925e-03, 4.06173844e-04, 1.21852150e-03,
       0., 1.62469537e-03, 8.12347687e-04, 2.43704300e-03,
       2.03086925e-03, 4.06173849e-03, 0., 0., 0., 0., 3.65556451e-03,
       4.06173844e-04, 4.06173844e-04, 8.12347687e-04, 4.06173844e-04,
       8.12347687e-04, 0., 8.12347687e-04, 2.03086925e-03,
