%YAML:1.0
m10n: !!opencv-matrix
   rows: 1
   cols: 800
   dt: f
   data: [ 0., 2.24921294e-03, 3.14889802e-03, 4.49842570e-04,
       8.99685139e-04, 0., 1.34952774e-03, 8.99685139e-04, 0.,
       1.79937028e-03, 2.69905548e-03, 8.99685139e-04, 8.99685139e-04,
       8.99685139e-04, 4.49842570e-04, 3.59874056e-03, 0.,
       1.79937028e-03, 4.49842570e-04, 0., 7.64732389e-03,
       8.99685139e-04, 8.99685139e-04, 8.99685139e-04, 4.49842587e-03,
       0., 4.49842570e-04, 3.14889802e-03, 4.49842570e-04,
       4.04858310e-03, 2.69905548e-03, 1.79937028e-03, 1.34952774e-03,
       0., 0., 1.79937028e-03, 4.49842570e-04, 1.34952774e-03,
       8.99685139e-04, 1.79937028e-03, 2.24921294e-03, 8.99685139e-04,
       1.34952774e-03, 8.99685139e-04, 8.99685139e-04, 1.34952774e-03,
       0., 2.24921294e-03, 4.04858310e-03, 0., 0., 2.69905548e-03,
       1.79937028e-03, 8.99685139e-04, 1.79937028e-03, 1.79937028e-03,
       4.49842570e-04, 0., 1.79937028e-03, 8.99685139e-04,
       1.34952774e-03, 1.34952774e-03, 4.49842570e-04, 4.04858310e-03,
       3.14889802e-03, 8.99685139e-04, 1.34952774e-03, 4.04858310e-03,
       0., 0., 0., 2.69905548e-03, 4.49842570e-04, 0., 5.39811095e-03,
       1.79937028e-03, 4.49842570e-04, 8.99685139e-04, 4.49842570e-04,
       1.79937028e-03, 4.49842570e-04, 0., 8.99685139e-04, 0.,
       4.04858310e-03, 5.39811095e-03, 1.79937028e-03, 1.34952774e-03,
       1.34952774e-03, 1.79937028e-03, 4.49842570e-04, 0.,
       1.79937028e-03, 4.49842570e-04, 4.49842570e-04, 2.69905548e-03,
       0., 8.99685139e-04, 4.49842570e-04, 4.49842570e-04,
       4.49842570e-04, 8.99685139e-04, 1.34952774e-03, 1.34952774e-03,
       1.34952774e-03, 6.74763834e-03, 1.79937028e-03, 0.,
       8.99685139e-04, 0., 2.69905548e-03, 0., 8.99685139e-04,
       4.49842570e-04, 2.24921294e-03, 4.49842570e-04, 1.34952774e-03,
       2.69905548e-03, 4.49842570e-04, 8.99685139e-04, 8.99685139e-04,
       0., 0., 3.59874056e-03, 4.49842570e-04, 4.49842570e-04,
       1.34952774e-03, 0., 4.04858310e-03, 4.49842570e-04,
       4.49842570e-04, 1.34952774e-03, 3.14889802e-03, 1.34952774e-03,
       8.99685139e-04, 0., 8.99685139e-04, 1.34952774e-03,
       8.99685139e-04, 1.34952774e-03, 3.14889802e-03, 8.99685139e-04,
       8.99685139e-04, 1.79937028e-03, 1.34952774e-03, 1.34952774e-03,
       1.34952774e-03, 1.79937028e-03, 4.49842570e-04, 0.,
       1.79937028e-03, 4.49842570e-04, 4.49842570e-04, 8.99685139e-04,
       8.99685139e-04, 0., 8.99685139e-04, 4.49842570e-04,
       8.99685139e-04, 0., 0., 8.99685139e-04, 0., 1.34952774e-03,
       1.79937028e-03, 0., 2.24921294e-03, 8.99685139e-04,
       4.49842570e-04, 1.34952774e-03, 4.49842570e-04, 2.24921294e-03,
       1.34952774e-03, 1.34952774e-03, 4.49842570e-04, 8.99685139e-04,
       1.79937028e-03, 1.07962219e-02, 8.99685139e-04, 3.14889802e-03,
       3.14889802e-03, 2.69905548e-03, 4.49842570e-04, 4.49842570e-04,
       8.99685139e-04, 4.49842570e-04, 2.69905548e-03, 1.34952774e-03,
       0., 8.99685139e-04, 0., 1.34952774e-03, 1.34952774e-03, 0.,
       1.34952774e-03, 1.79937028e-03, 8.99685139e-04, 1.34952774e-03,
       4.49842570e-04, 4.49842570e-04, 2.24921294e-03, 0.,
       8.99685139e-04, 1.79937028e-03, 0., 8.99685139e-04,
       2.69905548e-03, 2.69905548e-03, 1.34952774e-03, 4.49842570e-04,
       3.14889802e-03, 1.34952774e-03, 8.99685139e-04, 3.59874056e-03,
       0., 3.59874056e-03, 4.49842570e-04, 0., 1.34952774e-03, 0.,
       1.79937028e-03, 1.34952774e-03, 1.34952774e-03, 0., 0.,
       1.34952774e-03, 1.34952774e-03, 4.49842570e-04, 0.,
       1.34952774e-03, 4.49842570e-04, 4.49842570e-04, 1.79937028e-03,
       3.14889802e-03, 4.49842570e-04, 0., 1.34952774e-03, 0., 0.,
       3.59874056e-03, 1.79937028e-03, 1.79937028e-03, 4.49842570e-04,
       8.99685139e-04, 5.84795326e-03, 2.69905548e-03, 1.34952774e-03,
       4.49842570e-04, 8.99685139e-04, 1.34952774e-03, 1.34952774e-03,
       2.24921294e-03, 0., 8.99685139e-04, 4.49842570e-04,
       8.99685139e-04, 4.49842570e-04, 4.04858310e-03, 1.34952774e-03,
       1.34952774e-03, 2.24921294e-03, 4.49842570e-04, 0.,
       2.24921294e-03, 8.99685139e-04, 0., 0., 1.79937028e-03,
       4.49842570e-04, 0., 1.79937028e-03, 4.49842570e-04,
       1.79937028e-03, 8.99685139e-04, 4.49842570e-04, 4.49842570e-04,
       8.99685139e-04, 4.49842570e-04, 1.34952774e-03, 2.24921294e-03,
       3.14889802e-03, 1.34952774e-03, 4.49842570e-04, 4.49842570e-04,
       2.24921294e-03, 4.49842570e-04, 2.24921294e-03, 1.79937028e-03,
       0., 4.49842570e-04, 0., 1.79937028e-03, 8.99685139e-04,
       3.59874056e-03, 4.49842570e-04, 4.49842570e-04, 8.99685139e-04,
       1.34952774e-03, 0., 1.34952774e-03, 0., 1.79937028e-03,
       3.59874056e-03, 8.99685139e-04, 1.34952774e-03, 1.79937028e-03,
       4.49842570e-04, 2.24921294e-03, 2.24921294e-03, 4.49842570e-04,
       1.79937028e-03, 8.99685174e-03, 8.99685139e-04, 8.99685139e-04,
       3.59874056e-03, 8.99685139e-04, 3.59874056e-03, 4.49842570e-04,
       4.49842570e-04, 8.99685139e-04, 0., 2.24921294e-03, 0.,
       8.99685139e-04, 1.34952774e-03, 4.49842570e-04, 2.69905548e-03,
       8.99685139e-04, 0., 4.49842570e-04, 2.69905548e-03,
       1.79937028e-03, 8.99685139e-04, 2.69905548e-03, 0.,
       8.99685139e-04, 2.24921294e-03, 1.79937028e-03, 8.99685139e-04,
       3.14889802e-03, 8.99685139e-04, 4.49842570e-04, 0.,
       8.99685139e-04, 8.99685139e-04, 0., 4.49842587e-03, 0.,
       4.49842570e-04, 0., 4.49842570e-04, 8.99685139e-04,
       1.34952774e-03, 1.34952774e-03, 4.49842570e-04, 8.99685139e-04,
       8.99685139e-04, 0., 0., 0., 8.99685139e-04, 2.24921294e-03,
       8.99685139e-04, 0., 2.69905548e-03, 2.24921294e-03,
       2.69905548e-03, 2.24921294e-03, 1.79937028e-03, 4.49842570e-04,
       1.34952774e-03, 4.49842570e-04, 0., 4.49842570e-04,
       3.14889802e-03, 4.49842570e-04, 4.49842570e-04, 4.49842570e-04,
       4.49842570e-04, 2.24921294e-03, 3.14889802e-03, 0.,
       1.79937028e-03, 0., 4.49842570e-04, 1.34952774e-03,
       8.99685139e-04, 4.49842570e-04, 2.69905548e-03, 4.49842570e-04,
       7.64732389e-03, 3.59874056e-03, 3.14889802e-03, 2.24921294e-03,
       4.49842570e-04, 1.34952774e-03, 1.79937028e-03, 0.,
       2.69905548e-03, 8.99685139e-04, 1.34952774e-03, 1.34952774e-03,
       2.69905548e-03, 4.49842587e-03, 4.49842570e-04, 0.,
       4.49842570e-04, 0., 3.14889802e-03, 8.99685139e-04,
       4.49842570e-04, 3.14889802e-03, 8.99685139e-04, 1.79937028e-03,
       4.49842570e-04, 0., 1.34952774e-03, 4.49842570e-04,
       4.49842587e-03, 1.79937028e-03, 4.49842570e-04, 4.49842570e-04,
       8.99685139e-04, 8.99685139e-04, 4.49842570e-04, 1.79937028e-03,
       1.79937028e-03, 0., 0., 2.69905548e-03, 1.34952774e-03,
       2.69905548e-03, 6.29779603e-03, 8.99685139e-04, 0.,
       4.49842570e-04, 1.34952774e-03, 0., 8.99685139e-04, 0.,
       8.99685139e-04, 8.99685139e-04, 4.49842570e-04, 8.99685139e-04,
       1.79937028e-03, 8.99685139e-04, 0., 1.34952774e-03,
       4.49842570e-04, 1.79937028e-03, 4.49842570e-04, 8.99685139e-04,
       1.79937028e-03, 4.49842570e-04, 4.49842570e-04, 8.99685139e-04,
       1.79937028e-03, 4.49842570e-04, 4.49842570e-04, 8.99685139e-04,
       8.99685139e-04, 0., 4.49842570e-04, 1.34952774e-03,
       8.99685139e-04, 3.59874056e-03, 1.34952774e-03, 2.24921294e-03,
       4.49842570e-04, 1.34952774e-03, 6.29779603e-03, 4.49842570e-04,
       1.79937028e-03, 1.34952774e-03, 1.34952774e-03, 4.49842570e-04,
       4.49842570e-04, 0., 4.49842570e-04, 1.34952774e-03,
       4.49842570e-04, 1.34952774e-03, 0., 8.99685139e-04, 0., 0.,
       1.34952774e-03, 4.49842570e-04, 4.49842570e-04, 4.49842570e-04,
       2.24921294e-03, 0., 0., 4.49842570e-04, 8.99685139e-04,
       2.24921294e-03, 8.99685139e-04, 8.99685139e-04, 4.49842570e-04,
       1.34952774e-03, 2.24921294e-03, 2.24921294e-03, 2.24921294e-03,
       4.49842587e-03, 8.99685139e-04, 1.34952774e-03, 1.79937028e-03,
