%YAML:1.0
m10n: !!opencv-matrix
   rows: 1
   cols: 800
   dt: f
   data: [ 0., 1.00775193e-02, 0., 0., 0., 2.32558139e-03,
       2.32558139e-03, 1.24031007e-02, 2.24806201e-02, 0., 0.,
       1.55038759e-03, 0., 7.75193796e-04, 0., 2.32558139e-03, 0., 0.,
       7.75193796e-04, 0., 0., 0., 7.75193796e-04, 0., 0.,
       7.75193796e-04, 0., 0., 7.75193796e-04, 2.32558139e-03,
       5.42635657e-03, 6.20155036e-03, 6.97674416e-03, 7.75193796e-04,
       0., 7.75193796e-04, 3.10077518e-03, 0., 1.55038759e-03,
       3.10077518e-03, 0., 0., 4.65116277e-03, 1.08527131e-02, 0.,
       7.75193796e-04, 0., 0., 0., 0., 0., 0., 7.75193796e-04, 0., 0.,
       3.10077518e-03, 7.75193796e-04, 0., 7.75193796e-04,
       3.10077518e-03, 7.75193796e-04, 5.42635657e-03, 0., 0.,
       2.32558139e-03, 7.75193796e-04, 0., 7.75193796e-04, 0., 0.,
       1.55038759e-03, 0., 0., 3.10077518e-03, 0., 7.75193796e-04,
       7.75193796e-04, 3.10077518e-03, 0., 1.24031007e-02, 0.,
       7.75193796e-04, 2.32558139e-03, 0., 0., 0., 0., 3.72093022e-02,
       7.75193796e-04, 0., 0., 0., 0., 0., 7.75193796e-04,
       7.75193796e-04, 7.75193796e-04, 1.55038759e-03, 0., 0.,
       3.10077518e-03, 7.75193796e-04, 0., 1.55038759e-03,
       7.75193796e-04, 0., 7.75193796e-04, 2.32558139e-03, 0.,
       1.55038759e-03, 7.75193796e-04, 0., 1.55038759e-03,
       7.75193796e-04, 1.55038759e-03, 0., 3.10077518e-03,
       3.10077518e-03, 2.32558139e-02, 0., 0., 0., 0., 0.,
       7.75193796e-04, 0., 2.32558139e-03, 1.55038759e-03, 0.,
       7.75193796e-04, 0., 3.10077518e-03, 0., 7.75193796e-04, 0.,
       2.32558139e-03, 0., 1.55038759e-03, 1.55038759e-03, 0.,
       7.75193796e-04, 1.55038759e-03, 0., 1.55038759e-03,
       3.87596898e-03, 0., 4.65116277e-03, 1.55038759e-03,
       2.32558139e-03, 1.55038759e-03, 0., 0., 1.55038759e-03, 0., 0.,
       0., 0., 3.87596898e-03, 0., 7.75193796e-04, 4.65116277e-03, 0.,
       7.75193796e-04, 0., 2.32558139e-03, 7.75193796e-04, 0., 0.,
       1.55038759e-03, 0., 0., 1.55038759e-03, 1.55038759e-03,
       1.55038759e-03, 7.75193796e-04, 1.55038759e-03, 7.75193796e-04,
       7.75193796e-04, 0., 2.32558139e-03, 7.75193796e-04,
       7.75193796e-04, 1.62790697e-02, 7.75193796e-04, 7.75193796e-04,
       3.10077518e-03, 7.75193796e-04, 0., 0., 1.55038759e-03, 0., 0.,
       0., 1.55038759e-03, 0., 7.75193796e-04, 3.87596898e-03,
       7.75193796e-04, 0., 7.75193796e-04, 0., 7.75193796e-04, 0.,
       7.75193796e-04, 7.75193796e-03, 1.55038759e-03, 0., 0., 0.,
       7.75193796e-04, 7.75193796e-04, 2.32558139e-03, 0., 0., 0.,
       1.55038759e-03, 7.75193796e-04, 8.52713175e-03, 1.55038759e-03,
       0., 0., 1.55038759e-03, 3.10077518e-03, 4.65116277e-03,
       2.32558139e-03, 0., 0., 0., 7.75193796e-04, 0., 7.75193796e-04,
       0., 0., 7.75193796e-04, 7.75193796e-04, 7.75193796e-04, 0.,
       1.55038759e-03, 7.75193796e-04, 7.75193796e-04, 0.,
       7.75193796e-04, 0., 1.55038759e-03, 0., 1.55038759e-03,
       2.32558139e-03, 7.75193796e-04, 7.75193796e-04, 0., 0.,
       1.55038759e-03, 0., 7.75193796e-04, 0., 7.75193796e-04, 0., 0.,
       0., 0., 0., 1.55038759e-03, 2.32558139e-03, 0., 0.,
       7.75193796e-04, 0., 7.75193796e-04, 0., 0., 0., 1.55038759e-03,
       0., 4.65116277e-03, 7.75193796e-04, 0., 7.75193796e-04,
       1.55038759e-03, 0., 0., 7.75193796e-04, 7.75193796e-04, 0.,
       1.55038759e-03, 1.55038759e-03, 1.55038759e-03, 2.32558139e-03,
       0., 0., 0., 7.75193796e-04, 0., 1.55038759e-03, 0.,
       6.20155036e-03, 1.08527131e-02, 1.55038759e-03, 7.75193796e-04,
       0., 7.75193796e-04, 0., 7.75193796e-04, 1.55038759e-03,
       7.75193796e-04, 0., 0., 3.87596898e-03, 3.87596898e-03,
       7.75193796e-04, 2.32558139e-03, 2.32558139e-03, 0.,
       7.75193796e-04, 0., 0., 7.75193796e-04, 0., 0., 1.55038759e-03,
       7.75193796e-04, 7.75193796e-04, 0., 7.75193796e-04, 0., 0.,
       1.55038759e-03, 3.10077518e-03, 0., 1.55038759e-03, 0., 0.,
       2.32558139e-03, 0., 0., 1.55038759e-03, 7.75193796e-04,
       3.10077518e-03, 4.65116277e-03, 2.32558139e-03, 0., 0., 0., 0.,
       7.75193796e-04, 0., 0., 7.75193796e-04, 2.32558139e-03,
       1.55038759e-03, 1.55038759e-03, 0., 0., 7.75193796e-04, 0., 0.,
       7.75193796e-04, 0., 1.55038759e-03, 0., 2.32558139e-03,
       2.32558139e-03, 7.75193796e-04, 0., 2.32558139e-03,
       7.75193796e-04, 0., 2.32558139e-03, 4.65116277e-03,
       7.75193796e-04, 0., 0., 1.55038759e-03, 7.75193796e-04,
       7.75193796e-04, 1.55038759e-03, 0., 0., 7.75193796e-04, 0., 0.,
       0., 1.55038759e-03, 3.10077518e-03, 7.75193796e-04, 0.,
       1.55038759e-03, 0., 0., 1.55038759e-03, 2.32558139e-03, 0.,
       1.55038759e-03, 1.55038759e-03, 7.75193796e-04, 0., 0.,
       7.75193796e-04, 0., 0., 6.97674416e-03, 0., 0., 7.75193796e-04,
       0., 0., 0., 0., 7.75193796e-04, 1.55038759e-03, 0., 0.,
       7.75193796e-04, 5.42635657e-03, 7.75193796e-03, 7.75193796e-04,
       7.75193796e-04, 7.75193796e-04, 3.10077518e-03, 0.,
       1.55038759e-03, 0., 0., 0., 0., 0., 7.75193796e-04,
       1.55038759e-03, 0., 0., 0., 7.75193796e-04, 1.55038759e-03,
       4.65116277e-03, 1.55038759e-03, 7.75193796e-04, 7.75193796e-04,
       0., 3.87596898e-03, 0., 7.75193796e-04, 7.75193796e-04,
       7.75193796e-04, 8.52713175e-03, 0., 7.75193796e-04,
       7.75193796e-04, 6.97674416e-03, 0., 0., 0., 2.32558139e-03,
       3.10077518e-03, 7.75193796e-04, 0., 7.75193796e-04,
       2.32558139e-03, 1.55038759e-03, 7.75193796e-04, 0., 0., 0.,
       7.75193796e-04, 2.32558139e-03, 3.87596898e-03, 1.55038759e-03,
       0., 0., 3.10077518e-03, 1.55038759e-03, 7.75193796e-04,
       1.55038759e-03, 0., 7.75193796e-04, 7.75193796e-04,
       7.75193796e-04, 7.75193796e-04, 6.97674416e-03, 7.75193796e-04,
       4.65116277e-03, 7.75193796e-04, 5.42635657e-03, 2.32558139e-03,
       7.75193796e-04, 0., 0., 7.75193796e-04, 7.75193796e-04,
       7.75193796e-04, 1.55038759e-03, 0., 0., 0., 0., 3.87596898e-03,
       0., 0., 0., 6.20155036e-03, 0., 0., 7.75193796e-04,
       1.55038759e-03, 0., 3.87596898e-03, 0., 1.55038759e-03, 0., 0.,
       0., 2.32558139e-03, 0., 6.20155036e-03, 0., 7.75193796e-04, 0.,
       3.10077518e-03, 0., 3.10077518e-03, 7.75193796e-04,
       3.10077518e-03, 0., 0., 0., 7.75193796e-04, 0., 0., 0.,
       7.75193796e-03, 0., 1.55038759e-03, 0., 1.55038759e-03,
       1.55038759e-03, 7.75193796e-04, 0., 7.75193796e-04, 0., 0.,
       7.75193796e-04, 3.87596898e-03, 1.55038759e-03, 7.75193796e-04,
       7.75193796e-04, 1.55038759e-03, 2.32558139e-03, 0., 0.,
       7.75193796e-04, 7.75193796e-04, 0., 7.75193796e-04,
       1.55038759e-03, 0., 1.55038759e-03, 7.75193796e-04,
       1.55038759e-03, 2.32558139e-03, 0., 2.32558139e-03, 0.,
       6.97674416e-03, 5.42635657e-03, 0., 7.75193796e-04,
       7.75193796e-04, 7.75193796e-04, 0., 0., 0., 7.75193796e-04, 0.,
       1.55038759e-03, 1.55038759e-03, 7.75193796e-04, 1.55038759e-03,
       8.52713175e-03, 0., 0., 1.55038759e-03, 7.75193796e-04,
       2.32558139e-03, 7.75193796e-04, 7.75193796e-04, 3.10077518e-03,
       4.65116277e-03, 7.75193796e-04, 7.75193796e-04, 0., 0., 0., 0.,
       1.55038759e-03, 1.55038759e-03, 2.32558139e-03, 1.55038759e-03,
       7.75193796e-04, 0., 0., 1.55038759e-03, 7.75193796e-03, 0.,
       3.10077518e-03, 7.75193796e-04, 7.75193796e-04, 1.55038759e-03,
       0., 0., 7.75193796e-04, 7.75193796e-04, 3.87596898e-03,
       7.75193796e-04, 0., 7.75193796e-04, 2.32558139e-03, 0., 0.,
       2.32558139e-03, 7.75193796e-04, 7.75193796e-04, 0.,
       7.75193796e-04, 7.75193796e-04, 0., 0., 1.55038759e-03,
       1.55038759e-03, 7.75193796e-04, 3.10077518e-03, 7.75193796e-04,
       7.75193796e-04, 7.75193796e-04, 2.32558139e-03, 0., 0.,
       7.75193796e-04, 0., 0., 7.75193796e-04, 1.55038759e-03,
       1.55038759e-03, 0., 0., 7.75193796e-04, 0., 0., 1.55038759e-03,
       3.10077518e-03, 0., 1.55038759e-03, 2.32558139e-03,
