%YAML:1.0
m10n: !!opencv-matrix
   rows: 1
   cols: 800
   dt: f
   data: [ 3.54107644e-04, 3.18696885e-03, 1.41643058e-03,
       7.08215288e-04, 1.41643058e-03, 3.54107644e-04, 1.06232287e-03,
       0., 3.54107644e-04, 1.77053828e-03, 1.06232287e-03,
       2.12464575e-03, 1.77053828e-03, 1.06232287e-03, 1.77053828e-03,
       1.06232287e-03, 1.06232287e-03, 3.54107644e-04, 0.,
       7.08215288e-04, 1.41643058e-03, 1.06232287e-03, 7.08215288e-04,
       7.08215288e-04, 2.51416434e-02, 1.77053828e-03, 7.08215288e-04,
       2.12464575e-03, 1.06232287e-03, 3.54107644e-04, 2.83286115e-03,
       1.41643058e-03, 1.77053828e-03, 0., 1.06232287e-03,
       7.08215288e-04, 3.54107644e-04, 1.06232287e-03, 7.08215288e-04,
       1.41643058e-03, 2.47875345e-03, 3.18696885e-03, 3.54107644e-04,
       3.89518403e-03, 2.12464575e-03, 7.08215288e-04, 7.08215288e-04,
       3.18696885e-03, 2.12464575e-03, 1.77053828e-03, 7.08215288e-04,
       3.54107644e-04, 1.06232287e-03, 2.12464575e-03, 7.08215288e-04,
       1.06232287e-03, 6.37393771e-03, 3.54107644e-04, 3.54107644e-04,
       2.47875345e-03, 3.54107644e-04, 2.47875345e-03, 4.24929149e-03,
       2.47875345e-03, 1.41643058e-03, 1.06232287e-03, 0.,
       1.06232287e-03, 3.54107644e-04, 2.47875345e-03, 2.12464575e-03,
       1.41643058e-03, 7.08215288e-04, 1.41643058e-03, 1.77053828e-03,
       2.83286115e-03, 1.41643058e-03, 7.08215288e-04, 3.54107644e-04,
       1.77053828e-03, 1.06232287e-03, 7.08215288e-04, 3.54107644e-04,
       1.77053828e-03, 0., 2.47875345e-03, 7.08215288e-04,
       4.60339943e-03, 7.08215288e-04, 3.18696885e-03, 7.08215288e-04,
       0., 3.54107644e-04, 1.41643058e-03, 2.47875345e-03,
       1.41643058e-03, 0., 1.06232287e-03, 7.08215288e-04,
       2.47875345e-03, 1.41643058e-03, 3.54107644e-04, 2.12464575e-03,
       7.08215288e-04, 2.12464575e-03, 1.77053828e-03, 1.77053828e-03,
       1.06232287e-03, 1.06232287e-03, 1.06232287e-03, 1.06232287e-03,
       1.77053828e-03, 7.08215288e-04, 3.54107644e-04, 7.08215288e-04,
       1.06232287e-03, 7.08215288e-04, 3.54107644e-04, 2.47875345e-03,
       7.08215288e-04, 7.08215288e-04, 7.08215288e-04, 0.,
       2.12464575e-03, 1.06232287e-03, 0., 1.06232287e-03, 0., 0.,
       1.06232287e-03, 2.83286115e-03, 1.06232287e-03, 3.54107656e-03,
       7.08215288e-04, 7.08215288e-04, 8.14447552e-03, 1.77053828e-03,
       3.54107644e-04, 1.41643058e-03, 7.08215288e-04, 3.54107644e-04,
       2.12464575e-03, 1.06232287e-03, 1.06232287e-03, 7.08215288e-04,
       2.12464575e-03, 3.54107644e-04, 1.06232287e-03, 2.47875345e-03,
       0., 7.08215288e-04, 2.47875345e-03, 7.08215288e-04,
       1.06232287e-03, 1.41643058e-03, 0., 1.06232287e-03, 0.,
       7.08215288e-04, 7.08215288e-04, 3.54107644e-04, 0.,
       3.54107644e-04, 3.54107644e-04, 3.54107644e-04, 7.08215288e-04,
       1.06232287e-03, 1.77053828e-03, 1.06232287e-03, 0., 0.,
       1.41643058e-03, 7.08215288e-04, 1.41643058e-03, 3.54107656e-03,
       7.08215288e-04, 7.08215288e-04, 1.73512753e-02, 7.08215288e-04,
       1.77053828e-03, 1.41643058e-03, 7.08215288e-04, 2.47875345e-03,
       1.41643058e-03, 0., 0., 3.54107644e-04, 0., 1.06232287e-03,
       3.18696885e-03, 2.83286115e-03, 2.12464575e-03, 5.31161483e-03,
       3.54107644e-04, 3.54107644e-04, 7.08215288e-04, 3.54107644e-04,
       3.54107644e-04, 1.77053828e-03, 7.08215288e-04, 2.83286115e-03,
       2.12464575e-03, 2.12464575e-03, 1.13314446e-02, 1.41643058e-03,
       1.06232287e-03, 1.41643058e-03, 7.08215288e-04, 1.41643058e-03,
       7.08215288e-04, 3.54107644e-04, 3.54107644e-04, 1.77053828e-03,
       1.06232287e-03, 2.12464575e-03, 3.54107644e-04, 3.54107644e-04,
       1.06232287e-03, 3.54107644e-04, 7.08215288e-04, 3.54107644e-04,
       1.06232287e-03, 3.54107644e-04, 1.06232287e-03, 0.,
       7.08215288e-04, 2.12464575e-03, 3.54107644e-04, 1.06232287e-03,
       7.08215288e-04, 1.41643058e-03, 1.77053828e-03, 7.08215288e-04,
       1.41643058e-03, 1.06232287e-03, 0., 1.77053828e-03,
       1.06232287e-03, 3.54107644e-04, 3.54107644e-04, 1.41643058e-03,
       3.54107644e-04, 7.08215288e-04, 1.02691213e-02, 1.41643058e-03,
       1.06232287e-03, 1.41643058e-03, 1.77053828e-03, 3.54107644e-04,
       7.08215288e-04, 3.54107644e-04, 1.06232287e-03, 3.54107644e-04,
       7.08215288e-04, 3.54107644e-04, 1.77053828e-03, 3.54107644e-04,
       0., 1.06232287e-03, 1.06232287e-03, 1.41643058e-03, 0., 0.,
       7.08215288e-04, 1.06232287e-03, 3.89518403e-03, 2.83286115e-03,
       3.54107656e-03, 7.08215288e-04, 1.06232287e-03, 1.77053828e-03,
       3.54107644e-04, 7.08215288e-04, 1.06232287e-03, 3.54107644e-04,
       1.41643058e-03, 1.06232287e-03, 2.12464575e-03, 1.41643058e-03,
       3.54107644e-04, 1.41643058e-03, 3.18696885e-03, 3.54107644e-04,
       2.12464575e-03, 1.06232287e-03, 1.06232287e-03, 7.08215288e-04,
       0., 1.77053828e-03, 7.08215288e-04, 2.47875345e-03,
       3.54107644e-04, 7.08215288e-04, 0., 3.18696885e-03,
       7.08215288e-04, 1.77053828e-03, 0., 0., 0., 7.08215288e-04, 0.,
       1.77053828e-03, 3.54107644e-04, 1.06232287e-03, 3.54107644e-04,
       1.41643058e-03, 0., 7.08215288e-04, 3.54107656e-03,
       7.08215288e-04, 7.08215288e-04, 3.54107644e-04, 2.83286115e-03,
       2.47875345e-03, 0., 7.08215288e-04, 7.08215288e-04,
       3.54107644e-04, 7.08215288e-04, 7.08215288e-04, 7.08215288e-04,
       7.08215288e-04, 7.08215288e-04, 0., 3.54107644e-04,
       7.08215288e-04, 5.31161483e-03, 1.06232287e-03, 2.83286115e-03,
       1.41643058e-03, 7.08215288e-04, 2.12464575e-03, 7.79036805e-03,
       1.77053828e-03, 3.18696885e-03, 0., 3.54107644e-04,
       3.54107644e-04, 3.54107644e-04, 7.08215288e-04, 1.06232287e-03,
       3.54107644e-04, 7.08215288e-04, 7.08215288e-04, 7.08215288e-04,
       0., 3.54107644e-04, 7.08215288e-04, 3.54107644e-04,
       7.08215288e-04, 3.54107644e-04, 1.06232287e-03, 7.08215288e-04,
       3.54107656e-03, 7.08215288e-04, 3.54107644e-04, 1.06232287e-03,
       7.08215288e-04, 6.37393771e-03, 0., 7.08215288e-04,
       2.12464575e-03, 7.08215288e-04, 3.54107644e-04, 1.41643058e-03,
       3.54107644e-04, 3.54107644e-04, 6.01982977e-03, 7.08215288e-04,
       2.47875345e-03, 7.08215288e-04, 1.06232287e-03, 1.06232287e-03,
       3.54107644e-04, 3.54107644e-04, 1.06232287e-03, 3.54107644e-04,
       3.54107656e-03, 0., 2.83286115e-03, 2.12464575e-03, 0.,
       7.08215288e-04, 1.41643058e-03, 3.54107644e-04, 3.54107644e-04,
       3.54107644e-04, 1.06232287e-03, 1.41643058e-03, 5.66572230e-03,
       6.72804518e-03, 0., 1.06232287e-03, 1.77053828e-03,
       1.41643058e-03, 2.12464575e-03, 3.54107644e-04, 3.54107644e-04,
       1.41643058e-03, 3.54107644e-04, 7.08215288e-04, 1.06232287e-03,
       7.08215288e-04, 3.54107644e-04, 1.41643058e-03, 1.77053828e-03,
       3.54107644e-04, 3.54107644e-04, 0., 1.06232287e-03,
       1.77053828e-03, 1.41643058e-03, 0., 7.08215288e-04,
       3.89518403e-03, 3.18696885e-03, 1.06232287e-03, 1.77053828e-03,
       1.06232287e-03, 1.77053828e-03, 3.54107644e-04, 1.41643058e-03,
       3.54107656e-03, 1.77053828e-03, 1.06232287e-03, 1.06232287e-03,
       0., 2.83286115e-03, 1.41643058e-03, 7.08215288e-04,
       7.08215288e-04, 2.83286115e-03, 7.08215288e-04, 3.18696885e-03,
       0., 3.54107644e-04, 3.54107644e-04, 3.54107644e-04,
       1.41643058e-03, 7.08215288e-04, 1.77053828e-03, 0.,
       7.08215288e-04, 1.06232287e-03, 1.41643058e-03, 1.41643058e-03,
       0., 7.08215288e-04, 1.06232287e-03, 2.12464575e-03,
       2.83286115e-03, 1.77053828e-03, 7.08215288e-04, 1.77053828e-03,
       3.54107644e-04, 3.54107644e-04, 1.77053828e-03, 1.06232287e-03,
       2.12464575e-03, 1.06232287e-03, 3.54107644e-04, 1.41643058e-03,
       7.08215288e-04, 7.08215288e-04, 1.41643058e-03, 7.08215288e-04,
       0., 7.08215288e-04, 2.12464575e-03, 3.54107656e-03, 0.,
       3.54107644e-04, 0., 1.77053828e-03, 0., 0., 3.54107644e-04,
       3.54107656e-03, 7.08215288e-04, 1.06232287e-03, 1.06232287e-03,
