%YAML:1.0
m10n: !!opencv-matrix
   rows: 1
   cols: 800
   dt: f
   data: [ 1.46950770e-03, 1.46950770e-03, 1.10213074e-03,
       1.10213074e-03, 7.34753849e-04, 1.46950770e-03, 1.46950770e-03,
       0., 7.34753849e-04, 2.57163844e-03, 3.30639235e-03,
       1.46950770e-03, 2.57163844e-03, 5.14327688e-03, 3.67376924e-04,
       7.34753849e-04, 3.30639235e-03, 3.30639235e-03, 7.34753849e-04,
       7.34753849e-04, 7.34753849e-04, 2.20426149e-03, 7.34753849e-04,
       0., 3.67376924e-04, 1.46950770e-03, 1.46950770e-03,
       7.34753860e-03, 0., 0., 0., 7.34753849e-04, 1.46950770e-03,
       1.10213074e-03, 3.67376924e-04, 7.34753849e-04, 7.34753849e-04,
       7.34753849e-04, 5.14327688e-03, 7.34753849e-04, 2.20426149e-03,
       1.46950770e-03, 3.67376924e-04, 1.83688465e-03, 0.,
       7.34753849e-04, 7.34753849e-04, 3.67376924e-04, 3.67376924e-04,
       1.10213074e-03, 0., 7.34753849e-04, 3.67376924e-04,
       2.20426149e-03, 3.67376924e-04, 2.20426149e-03, 3.67376924e-04,
       3.67376924e-04, 1.46950770e-03, 1.83688465e-03, 7.34753849e-04,
       1.83688465e-03, 1.10213074e-03, 2.93901539e-03, 3.30639235e-03,
       3.67376924e-04, 0., 1.10213074e-03, 1.10213074e-03,
       3.67376924e-04, 2.57163844e-03, 1.46950770e-03, 0.,
       1.46950770e-03, 1.46950770e-03, 1.10213074e-03, 1.10213074e-03,
       2.20426149e-03, 5.14327688e-03, 2.20426149e-03, 0.,
       3.67376924e-04, 2.57163844e-03, 3.67376924e-04, 1.46950770e-03,
       1.10213074e-03, 3.67376924e-04, 6.61278469e-03, 4.04114602e-03,
       2.57163844e-03, 1.10213074e-03, 1.10213074e-03, 1.46950770e-03,
       3.67376924e-04, 7.34753849e-04, 0., 1.46950770e-03,
       1.83688465e-03, 3.67376924e-04, 1.10213074e-03, 7.34753849e-04,
       0., 2.57163844e-03, 3.67376924e-04, 3.67376924e-04,
       3.67376930e-03, 3.67376930e-03, 1.10213074e-03, 1.46950770e-03,
       1.46950770e-03, 2.20426149e-03, 3.30639235e-03, 0.,
       3.67376924e-04, 2.93901539e-03, 3.67376924e-04, 7.34753849e-04,
       7.34753849e-04, 3.67376924e-04, 1.10213074e-03, 7.34753849e-04,
       2.20426149e-03, 0., 1.10213074e-03, 0., 1.83688465e-03,
       1.83688465e-03, 7.34753849e-04, 4.04114602e-03, 7.34753849e-04,
       2.20426149e-03, 7.34753849e-04, 2.20426149e-03, 7.34753849e-04,
       2.57163844e-03, 3.67376924e-04, 1.10213074e-03, 7.34753849e-04,
       1.46950770e-03, 1.46950770e-03, 3.30639235e-03, 2.57163844e-03,
       3.67376924e-04, 3.67376924e-04, 2.20426149e-03, 3.67376924e-04,
       0., 3.67376924e-04, 0., 2.20426149e-03, 1.83688465e-03, 0.,
       2.20426149e-03, 7.34753849e-04, 3.67376924e-04, 1.83688465e-03,
       0., 2.93901539e-03, 3.67376924e-04, 2.57163844e-03,
       3.67376924e-04, 0., 7.34753849e-04, 7.34753849e-04,
       1.10213074e-03, 0., 0., 2.20426149e-03, 0., 7.34753849e-04,
       1.10213074e-03, 0., 1.10213074e-03, 1.10213074e-03,
       3.67376924e-04, 0., 1.10213074e-03, 3.67376924e-04,
       2.20426149e-03, 1.46950770e-03, 1.10213074e-03, 2.93901539e-03,
       7.34753849e-04, 7.34753849e-04, 2.57163844e-03, 1.10213074e-03,
       1.10213074e-03, 2.20426149e-03, 0., 3.30639235e-03, 0.,
       1.46950770e-03, 1.46950770e-03, 1.46950770e-03, 1.46950770e-03,
       3.67376924e-04, 1.10213074e-03, 2.20426149e-03, 1.10213074e-03,
       0., 5.51065383e-03, 2.20426149e-03, 3.67376930e-03,
       2.93901539e-03, 3.67376924e-04, 1.46950770e-03, 2.57163844e-03,
       1.83688465e-03, 1.10213074e-03, 1.46950770e-03, 2.57163844e-03,
       3.30639235e-03, 3.67376924e-04, 3.30639235e-03, 7.34753849e-04,
       0., 2.20426149e-03, 2.93901539e-03, 0., 7.34753849e-04,
       7.34753849e-04, 3.67376924e-04, 2.57163844e-03, 0.,
       3.67376924e-04, 3.67376930e-03, 2.57163844e-03, 1.46950770e-03,
       1.46950770e-03, 1.83688465e-03, 0., 2.20426149e-03,
       7.34753849e-04, 3.67376924e-04, 3.67376924e-04, 1.10213074e-03,
       3.30639235e-03, 3.67376924e-04, 7.34753849e-04, 0.,
       3.67376930e-03, 1.46950770e-03, 1.83688465e-03, 0.,
       3.30639235e-03, 3.30639235e-03, 3.30639235e-03, 1.83688465e-03,
       0., 3.30639235e-03, 4.40852297e-03, 2.20426149e-03,
       1.46950770e-03, 1.83688465e-03, 1.83688465e-03, 0.,
       1.83688465e-03, 2.93901539e-03, 2.20426149e-03, 1.83688465e-03,
       2.20426149e-03, 1.10213074e-03, 0., 7.34753849e-04,
       1.10213074e-03, 7.34753849e-04, 0., 0., 0., 3.30639235e-03,
       3.67376924e-04, 0., 7.34753849e-04, 7.34753849e-04,
       2.93901539e-03, 0., 1.10213074e-03, 2.20426149e-03, 0.,
       1.83688465e-03, 7.34753849e-04, 0., 2.57163844e-03,
       1.83688465e-03, 0., 0., 3.67376924e-04, 7.34753849e-04,
       3.67376924e-04, 1.46950770e-03, 4.04114602e-03, 2.20426149e-03,
       0., 1.83688465e-03, 0., 1.10213074e-03, 0., 1.83688465e-03,
       1.83688465e-03, 0., 2.57163844e-03, 2.20426149e-03,
       2.93901539e-03, 0., 1.83688465e-03, 1.46950770e-03,
       1.83688465e-03, 3.67376924e-04, 2.20426149e-03, 2.20426149e-03,
       3.67376924e-04, 0., 3.67376930e-03, 3.67376924e-04,
       7.34753849e-04, 7.34753849e-04, 2.20426149e-03, 1.83688465e-03,
       0., 0., 3.67376930e-03, 1.46950770e-03, 1.83688465e-03,
       3.67376924e-04, 1.10213074e-03, 3.67376930e-03, 3.67376924e-04,
       3.67376924e-04, 1.83688465e-03, 3.30639235e-03, 2.93901539e-03,
       0., 0., 3.67376924e-04, 3.67376924e-04, 2.57163844e-03,
       3.30639235e-03, 7.34753849e-04, 7.34753849e-04, 1.46950770e-03,
       1.83688465e-03, 7.34753849e-04, 0., 3.67376930e-03,
       2.20426149e-03, 2.93901539e-03, 2.20426149e-03, 3.67376924e-04,
       3.67376924e-04, 2.93901539e-03, 1.10213074e-03, 0., 0.,
       2.57163844e-03, 0., 7.34753849e-04, 2.57163844e-03, 0.,
       3.67376930e-03, 1.10213074e-03, 3.67376924e-04, 2.93901539e-03,
       3.67376924e-04, 3.67376924e-04, 3.67376924e-04, 0.,
       1.46950770e-03, 1.10213074e-03, 0., 0., 2.20426149e-03,
       2.20426149e-03, 0., 7.34753849e-04, 1.10213074e-03,
       1.46950770e-03, 3.67376924e-04, 3.67376924e-04, 3.67376924e-04,
       1.46950770e-03, 7.34753849e-04, 1.46950770e-03, 1.10213074e-03,
       1.46950770e-03, 0., 1.10213074e-03, 2.20426149e-03,
       1.10213074e-03, 3.30639235e-03, 1.46950770e-03, 1.10213074e-03,
       7.34753849e-04, 0., 0., 2.20426149e-03, 1.83688465e-03, 0., 0.,
       0., 3.67376924e-04, 0., 5.14327688e-03, 0., 2.57163844e-03,
       7.34753849e-04, 0., 3.67376924e-04, 3.67376930e-03, 0., 0., 0.,
       0., 7.34753849e-04, 3.67376930e-03, 0., 3.67376924e-04,
       7.34753849e-04, 0., 3.67376924e-04, 3.67376924e-04,
       3.67376924e-04, 2.20426149e-03, 2.57163844e-03, 0.,
       3.67376924e-04, 2.93901539e-03, 3.67376924e-04, 3.67376924e-04,
       3.67376924e-04, 1.10213074e-03, 1.10213074e-03, 7.34753849e-04,
       2.93901539e-03, 3.67376924e-04, 7.34753849e-04, 2.93901539e-03,
       1.10213074e-03, 0., 2.93901539e-03, 0., 1.10213074e-03,
       1.46950770e-03, 3.67376924e-04, 3.67376924e-04, 7.34753849e-04,
       0., 0., 2.57163844e-03, 1.10213074e-03, 4.40852297e-03,
       1.46950770e-03, 1.46950770e-03, 0., 1.10213074e-03,
       1.83688465e-03, 0., 0., 2.93901539e-03, 1.46950770e-03,
       1.83688465e-03, 0., 0., 7.34753849e-04, 1.10213074e-03,
       2.20426149e-03, 2.20426149e-03, 3.67376924e-04, 7.34753849e-04,
       1.83688465e-03, 7.34753849e-04, 3.67376924e-04, 3.67376924e-04,
       4.77589993e-03, 1.83688465e-03, 0., 3.67376924e-04,
       2.20426149e-03, 7.34753849e-04, 7.34753849e-04, 1.83688465e-03,
       3.67376924e-04, 3.67376924e-04, 2.20426149e-03, 1.10213074e-03,
       0., 0., 2.57163844e-03, 0., 1.10213074e-03, 7.34753849e-04,
       1.83688465e-03, 1.46950770e-03, 3.67376924e-04, 0.,
       1.10213074e-03, 2.93901539e-03, 7.34753849e-04, 7.34753849e-04,
       3.67376924e-04, 3.67376924e-04, 1.10213074e-03, 7.34753849e-04,
       0., 3.67376924e-04, 7.34753849e-04, 2.93901539e-03, 0.,
       1.46950770e-03, 1.46950770e-03, 0., 3.67376924e-04,
       1.10213074e-03, 7.34753849e-04, 0., 1.83688465e-03,
