%YAML:1.0
m10n: !!opencv-matrix
   rows: 1
   cols: 800
   dt: f
   data: [ 8.21018068e-04, 4.92610829e-03, 2.05254508e-03, 0.,
       8.21018068e-04, 0., 1.64203614e-03, 4.10509034e-04, 0.,
       3.28407227e-03, 8.21018068e-04, 8.21018068e-04, 4.10509034e-04,
       2.05254508e-03, 4.10509016e-03, 4.10509034e-04, 2.46305414e-03,
       1.64203614e-03, 8.21018068e-04, 1.23152707e-03, 1.64203614e-03,
       8.21018068e-04, 2.87356321e-03, 1.23152707e-03, 4.10509034e-04,
       8.21018068e-04, 1.64203614e-03, 8.21018068e-04, 4.51559946e-03,
       1.23152707e-03, 1.23152707e-03, 4.10509034e-04, 4.10509016e-03,
       4.10509034e-04, 0., 4.10509016e-03, 4.10509034e-04,
       2.46305414e-03, 8.21018068e-04, 4.10509034e-04, 8.21018068e-04,
       1.23152707e-03, 0., 4.10509034e-04, 2.46305414e-03,
       3.69458133e-03, 4.10509034e-04, 8.21018068e-04, 2.05254508e-03,
       0., 8.21018068e-04, 1.23152707e-03, 4.10509034e-04,
       4.10509034e-04, 3.28407227e-03, 8.21018068e-04, 2.05254508e-03,
       3.28407227e-03, 8.21018068e-04, 1.23152707e-03, 0.,
       8.21018068e-04, 0., 8.62068962e-03, 1.64203614e-03,
       1.23152707e-03, 1.64203614e-03, 0., 8.21018068e-04,
       4.10509034e-04, 8.21018068e-04, 4.10509034e-04, 8.21018068e-04,
       4.10509034e-04, 8.21018068e-04, 2.46305414e-03, 0., 0.,
       2.05254508e-03, 5.33661759e-03, 0., 0., 2.05254508e-03,
       3.69458133e-03, 2.05254508e-03, 0., 8.21018068e-04,
       2.05254508e-03, 1.64203614e-03, 8.21018068e-04, 8.21018068e-04,
       1.23152707e-03, 2.05254508e-03, 4.10509034e-04, 1.64203614e-03,
       0., 4.10509034e-04, 2.05254508e-03, 4.10509034e-04,
       8.21018068e-04, 1.64203614e-03, 2.05254508e-03, 1.64203614e-03,
       4.10509034e-04, 4.10509034e-04, 3.28407227e-03, 8.21018068e-04,
       1.64203614e-03, 0., 8.21018068e-04, 0., 1.23152707e-03,
       6.56814454e-03, 8.21018068e-04, 0., 0., 0., 8.21018068e-04,
       1.23152707e-03, 4.10509034e-04, 1.64203614e-03, 1.64203614e-03,
       6.15763571e-03, 8.21018068e-04, 0., 4.10509034e-04,
       8.21018068e-04, 1.64203614e-03, 4.10509016e-03, 1.64203614e-03,
       4.10509034e-04, 1.23152707e-03, 4.10509016e-03, 4.10509034e-04,
       1.23152707e-03, 0., 4.10509034e-04, 4.10509034e-04,
       4.10509034e-04, 4.92610829e-03, 2.05254508e-03, 1.64203614e-03,
       0., 3.69458133e-03, 8.21018068e-04, 1.23152707e-03,
       4.10509034e-04, 0., 4.10509034e-04, 8.21018068e-04,
       3.69458133e-03, 0., 0., 8.21018068e-04, 8.21018068e-04,
       4.10509034e-04, 8.21018068e-04, 4.10509016e-03, 8.21018068e-04,
       8.21018068e-04, 0., 1.64203614e-03, 4.10509034e-04,
       4.10509034e-04, 0., 8.21018068e-04, 1.64203614e-03,
       8.21018068e-04, 4.10509034e-04, 1.64203614e-03, 1.23152707e-03,
       2.87356321e-03, 2.46305414e-03, 0., 1.64203614e-03,
       4.10509034e-04, 0., 4.10509034e-04, 2.46305414e-03,
       3.28407227e-03, 3.28407227e-03, 2.87356321e-03, 1.23152707e-03,
       1.23152707e-03, 2.05254508e-03, 8.21018068e-04, 1.23152707e-03,
       0., 0., 4.10509034e-04, 2.05254508e-03, 4.10509034e-04,
       3.69458133e-03, 0., 0., 1.64203614e-03, 8.21018068e-04,
       8.21018068e-04, 0., 1.23152707e-03, 1.23152707e-03,
       1.23152707e-03, 1.23152707e-03, 1.23152707e-03, 4.10509034e-04,
       2.46305414e-03, 2.46305414e-03, 6.97865337e-03, 2.46305414e-03,
       4.10509034e-04, 2.05254508e-03, 4.10509034e-04, 0., 0., 0.,
       8.21018068e-04, 3.28407227e-03, 0., 1.64203614e-03,
       1.64203614e-03, 0., 5.74712642e-03, 2.87356321e-03,
       8.21018068e-04, 4.10509034e-04, 4.10509034e-04, 2.05254508e-03,
       1.23152707e-03, 2.05254508e-03, 1.64203614e-03, 2.87356321e-03,
       2.05254508e-03, 0., 8.21018068e-04, 4.10509034e-04,
       8.21018068e-04, 1.23152707e-03, 4.10509034e-04, 1.64203614e-03,
       0., 2.87356321e-03, 3.28407227e-03, 2.05254508e-03,
       4.10509034e-04, 1.23152707e-03, 4.10509034e-04, 1.64203614e-03,
       1.23152707e-03, 1.23152707e-03, 1.23152707e-03, 8.21018068e-04,
       1.23152707e-03, 8.21018068e-04, 2.05254508e-03, 8.21018068e-04,
       1.64203614e-03, 1.64203614e-03, 4.10509034e-04, 1.64203614e-03,
       2.05254508e-03, 1.23152707e-03, 4.10509034e-04, 4.10509034e-04,
       0., 8.21018068e-04, 8.21018068e-04, 0., 9.85221658e-03,
       1.23152707e-03, 1.23152707e-03, 2.05254508e-03, 1.23152707e-03,
       3.69458133e-03, 4.10509034e-04, 8.21018068e-04, 0., 0.,
       1.64203614e-03, 2.46305414e-03, 8.21018068e-04, 4.10509034e-04,
       2.05254508e-03, 8.21018068e-04, 8.21018068e-04, 2.05254508e-03,
       8.21018068e-04, 1.64203614e-03, 8.21018068e-04, 4.10509016e-03,
       4.10509034e-04, 4.10509034e-04, 1.23152707e-03, 0.,
       4.10509034e-04, 2.46305414e-03, 4.92610829e-03, 3.28407227e-03,
       4.10509034e-04, 4.10509034e-04, 4.10509034e-04, 4.10509034e-04,
       1.64203614e-03, 2.05254508e-03, 1.23152707e-03, 8.21018068e-04,
       8.21018068e-04, 1.64203614e-03, 0., 3.69458133e-03, 0.,
       3.28407227e-03, 4.10509034e-04, 3.28407227e-03, 4.10509034e-04,
       1.64203614e-03, 5.33661759e-03, 8.21018068e-04, 8.21018068e-04,
       1.23152707e-03, 0., 8.21018068e-04, 1.23152707e-03,
       4.10509034e-04, 0., 4.10509034e-04, 1.23152707e-03,
       1.64203614e-03, 1.64203614e-03, 1.64203614e-03, 1.64203614e-03,
       4.10509034e-04, 0., 8.21018068e-04, 2.87356321e-03,
       4.10509034e-04, 2.05254508e-03, 1.64203614e-03, 4.10509034e-04,
       1.64203614e-03, 0., 2.05254508e-03, 4.10509034e-04,
       1.23152707e-03, 8.21018068e-04, 1.64203614e-03, 1.23152707e-03,
       8.21018068e-04, 8.21018068e-04, 3.69458133e-03, 0.,
       1.64203614e-03, 8.21018068e-04, 0., 8.21018068e-04,
       4.10509034e-04, 4.10509034e-04, 0., 4.10509034e-04,
       8.21018068e-04, 1.23152707e-03, 1.23152707e-03, 1.23152707e-03,
       4.10509034e-04, 0., 4.10509016e-03, 2.05254508e-03,
       2.05254508e-03, 1.23152707e-03, 4.10509034e-04, 2.87356321e-03,
       4.51559946e-03, 8.21018068e-04, 8.21018068e-04, 1.64203614e-03,
       4.10509016e-03, 8.21018068e-04, 8.21018068e-04, 0.,
       8.21018068e-04, 4.10509034e-04, 4.10509034e-04, 0., 0.,
       4.10509034e-04, 0., 2.05254508e-03, 8.21018068e-04,
       8.21018068e-04, 8.21018068e-04, 8.21018068e-04, 2.87356321e-03,
       8.21018068e-04, 2.46305414e-03, 2.46305414e-03, 2.05254508e-03,
       8.21018068e-04, 1.23152707e-03, 4.10509034e-04, 6.97865337e-03,
       4.10509034e-04, 8.21018068e-04, 1.23152707e-03, 4.10509034e-04,
       4.10509034e-04, 1.64203614e-03, 1.23152707e-03, 0., 0.,
       4.10509034e-04, 1.23152707e-03, 4.10509034e-04, 5.33661759e-03,
       4.10509034e-04, 4.10509034e-04, 0., 4.10509034e-04, 0., 0.,
       8.21018068e-04, 1.64203614e-03, 1.23152707e-03, 8.21018068e-04,
       1.64203614e-03, 1.64203614e-03, 4.10509034e-04, 1.23152707e-03,
       2.46305414e-03, 1.23152707e-03, 4.10509034e-04, 1.23152707e-03,
       4.10509034e-04, 1.23152707e-03, 8.21018068e-04, 4.10509034e-04,
       4.10509034e-04, 8.21018068e-04, 2.46305414e-03, 8.21018068e-04,
       1.64203614e-03, 0., 0., 0., 8.21018068e-04, 1.23152707e-03,
       1.23152707e-03, 8.21018068e-04, 0., 8.21018068e-04,
       2.87356321e-03, 4.10509034e-04, 1.64203614e-03, 8.21018068e-04,
       1.64203614e-03, 3.28407227e-03, 0., 8.21018068e-04,
       4.10509034e-04, 4.10509034e-04, 1.23152707e-03, 4.10509034e-04,
       4.10509034e-04, 8.21018068e-04, 8.21018068e-04, 2.05254508e-03,
       8.21018068e-04, 4.10509034e-04, 4.10509034e-04, 8.21018068e-04,
       1.23152707e-03, 4.10509016e-03, 4.51559946e-03, 2.87356321e-03,
       2.87356321e-03, 1.23152707e-03, 4.10509034e-04, 1.64203614e-03,
       2.05254508e-03, 4.10509034e-04, 8.21018068e-04, 2.46305414e-03,
       8.21018068e-04, 0., 1.23152707e-03, 8.21018068e-04, 0.,
       1.23152707e-03, 0., 1.64203614e-03, 0., 8.21018068e-04,
       4.51559946e-03, 4.10509034e-04, 4.10509034e-04, 2.05254508e-03,
       1.23152707e-03, 2.46305414e-03, 4.10509034e-04, 8.21018068e-04,
