%YAML:1.0
m10n: !!opencv-matrix
   rows: 1
   cols: 800
   dt: f
   data: [ 6.14062010e-04, 3.07031005e-04, 3.07031005e-04,
       4.60546510e-03, 1.53515500e-03, 2.14921706e-03, 1.53515500e-03,
       6.14062010e-04, 6.14062010e-04, 3.07031005e-04, 6.14062010e-04,
       9.21093044e-04, 1.53515500e-03, 9.21093044e-04, 1.53515500e-03,
       2.14921706e-03, 3.07031005e-04, 6.14062010e-04, 1.53515500e-03,
       1.22812402e-03, 9.21093044e-04, 3.07031005e-04, 1.22812402e-03,
       9.21093044e-04, 4.29843413e-03, 1.53515500e-03, 9.21093044e-04,
       1.22812402e-03, 1.22812402e-03, 9.21093044e-04, 1.22812402e-03,
       1.22812402e-03, 1.22812402e-03, 3.07031005e-04, 1.22812402e-03,
       0., 1.53515500e-03, 6.14062010e-04, 6.14062010e-04,
       1.22812402e-03, 3.07031005e-04, 4.91249608e-03, 2.14921706e-03,
       2.14921706e-03, 1.84218609e-03, 1.22812402e-03, 1.22812402e-03,
       5.83358901e-03, 6.14062010e-04, 5.21952705e-03, 6.14062010e-04,
       1.22812402e-03, 9.21093044e-04, 9.21093044e-04, 6.14062010e-04,
       1.22812402e-03, 5.21952705e-03, 3.07031005e-04, 0.,
       2.76327902e-03, 0., 1.84218609e-03, 3.07030999e-03,
       1.22812402e-03, 1.53515500e-03, 3.07031005e-04, 9.21093044e-04,
       1.22812402e-03, 6.14062010e-04, 6.14062010e-04, 9.21093044e-04,
       9.21093044e-04, 9.21093044e-04, 9.21093044e-04, 1.53515500e-03,
       6.14062010e-04, 3.68437218e-03, 6.14062010e-04, 3.07031005e-04,
       9.21093044e-04, 0., 3.07031005e-04, 1.22812402e-03,
       1.22812402e-03, 9.21093044e-04, 1.53515500e-03, 9.21093044e-04,
       3.07030999e-03, 9.21093044e-04, 1.84218609e-03, 2.45624804e-03,
       3.07031005e-04, 9.21093044e-04, 1.84218609e-03, 1.53515500e-03,
       1.84218609e-03, 1.22812402e-03, 0., 3.37734097e-03,
       1.22812402e-03, 9.21093044e-04, 6.14062010e-04, 1.84218609e-03,
       2.76327902e-03, 9.21093044e-04, 1.84218609e-03, 1.84218609e-03,
       3.07031005e-04, 3.07031005e-04, 1.22812402e-03, 2.14921706e-03,
       1.53515500e-03, 1.22812402e-03, 1.53515500e-03, 6.14062010e-04,
       2.45624804e-03, 3.07031005e-04, 9.21093044e-04, 1.22812402e-03,
       2.14921706e-03, 6.14062010e-04, 9.21093044e-04, 9.21093044e-04,
       3.07031005e-04, 9.21093044e-04, 6.14062010e-04, 2.45624804e-03,
       2.14921706e-03, 2.45624804e-03, 9.21093044e-04, 1.53515500e-03,
       1.53515500e-03, 9.21093044e-04, 2.14921706e-03, 2.45624804e-03,
       1.50445197e-02, 0., 1.84218609e-03, 3.07030999e-03,
       1.22812402e-03, 0., 3.07030999e-03, 6.14062010e-04,
       2.14921706e-03, 3.07031005e-04, 2.14921706e-03, 9.21093044e-04,
       1.53515500e-03, 1.22812402e-03, 3.07031005e-04, 1.22812402e-03,
       1.22812402e-03, 3.07031005e-04, 1.22812402e-03, 9.21093044e-04,
       1.53515500e-03, 2.45624804e-03, 0., 3.07031005e-04,
       6.14062010e-04, 3.07031005e-04, 2.45624804e-03, 3.07031005e-04,
       0., 6.14062010e-04, 6.14062010e-04, 6.14062010e-04,
       3.07031005e-04, 3.07031005e-04, 6.14062010e-04, 1.84218609e-03,
       9.21093044e-04, 6.14062010e-04, 6.14062010e-04, 9.21093044e-04,
       6.14062010e-04, 6.14062010e-04, 5.21952705e-03, 1.53515500e-03,
       2.14921706e-03, 5.52655803e-03, 1.84218609e-03, 3.07031005e-04,
       6.14062010e-04, 1.22812402e-03, 6.14062010e-04, 1.84218609e-03,
       9.21093044e-04, 9.21093044e-04, 1.22812402e-03, 1.53515500e-03,
       3.68437218e-03, 1.84218609e-03, 1.53515500e-03, 9.21093044e-04,
       6.14062010e-04, 0., 1.22812402e-03, 1.53515500e-03,
       1.22812402e-03, 6.14062010e-04, 3.07031005e-04, 2.14921706e-03,
       1.32023329e-02, 1.22812402e-03, 3.68437218e-03, 1.22812402e-03,
       3.07031005e-04, 1.22812402e-03, 0., 6.14062010e-04,
       3.07031005e-04, 1.84218609e-03, 3.07031005e-04, 0.,
       1.53515500e-03, 9.21093044e-04, 9.21093044e-04, 9.21093044e-04,
       6.14062010e-04, 3.07031005e-04, 9.21093044e-04, 1.84218609e-03,
       6.14062010e-04, 3.07031005e-04, 6.14062010e-04, 9.21093044e-04,
       6.14062010e-04, 2.45624804e-03, 4.60546510e-03, 0.,
       3.07031005e-04, 6.14062010e-04, 9.21093044e-04, 1.22812402e-03,
       0., 3.99140315e-03, 1.22812402e-03, 6.14062010e-04,
       9.21093044e-04, 1.22812402e-03, 0., 1.22812402e-03,
       5.52655803e-03, 1.84218609e-03, 0., 4.91249608e-03,
       2.76327902e-03, 3.07031005e-04, 6.14062010e-04, 1.22812402e-03,
       6.14062010e-04, 9.21093044e-04, 6.14062010e-04, 6.14062010e-04,
       2.45624804e-03, 3.68437218e-03, 9.21093044e-04, 6.14062010e-04,
       6.14062010e-04, 2.14921706e-03, 6.14062010e-04, 1.53515500e-03,
       9.21093044e-04, 1.53515500e-03, 2.76327902e-03, 1.22812402e-03,
       3.07031005e-04, 6.14062010e-04, 1.22812402e-03, 3.68437218e-03,
       3.07031005e-04, 6.14062010e-04, 6.14062010e-04, 9.21093044e-04,
       2.14921706e-03, 1.22812402e-03, 2.45624804e-03, 6.14062010e-04,
       9.21093044e-04, 9.21093044e-04, 6.14062010e-04, 3.07031005e-04,
       3.07031005e-04, 1.22812402e-03, 9.21093044e-04, 0.,
       9.21093044e-04, 1.22812402e-03, 3.07031005e-04, 2.45624804e-03,
       6.14062010e-04, 1.84218609e-03, 3.07031005e-04, 1.84218609e-03,
       6.14062010e-04, 6.14062010e-04, 0., 6.14062010e-04,
       2.14921706e-03, 9.21093044e-04, 3.07031005e-04, 9.21093044e-04,
       6.14062010e-04, 3.99140315e-03, 9.21093044e-04, 1.22812402e-03,
       9.21093044e-04, 1.53515500e-03, 1.84218609e-03, 2.76327902e-03,
       3.07030999e-03, 3.07031005e-04, 1.84218609e-03, 1.22812402e-03,
       1.53515500e-03, 9.21093044e-04, 6.14062010e-04, 1.53515500e-03,
       1.22812402e-03, 1.53515500e-03, 3.07031005e-04, 2.76327902e-03,
       1.53515500e-03, 1.22812402e-03, 0., 1.22812402e-03,
       2.45624804e-03, 6.14062010e-04, 3.07030999e-03, 3.07031005e-04,
       6.14062010e-04, 5.21952705e-03, 3.07031005e-04, 0.,
       3.07031005e-04, 2.45624804e-03, 0., 3.07031005e-04,
       3.07031005e-04, 2.14921706e-03, 1.84218609e-03, 1.53515500e-03,
       1.22812402e-03, 2.45624804e-03, 9.21093044e-04, 1.84218609e-03,
       1.53515500e-03, 0., 6.14062010e-04, 9.21093044e-04,
       3.07031005e-04, 3.07031005e-04, 6.14062010e-04, 2.14921706e-03,
       1.53515500e-03, 1.53515500e-03, 0., 1.22812402e-03,
       4.29843413e-03, 9.21093044e-04, 6.14062010e-04, 2.45624804e-03,
       6.14062010e-04, 1.22812402e-03, 3.07031005e-04, 9.21093044e-04,
       3.07031005e-04, 7.36874435e-03, 9.21093044e-04, 9.21093044e-04,
       0., 3.07031005e-04, 6.14062010e-04, 9.21093044e-04,
       1.22812402e-03, 2.14921706e-03, 3.07031005e-04, 9.21093021e-03,
       3.07031005e-04, 1.84218609e-03, 1.22812402e-03, 3.07031005e-04,
       1.22812402e-03, 3.07031005e-04, 1.22812402e-03, 9.21093044e-04,
       3.07031005e-04, 5.52655803e-03, 3.07031005e-04, 1.84218609e-03,
       5.21952705e-03, 3.07031005e-04, 7.06171291e-03, 6.14062010e-04,
       6.14062010e-04, 3.68437218e-03, 0., 0., 1.53515500e-03,
       9.21093044e-04, 9.21093044e-04, 1.53515500e-03, 0.,
       6.14062010e-04, 1.84218609e-03, 3.07031005e-04, 0.,
       9.21093044e-04, 0., 1.22812402e-03, 6.14062010e-04,
       6.14062010e-04, 1.84218609e-03, 2.14921706e-03, 3.37734097e-03,
       1.84218609e-03, 6.14062010e-04, 1.22812402e-03, 1.22812402e-03,
       1.22812402e-03, 3.07031005e-04, 2.45624804e-03, 3.07030999e-03,
       1.84218609e-03, 1.53515500e-03, 3.07031005e-04, 6.14062010e-04,
       2.45624804e-03, 3.07031005e-04, 3.07031005e-04, 1.84218609e-03,
       6.14062010e-04, 3.07030999e-03, 9.21093044e-04, 9.21093044e-04,
       0., 1.22812402e-03, 6.14062010e-04, 1.53515500e-03, 0.,
       9.21093044e-04, 9.21093044e-04, 2.45624804e-03, 0.,
       1.53515500e-03, 0., 6.14062010e-04, 6.14062010e-04,
       3.07031005e-04, 0., 0., 1.22812402e-03, 2.76327902e-03,
       1.84218609e-03, 1.22812402e-03, 6.14062010e-04, 0.,
       3.07031005e-04, 6.14062010e-04, 3.07031005e-04, 0.,
       6.14062010e-04, 9.21093044e-04, 9.21093044e-04, 9.21093044e-04,
       6.14062010e-04, 6.14062010e-04, 6.14062010e-04, 1.84218609e-03,
