%YAML:1.0
m10n: !!opencv-matrix
   rows: 1
   cols: 800
   dt: f
   data: [ 0., 3.54861608e-03, 0., 0., 7.09723216e-04, 2.83889286e-03,
       0., 2.83889286e-03, 2.05819737e-02, 0., 0., 7.09723216e-04, 0.,
       0., 7.09723216e-04, 7.09723216e-04, 1.41944643e-03,
       7.09723216e-04, 1.41944643e-03, 1.41944643e-03, 1.41944643e-03,
       0., 1.41944643e-03, 2.83889286e-03, 1.41944643e-03, 0.,
       1.41944643e-03, 2.12916965e-03, 2.12916965e-03, 0.,
       2.83889286e-03, 2.83889286e-03, 7.09723216e-04, 0., 0., 0., 0.,
       0., 2.83889286e-03, 4.25833929e-03, 0., 0., 2.12916965e-03, 0.,
       2.12916965e-03, 0., 7.09723216e-04, 3.54861608e-03, 0.,
       7.09723216e-04, 2.12916965e-03, 1.41944643e-03, 7.09723216e-04,
       0., 0., 6.38750894e-03, 7.09723216e-04, 1.41944643e-03, 0.,
       1.41944643e-03, 2.12916965e-03, 7.09723216e-04, 7.09723216e-04,
       1.41944643e-03, 0., 2.12916965e-03, 7.09723216e-04,
       7.09723216e-04, 0., 7.09723216e-04, 7.80695537e-03,
       4.25833929e-03, 1.41944643e-03, 8.51667859e-03, 1.41944643e-03,
       0., 0., 1.41944643e-03, 4.96806251e-03, 7.09723216e-04, 0., 0.,
       7.09723216e-04, 7.09723216e-04, 1.41944643e-03, 7.09723216e-04,
       7.09723216e-04, 1.49041880e-02, 1.41944643e-03, 7.09723216e-04,
       7.09723216e-04, 0., 1.41944643e-03, 0., 0., 0., 0., 0.,
       1.41944643e-03, 0., 1.41944643e-03, 1.41944643e-03, 0.,
       2.12916965e-03, 1.41944643e-03, 0., 7.09723216e-04,
       1.41944643e-03, 7.09723216e-04, 2.12916965e-03, 2.83889286e-03,
       7.09723216e-04, 7.09723216e-04, 3.54861608e-03, 4.25833929e-03,
       0., 2.83889286e-03, 2.12916965e-03, 1.13555714e-02,
       7.09723216e-03, 7.09723216e-04, 7.09723216e-04, 1.41944643e-03,
       0., 0., 0., 1.41944643e-03, 7.09723216e-04, 0., 2.12916965e-03,
       1.41944643e-03, 7.80695537e-03, 0., 2.12916965e-03, 0.,
       7.09723216e-04, 0., 1.41944643e-03, 2.12916965e-03, 0., 0., 0.,
       7.09723216e-04, 7.09723216e-04, 4.25833929e-03, 0.,
       1.41944643e-03, 0., 0., 7.09723216e-03, 0., 7.09723216e-04, 0.,
       0., 1.41944643e-03, 7.09723216e-04, 7.09723216e-04,
       2.83889286e-03, 1.41944643e-03, 4.25833929e-03, 0., 0., 0.,
       2.12916965e-03, 4.25833929e-03, 7.09723216e-04, 0.,
       7.09723216e-04, 3.54861608e-03, 0., 0., 7.09723216e-04, 0.,
       1.41944643e-03, 7.09723216e-04, 0., 7.09723216e-04,
       7.09723216e-04, 7.09723216e-04, 0., 0., 1.41944643e-03,
       1.56139107e-02, 0., 0., 2.12916965e-03, 1.41944643e-03, 0.,
       2.12916965e-03, 0., 7.09723216e-04, 0., 0., 1.41944643e-03, 0.,
       4.25833929e-03, 0., 0., 0., 2.12916965e-03, 7.09723216e-04, 0.,
       7.09723216e-04, 1.41944643e-03, 0., 0., 1.41944643e-03, 0.,
       1.41944643e-03, 0., 2.12916965e-03, 9.93612502e-03, 0.,
       2.12916965e-03, 0., 7.09723216e-04, 2.83889286e-03, 0.,
       1.41944643e-03, 1.41944643e-03, 0., 7.09723216e-04,
       4.25833929e-03, 1.41944643e-03, 4.25833929e-03, 2.12916965e-03,
       0., 7.09723216e-04, 7.09723216e-04, 0., 7.80695537e-03,
       7.09723216e-04, 0., 7.09723216e-04, 0., 2.83889286e-03,
       2.83889286e-03, 2.12916965e-03, 1.41944643e-03, 7.09723216e-04,
       0., 7.09723216e-04, 0., 2.12916965e-03, 0., 2.12916965e-03,
       7.09723216e-04, 0., 7.09723216e-04, 1.41944643e-03, 0.,
       7.09723216e-04, 0., 7.09723216e-04, 0., 0., 7.09723216e-04, 0.,
       0., 0., 0., 1.41944643e-03, 2.83889286e-03, 0., 0., 0., 0., 0.,
       0., 7.09723216e-04, 0., 0., 0., 1.41944643e-03, 0.,
       7.09723216e-04, 0., 0., 1.41944643e-03, 0., 7.09723216e-04,
       7.09723216e-04, 0., 2.83889286e-03, 7.09723216e-04,
       7.09723216e-04, 7.09723216e-04, 0., 0., 0., 7.09723216e-04, 0.,
       0., 2.12916965e-03, 6.38750894e-03, 9.22640227e-03,
       1.41944643e-03, 1.41944643e-03, 0., 0., 7.09723216e-04, 0.,
       1.41944643e-03, 1.41944643e-03, 0., 0., 0., 2.48403121e-02, 0.,
       0., 1.41944643e-03, 4.25833929e-03, 1.41944643e-03, 0.,
       2.12916965e-03, 0., 1.41944643e-03, 0., 0., 7.09723216e-04, 0.,
       1.41944643e-03, 7.09723216e-04, 2.12916965e-03, 0.,
       1.41944643e-03, 1.41944643e-03, 0., 1.41944643e-03, 0., 0.,
       5.67778572e-03, 0., 1.41944643e-03, 3.54861608e-03,
       1.41944643e-03, 2.12916965e-03, 1.41944643e-03, 7.09723216e-04,
       0., 0., 0., 7.09723216e-04, 0., 7.09723216e-04, 7.09723216e-04,
       0., 1.41944643e-03, 0., 0., 2.12916965e-03, 0., 0., 0., 0.,
       1.41944643e-03, 0., 0., 7.09723216e-04, 4.96806251e-03, 0.,
       1.41944643e-03, 0., 0., 7.09723216e-04, 7.09723216e-04,
       1.41944643e-03, 2.12916965e-03, 0., 0., 2.12916965e-03,
       7.09723216e-04, 2.12916965e-03, 0., 0., 7.09723216e-04, 0.,
       7.09723216e-04, 7.09723216e-04, 7.09723216e-04, 0.,
       7.09723216e-04, 4.25833929e-03, 1.41944643e-03, 7.09723216e-04,
       1.41944643e-03, 0., 4.96806251e-03, 2.83889286e-03, 0.,
       7.09723216e-04, 0., 4.96806251e-03, 0., 0., 7.09723216e-04,
       3.54861608e-03, 7.09723216e-04, 0., 7.80695537e-03, 0., 0.,
       7.09723216e-04, 0., 1.41944643e-03, 1.63236335e-02, 0.,
       2.83889286e-03, 0., 7.09723216e-04, 0., 1.41944643e-03,
       7.09723216e-04, 1.41944643e-03, 1.41944643e-03, 0., 0., 0., 0.,
       2.83889286e-03, 0., 1.41944643e-03, 0., 7.09723216e-04,
       7.09723216e-04, 0., 2.12916965e-03, 0., 0., 0., 7.09723216e-04,
       7.09723216e-04, 0., 5.67778572e-03, 0., 4.25833929e-03, 0.,
       2.83889286e-03, 0., 7.09723216e-04, 0., 0., 0., 7.09723216e-04,
       0., 0., 9.22640227e-03, 0., 1.41944643e-03, 7.09723216e-04, 0.,
       7.09723216e-04, 7.09723216e-04, 0., 7.09723216e-04,
       7.09723216e-04, 7.09723216e-04, 0., 2.12916965e-03, 0., 0., 0.,
       7.09723216e-04, 0., 7.09723216e-04, 7.09723216e-04,
       3.54861608e-03, 1.41944643e-03, 7.09723216e-04, 0.,
       2.12916965e-03, 0., 2.12916965e-03, 0., 0., 0., 5.67778572e-03,
       7.09723216e-04, 2.12916965e-03, 0., 6.38750894e-03,
       1.41944643e-03, 7.09723216e-04, 0., 0., 1.41944643e-03, 0.,
       2.83889286e-03, 1.41944643e-03, 7.09723216e-04, 2.12916965e-03,
       0., 7.09723216e-04, 1.41944643e-03, 0., 7.09723216e-04,
       1.41944643e-03, 2.83889286e-03, 1.41944643e-03, 1.41944643e-03,
       0., 0., 0., 1.41944643e-03, 7.09723216e-04, 1.41944643e-02,
       2.83889286e-03, 7.09723216e-04, 7.09723216e-04, 7.09723216e-04,
       2.83889286e-03, 2.20014192e-02, 7.09723216e-04, 7.09723216e-04,
       0., 7.09723216e-04, 0., 7.80695537e-03, 2.83889286e-03,
       4.96806251e-03, 0., 7.09723216e-04, 1.41944643e-03,
       6.38750894e-03, 0., 0., 0., 3.54861608e-03, 7.09723216e-04,
       1.41944643e-03, 7.09723216e-04, 7.09723216e-04, 0.,
       7.09723216e-04, 1.41944643e-03, 7.09723216e-04, 0., 0.,
       7.09723216e-04, 1.41944643e-03, 7.09723216e-04, 0.,
       7.09723216e-04, 4.96806251e-03, 4.25833929e-03, 0.,
       7.09723216e-04, 0., 0., 2.12916965e-03, 0., 0., 0.,
       2.12916965e-03, 7.09723216e-04, 4.25833929e-03, 7.09723216e-04,
       3.54861608e-03, 0., 7.09723216e-04, 0., 7.09723216e-04,
       1.41944643e-03, 7.09723216e-04, 0., 1.41944643e-03,
       7.09723216e-04, 2.12916965e-03, 7.09723216e-04, 0., 0., 0., 0.,
       7.09723216e-04, 7.09723216e-04, 2.83889286e-03, 4.96806251e-03,
       2.12916965e-03, 7.09723216e-04, 2.83889286e-03, 2.12916965e-03,
       1.41944643e-03, 0., 7.09723216e-04, 7.09723216e-04, 0., 0.,
       7.09723216e-04, 1.41944643e-03, 7.09723216e-04, 0.,
       7.09723216e-04, 0., 7.09723216e-04, 0., 2.12916965e-03,
       7.09723216e-04, 1.41944643e-03, 2.83889286e-03, 4.25833929e-03,
       0., 0., 0., 1.41944643e-03, 2.83889286e-03, 7.09723216e-04, 0.,
       0., 7.09723216e-04, 7.09723216e-04, 1.41944643e-03, 0.,
       7.09723216e-04, 3.54861608e-03, 0., 7.09723216e-04,
       7.09723216e-04, 0., 0., 2.12916965e-03, 7.09723216e-04, 0., 0.,
       0., 7.09723216e-04, 2.12916965e-03, 1.41944643e-03,
       1.41944643e-03, 7.09723216e-04, 0., 1.41944643e-03,
