%YAML:1.0
m10n: !!opencv-matrix
   rows: 1
   cols: 800
   dt: f
   data: [ 1.59277930e-03, 2.12370581e-03, 2.38916907e-03,
       7.96389650e-04, 7.96389650e-04, 2.12370581e-03, 2.12370581e-03,
       7.96389650e-04, 5.30926452e-04, 5.30926452e-04, 1.32731616e-03,
       4.24741162e-03, 1.06185290e-03, 1.32731616e-03, 2.38916907e-03,
       1.59277930e-03, 2.65463226e-04, 1.06185290e-03, 7.96389650e-04,
       1.06185290e-03, 7.96389650e-04, 2.65463226e-04, 1.85824255e-03,
       1.85824255e-03, 8.22935998e-03, 5.30926452e-04, 0.,
       2.65463226e-04, 5.30926452e-04, 1.06185290e-03, 2.12370581e-03,
       2.12370581e-03, 1.06185290e-03, 1.06185290e-03, 1.06185290e-03,
       2.65463226e-04, 1.85824255e-03, 1.85824255e-03, 1.32731616e-03,
       5.30926452e-04, 5.30926452e-04, 2.12370581e-03, 0.,
       7.96389650e-04, 1.32731616e-03, 1.59277930e-03, 1.59277930e-03,
       7.43297022e-03, 0., 3.98194836e-03, 1.32731616e-03,
       5.30926452e-04, 1.06185290e-03, 7.96389650e-04, 5.30926452e-04,
       1.06185290e-03, 3.45102185e-03, 5.30926452e-04, 2.65463226e-04,
       7.96389650e-04, 7.96389650e-04, 3.45102185e-03, 0.,
       1.59277930e-03, 7.96389650e-04, 0., 7.96389650e-04,
       1.59277930e-03, 7.96389650e-04, 2.38916907e-03, 7.96389650e-04,
       1.59277930e-03, 1.59277930e-03, 1.32731616e-03, 3.45102185e-03,
       0., 7.96389650e-04, 7.96389650e-04, 1.59277930e-03,
       1.59277930e-03, 7.96389650e-04, 5.30926452e-04, 1.32731616e-03,
       1.85824255e-03, 2.12370581e-03, 5.30926452e-04, 7.96389650e-04,
       3.98194836e-03, 1.59277930e-03, 2.65463232e-03, 0.,
       5.30926452e-04, 1.32731616e-03, 1.06185290e-03, 5.30926452e-04,
       5.30926452e-04, 7.96389650e-04, 5.30926452e-04, 0.,
       7.96389650e-04, 0., 1.32731616e-03, 1.85824255e-03,
       1.06185290e-03, 7.96389650e-04, 2.92009558e-03, 2.12370581e-03,
       7.96389650e-04, 1.85824255e-03, 1.06185290e-03, 2.92009558e-03,
       0., 5.30926452e-04, 7.96389650e-04, 5.30926452e-04,
       1.32731616e-03, 5.30926452e-04, 5.30926452e-04, 1.06185290e-03,
       0., 1.85824255e-03, 1.06185290e-03, 1.32731616e-03,
       1.59277930e-03, 2.38916907e-03, 5.30926452e-04, 1.06185290e-03,
       1.32731616e-03, 7.96389650e-04, 1.59277930e-03, 1.85824255e-03,
       2.65463232e-03, 1.32731616e-03, 1.06185290e-03, 5.30926452e-04,
       8.49482324e-03, 1.06185290e-03, 1.06185290e-03, 2.65463226e-04,
       1.06185290e-03, 2.65463226e-04, 2.38916907e-03, 2.65463226e-04,
       1.06185290e-03, 1.32731616e-03, 1.32731616e-03, 1.85824255e-03,
       5.84019115e-03, 3.71648511e-03, 1.32731616e-03, 1.06185290e-03,
       2.65463232e-03, 7.96389650e-04, 1.32731616e-03, 2.65463226e-04,
       7.96389650e-04, 2.65463226e-04, 1.06185290e-03, 1.06185290e-03,
       1.32731616e-03, 5.30926452e-04, 5.30926452e-04, 5.30926452e-04,
       1.59277930e-03, 2.65463226e-04, 7.96389650e-04, 2.65463226e-04,
       2.92009558e-03, 5.30926452e-04, 1.59277930e-03, 1.32731616e-03,
       2.92009558e-03, 1.06185290e-03, 5.30926452e-04, 7.96389650e-04,
       7.96389650e-04, 1.59277930e-03, 5.30926464e-03, 2.38916907e-03,
       3.18555860e-03, 2.12370581e-03, 2.38916907e-03, 1.59277930e-03,
       2.65463232e-03, 2.65463226e-04, 2.65463226e-04, 2.38916907e-03,
       1.59277930e-03, 7.96389650e-04, 3.18555860e-03, 7.96389650e-04,
       2.65463232e-03, 3.18555860e-03, 1.06185290e-03, 2.12370581e-03,
       5.30926452e-04, 2.65463226e-04, 2.65463226e-04, 5.30926452e-04,
       1.32731616e-03, 1.06185290e-03, 1.06185290e-03, 2.38916907e-03,
       3.45102185e-03, 1.59277930e-03, 3.45102185e-03, 2.65463226e-04,
       1.06185290e-03, 1.06185290e-03, 1.32731616e-03, 7.96389650e-04,
       7.96389650e-04, 3.45102185e-03, 1.06185290e-03, 1.85824255e-03,
       1.32731616e-03, 5.30926452e-04, 2.65463226e-04, 2.65463226e-04,
       1.85824255e-03, 0., 7.96389650e-04, 1.32731616e-03,
       5.30926452e-04, 7.96389650e-04, 1.32731616e-03, 1.85824255e-03,
       1.85824255e-03, 1.32731616e-03, 1.06185290e-03, 7.96389650e-04,
       7.96389650e-04, 1.32731616e-03, 1.06185290e-03, 1.85824255e-03,
       1.85824255e-03, 1.85824255e-03, 5.30926452e-04, 7.96389650e-04,
       2.65463226e-04, 1.85824255e-03, 5.30926452e-04, 7.96389650e-04,
       2.65463226e-04, 7.96389650e-04, 5.30926452e-04, 4.51287488e-03,
       1.06185290e-03, 2.65463226e-04, 2.65463226e-04, 7.96389650e-04,
       1.06185290e-03, 1.32731616e-03, 1.32731616e-03, 2.65463226e-04,
       7.96389650e-04, 3.98194836e-03, 1.32731616e-03, 2.65463226e-04,
       1.06185290e-03, 1.32731616e-03, 2.65463226e-04, 1.06185290e-03,
       1.32731616e-03, 1.06185290e-03, 7.96389650e-04, 7.96389650e-04,
       2.12370581e-03, 2.38916907e-03, 5.30926452e-04, 2.12370581e-03,
       1.59277930e-03, 1.59277930e-03, 5.30926452e-04, 1.06185290e-03,
       7.96389650e-04, 7.96389650e-04, 2.38916907e-03, 1.06185290e-03,
       1.06185290e-03, 2.92009558e-03, 7.96389650e-04, 5.30926452e-04,
       1.06185290e-03, 1.32731616e-03, 2.12370581e-03, 7.96389650e-04,
       5.30926452e-04, 1.06185290e-03, 5.30926452e-04, 0.,
       5.30926452e-04, 1.59277930e-03, 7.96389650e-04, 1.59277930e-03,
       1.59277930e-03, 0., 7.96389650e-04, 0., 2.12370581e-03,
       2.92009558e-03, 5.30926452e-04, 1.32731616e-03, 2.65463226e-04,
       5.30926452e-04, 2.65463226e-04, 1.06185290e-03, 1.32731616e-03,
       5.30926452e-04, 7.96389650e-04, 1.06185290e-03, 2.12370581e-03,
       2.65463226e-04, 3.18555860e-03, 1.59277930e-03, 7.96389650e-04,
       1.06185290e-03, 1.32731616e-03, 1.06185290e-03, 1.32731616e-03,
       0., 1.32731616e-03, 2.65463226e-04, 2.65463226e-04,
       7.96389650e-04, 2.92009558e-03, 1.06185290e-03, 2.92009558e-03,
       1.06185290e-03, 7.96389650e-04, 2.38916907e-03, 1.32731616e-03,
       6.90204371e-03, 2.12370581e-03, 5.30926452e-04, 7.96389650e-04,
       1.32731616e-03, 0., 1.06185290e-03, 7.96389650e-04,
       6.63658045e-03, 1.06185290e-03, 1.85824255e-03, 1.06185290e-03,
       1.59277930e-03, 1.32731616e-03, 5.30926452e-04, 1.32731616e-03,
       7.96389650e-04, 2.12370581e-03, 7.96389650e-04, 1.32731616e-03,
       5.30926452e-04, 1.06185290e-03, 5.84019115e-03, 0.,
       5.30926452e-04, 7.96389650e-04, 1.06185290e-03, 1.59277930e-03,
       1.06185290e-03, 2.12370581e-03, 2.38916907e-03, 1.59277930e-03,
       1.59277930e-03, 2.65463226e-04, 1.06185290e-03, 5.30926452e-04,
       2.92009558e-03, 1.32731616e-03, 4.51287488e-03, 1.59277930e-03,
       5.30926452e-04, 5.30926452e-04, 1.59277930e-03, 0.,
       1.85824255e-03, 5.30926452e-04, 2.38916907e-03, 5.30926452e-04,
       1.06185290e-03, 1.06185290e-03, 1.85824255e-03, 5.30926452e-04,
       1.06185290e-03, 5.30926452e-04, 1.32731616e-03, 7.96389650e-04,
       2.12370581e-03, 2.12370581e-03, 1.59277930e-03, 1.06185290e-03,
       5.30926452e-04, 0., 7.96389650e-04, 5.30926452e-04,
       2.65463226e-04, 7.96389650e-04, 1.06185290e-03, 2.38916907e-03,
       1.32731616e-03, 7.96389650e-04, 1.85824255e-03, 5.30926452e-04,
       2.65463226e-04, 5.30926452e-04, 1.06185290e-03, 7.96389650e-04,
       1.06185290e-03, 1.59277930e-03, 5.57472790e-03, 7.96389650e-04,
       7.96389650e-04, 7.96389650e-04, 5.30926452e-04, 1.32731616e-03,
       0., 1.59277930e-03, 1.32731616e-03, 5.30926452e-04,
       2.92009558e-03, 7.96389650e-04, 2.65463226e-04, 1.32731616e-03,
       1.06185290e-03, 2.12370581e-03, 1.59277930e-03, 0.,
       1.32731616e-03, 5.30926452e-04, 1.32731616e-03, 2.92009558e-03,
       1.06185290e-03, 2.65463226e-04, 1.85824255e-03, 5.30926452e-04,
       7.96389650e-04, 1.06185290e-03, 7.96389650e-04, 1.06185290e-03,
       0., 2.65463226e-04, 2.65463226e-04, 1.59277930e-03,
       7.96389650e-04, 1.59277930e-03, 1.85824255e-03, 1.32731616e-03,
       7.96389650e-04, 7.96389650e-04, 1.85824255e-03, 2.65463226e-04,
       0., 2.12370581e-03, 7.96389650e-04, 1.32731616e-03,
       7.96389650e-04, 5.30926452e-04, 7.96389650e-04, 5.30926452e-04,
