%YAML:1.0
m10n: !!opencv-matrix
   rows: 1
   cols: 800
   dt: f
   data: [ 4.26075829e-04, 5.11290971e-03, 8.52151657e-04,
       4.26075829e-04, 2.13037920e-03, 4.68683429e-03, 2.98253074e-03,
       2.13037920e-03, 5.11290971e-03, 8.52151657e-04, 0.,
       1.27822743e-03, 1.27822743e-03, 2.98253074e-03, 0.,
       4.26075829e-04, 8.52151657e-04, 0., 4.26075829e-04,
       1.27822743e-03, 1.27822743e-03, 4.26075829e-04, 2.13037920e-03,
       2.55645486e-03, 8.52151657e-04, 0., 1.27822743e-03,
       3.83468252e-03, 3.83468252e-03, 4.26075829e-04, 1.70430331e-03,
       0., 3.83468252e-03, 0., 4.26075829e-04, 4.26075829e-04,
       4.68683429e-03, 0., 3.83468252e-03, 1.70430331e-03,
       4.26075829e-04, 8.52151657e-04, 4.26075829e-04, 2.55645486e-03,
       0., 4.26075829e-04, 0., 4.26075829e-04, 8.52151657e-04,
       4.26075829e-04, 0., 0., 8.52151657e-04, 2.13037920e-03, 0.,
       7.66936503e-03, 0., 1.27822743e-03, 4.26075829e-04,
       4.26075829e-04, 1.27822743e-03, 2.55645486e-03, 1.70430331e-03,
       1.27822743e-03, 0., 4.26075829e-04, 2.13037920e-03,
       4.26075829e-04, 8.52151657e-04, 2.55645486e-03, 5.53898560e-03,
       4.26075829e-04, 4.26075829e-04, 6.81721326e-03, 1.27822743e-03,
       0., 2.55645486e-03, 4.68683429e-03, 8.52151657e-04,
       1.27822743e-03, 0., 8.52151657e-04, 8.52151657e-04,
       4.26075829e-04, 4.26075829e-04, 4.26075829e-04, 1.27822743e-03,
       2.55645486e-03, 8.52151657e-04, 8.52151657e-04, 8.52151657e-04,
       0., 4.26075829e-04, 4.26075829e-04, 4.26075829e-04,
       4.26075829e-04, 8.52151657e-04, 1.27822743e-03, 0.,
       8.52151657e-04, 8.52151657e-04, 4.26075840e-03, 8.52151657e-04,
       4.26075829e-04, 0., 4.26075829e-04, 0., 4.26075829e-04,
       4.26075829e-04, 1.70430331e-03, 1.70430331e-03, 0., 0.,
       6.81721326e-03, 8.52151657e-04, 7.66936503e-03, 1.27822743e-03,
       4.26075829e-04, 8.52151657e-04, 4.26075829e-04, 1.70430331e-03,
       0., 4.26075829e-04, 0., 8.52151657e-04, 4.26075829e-04,
       3.83468252e-03, 8.52151657e-04, 0., 2.13037920e-03, 0.,
       1.70430331e-03, 1.70430331e-03, 3.83468252e-03, 0.,
       8.52151657e-04, 0., 8.52151657e-04, 4.26075840e-03, 0.,
       4.26075829e-04, 1.70430331e-03, 8.52151657e-04, 8.52151657e-04,
       1.27822743e-03, 0., 0., 8.52151657e-04, 0., 6.39113737e-03,
       4.26075829e-04, 3.40860663e-03, 1.70430331e-03, 0., 0.,
       4.26075829e-04, 2.98253074e-03, 2.55645486e-03, 4.26075829e-04,
       2.13037920e-03, 1.27822743e-03, 4.26075829e-04, 4.26075829e-04,
       8.52151657e-04, 1.70430331e-03, 0., 0., 0., 2.55645486e-03,
       2.13037920e-03, 2.55645486e-03, 2.98253074e-03, 0.,
       4.26075840e-03, 8.52151657e-04, 1.27822743e-03, 0.,
       4.26075829e-04, 0., 0., 8.52151657e-04, 1.27822743e-03,
       8.52151657e-04, 8.52151657e-04, 0., 1.27822743e-03,
       1.27822743e-03, 8.52151657e-04, 4.26075829e-04, 0.,
       8.52151657e-04, 1.27822743e-03, 0., 1.27822743e-03,
       1.27822743e-03, 2.55645486e-03, 2.55645486e-03, 4.26075829e-04,
       1.27822743e-03, 4.26075829e-04, 8.52151657e-04, 1.70430331e-03,
       4.26075829e-04, 8.52151657e-04, 1.27822743e-03, 0.,
       2.13037920e-03, 4.26075829e-04, 1.27822743e-03, 0., 0.,
       7.24328915e-03, 0., 4.26075829e-04, 8.52151657e-04,
       4.26075829e-04, 0., 4.26075829e-04, 1.27822743e-03,
       8.52151657e-04, 0., 8.52151657e-04, 1.27822743e-03, 0.,
       1.27822743e-03, 4.26075829e-04, 4.26075829e-04, 0.,
       4.26075829e-04, 1.27822743e-03, 1.27822743e-03, 4.26075829e-04,
       0., 0., 1.27822743e-03, 8.52151657e-04, 2.13037920e-03,
       4.26075840e-03, 4.26075829e-04, 4.26075829e-04, 0., 0.,
       8.52151657e-04, 4.26075829e-04, 1.27822743e-03, 0.,
       1.40605019e-02, 2.98253074e-03, 8.52151657e-04, 3.40860663e-03,
       4.26075829e-04, 1.70430331e-03, 4.26075829e-04, 4.26075829e-04,
       0., 8.52151657e-04, 0., 1.70430331e-03, 0., 4.26075829e-04, 0.,
       0., 1.70430331e-03, 8.52151657e-04, 4.26075829e-04, 0.,
       4.26075829e-04, 4.26075840e-03, 3.83468252e-03, 4.26075829e-04,
       4.26075829e-04, 0., 0., 8.52151657e-04, 4.26075829e-04,
       8.52151657e-04, 1.27822743e-03, 4.26075829e-04, 8.52151657e-04,
       4.26075829e-04, 1.70430331e-03, 0., 8.52151657e-04,
       4.26075829e-04, 1.70430331e-03, 5.53898560e-03, 1.27822743e-03,
       8.52151657e-04, 4.26075829e-04, 0., 1.27822743e-03, 0.,
       4.26075829e-04, 8.52151657e-04, 1.27822743e-03, 2.98253074e-03,
       4.26075829e-04, 0., 4.26075829e-04, 0., 2.13037920e-03,
       8.52151657e-04, 4.26075829e-04, 4.26075829e-04, 4.26075829e-04,
       1.70430331e-03, 1.27822743e-03, 5.53898560e-03, 4.26075829e-04,
       1.70430331e-03, 1.27822743e-03, 0., 2.13037920e-03,
       1.27822743e-03, 2.55645486e-03, 8.52151657e-04, 0.,
       8.52151657e-04, 8.52151657e-04, 0., 4.26075829e-04,
       4.26075829e-04, 1.27822743e-03, 8.52151657e-04, 4.26075829e-04,
       1.70430331e-03, 1.27822743e-03, 4.26075829e-04, 4.26075829e-04,
       4.26075829e-04, 8.52151657e-04, 2.55645486e-03, 4.26075829e-04,
       8.52151657e-04, 2.13037920e-03, 8.52151657e-04, 1.27822743e-03,
       5.96506149e-03, 8.52151657e-04, 3.40860663e-03, 1.27822743e-03,
       0., 0., 8.52151657e-04, 2.98253074e-03, 8.52151657e-04,
       8.52151657e-04, 1.27822743e-03, 1.70430331e-03, 3.40860663e-03,
       4.26075829e-04, 2.98253074e-03, 1.27822743e-03, 2.13037920e-03,
       4.26075829e-04, 8.52151657e-04, 8.52151657e-04, 8.52151657e-04,
       1.27822743e-03, 2.55645486e-03, 2.13037920e-03, 1.27822743e-03,
       0., 2.98253074e-03, 5.96506149e-03, 8.52151657e-04,
       1.70430331e-03, 1.27822743e-03, 0., 0., 2.55645486e-03,
       2.13037920e-03, 1.27822743e-03, 8.52151657e-04, 1.70430331e-03,
       0., 8.52151657e-04, 4.26075829e-04, 4.26075829e-04,
       4.26075829e-04, 0., 1.27822743e-03, 0., 8.52151657e-04,
       4.26075829e-04, 1.70430331e-03, 8.52151657e-04, 4.68683429e-03,
       4.26075829e-04, 4.26075829e-04, 0., 4.26075829e-04,
       4.26075829e-04, 4.26075829e-04, 4.26075829e-04, 4.26075840e-03,
       2.98253074e-03, 4.26075829e-04, 8.52151657e-04, 2.98253074e-03,
       0., 8.52151657e-04, 0., 0., 4.26075829e-04, 0., 8.52151657e-04,
       2.55645486e-03, 0., 0., 2.13037920e-03, 1.70430331e-03,
       2.13037920e-03, 2.13037920e-03, 2.13037920e-03, 4.26075829e-04,
       1.27822743e-03, 1.27822743e-03, 0., 1.70430331e-03, 0., 0.,
       4.26075829e-04, 3.40860663e-03, 2.13037920e-03, 4.26075829e-04,
       0., 4.26075829e-04, 0., 4.26075829e-04, 8.52151657e-04,
       1.27822743e-03, 4.68683429e-03, 3.40860663e-03, 1.70430331e-03,
       3.40860663e-03, 8.52151657e-04, 8.52151657e-04, 0.,
       4.26075829e-04, 1.27822743e-03, 4.26075829e-04, 0.,
       4.26075829e-04, 1.70430331e-03, 4.26075829e-04, 1.27822743e-03,
       0., 0., 4.26075829e-04, 4.26075829e-04, 0., 1.27822743e-03,
       4.26075829e-04, 1.27822743e-03, 8.52151657e-04, 0., 0., 0.,
       1.70430331e-03, 2.13037920e-03, 8.52151657e-04, 4.26075829e-04,
       4.26075829e-04, 0., 4.26075829e-04, 2.98253074e-03,
       1.70430331e-03, 8.52151657e-04, 1.27822743e-03, 1.70430331e-03,
       4.26075829e-04, 0., 2.98253074e-03, 1.70430331e-03,
       3.40860663e-03, 2.55645486e-03, 1.27822743e-03, 2.98253074e-03,
       0., 3.83468252e-03, 2.55645486e-03, 0., 2.13037920e-03, 0., 0.,
       0., 1.70430331e-03, 4.26075829e-04, 1.27822743e-03, 0.,
       4.26075829e-04, 4.26075829e-04, 4.26075829e-04, 4.26075829e-04,
       0., 1.27822743e-03, 4.26075840e-03, 4.26075829e-04,
       1.27822743e-03, 8.52151657e-04, 0., 0., 2.13037920e-03, 0.,
       4.26075840e-03, 8.52151657e-04, 0., 1.27822743e-03,
       1.70430331e-03, 2.13037920e-03, 1.19301230e-02, 4.26075829e-04,
       2.13037920e-03, 4.26075829e-04, 8.52151657e-04, 1.70430331e-03,
       3.83468252e-03, 1.27822743e-03, 9.37366858e-03, 1.70430331e-03,
       2.98253074e-03, 8.52151657e-04, 6.39113737e-03, 4.26075829e-04,
       8.52151657e-04, 4.26075829e-04, 5.53898560e-03, 0.,
