%YAML:1.0
m10n: !!opencv-matrix
   rows: 1
   cols: 800
   dt: f
   data: [ 8.85739573e-04, 8.85739573e-04, 0., 0., 0., 7.08591659e-03,
       8.85739573e-04, 6.20017713e-03, 1.77147915e-03, 8.85739573e-04,
       0., 0., 1.77147915e-03, 8.85739573e-04, 8.85739573e-04,
       8.85739573e-04, 0., 0., 0., 3.54295829e-03, 2.65721884e-03,
       8.85739573e-04, 0., 2.65721884e-03, 0., 0., 8.85739573e-04, 0.,
       3.54295829e-03, 0., 6.20017713e-03, 0., 8.85739573e-04, 0., 0.,
       0., 0., 0., 2.03720108e-02, 6.20017713e-03, 0., 0., 0.,
       6.20017713e-03, 8.85739573e-04, 0., 0., 1.77147915e-03, 0., 0.,
       0., 8.85739573e-04, 0., 2.65721884e-03, 0., 1.59433130e-02, 0.,
       0., 0., 0., 0., 5.31443767e-03, 8.85739573e-04, 1.77147915e-03,
       0., 1.77147915e-03, 2.65721884e-03, 8.85739573e-04, 0.,
       6.20017713e-03, 1.50575731e-02, 0., 0., 3.54295829e-03, 0.,
       2.65721884e-03, 8.85739573e-04, 8.85739573e-04, 3.54295829e-03,
       1.77147915e-03, 8.85739573e-04, 0., 0., 8.85739573e-04,
       2.65721884e-03, 0., 8.85739573e-04, 0., 2.65721884e-03,
       1.77147915e-03, 0., 8.85739573e-04, 0., 0., 8.85739573e-04,
       8.85739573e-04, 1.77147915e-03, 6.20017713e-03, 0.,
       1.77147915e-03, 8.85739573e-04, 1.77147915e-03, 1.77147915e-03,
       0., 1.77147915e-03, 3.54295829e-03, 0., 0., 0., 8.85739573e-04,
       8.85739573e-04, 0., 0., 1.77147915e-03, 0., 7.08591659e-03, 0.,
       2.65721884e-03, 0., 0., 8.85739573e-04, 0., 0., 8.85739573e-04,
       2.65721884e-03, 0., 0., 1.77147915e-03, 0., 5.31443767e-03, 0.,
       1.32860932e-02, 1.77147915e-03, 1.77147915e-03, 0.,
       2.65721884e-03, 0., 0., 1.77147915e-03, 0., 0., 3.54295829e-03,
       0., 3.54295829e-03, 8.85739573e-04, 8.85739573e-04,
       8.85739573e-04, 0., 8.85739573e-04, 0., 0., 2.65721884e-03,
       2.65721884e-03, 0., 0., 8.85739573e-04, 0., 2.65721884e-03,
       8.85739573e-04, 4.42869775e-03, 8.85739550e-03, 0., 0., 0.,
       1.77147915e-03, 0., 8.85739573e-04, 0., 0., 8.85739573e-04,
       8.85739573e-04, 1.77147915e-03, 0., 8.85739573e-04,
       1.77147915e-03, 0., 0., 0., 2.65721884e-03, 0., 0., 0., 0.,
       8.85739573e-04, 0., 1.77147915e-03, 0., 0., 8.85739573e-04,
       8.85739573e-04, 8.85739573e-04, 0., 0., 8.85739573e-04, 0.,
       8.85739573e-04, 0., 0., 0., 1.77147915e-03, 8.85739573e-04,
       8.85739573e-04, 0., 3.54295829e-03, 0., 8.85739573e-04,
       4.42869775e-03, 0., 8.85739573e-04, 0., 8.85739573e-04,
       7.97165651e-03, 0., 0., 8.85739573e-04, 0., 3.54295829e-03, 0.,
       1.77147915e-03, 0., 0., 8.85739573e-04, 0., 0., 3.54295829e-03,
       1.77147915e-03, 0., 0., 8.85739573e-04, 0., 8.85739573e-04,
       8.85739573e-04, 0., 0., 0., 8.85739573e-04, 7.08591659e-03,
       8.85739573e-04, 8.85739573e-04, 0., 0., 0., 0., 1.77147915e-03,
       0., 8.85739573e-04, 2.65721884e-03, 1.77147915e-03, 0.,
       1.77147915e-03, 0., 8.85739573e-04, 0., 8.85739573e-04, 0.,
       8.85739573e-04, 0., 0., 8.85739573e-04, 0., 8.85739573e-04, 0.,
       5.31443767e-03, 0., 2.65721884e-03, 0., 0., 3.54295829e-03,
       5.31443767e-03, 0., 8.85739573e-04, 8.85739573e-04, 0., 0.,
       8.85739573e-04, 0., 8.85739573e-04, 2.65721884e-03, 0.,
       8.85739573e-04, 8.85739573e-04, 0., 0., 0., 8.85739573e-04,
       2.65721884e-03, 8.85739573e-04, 8.85739573e-04, 0.,
       8.85739573e-04, 2.65721884e-03, 0., 0., 2.65721884e-03,
       7.08591659e-03, 5.31443767e-03, 8.85739573e-04, 0., 0.,
       1.77147915e-03, 2.65721884e-03, 1.77147915e-03, 8.85739573e-04,
       0., 2.65721884e-03, 8.85739573e-04, 7.97165651e-03, 0., 0.,
       8.85739573e-04, 9.74313542e-03, 0., 0., 1.77147915e-03, 0., 0.,
       8.85739573e-04, 0., 0., 0., 0., 8.85739573e-04, 3.54295829e-03,
       1.77147915e-03, 1.77147915e-03, 8.85739573e-04, 0., 0., 0., 0.,
       0., 5.31443767e-03, 0., 8.85739573e-04, 1.77147915e-03,
       6.20017713e-03, 8.85739573e-04, 4.42869775e-03, 2.65721884e-03,
       0., 0., 0., 0., 0., 2.65721884e-03, 8.85739573e-04, 0.,
       8.85739550e-03, 2.65721884e-03, 3.54295829e-03, 8.85739573e-04,
       3.54295829e-03, 8.85739573e-04, 0., 1.77147915e-03,
       1.77147915e-03, 0., 0., 8.85739573e-04, 1.77147915e-03,
       3.54295829e-03, 0., 0., 0., 0., 1.77147915e-03, 0., 0., 0., 0.,
       2.65721884e-03, 8.85739573e-04, 8.85739573e-04, 0., 0.,
       8.85739573e-04, 0., 0., 0., 0., 0., 1.77147915e-03,
       8.85739573e-04, 0., 1.77147915e-03, 3.54295829e-03,
       8.85739573e-04, 4.42869775e-03, 0., 0., 8.85739573e-04, 0.,
       7.08591659e-03, 8.85739573e-04, 0., 0., 2.65721884e-03,
       8.85739573e-04, 0., 0., 8.85739573e-04, 0., 0., 8.85739573e-04,
       0., 1.77147915e-03, 0., 0., 0., 0., 2.65721884e-03,
       8.85739573e-04, 0., 0., 0., 0., 1.77147915e-03, 0., 0.,
       8.85739573e-04, 8.85739573e-04, 4.42869775e-03, 8.85739573e-04,
       8.85739573e-04, 0., 0., 0., 8.85739573e-04, 0., 8.85739573e-04,
       0., 1.77147915e-03, 5.31443767e-03, 8.85739573e-04, 0.,
       2.65721884e-03, 8.85739573e-04, 4.42869775e-03, 0., 0.,
       8.85739573e-04, 0., 8.85739573e-04, 0., 8.85739573e-04,
       8.85739573e-04, 2.65721884e-03, 8.85739573e-04, 1.77147915e-03,
       0., 0., 0., 0., 8.85739573e-04, 8.85739573e-04, 2.65721884e-03,
       0., 1.77147915e-03, 0., 0., 8.85739573e-04, 1.77147915e-03,
       8.85739573e-04, 0., 0., 8.85739573e-04, 2.65721884e-03, 0.,
       2.65721884e-03, 0., 1.77147915e-03, 0., 0., 1.77147915e-03,
       8.85739573e-04, 3.54295829e-03, 0., 0., 0., 1.77147915e-03, 0.,
       8.85739573e-04, 0., 0., 0., 8.85739573e-04, 0., 8.85739573e-04,
       0., 0., 0., 2.65721884e-03, 8.85739573e-04, 1.77147915e-03,
       8.85739573e-04, 8.85739573e-04, 8.85739573e-04, 2.65721884e-03,
       0., 0., 1.77147915e-03, 0., 0., 0., 0., 1.68290511e-02, 0., 0.,
       3.54295829e-03, 8.85739573e-04, 8.85739573e-04, 1.94862708e-02,
       0., 0., 8.85739573e-04, 0., 0., 6.20017713e-03, 0.,
       8.85739573e-04, 1.77147915e-03, 8.85739550e-03, 0.,
       8.85739550e-03, 1.77147915e-03, 0., 0., 0., 8.85739573e-04,
       8.85739573e-04, 1.77147915e-03, 8.85739573e-04, 8.85739573e-04,
       0., 0., 0., 8.85739573e-04, 0., 0., 0., 8.85739573e-04, 0.,
       1.77147915e-03, 0., 3.54295829e-03, 8.85739573e-04, 0.,
       8.85739573e-04, 8.85739573e-04, 0., 0., 8.85739573e-04,
       1.77147915e-03, 0., 0., 0., 0., 3.54295829e-03, 8.85739573e-04,
       3.54295829e-03, 0., 4.42869775e-03, 0., 0., 0., 1.77147915e-03,
       8.85739573e-04, 8.85739573e-04, 0., 0., 0., 8.85739573e-04, 0.,
       0., 8.85739573e-04, 0., 0., 4.42869775e-03, 1.77147915e-03, 0.,
       8.85739573e-04, 0., 3.54295829e-03, 0., 2.65721884e-03,
       1.77147915e-03, 0., 6.20017713e-03, 0., 0., 0., 1.77147915e-03,
       1.06288753e-02, 0., 8.85739573e-04, 8.85739573e-04,
       8.85739573e-04, 8.85739573e-04, 1.77147915e-03, 1.77147915e-03,
       0., 0., 0., 3.54295829e-03, 0., 0., 1.77147915e-03, 0., 0., 0.,
       2.65721884e-03, 8.85739573e-04, 0., 2.65721884e-03, 0., 0.,
       4.42869775e-03, 8.85739573e-04, 0., 0., 0., 0., 0.,
       8.85739573e-04, 8.85739573e-04, 0., 2.65721884e-03,
       8.85739573e-04, 0., 0., 8.85739573e-04, 0., 0., 0.,
       3.54295829e-03, 1.77147915e-03, 8.85739573e-04, 1.77147915e-03,
       8.85739573e-04, 8.85739573e-04, 0., 8.85739573e-04, 0.,
       8.85739573e-04, 0., 8.85739573e-04, 2.65721884e-03, 0.,
       8.85739573e-04, 0., 8.85739573e-04, 7.08591659e-03, 0.,
       2.65721884e-03, 8.85739573e-04, 0., 8.85739573e-04, 0.,
       6.20017713e-03, 5.31443767e-03, 8.85739573e-04, 0., 0., 0., 0.,
       1.15146143e-02, 0., 0., 0., 8.85739573e-04, 8.85739573e-04,
       2.03720108e-02, 0., 8.85739573e-04, 6.20017713e-03,
       5.31443767e-03, 1.41718332e-02, 0., 1.77147915e-03, 0.,
       8.85739573e-04, 4.42869775e-03, 8.85739573e-04, 8.85739573e-04,
       0., 1.77147915e-03, 7.08591659e-03, 0., 1.77147915e-03,
       8.85739573e-04, 8.85739573e-04, 0., 0., 0., 0., 8.85739573e-04,
