%YAML:1.0
m10n: !!opencv-matrix
   rows: 1
   cols: 800
   dt: f
   data: [ 2.38734717e-03, 1.49209192e-03, 2.98418384e-03,
       1.19367358e-03, 8.95255187e-04, 3.58102075e-03, 1.79051037e-03,
       2.98418396e-04, 1.79051037e-03, 8.95255187e-04, 8.95255187e-04,
       5.96836791e-04, 1.49209192e-03, 1.79051037e-03, 2.38734717e-03,
       2.08892883e-03, 5.96836791e-04, 8.95255187e-04, 1.19367358e-03,
       5.96836791e-04, 8.95255187e-04, 2.98418396e-04, 5.07311290e-03,
       5.96836791e-04, 5.96836791e-04, 2.98418396e-04, 0.,
       5.96836791e-04, 8.95255187e-04, 1.79051037e-03, 8.95255187e-04,
       2.38734717e-03, 3.87943909e-03, 0., 8.95255187e-04,
       2.98418396e-04, 1.79051037e-03, 1.19367358e-03, 8.95255187e-04,
       1.19367358e-03, 2.38734717e-03, 1.49209192e-03, 0.,
       8.95255187e-04, 1.49209192e-03, 2.38734717e-03, 5.96836791e-04,
       5.07311290e-03, 8.95255187e-04, 1.49209192e-03, 1.79051037e-03,
       2.98418396e-04, 2.08892883e-03, 5.96836791e-04, 2.98418396e-04,
       5.96836791e-04, 1.49209192e-03, 4.17785766e-03, 2.98418396e-04,
       2.98418396e-04, 1.19367358e-03, 2.38734717e-03, 8.95255187e-04,
       1.79051037e-03, 5.96836791e-04, 8.95255187e-04, 5.96836791e-04,
       2.98418396e-04, 8.95255187e-04, 2.08892883e-03, 5.07311290e-03,
       2.98418384e-03, 2.38734717e-03, 1.49209192e-03, 7.16204150e-03,
       0., 8.95255187e-04, 2.98418396e-04, 5.96836791e-04,
       1.49209192e-03, 5.96836791e-04, 2.98418396e-04, 1.19367358e-03,
       0., 8.95255187e-04, 5.96836768e-03, 2.98418396e-04,
       4.77469433e-03, 1.19367358e-03, 2.68576550e-03, 2.98418396e-04,
       1.19367358e-03, 1.19367358e-03, 2.98418396e-04, 5.96836791e-04,
       1.49209192e-03, 2.08892883e-03, 2.98418396e-04, 2.98418396e-04,
       0., 1.49209192e-03, 2.68576550e-03, 3.28260241e-03,
       1.19367358e-03, 2.98418396e-04, 2.68576550e-03, 1.49209192e-03,
       2.08892883e-03, 5.96836791e-04, 1.79051037e-03, 2.38734717e-03,
       2.98418396e-04, 0., 1.49209192e-03, 1.19367358e-03,
       1.79051037e-03, 2.98418396e-04, 5.96836791e-04, 2.98418396e-04,
       2.98418396e-04, 1.19367358e-03, 1.19367358e-03, 5.96836791e-04,
       5.96836791e-04, 2.68576550e-03, 8.95255187e-04, 1.19367358e-03,
       8.95255187e-04, 2.98418396e-04, 5.96836791e-04, 3.28260241e-03,
       2.38734717e-03, 2.98418396e-04, 4.17785766e-03, 8.95255187e-04,
       1.49209192e-03, 8.95255187e-04, 1.19367358e-03, 1.19367358e-03,
       5.96836791e-04, 8.95255187e-04, 3.58102075e-03, 1.79051037e-03,
       2.38734717e-03, 8.95255187e-04, 1.49209192e-03, 2.98418396e-04,
       4.47627576e-03, 3.28260241e-03, 2.68576550e-03, 1.49209192e-03,
       3.58102075e-03, 1.19367358e-03, 2.98418396e-04, 8.95255187e-04,
       1.19367358e-03, 5.96836791e-04, 1.79051037e-03, 2.98418396e-04,
       1.19367358e-03, 2.98418396e-04, 0., 0., 5.96836791e-04, 0.,
       2.38734717e-03, 8.95255187e-04, 3.58102075e-03, 5.96836791e-04,
       5.96836791e-04, 1.49209192e-03, 1.49209192e-03, 5.96836791e-04,
       1.19367358e-03, 8.95255187e-04, 8.95255187e-04, 1.19367358e-03,
       8.95255187e-04, 2.38734717e-03, 3.28260241e-03, 1.79051037e-03,
       3.87943909e-03, 2.38734717e-03, 5.96836768e-03, 1.19367358e-03,
       1.49209192e-03, 1.49209192e-03, 2.98418396e-04, 2.98418396e-04,
       8.95255187e-04, 2.08892883e-03, 1.19367358e-03, 8.95255187e-04,
       1.79051037e-03, 8.95255187e-04, 1.49209192e-03, 5.96836791e-04,
       1.79051037e-03, 1.19367358e-03, 1.19367358e-03, 1.19367358e-03,
       5.96836791e-04, 2.08892883e-03, 8.95255187e-04, 1.19367358e-03,
       2.08892883e-03, 2.98418396e-04, 2.98418384e-03, 5.96836791e-04,
       2.98418396e-04, 0., 5.96836791e-04, 2.98418396e-04,
       5.96836791e-04, 2.38734717e-03, 1.79051037e-03, 2.98418396e-04,
       1.49209192e-03, 8.95255187e-04, 8.95255187e-04, 2.98418396e-04,
       5.96836791e-04, 5.96836791e-04, 5.96836791e-04, 1.49209192e-03,
       5.96836791e-04, 2.08892883e-03, 3.28260241e-03, 1.19367358e-03,
       1.49209192e-03, 8.95255187e-04, 1.49209192e-03, 2.98418396e-04,
       1.49209192e-03, 8.95255187e-04, 1.19367358e-03, 2.98418384e-03,
       5.96836791e-04, 5.96836791e-04, 5.96836791e-04, 1.19367358e-03,
       2.98418396e-04, 5.96836791e-04, 0., 8.95255187e-04, 0.,
       4.17785766e-03, 2.08892883e-03, 0., 5.96836791e-04,
       2.08892883e-03, 2.68576550e-03, 3.87943909e-03, 4.77469433e-03,
       5.96836791e-04, 1.49209192e-03, 2.98418384e-03, 5.96836791e-04,
       8.95255187e-04, 1.49209192e-03, 1.19367358e-03, 2.98418396e-04,
       5.96836791e-04, 5.96836791e-04, 1.79051037e-03, 5.96836791e-04,
       5.96836791e-04, 5.96836791e-04, 0., 5.96836791e-04,
       1.79051037e-03, 3.28260241e-03, 8.95255187e-04, 2.98418396e-04,
       2.38734717e-03, 2.08892883e-03, 2.98418396e-04, 2.98418384e-03,
       1.79051037e-03, 1.19367358e-03, 3.28260241e-03, 1.49209192e-03,
       8.95255187e-04, 0., 1.49209192e-03, 1.79051037e-03,
       1.49209192e-03, 2.98418396e-04, 2.98418396e-04, 1.19367358e-03,
       8.95255187e-04, 0., 2.68576550e-03, 5.96836791e-04,
       2.98418384e-03, 1.19367358e-03, 5.96836791e-04, 2.98418396e-04,
       1.79051037e-03, 2.08892883e-03, 5.96836791e-04, 5.96836791e-04,
       1.49209192e-03, 0., 8.95255187e-04, 0., 1.19367358e-03,
       2.38734717e-03, 5.96836791e-04, 2.98418396e-04, 5.96836791e-04,
       1.79051037e-03, 5.96836791e-04, 1.79051037e-03, 1.19367358e-03,
       1.19367358e-03, 5.96836791e-04, 8.95255187e-04, 1.79051037e-03,
       1.19367358e-03, 1.49209192e-03, 8.95255187e-04, 8.95255187e-04,
       5.96836791e-04, 5.96836791e-04, 8.95255187e-04, 5.96836791e-04,
       1.19367358e-03, 2.68576550e-03, 1.49209192e-03, 2.08892883e-03,
       1.19367358e-03, 2.98418384e-03, 5.96836791e-04, 1.49209192e-03,
       2.98418396e-04, 1.19367358e-03, 1.19367358e-03, 0.,
       1.19367358e-03, 4.47627576e-03, 2.98418396e-04, 2.08892883e-03,
       8.95255187e-04, 3.28260241e-03, 8.95255187e-04, 8.95255187e-04,
       1.79051037e-03, 2.98418396e-04, 8.95255187e-04, 2.08892883e-03,
       5.96836791e-04, 1.19367358e-03, 5.96836791e-04, 2.98418384e-03,
       0., 2.68576550e-03, 2.08892883e-03, 1.49209192e-03, 0.,
       1.19367358e-03, 8.95255187e-04, 2.98418396e-04, 1.49209192e-03,
       8.95255187e-04, 1.19367358e-03, 1.49209192e-03, 5.96836791e-04,
       3.28260241e-03, 8.95255187e-04, 6.56520482e-03, 1.19367358e-03,
       8.95255187e-04, 1.19367358e-03, 8.95255187e-04, 0.,
       2.08892883e-03, 1.79051037e-03, 1.19367358e-03, 2.98418396e-04,
       2.08892883e-03, 8.95255187e-04, 8.95255187e-04, 5.96836791e-04,
       1.79051037e-03, 0., 2.38734717e-03, 0., 2.98418396e-04,
       2.98418396e-04, 8.95255187e-04, 2.38734717e-03, 1.19367358e-03,
       5.96836791e-04, 2.08892883e-03, 2.98418396e-04, 3.28260241e-03,
       1.79051037e-03, 1.49209192e-03, 5.96836791e-04, 1.19367358e-03,
       2.38734717e-03, 1.19367358e-03, 1.49209192e-03, 1.19367358e-03,
       5.96836791e-04, 5.96836791e-04, 5.96836791e-04, 1.49209192e-03,
       2.98418396e-04, 3.58102075e-03, 2.08892883e-03, 1.19367358e-03,
       2.38734717e-03, 1.19367358e-03, 2.98418384e-03, 8.95255187e-04,
       1.19367358e-03, 1.79051037e-03, 1.19367358e-03, 1.19367358e-03,
       2.38734717e-03, 2.98418384e-03, 1.49209192e-03, 2.08892883e-03,
       2.98418396e-04, 0., 2.98418396e-04, 5.96836791e-04,
       5.07311290e-03, 5.96836791e-04, 2.38734717e-03, 3.58102075e-03,
       2.38734717e-03, 5.96836791e-04, 1.49209192e-03, 2.98418396e-04,
       2.98418396e-04, 8.95255187e-04, 2.98418396e-04, 2.98418396e-04,
       5.96836791e-04, 8.95255187e-04, 2.08892883e-03, 2.98418396e-04,
       5.96836791e-04, 5.07311290e-03, 2.08892883e-03, 5.96836791e-04,
       5.96836791e-04, 5.96836791e-04, 1.49209192e-03, 2.98418396e-04,
       1.19367358e-03, 1.19367358e-03, 8.95255187e-04, 2.98418396e-04,
       2.98418396e-04, 1.79051037e-03, 0., 5.96836791e-04,
       5.96836791e-04, 8.95255187e-04, 5.96836791e-04, 5.96836791e-04,
