%YAML:1.0
m50f: !!opencv-matrix
   rows: 1
   cols: 800
   dt: f
   data: [ 0., 2.61267135e-03, 6.53167837e-04, 6.53167837e-04,
       2.61267135e-03, 6.53167837e-04, 6.53167837e-04, 3.91900726e-03,
       6.53167837e-04, 1.95950363e-03, 0., 1.30633567e-03, 0.,
       1.95950363e-03, 3.26583907e-03, 1.30633567e-03, 1.30633567e-03,
       1.30633567e-03, 1.95950363e-03, 1.30633567e-03, 6.53167837e-04,
       6.53167837e-04, 2.61267135e-03, 0., 1.95950363e-03,
       6.53167837e-04, 0., 2.61267135e-03, 3.26583907e-03,
       6.53167837e-04, 4.57217498e-03, 0., 1.95950363e-03,
       2.61267135e-03, 6.53167837e-04, 6.53167837e-04, 0.,
       6.53167837e-04, 1.30633567e-03, 1.30633567e-03, 1.30633567e-03,
       1.95950363e-03, 6.53167837e-04, 6.53167837e-04, 3.91900726e-03,
       6.53167837e-04, 6.53167837e-04, 6.53167837e-04, 1.95950363e-03,
       0., 1.30633567e-03, 1.95950363e-03, 1.30633567e-03,
       4.57217498e-03, 1.30633567e-03, 0., 0., 1.30633567e-03,
       1.30633567e-03, 1.30633567e-03, 1.95950363e-03, 2.61267135e-03,
       1.95950363e-03, 6.53167837e-04, 1.95950363e-03, 0.,
       1.30633567e-03, 1.30633567e-03, 2.61267135e-03, 0.,
       1.30633567e-03, 3.26583907e-03, 6.53167837e-04, 0.,
       1.95950363e-03, 3.91900726e-03, 1.30633567e-03, 2.61267135e-03,
       6.53167837e-04, 1.30633567e-03, 0., 0., 0., 6.53167837e-04,
       6.53167837e-04, 6.53167837e-04, 4.57217498e-03, 6.53167837e-04,
       6.53167837e-04, 0., 1.95950363e-03, 2.61267135e-03,
       1.95950363e-03, 6.53167837e-04, 0., 1.95950363e-03, 0.,
       1.30633567e-03, 2.61267135e-03, 2.61267135e-03, 0.,
       6.53167837e-04, 4.57217498e-03, 6.53167837e-04, 0.,
       3.91900726e-03, 1.95950363e-03, 1.43696927e-02, 0.,
       2.61267135e-03, 6.53167837e-04, 0., 0., 1.95950363e-03,
       3.26583907e-03, 6.53167837e-04, 1.95950363e-03, 1.30633567e-03,
       0., 1.30633567e-03, 3.26583907e-03, 2.61267135e-03,
       6.53167837e-04, 6.53167837e-04, 6.53167837e-04, 1.30633567e-03,
       6.53167837e-04, 6.53167837e-04, 1.30633567e-03, 1.95950363e-03,
       0., 1.30633567e-03, 6.53167837e-04, 6.53167837e-04,
       3.26583907e-03, 1.95950363e-03, 1.30633567e-03, 1.30633567e-03,
       6.53167837e-04, 2.61267135e-03, 6.53167837e-04, 0.,
       1.30633567e-03, 6.53167837e-04, 6.53167837e-04, 1.30633567e-03,
       6.53167837e-04, 5.87851042e-03, 6.53167837e-04, 0., 0.,
       1.30633567e-03, 1.30633567e-03, 6.53167837e-04, 1.30633567e-03,
       0., 6.53167837e-04, 4.57217498e-03, 0., 6.53167837e-04,
       6.53167837e-04, 1.95950363e-03, 0., 6.53167837e-04, 0., 0.,
       6.53167837e-04, 4.57217498e-03, 6.53167837e-04, 6.53167837e-04,
       0., 6.53167837e-04, 0., 1.95950363e-03, 2.61267135e-03, 0.,
       1.30633567e-03, 1.95950363e-03, 1.30633567e-03, 1.30633567e-03,
       6.53167837e-04, 0., 0., 6.53167837e-04, 6.53167837e-04,
       3.91900726e-03, 0., 6.53167837e-04, 1.30633567e-03,
       1.30633567e-03, 0., 1.95950363e-03, 1.95950363e-03,
       1.30633567e-03, 6.53167837e-04, 0., 6.53167837e-04,
       1.30633567e-03, 0., 0., 6.53167837e-04, 6.53167837e-04,
       6.53167837e-04, 6.53167837e-04, 0., 3.26583907e-03,
       2.61267135e-03, 1.95950363e-03, 0., 6.53167837e-04,
       6.53167837e-04, 1.95950363e-03, 3.26583907e-03, 6.53167837e-04,
       6.53167837e-04, 0., 1.30633567e-03, 2.61267135e-03,
       4.57217498e-03, 6.53167837e-04, 0., 3.26583907e-03,
       1.30633567e-03, 6.53167837e-04, 1.30633567e-03, 6.53167837e-04,
       6.53167837e-04, 3.91900726e-03, 6.53167837e-04, 6.53167837e-04,
       1.30633567e-03, 4.57217498e-03, 1.30633567e-03, 6.53167837e-04,
       1.30633567e-03, 2.61267135e-03, 0., 6.53167837e-04,
       5.22534270e-03, 0., 1.95950363e-03, 1.30633567e-03, 0.,
       3.26583907e-03, 2.61267135e-03, 1.95950363e-03, 1.30633567e-03,
       3.26583907e-03, 1.95950363e-03, 6.53167837e-04, 6.53167837e-04,
       6.53167837e-04, 1.30633567e-03, 1.30633567e-03, 1.95950363e-03,
       6.53167837e-04, 6.53167837e-04, 1.30633567e-03, 1.30633567e-03,
       1.95950363e-03, 1.30633567e-03, 1.95950363e-03, 0., 0., 0., 0.,
       6.53167837e-04, 0., 6.53167837e-04, 2.61267135e-03, 0., 0.,
       1.30633567e-03, 0., 0., 1.30633567e-03, 1.95950363e-03,
       6.53167837e-04, 2.61267135e-03, 0., 6.53167837e-04, 0.,
       6.53167837e-04, 3.26583907e-03, 0., 0., 0., 1.95950363e-03, 0.,
       1.30633567e-03, 6.53167837e-04, 1.95950363e-03, 1.30633567e-03,
       5.22534270e-03, 3.91900726e-03, 0., 0., 3.91900726e-03,
       6.53167837e-04, 0., 1.30633567e-03, 3.26583907e-03,
       6.53167837e-04, 6.53167837e-04, 6.53167837e-04, 6.53167837e-04,
       6.53167837e-04, 1.95950363e-03, 0., 3.91900726e-03,
       1.30633567e-03, 6.53167837e-04, 1.30633567e-03, 1.95950363e-03,
       0., 1.30633567e-03, 6.53167837e-04, 3.91900726e-03,
       6.53167837e-04, 0., 6.53167837e-04, 1.30633567e-03, 0.,
       1.30633567e-03, 1.95950363e-03, 3.91900726e-03, 6.53167837e-04,
       6.53167837e-04, 6.53167837e-04, 6.53167837e-04, 3.26583907e-03,
       6.53167837e-04, 6.53167837e-04, 1.30633567e-03, 6.53167837e-04,
       0., 6.53167837e-04, 0., 3.26583907e-03, 6.53167837e-04,
       1.30633567e-03, 0., 6.53167837e-04, 1.95950363e-03, 0., 0., 0.,
       6.53167837e-04, 6.53167837e-04, 1.95950363e-03, 6.53167837e-04,
       6.53167837e-04, 1.95950363e-03, 1.95950363e-03, 6.53167837e-04,
       0., 1.30633567e-03, 1.95950363e-03, 6.53167837e-04,
       6.53167837e-04, 6.53167837e-04, 6.53167837e-04, 1.30633567e-03,
       5.87851042e-03, 2.61267135e-03, 1.30633567e-03, 1.30633567e-03,
       1.95950363e-03, 6.53167837e-04, 2.61267135e-03, 1.95950363e-03,
       1.30633567e-03, 3.26583907e-03, 0., 2.61267135e-03, 0.,
       6.53167837e-04, 0., 0., 6.53167837e-04, 1.95950363e-03,
       1.95950363e-03, 0., 2.61267135e-03, 1.30633567e-03, 0.,
       6.53167837e-04, 1.30633567e-03, 6.53167837e-04, 6.53167837e-04,
       6.53167837e-04, 6.53167837e-04, 1.30633567e-03, 1.95950363e-03,
       0., 6.53167837e-04, 1.30633567e-03, 0., 0., 3.26583907e-03,
       6.53167837e-04, 0., 2.61267135e-03, 0., 0., 6.53167837e-04,
       6.53167837e-04, 6.53167837e-04, 1.30633567e-03, 6.53167837e-04,
       0., 6.53167837e-04, 1.30633567e-03, 1.30633567e-03,
       1.30633567e-03, 1.30633567e-03, 0., 1.30633567e-03,
       6.53167837e-04, 0., 6.53167837e-04, 3.26583907e-03, 0.,
       1.95950363e-03, 6.53167837e-04, 0., 6.53167837e-04,
       6.53167837e-04, 6.53167837e-04, 0., 0., 6.53167837e-04,
       1.30633567e-03, 0., 0., 1.30633567e-03, 3.26583907e-03,
       6.53167837e-04, 1.95950363e-03, 0., 1.30633567e-03,
       1.95950363e-03, 2.61267135e-03, 6.53167837e-04, 1.95950363e-03,
       3.91900726e-03, 0., 0., 6.53167837e-04, 3.26583907e-03,
       6.53167837e-04, 6.53167837e-04, 7.18484633e-03, 1.95950363e-03,
       1.95950363e-03, 1.95950363e-03, 6.53167837e-04, 1.95950363e-03,
       1.30633567e-03, 1.30633567e-03, 0., 6.53167837e-04, 0., 0.,
       3.91900726e-03, 6.53167837e-04, 1.30633567e-03, 6.53167837e-04,
       0., 0., 1.30633567e-03, 1.30633567e-03, 3.26583907e-03, 0., 0.,
       0., 1.95950363e-03, 1.30633567e-03, 1.30633567e-03, 0.,
       6.53167837e-04, 1.30633567e-03, 0., 1.95950363e-03,
       1.30633567e-03, 0., 6.53167837e-04, 6.53167837e-04,
       1.30633567e-03, 1.95950363e-03, 0., 6.53167837e-04, 0.,
       1.30633567e-03, 1.30633567e-03, 1.95950363e-03, 1.95950363e-03,
       0., 0., 6.53167837e-04, 3.26583907e-03, 0., 1.95950363e-03,
       6.53167837e-04, 6.53167837e-04, 6.53167837e-04, 6.53167837e-04,
       2.61267135e-03, 2.61267135e-03, 1.95950363e-03, 0.,
       7.83801451e-03, 2.61267135e-03, 0., 0., 6.53167837e-04, 0.,
       1.30633567e-03, 6.53167837e-04, 3.26583907e-03, 1.30633567e-03,
       2.61267135e-03, 4.57217498e-03, 0., 2.61267135e-03,
       6.53167837e-04, 3.91900726e-03, 6.53167837e-04, 0.,
       2.61267135e-03, 6.53167837e-04, 0., 1.95950363e-03, 0.,
       6.53167837e-04, 1.95950363e-03, 6.53167837e-04, 1.30633567e-03,
