%YAML:1.0
m50f: !!opencv-matrix
   rows: 1
   cols: 800
   dt: f
   data: [ 3.38180602e-04, 2.36726413e-03, 2.70544481e-03,
       3.38180602e-04, 1.01454183e-03, 2.36726413e-03, 2.36726413e-03,
       6.76361204e-04, 3.38180602e-04, 3.38180602e-04, 1.35272241e-03,
       6.76361204e-04, 1.69090298e-03, 6.76361204e-04, 1.35272241e-03,
       2.36726413e-03, 1.69090298e-03, 1.35272241e-03, 1.01454183e-03,
       1.69090298e-03, 6.76361204e-04, 1.01454183e-03, 1.69090298e-03,
       1.01454183e-03, 3.04362550e-03, 1.01454183e-03, 1.69090298e-03,
       1.35272241e-03, 3.38180602e-04, 2.36726413e-03, 1.69090298e-03,
       4.05816734e-03, 1.01454183e-03, 1.35272241e-03, 1.01454183e-03,
       1.35272241e-03, 2.02908367e-03, 2.02908367e-03, 3.38180602e-04,
       6.76361204e-04, 6.76361204e-04, 2.70544481e-03, 1.01454183e-03,
       1.01454183e-03, 3.04362550e-03, 2.36726413e-03, 6.76361204e-04,
       1.35272241e-03, 1.35272241e-03, 4.05816734e-03, 1.01454183e-03,
       1.35272241e-03, 3.38180602e-04, 1.69090298e-03, 6.76361204e-04,
       2.70544481e-03, 5.07270917e-03, 6.76361204e-04, 3.38180602e-04,
       1.01454183e-03, 6.76361204e-04, 2.36726413e-03, 2.02908367e-03,
       6.76361204e-04, 6.76361204e-04, 3.38180602e-04, 3.38180602e-04,
       6.76361204e-04, 1.01454183e-03, 6.76361204e-04, 3.38180602e-04,
       1.35272241e-03, 1.69090298e-03, 1.01454183e-03, 3.04362550e-03,
       3.38180602e-04, 1.69090298e-03, 6.76361204e-04, 2.02908367e-03,
       2.02908367e-03, 1.35272241e-03, 6.76361204e-04, 1.35272241e-03,
       3.38180602e-04, 1.69090298e-03, 1.69090298e-03, 1.01454183e-03,
       1.69090298e-03, 3.04362550e-03, 6.76361204e-04, 0.,
       3.38180602e-04, 6.76361204e-04, 0., 1.01454183e-03,
       1.35272241e-03, 1.69090298e-03, 1.35272241e-03, 6.76361204e-04,
       3.38180602e-04, 1.35272241e-03, 6.76361204e-04, 2.02908367e-03,
       1.69090298e-03, 1.01454183e-03, 3.38180602e-04, 3.38180602e-04,
       2.02908367e-03, 2.02908367e-03, 3.38180602e-04, 2.70544481e-03,
       3.38180602e-04, 3.38180602e-04, 3.38180602e-04, 3.38180602e-04,
       1.01454183e-03, 6.76361204e-04, 1.01454183e-03, 2.70544481e-03,
       3.38180602e-04, 1.35272241e-03, 3.38180602e-04, 6.76361204e-04,
       6.76361204e-04, 1.35272241e-03, 1.01454183e-03, 1.35272241e-03,
       1.35272241e-03, 1.01454183e-03, 1.01454183e-03, 1.35272241e-03,
       1.69090298e-03, 1.01454183e-03, 1.01454183e-03, 3.38180602e-04,
       6.76361204e-04, 1.01454183e-03, 1.01454183e-03, 3.38180602e-04,
       0., 3.38180602e-04, 4.39634779e-03, 1.35272241e-03,
       1.69090298e-03, 1.01454183e-03, 0., 1.01454183e-03,
       1.01454183e-03, 1.01454183e-03, 2.70544481e-03, 0.,
       2.70544481e-03, 1.69090298e-03, 1.01454183e-03, 6.76361204e-04,
       3.38180602e-04, 3.38180602e-04, 6.76361204e-04, 1.35272241e-03,
       3.38180602e-04, 3.38180602e-04, 1.01454183e-03, 6.76361204e-04,
       3.04362550e-03, 3.38180602e-04, 2.70544481e-03, 6.76361204e-04,
       3.38180596e-03, 1.35272241e-03, 3.38180602e-04, 3.38180596e-03,
       2.70544481e-03, 3.38180602e-04, 3.38180602e-04, 6.76361204e-04,
       0., 1.35272241e-03, 6.76361204e-04, 1.69090298e-03,
       2.36726413e-03, 1.69090298e-03, 3.38180596e-03, 1.69090298e-03,
       3.38180602e-04, 0., 1.35272241e-03, 2.70544481e-03,
       6.76361204e-04, 1.69090298e-03, 3.38180602e-04, 2.36726413e-03,
       6.76361204e-04, 1.35272241e-03, 1.01454183e-03, 0., 0.,
       6.76361204e-04, 1.35272241e-03, 2.02908367e-03, 0.,
       1.35272241e-03, 3.38180602e-04, 3.71998665e-03, 2.36726413e-03,
       3.38180602e-04, 2.70544481e-03, 1.01454183e-03, 6.76361204e-04,
       2.02908367e-03, 1.69090298e-03, 1.69090298e-03, 6.76361204e-04,
       1.01454183e-03, 3.38180602e-04, 6.76361204e-04, 1.35272241e-03,
       2.36726413e-03, 2.02908367e-03, 1.69090298e-03, 1.69090298e-03,
       0., 1.69090298e-03, 6.76361204e-04, 1.35272241e-03,
       1.69090298e-03, 6.76361204e-04, 1.69090298e-03, 1.01454183e-03,
       1.01454183e-03, 2.70544481e-03, 4.39634779e-03, 1.35272241e-03,
       6.76361204e-04, 1.69090298e-03, 1.01454183e-03, 0.,
       1.35272241e-03, 6.76361204e-04, 2.02908367e-03, 1.01454183e-03,
       1.69090298e-03, 3.38180602e-04, 3.38180602e-04, 2.02908367e-03,
       1.69090298e-03, 1.01454183e-03, 2.02908367e-03, 1.01454183e-03,
       3.38180602e-04, 3.38180602e-04, 2.36726413e-03, 1.01454183e-03,
       3.38180602e-04, 2.70544481e-03, 6.76361204e-04, 3.38180602e-04,
       1.35272241e-03, 6.76361204e-04, 6.76361204e-04, 1.01454183e-03,
       1.35272241e-03, 2.02908367e-03, 1.01454183e-03, 2.70544481e-03,
       1.01454183e-03, 3.38180602e-04, 3.38180602e-04, 0.,
       1.35272241e-03, 6.76361204e-04, 2.02908367e-03, 1.35272241e-03,
       6.76361204e-04, 0., 1.35272241e-03, 2.02908367e-03,
       1.69090298e-03, 6.42543146e-03, 2.36726413e-03, 2.70544481e-03,
       3.71998665e-03, 2.02908367e-03, 2.36726413e-03, 1.35272241e-03,
       1.01454183e-03, 6.76361204e-04, 2.36726413e-03, 6.76361204e-04,
       0., 1.01454183e-03, 2.02908367e-03, 0., 1.01454183e-03, 0.,
       1.35272241e-03, 1.35272241e-03, 3.38180602e-04, 3.38180602e-04,
       1.35272241e-03, 2.02908367e-03, 1.69090298e-03, 1.01454183e-03,
       3.38180602e-04, 2.02908367e-03, 1.35272241e-03, 1.35272241e-03,
       6.76361204e-04, 1.35272241e-03, 1.01454183e-03, 1.35272241e-03,
       3.38180602e-04, 0., 0., 1.35272241e-03, 1.69090298e-03,
       1.69090298e-03, 1.01454183e-03, 2.36726413e-03, 1.01454183e-03,
       1.35272241e-03, 3.38180602e-04, 1.01454183e-03, 1.69090298e-03,
       2.36726413e-03, 0., 6.76361204e-04, 0., 1.69090298e-03,
       6.76361204e-04, 3.38180602e-04, 2.02908367e-03, 1.69090298e-03,
       3.04362550e-03, 2.36726413e-03, 1.01454183e-03, 3.38180602e-04,
       1.35272241e-03, 0., 3.38180602e-04, 1.69090298e-03,
       3.04362550e-03, 1.01454183e-03, 2.02908367e-03, 1.01454183e-03,
       2.02908367e-03, 1.69090298e-03, 3.38180602e-04, 1.69090298e-03,
       6.76361204e-04, 2.70544481e-03, 2.36726413e-03, 6.76361204e-04,
       0., 1.01454183e-03, 6.76361204e-04, 2.36726413e-03,
       1.35272241e-03, 6.76361204e-04, 1.01454183e-03, 3.38180596e-03,
       0., 1.35272241e-03, 6.76361204e-04, 6.76361204e-04,
       3.38180602e-04, 6.76361204e-04, 3.38180602e-04, 1.01454183e-03,
       1.69090298e-03, 1.35272241e-03, 2.02908367e-03, 2.70544481e-03,
       2.02908367e-03, 3.38180602e-04, 1.69090298e-03, 1.01454183e-03,
       6.76361204e-04, 3.38180602e-04, 6.76361204e-04, 1.01454183e-03,
       2.02908367e-03, 2.36726413e-03, 1.01454183e-03, 3.38180602e-04,
       1.35272241e-03, 3.38180602e-04, 2.70544481e-03, 6.76361204e-04,
       4.73452825e-03, 6.76361204e-04, 6.76361204e-04, 2.36726413e-03,
       3.38180602e-04, 6.42543146e-03, 2.36726413e-03, 2.02908367e-03,
       1.01454183e-03, 6.76361204e-04, 1.01454183e-03, 1.35272241e-03,
       1.69090298e-03, 1.01454183e-03, 2.36726413e-03, 0.,
       1.35272241e-03, 0., 0., 3.38180602e-04, 2.02908367e-03, 0.,
       4.73452825e-03, 1.35272241e-03, 6.76361204e-04, 6.76361204e-04,
       1.01454183e-03, 1.35272241e-03, 1.01454183e-03, 0.,
       1.69090298e-03, 3.38180602e-04, 2.02908367e-03, 1.01454183e-03,
       3.38180602e-04, 1.01454183e-03, 2.36726413e-03, 3.38180602e-04,
       3.38180602e-04, 1.69090298e-03, 2.70544481e-03, 1.69090298e-03,
       0., 2.02908367e-03, 1.35272241e-03, 1.01454183e-03,
       1.35272241e-03, 1.69090298e-03, 6.76361204e-04, 6.76361204e-04,
       1.01454183e-03, 3.38180602e-04, 1.01454183e-03, 1.35272241e-03,
       1.35272241e-03, 1.35272241e-03, 1.01454183e-03, 6.76361204e-04,
       2.70544481e-03, 1.35272241e-03, 2.02908367e-03, 1.69090298e-03,
       3.38180602e-04, 1.69090298e-03, 1.35272241e-03, 2.70544481e-03,
       2.70544481e-03, 3.38180602e-04, 0., 6.76361204e-04,
       1.01454183e-03, 2.02908367e-03, 0., 6.76361204e-04,
       1.35272241e-03, 1.01454183e-03, 1.01454183e-03, 3.38180602e-04,
