%YAML:1.0
m50f: !!opencv-matrix
   rows: 1
   cols: 800
   dt: f
   data: [ 3.16455704e-03, 6.32911397e-04, 1.26582279e-03,
       6.32911397e-04, 0., 6.32911397e-04, 6.32911397e-04,
       1.89873413e-03, 0., 4.43037972e-03, 1.89873413e-03,
       1.26582279e-03, 6.32911397e-04, 1.26582279e-03, 1.26582279e-03,
       5.69620263e-03, 1.26582279e-03, 1.89873413e-03, 0.,
       6.32911397e-04, 1.89873413e-03, 2.53164559e-03, 1.26582279e-03,
       6.32911397e-04, 1.26582279e-03, 6.32911397e-04, 3.16455704e-03,
       6.32911397e-04, 0., 0., 1.89873413e-03, 2.53164559e-03,
       6.32911397e-04, 6.32911397e-04, 0., 0., 1.89873413e-03, 0., 0.,
       1.26582279e-03, 6.32911397e-04, 4.43037972e-03, 0.,
       1.89873413e-03, 1.26582279e-03, 6.32911397e-04, 6.32911397e-04,
       2.53164559e-03, 1.89873413e-03, 0., 6.32911397e-04,
       3.16455704e-03, 6.32911397e-04, 1.26582279e-03, 1.26582279e-03,
       0., 1.89873413e-03, 0., 4.43037972e-03, 1.89873413e-03,
       6.32911397e-04, 2.53164559e-03, 0., 1.26582279e-03,
       2.53164559e-03, 6.32911397e-04, 6.32911397e-04, 6.32911397e-04,
       1.89873413e-03, 6.32911397e-04, 1.89873413e-03, 0., 0., 0., 0.,
       6.32911397e-04, 5.06329117e-03, 0., 5.06329117e-03,
       1.26582279e-03, 2.53164559e-03, 0., 1.26582279e-03, 0.,
       6.32911397e-04, 1.26582279e-03, 0., 0., 3.16455704e-03,
       1.26582279e-03, 3.79746826e-03, 3.16455704e-03, 6.32911397e-04,
       6.32911397e-04, 1.26582279e-03, 1.89873413e-03, 6.32911397e-04,
       6.96202554e-03, 5.69620263e-03, 1.89873413e-03, 1.26582279e-03,
       3.16455704e-03, 0., 1.26582279e-03, 5.06329117e-03, 0.,
       4.43037972e-03, 0., 6.32911397e-04, 1.26582279e-03,
       3.16455704e-03, 6.32911397e-04, 6.32911397e-04, 0.,
       3.16455704e-03, 1.26582279e-03, 1.89873413e-03, 2.53164559e-03,
       0., 1.89873413e-03, 6.32911397e-04, 0., 6.32911397e-04,
       6.32911397e-04, 0., 3.16455704e-03, 6.32911397e-04,
       1.26582279e-03, 0., 1.26582279e-03, 2.53164559e-03,
       1.26582279e-03, 1.89873413e-03, 0., 2.53164559e-03,
       1.26582279e-03, 0., 0., 0., 6.32911397e-04, 6.32911397e-04,
       6.32911397e-04, 1.89873413e-03, 6.32911397e-04, 1.26582279e-03,
       1.89873413e-03, 0., 1.26582279e-03, 6.32911397e-04,
       2.53164559e-03, 1.26582279e-03, 6.32911397e-04, 1.26582279e-03,
       6.32911397e-04, 1.26582279e-03, 3.16455704e-03, 3.16455704e-03,
       3.79746826e-03, 0., 6.32911397e-04, 1.89873413e-03,
       1.89873413e-03, 0., 6.32911397e-04, 0., 1.26582279e-03, 0.,
       5.06329117e-03, 1.89873413e-03, 6.32911397e-04, 1.89873413e-03,
       2.53164559e-03, 6.32911397e-04, 6.32911397e-04, 1.26582279e-03,
       1.26582279e-03, 1.26582279e-03, 1.26582279e-03, 1.89873413e-03,
       2.53164559e-03, 1.26582279e-03, 1.26582279e-03, 6.32911397e-04,
       0., 0., 6.32911397e-04, 5.69620263e-03, 6.32911397e-04,
       6.32911397e-04, 4.43037972e-03, 6.32911397e-04, 6.32911397e-04,
       1.26582279e-03, 1.26582279e-03, 1.89873413e-03, 0.,
       1.26582279e-03, 2.53164559e-03, 0., 6.32911397e-04, 0.,
       3.16455704e-03, 3.16455704e-03, 2.53164559e-03, 0.,
       3.16455704e-03, 6.32911397e-04, 1.26582279e-03, 6.32911397e-04,
       6.32911397e-04, 1.89873413e-03, 0., 1.26582279e-03,
       1.26582279e-03, 1.26582279e-03, 6.32911397e-04, 1.26582279e-03,
       6.32911397e-04, 1.89873413e-03, 1.89873413e-03, 1.89873413e-03,
       0., 6.32911397e-04, 6.32911397e-04, 1.26582279e-03,
       6.32911397e-04, 3.16455704e-03, 1.26582279e-03, 2.53164559e-03,
       6.32911397e-04, 1.26582279e-03, 1.89873413e-03, 6.32911397e-04,
       5.69620263e-03, 0., 6.32911397e-04, 2.53164559e-03,
       6.32911397e-04, 6.32911397e-04, 0., 3.79746826e-03,
       6.32911397e-04, 6.32911397e-04, 0., 1.26582279e-03,
       1.26582279e-03, 2.53164559e-03, 2.53164559e-03, 0.,
       6.32911397e-04, 1.26582279e-03, 1.26582279e-03, 0.,
       6.32911397e-04, 0., 0., 1.89873413e-03, 6.32911397e-04,
       1.89873413e-03, 1.89873413e-03, 6.32911397e-04, 6.32911397e-04,
       1.89873413e-03, 1.26582279e-03, 1.89873413e-03, 6.32911408e-03,
       6.32911397e-04, 1.26582279e-03, 1.26582279e-03, 0.,
       2.53164559e-03, 1.26582279e-03, 0., 0., 1.26582279e-03,
       2.53164559e-03, 0., 0., 2.53164559e-03, 0., 2.53164559e-03,
       1.89873413e-03, 1.26582279e-03, 6.32911397e-04, 2.53164559e-03,
       6.32911397e-04, 2.53164559e-03, 1.89873413e-03, 6.32911397e-04,
       6.32911397e-04, 6.32911397e-04, 0., 2.53164559e-03,
       3.79746826e-03, 1.26582279e-03, 4.43037972e-03, 6.32911397e-04,
       6.32911397e-04, 6.32911397e-04, 1.26582279e-03, 0.,
       6.32911397e-04, 0., 0., 1.26582279e-03, 0., 1.26582279e-03,
       6.32911397e-04, 3.79746826e-03, 0., 1.26582279e-03,
       6.32911397e-04, 6.32911397e-04, 0., 2.53164559e-03,
       6.32911397e-04, 6.32911397e-04, 0., 0., 0., 4.43037972e-03,
       3.16455704e-03, 1.26582279e-03, 1.26582279e-03, 6.32911397e-04,
       0., 0., 6.32911397e-04, 1.89873413e-03, 1.89873413e-03,
       3.16455704e-03, 6.32911397e-04, 1.26582279e-03, 6.32911397e-04,
       6.32911397e-04, 0., 3.16455704e-03, 2.53164559e-03,
       6.32911397e-04, 1.89873413e-03, 1.26582279e-03, 2.53164559e-03,
       6.32911397e-04, 0., 1.01265823e-02, 3.16455704e-03,
       2.53164559e-03, 1.26582279e-03, 1.26582279e-03, 2.53164559e-03,
       6.32911397e-04, 1.26582279e-03, 4.43037972e-03, 1.26582279e-03,
       1.26582279e-03, 1.26582279e-03, 1.26582279e-03, 1.89873413e-03,
       6.32911397e-04, 3.79746826e-03, 6.32911397e-04, 4.43037972e-03,
       3.16455704e-03, 1.89873413e-03, 1.89873413e-03, 6.32911397e-04,
       5.06329117e-03, 1.89873413e-03, 3.16455704e-03, 1.89873413e-03,
       0., 6.32911397e-04, 3.16455704e-03, 1.26582279e-03, 0., 0.,
       6.32911397e-04, 0., 0., 2.53164559e-03, 0., 6.32911397e-04,
       1.26582279e-03, 1.26582279e-03, 6.32911397e-04, 1.26582279e-03,
       6.32911397e-04, 0., 0., 0., 0., 6.32911397e-04, 1.89873413e-03,
       3.16455704e-03, 6.32911397e-04, 7.59493653e-03, 0.,
       1.26582279e-03, 1.89873413e-03, 1.26582279e-03, 4.43037972e-03,
       1.26582279e-03, 1.26582279e-03, 6.32911397e-04, 3.16455704e-03,
       0., 1.26582279e-03, 6.32911397e-04, 0., 2.53164559e-03,
       6.32911397e-04, 1.89873413e-03, 0., 0., 5.69620263e-03, 0.,
       6.32911397e-04, 3.79746826e-03, 1.26582279e-03, 0.,
       6.32911397e-04, 6.32911397e-04, 0., 1.26582279e-03,
       1.89873413e-03, 0., 2.53164559e-03, 0., 1.26582279e-03, 0.,
       1.26582279e-03, 1.26582279e-03, 6.32911397e-04, 6.32911397e-04,
       0., 1.89873413e-03, 4.43037972e-03, 6.32911397e-04,
       6.32911397e-04, 0., 0., 1.26582279e-03, 2.53164559e-03,
       6.32911397e-04, 1.89873413e-03, 6.32911397e-04, 6.32911397e-04,
       2.53164559e-03, 1.89873413e-03, 1.26582279e-03, 2.53164559e-03,
       6.32911397e-04, 1.26582279e-03, 2.53164559e-03, 1.26582279e-03,
       1.89873413e-03, 1.26582279e-03, 6.32911397e-04, 1.89873413e-03,
       0., 0., 0., 0., 1.26582279e-03, 6.32911397e-04, 0.,
       3.16455704e-03, 0., 0., 6.32911397e-04, 1.89873413e-03, 0.,
       1.89873413e-03, 0., 1.26582279e-03, 1.26582279e-03,
       2.53164559e-03, 6.32911397e-04, 1.26582279e-03, 1.26582279e-03,
       0., 0., 5.69620263e-03, 1.26582279e-03, 6.32911397e-04, 0.,
       6.32911397e-04, 1.89873413e-03, 6.32911397e-04, 6.32911397e-04,
       0., 0., 0., 0., 0., 6.32911397e-04, 1.89873413e-03, 0.,
       6.32911397e-04, 9.49367136e-03, 6.32911397e-04, 0.,
       6.32911397e-04, 6.32911397e-04, 3.16455704e-03, 0.,
       1.26582279e-03, 6.32911397e-04, 3.16455704e-03, 6.32911397e-04,
       6.32911397e-04, 1.26582279e-03, 3.16455704e-03, 0.,
       1.26582279e-03, 1.26582279e-03, 1.26582279e-03, 1.26582279e-03,
       0., 1.89873413e-03, 6.32911397e-04, 1.26582279e-03,
       6.32911397e-04, 6.32911397e-04, 0., 3.16455704e-03,
       3.16455704e-03, 5.06329117e-03, 6.32911397e-04, 1.26582279e-03,
       0., 3.16455704e-03, 0., 0., 1.26582279e-03, 6.32911397e-04, 0.,
