%YAML:1.0
m50f: !!opencv-matrix
   rows: 1
   cols: 800
   dt: f
   data: [ 3.67197068e-03, 0., 0., 1.83598534e-03, 6.11995114e-04,
       3.67197068e-03, 1.22399023e-03, 4.28396557e-03, 1.22399023e-03,
       7.34394137e-03, 1.22399023e-03, 0., 6.11995114e-04, 0., 0.,
       6.11995114e-03, 0., 0., 0., 0., 0., 2.44798046e-03,
       1.83598534e-03, 2.44798046e-03, 0., 0., 6.11995114e-04,
       1.22399023e-03, 2.44798046e-03, 6.11995114e-04, 1.22399023e-03,
       0., 2.44798046e-03, 0., 0., 2.44798046e-03, 7.34394137e-03, 0.,
       4.28396557e-03, 3.67197068e-03, 6.11995114e-04, 1.83598534e-03,
       0., 3.05997557e-03, 1.22399023e-03, 0., 6.11995114e-04,
       1.22399023e-03, 2.44798046e-03, 6.11995114e-04, 3.05997557e-03,
       1.83598534e-03, 4.89596091e-03, 6.11995114e-04, 0.,
       4.28396557e-03, 2.44798046e-03, 0., 6.11995114e-04, 0.,
       1.83598534e-03, 6.11995114e-04, 1.22399023e-03, 3.05997557e-03,
       0., 0., 1.83598534e-03, 1.83598534e-03, 6.11995114e-04, 0.,
       5.50795626e-03, 1.83598534e-03, 1.22399023e-03, 0.,
       6.11995114e-04, 2.44798046e-03, 2.44798046e-03, 2.44798046e-03,
       1.22399023e-03, 1.22399023e-03, 1.22399023e-03, 6.11995114e-04,
       6.11995114e-04, 6.11995114e-04, 6.11995114e-04, 3.05997557e-03,
       1.22399023e-03, 1.22399023e-03, 1.22399023e-03, 1.22399023e-03,
       1.22399023e-03, 6.11995114e-04, 6.11995114e-04, 6.11995114e-04,
       0., 3.67197068e-03, 3.05997557e-03, 1.22399023e-03,
       2.44798046e-03, 1.22399023e-03, 0., 9.17992648e-03, 0., 0.,
       2.44798046e-03, 6.11995114e-04, 1.22399023e-03, 1.22399023e-03,
       6.11995114e-04, 0., 1.22399023e-03, 4.28396557e-03,
       1.22399023e-03, 1.83598534e-03, 6.11995114e-04, 1.83598534e-03,
       2.44798046e-03, 0., 0., 6.11995114e-03, 6.11995114e-04, 0.,
       1.22399023e-03, 3.67197068e-03, 0., 1.22399023e-03,
       6.11995114e-04, 1.83598534e-03, 6.11995114e-04, 1.83598534e-03,
       4.28396557e-03, 2.44798046e-03, 0., 3.05997557e-03,
       2.44798046e-03, 0., 0., 6.11995114e-04, 1.22399023e-03,
       6.11995114e-04, 0., 1.83598534e-03, 2.44798046e-03,
       1.22399023e-03, 1.22399023e-03, 0., 1.83598534e-03, 0., 0., 0.,
       1.83598534e-03, 3.67197068e-03, 3.05997557e-03, 5.50795626e-03,
       1.22399023e-03, 6.11995114e-04, 7.34394137e-03, 2.44798046e-03,
       6.11995114e-04, 1.22399023e-03, 5.50795626e-03, 6.11995114e-04,
       6.11995114e-04, 0., 6.11995114e-04, 0., 1.22399023e-03,
       2.44798046e-03, 6.11995114e-04, 0., 1.22399023e-03, 0., 0.,
       1.83598534e-03, 0., 2.44798046e-03, 2.44798046e-03,
       2.44798046e-03, 0., 6.11995114e-04, 0., 0., 0., 0.,
       6.11995114e-04, 6.11995114e-04, 0., 3.05997557e-03, 0.,
       6.11995114e-04, 6.11995114e-04, 6.11995114e-04, 0., 0., 0.,
       1.22399023e-03, 0., 4.28396557e-03, 0., 0., 0., 0., 0., 0.,
       6.11995114e-04, 1.22399023e-03, 0., 4.28396557e-03, 0.,
       6.11995114e-04, 1.83598534e-03, 1.22399023e-03, 2.44798046e-03,
       6.11995114e-04, 0., 0., 2.44798046e-03, 0., 2.44798046e-03, 0.,
       6.11995114e-04, 1.22399023e-03, 4.89596091e-03, 2.44798046e-03,
       0., 6.11995114e-04, 0., 0., 6.11995114e-04, 4.89596091e-03,
       6.11995114e-04, 6.11995114e-04, 0., 0., 0., 0., 3.67197068e-03,
       4.28396557e-03, 0., 1.83598534e-03, 0., 2.44798046e-03, 0.,
       1.22399023e-03, 3.67197068e-03, 0., 1.22399023e-03,
       6.11995114e-04, 6.11995114e-04, 0., 1.83598534e-03,
       6.11995114e-04, 0., 1.22399023e-03, 0., 3.67197068e-03,
       2.44798046e-03, 6.11995114e-04, 2.44798046e-03, 6.11995114e-04,
       0., 1.22399023e-03, 1.22399023e-03, 0., 0., 0., 3.05997557e-03,
       0., 0., 0., 3.05997557e-03, 0., 1.22399023e-03, 0.,
       6.11995114e-04, 2.44798046e-03, 0., 0., 6.11995114e-04,
       1.22399023e-03, 2.44798046e-03, 1.83598534e-03, 6.11995114e-04,
       0., 1.22399023e-03, 1.83598534e-03, 1.83598534e-03,
       1.83598534e-03, 1.22399023e-03, 1.83598534e-03, 6.11995114e-04,
       0., 0., 1.22399023e-03, 4.28396557e-03, 1.83598534e-03,
       6.11995114e-04, 6.11995114e-04, 5.50795626e-03, 6.73194602e-03,
       2.44798046e-03, 1.22399023e-03, 0., 0., 6.11995114e-04,
       2.44798046e-03, 3.05997557e-03, 0., 0., 1.22399023e-03,
       3.67197068e-03, 0., 6.11995114e-04, 2.44798046e-03, 0.,
       6.11995114e-04, 0., 0., 2.44798046e-03, 1.83598534e-03, 0., 0.,
       0., 0., 1.46878827e-02, 0., 0., 0., 1.22399023e-03,
       6.11995114e-04, 0., 0., 3.05997557e-03, 0., 0., 6.11995114e-04,
       2.44798046e-03, 3.67197068e-03, 6.11995114e-04, 0., 0., 0.,
       2.44798046e-03, 1.83598534e-03, 0., 0., 1.22399023e-03,
       1.22399023e-03, 1.22399023e-03, 0., 1.22399023e-03,
       1.22399023e-03, 0., 0., 4.28396557e-03, 0., 1.22399023e-03,
       6.11995114e-04, 0., 6.11995114e-04, 0., 0., 1.22399023e-03, 0.,
       0., 0., 2.44798046e-03, 0., 1.83598534e-03, 6.11995114e-04,
       6.11995114e-04, 0., 1.22399023e-03, 0., 1.22399023e-03, 0., 0.,
       6.11995114e-04, 0., 3.67197068e-03, 6.11995114e-04,
       6.11995114e-04, 2.44798046e-03, 0., 2.44798046e-03, 0.,
       1.22399023e-03, 6.11995114e-04, 1.22399023e-03, 0., 0.,
       1.83598534e-03, 2.44798046e-03, 3.05997557e-03, 6.11995114e-04,
       2.44798046e-03, 6.11995114e-04, 0., 6.11995114e-04,
       6.11995114e-04, 6.11995114e-04, 0., 6.11995114e-04,
       2.44798046e-03, 6.11995114e-04, 1.22399023e-03, 6.11995114e-04,
       6.11995114e-04, 1.22399023e-03, 1.22399023e-03, 3.67197068e-03,
       0., 2.44798046e-03, 0., 0., 1.22399023e-03, 6.11995114e-04,
       1.22399023e-03, 1.83598534e-03, 1.83598534e-03, 2.44798046e-03,
       1.22399023e-03, 6.11995114e-04, 6.11995114e-04, 0.,
       1.22399023e-03, 0., 0., 2.44798046e-03, 3.67197068e-03, 0.,
       6.11995114e-04, 3.05997557e-03, 6.11995114e-04, 0.,
       3.05997557e-03, 6.11995114e-04, 0., 0., 1.83598534e-03, 0.,
       1.83598534e-03, 3.05997557e-03, 0., 1.22399023e-03,
       4.28396557e-03, 1.22399023e-03, 5.50795626e-03, 1.22399023e-03,
       6.11995114e-04, 6.11995114e-04, 0., 1.83598534e-03, 0.,
       1.22399023e-03, 6.11995114e-04, 6.11995114e-04, 6.11995114e-04,
       0., 4.28396557e-03, 6.11995114e-04, 2.44798046e-03,
       6.11995114e-04, 2.44798046e-03, 0., 5.50795626e-03,
       6.11995114e-04, 6.73194602e-03, 1.22399023e-03, 0.,
       1.83598534e-03, 0., 0., 0., 6.11995114e-04, 1.22399023e-03,
       1.22399023e-03, 0., 6.11995114e-04, 1.83598534e-03,
       1.22399023e-03, 6.11995114e-04, 6.11995114e-04, 0.,
       3.05997557e-03, 3.05997557e-03, 2.44798046e-03, 6.11995114e-04,
       0., 6.11995114e-04, 1.22399023e-03, 6.11995114e-04,
       3.05997557e-03, 6.11995114e-04, 1.22399023e-03, 6.11995114e-04,
       0., 2.44798046e-03, 6.11995114e-04, 1.22399023e-03, 0.,
       1.22399023e-03, 0., 6.11995114e-04, 0., 7.34394137e-03, 0.,
       1.22399023e-03, 1.22399023e-03, 1.22399023e-03, 1.83598534e-03,
       1.83598534e-03, 0., 6.11995114e-04, 3.67197068e-03,
       6.11995114e-04, 0., 1.83598534e-03, 3.67197068e-03,
       2.44798046e-03, 6.11995114e-04, 6.11995114e-04, 0.,
       1.83598534e-03, 6.11995114e-04, 1.22399023e-03, 6.11995114e-04,
       6.11995114e-04, 1.83598534e-03, 6.11995114e-04, 6.11995114e-04,
       0., 6.11995114e-04, 0., 6.11995114e-04, 1.22399023e-03, 0.,
       3.05997557e-03, 6.11995114e-04, 1.22399023e-03, 0., 0.,
       2.44798046e-03, 1.22399023e-03, 0., 0., 0., 1.83598534e-03, 0.,
       1.22399023e-03, 0., 2.44798046e-03, 4.89596091e-03,
       6.11995114e-04, 0., 2.44798046e-03, 1.22399023e-03, 0., 0.,
       6.11995114e-04, 1.83598534e-03, 0., 1.22399023e-03,
       1.22399023e-03, 4.89596091e-03, 0., 2.44798046e-03,
       4.28396557e-03, 3.05997557e-03, 0., 0., 6.11995114e-04, 0.,
       6.11995114e-04, 0., 3.67197068e-03, 6.73194602e-03,
       6.11995114e-04, 1.22399023e-03, 0., 6.11995114e-04, 0.,
       6.11995114e-04, 0., 3.67197068e-03, 0., 6.11995114e-04,
       6.11995114e-04, 0., 6.11995114e-04, 6.11995114e-04,
