%YAML:1.0
m50f: !!opencv-matrix
   rows: 1
   cols: 800
   dt: f
   data: [ 1.62390387e-03, 3.57258832e-03, 1.29912305e-03,
       3.24780762e-04, 1.29912305e-03, 9.74342285e-04, 1.29912305e-03,
       1.62390387e-03, 6.49561523e-04, 3.24780762e-04, 3.24780762e-04,
       1.62390387e-03, 9.74342285e-04, 1.29912305e-03, 1.29912305e-03,
       1.62390387e-03, 1.94868457e-03, 3.24780773e-03, 1.62390387e-03,
       2.59824609e-03, 6.49561523e-04, 1.29912305e-03, 1.29912305e-03,
       1.62390387e-03, 1.29912305e-03, 2.27346527e-03, 6.49561523e-04,
       1.29912305e-03, 9.74342285e-04, 9.74342285e-04, 1.29912305e-03,
       3.24780762e-04, 3.24780762e-04, 1.94868457e-03, 3.57258832e-03,
       2.59824609e-03, 6.49561523e-04, 9.74342285e-04, 1.29912305e-03,
       6.49561523e-04, 6.49561523e-04, 2.59824609e-03, 1.29912305e-03,
       0., 6.49561523e-04, 6.49561523e-04, 3.24780762e-04,
       1.29912305e-03, 3.24780762e-04, 3.89736914e-03, 6.49561523e-04,
       2.27346527e-03, 1.29912305e-03, 3.24780762e-04, 3.24780762e-04,
       1.62390387e-03, 2.59824609e-03, 0., 0., 0., 6.49561523e-04,
       6.49561523e-04, 1.62390387e-03, 3.24780762e-04, 1.29912305e-03,
       1.29912305e-03, 9.74342285e-04, 6.49561523e-04, 6.49561523e-04,
       1.62390387e-03, 3.24780762e-04, 2.27346527e-03, 1.94868457e-03,
       1.29912305e-03, 3.57258832e-03, 1.94868457e-03, 3.24780762e-04,
       1.94868457e-03, 2.27346527e-03, 1.94868457e-03, 1.94868457e-03,
       1.29912305e-03, 3.24780762e-04, 9.74342285e-04, 9.74342285e-04,
       3.24780762e-04, 3.24780762e-04, 2.92302691e-03, 6.49561523e-04,
       1.29912305e-03, 6.49561523e-04, 3.24780762e-04, 9.74342285e-04,
       2.27346527e-03, 3.24780762e-04, 1.62390387e-03, 9.74342285e-04,
       6.49561523e-04, 1.62390387e-03, 3.24780762e-04, 1.29912305e-03,
       1.62390387e-03, 9.74342285e-04, 1.94868457e-03, 1.94868457e-03,
       6.49561523e-04, 9.74342285e-04, 1.29912305e-03, 3.24780762e-04,
       6.49561523e-04, 1.29912305e-03, 2.92302691e-03, 1.29912305e-03,
       1.29912305e-03, 3.24780762e-04, 2.27346527e-03, 6.49561523e-04,
       2.92302691e-03, 1.94868457e-03, 1.62390387e-03, 3.24780762e-04,
       1.29912305e-03, 1.29912305e-03, 6.49561523e-04, 1.29912305e-03,
       1.94868457e-03, 9.74342285e-04, 9.74342285e-04, 1.62390387e-03,
       1.94868457e-03, 6.49561523e-04, 1.29912305e-03, 9.74342285e-04,
       6.49561523e-04, 3.24780762e-04, 2.92302691e-03, 1.62390387e-03,
       6.49561523e-04, 6.49561523e-04, 6.49561523e-04, 3.24780762e-04,
       9.74342285e-04, 3.24780762e-04, 6.49561523e-04, 3.24780762e-04,
       9.74342285e-04, 6.49561523e-04, 1.94868457e-03, 1.29912305e-03,
       9.74342285e-04, 6.49561523e-04, 6.49561523e-04, 3.24780762e-04,
       6.49561523e-04, 1.29912305e-03, 6.49561523e-04, 1.62390387e-03,
       6.49561523e-04, 6.49561523e-04, 6.49561523e-04, 1.29912305e-03,
       9.74342285e-04, 6.49561523e-04, 3.24780762e-04, 6.49561523e-04,
       1.62390387e-03, 1.29912305e-03, 3.24780762e-04, 2.92302691e-03,
       6.49561523e-04, 3.24780762e-04, 1.29912305e-03, 3.24780762e-04,
       0., 9.74342285e-04, 6.49561523e-04, 6.49561523e-04,
       3.24780762e-04, 2.59824609e-03, 2.59824609e-03, 4.22214996e-03,
       2.92302691e-03, 3.24780762e-04, 9.74342285e-04, 6.49561523e-04,
       1.29912305e-03, 9.74342285e-04, 3.24780762e-04, 9.74342285e-04,
       0., 6.49561523e-04, 9.74342285e-04, 1.62390387e-03,
       1.29912305e-03, 3.24780762e-04, 9.74342285e-04, 3.24780762e-04,
       3.24780762e-04, 9.74342285e-04, 1.29912305e-03, 3.24780762e-04,
       0., 3.57258832e-03, 1.62390387e-03, 1.29912305e-03,
       2.27346527e-03, 1.94868457e-03, 1.29912305e-03, 6.49561523e-04,
       2.92302691e-03, 9.74342285e-04, 6.49561523e-04, 1.94868457e-03,
       9.74342285e-04, 2.27346527e-03, 9.74342285e-04, 1.29912305e-03,
       0., 1.94868457e-03, 3.24780762e-04, 9.74342285e-04,
       1.29912305e-03, 1.62390387e-03, 3.24780762e-04, 9.74342285e-04,
       6.49561523e-04, 1.29912305e-03, 2.27346527e-03, 6.49561523e-04,
       3.57258832e-03, 9.74342285e-04, 1.62390387e-03, 3.24780762e-04,
       9.74342285e-04, 1.29912305e-03, 1.62390387e-03, 1.62390387e-03,
       3.24780762e-04, 6.49561523e-04, 1.62390387e-03, 9.74342285e-04,
       9.74342285e-04, 3.24780762e-04, 1.62390387e-03, 6.49561523e-04,
       6.49561523e-04, 1.94868457e-03, 6.49561523e-04, 1.62390387e-03,
       9.74342285e-04, 2.59824609e-03, 1.29912305e-03, 2.59824609e-03,
       3.89736914e-03, 1.62390387e-03, 6.49561523e-04, 3.24780762e-04,
       1.62390387e-03, 9.74342285e-04, 3.24780762e-04, 1.29912305e-03,
       1.62390387e-03, 6.49561523e-04, 0., 2.27346527e-03,
       6.49561523e-04, 6.49561523e-04, 1.62390387e-03, 6.49561523e-04,
       9.74342285e-04, 6.49561523e-04, 9.74342285e-04, 3.24780762e-04,
       1.94868457e-03, 0., 9.74342285e-04, 6.49561523e-04,
       2.27346527e-03, 6.49561523e-04, 6.49561523e-04, 0.,
       1.94868457e-03, 6.49561523e-04, 6.49561523e-04, 2.59824609e-03,
       1.62390387e-03, 2.92302691e-03, 9.74342285e-04, 3.24780762e-04,
       9.74342285e-04, 2.27346527e-03, 6.49561523e-04, 9.74342285e-04,
       1.29912305e-03, 2.92302691e-03, 9.74342285e-04, 1.94868457e-03,
       1.94868457e-03, 9.74342285e-04, 1.94868457e-03, 9.74342285e-04,
       3.24780762e-04, 6.49561523e-04, 1.29912305e-03, 6.49561523e-04,
       2.92302691e-03, 1.29912305e-03, 1.94868457e-03, 9.74342285e-04,
       9.74342285e-04, 2.59824609e-03, 0., 9.74342285e-04,
       1.62390387e-03, 6.49561523e-04, 6.49561523e-04, 1.94868457e-03,
       1.62390387e-03, 9.74342285e-04, 3.24780762e-04, 9.74342285e-04,
       6.49561523e-04, 9.74342285e-04, 9.74342285e-04, 1.29912305e-03,
       2.59824609e-03, 6.49561523e-04, 1.62390387e-03, 3.24780762e-04,
       1.29912305e-03, 1.94868457e-03, 9.74342285e-04, 2.27346527e-03,
       2.59824609e-03, 0., 0., 2.59824609e-03, 1.29912305e-03, 0.,
       1.29912305e-03, 1.62390387e-03, 1.29912305e-03, 1.94868457e-03,
       6.49561523e-04, 1.29912305e-03, 6.49561523e-04, 1.29912305e-03,
       9.74342285e-04, 9.74342285e-04, 6.49561523e-04, 6.49561523e-04,
       6.49561523e-04, 3.24780762e-04, 2.92302691e-03, 1.29912305e-03,
       6.49561523e-04, 1.62390387e-03, 1.62390387e-03, 2.27346527e-03,
       1.62390387e-03, 2.27346527e-03, 2.59824609e-03, 0.,
       1.62390387e-03, 3.24780762e-04, 1.94868457e-03, 1.62390387e-03,
       3.24780762e-04, 1.94868457e-03, 1.94868457e-03, 3.24780773e-03,
       1.62390387e-03, 2.27346527e-03, 2.27346527e-03, 1.62390387e-03,
       1.29912305e-03, 1.29912305e-03, 6.49561523e-04, 4.22214996e-03,
       9.74342285e-04, 6.49561523e-04, 3.24780762e-04, 1.62390387e-03,
       3.24780762e-04, 3.24780773e-03, 9.74342285e-04, 6.49561523e-04,
       6.49561523e-04, 4.54693055e-03, 6.49561523e-04, 9.74342285e-04,
       2.59824609e-03, 1.94868457e-03, 3.24780773e-03, 1.94868457e-03,
       1.62390387e-03, 1.94868457e-03, 0., 6.49561523e-04,
       1.62390387e-03, 9.74342285e-04, 3.24780762e-04, 2.59824609e-03,
       0., 6.49561523e-04, 1.29912305e-03, 0., 3.24780762e-04,
       2.27346527e-03, 3.24780762e-04, 3.24780773e-03, 1.29912305e-03,
       6.49561523e-04, 1.94868457e-03, 4.87171160e-03, 3.24780773e-03,
       9.74342285e-04, 9.74342285e-04, 3.24780762e-04, 1.62390387e-03,
       6.49561523e-04, 1.62390387e-03, 3.24780762e-04, 6.49561523e-04,
       1.29912305e-03, 0., 1.29912305e-03, 1.29912305e-03,
       2.27346527e-03, 1.94868457e-03, 3.24780762e-04, 1.62390387e-03,
       1.94868457e-03, 6.49561523e-04, 1.29912305e-03, 1.62390387e-03,
       6.49561523e-04, 1.62390387e-03, 9.74342285e-04, 1.29912305e-03,
       0., 1.94868457e-03, 6.49561523e-04, 1.29912305e-03,
       3.24780762e-04, 6.49561523e-04, 1.62390387e-03, 6.49561523e-04,
       9.74342285e-04, 6.49561523e-04, 3.24780762e-04, 2.92302691e-03,
       1.29912305e-03, 1.29912305e-03, 1.94868457e-03, 1.94868457e-03,
       1.94868457e-03, 1.62390387e-03, 1.62390387e-03, 1.94868457e-03,
