%YAML:1.0
m50f: !!opencv-matrix
   rows: 1
   cols: 800
   dt: f
   data: [ 6.72268914e-04, 2.35294132e-03, 2.35294132e-03,
       3.36134457e-04, 1.34453783e-03, 2.01680674e-03, 2.35294132e-03,
       6.72268914e-04, 3.36134457e-04, 3.36134457e-04, 2.01680674e-03,
       6.72268914e-04, 2.01680674e-03, 6.72268914e-04, 1.34453783e-03,
       2.01680674e-03, 1.00840337e-03, 1.00840337e-03, 1.00840337e-03,
       2.01680674e-03, 6.72268914e-04, 6.72268914e-04, 2.68907566e-03,
       1.34453783e-03, 3.02521000e-03, 1.00840337e-03, 1.34453783e-03,
       1.34453783e-03, 3.36134457e-04, 2.68907566e-03, 1.68067229e-03,
       3.69747914e-03, 1.00840337e-03, 1.34453783e-03, 6.72268914e-04,
       2.01680674e-03, 1.00840337e-03, 2.35294132e-03, 3.36134457e-04,
       3.36134457e-04, 6.72268914e-04, 3.69747914e-03, 1.34453783e-03,
       1.34453783e-03, 2.68907566e-03, 2.35294132e-03, 1.34453783e-03,
       1.34453783e-03, 1.68067229e-03, 3.69747914e-03, 1.00840337e-03,
       2.35294132e-03, 1.00840337e-03, 2.35294132e-03, 6.72268914e-04,
       2.35294132e-03, 4.03361348e-03, 6.72268914e-04, 3.36134457e-04,
       1.00840337e-03, 6.72268914e-04, 2.35294132e-03, 2.35294132e-03,
       6.72268914e-04, 1.00840337e-03, 6.72268914e-04, 3.36134457e-04,
       1.34453783e-03, 1.00840337e-03, 1.68067229e-03, 0.,
       1.34453783e-03, 1.34453783e-03, 1.00840337e-03, 2.68907566e-03,
       3.36134457e-04, 1.34453783e-03, 6.72268914e-04, 1.68067229e-03,
       2.01680674e-03, 1.34453783e-03, 6.72268914e-04, 1.34453783e-03,
       3.36134457e-04, 1.68067229e-03, 2.35294132e-03, 1.00840337e-03,
       1.00840337e-03, 2.35294132e-03, 1.00840337e-03, 0., 0.,
       6.72268914e-04, 0., 6.72268914e-04, 1.34453783e-03,
       1.68067229e-03, 1.68067229e-03, 6.72268914e-04, 6.72268914e-04,
       1.68067229e-03, 1.00840337e-03, 1.68067229e-03, 2.01680674e-03,
       1.00840337e-03, 6.72268914e-04, 6.72268914e-04, 2.35294132e-03,
       2.68907566e-03, 3.36134457e-04, 3.02521000e-03, 3.36134457e-04,
       3.36134457e-04, 3.36134457e-04, 3.36134457e-04, 1.00840337e-03,
       1.00840337e-03, 1.00840337e-03, 2.35294132e-03, 6.72268914e-04,
       1.68067229e-03, 3.36134457e-04, 6.72268914e-04, 6.72268914e-04,
       1.34453783e-03, 1.34453783e-03, 1.34453783e-03, 1.00840337e-03,
       1.00840337e-03, 1.68067229e-03, 1.34453783e-03, 2.35294132e-03,
       1.00840337e-03, 1.00840337e-03, 3.36134457e-04, 6.72268914e-04,
       1.00840337e-03, 1.00840337e-03, 6.72268914e-04, 3.36134457e-04,
       0., 3.02521000e-03, 1.34453783e-03, 2.01680674e-03,
       1.00840337e-03, 0., 6.72268914e-04, 1.00840337e-03,
       1.34453783e-03, 2.01680674e-03, 0., 2.68907566e-03,
       2.01680674e-03, 1.34453783e-03, 1.00840337e-03, 6.72268914e-04,
       3.36134457e-04, 1.00840337e-03, 1.34453783e-03, 0.,
       6.72268914e-04, 1.00840337e-03, 1.00840337e-03, 3.02521000e-03,
       0., 2.68907566e-03, 6.72268914e-04, 3.02521000e-03,
       1.34453783e-03, 3.36134457e-04, 3.36134457e-03, 2.01680674e-03,
       3.36134457e-04, 3.36134457e-04, 6.72268914e-04, 0.,
       1.34453783e-03, 1.68067229e-03, 1.68067229e-03, 2.01680674e-03,
       1.68067229e-03, 3.36134457e-03, 1.34453783e-03, 0., 0.,
       1.00840337e-03, 2.01680674e-03, 6.72268914e-04, 1.68067229e-03,
       3.36134457e-04, 3.02521000e-03, 6.72268914e-04, 1.00840337e-03,
       1.00840337e-03, 0., 0., 1.34453783e-03, 6.72268914e-04,
       2.01680674e-03, 6.72268914e-04, 1.00840337e-03, 6.72268914e-04,
       3.69747914e-03, 2.35294132e-03, 6.72268914e-04, 2.68907566e-03,
       1.68067229e-03, 1.00840337e-03, 2.35294132e-03, 1.68067229e-03,
       2.35294132e-03, 1.00840337e-03, 6.72268914e-04, 6.72268914e-04,
       6.72268914e-04, 1.68067229e-03, 2.35294132e-03, 1.68067229e-03,
       1.34453783e-03, 1.68067229e-03, 0., 1.68067229e-03,
       6.72268914e-04, 1.00840337e-03, 2.01680674e-03, 6.72268914e-04,
       2.01680674e-03, 1.00840337e-03, 1.34453783e-03, 3.02521000e-03,
       4.03361348e-03, 6.72268914e-04, 6.72268914e-04, 2.01680674e-03,
       1.00840337e-03, 0., 1.34453783e-03, 6.72268914e-04,
       1.68067229e-03, 1.00840337e-03, 1.68067229e-03, 3.36134457e-04,
       3.36134457e-04, 2.01680674e-03, 1.00840337e-03, 6.72268914e-04,
       2.68907566e-03, 1.34453783e-03, 0., 6.72268914e-04,
       2.35294132e-03, 6.72268914e-04, 3.36134457e-04, 3.02521000e-03,
       6.72268914e-04, 3.36134457e-04, 1.00840337e-03, 1.00840337e-03,
       6.72268914e-04, 1.34453783e-03, 1.34453783e-03, 1.68067229e-03,
       1.00840337e-03, 3.02521000e-03, 3.36134457e-04, 0.,
       3.36134457e-04, 0., 1.68067229e-03, 6.72268914e-04,
       2.01680674e-03, 1.68067229e-03, 6.72268914e-04, 3.36134457e-04,
       1.34453783e-03, 2.01680674e-03, 2.01680674e-03, 7.05882348e-03,
       2.01680674e-03, 2.68907566e-03, 3.36134457e-03, 2.01680674e-03,
       2.68907566e-03, 1.34453783e-03, 1.00840337e-03, 6.72268914e-04,
       1.34453783e-03, 6.72268914e-04, 0., 1.00840337e-03,
       2.01680674e-03, 0., 1.00840337e-03, 0., 1.68067229e-03,
       1.00840337e-03, 3.36134457e-04, 3.36134457e-04, 1.34453783e-03,
       2.01680674e-03, 1.68067229e-03, 1.00840337e-03, 3.36134457e-04,
       1.68067229e-03, 1.34453783e-03, 1.00840337e-03, 1.00840337e-03,
       1.00840337e-03, 6.72268914e-04, 1.34453783e-03, 3.36134457e-04,
       0., 0., 1.00840337e-03, 1.00840337e-03, 1.68067229e-03,
       1.00840337e-03, 2.35294132e-03, 1.00840337e-03, 1.68067229e-03,
       3.36134457e-04, 1.00840337e-03, 1.34453783e-03, 2.35294132e-03,
       3.36134457e-04, 6.72268914e-04, 3.36134457e-04, 1.34453783e-03,
       6.72268914e-04, 0., 1.34453783e-03, 2.01680674e-03,
       3.02521000e-03, 2.68907566e-03, 1.00840337e-03, 3.36134457e-04,
       1.68067229e-03, 0., 3.36134457e-04, 1.68067229e-03,
       2.68907566e-03, 6.72268914e-04, 1.68067229e-03, 1.34453783e-03,
       2.01680674e-03, 1.68067229e-03, 3.36134457e-04, 1.34453783e-03,
       6.72268914e-04, 3.36134457e-03, 1.68067229e-03, 6.72268914e-04,
       3.36134457e-04, 6.72268914e-04, 3.36134457e-04, 2.68907566e-03,
       1.34453783e-03, 1.00840337e-03, 6.72268914e-04, 4.36974782e-03,
       3.36134457e-04, 1.34453783e-03, 1.00840337e-03, 6.72268914e-04,
       3.36134457e-04, 6.72268914e-04, 1.00840337e-03, 1.00840337e-03,
       1.68067229e-03, 6.72268914e-04, 2.35294132e-03, 2.68907566e-03,
       2.35294132e-03, 3.36134457e-04, 1.00840337e-03, 6.72268914e-04,
       0., 3.36134457e-04, 1.34453783e-03, 1.00840337e-03,
       1.34453783e-03, 2.01680674e-03, 1.34453783e-03, 3.36134457e-04,
       1.34453783e-03, 6.72268914e-04, 2.35294132e-03, 6.72268914e-04,
       4.03361348e-03, 6.72268914e-04, 6.72268914e-04, 2.01680674e-03,
       3.36134457e-04, 6.72268914e-03, 2.01680674e-03, 2.35294132e-03,
       1.00840337e-03, 1.00840337e-03, 1.34453783e-03, 1.34453783e-03,
       1.68067229e-03, 6.72268914e-04, 1.68067229e-03, 0.,
       1.68067229e-03, 0., 0., 3.36134457e-04, 2.35294132e-03, 0.,
       3.36134457e-03, 1.68067229e-03, 3.36134457e-04, 6.72268914e-04,
       1.34453783e-03, 1.34453783e-03, 1.00840337e-03, 3.36134457e-04,
       2.01680674e-03, 0., 2.68907566e-03, 6.72268914e-04, 0.,
       1.68067229e-03, 2.01680674e-03, 0., 3.36134457e-04,
       1.68067229e-03, 2.01680674e-03, 1.68067229e-03, 0.,
       2.68907566e-03, 1.00840337e-03, 6.72268914e-04, 1.34453783e-03,
       1.68067229e-03, 6.72268914e-04, 6.72268914e-04, 6.72268914e-04,
       0., 3.36134457e-04, 1.34453783e-03, 1.68067229e-03,
       1.68067229e-03, 1.00840337e-03, 6.72268914e-04, 2.35294132e-03,
       1.68067229e-03, 1.34453783e-03, 2.01680674e-03, 0.,
       1.68067229e-03, 1.34453783e-03, 2.68907566e-03, 2.68907566e-03,
       3.36134457e-04, 0., 1.00840337e-03, 6.72268914e-04,
       2.01680674e-03, 0., 6.72268914e-04, 1.34453783e-03,
       1.00840337e-03, 1.00840337e-03, 3.36134457e-04, 1.34453783e-03,
       1.68067229e-03, 3.36134457e-04, 1.34453783e-03, 2.01680674e-03,
