%YAML:1.0
m50f: !!opencv-matrix
   rows: 1
   cols: 800
   dt: f
   data: [ 1.31578953e-03, 2.63157906e-03, 0., 0., 0., 4.60526347e-03,
       0., 3.94736882e-03, 0., 1.97368441e-03, 1.97368441e-03,
       1.31578953e-03, 0., 1.97368441e-03, 1.31578953e-03,
       3.28947371e-03, 6.57894765e-04, 1.31578953e-03, 6.57894765e-04,
       1.31578953e-03, 0., 3.94736882e-03, 6.57894765e-04, 0.,
       6.57894765e-04, 6.57894765e-04, 4.60526347e-03, 3.28947371e-03,
       2.63157906e-03, 5.26315812e-03, 1.31578953e-03, 1.31578953e-03,
       1.31578953e-03, 0., 6.57894765e-04, 2.63157906e-03,
       3.28947371e-03, 6.57894765e-04, 6.57894765e-04, 6.57894765e-04,
       0., 0., 0., 2.63157906e-03, 0., 1.31578953e-03, 0.,
       1.97368441e-03, 1.31578953e-03, 0., 6.57894765e-04, 0.,
       3.94736882e-03, 1.31578953e-03, 0., 2.63157906e-03,
       1.97368441e-03, 0., 1.31578953e-03, 1.31578953e-03,
       1.31578953e-03, 3.94736882e-03, 1.97368441e-03, 7.23684253e-03,
       0., 3.28947371e-03, 3.28947371e-03, 1.31578953e-03,
       1.97368441e-03, 1.31578953e-03, 0., 1.31578953e-03,
       1.97368441e-03, 4.60526347e-03, 6.57894765e-04, 3.28947371e-03,
       1.31578953e-03, 1.97368441e-03, 6.57894765e-04, 6.57894765e-04,
       1.31578953e-03, 2.63157906e-03, 6.57894765e-04, 6.57894765e-04,
       1.31578953e-03, 6.57894765e-04, 1.31578953e-03, 1.97368441e-03,
       1.31578953e-03, 6.57894765e-04, 6.57894765e-04, 1.31578953e-03,
       6.57894765e-04, 1.97368441e-03, 1.97368441e-03, 1.31578953e-03,
       3.94736882e-03, 1.97368441e-03, 6.57894765e-04, 1.31578953e-03,
       6.57894765e-04, 1.31578953e-03, 0., 0., 3.28947371e-03, 0.,
       1.97368441e-03, 1.31578953e-03, 6.57894765e-04, 1.31578953e-03,
       6.57894765e-04, 0., 0., 0., 1.97368441e-03, 6.57894765e-04,
       6.57894765e-04, 6.57894765e-04, 6.57894765e-04, 9.21052694e-03,
       0., 0., 6.57894765e-04, 1.31578953e-03, 1.97368441e-03,
       2.63157906e-03, 0., 7.89473765e-03, 6.57894765e-04, 0.,
       3.94736882e-03, 1.97368441e-03, 0., 0., 1.31578953e-03, 0.,
       6.57894765e-04, 1.31578953e-03, 3.28947371e-03, 6.57894765e-04,
       6.57894765e-04, 0., 0., 0., 3.28947371e-03, 1.97368441e-03, 0.,
       1.31578953e-03, 1.31578953e-03, 1.97368441e-03, 1.97368441e-03,
       5.92105277e-03, 2.63157906e-03, 5.92105277e-03, 6.57894765e-04,
       0., 1.31578953e-03, 1.31578953e-03, 6.57894765e-04,
       3.28947371e-03, 6.57894742e-03, 0., 1.97368441e-03, 0.,
       1.31578953e-03, 0., 1.31578953e-03, 1.97368441e-03,
       6.57894765e-04, 1.97368441e-03, 0., 6.57894765e-04,
       6.57894765e-04, 0., 0., 6.57894765e-04, 0., 2.63157906e-03,
       6.57894765e-04, 3.94736882e-03, 0., 3.28947371e-03,
       6.57894765e-04, 1.97368441e-03, 1.31578953e-03, 6.57894765e-04,
       1.31578953e-03, 3.28947371e-03, 1.31578953e-03, 0.,
       1.31578953e-03, 6.57894765e-04, 0., 6.57894765e-04,
       1.97368441e-03, 1.31578953e-03, 1.97368441e-03, 0.,
       1.31578953e-03, 6.57894765e-04, 0., 6.57894765e-04,
       6.57894765e-04, 6.57894765e-04, 2.63157906e-03, 6.57894765e-04,
       6.57894765e-04, 2.63157906e-03, 0., 0., 6.57894765e-04, 0.,
       1.31578953e-03, 6.57894765e-04, 1.31578953e-03, 6.57894765e-04,
       1.31578953e-03, 6.57894765e-04, 2.63157906e-03, 1.97368441e-03,
       6.57894765e-04, 2.63157906e-03, 1.31578953e-03, 1.97368441e-03,
       3.28947371e-03, 0., 1.31578953e-03, 1.31578953e-03,
       6.57894765e-04, 0., 6.57894765e-04, 0., 6.57894765e-04, 0., 0.,
       1.31578953e-03, 1.97368441e-03, 6.57894765e-04, 0.,
       2.63157906e-03, 1.97368441e-03, 6.57894765e-04, 3.28947371e-03,
       4.60526347e-03, 1.31578953e-03, 0., 2.63157906e-03,
       6.57894765e-04, 1.97368441e-03, 1.31578953e-03, 1.97368441e-03,
       1.97368441e-03, 1.31578953e-03, 1.31578953e-03, 0.,
       1.31578953e-03, 3.94736882e-03, 1.31578953e-03, 6.57894765e-04,
       1.97368441e-03, 1.31578953e-03, 6.57894765e-04, 6.57894765e-04,
       0., 0., 1.31578953e-03, 1.31578953e-03, 6.57894765e-04,
       1.31578953e-03, 6.57894765e-04, 0., 0., 6.57894765e-04, 0.,
       6.57894765e-04, 0., 6.57894765e-04, 2.63157906e-03,
       1.97368441e-03, 1.31578953e-03, 1.97368441e-03, 0.,
       1.31578953e-03, 1.31578953e-03, 3.28947371e-03, 6.57894765e-04,
       7.23684253e-03, 0., 0., 0., 1.31578953e-03, 6.57894765e-04, 0.,
       0., 1.97368441e-03, 2.63157906e-03, 6.57894765e-04, 0., 0.,
       3.94736882e-03, 0., 1.97368441e-03, 6.57894765e-04,
       6.57894765e-04, 0., 0., 0., 0., 0., 6.57894765e-04,
       3.28947371e-03, 1.97368441e-03, 1.97368441e-03, 1.31578953e-03,
       6.57894765e-04, 0., 1.97368441e-03, 1.97368441e-03,
       6.57894765e-04, 6.57894765e-04, 1.31578953e-03, 3.94736882e-03,
       1.97368441e-03, 1.97368441e-03, 4.60526347e-03, 6.57894765e-04,
       6.57894765e-04, 6.57894765e-04, 3.28947371e-03, 0., 0.,
       6.57894765e-04, 0., 1.31578953e-03, 6.57894765e-04,
       3.28947371e-03, 1.31578953e-03, 2.63157906e-03, 6.57894765e-04,
       0., 0., 0., 1.31578953e-03, 6.57894765e-04, 0., 1.31578953e-03,
       0., 1.31578953e-03, 0., 1.31578953e-03, 6.57894765e-04,
       6.57894765e-04, 6.57894765e-04, 6.57894765e-04, 3.28947371e-03,
       1.31578953e-03, 1.31578953e-03, 6.57894765e-04, 1.31578953e-03,
       1.31578953e-03, 0., 0., 5.26315812e-03, 0., 6.57894765e-04, 0.,
       1.31578953e-03, 0., 0., 1.31578953e-03, 2.63157906e-03, 0.,
       6.57894765e-04, 6.57894765e-04, 1.97368441e-03, 0.,
       1.97368441e-03, 0., 0., 2.63157906e-03, 1.97368441e-03, 0.,
       5.92105277e-03, 0., 1.31578953e-03, 1.31578953e-03,
       1.31578953e-03, 6.57894742e-03, 1.31578953e-03, 0., 0., 0.,
       4.60526347e-03, 6.57894765e-04, 1.31578953e-03, 0.,
       3.28947371e-03, 0., 1.31578953e-03, 1.97368441e-03,
       1.97368441e-03, 6.57894765e-04, 6.57894765e-04, 6.57894765e-04,
       6.57894765e-04, 6.57894765e-04, 6.57894765e-04, 0.,
       6.57894765e-04, 0., 0., 0., 1.97368441e-03, 1.31578953e-03,
       6.57894765e-04, 1.31578953e-03, 6.57894765e-04, 0.,
       6.57894765e-04, 6.57894765e-04, 1.31578953e-03, 0.,
       6.57894765e-04, 6.57894765e-04, 0., 1.31578953e-03, 0.,
       6.57894765e-04, 1.31578953e-03, 6.57894765e-04, 6.57894765e-04,
       6.57894765e-04, 1.97368441e-03, 1.97368441e-03, 1.31578953e-03,
       6.57894765e-04, 6.57894765e-04, 6.57894765e-04, 0.,
       6.57894765e-04, 6.57894765e-04, 0., 3.28947371e-03, 0.,
       1.31578953e-03, 1.97368441e-03, 1.31578953e-03, 1.97368441e-03,
       0., 1.31578953e-03, 6.57894765e-04, 0., 7.23684253e-03,
       6.57894765e-04, 0., 6.57894765e-04, 1.97368441e-03,
       1.31578953e-03, 6.57894765e-04, 1.31578953e-03, 1.97368441e-03,
       2.63157906e-03, 1.97368441e-03, 1.31578953e-03, 0.,
       3.94736882e-03, 0., 4.60526347e-03, 1.31578953e-03,
       6.57894765e-04, 1.97368441e-03, 0., 0., 0., 0., 1.31578953e-03,
       1.31578953e-03, 0., 0., 1.97368441e-03, 6.57894765e-04,
       6.57894765e-04, 6.57894765e-04, 0., 6.57894765e-04,
       3.28947371e-03, 6.57894765e-04, 6.57894765e-04, 6.57894765e-04,
       0., 6.57894765e-04, 6.57894765e-04, 6.57894765e-04,
       1.31578953e-03, 6.57894765e-04, 0., 6.57894765e-04,
       1.97368441e-03, 0., 1.31578953e-03, 1.31578953e-03,
       6.57894765e-04, 6.57894765e-04, 1.97368441e-03, 2.63157906e-03,
       3.28947371e-03, 6.57894765e-04, 3.94736882e-03, 3.28947371e-03,
       1.25000002e-02, 0., 6.57894765e-04, 6.57894765e-04,
       1.31578953e-03, 1.31578953e-03, 0., 0., 6.57894765e-04,
       1.31578953e-03, 0., 1.97368441e-03, 1.31578953e-03, 0.,
       1.97368441e-03, 5.26315812e-03, 0., 6.57894765e-04,
       2.63157906e-03, 6.57894765e-04, 1.31578953e-03, 0.,
       1.97368441e-03, 0., 6.57894765e-04, 6.57894765e-04,
       1.31578953e-03, 1.31578953e-03, 2.63157906e-03, 0., 0.,
       6.57894765e-04, 6.57894765e-04, 1.31578953e-03, 0.,
       6.57894765e-04, 6.57894765e-04, 0., 1.31578953e-03, 0., 0.,
