%YAML:1.0
m50f: !!opencv-matrix
   rows: 1
   cols: 800
   dt: f
   data: [ 0., 2.43664719e-03, 0., 9.74658877e-04, 9.74658877e-04,
       2.43664719e-03, 2.43664719e-03, 1.94931775e-03, 1.16959065e-02,
       3.41130607e-03, 4.87329438e-04, 4.87329438e-04, 0.,
       9.74658877e-04, 0., 3.89863551e-03, 4.87329438e-04,
       1.94931775e-03, 2.92397663e-03, 9.74658877e-04, 4.87329438e-04,
       1.94931775e-03, 1.46198831e-03, 9.74658877e-04, 4.87329438e-04,
       9.74658877e-04, 9.74658877e-04, 4.87329438e-04, 9.74658877e-04,
       1.94931775e-03, 2.92397663e-03, 9.74658877e-04, 9.74658877e-04,
       0., 9.74658877e-04, 3.41130607e-03, 4.87329438e-04,
       9.74658877e-04, 1.46198831e-03, 0., 1.46198831e-03,
       4.87329438e-04, 0., 5.84795326e-03, 1.46198831e-03,
       4.87329438e-04, 0., 0., 9.74658877e-04, 0., 4.87329438e-04,
       2.43664719e-03, 1.46198831e-03, 4.87329438e-04, 0.,
       4.87329438e-04, 9.74658877e-04, 4.87329438e-04, 9.74658877e-04,
       4.87329438e-04, 9.74658877e-04, 4.38596494e-03, 1.94931775e-03,
       3.41130607e-03, 0., 9.74658877e-04, 2.43664719e-03,
       1.46198831e-03, 4.87329438e-04, 2.92397663e-03, 9.74658877e-04,
       4.87329438e-04, 0., 1.46198831e-03, 1.46198831e-03,
       4.87329438e-04, 1.46198831e-03, 2.43664719e-03, 2.43664719e-03,
       2.92397663e-03, 0., 9.74658877e-04, 1.46198831e-03,
       4.38596494e-03, 3.89863551e-03, 1.94931775e-03, 9.74658877e-04,
       1.46198831e-03, 0., 1.94931775e-03, 9.74658877e-04, 0.,
       4.87329438e-04, 1.46198831e-03, 0., 1.94931775e-03,
       2.43664719e-03, 1.46198831e-03, 9.74658877e-04, 4.87329438e-04,
       3.41130607e-03, 1.46198831e-03, 4.87329438e-04, 0.,
       2.92397663e-03, 0., 4.87329438e-04, 4.87329438e-04,
       9.74658877e-04, 9.74658877e-04, 0., 0., 4.87329438e-04, 0.,
       2.43664719e-03, 0., 0., 4.87329438e-04, 4.87329438e-04,
       1.46198831e-03, 1.46198831e-03, 0., 9.74658877e-04,
       9.74658877e-04, 1.46198831e-03, 9.74658877e-04, 9.74658877e-04,
       1.46198831e-03, 0., 4.87329438e-04, 9.74658877e-04,
       5.84795326e-03, 0., 4.87329438e-04, 1.94931775e-03, 0.,
       1.46198831e-03, 1.46198831e-03, 1.46198831e-03, 4.87329438e-04,
       1.46198831e-03, 4.87329438e-04, 0., 1.46198831e-03,
       3.89863551e-03, 0., 0., 4.87329438e-04, 4.87329438e-04,
       4.87329438e-04, 9.74658877e-04, 9.74658877e-04, 2.43664719e-03,
       3.41130607e-03, 4.87329438e-04, 0., 1.94931775e-03,
       1.94931775e-03, 0., 1.46198831e-03, 2.92397663e-03, 0.,
       4.87329438e-04, 0., 1.46198831e-03, 1.46198831e-03,
       9.74658877e-04, 9.74658877e-04, 4.87329438e-04, 1.46198831e-03,
       0., 1.46198831e-03, 4.87329438e-04, 9.74658877e-04,
       1.94931775e-03, 4.87329438e-04, 4.87329438e-04, 3.89863551e-03,
       9.74658877e-04, 9.74658877e-04, 0., 9.74658877e-04,
       2.43664719e-03, 0., 1.94931775e-03, 4.87329438e-04,
       1.94931775e-03, 1.46198831e-03, 1.94931775e-03, 0., 0.,
       1.46198831e-03, 0., 4.87329438e-04, 4.87329438e-04,
       9.74658877e-04, 1.46198831e-03, 0., 1.46198831e-03,
       1.46198831e-03, 4.87329438e-04, 1.46198831e-03, 4.87329438e-04,
       4.87329438e-04, 4.87329438e-04, 9.74658877e-04, 1.46198831e-03,
       1.46198831e-03, 9.74658877e-04, 2.43664719e-03, 4.87329438e-04,
       2.92397663e-03, 2.92397663e-03, 4.87329438e-04, 0., 0.,
       6.33528270e-03, 0., 2.43664719e-03, 9.74658877e-04, 0.,
       1.94931775e-03, 4.38596494e-03, 9.74658877e-04, 9.74658877e-04,
       9.74658877e-04, 4.87329438e-04, 0., 4.87329438e-04,
       9.74658877e-04, 4.87329438e-04, 4.87329438e-04, 2.43664719e-03,
       1.94931775e-03, 1.46198831e-03, 4.87329438e-04, 4.87329438e-04,
       2.43664719e-03, 0., 6.33528270e-03, 0., 9.74658877e-04,
       2.92397663e-03, 9.74658877e-04, 4.87329438e-04, 2.92397663e-03,
       2.43664719e-03, 2.92397663e-03, 4.87329438e-04, 1.94931775e-03,
       0., 1.94931775e-03, 0., 4.87329438e-04, 9.74658877e-04,
       3.89863551e-03, 2.92397663e-03, 0., 3.41130607e-03,
       3.89863551e-03, 1.46198831e-03, 1.94931775e-03, 4.87329438e-04,
       0., 9.74658877e-04, 1.46198831e-03, 3.89863551e-03,
       4.87329438e-04, 1.94931775e-03, 9.74658877e-04, 1.46198831e-03,
       4.87329438e-04, 1.94931775e-03, 0., 2.92397663e-03,
       9.74658877e-04, 4.87329438e-04, 1.46198831e-03, 4.87329438e-04,
       4.87329438e-04, 1.46198831e-03, 4.87329438e-04, 0., 0.,
       9.74658877e-04, 1.46198831e-03, 9.74658877e-04, 4.87329438e-04,
       0., 1.94931775e-03, 4.87329438e-04, 4.87329438e-04,
       9.74658877e-04, 1.94931775e-03, 1.12085771e-02, 2.43664719e-03,
       4.87329438e-04, 0., 4.87329438e-04, 1.94931775e-03,
       9.74658877e-04, 9.74658877e-04, 4.87329438e-04, 0.,
       4.87329438e-04, 0., 1.94931775e-03, 3.41130607e-03,
       9.74658877e-04, 1.46198831e-03, 2.92397663e-03, 9.74658877e-04,
       4.87329438e-04, 1.94931775e-03, 4.87329438e-04, 1.46198831e-03,
       1.46198831e-03, 1.46198831e-03, 1.46198831e-03, 4.87329438e-04,
       9.74658877e-04, 0., 9.74658877e-04, 4.87329438e-04,
       7.79727101e-03, 9.74658877e-04, 0., 1.46198831e-03,
       2.92397663e-03, 9.74658877e-04, 9.74658877e-04, 1.46198831e-03,
       4.87329438e-04, 1.46198831e-03, 2.43664719e-03, 9.74658877e-04,
       2.43664719e-03, 2.92397663e-03, 4.87329438e-04, 9.74658877e-04,
       1.46198831e-03, 0., 4.87329438e-04, 2.43664719e-03, 0.,
       4.87329438e-04, 4.87329438e-04, 2.92397663e-03, 1.94931775e-03,
       4.87329438e-04, 4.87329438e-04, 0., 4.87329438e-04, 0.,
       1.46198831e-03, 4.87329438e-04, 1.94931775e-03, 3.41130607e-03,
       2.43664719e-03, 4.87329438e-04, 0., 4.87329438e-04,
       2.92397663e-03, 4.87329438e-04, 9.74658877e-04, 4.87329438e-04,
       4.87329438e-04, 2.43664719e-03, 1.46198831e-03, 4.87329438e-04,
       1.46198831e-03, 2.43664719e-03, 1.94931775e-03, 4.87329438e-04,
       9.74658877e-04, 0., 4.87329438e-04, 1.46198831e-03,
       2.92397663e-03, 9.74658877e-04, 1.46198831e-03, 1.46198831e-03,
       3.89863551e-03, 0., 2.43664719e-03, 1.94931775e-03,
       2.92397663e-03, 3.41130607e-03, 9.74658877e-04, 4.87329438e-04,
       9.74658877e-04, 9.74658877e-04, 8.28460045e-03, 1.46198831e-03,
       0., 1.94931775e-03, 1.46198831e-03, 1.46198831e-03,
       4.87329438e-04, 3.41130607e-03, 9.74658877e-04, 0.,
       2.92397663e-03, 0., 1.46198831e-03, 9.74658877e-04,
       1.46198831e-03, 4.38596494e-03, 0., 1.46198831e-03,
       4.87329438e-03, 4.87329438e-04, 2.43664719e-03, 0.,
       4.87329438e-04, 0., 9.74658877e-04, 0., 2.43664719e-03,
       4.87329438e-04, 0., 4.87329438e-04, 9.74658877e-04,
       4.87329438e-04, 9.74658877e-04, 1.46198831e-03, 4.87329438e-04,
       9.74658877e-04, 2.43664719e-03, 9.74658877e-04, 4.87329438e-04,
       4.87329438e-04, 0., 0., 0., 2.43664719e-03, 4.87329438e-04,
       1.94931775e-03, 0., 2.43664719e-03, 4.87329438e-04, 0.,
       2.43664719e-03, 4.87329438e-04, 1.46198831e-03, 2.43664719e-03,
       4.87329438e-04, 5.36062382e-03, 1.46198831e-03, 4.87329438e-04,
       2.43664719e-03, 2.92397663e-03, 3.89863551e-03, 9.74658877e-04,
       9.74658877e-04, 9.74658877e-04, 0., 0., 9.74658877e-04,
       1.46198831e-03, 9.74658877e-04, 9.74658877e-04, 9.74658877e-04,
       9.74658877e-04, 4.87329438e-04, 3.41130607e-03, 4.87329438e-04,
       3.41130607e-03, 0., 4.87329438e-04, 9.74658877e-04, 0., 0.,
       1.46198831e-03, 0., 4.87329438e-04, 9.74658877e-04, 0.,
       9.74658877e-04, 4.87329438e-03, 2.92397663e-03, 1.46198831e-03,
       0., 4.87329438e-04, 3.41130607e-03, 4.87329438e-04,
       4.87329438e-04, 2.43664719e-03, 9.74658877e-04, 2.43664719e-03,
       3.89863551e-03, 0., 9.74658877e-04, 1.46198831e-03,
       9.74658877e-04, 0., 1.94931775e-03, 1.94931775e-03,
       9.74658877e-04, 0., 9.74658877e-04, 0., 0., 1.46198831e-03,
       9.74658877e-04, 1.46198831e-03, 1.46198831e-03, 0.,
       4.87329438e-04, 5.36062382e-03, 9.74658877e-04, 5.36062382e-03,
