%YAML:1.0
m50f: !!opencv-matrix
   rows: 1
   cols: 800
   dt: f
   data: [ 2.93083227e-04, 1.17233291e-03, 5.86166454e-04,
       5.86166454e-04, 1.46541616e-03, 5.86166454e-04, 2.05158256e-03,
       5.86166454e-04, 8.79249652e-04, 1.17233291e-03, 1.17233291e-03,
       1.17233291e-03, 5.86166454e-04, 1.17233291e-03, 2.93083227e-04,
       3.22391558e-03, 1.46541616e-03, 1.17233291e-03, 2.93083233e-03,
       1.75849930e-03, 2.93083227e-04, 2.93083227e-04, 2.93083227e-04,
       2.34466582e-03, 3.81008186e-03, 8.79249652e-04, 5.86166454e-04,
       2.05158256e-03, 5.86166454e-04, 2.93083227e-04, 2.63774907e-03,
       2.34466582e-03, 2.05158256e-03, 5.86166454e-04, 0.,
       1.75849930e-03, 2.05158256e-03, 5.86166454e-04, 5.86166454e-04,
       5.86166454e-04, 2.63774907e-03, 1.46541616e-03, 1.46541616e-03,
       5.86166454e-04, 1.46541616e-03, 1.46541616e-03, 1.17233291e-03,
       1.17233291e-03, 8.79249652e-04, 3.22391558e-03, 5.86166454e-04,
       1.17233291e-03, 5.86166454e-04, 2.93083233e-03, 8.79249652e-04,
       2.34466582e-03, 2.63774907e-03, 1.46541616e-03, 8.79249652e-04,
       0., 8.79249652e-04, 1.75849930e-03, 3.51699861e-03,
       8.79249652e-04, 8.79249652e-04, 1.17233291e-03, 2.93083227e-04,
       1.17233291e-03, 1.17233291e-03, 1.17233291e-03, 5.86166454e-04,
       4.10316512e-03, 1.46541616e-03, 1.46541616e-03, 2.34466582e-03,
       1.17233291e-03, 2.93083227e-04, 2.05158256e-03, 1.75849930e-03,
       2.63774907e-03, 5.86166454e-04, 2.93083227e-04, 2.93083227e-04,
       2.93083227e-04, 1.17233291e-03, 3.22391558e-03, 8.79249652e-04,
       1.46541616e-03, 8.79249652e-04, 1.17233291e-03, 2.34466582e-03,
       5.86166454e-04, 1.17233291e-03, 1.75849930e-03, 0.,
       1.46541616e-03, 8.79249652e-04, 2.93083227e-04, 1.17233291e-03,
       2.05158256e-03, 1.46541616e-03, 1.46541616e-03, 2.05158256e-03,
       8.79249652e-04, 2.93083227e-04, 8.79249652e-04, 1.17233291e-03,
       1.75849930e-03, 2.34466582e-03, 8.79249652e-04, 1.17233291e-03,
       2.93083227e-04, 2.93083227e-04, 2.93083227e-04, 5.86166454e-04,
       2.05158256e-03, 8.79249652e-04, 8.79249652e-04, 2.05158256e-03,
       8.79249652e-04, 1.17233291e-03, 1.17233291e-03, 1.46541616e-03,
       1.75849930e-03, 5.86166454e-04, 1.17233291e-03, 1.46541616e-03,
       1.46541616e-03, 1.46541616e-03, 2.34466582e-03, 2.05158256e-03,
       4.68933163e-03, 3.22391558e-03, 1.46541616e-03, 5.86166454e-04,
       4.98241466e-03, 8.79249652e-04, 2.93083227e-04, 5.86166454e-04,
       8.79249652e-04, 0., 1.75849930e-03, 1.17233291e-03,
       1.17233291e-03, 8.79249652e-04, 5.86166454e-04, 5.86166454e-04,
       1.17233291e-03, 1.17233291e-03, 2.34466582e-03, 5.86166454e-04,
       1.17233291e-03, 8.79249652e-04, 8.79249652e-04, 8.79249652e-04,
       5.86166454e-04, 5.86166454e-04, 1.46541616e-03, 1.17233291e-03,
       1.75849930e-03, 5.86166454e-04, 8.79249652e-04, 1.46541616e-03,
       1.75849930e-03, 8.79249652e-04, 0., 8.79249652e-04,
       2.63774907e-03, 2.05158256e-03, 2.93083227e-04, 1.17233291e-03,
       1.17233291e-03, 0., 1.75849930e-03, 0., 5.86166454e-04,
       5.86166454e-04, 2.34466582e-03, 1.17233291e-03, 3.51699861e-03,
       2.93083233e-03, 1.17233291e-03, 5.86166454e-04, 5.86166454e-04,
       2.93083227e-04, 2.93083227e-04, 1.17233291e-03, 8.79249652e-04,
       2.34466582e-03, 2.93083227e-04, 1.46541616e-03, 3.81008186e-03,
       2.93083227e-04, 5.86166454e-04, 2.93083227e-04, 8.79249652e-04,
       8.79249652e-04, 0., 2.93083227e-04, 2.34466582e-03,
       8.79249652e-04, 1.17233291e-03, 2.34466582e-03, 5.86166466e-03,
       1.75849930e-03, 1.46541616e-03, 2.34466582e-03, 5.86166454e-04,
       2.93083233e-03, 2.05158256e-03, 2.05158256e-03, 8.79249652e-04,
       1.75849930e-03, 1.75849930e-03, 2.34466582e-03, 1.17233291e-03,
       1.75849930e-03, 8.79249652e-04, 8.79249652e-04, 1.46541616e-03,
       0., 1.75849930e-03, 2.93083227e-04, 2.93083227e-04,
       2.05158256e-03, 2.63774907e-03, 5.86166454e-04, 3.81008186e-03,
       2.05158256e-03, 1.17233291e-03, 1.17233291e-03, 8.79249652e-04,
       1.17233291e-03, 2.93083233e-03, 8.79249652e-04, 1.75849930e-03,
       2.63774907e-03, 0., 8.79249652e-04, 1.17233291e-03,
       8.79249652e-04, 2.93083227e-04, 1.46541616e-03, 4.39624861e-03,
       1.46541616e-03, 5.86166454e-04, 5.56858117e-03, 2.05158256e-03,
       1.17233291e-03, 1.46541616e-03, 1.46541616e-03, 0.,
       5.86166454e-04, 1.75849930e-03, 5.86166454e-04, 2.93083227e-04,
       1.75849930e-03, 1.17233291e-03, 8.79249652e-04, 1.17233291e-03,
       1.17233291e-03, 8.79249652e-04, 5.86166454e-04, 1.75849930e-03,
       1.17233291e-03, 2.93083227e-04, 1.46541616e-03, 4.39624861e-03,
       5.86166454e-04, 1.75849930e-03, 1.75849930e-03, 2.05158256e-03,
       1.17233291e-03, 2.93083227e-04, 8.79249652e-04, 2.93083233e-03,
       1.17233291e-03, 2.05158256e-03, 1.75849930e-03, 0.,
       2.63774907e-03, 1.46541616e-03, 2.34466582e-03, 2.05158256e-03,
       2.93083227e-04, 1.46541616e-03, 2.05158256e-03, 2.05158256e-03,
       2.93083227e-04, 8.79249652e-04, 5.86166454e-04, 2.05158256e-03,
       1.17233291e-03, 2.93083227e-04, 1.17233291e-03, 8.79249652e-04,
       2.93083227e-04, 2.93083227e-04, 5.86166454e-04, 8.79249652e-04,
       1.75849930e-03, 2.93083227e-04, 2.05158256e-03, 8.79249652e-04,
       5.86166454e-04, 5.86166454e-04, 5.86166454e-04, 1.46541616e-03,
       1.46541616e-03, 1.46541616e-03, 2.93083227e-04, 2.93083227e-04,
       2.93083227e-04, 1.75849930e-03, 1.75849930e-03, 2.34466582e-03,
       1.17233291e-03, 1.46541616e-03, 2.34466582e-03, 1.46541616e-03,
       2.93083233e-03, 8.79249652e-04, 5.86166454e-04, 1.46541616e-03,
       1.46541616e-03, 1.17233291e-03, 8.79249652e-04, 5.86166454e-04,
       1.75849930e-03, 1.17233291e-03, 5.86166454e-04, 8.79249652e-04,
       1.46541616e-03, 4.39624861e-03, 8.79249652e-04, 5.86166454e-04,
       1.46541616e-03, 8.79249652e-04, 2.93083227e-04, 5.86166454e-04,
       2.05158256e-03, 8.79249652e-04, 1.75849930e-03, 1.46541616e-03,
       8.79249652e-04, 1.46541616e-03, 2.93083227e-04, 2.34466582e-03,
       1.17233291e-03, 1.46541616e-03, 5.86166454e-04, 5.86166454e-04,
       1.17233291e-03, 1.46541616e-03, 2.63774907e-03, 1.17233291e-03,
       2.93083227e-04, 8.79249652e-04, 5.86166454e-04, 8.79249652e-04,
       2.93083233e-03, 1.17233291e-03, 1.75849930e-03, 1.75849930e-03,
       1.46541616e-03, 8.79249652e-04, 8.79249652e-04, 5.86166454e-04,
       5.56858117e-03, 1.75849930e-03, 1.46541616e-03, 5.86166454e-04,
       1.46541616e-03, 8.79249652e-04, 5.86166454e-04, 2.93083227e-04,
       2.63774907e-03, 2.93083227e-04, 4.68933163e-03, 1.17233291e-03,
       2.93083233e-03, 8.79249652e-04, 1.17233291e-03, 2.93083227e-04,
       8.79249652e-04, 2.93083227e-04, 8.79249652e-04, 2.05158256e-03,
       2.34466582e-03, 8.79249652e-04, 8.79249652e-04, 3.81008186e-03,
       8.79249652e-04, 2.93083233e-03, 2.05158256e-03, 2.05158256e-03,
       1.75849930e-03, 8.79249652e-04, 2.93083227e-04, 5.86166454e-04,
       1.17233291e-03, 1.46541616e-03, 1.17233291e-03, 8.79249652e-04,
       1.46541616e-03, 1.17233291e-03, 8.79249652e-04, 5.86166454e-04,
       1.46541616e-03, 1.46541616e-03, 1.46541616e-03, 2.05158256e-03,
       5.86166454e-04, 5.86166454e-04, 2.63774907e-03, 6.44783117e-03,
       1.17233291e-03, 2.93083227e-04, 1.75849930e-03, 1.46541616e-03,
       1.46541616e-03, 2.93083227e-04, 2.93083233e-03, 8.79249652e-04,
       2.34466582e-03, 5.86166454e-04, 1.17233291e-03, 2.05158256e-03,
       5.86166454e-04, 5.86166454e-04, 1.75849930e-03, 1.75849930e-03,
       5.86166454e-04, 5.86166454e-04, 1.17233291e-03, 1.46541616e-03,
       5.86166454e-04, 2.93083227e-04, 2.93083227e-04, 0.,
       8.79249652e-04, 0., 2.34466582e-03, 2.05158256e-03,
       5.86166454e-04, 2.05158256e-03, 4.39624861e-03, 1.46541616e-03,
       1.75849930e-03, 1.17233291e-03, 5.86166454e-04, 1.17233291e-03,
       1.75849930e-03, 1.46541616e-03, 2.05158256e-03, 5.86166454e-04,
