%YAML:1.0
m50f: !!opencv-matrix
   rows: 1
   cols: 800
   dt: f
   data: [ 0., 9.95024922e-04, 3.31674964e-04, 9.95024922e-04,
       3.31674964e-04, 9.95024922e-04, 2.98507465e-03, 3.31674964e-04,
       6.63349929e-04, 9.95024922e-04, 9.95024922e-04, 2.65339972e-03,
       6.63349929e-04, 9.95024922e-04, 3.64842452e-03, 3.31674959e-03,
       1.32669986e-03, 9.95024922e-04, 1.32669986e-03, 1.99004984e-03,
       3.31674964e-04, 9.95024922e-04, 6.63349929e-04, 3.31674964e-04,
       5.30679943e-03, 2.32172478e-03, 9.95024922e-04, 9.95024922e-04,
       0., 6.63349929e-04, 9.95024922e-04, 9.95024922e-04,
       1.32669986e-03, 6.63349929e-04, 1.32669986e-03, 1.99004984e-03,
       3.31674964e-04, 9.95024922e-04, 9.95024922e-04, 6.63349929e-04,
       9.95024922e-04, 4.64344956e-03, 0., 3.31674964e-04,
       2.32172478e-03, 9.95024922e-04, 1.32669986e-03, 1.65837479e-03,
       2.32172478e-03, 1.65837479e-03, 1.65837479e-03, 9.95024922e-04,
       1.65837479e-03, 2.32172478e-03, 3.31674964e-04, 1.32669986e-03,
       1.65837479e-03, 9.95024922e-04, 3.31674964e-04, 3.31674964e-04,
       9.95024922e-04, 1.65837479e-03, 2.98507465e-03, 6.63349929e-04,
       6.63349929e-04, 9.95024922e-04, 1.32669986e-03, 2.32172478e-03,
       2.32172478e-03, 2.65339972e-03, 3.64842452e-03, 1.65837479e-03,
       1.65837479e-03, 9.95024922e-04, 9.95024922e-04, 1.99004984e-03,
       9.95024922e-04, 1.65837479e-03, 1.32669986e-03, 6.63349929e-04,
       1.32669986e-03, 1.32669986e-03, 0., 3.31674964e-04,
       9.95024922e-04, 2.98507465e-03, 9.95024922e-04, 6.63349929e-04,
       2.32172478e-03, 2.32172478e-03, 9.95024922e-04, 6.63349929e-04,
       9.95024922e-04, 6.63349929e-04, 3.31674964e-04, 1.99004984e-03,
       1.32669986e-03, 9.95024922e-04, 1.32669986e-03, 9.95024922e-04,
       9.95024922e-04, 3.31674964e-04, 2.98507465e-03, 6.63349929e-04,
       3.31674964e-04, 1.32669986e-03, 6.63349929e-04, 0.,
       6.63349929e-04, 3.31674964e-04, 1.32669986e-03, 1.99004984e-03,
       9.95024922e-04, 6.63349929e-04, 1.32669986e-03, 3.31674964e-04,
       9.95024922e-04, 1.99004984e-03, 3.98009969e-03, 3.98009969e-03,
       0., 6.63349929e-04, 9.95024922e-04, 1.32669986e-03,
       6.63349929e-04, 2.32172478e-03, 1.65837479e-03, 9.95024922e-04,
       2.65339972e-03, 1.65837479e-03, 1.99004984e-03, 1.65837479e-03,
       3.31674964e-04, 6.63349929e-04, 1.65837479e-03, 4.97512426e-03,
       1.99004984e-03, 6.63349929e-04, 2.32172478e-03, 1.32669986e-03,
       0., 3.31674959e-03, 3.31674964e-04, 3.64842452e-03,
       9.95024922e-04, 1.65837479e-03, 1.32669986e-03, 6.63349929e-04,
       3.31674964e-04, 1.32669986e-03, 9.95024922e-04, 1.65837479e-03,
       1.65837479e-03, 1.65837479e-03, 1.99004984e-03, 1.65837479e-03,
       1.99004984e-03, 0., 6.63349929e-04, 3.31674964e-04, 0.,
       1.65837479e-03, 9.95024922e-04, 2.65339972e-03, 1.32669986e-03,
       1.32669986e-03, 1.65837479e-03, 0., 1.32669986e-03,
       6.63349929e-04, 2.65339972e-03, 9.95024922e-04, 0.,
       1.32669986e-03, 3.31674964e-04, 3.31674964e-04, 3.31674964e-04,
       3.64842452e-03, 9.95024922e-04, 2.65339972e-03, 3.31674964e-04,
       2.65339972e-03, 1.99004984e-03, 1.65837479e-03, 2.65339972e-03,
       1.99004984e-03, 6.63349929e-04, 9.95024922e-04, 1.65837479e-03,
       3.31674964e-04, 1.99004984e-03, 2.32172478e-03, 2.65339972e-03,
       1.32669986e-03, 6.63349929e-04, 1.32669986e-03, 6.63349929e-04,
       6.63349929e-04, 0., 0., 6.63349929e-04, 3.31674964e-04,
       3.64842452e-03, 6.63349929e-04, 3.31674964e-04, 2.98507465e-03,
       1.65837479e-03, 1.32669986e-03, 1.32669986e-03, 9.95024922e-04,
       1.32669986e-03, 0., 3.31674959e-03, 3.31674964e-04,
       2.32172478e-03, 6.63349929e-04, 2.65339972e-03, 9.95024922e-04,
       9.95024922e-04, 3.31674964e-04, 6.63349929e-04, 2.32172478e-03,
       1.32669986e-03, 1.32669986e-03, 6.63349929e-04, 2.32172478e-03,
       9.95024922e-04, 2.98507465e-03, 3.31674964e-04, 3.64842452e-03,
       1.32669986e-03, 6.63349929e-04, 1.99004984e-03, 2.32172478e-03,
       1.65837479e-03, 9.95024922e-04, 2.32172478e-03, 2.32172478e-03,
       0., 1.99004984e-03, 1.32669986e-03, 0., 1.65837479e-03,
       3.98009969e-03, 0., 9.95024922e-04, 6.30182447e-03,
       1.32669986e-03, 9.95024922e-04, 9.95024922e-04, 9.95024922e-04,
       6.63349929e-04, 6.63349929e-04, 6.63349929e-04, 1.65837479e-03,
       3.31674964e-04, 9.95024922e-04, 1.32669986e-03, 1.32669986e-03,
       6.63349929e-04, 3.64842452e-03, 1.99004984e-03, 1.32669986e-03,
       2.98507465e-03, 6.63349929e-04, 0., 2.65339972e-03,
       6.63349917e-03, 6.63349929e-04, 3.31674964e-04, 2.98507465e-03,
       1.32669986e-03, 1.32669986e-03, 1.65837479e-03, 3.31674964e-04,
       2.98507465e-03, 6.63349929e-04, 1.99004984e-03, 1.32669986e-03,
       1.65837479e-03, 3.64842452e-03, 9.95024922e-04, 1.65837479e-03,
       9.95024922e-04, 1.32669986e-03, 1.99004984e-03, 1.99004984e-03,
       3.31674964e-04, 1.32669986e-03, 6.63349929e-04, 2.98507465e-03,
       1.99004984e-03, 0., 0., 9.95024922e-04, 0., 9.95024922e-04,
       6.63349929e-04, 1.99004984e-03, 1.32669986e-03, 1.32669986e-03,
       3.31674964e-04, 1.32669986e-03, 6.63349929e-04, 1.99004984e-03,
       2.65339972e-03, 1.32669986e-03, 1.32669986e-03, 6.63349929e-04,
       1.32669986e-03, 3.31674964e-04, 6.63349929e-04, 6.63349929e-04,
       3.31674964e-04, 3.31674964e-04, 6.63349929e-04, 6.63349929e-04,
       0., 3.31674964e-04, 6.63349929e-04, 3.31674964e-04,
       9.95024922e-04, 2.98507465e-03, 1.65837479e-03, 3.31674964e-04,
       6.63349929e-04, 6.63349929e-04, 3.31674964e-04, 3.31674964e-04,
       1.32669986e-03, 6.63349929e-04, 2.32172478e-03, 1.99004984e-03,
       4.97512426e-03, 9.95024922e-04, 6.63349929e-04, 3.31674964e-04,
       3.31674964e-04, 6.63349929e-04, 6.63349929e-04, 4.31177439e-03,
       3.31674964e-04, 3.64842452e-03, 3.31674964e-04, 2.98507465e-03,
       1.65837479e-03, 0., 1.99004984e-03, 2.65339972e-03,
       1.32669986e-03, 3.31674964e-04, 6.63349929e-04, 6.63349929e-04,
       6.63349929e-04, 3.31674959e-03, 1.99004984e-03, 1.32669986e-03,
       1.65837479e-03, 9.95024922e-04, 1.99004984e-03, 2.98507465e-03,
       0., 6.63349929e-04, 1.65837479e-03, 6.63349929e-04,
       6.63349929e-04, 6.63349929e-04, 3.31674964e-04, 1.65837479e-03,
       6.63349929e-04, 1.99004984e-03, 3.31674964e-04, 1.32669986e-03,
       9.95024922e-04, 9.95024922e-04, 6.63349929e-04, 1.32669986e-03,
       6.63349929e-04, 1.65837479e-03, 1.32669986e-03, 2.65339972e-03,
       9.95024922e-04, 6.63349929e-04, 6.63349929e-04, 1.99004984e-03,
       1.32669986e-03, 9.95024922e-04, 0., 2.65339972e-03,
       3.31674964e-04, 3.64842452e-03, 3.31674959e-03, 1.65837479e-03,
       9.95024922e-04, 9.95024922e-04, 6.63349929e-04, 0.,
       1.32669986e-03, 3.31674964e-04, 1.32669986e-03, 1.32669986e-03,
       2.32172478e-03, 2.32172478e-03, 6.63349929e-04, 1.32669986e-03,
       9.95024922e-04, 3.31674964e-04, 1.99004984e-03, 3.31674964e-04,
       1.32669986e-03, 6.63349917e-03, 1.99004984e-03, 1.65837479e-03,
       1.65837479e-03, 2.32172478e-03, 4.64344956e-03, 3.31674964e-04,
       0., 2.98507465e-03, 3.31674964e-04, 9.95024922e-04,
       3.31674964e-04, 1.65837479e-03, 1.32669986e-03, 2.32172478e-03,
       0., 1.32669986e-03, 9.95024922e-04, 3.31674959e-03,
       1.99004984e-03, 6.63349929e-04, 1.32669986e-03, 6.63349929e-04,
       0., 6.63349929e-04, 3.31674964e-04, 1.32669986e-03,
       1.32669986e-03, 1.32669986e-03, 0., 1.32669986e-03,
       9.95024922e-04, 2.65339972e-03, 6.63349929e-04, 1.32669986e-03,
       9.95024922e-04, 6.63349929e-04, 6.63349929e-04, 3.31674964e-04,
       9.95024922e-04, 3.31674964e-04, 3.31674959e-03, 9.95024922e-04,
       1.99004984e-03, 1.32669986e-03, 1.99004984e-03, 3.31674964e-04,
       1.99004984e-03, 1.32669986e-03, 9.95024922e-04, 3.31674964e-04,
       6.63349929e-04, 0., 9.95024922e-04, 9.95024922e-04,
