%YAML:1.0
m50f: !!opencv-matrix
   rows: 1
   cols: 800
   dt: f
   data: [ 0., 4.85175196e-03, 1.07816712e-03, 1.07816712e-03,
       2.15633423e-03, 0., 0., 1.61725073e-03, 1.61725073e-03,
       2.69541773e-03, 1.07816712e-03, 5.39083558e-04, 0.,
       1.07816712e-03, 1.07816712e-03, 3.23450146e-03, 0., 0.,
       1.07816712e-03, 5.39083558e-04, 5.39083558e-04, 1.07816712e-03,
       3.23450146e-03, 1.61725073e-03, 5.39083558e-04, 0.,
       1.07816712e-03, 1.07816712e-03, 5.39083558e-04, 3.77358496e-03,
       1.07816712e-03, 1.07816712e-03, 5.39083558e-04, 1.07816712e-03,
       0., 1.61725073e-03, 2.15633423e-03, 1.07816712e-03, 0.,
       2.69541773e-03, 0., 1.61725073e-03, 0., 1.61725073e-03,
       1.61725073e-03, 1.07816712e-03, 0., 3.77358496e-03,
       1.07816712e-03, 5.39083558e-04, 1.07816712e-03, 1.61725073e-03,
       3.23450146e-03, 5.39083558e-04, 1.07816712e-03, 1.61725073e-03,
       2.69541773e-03, 0., 0., 2.69541773e-03, 2.69541773e-03,
       2.15633423e-03, 5.39083558e-04, 5.39083546e-03, 0.,
       1.61725073e-03, 7.54716992e-03, 1.61725073e-03, 1.07816712e-03,
       0., 0., 5.39083558e-04, 1.61725073e-03, 5.39083558e-04,
       5.39083558e-04, 1.07816712e-03, 1.23989219e-02, 1.07816712e-03,
       2.69541773e-03, 2.15633423e-03, 5.39083558e-04, 5.39083558e-04,
       5.39083558e-04, 1.07816712e-03, 4.31266846e-03, 2.15633423e-03,
       5.39083558e-04, 4.31266846e-03, 1.07816712e-03, 1.61725073e-03,
       0., 0., 1.07816712e-03, 1.61725073e-03, 0., 2.69541773e-03,
       1.61725073e-03, 0., 2.15633423e-03, 5.39083558e-04,
       5.39083558e-04, 0., 1.07816712e-03, 1.07816712e-03,
       8.08625296e-03, 0., 1.61725073e-03, 5.39083558e-04,
       1.07816712e-03, 5.39083558e-04, 5.39083558e-04, 5.39083558e-04,
       1.61725073e-03, 0., 2.69541773e-03, 1.61725073e-03,
       2.15633423e-03, 0., 1.61725073e-03, 2.69541773e-03,
       5.39083558e-04, 1.07816712e-03, 1.61725073e-03, 2.15633423e-03,
       1.07816712e-03, 2.69541773e-03, 0., 1.07816712e-03,
       1.07816712e-03, 0., 2.15633423e-03, 4.85175196e-03,
       5.39083558e-04, 1.07816712e-03, 5.39083558e-04, 0.,
       5.39083558e-04, 5.39083558e-04, 1.61725073e-03, 1.07816712e-03,
       0., 1.61725073e-03, 5.39083558e-04, 1.07816712e-03,
       2.15633423e-03, 5.39083558e-04, 1.61725073e-03, 5.39083558e-04,
       1.07816712e-03, 1.07816712e-03, 0., 5.39083558e-04,
       3.23450146e-03, 1.07816712e-03, 2.69541773e-03, 5.39083558e-04,
       1.61725073e-03, 7.54716992e-03, 1.07816712e-03, 0.,
       2.69541773e-03, 5.39083558e-04, 1.07816712e-03, 0.,
       1.61725073e-03, 1.61725073e-03, 0., 1.61725073e-03,
       1.61725073e-03, 2.15633423e-03, 4.31266846e-03, 0., 0.,
       2.15633423e-03, 0., 0., 1.07816712e-03, 1.07816712e-03, 0.,
       3.23450146e-03, 5.39083558e-04, 3.23450146e-03, 2.69541773e-03,
       2.69541773e-03, 1.07816712e-03, 0., 3.23450146e-03,
       1.07816712e-03, 5.39083558e-04, 0., 5.39083558e-04,
       1.61725073e-03, 5.39083558e-04, 1.61725073e-03, 2.69541773e-03,
       1.07816712e-03, 1.07816712e-03, 1.07816712e-03, 2.15633423e-03,
       5.39083558e-04, 1.07816712e-03, 5.39083558e-04, 1.07816712e-03,
       0., 1.61725073e-03, 0., 2.15633423e-03, 2.15633423e-03,
       1.07816712e-03, 5.39083558e-04, 5.39083558e-04, 1.61725073e-03,
       5.39083558e-04, 0., 5.39083558e-04, 5.39083558e-04,
       4.85175196e-03, 5.39083558e-04, 4.85175196e-03, 0.,
       5.39083558e-04, 2.15633423e-03, 5.39083558e-04, 2.69541773e-03,
       1.07816712e-03, 0., 0., 5.39083558e-04, 2.15633423e-03,
       2.15633423e-03, 0., 0., 1.07816712e-03, 0., 1.07816712e-03, 0.,
       0., 5.39083558e-04, 0., 0., 1.07816712e-03, 3.23450146e-03,
       5.39083558e-04, 5.39083558e-04, 2.15633423e-03, 1.61725073e-03,
       7.54716992e-03, 1.61725073e-03, 0., 1.07816712e-03,
       1.07816712e-03, 1.07816712e-03, 1.07816712e-03, 5.39083558e-04,
       5.39083558e-04, 1.07816712e-03, 1.61725073e-03, 0., 0.,
       3.23450146e-03, 5.39083558e-04, 2.69541773e-03, 4.85175196e-03,
       0., 0., 5.39083558e-04, 3.77358496e-03, 5.39083558e-04, 0.,
       1.61725073e-03, 0., 0., 0., 5.39083558e-04, 1.07816712e-03,
       1.61725073e-03, 1.07816712e-03, 2.69541773e-03, 1.07816712e-03,
       5.39083558e-04, 2.15633423e-03, 1.61725073e-03, 5.39083558e-04,
       1.07816712e-03, 5.39083558e-04, 0., 2.15633423e-03,
       2.69541773e-03, 5.39083558e-04, 0., 5.39083558e-04,
       5.39083558e-04, 0., 5.39083558e-04, 8.08625296e-03, 0.,
       1.07816712e-03, 5.39083558e-04, 5.39083558e-04, 3.23450146e-03,
       5.39083558e-04, 2.69541773e-03, 5.39083558e-04, 0.,
       5.39083558e-04, 5.39083558e-04, 1.61725073e-03, 0.,
       5.39083558e-04, 2.69541773e-03, 4.31266846e-03, 5.39083558e-04,
       1.61725073e-03, 5.39083558e-04, 3.23450146e-03, 0.,
       1.07816712e-03, 0., 1.07816712e-03, 5.39083558e-04,
       5.39083558e-04, 1.61725073e-03, 5.39083558e-04, 1.07816712e-03,
       3.77358496e-03, 1.61725073e-03, 5.39083558e-04, 0.,
       2.15633423e-03, 5.39083558e-04, 0., 6.46900292e-03,
       1.07816712e-03, 1.07816712e-03, 3.23450146e-03, 1.61725073e-03,
       5.92991896e-03, 0., 5.39083558e-04, 0., 0., 5.39083558e-04,
       1.07816712e-03, 1.61725073e-03, 1.07816712e-03, 1.61725073e-03,
       1.61725073e-03, 0., 0., 1.61725073e-03, 2.15633423e-03,
       1.61725073e-03, 0., 0., 5.39083558e-04, 0., 1.07816712e-03,
       2.15633423e-03, 2.15633423e-03, 2.69541773e-03, 0., 0.,
       1.61725073e-03, 0., 1.07816712e-03, 1.07816712e-03, 0.,
       3.23450146e-03, 1.61725073e-03, 0., 5.39083558e-04, 0.,
       1.07816712e-03, 5.39083558e-04, 1.07816712e-03, 5.39083558e-04,
       5.39083558e-04, 0., 0., 1.07816712e-03, 1.07816712e-03,
       5.39083558e-04, 2.69541773e-03, 0., 5.39083558e-04,
       5.39083558e-04, 0., 1.61725073e-03, 2.15633423e-03,
       5.39083558e-04, 5.39083558e-04, 1.61725073e-03, 5.39083558e-04,
       2.15633423e-03, 5.39083558e-04, 3.77358496e-03, 4.85175196e-03,
       1.07816712e-03, 5.39083558e-04, 2.69541773e-03, 0.,
       5.39083558e-04, 2.15633423e-03, 0., 5.39083558e-04,
       5.39083558e-04, 1.61725073e-03, 5.39083558e-04, 5.39083558e-04,
       1.61725073e-03, 3.23450146e-03, 5.39083558e-04, 0.,
       1.07816712e-03, 5.39083558e-04, 0., 0., 1.61725073e-03,
       1.07816712e-03, 5.39083558e-04, 1.07816712e-03, 0.,
       1.61725073e-03, 0., 0., 1.07816712e-03, 5.39083558e-04,
       5.39083558e-04, 1.61725073e-03, 1.07816712e-03, 0., 0., 0.,
       1.61725073e-03, 0., 5.39083546e-03, 1.07816712e-03,
       2.69541773e-03, 5.39083558e-04, 5.39083558e-04, 0.,
       1.07816712e-03, 5.39083558e-04, 0., 5.39083558e-04,
       1.07816712e-03, 1.61725073e-03, 1.07816712e-03, 5.39083558e-04,
       0., 5.39083558e-04, 2.15633423e-03, 1.07816712e-03,
       1.07816712e-03, 5.39083558e-04, 1.07816712e-03, 4.85175196e-03,
       0., 1.07816712e-03, 4.31266846e-03, 0., 2.69541773e-03,
       5.39083558e-04, 5.39083558e-04, 1.07816712e-03, 2.69541773e-03,
       0., 0., 5.39083558e-04, 0., 1.07816712e-03, 0., 1.07816712e-03,
       0., 1.07816712e-03, 5.39083558e-04, 1.07816712e-03,
       5.39083558e-04, 1.61725073e-03, 2.69541773e-03, 3.77358496e-03,
       5.39083558e-04, 0., 0., 2.15633423e-03, 1.07816712e-03, 0., 0.,
       5.39083558e-04, 1.07816712e-03, 5.39083558e-04, 5.39083558e-04,
       1.07816712e-03, 0., 2.15633423e-03, 5.39083558e-04,
       1.61725073e-03, 4.85175196e-03, 2.69541773e-03, 1.07816712e-03,
       5.39083558e-04, 5.39083558e-04, 1.61725073e-03, 5.39083546e-03,
       1.61725073e-03, 0., 5.39083558e-04, 1.61725073e-03,
       3.23450146e-03, 3.77358496e-03, 1.61725073e-03, 5.39083558e-04,
       5.39083558e-04, 2.69541773e-03, 1.07816712e-03, 0., 0., 0.,
       1.61725073e-03, 1.61725073e-03, 5.39083558e-04, 5.39083558e-04,
       1.61725073e-03, 2.69541773e-03, 0., 5.39083558e-04,
       5.39083558e-04, 1.07816712e-03, 1.07816712e-03, 2.69541773e-03,
       0., 5.39083558e-04, 0., 5.39083558e-04, 5.39083558e-04, 0.,
