%YAML:1.0
m50f: !!opencv-matrix
   rows: 1
   cols: 800
   dt: f
   data: [ 2.07039341e-03, 8.28157354e-04, 7.45341601e-03,
       4.14078677e-04, 8.28157354e-04, 0., 2.07039341e-03, 0., 0.,
       3.72670800e-03, 3.72670800e-03, 4.55486542e-03, 0.,
       8.28157354e-04, 4.14078677e-04, 2.07039341e-03, 1.65631471e-03,
       1.24223600e-03, 4.14078677e-04, 1.24223600e-03, 0.,
       2.07039341e-03, 8.28157354e-04, 2.48447200e-03, 0.,
       1.24223600e-03, 4.14078677e-04, 4.55486542e-03, 0., 0.,
       1.24223600e-03, 8.28157354e-04, 1.65631471e-03, 8.28157354e-04,
       2.07039341e-03, 2.89855083e-03, 8.28157354e-04, 0.,
       1.24223600e-03, 0., 2.48447200e-03, 8.28157354e-04,
       1.65631471e-03, 4.14078677e-04, 1.65631471e-03, 2.07039341e-03,
       4.14078677e-04, 1.65631471e-03, 0., 1.24223600e-03,
       1.65631471e-03, 1.24223600e-03, 2.07039341e-03, 8.28157354e-04,
       0., 4.14078683e-03, 0., 1.65631471e-03, 2.07039341e-03,
       1.24223600e-03, 2.48447200e-03, 4.14078677e-04, 8.28157354e-04,
       0., 2.89855083e-03, 0., 6.21118024e-03, 4.14078677e-04,
       1.24223600e-03, 1.24223600e-03, 2.07039341e-03, 4.14078677e-04,
       8.28157354e-04, 8.28157354e-04, 1.24223600e-03, 8.28157354e-04,
       4.14078677e-04, 0., 1.65631471e-03, 1.65631471e-03, 0.,
       8.28157354e-04, 2.48447200e-03, 4.14078677e-04, 8.28157354e-04,
       2.48447200e-03, 1.24223600e-03, 1.24223600e-03, 2.07039341e-03,
       4.14078677e-04, 0., 4.14078677e-04, 2.48447200e-03,
       1.65631471e-03, 4.14078677e-04, 4.14078677e-04, 2.07039341e-03,
       1.65631471e-03, 2.07039341e-03, 2.48447200e-03, 2.07039341e-03,
       8.28157354e-04, 8.28157354e-04, 1.65631471e-03, 0.,
       1.24223600e-03, 8.28157354e-04, 0., 1.24223600e-03,
       8.28157354e-04, 2.07039341e-03, 3.72670800e-03, 1.65631471e-03,
       8.28157354e-04, 0., 4.14078677e-04, 4.96894401e-03,
       4.14078677e-04, 0., 1.65631471e-03, 2.07039341e-03,
       2.07039341e-03, 1.65631471e-03, 1.24223600e-03, 4.14078677e-04,
       5.38302260e-03, 2.48447200e-03, 4.14078677e-04, 4.14078677e-04,
       2.48447200e-03, 0., 2.89855083e-03, 2.89855083e-03,
       4.14078677e-04, 0., 0., 1.24223600e-03, 0., 8.28157354e-04,
       2.07039341e-03, 2.48447200e-03, 8.28157354e-04, 0.,
       4.14078677e-04, 4.14078677e-04, 1.24223600e-03, 0.,
       8.28157354e-04, 1.24223600e-03, 0., 0., 0., 8.28157354e-04,
       1.24223600e-03, 4.14078677e-04, 0., 8.28157354e-04,
       8.28157354e-04, 8.28157354e-04, 0., 0., 2.07039341e-03,
       4.14078677e-04, 2.07039341e-03, 8.28157354e-04, 4.14078677e-04,
       0., 0., 0., 0., 1.65631471e-03, 1.65631471e-03, 4.14078677e-04,
       8.28157354e-04, 8.28157354e-04, 0., 0., 0., 1.65631471e-03, 0.,
       5.79710165e-03, 1.24223600e-03, 0., 8.28157354e-04,
       2.07039341e-03, 0., 4.55486542e-03, 8.28157354e-04,
       4.14078677e-04, 1.65631471e-03, 2.89855083e-03, 1.24223600e-03,
       1.24223600e-03, 8.28157354e-04, 8.28157354e-04, 1.65631471e-03,
       2.07039341e-03, 2.48447200e-03, 1.65631471e-03, 0.,
       8.28157354e-04, 2.07039341e-03, 2.48447200e-03, 1.28364386e-02,
       1.24223600e-03, 1.24223600e-03, 5.79710165e-03, 4.14078677e-04,
       4.14078677e-04, 0., 3.72670800e-03, 8.28157354e-04, 0.,
       4.14078677e-04, 4.14078683e-03, 1.24223600e-03, 1.24223600e-03,
       4.14078677e-04, 8.28157354e-04, 8.28157354e-04, 2.48447200e-03,
       4.14078677e-04, 1.65631471e-03, 4.14078677e-04, 4.14078677e-04,
       2.07039341e-03, 1.65631471e-03, 2.48447200e-03, 0.,
       8.28157354e-04, 2.48447200e-03, 2.89855083e-03, 8.28157354e-04,
       2.07039341e-03, 2.07039341e-03, 8.28157354e-04, 2.48447200e-03,
       4.14078677e-04, 2.07039341e-03, 4.14078677e-04, 8.28157354e-04,
       1.65631471e-03, 2.89855083e-03, 8.28157354e-04, 2.48447200e-03,
       2.07039341e-03, 1.65631471e-03, 8.28157354e-04, 1.24223600e-03,
       8.28157354e-04, 8.28157354e-04, 1.24223600e-03, 1.65631471e-03,
       1.65631471e-03, 0., 1.24223600e-03, 3.72670800e-03,
       2.48447200e-03, 2.89855083e-03, 2.89855083e-03, 1.24223600e-03,
       2.48447200e-03, 0., 4.14078677e-04, 2.48447200e-03,
       2.07039341e-03, 8.28157354e-04, 4.14078677e-04, 8.28157354e-04,
       1.65631471e-03, 3.31262941e-03, 8.28157354e-04, 1.24223600e-03,
       0., 2.07039341e-03, 8.28157354e-04, 1.24223600e-03,
       1.65631471e-03, 2.48447200e-03, 8.28157354e-04, 1.65631471e-03,
       0., 1.65631471e-03, 0., 4.14078677e-04, 1.24223600e-03,
       1.24223600e-03, 1.24223600e-03, 0., 0., 2.89855083e-03,
       1.24223600e-03, 4.14078677e-04, 2.48447200e-03, 8.28157354e-04,
       1.24223600e-03, 3.72670800e-03, 1.24223600e-03, 8.28157354e-04,
       8.28157354e-04, 1.24223600e-03, 0., 2.07039341e-03,
       1.65631471e-03, 8.28157354e-04, 1.24223600e-03, 0., 0.,
       3.72670800e-03, 3.72670800e-03, 1.24223600e-03, 0.,
       1.65631471e-03, 8.28157354e-04, 4.14078677e-04, 4.14078677e-04,
       0., 0., 0., 1.65631471e-03, 2.07039341e-03, 4.14078677e-04,
       8.28157354e-04, 1.24223600e-03, 1.24223600e-03, 1.65631471e-03,
       1.65631471e-03, 4.14078677e-04, 8.28157354e-04, 1.65631471e-03,
       4.14078683e-03, 0., 2.07039341e-03, 8.28157354e-04,
       2.89855083e-03, 1.24223600e-03, 4.55486542e-03, 8.28157354e-04,
       8.28157354e-04, 2.07039341e-03, 1.24223600e-03, 8.28157354e-04,
       2.07039341e-03, 3.31262941e-03, 1.24223600e-03, 1.24223600e-03,
       4.14078677e-04, 4.14078677e-04, 1.24223600e-03, 4.14078677e-04,
       4.14078677e-04, 1.65631471e-03, 0., 2.89855083e-03,
       8.28157354e-04, 4.14078677e-04, 3.31262941e-03, 2.07039341e-03,
       1.24223600e-03, 2.07039341e-03, 8.28157354e-04, 1.65631471e-03,
       1.24223600e-03, 0., 0., 1.65631471e-03, 4.14078677e-04,
       4.14078677e-04, 4.14078677e-04, 2.07039341e-03, 2.07039341e-03,
       4.14078683e-03, 8.28157354e-04, 1.24223600e-03, 2.07039341e-03,
       1.65631471e-03, 4.14078677e-04, 8.28157354e-04, 0.,
       1.65631471e-03, 2.48447200e-03, 8.28157354e-04, 1.24223600e-03,
       4.14078677e-04, 0., 2.07039341e-03, 2.07039341e-03,
       2.07039341e-03, 1.65631471e-03, 4.14078677e-04, 6.21118024e-03,
       8.28157354e-04, 8.28157354e-04, 4.14078677e-04, 2.07039341e-03,
       2.89855083e-03, 8.28157354e-04, 2.48447200e-03, 1.24223600e-03,
       1.65631471e-03, 0., 4.14078683e-03, 1.65631471e-03,
       1.24223600e-03, 4.14078677e-04, 2.89855083e-03, 4.14078677e-04,
       1.65631471e-03, 8.28157354e-04, 1.24223600e-03, 1.65631471e-03,
       4.14078677e-04, 4.14078677e-04, 3.72670800e-03, 1.24223600e-03,
       0., 0., 8.28157354e-04, 4.14078677e-04, 2.07039341e-03,
       2.07039341e-03, 4.14078677e-04, 3.31262941e-03, 4.14078677e-04,
       1.24223600e-03, 0., 1.65631471e-03, 0., 0., 1.24223600e-03,
       4.14078677e-04, 0., 1.65631471e-03, 2.07039341e-03,
       8.28157354e-04, 2.48447200e-03, 0., 0., 3.31262941e-03, 0.,
       4.14078677e-04, 1.65631471e-03, 8.28157354e-04, 8.28157354e-04,
       8.28157354e-04, 1.65631471e-03, 0., 1.65631471e-03, 0.,
       1.65631471e-03, 1.24223600e-03, 8.28157354e-04, 4.14078677e-04,
       1.65631471e-03, 0., 2.07039341e-03, 0., 0., 8.28157354e-04,
       4.14078677e-04, 1.65631471e-03, 1.65631471e-03, 1.24223600e-03,
       8.28157354e-04, 1.24223600e-03, 2.48447200e-03, 8.28157354e-04,
       1.24223600e-03, 1.65631471e-03, 2.07039341e-03, 4.14078677e-04,
       0., 1.65631471e-03, 1.65631471e-03, 0., 0., 1.24223600e-03,
       1.24223600e-03, 1.24223600e-03, 1.65631471e-03, 1.24223600e-03,
       4.14078677e-04, 8.28157354e-04, 2.07039341e-03, 1.24223600e-03,
       0., 1.24223600e-03, 3.72670800e-03, 0., 4.14078677e-04, 0.,
       1.65631471e-03, 3.31262941e-03, 2.48447200e-03, 2.07039341e-03,
       2.07039341e-03, 8.28157354e-04, 0., 0., 4.14078677e-04,
       1.65631471e-03, 2.48447200e-03, 4.55486542e-03, 0.,
       8.28157354e-04, 2.07039341e-03, 4.14078677e-04, 0.,
       2.07039341e-03, 8.28157354e-04, 8.28157354e-04, 8.28157354e-04,
