%YAML:1.0
m50f: !!opencv-matrix
   rows: 1
   cols: 800
   dt: f
   data: [ 0., 1.32538110e-03, 3.31345276e-04, 9.94035858e-04,
       1.65672635e-03, 6.62690552e-04, 1.65672635e-03, 0.,
       1.32538110e-03, 3.31345276e-04, 9.94035858e-04, 3.31345276e-04,
       1.98807172e-03, 1.65672635e-03, 1.32538110e-03, 2.31941696e-03,
       6.62690552e-04, 3.31345276e-04, 3.31345276e-04, 6.62690552e-04,
       1.65672635e-03, 6.62690552e-04, 1.65672635e-03, 1.65672635e-03,
       2.98210746e-03, 9.94035858e-04, 6.62690552e-04, 1.65672635e-03,
       1.98807172e-03, 6.62690552e-04, 1.65672635e-03, 3.64479795e-03,
       9.94035858e-04, 0., 3.31345276e-04, 2.65076221e-03,
       6.62690552e-04, 1.98807172e-03, 6.62690552e-04, 0.,
       1.32538110e-03, 2.31941696e-03, 9.94035858e-04, 6.62690552e-04,
       1.98807172e-03, 2.31941696e-03, 1.32538110e-03, 3.64479795e-03,
       9.94035858e-04, 2.65076221e-03, 2.98210746e-03, 1.98807172e-03,
       6.62690552e-04, 9.94035858e-04, 9.94035858e-04, 3.31345276e-04,
       4.30748845e-03, 3.31345276e-04, 3.31345276e-04, 1.65672635e-03,
       6.62690552e-04, 6.62690552e-04, 1.65672635e-03, 1.98807172e-03,
       9.94035858e-04, 6.62690552e-04, 6.62690552e-04, 1.32538110e-03,
       3.31345276e-04, 1.98807172e-03, 6.62690552e-04, 9.94035858e-04,
       1.98807172e-03, 1.98807172e-03, 4.30748845e-03, 3.31345276e-04,
       2.31941696e-03, 6.62690552e-04, 6.62690552e-04, 6.62690552e-04,
       1.98807172e-03, 3.31345276e-04, 9.94035858e-04, 0.,
       3.31345276e-04, 6.62690552e-04, 3.31345276e-04, 1.98807172e-03,
       1.98807172e-03, 2.31941696e-03, 1.98807172e-03, 1.32538110e-03,
       3.31345276e-04, 9.94035858e-04, 3.31345276e-04, 3.31345276e-04,
       9.94035858e-04, 3.31345276e-04, 6.62690552e-04, 9.94035858e-04,
       9.94035858e-04, 1.98807172e-03, 1.98807172e-03, 9.94035858e-04,
       0., 1.32538110e-03, 6.62690552e-04, 9.94035858e-04,
       6.62690552e-04, 3.31345276e-04, 3.31345270e-03, 6.62690552e-04,
       3.31345276e-04, 9.94035858e-04, 0., 9.94035858e-04,
       9.94035858e-04, 1.32538110e-03, 2.98210746e-03, 2.31941696e-03,
       9.94035858e-04, 9.94035858e-04, 6.62690552e-04, 1.98807172e-03,
       1.32538110e-03, 3.31345270e-03, 9.94035858e-04, 1.65672635e-03,
       6.62690552e-04, 1.65672635e-03, 9.94035858e-04, 1.32538110e-03,
       0., 1.32538110e-03, 1.65672635e-03, 5.30152442e-03,
       6.62690552e-04, 9.94035858e-04, 3.31345276e-04, 3.31345276e-04,
       3.31345276e-04, 2.65076221e-03, 9.94035858e-04, 1.32538110e-03,
       6.62690552e-04, 0., 3.31345276e-04, 1.32538110e-03,
       1.98807172e-03, 9.94035858e-04, 6.62690552e-04, 2.65076221e-03,
       2.31941696e-03, 0., 3.31345276e-04, 3.31345276e-04,
       6.62690552e-04, 9.94035858e-04, 1.65672635e-03, 1.65672635e-03,
       0., 1.32538110e-03, 6.62690552e-04, 3.31345276e-04,
       6.62690552e-04, 3.31345276e-04, 6.62690552e-04, 2.65076221e-03,
       1.98807172e-03, 9.94035858e-04, 3.31345276e-04, 1.65672635e-03,
       1.32538110e-03, 3.31345276e-04, 9.94035858e-04, 6.62690552e-04,
       1.65672635e-03, 6.62690552e-04, 6.62690552e-04, 2.98210746e-03,
       0., 1.32538110e-03, 1.65672635e-03, 6.62690552e-04, 0.,
       6.62690552e-04, 2.65076221e-03, 3.31345276e-04, 9.94035858e-04,
       9.94035858e-04, 6.62690552e-04, 3.31345270e-03, 9.94035858e-04,
       1.32538110e-03, 3.31345276e-04, 2.31941696e-03, 6.62690552e-04,
       3.31345276e-04, 0., 1.32538110e-03, 3.31345276e-04, 0.,
       6.62690552e-04, 3.31345270e-03, 1.32538110e-03, 4.63883393e-03,
       1.98807172e-03, 3.31345276e-04, 1.65672635e-03, 6.62690552e-04,
       9.94035858e-04, 0., 1.98807172e-03, 2.31941696e-03,
       1.65672635e-03, 6.62690552e-04, 3.31345276e-04, 0.,
       6.62690552e-04, 1.98807172e-03, 2.31941696e-03, 1.32538110e-03,
       9.94035858e-04, 3.31345276e-04, 6.62690552e-04, 9.94035858e-04,
       6.62690552e-04, 6.62690552e-04, 9.94035858e-04, 2.31941696e-03,
       3.31345276e-04, 1.98807172e-03, 0., 1.65672635e-03,
       1.98807172e-03, 3.31345276e-04, 3.64479795e-03, 6.62690552e-04,
       6.62690552e-04, 6.62690552e-04, 0., 0., 1.65672635e-03,
       5.63286990e-03, 1.32538110e-03, 2.31941696e-03, 3.31345270e-03,
       1.65672635e-03, 1.65672635e-03, 9.94035858e-04, 1.65672635e-03,
       1.98807172e-03, 1.65672635e-03, 3.31345276e-04, 1.32538110e-03,
       2.31941696e-03, 2.65076221e-03, 9.94035858e-04, 6.62690552e-04,
       1.65672635e-03, 1.65672635e-03, 1.32538110e-03, 1.65672635e-03,
       1.65672635e-03, 9.94035858e-04, 3.31345276e-04, 9.94035858e-04,
       3.31345276e-04, 3.31345276e-04, 9.94035858e-04, 3.97614343e-03,
       2.98210746e-03, 9.94035858e-04, 3.31345276e-04, 0.,
       1.98807172e-03, 9.94035858e-04, 4.30748845e-03, 2.31941696e-03,
       9.94035858e-04, 2.98210746e-03, 3.31345276e-04, 1.98807172e-03,
       1.32538110e-03, 6.62690552e-04, 9.94035858e-04, 4.63883393e-03,
       0., 9.94035858e-04, 3.31345276e-04, 1.32538110e-03,
       9.94035858e-04, 1.32538110e-03, 9.94035858e-04, 1.32538110e-03,
       1.32538110e-03, 1.98807172e-03, 6.62690552e-04, 0.,
       6.62690552e-04, 9.94035858e-04, 6.62690552e-04, 2.31941696e-03,
       3.31345276e-04, 1.32538110e-03, 6.62690552e-04, 6.62690552e-04,
       1.65672635e-03, 9.94035858e-04, 9.94035858e-04, 6.62690552e-04,
       1.65672635e-03, 9.94035858e-04, 1.98807172e-03, 9.94035858e-04,
       1.32538110e-03, 1.65672635e-03, 1.65672635e-03, 6.62690552e-04,
       1.65672635e-03, 3.31345276e-04, 1.32538110e-03, 2.31941696e-03,
       1.32538110e-03, 6.62690552e-04, 2.31941696e-03, 1.32538110e-03,
       2.65076221e-03, 3.31345276e-04, 6.62690552e-04, 1.32538110e-03,
       3.31345276e-04, 3.64479795e-03, 6.62690552e-04, 9.94035858e-04,
       0., 1.65672635e-03, 1.32538110e-03, 3.31345276e-04,
       9.94035858e-04, 4.30748845e-03, 9.94035858e-04, 3.31345270e-03,
       2.31941696e-03, 3.97614343e-03, 9.94035858e-04, 3.31345276e-04,
       2.98210746e-03, 3.31345276e-04, 2.31941696e-03, 6.62690552e-04,
       1.65672635e-03, 3.31345276e-04, 6.62690552e-04, 2.65076221e-03,
       1.65672635e-03, 2.65076221e-03, 9.94035858e-04, 1.32538110e-03,
       5.30152442e-03, 9.94035858e-04, 1.65672635e-03, 1.98807172e-03,
       3.31345276e-04, 3.31345276e-04, 1.98807172e-03, 9.94035858e-04,
       3.31345276e-04, 5.63286990e-03, 3.31345276e-04, 2.65076221e-03,
       9.94035858e-04, 1.98807172e-03, 0., 6.62690552e-04,
       9.94035858e-04, 3.31345276e-04, 3.31345276e-04, 9.94035858e-04,
       6.62690552e-04, 2.98210746e-03, 2.31941696e-03, 1.32538110e-03,
       3.31345276e-04, 1.32538110e-03, 9.94035858e-04, 0.,
       6.62690552e-04, 4.30748845e-03, 3.31345276e-04, 1.98807172e-03,
       6.62690552e-04, 0., 3.64479795e-03, 1.98807172e-03,
       1.65672635e-03, 1.98807172e-03, 2.31941696e-03, 1.98807172e-03,
       1.32538110e-03, 0., 3.31345276e-04, 9.94035858e-04, 0.,
       1.32538110e-03, 9.94035858e-04, 0., 6.62690552e-04,
       3.97614343e-03, 1.65672635e-03, 1.65672635e-03, 2.31941696e-03,
       1.98807172e-03, 4.63883393e-03, 1.32538110e-03, 2.31941696e-03,
       1.32538110e-03, 3.31345276e-04, 9.94035858e-04, 2.98210746e-03,
       3.31345276e-04, 9.94035858e-04, 1.65672635e-03, 1.98807172e-03,
       1.32538110e-03, 6.62690552e-04, 3.31345276e-04, 1.32538110e-03,
       3.97614343e-03, 2.31941696e-03, 1.32538110e-03, 1.98807172e-03,
       6.62690552e-04, 9.94035858e-04, 3.31345276e-04, 9.94035858e-04,
       6.62690552e-04, 6.62690552e-04, 1.32538110e-03, 0.,
       9.94035858e-04, 6.62690552e-04, 1.98807172e-03, 9.94035858e-04,
       6.62690552e-04, 6.62690552e-04, 9.94035858e-04, 1.32538110e-03,
       3.31345276e-04, 1.32538110e-03, 3.31345276e-04, 1.32538110e-03,
       1.98807172e-03, 2.31941696e-03, 3.31345276e-04, 9.94035858e-04,
       3.31345276e-04, 3.31345276e-04, 6.62690552e-04, 1.32538110e-03,
       0., 6.62690552e-04, 9.94035858e-04, 1.98807172e-03,
       3.31345276e-04, 6.62690552e-04, 3.31345276e-04, 1.32538110e-03,
