%YAML:1.0
m50f: !!opencv-matrix
   rows: 1
   cols: 800
   dt: f
   data: [ 2.43161083e-03, 6.07902708e-04, 6.07902708e-04,
       1.82370818e-03, 6.07902708e-04, 5.47112431e-03, 6.07902708e-04,
       3.03951348e-03, 1.21580542e-03, 7.29483273e-03, 1.21580542e-03,
       0., 0., 6.07902708e-04, 0., 7.29483273e-03, 0., 0.,
       6.07902708e-04, 0., 0., 2.43161083e-03, 1.82370818e-03,
       2.43161083e-03, 0., 0., 6.07902708e-04, 1.21580542e-03,
       3.03951348e-03, 6.07902708e-04, 1.82370818e-03, 0.,
       3.64741636e-03, 0., 0., 2.43161083e-03, 7.29483273e-03, 0.,
       5.47112431e-03, 3.64741636e-03, 6.07902708e-04, 1.82370818e-03,
       0., 1.82370818e-03, 1.21580542e-03, 0., 6.07902708e-04,
       6.07902708e-04, 2.43161083e-03, 6.07902708e-04, 2.43161083e-03,
       1.82370818e-03, 4.86322166e-03, 6.07902708e-04, 0.,
       3.64741636e-03, 1.82370818e-03, 0., 6.07902708e-04, 0.,
       1.21580542e-03, 6.07902708e-04, 1.82370818e-03, 4.25531901e-03,
       0., 0., 3.03951348e-03, 1.21580542e-03, 6.07902708e-04, 0.,
       4.86322166e-03, 1.21580542e-03, 6.07902708e-04, 6.07902708e-04,
       6.07902708e-04, 2.43161083e-03, 2.43161083e-03, 2.43161083e-03,
       1.21580542e-03, 6.07902708e-04, 6.07902708e-04, 6.07902708e-04,
       1.21580542e-03, 1.21580542e-03, 6.07902708e-04, 3.03951348e-03,
       0., 1.21580542e-03, 1.21580542e-03, 6.07902708e-04,
       1.21580542e-03, 0., 6.07902708e-04, 6.07902708e-04, 0.,
       2.43161083e-03, 3.64741636e-03, 6.07902708e-04, 3.03951348e-03,
       1.21580542e-03, 0., 8.51063803e-03, 0., 0., 1.82370818e-03,
       6.07902708e-04, 1.21580542e-03, 1.21580542e-03, 0., 0.,
       2.43161083e-03, 3.64741636e-03, 1.21580542e-03, 2.43161083e-03,
       6.07902708e-04, 1.21580542e-03, 2.43161083e-03, 0., 0.,
       7.29483273e-03, 6.07902708e-04, 0., 1.21580542e-03,
       4.25531901e-03, 0., 1.21580542e-03, 6.07902708e-04,
       1.82370818e-03, 6.07902708e-04, 1.21580542e-03, 4.25531901e-03,
       1.82370818e-03, 0., 3.03951348e-03, 1.82370818e-03, 0., 0.,
       6.07902708e-04, 1.21580542e-03, 6.07902708e-04, 0.,
       1.21580542e-03, 2.43161083e-03, 1.82370818e-03, 6.07902708e-04,
       0., 1.21580542e-03, 0., 0., 6.07902708e-04, 1.21580542e-03,
       2.43161083e-03, 3.64741636e-03, 6.07902696e-03, 1.21580542e-03,
       6.07902708e-04, 8.51063803e-03, 1.82370818e-03, 6.07902708e-04,
       1.21580542e-03, 6.68692961e-03, 6.07902708e-04, 6.07902708e-04,
       0., 0., 0., 1.82370818e-03, 1.82370818e-03, 0., 0.,
       1.21580542e-03, 0., 0., 1.82370818e-03, 0., 1.82370818e-03,
       2.43161083e-03, 2.43161083e-03, 0., 6.07902708e-04, 0.,
       6.07902708e-04, 0., 6.07902708e-04, 1.21580542e-03,
       6.07902708e-04, 0., 2.43161083e-03, 0., 1.21580542e-03,
       6.07902708e-04, 1.82370818e-03, 0., 0., 0., 1.21580542e-03, 0.,
       6.07902696e-03, 0., 0., 0., 0., 0., 0., 6.07902708e-04,
       1.21580542e-03, 0., 6.07902696e-03, 0., 1.82370818e-03,
       1.82370818e-03, 2.43161083e-03, 1.82370818e-03, 6.07902708e-04,
       0., 0., 2.43161083e-03, 0., 2.43161083e-03, 0., 6.07902708e-04,
       2.43161083e-03, 4.86322166e-03, 3.03951348e-03, 0.,
       6.07902708e-04, 0., 0., 6.07902708e-04, 4.86322166e-03,
       6.07902708e-04, 6.07902708e-04, 6.07902708e-04, 0., 0., 0.,
       4.25531901e-03, 3.64741636e-03, 0., 1.21580542e-03, 0.,
       1.82370818e-03, 6.07902708e-04, 1.21580542e-03, 3.03951348e-03,
       0., 1.82370818e-03, 6.07902708e-04, 6.07902708e-04,
       6.07902708e-04, 2.43161083e-03, 6.07902708e-04, 0., 0., 0.,
       3.64741636e-03, 1.82370818e-03, 6.07902708e-04, 2.43161083e-03,
       1.21580542e-03, 0., 1.82370818e-03, 6.07902708e-04, 0., 0.,
       6.07902708e-04, 2.43161083e-03, 6.07902708e-04, 0., 0.,
       3.64741636e-03, 0., 6.07902708e-04, 0., 6.07902708e-04,
       1.82370818e-03, 0., 6.07902708e-04, 6.07902708e-04,
       1.21580542e-03, 3.03951348e-03, 6.07902708e-04, 1.21580542e-03,
       0., 1.21580542e-03, 2.43161083e-03, 4.86322166e-03,
       1.21580542e-03, 1.21580542e-03, 2.43161083e-03, 6.07902708e-04,
       6.07902708e-04, 0., 6.07902708e-04, 3.64741636e-03,
       1.82370818e-03, 6.07902708e-04, 6.07902708e-04, 5.47112431e-03,
       6.07902696e-03, 2.43161083e-03, 1.21580542e-03, 0., 0.,
       6.07902708e-04, 2.43161083e-03, 3.64741636e-03, 0., 0.,
       1.82370818e-03, 3.64741636e-03, 6.07902708e-04, 6.07902708e-04,
       2.43161083e-03, 0., 1.21580542e-03, 0., 0., 2.43161083e-03,
       1.82370818e-03, 0., 0., 0., 0., 1.27659570e-02, 0., 0., 0.,
       1.82370818e-03, 0., 0., 0., 2.43161083e-03, 0., 0.,
       6.07902708e-04, 3.03951348e-03, 3.03951348e-03, 6.07902708e-04,
       0., 0., 0., 1.21580542e-03, 1.82370818e-03, 0., 0.,
       1.21580542e-03, 1.82370818e-03, 1.21580542e-03, 0.,
       1.21580542e-03, 1.21580542e-03, 0., 0., 3.03951348e-03, 0.,
       2.43161083e-03, 6.07902708e-04, 1.21580542e-03, 0., 0., 0.,
       1.21580542e-03, 0., 0., 0., 2.43161083e-03, 0., 1.82370818e-03,
       6.07902708e-04, 0., 0., 1.21580542e-03, 0., 1.82370818e-03, 0.,
       0., 6.07902708e-04, 0., 3.03951348e-03, 6.07902708e-04,
       6.07902708e-04, 2.43161083e-03, 0., 3.03951348e-03, 0., 0.,
       1.21580542e-03, 1.82370818e-03, 0., 0., 6.07902708e-04,
       3.03951348e-03, 3.03951348e-03, 6.07902708e-04, 2.43161083e-03,
       6.07902708e-04, 0., 0., 0., 6.07902708e-04, 6.07902708e-04,
       6.07902708e-04, 1.82370818e-03, 1.21580542e-03, 6.07902708e-04,
       6.07902708e-04, 0., 1.82370818e-03, 1.21580542e-03,
       3.64741636e-03, 6.07902708e-04, 1.82370818e-03, 0., 0.,
       6.07902708e-04, 1.21580542e-03, 1.21580542e-03, 1.82370818e-03,
       1.21580542e-03, 3.03951348e-03, 6.07902708e-04, 6.07902708e-04,
       1.21580542e-03, 0., 2.43161083e-03, 0., 0., 1.82370818e-03,
       3.03951348e-03, 0., 6.07902708e-04, 3.03951348e-03,
       1.21580542e-03, 0., 3.64741636e-03, 6.07902708e-04, 0., 0.,
       1.82370818e-03, 0., 1.82370818e-03, 3.03951348e-03, 0.,
       6.07902708e-04, 4.25531901e-03, 1.21580542e-03, 6.07902696e-03,
       1.82370818e-03, 6.07902708e-04, 6.07902708e-04, 0.,
       1.82370818e-03, 0., 1.21580542e-03, 1.21580542e-03,
       6.07902708e-04, 0., 0., 4.86322166e-03, 6.07902708e-04,
       2.43161083e-03, 6.07902708e-04, 2.43161083e-03, 0.,
       6.07902696e-03, 6.07902708e-04, 6.07902696e-03, 1.21580542e-03,
       0., 2.43161083e-03, 0., 0., 0., 0., 6.07902708e-04,
       1.21580542e-03, 0., 6.07902708e-04, 1.82370818e-03,
       1.21580542e-03, 6.07902708e-04, 1.21580542e-03, 0.,
       3.03951348e-03, 3.03951348e-03, 3.03951348e-03, 0., 0., 0., 0.,
       6.07902708e-04, 3.64741636e-03, 6.07902708e-04, 6.07902708e-04,
       0., 0., 2.43161083e-03, 6.07902708e-04, 1.21580542e-03, 0.,
       6.07902708e-04, 0., 0., 6.07902708e-04, 7.90273491e-03, 0.,
       6.07902708e-04, 6.07902708e-04, 1.21580542e-03, 6.07902708e-04,
       1.82370818e-03, 0., 0., 3.64741636e-03, 6.07902708e-04, 0.,
       6.07902708e-04, 2.43161083e-03, 2.43161083e-03, 1.21580542e-03,
       6.07902708e-04, 0., 1.21580542e-03, 6.07902708e-04,
       1.21580542e-03, 0., 6.07902708e-04, 3.03951348e-03,
       6.07902708e-04, 6.07902708e-04, 0., 6.07902708e-04, 0.,
       6.07902708e-04, 1.21580542e-03, 6.07902708e-04, 3.03951348e-03,
       6.07902708e-04, 1.21580542e-03, 0., 0., 2.43161083e-03,
       2.43161083e-03, 0., 0., 0., 2.43161083e-03, 0., 1.21580542e-03,
       6.07902708e-04, 2.43161083e-03, 3.64741636e-03, 6.07902708e-04,
       0., 2.43161083e-03, 1.21580542e-03, 0., 0., 6.07902708e-04,
       3.03951348e-03, 0., 1.21580542e-03, 1.82370818e-03,
       4.25531901e-03, 0., 2.43161083e-03, 4.86322166e-03,
       1.82370818e-03, 0., 0., 6.07902708e-04, 0., 6.07902708e-04, 0.,
       3.64741636e-03, 7.29483273e-03, 6.07902708e-04, 1.21580542e-03,
       0., 0., 0., 6.07902708e-04, 0., 4.86322166e-03, 0.,
       6.07902708e-04, 0., 0., 6.07902708e-04, 6.07902708e-04, 0.,
       3.03951348e-03, 4.25531901e-03, 6.07902708e-04, 0.,
