%YAML:1.0
m50f: !!opencv-matrix
   rows: 1
   cols: 800
   dt: f
   data: [ 9.65250947e-04, 1.93050189e-03, 4.82625474e-04,
       3.86100379e-03, 3.37837823e-03, 1.44787645e-03, 0.,
       9.65250947e-04, 3.37837823e-03, 1.44787645e-03, 0.,
       9.65250947e-04, 4.82625474e-04, 4.82625474e-04, 9.65250947e-04,
       4.82625474e-04, 2.41312734e-03, 4.82625474e-04, 1.44787645e-03,
       4.82625474e-04, 0., 0., 3.37837823e-03, 0., 0., 9.65250947e-04,
       9.65250947e-04, 2.41312734e-03, 9.65250947e-04, 1.44787645e-03,
       4.82625474e-04, 9.65250947e-04, 9.65250947e-04, 2.41312734e-03,
       0., 3.37837823e-03, 9.65250947e-04, 4.82625474e-04,
       4.82625474e-04, 4.82625474e-04, 1.44787645e-03, 0.,
       3.37837823e-03, 1.44787645e-03, 9.65250947e-04, 1.93050189e-03,
       0., 1.44787645e-03, 0., 0., 4.82625474e-04, 4.82625474e-04,
       9.65250947e-04, 4.82625474e-04, 4.82625474e-04, 4.82625474e-04,
       1.44787645e-03, 0., 1.44787645e-03, 1.93050189e-03, 0., 0.,
       2.41312734e-03, 1.44787645e-03, 9.65250947e-04, 4.82625474e-04,
       4.82625474e-04, 9.65250947e-04, 1.44787645e-03, 9.65250947e-04,
       1.93050189e-03, 0., 0., 0., 1.93050189e-03, 2.41312734e-03, 0.,
       4.82625474e-04, 9.65250947e-04, 4.82625474e-04, 1.44787645e-03,
       0., 1.44787645e-03, 2.89575290e-03, 1.44787645e-03,
       3.37837823e-03, 0., 1.44787645e-03, 1.44787645e-03,
       9.65250947e-04, 1.44787645e-03, 4.82625474e-04, 3.86100379e-03,
       9.65250947e-04, 9.65250947e-04, 4.82625474e-04, 2.89575290e-03,
       2.89575290e-03, 1.44787645e-03, 1.44787645e-03, 2.41312734e-03,
       2.89575290e-03, 4.82625474e-04, 1.44787645e-03, 0.,
       9.65250947e-04, 1.93050189e-03, 4.82625474e-04, 0.,
       1.44787645e-03, 4.82625474e-04, 9.65250947e-04, 1.44787645e-03,
       2.89575290e-03, 9.65250947e-04, 2.89575290e-03, 4.34362935e-03,
       1.44787645e-03, 4.34362935e-03, 9.65250947e-04, 0.,
       2.89575290e-03, 0., 1.44787645e-03, 0., 4.82625474e-04,
       1.44787645e-03, 4.82625474e-04, 2.41312734e-03, 2.41312734e-03,
       0., 9.65250947e-04, 9.65250947e-04, 1.44787645e-03, 0., 0.,
       1.93050189e-03, 4.82625474e-04, 1.93050189e-03, 1.44787645e-03,
       2.89575290e-03, 4.82625474e-04, 4.82625474e-04, 1.44787645e-03,
       9.65250947e-04, 4.82625474e-04, 1.93050189e-03, 0., 0.,
       2.41312734e-03, 9.65250947e-04, 9.65250947e-04, 0.,
       2.89575290e-03, 2.41312734e-03, 0., 0., 2.41312734e-03, 0.,
       2.89575290e-03, 1.93050189e-03, 9.65250947e-04, 4.82625474e-04,
       4.82625474e-04, 4.82625474e-04, 1.93050189e-03, 9.65250947e-04,
       4.82625474e-04, 1.93050189e-03, 0., 1.93050189e-03,
       1.93050189e-03, 4.82625474e-04, 1.93050189e-03, 0.,
       4.82625474e-04, 9.65250947e-04, 9.65250947e-04, 1.44787645e-03,
       4.82625474e-04, 4.82625474e-04, 9.65250947e-04, 0.,
       3.86100379e-03, 3.37837823e-03, 4.82625474e-04, 4.34362935e-03,
       9.65250947e-04, 0., 9.65250947e-04, 1.44787645e-03,
       4.82625474e-04, 9.65250947e-04, 1.44787645e-03, 2.41312734e-03,
       9.65250947e-04, 1.44787645e-03, 1.44787645e-03, 1.44787645e-03,
       0., 1.44787645e-03, 4.82625474e-04, 4.82625474e-04,
       1.44787645e-03, 0., 4.82625474e-04, 4.82625474e-04,
       1.93050189e-03, 9.65250947e-04, 4.82625474e-04, 9.65250947e-04,
       1.93050189e-03, 0., 9.65250947e-04, 2.89575290e-03,
       1.44787645e-03, 1.44787645e-03, 1.44787645e-03, 9.65250947e-04,
       1.44787645e-03, 1.44787645e-03, 0., 3.86100379e-03,
       3.86100379e-03, 9.65250947e-04, 4.82625474e-04, 1.44787645e-03,
       4.82625474e-04, 1.93050189e-03, 9.65250947e-04, 2.41312734e-03,
       1.93050189e-03, 4.82625474e-04, 1.44787645e-03, 1.44787645e-03,
       9.65250947e-04, 4.82625474e-04, 1.93050189e-03, 1.93050189e-03,
       4.82625468e-03, 1.44787645e-03, 0., 1.44787645e-03, 0.,
       1.93050189e-03, 3.37837823e-03, 2.89575290e-03, 4.82625474e-04,
       4.82625474e-04, 1.93050189e-03, 4.82625474e-04, 0.,
       9.65250947e-04, 3.37837823e-03, 1.44787645e-03, 1.93050189e-03,
       1.44787645e-03, 6.75675645e-03, 9.65250947e-04, 2.41312734e-03,
       1.93050189e-03, 2.89575290e-03, 4.82625474e-04, 1.44787645e-03,
       0., 4.82625474e-04, 4.82625474e-04, 0., 4.82625474e-04,
       4.82625474e-04, 3.37837823e-03, 4.82625474e-04, 1.93050189e-03,
       1.44787645e-03, 9.65250947e-04, 4.82625474e-04, 9.65250947e-04,
       4.82625474e-04, 9.65250947e-04, 4.82625474e-04, 0.,
       3.86100379e-03, 1.93050189e-03, 9.65250947e-04, 1.93050189e-03,
       2.89575290e-03, 0., 2.89575290e-03, 0., 4.82625474e-04,
       4.82625474e-04, 2.41312734e-03, 0., 2.89575290e-03,
       4.82625474e-04, 9.65250947e-04, 1.44787645e-03, 9.65250947e-04,
       3.37837823e-03, 4.82625474e-04, 2.41312734e-03, 1.44787645e-03,
       1.93050189e-03, 9.65250947e-04, 4.82625468e-03, 0.,
       4.82625474e-04, 9.65250947e-04, 9.65250947e-04, 4.82625474e-04,
       4.82625474e-04, 4.82625474e-04, 4.82625474e-04, 9.65250947e-04,
       9.65250947e-04, 0., 3.86100379e-03, 1.93050189e-03,
       3.37837823e-03, 3.37837823e-03, 3.37837823e-03, 1.44787645e-03,
       1.44787645e-03, 9.65250947e-04, 0., 4.82625474e-04,
       1.44787645e-03, 4.82625474e-04, 1.44787645e-03, 0.,
       3.37837823e-03, 0., 1.93050189e-03, 4.82625474e-04,
       9.65250947e-04, 4.82625474e-04, 2.89575290e-03, 1.93050189e-03,
       1.93050189e-03, 9.65250947e-04, 1.93050189e-03, 0.,
       4.82625474e-04, 1.44787645e-03, 9.65250947e-04, 2.41312734e-03,
       0., 9.65250947e-04, 9.65250947e-04, 2.41312734e-03,
       9.65250947e-04, 9.65250947e-04, 0., 4.82625474e-04,
       3.37837823e-03, 0., 1.44787645e-03, 4.82625474e-04,
       4.82625474e-04, 4.82625474e-04, 9.65250947e-04, 9.65250947e-04,
       1.93050189e-03, 2.89575290e-03, 2.41312734e-03, 2.41312734e-03,
       2.41312734e-03, 9.65250947e-04, 9.65250947e-04, 3.86100379e-03,
       2.41312734e-03, 4.82625474e-04, 4.82625474e-04, 0.,
       3.86100379e-03, 4.82625474e-04, 9.65250947e-04, 2.41312734e-03,
       9.65250947e-04, 1.93050189e-03, 1.93050189e-03, 0.,
       4.82625474e-04, 4.82625474e-04, 4.82625474e-04, 1.44787645e-03,
       9.65250947e-04, 9.65250947e-04, 0., 4.82625474e-04,
       9.65250947e-04, 4.82625474e-04, 4.82625474e-04, 4.82625474e-04,
       3.86100379e-03, 2.41312734e-03, 4.82625474e-04, 4.82625474e-04,
       4.82625474e-04, 4.82625474e-04, 0., 2.41312734e-03,
       1.44787645e-03, 2.41312734e-03, 9.65250947e-04, 1.93050189e-03,
       4.82625474e-04, 0., 0., 2.89575290e-03, 9.65250947e-04,
       1.44787645e-03, 1.44787645e-03, 0., 1.44787645e-03,
       9.65250947e-04, 4.82625474e-04, 7.23938225e-03, 3.37837823e-03,
       9.65250947e-04, 1.44787645e-03, 1.44787645e-03, 3.86100379e-03,
       3.37837823e-03, 4.82625474e-04, 4.82625474e-04, 0.,
       9.65250947e-04, 0., 4.82625474e-04, 0., 4.82625474e-04,
       4.82625474e-04, 0., 1.93050189e-03, 4.82625474e-04, 0.,
       2.41312734e-03, 3.37837823e-03, 4.82625474e-04, 9.65250947e-04,
       1.44787645e-03, 9.65250947e-04, 9.65250947e-04, 0.,
       3.37837823e-03, 0., 4.82625474e-04, 9.65250947e-04,
       1.44787645e-03, 1.93050189e-03, 0., 1.44787645e-03,
       4.82625474e-04, 1.93050189e-03, 9.65250947e-04, 0.,
       4.82625474e-04, 1.93050189e-03, 3.37837823e-03, 2.41312734e-03,
       1.93050189e-03, 0., 2.41312734e-03, 1.44787645e-03,
       1.93050189e-03, 0., 9.65250947e-04, 1.44787645e-03,
       2.41312734e-03, 9.65250947e-04, 4.82625474e-04, 1.44787645e-03,
       9.65250947e-04, 9.65250947e-04, 0., 2.41312734e-03,
       4.82625474e-04, 1.44787645e-03, 1.44787645e-03, 9.65250947e-04,
       4.82625474e-04, 4.82625474e-04, 9.65250947e-04, 2.41312734e-03,
       4.82625474e-04, 1.93050189e-03, 9.65250947e-04, 0.,
       1.44787645e-03, 2.89575290e-03, 2.89575290e-03, 4.82625474e-04,
       3.37837823e-03, 9.65250947e-04, 2.89575290e-03, 4.82625474e-04,
       0., 4.82625474e-04, 4.82625474e-04, 1.44787645e-03,
