%YAML:1.0
m50f: !!opencv-matrix
   rows: 1
   cols: 800
   dt: f
   data: [ 0., 1.26262626e-03, 3.36700329e-03, 0., 2.52525252e-03, 0.,
       2.52525252e-03, 4.20875411e-04, 0., 1.68350164e-03,
       1.68350164e-03, 1.26262626e-03, 4.20875411e-04, 1.26262626e-03,
       2.94612790e-03, 2.10437714e-03, 8.41750822e-04, 1.26262626e-03,
       4.20875411e-04, 8.41750822e-04, 0., 1.68350164e-03,
       4.20875411e-04, 0., 2.94612790e-03, 4.20875411e-04,
       1.68350164e-03, 1.68350164e-03, 0., 0., 1.26262626e-03,
       2.10437714e-03, 1.68350164e-03, 8.41750822e-04, 0.,
       5.05050505e-03, 4.20875411e-04, 4.20875411e-04, 1.26262626e-03,
       4.20875411e-04, 1.68350164e-03, 1.26262626e-03, 2.10437714e-03,
       2.10437714e-03, 1.26262626e-03, 8.41750822e-04, 0.,
       1.26262626e-03, 1.26262626e-03, 2.10437714e-03, 1.68350164e-03,
       0., 4.20875411e-04, 1.68350164e-03, 4.20875411e-04,
       8.41750822e-04, 4.20875411e-04, 4.20875411e-04, 1.26262626e-03,
       2.10437714e-03, 4.20875411e-04, 0., 2.94612790e-03,
       1.26262626e-03, 4.20875411e-04, 0., 1.68350164e-03,
       1.26262626e-03, 8.41750822e-04, 8.41750822e-04, 1.26262626e-03,
       4.20875411e-04, 4.20875411e-04, 2.94612790e-03, 8.41750822e-04,
       1.26262626e-03, 1.26262626e-03, 0., 1.26262626e-03,
       2.94612790e-03, 4.20875411e-04, 4.20875411e-04, 2.10437714e-03,
       4.20875411e-04, 1.68350164e-03, 2.10437714e-03, 4.20875411e-04,
       1.26262626e-03, 3.36700329e-03, 4.20875411e-04, 4.20875411e-04,
       8.41750822e-04, 1.68350164e-03, 4.20875411e-04, 0.,
       1.68350164e-03, 1.26262626e-03, 1.26262626e-03, 1.68350164e-03,
       4.20875411e-04, 8.41750822e-04, 1.68350164e-03, 3.78787867e-03,
       2.52525252e-03, 4.20875411e-04, 4.20875411e-04, 8.41750822e-04,
       2.94612790e-03, 4.20875411e-04, 1.68350164e-03, 2.10437714e-03,
       3.36700329e-03, 4.20875411e-04, 4.20875411e-04, 4.20875428e-03,
       0., 2.94612790e-03, 1.26262626e-03, 1.68350164e-03,
       8.41750822e-04, 8.41750822e-04, 2.10437714e-03, 3.36700329e-03,
       1.68350164e-03, 0., 3.78787867e-03, 1.68350164e-03, 0.,
       4.20875428e-03, 3.36700329e-03, 0., 4.20875411e-04,
       4.20875411e-04, 4.20875411e-04, 0., 0., 2.94612790e-03,
       4.20875411e-04, 2.10437714e-03, 2.10437714e-03, 3.36700329e-03,
       8.41750822e-04, 4.20875428e-03, 8.41750822e-04, 8.41750822e-04,
       8.41750822e-04, 8.41750822e-04, 8.41750822e-04, 0.,
       8.41750822e-04, 1.68350164e-03, 0., 4.20875411e-04,
       1.68350164e-03, 4.20875411e-04, 4.20875411e-04, 8.41750822e-04,
       2.10437714e-03, 8.41750822e-04, 8.41750822e-04, 4.20875411e-04,
       8.41750822e-04, 2.10437714e-03, 4.20875411e-04, 0.,
       1.26262626e-03, 0., 2.10437714e-03, 1.68350164e-03,
       2.10437714e-03, 2.10437714e-03, 8.41750822e-04, 4.20875428e-03,
       0., 4.20875411e-04, 4.20875411e-04, 1.26262626e-03,
       1.68350164e-03, 2.10437714e-03, 0., 4.20875428e-03,
       2.10437714e-03, 4.20875411e-04, 8.41750822e-04, 2.52525252e-03,
       1.26262626e-03, 2.10437714e-03, 8.41750822e-04, 0.,
       8.41750822e-04, 8.41750822e-04, 4.20875411e-04, 8.41750822e-04,
       1.26262626e-03, 1.26262626e-03, 4.20875411e-04, 8.41750822e-04,
       4.20875411e-04, 2.10437714e-03, 8.41750822e-04, 8.41750822e-04,
       8.41750822e-04, 8.41750822e-04, 1.68350164e-03, 0.,
       1.26262626e-03, 1.68350164e-03, 2.52525252e-03, 2.94612790e-03,
       0., 4.20875428e-03, 1.68350164e-03, 4.20875411e-04,
       1.26262626e-03, 4.20875411e-04, 0., 1.68350164e-03,
       2.52525252e-03, 8.41750822e-04, 1.26262626e-03, 8.41750822e-04,
       2.10437714e-03, 2.10437714e-03, 1.68350164e-03, 8.41750822e-04,
       2.52525252e-03, 8.41750822e-04, 3.78787867e-03, 4.20875411e-04,
       2.94612790e-03, 4.20875411e-04, 1.26262626e-03, 1.68350164e-03,
       4.20875411e-04, 1.26262626e-03, 1.68350164e-03, 1.68350164e-03,
       4.20875411e-04, 1.26262626e-03, 0., 2.94612790e-03, 0.,
       3.78787867e-03, 8.41750822e-04, 8.41750822e-04, 8.41750822e-04,
       6.73400657e-03, 2.10437714e-03, 1.68350164e-03, 1.68350164e-03,
       0., 8.41750822e-04, 0., 4.20875411e-04, 1.26262626e-03,
       4.20875411e-04, 2.52525252e-03, 2.10437714e-03, 8.41750822e-04,
       2.94612790e-03, 1.68350164e-03, 8.41750822e-04, 1.26262626e-03,
       4.20875411e-04, 1.68350164e-03, 1.26262626e-03, 3.36700329e-03,
       1.68350164e-03, 0., 8.41750822e-04, 2.10437714e-03, 0.,
       8.41750822e-04, 1.26262626e-03, 2.10437714e-03, 8.41750822e-04,
       2.10437714e-03, 1.26262626e-03, 1.26262626e-03, 8.41750822e-04,
       1.68350164e-03, 2.10437714e-03, 8.41750822e-04, 4.20875411e-04,
       4.20875411e-04, 4.20875428e-03, 2.94612790e-03, 1.26262626e-03,
       4.20875411e-04, 4.62962966e-03, 1.68350164e-03, 5.47138043e-03,
       8.41750822e-04, 4.20875411e-04, 8.41750822e-04, 4.20875411e-04,
       1.68350164e-03, 4.20875411e-04, 4.20875411e-04, 1.68350164e-03,
       1.68350164e-03, 8.41750822e-04, 0., 1.26262626e-03,
       4.20875411e-04, 1.68350164e-03, 4.20875411e-04, 4.20875411e-04,
       2.10437714e-03, 8.41750822e-04, 1.68350164e-03, 0.,
       2.52525252e-03, 8.41750822e-04, 0., 8.41750822e-04,
       1.26262626e-03, 8.41750822e-04, 0., 2.10437714e-03,
       2.10437714e-03, 2.10437714e-03, 8.41750822e-04, 4.20875411e-04,
       0., 4.20875428e-03, 1.68350164e-03, 1.26262626e-03,
       8.41750822e-04, 4.20875411e-04, 3.36700329e-03, 0.,
       4.20875411e-04, 2.10437714e-03, 8.41750822e-04, 3.36700329e-03,
       1.26262626e-03, 8.41750822e-04, 1.26262626e-03, 4.20875411e-04,
       8.41750822e-04, 0., 8.41750822e-04, 3.36700329e-03, 0.,
       2.10437714e-03, 4.20875411e-04, 1.26262626e-03, 0.,
       1.68350164e-03, 2.10437714e-03, 8.41750822e-04, 4.20875411e-04,
       3.78787867e-03, 0., 0., 1.26262626e-03, 8.41750822e-04,
       2.94612790e-03, 1.68350164e-03, 1.68350164e-03, 8.41750822e-04,
       4.20875428e-03, 0., 1.26262626e-03, 4.20875411e-04,
       8.41750822e-04, 4.20875411e-04, 8.41750822e-04, 2.10437714e-03,
       1.26262626e-03, 2.94612790e-03, 0., 2.52525252e-03,
       4.20875411e-04, 0., 1.26262626e-03, 2.10437714e-03,
       8.41750822e-04, 1.68350164e-03, 2.10437714e-03, 8.41750822e-04,
       8.41750822e-04, 2.52525252e-03, 4.20875411e-04, 8.41750822e-04,
       4.20875411e-04, 8.41750822e-04, 1.26262626e-03, 1.26262626e-03,
       1.26262626e-03, 1.26262626e-03, 0., 1.26262626e-03,
       8.41750822e-04, 4.20875411e-04, 1.26262626e-03, 4.20875411e-04,
       1.68350164e-03, 2.52525252e-03, 4.20875411e-04, 8.41750822e-04,
       6.31313119e-03, 1.26262626e-03, 1.26262626e-03, 1.26262626e-03,
       1.26262626e-03, 1.26262626e-03, 1.26262626e-03, 8.41750822e-04,
       0., 2.10437714e-03, 4.20875411e-04, 2.10437714e-03,
       8.41750822e-04, 4.20875411e-04, 4.20875411e-04, 4.20875411e-04,
       8.41750822e-04, 0., 0., 4.20875411e-04, 3.78787867e-03,
       8.41750822e-04, 2.52525252e-03, 4.20875411e-04, 1.68350164e-03,
       8.41750822e-04, 1.26262626e-03, 8.41750822e-04, 8.41750822e-04,
       2.94612790e-03, 0., 0., 1.68350164e-03, 2.10437714e-03, 0.,
       8.41750822e-04, 8.41750822e-04, 0., 1.26262626e-03,
       1.26262626e-03, 4.20875411e-04, 0., 8.41750822e-04, 0., 0.,
       2.10437714e-03, 3.36700329e-03, 1.26262626e-03, 8.41750822e-04,
       1.68350164e-03, 1.26262626e-03, 2.10437714e-03, 8.41750822e-04,
       1.26262626e-03, 2.10437714e-03, 0., 3.78787867e-03,
       1.68350164e-03, 8.41750822e-04, 8.41750822e-04, 1.26262626e-03,
       1.26262626e-03, 1.68350164e-03, 1.26262626e-03, 1.26262626e-03,
       4.20875411e-04, 4.20875411e-04, 1.68350164e-03, 8.41750822e-04,
       8.41750822e-04, 2.52525252e-03, 2.94612790e-03, 8.41750822e-04,
       8.41750822e-04, 8.41750822e-04, 8.41750822e-04, 2.10437714e-03,
       2.94612790e-03, 4.20875411e-04, 4.20875411e-04, 2.52525252e-03,
       2.52525252e-03, 8.41750822e-04, 0., 2.10437714e-03, 0., 0.,
       8.41750822e-04, 3.36700329e-03, 1.26262626e-03, 1.26262626e-03,
