%YAML:1.0
m50f: !!opencv-matrix
   rows: 1
   cols: 800
   dt: f
   data: [ 3.40947823e-04, 2.72758259e-03, 1.70473917e-03,
       3.40947823e-04, 1.36379129e-03, 2.72758259e-03, 2.38663470e-03,
       3.40947823e-04, 3.40947823e-04, 6.81895646e-04, 1.70473917e-03,
       1.02284341e-03, 1.70473917e-03, 6.81895646e-04, 1.36379129e-03,
       1.70473917e-03, 1.36379129e-03, 1.36379129e-03, 1.02284341e-03,
       1.36379129e-03, 3.40947823e-04, 6.81895646e-04, 2.04568682e-03,
       1.70473917e-03, 1.70473917e-03, 1.02284341e-03, 1.70473917e-03,
       1.02284341e-03, 3.40947823e-04, 2.04568682e-03, 2.04568682e-03,
       3.40947835e-03, 1.02284341e-03, 1.02284341e-03, 1.02284341e-03,
       1.36379129e-03, 1.36379129e-03, 1.70473917e-03, 3.40947823e-04,
       3.40947823e-04, 3.40947823e-04, 3.06853047e-03, 1.70473917e-03,
       1.02284341e-03, 3.40947835e-03, 1.36379129e-03, 1.36379129e-03,
       1.02284341e-03, 1.36379129e-03, 4.43232153e-03, 6.81895646e-04,
       1.36379129e-03, 3.40947823e-04, 1.36379129e-03, 6.81895646e-04,
       2.38663470e-03, 3.75042600e-03, 1.02284341e-03, 6.81895646e-04,
       6.81895646e-04, 6.81895646e-04, 2.38663470e-03, 2.72758259e-03,
       2.04568682e-03, 6.81895646e-04, 1.02284341e-03, 6.81895646e-04,
       1.02284341e-03, 1.36379129e-03, 1.02284341e-03, 3.40947823e-04,
       2.04568682e-03, 1.36379129e-03, 1.36379129e-03, 2.72758259e-03,
       3.40947823e-04, 1.70473917e-03, 1.36379129e-03, 1.36379129e-03,
       2.38663470e-03, 1.36379129e-03, 3.40947823e-04, 1.36379129e-03,
       3.40947823e-04, 1.02284341e-03, 1.70473917e-03, 1.36379129e-03,
       1.02284341e-03, 2.72758259e-03, 6.81895646e-04, 3.40947823e-04,
       3.40947823e-04, 6.81895646e-04, 3.40947823e-04, 6.81895646e-04,
       2.04568682e-03, 1.70473917e-03, 1.36379129e-03, 1.02284341e-03,
       0., 6.81895646e-04, 6.81895646e-04, 1.70473917e-03,
       1.70473917e-03, 1.36379129e-03, 3.40947823e-04, 6.81895646e-04,
       2.38663470e-03, 1.36379129e-03, 6.81895646e-04, 2.72758259e-03,
       0., 0., 3.40947823e-04, 3.40947823e-04, 6.81895646e-04,
       1.02284341e-03, 1.36379129e-03, 1.70473917e-03, 6.81895646e-04,
       1.36379129e-03, 3.40947823e-04, 6.81895646e-04, 6.81895646e-04,
       1.70473917e-03, 1.36379129e-03, 1.36379129e-03, 1.02284341e-03,
       1.02284341e-03, 1.70473917e-03, 2.04568682e-03, 2.38663470e-03,
       1.02284341e-03, 1.02284341e-03, 3.40947823e-04, 3.40947823e-04,
       1.70473917e-03, 1.36379129e-03, 3.40947823e-04, 3.40947823e-04,
       0., 3.40947835e-03, 1.36379129e-03, 2.04568682e-03,
       1.36379129e-03, 0., 3.40947823e-04, 1.02284341e-03,
       1.02284341e-03, 2.38663470e-03, 0., 2.72758259e-03,
       1.70473917e-03, 1.70473917e-03, 1.70473917e-03, 0.,
       3.40947823e-04, 3.40947823e-04, 1.70473917e-03, 0.,
       6.81895646e-04, 1.70473917e-03, 1.02284341e-03, 2.72758259e-03,
       3.40947823e-04, 1.70473917e-03, 0., 3.40947835e-03,
       1.36379129e-03, 0., 2.04568682e-03, 2.04568682e-03, 0.,
       6.81895646e-04, 6.81895646e-04, 0., 6.81895646e-04,
       1.70473917e-03, 1.36379129e-03, 1.70473917e-03, 1.70473917e-03,
       3.75042600e-03, 1.02284341e-03, 6.81895646e-04, 0.,
       1.02284341e-03, 2.72758259e-03, 6.81895646e-04, 2.38663470e-03,
       3.40947823e-04, 2.38663470e-03, 1.02284341e-03, 1.02284341e-03,
       1.36379129e-03, 0., 0., 6.81895646e-04, 6.81895646e-04,
       2.38663470e-03, 3.40947823e-04, 1.36379129e-03, 6.81895646e-04,
       2.38663470e-03, 2.72758259e-03, 6.81895646e-04, 2.72758259e-03,
       1.02284341e-03, 3.40947823e-04, 1.70473917e-03, 1.70473917e-03,
       1.70473917e-03, 1.02284341e-03, 1.36379129e-03, 1.02284341e-03,
       3.40947823e-04, 1.36379129e-03, 2.04568682e-03, 1.70473917e-03,
       1.70473917e-03, 1.70473917e-03, 0., 2.38663470e-03,
       1.02284341e-03, 1.02284341e-03, 2.04568682e-03, 6.81895646e-04,
       1.70473917e-03, 1.36379129e-03, 1.02284341e-03, 3.06853047e-03,
       4.09137364e-03, 1.02284341e-03, 3.40947823e-04, 2.04568682e-03,
       1.02284341e-03, 0., 3.06853047e-03, 3.40947823e-04,
       2.38663470e-03, 1.02284341e-03, 1.70473917e-03, 3.40947823e-04,
       6.81895646e-04, 1.70473917e-03, 1.36379129e-03, 1.02284341e-03,
       2.72758259e-03, 1.02284341e-03, 3.40947823e-04, 6.81895646e-04,
       3.40947835e-03, 3.40947823e-04, 6.81895646e-04, 3.75042600e-03,
       6.81895646e-04, 6.81895646e-04, 1.70473917e-03, 3.40947823e-04,
       3.40947823e-04, 1.70473917e-03, 1.02284341e-03, 1.70473917e-03,
       1.36379129e-03, 2.04568682e-03, 1.36379129e-03, 3.40947823e-04,
       3.40947823e-04, 3.40947823e-04, 1.36379129e-03, 1.70473917e-03,
       2.38663470e-03, 1.36379129e-03, 3.40947823e-04, 0.,
       1.36379129e-03, 1.70473917e-03, 1.70473917e-03, 7.15990411e-03,
       2.72758259e-03, 2.38663470e-03, 4.43232153e-03, 2.04568682e-03,
       2.04568682e-03, 6.81895646e-04, 1.36379129e-03, 3.40947823e-04,
       1.02284341e-03, 3.40947823e-04, 3.40947823e-04, 1.36379129e-03,
       2.04568682e-03, 0., 6.81895646e-04, 0., 1.70473917e-03,
       1.02284341e-03, 3.40947823e-04, 6.81895646e-04, 1.36379129e-03,
       2.38663470e-03, 1.36379129e-03, 1.02284341e-03, 1.36379129e-03,
       2.04568682e-03, 2.04568682e-03, 1.02284341e-03, 6.81895646e-04,
       1.70473917e-03, 1.36379129e-03, 1.70473917e-03, 6.81895646e-04,
       0., 0., 1.36379129e-03, 6.81895646e-04, 1.70473917e-03,
       1.36379129e-03, 1.36379129e-03, 1.70473917e-03, 1.02284341e-03,
       0., 1.02284341e-03, 2.04568682e-03, 1.70473917e-03, 0.,
       1.02284341e-03, 0., 1.02284341e-03, 6.81895646e-04, 0.,
       1.36379129e-03, 2.38663470e-03, 3.40947835e-03, 2.04568682e-03,
       1.02284341e-03, 6.81895646e-04, 1.70473917e-03, 0.,
       3.40947823e-04, 1.02284341e-03, 2.38663470e-03, 6.81895646e-04,
       2.38663470e-03, 1.02284341e-03, 3.06853047e-03, 1.70473917e-03,
       0., 1.70473917e-03, 6.81895646e-04, 3.40947835e-03,
       1.36379129e-03, 1.02284341e-03, 6.81895646e-04, 1.02284341e-03,
       6.81895646e-04, 1.70473917e-03, 1.36379129e-03, 3.40947823e-04,
       3.40947823e-04, 3.40947835e-03, 3.40947823e-04, 1.70473917e-03,
       3.40947823e-04, 3.40947823e-04, 6.81895646e-04, 1.02284341e-03,
       1.02284341e-03, 6.81895646e-04, 1.70473917e-03, 1.02284341e-03,
       2.38663470e-03, 1.70473917e-03, 2.04568682e-03, 3.40947823e-04,
       1.02284341e-03, 6.81895646e-04, 6.81895646e-04, 3.40947823e-04,
       1.36379129e-03, 6.81895646e-04, 6.81895646e-04, 2.72758259e-03,
       1.02284341e-03, 3.40947823e-04, 1.70473917e-03, 6.81895646e-04,
       2.04568682e-03, 6.81895646e-04, 3.75042600e-03, 3.40947823e-04,
       6.81895646e-04, 2.04568682e-03, 6.81895646e-04, 6.47800881e-03,
       2.72758259e-03, 2.04568682e-03, 1.70473917e-03, 6.81895646e-04,
       1.02284341e-03, 6.81895646e-04, 1.70473917e-03, 6.81895646e-04,
       2.04568682e-03, 0., 1.02284341e-03, 3.40947823e-04, 0.,
       3.40947823e-04, 2.38663470e-03, 0., 3.40947835e-03,
       1.36379129e-03, 6.81895646e-04, 3.40947823e-04, 1.02284341e-03,
       1.36379129e-03, 6.81895646e-04, 3.40947823e-04, 1.70473917e-03,
       0., 2.72758259e-03, 6.81895646e-04, 0., 1.70473917e-03,
       2.38663470e-03, 3.40947823e-04, 3.40947823e-04, 2.04568682e-03,
       1.70473917e-03, 1.36379129e-03, 0., 2.72758259e-03,
       3.40947823e-04, 1.02284341e-03, 1.02284341e-03, 1.36379129e-03,
       6.81895646e-04, 3.40947823e-04, 3.40947823e-04, 1.02284341e-03,
       3.40947823e-04, 1.02284341e-03, 1.02284341e-03, 1.02284341e-03,
       1.02284341e-03, 1.36379129e-03, 2.72758259e-03, 1.36379129e-03,
       1.02284341e-03, 1.70473917e-03, 0., 2.72758259e-03,
       1.36379129e-03, 2.72758259e-03, 2.38663470e-03, 1.02284341e-03,
       0., 3.40947823e-04, 1.02284341e-03, 2.04568682e-03,
       3.40947823e-04, 6.81895646e-04, 1.02284341e-03, 1.02284341e-03,
       1.36379129e-03, 3.40947823e-04, 1.02284341e-03, 1.36379129e-03,
