%YAML:1.0
m50f: !!opencv-matrix
   rows: 1
   cols: 800
   dt: f
   data: [ 1.33779261e-03, 3.34448158e-03, 0., 0., 0., 2.67558522e-03,
       0., 2.67558522e-03, 0., 6.68896304e-04, 2.00668885e-03,
       1.33779261e-03, 0., 2.00668885e-03, 6.68896304e-04,
       4.01337771e-03, 0., 2.00668885e-03, 6.68896304e-04,
       6.68896304e-04, 6.68896304e-04, 4.01337771e-03, 6.68896304e-04,
       0., 6.68896304e-04, 6.68896304e-04, 4.01337771e-03,
       2.00668885e-03, 3.34448158e-03, 5.35117043e-03, 6.68896304e-04,
       1.33779261e-03, 1.33779261e-03, 0., 0., 2.00668885e-03,
       3.34448158e-03, 0., 1.33779261e-03, 1.33779261e-03, 0., 0.,
       6.68896304e-04, 1.33779261e-03, 0., 1.33779261e-03, 0.,
       1.33779261e-03, 1.33779261e-03, 0., 6.68896304e-04, 0.,
       4.01337771e-03, 6.68896304e-04, 0., 2.67558522e-03,
       1.33779261e-03, 0., 6.68896304e-04, 6.68896304e-04,
       6.68896304e-04, 4.01337771e-03, 1.33779261e-03, 6.02006679e-03,
       0., 3.34448158e-03, 3.34448158e-03, 1.33779261e-03,
       2.67558522e-03, 2.00668885e-03, 0., 1.33779261e-03,
       1.33779261e-03, 4.01337771e-03, 6.68896304e-04, 3.34448158e-03,
       1.33779261e-03, 2.00668885e-03, 6.68896304e-04, 6.68896304e-04,
       6.68896304e-04, 2.00668885e-03, 6.68896304e-04, 6.68896304e-04,
       0., 6.68896304e-04, 1.33779261e-03, 2.00668885e-03,
       2.00668885e-03, 6.68896304e-04, 6.68896304e-04, 1.33779261e-03,
       6.68896304e-04, 1.33779261e-03, 1.33779261e-03, 6.68896304e-04,
       4.01337771e-03, 1.33779261e-03, 1.33779261e-03, 6.68896304e-04,
       6.68896304e-04, 1.33779261e-03, 0., 0., 4.68227407e-03, 0.,
       2.67558522e-03, 1.33779261e-03, 0., 1.33779261e-03,
       6.68896304e-04, 0., 0., 0., 2.00668885e-03, 6.68896304e-04,
       6.68896304e-04, 6.68896304e-04, 6.68896304e-04, 8.69565178e-03,
       0., 0., 6.68896304e-04, 1.33779261e-03, 1.33779261e-03,
       2.67558522e-03, 0., 8.02675541e-03, 6.68896304e-04, 0.,
       4.68227407e-03, 1.33779261e-03, 0., 0., 1.33779261e-03, 0.,
       6.68896304e-04, 2.00668885e-03, 2.67558522e-03, 1.33779261e-03,
       6.68896304e-04, 6.68896304e-04, 0., 6.68896304e-04,
       2.67558522e-03, 2.00668885e-03, 0., 1.33779261e-03,
       6.68896304e-04, 2.67558522e-03, 1.33779261e-03, 6.68896316e-03,
       2.67558522e-03, 7.35785952e-03, 6.68896304e-04, 0.,
       1.33779261e-03, 2.00668885e-03, 6.68896304e-04, 1.33779261e-03,
       7.35785952e-03, 0., 2.00668885e-03, 0., 1.33779261e-03, 0.,
       6.68896304e-04, 1.33779261e-03, 6.68896304e-04, 2.00668885e-03,
       0., 1.33779261e-03, 6.68896304e-04, 0., 6.68896304e-04,
       6.68896304e-04, 0., 2.00668885e-03, 1.33779261e-03,
       3.34448158e-03, 0., 3.34448158e-03, 6.68896304e-04,
       2.00668885e-03, 6.68896304e-04, 1.33779261e-03, 1.33779261e-03,
       3.34448158e-03, 0., 0., 1.33779261e-03, 6.68896304e-04, 0.,
       1.33779261e-03, 1.33779261e-03, 1.33779261e-03, 2.67558522e-03,
       0., 1.33779261e-03, 6.68896304e-04, 0., 6.68896304e-04, 0., 0.,
       2.67558522e-03, 6.68896304e-04, 0., 2.67558522e-03, 0., 0.,
       6.68896304e-04, 0., 6.68896304e-04, 6.68896304e-04,
       1.33779261e-03, 6.68896304e-04, 2.00668885e-03, 6.68896304e-04,
       2.67558522e-03, 1.33779261e-03, 6.68896304e-04, 3.34448158e-03,
       1.33779261e-03, 2.00668885e-03, 4.01337771e-03, 0., 0.,
       1.33779261e-03, 0., 0., 6.68896304e-04, 0., 1.33779261e-03, 0.,
       0., 1.33779261e-03, 6.68896304e-04, 0., 0., 2.67558522e-03,
       2.00668885e-03, 6.68896304e-04, 4.01337771e-03, 3.34448158e-03,
       1.33779261e-03, 0., 3.34448158e-03, 6.68896304e-04,
       1.33779261e-03, 1.33779261e-03, 1.33779261e-03, 3.34448158e-03,
       6.68896304e-04, 2.67558522e-03, 0., 2.00668885e-03,
       3.34448158e-03, 1.33779261e-03, 0., 2.00668885e-03,
       6.68896304e-04, 6.68896304e-04, 6.68896304e-04, 0., 0.,
       2.00668885e-03, 1.33779261e-03, 6.68896304e-04, 1.33779261e-03,
       0., 6.68896304e-04, 6.68896304e-04, 6.68896304e-04, 0.,
       6.68896304e-04, 0., 6.68896304e-04, 2.67558522e-03,
       2.00668885e-03, 1.33779261e-03, 1.33779261e-03, 0.,
       2.00668885e-03, 2.00668885e-03, 4.01337771e-03, 6.68896304e-04,
       7.35785952e-03, 0., 0., 1.33779261e-03, 1.33779261e-03,
       6.68896304e-04, 6.68896304e-04, 0., 2.67558522e-03,
       3.34448158e-03, 6.68896304e-04, 0., 0., 3.34448158e-03,
       6.68896304e-04, 6.68896304e-04, 6.68896304e-04, 0., 0., 0., 0.,
       0., 0., 6.68896304e-04, 3.34448158e-03, 2.00668885e-03,
       2.00668885e-03, 2.00668885e-03, 0., 0., 1.33779261e-03,
       2.00668885e-03, 6.68896304e-04, 6.68896304e-04, 6.68896304e-04,
       4.01337771e-03, 2.67558522e-03, 2.67558522e-03, 4.68227407e-03,
       0., 2.00668885e-03, 6.68896304e-04, 3.34448158e-03,
       6.68896304e-04, 0., 0., 0., 0., 6.68896304e-04, 3.34448158e-03,
       6.68896304e-04, 2.67558522e-03, 6.68896304e-04, 0., 0., 0.,
       1.33779261e-03, 6.68896304e-04, 1.33779261e-03, 2.00668885e-03,
       0., 1.33779261e-03, 0., 1.33779261e-03, 0., 6.68896304e-04,
       6.68896304e-04, 0., 2.67558522e-03, 1.33779261e-03,
       6.68896304e-04, 6.68896304e-04, 2.00668885e-03, 2.67558522e-03,
       0., 0., 5.35117043e-03, 0., 6.68896304e-04, 0., 1.33779261e-03,
       0., 0., 1.33779261e-03, 2.00668885e-03, 0., 1.33779261e-03,
       6.68896304e-04, 2.67558522e-03, 0., 2.00668885e-03, 0., 0.,
       2.67558522e-03, 1.33779261e-03, 0., 6.68896316e-03, 0.,
       1.33779261e-03, 1.33779261e-03, 1.33779261e-03, 6.02006679e-03,
       1.33779261e-03, 6.68896304e-04, 0., 0., 3.34448158e-03,
       1.33779261e-03, 6.68896304e-04, 6.68896304e-04, 4.01337771e-03,
       0., 6.68896304e-04, 2.67558522e-03, 2.00668885e-03,
       6.68896304e-04, 1.33779261e-03, 6.68896304e-04, 6.68896304e-04,
       6.68896304e-04, 6.68896304e-04, 0., 6.68896304e-04, 0., 0.,
       6.68896304e-04, 1.33779261e-03, 1.33779261e-03, 6.68896304e-04,
       1.33779261e-03, 1.33779261e-03, 0., 0., 1.33779261e-03,
       6.68896304e-04, 6.68896304e-04, 6.68896304e-04, 6.68896304e-04,
       0., 1.33779261e-03, 0., 1.33779261e-03, 1.33779261e-03,
       6.68896304e-04, 6.68896304e-04, 6.68896304e-04, 6.68896304e-04,
       6.68896304e-04, 1.33779261e-03, 6.68896304e-04, 6.68896304e-04,
       6.68896304e-04, 0., 6.68896304e-04, 6.68896304e-04, 0.,
       2.67558522e-03, 0., 6.68896304e-04, 2.00668885e-03,
       1.33779261e-03, 2.67558522e-03, 0., 1.33779261e-03,
       1.33779261e-03, 6.68896304e-04, 8.02675541e-03, 6.68896304e-04,
       0., 1.33779261e-03, 2.00668885e-03, 1.33779261e-03, 0.,
       1.33779261e-03, 2.00668885e-03, 2.67558522e-03, 2.00668885e-03,
       2.00668885e-03, 0., 4.68227407e-03, 0., 4.68227407e-03,
       6.68896304e-04, 6.68896304e-04, 2.67558522e-03, 0., 0., 0., 0.,
       6.68896304e-04, 1.33779261e-03, 0., 0., 2.00668885e-03,
       6.68896304e-04, 6.68896304e-04, 6.68896304e-04, 0.,
       6.68896304e-04, 2.00668885e-03, 6.68896304e-04, 6.68896304e-04,
       6.68896304e-04, 0., 0., 6.68896304e-04, 6.68896304e-04,
       2.00668885e-03, 0., 0., 6.68896304e-04, 1.33779261e-03, 0.,
       1.33779261e-03, 6.68896304e-04, 6.68896304e-04, 0.,
       1.33779261e-03, 2.67558522e-03, 4.01337771e-03, 6.68896304e-04,
       4.01337771e-03, 3.34448158e-03, 1.13712372e-02, 0.,
       6.68896304e-04, 6.68896304e-04, 6.68896304e-04, 2.67558522e-03,
       0., 0., 0., 1.33779261e-03, 0., 2.00668885e-03, 2.00668885e-03,
       2.00668885e-03, 3.34448158e-03, 5.35117043e-03, 0.,
       6.68896304e-04, 3.34448158e-03, 6.68896304e-04, 6.68896304e-04,
       0., 1.33779261e-03, 0., 6.68896304e-04, 6.68896304e-04,
       2.00668885e-03, 2.00668885e-03, 2.67558522e-03, 0.,
       6.68896304e-04, 6.68896304e-04, 1.33779261e-03, 1.33779261e-03,
       0., 1.33779261e-03, 6.68896304e-04, 0., 6.68896304e-04, 0.,
       6.68896304e-04, 0., 3.34448158e-03, 6.68896304e-04, 0.,
       6.68896304e-04, 2.00668885e-03, 0., 2.00668885e-03,
