%YAML:1.0
m50f: !!opencv-matrix
   rows: 1
   cols: 800
   dt: f
   data: [ 0., 2.97766761e-03, 0., 9.92555870e-04, 9.92555870e-04,
       2.48138979e-03, 2.48138979e-03, 1.48883380e-03, 1.04218367e-02,
       2.48138979e-03, 4.96277935e-04, 4.96277935e-04, 0.,
       9.92555870e-04, 4.96277935e-04, 2.48138979e-03, 4.96277935e-04,
       2.48138979e-03, 2.48138979e-03, 1.48883380e-03, 0.,
       1.98511174e-03, 9.92555870e-04, 1.48883380e-03, 4.96277935e-04,
       9.92555870e-04, 9.92555870e-04, 9.92555870e-04, 9.92555870e-04,
       1.98511174e-03, 2.48138979e-03, 9.92555870e-04, 1.98511174e-03,
       0., 9.92555870e-04, 3.97022348e-03, 0., 9.92555870e-04,
       1.48883380e-03, 4.96277935e-04, 1.48883380e-03, 9.92555870e-04,
       0., 5.95533522e-03, 1.48883380e-03, 4.96277935e-04, 0., 0.,
       9.92555870e-04, 0., 0., 2.97766761e-03, 9.92555870e-04,
       4.96277935e-04, 0., 9.92555870e-04, 9.92555870e-04,
       4.96277935e-04, 9.92555870e-04, 4.96277935e-04, 9.92555870e-04,
       4.96277958e-03, 2.48138979e-03, 3.47394543e-03, 0.,
       9.92555870e-04, 2.97766761e-03, 9.92555870e-04, 4.96277935e-04,
       2.48138979e-03, 4.96277935e-04, 9.92555870e-04, 0.,
       2.97766761e-03, 9.92555870e-04, 4.96277935e-04, 9.92555870e-04,
       2.97766761e-03, 2.97766761e-03, 2.48138979e-03, 0.,
       9.92555870e-04, 9.92555870e-04, 4.46650153e-03, 4.46650153e-03,
       1.48883380e-03, 9.92555870e-04, 1.48883380e-03, 0.,
       2.97766761e-03, 1.48883380e-03, 0., 4.96277935e-04,
       1.98511174e-03, 4.96277935e-04, 1.98511174e-03, 3.47394543e-03,
       4.96277935e-04, 9.92555870e-04, 0., 2.97766761e-03,
       1.48883380e-03, 0., 4.96277935e-04, 2.97766761e-03, 0., 0.,
       9.92555870e-04, 4.96277935e-04, 9.92555870e-04, 0., 0.,
       4.96277935e-04, 0., 2.97766761e-03, 0., 4.96277935e-04, 0.,
       9.92555870e-04, 2.48138979e-03, 9.92555870e-04, 0.,
       4.96277935e-04, 1.48883380e-03, 1.98511174e-03, 9.92555870e-04,
       9.92555870e-04, 1.48883380e-03, 0., 4.96277935e-04,
       9.92555870e-04, 6.94789086e-03, 0., 4.96277935e-04,
       1.48883380e-03, 0., 9.92555870e-04, 1.48883380e-03,
       1.98511174e-03, 4.96277935e-04, 1.48883380e-03, 9.92555870e-04,
       0., 1.48883380e-03, 3.97022348e-03, 0., 0., 4.96277935e-04,
       4.96277935e-04, 4.96277935e-04, 9.92555870e-04, 4.96277935e-04,
       1.48883380e-03, 3.47394543e-03, 4.96277935e-04, 4.96277935e-04,
       1.48883380e-03, 1.98511174e-03, 4.96277935e-04, 1.98511174e-03,
       2.97766761e-03, 0., 4.96277935e-04, 0., 1.98511174e-03,
       1.48883380e-03, 4.96277935e-04, 9.92555870e-04, 4.96277935e-04,
       9.92555870e-04, 0., 1.98511174e-03, 4.96277935e-04, 0.,
       1.98511174e-03, 4.96277935e-04, 9.92555870e-04, 2.97766761e-03,
       9.92555870e-04, 9.92555870e-04, 0., 1.98511174e-03,
       3.97022348e-03, 9.92555870e-04, 1.48883380e-03, 4.96277935e-04,
       9.92555870e-04, 1.98511174e-03, 1.48883380e-03, 0.,
       4.96277935e-04, 1.48883380e-03, 0., 4.96277935e-04,
       4.96277935e-04, 4.96277935e-04, 4.96277935e-04, 0.,
       1.48883380e-03, 9.92555870e-04, 4.96277935e-04, 1.48883380e-03,
       4.96277935e-04, 4.96277935e-04, 4.96277935e-04, 1.98511174e-03,
       1.98511174e-03, 9.92555870e-04, 9.92555870e-04, 2.48138979e-03,
       0., 1.98511174e-03, 3.47394543e-03, 4.96277935e-04, 0., 0.,
       6.45161327e-03, 0., 2.97766761e-03, 9.92555870e-04, 0.,
       2.97766761e-03, 3.47394543e-03, 9.92555870e-04, 9.92555870e-04,
       1.48883380e-03, 4.96277935e-04, 0., 4.96277935e-04,
       9.92555870e-04, 4.96277935e-04, 4.96277935e-04, 2.48138979e-03,
       1.48883380e-03, 9.92555870e-04, 4.96277935e-04, 4.96277935e-04,
       2.48138979e-03, 0., 6.45161327e-03, 0., 9.92555870e-04,
       2.48138979e-03, 9.92555870e-04, 4.96277935e-04, 2.48138979e-03,
       1.98511174e-03, 2.48138979e-03, 4.96277935e-04, 1.98511174e-03,
       0., 1.48883380e-03, 0., 4.96277935e-04, 9.92555870e-04,
       4.46650153e-03, 2.48138979e-03, 0., 3.97022348e-03,
       3.47394543e-03, 1.48883380e-03, 1.98511174e-03, 9.92555870e-04,
       0., 9.92555870e-04, 1.48883380e-03, 3.97022348e-03, 0.,
       1.98511174e-03, 9.92555870e-04, 1.48883380e-03, 4.96277935e-04,
       1.48883380e-03, 4.96277935e-04, 2.97766761e-03, 9.92555870e-04,
       4.96277935e-04, 9.92555870e-04, 9.92555870e-04, 4.96277935e-04,
       1.48883380e-03, 9.92555870e-04, 4.96277935e-04, 4.96277935e-04,
       9.92555870e-04, 9.92555870e-04, 9.92555870e-04, 0., 0.,
       1.98511174e-03, 1.48883380e-03, 4.96277935e-04, 9.92555870e-04,
       1.98511174e-03, 1.19106704e-02, 1.98511174e-03, 0., 0.,
       4.96277935e-04, 1.98511174e-03, 4.96277935e-04, 4.96277935e-04,
       4.96277935e-04, 0., 4.96277935e-04, 0., 9.92555870e-04,
       2.97766761e-03, 9.92555870e-04, 1.48883380e-03, 1.98511174e-03,
       9.92555870e-04, 9.92555870e-04, 1.98511174e-03, 4.96277935e-04,
       1.48883380e-03, 9.92555870e-04, 4.96277935e-04, 1.48883380e-03,
       4.96277935e-04, 9.92555870e-04, 0., 9.92555870e-04,
       4.96277935e-04, 9.42928065e-03, 1.48883380e-03, 0.,
       1.98511174e-03, 2.97766761e-03, 9.92555870e-04, 4.96277935e-04,
       1.48883380e-03, 4.96277935e-04, 9.92555870e-04, 1.98511174e-03,
       9.92555870e-04, 1.48883380e-03, 2.97766761e-03, 4.96277935e-04,
       9.92555870e-04, 1.48883380e-03, 0., 4.96277935e-04,
       1.98511174e-03, 0., 0., 4.96277935e-04, 2.48138979e-03,
       2.48138979e-03, 4.96277935e-04, 4.96277935e-04, 4.96277935e-04,
       4.96277935e-04, 0., 9.92555870e-04, 4.96277935e-04,
       2.48138979e-03, 2.97766761e-03, 2.97766761e-03, 0., 0.,
       4.96277935e-04, 1.98511174e-03, 4.96277935e-04, 9.92555870e-04,
       4.96277935e-04, 0., 2.97766761e-03, 9.92555870e-04,
       4.96277935e-04, 1.48883380e-03, 2.48138979e-03, 1.98511174e-03,
       9.92555870e-04, 9.92555870e-04, 0., 4.96277935e-04,
       1.48883380e-03, 2.97766761e-03, 1.48883380e-03, 1.48883380e-03,
       9.92555870e-04, 2.48138979e-03, 0., 2.48138979e-03,
       1.98511174e-03, 2.97766761e-03, 2.97766761e-03, 4.96277935e-04,
       4.96277935e-04, 4.96277935e-04, 9.92555870e-04, 9.42928065e-03,
       4.96277935e-04, 0., 1.48883380e-03, 2.48138979e-03,
       1.48883380e-03, 4.96277935e-04, 3.97022348e-03, 9.92555870e-04,
       0., 3.47394543e-03, 0., 9.92555870e-04, 9.92555870e-04,
       9.92555870e-04, 3.47394543e-03, 4.96277935e-04, 1.48883380e-03,
       5.45905717e-03, 4.96277935e-04, 2.48138979e-03, 0.,
       4.96277935e-04, 0., 9.92555870e-04, 0., 1.98511174e-03, 0., 0.,
       4.96277935e-04, 9.92555870e-04, 4.96277935e-04, 9.92555870e-04,
       9.92555870e-04, 4.96277935e-04, 9.92555870e-04, 2.97766761e-03,
       4.96277935e-04, 0., 4.96277935e-04, 0., 0., 0., 2.48138979e-03,
       4.96277935e-04, 1.98511174e-03, 0., 1.48883380e-03,
       4.96277935e-04, 0., 1.98511174e-03, 4.96277935e-04,
       1.48883380e-03, 2.48138979e-03, 4.96277935e-04, 5.45905717e-03,
       1.48883380e-03, 4.96277935e-04, 2.48138979e-03, 2.97766761e-03,
       3.47394543e-03, 9.92555870e-04, 9.92555870e-04, 9.92555870e-04,
       0., 4.96277935e-04, 4.96277935e-04, 1.48883380e-03,
       9.92555870e-04, 9.92555870e-04, 9.92555870e-04, 9.92555870e-04,
       4.96277935e-04, 3.47394543e-03, 4.96277935e-04, 2.48138979e-03,
       4.96277935e-04, 4.96277935e-04, 1.48883380e-03, 0., 0.,
       1.98511174e-03, 0., 0., 9.92555870e-04, 0., 9.92555870e-04,
       4.46650153e-03, 2.97766761e-03, 1.98511174e-03, 0.,
       9.92555870e-04, 3.47394543e-03, 4.96277935e-04, 4.96277935e-04,
       1.48883380e-03, 4.96277935e-04, 1.98511174e-03, 2.97766761e-03,
       0., 9.92555870e-04, 1.48883380e-03, 4.96277935e-04, 0.,
       1.48883380e-03, 2.48138979e-03, 9.92555870e-04, 0.,
       9.92555870e-04, 0., 0., 9.92555870e-04, 9.92555870e-04,
       2.97766761e-03, 9.92555870e-04, 4.96277935e-04, 1.98511174e-03,
       5.95533522e-03, 9.92555870e-04, 6.94789086e-03, 4.96277935e-04,
