%YAML:1.0
m50f: !!opencv-matrix
   rows: 1
   cols: 800
   dt: f
   data: [ 2.99043051e-04, 1.19617220e-03, 5.98086102e-04,
       5.98086102e-04, 1.19617220e-03, 2.99043051e-04, 1.79425837e-03,
       5.98086102e-04, 5.98086102e-04, 2.99043051e-04, 8.97129183e-04,
       1.19617220e-03, 5.98086102e-04, 8.97129183e-04, 2.99043051e-04,
       3.28947348e-03, 1.19617220e-03, 8.97129183e-04, 2.39234441e-03,
       1.79425837e-03, 5.98086102e-04, 2.99043051e-04, 2.99043051e-04,
       2.69138743e-03, 3.88755975e-03, 5.98086102e-04, 1.79425837e-03,
       2.99043045e-03, 5.98086102e-04, 5.98086102e-04, 2.99043045e-03,
       1.79425837e-03, 1.19617220e-03, 2.99043051e-04, 2.99043051e-04,
       1.19617220e-03, 2.39234441e-03, 5.98086102e-04, 0.,
       2.99043051e-04, 1.79425837e-03, 2.09330139e-03, 1.49521523e-03,
       8.97129183e-04, 1.49521523e-03, 1.49521523e-03, 1.49521523e-03,
       1.49521523e-03, 5.98086102e-04, 3.28947348e-03, 8.97129183e-04,
       1.19617220e-03, 1.19617220e-03, 2.39234441e-03, 8.97129183e-04,
       1.49521523e-03, 2.09330139e-03, 1.19617220e-03, 1.19617220e-03,
       0., 5.98086102e-04, 8.97129183e-04, 3.88755975e-03,
       1.19617220e-03, 5.98086102e-04, 5.98086102e-04, 2.99043051e-04,
       1.49521523e-03, 8.97129183e-04, 1.79425837e-03, 5.98086102e-04,
       4.18660278e-03, 1.49521523e-03, 1.79425837e-03, 1.79425837e-03,
       5.98086102e-04, 2.99043051e-04, 1.49521523e-03, 8.97129183e-04,
       2.69138743e-03, 1.19617220e-03, 2.99043051e-04, 2.99043051e-04,
       2.99043051e-04, 1.19617220e-03, 4.18660278e-03, 8.97129183e-04,
       1.79425837e-03, 1.49521523e-03, 8.97129183e-04, 1.19617220e-03,
       8.97129183e-04, 1.49521523e-03, 1.19617220e-03, 2.99043051e-04,
       2.09330139e-03, 1.19617220e-03, 5.98086102e-04, 2.99043051e-04,
       1.79425837e-03, 1.19617220e-03, 1.19617220e-03, 2.39234441e-03,
       5.98086102e-04, 2.99043051e-04, 1.49521523e-03, 8.97129183e-04,
       0., 2.39234441e-03, 8.97129183e-04, 1.49521523e-03,
       2.99043051e-04, 8.97129183e-04, 2.99043051e-04, 8.97129183e-04,
       1.79425837e-03, 5.98086102e-04, 5.98086102e-04, 2.09330139e-03,
       8.97129183e-04, 1.19617220e-03, 1.49521523e-03, 1.19617220e-03,
       8.97129183e-04, 8.97129183e-04, 1.19617220e-03, 1.49521523e-03,
       1.19617220e-03, 1.79425837e-03, 1.79425837e-03, 2.09330139e-03,
       4.18660278e-03, 3.58851673e-03, 1.49521523e-03, 5.98086102e-04,
       5.68181789e-03, 5.98086102e-04, 5.98086102e-04, 5.98086102e-04,
       8.97129183e-04, 8.97129183e-04, 2.39234441e-03, 1.49521523e-03,
       8.97129183e-04, 8.97129183e-04, 5.98086102e-04, 5.98086102e-04,
       5.98086102e-04, 8.97129183e-04, 2.99043045e-03, 2.99043051e-04,
       1.19617220e-03, 5.98086102e-04, 8.97129183e-04, 5.98086102e-04,
       2.99043051e-04, 5.98086102e-04, 1.19617220e-03, 1.49521523e-03,
       2.99043051e-04, 2.99043051e-04, 5.98086102e-04, 1.49521523e-03,
       1.49521523e-03, 2.99043051e-04, 0., 1.19617220e-03,
       2.99043045e-03, 1.79425837e-03, 5.98086102e-04, 1.49521523e-03,
       8.97129183e-04, 5.98086102e-04, 8.97129183e-04, 0.,
       5.98086102e-04, 5.98086102e-04, 4.18660278e-03, 1.19617220e-03,
       3.28947348e-03, 3.28947348e-03, 1.19617220e-03, 5.98086102e-04,
       5.98086102e-04, 2.99043051e-04, 8.97129183e-04, 2.99043051e-04,
       8.97129183e-04, 1.19617220e-03, 5.98086102e-04, 1.79425837e-03,
       3.58851673e-03, 8.97129183e-04, 5.98086102e-04, 2.99043051e-04,
       5.98086102e-04, 2.99043051e-04, 0., 2.99043051e-04,
       1.79425837e-03, 5.98086102e-04, 1.19617220e-03, 2.39234441e-03,
       5.38277486e-03, 1.49521523e-03, 1.49521523e-03, 2.09330139e-03,
       8.97129183e-04, 2.39234441e-03, 2.09330139e-03, 1.49521523e-03,
       5.98086102e-04, 1.49521523e-03, 1.79425837e-03, 2.09330139e-03,
       1.19617220e-03, 1.49521523e-03, 8.97129183e-04, 5.98086102e-04,
       1.19617220e-03, 0., 2.09330139e-03, 5.98086102e-04,
       2.99043051e-04, 1.49521523e-03, 2.99043045e-03, 8.97129183e-04,
       3.88755975e-03, 1.79425837e-03, 1.49521523e-03, 1.49521523e-03,
       1.79425837e-03, 1.19617220e-03, 2.99043045e-03, 1.49521523e-03,
       1.79425837e-03, 3.28947348e-03, 0., 2.99043051e-04,
       1.19617220e-03, 8.97129183e-04, 2.99043051e-04, 1.19617220e-03,
       4.18660278e-03, 1.49521523e-03, 5.98086102e-04, 5.38277486e-03,
       2.09330139e-03, 1.49521523e-03, 1.49521523e-03, 1.19617220e-03,
       0., 5.98086102e-04, 1.19617220e-03, 5.98086102e-04, 0.,
       1.49521523e-03, 1.49521523e-03, 8.97129183e-04, 1.19617220e-03,
       1.49521523e-03, 5.98086102e-04, 5.98086102e-04, 1.79425837e-03,
       1.49521523e-03, 2.99043051e-04, 1.49521523e-03, 3.88755975e-03,
       2.99043051e-04, 1.19617220e-03, 1.49521523e-03, 1.49521523e-03,
       1.19617220e-03, 2.99043051e-04, 1.49521523e-03, 2.99043045e-03,
       8.97129183e-04, 2.99043045e-03, 1.49521523e-03, 2.99043051e-04,
       3.88755975e-03, 1.19617220e-03, 1.79425837e-03, 2.09330139e-03,
       5.98086102e-04, 1.19617220e-03, 2.39234441e-03, 1.49521523e-03,
       2.99043051e-04, 1.19617220e-03, 8.97129183e-04, 2.09330139e-03,
       8.97129183e-04, 0., 1.49521523e-03, 8.97129183e-04,
       5.98086102e-04, 2.99043051e-04, 8.97129183e-04, 2.99043051e-04,
       1.19617220e-03, 2.99043051e-04, 1.79425837e-03, 5.98086102e-04,
       8.97129183e-04, 2.99043051e-04, 8.97129183e-04, 1.19617220e-03,
       1.49521523e-03, 1.49521523e-03, 2.99043051e-04, 5.98086102e-04,
       5.98086102e-04, 2.39234441e-03, 2.39234441e-03, 2.39234441e-03,
       1.49521523e-03, 8.97129183e-04, 2.09330139e-03, 1.19617220e-03,
       2.39234441e-03, 8.97129183e-04, 5.98086102e-04, 1.19617220e-03,
       1.19617220e-03, 8.97129183e-04, 1.19617220e-03, 8.97129183e-04,
       1.79425837e-03, 2.09330139e-03, 5.98086102e-04, 5.98086102e-04,
       1.49521523e-03, 5.08373184e-03, 1.19617220e-03, 8.97129183e-04,
       1.19617220e-03, 0., 2.99043051e-04, 8.97129183e-04,
       1.19617220e-03, 8.97129183e-04, 2.69138743e-03, 8.97129183e-04,
       1.49521523e-03, 1.19617220e-03, 2.99043051e-04, 2.39234441e-03,
       2.99043051e-04, 1.79425837e-03, 2.99043051e-04, 1.19617220e-03,
       1.19617220e-03, 1.49521523e-03, 2.09330139e-03, 8.97129183e-04,
       0., 8.97129183e-04, 5.98086102e-04, 1.49521523e-03,
       2.69138743e-03, 1.79425837e-03, 2.09330139e-03, 1.49521523e-03,
       8.97129183e-04, 2.99043051e-04, 1.19617220e-03, 2.99043051e-04,
       6.57894695e-03, 1.49521523e-03, 1.19617220e-03, 5.98086102e-04,
       1.49521523e-03, 5.98086102e-04, 2.99043051e-04, 0.,
       1.49521523e-03, 2.99043051e-04, 5.08373184e-03, 1.49521523e-03,
       3.28947348e-03, 1.19617220e-03, 8.97129183e-04, 2.99043051e-04,
       8.97129183e-04, 5.98086102e-04, 2.99043051e-04, 1.79425837e-03,
       2.69138743e-03, 8.97129183e-04, 8.97129183e-04, 5.68181789e-03,
       5.98086102e-04, 2.99043045e-03, 1.79425837e-03, 2.09330139e-03,
       1.49521523e-03, 8.97129183e-04, 5.98086102e-04, 1.19617220e-03,
       1.49521523e-03, 1.49521523e-03, 8.97129183e-04, 2.99043051e-04,
       2.09330139e-03, 8.97129183e-04, 8.97129183e-04, 5.98086102e-04,
       1.19617220e-03, 1.19617220e-03, 8.97129183e-04, 2.09330139e-03,
       1.49521523e-03, 5.98086102e-04, 2.09330139e-03, 6.87798997e-03,
       8.97129183e-04, 2.99043051e-04, 1.19617220e-03, 1.19617220e-03,
       2.09330139e-03, 2.99043051e-04, 3.58851673e-03, 1.49521523e-03,
       2.09330139e-03, 8.97129183e-04, 1.49521523e-03, 1.49521523e-03,
       1.19617220e-03, 2.99043051e-04, 1.19617220e-03, 1.49521523e-03,
       8.97129183e-04, 5.98086102e-04, 1.19617220e-03, 1.49521523e-03,
       2.99043051e-04, 2.99043051e-04, 1.49521523e-03, 5.98086102e-04,
       1.19617220e-03, 2.99043051e-04, 2.39234441e-03, 2.39234441e-03,
       5.98086102e-04, 1.49521523e-03, 2.69138743e-03, 5.98086102e-04,
       1.49521523e-03, 1.19617220e-03, 5.98086102e-04, 1.79425837e-03,
       2.09330139e-03, 1.49521523e-03, 2.99043045e-03, 8.97129183e-04,
