%YAML:1.0
m50f: !!opencv-matrix
   rows: 1
   cols: 800
   dt: f
   data: [ 2.03832029e-03, 1.22299220e-03, 8.15328152e-04, 0.,
       1.22299220e-03, 8.15328152e-04, 0., 1.22299220e-03,
       2.44598440e-03, 3.26131261e-03, 1.22299220e-03, 3.66897671e-03,
       1.22299220e-03, 8.15328152e-04, 0., 1.63065630e-03,
       8.15328152e-04, 1.22299220e-03, 4.07664076e-04, 4.07664076e-04,
       4.07664076e-04, 1.22299220e-03, 4.07664076e-04, 8.15328152e-04,
       0., 4.07664076e-04, 0., 8.15328152e-04, 8.15328152e-04,
       8.15328152e-04, 1.22299220e-03, 4.07664076e-04, 4.07664059e-03,
       1.63065630e-03, 0., 1.22299220e-03, 4.07664076e-04,
       1.22299220e-03, 0., 0., 1.63065630e-03, 2.03832029e-03,
       2.03832029e-03, 4.07664076e-04, 1.22299220e-03, 1.63065630e-03,
       4.07664076e-04, 4.07664076e-04, 8.15328152e-04, 4.07664076e-04,
       1.63065630e-03, 4.07664076e-04, 1.22299220e-03, 1.63065630e-03,
       1.22299220e-03, 1.22299220e-03, 0., 1.22299220e-03,
       1.22299220e-03, 1.22299220e-03, 1.63065630e-03, 4.07664076e-04,
       1.22299220e-03, 2.85364850e-03, 0., 0., 2.44598440e-03,
       8.15328152e-04, 4.07664076e-04, 1.22299220e-03, 0.,
       4.07664076e-04, 0., 8.15328152e-04, 2.85364850e-03,
       2.85364850e-03, 1.22299220e-03, 0., 4.07664076e-04,
       2.44598440e-03, 0., 0., 8.15328152e-04, 2.85364850e-03,
       2.03832029e-03, 4.07664059e-03, 1.63065630e-03, 8.15328152e-04,
       2.44598440e-03, 8.15328152e-04, 4.07664076e-04, 1.63065630e-03,
       4.07664076e-04, 0., 8.15328152e-04, 0., 1.22299220e-03,
       2.03832029e-03, 4.48430469e-03, 4.07664076e-04, 4.07664076e-04,
       1.22299220e-03, 4.07664076e-04, 2.44598440e-03, 8.15328152e-04,
       3.26131261e-03, 8.15328152e-04, 1.22299220e-03, 4.07664076e-04,
       4.07664076e-04, 8.15328152e-04, 2.85364850e-03, 1.63065630e-03,
       1.22299220e-03, 1.22299220e-03, 1.22299220e-03, 2.03832029e-03,
       4.07664076e-04, 4.07664059e-03, 0., 8.15328152e-04,
       2.44598440e-03, 1.22299220e-03, 0., 0., 4.07664076e-04,
       3.26131261e-03, 2.44598440e-03, 2.85364850e-03, 1.63065630e-03,
       8.15328152e-04, 8.15328152e-04, 3.26131261e-03, 2.85364850e-03,
       8.15328152e-04, 8.15328152e-04, 1.63065630e-03, 0.,
       3.26131261e-03, 1.63065630e-03, 1.22299220e-03, 0.,
       1.22299220e-03, 1.63065630e-03, 8.15328152e-04, 4.07664076e-04,
       2.44598440e-03, 8.15328152e-04, 4.07664076e-04, 1.22299220e-03,
       2.44598440e-03, 4.07664076e-04, 8.15328152e-04, 2.44598440e-03,
       4.07664076e-04, 0., 4.07664076e-04, 8.15328152e-04,
       4.07664076e-04, 1.63065630e-03, 8.15328152e-04, 8.15328152e-04,
       2.03832029e-03, 8.15328152e-04, 4.48430469e-03, 0.,
       8.15328152e-04, 8.15328152e-04, 1.22299220e-03, 4.07664076e-04,
       8.15328152e-04, 8.15328152e-04, 8.15328152e-04, 0.,
       1.63065630e-03, 1.63065630e-03, 1.63065630e-03, 3.66897671e-03,
       8.56094528e-03, 0., 1.63065630e-03, 2.03832029e-03,
       2.44598440e-03, 2.44598440e-03, 4.07664076e-04, 4.07664076e-04,
       4.07664076e-04, 8.15328152e-04, 0., 4.07664076e-04,
       2.44598440e-03, 8.15328152e-04, 2.03832029e-03, 1.63065630e-03,
       8.15328152e-04, 1.22299220e-03, 0., 8.15328152e-04,
       2.03832029e-03, 1.63065630e-03, 3.66897671e-03, 8.15328152e-04,
       3.66897671e-03, 8.15328152e-04, 0., 1.63065630e-03,
       2.03832029e-03, 1.63065630e-03, 1.22299220e-03, 4.07664076e-04,
       2.85364850e-03, 1.63065630e-03, 2.03832029e-03, 4.07664076e-04,
       4.07664076e-04, 1.22299220e-03, 4.07664076e-04, 1.22299220e-03,
       8.15328152e-04, 8.15328152e-04, 2.44598440e-03, 0.,
       3.26131261e-03, 4.07664076e-04, 1.22299220e-03, 1.22299220e-03,
       4.07664076e-04, 2.03832029e-03, 8.15328152e-04, 2.44598440e-03,
       4.48430469e-03, 6.93028932e-03, 1.63065630e-03, 3.66897671e-03,
       2.85364850e-03, 4.07664059e-03, 2.85364850e-03, 4.07664076e-04,
       2.03832029e-03, 4.07664076e-04, 1.22299220e-03, 1.63065630e-03,
       4.07664076e-04, 4.07664076e-04, 2.44598440e-03, 2.44598440e-03,
       1.63065630e-03, 4.07664076e-04, 1.22299220e-03, 8.15328152e-04,
       0., 1.63065630e-03, 0., 0., 0., 1.63065630e-03, 2.03832029e-03,
       1.22299220e-03, 8.15328152e-04, 2.85364850e-03, 4.07664076e-04,
       2.03832029e-03, 8.15328152e-04, 1.63065630e-03, 4.07664076e-04,
       2.44598440e-03, 4.07664076e-04, 1.22299220e-03, 0.,
       1.22299220e-03, 1.63065630e-03, 1.22299220e-03, 4.07664076e-04,
       4.07664076e-04, 1.22299220e-03, 1.22299220e-03, 8.15328152e-04,
       0., 8.15328152e-04, 1.22299220e-03, 1.63065630e-03,
       1.22299220e-03, 2.03832029e-03, 1.63065630e-03, 2.44598440e-03,
       2.85364850e-03, 1.63065630e-03, 4.07664076e-04, 8.15328152e-04,
       8.15328152e-04, 0., 3.26131261e-03, 0., 0., 4.07664076e-04,
       1.22299220e-03, 8.15328152e-04, 2.03832029e-03, 1.22299220e-03,
       4.07664076e-04, 1.22299220e-03, 1.22299220e-03, 4.07664059e-03,
       2.85364850e-03, 8.15328152e-04, 0., 4.07664076e-04,
       8.15328152e-04, 4.89196880e-03, 8.15328152e-04, 8.15328152e-04,
       1.22299220e-03, 2.85364850e-03, 1.63065630e-03, 8.15328152e-04,
       2.03832029e-03, 1.22299220e-03, 1.63065630e-03, 0.,
       8.15328152e-04, 8.15328152e-04, 0., 1.22299220e-03,
       1.22299220e-03, 8.15328152e-04, 2.03832029e-03, 1.63065630e-03,
       4.07664076e-04, 4.07664076e-04, 4.07664076e-04, 2.44598440e-03,
       4.07664076e-04, 8.15328152e-04, 4.07664076e-04, 1.63065630e-03,
       2.44598440e-03, 2.44598440e-03, 1.63065630e-03, 8.15328152e-04,
       4.07664076e-04, 4.07664076e-04, 8.15328152e-04, 1.22299220e-03,
       8.15328152e-04, 0., 8.15328152e-04, 0., 8.15328152e-04,
       4.07664076e-04, 4.07664076e-04, 1.22299220e-03, 2.85364850e-03,
       4.07664076e-04, 3.26131261e-03, 0., 2.85364850e-03,
       2.44598440e-03, 2.44598440e-03, 1.22299220e-03, 1.63065630e-03,
       8.15328152e-04, 4.07664076e-04, 8.15328152e-04, 4.07664076e-04,
       4.07664076e-04, 8.15328152e-04, 8.15328152e-04, 8.15328152e-04,
       1.22299220e-03, 4.07664076e-04, 1.63065630e-03, 8.15328152e-04,
       4.07664076e-04, 0., 1.63065630e-03, 1.22299220e-03, 0., 0., 0.,
       2.03832029e-03, 1.22299220e-03, 4.07664076e-04, 8.15328152e-04,
       0., 8.15328152e-04, 4.07664076e-04, 1.63065630e-03,
       2.44598440e-03, 1.22299220e-03, 1.63065630e-03, 1.63065630e-03,
       1.22299220e-03, 8.15328152e-04, 4.07664059e-03, 2.03832029e-03,
       4.07664076e-04, 1.63065630e-03, 1.63065630e-03, 1.63065630e-03,
       4.07664076e-04, 4.07664076e-04, 2.03832029e-03, 1.63065630e-03,
       3.26131261e-03, 2.03832029e-03, 8.15328152e-04, 1.22299220e-03,
       4.07664076e-04, 8.15328152e-04, 4.07664076e-04, 8.15328152e-04,
       8.15328152e-04, 1.22299220e-03, 1.22299220e-03, 8.15328152e-04,
       0., 0., 0., 4.07664076e-04, 1.63065630e-03, 1.22299220e-03,
       4.07664076e-04, 0., 0., 8.15328152e-04, 8.15328152e-04,
       2.44598440e-03, 1.63065630e-03, 1.22299220e-03, 0.,
       1.22299220e-03, 4.07664076e-04, 4.48430469e-03, 2.03832029e-03,
       1.63065630e-03, 2.03832029e-03, 0., 4.07664076e-04,
       8.15328152e-04, 4.07664076e-04, 1.22299220e-03, 2.03832029e-03,
       1.22299220e-03, 4.07664076e-04, 4.07664076e-04, 4.07664076e-04,
       1.63065630e-03, 0., 1.22299220e-03, 1.63065630e-03,
       8.15328152e-04, 8.15328152e-04, 4.07664076e-04, 2.03832029e-03,
       4.07664076e-04, 4.07664076e-04, 8.15328152e-04, 0.,
       8.15328152e-04, 2.44598440e-03, 4.07664076e-04, 2.85364850e-03,
       0., 2.44598440e-03, 2.44598440e-03, 8.15328152e-04,
       1.22299220e-03, 2.44598440e-03, 1.22299220e-03, 1.22299220e-03,
       3.26131261e-03, 0., 1.22299220e-03, 1.22299220e-03,
       8.15328152e-04, 8.15328152e-04, 8.15328152e-04, 8.15328152e-04,
       1.63065630e-03, 8.15328152e-04, 2.44598440e-03, 2.44598440e-03,
       1.22299220e-03, 8.15328152e-04, 1.63065630e-03, 0.,
       4.07664076e-04, 3.66897671e-03, 0., 1.22299220e-03,
