%YAML:1.0
m50f: !!opencv-matrix
   rows: 1
   cols: 800
   dt: f
   data: [ 0., 5.99455088e-03, 1.08991831e-03, 1.63487741e-03,
       2.17983662e-03, 0., 5.44959155e-04, 1.63487741e-03,
       1.63487741e-03, 1.63487741e-03, 1.08991831e-03, 1.08991831e-03,
       0., 1.08991831e-03, 5.44959155e-04, 5.44959167e-03, 0.,
       5.44959155e-04, 1.08991831e-03, 1.08991831e-03, 5.44959155e-04,
       5.44959155e-04, 3.26975482e-03, 1.63487741e-03, 5.44959155e-04,
       0., 5.44959155e-04, 0., 5.44959155e-04, 3.81471403e-03,
       2.17983662e-03, 1.08991831e-03, 5.44959155e-04, 1.63487741e-03,
       1.08991831e-03, 1.08991831e-03, 1.63487741e-03, 1.08991831e-03,
       0., 2.72479584e-03, 0., 1.63487741e-03, 0., 2.17983662e-03,
       2.17983662e-03, 5.44959155e-04, 0., 4.35967324e-03,
       1.08991831e-03, 5.44959155e-04, 1.08991831e-03, 1.08991831e-03,
       2.72479584e-03, 1.08991831e-03, 1.08991831e-03, 2.17983662e-03,
       3.81471403e-03, 0., 0., 2.17983662e-03, 2.72479584e-03,
       2.17983662e-03, 1.63487741e-03, 4.90463246e-03, 0.,
       2.17983662e-03, 5.99455088e-03, 1.63487741e-03, 5.44959155e-04,
       0., 0., 5.44959155e-04, 2.17983662e-03, 1.63487741e-03,
       5.44959155e-04, 1.08991831e-03, 8.71934649e-03, 5.44959155e-04,
       3.81471403e-03, 1.08991831e-03, 5.44959155e-04, 1.08991831e-03,
       1.08991831e-03, 1.08991831e-03, 3.26975482e-03, 2.17983662e-03,
       5.44959155e-04, 5.99455088e-03, 1.08991831e-03, 2.17983662e-03,
       5.44959155e-04, 0., 1.08991831e-03, 1.08991831e-03, 0.,
       2.72479584e-03, 1.08991831e-03, 5.44959155e-04, 1.63487741e-03,
       5.44959155e-04, 1.08991831e-03, 0., 1.08991831e-03,
       1.63487741e-03, 7.08446885e-03, 0., 2.17983662e-03,
       5.44959155e-04, 1.63487741e-03, 0., 0., 5.44959155e-04,
       1.63487741e-03, 0., 2.72479584e-03, 1.63487741e-03,
       1.63487741e-03, 0., 1.08991831e-03, 1.08991831e-03,
       5.44959155e-04, 1.08991831e-03, 1.08991831e-03, 3.81471403e-03,
       1.63487741e-03, 1.63487741e-03, 5.44959155e-04, 5.44959155e-04,
       5.44959155e-04, 5.44959155e-04, 2.17983662e-03, 3.26975482e-03,
       5.44959155e-04, 1.08991831e-03, 5.44959155e-04, 0.,
       5.44959155e-04, 5.44959155e-04, 1.08991831e-03, 5.44959155e-04,
       0., 1.08991831e-03, 1.08991831e-03, 5.44959155e-04,
       1.08991831e-03, 0., 2.17983662e-03, 5.44959155e-04,
       1.08991831e-03, 5.44959155e-04, 0., 5.44959155e-04,
       4.35967324e-03, 1.08991831e-03, 2.72479584e-03, 1.08991831e-03,
       1.63487741e-03, 7.62942806e-03, 1.08991831e-03, 0.,
       2.17983662e-03, 5.44959155e-04, 5.44959155e-04, 0.,
       1.08991831e-03, 1.63487741e-03, 0., 1.08991831e-03,
       1.08991831e-03, 2.17983662e-03, 3.81471403e-03, 5.44959155e-04,
       0., 1.08991831e-03, 5.44959155e-04, 0., 1.08991831e-03,
       1.08991831e-03, 0., 3.26975482e-03, 5.44959155e-04,
       2.72479584e-03, 3.26975482e-03, 2.72479584e-03, 1.08991831e-03,
       5.44959155e-04, 3.26975482e-03, 5.44959155e-04, 5.44959155e-04,
       5.44959155e-04, 0., 1.08991831e-03, 0., 2.17983662e-03,
       2.72479584e-03, 1.08991831e-03, 2.17983662e-03, 1.08991831e-03,
       2.17983662e-03, 0., 1.08991831e-03, 5.44959155e-04,
       1.08991831e-03, 0., 1.63487741e-03, 0., 2.72479584e-03,
       2.17983662e-03, 1.08991831e-03, 1.08991831e-03, 5.44959155e-04,
       1.63487741e-03, 5.44959155e-04, 0., 1.08991831e-03,
       5.44959155e-04, 4.35967324e-03, 5.44959155e-04, 5.44959167e-03,
       0., 1.63487741e-03, 3.26975482e-03, 5.44959155e-04,
       2.72479584e-03, 1.08991831e-03, 0., 0., 5.44959155e-04,
       5.44959155e-04, 2.17983662e-03, 0., 0., 5.44959155e-04, 0.,
       1.08991831e-03, 5.44959155e-04, 0., 1.63487741e-03, 0., 0.,
       1.08991831e-03, 3.26975482e-03, 5.44959155e-04, 0.,
       1.63487741e-03, 2.17983662e-03, 6.53950963e-03, 1.63487741e-03,
       0., 1.08991831e-03, 1.08991831e-03, 1.08991831e-03,
       1.08991831e-03, 1.08991831e-03, 5.44959155e-04, 1.08991831e-03,
       1.63487741e-03, 5.44959155e-04, 5.44959155e-04, 3.81471403e-03,
       5.44959155e-04, 2.17983662e-03, 4.90463246e-03, 0.,
       5.44959155e-04, 5.44959155e-04, 3.81471403e-03, 5.44959155e-04,
       0., 1.08991831e-03, 0., 5.44959155e-04, 0., 5.44959155e-04,
       1.08991831e-03, 1.08991831e-03, 1.08991831e-03, 2.17983662e-03,
       1.63487741e-03, 0., 2.17983662e-03, 1.08991831e-03,
       5.44959155e-04, 1.08991831e-03, 5.44959155e-04, 0.,
       2.17983662e-03, 1.63487741e-03, 5.44959155e-04, 0.,
       5.44959155e-04, 0., 5.44959155e-04, 1.08991831e-03,
       7.62942806e-03, 5.44959155e-04, 1.63487741e-03, 5.44959155e-04,
       1.08991831e-03, 3.26975482e-03, 5.44959155e-04, 1.63487741e-03,
       5.44959155e-04, 0., 5.44959155e-04, 5.44959155e-04,
       3.81471403e-03, 0., 5.44959155e-04, 3.26975482e-03,
       2.72479584e-03, 5.44959155e-04, 1.08991831e-03, 0.,
       2.17983662e-03, 0., 1.08991831e-03, 0., 1.08991831e-03,
       5.44959155e-04, 5.44959155e-04, 1.08991831e-03, 1.08991831e-03,
       5.44959155e-04, 4.35967324e-03, 1.08991831e-03, 5.44959155e-04,
       0., 2.17983662e-03, 5.44959155e-04, 0., 7.08446885e-03,
       5.44959155e-04, 5.44959155e-04, 3.81471403e-03, 1.08991831e-03,
       5.44959167e-03, 0., 0., 5.44959155e-04, 0., 5.44959155e-04,
       2.17983662e-03, 1.63487741e-03, 1.08991831e-03, 1.63487741e-03,
       1.63487741e-03, 0., 0., 5.44959155e-04, 3.26975482e-03,
       1.08991831e-03, 0., 0., 5.44959155e-04, 0., 1.08991831e-03,
       3.81471403e-03, 2.17983662e-03, 3.26975482e-03, 0., 0.,
       1.08991831e-03, 0., 5.44959155e-04, 1.63487741e-03, 0.,
       2.72479584e-03, 1.63487741e-03, 0., 1.08991831e-03, 0.,
       1.08991831e-03, 5.44959155e-04, 5.44959155e-04, 5.44959155e-04,
       1.08991831e-03, 5.44959155e-04, 1.08991831e-03, 1.63487741e-03,
       1.08991831e-03, 5.44959155e-04, 2.72479584e-03, 0.,
       5.44959155e-04, 1.08991831e-03, 0., 1.08991831e-03,
       1.63487741e-03, 0., 5.44959155e-04, 1.63487741e-03,
       1.63487741e-03, 2.17983662e-03, 5.44959155e-04, 4.90463246e-03,
       3.81471403e-03, 1.08991831e-03, 5.44959155e-04, 2.72479584e-03,
       5.44959155e-04, 0., 2.17983662e-03, 5.44959155e-04,
       1.08991831e-03, 1.63487741e-03, 2.72479584e-03, 5.44959155e-04,
       5.44959155e-04, 1.08991831e-03, 4.35967324e-03, 5.44959155e-04,
       0., 1.08991831e-03, 5.44959155e-04, 0., 0., 1.63487741e-03,
       5.44959155e-04, 5.44959155e-04, 1.08991831e-03, 0.,
       1.08991831e-03, 0., 0., 1.08991831e-03, 0., 5.44959155e-04,
       2.17983662e-03, 1.63487741e-03, 0., 0., 0., 1.08991831e-03, 0.,
       6.53950963e-03, 1.63487741e-03, 2.72479584e-03, 5.44959155e-04,
       5.44959155e-04, 0., 5.44959155e-04, 1.08991831e-03, 0.,
       1.08991831e-03, 1.08991831e-03, 2.17983662e-03, 2.17983662e-03,
       5.44959155e-04, 0., 5.44959155e-04, 1.63487741e-03,
       5.44959155e-04, 1.08991831e-03, 5.44959155e-04, 1.63487741e-03,
       3.81471403e-03, 0., 5.44959155e-04, 3.81471403e-03, 0.,
       2.72479584e-03, 5.44959155e-04, 1.08991831e-03, 1.08991831e-03,
       2.72479584e-03, 0., 0., 5.44959155e-04, 0., 1.08991831e-03, 0.,
       0., 0., 1.08991831e-03, 1.08991831e-03, 1.08991831e-03,
       5.44959155e-04, 1.08991831e-03, 2.72479584e-03, 3.26975482e-03,
       5.44959155e-04, 0., 0., 2.17983662e-03, 1.08991831e-03, 0., 0.,
       5.44959155e-04, 1.08991831e-03, 5.44959155e-04, 5.44959155e-04,
       1.08991831e-03, 0., 2.72479584e-03, 0., 1.08991831e-03,
       4.90463246e-03, 1.08991831e-03, 1.08991831e-03, 0., 0.,
       5.44959155e-04, 3.81471403e-03, 2.17983662e-03, 0.,
       1.08991831e-03, 1.08991831e-03, 2.72479584e-03, 3.26975482e-03,
       1.63487741e-03, 5.44959155e-04, 5.44959155e-04, 2.72479584e-03,
       1.08991831e-03, 0., 0., 0., 1.08991831e-03, 1.08991831e-03,
       5.44959155e-04, 5.44959155e-04, 1.63487741e-03, 3.26975482e-03,
       0., 5.44959155e-04, 5.44959155e-04, 1.63487741e-03,
