%YAML:1.0
m50f: !!opencv-matrix
   rows: 1
   cols: 800
   dt: f
   data: [ 9.56480158e-04, 4.78240079e-04, 4.30416083e-03,
       4.78240079e-04, 2.39120051e-03, 0., 1.91296032e-03,
       1.43472024e-03, 0., 1.43472024e-03, 1.91296032e-03,
       9.56480158e-04, 4.78240079e-04, 4.78240079e-04, 2.39120051e-03,
       4.78240079e-04, 1.91296032e-03, 4.78240079e-04, 4.78240079e-04,
       4.78240079e-04, 1.91296032e-03, 2.39120051e-03, 1.43472024e-03,
       2.39120051e-03, 4.78240079e-04, 0., 3.34768044e-03,
       1.91296032e-03, 1.91296032e-03, 3.34768044e-03, 4.78240079e-04,
       0., 2.86944048e-03, 2.39120051e-03, 4.78240079e-04,
       2.39120051e-03, 1.91296032e-03, 1.43472024e-03, 1.43472024e-03,
       4.78240079e-04, 1.43472024e-03, 4.78240079e-04, 1.91296032e-03,
       4.78240079e-04, 9.56480158e-04, 1.43472024e-03, 9.56480158e-04,
       1.91296032e-03, 0., 9.56480158e-04, 1.91296032e-03,
       4.78240079e-04, 2.86944048e-03, 0., 4.78240079e-04, 0.,
       4.78240079e-04, 9.56480158e-04, 2.86944048e-03, 9.56480158e-04,
       4.78240079e-04, 4.78240079e-04, 9.56480158e-04, 2.39120051e-03,
       2.39120051e-03, 0., 5.73888095e-03, 4.30416083e-03,
       4.78240079e-04, 0., 9.56480158e-04, 9.56480158e-04,
       9.56480158e-04, 0., 9.56480158e-04, 4.78240079e-04, 0., 0.,
       9.56480158e-04, 9.56480158e-04, 9.56480158e-04, 1.43472024e-03,
       9.56480158e-04, 9.56480158e-04, 0., 4.78240079e-04, 0.,
       9.56480158e-04, 1.91296032e-03, 0., 0., 0., 0., 4.78240079e-04,
       4.78240079e-04, 2.86944048e-03, 2.39120051e-03, 1.43472024e-03,
       3.34768044e-03, 0., 1.91296032e-03, 1.91296032e-03, 0.,
       1.91296032e-03, 0., 2.39120051e-03, 1.43472024e-03, 0.,
       1.43472024e-03, 1.43472024e-03, 9.56480158e-04, 4.78240079e-04,
       1.91296032e-03, 1.43472024e-03, 9.56480158e-04, 1.91296032e-03,
       2.39120051e-03, 2.86944048e-03, 1.43472024e-03, 1.43472024e-03,
       0., 4.78240079e-04, 3.82592063e-03, 9.56480158e-04, 0., 0.,
       2.86944048e-03, 1.43472024e-03, 1.43472024e-03, 0., 0.,
       4.78240079e-04, 2.39120051e-03, 1.91296032e-03, 9.56480158e-04,
       0., 4.78240079e-04, 4.78240079e-04, 9.56480158e-04,
       4.78240079e-04, 2.39120051e-03, 2.39120051e-03, 9.56480158e-04,
       4.78240079e-04, 2.86944048e-03, 4.78240079e-04, 1.91296032e-03,
       1.43472024e-03, 0., 1.91296032e-03, 0., 0., 2.39120051e-03,
       9.56480158e-04, 4.78240079e-04, 0., 0., 4.78240079e-04,
       4.78240079e-04, 0., 4.30416083e-03, 4.30416083e-03,
       1.43472024e-03, 1.43472024e-03, 9.56480158e-04, 4.78240103e-03,
       0., 1.91296032e-03, 2.39120051e-03, 0., 1.91296032e-03,
       9.56480158e-04, 2.86944048e-03, 0., 9.56480158e-04, 0.,
       4.78240079e-04, 2.86944048e-03, 3.82592063e-03, 4.78240079e-04,
       1.91296032e-03, 9.56480158e-04, 9.56480158e-04, 1.43472024e-03,
       2.39120051e-03, 4.78240079e-04, 9.56480158e-04, 0., 0.,
       9.56480158e-04, 9.56480158e-04, 0., 3.34768044e-03,
       2.86944048e-03, 9.56480158e-04, 2.86944048e-03, 1.43472024e-03,
       9.56480158e-04, 9.56480158e-04, 2.86944048e-03, 2.39120051e-03,
       4.78240079e-04, 9.56480158e-04, 9.56480158e-04, 1.43472024e-03,
       9.56480158e-04, 9.56480158e-04, 2.39120051e-03, 0.,
       4.78240079e-04, 1.43472024e-03, 9.56480158e-04, 0., 0.,
       1.43472024e-03, 2.86944048e-03, 1.91296032e-03, 9.56480158e-04,
       4.78240079e-04, 4.78240079e-04, 9.56480158e-04, 6.21712115e-03,
       0., 4.78240079e-04, 3.34768044e-03, 1.43472024e-03, 0., 0.,
       9.56480158e-04, 9.56480158e-04, 0., 2.39120051e-03,
       4.78240079e-04, 1.91296032e-03, 1.91296032e-03, 2.39120051e-03,
       9.56480158e-04, 2.39120051e-03, 0., 0., 9.56480158e-04,
       3.34768044e-03, 1.43472024e-03, 4.30416083e-03, 1.43472024e-03,
       4.78240079e-04, 9.56480158e-04, 1.91296032e-03, 4.78240079e-04,
       0., 2.39120051e-03, 9.56480158e-04, 0., 1.91296032e-03,
       9.56480158e-04, 2.86944048e-03, 1.43472024e-03, 2.86944048e-03,
       2.86944048e-03, 0., 2.86944048e-03, 1.43472024e-03, 0.,
       4.30416083e-03, 4.78240079e-04, 4.78240079e-04, 1.43472024e-03,
       4.78240079e-04, 0., 4.78240079e-04, 1.43472024e-03,
       4.78240079e-04, 0., 4.78240079e-04, 4.78240079e-04, 0., 0.,
       3.34768044e-03, 4.78240079e-04, 3.34768044e-03, 9.56480158e-04,
       1.91296032e-03, 9.56480158e-04, 4.78240079e-04, 9.56480158e-04,
       9.56480158e-04, 0., 9.56480158e-04, 0., 3.82592063e-03,
       1.43472024e-03, 1.91296032e-03, 0., 0., 1.91296032e-03,
       2.39120051e-03, 1.91296032e-03, 1.43472024e-03, 1.43472024e-03,
       4.78240079e-04, 9.56480158e-04, 1.91296032e-03, 1.91296032e-03,
       1.43472024e-03, 2.39120051e-03, 4.78240079e-04, 0.,
       4.78240079e-04, 1.43472024e-03, 0., 4.30416083e-03,
       2.86944048e-03, 4.78240079e-04, 4.78240079e-04, 4.78240079e-04,
       1.91296032e-03, 4.78240079e-04, 2.39120051e-03, 9.56480158e-04,
       3.82592063e-03, 4.78240079e-04, 1.43472024e-03, 1.43472024e-03,
       1.43472024e-03, 2.39120051e-03, 1.43472024e-03, 9.56480158e-04,
       0., 1.91296032e-03, 4.78240079e-04, 1.43472024e-03, 0.,
       4.78240079e-04, 1.91296032e-03, 0., 4.78240079e-04,
       4.30416083e-03, 9.56480158e-04, 2.86944048e-03, 0.,
       9.56480158e-04, 4.78240079e-04, 2.39120051e-03, 1.43472024e-03,
       9.56480158e-04, 1.43472024e-03, 9.56480158e-04, 2.86944048e-03,
       2.39120051e-03, 9.56480158e-04, 0., 1.91296032e-03, 0.,
       9.56480158e-04, 2.86944048e-03, 9.56480158e-04, 0.,
       1.91296032e-03, 1.43472024e-03, 9.56480158e-04, 3.82592063e-03,
       1.43472024e-03, 9.56480158e-04, 1.91296032e-03, 9.56480158e-04,
       2.39120051e-03, 9.56480158e-04, 0., 9.56480158e-04,
       1.43472024e-03, 1.91296032e-03, 1.43472024e-03, 9.56480158e-04,
       2.86944048e-03, 3.34768044e-03, 4.78240079e-04, 4.78240079e-04,
       1.91296032e-03, 3.82592063e-03, 1.91296032e-03, 1.43472024e-03,
       4.78240079e-04, 9.56480158e-04, 1.43472024e-03, 2.39120051e-03,
       9.56480158e-04, 1.91296032e-03, 1.91296032e-03, 4.78240079e-04,
       3.82592063e-03, 1.43472024e-03, 3.34768044e-03, 0.,
       1.43472024e-03, 1.91296032e-03, 4.78240079e-04, 1.91296032e-03,
       9.56480158e-04, 9.56480158e-04, 2.39120051e-03, 1.91296032e-03,
       9.56480158e-04, 4.78240079e-04, 0., 3.34768044e-03,
       4.78240079e-04, 1.43472024e-03, 4.78240079e-04, 0.,
       1.43472024e-03, 0., 1.43472024e-03, 4.78240079e-04,
       1.91296032e-03, 4.78240079e-04, 0., 1.43472024e-03,
       4.78240079e-04, 0., 9.56480158e-04, 4.78240079e-04,
       2.39120051e-03, 1.91296032e-03, 9.56480158e-04, 2.86944048e-03,
       4.78240079e-04, 9.56480158e-04, 0., 0., 9.56480158e-04,
       1.91296032e-03, 4.78240079e-04, 1.91296032e-03, 0.,
       1.91296032e-03, 4.78240079e-04, 0., 3.34768044e-03,
       1.43472024e-03, 0., 1.43472024e-03, 1.91296032e-03,
       9.56480158e-04, 1.43472024e-03, 0., 1.43472024e-03,
       1.43472024e-03, 0., 0., 1.43472024e-03, 4.78240079e-04, 0.,
       9.56480158e-04, 9.56480158e-04, 1.91296032e-03, 1.43472024e-03,
       1.43472024e-03, 0., 9.56480158e-04, 1.43472024e-03,
       2.86944048e-03, 1.91296032e-03, 0., 0., 2.86944048e-03, 0.,
       2.39120051e-03, 8.13008100e-03, 4.78240079e-04, 9.56480158e-04,
       9.56480158e-04, 0., 1.91296032e-03, 1.91296032e-03,
       1.91296032e-03, 0., 4.78240079e-04, 1.91296032e-03,
       1.91296032e-03, 0., 0., 4.78240079e-04, 4.78240079e-04,
       4.78240079e-04, 0., 0., 4.78240079e-04, 0., 4.78240079e-04,
       2.39120051e-03, 4.78240079e-04, 9.56480158e-04, 4.30416083e-03,
       1.43472024e-03, 9.56480158e-04, 1.91296032e-03, 1.43472024e-03,
       2.86944048e-03, 1.43472024e-03, 9.56480158e-04, 9.56480158e-04,
       1.91296032e-03, 4.78240079e-04, 4.78240079e-04, 4.78240079e-04,
       1.43472024e-03, 3.34768044e-03, 1.43472024e-03, 1.43472024e-03,
       2.39120051e-03, 4.78240079e-04, 9.56480158e-04, 2.86944048e-03,
