%YAML:1.0
m50f: !!opencv-matrix
   rows: 1
   cols: 800
   dt: f
   data: [ 6.76818949e-04, 1.01522845e-03, 3.38409474e-04,
       3.38409474e-04, 3.38409474e-04, 1.01522845e-03, 4.39932337e-03,
       6.76818949e-04, 3.38409474e-04, 3.38409474e-04, 1.35363790e-03,
       3.72250425e-03, 1.01522845e-03, 1.35363790e-03, 2.70727579e-03,
       2.70727579e-03, 1.01522845e-03, 1.01522845e-03, 1.01522845e-03,
       2.03045690e-03, 6.76818949e-04, 1.01522845e-03, 6.76818949e-04,
       1.01522845e-03, 4.06091381e-03, 2.03045690e-03, 1.01522845e-03,
       1.69204734e-03, 0., 6.76818949e-04, 1.35363790e-03,
       1.69204734e-03, 6.76818949e-04, 6.76818949e-04, 1.69204734e-03,
       1.69204734e-03, 3.38409474e-04, 1.35363790e-03, 1.01522845e-03,
       6.76818949e-04, 6.76818949e-04, 5.41455159e-03, 1.01522845e-03,
       1.35363790e-03, 3.04568536e-03, 1.01522845e-03, 1.69204734e-03,
       6.76818949e-04, 2.03045690e-03, 3.38409469e-03, 1.35363790e-03,
       6.76818949e-04, 1.35363790e-03, 1.35363790e-03, 3.38409474e-04,
       6.76818949e-04, 2.36886623e-03, 1.35363790e-03, 3.38409474e-04,
       3.38409474e-04, 1.01522845e-03, 1.35363790e-03, 3.38409469e-03,
       6.76818949e-04, 6.76818949e-04, 1.01522845e-03, 6.76818949e-04,
       1.35363790e-03, 2.03045690e-03, 2.36886623e-03, 3.04568536e-03,
       1.35363790e-03, 2.03045690e-03, 1.01522845e-03, 1.01522845e-03,
       1.35363790e-03, 1.69204734e-03, 1.69204734e-03, 1.35363790e-03,
       1.01522845e-03, 1.69204734e-03, 1.01522845e-03, 3.38409474e-04,
       3.38409474e-04, 1.35363790e-03, 3.72250425e-03, 1.01522845e-03,
       3.38409474e-04, 2.70727579e-03, 2.70727579e-03, 6.76818949e-04,
       0., 6.76818949e-04, 1.01522845e-03, 0., 1.69204734e-03,
       2.03045690e-03, 1.01522845e-03, 6.76818949e-04, 1.35363790e-03,
       3.38409474e-04, 3.38409474e-04, 2.03045690e-03, 6.76818949e-04,
       1.01522845e-03, 1.01522845e-03, 3.38409474e-04, 6.76818949e-04,
       3.38409474e-04, 0., 2.03045690e-03, 1.69204734e-03,
       1.35363790e-03, 1.01522845e-03, 1.35363790e-03, 3.38409474e-04,
       1.35363790e-03, 1.69204734e-03, 3.38409469e-03, 4.06091381e-03,
       3.38409474e-04, 6.76818949e-04, 1.01522845e-03, 1.01522845e-03,
       6.76818949e-04, 1.35363790e-03, 2.03045690e-03, 6.76818949e-04,
       2.36886623e-03, 2.36886623e-03, 2.03045690e-03, 1.35363790e-03,
       3.38409474e-04, 6.76818949e-04, 6.76818949e-04, 5.75296115e-03,
       1.69204734e-03, 6.76818949e-04, 2.36886623e-03, 1.69204734e-03,
       0., 4.06091381e-03, 1.01522845e-03, 3.72250425e-03,
       1.01522845e-03, 1.35363790e-03, 3.38409474e-04, 3.38409474e-04,
       6.76818949e-04, 6.76818949e-04, 6.76818949e-04, 1.01522845e-03,
       1.35363790e-03, 1.69204734e-03, 2.03045690e-03, 1.35363790e-03,
       1.35363790e-03, 6.76818949e-04, 3.38409474e-04, 0., 0.,
       1.35363790e-03, 1.35363790e-03, 2.36886623e-03, 1.35363790e-03,
       1.35363790e-03, 2.36886623e-03, 3.38409474e-04, 6.76818949e-04,
       1.01522845e-03, 2.70727579e-03, 1.35363790e-03, 0.,
       1.01522845e-03, 3.38409474e-04, 3.38409474e-04, 3.38409474e-04,
       3.72250425e-03, 3.38409474e-04, 2.36886623e-03, 3.38409474e-04,
       2.70727579e-03, 2.36886623e-03, 1.01522845e-03, 2.70727579e-03,
       2.36886623e-03, 6.76818949e-04, 1.01522845e-03, 2.03045690e-03,
       0., 2.03045690e-03, 3.04568536e-03, 3.04568536e-03,
       1.01522845e-03, 3.38409474e-04, 1.35363790e-03, 3.38409474e-04,
       6.76818949e-04, 3.38409474e-04, 3.38409474e-04, 1.01522845e-03,
       3.38409474e-04, 3.72250425e-03, 1.69204734e-03, 0.,
       3.04568536e-03, 1.35363790e-03, 1.01522845e-03, 1.01522845e-03,
       1.35363790e-03, 6.76818949e-04, 0., 3.38409469e-03,
       6.76818949e-04, 2.36886623e-03, 3.38409474e-04, 2.36886623e-03,
       6.76818949e-04, 6.76818949e-04, 3.38409474e-04, 6.76818949e-04,
       1.69204734e-03, 1.01522845e-03, 1.01522845e-03, 6.76818949e-04,
       2.36886623e-03, 1.69204734e-03, 3.04568536e-03, 6.76818949e-04,
       2.70727579e-03, 1.35363790e-03, 1.01522845e-03, 2.03045690e-03,
       3.04568536e-03, 2.70727579e-03, 6.76818949e-04, 2.36886623e-03,
       2.70727579e-03, 3.38409474e-04, 1.01522845e-03, 1.35363790e-03,
       0., 1.35363790e-03, 3.72250425e-03, 0., 1.01522845e-03,
       7.44500849e-03, 1.69204734e-03, 3.38409474e-04, 6.76818949e-04,
       1.35363790e-03, 6.76818949e-04, 1.01522845e-03, 6.76818949e-04,
       1.69204734e-03, 1.01522845e-03, 2.36886623e-03, 1.35363790e-03,
       1.35363790e-03, 1.01522845e-03, 3.38409469e-03, 1.01522845e-03,
       1.01522845e-03, 2.70727579e-03, 3.38409474e-04, 6.76818949e-04,
       1.35363790e-03, 6.42977981e-03, 6.76818949e-04, 3.38409474e-04,
       3.04568536e-03, 2.03045690e-03, 1.69204734e-03, 2.36886623e-03,
       6.76818949e-04, 1.69204734e-03, 6.76818949e-04, 3.04568536e-03,
       1.01522845e-03, 1.69204734e-03, 4.06091381e-03, 1.01522845e-03,
       1.35363790e-03, 1.01522845e-03, 1.35363790e-03, 2.36886623e-03,
       1.69204734e-03, 6.76818949e-04, 1.69204734e-03, 1.69204734e-03,
       2.03045690e-03, 1.35363790e-03, 0., 0., 1.01522845e-03, 0.,
       1.35363790e-03, 1.35363790e-03, 1.69204734e-03, 6.76818949e-04,
       1.01522845e-03, 3.38409474e-04, 1.35363790e-03, 1.01522845e-03,
       2.36886623e-03, 2.70727579e-03, 1.35363790e-03, 1.01522845e-03,
       6.76818949e-04, 6.76818949e-04, 6.76818949e-04, 3.38409474e-04,
       6.76818949e-04, 3.38409474e-04, 3.38409474e-04, 1.35363790e-03,
       6.76818949e-04, 3.38409474e-04, 6.76818949e-04, 6.76818949e-04,
       3.38409474e-04, 1.35363790e-03, 2.03045690e-03, 1.35363790e-03,
       3.38409474e-04, 6.76818949e-04, 1.01522845e-03, 3.38409474e-04,
       3.38409474e-04, 2.36886623e-03, 6.76818949e-04, 2.36886623e-03,
       2.36886623e-03, 4.39932337e-03, 6.76818949e-04, 6.76818949e-04,
       3.38409474e-04, 1.35363790e-03, 6.76818949e-04, 6.76818949e-04,
       5.07614203e-03, 3.38409474e-04, 3.72250425e-03, 3.38409474e-04,
       2.70727579e-03, 2.03045690e-03, 0., 2.03045690e-03,
       2.70727579e-03, 2.36886623e-03, 0., 0., 6.76818949e-04,
       1.35363790e-03, 3.04568536e-03, 1.69204734e-03, 1.69204734e-03,
       2.03045690e-03, 1.35363790e-03, 2.03045690e-03, 2.03045690e-03,
       0., 6.76818949e-04, 1.01522845e-03, 3.38409474e-04,
       6.76818949e-04, 6.76818949e-04, 0., 1.69204734e-03,
       1.01522845e-03, 1.01522845e-03, 3.38409474e-04, 6.76818949e-04,
       1.35363790e-03, 6.76818949e-04, 1.01522845e-03, 1.35363790e-03,
       3.38409474e-04, 1.35363790e-03, 6.76818949e-04, 4.06091381e-03,
       1.69204734e-03, 6.76818949e-04, 6.76818949e-04, 2.03045690e-03,
       1.35363790e-03, 1.01522845e-03, 6.76818949e-04, 2.36886623e-03,
       0., 3.38409469e-03, 2.70727579e-03, 2.36886623e-03,
       6.76818949e-04, 6.76818949e-04, 6.76818949e-04, 3.38409474e-04,
       1.35363790e-03, 3.38409474e-04, 2.36886623e-03, 2.03045690e-03,
       2.03045690e-03, 2.36886623e-03, 6.76818949e-04, 1.69204734e-03,
       1.01522845e-03, 3.38409474e-04, 1.69204734e-03, 6.76818949e-04,
       1.01522845e-03, 6.76818937e-03, 2.03045690e-03, 6.76818949e-04,
       1.35363790e-03, 2.36886623e-03, 4.73773247e-03, 3.38409474e-04,
       0., 2.36886623e-03, 6.76818949e-04, 1.01522845e-03, 0.,
       1.69204734e-03, 1.35363790e-03, 2.36886623e-03, 0.,
       3.38409474e-04, 1.35363790e-03, 4.06091381e-03, 1.69204734e-03,
       0., 1.69204734e-03, 1.35363790e-03, 0., 1.01522845e-03,
       3.38409474e-04, 1.01522845e-03, 1.01522845e-03, 6.76818949e-04,
       0., 1.35363790e-03, 3.38409474e-04, 2.70727579e-03,
       1.01522845e-03, 1.69204734e-03, 6.76818949e-04, 3.38409474e-04,
       6.76818949e-04, 6.76818949e-04, 1.01522845e-03, 3.38409474e-04,
       2.70727579e-03, 1.01522845e-03, 2.03045690e-03, 3.38409474e-04,
       1.69204734e-03, 6.76818949e-04, 2.36886623e-03, 1.35363790e-03,
       1.35363790e-03, 0., 6.76818949e-04, 0., 1.35363790e-03,
