%YAML:1.0
m50f: !!opencv-matrix
   rows: 1
   cols: 800
   dt: f
   data: [ 3.37040779e-04, 1.34816312e-03, 3.37040779e-04,
       6.74081559e-04, 1.01112237e-03, 6.74081559e-04, 6.74081559e-04,
       0., 1.01112237e-03, 3.37040779e-04, 1.01112237e-03,
       1.01112237e-03, 2.02224473e-03, 1.34816312e-03, 1.01112237e-03,
       2.35928548e-03, 6.74081559e-04, 6.74081559e-04, 3.37040779e-04,
       1.34816312e-03, 1.01112237e-03, 6.74081559e-04, 1.68520387e-03,
       2.35928548e-03, 2.35928548e-03, 1.01112237e-03, 3.37040779e-04,
       1.34816312e-03, 1.68520387e-03, 6.74081559e-04, 1.01112237e-03,
       4.04448947e-03, 6.74081559e-04, 0., 0., 3.37040774e-03,
       1.01112237e-03, 1.34816312e-03, 1.34816312e-03, 0.,
       1.34816312e-03, 3.03336699e-03, 1.01112237e-03, 6.74081559e-04,
       2.02224473e-03, 3.37040774e-03, 2.02224473e-03, 2.35928548e-03,
       3.37040779e-04, 2.35928548e-03, 2.02224473e-03, 2.02224473e-03,
       6.74081559e-04, 1.34816312e-03, 1.34816312e-03, 3.37040779e-04,
       4.71857097e-03, 3.37040779e-04, 3.37040779e-04, 1.68520387e-03,
       1.01112237e-03, 6.74081559e-04, 1.34816312e-03, 1.68520387e-03,
       6.74081559e-04, 1.01112237e-03, 3.37040779e-04, 1.01112237e-03,
       0., 2.02224473e-03, 0., 3.37040779e-04, 2.35928548e-03,
       2.02224473e-03, 4.71857097e-03, 0., 3.37040774e-03,
       1.01112237e-03, 3.37040779e-04, 1.68520387e-03, 2.02224473e-03,
       3.37040779e-04, 1.68520387e-03, 0., 1.34816312e-03,
       1.01112237e-03, 3.37040779e-04, 1.34816312e-03, 3.37040774e-03,
       1.68520387e-03, 2.02224473e-03, 6.74081559e-04, 1.01112237e-03,
       1.01112237e-03, 3.37040779e-04, 0., 1.34816312e-03,
       3.37040779e-04, 6.74081559e-04, 3.37040779e-04, 1.01112237e-03,
       2.02224473e-03, 2.69632624e-03, 1.01112237e-03, 0.,
       6.74081559e-04, 6.74081559e-04, 1.01112237e-03, 6.74081559e-04,
       3.37040779e-04, 2.69632624e-03, 3.37040779e-04, 3.37040779e-04,
       6.74081559e-04, 1.01112237e-03, 3.37040779e-04, 1.01112237e-03,
       1.01112237e-03, 2.69632624e-03, 2.69632624e-03, 6.74081559e-04,
       6.74081559e-04, 6.74081559e-04, 1.34816312e-03, 2.02224473e-03,
       2.02224473e-03, 3.37040779e-04, 1.34816312e-03, 6.74081559e-04,
       1.01112237e-03, 1.34816312e-03, 2.02224473e-03, 0.,
       2.35928548e-03, 1.01112237e-03, 5.05561149e-03, 1.01112237e-03,
       1.34816312e-03, 3.37040779e-04, 6.74081559e-04, 3.37040779e-04,
       3.37040774e-03, 6.74081559e-04, 1.34816312e-03, 6.74081559e-04,
       0., 6.74081559e-04, 6.74081559e-04, 2.02224473e-03,
       6.74081559e-04, 6.74081559e-04, 2.69632624e-03, 2.02224473e-03,
       3.37040779e-04, 6.74081559e-04, 3.37040779e-04, 1.01112237e-03,
       1.34816312e-03, 2.35928548e-03, 1.68520387e-03, 0.,
       1.68520387e-03, 1.01112237e-03, 1.01112237e-03, 3.37040779e-04,
       6.74081559e-04, 3.37040779e-04, 3.70744849e-03, 6.74081559e-04,
       1.34816312e-03, 6.74081559e-04, 1.68520387e-03, 2.35928548e-03,
       6.74081559e-04, 1.01112237e-03, 3.37040779e-04, 1.68520387e-03,
       1.01112237e-03, 6.74081559e-04, 2.69632624e-03, 0.,
       6.74081559e-04, 2.35928548e-03, 6.74081559e-04, 6.74081559e-04,
       6.74081559e-04, 2.35928548e-03, 6.74081559e-04, 1.01112237e-03,
       1.34816312e-03, 6.74081559e-04, 3.37040774e-03, 6.74081559e-04,
       1.01112237e-03, 6.74081559e-04, 2.69632624e-03, 6.74081559e-04,
       6.74081559e-04, 0., 1.01112237e-03, 3.37040779e-04, 0.,
       1.01112237e-03, 3.37040774e-03, 1.34816312e-03, 4.04448947e-03,
       1.68520387e-03, 1.01112237e-03, 1.68520387e-03, 3.37040779e-04,
       1.34816312e-03, 3.37040779e-04, 3.37040774e-03, 1.68520387e-03,
       1.34816312e-03, 3.37040779e-04, 3.37040779e-04, 0.,
       6.74081559e-04, 1.34816312e-03, 1.68520387e-03, 1.01112237e-03,
       6.74081559e-04, 3.37040779e-04, 1.01112237e-03, 1.01112237e-03,
       6.74081559e-04, 1.01112237e-03, 1.01112237e-03, 3.37040774e-03,
       6.74081559e-04, 2.69632624e-03, 3.37040779e-04, 1.01112237e-03,
       2.35928548e-03, 6.74081559e-04, 3.03336699e-03, 1.34816312e-03,
       6.74081559e-04, 1.01112237e-03, 6.74081559e-04, 0.,
       1.68520387e-03, 4.38152999e-03, 1.34816312e-03, 1.34816312e-03,
       4.04448947e-03, 1.01112237e-03, 6.74081559e-04, 1.01112237e-03,
       2.02224473e-03, 1.68520387e-03, 1.68520387e-03, 3.37040779e-04,
       1.01112237e-03, 3.03336699e-03, 2.35928548e-03, 1.34816312e-03,
       0., 2.35928548e-03, 1.01112237e-03, 1.68520387e-03,
       1.01112237e-03, 1.34816312e-03, 6.74081559e-04, 1.01112237e-03,
       6.74081559e-04, 3.37040779e-04, 0., 6.74081559e-04,
       4.04448947e-03, 2.35928548e-03, 3.37040779e-04, 3.37040779e-04,
       0., 2.02224473e-03, 6.74081559e-04, 3.37040774e-03,
       2.02224473e-03, 1.01112237e-03, 3.70744849e-03, 3.37040779e-04,
       2.35928548e-03, 1.34816312e-03, 6.74081559e-04, 6.74081559e-04,
       4.38152999e-03, 0., 1.68520387e-03, 6.74081559e-04,
       1.34816312e-03, 3.37040779e-04, 3.37040779e-04, 1.34816312e-03,
       6.74081559e-04, 1.34816312e-03, 1.68520387e-03, 6.74081559e-04,
       6.74081559e-04, 1.01112237e-03, 6.74081559e-04, 6.74081559e-04,
       2.02224473e-03, 1.01112237e-03, 1.01112237e-03, 1.01112237e-03,
       6.74081559e-04, 1.68520387e-03, 3.37040779e-04, 1.34816312e-03,
       1.01112237e-03, 1.01112237e-03, 1.01112237e-03, 2.35928548e-03,
       1.34816312e-03, 1.01112237e-03, 3.37040779e-04, 1.01112237e-03,
       6.74081559e-04, 2.35928548e-03, 0., 1.01112237e-03,
       2.69632624e-03, 1.01112237e-03, 6.74081559e-04, 2.69632624e-03,
       6.74081559e-04, 3.37040774e-03, 6.74081559e-04, 1.34816312e-03,
       1.68520387e-03, 1.34816312e-03, 4.71857097e-03, 0.,
       1.01112237e-03, 0., 1.34816312e-03, 1.68520387e-03,
       3.37040779e-04, 6.74081559e-04, 4.71857097e-03, 6.74081559e-04,
       2.69632624e-03, 1.68520387e-03, 2.69632624e-03, 6.74081559e-04,
       3.37040779e-04, 4.04448947e-03, 6.74081559e-04, 2.02224473e-03,
       3.37040779e-04, 1.68520387e-03, 3.37040779e-04, 6.74081559e-04,
       2.69632624e-03, 2.35928548e-03, 2.35928548e-03, 1.01112237e-03,
       1.68520387e-03, 5.72969345e-03, 6.74081559e-04, 1.34816312e-03,
       1.68520387e-03, 3.37040779e-04, 3.37040779e-04, 2.02224473e-03,
       1.01112237e-03, 0., 5.05561149e-03, 1.01112237e-03,
       4.04448947e-03, 1.01112237e-03, 1.01112237e-03, 1.01112237e-03,
       6.74081559e-04, 1.01112237e-03, 1.01112237e-03, 3.37040779e-04,
       1.34816312e-03, 6.74081559e-04, 4.71857097e-03, 1.68520387e-03,
       1.68520387e-03, 6.74081559e-04, 1.34816312e-03, 3.37040779e-04,
       3.37040779e-04, 3.37040779e-04, 3.37040774e-03, 6.74081559e-04,
       3.03336699e-03, 6.74081559e-04, 0., 3.70744849e-03,
       2.02224473e-03, 1.68520387e-03, 1.68520387e-03, 2.02224473e-03,
       2.35928548e-03, 6.74081559e-04, 3.37040779e-04, 6.74081559e-04,
       1.34816312e-03, 0., 1.01112237e-03, 3.37040779e-04, 0.,
       3.37040779e-04, 5.05561149e-03, 1.34816312e-03, 2.35928548e-03,
       1.68520387e-03, 1.34816312e-03, 4.04448947e-03, 1.01112237e-03,
       1.68520387e-03, 1.01112237e-03, 6.74081559e-04, 1.34816312e-03,
       1.68520387e-03, 3.37040779e-04, 6.74081559e-04, 1.34816312e-03,
       2.02224473e-03, 1.34816312e-03, 3.37040779e-04, 3.37040779e-04,
       1.34816312e-03, 4.71857097e-03, 2.02224473e-03, 1.68520387e-03,
       2.35928548e-03, 6.74081559e-04, 1.01112237e-03, 6.74081559e-04,
       1.01112237e-03, 1.01112237e-03, 1.01112237e-03, 1.34816312e-03,
       0., 1.01112237e-03, 0., 2.02224473e-03, 1.34816312e-03,
       6.74081559e-04, 6.74081559e-04, 1.68520387e-03, 1.01112237e-03,
       3.37040779e-04, 1.34816312e-03, 3.37040779e-04, 1.34816312e-03,
       1.34816312e-03, 1.34816312e-03, 6.74081559e-04, 1.34816312e-03,
       0., 3.37040779e-04, 3.37040779e-04, 1.34816312e-03, 0.,
       6.74081559e-04, 1.34816312e-03, 6.74081559e-04, 1.01112237e-03,
       6.74081559e-04, 6.74081559e-04, 1.68520387e-03, 3.37040779e-04,
