%YAML:1.0
m50f: !!opencv-matrix
   rows: 1
   cols: 800
   dt: f
   data: [ 1.38121552e-03, 6.90607761e-04, 0., 0., 0., 4.83425427e-03,
       2.76243105e-03, 5.52486209e-03, 4.14364645e-03, 2.76243105e-03,
       6.90607761e-04, 0., 1.38121552e-03, 6.90607761e-04,
       6.90607761e-04, 5.52486209e-03, 0., 0., 1.38121552e-03,
       6.90607761e-04, 1.38121552e-03, 2.76243105e-03, 1.38121552e-03,
       3.45303887e-03, 6.90607761e-04, 0., 2.07182323e-03,
       6.90607773e-03, 6.90607761e-04, 0., 2.76243105e-03, 0., 0.,
       6.90607761e-04, 6.90607761e-04, 4.83425427e-03, 0., 0.,
       1.38121552e-03, 2.76243105e-03, 6.90607761e-04, 6.90607761e-04,
       0., 6.90607761e-04, 0., 0., 6.90607761e-04, 1.38121552e-03,
       3.45303887e-03, 0., 6.90607761e-04, 1.38121552e-03,
       2.07182323e-03, 1.38121552e-03, 1.38121552e-03, 2.76243105e-03,
       6.90607761e-04, 0., 0., 0., 1.38121552e-03, 6.90607761e-04,
       2.76243105e-03, 3.45303887e-03, 0., 0., 3.45303887e-03,
       4.83425427e-03, 6.90607761e-04, 6.90607761e-04, 1.38121552e-03,
       2.07182323e-03, 6.90607761e-04, 6.90607761e-04, 1.38121552e-03,
       2.07182323e-03, 6.90607761e-04, 6.90607761e-04, 1.38121552e-03,
       0., 6.90607761e-04, 2.07182323e-03, 0., 6.90607761e-04,
       4.14364645e-03, 3.45303887e-03, 6.90607761e-04, 3.45303887e-03,
       6.90607761e-04, 4.14364645e-03, 6.90607761e-04, 0., 0.,
       1.38121552e-03, 0., 6.90607761e-04, 1.38121552e-03,
       6.90607761e-04, 2.07182323e-03, 1.38121552e-03, 6.90607761e-04,
       0., 6.90607761e-04, 0., 3.45303887e-03, 6.90607761e-04,
       1.38121552e-03, 2.07182323e-03, 6.90607761e-04, 6.90607761e-04,
       4.14364645e-03, 0., 6.90607761e-04, 3.45303887e-03,
       2.07182323e-03, 1.38121552e-03, 0., 6.90607761e-04,
       6.90607761e-04, 6.90607761e-04, 0., 6.90607761e-04, 0.,
       2.07182323e-03, 2.76243105e-03, 3.45303887e-03, 1.38121552e-03,
       4.14364645e-03, 6.90607761e-04, 2.76243105e-03, 6.21546991e-03,
       7.59668555e-03, 0., 0., 1.38121552e-03, 0., 2.07182323e-03,
       6.90607761e-04, 6.90607761e-04, 1.38121552e-03, 6.90607761e-04,
       2.07182323e-03, 6.90607761e-04, 1.38121552e-03, 6.90607761e-04,
       6.90607761e-04, 6.90607761e-04, 0., 0., 2.07182323e-03,
       6.90607761e-04, 6.90607761e-04, 1.38121552e-03, 4.14364645e-03,
       1.38121552e-03, 6.90607761e-04, 0., 2.76243105e-03,
       1.38121552e-03, 1.38121552e-03, 2.76243105e-03, 0.,
       1.38121552e-03, 0., 6.90607761e-04, 6.90607761e-04,
       6.90607761e-04, 0., 0., 1.38121552e-03, 0., 0., 0.,
       1.38121552e-03, 0., 2.76243105e-03, 6.90607761e-04,
       6.90607761e-04, 6.90607761e-04, 3.45303887e-03, 6.90607761e-04,
       4.83425427e-03, 1.38121552e-03, 6.90607761e-04, 6.90607761e-04,
       6.90607761e-04, 6.90607761e-04, 0., 0., 0., 6.90607761e-04,
       1.38121552e-03, 0., 0., 6.90607761e-04, 0., 1.38121552e-03,
       2.07182323e-03, 2.07182323e-03, 0., 0., 1.38121552e-03,
       6.90607761e-04, 6.90607761e-04, 6.90607761e-04, 6.90607761e-04,
       2.76243105e-03, 4.14364645e-03, 6.90607761e-04, 3.45303887e-03,
       2.07182323e-03, 5.52486209e-03, 2.07182323e-03, 0., 0., 0.,
       4.14364645e-03, 0., 4.14364645e-03, 0., 2.07182323e-03,
       4.14364645e-03, 2.07182323e-03, 1.38121552e-03, 2.07182323e-03,
       6.90607761e-04, 1.38121552e-03, 6.90607761e-04, 0.,
       6.21546991e-03, 4.83425427e-03, 6.90607761e-04, 0., 0.,
       2.07182323e-03, 0., 2.07182323e-03, 5.52486209e-03, 0., 0.,
       6.90607761e-04, 2.76243105e-03, 6.90607761e-04, 0.,
       2.76243105e-03, 0., 1.38121552e-03, 2.76243105e-03,
       2.07182323e-03, 2.76243105e-03, 6.90607761e-04, 3.45303887e-03,
       6.90607761e-04, 4.83425427e-03, 6.90607761e-04, 1.38121552e-03,
       1.38121552e-03, 1.38121552e-03, 2.76243105e-03, 0.,
       2.76243105e-03, 6.90607761e-04, 6.90607761e-04, 0., 0., 0.,
       5.52486209e-03, 0., 0., 0., 1.38121552e-03, 2.07182323e-03,
       6.90607761e-04, 0., 6.90607761e-04, 6.90607761e-04, 0.,
       6.90607761e-04, 0., 1.38121552e-03, 6.90607761e-04,
       6.90607761e-04, 0., 0., 1.38121552e-03, 4.14364645e-03,
       6.90607761e-04, 0., 6.90607761e-04, 6.90607761e-04,
       6.90607761e-04, 0., 0., 1.38121552e-03, 6.90607773e-03,
       2.07182323e-03, 1.38121552e-03, 0., 4.14364645e-03,
       2.76243105e-03, 2.76243105e-03, 2.07182323e-03, 0., 0., 0.,
       1.38121552e-03, 2.76243105e-03, 2.07182323e-03, 2.07182323e-03,
       1.38121552e-03, 2.76243105e-03, 1.38121552e-03, 0.,
       1.38121552e-03, 0., 0., 6.90607761e-04, 1.38121552e-03, 0., 0.,
       6.90607761e-04, 0., 2.76243105e-03, 0., 1.38121552e-03,
       1.38121552e-03, 0., 1.38121552e-03, 6.90607761e-04, 0., 0.,
       2.07182323e-03, 1.38121552e-03, 0., 1.38121552e-03,
       2.07182323e-03, 4.14364645e-03, 1.38121552e-03, 0., 0., 0.,
       6.90607761e-04, 0., 6.90607761e-04, 6.90607761e-04,
       1.38121552e-03, 0., 2.07182323e-03, 6.90607761e-04,
       6.90607761e-04, 6.90607761e-04, 1.38121552e-03, 6.90607761e-04,
       6.90607761e-04, 1.38121552e-03, 0., 0., 2.07182323e-03,
       6.90607761e-04, 0., 6.90607761e-04, 0., 6.90607761e-04, 0., 0.,
       6.90607761e-04, 0., 2.07182323e-03, 0., 0., 6.90607761e-04,
       6.90607761e-04, 0., 0., 6.90607761e-04, 0., 6.90607761e-04, 0.,
       6.90607761e-04, 6.90607761e-04, 6.90607761e-04, 0.,
       3.45303887e-03, 0., 6.90607761e-04, 0., 0., 3.45303887e-03,
       6.90607761e-04, 0., 0., 1.38121552e-03, 6.90607773e-03,
       1.38121552e-03, 0., 1.38121552e-03, 4.14364645e-03, 0., 0.,
       6.90607761e-04, 0., 1.38121552e-03, 1.38121552e-03,
       2.07182323e-03, 2.07182323e-03, 6.90607761e-04, 2.07182323e-03,
       6.90607761e-04, 1.38121552e-03, 0., 4.83425427e-03,
       2.07182323e-03, 6.90607761e-04, 0., 0., 1.38121552e-03, 0.,
       6.90607761e-04, 2.07182323e-03, 1.38121552e-03, 0., 0.,
       6.90607761e-04, 6.90607761e-04, 6.90607761e-04, 2.07182323e-03,
       0., 6.90607761e-04, 2.76243105e-03, 0., 6.90607761e-04, 0., 0.,
       0., 6.90607761e-04, 0., 3.45303887e-03, 1.38121552e-03, 0., 0.,
       0., 1.38121552e-03, 3.45303887e-03, 1.38121552e-03,
       1.38121552e-03, 2.07182323e-03, 6.90607761e-04, 1.38121552e-03,
       6.90607761e-04, 6.90607761e-04, 0., 0., 6.90607773e-03,
       6.90607761e-04, 0., 0., 1.38121552e-03, 0., 6.90607761e-04,
       2.76243105e-03, 1.38121552e-03, 1.38121552e-03, 2.07182323e-03,
       2.07182323e-03, 0., 4.14364645e-03, 6.90607761e-04,
       6.90607761e-04, 6.90607761e-04, 6.90607761e-04, 1.38121552e-03,
       0., 0., 0., 0., 2.07182323e-03, 1.38121552e-03, 0., 0.,
       6.90607761e-04, 2.07182323e-03, 0., 0., 0., 2.76243105e-03, 0.,
       6.90607761e-04, 1.38121552e-03, 1.38121552e-03, 1.38121552e-03,
       6.90607761e-04, 6.90607761e-04, 3.45303887e-03, 0.,
       1.38121552e-03, 0., 2.07182323e-03, 2.07182323e-03,
       6.90607761e-04, 2.76243105e-03, 2.07182323e-03, 0., 0.,
       2.07182323e-03, 1.38121552e-03, 6.90607761e-04, 0.,
       2.07182323e-03, 3.45303887e-03, 2.07182323e-03, 6.90607761e-04,
       1.38121552e-03, 6.90607761e-04, 1.38121552e-03, 2.76243105e-03,
       0., 0., 7.59668555e-03, 6.90607761e-04, 6.90607773e-03, 0.,
       1.38121552e-03, 0., 4.83425427e-03, 2.07182323e-03, 0.,
       6.90607761e-04, 6.90607761e-04, 0., 2.07182323e-03,
       6.90607761e-04, 6.90607761e-04, 1.38121552e-03, 0., 0.,
       1.38121552e-03, 6.90607761e-04, 1.38121552e-03, 0., 0., 0., 0.,
       0., 1.38121552e-03, 2.07182323e-03, 1.38121552e-03,
       6.90607761e-04, 6.90607761e-04, 0., 6.90607761e-04,
       1.38121552e-03, 5.52486209e-03, 0., 0., 6.90607761e-04,
       2.76243105e-03, 0., 0., 2.76243105e-03, 1.38121552e-03,
       6.90607761e-04, 1.38121552e-03, 2.07182323e-03, 6.90607761e-04,
       5.52486209e-03, 6.90607761e-04, 1.38121552e-03, 0.,
       1.38121552e-03, 6.90607761e-04, 0., 0., 1.38121552e-03, 0., 0.,
       0., 1.10497242e-02, 6.90607761e-04, 6.21546991e-03, 0.,
