%YAML:1.0
m50f: !!opencv-matrix
   rows: 1
   cols: 800
   dt: f
   data: [ 0., 2.44498765e-03, 0., 9.77995107e-04, 9.77995107e-04,
       2.93398532e-03, 2.44498765e-03, 1.95599021e-03, 1.17359413e-02,
       3.42298299e-03, 4.88997553e-04, 0., 0., 9.77995107e-04,
       9.77995107e-04, 2.93398532e-03, 4.88997553e-04, 1.95599021e-03,
       2.44498765e-03, 1.46699266e-03, 4.88997553e-04, 1.95599021e-03,
       1.46699266e-03, 9.77995107e-04, 4.88997553e-04, 9.77995107e-04,
       9.77995107e-04, 4.88997553e-04, 9.77995107e-04, 1.46699266e-03,
       2.93398532e-03, 9.77995107e-04, 1.46699266e-03, 0.,
       9.77995107e-04, 2.44498765e-03, 0., 4.88997553e-04,
       1.46699266e-03, 0., 1.46699266e-03, 9.77995107e-04,
       4.88997553e-04, 5.86797064e-03, 1.46699266e-03, 4.88997553e-04,
       0., 0., 9.77995107e-04, 0., 4.88997553e-04, 2.93398532e-03,
       1.46699266e-03, 4.88997553e-04, 0., 9.77995107e-04,
       9.77995107e-04, 4.88997553e-04, 9.77995107e-04, 4.88997553e-04,
       9.77995107e-04, 3.91198043e-03, 1.95599021e-03, 3.42298299e-03,
       0., 9.77995107e-04, 2.44498765e-03, 1.46699266e-03,
       4.88997553e-04, 2.93398532e-03, 4.88997553e-04, 9.77995107e-04,
       0., 1.46699266e-03, 9.77995107e-04, 9.77995107e-04,
       9.77995107e-04, 2.93398532e-03, 2.44498765e-03, 3.42298299e-03,
       4.88997553e-04, 9.77995107e-04, 9.77995107e-04, 4.40097786e-03,
       3.91198043e-03, 1.95599021e-03, 9.77995107e-04, 1.46699266e-03,
       0., 1.95599021e-03, 9.77995107e-04, 0., 4.88997553e-04,
       1.46699266e-03, 0., 1.95599021e-03, 2.44498765e-03,
       1.46699266e-03, 9.77995107e-04, 0., 1.95599021e-03,
       1.46699266e-03, 4.88997553e-04, 0., 2.93398532e-03, 0.,
       4.88997553e-04, 4.88997553e-04, 9.77995107e-04, 9.77995107e-04,
       0., 0., 4.88997553e-04, 0., 2.44498765e-03, 0., 0.,
       4.88997553e-04, 9.77995107e-04, 1.95599021e-03, 1.46699266e-03,
       0., 9.77995107e-04, 1.46699266e-03, 1.95599021e-03,
       9.77995107e-04, 9.77995107e-04, 1.46699266e-03, 0.,
       4.88997553e-04, 9.77995107e-04, 6.35696808e-03, 0.,
       4.88997553e-04, 1.46699266e-03, 0., 1.46699266e-03,
       1.46699266e-03, 1.46699266e-03, 4.88997553e-04, 9.77995107e-04,
       4.88997553e-04, 0., 1.95599021e-03, 3.42298299e-03, 0., 0.,
       9.77995107e-04, 9.77995107e-04, 4.88997553e-04, 9.77995107e-04,
       9.77995107e-04, 2.44498765e-03, 3.91198043e-03, 4.88997553e-04,
       0., 1.95599021e-03, 1.95599021e-03, 0., 1.46699266e-03,
       2.93398532e-03, 0., 4.88997553e-04, 0., 1.95599021e-03,
       1.46699266e-03, 9.77995107e-04, 9.77995107e-04, 4.88997553e-04,
       1.46699266e-03, 0., 1.46699266e-03, 4.88997553e-04,
       4.88997553e-04, 1.95599021e-03, 4.88997553e-04, 9.77995107e-04,
       3.42298299e-03, 9.77995107e-04, 9.77995107e-04, 0.,
       9.77995107e-04, 4.40097786e-03, 0., 1.95599021e-03,
       4.88997553e-04, 2.44498765e-03, 1.46699266e-03, 1.95599021e-03,
       0., 0., 1.46699266e-03, 0., 4.88997553e-04, 9.77995107e-04,
       4.88997553e-04, 9.77995107e-04, 0., 1.46699266e-03,
       1.46699266e-03, 4.88997553e-04, 1.46699266e-03, 4.88997553e-04,
       4.88997553e-04, 4.88997553e-04, 9.77995107e-04, 1.46699266e-03,
       9.77995107e-04, 9.77995107e-04, 2.93398532e-03, 4.88997553e-04,
       2.93398532e-03, 2.44498765e-03, 4.88997553e-04, 0., 0.,
       5.37897320e-03, 0., 2.44498765e-03, 9.77995107e-04, 0.,
       1.95599021e-03, 3.91198043e-03, 9.77995107e-04, 9.77995107e-04,
       9.77995107e-04, 4.88997553e-04, 0., 4.88997553e-04,
       9.77995107e-04, 4.88997553e-04, 4.88997553e-04, 2.44498765e-03,
       1.46699266e-03, 1.46699266e-03, 4.88997553e-04, 4.88997553e-04,
       2.44498765e-03, 0., 6.35696808e-03, 0., 9.77995107e-04,
       2.93398532e-03, 9.77995107e-04, 4.88997553e-04, 2.93398532e-03,
       1.95599021e-03, 2.44498765e-03, 4.88997553e-04, 1.46699266e-03,
       0., 9.77995107e-04, 0., 0., 9.77995107e-04, 3.91198043e-03,
       2.44498765e-03, 0., 3.91198043e-03, 3.91198043e-03,
       1.46699266e-03, 1.95599021e-03, 4.88997553e-04, 0.,
       9.77995107e-04, 1.46699266e-03, 3.91198043e-03, 0.,
       1.46699266e-03, 9.77995107e-04, 1.95599021e-03, 4.88997553e-04,
       1.95599021e-03, 0., 2.93398532e-03, 9.77995107e-04,
       9.77995107e-04, 1.46699266e-03, 4.88997553e-04, 4.88997553e-04,
       1.46699266e-03, 4.88997553e-04, 9.77995107e-04, 4.88997553e-04,
       9.77995107e-04, 1.46699266e-03, 9.77995107e-04, 4.88997553e-04,
       0., 1.95599021e-03, 4.88997553e-04, 4.88997553e-04,
       9.77995107e-04, 1.95599021e-03, 1.02689490e-02, 2.93398532e-03,
       0., 0., 4.88997553e-04, 1.95599021e-03, 4.88997553e-04,
       9.77995107e-04, 4.88997553e-04, 0., 4.88997553e-04, 0.,
       1.95599021e-03, 3.42298299e-03, 9.77995107e-04, 1.46699266e-03,
       1.95599021e-03, 9.77995107e-04, 4.88997553e-04, 1.95599021e-03,
       4.88997553e-04, 1.46699266e-03, 1.95599021e-03, 9.77995107e-04,
       1.46699266e-03, 4.88997553e-04, 9.77995107e-04, 0.,
       9.77995107e-04, 4.88997553e-04, 8.31295829e-03, 1.46699266e-03,
       0., 1.46699266e-03, 2.93398532e-03, 9.77995107e-04,
       9.77995107e-04, 1.46699266e-03, 4.88997553e-04, 1.46699266e-03,
       1.95599021e-03, 9.77995107e-04, 2.44498765e-03, 2.93398532e-03,
       4.88997553e-04, 9.77995107e-04, 1.46699266e-03, 0.,
       4.88997553e-04, 1.95599021e-03, 0., 0., 4.88997553e-04,
       2.93398532e-03, 1.95599021e-03, 9.77995107e-04, 4.88997553e-04,
       0., 4.88997553e-04, 0., 1.46699266e-03, 4.88997553e-04,
       1.95599021e-03, 2.93398532e-03, 2.44498765e-03, 0., 0.,
       4.88997553e-04, 2.44498765e-03, 9.77995107e-04, 9.77995107e-04,
       4.88997553e-04, 4.88997553e-04, 2.93398532e-03, 1.46699266e-03,
       4.88997553e-04, 1.46699266e-03, 2.44498765e-03, 1.95599021e-03,
       4.88997553e-04, 9.77995107e-04, 0., 4.88997553e-04,
       1.46699266e-03, 2.93398532e-03, 9.77995107e-04, 1.46699266e-03,
       9.77995107e-04, 3.42298299e-03, 0., 2.44498765e-03,
       1.95599021e-03, 2.44498765e-03, 4.40097786e-03, 9.77995107e-04,
       9.77995107e-04, 9.77995107e-04, 9.77995107e-04, 8.80195573e-03,
       9.77995107e-04, 0., 1.46699266e-03, 1.95599021e-03,
       1.46699266e-03, 4.88997553e-04, 3.91198043e-03, 9.77995107e-04,
       0., 3.42298299e-03, 0., 1.46699266e-03, 9.77995107e-04,
       4.88997553e-04, 3.91198043e-03, 4.88997553e-04, 1.46699266e-03,
       4.88997530e-03, 4.88997553e-04, 2.93398532e-03, 0.,
       4.88997553e-04, 0., 9.77995107e-04, 0., 2.44498765e-03, 0., 0.,
       4.88997553e-04, 9.77995107e-04, 4.88997553e-04, 9.77995107e-04,
       1.46699266e-03, 4.88997553e-04, 4.88997553e-04, 2.44498765e-03,
       9.77995107e-04, 0., 4.88997553e-04, 0., 0., 0., 2.44498765e-03,
       4.88997553e-04, 1.95599021e-03, 0., 2.44498765e-03,
       4.88997553e-04, 0., 2.44498765e-03, 0., 1.46699266e-03,
       2.93398532e-03, 4.88997553e-04, 5.37897320e-03, 9.77995107e-04,
       4.88997553e-04, 2.93398532e-03, 2.93398532e-03, 3.91198043e-03,
       9.77995107e-04, 1.46699266e-03, 9.77995107e-04, 0.,
       4.88997553e-04, 4.88997553e-04, 1.46699266e-03, 4.88997553e-04,
       9.77995107e-04, 9.77995107e-04, 9.77995107e-04, 4.88997553e-04,
       3.42298299e-03, 4.88997553e-04, 2.93398532e-03, 0.,
       4.88997553e-04, 1.46699266e-03, 0., 0., 1.46699266e-03, 0.,
       9.77995107e-04, 4.88997553e-04, 0., 9.77995107e-04,
       4.40097786e-03, 2.44498765e-03, 1.46699266e-03, 0.,
       4.88997553e-04, 3.42298299e-03, 4.88997553e-04, 4.88997553e-04,
       1.95599021e-03, 4.88997553e-04, 2.44498765e-03, 3.42298299e-03,
       0., 9.77995107e-04, 1.46699266e-03, 9.77995107e-04, 0.,
       1.95599021e-03, 2.44498765e-03, 9.77995107e-04, 0.,
       9.77995107e-04, 0., 0., 1.46699266e-03, 9.77995107e-04,
       1.46699266e-03, 9.77995107e-04, 0., 4.88997553e-04,
       5.37897320e-03, 1.46699266e-03, 5.37897320e-03, 4.88997553e-04,
       1.46699266e-03, 1.46699266e-03, 9.77995107e-04, 4.88997553e-04,
