%YAML:1.0
m50f: !!opencv-matrix
   rows: 1
   cols: 800
   dt: f
   data: [ 0., 8.84173263e-04, 5.89448842e-04, 5.89448842e-04,
       1.47362216e-03, 5.89448842e-04, 2.06307089e-03, 5.89448842e-04,
       5.89448842e-04, 1.17889768e-03, 8.84173263e-04, 1.76834653e-03,
       5.89448842e-04, 1.17889768e-03, 2.94724421e-04, 3.53669305e-03,
       1.47362216e-03, 8.84173263e-04, 2.65251985e-03, 1.47362216e-03,
       2.94724421e-04, 2.94724421e-04, 2.94724421e-04, 2.06307089e-03,
       4.12614178e-03, 1.17889768e-03, 1.47362216e-03, 2.35779537e-03,
       2.94724421e-04, 2.94724421e-04, 2.65251985e-03, 1.17889768e-03,
       2.06307089e-03, 8.84173263e-04, 0., 8.84173263e-04,
       1.76834653e-03, 5.89448842e-04, 2.94724421e-04, 5.89448842e-04,
       2.35779537e-03, 2.06307089e-03, 1.47362216e-03, 2.94724421e-04,
       1.76834653e-03, 1.47362216e-03, 1.76834653e-03, 1.17889768e-03,
       8.84173263e-04, 2.94724433e-03, 5.89448842e-04, 8.84173263e-04,
       8.84173263e-04, 2.65251985e-03, 5.89448842e-04, 2.06307089e-03,
       2.06307089e-03, 1.17889768e-03, 8.84173263e-04, 0.,
       5.89448842e-04, 1.47362216e-03, 3.83141753e-03, 8.84173263e-04,
       8.84173263e-04, 8.84173263e-04, 2.94724421e-04, 1.17889768e-03,
       5.89448842e-04, 1.76834653e-03, 5.89448842e-04, 4.71559074e-03,
       1.17889768e-03, 1.17889768e-03, 2.35779537e-03, 8.84173263e-04,
       2.94724421e-04, 2.06307089e-03, 1.76834653e-03, 2.65251985e-03,
       5.89448842e-04, 2.94724421e-04, 0., 2.94724421e-04,
       1.17889768e-03, 3.83141753e-03, 1.17889768e-03, 1.17889768e-03,
       1.17889768e-03, 8.84173263e-04, 1.76834653e-03, 2.94724421e-04,
       1.17889768e-03, 1.76834653e-03, 0., 2.35779537e-03,
       8.84173263e-04, 5.89448842e-04, 5.89448842e-04, 1.76834653e-03,
       1.76834653e-03, 1.76834653e-03, 2.06307089e-03, 5.89448842e-04,
       2.94724421e-04, 5.89448842e-04, 1.17889768e-03, 8.84173263e-04,
       2.35779537e-03, 8.84173263e-04, 1.17889768e-03, 2.94724421e-04,
       2.94724421e-04, 2.94724421e-04, 5.89448842e-04, 2.06307089e-03,
       8.84173263e-04, 1.17889768e-03, 2.06307089e-03, 8.84173263e-04,
       1.17889768e-03, 8.84173263e-04, 1.47362216e-03, 1.76834653e-03,
       5.89448842e-04, 8.84173263e-04, 1.47362216e-03, 1.17889768e-03,
       1.76834653e-03, 2.35779537e-03, 1.76834653e-03, 4.71559074e-03,
       3.53669305e-03, 1.17889768e-03, 5.89448842e-04, 5.59976418e-03,
       1.17889768e-03, 0., 5.89448842e-04, 8.84173263e-04,
       8.84173263e-04, 2.35779537e-03, 1.17889768e-03, 8.84173263e-04,
       1.17889768e-03, 5.89448842e-04, 5.89448842e-04, 1.17889768e-03,
       1.17889768e-03, 2.35779537e-03, 2.94724421e-04, 1.47362216e-03,
       1.17889768e-03, 8.84173263e-04, 5.89448842e-04, 5.89448842e-04,
       2.94724421e-04, 1.17889768e-03, 1.47362216e-03, 1.17889768e-03,
       2.94724421e-04, 8.84173263e-04, 1.17889768e-03, 1.76834653e-03,
       2.94724421e-04, 0., 8.84173263e-04, 2.65251985e-03,
       2.06307089e-03, 2.94724421e-04, 8.84173263e-04, 1.17889768e-03,
       2.94724421e-04, 1.47362216e-03, 0., 5.89448842e-04,
       1.17889768e-03, 3.83141753e-03, 1.17889768e-03, 3.53669305e-03,
       2.65251985e-03, 8.84173263e-04, 5.89448842e-04, 2.94724421e-04,
       2.94724421e-04, 5.89448842e-04, 1.17889768e-03, 8.84173263e-04,
       2.06307089e-03, 5.89448842e-04, 1.47362216e-03, 3.83141753e-03,
       5.89448842e-04, 5.89448842e-04, 2.94724421e-04, 8.84173263e-04,
       5.89448842e-04, 0., 5.89448842e-04, 2.06307089e-03,
       5.89448842e-04, 1.17889768e-03, 1.47362216e-03, 6.18921267e-03,
       2.06307089e-03, 1.76834653e-03, 2.35779537e-03, 8.84173263e-04,
       2.94724433e-03, 2.06307089e-03, 1.76834653e-03, 1.17889768e-03,
       1.76834653e-03, 1.47362216e-03, 2.35779537e-03, 8.84173263e-04,
       1.76834653e-03, 8.84173263e-04, 8.84173263e-04, 1.47362216e-03,
       0., 1.47362216e-03, 5.89448842e-04, 2.94724421e-04,
       2.06307089e-03, 2.35779537e-03, 5.89448842e-04, 3.83141753e-03,
       2.06307089e-03, 8.84173263e-04, 1.17889768e-03, 8.84173263e-04,
       8.84173263e-04, 2.94724433e-03, 1.17889768e-03, 2.06307089e-03,
       3.24196857e-03, 0., 2.94724421e-04, 1.47362216e-03,
       1.17889768e-03, 0., 1.47362216e-03, 3.53669305e-03,
       1.47362216e-03, 5.89448842e-04, 4.42086626e-03, 2.06307089e-03,
       8.84173263e-04, 1.47362216e-03, 1.47362216e-03, 0.,
       8.84173263e-04, 1.76834653e-03, 2.94724421e-04, 2.94724421e-04,
       1.17889768e-03, 8.84173263e-04, 8.84173263e-04, 1.17889768e-03,
       1.47362216e-03, 5.89448842e-04, 2.94724421e-04, 1.76834653e-03,
       1.47362216e-03, 2.94724421e-04, 1.47362216e-03, 4.42086626e-03,
       2.94724421e-04, 1.76834653e-03, 2.06307089e-03, 2.06307089e-03,
       8.84173263e-04, 2.94724421e-04, 8.84173263e-04, 3.24196857e-03,
       1.47362216e-03, 2.06307089e-03, 1.76834653e-03, 0.,
       2.94724433e-03, 1.47362216e-03, 2.06307089e-03, 2.06307089e-03,
       2.94724421e-04, 1.47362216e-03, 2.06307089e-03, 2.06307089e-03,
       2.94724421e-04, 8.84173263e-04, 8.84173263e-04, 2.06307089e-03,
       8.84173263e-04, 0., 1.47362216e-03, 8.84173263e-04,
       2.94724421e-04, 2.94724421e-04, 5.89448842e-04, 8.84173263e-04,
       2.06307089e-03, 0., 1.76834653e-03, 5.89448842e-04,
       8.84173263e-04, 5.89448842e-04, 2.94724421e-04, 1.47362216e-03,
       1.47362216e-03, 1.47362216e-03, 2.94724421e-04, 5.89448842e-04,
       2.94724421e-04, 2.06307089e-03, 1.76834653e-03, 2.06307089e-03,
       1.17889768e-03, 1.76834653e-03, 2.06307089e-03, 8.84173263e-04,
       2.94724433e-03, 5.89448842e-04, 8.84173263e-04, 1.47362216e-03,
       1.76834653e-03, 8.84173263e-04, 8.84173263e-04, 8.84173263e-04,
       1.17889768e-03, 1.47362216e-03, 8.84173263e-04, 1.17889768e-03,
       2.06307089e-03, 5.01031522e-03, 5.89448842e-04, 5.89448842e-04,
       1.17889768e-03, 0., 2.94724421e-04, 8.84173263e-04,
       1.47362216e-03, 8.84173263e-04, 2.35779537e-03, 1.76834653e-03,
       1.47362216e-03, 1.76834653e-03, 2.94724421e-04, 2.06307089e-03,
       8.84173263e-04, 1.47362216e-03, 2.94724421e-04, 5.89448842e-04,
       1.47362216e-03, 1.47362216e-03, 2.94724433e-03, 1.17889768e-03,
       5.89448842e-04, 8.84173263e-04, 2.94724421e-04, 8.84173263e-04,
       2.94724433e-03, 1.76834653e-03, 1.76834653e-03, 1.76834653e-03,
       1.17889768e-03, 8.84173263e-04, 1.17889768e-03, 5.89448842e-04,
       5.59976418e-03, 1.17889768e-03, 1.17889768e-03, 5.89448842e-04,
       8.84173263e-04, 8.84173263e-04, 5.89448842e-04, 2.94724421e-04,
       2.06307089e-03, 2.94724421e-04, 4.42086626e-03, 1.17889768e-03,
       2.94724433e-03, 1.47362216e-03, 1.17889768e-03, 2.94724421e-04,
       8.84173263e-04, 0., 1.17889768e-03, 2.06307089e-03,
       1.76834653e-03, 8.84173263e-04, 8.84173263e-04, 4.42086626e-03,
       8.84173263e-04, 2.65251985e-03, 1.76834653e-03, 2.06307089e-03,
       1.76834653e-03, 1.17889768e-03, 2.94724421e-04, 8.84173263e-04,
       1.47362216e-03, 1.17889768e-03, 1.17889768e-03, 2.94724421e-04,
       2.06307089e-03, 8.84173263e-04, 1.47362216e-03, 5.89448842e-04,
       1.76834653e-03, 1.47362216e-03, 1.47362216e-03, 1.47362216e-03,
       8.84173263e-04, 5.89448842e-04, 2.65251985e-03, 5.89448866e-03,
       2.94724421e-04, 2.94724421e-04, 8.84173263e-04, 1.76834653e-03,
       2.06307089e-03, 5.89448842e-04, 3.53669305e-03, 8.84173263e-04,
       2.65251985e-03, 5.89448842e-04, 1.17889768e-03, 1.47362216e-03,
       2.94724421e-04, 8.84173263e-04, 1.47362216e-03, 2.06307089e-03,
       5.89448842e-04, 8.84173263e-04, 1.17889768e-03, 1.76834653e-03,
       5.89448842e-04, 8.84173263e-04, 1.17889768e-03, 0.,
       8.84173263e-04, 0., 2.06307089e-03, 2.35779537e-03,
       5.89448842e-04, 1.76834653e-03, 3.83141753e-03, 8.84173263e-04,
       1.76834653e-03, 1.17889768e-03, 5.89448842e-04, 1.17889768e-03,
       1.47362216e-03, 1.47362216e-03, 2.35779537e-03, 5.89448842e-04,
       5.89448842e-04, 0., 1.17889768e-03, 1.76834653e-03,
