%YAML:1.0
m50f: !!opencv-matrix
   rows: 1
   cols: 800
   dt: f
   data: [ 0., 5.70776232e-04, 2.28310493e-03, 0., 0., 5.70776232e-04,
       1.71232875e-03, 1.71232875e-03, 0., 5.70776232e-04,
       3.42465751e-03, 4.56620986e-03, 0., 5.70776232e-04,
       5.70776232e-04, 2.28310493e-03, 2.85388110e-03, 2.28310493e-03,
       2.28310493e-03, 2.28310493e-03, 5.70776232e-04, 5.70776232e-04,
       1.14155246e-03, 1.71232875e-03, 1.14155246e-03, 3.42465751e-03,
       0., 1.14155246e-03, 2.85388110e-03, 1.14155246e-03,
       1.14155246e-03, 1.71232875e-03, 0., 1.14155246e-03, 0.,
       1.14155246e-03, 5.70776232e-04, 3.42465751e-03, 3.99543345e-03,
       2.85388110e-03, 0., 1.14155246e-03, 3.42465751e-03,
       5.70776232e-04, 1.14155246e-03, 3.42465751e-03, 0.,
       3.99543345e-03, 1.71232875e-03, 5.70776232e-04, 0.,
       5.70776232e-04, 5.70776232e-04, 2.28310493e-03, 2.28310493e-03,
       1.14155246e-03, 1.14155246e-03, 0., 2.28310493e-03,
       5.70776232e-04, 5.70776232e-04, 1.71232875e-03, 1.14155246e-03,
       1.14155246e-03, 2.28310493e-03, 1.14155246e-03, 2.28310493e-03,
       3.42465751e-03, 2.85388110e-03, 0., 2.28310493e-03,
       2.85388110e-03, 2.28310493e-03, 0., 5.70776232e-04,
       1.14155246e-03, 4.56620986e-03, 2.28310493e-03, 9.70319565e-03,
       5.13698626e-03, 3.99543345e-03, 0., 5.70776232e-04,
       1.14155246e-03, 1.14155246e-03, 1.14155246e-03, 1.71232875e-03,
       1.71232875e-03, 6.27853861e-03, 1.14155246e-03, 5.70776220e-03,
       0., 5.70776232e-04, 1.71232875e-03, 8.56164377e-03,
       5.70776232e-04, 5.70776232e-04, 4.56620986e-03, 3.42465751e-03,
       5.70776232e-04, 1.14155246e-03, 5.70776232e-04, 2.28310493e-03,
       5.70776232e-04, 4.56620986e-03, 3.99543345e-03, 3.99543345e-03,
       0., 3.42465751e-03, 5.70776232e-04, 5.70776232e-04, 0.,
       5.70776232e-04, 5.70776232e-04, 5.70776232e-04, 0.,
       2.85388110e-03, 0., 5.70776232e-04, 1.14155246e-03,
       1.14155246e-03, 2.28310493e-03, 1.14155246e-03, 0.,
       2.28310493e-03, 2.28310493e-03, 1.71232875e-03, 5.70776232e-04,
       1.14155246e-03, 2.85388110e-03, 1.14155246e-03, 5.70776232e-04,
       2.28310493e-03, 0., 5.70776232e-04, 1.71232875e-03,
       5.70776232e-04, 0., 6.84931502e-03, 5.70776232e-04, 0.,
       1.14155246e-03, 5.70776232e-04, 5.70776232e-04, 5.70776232e-04,
       1.14155246e-03, 0., 1.14155246e-03, 5.70776232e-04,
       1.71232875e-03, 1.14155246e-03, 0., 1.71232875e-03,
       1.71232875e-03, 1.14155246e-03, 1.71232875e-03, 1.14155246e-03,
       1.14155246e-03, 1.71232875e-03, 3.42465751e-03, 5.70776232e-04,
       4.56620986e-03, 0., 5.70776232e-04, 0., 1.14155246e-03, 0.,
       1.71232875e-03, 5.70776232e-04, 2.28310493e-03, 1.14155246e-03,
       5.70776232e-04, 5.70776232e-04, 5.70776232e-04, 1.71232875e-03,
       5.70776232e-04, 1.14155246e-03, 0., 2.28310493e-03,
       5.13698626e-03, 5.70776232e-04, 0., 1.14155246e-03,
       1.14155246e-03, 1.71232875e-03, 0., 1.71232875e-03, 0.,
       1.14155246e-03, 1.14155246e-03, 5.70776232e-04, 5.70776232e-04,
       2.28310493e-03, 1.14155246e-03, 5.70776232e-04, 5.70776232e-04,
       1.14155246e-03, 5.70776232e-04, 0., 2.28310493e-03,
       1.14155246e-03, 5.70776232e-04, 1.71232875e-03, 2.28310493e-03,
       1.14155246e-03, 3.42465751e-03, 5.70776232e-04, 0.,
       1.14155246e-03, 2.85388110e-03, 5.70776232e-04, 1.14155246e-03,
       5.70776232e-04, 0., 1.71232875e-03, 0., 0., 5.70776232e-04,
       1.14155246e-03, 1.14155246e-03, 1.14155246e-03, 5.70776232e-04,
       0., 2.28310493e-03, 1.71232875e-03, 5.70776232e-04,
       5.70776232e-04, 5.70776232e-04, 6.84931502e-03, 5.70776232e-04,
       5.70776232e-04, 1.71232875e-03, 2.85388110e-03, 3.99543345e-03,
       5.70776232e-04, 0., 5.70776232e-04, 0., 1.71232875e-03,
       1.14155246e-03, 2.85388110e-03, 5.70776232e-04, 1.14155246e-03,
       5.70776232e-04, 0., 2.28310493e-03, 5.70776232e-04,
       2.28310493e-03, 5.70776232e-04, 3.99543345e-03, 0., 0.,
       5.70776232e-04, 1.14155246e-03, 0., 0., 5.70776232e-04, 0.,
       2.85388110e-03, 1.14155246e-03, 0., 1.14155246e-03,
       1.19863013e-02, 0., 4.56620986e-03, 1.71232875e-03, 0.,
       5.70776232e-04, 6.27853861e-03, 0., 1.14155246e-03,
       1.71232875e-03, 2.28310493e-03, 5.70776232e-04, 5.70776232e-04,
       0., 0., 2.28310493e-03, 5.70776232e-04, 0., 1.71232875e-03,
       3.99543345e-03, 1.14155246e-03, 0., 1.14155246e-03,
       5.70776232e-04, 5.70776232e-04, 4.56620986e-03, 5.70776232e-04,
       0., 5.70776232e-04, 5.70776232e-04, 1.71232875e-03,
       3.42465751e-03, 1.71232875e-03, 2.28310493e-03, 1.14155246e-03,
       1.14155246e-03, 3.42465751e-03, 1.14155246e-03, 0., 0.,
       5.70776232e-04, 5.70776232e-04, 5.70776232e-04, 0.,
       1.71232875e-03, 0., 2.28310493e-03, 0., 1.14155246e-03,
       1.14155246e-03, 0., 1.14155246e-03, 5.70776232e-04,
       5.70776232e-04, 0., 1.14155246e-03, 5.70776232e-04,
       5.70776232e-04, 5.70776232e-04, 1.14155246e-03, 0.,
       1.14155246e-03, 0., 0., 5.70776232e-04, 1.71232875e-03,
       5.70776232e-04, 6.27853861e-03, 1.71232875e-03, 1.14155246e-03,
       1.71232875e-03, 5.70776232e-04, 1.14155246e-03, 1.71232875e-03,
       5.70776232e-04, 1.14155246e-03, 5.70776232e-04, 1.14155246e-03,
       0., 2.28310493e-03, 1.71232875e-03, 1.14155246e-03,
       6.27853861e-03, 5.70776232e-04, 2.28310493e-03, 2.85388110e-03,
       0., 0., 0., 5.70776232e-04, 1.14155246e-03, 0., 5.70776232e-04,
       1.14155246e-03, 2.28310493e-03, 0., 0., 5.70776232e-04,
       1.14155246e-03, 1.14155246e-03, 1.71232875e-03, 1.71232875e-03,
       5.70776232e-04, 5.70776232e-04, 4.56620986e-03, 2.28310493e-03,
       1.71232875e-03, 2.28310493e-03, 5.70776232e-04, 0.,
       5.70776232e-04, 2.28310493e-03, 0., 5.70776232e-04, 0.,
       1.14155246e-03, 0., 2.85388110e-03, 0., 1.71232875e-03, 0.,
       5.70776232e-04, 0., 1.71232875e-03, 0., 0., 5.70776232e-04, 0.,
       2.28310493e-03, 2.28310493e-03, 1.14155246e-03, 1.14155246e-03,
       0., 2.28310493e-03, 5.70776232e-04, 1.71232875e-03, 0.,
       5.70776232e-04, 3.42465751e-03, 2.28310493e-03, 5.70776232e-04,
       1.14155246e-03, 5.70776232e-04, 5.70776232e-04, 0., 0.,
       5.70776232e-04, 3.99543345e-03, 0., 0., 5.70776232e-04, 0.,
       2.28310493e-03, 5.70776232e-04, 0., 3.99543345e-03,
       2.28310493e-03, 1.14155246e-03, 0., 0., 5.13698626e-03,
       5.70776232e-04, 1.14155246e-03, 5.70776232e-04, 5.70776232e-04,
       1.14155246e-03, 2.28310493e-03, 0., 0., 2.85388110e-03, 0.,
       1.71232875e-03, 0., 3.42465751e-03, 1.14155246e-03,
       1.14155246e-03, 0., 0., 5.70776232e-04, 0., 0., 5.70776232e-04,
       1.14155246e-03, 1.14155246e-03, 1.14155246e-03, 0., 0., 0.,
       1.14155246e-03, 5.70776232e-04, 5.70776232e-04, 5.70776232e-04,
       5.70776232e-04, 1.14155246e-03, 0., 0., 3.42465751e-03,
       1.71232875e-03, 0., 5.70776232e-04, 1.71232875e-03,
       5.70776232e-04, 2.28310493e-03, 5.70776232e-04, 1.14155246e-03,
       5.70776232e-04, 0., 0., 2.28310493e-03, 5.70776232e-04,
       5.70776232e-04, 5.70776232e-04, 1.71232875e-03, 0.,
       1.71232875e-03, 5.70776232e-04, 0., 5.70776232e-04,
       1.14155246e-03, 5.70776232e-04, 1.71232875e-03, 5.70776232e-04,
       5.70776232e-04, 0., 1.71232875e-03, 0., 0., 1.14155246e-03,
       2.28310493e-03, 1.14155246e-03, 0., 0., 5.70776232e-04,
       1.71232875e-03, 0., 5.70776232e-04, 2.28310493e-03,
       4.56620986e-03, 0., 5.70776232e-04, 0., 1.14155246e-03,
       2.85388110e-03, 0., 1.14155246e-03, 0., 3.99543345e-03,
       5.70776232e-04, 5.70776232e-04, 1.14155246e-03, 1.14155246e-03,
       1.14155246e-03, 5.70776232e-04, 1.14155246e-03, 0.,
       1.14155246e-03, 0., 1.14155246e-03, 1.14155246e-03,
       5.70776232e-04, 1.71232875e-03, 5.70776232e-04, 2.28310493e-03,
       5.70776232e-04, 2.28310493e-03, 2.28310493e-03, 3.99543345e-03,
       5.70776232e-04, 0., 2.85388110e-03, 0., 1.14155246e-03,
