%YAML:1.0
m50f: !!opencv-matrix
   rows: 1
   cols: 800
   dt: f
   data: [ 1.85070932e-03, 6.16903126e-04, 0., 1.85070932e-03,
       6.16903126e-04, 3.70141864e-03, 1.23380625e-03, 4.93522501e-03,
       1.23380625e-03, 8.63664411e-03, 1.23380625e-03, 0.,
       6.16903126e-04, 0., 0., 6.16903137e-03, 0., 6.16903126e-04,
       6.16903126e-04, 0., 0., 1.85070932e-03, 1.85070932e-03,
       2.46761250e-03, 0., 0., 6.16903126e-04, 1.23380625e-03,
       3.08451569e-03, 6.16903126e-04, 1.23380625e-03, 0.,
       2.46761250e-03, 0., 0., 1.85070932e-03, 7.40283728e-03, 0.,
       4.31832206e-03, 3.70141864e-03, 6.16903126e-04, 1.85070932e-03,
       0., 3.08451569e-03, 1.23380625e-03, 0., 6.16903126e-04,
       1.23380625e-03, 2.46761250e-03, 6.16903126e-04, 1.85070932e-03,
       1.23380625e-03, 4.31832206e-03, 6.16903126e-04, 0.,
       4.31832206e-03, 1.85070932e-03, 0., 6.16903126e-04, 0.,
       1.85070932e-03, 6.16903126e-04, 1.85070932e-03, 3.08451569e-03,
       0., 0., 1.85070932e-03, 1.23380625e-03, 6.16903126e-04, 0.,
       5.55212796e-03, 1.23380625e-03, 6.16903126e-04, 0.,
       6.16903126e-04, 2.46761250e-03, 3.08451569e-03, 2.46761250e-03,
       6.16903126e-04, 1.23380625e-03, 6.16903126e-04, 6.16903126e-04,
       6.16903126e-04, 6.16903126e-04, 6.16903126e-04, 2.46761250e-03,
       6.16903126e-04, 1.23380625e-03, 1.23380625e-03, 1.23380625e-03,
       1.23380625e-03, 6.16903126e-04, 6.16903126e-04, 6.16903126e-04,
       0., 3.70141864e-03, 3.08451569e-03, 1.23380625e-03,
       2.46761250e-03, 1.23380625e-03, 0., 9.25354660e-03, 0., 0.,
       1.85070932e-03, 6.16903126e-04, 1.23380625e-03, 1.23380625e-03,
       6.16903126e-04, 0., 1.23380625e-03, 4.31832206e-03,
       1.23380625e-03, 1.85070932e-03, 6.16903126e-04, 1.85070932e-03,
       3.08451569e-03, 0., 0., 6.16903137e-03, 6.16903126e-04, 0.,
       1.23380625e-03, 3.70141864e-03, 0., 1.23380625e-03,
       6.16903126e-04, 1.85070932e-03, 6.16903126e-04, 1.85070932e-03,
       4.31832206e-03, 3.08451569e-03, 0., 3.08451569e-03,
       2.46761250e-03, 0., 0., 6.16903126e-04, 1.23380625e-03,
       6.16903126e-04, 0., 1.23380625e-03, 2.46761250e-03,
       6.16903126e-04, 1.23380625e-03, 6.16903126e-04, 1.23380625e-03,
       0., 0., 6.16903126e-04, 2.46761250e-03, 3.70141864e-03,
       3.70141864e-03, 5.55212796e-03, 1.23380625e-03, 6.16903126e-04,
       7.40283728e-03, 1.85070932e-03, 6.16903126e-04, 1.23380625e-03,
       5.55212796e-03, 6.16903126e-04, 6.16903126e-04, 0.,
       6.16903126e-04, 0., 1.23380625e-03, 2.46761250e-03,
       6.16903126e-04, 0., 1.23380625e-03, 0., 0., 1.23380625e-03, 0.,
       1.85070932e-03, 2.46761250e-03, 1.23380625e-03, 0.,
       6.16903126e-04, 0., 0., 0., 0., 1.23380625e-03, 6.16903126e-04,
       0., 3.08451569e-03, 0., 6.16903126e-04, 6.16903126e-04,
       1.23380625e-03, 0., 0., 0., 1.23380625e-03, 0., 4.93522501e-03,
       0., 0., 0., 0., 0., 0., 6.16903126e-04, 1.23380625e-03, 0.,
       4.93522501e-03, 0., 1.23380625e-03, 1.85070932e-03,
       6.16903126e-04, 1.85070932e-03, 6.16903126e-04, 0., 0.,
       2.46761250e-03, 0., 2.46761250e-03, 0., 6.16903126e-04,
       1.23380625e-03, 4.93522501e-03, 2.46761250e-03, 0.,
       6.16903126e-04, 0., 0., 0., 4.93522501e-03, 6.16903126e-04,
       6.16903126e-04, 0., 0., 0., 0., 3.70141864e-03, 4.31832206e-03,
       0., 2.46761250e-03, 0., 1.85070932e-03, 0., 1.23380625e-03,
       3.08451569e-03, 0., 1.85070932e-03, 6.16903126e-04,
       6.16903126e-04, 6.16903126e-04, 1.85070932e-03, 1.23380625e-03,
       0., 1.23380625e-03, 0., 4.31832206e-03, 2.46761250e-03,
       6.16903126e-04, 2.46761250e-03, 1.23380625e-03, 0.,
       1.23380625e-03, 1.23380625e-03, 0., 0., 0., 3.08451569e-03, 0.,
       0., 0., 3.08451569e-03, 0., 6.16903126e-04, 0., 6.16903126e-04,
       2.46761250e-03, 0., 6.16903126e-04, 0., 1.23380625e-03,
       2.46761250e-03, 2.46761250e-03, 6.16903126e-04, 6.16903126e-04,
       1.23380625e-03, 1.23380625e-03, 3.08451569e-03, 1.85070932e-03,
       1.23380625e-03, 2.46761250e-03, 6.16903126e-04, 0., 0.,
       1.23380625e-03, 3.70141864e-03, 1.85070932e-03, 1.23380625e-03,
       1.85070932e-03, 5.55212796e-03, 6.78593433e-03, 2.46761250e-03,
       1.23380625e-03, 0., 0., 6.16903126e-04, 2.46761250e-03,
       3.08451569e-03, 0., 0., 1.23380625e-03, 3.08451569e-03, 0.,
       1.23380625e-03, 2.46761250e-03, 6.16903126e-04, 6.16903126e-04,
       0., 0., 2.46761250e-03, 1.85070932e-03, 0., 0., 0., 0.,
       1.48056746e-02, 0., 0., 0., 1.85070932e-03, 6.16903126e-04, 0.,
       0., 3.08451569e-03, 0., 0., 6.16903126e-04, 3.08451569e-03,
       3.70141864e-03, 6.16903126e-04, 0., 0., 0., 1.23380625e-03,
       1.85070932e-03, 0., 0., 1.23380625e-03, 1.23380625e-03,
       1.23380625e-03, 0., 1.23380625e-03, 1.23380625e-03, 0., 0.,
       3.70141864e-03, 0., 1.85070932e-03, 6.16903126e-04, 0.,
       6.16903126e-04, 0., 0., 1.23380625e-03, 0., 0., 0.,
       2.46761250e-03, 0., 1.85070932e-03, 6.16903126e-04,
       6.16903126e-04, 0., 1.23380625e-03, 0., 1.23380625e-03, 0., 0.,
       6.16903126e-04, 0., 3.70141864e-03, 1.23380625e-03,
       6.16903126e-04, 2.46761250e-03, 0., 2.46761250e-03, 0.,
       1.23380625e-03, 6.16903126e-04, 1.23380625e-03, 0., 0.,
       1.85070932e-03, 1.85070932e-03, 3.08451569e-03, 0.,
       2.46761250e-03, 6.16903126e-04, 0., 0., 6.16903126e-04,
       1.23380625e-03, 0., 6.16903126e-04, 1.85070932e-03,
       6.16903126e-04, 1.85070932e-03, 6.16903126e-04, 6.16903126e-04,
       1.85070932e-03, 1.23380625e-03, 2.46761250e-03, 0.,
       2.46761250e-03, 0., 0., 6.16903126e-04, 6.16903126e-04,
       1.23380625e-03, 1.85070932e-03, 1.85070932e-03, 2.46761250e-03,
       1.23380625e-03, 6.16903126e-04, 6.16903126e-04, 0.,
       1.23380625e-03, 0., 0., 1.85070932e-03, 3.70141864e-03, 0.,
       6.16903126e-04, 3.08451569e-03, 0., 0., 2.46761250e-03,
       6.16903126e-04, 0., 0., 1.85070932e-03, 0., 1.85070932e-03,
       1.23380625e-03, 0., 1.23380625e-03, 4.31832206e-03,
       6.16903126e-04, 6.78593433e-03, 1.23380625e-03, 6.16903126e-04,
       6.16903126e-04, 0., 1.85070932e-03, 0., 1.23380625e-03,
       6.16903126e-04, 6.16903126e-04, 6.16903126e-04, 0.,
       4.31832206e-03, 6.16903126e-04, 2.46761250e-03, 6.16903126e-04,
       2.46761250e-03, 0., 5.55212796e-03, 6.16903126e-04,
       7.40283728e-03, 1.23380625e-03, 0., 1.85070932e-03, 0., 0., 0.,
       0., 6.16903126e-04, 1.23380625e-03, 0., 6.16903126e-04,
       1.85070932e-03, 1.23380625e-03, 6.16903126e-04, 6.16903126e-04,
       0., 3.08451569e-03, 3.08451569e-03, 2.46761250e-03,
       6.16903126e-04, 0., 6.16903126e-04, 1.23380625e-03,
       6.16903126e-04, 3.08451569e-03, 6.16903126e-04, 1.23380625e-03,
       6.16903126e-04, 0., 2.46761250e-03, 6.16903126e-04, 0., 0.,
       1.23380625e-03, 0., 6.16903126e-04, 6.16903126e-04,
       7.40283728e-03, 0., 6.16903126e-04, 1.23380625e-03,
       1.23380625e-03, 1.85070932e-03, 1.23380625e-03, 6.16903126e-04,
       0., 3.70141864e-03, 6.16903126e-04, 0., 1.23380625e-03,
       3.70141864e-03, 1.85070932e-03, 6.16903126e-04, 6.16903126e-04,
       0., 1.85070932e-03, 6.16903126e-04, 6.16903126e-04,
       6.16903126e-04, 1.23380625e-03, 1.85070932e-03, 6.16903126e-04,
       6.16903126e-04, 0., 6.16903126e-04, 0., 0., 1.23380625e-03, 0.,
       2.46761250e-03, 1.23380625e-03, 1.23380625e-03, 0., 0.,
       2.46761250e-03, 1.23380625e-03, 0., 0., 0., 1.85070932e-03, 0.,
       1.23380625e-03, 0., 2.46761250e-03, 4.93522501e-03,
       6.16903126e-04, 0., 2.46761250e-03, 1.23380625e-03, 0., 0.,
       6.16903126e-04, 1.85070932e-03, 0., 1.23380625e-03,
       1.23380625e-03, 5.55212796e-03, 0., 3.08451569e-03,
       3.70141864e-03, 3.70141864e-03, 0., 0., 6.16903126e-04, 0.,
       6.16903126e-04, 0., 2.46761250e-03, 6.78593433e-03,
       6.16903126e-04, 1.23380625e-03, 0., 6.16903126e-04, 0.,
       6.16903126e-04, 0., 4.31832206e-03, 0., 6.16903126e-04,
