%YAML:1.0
m50f: !!opencv-matrix
   rows: 1
   cols: 800
   dt: f
   data: [ 1.61290332e-03, 2.90322583e-03, 1.61290332e-03,
       3.22580658e-04, 1.29032263e-03, 1.29032263e-03, 1.29032263e-03,
       1.61290332e-03, 6.45161315e-04, 3.22580658e-04, 3.22580658e-04,
       1.61290332e-03, 9.67741944e-04, 1.61290332e-03, 9.67741944e-04,
       1.93548389e-03, 1.93548389e-03, 3.22580663e-03, 1.29032263e-03,
       2.58064526e-03, 6.45161315e-04, 6.45161315e-04, 1.29032263e-03,
       1.93548389e-03, 1.61290332e-03, 2.25806469e-03, 6.45161315e-04,
       1.29032263e-03, 1.29032263e-03, 1.61290332e-03, 1.61290332e-03,
       3.22580658e-04, 3.22580658e-04, 1.93548389e-03, 3.22580663e-03,
       2.58064526e-03, 3.22580658e-04, 9.67741944e-04, 9.67741944e-04,
       6.45161315e-04, 6.45161315e-04, 2.25806469e-03, 1.29032263e-03,
       0., 9.67741944e-04, 9.67741944e-04, 0., 1.29032263e-03,
       3.22580658e-04, 3.87096778e-03, 3.22580658e-04, 2.25806469e-03,
       9.67741944e-04, 3.22580658e-04, 3.22580658e-04, 1.61290332e-03,
       2.25806469e-03, 0., 0., 0., 9.67741944e-04, 6.45161315e-04,
       1.61290332e-03, 6.45161315e-04, 1.61290332e-03, 1.29032263e-03,
       9.67741944e-04, 6.45161315e-04, 6.45161315e-04, 1.61290332e-03,
       3.22580658e-04, 2.90322583e-03, 1.61290332e-03, 1.29032263e-03,
       3.54838721e-03, 1.93548389e-03, 3.22580658e-04, 1.93548389e-03,
       1.93548389e-03, 1.61290332e-03, 1.61290332e-03, 1.61290332e-03,
       3.22580658e-04, 9.67741944e-04, 6.45161315e-04, 3.22580658e-04,
       3.22580658e-04, 2.90322583e-03, 6.45161315e-04, 1.29032263e-03,
       9.67741944e-04, 0., 9.67741944e-04, 2.58064526e-03,
       6.45161315e-04, 1.93548389e-03, 1.61290332e-03, 6.45161315e-04,
       1.93548389e-03, 3.22580658e-04, 1.29032263e-03, 1.61290332e-03,
       9.67741944e-04, 1.61290332e-03, 1.93548389e-03, 6.45161315e-04,
       9.67741944e-04, 1.29032263e-03, 6.45161315e-04, 3.22580658e-04,
       1.29032263e-03, 2.90322583e-03, 1.61290332e-03, 1.29032263e-03,
       3.22580658e-04, 2.58064526e-03, 6.45161315e-04, 3.54838721e-03,
       2.25806469e-03, 1.61290332e-03, 3.22580658e-04, 1.29032263e-03,
       1.29032263e-03, 9.67741944e-04, 9.67741944e-04, 1.61290332e-03,
       6.45161315e-04, 9.67741944e-04, 1.61290332e-03, 1.93548389e-03,
       9.67741944e-04, 1.29032263e-03, 9.67741944e-04, 6.45161315e-04,
       3.22580658e-04, 2.90322583e-03, 1.61290332e-03, 6.45161315e-04,
       6.45161315e-04, 9.67741944e-04, 3.22580658e-04, 1.29032263e-03,
       3.22580658e-04, 9.67741944e-04, 3.22580658e-04, 9.67741944e-04,
       6.45161315e-04, 1.93548389e-03, 1.29032263e-03, 9.67741944e-04,
       6.45161315e-04, 6.45161315e-04, 3.22580658e-04, 6.45161315e-04,
       1.29032263e-03, 6.45161315e-04, 1.61290332e-03, 6.45161315e-04,
       6.45161315e-04, 9.67741944e-04, 9.67741944e-04, 6.45161315e-04,
       3.22580658e-04, 9.67741944e-04, 9.67741944e-04, 1.61290332e-03,
       1.29032263e-03, 3.22580658e-04, 3.22580663e-03, 9.67741944e-04,
       0., 9.67741944e-04, 3.22580658e-04, 0., 9.67741944e-04,
       6.45161315e-04, 6.45161315e-04, 3.22580658e-04, 1.93548389e-03,
       1.93548389e-03, 4.51612938e-03, 2.90322583e-03, 3.22580658e-04,
       9.67741944e-04, 6.45161315e-04, 1.29032263e-03, 1.61290332e-03,
       3.22580658e-04, 6.45161315e-04, 0., 6.45161315e-04,
       9.67741944e-04, 1.61290332e-03, 6.45161315e-04, 3.22580658e-04,
       9.67741944e-04, 3.22580658e-04, 3.22580658e-04, 6.45161315e-04,
       1.29032263e-03, 3.22580658e-04, 0., 3.54838721e-03,
       1.61290332e-03, 1.29032263e-03, 2.25806469e-03, 6.45161315e-04,
       1.61290332e-03, 6.45161315e-04, 2.58064526e-03, 1.29032263e-03,
       9.67741944e-04, 1.93548389e-03, 9.67741944e-04, 2.25806469e-03,
       1.29032263e-03, 1.29032263e-03, 0., 1.93548389e-03,
       3.22580658e-04, 1.29032263e-03, 1.61290332e-03, 1.93548389e-03,
       3.22580658e-04, 9.67741944e-04, 6.45161315e-04, 1.29032263e-03,
       2.58064526e-03, 3.22580658e-04, 3.54838721e-03, 6.45161315e-04,
       1.61290332e-03, 0., 9.67741944e-04, 1.29032263e-03,
       1.61290332e-03, 1.61290332e-03, 6.45161315e-04, 6.45161315e-04,
       1.93548389e-03, 9.67741944e-04, 9.67741944e-04, 3.22580658e-04,
       3.22580663e-03, 6.45161315e-04, 1.29032263e-03, 1.93548389e-03,
       9.67741944e-04, 1.93548389e-03, 9.67741944e-04, 2.25806469e-03,
       9.67741944e-04, 3.22580663e-03, 3.54838721e-03, 1.29032263e-03,
       6.45161315e-04, 3.22580658e-04, 1.29032263e-03, 1.29032263e-03,
       3.22580658e-04, 1.61290332e-03, 2.25806469e-03, 6.45161315e-04,
       0., 1.93548389e-03, 3.22580658e-04, 3.22580658e-04,
       1.61290332e-03, 3.22580658e-04, 1.61290332e-03, 9.67741944e-04,
       1.29032263e-03, 3.22580658e-04, 2.25806469e-03, 0.,
       1.61290332e-03, 3.22580658e-04, 1.61290332e-03, 1.29032263e-03,
       9.67741944e-04, 0., 1.61290332e-03, 3.22580658e-04,
       6.45161315e-04, 2.25806469e-03, 1.29032263e-03, 2.25806469e-03,
       1.29032263e-03, 3.22580658e-04, 9.67741944e-04, 2.25806469e-03,
       6.45161315e-04, 9.67741944e-04, 1.29032263e-03, 2.58064526e-03,
       6.45161315e-04, 1.93548389e-03, 2.25806469e-03, 6.45161315e-04,
       2.25806469e-03, 1.29032263e-03, 3.22580658e-04, 9.67741944e-04,
       1.61290332e-03, 9.67741944e-04, 3.22580663e-03, 1.29032263e-03,
       2.25806469e-03, 9.67741944e-04, 1.29032263e-03, 1.93548389e-03,
       0., 9.67741944e-04, 1.61290332e-03, 1.29032263e-03,
       6.45161315e-04, 1.93548389e-03, 1.61290332e-03, 1.29032263e-03,
       3.22580658e-04, 9.67741944e-04, 6.45161315e-04, 9.67741944e-04,
       6.45161315e-04, 9.67741944e-04, 2.25806469e-03, 6.45161315e-04,
       1.61290332e-03, 6.45161315e-04, 1.29032263e-03, 1.93548389e-03,
       6.45161315e-04, 2.25806469e-03, 2.58064526e-03, 0., 0.,
       1.93548389e-03, 1.29032263e-03, 0., 1.29032263e-03,
       1.93548389e-03, 1.29032263e-03, 1.61290332e-03, 0.,
       1.29032263e-03, 3.22580658e-04, 1.29032263e-03, 9.67741944e-04,
       1.29032263e-03, 6.45161315e-04, 1.29032263e-03, 6.45161315e-04,
       3.22580658e-04, 2.90322583e-03, 1.29032263e-03, 6.45161315e-04,
       1.61290332e-03, 1.61290332e-03, 2.58064526e-03, 1.29032263e-03,
       1.61290332e-03, 1.61290332e-03, 0., 1.61290332e-03,
       3.22580658e-04, 1.93548389e-03, 1.29032263e-03, 3.22580658e-04,
       1.29032263e-03, 1.29032263e-03, 2.58064526e-03, 1.61290332e-03,
       2.25806469e-03, 1.93548389e-03, 1.29032263e-03, 1.29032263e-03,
       1.29032263e-03, 6.45161315e-04, 3.22580663e-03, 9.67741944e-04,
       3.22580658e-04, 3.22580658e-04, 1.61290332e-03, 3.22580658e-04,
       3.54838721e-03, 9.67741944e-04, 9.67741944e-04, 6.45161315e-04,
       4.19354858e-03, 6.45161315e-04, 1.93548389e-03, 2.90322583e-03,
       1.61290332e-03, 2.58064526e-03, 1.61290332e-03, 1.29032263e-03,
       1.93548389e-03, 3.22580658e-04, 3.22580658e-04, 1.61290332e-03,
       9.67741944e-04, 3.22580658e-04, 2.58064526e-03, 3.22580658e-04,
       3.22580658e-04, 1.29032263e-03, 0., 3.22580658e-04,
       2.58064526e-03, 0., 3.87096778e-03, 1.29032263e-03,
       3.22580658e-04, 1.93548389e-03, 5.16129052e-03, 2.90322583e-03,
       9.67741944e-04, 9.67741944e-04, 3.22580658e-04, 1.93548389e-03,
       6.45161315e-04, 1.61290332e-03, 9.67741944e-04, 9.67741944e-04,
       1.29032263e-03, 0., 1.29032263e-03, 1.29032263e-03,
       2.25806469e-03, 1.93548389e-03, 3.22580658e-04, 1.61290332e-03,
       1.61290332e-03, 9.67741944e-04, 1.29032263e-03, 1.93548389e-03,
       6.45161315e-04, 1.93548389e-03, 9.67741944e-04, 9.67741944e-04,
       0., 1.61290332e-03, 3.22580658e-04, 1.29032263e-03,
       3.22580658e-04, 6.45161315e-04, 2.25806469e-03, 6.45161315e-04,
       9.67741944e-04, 6.45161315e-04, 3.22580658e-04, 2.90322583e-03,
       1.61290332e-03, 1.61290332e-03, 1.93548389e-03, 1.61290332e-03,
       1.93548389e-03, 1.61290332e-03, 1.29032263e-03, 1.61290332e-03,
       1.29032263e-03, 2.90322583e-03, 3.22580658e-04, 1.93548389e-03,
