%YAML:1.0
m50f: !!opencv-matrix
   rows: 1
   cols: 800
   dt: f
   data: [ 9.62463906e-04, 1.92492781e-03, 9.62463906e-04,
       3.84985562e-03, 3.36862355e-03, 9.62463906e-04, 4.81231953e-04,
       2.40615988e-03, 3.84985562e-03, 1.92492781e-03, 0.,
       4.81231953e-04, 0., 0., 4.81231953e-04, 0., 2.40615988e-03,
       4.81231953e-04, 1.92492781e-03, 4.81231953e-04, 0., 0.,
       2.40615988e-03, 0., 0., 1.44369586e-03, 1.44369586e-03,
       2.40615988e-03, 4.81231953e-04, 1.92492781e-03, 4.81231953e-04,
       9.62463906e-04, 1.44369586e-03, 1.92492781e-03, 0.,
       3.36862355e-03, 1.44369586e-03, 4.81231953e-04, 9.62463906e-04,
       4.81231953e-04, 1.92492781e-03, 0., 2.88739172e-03,
       2.40615988e-03, 4.81231953e-04, 1.44369586e-03, 0.,
       9.62463906e-04, 0., 0., 9.62463906e-04, 0., 9.62463906e-04,
       9.62463906e-04, 9.62463906e-04, 4.81231953e-04, 1.44369586e-03,
       0., 1.44369586e-03, 1.92492781e-03, 0., 0., 2.40615988e-03,
       4.81231953e-04, 1.92492781e-03, 4.81231953e-04, 4.81231953e-04,
       1.44369586e-03, 1.44369586e-03, 9.62463906e-04, 1.92492781e-03,
       0., 0., 0., 1.92492781e-03, 1.92492781e-03, 0., 4.81231953e-04,
       4.81231953e-04, 4.81231953e-04, 9.62463906e-04, 0.,
       4.81231953e-04, 3.84985562e-03, 1.92492781e-03, 3.84985562e-03,
       9.62463906e-04, 9.62463906e-04, 1.92492781e-03, 9.62463906e-04,
       4.81231953e-04, 4.81231953e-04, 3.36862355e-03, 1.92492781e-03,
       9.62463906e-04, 9.62463906e-04, 3.36862355e-03, 2.40615988e-03,
       4.81231953e-04, 1.44369586e-03, 2.88739172e-03, 2.40615988e-03,
       4.81231953e-04, 9.62463906e-04, 0., 1.44369586e-03,
       2.40615988e-03, 4.81231953e-04, 0., 9.62463906e-04,
       4.81231953e-04, 9.62463906e-04, 9.62463906e-04, 3.36862355e-03,
       2.88739172e-03, 9.62463906e-04, 2.88739172e-03, 1.44369586e-03,
       6.25601551e-03, 9.62463906e-04, 4.81231953e-04, 1.44369586e-03,
       0., 1.44369586e-03, 0., 4.81231953e-04, 1.92492781e-03,
       9.62463906e-04, 1.44369586e-03, 1.44369586e-03, 0.,
       1.44369586e-03, 9.62463906e-04, 2.40615988e-03, 0., 0.,
       9.62463906e-04, 4.81231953e-04, 9.62463906e-04, 1.92492781e-03,
       2.40615988e-03, 4.81231953e-04, 4.81231953e-04, 1.92492781e-03,
       1.92492781e-03, 9.62463906e-04, 1.92492781e-03, 0., 0.,
       3.36862355e-03, 4.81231953e-04, 9.62463906e-04, 0.,
       2.88739172e-03, 2.88739172e-03, 0., 0., 3.84985562e-03, 0.,
       3.84985562e-03, 1.92492781e-03, 4.81231953e-04, 1.44369586e-03,
       4.81231953e-04, 9.62463906e-04, 1.44369586e-03, 9.62463906e-04,
       4.81231953e-04, 1.44369586e-03, 4.81231953e-04, 4.81231953e-04,
       1.92492781e-03, 9.62463906e-04, 9.62463906e-04, 4.81231953e-04,
       0., 9.62463906e-04, 9.62463906e-04, 1.44369586e-03,
       9.62463906e-04, 4.81231953e-04, 1.44369586e-03, 0.,
       2.40615988e-03, 2.88739172e-03, 0., 2.88739172e-03,
       1.44369586e-03, 0., 9.62463906e-04, 4.81231953e-04,
       4.81231953e-04, 1.44369586e-03, 1.44369586e-03, 1.92492781e-03,
       1.44369586e-03, 1.44369586e-03, 9.62463906e-04, 9.62463906e-04,
       0., 1.92492781e-03, 0., 0., 1.44369586e-03, 0., 4.81231953e-04,
       9.62463906e-04, 2.40615988e-03, 4.81231953e-04, 4.81231953e-04,
       1.44369586e-03, 1.92492781e-03, 0., 1.44369586e-03,
       1.44369586e-03, 9.62463906e-04, 1.44369586e-03, 4.81231953e-04,
       1.92492781e-03, 4.81231953e-04, 1.92492781e-03, 0.,
       3.84985562e-03, 4.81231976e-03, 4.81231953e-04, 4.81231953e-04,
       1.44369586e-03, 4.81231953e-04, 9.62463906e-04, 9.62463906e-04,
       2.40615988e-03, 2.88739172e-03, 9.62463906e-04, 1.44369586e-03,
       1.92492781e-03, 9.62463906e-04, 4.81231953e-04, 2.40615988e-03,
       4.81231953e-04, 3.84985562e-03, 1.44369586e-03, 0.,
       9.62463906e-04, 4.81231953e-04, 1.92492781e-03, 2.40615988e-03,
       2.88739172e-03, 0., 4.81231953e-04, 4.81231953e-04, 0., 0.,
       9.62463906e-04, 2.40615988e-03, 1.92492781e-03, 1.92492781e-03,
       1.92492781e-03, 6.25601551e-03, 2.40615988e-03, 2.40615988e-03,
       2.40615988e-03, 2.40615988e-03, 1.92492781e-03, 4.81231953e-04,
       0., 4.81231953e-04, 0., 0., 9.62463906e-04, 0., 4.81231976e-03,
       4.81231953e-04, 2.40615988e-03, 1.44369586e-03, 9.62463906e-04,
       0., 9.62463906e-04, 4.81231953e-04, 4.81231953e-04, 0., 0.,
       3.36862355e-03, 1.44369586e-03, 1.92492781e-03, 1.92492781e-03,
       2.40615988e-03, 4.81231953e-04, 1.92492781e-03, 0.,
       4.81231953e-04, 4.81231953e-04, 1.92492781e-03, 1.44369586e-03,
       1.92492781e-03, 1.44369586e-03, 9.62463906e-04, 2.40615988e-03,
       1.44369586e-03, 2.40615988e-03, 4.81231953e-04, 2.88739172e-03,
       9.62463906e-04, 1.92492781e-03, 9.62463906e-04, 5.77478344e-03,
       0., 4.81231953e-04, 1.44369586e-03, 1.44369586e-03,
       4.81231953e-04, 9.62463906e-04, 4.81231953e-04, 9.62463906e-04,
       4.81231953e-04, 4.81231953e-04, 0., 4.33108769e-03,
       2.40615988e-03, 2.40615988e-03, 3.84985562e-03, 2.88739172e-03,
       1.92492781e-03, 9.62463906e-04, 1.44369586e-03, 0.,
       4.81231953e-04, 1.44369586e-03, 4.81231953e-04, 3.84985562e-03,
       0., 2.88739172e-03, 0., 1.92492781e-03, 9.62463906e-04,
       9.62463906e-04, 4.81231953e-04, 2.40615988e-03, 1.92492781e-03,
       1.44369586e-03, 9.62463906e-04, 1.92492781e-03, 0., 0.,
       1.44369586e-03, 1.92492781e-03, 2.88739172e-03, 0.,
       4.81231953e-04, 9.62463906e-04, 2.88739172e-03, 0.,
       4.81231953e-04, 4.81231953e-04, 1.44369586e-03, 1.92492781e-03,
       0., 9.62463906e-04, 1.92492781e-03, 4.81231953e-04,
       9.62463906e-04, 9.62463906e-04, 4.81231953e-04, 1.44369586e-03,
       3.84985562e-03, 1.44369586e-03, 2.88739172e-03, 2.40615988e-03,
       1.44369586e-03, 9.62463906e-04, 4.81231976e-03, 2.40615988e-03,
       4.81231953e-04, 9.62463906e-04, 4.81231953e-04, 4.81231976e-03,
       4.81231953e-04, 1.44369586e-03, 1.92492781e-03, 9.62463906e-04,
       1.92492781e-03, 2.40615988e-03, 4.81231953e-04, 9.62463906e-04,
       9.62463906e-04, 4.81231953e-04, 9.62463906e-04, 1.92492781e-03,
       1.44369586e-03, 0., 9.62463906e-04, 9.62463906e-04, 0., 0.,
       4.81231953e-04, 4.33108769e-03, 3.36862355e-03, 4.81231953e-04,
       4.81231953e-04, 4.81231953e-04, 1.44369586e-03, 4.81231953e-04,
       1.92492781e-03, 1.44369586e-03, 3.36862355e-03, 4.81231953e-04,
       2.40615988e-03, 0., 4.81231953e-04, 0., 1.44369586e-03,
       4.81231953e-04, 1.44369586e-03, 4.81231953e-04, 0.,
       1.44369586e-03, 9.62463906e-04, 0., 7.21847918e-03,
       3.36862355e-03, 9.62463906e-04, 1.44369586e-03, 1.92492781e-03,
       1.44369586e-03, 2.88739172e-03, 4.81231953e-04, 1.44369586e-03,
       0., 1.44369586e-03, 0., 1.44369586e-03, 4.81231953e-04,
       4.81231953e-04, 0., 0., 3.84985562e-03, 0., 0., 2.40615988e-03,
       1.44369586e-03, 4.81231953e-04, 4.81231953e-04, 1.44369586e-03,
       1.44369586e-03, 9.62463906e-04, 4.81231953e-04, 3.36862355e-03,
       0., 4.81231953e-04, 4.81231953e-04, 1.44369586e-03,
       1.92492781e-03, 0., 1.44369586e-03, 9.62463906e-04,
       2.40615988e-03, 1.92492781e-03, 0., 9.62463906e-04,
       9.62463906e-04, 2.40615988e-03, 2.40615988e-03, 9.62463906e-04,
       0., 2.88739172e-03, 4.81231953e-04, 1.92492781e-03,
       4.81231953e-04, 9.62463906e-04, 1.92492781e-03, 2.40615988e-03,
       1.44369586e-03, 4.81231953e-04, 9.62463906e-04, 1.92492781e-03,
       1.44369586e-03, 0., 2.40615988e-03, 4.81231953e-04,
       2.40615988e-03, 9.62463906e-04, 1.44369586e-03, 9.62463906e-04,
       4.81231953e-04, 4.81231953e-04, 1.92492781e-03, 4.81231953e-04,
       1.44369586e-03, 9.62463906e-04, 0., 4.81231953e-04,
       2.40615988e-03, 2.88739172e-03, 9.62463906e-04, 2.88739172e-03,
       9.62463906e-04, 1.92492781e-03, 4.81231953e-04, 4.81231953e-04,
       9.62463906e-04, 4.81231953e-04, 1.44369586e-03, 3.36862355e-03,
       2.40615988e-03, 3.84985562e-03, 9.62463906e-04, 0.,
