%YAML:1.0
m50f: !!opencv-matrix
   rows: 1
   cols: 800
   dt: f
   data: [ 7.63941964e-04, 1.52788393e-03, 2.29182583e-03, 0.,
       2.67379684e-03, 0., 0., 1.52788393e-03, 1.52788393e-03,
       3.81970982e-04, 1.90985494e-03, 3.05576785e-03, 0.,
       7.63941964e-04, 4.96562291e-03, 1.90985494e-03, 3.81970982e-04,
       3.81970982e-04, 3.81970982e-04, 3.81970982e-04, 0.,
       7.63941964e-04, 3.05576785e-03, 0., 1.52788393e-03,
       3.81970982e-04, 1.52788393e-03, 0., 0., 3.81970982e-04,
       7.63941964e-04, 1.52788393e-03, 2.29182583e-03, 1.14591292e-03,
       3.81970982e-04, 3.05576785e-03, 1.14591292e-03, 0.,
       1.52788393e-03, 0., 0., 0., 4.20168089e-03, 3.81970982e-04,
       2.29182583e-03, 7.63941964e-04, 1.90985494e-03, 3.81970982e-04,
       0., 1.52788393e-03, 3.81970988e-03, 3.81970982e-04,
       3.43773887e-03, 3.81970982e-04, 0., 1.52788393e-03,
       3.81970982e-04, 7.63941964e-04, 1.52788393e-03, 2.29182583e-03,
       0., 3.81970982e-04, 3.05576785e-03, 0., 1.90985494e-03, 0.,
       2.29182583e-03, 2.29182583e-03, 2.29182583e-03, 7.63941964e-04,
       3.81970982e-04, 0., 0., 0., 1.14591292e-03, 2.29182583e-03, 0.,
       1.14591292e-03, 2.29182583e-03, 4.58365167e-03, 3.81970982e-04,
       0., 3.05576785e-03, 0., 0., 3.81970988e-03, 3.43773887e-03, 0.,
       3.05576785e-03, 0., 0., 3.81970982e-04, 0., 0., 1.14591292e-03,
       1.14591292e-03, 1.90985494e-03, 1.52788393e-03, 1.90985494e-03,
       7.63941964e-04, 1.14591292e-03, 2.67379684e-03, 1.90985494e-03,
       3.43773887e-03, 0., 1.14591292e-03, 1.90985494e-03,
       1.14591292e-03, 3.81970982e-04, 7.63941964e-04, 1.14591292e-03,
       2.67379684e-03, 3.81970982e-04, 7.63941964e-04, 3.43773887e-03,
       3.81970982e-04, 2.29182583e-03, 3.81970982e-04, 3.05576785e-03,
       7.63941964e-04, 7.63941964e-04, 3.81970988e-03, 1.90985494e-03,
       3.81970988e-03, 0., 3.81970982e-04, 1.90985494e-03,
       7.63941964e-04, 4.58365167e-03, 1.14591292e-03, 7.63941964e-04,
       0., 1.90985494e-03, 3.81970982e-04, 1.52788393e-03, 0.,
       2.67379684e-03, 3.81970982e-04, 4.20168089e-03, 3.81970982e-04,
       2.67379684e-03, 7.63941964e-04, 3.81970982e-04, 1.90985494e-03,
       7.63941964e-04, 0., 0., 1.90985494e-03, 0., 4.58365167e-03, 0.,
       3.81970982e-04, 7.63941964e-04, 7.63941964e-04, 3.81970982e-04,
       0., 3.81970982e-04, 2.29182583e-03, 0., 1.90985494e-03,
       1.14591292e-03, 1.90985494e-03, 7.63941964e-04, 1.90985494e-03,
       3.81970982e-04, 7.63941964e-04, 3.81970982e-04, 1.52788393e-03,
       1.14591292e-03, 0., 7.63941964e-04, 3.81970982e-04,
       4.58365167e-03, 0., 1.14591292e-03, 3.81970982e-04,
       3.81970982e-04, 1.14591292e-03, 3.81970982e-04, 3.81970982e-04,
       3.81970988e-03, 2.29182583e-03, 0., 1.52788393e-03,
       1.90985494e-03, 0., 1.90985494e-03, 7.63941964e-04,
       3.81970982e-04, 1.52788393e-03, 2.67379684e-03, 1.52788393e-03,
       2.67379684e-03, 3.81970982e-04, 7.63941964e-04, 3.81970982e-04,
       7.63941964e-04, 1.14591292e-03, 1.90985494e-03, 1.14591292e-03,
       3.81970982e-04, 3.81970982e-04, 3.05576785e-03, 1.14591292e-03,
       1.14591292e-03, 1.90985494e-03, 1.52788393e-03, 1.90985494e-03,
       1.14591292e-03, 0., 6.87547773e-03, 3.81970982e-04, 0.,
       3.81970988e-03, 3.81970982e-04, 3.05576785e-03, 2.29182583e-03,
       1.52788393e-03, 1.90985494e-03, 2.29182583e-03, 3.43773887e-03,
       3.81970982e-04, 1.90985494e-03, 1.14591292e-03, 1.14591292e-03,
       7.63941964e-04, 0., 1.14591292e-03, 0., 1.52788393e-03,
       1.52788393e-03, 3.05576785e-03, 1.52788393e-03, 7.63941964e-04,
       2.29182583e-03, 7.63941964e-04, 3.43773887e-03, 0.,
       3.05576785e-03, 3.43773887e-03, 3.81970982e-04, 1.52788393e-03,
       1.90985494e-03, 0., 1.52788393e-03, 0., 1.52788393e-03,
       1.90985494e-03, 2.29182583e-03, 0., 1.52788393e-03,
       1.52788393e-03, 0., 1.52788393e-03, 3.81970982e-04, 0.,
       1.52788393e-03, 1.14591292e-03, 1.14591292e-03, 1.14591292e-03,
       1.52788393e-03, 5.34759369e-03, 1.52788393e-03, 3.81970982e-04,
       0., 3.81970982e-04, 3.05576785e-03, 1.14591292e-03,
       7.63941964e-04, 1.14591292e-03, 0., 3.81970982e-04,
       3.81970982e-04, 7.63941964e-04, 1.90985494e-03, 1.14591292e-03,
       7.63941964e-04, 7.63941964e-04, 0., 0., 3.05576785e-03, 0.,
       1.90985494e-03, 7.63941964e-04, 3.81970982e-04, 3.81970988e-03,
       0., 7.63941964e-04, 1.52788393e-03, 8.78533255e-03,
       1.14591292e-03, 1.52788393e-03, 1.52788393e-03, 2.67379684e-03,
       7.63941964e-04, 3.81970982e-04, 1.52788393e-03, 2.29182583e-03,
       3.05576785e-03, 1.52788393e-03, 1.52788393e-03, 3.81970982e-04,
       0., 3.81970982e-04, 2.29182583e-03, 3.81970982e-04, 0., 0.,
       1.90985494e-03, 1.14591292e-03, 4.20168089e-03, 0.,
       1.90985494e-03, 0., 7.63941964e-04, 3.81970982e-04,
       3.81970982e-04, 1.52788393e-03, 3.43773887e-03, 1.52788393e-03,
       2.29182583e-03, 7.63941964e-04, 1.52788393e-03, 1.14591292e-03,
       7.63941964e-04, 1.14591292e-03, 2.29182583e-03, 7.63941964e-04,
       3.05576785e-03, 0., 6.11153571e-03, 0., 3.81970982e-04,
       1.52788393e-03, 1.90985494e-03, 0., 3.81970982e-04,
       1.14591292e-03, 1.14591292e-03, 0., 3.05576785e-03, 0.,
       7.63941964e-04, 2.67379684e-03, 0., 3.81970982e-04,
       3.81970982e-04, 1.14591292e-03, 3.81970982e-04, 0.,
       3.81970982e-04, 7.63941964e-04, 1.52788393e-03, 2.67379684e-03,
       1.90985494e-03, 3.81970982e-04, 1.52788393e-03, 2.67379684e-03,
       1.52788393e-03, 7.63941964e-04, 1.52788393e-03, 1.14591292e-03,
       3.05576785e-03, 3.81970982e-04, 1.52788393e-03, 3.81970982e-04,
       1.52788393e-03, 2.29182583e-03, 1.52788393e-03, 1.90985494e-03,
       1.90985494e-03, 7.63941964e-04, 0., 1.52788393e-03,
       3.81970982e-04, 7.63941964e-04, 3.81970982e-04, 1.52788393e-03,
       7.63941964e-04, 7.63941964e-04, 4.96562291e-03, 3.81970982e-04,
       1.52788393e-03, 3.81970982e-04, 4.58365167e-03, 1.52788393e-03,
       3.81970982e-04, 1.90985494e-03, 1.14591292e-03, 7.63941964e-04,
       1.52788393e-03, 0., 0., 3.81970982e-04, 3.05576785e-03,
       7.63941964e-04, 1.14591292e-03, 2.29182583e-03, 3.81970982e-04,
       3.81970982e-04, 3.81970982e-04, 7.63941964e-04, 0., 0.,
       2.67379684e-03, 2.67379684e-03, 3.05576785e-03, 3.81970982e-04,
       7.63941964e-04, 0., 1.52788393e-03, 2.29182583e-03, 0.,
       4.20168089e-03, 1.90985494e-03, 1.14591292e-03, 0., 0., 0.,
       1.14591292e-03, 1.14591292e-03, 3.81970982e-04, 0.,
       7.63941964e-04, 5.34759369e-03, 0., 0., 0., 3.81970982e-04,
       3.81970982e-04, 1.90985494e-03, 3.81970982e-04, 7.63941964e-04,
       0., 1.14591292e-03, 1.14591292e-03, 0., 1.52788393e-03,
       1.52788393e-03, 0., 2.67379684e-03, 0., 2.67379684e-03,
       3.81970982e-04, 3.81970982e-04, 1.52788393e-03, 2.29182583e-03,
       7.63941964e-04, 1.14591292e-03, 1.90985494e-03, 0.,
       7.63941964e-04, 3.81970982e-04, 1.14591292e-03, 1.90985494e-03,
       1.14591292e-03, 4.20168089e-03, 0., 7.63941964e-04,
       7.63941964e-04, 1.52788393e-03, 3.43773887e-03, 7.63941964e-04,
       0., 2.67379684e-03, 0., 0., 3.81970982e-04, 1.14591292e-03,
       3.05576785e-03, 0., 0., 7.63941964e-04, 4.20168089e-03,
       1.52788393e-03, 0., 7.63941964e-04, 1.14591292e-03,
       1.90985494e-03, 1.14591292e-03, 3.81970982e-04, 3.81970982e-04,
       0., 1.52788393e-03, 1.14591292e-03, 0., 1.90985494e-03,
       3.81970982e-04, 0., 3.43773887e-03, 2.67379684e-03,
       1.14591292e-03, 3.81970982e-04, 3.43773887e-03, 1.52788393e-03,
       2.29182583e-03, 0., 3.81970982e-04, 3.81970982e-04,
       3.81970982e-04, 7.63941964e-04, 2.29182583e-03, 7.63941964e-04,
       7.25744851e-03, 1.14591292e-03, 3.81970982e-04, 1.90985494e-03,
       4.20168089e-03, 4.20168089e-03, 7.63941964e-04, 0., 0.,
       3.05576785e-03, 0., 3.81970982e-04, 1.14591292e-03,
       1.90985494e-03, 2.67379684e-03, 1.14591292e-03, 3.05576785e-03,
