%YAML:1.0
m50f: !!opencv-matrix
   rows: 1
   cols: 800
   dt: f
   data: [ 2.77557503e-03, 1.58604281e-03, 7.93021405e-04,
       3.96510703e-04, 2.37906422e-03, 3.96510703e-04, 0.,
       1.58604281e-03, 2.37906422e-03, 3.96510679e-03, 1.18953211e-03,
       1.98255340e-03, 3.96510703e-04, 7.93021405e-04, 3.96510703e-04,
       1.98255340e-03, 3.96510703e-04, 0., 0., 3.96510703e-04,
       3.96510703e-04, 1.18953211e-03, 1.18953211e-03, 2.77557503e-03,
       3.96510703e-04, 0., 3.96510703e-04, 3.96510703e-04,
       1.98255340e-03, 7.93021405e-04, 1.98255340e-03, 3.96510703e-04,
       3.56859621e-03, 1.18953211e-03, 3.96510703e-04, 2.37906422e-03,
       0., 3.96510703e-04, 7.93021405e-04, 0., 1.58604281e-03,
       7.93021405e-04, 2.37906422e-03, 0., 3.96510703e-04,
       1.98255340e-03, 7.93021405e-04, 1.58604281e-03, 3.96510703e-04,
       1.58604281e-03, 1.58604281e-03, 3.96510703e-04, 1.98255340e-03,
       7.93021405e-04, 1.58604281e-03, 1.18953211e-03, 3.96510703e-04,
       1.58604281e-03, 1.58604281e-03, 1.98255340e-03, 2.77557503e-03,
       3.96510703e-04, 3.96510703e-04, 3.96510679e-03, 7.93021405e-04,
       0., 3.56859621e-03, 1.18953211e-03, 3.96510703e-04,
       7.93021405e-04, 0., 0., 7.93021405e-04, 3.96510703e-04,
       1.58604281e-03, 2.77557503e-03, 1.18953211e-03, 0.,
       1.58604281e-03, 1.98255340e-03, 3.96510703e-04, 7.93021405e-04,
       1.58604281e-03, 1.18953211e-03, 2.77557503e-03, 5.15463902e-03,
       1.58604281e-03, 3.96510703e-04, 2.77557503e-03, 7.93021405e-04,
       3.96510703e-04, 1.98255340e-03, 7.93021405e-04, 0.,
       3.96510703e-04, 1.18953211e-03, 7.93021405e-04, 3.17208562e-03,
       3.96510679e-03, 1.18953211e-03, 7.93021405e-04, 1.98255340e-03,
       3.96510703e-04, 2.37906422e-03, 3.96510703e-04, 2.77557503e-03,
       1.58604281e-03, 1.18953211e-03, 7.93021405e-04, 1.98255340e-03,
       7.93021405e-04, 7.93021405e-04, 7.93021405e-04, 1.18953211e-03,
       1.98255340e-03, 1.18953211e-03, 1.18953211e-03, 1.18953211e-03,
       3.96510679e-03, 0., 3.96510703e-04, 1.18953211e-03,
       1.18953211e-03, 0., 7.93021405e-04, 3.96510703e-04,
       3.17208562e-03, 1.18953211e-03, 3.96510679e-03, 7.93021405e-04,
       0., 1.18953211e-03, 1.98255340e-03, 2.77557503e-03,
       1.58604281e-03, 3.96510703e-04, 1.98255340e-03, 1.18953211e-03,
       3.17208562e-03, 1.18953211e-03, 1.98255340e-03, 0.,
       3.96510703e-04, 1.58604281e-03, 7.93021405e-04, 3.96510703e-04,
       2.37906422e-03, 7.93021405e-04, 3.96510703e-04, 7.93021405e-04,
       2.37906422e-03, 0., 3.96510703e-04, 2.37906422e-03,
       3.96510703e-04, 0., 3.96510703e-04, 7.93021405e-04,
       7.93021405e-04, 1.58604281e-03, 3.96510703e-04, 3.96510703e-04,
       1.58604281e-03, 1.58604281e-03, 3.17208562e-03, 0., 0.,
       1.58604281e-03, 1.58604281e-03, 3.96510703e-04, 1.18953211e-03,
       7.93021405e-04, 3.96510703e-04, 0., 7.93021405e-04,
       1.98255340e-03, 1.18953211e-03, 3.56859621e-03, 8.32672510e-03,
       0., 1.98255340e-03, 1.18953211e-03, 1.58604281e-03,
       1.18953211e-03, 1.58604281e-03, 0., 3.96510703e-04,
       7.93021405e-04, 0., 2.37906422e-03, 2.37906422e-03,
       2.37906422e-03, 1.98255340e-03, 1.58604281e-03, 7.93021405e-04,
       3.96510703e-04, 0., 3.96510703e-04, 7.93021405e-04,
       1.98255340e-03, 3.56859621e-03, 1.58604281e-03, 3.17208562e-03,
       7.93021405e-04, 0., 1.18953211e-03, 1.18953211e-03,
       1.98255340e-03, 7.93021405e-04, 3.96510703e-04, 2.77557503e-03,
       2.37906422e-03, 1.58604281e-03, 7.93021405e-04, 3.96510703e-04,
       1.18953211e-03, 7.93021405e-04, 1.58604281e-03, 1.18953211e-03,
       1.18953211e-03, 2.37906422e-03, 0., 2.37906422e-03,
       1.18953211e-03, 1.18953211e-03, 3.96510703e-04, 7.93021405e-04,
       1.18953211e-03, 0., 1.18953211e-03, 4.36161784e-03,
       2.37906422e-03, 1.18953211e-03, 2.37906422e-03, 2.77557503e-03,
       4.36161784e-03, 2.37906422e-03, 3.96510703e-04, 1.18953211e-03,
       0., 7.93021405e-04, 1.18953211e-03, 0., 3.96510703e-04,
       1.18953211e-03, 7.93021405e-04, 1.58604281e-03, 3.96510703e-04,
       1.58604281e-03, 7.93021405e-04, 0., 1.18953211e-03,
       1.18953211e-03, 3.96510703e-04, 3.96510703e-04, 2.37906422e-03,
       3.17208562e-03, 1.18953211e-03, 1.98255340e-03, 1.98255340e-03,
       3.96510703e-04, 1.98255340e-03, 7.93021405e-04, 1.18953211e-03,
       3.96510703e-04, 1.18953211e-03, 7.93021405e-04, 1.58604281e-03,
       3.96510703e-04, 7.93021405e-04, 7.93021405e-04, 7.93021405e-04,
       3.96510703e-04, 3.96510703e-04, 7.93021405e-04, 1.18953211e-03,
       1.58604281e-03, 3.96510703e-04, 7.93021405e-04, 1.18953211e-03,
       1.98255340e-03, 7.93021405e-04, 1.58604281e-03, 1.18953211e-03,
       3.17208562e-03, 3.96510679e-03, 1.58604281e-03, 3.96510703e-04,
       0., 3.96510703e-04, 1.18953211e-03, 1.58604281e-03,
       1.18953211e-03, 7.93021405e-04, 7.93021405e-04, 1.18953211e-03,
       3.96510703e-04, 7.93021405e-04, 1.58604281e-03, 3.96510703e-04,
       2.37906422e-03, 1.58604281e-03, 3.17208562e-03, 2.77557503e-03,
       1.18953211e-03, 3.96510703e-04, 3.96510703e-04, 7.93021405e-04,
       5.55115007e-03, 1.58604281e-03, 0., 1.18953211e-03,
       2.37906422e-03, 7.93021405e-04, 1.18953211e-03, 7.93021405e-04,
       1.18953211e-03, 2.77557503e-03, 3.96510703e-04, 3.96510703e-04,
       1.58604281e-03, 3.96510703e-04, 7.93021405e-04, 1.18953211e-03,
       7.93021405e-04, 2.77557503e-03, 1.98255340e-03, 0.,
       1.18953211e-03, 1.18953211e-03, 2.37906422e-03, 3.96510703e-04,
       7.93021405e-04, 0., 1.58604281e-03, 1.18953211e-03,
       1.98255340e-03, 1.98255340e-03, 3.96510703e-04, 0.,
       1.18953211e-03, 1.18953211e-03, 7.93021405e-04, 1.18953211e-03,
       7.93021405e-04, 7.93021405e-04, 0., 1.18953211e-03,
       3.96510703e-04, 7.93021405e-04, 7.93021405e-04, 2.37906422e-03,
       3.96510703e-04, 3.17208562e-03, 0., 7.93021405e-04,
       1.18953211e-03, 1.18953211e-03, 1.18953211e-03, 7.93021405e-04,
       3.96510703e-04, 1.18953211e-03, 7.93021405e-04, 7.93021405e-04,
       3.96510703e-04, 3.96510703e-04, 1.18953211e-03, 7.93021405e-04,
       1.98255340e-03, 3.96510703e-04, 2.37906422e-03, 1.58604281e-03,
       3.96510703e-04, 1.18953211e-03, 7.93021405e-04, 1.18953211e-03,
       3.96510703e-04, 0., 3.96510703e-04, 1.18953211e-03,
       1.18953211e-03, 0., 3.96510703e-04, 1.18953211e-03,
       1.58604281e-03, 7.93021405e-04, 1.58604281e-03, 1.18953211e-03,
       1.18953211e-03, 1.58604281e-03, 1.18953211e-03, 7.93021405e-04,
       7.93021405e-04, 4.36161784e-03, 1.58604281e-03, 1.18953211e-03,
       1.98255340e-03, 4.36161784e-03, 1.98255340e-03, 1.58604281e-03,
       7.93021405e-04, 1.18953211e-03, 3.96510703e-04, 1.98255340e-03,
       1.58604281e-03, 1.18953211e-03, 1.18953211e-03, 3.96510703e-04,
       3.96510703e-04, 7.93021405e-04, 7.93021405e-04, 7.93021405e-04,
       7.93021405e-04, 1.18953211e-03, 7.93021405e-04, 0.,
       3.96510703e-04, 0., 3.96510703e-04, 0., 1.18953211e-03,
       7.93021405e-04, 3.96510703e-04, 0., 3.96510703e-04, 0.,
       1.98255340e-03, 1.18953211e-03, 3.96510703e-04, 1.18953211e-03,
       2.37906422e-03, 3.96510703e-04, 4.75812843e-03, 7.93021405e-04,
       1.18953211e-03, 1.58604281e-03, 1.58604281e-03, 3.96510703e-04,
       1.58604281e-03, 7.93021405e-04, 1.18953211e-03, 1.18953211e-03,
       1.58604281e-03, 7.93021405e-04, 7.93021405e-04, 3.96510703e-04,
       1.58604281e-03, 0., 1.18953211e-03, 1.58604281e-03,
       7.93021405e-04, 3.96510703e-04, 1.18953211e-03, 1.98255340e-03,
       3.96510703e-04, 1.58604281e-03, 1.18953211e-03, 0.,
       3.96510703e-04, 7.93021405e-04, 1.58604281e-03, 3.17208562e-03,
       7.93021405e-04, 1.98255340e-03, 3.17208562e-03, 3.96510703e-04,
       1.98255340e-03, 3.17208562e-03, 1.58604281e-03, 7.93021405e-04,
       3.17208562e-03, 0., 7.93021405e-04, 1.98255340e-03,
       3.96510703e-04, 3.96510703e-04, 1.18953211e-03, 1.18953211e-03,
