%YAML:1.0
m50f: !!opencv-matrix
   rows: 1
   cols: 800
   dt: f
   data: [ 4.76871734e-04, 1.43061520e-03, 3.33810225e-03,
       4.76871734e-04, 2.86123040e-03, 4.76871734e-04, 1.43061520e-03,
       4.76871734e-04, 1.43061520e-03, 4.76871734e-04, 0.,
       9.53743467e-04, 4.76871734e-04, 0., 9.53743467e-04,
       9.53743467e-04, 9.53743467e-04, 0., 4.76871734e-04,
       9.53743467e-04, 2.38435855e-03, 1.43061520e-03, 2.38435855e-03,
       3.33810225e-03, 1.43061520e-03, 0., 2.38435855e-03,
       1.43061520e-03, 1.43061520e-03, 3.33810225e-03, 9.53743467e-04,
       1.43061520e-03, 1.90748693e-03, 2.38435855e-03, 9.53743467e-04,
       4.76871734e-04, 1.90748693e-03, 9.53743467e-04, 1.43061520e-03,
       4.76871734e-04, 9.53743467e-04, 1.43061520e-03, 4.29184549e-03,
       0., 9.53743467e-04, 2.38435855e-03, 1.90748693e-03,
       2.86123040e-03, 0., 4.76871734e-04, 1.90748693e-03,
       4.76871734e-04, 2.38435855e-03, 4.76871734e-04, 9.53743467e-04,
       0., 4.76871734e-04, 4.29184549e-03, 0., 2.38435855e-03,
       4.76871734e-04, 9.53743467e-04, 9.53743467e-04, 1.90748693e-03,
       1.90748693e-03, 4.76871734e-04, 5.24558919e-03, 5.24558919e-03,
       4.76871734e-04, 4.76871734e-04, 1.43061520e-03, 2.38435855e-03,
       9.53743467e-04, 0., 9.53743467e-04, 9.53743467e-04, 0., 0.,
       9.53743467e-04, 1.90748693e-03, 4.76871734e-04, 1.43061520e-03,
       9.53743467e-04, 4.76871734e-04, 4.76871734e-04, 9.53743467e-04,
       0., 4.76871734e-04, 1.43061520e-03, 0., 0., 0., 4.76871734e-04,
       4.76871734e-04, 1.43061520e-03, 4.29184549e-03, 1.43061520e-03,
       1.43061520e-03, 3.81497387e-03, 0., 1.43061520e-03,
       1.43061520e-03, 4.76871734e-04, 1.43061520e-03, 0.,
       9.53743467e-04, 0., 4.76871734e-04, 1.43061520e-03,
       1.90748693e-03, 4.76871734e-04, 4.76871734e-04, 1.43061520e-03,
       1.43061520e-03, 4.76871734e-04, 9.53743467e-04, 4.76871734e-04,
       1.90748693e-03, 1.90748693e-03, 2.38435855e-03, 0.,
       9.53743467e-04, 4.29184549e-03, 4.76871734e-04, 0.,
       4.76871734e-04, 2.38435855e-03, 9.53743467e-04, 2.38435855e-03,
       4.76871734e-04, 0., 9.53743467e-04, 2.38435855e-03,
       1.90748693e-03, 9.53743467e-04, 4.76871734e-04, 9.53743467e-04,
       9.53743467e-04, 9.53743467e-04, 4.76871734e-04, 3.81497387e-03,
       1.43061520e-03, 4.76871734e-04, 9.53743467e-04, 1.90748693e-03,
       0., 9.53743467e-04, 4.76871734e-04, 0., 3.81497387e-03,
       9.53743467e-04, 0., 4.76871734e-04, 2.38435855e-03,
       4.76871734e-04, 0., 0., 1.43061520e-03, 1.43061520e-03,
       9.53743467e-04, 3.33810225e-03, 4.29184549e-03, 1.90748693e-03,
       2.38435855e-03, 1.43061520e-03, 5.72246080e-03, 0.,
       4.76871734e-04, 3.33810225e-03, 4.76871734e-04, 0.,
       9.53743467e-04, 2.38435855e-03, 0., 0., 0., 9.53743467e-04,
       3.81497387e-03, 3.81497387e-03, 0., 1.43061520e-03,
       2.38435855e-03, 4.76871734e-04, 1.43061520e-03, 0.,
       4.76871734e-04, 9.53743467e-04, 0., 0., 1.43061520e-03, 0., 0.,
       3.81497387e-03, 1.90748693e-03, 0., 1.90748693e-03,
       9.53743467e-04, 9.53743467e-04, 9.53743467e-04, 2.38435855e-03,
       9.53743467e-04, 0., 9.53743467e-04, 9.53743467e-04,
       4.76871734e-04, 1.43061520e-03, 4.76871734e-04, 1.43061520e-03,
       0., 1.43061520e-03, 0., 1.43061520e-03, 0., 0., 2.86123040e-03,
       4.29184549e-03, 1.43061520e-03, 1.43061520e-03, 1.43061520e-03,
       0., 1.43061520e-03, 4.76871710e-03, 4.76871734e-04,
       1.90748693e-03, 3.81497387e-03, 4.76871734e-04, 4.76871734e-04,
       4.76871734e-04, 0., 1.43061520e-03, 4.76871734e-04,
       1.43061520e-03, 4.76871734e-04, 2.38435855e-03, 1.43061520e-03,
       1.43061520e-03, 4.76871734e-04, 3.33810225e-03, 4.76871734e-04,
       0., 9.53743467e-04, 3.33810225e-03, 9.53743467e-04,
       1.43061520e-03, 9.53743467e-04, 9.53743467e-04, 1.43061520e-03,
       9.53743467e-04, 4.76871734e-04, 4.76871734e-04, 2.38435855e-03,
       4.76871734e-04, 9.53743467e-04, 1.90748693e-03, 4.76871734e-04,
       2.38435855e-03, 1.90748693e-03, 2.86123040e-03, 2.38435855e-03,
       9.53743467e-04, 2.38435855e-03, 0., 0., 1.90748693e-03,
       1.43061520e-03, 0., 1.90748693e-03, 9.53743467e-04, 0.,
       9.53743467e-04, 9.53743467e-04, 4.76871734e-04, 0., 0.,
       4.76871734e-04, 0., 4.76871734e-04, 2.86123040e-03,
       4.76871734e-04, 1.90748693e-03, 9.53743467e-04, 1.90748693e-03,
       1.90748693e-03, 1.43061520e-03, 1.43061520e-03, 9.53743467e-04,
       0., 1.90748693e-03, 4.76871734e-04, 3.33810225e-03,
       1.90748693e-03, 2.38435855e-03, 9.53743467e-04, 4.76871734e-04,
       2.38435855e-03, 2.86123040e-03, 2.38435855e-03, 4.76871734e-04,
       1.90748693e-03, 4.76871734e-04, 9.53743467e-04, 4.76871734e-04,
       9.53743467e-04, 9.53743467e-04, 9.53743467e-04, 4.76871734e-04,
       0., 9.53743467e-04, 4.76871710e-03, 0., 4.29184549e-03,
       2.86123040e-03, 0., 0., 4.76871734e-04, 1.90748693e-03,
       4.76871734e-04, 1.90748693e-03, 2.38435855e-03, 2.38435855e-03,
       1.43061520e-03, 9.53743467e-04, 4.76871734e-04, 1.43061520e-03,
       9.53743467e-04, 9.53743467e-04, 1.43061520e-03, 0.,
       4.76871734e-04, 0., 1.43061520e-03, 0., 1.43061520e-03,
       1.90748693e-03, 0., 9.53743467e-04, 4.76871710e-03,
       4.76871734e-04, 2.38435855e-03, 4.76871734e-04, 1.90748693e-03,
       0., 1.43061520e-03, 9.53743467e-04, 9.53743467e-04,
       1.90748693e-03, 9.53743467e-04, 1.90748693e-03, 1.90748693e-03,
       9.53743467e-04, 0., 4.76871734e-04, 4.76871734e-04,
       1.43061520e-03, 5.24558919e-03, 4.76871734e-04, 9.53743467e-04,
       1.43061520e-03, 1.43061520e-03, 9.53743467e-04, 4.29184549e-03,
       1.90748693e-03, 9.53743467e-04, 2.38435855e-03, 1.43061520e-03,
       4.76871710e-03, 1.43061520e-03, 0., 4.76871734e-04,
       1.43061520e-03, 1.90748693e-03, 1.43061520e-03, 1.90748693e-03,
       2.38435855e-03, 4.29184549e-03, 0., 1.43061520e-03,
       9.53743467e-04, 4.29184549e-03, 2.38435855e-03, 2.86123040e-03,
       9.53743467e-04, 4.76871734e-04, 4.29184549e-03, 2.38435855e-03,
       1.90748693e-03, 2.38435855e-03, 9.53743467e-04, 4.76871734e-04,
       2.38435855e-03, 1.43061520e-03, 2.86123040e-03, 0.,
       1.43061520e-03, 2.86123040e-03, 9.53743467e-04, 3.33810225e-03,
       4.76871734e-04, 1.43061520e-03, 3.33810225e-03, 1.43061520e-03,
       4.76871734e-04, 1.43061520e-03, 0., 2.86123040e-03,
       9.53743467e-04, 1.90748693e-03, 0., 0., 9.53743467e-04, 0.,
       2.38435855e-03, 4.76871734e-04, 9.53743467e-04, 9.53743467e-04,
       0., 9.53743467e-04, 4.76871734e-04, 4.76871734e-04,
       4.76871734e-04, 9.53743467e-04, 1.43061520e-03, 9.53743467e-04,
       9.53743467e-04, 5.24558919e-03, 4.76871734e-04, 9.53743467e-04,
       0., 0., 1.43061520e-03, 9.53743467e-04, 4.76871734e-04,
       1.90748693e-03, 4.76871734e-04, 2.86123040e-03, 9.53743467e-04,
       0., 3.33810225e-03, 2.38435855e-03, 0., 9.53743467e-04,
       1.43061520e-03, 3.33810225e-03, 1.90748693e-03, 4.76871734e-04,
       1.43061520e-03, 1.90748693e-03, 4.76871734e-04, 9.53743467e-04,
       9.53743467e-04, 4.76871734e-04, 0., 4.76871734e-04,
       1.90748693e-03, 4.76871734e-04, 4.76871734e-04, 2.86123040e-03,
       0., 4.76871734e-04, 1.43061520e-03, 9.53743467e-04,
       2.38435855e-03, 0., 9.53743467e-04, 2.86123040e-03,
       4.76871734e-04, 9.53743467e-04, 7.62994774e-03, 4.76871734e-04,
       1.90748693e-03, 9.53743467e-04, 0., 2.38435855e-03,
       1.90748693e-03, 0., 0., 4.76871734e-04, 1.43061520e-03,
       2.86123040e-03, 9.53743467e-04, 4.76871734e-04, 4.76871734e-04,
       4.76871734e-04, 4.76871734e-04, 9.53743467e-04, 9.53743467e-04,
       1.43061520e-03, 9.53743467e-04, 0., 2.38435855e-03,
       9.53743467e-04, 2.86123040e-03, 3.33810225e-03, 9.53743467e-04,
       4.76871734e-04, 9.53743467e-04, 1.43061520e-03, 1.90748693e-03,
       4.76871734e-04, 9.53743467e-04, 9.53743467e-04, 2.38435855e-03,
