%YAML:1.0
m50f: !!opencv-matrix
   rows: 1
   cols: 800
   dt: f
   data: [ 1.63398695e-03, 1.63398695e-03, 6.12745108e-03,
       4.08496737e-04, 1.63398695e-03, 0., 8.16993474e-04,
       4.08496737e-04, 4.08496737e-04, 2.45098048e-03, 1.22549024e-03,
       2.45098048e-03, 0., 1.63398695e-03, 4.08496737e-04,
       4.08496754e-03, 1.22549024e-03, 8.16993474e-04, 8.16993474e-04,
       2.04248377e-03, 0., 2.45098048e-03, 1.22549024e-03,
       2.04248377e-03, 8.16993474e-04, 1.22549024e-03, 4.08496737e-04,
       4.08496754e-03, 8.16993474e-04, 8.16993474e-04, 1.22549024e-03,
       8.16993474e-04, 2.04248377e-03, 8.16993474e-04, 1.63398695e-03,
       2.45098048e-03, 4.08496737e-04, 0., 1.22549024e-03, 0.,
       2.04248377e-03, 2.85947719e-03, 1.63398695e-03, 4.08496737e-04,
       2.85947719e-03, 2.04248377e-03, 8.16993474e-04, 4.08496737e-04,
       0., 8.16993474e-04, 1.22549024e-03, 8.16993474e-04,
       4.08496737e-04, 4.08496737e-04, 0., 3.67647060e-03, 0.,
       1.22549024e-03, 3.26797389e-03, 2.85947719e-03, 2.04248377e-03,
       0., 2.04248377e-03, 0., 2.85947719e-03, 0., 3.67647060e-03,
       4.08496737e-04, 8.16993474e-04, 1.22549024e-03, 3.26797389e-03,
       4.08496737e-04, 4.08496737e-04, 4.08496737e-04, 0.,
       8.16993474e-04, 8.16993474e-04, 0., 1.22549024e-03,
       2.45098048e-03, 0., 1.22549024e-03, 2.04248377e-03, 0.,
       4.08496737e-04, 2.85947719e-03, 1.22549024e-03, 1.22549024e-03,
       2.85947719e-03, 4.08496737e-04, 0., 0., 1.22549024e-03,
       1.63398695e-03, 1.22549024e-03, 0., 1.22549024e-03,
       8.16993474e-04, 1.63398695e-03, 2.45098048e-03, 1.63398695e-03,
       4.08496737e-04, 8.16993474e-04, 1.22549024e-03, 8.16993474e-04,
       2.45098048e-03, 2.85947719e-03, 8.16993474e-04, 1.63398695e-03,
       8.16993474e-04, 1.22549024e-03, 3.26797389e-03, 0.,
       8.16993474e-04, 0., 8.16993474e-04, 4.90196096e-03,
       1.22549024e-03, 4.08496737e-04, 1.63398695e-03, 2.04248377e-03,
       8.16993474e-04, 1.63398695e-03, 2.04248377e-03, 4.08496737e-04,
       4.49346425e-03, 2.85947719e-03, 8.16993474e-04, 2.45098048e-03,
       8.16993474e-04, 1.22549024e-03, 4.08496737e-04, 2.85947719e-03,
       8.16993474e-04, 4.08496737e-04, 4.08496737e-04, 4.08496737e-04,
       4.08496737e-04, 8.16993474e-04, 1.22549024e-03, 2.45098048e-03,
       1.22549024e-03, 0., 4.08496737e-04, 8.16993474e-04,
       8.16993474e-04, 0., 8.16993474e-04, 1.22549024e-03,
       1.22549024e-03, 4.08496737e-04, 0., 4.08496737e-04,
       2.04248377e-03, 8.16993474e-04, 0., 1.22549024e-03, 0.,
       8.16993474e-04, 1.63398695e-03, 4.08496737e-04, 2.04248377e-03,
       1.22549024e-03, 2.85947719e-03, 8.16993474e-04, 8.16993474e-04,
       0., 4.08496737e-04, 0., 0., 2.04248377e-03, 1.63398695e-03,
       8.16993474e-04, 8.16993474e-04, 1.63398695e-03, 0.,
       1.22549024e-03, 0., 1.22549024e-03, 0., 4.90196096e-03,
       3.67647060e-03, 4.08496737e-04, 2.04248377e-03, 1.22549024e-03,
       4.08496737e-04, 4.49346425e-03, 8.16993474e-04, 4.08496737e-04,
       2.04248377e-03, 2.45098048e-03, 4.08496737e-04, 1.63398695e-03,
       4.08496737e-04, 1.22549024e-03, 1.22549024e-03, 1.22549024e-03,
       1.22549024e-03, 1.22549024e-03, 4.08496737e-04, 1.22549024e-03,
       8.16993474e-04, 1.22549024e-03, 1.10294120e-02, 8.16993474e-04,
       1.22549024e-03, 5.31045767e-03, 0., 8.16993474e-04, 0.,
       2.85947719e-03, 4.08496737e-04, 4.08496737e-04, 1.22549024e-03,
       2.45098048e-03, 1.63398695e-03, 1.22549024e-03, 1.63398695e-03,
       0., 8.16993474e-04, 2.45098048e-03, 0., 4.08496737e-04, 0.,
       1.63398695e-03, 1.63398695e-03, 1.63398695e-03, 1.22549024e-03,
       8.16993474e-04, 2.85947719e-03, 1.63398695e-03, 3.67647060e-03,
       1.63398695e-03, 2.04248377e-03, 2.04248377e-03, 8.16993474e-04,
       2.45098048e-03, 4.08496737e-04, 1.22549024e-03, 4.08496737e-04,
       2.45098048e-03, 1.63398695e-03, 2.04248377e-03, 8.16993474e-04,
       1.22549024e-03, 2.04248377e-03, 2.45098048e-03, 1.63398695e-03,
       8.16993474e-04, 4.08496737e-04, 1.22549024e-03, 1.63398695e-03,
       2.04248377e-03, 1.22549024e-03, 0., 1.22549024e-03,
       3.26797389e-03, 2.45098048e-03, 1.22549024e-03, 1.63398695e-03,
       2.04248377e-03, 2.04248377e-03, 4.08496737e-04, 8.16993474e-04,
       2.04248377e-03, 2.45098048e-03, 8.16993474e-04, 0.,
       8.16993474e-04, 8.16993474e-04, 1.22549024e-03, 1.22549024e-03,
       0., 8.16993474e-04, 4.08496754e-03, 8.16993474e-04,
       1.22549024e-03, 1.22549024e-03, 1.63398695e-03, 0.,
       1.63398695e-03, 1.22549024e-03, 1.22549024e-03, 8.16993474e-04,
       4.08496737e-04, 8.16993474e-04, 8.16993474e-04, 1.22549024e-03,
       0., 0., 3.26797389e-03, 1.63398695e-03, 0., 8.16993474e-04,
       8.16993474e-04, 1.22549024e-03, 4.08496754e-03, 4.08496737e-04,
       2.04248377e-03, 4.08496737e-04, 1.22549024e-03, 0.,
       1.63398695e-03, 2.04248377e-03, 8.16993474e-04, 8.16993474e-04,
       0., 0., 4.08496754e-03, 3.26797389e-03, 8.16993474e-04, 0.,
       4.08496754e-03, 1.63398695e-03, 8.16993474e-04, 1.22549024e-03,
       0., 1.22549024e-03, 4.08496737e-04, 1.22549024e-03,
       2.45098048e-03, 8.16993474e-04, 1.63398695e-03, 8.16993474e-04,
       4.08496737e-04, 1.63398695e-03, 2.04248377e-03, 4.08496737e-04,
       1.22549024e-03, 1.63398695e-03, 2.45098048e-03, 4.08496737e-04,
       2.85947719e-03, 8.16993474e-04, 2.45098048e-03, 1.63398695e-03,
       3.67647060e-03, 0., 8.16993474e-04, 1.22549024e-03,
       1.63398695e-03, 8.16993474e-04, 2.85947719e-03, 4.49346425e-03,
       1.22549024e-03, 2.04248377e-03, 8.16993474e-04, 0.,
       2.04248377e-03, 8.16993474e-04, 4.08496737e-04, 4.08496737e-04,
       8.16993474e-04, 2.45098048e-03, 4.08496737e-04, 1.22549024e-03,
       2.85947719e-03, 2.85947719e-03, 1.22549024e-03, 2.45098048e-03,
       4.08496737e-04, 2.45098048e-03, 2.45098048e-03, 8.16993474e-04,
       0., 8.16993474e-04, 0., 8.16993474e-04, 4.08496737e-04,
       2.04248377e-03, 8.16993474e-04, 1.22549024e-03, 4.08496737e-04,
       2.04248377e-03, 8.16993474e-04, 1.22549024e-03, 8.16993474e-04,
       2.04248377e-03, 8.16993474e-04, 1.22549024e-03, 3.26797389e-03,
       4.08496737e-04, 8.16993474e-04, 4.08496737e-04, 0.,
       1.63398695e-03, 1.22549024e-03, 2.04248377e-03, 1.63398695e-03,
       1.22549024e-03, 5.31045767e-03, 0., 0., 4.08496737e-04,
       2.04248377e-03, 2.45098048e-03, 8.16993474e-04, 2.45098048e-03,
       0., 1.22549024e-03, 8.16993474e-04, 3.26797389e-03,
       2.45098048e-03, 8.16993474e-04, 1.22549024e-03, 2.04248377e-03,
       8.16993474e-04, 8.16993474e-04, 0., 8.16993474e-04,
       8.16993474e-04, 8.16993474e-04, 8.16993474e-04, 2.85947719e-03,
       1.22549024e-03, 4.08496737e-04, 0., 1.63398695e-03,
       4.08496737e-04, 1.63398695e-03, 1.63398695e-03, 4.08496737e-04,
       3.67647060e-03, 4.08496737e-04, 2.04248377e-03, 0.,
       1.63398695e-03, 0., 0., 8.16993474e-04, 1.63398695e-03, 0.,
       2.45098048e-03, 1.22549024e-03, 2.04248377e-03, 2.85947719e-03,
       0., 4.08496737e-04, 3.67647060e-03, 0., 4.08496737e-04,
       1.22549024e-03, 1.22549024e-03, 3.26797389e-03, 0.,
       2.04248377e-03, 0., 3.67647060e-03, 8.16993474e-04,
       2.85947719e-03, 8.16993474e-04, 8.16993474e-04, 8.16993474e-04,
       1.22549024e-03, 0., 1.22549024e-03, 0., 4.08496737e-04,
       4.08496737e-04, 8.16993474e-04, 2.04248377e-03, 2.04248377e-03,
       1.63398695e-03, 1.63398695e-03, 2.04248377e-03, 2.04248377e-03,
       8.16993474e-04, 1.63398695e-03, 1.22549024e-03, 2.85947719e-03,
       4.08496737e-04, 4.08496737e-04, 1.63398695e-03, 2.45098048e-03,
       4.08496737e-04, 4.08496737e-04, 1.22549024e-03, 1.22549024e-03,
       1.22549024e-03, 2.04248377e-03, 1.63398695e-03, 4.08496737e-04,
       4.08496737e-04, 1.63398695e-03, 8.16993474e-04, 0.,
       1.22549024e-03, 2.85947719e-03, 0., 1.22549024e-03,
       8.16993474e-04, 2.04248377e-03, 2.04248377e-03, 2.45098048e-03,
