%YAML:1.0
m50f: !!opencv-matrix
   rows: 1
   cols: 800
   dt: f
   data: [ 9.59692872e-04, 1.91938574e-03, 4.79846436e-04,
       1.91938574e-03, 3.35892499e-03, 9.59692872e-04, 0.,
       2.39923224e-03, 1.91938574e-03, 1.91938574e-03, 0.,
       2.39923224e-03, 4.79846436e-04, 0., 4.79846436e-04, 0.,
       2.39923224e-03, 4.79846436e-04, 1.43953925e-03, 4.79846436e-04,
       0., 0., 2.39923224e-03, 0., 0., 4.79846436e-04, 9.59692872e-04,
       3.35892499e-03, 4.79846436e-04, 1.43953925e-03, 4.79846436e-04,
       1.43953925e-03, 1.91938574e-03, 2.87907850e-03, 0.,
       3.35892499e-03, 4.79846436e-04, 0., 4.79846436e-04,
       4.79846436e-04, 9.59692872e-04, 0., 1.91938574e-03,
       9.59692872e-04, 9.59692872e-04, 1.43953925e-03, 0.,
       9.59692872e-04, 0., 0., 4.79846436e-04, 4.79846436e-04,
       9.59692872e-04, 4.79846436e-04, 4.79846436e-04, 1.43953925e-03,
       1.43953925e-03, 0., 1.43953925e-03, 2.87907850e-03, 0., 0.,
       2.87907850e-03, 9.59692872e-04, 9.59692872e-04, 9.59692872e-04,
       4.79846436e-04, 9.59692872e-04, 1.43953925e-03, 9.59692872e-04,
       1.43953925e-03, 0., 0., 0., 1.43953925e-03, 1.43953925e-03, 0.,
       4.79846436e-04, 9.59692872e-04, 4.79846436e-04, 1.43953925e-03,
       0., 9.59692872e-04, 2.87907850e-03, 9.59692872e-04,
       4.31861775e-03, 9.59692872e-04, 1.43953925e-03, 9.59692872e-04,
       1.43953925e-03, 4.79846436e-04, 9.59692872e-04, 3.83877149e-03,
       2.39923224e-03, 4.79846436e-04, 4.79846436e-04, 2.39923224e-03,
       3.35892499e-03, 1.43953925e-03, 1.91938574e-03, 2.39923224e-03,
       3.35892499e-03, 9.59692872e-04, 9.59692872e-04, 0.,
       1.91938574e-03, 1.43953925e-03, 4.79846436e-04, 0.,
       9.59692872e-04, 1.43953925e-03, 9.59692872e-04, 1.43953925e-03,
       2.87907850e-03, 1.91938574e-03, 2.87907850e-03, 3.83877149e-03,
       1.43953925e-03, 4.79846448e-03, 9.59692872e-04, 0.,
       2.39923224e-03, 0., 1.91938574e-03, 0., 4.79846436e-04,
       2.39923224e-03, 9.59692872e-04, 1.91938574e-03, 1.91938574e-03,
       0., 1.43953925e-03, 9.59692872e-04, 1.91938574e-03, 0., 0.,
       1.43953925e-03, 4.79846436e-04, 1.43953925e-03, 4.79846436e-04,
       2.39923224e-03, 4.79846436e-04, 9.59692872e-04, 1.91938574e-03,
       2.39923224e-03, 1.43953925e-03, 2.39923224e-03, 0., 0.,
       4.31861775e-03, 9.59692872e-04, 4.79846436e-04, 4.79846436e-04,
       3.35892499e-03, 2.39923224e-03, 0., 0., 2.39923224e-03, 0.,
       2.39923224e-03, 1.43953925e-03, 9.59692872e-04, 9.59692872e-04,
       1.43953925e-03, 9.59692872e-04, 1.91938574e-03, 9.59692872e-04,
       9.59692872e-04, 2.87907850e-03, 4.79846436e-04, 4.79846436e-04,
       2.39923224e-03, 4.79846436e-04, 9.59692872e-04, 0., 0.,
       9.59692872e-04, 9.59692872e-04, 1.43953925e-03, 4.79846436e-04,
       9.59692872e-04, 1.43953925e-03, 0., 2.39923224e-03,
       3.35892499e-03, 0., 3.35892499e-03, 9.59692872e-04, 0.,
       1.43953925e-03, 4.79846436e-04, 4.79846436e-04, 9.59692872e-04,
       1.43953925e-03, 1.91938574e-03, 1.91938574e-03, 4.79846436e-04,
       1.43953925e-03, 4.79846436e-04, 0., 1.91938574e-03,
       4.79846436e-04, 4.79846436e-04, 1.43953925e-03, 0., 0.,
       9.59692872e-04, 1.91938574e-03, 0., 4.79846436e-04,
       1.43953925e-03, 1.43953925e-03, 0., 9.59692872e-04,
       1.91938574e-03, 9.59692872e-04, 2.87907850e-03, 0.,
       9.59692872e-04, 4.79846436e-04, 1.43953925e-03, 0.,
       4.31861775e-03, 3.83877149e-03, 4.79846436e-04, 4.79846436e-04,
       1.43953925e-03, 4.79846436e-04, 1.91938574e-03, 1.91938574e-03,
       1.91938574e-03, 1.43953925e-03, 9.59692872e-04, 1.43953925e-03,
       1.91938574e-03, 9.59692872e-04, 4.79846436e-04, 1.43953925e-03,
       2.39923224e-03, 4.31861775e-03, 1.43953925e-03, 4.79846436e-04,
       9.59692872e-04, 4.79846436e-04, 2.39923224e-03, 3.35892499e-03,
       2.39923224e-03, 0., 4.79846436e-04, 1.91938574e-03,
       9.59692872e-04, 4.79846436e-04, 2.39923224e-03, 2.39923224e-03,
       1.43953925e-03, 1.91938574e-03, 2.87907850e-03, 6.23800373e-03,
       1.43953925e-03, 1.91938574e-03, 1.91938574e-03, 2.87907850e-03,
       1.43953925e-03, 9.59692872e-04, 0., 9.59692872e-04,
       4.79846436e-04, 0., 9.59692872e-04, 4.79846436e-04,
       4.31861775e-03, 4.79846436e-04, 1.91938574e-03, 2.39923224e-03,
       9.59692872e-04, 4.79846436e-04, 1.43953925e-03, 9.59692872e-04,
       9.59692872e-04, 9.59692872e-04, 0., 2.39923224e-03,
       1.43953925e-03, 9.59692872e-04, 1.43953925e-03, 2.39923224e-03,
       0., 2.39923224e-03, 0., 4.79846436e-04, 4.79846436e-04,
       1.91938574e-03, 4.79846436e-04, 1.43953925e-03, 4.79846436e-04,
       4.79846436e-04, 1.43953925e-03, 9.59692872e-04, 2.87907850e-03,
       4.79846436e-04, 3.35892499e-03, 9.59692872e-04, 1.91938574e-03,
       4.79846436e-04, 5.27831074e-03, 0., 4.79846436e-04,
       9.59692872e-04, 4.79846436e-04, 9.59692872e-04, 9.59692872e-04,
       4.79846436e-04, 9.59692872e-04, 9.59692872e-04, 4.79846436e-04,
       4.79846436e-04, 2.87907850e-03, 3.83877149e-03, 2.39923224e-03,
       3.35892499e-03, 2.39923224e-03, 1.43953925e-03, 1.91938574e-03,
       1.43953925e-03, 0., 9.59692872e-04, 1.43953925e-03,
       4.79846436e-04, 2.39923224e-03, 9.59692872e-04, 3.35892499e-03,
       0., 1.43953925e-03, 9.59692872e-04, 0., 9.59692872e-04,
       2.87907850e-03, 9.59692872e-04, 1.43953925e-03, 9.59692872e-04,
       1.43953925e-03, 0., 4.79846436e-04, 9.59692872e-04,
       9.59692872e-04, 3.35892499e-03, 0., 4.79846436e-04,
       9.59692872e-04, 2.39923224e-03, 4.79846436e-04, 4.79846436e-04,
       4.79846436e-04, 4.79846436e-04, 2.39923224e-03, 0.,
       9.59692872e-04, 9.59692872e-04, 0., 1.43953925e-03,
       9.59692872e-04, 4.79846436e-04, 1.91938574e-03, 3.35892499e-03,
       1.43953925e-03, 2.87907850e-03, 9.59692872e-04, 9.59692872e-04,
       9.59692872e-04, 4.31861775e-03, 2.87907850e-03, 4.79846436e-04,
       1.43953925e-03, 0., 3.83877149e-03, 4.79846436e-04,
       9.59692872e-04, 1.43953925e-03, 4.79846436e-04, 1.91938574e-03,
       1.91938574e-03, 0., 4.79846436e-04, 4.79846436e-04, 0.,
       9.59692872e-04, 1.91938574e-03, 1.91938574e-03, 4.79846436e-04,
       4.79846436e-04, 1.43953925e-03, 0., 4.79846436e-04,
       4.79846436e-04, 3.83877149e-03, 3.83877149e-03, 4.79846436e-04,
       9.59692872e-04, 9.59692872e-04, 9.59692872e-04, 4.79846436e-04,
       1.91938574e-03, 1.91938574e-03, 3.35892499e-03, 4.79846436e-04,
       2.39923224e-03, 4.79846436e-04, 0., 0., 2.39923224e-03,
       9.59692872e-04, 9.59692872e-04, 1.43953925e-03, 4.79846436e-04,
       1.91938574e-03, 9.59692872e-04, 0., 6.71784999e-03,
       3.35892499e-03, 1.43953925e-03, 1.91938574e-03, 1.43953925e-03,
       1.43953925e-03, 3.35892499e-03, 4.79846436e-04, 4.79846436e-04,
       0., 1.43953925e-03, 0., 1.43953925e-03, 4.79846436e-04,
       4.79846436e-04, 4.79846436e-04, 0., 2.39923224e-03,
       9.59692872e-04, 0., 1.91938574e-03, 2.87907850e-03,
       4.79846436e-04, 9.59692872e-04, 1.91938574e-03, 4.79846436e-04,
       9.59692872e-04, 4.79846436e-04, 3.35892499e-03, 0.,
       9.59692872e-04, 4.79846436e-04, 1.91938574e-03, 1.91938574e-03,
       9.59692872e-04, 1.43953925e-03, 9.59692872e-04, 2.39923224e-03,
       4.79846436e-04, 0., 9.59692872e-04, 9.59692872e-04,
       2.39923224e-03, 2.39923224e-03, 1.43953925e-03, 0.,
       3.35892499e-03, 4.79846436e-04, 1.43953925e-03, 0.,
       1.43953925e-03, 2.39923224e-03, 2.39923224e-03, 9.59692872e-04,
       4.79846436e-04, 1.43953925e-03, 9.59692872e-04, 9.59692872e-04,
       0., 1.91938574e-03, 4.79846436e-04, 1.91938574e-03,
       9.59692872e-04, 1.91938574e-03, 9.59692872e-04, 4.79846436e-04,
       4.79846436e-04, 2.39923224e-03, 9.59692872e-04, 1.91938574e-03,
       9.59692872e-04, 0., 4.79846436e-04, 2.39923224e-03,
       2.39923224e-03, 9.59692872e-04, 3.35892499e-03, 9.59692872e-04,
       9.59692872e-04, 4.79846436e-04, 4.79846436e-04, 9.59692872e-04,
