%YAML:1.0
m50f: !!opencv-matrix
   rows: 1
   cols: 800
   dt: f
   data: [ 3.79362667e-04, 7.58725335e-04, 1.51745067e-03, 0.,
       3.79362667e-04, 0., 3.79362667e-04, 1.89681328e-03,
       1.13808806e-03, 1.51745067e-03, 1.51745067e-03, 1.89681328e-03,
       0., 7.58725335e-04, 8.34597833e-03, 2.27617612e-03,
       7.58725335e-04, 7.58725335e-04, 0., 3.79362667e-04, 0.,
       3.79362667e-04, 3.79362656e-03, 3.79362667e-04, 1.89681328e-03,
       1.13808806e-03, 7.58725335e-04, 0., 3.79362667e-04, 0.,
       1.89681328e-03, 7.58725335e-04, 3.41426395e-03, 1.13808806e-03,
       0., 2.65553873e-03, 1.13808806e-03, 0., 1.89681328e-03, 0.,
       3.79362667e-04, 1.51745067e-03, 5.31107746e-03, 1.13808806e-03,
       1.51745067e-03, 1.51745067e-03, 7.58725335e-04, 3.79362667e-04,
       0., 2.27617612e-03, 1.13808806e-03, 1.13808806e-03,
       1.13808806e-03, 7.58725335e-04, 0., 1.51745067e-03,
       3.79362667e-04, 0., 3.79362667e-04, 3.41426395e-03,
       3.79362667e-04, 0., 3.41426395e-03, 0., 1.89681328e-03, 0.,
       2.27617612e-03, 1.13808806e-03, 3.03490134e-03, 7.58725335e-04,
       7.58725335e-04, 7.58725335e-04, 0., 7.58725335e-04,
       7.58725335e-04, 1.89681328e-03, 0., 1.89681328e-03,
       1.89681328e-03, 4.55235224e-03, 3.79362667e-04, 0.,
       2.27617612e-03, 0., 3.79362667e-04, 3.79362656e-03,
       1.89681328e-03, 0., 3.03490134e-03, 7.58725335e-04, 0., 0.,
       1.51745067e-03, 0., 7.58725335e-04, 1.89681328e-03,
       7.58725335e-04, 1.89681328e-03, 3.03490134e-03, 3.79362667e-04,
       1.13808806e-03, 1.13808806e-03, 2.65553873e-03, 4.17298917e-03,
       0., 1.51745067e-03, 1.51745067e-03, 7.58725335e-04,
       3.79362667e-04, 7.58725335e-04, 3.79362667e-04, 3.03490134e-03,
       0., 1.51745067e-03, 1.89681328e-03, 3.79362667e-04,
       2.27617612e-03, 1.51745067e-03, 3.03490134e-03, 1.51745067e-03,
       0., 2.65553873e-03, 3.41426395e-03, 3.79362656e-03, 0., 0.,
       2.27617612e-03, 7.58725335e-04, 5.31107746e-03, 2.65553873e-03,
       0., 0., 1.89681328e-03, 1.51745067e-03, 1.13808806e-03, 0.,
       1.89681328e-03, 1.89681328e-03, 1.89681328e-03, 1.51745067e-03,
       3.79362656e-03, 7.58725335e-04, 0., 1.89681328e-03,
       1.51745067e-03, 0., 0., 1.13808806e-03, 7.58725335e-04,
       2.65553873e-03, 0., 7.58725335e-04, 3.79362667e-04,
       7.58725335e-04, 0., 0., 0., 1.13808806e-03, 0., 2.27617612e-03,
       3.79362667e-04, 1.51745067e-03, 1.51745067e-03, 1.89681328e-03,
       3.79362667e-04, 1.13808806e-03, 0., 1.13808806e-03,
       1.51745067e-03, 0., 2.27617612e-03, 7.58725335e-04,
       3.79362656e-03, 3.79362667e-04, 7.58725335e-04, 7.58725335e-04,
       7.58725335e-04, 1.51745067e-03, 7.58725335e-04, 0.,
       4.55235224e-03, 1.89681328e-03, 3.79362667e-04, 7.58725335e-04,
       3.03490134e-03, 3.79362667e-04, 2.27617612e-03, 7.58725335e-04,
       0., 1.51745067e-03, 2.27617612e-03, 1.51745067e-03,
       3.03490134e-03, 7.58725335e-04, 0., 7.58725335e-04,
       1.51745067e-03, 1.89681328e-03, 7.58725335e-04, 0.,
       3.79362667e-04, 3.79362667e-04, 1.89681328e-03, 1.51745067e-03,
       3.79362667e-04, 1.51745067e-03, 2.27617612e-03, 1.51745067e-03,
       1.13808806e-03, 0., 4.17298917e-03, 0., 0., 5.31107746e-03,
       3.79362667e-04, 2.65553873e-03, 2.27617612e-03, 1.51745067e-03,
       1.89681328e-03, 1.89681328e-03, 3.03490134e-03, 3.79362667e-04,
       1.51745067e-03, 7.58725335e-04, 1.51745067e-03, 1.89681328e-03,
       0., 7.58725335e-04, 0., 7.58725335e-04, 1.89681328e-03,
       2.65553873e-03, 1.89681328e-03, 2.27617612e-03, 1.89681328e-03,
       7.58725335e-04, 3.41426395e-03, 3.79362667e-04, 4.93171485e-03,
       3.03490134e-03, 7.58725335e-04, 0., 1.13808806e-03, 0.,
       1.89681328e-03, 0., 1.51745067e-03, 7.58725335e-04,
       1.13808806e-03, 3.79362667e-04, 1.13808806e-03, 1.51745067e-03,
       3.79362667e-04, 1.13808806e-03, 0., 3.79362667e-04,
       7.58725335e-04, 1.89681328e-03, 1.89681328e-03, 7.58725335e-04,
       1.13808806e-03, 3.79362656e-03, 7.58725335e-04, 1.13808806e-03,
       3.79362667e-04, 0., 2.65553873e-03, 3.79362667e-04,
       3.79362667e-04, 7.58725335e-04, 3.79362667e-04, 0.,
       3.79362667e-04, 3.79362667e-04, 3.79362667e-04, 7.58725335e-04,
       1.13808806e-03, 3.79362667e-04, 0., 1.13808806e-03,
       3.41426395e-03, 3.79362667e-04, 7.58725335e-04, 1.89681328e-03,
       3.79362667e-04, 2.27617612e-03, 0., 2.27617612e-03,
       1.13808806e-03, 7.96661619e-03, 7.58725335e-04, 7.58725335e-04,
       1.51745067e-03, 1.89681328e-03, 1.13808806e-03, 7.58725335e-04,
       3.79362667e-04, 3.79362656e-03, 3.79362656e-03, 1.89681328e-03,
       1.51745067e-03, 0., 0., 3.79362667e-04, 2.27617612e-03, 0.,
       3.79362667e-04, 0., 2.27617612e-03, 1.51745067e-03,
       2.65553873e-03, 0., 1.51745067e-03, 0., 1.13808806e-03, 0., 0.,
       3.03490134e-03, 3.03490134e-03, 1.13808806e-03, 7.58725335e-04,
       1.89681328e-03, 0., 3.79362667e-04, 0., 1.13808806e-03,
       1.13808806e-03, 0., 2.27617612e-03, 3.79362667e-04,
       5.69044007e-03, 0., 3.79362667e-04, 1.13808806e-03,
       1.13808806e-03, 0., 3.79362667e-04, 7.58725335e-04,
       1.13808806e-03, 0., 2.27617612e-03, 3.79362667e-04,
       3.79362667e-04, 1.13808806e-03, 3.79362667e-04, 1.51745067e-03,
       0., 1.51745067e-03, 0., 7.58725335e-04, 0., 7.58725335e-04,
       1.51745067e-03, 7.58725335e-04, 3.79362667e-04, 0.,
       1.13808806e-03, 1.89681328e-03, 1.51745067e-03, 1.51745067e-03,
       1.13808806e-03, 7.58725335e-04, 4.17298917e-03, 7.58725335e-04,
       1.89681328e-03, 7.58725335e-04, 1.51745067e-03, 1.13808806e-03,
       7.58725335e-04, 1.51745067e-03, 1.89681328e-03, 7.58725335e-04,
       7.58725335e-04, 1.89681328e-03, 1.51745067e-03, 3.79362667e-04,
       0., 1.51745067e-03, 7.58725335e-04, 7.58725335e-04,
       1.51745067e-03, 3.79362667e-04, 7.58725335e-04, 1.13808806e-03,
       3.03490134e-03, 3.03490134e-03, 0., 2.27617612e-03,
       3.79362667e-04, 3.79362667e-04, 1.51745067e-03, 7.58725335e-04,
       0., 0., 7.58725335e-04, 1.13808806e-03, 1.51745067e-03,
       2.65553873e-03, 2.65553873e-03, 1.89681328e-03, 0.,
       7.58725335e-04, 1.13808806e-03, 0., 1.89681328e-03,
       1.89681328e-03, 3.03490134e-03, 7.58725335e-04, 7.58725335e-04,
       1.13808806e-03, 1.13808806e-03, 2.27617612e-03, 0.,
       2.27617612e-03, 1.89681328e-03, 3.79362667e-04, 3.79362667e-04,
       0., 3.79362667e-04, 1.13808806e-03, 3.41426395e-03, 0.,
       3.79362667e-04, 3.79362667e-04, 3.79362656e-03, 0., 0., 0.,
       3.79362667e-04, 3.79362667e-04, 2.65553873e-03, 3.03490134e-03,
       1.13808806e-03, 0., 1.13808806e-03, 0., 0., 1.13808806e-03,
       1.13808806e-03, 0., 7.58725335e-04, 1.89681328e-03,
       4.17298917e-03, 1.51745067e-03, 7.58725335e-04, 2.27617612e-03,
       2.27617612e-03, 0., 7.58725335e-04, 3.03490134e-03, 0.,
       7.58725335e-04, 3.79362667e-04, 1.13808806e-03, 1.89681328e-03,
       1.13808806e-03, 2.27617612e-03, 0., 3.79362667e-04,
       1.13808806e-03, 1.51745067e-03, 1.89681328e-03, 3.79362667e-04,
       1.13808806e-03, 7.58725335e-04, 1.13808806e-03, 0.,
       7.58725335e-04, 1.89681328e-03, 1.13808806e-03, 3.79362667e-04,
       0., 3.79362667e-04, 3.79362656e-03, 0., 0., 1.51745067e-03, 0.,
       1.51745067e-03, 1.89681328e-03, 1.51745067e-03, 7.58725335e-04,
       7.58725335e-04, 1.51745067e-03, 2.27617612e-03, 0.,
       2.27617612e-03, 3.79362667e-04, 0., 3.41426395e-03,
       6.06980268e-03, 1.51745067e-03, 0., 3.41426395e-03,
       7.58725335e-04, 1.89681328e-03, 0., 3.79362667e-04,
       3.79362667e-04, 1.13808806e-03, 3.79362667e-04, 2.65553873e-03,
       1.13808806e-03, 7.58725312e-03, 1.51745067e-03, 1.13808806e-03,
       3.03490134e-03, 3.41426395e-03, 3.79362656e-03, 7.58725335e-04,
       0., 1.51745067e-03, 2.65553873e-03, 1.13808806e-03,
       3.79362667e-04, 7.58725335e-04, 1.89681328e-03, 3.41426395e-03,
       7.58725335e-04, 4.93171485e-03, 2.27617612e-03, 1.51745067e-03,
