%YAML:1.0
m50f: !!opencv-matrix
   rows: 1
   cols: 800
   dt: f
   data: [ 1.95694715e-03, 1.56555779e-03, 1.17416831e-03,
       7.82778894e-04, 2.73972610e-03, 3.91389447e-04, 0.,
       3.91389447e-04, 2.73972610e-03, 4.30528400e-03, 7.82778894e-04,
       2.34833662e-03, 1.17416831e-03, 7.82778894e-04, 3.91389447e-04,
       7.82778894e-04, 1.17416831e-03, 1.17416831e-03, 3.91389447e-04,
       7.82778894e-04, 3.91389447e-04, 7.82778894e-04, 1.17416831e-03,
       2.34833662e-03, 3.91389447e-04, 7.82778894e-04, 3.91389447e-04,
       7.82778894e-04, 2.34833662e-03, 7.82778894e-04, 7.82778894e-04,
       0., 4.69667325e-03, 7.82778894e-04, 3.91389447e-04,
       1.95694715e-03, 0., 3.91389447e-04, 1.17416831e-03,
       3.91389447e-04, 1.95694715e-03, 1.56555779e-03, 2.34833662e-03,
       0., 1.17416831e-03, 2.34833662e-03, 7.82778894e-04,
       7.82778894e-04, 3.91389447e-04, 1.95694715e-03, 1.95694715e-03,
       3.91389447e-04, 7.82778894e-04, 1.17416831e-03, 1.17416831e-03,
       1.56555779e-03, 0., 1.95694715e-03, 1.56555779e-03,
       2.34833662e-03, 1.95694715e-03, 3.91389447e-04, 3.91389447e-04,
       3.52250505e-03, 7.82778894e-04, 0., 3.13111558e-03,
       3.91389447e-04, 7.82778894e-04, 7.82778894e-04, 0.,
       3.91389447e-04, 3.91389447e-04, 3.91389447e-04, 1.95694715e-03,
       2.73972610e-03, 7.82778894e-04, 0., 3.91389447e-04,
       2.34833662e-03, 3.91389447e-04, 3.91389447e-04, 1.56555779e-03,
       3.91389447e-04, 2.34833662e-03, 4.69667325e-03, 1.56555779e-03,
       3.91389447e-04, 3.13111558e-03, 3.91389447e-04, 3.91389447e-04,
       1.95694715e-03, 3.91389447e-04, 0., 3.91389447e-04,
       7.82778894e-04, 3.91389447e-04, 3.13111558e-03, 5.08806296e-03,
       3.91389447e-04, 7.82778894e-04, 2.34833662e-03, 7.82778894e-04,
       3.13111558e-03, 7.82778894e-04, 4.30528400e-03, 7.82778894e-04,
       1.17416831e-03, 7.82778894e-04, 1.56555779e-03, 1.17416831e-03,
       2.73972610e-03, 1.17416831e-03, 7.82778894e-04, 1.56555779e-03,
       3.91389447e-04, 7.82778894e-04, 7.82778894e-04, 5.08806296e-03,
       0., 7.82778894e-04, 1.95694715e-03, 1.95694715e-03,
       3.91389447e-04, 3.91389447e-04, 1.17416831e-03, 2.34833662e-03,
       1.17416831e-03, 3.91389430e-03, 1.56555779e-03, 7.82778894e-04,
       3.91389447e-04, 1.95694715e-03, 2.34833662e-03, 1.17416831e-03,
       7.82778894e-04, 2.34833662e-03, 3.91389447e-04, 2.34833662e-03,
       1.95694715e-03, 1.17416831e-03, 0., 7.82778894e-04,
       1.17416831e-03, 7.82778894e-04, 7.82778894e-04, 2.34833662e-03,
       7.82778894e-04, 3.91389447e-04, 1.95694715e-03, 3.13111558e-03,
       3.91389447e-04, 7.82778894e-04, 2.34833662e-03, 3.91389447e-04,
       0., 3.91389447e-04, 7.82778894e-04, 0., 1.56555779e-03,
       7.82778894e-04, 7.82778894e-04, 1.56555779e-03, 1.56555779e-03,
       3.91389430e-03, 0., 0., 1.56555779e-03, 1.17416831e-03, 0.,
       1.56555779e-03, 1.56555779e-03, 3.91389447e-04, 0.,
       7.82778894e-04, 1.95694715e-03, 7.82778894e-04, 1.95694715e-03,
       9.00195725e-03, 0., 1.56555779e-03, 7.82778894e-04,
       1.56555779e-03, 7.82778894e-04, 1.56555779e-03, 0.,
       7.82778894e-04, 1.56555779e-03, 0., 1.95694715e-03,
       3.13111558e-03, 1.95694715e-03, 1.56555779e-03, 7.82778894e-04,
       1.56555779e-03, 7.82778894e-04, 3.91389447e-04, 7.82778894e-04,
       3.91389447e-04, 1.95694715e-03, 3.91389430e-03, 1.95694715e-03,
       1.56555779e-03, 1.17416831e-03, 3.91389447e-04, 1.95694715e-03,
       1.56555779e-03, 1.56555779e-03, 7.82778894e-04, 3.91389447e-04,
       2.34833662e-03, 1.56555779e-03, 1.17416831e-03, 7.82778894e-04,
       3.91389447e-04, 7.82778894e-04, 7.82778894e-04, 1.17416831e-03,
       1.56555779e-03, 7.82778894e-04, 2.34833662e-03, 0.,
       2.34833662e-03, 1.17416831e-03, 1.95694715e-03, 3.91389447e-04,
       7.82778894e-04, 7.82778894e-04, 0., 1.56555779e-03,
       3.13111558e-03, 1.56555779e-03, 7.82778894e-04, 1.56555779e-03,
       2.34833662e-03, 3.13111558e-03, 1.56555779e-03, 3.91389447e-04,
       1.56555779e-03, 1.17416831e-03, 3.91389447e-04, 1.17416831e-03,
       3.91389447e-04, 3.91389447e-04, 1.17416831e-03, 3.91389447e-04,
       1.17416831e-03, 1.17416831e-03, 1.56555779e-03, 1.56555779e-03,
       0., 1.56555779e-03, 3.91389447e-04, 7.82778894e-04, 0.,
       2.34833662e-03, 2.73972610e-03, 7.82778894e-04, 2.34833662e-03,
       7.82778894e-04, 0., 1.95694715e-03, 7.82778894e-04,
       7.82778894e-04, 7.82778894e-04, 1.56555779e-03, 7.82778894e-04,
       7.82778894e-04, 0., 1.56555779e-03, 7.82778894e-04,
       1.17416831e-03, 3.91389447e-04, 7.82778894e-04, 7.82778894e-04,
       1.17416831e-03, 1.56555779e-03, 0., 7.82778894e-04,
       1.56555779e-03, 2.34833662e-03, 7.82778894e-04, 1.56555779e-03,
       1.56555779e-03, 2.73972610e-03, 3.91389430e-03, 2.34833662e-03,
       3.91389447e-04, 3.91389447e-04, 3.91389447e-04, 7.82778894e-04,
       2.73972610e-03, 3.91389447e-04, 7.82778894e-04, 3.91389447e-04,
       1.17416831e-03, 1.56555779e-03, 1.95694715e-03, 3.13111558e-03,
       3.91389447e-04, 1.17416831e-03, 1.56555779e-03, 3.52250505e-03,
       3.13111558e-03, 1.56555779e-03, 3.91389447e-04, 3.91389447e-04,
       7.82778894e-04, 4.69667325e-03, 1.17416831e-03, 7.82778894e-04,
       7.82778894e-04, 2.73972610e-03, 3.91389447e-04, 7.82778894e-04,
       7.82778894e-04, 1.17416831e-03, 2.34833662e-03, 3.91389447e-04,
       7.82778894e-04, 1.56555779e-03, 1.17416831e-03, 7.82778894e-04,
       1.56555779e-03, 7.82778894e-04, 3.13111558e-03, 1.56555779e-03,
       0., 1.17416831e-03, 3.91389447e-04, 2.34833662e-03,
       3.91389447e-04, 7.82778894e-04, 0., 1.17416831e-03,
       1.95694715e-03, 2.34833662e-03, 1.56555779e-03, 3.91389447e-04,
       3.91389447e-04, 1.56555779e-03, 1.56555779e-03, 3.91389447e-04,
       1.17416831e-03, 0., 7.82778894e-04, 0., 7.82778894e-04,
       7.82778894e-04, 3.91389447e-04, 1.17416831e-03, 2.34833662e-03,
       3.91389447e-04, 2.73972610e-03, 0., 7.82778894e-04,
       1.17416831e-03, 3.91389447e-04, 1.17416831e-03, 1.17416831e-03,
       3.91389447e-04, 7.82778894e-04, 1.17416831e-03, 7.82778894e-04,
       3.91389447e-04, 7.82778894e-04, 7.82778894e-04, 7.82778894e-04,
       1.56555779e-03, 3.91389447e-04, 3.13111558e-03, 1.95694715e-03,
       3.91389447e-04, 1.56555779e-03, 3.91389447e-04, 1.17416831e-03,
       0., 0., 0., 1.56555779e-03, 1.95694715e-03, 0., 7.82778894e-04,
       7.82778894e-04, 7.82778894e-04, 3.91389447e-04, 1.56555779e-03,
       1.17416831e-03, 1.17416831e-03, 2.73972610e-03, 7.82778894e-04,
       1.17416831e-03, 1.17416831e-03, 4.30528400e-03, 1.56555779e-03,
       7.82778894e-04, 1.56555779e-03, 2.34833662e-03, 7.82778894e-04,
       1.95694715e-03, 0., 1.95694715e-03, 3.91389447e-04,
       2.73972610e-03, 1.56555779e-03, 1.17416831e-03, 1.17416831e-03,
       7.82778894e-04, 3.91389447e-04, 1.17416831e-03, 1.17416831e-03,
       3.91389447e-04, 7.82778894e-04, 1.95694715e-03, 1.17416831e-03,
       0., 3.91389447e-04, 0., 0., 3.91389447e-04, 1.95694715e-03,
       7.82778894e-04, 7.82778894e-04, 0., 7.82778894e-04, 0.,
       2.34833662e-03, 1.17416831e-03, 3.91389447e-04, 1.56555779e-03,
       2.73972610e-03, 0., 3.91389430e-03, 1.17416831e-03,
       1.17416831e-03, 1.56555779e-03, 3.91389447e-04, 3.91389447e-04,
       1.56555779e-03, 7.82778894e-04, 1.17416831e-03, 1.17416831e-03,
       1.17416831e-03, 1.17416831e-03, 7.82778894e-04, 7.82778894e-04,
       1.56555779e-03, 0., 7.82778894e-04, 2.34833662e-03,
       3.91389447e-04, 3.91389447e-04, 1.17416831e-03, 2.73972610e-03,
       7.82778894e-04, 1.17416831e-03, 7.82778894e-04, 0.,
       7.82778894e-04, 1.56555779e-03, 1.56555779e-03, 2.73972610e-03,
       7.82778894e-04, 1.95694715e-03, 4.30528400e-03, 0.,
       1.95694715e-03, 6.26223115e-03, 7.82778894e-04, 1.17416831e-03,
       3.52250505e-03, 0., 7.82778894e-04, 7.82778894e-04, 0.,
       3.91389447e-04, 2.34833662e-03, 7.82778894e-04, 2.34833662e-03,
