%YAML:1.0
m50f: !!opencv-matrix
   rows: 1
   cols: 800
   dt: f
   data: [ 3.33000324e-04, 1.33200129e-03, 6.66000647e-04,
       6.66000647e-04, 3.33000324e-04, 9.99000971e-04, 3.66300344e-03,
       6.66000647e-04, 3.33000324e-04, 6.66000647e-04, 1.66500162e-03,
       2.99700303e-03, 1.33200129e-03, 9.99000971e-04, 3.33000324e-03,
       2.99700303e-03, 1.66500162e-03, 9.99000971e-04, 6.66000647e-04,
       1.66500162e-03, 6.66000647e-04, 9.99000971e-04, 6.66000647e-04,
       6.66000647e-04, 4.99500474e-03, 1.99800194e-03, 9.99000971e-04,
       3.33000324e-04, 0., 6.66000647e-04, 1.33200129e-03,
       1.66500162e-03, 9.99000971e-04, 6.66000647e-04, 1.33200129e-03,
       9.99000971e-04, 3.33000324e-04, 1.66500162e-03, 1.33200129e-03,
       6.66000647e-04, 6.66000647e-04, 4.66200430e-03, 0.,
       3.33000324e-04, 2.66400259e-03, 6.66000647e-04, 1.33200129e-03,
       2.33100215e-03, 1.99800194e-03, 2.33100215e-03, 9.99000971e-04,
       9.99000971e-04, 1.33200129e-03, 1.99800194e-03, 3.33000324e-04,
       6.66000647e-04, 9.99000971e-04, 6.66000647e-04, 3.33000324e-04,
       3.33000324e-04, 9.99000971e-04, 2.33100215e-03, 2.99700303e-03,
       9.99000971e-04, 6.66000647e-04, 9.99000971e-04, 1.66500162e-03,
       1.99800194e-03, 1.99800194e-03, 1.99800194e-03, 4.66200430e-03,
       1.33200129e-03, 1.66500162e-03, 9.99000971e-04, 9.99000971e-04,
       1.99800194e-03, 9.99000971e-04, 1.66500162e-03, 9.99000971e-04,
       6.66000647e-04, 1.33200129e-03, 1.33200129e-03, 6.66000647e-04,
       6.66000647e-04, 1.33200129e-03, 3.33000324e-03, 9.99000971e-04,
       6.66000647e-04, 2.33100215e-03, 2.33100215e-03, 6.66000647e-04,
       6.66000647e-04, 6.66000647e-04, 9.99000971e-04, 3.33000324e-04,
       1.33200129e-03, 9.99000971e-04, 1.33200129e-03, 6.66000647e-04,
       1.33200129e-03, 6.66000647e-04, 6.66000647e-04, 2.99700303e-03,
       6.66000647e-04, 6.66000647e-04, 1.33200129e-03, 3.33000324e-04,
       0., 3.33000324e-04, 0., 1.99800194e-03, 2.66400259e-03,
       6.66000647e-04, 9.99000971e-04, 1.33200129e-03, 3.33000324e-04,
       9.99000971e-04, 1.66500162e-03, 2.66400259e-03, 4.66200430e-03,
       0., 6.66000647e-04, 1.33200129e-03, 9.99000971e-04,
       9.99000971e-04, 1.33200129e-03, 1.66500162e-03, 6.66000647e-04,
       2.66400259e-03, 1.66500162e-03, 1.33200129e-03, 1.66500162e-03,
       3.33000324e-04, 6.66000647e-04, 1.66500162e-03, 5.32800518e-03,
       1.99800194e-03, 6.66000647e-04, 1.99800194e-03, 1.33200129e-03,
       0., 3.33000324e-03, 6.66000647e-04, 3.33000324e-03,
       9.99000971e-04, 1.66500162e-03, 3.33000324e-04, 3.33000324e-04,
       0., 9.99000971e-04, 6.66000647e-04, 1.66500162e-03,
       1.99800194e-03, 9.99000971e-04, 1.33200129e-03, 1.33200129e-03,
       9.99000971e-04, 3.33000324e-04, 6.66000647e-04, 6.66000647e-04,
       0., 1.66500162e-03, 6.66000647e-04, 1.99800194e-03,
       1.33200129e-03, 1.33200129e-03, 2.33100215e-03, 0.,
       1.33200129e-03, 9.99000971e-04, 2.33100215e-03, 1.33200129e-03,
       0., 1.33200129e-03, 3.33000324e-04, 3.33000324e-04,
       3.33000324e-04, 3.99600388e-03, 6.66000647e-04, 2.33100215e-03,
       6.66000647e-04, 2.66400259e-03, 1.99800194e-03, 1.33200129e-03,
       2.33100215e-03, 2.33100215e-03, 6.66000647e-04, 9.99000971e-04,
       9.99000971e-04, 3.33000324e-04, 1.99800194e-03, 2.33100215e-03,
       2.66400259e-03, 1.33200129e-03, 9.99000971e-04, 1.33200129e-03,
       6.66000647e-04, 6.66000647e-04, 0., 0., 9.99000971e-04,
       3.33000324e-04, 3.66300344e-03, 1.66500162e-03, 3.33000324e-04,
       2.99700303e-03, 1.66500162e-03, 9.99000971e-04, 1.66500162e-03,
       1.33200129e-03, 9.99000971e-04, 0., 3.33000324e-03,
       6.66000647e-04, 2.33100215e-03, 6.66000647e-04, 2.99700303e-03,
       9.99000971e-04, 6.66000647e-04, 6.66000647e-04, 6.66000647e-04,
       1.99800194e-03, 1.33200129e-03, 1.33200129e-03, 6.66000647e-04,
       2.33100215e-03, 1.33200129e-03, 3.33000324e-03, 6.66000647e-04,
       3.66300344e-03, 1.33200129e-03, 9.99000971e-04, 2.33100215e-03,
       2.66400259e-03, 1.66500162e-03, 9.99000971e-04, 2.33100215e-03,
       2.33100215e-03, 3.33000324e-04, 1.99800194e-03, 1.99800194e-03,
       0., 1.33200129e-03, 3.33000324e-03, 3.33000324e-04,
       9.99000971e-04, 6.66000647e-03, 1.33200129e-03, 9.99000971e-04,
       9.99000971e-04, 9.99000971e-04, 9.99000971e-04, 9.99000971e-04,
       9.99000971e-04, 2.33100215e-03, 3.33000324e-04, 9.99000971e-04,
       9.99000971e-04, 1.33200129e-03, 9.99000971e-04, 2.99700303e-03,
       1.66500162e-03, 1.33200129e-03, 2.99700303e-03, 9.99000971e-04,
       0., 2.33100215e-03, 6.32700603e-03, 6.66000647e-04, 0.,
       2.66400259e-03, 1.33200129e-03, 1.33200129e-03, 2.33100215e-03,
       3.33000324e-04, 2.66400259e-03, 6.66000647e-04, 2.66400259e-03,
       1.33200129e-03, 1.33200129e-03, 3.66300344e-03, 9.99000971e-04,
       1.66500162e-03, 9.99000971e-04, 1.66500162e-03, 1.99800194e-03,
       1.99800194e-03, 3.33000324e-04, 1.33200129e-03, 9.99000971e-04,
       2.66400259e-03, 1.33200129e-03, 3.33000324e-04, 0.,
       1.33200129e-03, 0., 1.33200129e-03, 9.99000971e-04,
       1.66500162e-03, 1.33200129e-03, 1.33200129e-03, 3.33000324e-04,
       1.66500162e-03, 6.66000647e-04, 2.33100215e-03, 2.99700303e-03,
       1.66500162e-03, 9.99000971e-04, 9.99000971e-04, 6.66000647e-04,
       1.33200129e-03, 3.33000324e-04, 6.66000647e-04, 0.,
       3.33000324e-04, 6.66000647e-04, 3.33000324e-04, 0.,
       6.66000647e-04, 6.66000647e-04, 6.66000647e-04, 6.66000647e-04,
       2.66400259e-03, 1.66500162e-03, 3.33000324e-04, 6.66000647e-04,
       6.66000647e-04, 3.33000324e-04, 3.33000324e-04, 1.33200129e-03,
       9.99000971e-04, 2.33100215e-03, 2.66400259e-03, 4.66200430e-03,
       9.99000971e-04, 6.66000647e-04, 3.33000324e-04, 9.99000971e-04,
       6.66000647e-04, 9.99000971e-04, 4.66200430e-03, 3.33000324e-04,
       3.33000324e-03, 3.33000324e-04, 2.99700303e-03, 1.66500162e-03,
       0., 1.99800194e-03, 2.66400259e-03, 1.66500162e-03,
       3.33000324e-04, 3.33000324e-04, 9.99000971e-04, 1.33200129e-03,
       3.33000324e-03, 1.99800194e-03, 1.66500162e-03, 1.66500162e-03,
       9.99000971e-04, 2.33100215e-03, 1.99800194e-03, 0.,
       6.66000647e-04, 9.99000971e-04, 3.33000324e-04, 6.66000647e-04,
       6.66000647e-04, 3.33000324e-04, 9.99000971e-04, 6.66000647e-04,
       1.99800194e-03, 3.33000324e-04, 1.33200129e-03, 1.33200129e-03,
       9.99000971e-04, 6.66000647e-04, 9.99000971e-04, 6.66000647e-04,
       9.99000971e-04, 1.33200129e-03, 2.66400259e-03, 1.33200129e-03,
       3.33000324e-04, 6.66000647e-04, 2.33100215e-03, 9.99000971e-04,
       1.66500162e-03, 3.33000324e-04, 1.99800194e-03, 0.,
       3.33000324e-03, 3.99600388e-03, 1.99800194e-03, 9.99000971e-04,
       6.66000647e-04, 6.66000647e-04, 3.33000324e-04, 9.99000971e-04,
       0., 1.33200129e-03, 1.33200129e-03, 2.66400259e-03,
       2.33100215e-03, 6.66000647e-04, 1.33200129e-03, 6.66000647e-04,
       3.33000324e-04, 1.66500162e-03, 3.33000324e-04, 6.66000647e-04,
       5.99400606e-03, 1.99800194e-03, 6.66000647e-04, 1.66500162e-03,
       2.33100215e-03, 4.99500474e-03, 3.33000324e-04, 0.,
       1.99800194e-03, 6.66000647e-04, 9.99000971e-04, 0.,
       1.66500162e-03, 9.99000971e-04, 2.33100215e-03, 0.,
       1.33200129e-03, 9.99000971e-04, 3.33000324e-03, 1.99800194e-03,
       6.66000647e-04, 1.66500162e-03, 1.66500162e-03, 0.,
       6.66000647e-04, 3.33000324e-04, 1.33200129e-03, 9.99000971e-04,
       1.66500162e-03, 3.33000324e-04, 1.33200129e-03, 1.33200129e-03,
       2.99700303e-03, 6.66000647e-04, 1.33200129e-03, 9.99000971e-04,
       9.99000971e-04, 6.66000647e-04, 6.66000647e-04, 9.99000971e-04,
       3.33000324e-04, 2.99700303e-03, 9.99000971e-04, 1.99800194e-03,
       1.33200129e-03, 1.66500162e-03, 6.66000647e-04, 2.33100215e-03,
       9.99000971e-04, 9.99000971e-04, 3.33000324e-04, 6.66000647e-04,
       0., 1.99800194e-03, 6.66000647e-04, 9.99000971e-04,
