%YAML:1.0
m50f: !!opencv-matrix
   rows: 1
   cols: 800
   dt: f
   data: [ 0., 5.35905641e-03, 1.07181130e-03, 1.07181130e-03,
       2.14362261e-03, 0., 0., 3.21543403e-03, 1.60771701e-03,
       2.67952820e-03, 5.35905652e-04, 5.35905652e-04, 0.,
       1.07181130e-03, 1.07181130e-03, 4.28724522e-03, 0., 0.,
       1.60771701e-03, 5.35905652e-04, 5.35905652e-04, 1.07181130e-03,
       3.75133962e-03, 1.60771701e-03, 5.35905652e-04, 0.,
       1.07181130e-03, 5.35905652e-04, 1.07181130e-03, 3.75133962e-03,
       1.60771701e-03, 1.07181130e-03, 5.35905652e-04, 5.35905652e-04,
       0., 1.07181130e-03, 2.14362261e-03, 1.07181130e-03, 0.,
       2.67952820e-03, 0., 1.60771701e-03, 0., 2.67952820e-03,
       1.60771701e-03, 5.35905652e-04, 0., 3.21543403e-03,
       1.07181130e-03, 5.35905652e-04, 1.60771701e-03, 2.14362261e-03,
       2.67952820e-03, 1.07181130e-03, 1.07181130e-03, 2.14362261e-03,
       2.67952820e-03, 0., 0., 2.14362261e-03, 2.67952820e-03,
       1.60771701e-03, 5.35905652e-04, 5.89496223e-03, 0.,
       1.60771701e-03, 6.43086806e-03, 1.60771701e-03, 5.35905652e-04,
       0., 0., 5.35905652e-04, 1.60771701e-03, 1.60771701e-03,
       5.35905652e-04, 1.60771701e-03, 1.17899245e-02, 1.07181130e-03,
       3.75133962e-03, 2.14362261e-03, 5.35905652e-04, 5.35905652e-04,
       5.35905652e-04, 1.07181130e-03, 3.75133962e-03, 1.60771701e-03,
       1.07181130e-03, 4.28724522e-03, 1.07181130e-03, 1.60771701e-03,
       0., 5.35905652e-04, 1.07181130e-03, 1.07181130e-03, 0.,
       2.67952820e-03, 1.07181130e-03, 0., 2.14362261e-03,
       5.35905652e-04, 5.35905652e-04, 0., 1.07181130e-03,
       1.07181130e-03, 8.03858507e-03, 0., 1.60771701e-03,
       5.35905652e-04, 1.07181130e-03, 5.35905652e-04, 1.07181130e-03,
       5.35905652e-04, 1.60771701e-03, 0., 2.67952820e-03,
       1.60771701e-03, 1.60771701e-03, 5.35905652e-04, 1.60771701e-03,
       2.14362261e-03, 5.35905652e-04, 1.07181130e-03, 1.60771701e-03,
       3.21543403e-03, 2.14362261e-03, 2.14362261e-03, 0.,
       5.35905652e-04, 5.35905652e-04, 0., 2.14362261e-03,
       4.82315104e-03, 5.35905652e-04, 1.07181130e-03, 1.07181130e-03,
       0., 5.35905652e-04, 5.35905652e-04, 1.60771701e-03,
       1.07181130e-03, 0., 1.07181130e-03, 5.35905652e-04,
       5.35905652e-04, 1.60771701e-03, 0., 1.07181130e-03,
       5.35905652e-04, 1.07181130e-03, 1.07181130e-03, 0.,
       5.35905652e-04, 3.21543403e-03, 1.07181130e-03, 2.14362261e-03,
       5.35905652e-04, 1.60771701e-03, 8.03858507e-03, 1.07181130e-03,
       0., 2.67952820e-03, 5.35905652e-04, 1.07181130e-03, 0.,
       1.07181130e-03, 1.60771701e-03, 5.35905652e-04, 1.60771701e-03,
       1.60771701e-03, 2.67952820e-03, 3.75133962e-03, 5.35905652e-04,
       0., 1.07181130e-03, 0., 0., 1.07181130e-03, 1.07181130e-03, 0.,
       3.21543403e-03, 5.35905652e-04, 3.21543403e-03, 2.67952820e-03,
       2.67952820e-03, 1.07181130e-03, 0., 3.75133962e-03,
       1.07181130e-03, 5.35905652e-04, 0., 5.35905652e-04,
       1.07181130e-03, 1.07181130e-03, 1.60771701e-03, 3.21543403e-03,
       1.07181130e-03, 2.14362261e-03, 1.07181130e-03, 2.14362261e-03,
       5.35905652e-04, 1.07181130e-03, 5.35905652e-04, 1.07181130e-03,
       0., 2.14362261e-03, 0., 2.14362261e-03, 2.67952820e-03,
       1.07181130e-03, 5.35905652e-04, 5.35905652e-04, 1.07181130e-03,
       5.35905652e-04, 0., 1.07181130e-03, 5.35905652e-04,
       3.75133962e-03, 5.35905652e-04, 4.82315104e-03, 0.,
       1.60771701e-03, 2.14362261e-03, 1.07181130e-03, 2.67952820e-03,
       1.07181130e-03, 0., 0., 5.35905652e-04, 1.07181130e-03,
       2.14362261e-03, 0., 0., 5.35905652e-04, 0., 1.07181130e-03,
       5.35905652e-04, 0., 1.07181130e-03, 0., 0., 5.35905652e-04,
       3.21543403e-03, 5.35905652e-04, 5.35905652e-04, 2.14362261e-03,
       1.60771701e-03, 6.96677342e-03, 1.60771701e-03, 5.35905652e-04,
       5.35905652e-04, 1.07181130e-03, 1.07181130e-03, 1.07181130e-03,
       5.35905652e-04, 5.35905652e-04, 1.07181130e-03, 1.60771701e-03,
       0., 0., 2.14362261e-03, 5.35905652e-04, 2.67952820e-03,
       5.35905641e-03, 0., 0., 1.07181130e-03, 3.21543403e-03,
       5.35905652e-04, 0., 1.07181130e-03, 0., 0., 0., 5.35905652e-04,
       1.07181130e-03, 1.07181130e-03, 1.07181130e-03, 2.14362261e-03,
       1.07181130e-03, 5.35905652e-04, 2.14362261e-03, 1.60771701e-03,
       5.35905652e-04, 1.07181130e-03, 5.35905652e-04, 0.,
       1.60771701e-03, 2.14362261e-03, 1.07181130e-03, 0.,
       5.35905652e-04, 5.35905652e-04, 0., 1.07181130e-03,
       8.03858507e-03, 1.07181130e-03, 1.07181130e-03, 5.35905652e-04,
       5.35905652e-04, 3.21543403e-03, 5.35905652e-04, 2.14362261e-03,
       5.35905652e-04, 0., 5.35905652e-04, 5.35905652e-04,
       2.14362261e-03, 0., 5.35905652e-04, 2.67952820e-03,
       4.82315104e-03, 5.35905652e-04, 1.60771701e-03, 5.35905652e-04,
       3.75133962e-03, 0., 1.07181130e-03, 0., 1.07181130e-03,
       1.07181130e-03, 0., 1.07181130e-03, 5.35905652e-04,
       1.07181130e-03, 4.82315104e-03, 1.60771701e-03, 5.35905652e-04,
       0., 1.60771701e-03, 5.35905652e-04, 0., 6.43086806e-03,
       1.07181130e-03, 1.07181130e-03, 3.21543403e-03, 1.60771701e-03,
       5.89496223e-03, 0., 5.35905652e-04, 0., 0., 5.35905652e-04,
       1.07181130e-03, 1.60771701e-03, 1.07181130e-03, 1.60771701e-03,
       1.60771701e-03, 0., 0., 2.14362261e-03, 2.67952820e-03,
       2.14362261e-03, 0., 0., 5.35905652e-04, 0., 5.35905652e-04,
       2.14362261e-03, 2.67952820e-03, 3.21543403e-03, 0., 0.,
       1.60771701e-03, 0., 5.35905652e-04, 1.07181130e-03, 0.,
       2.67952820e-03, 1.60771701e-03, 0., 5.35905652e-04, 0.,
       1.60771701e-03, 5.35905652e-04, 1.07181130e-03, 5.35905652e-04,
       5.35905652e-04, 5.35905652e-04, 5.35905652e-04, 1.07181130e-03,
       1.07181130e-03, 5.35905652e-04, 2.67952820e-03, 0.,
       5.35905652e-04, 1.07181130e-03, 0., 1.60771701e-03,
       1.60771701e-03, 5.35905652e-04, 5.35905652e-04, 1.60771701e-03,
       1.07181130e-03, 2.14362261e-03, 5.35905652e-04, 4.82315104e-03,
       5.35905641e-03, 1.07181130e-03, 5.35905652e-04, 2.67952820e-03,
       0., 5.35905652e-04, 2.14362261e-03, 0., 5.35905652e-04,
       5.35905652e-04, 1.60771701e-03, 5.35905652e-04, 5.35905652e-04,
       1.60771701e-03, 2.67952820e-03, 5.35905652e-04, 0.,
       5.35905652e-04, 5.35905652e-04, 0., 0., 1.60771701e-03,
       1.07181130e-03, 5.35905652e-04, 1.07181130e-03, 0.,
       5.35905652e-04, 0., 0., 1.07181130e-03, 1.07181130e-03,
       5.35905652e-04, 1.60771701e-03, 1.07181130e-03, 0., 0., 0.,
       1.60771701e-03, 0., 4.82315104e-03, 1.07181130e-03,
       2.67952820e-03, 1.07181130e-03, 5.35905652e-04, 0.,
       5.35905652e-04, 5.35905652e-04, 0., 5.35905652e-04,
       1.07181130e-03, 1.60771701e-03, 1.60771701e-03, 5.35905652e-04,
       0., 5.35905652e-04, 2.14362261e-03, 1.07181130e-03,
       1.07181130e-03, 5.35905652e-04, 1.07181130e-03, 4.28724522e-03,
       0., 5.35905652e-04, 4.28724522e-03, 0., 2.67952820e-03,
       5.35905652e-04, 1.07181130e-03, 1.07181130e-03, 2.67952820e-03,
       5.35905652e-04, 0., 0., 0., 1.60771701e-03, 0., 1.07181130e-03,
       0., 1.07181130e-03, 5.35905652e-04, 1.07181130e-03, 0.,
       1.60771701e-03, 2.67952820e-03, 2.67952820e-03, 0., 0., 0.,
       1.60771701e-03, 1.07181130e-03, 0., 0., 5.35905652e-04,
       1.07181130e-03, 5.35905652e-04, 5.35905652e-04, 1.07181130e-03,
       0., 2.14362261e-03, 0., 1.60771701e-03, 4.82315104e-03,
       2.14362261e-03, 1.07181130e-03, 0., 5.35905652e-04, 0.,
       4.28724522e-03, 1.60771701e-03, 0., 0., 1.60771701e-03,
       2.67952820e-03, 3.21543403e-03, 1.60771701e-03, 5.35905652e-04,
       1.07181130e-03, 3.75133962e-03, 1.60771701e-03, 0.,
       5.35905652e-04, 0., 1.60771701e-03, 1.07181130e-03,
       5.35905652e-04, 1.60771701e-03, 2.14362261e-03, 2.67952820e-03,
       0., 5.35905652e-04, 0., 1.60771701e-03, 1.60771701e-03,
       3.21543403e-03, 0., 5.35905652e-04, 0., 1.07181130e-03,
