%YAML:1.0
m50f: !!opencv-matrix
   rows: 1
   cols: 800
   dt: f
   data: [ 1.56903756e-03, 2.09205016e-03, 0., 5.23012539e-04,
       1.04602508e-03, 0., 0., 2.09205016e-03, 1.56903756e-03, 0., 0.,
       2.61506275e-03, 5.23012539e-04, 2.09205016e-03, 5.23012539e-04,
       2.61506275e-03, 3.66108771e-03, 2.09205016e-03, 0.,
       5.23012539e-04, 0., 4.18410031e-03, 2.09205016e-03,
       3.66108771e-03, 1.04602508e-03, 1.04602508e-03, 2.09205016e-03,
       1.04602508e-03, 2.09205016e-03, 5.23012539e-04, 3.13807512e-03,
       2.09205016e-03, 1.04602508e-03, 0., 3.66108771e-03,
       1.56903756e-03, 1.56903756e-03, 5.23012539e-04, 1.04602508e-03,
       4.70711291e-03, 1.56903756e-03, 1.04602508e-03, 1.56903756e-03,
       5.23012539e-04, 5.23012539e-04, 0., 2.09205016e-03,
       3.13807512e-03, 2.09205016e-03, 0., 5.23012539e-04,
       3.13807512e-03, 0., 0., 1.04602508e-03, 1.04602508e-03,
       2.09205016e-03, 0., 1.56903756e-03, 5.23012539e-04,
       1.04602508e-03, 3.13807512e-03, 0., 1.56903756e-03,
       1.56903756e-03, 5.23012539e-04, 4.18410031e-03, 1.04602508e-03,
       3.13807512e-03, 0., 6.79916283e-03, 0., 1.04602508e-03, 0.,
       5.23012539e-04, 0., 3.13807512e-03, 0., 3.66108771e-03,
       5.23012539e-04, 5.75313810e-03, 1.04602508e-03, 1.04602508e-03,
       0., 2.61506275e-03, 1.04602508e-03, 1.04602508e-03,
       1.56903756e-03, 3.13807512e-03, 1.04602508e-03, 1.04602508e-03,
       5.23012539e-04, 1.04602508e-03, 0., 1.15062762e-02,
       1.04602508e-03, 0., 7.32217543e-03, 4.18410031e-03, 0.,
       3.13807512e-03, 5.23012539e-04, 0., 3.66108771e-03,
       2.61506275e-03, 0., 7.32217543e-03, 5.23012539e-04,
       1.04602508e-03, 5.23012539e-04, 1.04602508e-03, 5.23012539e-04,
       1.04602508e-03, 5.23012539e-04, 1.04602508e-03, 0.,
       5.23012539e-04, 3.13807512e-03, 1.56903756e-03, 1.56903756e-03,
       5.23012539e-04, 0., 2.09205016e-03, 0., 3.13807512e-03,
       1.56903756e-03, 3.13807512e-03, 0., 6.79916283e-03,
       2.61506275e-03, 2.61506275e-03, 1.04602508e-03, 5.23012539e-04,
       0., 5.23012539e-04, 0., 0., 0., 3.13807512e-03, 1.04602508e-03,
       0., 1.04602508e-03, 5.23012539e-04, 0., 2.61506275e-03,
       1.56903756e-03, 1.56903756e-03, 5.23012539e-04, 5.23012539e-04,
       2.61506275e-03, 5.23012539e-04, 1.56903756e-03, 5.23012539e-04,
       0., 5.23012539e-04, 1.56903756e-03, 2.61506275e-03,
       2.61506275e-03, 0., 1.04602508e-03, 2.09205016e-03,
       1.56903756e-03, 2.09205016e-03, 5.23012539e-04, 1.04602508e-03,
       1.56903756e-03, 0., 0., 1.56903756e-03, 1.04602508e-03,
       1.04602508e-03, 2.09205016e-03, 2.61506275e-03, 1.56903756e-03,
       2.09205016e-03, 0., 5.23012539e-04, 5.23012539e-04,
       1.04602508e-03, 5.23012539e-04, 1.56903756e-03, 2.09205016e-03,
       0., 5.23012539e-04, 0., 0., 3.13807512e-03, 5.23012539e-04, 0.,
       3.13807512e-03, 0., 1.04602508e-03, 1.56903756e-03,
       1.56903756e-03, 2.09205016e-03, 0., 0., 5.23012539e-04,
       5.23012539e-04, 1.04602508e-03, 0., 1.04602508e-03,
       5.23012539e-04, 1.04602508e-03, 1.04602508e-03, 1.56903756e-03,
       1.56903756e-03, 3.66108771e-03, 5.23012539e-04, 5.23012539e-04,
       5.23012539e-04, 0., 2.09205016e-03, 2.09205016e-03,
       2.61506275e-03, 0., 2.09205016e-03, 5.23012539e-04, 0.,
       1.04602508e-03, 6.79916283e-03, 5.23012539e-04, 1.04602508e-03,
       5.23012539e-04, 2.09205016e-03, 2.61506275e-03, 2.61506275e-03,
       5.23012539e-04, 2.61506275e-03, 0., 0., 4.70711291e-03, 0.,
       3.13807512e-03, 0., 3.13807512e-03, 1.56903756e-03,
       5.23012539e-04, 3.13807512e-03, 1.04602508e-03, 4.18410031e-03,
       1.04602508e-03, 4.18410031e-03, 0., 2.09205016e-03,
       5.23012539e-04, 4.18410031e-03, 3.66108771e-03, 1.04602508e-03,
       1.56903756e-03, 5.23012539e-04, 2.09205016e-03, 2.61506275e-03,
       1.56903756e-03, 5.23012539e-04, 0., 0., 5.23012539e-04,
       3.13807512e-03, 1.04602508e-03, 5.23012539e-04, 1.04602508e-03,
       1.56903756e-03, 5.23012539e-04, 1.56903756e-03, 2.09205016e-03,
       5.23012539e-04, 2.61506275e-03, 3.13807512e-03, 0., 0.,
       5.23012539e-04, 5.23012539e-04, 0., 5.23012539e-04, 0., 0.,
       1.04602508e-03, 0., 0., 3.13807512e-03, 1.04602508e-03,
       1.56903756e-03, 5.23012539e-04, 2.09205016e-03, 5.23012539e-04,
       2.09205016e-03, 1.56903756e-03, 1.04602508e-03, 0., 0., 0.,
       2.61506275e-03, 2.61506275e-03, 1.56903756e-03, 2.61506275e-03,
       1.04602508e-03, 1.04602508e-03, 3.66108771e-03, 1.56903756e-03,
       3.13807512e-03, 3.66108771e-03, 1.56903756e-03, 5.23012539e-04,
       1.56903756e-03, 0., 1.04602508e-03, 5.23012539e-04,
       1.04602508e-03, 5.23012539e-04, 2.61506275e-03, 0.,
       5.23012539e-04, 1.04602508e-03, 1.04602508e-03, 1.56903756e-03,
       5.23012539e-04, 3.13807512e-03, 0., 1.56903756e-03,
       2.61506275e-03, 0., 5.23012539e-04, 3.13807512e-03,
       5.23012539e-04, 0., 5.23012539e-04, 1.04602508e-03, 0.,
       4.18410031e-03, 1.56903756e-03, 5.23012539e-04, 0.,
       2.09205016e-03, 0., 0., 0., 1.04602508e-03, 0., 1.04602508e-03,
       5.23012539e-04, 0., 5.23012539e-04, 5.23012539e-04,
       2.09205016e-03, 5.23012539e-04, 2.09205016e-03, 2.61506275e-03,
       1.04602508e-03, 2.09205016e-03, 5.23012539e-04, 1.56903756e-03,
       5.23012539e-04, 2.09205016e-03, 5.23012539e-04, 5.23012539e-04,
       0., 5.23012539e-04, 1.56903756e-03, 5.23012539e-04, 0., 0.,
       2.61506275e-03, 0., 5.23012539e-04, 0., 2.09205016e-03,
       5.23012539e-04, 0., 1.04602508e-03, 1.04602508e-03, 0.,
       5.23012539e-04, 1.04602508e-03, 0., 5.23012539e-04,
       1.04602508e-03, 3.66108771e-03, 0., 9.93723795e-03, 0.,
       5.23012539e-04, 0., 1.04602508e-03, 1.56903756e-03,
       5.23012539e-04, 0., 5.23012539e-04, 0., 0., 1.04602508e-03,
       1.56903756e-03, 5.23012539e-04, 0., 1.04602508e-03,
       5.23012551e-03, 5.23012539e-04, 5.23012539e-04, 4.70711291e-03,
       1.04602508e-03, 3.66108771e-03, 0., 2.09205016e-03, 0.,
       2.61506275e-03, 1.56903756e-03, 5.23012539e-04, 1.56903756e-03,
       1.04602508e-03, 5.23012539e-04, 5.23012539e-04, 5.23012539e-04,
       5.23012539e-04, 5.23012539e-04, 1.04602508e-03, 0.,
       1.04602508e-03, 2.09205016e-03, 1.04602508e-03, 1.04602508e-03,
       1.04602508e-03, 5.23012539e-04, 4.18410031e-03, 5.23012539e-04,
       0., 0., 0., 0., 1.56903756e-03, 5.23012539e-04, 0.,
       6.27615023e-03, 0., 4.18410031e-03, 0., 1.04602508e-03,
       1.04602508e-03, 5.23012539e-04, 1.04602508e-03, 1.04602508e-03,
       5.23012539e-04, 1.04602508e-03, 1.56903756e-03, 1.04602508e-03,
       1.04602508e-03, 0., 0., 0., 3.66108771e-03, 3.13807512e-03,
       1.04602508e-03, 0., 5.23012539e-04, 2.61506275e-03,
       5.23012539e-04, 1.04602508e-03, 1.04602508e-03, 0.,
       2.09205016e-03, 1.04602508e-03, 0., 0., 0., 0., 5.23012539e-04,
       1.04602508e-03, 0., 1.04602508e-03, 5.23012539e-04, 0.,
       1.04602508e-03, 1.56903756e-03, 0., 0., 5.23012539e-04,
       1.04602508e-03, 0., 5.23012539e-04, 1.04602508e-03,
       1.04602508e-03, 0., 0., 0., 1.56903756e-03, 5.23012539e-04,
       5.23012539e-04, 0., 0., 5.23012539e-04, 0., 0., 1.04602508e-03,
       0., 0., 1.04602508e-03, 1.04602508e-03, 5.23012539e-04,
       5.23012539e-04, 1.04602508e-03, 5.75313810e-03, 5.23012539e-04,
       5.23012539e-04, 1.04602508e-03, 5.23012539e-04, 0., 0.,
       5.23012539e-04, 1.56903756e-03, 5.23012551e-03, 5.23012539e-04,
       5.23012539e-04, 0., 1.04602508e-03, 5.23012539e-04, 0.,
       5.23012539e-04, 1.04602508e-03, 1.04602508e-03, 0., 0.,
       1.04602508e-03, 1.04602508e-03, 1.56903756e-03, 1.04602508e-03,
       1.04602508e-03, 2.61506275e-03, 2.61506275e-03, 4.18410031e-03,
       3.13807512e-03, 2.61506275e-03, 0., 6.79916283e-03,
       1.56903756e-03, 0., 4.18410031e-03, 2.09205016e-03, 0.,
       2.09205016e-03, 2.09205016e-03, 0., 4.18410031e-03, 0.,
       5.23012539e-04, 0., 1.04602508e-03, 0., 5.23012539e-04, 0.,
