%YAML:1.0
m50f: !!opencv-matrix
   rows: 1
   cols: 800
   dt: f
   data: [ 1.44092215e-03, 9.60614765e-04, 5.28338132e-03, 0.,
       1.92122953e-03, 0., 2.40153680e-03, 1.92122953e-03, 0.,
       9.60614765e-04, 1.44092215e-03, 1.92122953e-03, 4.80307383e-04,
       0., 1.92122953e-03, 4.80307383e-04, 1.92122953e-03,
       4.80307383e-04, 9.60614765e-04, 4.80307383e-04, 1.92122953e-03,
       2.40153680e-03, 1.92122953e-03, 3.36215179e-03, 4.80307383e-04,
       4.80307383e-04, 2.40153680e-03, 1.92122953e-03, 1.92122953e-03,
       3.84245906e-03, 4.80307383e-04, 0., 2.88184430e-03,
       2.88184430e-03, 1.44092215e-03, 2.40153680e-03, 1.44092215e-03,
       9.60614765e-04, 4.80307383e-04, 9.60614765e-04, 9.60614765e-04,
       9.60614765e-04, 2.40153680e-03, 4.80307383e-04, 1.44092215e-03,
       1.44092215e-03, 1.92122953e-03, 1.44092215e-03, 0.,
       9.60614765e-04, 1.92122953e-03, 9.60614765e-04, 2.40153680e-03,
       4.80307383e-04, 4.80307383e-04, 0., 4.80307383e-04,
       1.44092215e-03, 1.92122953e-03, 9.60614765e-04, 9.60614765e-04,
       9.60614765e-04, 4.80307383e-04, 1.92122953e-03, 2.40153680e-03,
       4.80307383e-04, 5.76368859e-03, 5.28338132e-03, 4.80307383e-04,
       0., 9.60614765e-04, 1.44092215e-03, 9.60614765e-04, 0.,
       1.44092215e-03, 1.44092215e-03, 0., 0., 4.80307383e-04,
       9.60614765e-04, 1.44092215e-03, 9.60614765e-04, 4.80307383e-04,
       9.60614765e-04, 0., 4.80307383e-04, 0., 9.60614765e-04,
       1.92122953e-03, 0., 0., 0., 0., 4.80307383e-04, 9.60614765e-04,
       2.88184430e-03, 1.44092215e-03, 1.92122953e-03, 3.36215179e-03,
       0., 2.88184430e-03, 1.92122953e-03, 0., 9.60614765e-04, 0.,
       1.44092215e-03, 9.60614765e-04, 0., 1.92122953e-03,
       9.60614765e-04, 1.44092215e-03, 0., 2.40153680e-03,
       9.60614765e-04, 9.60614765e-04, 9.60614765e-04, 2.40153680e-03,
       2.40153680e-03, 1.44092215e-03, 1.44092215e-03, 0., 0.,
       3.84245906e-03, 4.80307383e-04, 0., 0., 1.92122953e-03,
       9.60614765e-04, 1.92122953e-03, 0., 0., 0., 2.40153680e-03,
       1.92122953e-03, 1.44092215e-03, 0., 9.60614765e-04, 0.,
       9.60614765e-04, 4.80307383e-04, 3.36215179e-03, 2.88184430e-03,
       4.80307383e-04, 4.80307383e-04, 2.40153680e-03, 0.,
       1.92122953e-03, 1.44092215e-03, 0., 1.92122953e-03, 0., 0.,
       2.40153680e-03, 1.44092215e-03, 4.80307383e-04, 0., 0.,
       4.80307383e-04, 1.44092215e-03, 4.80307383e-04, 4.32276633e-03,
       3.36215179e-03, 1.92122953e-03, 2.88184430e-03, 9.60614765e-04,
       4.80307359e-03, 0., 1.92122953e-03, 2.88184430e-03,
       1.44092215e-03, 1.44092215e-03, 0., 2.40153680e-03, 0.,
       9.60614765e-04, 0., 0., 2.88184430e-03, 2.88184430e-03, 0.,
       1.44092215e-03, 9.60614765e-04, 9.60614765e-04, 1.44092215e-03,
       1.92122953e-03, 4.80307383e-04, 9.60614765e-04, 0., 0.,
       1.44092215e-03, 9.60614765e-04, 0., 2.88184430e-03,
       3.36215179e-03, 1.44092215e-03, 2.40153680e-03, 9.60614765e-04,
       4.80307383e-04, 2.88184430e-03, 2.40153680e-03, 1.92122953e-03,
       4.80307383e-04, 4.80307383e-04, 4.80307383e-04, 1.44092215e-03,
       9.60614765e-04, 4.80307383e-04, 2.88184430e-03, 9.60614765e-04,
       4.80307383e-04, 9.60614765e-04, 9.60614765e-04, 0., 0.,
       1.44092215e-03, 2.88184430e-03, 1.44092215e-03, 9.60614765e-04,
       4.80307383e-04, 4.80307383e-04, 1.92122953e-03, 5.28338132e-03,
       0., 4.80307383e-04, 2.88184430e-03, 1.44092215e-03, 0.,
       4.80307383e-04, 9.60614765e-04, 9.60614765e-04, 0.,
       2.88184430e-03, 4.80307383e-04, 1.44092215e-03, 2.40153680e-03,
       2.40153680e-03, 9.60614765e-04, 1.92122953e-03, 0., 0.,
       9.60614765e-04, 3.36215179e-03, 1.44092215e-03, 3.84245906e-03,
       1.44092215e-03, 4.80307383e-04, 9.60614765e-04, 1.92122953e-03,
       9.60614765e-04, 0., 2.40153680e-03, 4.80307383e-04, 0.,
       1.92122953e-03, 9.60614765e-04, 1.92122953e-03, 9.60614765e-04,
       1.92122953e-03, 2.88184430e-03, 0., 2.88184430e-03,
       9.60614765e-04, 0., 3.36215179e-03, 4.80307383e-04,
       4.80307383e-04, 1.92122953e-03, 9.60614765e-04, 0., 0.,
       9.60614765e-04, 4.80307383e-04, 0., 4.80307383e-04,
       4.80307383e-04, 0., 4.80307383e-04, 2.40153680e-03,
       4.80307383e-04, 3.36215179e-03, 9.60614765e-04, 1.92122953e-03,
       0., 4.80307383e-04, 1.44092215e-03, 9.60614765e-04, 0.,
       4.80307383e-04, 0., 2.88184430e-03, 1.44092215e-03,
       2.40153680e-03, 0., 4.80307383e-04, 1.92122953e-03,
       2.40153680e-03, 1.92122953e-03, 9.60614765e-04, 4.80307383e-04,
       4.80307383e-04, 1.44092215e-03, 1.44092215e-03, 4.80307383e-04,
       1.44092215e-03, 2.88184430e-03, 4.80307383e-04, 0.,
       4.80307383e-04, 1.92122953e-03, 0., 4.32276633e-03,
       3.36215179e-03, 4.80307383e-04, 0., 4.80307383e-04,
       1.92122953e-03, 4.80307383e-04, 2.40153680e-03, 9.60614765e-04,
       3.84245906e-03, 1.92122953e-03, 1.44092215e-03, 1.44092215e-03,
       1.92122953e-03, 2.40153680e-03, 2.40153680e-03, 1.44092215e-03,
       0., 1.44092215e-03, 4.80307383e-04, 1.44092215e-03, 0.,
       4.80307383e-04, 1.92122953e-03, 0., 1.44092215e-03,
       4.80307359e-03, 9.60614765e-04, 3.36215179e-03, 0.,
       1.44092215e-03, 4.80307383e-04, 1.44092215e-03, 2.40153680e-03,
       9.60614765e-04, 9.60614765e-04, 9.60614765e-04, 2.88184430e-03,
       1.92122953e-03, 9.60614765e-04, 0., 1.92122953e-03, 0.,
       9.60614765e-04, 2.88184430e-03, 1.44092215e-03, 4.80307383e-04,
       2.40153680e-03, 9.60614765e-04, 9.60614765e-04, 3.84245906e-03,
       9.60614765e-04, 4.80307383e-04, 1.92122953e-03, 9.60614765e-04,
       3.36215179e-03, 9.60614765e-04, 0., 9.60614765e-04,
       4.80307383e-04, 9.60614765e-04, 1.92122953e-03, 9.60614765e-04,
       2.40153680e-03, 3.84245906e-03, 0., 0., 1.44092215e-03,
       2.88184430e-03, 1.44092215e-03, 1.92122953e-03, 4.80307383e-04,
       9.60614765e-04, 1.44092215e-03, 3.36215179e-03, 9.60614765e-04,
       2.40153680e-03, 2.40153680e-03, 1.44092215e-03, 3.36215179e-03,
       1.44092215e-03, 3.36215179e-03, 0., 9.60614765e-04,
       1.44092215e-03, 0., 2.88184430e-03, 9.60614765e-04,
       1.44092215e-03, 2.40153680e-03, 1.92122953e-03, 0.,
       9.60614765e-04, 0., 2.88184430e-03, 4.80307383e-04,
       1.44092215e-03, 4.80307383e-04, 0., 1.44092215e-03, 0.,
       1.44092215e-03, 9.60614765e-04, 1.44092215e-03, 4.80307383e-04,
       0., 1.44092215e-03, 4.80307383e-04, 0., 0., 0., 2.40153680e-03,
       1.92122953e-03, 9.60614765e-04, 2.88184430e-03, 9.60614765e-04,
       9.60614765e-04, 0., 0., 9.60614765e-04, 1.44092215e-03, 0.,
       9.60614765e-04, 4.80307383e-04, 2.88184430e-03, 0., 0.,
       2.88184430e-03, 9.60614765e-04, 0., 1.44092215e-03,
       1.92122953e-03, 1.44092215e-03, 1.92122953e-03, 4.80307383e-04,
       1.92122953e-03, 1.44092215e-03, 0., 4.80307383e-04,
       4.80307383e-04, 4.80307383e-04, 0., 9.60614765e-04,
       9.60614765e-04, 1.92122953e-03, 1.44092215e-03, 1.44092215e-03,
       0., 9.60614765e-04, 9.60614765e-04, 1.44092215e-03,
       1.44092215e-03, 0., 0., 3.36215179e-03, 0., 1.44092215e-03,
       7.20461085e-03, 4.80307383e-04, 1.44092215e-03, 9.60614765e-04,
       0., 2.40153680e-03, 2.40153680e-03, 1.44092215e-03, 0., 0.,
       1.92122953e-03, 2.40153680e-03, 0., 0., 9.60614765e-04,
       4.80307383e-04, 0., 1.92122953e-03, 4.80307383e-04, 0., 0.,
       4.80307383e-04, 2.40153680e-03, 0., 9.60614765e-04,
       3.36215179e-03, 9.60614765e-04, 9.60614765e-04, 1.92122953e-03,
       1.44092215e-03, 2.40153680e-03, 1.44092215e-03, 9.60614765e-04,
       4.80307383e-04, 1.92122953e-03, 4.80307383e-04, 9.60614765e-04,
       4.80307383e-04, 2.40153680e-03, 3.36215179e-03, 4.80307383e-04,
       2.40153680e-03, 2.88184430e-03, 4.80307383e-04, 9.60614765e-04,
       3.36215179e-03, 4.80307383e-04, 9.60614765e-04, 4.80307383e-04,
       4.80307383e-04, 9.60614765e-04, 1.44092215e-03, 4.80307383e-04,
       0., 4.80307383e-04, 4.80307383e-04, 9.60614765e-04,
