%YAML:1.0
m50f: !!opencv-matrix
   rows: 1
   cols: 800
   dt: f
   data: [ 2.86064576e-03, 1.63465471e-03, 6.53861882e-03,
       4.08663676e-04, 1.63465471e-03, 4.08663676e-04, 8.17327353e-04,
       8.17327353e-04, 4.08663676e-04, 2.86064576e-03, 1.63465471e-03,
       2.86064576e-03, 0., 2.04331847e-03, 8.17327353e-04,
       4.08663694e-03, 1.22599106e-03, 8.17327353e-04, 1.22599106e-03,
       1.63465471e-03, 0., 2.45198212e-03, 2.04331847e-03,
       1.22599106e-03, 8.17327353e-04, 1.22599106e-03, 8.17327353e-04,
       4.08663694e-03, 1.63465471e-03, 8.17327353e-04, 8.17327353e-04,
       1.22599106e-03, 1.63465471e-03, 1.63465471e-03, 1.63465471e-03,
       2.04331847e-03, 1.22599106e-03, 8.17327353e-04, 2.04331847e-03,
       0., 2.45198212e-03, 2.45198212e-03, 2.04331847e-03,
       4.08663676e-04, 1.22599106e-03, 1.63465471e-03, 4.08663676e-04,
       4.08663676e-04, 0., 1.22599106e-03, 1.63465471e-03, 0., 0.,
       8.17327353e-04, 8.17327353e-04, 2.04331847e-03, 0.,
       1.22599106e-03, 2.86064576e-03, 2.04331847e-03, 2.45198212e-03,
       0., 2.04331847e-03, 0., 3.67797306e-03, 4.08663676e-04,
       3.26930941e-03, 4.08663676e-04, 1.22599106e-03, 1.63465471e-03,
       3.67797306e-03, 8.17327353e-04, 4.08663676e-04, 4.08663676e-04,
       8.17327353e-04, 1.22599106e-03, 4.08663676e-04, 0.,
       8.17327353e-04, 1.63465471e-03, 0., 1.22599106e-03,
       2.86064576e-03, 8.17327353e-04, 4.08663676e-04, 2.45198212e-03,
       8.17327353e-04, 4.08663676e-04, 2.45198212e-03, 1.22599106e-03,
       0., 0., 8.17327353e-04, 1.63465471e-03, 8.17327353e-04, 0.,
       1.22599106e-03, 8.17327353e-04, 1.63465471e-03, 2.45198212e-03,
       8.17327353e-04, 4.08663676e-04, 4.08663676e-04, 1.22599106e-03,
       1.22599106e-03, 2.86064576e-03, 2.45198212e-03, 8.17327353e-04,
       1.63465471e-03, 1.22599106e-03, 1.63465471e-03, 2.86064576e-03,
       4.08663676e-04, 4.08663676e-04, 4.08663676e-04, 4.08663676e-04,
       4.49530035e-03, 1.22599106e-03, 8.17327353e-04, 1.63465471e-03,
       2.04331847e-03, 0., 1.63465471e-03, 1.22599106e-03, 0.,
       4.49530035e-03, 4.08663694e-03, 4.08663676e-04, 2.04331847e-03,
       1.22599106e-03, 1.63465471e-03, 4.08663676e-04, 2.45198212e-03,
       4.08663676e-04, 1.22599106e-03, 0., 8.17327353e-04, 0.,
       8.17327353e-04, 2.04331847e-03, 2.45198212e-03, 8.17327353e-04,
       0., 0., 4.08663676e-04, 8.17327353e-04, 0., 8.17327353e-04,
       1.22599106e-03, 1.22599106e-03, 0., 4.08663676e-04, 0.,
       1.22599106e-03, 1.63465471e-03, 0., 2.04331847e-03,
       4.08663676e-04, 8.17327353e-04, 1.22599106e-03, 4.08663676e-04,
       1.63465471e-03, 2.45198212e-03, 2.86064576e-03, 8.17327353e-04,
       8.17327353e-04, 0., 4.08663676e-04, 0., 4.08663676e-04,
       2.04331847e-03, 1.63465471e-03, 4.08663676e-04, 8.17327353e-04,
       1.22599106e-03, 0., 1.22599106e-03, 0., 8.17327353e-04, 0.,
       4.90396423e-03, 1.63465471e-03, 4.08663676e-04, 1.22599106e-03,
       4.08663676e-04, 4.08663676e-04, 4.08663694e-03, 8.17327353e-04,
       4.08663676e-04, 1.63465471e-03, 2.04331847e-03, 4.08663676e-04,
       2.45198212e-03, 0., 8.17327353e-04, 8.17327353e-04,
       1.22599106e-03, 1.63465471e-03, 2.04331847e-03, 1.22599106e-03,
       1.22599106e-03, 1.22599106e-03, 4.08663676e-04, 1.26685742e-02,
       8.17327353e-04, 1.63465471e-03, 6.12995494e-03, 8.17327353e-04,
       0., 4.08663676e-04, 4.08663694e-03, 4.08663676e-04,
       8.17327353e-04, 1.63465471e-03, 1.63465471e-03, 1.63465471e-03,
       1.22599106e-03, 2.45198212e-03, 0., 8.17327353e-04,
       1.22599106e-03, 4.08663676e-04, 1.22599106e-03, 4.08663676e-04,
       8.17327353e-04, 2.04331847e-03, 8.17327353e-04, 1.22599106e-03,
       8.17327353e-04, 2.04331847e-03, 1.63465471e-03, 2.86064576e-03,
       1.22599106e-03, 2.86064576e-03, 1.63465471e-03, 4.08663676e-04,
       2.45198212e-03, 4.08663676e-04, 1.22599106e-03, 4.08663676e-04,
       1.63465471e-03, 1.22599106e-03, 2.04331847e-03, 1.63465471e-03,
       8.17327353e-04, 2.86064576e-03, 8.17327353e-04, 8.17327353e-04,
       4.08663676e-04, 4.08663676e-04, 1.63465471e-03, 1.63465471e-03,
       4.08663676e-04, 8.17327353e-04, 0., 4.08663676e-04,
       4.08663694e-03, 1.63465471e-03, 2.04331847e-03, 2.45198212e-03,
       1.63465471e-03, 1.22599106e-03, 4.08663676e-04, 8.17327353e-04,
       2.04331847e-03, 2.45198212e-03, 1.63465471e-03, 0.,
       8.17327353e-04, 8.17327353e-04, 1.22599106e-03, 1.22599106e-03,
       8.17327353e-04, 8.17327353e-04, 2.04331847e-03, 4.08663676e-04,
       8.17327353e-04, 2.04331847e-03, 2.86064576e-03, 0.,
       4.08663676e-04, 4.08663676e-04, 2.45198212e-03, 4.08663676e-04,
       8.17327353e-04, 8.17327353e-04, 4.08663676e-04, 1.63465471e-03,
       0., 0., 2.86064576e-03, 8.17327353e-04, 0., 1.63465471e-03,
       8.17327353e-04, 8.17327353e-04, 3.67797306e-03, 2.04331847e-03,
       2.45198212e-03, 0., 4.08663676e-04, 0., 2.04331847e-03,
       1.22599106e-03, 8.17327353e-04, 4.08663676e-04, 0., 0.,
       4.49530035e-03, 2.86064576e-03, 1.22599106e-03, 0.,
       3.67797306e-03, 1.63465471e-03, 4.08663676e-04, 8.17327353e-04,
       0., 1.22599106e-03, 4.08663676e-04, 1.22599106e-03,
       2.86064576e-03, 4.08663676e-04, 8.17327353e-04, 4.08663676e-04,
       4.08663676e-04, 2.04331847e-03, 2.04331847e-03, 8.17327353e-04,
       1.63465471e-03, 8.17327353e-04, 1.22599106e-03, 0.,
       1.22599106e-03, 8.17327353e-04, 1.22599106e-03, 1.63465471e-03,
       4.90396423e-03, 0., 4.08663676e-04, 8.17327353e-04,
       1.63465471e-03, 8.17327353e-04, 2.86064576e-03, 3.26930941e-03,
       1.22599106e-03, 1.22599106e-03, 4.08663676e-04, 4.08663676e-04,
       1.22599106e-03, 4.08663676e-04, 4.08663676e-04, 1.22599106e-03,
       1.63465471e-03, 2.86064576e-03, 8.17327353e-04, 8.17327353e-04,
       2.45198212e-03, 4.08663694e-03, 2.04331847e-03, 2.45198212e-03,
       1.22599106e-03, 1.22599106e-03, 2.04331847e-03, 8.17327353e-04,
       0., 4.08663676e-04, 4.08663676e-04, 4.08663676e-04, 0.,
       2.45198212e-03, 1.63465471e-03, 8.17327353e-04, 4.08663676e-04,
       1.22599106e-03, 4.08663676e-04, 2.04331847e-03, 1.22599106e-03,
       1.63465471e-03, 1.22599106e-03, 1.63465471e-03, 3.67797306e-03,
       4.08663676e-04, 4.08663676e-04, 4.08663676e-04, 4.08663676e-04,
       1.22599106e-03, 8.17327353e-04, 3.26930941e-03, 8.17327353e-04,
       1.63465471e-03, 4.08663694e-03, 4.08663676e-04, 0.,
       4.08663676e-04, 1.63465471e-03, 2.04331847e-03, 1.22599106e-03,
       2.45198212e-03, 0., 4.08663676e-04, 4.08663676e-04,
       3.67797306e-03, 2.45198212e-03, 8.17327353e-04, 8.17327353e-04,
       2.04331847e-03, 0., 8.17327353e-04, 0., 1.22599106e-03,
       1.22599106e-03, 4.08663676e-04, 8.17327353e-04, 2.86064576e-03,
       1.22599106e-03, 4.08663676e-04, 0., 1.22599106e-03,
       4.08663676e-04, 2.45198212e-03, 1.63465471e-03, 8.17327353e-04,
       2.45198212e-03, 4.08663676e-04, 2.04331847e-03, 4.08663676e-04,
       1.63465471e-03, 4.08663676e-04, 0., 8.17327353e-04, 0.,
       8.17327353e-04, 2.45198212e-03, 2.45198212e-03, 1.63465471e-03,
       2.45198212e-03, 0., 0., 3.26930941e-03, 0., 4.08663676e-04,
       1.22599106e-03, 1.22599106e-03, 2.86064576e-03, 0.,
       2.45198212e-03, 0., 2.04331847e-03, 0., 2.04331847e-03,
       1.63465471e-03, 4.08663676e-04, 1.22599106e-03, 1.63465471e-03,
       0., 8.17327353e-04, 0., 8.17327353e-04, 4.08663676e-04,
       8.17327353e-04, 1.63465471e-03, 2.04331847e-03, 1.63465471e-03,
       1.63465471e-03, 2.04331847e-03, 2.86064576e-03, 4.08663676e-04,
       1.22599106e-03, 1.22599106e-03, 3.67797306e-03, 4.08663676e-04,
       4.08663676e-04, 1.63465471e-03, 3.67797306e-03, 8.17327353e-04,
       0., 1.63465471e-03, 2.04331847e-03, 1.22599106e-03,
       1.63465471e-03, 4.08663676e-04, 4.08663676e-04, 4.08663676e-04,
       2.45198212e-03, 1.22599106e-03, 4.08663676e-04, 2.86064576e-03,
       3.67797306e-03, 0., 8.17327353e-04, 8.17327353e-04,
