%YAML:1.0
m50f: !!opencv-matrix
   rows: 1
   cols: 800
   dt: f
   data: [ 3.85802472e-04, 1.54320989e-03, 1.92901236e-03, 0.,
       1.15740742e-03, 0., 0., 1.15740742e-03, 7.71604944e-04,
       3.85802472e-04, 1.15740742e-03, 3.08641978e-03, 0.,
       7.71604944e-04, 5.78703731e-03, 7.71604944e-04, 3.85802472e-04,
       3.85802472e-04, 1.54320989e-03, 7.71604944e-04, 0.,
       1.92901236e-03, 2.31481483e-03, 0., 1.92901236e-03,
       3.85802472e-04, 7.71604944e-04, 3.85802472e-04, 7.71604944e-04,
       0., 1.15740742e-03, 1.54320989e-03, 1.54320989e-03,
       2.31481483e-03, 0., 2.70061730e-03, 1.15740742e-03, 0.,
       1.15740742e-03, 0., 0., 7.71604944e-04, 5.01543190e-03, 0.,
       1.54320989e-03, 1.15740742e-03, 1.15740742e-03, 3.85802472e-04,
       0., 1.92901236e-03, 2.31481483e-03, 3.85802472e-04,
       2.31481483e-03, 3.85802472e-04, 7.71604944e-04, 7.71604944e-04,
       3.85802472e-04, 7.71604944e-04, 1.54320989e-03, 1.92901236e-03,
       3.85802472e-04, 0., 3.85802472e-03, 0., 1.54320989e-03, 0.,
       1.54320989e-03, 3.08641978e-03, 1.92901236e-03, 7.71604944e-04,
       3.85802472e-04, 0., 0., 3.85802472e-04, 1.15740742e-03,
       1.92901236e-03, 3.85802472e-04, 2.31481483e-03, 1.54320989e-03,
       4.62962966e-03, 1.15740742e-03, 7.71604944e-04, 2.31481483e-03,
       0., 0., 5.01543190e-03, 2.31481483e-03, 3.85802472e-04,
       2.31481483e-03, 0., 0., 0., 3.85802472e-04, 0., 1.15740742e-03,
       1.92901236e-03, 1.15740742e-03, 2.31481483e-03, 2.70061730e-03,
       3.85802472e-04, 1.54320989e-03, 2.31481483e-03, 1.92901236e-03,
       3.08641978e-03, 0., 1.92901236e-03, 3.85802472e-04,
       2.31481483e-03, 0., 1.15740742e-03, 7.71604944e-04,
       2.70061730e-03, 0., 1.54320989e-03, 1.92901236e-03,
       7.71604944e-04, 1.54320989e-03, 1.54320989e-03, 2.31481483e-03,
       1.15740742e-03, 1.15740742e-03, 1.92901236e-03, 2.70061730e-03,
       3.85802472e-03, 0., 0., 1.92901236e-03, 3.85802472e-04,
       3.08641978e-03, 1.92901236e-03, 3.85802472e-04, 0.,
       2.31481483e-03, 0., 1.92901236e-03, 0., 2.31481483e-03,
       7.71604944e-04, 2.31481483e-03, 7.71604944e-04, 2.31481483e-03,
       1.15740742e-03, 3.85802472e-04, 1.54320989e-03, 1.15740742e-03,
       0., 0., 1.92901236e-03, 3.85802472e-04, 2.70061730e-03, 0.,
       3.85802472e-04, 0., 1.54320989e-03, 0., 0., 0., 2.31481483e-03,
       0., 1.54320989e-03, 3.85802472e-04, 1.92901236e-03,
       1.92901236e-03, 2.70061730e-03, 0., 7.71604944e-04,
       3.85802472e-04, 7.71604944e-04, 3.85802472e-04, 0.,
       7.71604944e-04, 0., 3.85802472e-03, 0., 1.15740742e-03,
       3.85802472e-04, 0., 1.54320989e-03, 1.92901236e-03, 0.,
       5.01543190e-03, 2.70061730e-03, 3.85802472e-04, 7.71604944e-04,
       3.08641978e-03, 0., 1.54320989e-03, 3.85802472e-04,
       3.85802472e-04, 1.54320989e-03, 1.54320989e-03, 2.70061730e-03,
       2.70061730e-03, 3.85802472e-04, 1.15740742e-03, 7.71604944e-04,
       1.15740742e-03, 1.15740742e-03, 2.31481483e-03, 7.71604944e-04,
       3.85802472e-04, 3.85802472e-04, 3.08641978e-03, 1.54320989e-03,
       1.15740742e-03, 2.70061730e-03, 2.31481483e-03, 1.92901236e-03,
       3.85802472e-04, 0., 3.47222225e-03, 0., 0., 4.62962966e-03,
       3.85802472e-04, 2.31481483e-03, 1.92901236e-03, 1.54320989e-03,
       1.92901236e-03, 1.54320989e-03, 4.62962966e-03, 3.85802472e-04,
       2.31481483e-03, 1.15740742e-03, 1.54320989e-03, 7.71604944e-04,
       0., 1.15740742e-03, 0., 7.71604944e-04, 1.15740742e-03,
       3.85802472e-03, 1.54320989e-03, 7.71604944e-04, 3.08641978e-03,
       7.71604944e-04, 4.62962966e-03, 0., 5.40123461e-03,
       3.08641978e-03, 7.71604944e-04, 7.71604944e-04, 1.92901236e-03,
       3.85802472e-04, 1.54320989e-03, 0., 1.92901236e-03,
       1.54320989e-03, 1.92901236e-03, 0., 1.15740742e-03,
       3.85802472e-04, 3.85802472e-04, 1.54320989e-03, 7.71604944e-04,
       3.85802472e-04, 1.92901236e-03, 1.15740742e-03, 1.92901236e-03,
       7.71604944e-04, 3.85802472e-04, 3.08641978e-03, 1.92901236e-03,
       1.15740742e-03, 3.85802472e-04, 0., 2.31481483e-03,
       7.71604944e-04, 7.71604944e-04, 1.15740742e-03, 7.71604944e-04,
       3.85802472e-04, 0., 7.71604944e-04, 3.85802472e-04, 0.,
       7.71604944e-04, 7.71604944e-04, 3.85802472e-04, 7.71604944e-04,
       3.08641978e-03, 7.71604944e-04, 2.31481483e-03, 7.71604944e-04,
       0., 3.08641978e-03, 3.85802472e-04, 1.15740742e-03,
       2.31481483e-03, 7.71604944e-03, 1.54320989e-03, 7.71604944e-04,
       1.54320989e-03, 2.31481483e-03, 1.54320989e-03, 0.,
       7.71604944e-04, 3.47222225e-03, 3.47222225e-03, 1.92901236e-03,
       1.54320989e-03, 3.85802472e-04, 0., 3.85802472e-04,
       1.92901236e-03, 3.85802472e-04, 0., 0., 2.70061730e-03,
       1.54320989e-03, 2.70061730e-03, 0., 7.71604944e-04, 0.,
       3.85802472e-04, 3.85802472e-04, 0., 1.15740742e-03,
       3.08641978e-03, 3.85802472e-04, 1.15740742e-03, 7.71604944e-04,
       7.71604944e-04, 0., 3.85802472e-04, 7.71604944e-04,
       1.92901236e-03, 3.85802472e-04, 1.54320989e-03, 3.85802472e-04,
       5.01543190e-03, 0., 7.71604944e-04, 1.54320989e-03,
       1.92901236e-03, 0., 3.85802472e-04, 1.15740742e-03,
       1.92901236e-03, 0., 3.08641978e-03, 0., 1.15740742e-03,
       2.31481483e-03, 1.15740742e-03, 1.54320989e-03, 0.,
       1.54320989e-03, 7.71604944e-04, 0., 3.85802472e-04,
       1.92901236e-03, 1.92901236e-03, 2.31481483e-03, 1.15740742e-03,
       3.85802472e-04, 3.85802472e-04, 2.31481483e-03, 1.54320989e-03,
       1.54320989e-03, 7.71604944e-04, 7.71604944e-04, 1.92901236e-03,
       7.71604944e-04, 1.15740742e-03, 0., 2.31481483e-03,
       2.31481483e-03, 1.54320989e-03, 1.54320989e-03, 1.15740742e-03,
       1.15740742e-03, 3.85802472e-04, 2.70061730e-03, 7.71604944e-04,
       7.71604944e-04, 0., 1.54320989e-03, 0., 7.71604944e-04,
       2.70061730e-03, 0., 7.71604944e-04, 7.71604944e-04,
       4.24382742e-03, 1.92901236e-03, 3.85802472e-04, 2.31481483e-03,
       2.31481483e-03, 3.85802472e-04, 7.71604944e-04, 7.71604944e-04,
       3.85802472e-04, 3.85802472e-04, 1.92901236e-03, 3.85802472e-04,
       1.54320989e-03, 2.31481483e-03, 1.54320989e-03, 3.85802472e-04,
       3.85802472e-04, 3.85802472e-04, 0., 3.85802472e-04,
       2.31481483e-03, 2.70061730e-03, 3.47222225e-03, 7.71604944e-04,
       0., 1.54320989e-03, 1.15740742e-03, 1.92901236e-03, 0.,
       2.70061730e-03, 2.31481483e-03, 0., 3.85802472e-04,
       7.71604944e-04, 3.85802472e-04, 1.15740742e-03, 2.31481483e-03,
       3.85802472e-04, 0., 3.85802472e-04, 5.01543190e-03,
       3.85802472e-04, 3.85802472e-04, 0., 3.85802472e-04,
       3.85802472e-04, 3.08641978e-03, 7.71604944e-04, 1.15740742e-03,
       0., 2.31481483e-03, 7.71604944e-04, 0., 1.54320989e-03,
       3.47222225e-03, 0., 1.15740742e-03, 7.71604944e-04,
       2.31481483e-03, 7.71604944e-04, 7.71604944e-04, 1.92901236e-03,
       2.70061730e-03, 1.92901236e-03, 7.71604944e-04, 7.71604944e-04,
       3.85802472e-04, 7.71604944e-04, 7.71604944e-04, 3.85802472e-04,
       1.54320989e-03, 7.71604944e-04, 3.08641978e-03, 0.,
       3.85802472e-04, 1.54320989e-03, 7.71604944e-04, 3.08641978e-03,
       7.71604944e-04, 7.71604944e-04, 1.92901236e-03, 3.85802472e-04,
       0., 7.71604944e-04, 2.70061730e-03, 2.70061730e-03, 0.,
       3.85802472e-04, 1.15740742e-03, 3.85802472e-03, 7.71604944e-04,
       0., 1.92901236e-03, 3.85802472e-04, 2.31481483e-03,
       1.15740742e-03, 1.92901236e-03, 3.85802472e-04, 0.,
       1.92901236e-03, 2.70061730e-03, 0., 3.08641978e-03, 0., 0.,
       2.31481483e-03, 3.47222225e-03, 7.71604944e-04, 3.85802472e-04,
       1.92901236e-03, 1.15740742e-03, 1.92901236e-03, 3.85802472e-04,
       3.85802472e-04, 3.85802472e-04, 3.85802472e-04, 1.15740742e-03,
       2.31481483e-03, 0., 6.94444450e-03, 1.54320989e-03,
       7.71604944e-04, 1.92901236e-03, 2.70061730e-03, 2.70061730e-03,
       7.71604944e-04, 0., 0., 1.54320989e-03, 2.31481483e-03,
