%YAML:1.0
m50f: !!opencv-matrix
   rows: 1
   cols: 800
   dt: f
   data: [ 9.59232624e-04, 1.91846525e-03, 9.59232624e-04,
       3.83693050e-03, 3.35731427e-03, 1.43884891e-03, 4.79616312e-04,
       2.39808159e-03, 3.35731427e-03, 1.43884891e-03, 0.,
       4.79616312e-04, 0., 0., 4.79616312e-04, 0., 2.39808159e-03,
       9.59232624e-04, 1.91846525e-03, 9.59232624e-04, 0., 0.,
       1.43884891e-03, 0., 0., 9.59232624e-04, 1.43884891e-03,
       2.87769781e-03, 4.79616312e-04, 9.59232624e-04, 4.79616312e-04,
       9.59232624e-04, 9.59232624e-04, 2.39808159e-03, 0.,
       3.35731427e-03, 1.43884891e-03, 4.79616312e-04, 9.59232624e-04,
       4.79616312e-04, 1.43884891e-03, 0., 2.87769781e-03,
       1.91846525e-03, 9.59232624e-04, 1.43884891e-03, 0.,
       4.79616312e-04, 0., 0., 1.43884891e-03, 0., 9.59232624e-04,
       4.79616312e-04, 0., 1.43884891e-03, 1.43884891e-03, 0.,
       1.43884891e-03, 1.43884891e-03, 0., 0., 2.87769781e-03,
       4.79616312e-04, 1.91846525e-03, 4.79616312e-04, 4.79616312e-04,
       9.59232624e-04, 9.59232624e-04, 1.43884891e-03, 9.59232624e-04,
       0., 0., 0., 1.91846525e-03, 1.91846525e-03, 0., 4.79616312e-04,
       4.79616312e-04, 4.79616312e-04, 1.43884891e-03, 0.,
       9.59232624e-04, 3.35731427e-03, 1.43884891e-03, 3.83693050e-03,
       4.79616312e-04, 9.59232624e-04, 1.91846525e-03, 9.59232624e-04,
       4.79616312e-04, 4.79616312e-04, 3.83693050e-03, 1.91846525e-03,
       9.59232624e-04, 4.79616312e-04, 3.83693050e-03, 4.31654695e-03,
       0., 1.91846525e-03, 2.39808159e-03, 2.39808159e-03,
       4.79616312e-04, 9.59232624e-04, 0., 1.43884891e-03,
       2.39808159e-03, 4.79616312e-04, 0., 9.59232624e-04,
       4.79616312e-04, 9.59232624e-04, 1.91846525e-03, 2.87769781e-03,
       2.39808159e-03, 4.79616312e-04, 2.87769781e-03, 1.43884891e-03,
       5.27577940e-03, 1.43884891e-03, 4.79616312e-04, 1.91846525e-03,
       0., 1.43884891e-03, 0., 4.79616312e-04, 1.91846525e-03,
       4.79616312e-04, 1.91846525e-03, 1.43884891e-03, 0.,
       9.59232624e-04, 9.59232624e-04, 1.91846525e-03, 4.79616312e-04,
       0., 1.43884891e-03, 0., 9.59232624e-04, 1.91846525e-03,
       2.39808159e-03, 4.79616312e-04, 4.79616312e-04, 2.39808159e-03,
       1.43884891e-03, 1.43884891e-03, 1.91846525e-03, 0., 0.,
       3.35731427e-03, 4.79616312e-04, 9.59232624e-04, 0.,
       3.83693050e-03, 2.39808159e-03, 0., 0., 3.83693050e-03, 0.,
       3.35731427e-03, 1.91846525e-03, 4.79616312e-04, 9.59232624e-04,
       4.79616312e-04, 9.59232624e-04, 1.43884891e-03, 9.59232624e-04,
       0., 1.91846525e-03, 0., 9.59232624e-04, 1.91846525e-03,
       4.79616312e-04, 9.59232624e-04, 4.79616312e-04, 0.,
       9.59232624e-04, 9.59232624e-04, 1.43884891e-03, 9.59232624e-04,
       1.43884891e-03, 9.59232624e-04, 0., 2.39808159e-03,
       2.39808159e-03, 0., 3.35731427e-03, 1.43884891e-03, 0.,
       9.59232624e-04, 0., 0., 1.91846525e-03, 1.43884891e-03,
       1.91846525e-03, 1.43884891e-03, 1.43884891e-03, 9.59232624e-04,
       9.59232624e-04, 0., 1.91846525e-03, 0., 0., 1.43884891e-03, 0.,
       4.79616312e-04, 4.79616312e-04, 1.91846525e-03, 4.79616312e-04,
       4.79616312e-04, 1.91846525e-03, 1.43884891e-03, 0.,
       9.59232624e-04, 1.91846525e-03, 9.59232624e-04, 1.91846525e-03,
       4.79616312e-04, 1.43884891e-03, 0., 1.91846525e-03, 0.,
       3.83693050e-03, 4.79616318e-03, 4.79616312e-04, 4.79616312e-04,
       9.59232624e-04, 4.79616312e-04, 1.43884891e-03, 1.43884891e-03,
       2.39808159e-03, 3.35731427e-03, 9.59232624e-04, 1.91846525e-03,
       9.59232624e-04, 9.59232624e-04, 0., 1.91846525e-03,
       1.91846525e-03, 3.83693050e-03, 1.43884891e-03, 0.,
       9.59232624e-04, 4.79616312e-04, 1.43884891e-03, 2.39808159e-03,
       2.87769781e-03, 0., 4.79616312e-04, 9.59232624e-04, 0., 0.,
       9.59232624e-04, 2.39808159e-03, 1.91846525e-03, 1.91846525e-03,
       1.91846525e-03, 6.71462854e-03, 2.39808159e-03, 2.87769781e-03,
       2.39808159e-03, 2.39808159e-03, 1.91846525e-03, 9.59232624e-04,
       0., 4.79616312e-04, 0., 0., 9.59232624e-04, 0., 4.31654695e-03,
       4.79616312e-04, 2.39808159e-03, 1.43884891e-03, 9.59232624e-04,
       4.79616312e-04, 9.59232624e-04, 4.79616312e-04, 4.79616312e-04,
       0., 0., 3.35731427e-03, 1.91846525e-03, 1.43884891e-03,
       1.91846525e-03, 2.87769781e-03, 9.59232624e-04, 2.87769781e-03,
       0., 4.79616312e-04, 9.59232624e-04, 2.39808159e-03,
       9.59232624e-04, 2.39808159e-03, 1.43884891e-03, 9.59232624e-04,
       1.43884891e-03, 9.59232624e-04, 2.87769781e-03, 4.79616312e-04,
       2.39808159e-03, 9.59232624e-04, 1.91846525e-03, 9.59232624e-04,
       4.79616318e-03, 0., 4.79616312e-04, 1.43884891e-03,
       9.59232624e-04, 4.79616312e-04, 1.43884891e-03, 0.,
       4.79616312e-04, 9.59232624e-04, 0., 0., 3.83693050e-03,
       2.87769781e-03, 2.87769781e-03, 3.35731427e-03, 2.87769781e-03,
       1.91846525e-03, 1.43884891e-03, 1.43884891e-03, 0., 0.,
       1.91846525e-03, 4.79616312e-04, 3.35731427e-03, 4.79616312e-04,
       2.87769781e-03, 0., 2.39808159e-03, 1.43884891e-03,
       9.59232624e-04, 4.79616312e-04, 2.39808159e-03, 1.43884891e-03,
       1.43884891e-03, 9.59232624e-04, 2.87769781e-03, 0.,
       4.79616312e-04, 1.43884891e-03, 1.43884891e-03, 2.87769781e-03,
       0., 4.79616312e-04, 9.59232624e-04, 2.87769781e-03, 0.,
       4.79616312e-04, 0., 9.59232624e-04, 1.91846525e-03, 0.,
       4.79616312e-04, 1.43884891e-03, 4.79616312e-04, 1.43884891e-03,
       9.59232624e-04, 1.91846525e-03, 1.43884891e-03, 3.35731427e-03,
       1.91846525e-03, 1.91846525e-03, 2.39808159e-03, 1.43884891e-03,
       9.59232624e-04, 5.27577940e-03, 2.39808159e-03, 4.79616312e-04,
       9.59232624e-04, 0., 4.79616318e-03, 4.79616312e-04,
       1.91846525e-03, 1.91846525e-03, 4.79616312e-04, 1.91846525e-03,
       1.91846525e-03, 4.79616312e-04, 4.79616312e-04, 9.59232624e-04,
       4.79616312e-04, 4.79616312e-04, 1.43884891e-03, 1.43884891e-03,
       4.79616312e-04, 9.59232624e-04, 1.43884891e-03, 0., 0.,
       4.79616312e-04, 4.31654695e-03, 3.35731427e-03, 4.79616312e-04,
       9.59232624e-04, 4.79616312e-04, 9.59232624e-04, 4.79616312e-04,
       1.43884891e-03, 1.43884891e-03, 3.83693050e-03, 4.79616312e-04,
       1.91846525e-03, 0., 4.79616312e-04, 0., 1.43884891e-03,
       9.59232624e-04, 1.43884891e-03, 9.59232624e-04, 9.59232624e-04,
       1.43884891e-03, 9.59232624e-04, 0., 7.19424477e-03,
       3.35731427e-03, 9.59232624e-04, 1.43884891e-03, 1.91846525e-03,
       1.91846525e-03, 2.87769781e-03, 4.79616312e-04, 1.91846525e-03,
       0., 1.43884891e-03, 0., 4.79616312e-04, 4.79616312e-04,
       4.79616312e-04, 0., 4.79616312e-04, 2.39808159e-03, 0., 0.,
       2.39808159e-03, 1.43884891e-03, 0., 9.59232624e-04,
       2.39808159e-03, 2.39808159e-03, 9.59232624e-04, 4.79616312e-04,
       3.83693050e-03, 0., 4.79616312e-04, 4.79616312e-04,
       9.59232624e-04, 9.59232624e-04, 9.59232624e-04, 1.43884891e-03,
       9.59232624e-04, 2.39808159e-03, 9.59232624e-04, 0.,
       4.79616312e-04, 4.79616312e-04, 2.87769781e-03, 2.39808159e-03,
       9.59232624e-04, 0., 2.39808159e-03, 9.59232624e-04,
       1.43884891e-03, 4.79616312e-04, 9.59232624e-04, 1.91846525e-03,
       2.39808159e-03, 1.43884891e-03, 4.79616312e-04, 9.59232624e-04,
       4.79616312e-04, 9.59232624e-04, 0., 1.91846525e-03,
       1.43884891e-03, 1.43884891e-03, 9.59232624e-04, 1.43884891e-03,
       4.79616312e-04, 4.79616312e-04, 4.79616312e-04, 1.91846525e-03,
       4.79616312e-04, 1.91846525e-03, 1.43884891e-03, 0.,
       4.79616312e-04, 2.39808159e-03, 1.91846525e-03, 4.79616312e-04,
       2.39808159e-03, 9.59232624e-04, 2.39808159e-03, 4.79616312e-04,
       0., 1.43884891e-03, 9.59232624e-04, 1.43884891e-03,
       3.35731427e-03, 2.39808159e-03, 3.83693050e-03, 1.43884891e-03,
       0., 9.59232624e-04, 2.87769781e-03, 9.59232624e-04,
       3.83693050e-03, 0., 9.59232624e-04, 5.27577940e-03,
