%YAML:1.0
m50f: !!opencv-matrix
   rows: 1
   cols: 800
   dt: f
   data: [ 3.56435636e-03, 1.98019808e-03, 1.18811883e-03,
       3.96039599e-04, 1.98019808e-03, 7.92079198e-04, 0.,
       7.92079198e-04, 2.37623765e-03, 3.56435636e-03, 7.92079198e-04,
       3.16831679e-03, 7.92079198e-04, 3.96039599e-04, 3.96039599e-04,
       1.18811883e-03, 7.92079198e-04, 3.96039599e-04, 3.96039599e-04,
       7.92079198e-04, 3.96039599e-04, 1.18811883e-03, 1.58415840e-03,
       2.37623765e-03, 3.96039599e-04, 3.96039599e-04, 3.96039599e-04,
       3.96039599e-04, 1.98019808e-03, 7.92079198e-04, 1.58415840e-03,
       3.96039599e-04, 3.56435636e-03, 7.92079198e-04, 7.92079198e-04,
       1.98019808e-03, 0., 3.96039599e-04, 1.98019808e-03, 0.,
       1.18811883e-03, 7.92079198e-04, 2.37623765e-03, 0., 0.,
       2.37623765e-03, 3.96039599e-04, 7.92079198e-04, 3.96039599e-04,
       1.58415840e-03, 2.37623765e-03, 3.96039599e-04, 3.96039599e-04,
       7.92079198e-04, 1.98019808e-03, 1.58415840e-03, 7.92079198e-04,
       1.58415840e-03, 1.98019808e-03, 2.77227722e-03, 2.37623765e-03,
       3.96039599e-04, 3.96039599e-04, 3.56435636e-03, 1.18811883e-03,
       0., 3.96039616e-03, 7.92079198e-04, 1.18811883e-03,
       1.18811883e-03, 0., 3.96039599e-04, 7.92079198e-04,
       3.96039599e-04, 1.98019808e-03, 2.77227722e-03, 1.18811883e-03,
       0., 1.18811883e-03, 2.37623765e-03, 3.96039599e-04,
       3.96039599e-04, 7.92079198e-04, 3.96039599e-04, 2.77227722e-03,
       5.14851464e-03, 1.18811883e-03, 3.96039599e-04, 3.56435636e-03,
       7.92079198e-04, 3.96039599e-04, 1.58415840e-03, 1.18811883e-03,
       0., 3.96039599e-04, 3.96039599e-04, 1.18811883e-03,
       3.16831679e-03, 4.35643550e-03, 7.92079198e-04, 7.92079198e-04,
       1.98019808e-03, 1.18811883e-03, 3.16831679e-03, 0.,
       2.77227722e-03, 7.92079198e-04, 1.18811883e-03, 7.92079198e-04,
       7.92079198e-04, 3.96039599e-04, 3.96039599e-04, 3.96039599e-04,
       7.92079198e-04, 1.98019808e-03, 7.92079198e-04, 1.18811883e-03,
       3.96039599e-04, 3.56435636e-03, 0., 3.96039599e-04,
       1.18811883e-03, 1.98019808e-03, 3.96039599e-04, 7.92079198e-04,
       7.92079198e-04, 2.77227722e-03, 1.18811883e-03, 2.77227722e-03,
       1.18811883e-03, 0., 1.18811883e-03, 1.98019808e-03,
       2.77227722e-03, 1.58415840e-03, 7.92079198e-04, 2.37623765e-03,
       7.92079198e-04, 4.35643550e-03, 1.98019808e-03, 1.58415840e-03,
       0., 3.96039599e-04, 1.98019808e-03, 1.18811883e-03,
       7.92079198e-04, 2.77227722e-03, 1.18811883e-03, 3.96039599e-04,
       1.18811883e-03, 2.37623765e-03, 0., 3.96039599e-04,
       3.16831679e-03, 7.92079198e-04, 0., 7.92079198e-04,
       3.96039599e-04, 0., 1.58415840e-03, 7.92079198e-04,
       7.92079198e-04, 1.18811883e-03, 7.92079198e-04, 3.96039616e-03,
       3.96039599e-04, 0., 7.92079198e-04, 7.92079198e-04, 0.,
       1.58415840e-03, 7.92079198e-04, 7.92079198e-04, 0.,
       7.92079198e-04, 2.37623765e-03, 7.92079198e-04, 2.37623765e-03,
       7.52475252e-03, 0., 2.37623765e-03, 1.58415840e-03,
       1.98019808e-03, 7.92079198e-04, 3.16831679e-03, 0.,
       7.92079198e-04, 7.92079198e-04, 0., 1.58415840e-03,
       1.98019808e-03, 1.58415840e-03, 1.98019808e-03, 1.18811883e-03,
       7.92079198e-04, 3.96039599e-04, 0., 7.92079198e-04,
       1.58415840e-03, 1.98019808e-03, 3.16831679e-03, 1.98019808e-03,
       2.77227722e-03, 7.92079198e-04, 0., 7.92079198e-04,
       1.58415840e-03, 2.37623765e-03, 7.92079198e-04, 0.,
       2.77227722e-03, 1.98019808e-03, 1.18811883e-03, 3.96039599e-04,
       7.92079198e-04, 1.18811883e-03, 7.92079198e-04, 1.98019808e-03,
       7.92079198e-04, 1.18811883e-03, 1.98019808e-03, 0.,
       1.98019808e-03, 1.58415840e-03, 7.92079198e-04, 3.96039599e-04,
       7.92079198e-04, 7.92079198e-04, 0., 2.37623765e-03,
       4.35643550e-03, 3.56435636e-03, 7.92079198e-04, 1.58415840e-03,
       3.16831679e-03, 3.96039616e-03, 2.37623765e-03, 3.96039599e-04,
       1.18811883e-03, 3.96039599e-04, 7.92079198e-04, 1.18811883e-03,
       3.96039599e-04, 3.96039599e-04, 7.92079198e-04, 1.18811883e-03,
       1.18811883e-03, 1.98019808e-03, 1.98019808e-03, 1.18811883e-03,
       0., 2.37623765e-03, 3.96039599e-04, 0., 0., 2.77227722e-03,
       3.56435636e-03, 1.58415840e-03, 1.98019808e-03, 7.92079198e-04,
       3.96039599e-04, 1.58415840e-03, 3.96039599e-04, 7.92079198e-04,
       3.96039599e-04, 1.58415840e-03, 7.92079198e-04, 1.58415840e-03,
       3.96039599e-04, 7.92079198e-04, 1.58415840e-03, 1.18811883e-03,
       3.96039599e-04, 7.92079198e-04, 3.96039599e-04, 1.18811883e-03,
       1.98019808e-03, 3.96039599e-04, 3.96039599e-04, 1.18811883e-03,
       1.18811883e-03, 7.92079198e-04, 1.58415840e-03, 1.58415840e-03,
       2.37623765e-03, 3.56435636e-03, 1.18811883e-03, 3.96039599e-04,
       0., 3.96039599e-04, 1.18811883e-03, 1.58415840e-03,
       7.92079198e-04, 1.18811883e-03, 3.96039599e-04, 1.58415840e-03,
       3.96039599e-04, 1.58415840e-03, 1.98019808e-03, 3.96039599e-04,
       2.37623765e-03, 1.58415840e-03, 3.56435636e-03, 3.16831679e-03,
       1.18811883e-03, 3.96039599e-04, 3.96039599e-04, 1.18811883e-03,
       3.56435636e-03, 1.98019808e-03, 0., 1.18811883e-03,
       3.16831679e-03, 7.92079198e-04, 1.18811883e-03, 1.58415840e-03,
       1.18811883e-03, 1.58415840e-03, 3.96039599e-04, 1.18811883e-03,
       0., 7.92079198e-04, 7.92079198e-04, 1.18811883e-03,
       7.92079198e-04, 3.16831679e-03, 1.98019808e-03, 0.,
       1.18811883e-03, 7.92079198e-04, 2.37623765e-03, 3.96039599e-04,
       3.96039599e-04, 0., 1.58415840e-03, 1.98019808e-03,
       2.37623765e-03, 2.77227722e-03, 7.92079198e-04, 0.,
       1.98019808e-03, 1.18811883e-03, 2.37623765e-03, 1.18811883e-03,
       3.96039599e-04, 1.18811883e-03, 0., 1.18811883e-03, 0., 0.,
       1.18811883e-03, 2.37623765e-03, 0., 3.16831679e-03, 0.,
       7.92079198e-04, 7.92079198e-04, 1.58415840e-03, 1.18811883e-03,
       1.58415840e-03, 0., 7.92079198e-04, 3.96039599e-04, 0.,
       3.96039599e-04, 3.96039599e-04, 7.92079198e-04, 7.92079198e-04,
       1.58415840e-03, 7.92079198e-04, 3.16831679e-03, 1.98019808e-03,
       3.96039599e-04, 7.92079198e-04, 3.96039599e-04, 1.18811883e-03,
       3.96039599e-04, 0., 3.96039599e-04, 7.92079198e-04,
       1.18811883e-03, 0., 3.96039599e-04, 1.18811883e-03,
       1.18811883e-03, 7.92079198e-04, 2.37623765e-03, 1.98019808e-03,
       1.18811883e-03, 1.98019808e-03, 7.92079198e-04, 3.96039599e-04,
       7.92079198e-04, 5.14851464e-03, 1.98019808e-03, 1.18811883e-03,
       1.58415840e-03, 2.37623765e-03, 7.92079198e-04, 1.18811883e-03,
       7.92079198e-04, 1.18811883e-03, 0., 2.37623765e-03,
       1.18811883e-03, 1.18811883e-03, 3.96039599e-04, 7.92079198e-04,
       3.96039599e-04, 7.92079198e-04, 3.96039599e-04, 7.92079198e-04,
       7.92079198e-04, 3.96039599e-04, 1.98019808e-03, 0.,
       3.96039599e-04, 0., 3.96039599e-04, 7.92079198e-04,
       1.58415840e-03, 1.18811883e-03, 7.92079198e-04, 0.,
       3.96039599e-04, 0., 2.77227722e-03, 1.58415840e-03,
       3.96039599e-04, 1.18811883e-03, 1.58415840e-03, 3.96039599e-04,
       4.35643550e-03, 7.92079198e-04, 1.18811883e-03, 2.37623765e-03,
       7.92079198e-04, 0., 1.58415840e-03, 7.92079198e-04,
       1.98019808e-03, 1.58415840e-03, 1.58415840e-03, 7.92079198e-04,
       1.18811883e-03, 7.92079198e-04, 1.18811883e-03, 0.,
       1.18811883e-03, 2.77227722e-03, 1.58415840e-03, 3.96039599e-04,
       1.18811883e-03, 2.77227722e-03, 3.96039599e-04, 1.98019808e-03,
       1.58415840e-03, 0., 7.92079198e-04, 3.96039599e-04,
       1.58415840e-03, 2.37623765e-03, 3.96039599e-04, 1.98019808e-03,
       3.56435636e-03, 1.18811883e-03, 2.37623765e-03, 3.16831679e-03,
       1.18811883e-03, 1.18811883e-03, 2.77227722e-03, 0.,
       1.58415840e-03, 1.98019808e-03, 3.96039599e-04, 3.96039599e-04,
       7.92079198e-04, 3.96039599e-04, 2.37623765e-03, 1.18811883e-03,
       1.98019808e-03, 2.77227722e-03, 1.58415840e-03, 1.98019808e-03,
