%YAML:1.0
m50f: !!opencv-matrix
   rows: 1
   cols: 800
   dt: f
   data: [ 2.05846014e-03, 1.64676819e-03, 5.76368859e-03, 0.,
       2.05846014e-03, 0., 1.23507611e-03, 4.11692046e-04,
       4.11692046e-04, 2.47015222e-03, 4.11692046e-04, 2.47015222e-03,
       0., 1.23507611e-03, 4.11692046e-04, 1.64676819e-03,
       1.23507611e-03, 4.11692046e-04, 8.23384093e-04, 2.05846014e-03,
       0., 2.47015222e-03, 2.05846014e-03, 2.47015222e-03,
       4.11692046e-04, 4.11692046e-04, 4.11692046e-04, 3.70522845e-03,
       4.11692046e-04, 4.11692046e-04, 8.23384093e-04, 8.23384093e-04,
       1.64676819e-03, 8.23384093e-04, 1.64676819e-03, 2.05846014e-03,
       8.23384093e-04, 8.23384093e-04, 1.64676819e-03, 0.,
       2.05846014e-03, 2.47015222e-03, 1.23507611e-03, 4.11692046e-04,
       2.47015222e-03, 2.05846014e-03, 8.23384093e-04, 0., 0.,
       8.23384093e-04, 1.23507611e-03, 1.23507611e-03, 4.11692046e-04,
       8.23384093e-04, 8.23384093e-04, 2.47015222e-03, 0.,
       1.23507611e-03, 3.29353637e-03, 2.05846014e-03, 2.88184430e-03,
       0., 1.23507611e-03, 0., 2.88184430e-03, 0., 3.70522845e-03,
       4.11692046e-04, 1.23507611e-03, 1.23507611e-03, 2.88184430e-03,
       4.11692046e-04, 8.23384093e-04, 4.11692046e-04, 4.11692046e-04,
       8.23384093e-04, 8.23384093e-04, 0., 4.11692046e-04,
       1.64676819e-03, 0., 1.23507611e-03, 2.05846014e-03,
       8.23384093e-04, 4.11692046e-04, 2.47015222e-03, 8.23384093e-04,
       1.23507611e-03, 1.64676819e-03, 4.11692046e-04, 0., 0.,
       1.23507611e-03, 2.05846014e-03, 4.11692046e-04, 0.,
       1.23507611e-03, 1.23507611e-03, 1.64676819e-03, 2.05846014e-03,
       1.23507611e-03, 4.11692046e-04, 1.23507611e-03, 8.23384093e-04,
       4.11692046e-04, 3.29353637e-03, 2.05846014e-03, 1.23507611e-03,
       1.23507611e-03, 8.23384093e-04, 1.64676819e-03, 3.29353637e-03,
       8.23384093e-04, 4.11692046e-04, 4.11692046e-04, 4.11692046e-04,
       4.52861236e-03, 1.64676819e-03, 4.11692046e-04, 1.23507611e-03,
       2.05846014e-03, 1.64676819e-03, 1.23507611e-03, 1.23507611e-03,
       4.11692046e-04, 4.11692029e-03, 3.29353637e-03, 8.23384093e-04,
       2.47015222e-03, 1.64676819e-03, 1.23507611e-03, 8.23384093e-04,
       2.88184430e-03, 4.11692046e-04, 1.23507611e-03, 0.,
       8.23384093e-04, 4.11692046e-04, 1.64676819e-03, 2.05846014e-03,
       2.47015222e-03, 1.23507611e-03, 0., 0., 4.11692046e-04,
       4.11692046e-04, 0., 8.23384093e-04, 1.23507611e-03,
       1.64676819e-03, 0., 4.11692046e-04, 8.23384093e-04,
       2.05846014e-03, 1.23507611e-03, 0., 1.23507611e-03, 0., 0.,
       2.05846014e-03, 8.23384093e-04, 2.47015222e-03, 2.05846014e-03,
       2.05846014e-03, 8.23384093e-04, 8.23384093e-04, 0.,
       4.11692046e-04, 0., 0., 2.05846014e-03, 1.64676819e-03,
       8.23384093e-04, 8.23384093e-04, 1.64676819e-03, 0.,
       1.23507611e-03, 4.11692046e-04, 1.23507611e-03, 0.,
       4.94030444e-03, 3.29353637e-03, 4.11692046e-04, 8.23384093e-04,
       1.23507611e-03, 0., 2.88184430e-03, 8.23384093e-04,
       4.11692046e-04, 2.47015222e-03, 2.88184430e-03, 8.23384093e-04,
       1.64676819e-03, 0., 4.11692046e-04, 1.23507611e-03,
       2.47015222e-03, 2.05846014e-03, 1.64676819e-03, 1.64676819e-03,
       1.23507611e-03, 8.23384093e-04, 8.23384093e-04, 1.07039930e-02,
       8.23384093e-04, 8.23384093e-04, 5.35199651e-03, 4.11692046e-04,
       8.23384093e-04, 4.11692046e-04, 3.70522845e-03, 4.11692046e-04,
       0., 1.64676819e-03, 1.64676819e-03, 1.64676819e-03,
       1.64676819e-03, 1.23507611e-03, 8.23384093e-04, 4.11692046e-04,
       1.23507611e-03, 8.23384093e-04, 1.23507611e-03, 0.,
       1.64676819e-03, 1.23507611e-03, 1.23507611e-03, 2.47015222e-03,
       8.23384093e-04, 1.64676819e-03, 2.05846014e-03, 2.47015222e-03,
       1.23507611e-03, 2.47015222e-03, 8.23384093e-04, 8.23384093e-04,
       2.05846014e-03, 8.23384093e-04, 1.23507611e-03, 4.11692046e-04,
       2.05846014e-03, 1.64676819e-03, 8.23384093e-04, 4.11692046e-04,
       8.23384093e-04, 2.05846014e-03, 2.05846014e-03, 1.64676819e-03,
       4.11692046e-04, 8.23384093e-04, 8.23384093e-04, 2.88184430e-03,
       1.64676819e-03, 2.47015222e-03, 0., 1.23507611e-03,
       3.70522845e-03, 2.47015222e-03, 1.23507611e-03, 2.47015222e-03,
       2.05846014e-03, 1.23507611e-03, 4.11692046e-04, 8.23384093e-04,
       2.05846014e-03, 2.47015222e-03, 1.23507611e-03, 0.,
       4.11692046e-04, 8.23384093e-04, 8.23384093e-04, 1.64676819e-03,
       0., 8.23384093e-04, 2.88184430e-03, 4.11692046e-04,
       1.64676819e-03, 8.23384093e-04, 2.05846014e-03, 1.64676819e-03,
       1.23507611e-03, 1.23507611e-03, 8.23384093e-04, 4.11692046e-04,
       8.23384093e-04, 8.23384093e-04, 8.23384093e-04, 1.23507611e-03,
       0., 0., 2.47015222e-03, 1.64676819e-03, 0., 8.23384093e-04,
       1.23507611e-03, 8.23384093e-04, 3.29353637e-03, 4.11692046e-04,
       2.47015222e-03, 4.11692046e-04, 1.23507611e-03, 0.,
       1.23507611e-03, 1.64676819e-03, 2.05846014e-03, 4.11692046e-04,
       0., 0., 3.70522845e-03, 2.88184430e-03, 1.23507611e-03, 0.,
       4.11692029e-03, 1.23507611e-03, 8.23384093e-04, 8.23384093e-04,
       0., 1.64676819e-03, 8.23384093e-04, 1.23507611e-03,
       3.70522845e-03, 8.23384093e-04, 1.23507611e-03, 8.23384093e-04,
       4.11692046e-04, 1.64676819e-03, 2.05846014e-03, 4.11692046e-04,
       2.05846014e-03, 2.47015222e-03, 2.47015222e-03, 0.,
       1.23507611e-03, 4.11692046e-04, 1.64676819e-03, 1.64676819e-03,
       4.94030444e-03, 0., 1.23507611e-03, 1.64676819e-03,
       1.64676819e-03, 8.23384093e-04, 2.47015222e-03, 3.70522845e-03,
       1.64676819e-03, 2.05846014e-03, 4.11692046e-04, 4.11692046e-04,
       2.05846014e-03, 4.11692046e-04, 4.11692046e-04, 8.23384093e-04,
       8.23384093e-04, 2.88184430e-03, 4.11692046e-04, 1.64676819e-03,
       2.47015222e-03, 3.70522845e-03, 8.23384093e-04, 2.88184430e-03,
       4.11692046e-04, 1.64676819e-03, 2.05846014e-03, 8.23384093e-04,
       0., 1.23507611e-03, 1.23507611e-03, 8.23384093e-04, 0.,
       2.05846014e-03, 1.23507611e-03, 2.05846014e-03, 4.11692046e-04,
       2.05846014e-03, 1.23507611e-03, 1.23507611e-03, 8.23384093e-04,
       2.05846014e-03, 8.23384093e-04, 1.23507611e-03, 3.70522845e-03,
       4.11692046e-04, 8.23384093e-04, 4.11692046e-04, 4.11692046e-04,
       1.23507611e-03, 1.64676819e-03, 2.05846014e-03, 8.23384093e-04,
       1.23507611e-03, 5.76368859e-03, 4.11692046e-04, 0.,
       1.23507611e-03, 2.05846014e-03, 2.05846014e-03, 4.11692046e-04,
       2.05846014e-03, 4.11692046e-04, 8.23384093e-04, 8.23384093e-04,
       3.70522845e-03, 2.88184430e-03, 8.23384093e-04, 8.23384093e-04,
       1.23507611e-03, 0., 1.23507611e-03, 4.11692046e-04,
       1.23507611e-03, 8.23384093e-04, 8.23384093e-04, 8.23384093e-04,
       3.29353637e-03, 1.23507611e-03, 4.11692046e-04, 0., 0.,
       4.11692046e-04, 1.23507611e-03, 2.05846014e-03, 8.23384093e-04,
       3.70522845e-03, 4.11692046e-04, 2.47015222e-03, 0.,
       1.64676819e-03, 4.11692046e-04, 0., 8.23384093e-04,
       8.23384093e-04, 8.23384093e-04, 2.47015222e-03, 1.64676819e-03,
       1.23507611e-03, 2.88184430e-03, 0., 0., 2.88184430e-03, 0.,
       4.11692046e-04, 1.23507611e-03, 1.23507611e-03, 2.88184430e-03,
       0., 2.05846014e-03, 0., 3.70522845e-03, 8.23384093e-04,
       1.23507611e-03, 8.23384093e-04, 4.11692046e-04, 8.23384093e-04,
       8.23384093e-04, 0., 8.23384093e-04, 0., 0., 4.11692046e-04,
       4.11692046e-04, 2.05846014e-03, 2.05846014e-03, 2.05846014e-03,
       1.23507611e-03, 2.47015222e-03, 1.64676819e-03, 0.,
       1.23507611e-03, 1.23507611e-03, 2.88184430e-03, 8.23384093e-04,
       0., 1.64676819e-03, 1.64676819e-03, 8.23384093e-04,
       4.11692046e-04, 1.23507611e-03, 1.23507611e-03, 8.23384093e-04,
       2.05846014e-03, 1.23507611e-03, 4.11692046e-04, 0.,
       2.05846014e-03, 8.23384093e-04, 0., 1.23507611e-03,
       2.47015222e-03, 0., 1.64676819e-03, 1.23507611e-03,
