%YAML:1.0
m50f: !!opencv-matrix
   rows: 1
   cols: 800
   dt: f
   data: [ 3.83435574e-04, 1.15030678e-03, 1.53374230e-03, 0.,
       7.66871148e-04, 0., 3.83435574e-04, 7.66871148e-04,
       1.15030678e-03, 1.15030678e-03, 2.30061356e-03, 1.53374230e-03,
       0., 1.15030678e-03, 7.28527596e-03, 3.83435574e-04,
       7.66871148e-04, 3.83435574e-04, 0., 3.83435574e-04, 0.,
       3.83435574e-04, 3.45092011e-03, 0., 1.53374230e-03,
       7.66871148e-04, 1.91717781e-03, 0., 0., 0., 1.53374230e-03,
       1.15030678e-03, 1.53374230e-03, 1.15030678e-03, 0.,
       1.91717781e-03, 7.66871148e-04, 0., 1.53374230e-03, 0., 0.,
       1.15030678e-03, 6.13496918e-03, 1.15030678e-03, 1.15030678e-03,
       1.15030678e-03, 1.15030678e-03, 7.66871148e-04, 0.,
       3.06748459e-03, 1.15030678e-03, 1.53374230e-03, 1.91717781e-03,
       1.53374230e-03, 3.83435574e-04, 7.66871148e-04, 0., 0.,
       2.30061356e-03, 2.30061356e-03, 3.83435574e-04, 0.,
       2.68404908e-03, 0., 2.30061356e-03, 0., 2.68404908e-03,
       1.53374230e-03, 3.45092011e-03, 7.66871148e-04, 3.83435574e-04,
       7.66871148e-04, 0., 7.66871148e-04, 3.83435574e-04,
       1.91717781e-03, 3.83435574e-04, 2.30061356e-03, 1.53374230e-03,
       4.21779137e-03, 7.66871148e-04, 0., 1.53374230e-03, 0.,
       3.83435574e-04, 5.36809815e-03, 1.91717781e-03, 0.,
       1.91717781e-03, 3.83435574e-04, 0., 0., 1.15030678e-03, 0.,
       3.83435574e-04, 1.53374230e-03, 7.66871148e-04, 1.53374230e-03,
       3.06748459e-03, 3.83435574e-04, 1.15030678e-03, 1.91717781e-03,
       1.91717781e-03, 3.06748459e-03, 0., 3.83435574e-04,
       1.53374230e-03, 1.53374230e-03, 3.83435574e-04, 1.53374230e-03,
       3.83435574e-04, 2.30061356e-03, 0., 1.15030678e-03,
       2.68404908e-03, 0., 1.15030678e-03, 2.30061356e-03,
       1.91717781e-03, 1.53374230e-03, 0., 1.91717781e-03,
       3.06748459e-03, 4.21779137e-03, 0., 7.66871148e-04,
       1.91717781e-03, 7.66871148e-04, 4.21779137e-03, 1.91717781e-03,
       0., 0., 1.53374230e-03, 1.15030678e-03, 7.66871148e-04,
       7.66871148e-04, 7.66871148e-04, 7.66871148e-04, 1.91717781e-03,
       1.53374230e-03, 3.06748459e-03, 1.53374230e-03, 0.,
       1.53374230e-03, 1.15030678e-03, 0., 3.83435574e-04,
       1.91717781e-03, 7.66871148e-04, 1.53374230e-03, 0.,
       7.66871148e-04, 1.15030678e-03, 1.91717781e-03, 0., 0.,
       3.83435574e-04, 3.83435574e-04, 0., 3.45092011e-03,
       3.83435574e-04, 1.15030678e-03, 1.91717781e-03, 3.06748459e-03,
       0., 1.15030678e-03, 0., 3.83435574e-04, 1.53374230e-03, 0.,
       1.91717781e-03, 1.15030678e-03, 3.06748459e-03, 3.83435574e-04,
       1.15030678e-03, 3.83435574e-04, 7.66871148e-04, 1.15030678e-03,
       1.53374230e-03, 0., 4.98466240e-03, 1.53374230e-03,
       3.83435574e-04, 1.15030678e-03, 2.30061356e-03, 3.83435574e-04,
       7.66871148e-04, 7.66871148e-04, 3.83435574e-04, 1.53374230e-03,
       2.68404908e-03, 2.30061356e-03, 2.68404908e-03, 7.66871148e-04,
       0., 7.66871148e-04, 1.53374230e-03, 2.30061356e-03,
       1.15030678e-03, 0., 3.83435574e-04, 3.83435574e-04,
       2.68404908e-03, 1.15030678e-03, 7.66871148e-04, 1.53374230e-03,
       3.06748459e-03, 1.91717781e-03, 3.83435574e-04, 0.,
       3.83435562e-03, 0., 0., 4.21779137e-03, 3.83435574e-04,
       2.30061356e-03, 1.53374230e-03, 2.30061356e-03, 1.15030678e-03,
       1.53374230e-03, 3.83435562e-03, 3.83435574e-04, 1.15030678e-03,
       1.15030678e-03, 3.83435574e-04, 1.91717781e-03, 0.,
       3.83435574e-04, 7.66871148e-04, 3.83435574e-04, 2.68404908e-03,
       3.45092011e-03, 1.91717781e-03, 1.15030678e-03, 1.91717781e-03,
       7.66871148e-04, 1.91717781e-03, 3.83435574e-04, 4.60122712e-03,
       4.21779137e-03, 1.15030678e-03, 3.83435574e-04, 1.15030678e-03,
       3.83435574e-04, 1.53374230e-03, 0., 1.15030678e-03,
       3.83435574e-04, 1.15030678e-03, 3.83435574e-04, 1.15030678e-03,
       1.15030678e-03, 3.83435574e-04, 1.53374230e-03, 0.,
       1.15030678e-03, 1.15030678e-03, 1.53374230e-03, 2.68404908e-03,
       7.66871148e-04, 1.15030678e-03, 4.21779137e-03, 1.15030678e-03,
       1.15030678e-03, 3.83435574e-04, 0., 3.06748459e-03,
       7.66871148e-04, 3.83435574e-04, 7.66871148e-04, 0., 0.,
       3.83435574e-04, 3.83435574e-04, 3.83435574e-04, 7.66871148e-04,
       1.53374230e-03, 0., 3.83435574e-04, 1.53374230e-03,
       3.45092011e-03, 3.83435574e-04, 7.66871148e-04, 1.53374230e-03,
       3.83435574e-04, 2.68404908e-03, 0., 1.15030678e-03,
       1.15030678e-03, 8.43558274e-03, 1.15030678e-03, 3.83435574e-04,
       2.30061356e-03, 3.06748459e-03, 2.30061356e-03, 3.83435574e-04,
       3.83435574e-04, 3.06748459e-03, 5.36809815e-03, 1.91717781e-03,
       1.91717781e-03, 3.83435574e-04, 0., 0., 1.15030678e-03, 0.,
       3.83435574e-04, 0., 1.91717781e-03, 7.66871148e-04,
       4.21779137e-03, 0., 7.66871148e-04, 0., 1.53374230e-03, 0.,
       3.83435574e-04, 2.30061356e-03, 3.06748459e-03, 1.15030678e-03,
       7.66871148e-04, 1.15030678e-03, 7.66871148e-04, 3.83435574e-04,
       3.83435574e-04, 2.30061356e-03, 1.15030678e-03, 7.66871148e-04,
       1.15030678e-03, 7.66871148e-04, 5.75153343e-03, 0.,
       3.83435574e-04, 2.30061356e-03, 2.30061356e-03, 0., 0.,
       7.66871148e-04, 2.68404908e-03, 0., 2.30061356e-03, 0.,
       7.66871148e-04, 1.15030678e-03, 1.15030678e-03, 1.91717781e-03,
       0., 1.15030678e-03, 0., 3.83435574e-04, 0., 1.15030678e-03,
       1.53374230e-03, 1.15030678e-03, 3.83435574e-04, 0.,
       7.66871148e-04, 7.66871148e-04, 1.15030678e-03, 2.30061356e-03,
       1.15030678e-03, 3.83435574e-04, 3.45092011e-03, 3.83435574e-04,
       2.68404908e-03, 1.15030678e-03, 2.30061356e-03, 7.66871148e-04,
       3.83435574e-04, 1.15030678e-03, 2.30061356e-03, 1.53374230e-03,
       1.15030678e-03, 1.91717781e-03, 0., 0., 0., 7.66871148e-04,
       3.83435574e-04, 1.15030678e-03, 2.68404908e-03, 3.83435574e-04,
       7.66871148e-04, 7.66871148e-04, 3.83435562e-03, 3.45092011e-03,
       0., 1.91717781e-03, 3.83435574e-04, 3.83435574e-04,
       1.15030678e-03, 1.15030678e-03, 0., 3.83435574e-04,
       2.30061356e-03, 3.83435574e-04, 1.15030678e-03, 2.68404908e-03,
       1.53374230e-03, 1.53374230e-03, 3.83435574e-04, 7.66871148e-04,
       7.66871148e-04, 0., 1.91717781e-03, 2.30061356e-03,
       3.06748459e-03, 3.83435574e-04, 1.53374230e-03, 1.15030678e-03,
       7.66871148e-04, 2.30061356e-03, 0., 2.68404908e-03,
       1.53374230e-03, 3.83435574e-04, 3.83435574e-04, 3.83435574e-04,
       3.83435574e-04, 3.83435574e-04, 2.30061356e-03, 3.83435574e-04,
       3.83435574e-04, 3.83435574e-04, 3.06748459e-03, 0., 0., 0.,
       3.83435574e-04, 7.66871148e-04, 1.91717781e-03, 1.15030678e-03,
       2.30061356e-03, 3.83435574e-04, 1.53374230e-03, 3.83435574e-04,
       0., 7.66871148e-04, 1.91717781e-03, 3.83435574e-04,
       1.15030678e-03, 2.68404908e-03, 4.21779137e-03, 2.30061356e-03,
       3.83435574e-04, 1.53374230e-03, 2.68404908e-03, 0.,
       3.83435574e-04, 2.30061356e-03, 0., 3.83435574e-04, 0.,
       7.66871148e-04, 1.91717781e-03, 1.53374230e-03, 3.06748459e-03,
       0., 3.83435574e-04, 7.66871148e-04, 1.15030678e-03,
       2.68404908e-03, 3.83435574e-04, 7.66871148e-04, 1.53374230e-03,
       7.66871148e-04, 0., 3.83435574e-04, 3.45092011e-03,
       1.53374230e-03, 3.83435574e-04, 0., 7.66871148e-04,
       3.45092011e-03, 3.83435574e-04, 0., 1.15030678e-03, 0.,
       1.91717781e-03, 2.68404908e-03, 1.15030678e-03, 7.66871148e-04,
       0., 1.53374230e-03, 2.30061356e-03, 0., 2.68404908e-03,
       7.66871148e-04, 0., 3.06748459e-03, 5.75153343e-03,
       7.66871148e-04, 3.83435574e-04, 2.30061356e-03, 7.66871148e-04,
       2.30061356e-03, 0., 3.83435574e-04, 3.83435574e-04,
       7.66871148e-04, 7.66871148e-04, 2.30061356e-03, 1.15030678e-03,
       6.51840493e-03, 2.68404908e-03, 1.53374230e-03, 3.06748459e-03,
       1.15030678e-03, 3.45092011e-03, 1.15030678e-03, 0.,
