%YAML:1.0
m50f: !!opencv-matrix
   rows: 1
   cols: 800
   dt: f
   data: [ 2.73865415e-03, 1.17370894e-03, 7.82472605e-04,
       7.82472605e-04, 2.73865415e-03, 7.82472605e-04, 0.,
       3.91236303e-04, 2.73865415e-03, 3.91236320e-03, 7.82472605e-04,
       1.56494521e-03, 1.17370894e-03, 3.91236303e-04, 7.82472605e-04,
       1.17370894e-03, 7.82472605e-04, 2.34741787e-03, 3.91236303e-04,
       1.17370894e-03, 3.91236303e-04, 1.17370894e-03, 7.82472605e-04,
       1.17370894e-03, 3.91236303e-04, 3.91236303e-04, 3.91236303e-04,
       3.91236303e-04, 2.34741787e-03, 7.82472605e-04, 1.17370894e-03,
       0., 5.47730830e-03, 1.17370894e-03, 3.91236303e-04,
       1.56494521e-03, 0., 3.91236303e-04, 1.17370894e-03,
       3.91236303e-04, 1.95618160e-03, 1.17370894e-03, 2.34741787e-03,
       0., 7.82472605e-04, 1.95618160e-03, 3.91236303e-04,
       1.17370894e-03, 3.91236303e-04, 1.56494521e-03, 1.95618160e-03,
       3.91236303e-04, 1.56494521e-03, 1.17370894e-03, 1.17370894e-03,
       1.56494521e-03, 0., 2.34741787e-03, 1.56494521e-03,
       1.95618160e-03, 2.34741787e-03, 3.91236303e-04, 3.91236303e-04,
       3.52112669e-03, 7.82472605e-04, 0., 3.52112669e-03,
       7.82472605e-04, 3.91236303e-04, 7.82472605e-04, 0.,
       3.91236303e-04, 3.91236303e-04, 3.91236303e-04, 2.34741787e-03,
       2.73865415e-03, 7.82472605e-04, 0., 3.91236303e-04,
       1.95618160e-03, 3.91236303e-04, 3.91236303e-04, 1.95618160e-03,
       7.82472605e-04, 2.34741787e-03, 4.30359924e-03, 1.56494521e-03,
       3.91236303e-04, 3.12989042e-03, 3.91236303e-04, 3.91236303e-04,
       1.56494521e-03, 0., 0., 0., 7.82472605e-04, 7.82472605e-04,
       3.12989042e-03, 5.08607179e-03, 7.82472605e-04, 3.91236303e-04,
       1.95618160e-03, 7.82472605e-04, 1.95618160e-03, 7.82472605e-04,
       3.52112669e-03, 7.82472605e-04, 1.17370894e-03, 7.82472605e-04,
       1.17370894e-03, 1.17370894e-03, 1.95618160e-03, 1.56494521e-03,
       1.56494521e-03, 1.17370894e-03, 3.91236303e-04, 1.56494521e-03,
       7.82472605e-04, 5.08607179e-03, 0., 7.82472605e-04,
       2.34741787e-03, 1.95618160e-03, 0., 3.91236303e-04,
       1.17370894e-03, 2.73865415e-03, 1.17370894e-03, 4.30359924e-03,
       7.82472605e-04, 3.91236303e-04, 1.17370894e-03, 2.34741787e-03,
       1.95618160e-03, 1.17370894e-03, 7.82472605e-04, 2.73865415e-03,
       1.17370894e-03, 1.95618160e-03, 1.95618160e-03, 7.82472605e-04,
       0., 7.82472605e-04, 1.95618160e-03, 1.56494521e-03,
       3.91236303e-04, 2.73865415e-03, 7.82472605e-04, 3.91236303e-04,
       1.95618160e-03, 2.34741787e-03, 3.91236303e-04, 7.82472605e-04,
       1.95618160e-03, 3.91236303e-04, 0., 7.82472605e-04,
       3.91236303e-04, 3.91236303e-04, 1.56494521e-03, 3.91236303e-04,
       7.82472605e-04, 1.17370894e-03, 1.56494521e-03, 3.52112669e-03,
       0., 0., 1.56494521e-03, 1.17370894e-03, 0., 1.56494521e-03,
       1.17370894e-03, 3.91236303e-04, 0., 7.82472605e-04,
       1.95618160e-03, 7.82472605e-04, 2.34741787e-03, 8.60719848e-03,
       0., 1.56494521e-03, 1.17370894e-03, 1.56494521e-03,
       7.82472605e-04, 1.17370894e-03, 3.91236303e-04, 0.,
       7.82472605e-04, 0., 1.56494521e-03, 3.12989042e-03,
       2.34741787e-03, 1.95618160e-03, 1.17370894e-03, 2.34741787e-03,
       7.82472605e-04, 3.91236303e-04, 1.17370894e-03, 3.91236303e-04,
       1.95618160e-03, 3.52112669e-03, 1.56494521e-03, 1.56494521e-03,
       7.82472605e-04, 3.91236303e-04, 1.95618160e-03, 1.17370894e-03,
       2.34741787e-03, 7.82472605e-04, 7.82472605e-04, 1.95618160e-03,
       1.95618160e-03, 1.17370894e-03, 7.82472605e-04, 3.91236303e-04,
       1.17370894e-03, 1.17370894e-03, 1.17370894e-03, 1.56494521e-03,
       7.82472605e-04, 2.34741787e-03, 0., 2.34741787e-03,
       1.17370894e-03, 1.56494521e-03, 3.91236303e-04, 7.82472605e-04,
       7.82472605e-04, 0., 1.56494521e-03, 4.69483575e-03,
       1.95618160e-03, 7.82472605e-04, 3.12989042e-03, 2.34741787e-03,
       3.12989042e-03, 1.56494521e-03, 7.82472605e-04, 1.56494521e-03,
       7.82472605e-04, 3.91236303e-04, 1.56494521e-03, 3.91236303e-04,
       3.91236303e-04, 1.56494521e-03, 7.82472605e-04, 1.17370894e-03,
       7.82472605e-04, 1.56494521e-03, 1.56494521e-03, 0.,
       1.95618160e-03, 7.82472605e-04, 7.82472605e-04, 0.,
       1.95618160e-03, 3.52112669e-03, 1.95618160e-03, 2.34741787e-03,
       1.17370894e-03, 0., 1.95618160e-03, 7.82472605e-04,
       1.56494521e-03, 7.82472605e-04, 1.95618160e-03, 3.91236303e-04,
       7.82472605e-04, 0., 1.56494521e-03, 1.56494521e-03,
       7.82472605e-04, 3.91236303e-04, 7.82472605e-04, 7.82472605e-04,
       1.17370894e-03, 1.17370894e-03, 3.91236303e-04, 1.17370894e-03,
       7.82472605e-04, 2.34741787e-03, 7.82472605e-04, 1.56494521e-03,
       1.56494521e-03, 2.34741787e-03, 3.91236320e-03, 2.34741787e-03,
       3.91236303e-04, 7.82472605e-04, 7.82472605e-04, 7.82472605e-04,
       1.95618160e-03, 3.91236303e-04, 1.56494521e-03, 7.82472605e-04,
       1.17370894e-03, 1.17370894e-03, 1.17370894e-03, 2.73865415e-03,
       3.91236303e-04, 1.56494521e-03, 1.17370894e-03, 2.73865415e-03,
       2.34741787e-03, 1.17370894e-03, 0., 0., 7.82472605e-04,
       5.08607179e-03, 7.82472605e-04, 3.91236303e-04, 7.82472605e-04,
       2.34741787e-03, 3.91236303e-04, 1.17370894e-03, 7.82472605e-04,
       1.17370894e-03, 1.95618160e-03, 3.91236303e-04, 7.82472605e-04,
       1.95618160e-03, 7.82472605e-04, 7.82472605e-04, 1.17370894e-03,
       3.91236303e-04, 3.12989042e-03, 1.56494521e-03, 0.,
       1.17370894e-03, 3.91236303e-04, 3.12989042e-03, 3.91236303e-04,
       7.82472605e-04, 0., 1.17370894e-03, 1.95618160e-03,
       1.56494521e-03, 2.34741787e-03, 7.82472605e-04, 3.91236303e-04,
       1.56494521e-03, 1.56494521e-03, 3.91236303e-04, 1.56494521e-03,
       3.91236303e-04, 7.82472605e-04, 3.91236303e-04, 7.82472605e-04,
       7.82472605e-04, 3.91236303e-04, 1.17370894e-03, 2.34741787e-03,
       3.91236303e-04, 2.34741787e-03, 0., 1.17370894e-03,
       1.56494521e-03, 3.91236303e-04, 1.17370894e-03, 7.82472605e-04,
       7.82472605e-04, 7.82472605e-04, 1.17370894e-03, 7.82472605e-04,
       3.91236303e-04, 7.82472605e-04, 1.17370894e-03, 3.91236303e-04,
       1.95618160e-03, 3.91236303e-04, 3.52112669e-03, 1.17370894e-03,
       3.91236303e-04, 7.82472605e-04, 7.82472605e-04, 1.17370894e-03,
       0., 0., 3.91236303e-04, 1.17370894e-03, 1.56494521e-03, 0.,
       3.91236303e-04, 1.95618160e-03, 7.82472605e-04, 3.91236303e-04,
       1.17370894e-03, 1.56494521e-03, 1.17370894e-03, 1.95618160e-03,
       1.17370894e-03, 7.82472605e-04, 1.17370894e-03, 4.30359924e-03,
       1.56494521e-03, 7.82472605e-04, 1.17370894e-03, 2.34741787e-03,
       1.17370894e-03, 2.34741787e-03, 0., 1.56494521e-03,
       3.91236303e-04, 2.73865415e-03, 7.82472605e-04, 7.82472605e-04,
       7.82472605e-04, 7.82472605e-04, 3.91236303e-04, 1.17370894e-03,
       7.82472605e-04, 7.82472605e-04, 7.82472605e-04, 1.17370894e-03,
       1.17370894e-03, 0., 3.91236303e-04, 0., 0., 7.82472605e-04,
       1.17370894e-03, 1.17370894e-03, 1.17370894e-03, 0.,
       7.82472605e-04, 3.91236303e-04, 2.34741787e-03, 1.56494521e-03,
       3.91236303e-04, 1.17370894e-03, 1.95618160e-03, 7.82472605e-04,
       3.91236320e-03, 3.91236303e-04, 1.56494521e-03, 1.56494521e-03,
       3.91236303e-04, 7.82472605e-04, 1.56494521e-03, 3.91236303e-04,
       1.17370894e-03, 1.56494521e-03, 1.95618160e-03, 7.82472605e-04,
       7.82472605e-04, 7.82472605e-04, 1.95618160e-03, 0.,
       1.17370894e-03, 1.95618160e-03, 1.17370894e-03, 3.91236303e-04,
       1.17370894e-03, 1.95618160e-03, 7.82472605e-04, 1.56494521e-03,
       1.17370894e-03, 0., 7.82472605e-04, 1.17370894e-03,
       1.56494521e-03, 2.73865415e-03, 3.91236303e-04, 1.95618160e-03,
       2.34741787e-03, 0., 1.95618160e-03, 5.08607179e-03,
       1.56494521e-03, 1.17370894e-03, 3.52112669e-03, 0.,
       7.82472605e-04, 1.95618160e-03, 0., 3.91236303e-04,
