%YAML:1.0
m50f: !!opencv-matrix
   rows: 1
   cols: 800
   dt: f
   data: [ 0., 9.37646488e-04, 2.81293946e-03, 0., 1.87529298e-03, 0.,
       1.87529298e-03, 1.40646973e-03, 4.68823244e-04, 1.40646973e-03,
       0., 1.40646973e-03, 4.68823244e-04, 4.68823244e-04,
       9.37646488e-04, 0., 9.37646488e-04, 4.68823244e-04,
       4.68823244e-04, 9.37646488e-04, 2.81293946e-03, 1.40646973e-03,
       2.34411610e-03, 3.75058595e-03, 9.37646488e-04, 0.,
       3.28176282e-03, 1.40646973e-03, 1.87529298e-03, 4.21940908e-03,
       9.37646488e-04, 9.37646488e-04, 1.87529298e-03, 3.28176282e-03,
       4.68823244e-04, 4.68823244e-04, 1.87529298e-03, 1.40646973e-03,
       1.87529298e-03, 9.37646488e-04, 4.68823244e-04, 4.68823244e-04,
       9.37646488e-04, 4.68823244e-04, 1.40646973e-03, 2.34411610e-03,
       1.40646973e-03, 1.87529298e-03, 0., 9.37646488e-04,
       2.81293946e-03, 0., 3.28176282e-03, 0., 4.68823244e-04,
       4.68823244e-04, 4.68823244e-04, 3.28176282e-03, 0.,
       2.81293946e-03, 4.68823244e-04, 1.40646973e-03, 4.68823244e-04,
       1.40646973e-03, 1.87529298e-03, 4.68823244e-04, 6.56352565e-03,
       4.21940908e-03, 4.68823244e-04, 0., 1.87529298e-03,
       1.87529298e-03, 4.68823244e-04, 0., 4.68823244e-04,
       1.87529298e-03, 0., 0., 9.37646488e-04, 1.40646973e-03,
       4.68823244e-04, 4.68823244e-04, 4.68823244e-04, 9.37646488e-04,
       4.68823244e-04, 9.37646488e-04, 4.68823244e-04, 4.68823244e-04,
       1.40646973e-03, 4.68823244e-04, 0., 0., 9.37646488e-04,
       4.68823244e-04, 1.40646973e-03, 3.75058595e-03, 1.87529298e-03,
       1.40646973e-03, 2.81293946e-03, 4.68823244e-04, 1.40646973e-03,
       9.37646488e-04, 4.68823244e-04, 0., 0., 1.40646973e-03,
       4.68823244e-04, 0., 9.37646488e-04, 0., 4.68823244e-04, 0.,
       9.37646488e-04, 9.37646488e-04, 9.37646488e-04, 9.37646488e-04,
       4.68823244e-04, 1.40646973e-03, 1.87529298e-03, 1.40646973e-03,
       0., 1.40646973e-03, 4.68823221e-03, 4.68823244e-04, 0.,
       9.37646488e-04, 1.87529298e-03, 1.40646973e-03, 1.87529298e-03,
       4.68823244e-04, 0., 4.68823244e-04, 2.81293946e-03,
       1.40646973e-03, 1.40646973e-03, 0., 4.68823244e-04,
       4.68823244e-04, 4.68823244e-04, 9.37646488e-04, 2.81293946e-03,
       1.40646973e-03, 4.68823244e-04, 4.68823244e-04, 2.34411610e-03,
       0., 9.37646488e-04, 4.68823244e-04, 0., 3.28176282e-03,
       4.68823244e-04, 0., 9.37646488e-04, 9.37646488e-04,
       4.68823244e-04, 0., 0., 9.37646488e-04, 9.37646488e-04,
       1.87529298e-03, 3.28176282e-03, 5.15705580e-03, 1.87529298e-03,
       1.87529298e-03, 1.40646973e-03, 5.62587893e-03, 0.,
       9.37646488e-04, 1.87529298e-03, 0., 9.37646488e-04,
       9.37646488e-04, 1.87529298e-03, 0., 4.68823244e-04, 0.,
       9.37646488e-04, 3.75058595e-03, 4.21940908e-03, 0.,
       1.40646973e-03, 1.87529298e-03, 0., 1.87529298e-03, 0.,
       4.68823244e-04, 9.37646488e-04, 0., 0., 9.37646488e-04, 0.,
       9.37646488e-04, 2.81293946e-03, 1.87529298e-03, 0.,
       1.40646973e-03, 9.37646488e-04, 4.68823244e-04, 1.40646973e-03,
       2.34411610e-03, 9.37646488e-04, 0., 0., 1.40646973e-03,
       4.68823244e-04, 1.40646973e-03, 9.37646488e-04, 1.87529298e-03,
       0., 4.68823244e-04, 1.40646973e-03, 9.37646488e-04,
       4.68823244e-04, 0., 3.28176282e-03, 1.87529298e-03,
       1.40646973e-03, 4.68823244e-04, 1.40646973e-03, 0.,
       1.40646973e-03, 4.21940908e-03, 0., 9.37646488e-04,
       2.81293946e-03, 9.37646488e-04, 4.68823244e-04, 0., 0.,
       1.87529298e-03, 4.68823244e-04, 9.37646488e-04, 4.68823244e-04,
       1.40646973e-03, 1.40646973e-03, 1.87529298e-03, 4.68823244e-04,
       1.87529298e-03, 0., 0., 9.37646488e-04, 3.28176282e-03,
       4.68823244e-04, 2.34411610e-03, 9.37646488e-04, 9.37646488e-04,
       1.40646973e-03, 1.87529298e-03, 4.68823244e-04, 4.68823244e-04,
       2.81293946e-03, 4.68823244e-04, 0., 1.87529298e-03,
       4.68823244e-04, 1.87529298e-03, 9.37646488e-04, 3.28176282e-03,
       2.34411610e-03, 9.37646488e-04, 2.81293946e-03, 0.,
       4.68823244e-04, 3.75058595e-03, 4.68823244e-04, 0.,
       2.34411610e-03, 9.37646488e-04, 4.68823244e-04, 4.68823244e-04,
       2.34411610e-03, 9.37646488e-04, 9.37646488e-04, 0., 0.,
       9.37646488e-04, 9.37646488e-04, 1.87529298e-03, 0.,
       2.34411610e-03, 1.40646973e-03, 2.34411610e-03, 9.37646488e-04,
       9.37646488e-04, 2.34411610e-03, 9.37646488e-04, 0.,
       1.40646973e-03, 4.68823244e-04, 2.81293946e-03, 2.81293946e-03,
       3.28176282e-03, 4.68823244e-04, 1.87529298e-03, 1.87529298e-03,
       3.28176282e-03, 1.87529298e-03, 0., 1.87529298e-03,
       4.68823244e-04, 1.40646973e-03, 1.40646973e-03, 4.68823244e-04,
       2.34411610e-03, 1.40646973e-03, 9.37646488e-04, 0.,
       9.37646488e-04, 2.34411610e-03, 0., 2.81293946e-03,
       2.34411610e-03, 0., 1.40646973e-03, 4.68823244e-04,
       2.34411610e-03, 4.68823244e-04, 2.34411610e-03, 2.34411610e-03,
       2.34411610e-03, 9.37646488e-04, 4.68823244e-04, 9.37646488e-04,
       1.87529298e-03, 9.37646488e-04, 0., 1.87529298e-03,
       4.68823244e-04, 4.68823244e-04, 0., 4.68823244e-04, 0.,
       2.34411610e-03, 1.40646973e-03, 4.68823244e-04, 4.68823244e-04,
       4.21940908e-03, 4.68823244e-04, 2.34411610e-03, 0.,
       9.37646488e-04, 4.68823244e-04, 2.34411610e-03, 9.37646488e-04,
       9.37646488e-04, 2.34411610e-03, 9.37646488e-04, 2.81293946e-03,
       2.34411610e-03, 9.37646488e-04, 0., 9.37646488e-04,
       9.37646488e-04, 1.40646973e-03, 4.68823221e-03, 9.37646488e-04,
       1.87529298e-03, 1.40646973e-03, 1.40646973e-03, 4.68823244e-04,
       3.28176282e-03, 1.40646973e-03, 9.37646488e-04, 2.81293946e-03,
       4.68823244e-04, 3.28176282e-03, 1.87529298e-03, 0., 0.,
       2.34411610e-03, 1.87529298e-03, 1.87529298e-03, 1.40646973e-03,
       1.87529298e-03, 4.21940908e-03, 0., 1.40646973e-03,
       4.68823244e-04, 4.68823221e-03, 1.40646973e-03, 2.34411610e-03,
       4.68823244e-04, 4.68823244e-04, 3.75058595e-03, 2.81293946e-03,
       1.87529298e-03, 1.87529298e-03, 1.87529298e-03, 9.37646488e-04,
       3.28176282e-03, 1.40646973e-03, 2.34411610e-03, 4.68823244e-04,
       1.40646973e-03, 2.81293946e-03, 4.68823244e-04, 2.81293946e-03,
       9.37646488e-04, 4.68823244e-04, 2.81293946e-03, 9.37646488e-04,
       4.68823244e-04, 1.40646973e-03, 0., 2.81293946e-03,
       4.68823244e-04, 1.87529298e-03, 4.68823244e-04, 0.,
       1.40646973e-03, 4.68823244e-04, 1.40646973e-03, 4.68823244e-04,
       9.37646488e-04, 4.68823244e-04, 0., 1.87529298e-03,
       4.68823244e-04, 0., 4.68823244e-04, 0., 1.87529298e-03,
       9.37646488e-04, 9.37646488e-04, 4.21940908e-03, 9.37646488e-04,
       1.40646973e-03, 0., 0., 1.40646973e-03, 9.37646488e-04,
       9.37646488e-04, 1.87529298e-03, 4.68823244e-04, 1.40646973e-03,
       4.68823244e-04, 0., 2.34411610e-03, 3.28176282e-03, 0.,
       9.37646488e-04, 1.40646973e-03, 2.81293946e-03, 2.34411610e-03,
       4.68823244e-04, 9.37646488e-04, 1.87529298e-03, 0.,
       4.68823244e-04, 4.68823244e-04, 4.68823244e-04, 0.,
       4.68823244e-04, 4.68823244e-04, 1.87529298e-03, 9.37646488e-04,
       2.81293946e-03, 0., 4.68823244e-04, 1.40646973e-03,
       9.37646488e-04, 9.37646488e-04, 0., 4.68823244e-04,
       2.81293946e-03, 0., 2.34411610e-03, 7.03234877e-03,
       1.87529298e-03, 2.81293946e-03, 9.37646488e-04, 4.68823244e-04,
       2.34411610e-03, 1.87529298e-03, 4.68823244e-04, 4.68823244e-04,
       4.68823244e-04, 1.87529298e-03, 3.28176282e-03, 9.37646488e-04,
       4.68823244e-04, 9.37646488e-04, 0., 0., 9.37646488e-04, 0.,
       1.87529298e-03, 1.40646973e-03, 0., 3.75058595e-03,
       1.40646973e-03, 2.34411610e-03, 4.21940908e-03, 4.68823244e-04,
       9.37646488e-04, 1.40646973e-03, 1.40646973e-03, 2.34411610e-03,
       4.68823244e-04, 0., 9.37646488e-04, 2.81293946e-03,
       9.37646488e-04, 4.68823244e-04, 0., 1.40646973e-03,
       3.28176282e-03, 1.40646973e-03, 1.40646973e-03, 1.87529298e-03,
