%YAML:1.0
m50f: !!opencv-matrix
   rows: 1
   cols: 800
   dt: f
   data: [ 1.98281556e-03, 0., 1.32187712e-03, 4.62656980e-03, 0.,
       6.60938560e-04, 1.32187712e-03, 2.64375424e-03, 1.32187712e-03,
       6.60938560e-04, 0., 3.30469292e-03, 6.60938560e-04,
       2.64375424e-03, 0., 2.64375424e-03, 1.98281556e-03,
       1.32187712e-03, 0., 0., 1.98281556e-03, 6.60938560e-04,
       1.32187712e-03, 6.60938560e-04, 6.60938560e-04, 1.32187712e-03,
       0., 6.60938560e-04, 1.98281556e-03, 1.32187712e-03,
       1.98281556e-03, 5.28750848e-03, 6.60938560e-04, 5.28750848e-03,
       1.32187712e-03, 5.94844716e-03, 0., 6.60938560e-04, 0.,
       1.98281556e-03, 0., 1.98281556e-03, 3.30469292e-03, 0.,
       6.60938560e-04, 0., 0., 6.60938560e-04, 9.25313961e-03,
       1.32187712e-03, 0., 2.64375424e-03, 0., 6.60938560e-04,
       1.98281556e-03, 0., 1.98281556e-03, 1.98281556e-03,
       4.62656980e-03, 1.98281556e-03, 1.32187712e-03, 6.60938560e-04,
       0., 6.60938560e-04, 2.64375424e-03, 6.60938560e-04,
       6.60938560e-04, 3.96563113e-03, 4.62656980e-03, 0.,
       1.32187712e-03, 6.60938560e-04, 0., 0., 6.60938560e-04,
       6.60938560e-04, 5.94844716e-03, 0., 1.32187712e-03, 0.,
       3.30469292e-03, 0., 0., 0., 3.96563113e-03, 0., 6.60938560e-04,
       0., 3.96563113e-03, 1.98281556e-03, 6.60938560e-04, 0.,
       3.96563113e-03, 6.60938560e-04, 5.94844716e-03, 1.32187712e-03,
       0., 1.32187712e-03, 4.62656980e-03, 6.60938560e-04,
       4.62656980e-03, 1.32187712e-03, 0., 3.30469292e-03,
       1.98281556e-03, 0., 4.62656980e-03, 3.96563113e-03,
       6.60938560e-04, 0., 6.60938560e-04, 1.32187712e-03,
       2.64375424e-03, 0., 6.60938560e-04, 0., 1.32187712e-03,
       3.30469292e-03, 0., 6.60938560e-04, 6.60938560e-04,
       2.64375424e-03, 1.98281556e-03, 1.32187712e-03, 2.64375424e-03,
       1.32187712e-03, 6.60938560e-04, 1.98281556e-03, 6.60938560e-04,
       1.98281556e-03, 0., 1.32187712e-03, 1.32187712e-03,
       6.60938560e-04, 0., 2.64375424e-03, 3.96563113e-03, 0.,
       1.98281556e-03, 0., 0., 2.64375424e-03, 0., 0., 6.60938560e-04,
       0., 1.98281556e-03, 0., 1.32187712e-03, 3.96563113e-03,
       1.32187712e-03, 6.60938560e-04, 0., 0., 6.60938560e-04,
       3.96563113e-03, 5.94844716e-03, 2.64375424e-03, 0.,
       5.28750848e-03, 1.98281556e-03, 1.32187712e-03, 1.98281556e-03,
       0., 0., 2.64375424e-03, 3.30469292e-03, 5.94844716e-03,
       6.60938560e-04, 1.98281556e-03, 6.60938560e-04, 0.,
       1.32187712e-03, 6.60938560e-04, 6.60938560e-04, 0., 0.,
       6.60938560e-04, 0., 0., 6.60938560e-04, 6.60938560e-04,
       6.60938560e-04, 0., 6.60938560e-04, 6.60938560e-04,
       2.64375424e-03, 6.60938560e-04, 6.60938560e-04, 6.60938560e-04,
       6.60938560e-04, 6.60938560e-04, 1.98281556e-03, 3.30469292e-03,
       6.60938560e-04, 0., 0., 1.32187712e-03, 3.30469292e-03, 0.,
       2.64375424e-03, 0., 0., 0., 2.64375424e-03, 2.64375424e-03,
       2.64375424e-03, 1.32187712e-03, 1.98281556e-03, 0., 0.,
       6.60938560e-04, 6.60938560e-04, 6.60938560e-04, 2.64375424e-03,
       0., 6.60938560e-04, 1.32187712e-03, 0., 6.60938560e-04,
       2.64375424e-03, 0., 1.32187712e-03, 0., 1.32187712e-03, 0.,
       1.32187712e-03, 0., 1.38797099e-02, 0., 6.60938560e-04,
       5.94844716e-03, 1.32187712e-03, 3.30469292e-03, 0.,
       2.64375424e-03, 3.30469292e-03, 0., 0., 6.60938560e-04,
       5.28750848e-03, 6.60938560e-04, 0., 0., 0., 3.96563113e-03,
       4.62656980e-03, 1.98281556e-03, 0., 4.62656980e-03, 0.,
       6.60938560e-04, 6.60938560e-04, 6.60938560e-04, 0.,
       6.60938560e-04, 2.64375424e-03, 2.64375424e-03, 0., 0., 0.,
       1.32187712e-03, 5.28750848e-03, 0., 2.64375424e-03,
       1.98281556e-03, 0., 0., 5.94844716e-03, 6.60938560e-04,
       6.60938560e-04, 6.60938560e-04, 0., 0., 3.30469292e-03,
       1.98281556e-03, 0., 0., 6.60938560e-04, 0., 6.60938560e-04,
       1.98281556e-03, 6.60938560e-04, 1.98281556e-03, 3.30469292e-03,
       0., 0., 4.62656980e-03, 0., 0., 6.60938560e-04, 0.,
       6.60938560e-04, 2.64375424e-03, 3.30469292e-03, 1.32187712e-03,
       1.32187712e-03, 6.60938560e-04, 1.98281556e-03, 6.60938560e-04,
       1.98281556e-03, 0., 0., 0., 1.32187712e-03, 6.60938560e-04,
       6.60938560e-04, 6.60938560e-04, 2.64375424e-03, 0.,
       6.60938560e-04, 6.60938560e-04, 6.60938560e-04, 6.60938560e-04,
       2.64375424e-03, 6.60938560e-04, 6.60938560e-04, 6.60938560e-04,
       6.60938560e-04, 6.60938560e-04, 5.28750848e-03, 6.60938560e-04,
       6.60938560e-04, 6.60938560e-04, 1.32187712e-03, 1.98281556e-03,
       6.60938560e-04, 2.64375424e-03, 1.32187712e-03, 1.32187712e-03,
       5.28750848e-03, 6.60938560e-04, 0., 1.98281556e-03,
       6.60938560e-04, 3.96563113e-03, 6.60938560e-04, 6.60938560e-04,
       1.32187712e-03, 5.94844716e-03, 0., 6.60938560e-04, 0.,
       6.60938560e-04, 2.64375424e-03, 2.64375424e-03, 2.64375424e-03,
       3.96563113e-03, 1.98281556e-03, 6.60938560e-04, 6.60938560e-04,
       1.98281556e-03, 0., 1.98281556e-03, 3.96563113e-03,
       5.28750848e-03, 6.60938560e-04, 6.60938560e-04, 1.98281556e-03,
       1.98281556e-03, 0., 6.60938560e-04, 3.96563113e-03,
       1.32187712e-03, 0., 6.60938560e-04, 0., 1.98281556e-03,
       2.64375424e-03, 1.32187712e-03, 6.60938560e-04, 1.32187712e-03,
       6.60938560e-04, 6.60938560e-04, 6.60938560e-04, 0.,
       1.32187712e-03, 0., 0., 6.60938560e-04, 0., 3.30469292e-03,
       6.60938560e-04, 6.60938560e-04, 6.60938560e-04, 2.64375424e-03,
       0., 6.60938560e-04, 0., 6.60938560e-04, 0., 6.60938560e-04,
       1.98281556e-03, 6.60938560e-04, 1.98281556e-03, 4.62656980e-03,
       1.32187712e-03, 6.60938560e-04, 0., 6.60938560e-04,
       3.30469292e-03, 2.64375424e-03, 0., 0., 1.32187712e-03,
       6.60938560e-04, 6.60938560e-04, 1.32187712e-03, 6.60938560e-04,
       1.32187712e-03, 6.60938560e-04, 0., 1.98281556e-03,
       1.32187712e-03, 6.60938560e-04, 6.60938560e-04, 0.,
       1.98281556e-03, 2.64375424e-03, 0., 0., 6.60938560e-04,
       1.98281556e-03, 1.32187712e-03, 6.60938560e-04, 1.98281556e-03,
       2.64375424e-03, 6.60938560e-04, 6.60938560e-04, 6.60938560e-04,
       1.32187712e-03, 0., 0., 1.98281556e-03, 0., 6.60938560e-04,
       3.30469292e-03, 0., 0., 0., 6.60938560e-04, 6.60938560e-04,
       2.64375424e-03, 1.98281556e-03, 2.64375424e-03, 0.,
       1.32187712e-03, 6.60938560e-04, 2.64375424e-03, 0.,
       2.64375424e-03, 6.60938560e-04, 6.60938560e-04, 1.32187712e-03,
       0., 2.64375424e-03, 1.98281556e-03, 0., 6.60938560e-04,
       2.64375424e-03, 0., 0., 2.64375424e-03, 0., 1.32187712e-03,
       6.60938560e-04, 1.32187712e-03, 6.60938560e-04, 0.,
       1.32187712e-03, 6.60938560e-04, 0., 1.32187712e-03, 0.,
       1.98281556e-03, 0., 1.32187712e-03, 0., 1.98281556e-03,
       6.60938560e-04, 0., 6.60938560e-04, 1.98281556e-03, 0.,
       6.60938560e-04, 6.60938560e-04, 6.60938560e-04, 6.60938560e-04,
       6.60938560e-04, 6.60938560e-04, 6.60938560e-04, 0., 0., 0., 0.,
       1.32187712e-03, 6.60938560e-04, 6.60938560e-04, 1.98281556e-03,
       8.59220140e-03, 0., 6.60938560e-04, 6.60938560e-04, 0.,
       4.62656980e-03, 6.60938560e-04, 6.60938560e-04, 0.,
       5.94844716e-03, 0., 0., 6.60938560e-04, 2.64375424e-03,
       1.98281556e-03, 6.60938560e-04, 0., 0., 6.60938560e-04, 0.,
       1.98281556e-03, 6.60938560e-04, 6.60938560e-04, 0., 0., 0.,
       1.98281556e-03, 3.96563113e-03, 6.60938560e-04, 3.96563113e-03,
       6.60938560e-04, 0., 7.93126225e-03, 6.60938560e-04, 0.,
       1.98281556e-03, 6.60938560e-04, 1.98281556e-03, 1.32187712e-03,
       0., 1.32187712e-03, 1.32187712e-03, 6.60938560e-04,
       1.32187712e-03, 6.60938560e-04, 0., 0., 0., 0., 2.64375424e-03,
       6.60938560e-04, 1.32187712e-03, 2.64375424e-03, 0.,
       1.98281556e-03, 1.98281556e-03, 6.60938560e-04, 0., 0., 0.,
       6.60938560e-04, 0., 0., 0., 6.60938560e-04, 0., 0., 0., 0.,
       5.94844716e-03, 6.60938560e-04, 0., 2.64375424e-03,
