%YAML:1.0
m50f: !!opencv-matrix
   rows: 1
   cols: 800
   dt: f
   data: [ 2.11118930e-03, 8.44475720e-03, 1.40745949e-03,
       7.03729747e-04, 1.40745949e-03, 0., 0., 7.03729736e-03,
       2.11118930e-03, 2.81491899e-03, 0., 0., 2.81491899e-03,
       1.40745949e-03, 6.33356767e-03, 1.40745949e-03, 0.,
       1.40745949e-03, 1.40745949e-03, 0., 0., 0., 1.40745949e-03,
       7.03729747e-04, 0., 0., 1.40745949e-03, 0., 1.40745949e-03, 0.,
       1.40745949e-03, 0., 2.11118930e-03, 4.92610829e-03, 0.,
       1.40745949e-03, 7.03729747e-04, 1.40745949e-03, 1.40745949e-03,
       7.03729736e-03, 1.40745949e-03, 7.03729747e-04, 7.03729747e-04,
       7.03729747e-04, 4.22237860e-03, 3.51864868e-03, 2.11118930e-03,
       0., 1.40745949e-03, 2.11118930e-03, 0., 2.81491899e-03,
       7.03729747e-04, 2.81491899e-03, 2.11118930e-03, 7.03729747e-04,
       0., 7.03729747e-04, 0., 7.03729747e-04, 1.40745949e-03,
       2.81491899e-03, 7.03729747e-04, 1.40745949e-03, 7.03729747e-04,
       7.03729747e-04, 1.40745949e-03, 4.22237860e-03, 2.11118930e-03,
       2.11118930e-03, 7.03729747e-04, 1.40745949e-03, 4.22237860e-03,
       0., 0., 1.40745949e-03, 4.22237860e-03, 7.03729747e-04,
       7.03729747e-04, 1.40745949e-03, 7.03729747e-04, 1.40745949e-03,
       7.03729747e-04, 2.11118930e-03, 0., 2.11118930e-03,
       7.03729747e-04, 0., 7.03729747e-04, 2.11118930e-03, 0., 0., 0.,
       0., 0., 7.03729747e-04, 7.03729747e-04, 1.40745949e-03,
       3.51864868e-03, 7.03729747e-04, 4.92610829e-03, 0.,
       2.81491899e-03, 0., 7.03729747e-04, 2.81491899e-03, 0.,
       7.03729747e-04, 0., 7.03729747e-04, 0., 3.51864868e-03,
       7.03729747e-04, 0., 7.03729747e-04, 1.40745949e-03,
       7.03729747e-04, 2.81491899e-03, 1.40745949e-03, 1.40745949e-03,
       6.33356767e-03, 2.11118930e-03, 0., 0., 7.03729747e-04,
       7.03729747e-04, 4.92610829e-03, 0., 7.03729747e-04, 0.,
       7.03729747e-04, 1.40745949e-03, 7.03729747e-04, 7.03729747e-04,
       2.81491899e-03, 7.03729747e-04, 1.40745949e-03, 7.03729747e-04,
       7.03729747e-04, 7.03729747e-04, 0., 7.03729747e-04,
       1.40745949e-03, 7.03729747e-04, 0., 0., 1.40745949e-03,
       3.51864868e-03, 0., 1.40745949e-03, 7.03729747e-04,
       2.11118930e-03, 0., 7.03729747e-04, 0., 1.40745949e-03, 0.,
       2.81491899e-03, 7.03729747e-04, 1.40745949e-03, 0.,
       1.40745949e-03, 0., 7.03729747e-04, 0., 0., 2.11118930e-03,
       1.40745949e-03, 0., 0., 0., 7.03729747e-04, 7.03729747e-04,
       1.40745949e-03, 1.40745949e-03, 0., 7.03729747e-04,
       7.03729747e-04, 1.40745949e-03, 7.03729747e-04, 0., 0.,
       1.40745949e-03, 2.11118930e-03, 0., 7.03729747e-04, 0.,
       7.03729747e-04, 0., 0., 7.03729747e-04, 5.62983798e-03, 0., 0.,
       1.40745949e-03, 0., 0., 0., 7.03729747e-04, 0., 2.11118930e-03,
       1.40745949e-03, 7.03729747e-04, 1.40745949e-03, 4.22237860e-03,
       2.11118930e-03, 4.92610829e-03, 0., 7.03729747e-04,
       1.40745949e-03, 7.03729747e-04, 2.11118930e-03, 2.11118930e-03,
       1.40745949e-03, 0., 7.03729747e-04, 4.22237860e-03,
       2.81491899e-03, 7.03729747e-04, 2.11118930e-03, 0., 0.,
       1.40745949e-03, 1.40745949e-03, 0., 1.40745949e-03, 0., 0.,
       7.03729747e-04, 0., 3.51864868e-03, 0., 2.11118930e-03,
       2.81491899e-03, 3.51864868e-03, 7.03729747e-04, 7.03729747e-04,
       7.03729747e-04, 4.22237860e-03, 7.03729747e-04, 0.,
       7.03729747e-04, 7.03729747e-04, 0., 2.11118930e-03,
       7.03729747e-04, 1.40745949e-03, 7.03729747e-04, 7.03729747e-04,
       0., 2.81491899e-03, 2.11118930e-03, 0., 0., 7.03729747e-04, 0.,
       0., 1.40745949e-03, 1.40745949e-03, 7.03729747e-04,
       4.22237860e-03, 3.51864868e-03, 0., 0., 0., 7.03729747e-04,
       7.03729747e-04, 7.03729747e-04, 1.40745949e-03, 2.81491899e-03,
       5.62983798e-03, 0., 7.03729747e-04, 0., 1.40745949e-03,
       4.22237860e-03, 1.40745949e-03, 2.81491899e-03, 2.11118930e-03,
       0., 0., 1.40745949e-03, 7.03729747e-04, 3.51864868e-03,
       2.81491899e-03, 0., 2.11118930e-03, 0., 0., 2.11118930e-03, 0.,
       1.40745949e-03, 1.40745949e-03, 2.81491899e-03, 1.40745949e-03,
       0., 1.40745949e-03, 2.11118930e-03, 0., 7.03729747e-04,
       2.11118930e-03, 7.03729747e-04, 7.03729747e-04, 7.03729747e-04,
       7.74102705e-03, 0., 7.03729747e-04, 2.11118930e-03,
       1.40745949e-03, 2.81491899e-03, 2.81491899e-03, 7.03729747e-04,
       0., 4.92610829e-03, 7.03729747e-04, 7.03729747e-04, 0.,
       8.44475720e-03, 2.11118930e-03, 0., 7.03729747e-04,
       5.62983798e-03, 0., 7.03729747e-04, 0., 3.51864868e-03,
       1.40745949e-03, 2.81491899e-03, 0., 7.03729747e-04,
       2.81491899e-03, 1.40745949e-03, 4.22237860e-03, 1.40745949e-03,
       7.03729747e-04, 0., 1.40745949e-03, 0., 1.40745949e-03, 0.,
       7.03729747e-04, 2.11118930e-03, 3.51864868e-03, 7.03729747e-04,
       0., 0., 0., 7.03729747e-04, 0., 2.11118930e-03, 7.03729747e-04,
       1.40745949e-03, 2.11118930e-03, 7.03729747e-04, 0., 0.,
       2.11118930e-03, 7.03729747e-04, 0., 0., 7.03729747e-04,
       7.03729747e-04, 7.03729747e-04, 7.03729747e-04, 0.,
       1.40745949e-03, 0., 2.11118930e-03, 0., 7.03729747e-04, 0.,
       7.03729747e-04, 6.33356767e-03, 0., 2.81491899e-03, 0.,
       2.81491899e-03, 4.92610829e-03, 1.40745949e-03, 7.03729747e-04,
       7.03729747e-04, 7.03729747e-04, 0., 7.03729747e-04,
       1.40745949e-03, 0., 7.03729747e-04, 7.03729747e-04,
       4.92610829e-03, 0., 7.03729747e-04, 0., 7.03729747e-04, 0.,
       7.03729747e-04, 7.03729747e-04, 5.62983798e-03, 7.03729747e-04,
       0., 7.03729747e-04, 0., 0., 0., 0., 7.03729747e-04,
       7.03729747e-04, 7.03729747e-04, 0., 7.03729747e-04, 0.,
       7.03729747e-04, 0., 0., 1.40745949e-03, 4.22237860e-03, 0., 0.,
       3.51864868e-03, 0., 7.03729747e-04, 7.03729747e-04,
       2.11118930e-03, 2.81491899e-03, 0., 0., 7.03729747e-04,
       2.11118930e-03, 0., 0., 0., 5.62983798e-03, 0., 2.11118930e-03,
       4.92610829e-03, 0., 0., 1.40745949e-03, 2.81491899e-03, 0., 0.,
       0., 2.11118930e-03, 2.81491899e-03, 0., 3.51864868e-03,
       7.03729747e-04, 0., 0., 1.40745949e-03, 2.11118930e-03,
       7.03729747e-04, 0., 1.40745949e-03, 0., 8.44475720e-03,
       1.40745949e-03, 7.03729747e-04, 0., 7.03729747e-04,
       7.03729747e-04, 0., 0., 1.40745949e-03, 0., 7.03729747e-04, 0.,
       7.03729747e-04, 2.11118930e-03, 0., 0., 2.81491899e-03,
       2.81491899e-03, 7.03729747e-04, 7.03729747e-04, 0., 0.,
       2.11118930e-03, 0., 7.03729747e-04, 0., 3.51864868e-03,
       7.03729736e-03, 2.81491899e-03, 7.03729747e-04, 0., 0., 0.,
       7.03729747e-04, 2.11118930e-03, 2.11118930e-03, 0.,
       1.40745949e-03, 0., 7.03729747e-04, 0., 0., 0., 7.03729747e-04,
       0., 0., 3.51864868e-03, 1.40745949e-03, 0., 1.40745949e-03, 0.,
       0., 0., 7.03729747e-04, 2.11118930e-03, 0., 7.03729747e-04,
       2.11118930e-03, 2.11118930e-03, 7.03729747e-04, 0.,
       2.11118930e-03, 1.40745949e-03, 3.51864868e-03, 0.,
       7.03729747e-04, 1.40745949e-03, 2.81491899e-03, 1.40745949e-03,
       1.40745949e-03, 2.11118930e-03, 0., 4.22237860e-03, 0., 0.,
       1.40745949e-03, 0., 7.03729747e-04, 2.81491899e-03, 0.,
       7.03729747e-04, 1.40745949e-03, 7.03729747e-04, 2.81491899e-03,
       7.03729747e-04, 0., 0., 0., 0., 2.11118930e-03, 7.03729747e-04,
       1.40745949e-03, 0., 1.40745949e-03, 2.11118930e-03, 0., 0., 0.,
       0., 7.03729747e-04, 5.62983798e-03, 1.40745949e-03, 0.,
       7.03729747e-04, 7.03729747e-04, 0., 7.03729747e-04,
       7.03729747e-04, 5.62983798e-03, 2.11118930e-03, 2.11118930e-03,
       2.81491899e-03, 0., 1.40745949e-03, 1.40745949e-03,
       2.11118930e-03, 1.40745949e-03, 7.03729747e-04, 0.,
       7.03729747e-04, 3.51864868e-03, 0., 2.11118930e-03,
       7.03729747e-04, 2.11118930e-03, 7.03729747e-04, 1.40745949e-03,
       0., 7.03729747e-04, 3.51864868e-03, 1.40745949e-03,
       7.03729747e-04, 0., 0., 7.03729747e-04, 1.40745949e-03,
