%YAML:1.0
m50f: !!opencv-matrix
   rows: 1
   cols: 800
   dt: f
   data: [ 2.07900209e-03, 8.31600861e-04, 6.65280689e-03,
       4.15800430e-04, 8.31600861e-04, 0., 2.07900209e-03, 0., 0.,
       3.74220381e-03, 3.74220381e-03, 4.15800419e-03, 0.,
       1.66320172e-03, 4.15800430e-04, 2.49480270e-03, 1.24740135e-03,
       8.31600861e-04, 4.15800430e-04, 1.66320172e-03, 0.,
       1.24740135e-03, 8.31600861e-04, 2.91060307e-03, 0.,
       1.24740135e-03, 4.15800430e-04, 4.15800419e-03, 0., 0.,
       1.24740135e-03, 8.31600861e-04, 1.66320172e-03, 1.24740135e-03,
       1.66320172e-03, 2.91060307e-03, 4.15800430e-04, 0.,
       2.91060307e-03, 0., 2.07900209e-03, 8.31600861e-04,
       1.66320172e-03, 4.15800430e-04, 1.66320172e-03, 2.07900209e-03,
       0., 1.66320172e-03, 0., 1.24740135e-03, 1.66320172e-03,
       8.31600861e-04, 2.07900209e-03, 1.24740135e-03, 0.,
       3.32640344e-03, 0., 1.66320172e-03, 2.07900209e-03,
       1.66320172e-03, 2.07900209e-03, 4.15800430e-04, 8.31600861e-04,
       0., 1.66320172e-03, 0., 5.82120614e-03, 4.15800430e-04,
       1.24740135e-03, 8.31600861e-04, 2.07900209e-03, 4.15800430e-04,
       4.15800430e-04, 8.31600861e-04, 1.24740135e-03, 8.31600861e-04,
       4.15800430e-04, 0., 1.66320172e-03, 1.66320172e-03, 0.,
       8.31600861e-04, 2.91060307e-03, 4.15800430e-04, 8.31600861e-04,
       2.91060307e-03, 1.66320172e-03, 1.24740135e-03, 1.24740135e-03,
       4.15800430e-04, 0., 4.15800430e-04, 1.66320172e-03,
       1.66320172e-03, 4.15800430e-04, 4.15800430e-04, 2.07900209e-03,
       1.66320172e-03, 2.07900209e-03, 2.49480270e-03, 2.07900209e-03,
       8.31600861e-04, 8.31600861e-04, 1.24740135e-03, 0.,
       8.31600861e-04, 8.31600861e-04, 0., 1.66320172e-03,
       4.15800430e-04, 2.07900209e-03, 4.57380479e-03, 1.24740135e-03,
       1.24740135e-03, 0., 8.31600861e-04, 4.98960540e-03,
       4.15800430e-04, 4.15800430e-04, 1.66320172e-03, 2.07900209e-03,
       2.07900209e-03, 1.66320172e-03, 1.24740135e-03, 4.15800430e-04,
       5.40540554e-03, 2.49480270e-03, 4.15800430e-04, 1.66320172e-03,
       2.49480270e-03, 0., 2.91060307e-03, 3.32640344e-03,
       4.15800430e-04, 0., 0., 1.24740135e-03, 0., 8.31600861e-04,
       2.07900209e-03, 2.49480270e-03, 8.31600861e-04, 0.,
       4.15800430e-04, 0., 1.24740135e-03, 0., 4.15800430e-04,
       1.24740135e-03, 0., 0., 0., 4.15800430e-04, 1.66320172e-03,
       4.15800430e-04, 0., 8.31600861e-04, 8.31600861e-04,
       8.31600861e-04, 0., 4.15800430e-04, 2.07900209e-03,
       8.31600861e-04, 2.49480270e-03, 8.31600861e-04, 4.15800430e-04,
       0., 0., 0., 0., 1.66320172e-03, 1.66320172e-03, 4.15800430e-04,
       8.31600861e-04, 8.31600861e-04, 0., 4.15800430e-04,
       4.15800430e-04, 2.07900209e-03, 0., 4.98960540e-03,
       1.66320172e-03, 0., 8.31600861e-04, 3.32640344e-03,
       4.15800430e-04, 4.57380479e-03, 8.31600861e-04, 4.15800430e-04,
       1.66320172e-03, 3.32640344e-03, 8.31600861e-04, 1.66320172e-03,
       8.31600861e-04, 4.15800430e-04, 2.07900209e-03, 2.07900209e-03,
       2.07900209e-03, 1.24740135e-03, 8.31600861e-04, 1.24740135e-03,
       1.24740135e-03, 2.49480270e-03, 1.20582124e-02, 1.24740135e-03,
       1.24740135e-03, 5.40540554e-03, 4.15800430e-04, 4.15800430e-04,
       0., 3.32640344e-03, 8.31600861e-04, 0., 0., 4.15800419e-03,
       1.24740135e-03, 8.31600861e-04, 4.15800430e-04, 4.15800430e-04,
       1.24740135e-03, 2.07900209e-03, 8.31600861e-04, 1.66320172e-03,
       4.15800430e-04, 4.15800430e-04, 1.66320172e-03, 1.66320172e-03,
       2.91060307e-03, 0., 8.31600861e-04, 1.66320172e-03,
       3.32640344e-03, 8.31600861e-04, 2.49480270e-03, 2.07900209e-03,
       4.15800430e-04, 2.91060307e-03, 4.15800430e-04, 2.07900209e-03,
       4.15800430e-04, 1.24740135e-03, 1.66320172e-03, 2.49480270e-03,
       8.31600861e-04, 2.91060307e-03, 2.49480270e-03, 1.66320172e-03,
       1.24740135e-03, 8.31600861e-04, 8.31600861e-04, 1.24740135e-03,
       1.66320172e-03, 8.31600861e-04, 2.49480270e-03, 0.,
       1.24740135e-03, 3.74220381e-03, 2.49480270e-03, 2.91060307e-03,
       1.66320172e-03, 1.24740135e-03, 2.07900209e-03, 0.,
       4.15800430e-04, 2.07900209e-03, 1.66320172e-03, 4.15800430e-04,
       4.15800430e-04, 1.24740135e-03, 1.24740135e-03, 2.49480270e-03,
       1.24740135e-03, 1.24740135e-03, 4.15800430e-04, 2.49480270e-03,
       4.15800430e-04, 1.24740135e-03, 1.66320172e-03, 2.49480270e-03,
       8.31600861e-04, 2.07900209e-03, 0., 1.24740135e-03, 0.,
       8.31600861e-04, 8.31600861e-04, 1.24740135e-03, 1.24740135e-03,
       0., 0., 3.32640344e-03, 1.24740135e-03, 4.15800430e-04,
       2.07900209e-03, 4.15800430e-04, 1.24740135e-03, 4.57380479e-03,
       2.07900209e-03, 8.31600861e-04, 4.15800430e-04, 1.66320172e-03,
       4.15800430e-04, 2.07900209e-03, 1.66320172e-03, 1.24740135e-03,
       1.24740135e-03, 0., 0., 3.74220381e-03, 3.74220381e-03,
       8.31600861e-04, 0., 1.66320172e-03, 8.31600861e-04,
       4.15800430e-04, 4.15800430e-04, 0., 4.15800430e-04,
       4.15800430e-04, 1.66320172e-03, 2.91060307e-03, 4.15800430e-04,
       8.31600861e-04, 1.24740135e-03, 8.31600861e-04, 1.24740135e-03,
       1.66320172e-03, 4.15800430e-04, 4.15800430e-04, 2.07900209e-03,
       3.32640344e-03, 0., 2.49480270e-03, 4.15800430e-04,
       3.32640344e-03, 1.24740135e-03, 4.15800419e-03, 8.31600861e-04,
       1.24740135e-03, 1.66320172e-03, 1.66320172e-03, 8.31600861e-04,
       2.49480270e-03, 3.32640344e-03, 1.66320172e-03, 1.24740135e-03,
       4.15800430e-04, 4.15800430e-04, 1.24740135e-03, 4.15800430e-04,
       4.15800430e-04, 1.24740135e-03, 4.15800430e-04, 2.49480270e-03,
       8.31600861e-04, 8.31600861e-04, 2.91060307e-03, 1.66320172e-03,
       1.66320172e-03, 2.49480270e-03, 8.31600861e-04, 1.24740135e-03,
       1.24740135e-03, 4.15800430e-04, 0., 2.07900209e-03,
       4.15800430e-04, 4.15800430e-04, 4.15800430e-04, 2.07900209e-03,
       2.49480270e-03, 3.74220381e-03, 8.31600861e-04, 8.31600861e-04,
       2.07900209e-03, 1.24740135e-03, 4.15800430e-04, 8.31600861e-04,
       0., 1.24740135e-03, 2.07900209e-03, 8.31600861e-04,
       8.31600861e-04, 4.15800430e-04, 0., 1.66320172e-03,
       2.07900209e-03, 2.07900209e-03, 0., 4.15800430e-04,
       5.82120614e-03, 4.15800430e-04, 8.31600861e-04, 4.15800430e-04,
       1.66320172e-03, 2.91060307e-03, 8.31600861e-04, 2.49480270e-03,
       1.24740135e-03, 1.24740135e-03, 0., 3.74220381e-03,
       1.66320172e-03, 1.24740135e-03, 4.15800430e-04, 2.91060307e-03,
       4.15800430e-04, 2.91060307e-03, 8.31600861e-04, 1.24740135e-03,
       1.66320172e-03, 4.15800430e-04, 4.15800430e-04, 3.74220381e-03,
       1.24740135e-03, 0., 0., 8.31600861e-04, 4.15800430e-04,
       2.49480270e-03, 1.66320172e-03, 8.31600861e-04, 3.32640344e-03,
       4.15800430e-04, 1.24740135e-03, 4.15800430e-04, 2.07900209e-03,
       4.15800430e-04, 0., 8.31600861e-04, 1.24740135e-03,
       4.15800430e-04, 1.24740135e-03, 2.07900209e-03, 1.24740135e-03,
       2.91060307e-03, 0., 0., 1.66320172e-03, 0., 4.15800430e-04,
       8.31600861e-04, 8.31600861e-04, 8.31600861e-04, 8.31600861e-04,
       1.66320172e-03, 0., 1.66320172e-03, 0., 1.66320172e-03,
       8.31600861e-04, 8.31600861e-04, 4.15800430e-04, 1.24740135e-03,
       0., 1.24740135e-03, 0., 4.15800430e-04, 8.31600861e-04,
       8.31600861e-04, 1.66320172e-03, 1.66320172e-03, 1.24740135e-03,
       1.24740135e-03, 1.24740135e-03, 2.49480270e-03, 8.31600861e-04,
       1.24740135e-03, 4.15800430e-04, 2.07900209e-03, 4.15800430e-04,
       0., 1.66320172e-03, 1.24740135e-03, 0., 0., 1.24740135e-03,
       1.24740135e-03, 1.66320172e-03, 2.07900209e-03, 8.31600861e-04,
       4.15800430e-04, 8.31600861e-04, 1.24740135e-03, 1.24740135e-03,
       4.15800430e-04, 1.24740135e-03, 3.74220381e-03, 0.,
       1.24740135e-03, 0., 1.66320172e-03, 3.74220381e-03,
       2.49480270e-03, 1.66320172e-03, 2.49480270e-03, 4.15800430e-04,
       0., 0., 4.15800430e-04, 1.66320172e-03, 2.49480270e-03,
