%YAML:1.0
m50f: !!opencv-matrix
   rows: 1
   cols: 800
   dt: f
   data: [ 0., 1.34770887e-03, 3.36927216e-04, 1.01078162e-03,
       1.34770887e-03, 6.73854433e-04, 1.01078162e-03, 0.,
       1.01078162e-03, 3.36927216e-04, 3.36927216e-04, 3.36927216e-04,
       2.02156324e-03, 1.34770887e-03, 1.34770887e-03, 2.02156324e-03,
       6.73854433e-04, 3.36927216e-04, 6.73854433e-04, 6.73854433e-04,
       1.34770887e-03, 6.73854433e-04, 1.68463611e-03, 1.34770887e-03,
       2.69541773e-03, 6.73854433e-04, 6.73854433e-04, 1.68463611e-03,
       2.02156324e-03, 6.73854433e-04, 1.01078162e-03, 3.36927222e-03,
       1.01078162e-03, 0., 3.36927216e-04, 3.03234486e-03,
       6.73854433e-04, 2.35849060e-03, 6.73854433e-04, 0.,
       1.34770887e-03, 2.69541773e-03, 6.73854433e-04, 6.73854433e-04,
       2.02156324e-03, 3.03234486e-03, 2.02156324e-03, 3.70619935e-03,
       1.34770887e-03, 2.69541773e-03, 3.36927222e-03, 1.34770887e-03,
       3.36927216e-04, 2.02156324e-03, 1.01078162e-03, 3.36927216e-04,
       4.38005384e-03, 3.36927216e-04, 3.36927216e-04, 2.35849060e-03,
       6.73854433e-04, 3.36927216e-04, 2.02156324e-03, 2.35849060e-03,
       1.01078162e-03, 6.73854433e-04, 3.36927216e-04, 6.73854433e-04,
       6.73854433e-04, 2.02156324e-03, 3.36927216e-04, 6.73854433e-04,
       1.68463611e-03, 1.34770887e-03, 4.71698120e-03, 3.36927216e-04,
       2.69541773e-03, 1.01078162e-03, 1.34770887e-03, 6.73854433e-04,
       1.68463611e-03, 3.36927216e-04, 1.34770887e-03, 0.,
       1.01078162e-03, 1.01078162e-03, 6.73854433e-04, 1.68463611e-03,
       2.02156324e-03, 2.02156324e-03, 2.02156324e-03, 1.68463611e-03,
       6.73854433e-04, 1.34770887e-03, 3.36927216e-04, 3.36927216e-04,
       1.01078162e-03, 0., 1.01078162e-03, 1.34770887e-03,
       1.01078162e-03, 2.02156324e-03, 2.69541773e-03, 1.01078162e-03,
       0., 2.02156324e-03, 6.73854433e-04, 1.34770887e-03,
       6.73854433e-04, 3.36927216e-04, 3.03234486e-03, 0.,
       3.36927216e-04, 1.01078162e-03, 3.36927216e-04, 1.01078162e-03,
       1.34770887e-03, 1.34770887e-03, 2.69541773e-03, 2.02156324e-03,
       1.01078162e-03, 1.68463611e-03, 6.73854433e-04, 2.02156324e-03,
       6.73854433e-04, 3.03234486e-03, 1.01078162e-03, 1.34770887e-03,
       6.73854433e-04, 1.68463611e-03, 6.73854433e-04, 1.68463611e-03,
       3.36927216e-04, 1.01078162e-03, 6.73854433e-04, 4.71698120e-03,
       3.36927216e-04, 6.73854433e-04, 3.36927216e-04, 6.73854433e-04,
       3.36927216e-04, 3.03234486e-03, 6.73854433e-04, 1.34770887e-03,
       6.73854433e-04, 3.36927216e-04, 3.36927216e-04, 1.01078162e-03,
       1.68463611e-03, 1.34770887e-03, 6.73854433e-04, 2.69541773e-03,
       2.69541773e-03, 0., 3.36927216e-04, 3.36927216e-04,
       6.73854433e-04, 1.34770887e-03, 2.02156324e-03, 2.02156324e-03,
       0., 1.01078162e-03, 6.73854433e-04, 1.34770887e-03, 0.,
       6.73854433e-04, 6.73854433e-04, 3.03234486e-03, 1.01078162e-03,
       1.01078162e-03, 3.36927216e-04, 1.34770887e-03, 1.34770887e-03,
       3.36927216e-04, 1.34770887e-03, 6.73854433e-04, 1.34770887e-03,
       6.73854433e-04, 6.73854433e-04, 3.03234486e-03, 0.,
       1.01078162e-03, 1.34770887e-03, 6.73854433e-04, 1.01078162e-03,
       6.73854433e-04, 3.03234486e-03, 3.36927216e-04, 6.73854433e-04,
       1.01078162e-03, 6.73854433e-04, 3.03234486e-03, 1.01078162e-03,
       1.34770887e-03, 6.73854433e-04, 2.02156324e-03, 6.73854433e-04,
       3.36927216e-04, 3.36927216e-04, 1.01078162e-03, 0., 0.,
       6.73854433e-04, 2.69541773e-03, 1.34770887e-03, 4.04312648e-03,
       1.68463611e-03, 6.73854433e-04, 1.68463611e-03, 6.73854433e-04,
       6.73854433e-04, 0., 1.68463611e-03, 1.68463611e-03,
       1.68463611e-03, 6.73854433e-04, 3.36927216e-04, 0.,
       6.73854433e-04, 1.68463611e-03, 2.02156324e-03, 1.34770887e-03,
       1.34770887e-03, 0., 1.01078162e-03, 1.01078162e-03,
       6.73854433e-04, 3.36927216e-04, 6.73854433e-04, 2.69541773e-03,
       1.01078162e-03, 1.34770887e-03, 0., 1.34770887e-03,
       2.35849060e-03, 6.73854433e-04, 4.38005384e-03, 1.01078162e-03,
       6.73854433e-04, 1.01078162e-03, 3.36927216e-04, 0.,
       1.68463611e-03, 6.06468972e-03, 1.68463611e-03, 1.68463611e-03,
       3.36927222e-03, 1.01078162e-03, 1.34770887e-03, 1.01078162e-03,
       1.68463611e-03, 2.02156324e-03, 2.35849060e-03, 3.36927216e-04,
       1.34770887e-03, 2.35849060e-03, 3.36927222e-03, 1.01078162e-03,
       6.73854433e-04, 2.35849060e-03, 1.68463611e-03, 1.34770887e-03,
       1.34770887e-03, 2.02156324e-03, 3.36927216e-04, 6.73854433e-04,
       6.73854433e-04, 3.36927216e-04, 3.36927216e-04, 1.01078162e-03,
       4.71698120e-03, 2.69541773e-03, 1.01078162e-03, 3.36927216e-04,
       0., 1.34770887e-03, 1.01078162e-03, 3.70619935e-03,
       2.35849060e-03, 1.01078162e-03, 3.03234486e-03, 3.36927216e-04,
       1.68463611e-03, 2.02156324e-03, 1.01078162e-03, 1.01078162e-03,
       4.04312648e-03, 3.36927216e-04, 1.01078162e-03, 1.01078162e-03,
       1.34770887e-03, 6.73854433e-04, 6.73854433e-04, 1.34770887e-03,
       6.73854433e-04, 1.34770887e-03, 1.01078162e-03, 6.73854433e-04,
       3.36927216e-04, 6.73854433e-04, 1.34770887e-03, 6.73854433e-04,
       2.35849060e-03, 1.01078162e-03, 1.68463611e-03, 6.73854433e-04,
       6.73854433e-04, 1.68463611e-03, 6.73854433e-04, 6.73854433e-04,
       1.34770887e-03, 1.34770887e-03, 1.01078162e-03, 2.35849060e-03,
       6.73854433e-04, 1.34770887e-03, 6.73854433e-04, 1.68463611e-03,
       3.36927216e-04, 1.68463611e-03, 0., 1.01078162e-03,
       1.68463611e-03, 1.01078162e-03, 6.73854433e-04, 2.02156324e-03,
       1.34770887e-03, 2.35849060e-03, 3.36927216e-04, 6.73854433e-04,
       1.34770887e-03, 6.73854433e-04, 4.04312648e-03, 3.36927216e-04,
       1.34770887e-03, 0., 1.68463611e-03, 1.34770887e-03,
       3.36927216e-04, 1.34770887e-03, 5.05390810e-03, 6.73854433e-04,
       3.36927222e-03, 2.69541773e-03, 4.04312648e-03, 1.01078162e-03,
       3.36927216e-04, 2.69541773e-03, 3.36927216e-04, 2.35849060e-03,
       3.36927216e-04, 1.34770887e-03, 6.73854433e-04, 6.73854433e-04,
       4.04312648e-03, 2.02156324e-03, 2.69541773e-03, 3.36927216e-04,
       1.68463611e-03, 6.40161708e-03, 1.01078162e-03, 1.68463611e-03,
       2.35849060e-03, 3.36927216e-04, 0., 2.02156324e-03,
       6.73854433e-04, 3.36927216e-04, 5.39083546e-03, 3.36927216e-04,
       3.03234486e-03, 1.01078162e-03, 2.02156324e-03, 6.73854433e-04,
       6.73854433e-04, 1.34770887e-03, 6.73854433e-04, 3.36927216e-04,
       1.34770887e-03, 3.36927216e-04, 4.04312648e-03, 3.03234486e-03,
       1.34770887e-03, 3.36927216e-04, 1.34770887e-03, 6.73854433e-04,
       3.36927216e-04, 6.73854433e-04, 4.38005384e-03, 3.36927216e-04,
       2.02156324e-03, 1.01078162e-03, 0., 3.03234486e-03,
       1.68463611e-03, 1.68463611e-03, 1.68463611e-03, 2.69541773e-03,
       1.34770887e-03, 1.34770887e-03, 6.73854433e-04, 6.73854433e-04,
       1.34770887e-03, 0., 1.34770887e-03, 1.34770887e-03, 0.,
       3.36927216e-04, 5.05390810e-03, 1.34770887e-03, 2.35849060e-03,
       1.68463611e-03, 2.69541773e-03, 4.04312648e-03, 1.34770887e-03,
       1.34770887e-03, 3.36927216e-04, 3.36927216e-04, 6.73854433e-04,
       2.02156324e-03, 6.73854433e-04, 6.73854433e-04, 2.02156324e-03,
       1.68463611e-03, 1.01078162e-03, 6.73854433e-04, 0.,
       1.34770887e-03, 3.03234486e-03, 1.68463611e-03, 1.34770887e-03,
       2.02156324e-03, 6.73854433e-04, 1.01078162e-03, 6.73854433e-04,
       1.34770887e-03, 3.36927216e-04, 6.73854433e-04, 1.34770887e-03,
       0., 1.01078162e-03, 6.73854433e-04, 2.02156324e-03,
       1.01078162e-03, 6.73854433e-04, 6.73854433e-04, 1.68463611e-03,
       1.68463611e-03, 3.36927216e-04, 1.01078162e-03, 3.36927216e-04,
       1.68463611e-03, 1.68463611e-03, 1.34770887e-03, 6.73854433e-04,
       1.01078162e-03, 3.36927216e-04, 6.73854433e-04, 6.73854433e-04,
       1.34770887e-03, 0., 1.01078162e-03, 6.73854433e-04,
