%YAML:1.0
m50f: !!opencv-matrix
   rows: 1
   cols: 200
   dt: f
   data: [ 6.60938583e-03, 1.98281556e-03, 6.60938583e-03,
       9.91407875e-03, 6.60938560e-04, 3.96563113e-03, 6.60938583e-03,
       9.25313961e-03, 1.98281556e-03, 8.59220140e-03, 1.98281556e-03,
       1.98281556e-03, 5.28750848e-03, 1.12359552e-02, 2.64375424e-03,
       1.12359552e-02, 5.28750848e-03, 7.93126225e-03, 1.98281556e-03,
       4.62656980e-03, 5.28750848e-03, 7.93126225e-03, 3.30469292e-03,
       1.05750170e-02, 3.30469292e-03, 5.94844716e-03, 4.62656980e-03,
       3.30469292e-03, 1.32187712e-03, 1.98281556e-03, 5.94844716e-03,
       1.38797099e-02, 1.32187712e-03, 8.59220140e-03, 6.60938583e-03,
       1.12359552e-02, 1.98281556e-03, 6.60938560e-04, 1.32187712e-03,
       1.25578325e-02, 7.27032404e-03, 2.64375424e-03, 7.27032404e-03,
       0., 6.60938560e-04, 6.60938560e-04, 2.64375424e-03,
       3.96563113e-03, 1.98281575e-02, 3.96563113e-03, 3.30469292e-03,
       9.25313961e-03, 1.32187712e-03, 3.30469292e-03, 6.60938583e-03,
       1.98281556e-03, 4.62656980e-03, 8.59220140e-03, 7.93126225e-03,
       9.91407875e-03, 3.30469292e-03, 1.98281556e-03, 0.,
       4.62656980e-03, 5.28750848e-03, 4.62656980e-03, 1.98281556e-03,
       8.59220140e-03, 7.27032404e-03, 6.60938560e-04, 5.28750848e-03,
       5.28750848e-03, 4.62656980e-03, 6.60938560e-04, 3.30469292e-03,
       5.28750848e-03, 3.70125584e-02, 5.28750848e-03, 1.52015872e-02,
       1.98281556e-03, 6.60938583e-03, 1.32187712e-03, 3.30469292e-03,
       5.28750848e-03, 1.71844028e-02, 2.64375424e-03, 3.30469292e-03,
       2.64375424e-03, 1.05750170e-02, 3.96563113e-03, 3.30469292e-03,
       8.59220140e-03, 2.64375424e-03, 1.98281556e-03, 9.25313961e-03,
       6.60938560e-04, 9.91407875e-03, 4.62656980e-03, 1.58625245e-02,
       4.62656980e-03, 6.60938583e-03, 2.64375424e-03, 4.62656980e-03,
       6.60938583e-03, 5.28750848e-03, 0., 9.25313961e-03,
       5.94844716e-03, 6.60938583e-03, 6.60938560e-04, 8.59220140e-03,
       3.96563113e-03, 8.59220140e-03, 1.98281556e-03, 1.98281556e-03,
       6.60938583e-03, 9.91407875e-03, 2.64375424e-03, 1.32187712e-03,
       1.32187712e-03, 6.60938560e-04, 3.30469292e-03, 1.25578325e-02,
       1.98281556e-03, 3.96563113e-03, 4.62656980e-03, 1.38797099e-02,
       5.94844716e-03, 1.98281556e-03, 1.32187712e-03, 3.30469292e-03,
       3.96563113e-03, 2.64375424e-03, 2.64375424e-03, 1.32187712e-03,
       6.60938583e-03, 5.94844716e-03, 6.60938560e-04, 2.64375424e-03,
       4.62656980e-03, 1.98281556e-03, 5.28750848e-03, 1.32187712e-03,
       6.60938560e-04, 3.30469292e-03, 1.32187712e-03, 6.60938583e-03,
       5.28750848e-03, 1.98281556e-03, 7.27032404e-03, 6.60938560e-04,
       6.60938560e-04, 3.30469292e-03, 1.98281556e-03, 5.94844716e-03,
       8.59220140e-03, 9.91407875e-03, 1.18968943e-02, 1.32187712e-03,
       8.59220140e-03, 1.32187712e-03, 1.32187712e-03, 8.59220140e-03,
       1.32187712e-03, 9.91407875e-03, 5.94844716e-03, 6.60938583e-03,
       9.25313961e-03, 1.98281556e-03, 7.27032404e-03, 3.30469292e-03,
       3.96563113e-03, 6.60938583e-03, 2.64375424e-03, 1.32187712e-03,
       0., 2.64375424e-03, 1.32187712e-03, 1.18968943e-02,
       5.28750848e-03, 3.30469292e-03, 2.64375424e-03, 2.64375424e-03,
       5.28750848e-03, 3.96563113e-03, 1.32187712e-03, 6.60938583e-03,
       3.30469292e-03, 1.32187712e-03, 3.30469292e-03, 2.64375424e-03,
       2.64375424e-03, 3.30469292e-03, 7.27032404e-03, 2.64375424e-03,
       2.64375424e-03, 6.60938560e-04, 3.96563113e-03, 8.59220140e-03,
       3.30469292e-03 ]
