%YAML:1.0
m50f: !!opencv-matrix
   rows: 1
   cols: 800
   dt: f
   data: [ 2.46609119e-03, 1.64406083e-03, 5.75421285e-03,
       4.11015208e-04, 1.64406083e-03, 0., 8.22030415e-04,
       8.22030415e-04, 4.11015208e-04, 3.28812166e-03, 1.64406083e-03,
       2.05507595e-03, 0., 1.23304559e-03, 1.23304559e-03,
       3.69913690e-03, 1.23304559e-03, 4.11015208e-04, 1.23304559e-03,
       1.64406083e-03, 0., 2.46609119e-03, 1.64406083e-03,
       1.64406083e-03, 8.22030415e-04, 2.05507595e-03, 8.22030415e-04,
       4.11015190e-03, 1.64406083e-03, 8.22030415e-04, 4.11015208e-04,
       1.64406083e-03, 2.05507595e-03, 8.22030415e-04, 2.05507595e-03,
       2.05507595e-03, 8.22030415e-04, 4.11015208e-04, 1.23304559e-03,
       0., 2.46609119e-03, 2.05507595e-03, 2.05507595e-03,
       4.11015208e-04, 1.23304559e-03, 1.64406083e-03, 4.11015208e-04,
       4.11015208e-04, 0., 1.64406083e-03, 1.23304559e-03, 0., 0.,
       8.22030415e-04, 4.11015208e-04, 3.28812166e-03, 0.,
       1.64406083e-03, 2.46609119e-03, 1.64406083e-03, 2.46609119e-03,
       0., 2.05507595e-03, 0., 2.87710642e-03, 4.11015208e-04,
       3.28812166e-03, 1.23304559e-03, 1.23304559e-03, 1.23304559e-03,
       3.28812166e-03, 8.22030415e-04, 0., 4.11015208e-04,
       8.22030415e-04, 1.23304559e-03, 4.11015208e-04, 0.,
       1.23304559e-03, 1.64406083e-03, 0., 8.22030415e-04,
       2.46609119e-03, 8.22030415e-04, 4.11015208e-04, 2.46609119e-03,
       8.22030415e-04, 8.22030415e-04, 1.23304559e-03, 1.64406083e-03,
       0., 0., 8.22030415e-04, 1.64406083e-03, 1.23304559e-03, 0.,
       1.23304559e-03, 8.22030415e-04, 1.64406083e-03, 2.05507595e-03,
       8.22030415e-04, 4.11015208e-04, 4.11015208e-04, 8.22030415e-04,
       1.23304559e-03, 2.46609119e-03, 2.05507595e-03, 1.23304559e-03,
       1.23304559e-03, 1.23304559e-03, 1.23304559e-03, 2.46609119e-03,
       8.22030415e-04, 4.11015208e-04, 0., 4.11015208e-04,
       4.11015190e-03, 1.23304559e-03, 8.22030415e-04, 1.23304559e-03,
       1.64406083e-03, 4.11015208e-04, 2.05507595e-03, 1.23304559e-03,
       0., 4.93218238e-03, 2.46609119e-03, 4.11015208e-04,
       2.46609119e-03, 1.64406083e-03, 1.23304559e-03, 4.11015208e-04,
       2.46609119e-03, 8.22030415e-04, 1.64406083e-03, 0.,
       8.22030415e-04, 0., 1.64406083e-03, 1.64406083e-03,
       2.05507595e-03, 8.22030415e-04, 0., 0., 4.11015208e-04,
       8.22030415e-04, 0., 8.22030415e-04, 1.23304559e-03,
       1.64406083e-03, 0., 0., 0., 1.23304559e-03, 1.64406083e-03, 0.,
       1.23304559e-03, 8.22030415e-04, 8.22030415e-04, 1.23304559e-03,
       0., 1.23304559e-03, 2.46609119e-03, 2.87710642e-03,
       8.22030415e-04, 8.22030415e-04, 0., 8.22030415e-04, 0.,
       4.11015208e-04, 2.05507595e-03, 2.05507595e-03, 8.22030415e-04,
       8.22030415e-04, 1.23304559e-03, 0., 1.23304559e-03,
       4.11015208e-04, 8.22030415e-04, 0., 4.93218238e-03,
       1.23304559e-03, 1.23304559e-03, 8.22030415e-04, 1.23304559e-03,
       4.11015208e-04, 4.93218238e-03, 8.22030415e-04, 8.22030415e-04,
       1.64406083e-03, 2.46609119e-03, 4.11015208e-04, 2.05507595e-03,
       0., 8.22030415e-04, 4.11015208e-04, 2.05507595e-03,
       1.64406083e-03, 1.64406083e-03, 8.22030415e-04, 1.23304559e-03,
       1.23304559e-03, 8.22030415e-04, 1.19194407e-02, 8.22030415e-04,
       1.64406083e-03, 5.75421285e-03, 8.22030415e-04, 0., 0.,
       3.69913690e-03, 8.22030415e-04, 4.11015208e-04, 1.64406083e-03,
       1.64406083e-03, 8.22030415e-04, 8.22030415e-04, 2.46609119e-03,
       0., 8.22030415e-04, 1.64406083e-03, 8.22030415e-04,
       4.11015208e-04, 1.23304559e-03, 8.22030415e-04, 1.64406083e-03,
       8.22030415e-04, 1.64406083e-03, 8.22030415e-04, 2.05507595e-03,
       1.64406083e-03, 2.87710642e-03, 1.23304559e-03, 2.46609119e-03,
       2.05507595e-03, 8.22030415e-04, 3.28812166e-03, 4.11015208e-04,
       8.22030415e-04, 4.11015208e-04, 1.64406083e-03, 1.23304559e-03,
       1.64406083e-03, 1.23304559e-03, 1.23304559e-03, 2.05507595e-03,
       1.23304559e-03, 8.22030415e-04, 4.11015208e-04, 4.11015208e-04,
       1.64406083e-03, 2.05507595e-03, 4.11015208e-04, 8.22030415e-04,
       0., 8.22030415e-04, 4.52116737e-03, 1.23304559e-03,
       2.46609119e-03, 1.64406083e-03, 1.23304559e-03, 8.22030415e-04,
       4.11015208e-04, 8.22030415e-04, 2.46609119e-03, 1.23304559e-03,
       1.64406083e-03, 0., 8.22030415e-04, 1.23304559e-03,
       1.23304559e-03, 8.22030415e-04, 4.11015208e-04, 1.23304559e-03,
       2.05507595e-03, 4.11015208e-04, 1.23304559e-03, 2.05507595e-03,
       2.87710642e-03, 0., 8.22030415e-04, 4.11015208e-04,
       1.64406083e-03, 4.11015208e-04, 4.11015208e-04, 4.11015208e-04,
       4.11015208e-04, 1.23304559e-03, 0., 0., 2.46609119e-03,
       8.22030415e-04, 4.11015208e-04, 2.05507595e-03, 1.23304559e-03,
       1.23304559e-03, 3.28812166e-03, 2.46609119e-03, 2.46609119e-03,
       4.11015208e-04, 8.22030415e-04, 4.11015208e-04, 2.46609119e-03,
       1.23304559e-03, 8.22030415e-04, 4.11015208e-04, 0., 0.,
       4.93218238e-03, 3.28812166e-03, 8.22030415e-04, 4.11015208e-04,
       4.52116737e-03, 2.05507595e-03, 4.11015208e-04, 8.22030415e-04,
       0., 1.23304559e-03, 4.11015208e-04, 1.23304559e-03,
       2.46609119e-03, 8.22030415e-04, 8.22030415e-04, 4.11015208e-04,
       4.11015208e-04, 2.05507595e-03, 2.05507595e-03, 8.22030415e-04,
       1.23304559e-03, 8.22030415e-04, 1.23304559e-03, 0.,
       1.64406083e-03, 8.22030415e-04, 8.22030415e-04, 1.64406083e-03,
       4.52116737e-03, 4.11015208e-04, 1.23304559e-03, 1.23304559e-03,
       2.05507595e-03, 8.22030415e-04, 2.87710642e-03, 2.87710642e-03,
       1.64406083e-03, 8.22030415e-04, 4.11015208e-04, 0.,
       1.23304559e-03, 4.11015208e-04, 8.22030415e-04, 1.23304559e-03,
       2.05507595e-03, 3.28812166e-03, 8.22030415e-04, 1.23304559e-03,
       3.28812166e-03, 4.11015190e-03, 2.05507595e-03, 2.46609119e-03,
       1.23304559e-03, 1.23304559e-03, 2.05507595e-03, 8.22030415e-04,
       0., 8.22030415e-04, 0., 4.11015208e-04, 4.11015208e-04,
       1.64406083e-03, 1.23304559e-03, 8.22030415e-04, 4.11015208e-04,
       1.23304559e-03, 0., 1.64406083e-03, 8.22030415e-04,
       1.64406083e-03, 8.22030415e-04, 1.64406083e-03, 3.69913690e-03,
       4.11015208e-04, 4.11015208e-04, 1.23304559e-03, 4.11015208e-04,
       1.23304559e-03, 8.22030415e-04, 2.87710642e-03, 4.11015208e-04,
       1.23304559e-03, 5.34319784e-03, 8.22030415e-04, 0.,
       4.11015208e-04, 2.05507595e-03, 2.05507595e-03, 1.23304559e-03,
       2.05507595e-03, 4.11015208e-04, 8.22030415e-04, 4.11015208e-04,
       4.11015190e-03, 2.46609119e-03, 4.11015208e-04, 1.23304559e-03,
       1.64406083e-03, 4.11015208e-04, 1.23304559e-03, 0.,
       1.64406083e-03, 1.23304559e-03, 4.11015208e-04, 4.11015208e-04,
       2.87710642e-03, 8.22030415e-04, 8.22030415e-04, 0.,
       1.64406083e-03, 4.11015208e-04, 2.87710642e-03, 1.64406083e-03,
       8.22030415e-04, 2.46609119e-03, 4.11015208e-04, 2.05507595e-03,
       0., 1.64406083e-03, 4.11015208e-04, 0., 8.22030415e-04,
       4.11015208e-04, 1.23304559e-03, 1.64406083e-03, 2.46609119e-03,
       2.05507595e-03, 3.28812166e-03, 0., 0., 2.46609119e-03, 0.,
       4.11015208e-04, 8.22030415e-04, 1.23304559e-03, 2.87710642e-03,
       0., 2.46609119e-03, 0., 2.46609119e-03, 4.11015208e-04,
       1.64406083e-03, 1.23304559e-03, 4.11015208e-04, 8.22030415e-04,
       1.64406083e-03, 0., 8.22030415e-04, 0., 8.22030415e-04,
       8.22030415e-04, 8.22030415e-04, 2.05507595e-03, 1.64406083e-03,
       1.64406083e-03, 1.23304559e-03, 2.46609119e-03, 2.87710642e-03,
       4.11015208e-04, 1.64406083e-03, 1.23304559e-03, 3.69913690e-03,
       4.11015208e-04, 4.11015208e-04, 1.64406083e-03, 2.46609119e-03,
       8.22030415e-04, 0., 1.23304559e-03, 1.64406083e-03,
       1.64406083e-03, 2.05507595e-03, 8.22030415e-04, 4.11015208e-04,
       4.11015208e-04, 2.46609119e-03, 4.11015208e-04, 0.,
       2.46609119e-03, 3.28812166e-03, 0., 1.23304559e-03,
