%YAML:1.0
m50f: !!opencv-matrix
   rows: 1
   cols: 800
   dt: f
   data: [ 0., 1.61420496e-03, 2.42130738e-03, 4.03551239e-04,
       1.21065369e-03, 0., 2.01775623e-03, 4.03551239e-04,
       4.03551239e-04, 1.21065369e-03, 4.03551239e-04, 8.07102479e-04,
       8.07102479e-04, 1.21065369e-03, 2.82485876e-03, 2.82485876e-03,
       8.07102479e-04, 1.21065369e-03, 1.21065369e-03, 1.21065369e-03,
       8.07102479e-04, 1.21065369e-03, 8.07102479e-04, 0.,
       2.01775623e-03, 4.03551239e-04, 1.21065369e-03, 2.42130738e-03,
       0., 0., 1.21065369e-03, 1.61420496e-03, 1.21065369e-03,
       8.07102479e-04, 0., 4.84261476e-03, 4.03551239e-04, 0.,
       1.21065369e-03, 4.03551239e-04, 2.42130738e-03, 1.21065369e-03,
       1.61420496e-03, 4.03551239e-04, 2.01775623e-03, 8.07102479e-04,
       4.03551239e-04, 1.21065369e-03, 8.07102479e-04, 1.21065369e-03,
       1.21065369e-03, 8.07102479e-04, 1.61420496e-03, 1.21065369e-03,
       8.07102479e-04, 0., 4.03551239e-04, 0., 1.21065369e-03,
       1.61420496e-03, 0., 8.07102479e-04, 3.63196107e-03,
       1.21065369e-03, 1.61420496e-03, 0., 1.21065369e-03,
       1.21065369e-03, 8.07102479e-04, 1.61420496e-03, 1.21065369e-03,
       0., 0., 2.01775623e-03, 8.07102479e-04, 2.42130738e-03,
       1.21065369e-03, 4.03551245e-03, 2.42130738e-03, 3.22840991e-03,
       4.03551239e-04, 4.03551239e-04, 2.01775623e-03, 4.03551239e-04,
       1.21065369e-03, 2.42130738e-03, 1.61420496e-03, 1.61420496e-03,
       2.42130738e-03, 8.07102479e-04, 4.03551239e-04, 8.07102479e-04,
       2.82485876e-03, 8.07102479e-04, 0., 1.61420496e-03,
       8.07102479e-04, 1.21065369e-03, 2.42130738e-03, 4.03551239e-04,
       8.07102479e-04, 2.01775623e-03, 3.63196107e-03, 1.61420496e-03,
       4.03551239e-04, 2.01775623e-03, 8.07102479e-04, 3.22840991e-03,
       8.07102479e-04, 1.21065369e-03, 1.21065369e-03, 3.63196107e-03,
       0., 8.07102479e-04, 4.43906384e-03, 8.07102479e-04,
       2.82485876e-03, 8.07102479e-04, 1.61420496e-03, 1.21065369e-03,
       4.03551239e-04, 2.42130738e-03, 2.42130738e-03, 2.01775623e-03,
       0., 2.82485876e-03, 2.01775623e-03, 4.03551239e-04,
       4.84261476e-03, 2.82485876e-03, 0., 4.03551239e-04,
       8.07102479e-04, 4.03551239e-04, 4.03551239e-04, 0.,
       2.82485876e-03, 4.03551239e-04, 2.42130738e-03, 2.82485876e-03,
       2.01775623e-03, 8.07102479e-04, 2.42130738e-03, 8.07102479e-04,
       1.61420496e-03, 4.03551239e-04, 4.03551239e-04, 1.21065369e-03,
       0., 4.03551239e-04, 2.42130738e-03, 0., 4.03551239e-04,
       8.07102479e-04, 8.07102479e-04, 8.07102479e-04, 1.21065369e-03,
       3.22840991e-03, 2.42130738e-03, 1.21065369e-03, 8.07102479e-04,
       4.03551239e-04, 1.61420496e-03, 1.21065369e-03, 0.,
       1.21065369e-03, 0., 2.01775623e-03, 1.21065369e-03,
       2.01775623e-03, 1.21065369e-03, 8.07102479e-04, 2.82485876e-03,
       0., 4.03551239e-04, 1.21065369e-03, 8.07102479e-04,
       1.61420496e-03, 2.42130738e-03, 0., 2.01775623e-03,
       1.61420496e-03, 8.07102479e-04, 8.07102479e-04, 2.42130738e-03,
       4.03551239e-04, 3.22840991e-03, 1.21065369e-03, 0.,
       1.21065369e-03, 8.07102479e-04, 1.21065369e-03, 8.07102479e-04,
       2.42130738e-03, 1.21065369e-03, 1.21065369e-03, 1.61420496e-03,
       1.21065369e-03, 2.01775623e-03, 1.21065369e-03, 1.21065369e-03,
       1.21065369e-03, 2.42130738e-03, 1.21065369e-03, 0.,
       8.07102479e-04, 1.61420496e-03, 3.22840991e-03, 2.01775623e-03,
       0., 2.42130738e-03, 1.61420496e-03, 0., 0., 4.03551239e-04, 0.,
       1.21065369e-03, 2.82485876e-03, 1.21065369e-03, 1.21065369e-03,
       8.07102479e-04, 1.61420496e-03, 1.61420496e-03, 1.21065369e-03,
       4.03551239e-04, 3.22840991e-03, 8.07102479e-04, 4.43906384e-03,
       0., 1.61420496e-03, 0., 1.61420496e-03, 1.21065369e-03,
       4.03551239e-04, 1.21065369e-03, 1.21065369e-03, 1.61420496e-03,
       0., 1.61420496e-03, 0., 2.01775623e-03, 0., 3.63196107e-03,
       1.21065369e-03, 8.07102479e-04, 4.03551239e-04, 6.45681983e-03,
       2.01775623e-03, 1.61420496e-03, 2.01775623e-03, 4.03551239e-04,
       1.21065369e-03, 0., 8.07102479e-04, 8.07102479e-04,
       8.07102479e-04, 2.82485876e-03, 2.42130738e-03, 4.03551239e-04,
       2.82485876e-03, 2.01775623e-03, 1.21065369e-03, 8.07102479e-04,
       4.03551239e-04, 1.61420496e-03, 1.21065369e-03, 2.82485876e-03,
       4.03551239e-04, 0., 1.21065369e-03, 1.61420496e-03, 0.,
       1.21065369e-03, 8.07102479e-04, 1.61420496e-03, 1.61420496e-03,
       8.07102479e-04, 2.82485876e-03, 0., 8.07102479e-04,
       2.01775623e-03, 2.82485876e-03, 4.03551239e-04, 4.03551239e-04,
       0., 4.43906384e-03, 2.82485876e-03, 8.07102479e-04,
       4.03551239e-04, 5.24616614e-03, 8.07102479e-04, 4.03551245e-03,
       1.21065369e-03, 8.07102479e-04, 4.03551239e-04, 2.01775623e-03,
       2.42130738e-03, 8.07102479e-04, 1.21065369e-03, 1.61420496e-03,
       2.01775623e-03, 1.21065369e-03, 0., 1.21065369e-03, 0.,
       2.42130738e-03, 4.03551239e-04, 2.01775623e-03, 2.82485876e-03,
       8.07102479e-04, 1.21065369e-03, 0., 2.42130738e-03,
       4.03551239e-04, 4.03551239e-04, 8.07102479e-04, 1.21065369e-03,
       2.01775623e-03, 0., 1.61420496e-03, 2.01775623e-03,
       3.63196107e-03, 8.07102479e-04, 0., 0., 4.43906384e-03,
       2.01775623e-03, 1.61420496e-03, 1.21065369e-03, 8.07102479e-04,
       2.82485876e-03, 0., 0., 1.61420496e-03, 8.07102479e-04,
       3.63196107e-03, 8.07102479e-04, 1.21065369e-03, 8.07102479e-04,
       4.03551239e-04, 4.03551239e-04, 0., 4.03551239e-04,
       3.22840991e-03, 0., 2.01775623e-03, 1.21065369e-03,
       1.61420496e-03, 1.21065369e-03, 2.82485876e-03, 2.82485876e-03,
       2.01775623e-03, 0., 2.01775623e-03, 0., 1.21065369e-03,
       2.42130738e-03, 4.03551239e-04, 1.61420496e-03, 2.01775623e-03,
       1.61420496e-03, 2.01775623e-03, 4.03551245e-03, 8.07102479e-04,
       8.07102479e-04, 0., 1.61420496e-03, 8.07102479e-04,
       1.21065369e-03, 1.61420496e-03, 1.21065369e-03, 2.01775623e-03,
       0., 2.01775623e-03, 8.07102479e-04, 0., 1.61420496e-03,
       1.61420496e-03, 8.07102479e-04, 8.07102479e-04, 1.21065369e-03,
       1.21065369e-03, 4.03551239e-04, 2.42130738e-03, 8.07102479e-04,
       4.03551239e-04, 4.03551239e-04, 8.07102479e-04, 1.21065369e-03,
       8.07102479e-04, 2.01775623e-03, 1.61420496e-03, 0.,
       1.21065369e-03, 1.61420496e-03, 8.07102479e-04, 1.21065369e-03,
       4.03551239e-04, 8.07102479e-04, 2.82485876e-03, 4.03551239e-04,
       1.21065369e-03, 4.84261476e-03, 4.03551239e-04, 1.21065369e-03,
       2.01775623e-03, 8.07102479e-04, 1.21065369e-03, 1.21065369e-03,
       1.21065369e-03, 8.07102479e-04, 1.61420496e-03, 4.03551239e-04,
       1.61420496e-03, 1.21065369e-03, 4.03551239e-04, 4.03551239e-04,
       8.07102479e-04, 8.07102479e-04, 4.03551239e-04, 4.03551239e-04,
       8.07102479e-04, 4.43906384e-03, 8.07102479e-04, 2.42130738e-03,
       0., 2.01775623e-03, 8.07102479e-04, 2.01775623e-03,
       4.03551239e-04, 1.61420496e-03, 4.43906384e-03, 0., 0.,
       1.21065369e-03, 2.01775623e-03, 0., 8.07102479e-04,
       1.61420496e-03, 0., 8.07102479e-04, 1.61420496e-03,
       8.07102479e-04, 0., 4.03551239e-04, 0., 0., 2.01775623e-03,
       2.42130738e-03, 1.21065369e-03, 4.03551239e-04, 8.07102479e-04,
       4.03551239e-04, 1.21065369e-03, 4.03551239e-04, 8.07102479e-04,
       1.61420496e-03, 0., 2.01775623e-03, 8.07102479e-04,
       8.07102479e-04, 1.21065369e-03, 1.61420496e-03, 8.07102479e-04,
       8.07102479e-04, 1.21065369e-03, 4.03551239e-04, 4.03551239e-04,
       4.03551239e-04, 1.61420496e-03, 4.03551239e-04, 8.07102479e-04,
       2.82485876e-03, 2.82485876e-03, 4.03551239e-04, 8.07102479e-04,
       1.21065369e-03, 8.07102479e-04, 1.61420496e-03, 1.61420496e-03,
       4.03551239e-04, 4.03551239e-04, 2.01775623e-03, 1.61420496e-03,
       0., 0., 2.01775623e-03, 0., 3.22840991e-03, 2.42130738e-03,
       3.22840991e-03, 8.07102479e-04, 8.07102479e-04, 4.43906384e-03,
