%YAML:1.0
m50f: !!opencv-matrix
   rows: 1
   cols: 800
   dt: f
   data: [ 1.59808225e-03, 1.99760287e-03, 7.99041125e-04,
       3.99520562e-04, 7.99041125e-04, 1.19856163e-03, 0.,
       7.99041125e-04, 1.99760287e-03, 4.79424652e-03, 1.99760287e-03,
       3.59568512e-03, 3.99520562e-04, 7.99041125e-04, 3.99520562e-04,
       7.99041125e-04, 1.59808225e-03, 7.99041125e-04, 7.99041125e-04,
       1.19856163e-03, 1.59808225e-03, 1.19856163e-03, 3.99520562e-04,
       1.99760287e-03, 0., 0., 0., 1.59808225e-03, 7.99041125e-04,
       1.19856163e-03, 1.59808225e-03, 3.99520562e-04, 2.39712326e-03,
       1.99760287e-03, 0., 3.59568512e-03, 3.99520562e-04, 0.,
       3.99520562e-04, 0., 1.59808225e-03, 1.59808225e-03,
       1.99760287e-03, 3.99520562e-04, 1.19856163e-03, 1.59808225e-03,
       3.99520562e-04, 1.19856163e-03, 3.99520562e-04, 1.19856163e-03,
       7.99041125e-04, 7.99041125e-04, 3.99520562e-04, 7.99041125e-04,
       7.99041125e-04, 1.99760287e-03, 0., 1.19856163e-03,
       1.59808225e-03, 2.39712326e-03, 1.59808225e-03, 1.19856163e-03,
       7.99041125e-04, 2.79664388e-03, 1.59808225e-03, 3.99520562e-04,
       2.39712326e-03, 3.99520562e-04, 7.99041125e-04, 1.19856163e-03,
       0., 0., 3.99520562e-04, 3.99520562e-04, 2.79664388e-03,
       2.39712326e-03, 1.59808225e-03, 1.59808225e-03, 0.,
       1.99760287e-03, 0., 3.99520562e-04, 2.79664388e-03,
       7.99041125e-04, 2.39712326e-03, 3.99520574e-03, 1.19856163e-03,
       7.99041125e-04, 3.59568512e-03, 3.99520562e-04, 3.99520562e-04,
       1.59808225e-03, 3.99520562e-04, 0., 3.99520562e-04, 0.,
       3.99520562e-04, 2.79664388e-03, 3.59568512e-03, 1.19856163e-03,
       7.99041125e-04, 1.19856163e-03, 1.19856163e-03, 1.99760287e-03,
       0., 1.99760287e-03, 3.99520562e-04, 7.99041125e-04,
       3.99520562e-04, 1.19856163e-03, 1.59808225e-03, 2.79664388e-03,
       3.99520562e-04, 7.99041125e-04, 1.59808225e-03, 7.99041125e-04,
       1.19856163e-03, 1.59808225e-03, 4.39472636e-03, 0.,
       7.99041125e-04, 1.19856163e-03, 1.99760287e-03, 1.99760287e-03,
       0., 0., 1.99760287e-03, 2.39712326e-03, 2.79664388e-03,
       7.99041125e-04, 7.99041125e-04, 7.99041125e-04, 4.39472636e-03,
       2.39712326e-03, 7.99041125e-04, 7.99041125e-04, 1.59808225e-03,
       3.99520562e-04, 2.39712326e-03, 1.59808225e-03, 7.99041125e-04,
       0., 1.19856163e-03, 1.19856163e-03, 1.19856163e-03,
       3.99520562e-04, 1.19856163e-03, 7.99041125e-04, 7.99041125e-04,
       1.99760287e-03, 1.99760287e-03, 0., 1.59808225e-03,
       2.39712326e-03, 3.99520562e-04, 1.59808225e-03, 3.99520562e-04,
       7.99041125e-04, 3.99520562e-04, 1.19856163e-03, 3.99520562e-04,
       3.99520562e-04, 3.19616450e-03, 3.99520562e-04, 3.99520574e-03,
       0., 3.99520562e-04, 1.59808225e-03, 3.99520562e-04,
       3.99520562e-04, 3.99520562e-04, 1.19856163e-03, 0., 0.,
       1.19856163e-03, 1.59808225e-03, 1.59808225e-03, 2.79664388e-03,
       7.59089086e-03, 0., 1.99760287e-03, 1.19856163e-03,
       1.99760287e-03, 1.59808225e-03, 7.99041125e-04, 0., 0.,
       7.99041125e-04, 0., 3.99520562e-04, 2.39712326e-03,
       1.19856163e-03, 1.99760287e-03, 1.19856163e-03, 1.19856163e-03,
       1.19856163e-03, 0., 7.99041125e-04, 2.79664388e-03,
       1.99760287e-03, 3.99520574e-03, 7.99041125e-04, 2.79664388e-03,
       1.59808225e-03, 0., 1.59808225e-03, 1.59808225e-03,
       2.39712326e-03, 3.99520562e-04, 0., 1.99760287e-03,
       1.59808225e-03, 2.79664388e-03, 7.99041125e-04, 1.19856163e-03,
       1.19856163e-03, 7.99041125e-04, 3.99520562e-04, 7.99041125e-04,
       7.99041125e-04, 2.39712326e-03, 2.39712326e-03, 1.59808225e-03,
       1.19856163e-03, 7.99041125e-04, 7.99041125e-04, 7.99041125e-04,
       1.19856163e-03, 7.99041125e-04, 2.39712326e-03, 3.59568512e-03,
       5.99280838e-03, 1.19856163e-03, 1.99760287e-03, 3.59568512e-03,
       3.99520574e-03, 2.79664388e-03, 3.99520562e-04, 7.99041125e-04,
       3.99520562e-04, 1.19856163e-03, 7.99041125e-04, 3.99520562e-04,
       3.99520562e-04, 2.39712326e-03, 2.39712326e-03, 2.39712326e-03,
       3.99520562e-04, 1.59808225e-03, 3.99520562e-04, 0.,
       1.59808225e-03, 0., 3.99520562e-04, 0., 2.39712326e-03,
       3.19616450e-03, 1.19856163e-03, 1.59808225e-03, 1.59808225e-03,
       0., 3.19616450e-03, 3.99520562e-04, 7.99041125e-04,
       3.99520562e-04, 1.99760287e-03, 7.99041125e-04, 7.99041125e-04,
       0., 7.99041125e-04, 1.59808225e-03, 1.19856163e-03,
       7.99041125e-04, 3.99520562e-04, 3.99520562e-04, 7.99041125e-04,
       1.59808225e-03, 3.99520562e-04, 1.19856163e-03, 1.19856163e-03,
       1.59808225e-03, 1.19856163e-03, 7.99041125e-04, 1.19856163e-03,
       2.79664388e-03, 3.19616450e-03, 1.59808225e-03, 7.99041125e-04,
       3.99520562e-04, 1.19856163e-03, 7.99041125e-04, 2.39712326e-03,
       0., 1.19856163e-03, 3.99520562e-04, 7.99041125e-04,
       7.99041125e-04, 1.59808225e-03, 1.99760287e-03, 3.99520562e-04,
       1.19856163e-03, 1.19856163e-03, 4.39472636e-03, 2.39712326e-03,
       7.99041125e-04, 1.19856163e-03, 3.99520562e-04, 1.19856163e-03,
       5.19376714e-03, 3.99520562e-04, 3.99520562e-04, 1.59808225e-03,
       2.79664388e-03, 1.19856163e-03, 1.19856163e-03, 1.59808225e-03,
       1.59808225e-03, 2.39712326e-03, 0., 7.99041125e-04, 0.,
       3.99520562e-04, 7.99041125e-04, 1.59808225e-03, 1.19856163e-03,
       3.19616450e-03, 1.99760287e-03, 0., 3.99520562e-04,
       1.19856163e-03, 3.19616450e-03, 3.99520562e-04, 3.99520562e-04,
       0., 1.19856163e-03, 1.19856163e-03, 3.19616450e-03,
       1.59808225e-03, 1.19856163e-03, 3.99520562e-04, 1.19856163e-03,
       1.19856163e-03, 1.19856163e-03, 2.39712326e-03, 3.99520562e-04,
       3.99520562e-04, 7.99041125e-04, 7.99041125e-04, 0.,
       3.99520562e-04, 1.59808225e-03, 1.19856163e-03, 7.99041125e-04,
       3.19616450e-03, 0., 1.59808225e-03, 2.39712326e-03,
       1.19856163e-03, 1.19856163e-03, 1.99760287e-03, 1.19856163e-03,
       3.99520562e-04, 7.99041125e-04, 3.99520562e-04, 3.99520562e-04,
       3.99520562e-04, 7.99041125e-04, 3.99520562e-04, 1.19856163e-03,
       0., 1.99760287e-03, 2.39712326e-03, 3.99520562e-04,
       3.99520562e-04, 7.99041125e-04, 7.99041125e-04, 0., 0.,
       3.99520562e-04, 1.99760287e-03, 7.99041125e-04, 3.99520562e-04,
       7.99041125e-04, 7.99041125e-04, 3.99520562e-04, 3.99520562e-04,
       2.39712326e-03, 2.79664388e-03, 7.99041125e-04, 1.99760287e-03,
       1.19856163e-03, 1.99760287e-03, 7.99041125e-04, 3.99520574e-03,
       2.39712326e-03, 7.99041125e-04, 1.19856163e-03, 1.59808225e-03,
       1.19856163e-03, 3.99520562e-04, 0., 1.99760287e-03,
       7.99041125e-04, 2.39712326e-03, 7.99041125e-04, 3.99520562e-04,
       1.59808225e-03, 7.99041125e-04, 7.99041125e-04, 3.99520562e-04,
       7.99041125e-04, 7.99041125e-04, 3.99520562e-04, 1.19856163e-03,
       7.99041125e-04, 0., 3.99520562e-04, 0., 3.99520562e-04,
       1.59808225e-03, 3.99520562e-04, 7.99041125e-04, 3.99520562e-04,
       0., 7.99041125e-04, 7.99041125e-04, 1.59808225e-03,
       1.59808225e-03, 0., 3.99520562e-04, 1.19856163e-03,
       7.99041125e-04, 5.19376714e-03, 3.99520562e-04, 1.99760287e-03,
       2.39712326e-03, 3.99520562e-04, 3.99520562e-04, 3.99520562e-04,
       0., 1.19856163e-03, 1.99760287e-03, 1.19856163e-03,
       1.19856163e-03, 7.99041125e-04, 7.99041125e-04, 1.99760287e-03,
       3.99520562e-04, 1.99760287e-03, 2.39712326e-03, 3.99520562e-04,
       7.99041125e-04, 3.99520562e-04, 2.79664388e-03, 3.99520562e-04,
       1.59808225e-03, 3.99520562e-04, 0., 3.99520562e-04,
       3.99520562e-04, 1.19856163e-03, 1.99760287e-03, 3.99520562e-04,
       1.99760287e-03, 2.39712326e-03, 3.99520562e-04, 1.19856163e-03,
       2.79664388e-03, 7.99041125e-04, 1.19856163e-03, 2.79664388e-03,
       0., 1.99760287e-03, 3.19616450e-03, 3.99520562e-04,
       3.99520562e-04, 7.99041125e-04, 7.99041125e-04, 1.59808225e-03,
       7.99041125e-04, 1.99760287e-03, 2.39712326e-03, 1.99760287e-03,
