%YAML:1.0
m50f: !!opencv-matrix
   rows: 1
   cols: 800
   dt: f
   data: [ 4.69263265e-04, 9.38526529e-04, 4.69263270e-03,
       4.69263265e-04, 1.40778976e-03, 0., 2.34631635e-03,
       1.40778976e-03, 0., 1.40778976e-03, 1.40778976e-03,
       9.38526529e-04, 0., 4.69263265e-04, 1.87705306e-03,
       4.69263265e-04, 1.40778976e-03, 0., 9.38526529e-04,
       4.69263265e-04, 2.34631635e-03, 1.40778976e-03, 1.40778976e-03,
       2.34631635e-03, 9.38526529e-04, 4.69263265e-04, 3.28484294e-03,
       1.87705306e-03, 2.34631635e-03, 4.69263270e-03, 4.69263265e-04,
       0., 3.75410612e-03, 2.81557953e-03, 4.69263265e-04,
       2.34631635e-03, 1.87705306e-03, 9.38526529e-04, 9.38526529e-04,
       4.69263265e-04, 9.38526529e-04, 4.69263265e-04, 2.34631635e-03,
       0., 1.40778976e-03, 1.40778976e-03, 1.40778976e-03,
       1.87705306e-03, 0., 4.69263265e-04, 1.87705306e-03, 0.,
       3.75410612e-03, 4.69263265e-04, 4.69263265e-04, 4.69263265e-04,
       4.69263265e-04, 1.40778976e-03, 2.81557953e-03, 4.69263265e-04,
       9.38526529e-04, 1.40778976e-03, 1.40778976e-03, 1.40778976e-03,
       2.81557953e-03, 0., 6.56968588e-03, 6.10042224e-03,
       4.69263265e-04, 0., 9.38526529e-04, 1.40778976e-03,
       4.69263265e-04, 0., 4.69263265e-04, 1.40778976e-03, 0.,
       1.40778976e-03, 4.69263265e-04, 4.69263265e-04, 9.38526529e-04,
       1.40778976e-03, 4.69263265e-04, 9.38526529e-04, 0.,
       4.69263265e-04, 4.69263265e-04, 4.69263265e-04, 1.87705306e-03,
       0., 0., 0., 0., 0., 9.38526529e-04, 2.81557953e-03,
       1.87705306e-03, 1.40778976e-03, 3.28484294e-03, 0.,
       3.75410612e-03, 1.40778976e-03, 0., 1.40778976e-03, 0.,
       1.40778976e-03, 9.38526529e-04, 0., 1.40778976e-03,
       9.38526529e-04, 9.38526529e-04, 1.87705306e-03, 1.40778976e-03,
       4.69263265e-04, 1.40778976e-03, 1.87705306e-03, 2.81557953e-03,
       1.87705306e-03, 1.40778976e-03, 1.40778976e-03, 0.,
       1.40778976e-03, 4.22336953e-03, 4.69263270e-03, 0., 0.,
       4.69263265e-04, 9.38526529e-04, 2.81557953e-03, 4.69263265e-04,
       0., 4.69263265e-04, 3.75410612e-03, 1.40778976e-03,
       9.38526529e-04, 0., 1.40778976e-03, 4.69263265e-04,
       4.69263265e-04, 4.69263265e-04, 3.28484294e-03, 9.38526529e-04,
       9.38526529e-04, 4.69263265e-04, 1.87705306e-03, 0.,
       1.87705306e-03, 9.38526529e-04, 0., 2.34631635e-03, 0., 0.,
       1.40778976e-03, 9.38526529e-04, 4.69263265e-04, 9.38526529e-04,
       0., 4.69263265e-04, 1.87705306e-03, 1.40778976e-03,
       3.75410612e-03, 2.81557953e-03, 1.40778976e-03, 1.87705306e-03,
       9.38526529e-04, 3.75410612e-03, 0., 1.87705306e-03,
       1.40778976e-03, 4.69263265e-04, 1.40778976e-03, 4.69263265e-04,
       3.75410612e-03, 0., 9.38526529e-04, 0., 9.38526529e-04,
       2.81557953e-03, 2.34631635e-03, 0., 9.38526529e-04,
       1.87705306e-03, 9.38526529e-04, 0., 4.69263265e-04,
       4.69263265e-04, 4.69263265e-04, 0., 0., 1.40778976e-03,
       9.38526529e-04, 0., 4.22336953e-03, 2.34631635e-03,
       1.87705306e-03, 3.28484294e-03, 9.38526529e-04, 9.38526529e-04,
       1.40778976e-03, 1.87705306e-03, 2.81557953e-03, 0.,
       4.69263265e-04, 9.38526529e-04, 9.38526529e-04, 9.38526529e-04,
       9.38526529e-04, 3.28484294e-03, 4.69263265e-04, 9.38526529e-04,
       4.69263265e-04, 9.38526529e-04, 0., 0., 1.87705306e-03,
       1.87705306e-03, 1.87705306e-03, 1.40778976e-03, 4.69263265e-04,
       0., 9.38526529e-04, 3.28484294e-03, 4.69263265e-04,
       4.69263265e-04, 2.81557953e-03, 1.40778976e-03, 4.69263265e-04,
       4.69263265e-04, 9.38526529e-04, 9.38526529e-04, 0.,
       1.87705306e-03, 4.69263265e-04, 1.87705306e-03, 9.38526529e-04,
       3.28484294e-03, 4.69263265e-04, 1.87705306e-03, 0.,
       4.69263265e-04, 9.38526529e-04, 4.22336953e-03, 9.38526529e-04,
       3.28484294e-03, 1.40778976e-03, 4.69263265e-04, 1.40778976e-03,
       2.34631635e-03, 9.38526529e-04, 4.69263265e-04, 4.69263265e-04,
       9.38526529e-04, 0., 1.87705306e-03, 9.38526529e-04,
       9.38526529e-04, 4.69263265e-04, 9.38526529e-04, 2.81557953e-03,
       4.69263265e-04, 2.34631635e-03, 4.69263265e-04, 0.,
       3.28484294e-03, 4.69263265e-04, 4.69263265e-04, 1.40778976e-03,
       0., 4.69263265e-04, 4.69263265e-04, 9.38526529e-04,
       4.69263265e-04, 0., 4.69263265e-04, 4.69263265e-04, 0., 0.,
       2.34631635e-03, 9.38526529e-04, 3.28484294e-03, 9.38526529e-04,
       1.40778976e-03, 9.38526529e-04, 9.38526529e-04, 1.40778976e-03,
       1.40778976e-03, 0., 4.69263265e-04, 0., 4.69263270e-03,
       1.40778976e-03, 1.87705306e-03, 0., 9.38526529e-04,
       1.40778976e-03, 2.81557953e-03, 0., 9.38526529e-04,
       1.40778976e-03, 4.69263265e-04, 1.87705306e-03, 1.87705306e-03,
       4.69263265e-04, 1.87705306e-03, 1.87705306e-03, 2.81557953e-03,
       0., 4.69263265e-04, 2.81557953e-03, 0., 4.22336953e-03,
       3.75410612e-03, 4.69263265e-04, 1.40778976e-03, 4.69263265e-04,
       2.34631635e-03, 4.69263265e-04, 2.34631635e-03, 9.38526529e-04,
       4.22336953e-03, 4.69263265e-04, 9.38526529e-04, 9.38526529e-04,
       1.87705306e-03, 1.87705306e-03, 2.34631635e-03, 1.40778976e-03,
       0., 4.69263265e-04, 9.38526529e-04, 9.38526529e-04, 0., 0.,
       1.87705306e-03, 4.69263265e-04, 1.40778976e-03, 5.16189588e-03,
       0., 2.34631635e-03, 0., 1.87705306e-03, 9.38526529e-04,
       2.34631635e-03, 1.40778976e-03, 9.38526529e-04, 1.40778976e-03,
       2.81557953e-03, 2.34631635e-03, 9.38526529e-04, 1.40778976e-03,
       0., 9.38526529e-04, 0., 9.38526529e-04, 2.34631635e-03,
       1.40778976e-03, 4.69263265e-04, 1.40778976e-03, 9.38526529e-04,
       9.38526529e-04, 3.28484294e-03, 1.40778976e-03, 9.38526529e-04,
       1.87705306e-03, 9.38526529e-04, 3.28484294e-03, 1.40778976e-03,
       0., 9.38526529e-04, 9.38526529e-04, 2.34631635e-03,
       1.87705306e-03, 4.69263265e-04, 2.34631635e-03, 5.16189588e-03,
       4.69263265e-04, 0., 9.38526529e-04, 1.87705306e-03,
       1.40778976e-03, 1.40778976e-03, 4.69263265e-04, 1.40778976e-03,
       1.40778976e-03, 1.87705306e-03, 9.38526529e-04, 2.34631635e-03,
       2.81557953e-03, 9.38526529e-04, 1.87705306e-03, 1.40778976e-03,
       2.81557953e-03, 0., 9.38526529e-04, 1.40778976e-03,
       4.69263265e-04, 2.34631635e-03, 1.40778976e-03, 1.87705306e-03,
       1.87705306e-03, 9.38526529e-04, 0., 4.69263265e-04, 0.,
       3.28484294e-03, 0., 1.87705306e-03, 4.69263265e-04, 0.,
       1.40778976e-03, 0., 9.38526529e-04, 9.38526529e-04,
       1.40778976e-03, 4.69263265e-04, 0., 1.40778976e-03,
       4.69263265e-04, 4.69263265e-04, 4.69263265e-04, 0.,
       3.28484294e-03, 1.87705306e-03, 9.38526529e-04, 4.22336953e-03,
       4.69263265e-04, 1.40778976e-03, 0., 0., 9.38526529e-04,
       1.87705306e-03, 4.69263265e-04, 2.34631635e-03, 4.69263265e-04,
       1.87705306e-03, 4.69263265e-04, 0., 3.28484294e-03,
       4.69263265e-04, 0., 1.87705306e-03, 9.38526529e-04,
       1.40778976e-03, 2.34631635e-03, 0., 1.40778976e-03,
       1.40778976e-03, 9.38526529e-04, 4.69263265e-04, 0., 0., 0.,
       9.38526529e-04, 9.38526529e-04, 4.69263265e-04, 9.38526529e-04,
       1.40778976e-03, 0., 9.38526529e-04, 1.40778976e-03,
       1.87705306e-03, 1.40778976e-03, 0., 0., 3.75410612e-03,
       4.69263265e-04, 1.40778976e-03, 7.03894906e-03, 1.40778976e-03,
       1.87705306e-03, 4.69263265e-04, 0., 4.22336953e-03,
       1.87705306e-03, 9.38526529e-04, 0., 4.69263265e-04,
       1.87705306e-03, 2.81557953e-03, 0., 4.69263265e-04,
       9.38526529e-04, 4.69263265e-04, 4.69263265e-04, 9.38526529e-04,
       4.69263265e-04, 0., 0., 4.22336953e-03, 3.75410612e-03,
       9.38526529e-04, 1.87705306e-03, 3.75410612e-03, 0.,
       1.40778976e-03, 1.87705306e-03, 1.40778976e-03, 2.81557953e-03,
       9.38526529e-04, 9.38526529e-04, 0., 2.81557953e-03,
       9.38526529e-04, 4.69263265e-04, 4.69263265e-04, 2.34631635e-03,
       3.28484294e-03, 9.38526529e-04, 2.81557953e-03, 1.87705306e-03,
