%YAML:1.0
m50f: !!opencv-matrix
   rows: 1
   cols: 800
   dt: f
   data: [ 1.22749596e-03, 8.18330620e-04, 1.10474629e-02, 0.,
       1.63666124e-03, 4.09165310e-04, 1.63666124e-03, 0., 0.,
       3.27332248e-03, 4.09165304e-03, 2.45499192e-03, 0.,
       1.22749596e-03, 4.09165310e-04, 2.45499192e-03, 1.22749596e-03,
       8.18330620e-04, 1.22749596e-03, 2.04582652e-03, 1.22749596e-03,
       1.22749596e-03, 1.22749596e-03, 1.63666124e-03, 0.,
       8.18330620e-04, 8.18330620e-04, 5.31914923e-03, 4.09165310e-04,
       0., 1.22749596e-03, 0., 1.22749596e-03, 1.63666124e-03,
       2.04582652e-03, 2.86415708e-03, 8.18330620e-04, 0.,
       1.22749596e-03, 0., 3.27332248e-03, 4.09165310e-04,
       8.18330620e-04, 4.09165310e-04, 8.18330620e-04, 2.45499192e-03,
       4.09165310e-04, 1.22749596e-03, 0., 1.22749596e-03,
       1.63666124e-03, 8.18330620e-04, 2.04582652e-03, 8.18330620e-04,
       0., 2.04582652e-03, 0., 1.63666124e-03, 2.45499192e-03,
       2.86415708e-03, 2.04582652e-03, 2.04582652e-03, 1.22749596e-03,
       0., 1.63666124e-03, 4.09165310e-04, 5.72831417e-03,
       1.22749596e-03, 1.22749596e-03, 1.22749596e-03, 3.27332248e-03,
       4.09165310e-04, 4.09165310e-04, 4.09165310e-04, 8.18330620e-04,
       8.18330620e-04, 4.09165310e-04, 2.45499192e-03, 1.22749596e-03,
       2.04582652e-03, 0., 1.22749596e-03, 2.04582652e-03,
       8.18330620e-04, 4.09165310e-04, 3.27332248e-03, 4.09165310e-04,
       4.09165310e-04, 8.18330620e-04, 8.18330620e-04, 0., 0.,
       1.63666124e-03, 2.04582652e-03, 8.18330620e-04, 0.,
       1.22749596e-03, 2.04582652e-03, 1.63666124e-03, 1.63666124e-03,
       2.45499192e-03, 1.22749596e-03, 1.22749596e-03, 1.63666124e-03,
       4.09165310e-04, 2.04582652e-03, 2.04582652e-03, 8.18330620e-04,
       1.63666124e-03, 8.18330620e-04, 1.22749596e-03, 3.27332248e-03,
       8.18330620e-04, 4.09165310e-04, 8.18330620e-04, 4.09165310e-04,
       2.86415708e-03, 1.63666124e-03, 0., 1.63666124e-03,
       2.04582652e-03, 1.63666124e-03, 4.09165310e-04, 1.63666124e-03,
       0., 5.31914923e-03, 2.86415708e-03, 4.09165310e-04,
       1.22749596e-03, 2.04582652e-03, 0., 1.22749596e-03,
       4.50081844e-03, 8.18330620e-04, 8.18330620e-04, 0.,
       1.22749596e-03, 0., 1.22749596e-03, 1.63666124e-03,
       3.27332248e-03, 8.18330620e-04, 0., 4.09165310e-04,
       4.09165310e-04, 8.18330620e-04, 0., 8.18330620e-04,
       8.18330620e-04, 0., 0., 0., 4.09165310e-04, 2.45499192e-03,
       4.09165310e-04, 2.86415708e-03, 8.18330620e-04, 8.18330620e-04,
       1.22749596e-03, 4.09165310e-04, 8.18330620e-04, 1.63666124e-03,
       4.09165310e-04, 3.68248788e-03, 4.09165310e-04, 4.09165310e-04,
       4.09165310e-04, 0., 0., 8.18330620e-04, 2.04582652e-03,
       2.04582652e-03, 4.09165310e-04, 8.18330620e-04, 0., 0., 0., 0.,
       1.22749596e-03, 0., 2.86415708e-03, 3.27332248e-03, 0.,
       8.18330620e-04, 1.22749596e-03, 0., 3.68248788e-03,
       8.18330620e-04, 8.18330620e-04, 1.22749596e-03, 2.45499192e-03,
       8.18330620e-04, 1.63666124e-03, 4.09165310e-04, 1.22749596e-03,
       8.18330620e-04, 1.63666124e-03, 1.63666124e-03, 1.22749596e-03,
       4.09165310e-04, 8.18330620e-04, 1.63666124e-03, 2.86415708e-03,
       8.18330608e-03, 8.18330620e-04, 2.04582652e-03, 4.90998384e-03,
       4.09165310e-04, 8.18330620e-04, 0., 3.27332248e-03,
       4.09165310e-04, 4.09165310e-04, 4.09165310e-04, 3.68248788e-03,
       1.22749596e-03, 1.22749596e-03, 8.18330620e-04, 0.,
       4.09165310e-04, 2.04582652e-03, 1.22749596e-03, 2.45499192e-03,
       4.09165310e-04, 4.09165310e-04, 1.63666124e-03, 1.63666124e-03,
       2.45499192e-03, 8.18330620e-04, 1.22749596e-03, 8.18330620e-04,
       2.45499192e-03, 8.18330620e-04, 1.63666124e-03, 2.04582652e-03,
       1.22749596e-03, 2.86415708e-03, 4.09165310e-04, 2.04582652e-03,
       4.09165310e-04, 1.22749596e-03, 2.45499192e-03, 3.27332248e-03,
       1.63666124e-03, 2.86415708e-03, 1.63666124e-03, 3.27332248e-03,
       1.22749596e-03, 4.09165310e-04, 1.22749596e-03, 1.22749596e-03,
       1.63666124e-03, 1.63666124e-03, 1.22749596e-03, 0.,
       8.18330620e-04, 2.86415708e-03, 2.86415708e-03, 2.04582652e-03,
       2.45499192e-03, 1.63666124e-03, 2.86415708e-03, 0., 0.,
       2.45499192e-03, 2.45499192e-03, 1.22749596e-03, 0.,
       8.18330620e-04, 8.18330620e-04, 2.86415708e-03, 8.18330620e-04,
       8.18330620e-04, 1.22749596e-03, 3.27332248e-03, 8.18330620e-04,
       1.22749596e-03, 1.22749596e-03, 1.63666124e-03, 1.22749596e-03,
       2.04582652e-03, 4.09165310e-04, 8.18330620e-04, 4.09165310e-04,
       1.22749596e-03, 1.22749596e-03, 1.22749596e-03, 1.63666124e-03,
       0., 2.04582652e-03, 2.86415708e-03, 8.18330620e-04,
       8.18330620e-04, 1.63666124e-03, 0., 1.63666124e-03,
       1.63666124e-03, 1.22749596e-03, 1.22749596e-03, 0.,
       8.18330620e-04, 0., 1.63666124e-03, 1.22749596e-03,
       8.18330620e-04, 2.86415708e-03, 0., 0., 3.27332248e-03,
       3.68248788e-03, 8.18330620e-04, 0., 1.63666124e-03,
       2.86415708e-03, 4.09165310e-04, 4.09165310e-04, 8.18330620e-04,
       8.18330620e-04, 4.09165310e-04, 1.22749596e-03, 2.45499192e-03,
       1.22749596e-03, 2.04582652e-03, 1.22749596e-03, 8.18330620e-04,
       2.86415708e-03, 4.09165310e-04, 4.09165310e-04, 8.18330620e-04,
       1.63666124e-03, 4.50081844e-03, 0., 2.45499192e-03,
       4.09165310e-04, 2.45499192e-03, 1.63666124e-03, 5.72831417e-03,
       4.09165310e-04, 1.22749596e-03, 1.63666124e-03, 2.04582652e-03,
       8.18330620e-04, 2.04582652e-03, 3.68248788e-03, 2.45499192e-03,
       1.22749596e-03, 1.22749596e-03, 4.09165310e-04, 8.18330620e-04,
       4.09165310e-04, 4.09165310e-04, 8.18330620e-04, 0.,
       2.04582652e-03, 8.18330620e-04, 1.22749596e-03, 2.04582652e-03,
       2.45499192e-03, 8.18330620e-04, 2.04582652e-03, 1.22749596e-03,
       8.18330620e-04, 1.22749596e-03, 4.09165310e-04, 0.,
       1.22749596e-03, 1.22749596e-03, 1.22749596e-03, 1.22749596e-03,
       1.63666124e-03, 8.18330620e-04, 2.86415708e-03, 4.09165310e-04,
       0., 2.04582652e-03, 8.18330620e-04, 4.09165310e-04,
       4.09165310e-04, 0., 8.18330620e-04, 1.63666124e-03,
       1.22749596e-03, 4.09165310e-04, 8.18330620e-04, 0.,
       4.09165310e-04, 2.04582652e-03, 2.04582652e-03, 1.22749596e-03,
       8.18330620e-04, 4.90998384e-03, 8.18330620e-04, 8.18330620e-04,
       0., 8.18330620e-04, 2.45499192e-03, 8.18330620e-04,
       2.45499192e-03, 0., 1.22749596e-03, 0., 3.68248788e-03,
       1.63666124e-03, 1.22749596e-03, 8.18330620e-04, 2.45499192e-03,
       4.09165310e-04, 1.22749596e-03, 8.18330620e-04, 1.63666124e-03,
       8.18330620e-04, 4.09165310e-04, 4.09165310e-04, 3.27332248e-03,
       1.22749596e-03, 0., 0., 1.22749596e-03, 8.18330620e-04,
       8.18330620e-04, 1.22749596e-03, 0., 2.45499192e-03,
       4.09165310e-04, 8.18330620e-04, 4.09165310e-04, 8.18330620e-04,
       0., 0., 2.04582652e-03, 8.18330620e-04, 0., 1.22749596e-03,
       1.63666124e-03, 1.63666124e-03, 2.45499192e-03, 0., 0.,
       2.04582652e-03, 0., 8.18330620e-04, 1.22749596e-03,
       8.18330620e-04, 1.22749596e-03, 1.22749596e-03, 1.63666124e-03,
       0., 2.45499192e-03, 8.18330620e-04, 1.22749596e-03,
       2.45499192e-03, 4.09165310e-04, 4.09165310e-04, 8.18330620e-04,
       0., 1.63666124e-03, 4.09165310e-04, 0., 8.18330620e-04,
       1.22749596e-03, 1.63666124e-03, 1.63666124e-03, 1.63666124e-03,
       1.22749596e-03, 1.63666124e-03, 2.04582652e-03, 4.09165310e-04,
       1.22749596e-03, 8.18330620e-04, 3.27332248e-03, 0., 0.,
       8.18330620e-04, 8.18330620e-04, 0., 0., 8.18330620e-04,
       1.22749596e-03, 1.22749596e-03, 1.22749596e-03, 1.22749596e-03,
       4.09165310e-04, 8.18330620e-04, 2.45499192e-03, 1.22749596e-03,
       0., 1.22749596e-03, 3.27332248e-03, 4.50081844e-03,
       1.22749596e-03, 0., 2.04582652e-03, 2.86415708e-03,
       2.04582652e-03, 1.22749596e-03, 2.04582652e-03, 1.22749596e-03,
