%YAML:1.0
m50f: !!opencv-matrix
   rows: 1
   cols: 800
   dt: f
   data: [ 9.68054228e-04, 1.45208137e-03, 1.93610846e-03,
       2.42013554e-03, 2.90416274e-03, 9.68054228e-04, 9.68054228e-04,
       1.93610846e-03, 2.42013554e-03, 1.45208137e-03, 4.84027114e-04,
       1.93610846e-03, 0., 0., 9.68054228e-04, 0., 1.93610846e-03,
       9.68054228e-04, 1.93610846e-03, 0., 0., 0., 1.93610846e-03, 0.,
       9.68054228e-04, 4.84027114e-04, 1.45208137e-03, 2.42013554e-03,
       9.68054228e-04, 1.45208137e-03, 1.45208137e-03, 9.68054228e-04,
       4.84027114e-04, 2.42013554e-03, 0., 2.90416274e-03,
       9.68054228e-04, 0., 9.68054228e-04, 4.84027114e-04,
       1.93610846e-03, 0., 1.93610846e-03, 1.93610846e-03,
       9.68054228e-04, 1.93610846e-03, 4.84027114e-04, 4.84027114e-04,
       0., 4.84027114e-04, 9.68054228e-04, 9.68054228e-04,
       4.84027114e-04, 4.84027114e-04, 4.84027114e-04, 9.68054228e-04,
       1.45208137e-03, 0., 1.45208137e-03, 1.93610846e-03, 0., 0.,
       2.90416274e-03, 9.68054228e-04, 2.42013554e-03, 0.,
       9.68054228e-04, 9.68054228e-04, 9.68054228e-04, 4.84027114e-04,
       1.45208137e-03, 0., 4.84027114e-04, 0., 9.68054228e-04,
       1.93610846e-03, 0., 9.68054228e-04, 9.68054228e-04,
       4.84027114e-04, 9.68054228e-04, 0., 9.68054228e-04,
       2.90416274e-03, 1.45208137e-03, 4.35624411e-03, 9.68054228e-04,
       1.45208137e-03, 1.93610846e-03, 1.45208137e-03, 1.45208137e-03,
       4.84027114e-04, 3.87221691e-03, 1.93610846e-03, 9.68054228e-04,
       4.84027114e-04, 2.90416274e-03, 1.93610846e-03, 9.68054228e-04,
       4.84027114e-04, 2.42013554e-03, 2.90416274e-03, 4.84027114e-04,
       1.45208137e-03, 0., 1.45208137e-03, 2.42013554e-03,
       4.84027114e-04, 0., 9.68054228e-04, 9.68054228e-04,
       9.68054228e-04, 1.93610846e-03, 2.42013554e-03, 6.29235245e-03,
       9.68054228e-04, 4.35624411e-03, 1.45208137e-03, 4.84027108e-03,
       9.68054228e-04, 4.84027114e-04, 1.93610846e-03, 0.,
       6.77637942e-03, 0., 4.84027114e-04, 9.68054228e-04,
       1.45208137e-03, 1.45208137e-03, 1.93610846e-03, 0.,
       9.68054228e-04, 1.93610846e-03, 9.68054228e-04, 4.84027114e-04,
       0., 2.42013554e-03, 4.84027114e-04, 1.93610846e-03,
       1.45208137e-03, 1.45208137e-03, 9.68054228e-04, 4.84027114e-04,
       1.45208137e-03, 9.68054228e-04, 9.68054228e-04, 2.42013554e-03,
       4.84027114e-04, 0., 4.35624411e-03, 9.68054228e-04, 0., 0.,
       3.87221691e-03, 2.42013554e-03, 1.45208137e-03, 4.84027114e-04,
       2.90416274e-03, 4.84027114e-04, 3.38818971e-03, 2.42013554e-03,
       1.45208137e-03, 4.84027114e-04, 9.68054228e-04, 4.84027114e-04,
       2.42013554e-03, 0., 4.84027114e-04, 9.68054228e-04,
       4.84027114e-04, 9.68054228e-04, 1.93610846e-03, 9.68054228e-04,
       9.68054228e-04, 0., 0., 1.45208137e-03, 9.68054228e-04,
       9.68054228e-04, 4.84027114e-04, 1.45208137e-03, 1.45208137e-03,
       0., 3.38818971e-03, 3.38818971e-03, 4.84027114e-04,
       2.90416274e-03, 9.68054228e-04, 0., 9.68054228e-04,
       4.84027114e-04, 4.84027114e-04, 9.68054228e-04, 1.93610846e-03,
       1.93610846e-03, 1.45208137e-03, 4.84027114e-04, 1.45208137e-03,
       0., 0., 1.45208137e-03, 0., 4.84027114e-04, 1.45208137e-03, 0.,
       9.68054228e-04, 4.84027114e-04, 1.45208137e-03, 4.84027114e-04,
       9.68054228e-04, 2.42013554e-03, 1.45208137e-03, 0.,
       1.45208137e-03, 1.93610846e-03, 9.68054228e-04, 1.93610846e-03,
       4.84027114e-04, 1.93610846e-03, 0., 1.45208137e-03,
       1.93610846e-03, 3.38818971e-03, 4.35624411e-03, 4.84027114e-04,
       4.84027114e-04, 1.45208137e-03, 4.84027114e-04, 1.93610846e-03,
       1.45208137e-03, 1.45208137e-03, 3.87221691e-03, 9.68054228e-04,
       1.93610846e-03, 1.93610846e-03, 9.68054228e-04, 0.,
       2.42013554e-03, 2.42013554e-03, 4.35624411e-03, 1.45208137e-03,
       4.84027114e-04, 4.84027114e-04, 9.68054228e-04, 2.42013554e-03,
       3.38818971e-03, 2.42013554e-03, 0., 4.84027114e-04,
       1.45208137e-03, 0., 0., 4.84027114e-04, 1.93610846e-03,
       2.42013554e-03, 4.84027114e-04, 1.45208137e-03, 6.29235245e-03,
       9.68054228e-04, 3.38818971e-03, 1.93610846e-03, 1.45208137e-03,
       9.68054228e-04, 1.45208137e-03, 0., 4.84027114e-04, 0., 0.,
       4.84027114e-04, 4.84027114e-04, 3.87221691e-03, 4.84027114e-04,
       1.93610846e-03, 1.45208137e-03, 1.45208137e-03, 4.84027114e-04,
       1.45208137e-03, 4.84027114e-04, 9.68054228e-04, 0.,
       9.68054228e-04, 4.35624411e-03, 9.68054228e-04, 1.45208137e-03,
       9.68054228e-04, 4.84027108e-03, 0., 1.93610846e-03, 0.,
       9.68054228e-04, 0., 2.42013554e-03, 0., 9.68054228e-04,
       4.84027114e-04, 4.84027114e-04, 1.93610846e-03, 1.45208137e-03,
       3.38818971e-03, 0., 1.93610846e-03, 9.68054228e-04,
       1.93610846e-03, 9.68054228e-04, 4.84027108e-03, 1.93610846e-03,
       4.84027114e-04, 9.68054228e-04, 4.84027114e-04, 4.84027114e-04,
       2.90416274e-03, 0., 9.68054228e-04, 4.84027114e-04,
       9.68054228e-04, 0., 2.90416274e-03, 1.93610846e-03,
       2.90416274e-03, 3.38818971e-03, 2.42013554e-03, 1.45208137e-03,
       2.42013554e-03, 1.93610846e-03, 0., 4.84027114e-04,
       1.45208137e-03, 4.84027114e-04, 1.93610846e-03, 0.,
       2.90416274e-03, 0., 9.68054228e-04, 9.68054228e-04,
       4.84027114e-04, 4.84027114e-04, 1.93610846e-03, 2.42013554e-03,
       9.68054228e-04, 9.68054228e-04, 2.42013554e-03, 4.84027114e-04,
       4.84027114e-04, 1.93610846e-03, 4.84027114e-04, 1.93610846e-03,
       4.84027114e-04, 4.84027114e-04, 9.68054228e-04, 2.90416274e-03,
       4.84027114e-04, 0., 0., 9.68054228e-04, 1.93610846e-03, 0.,
       1.45208137e-03, 1.45208137e-03, 1.45208137e-03, 9.68054228e-04,
       9.68054228e-04, 1.45208137e-03, 1.93610846e-03, 2.42013554e-03,
       1.45208137e-03, 1.93610846e-03, 2.42013554e-03, 1.45208137e-03,
       1.45208137e-03, 5.32429805e-03, 2.42013554e-03, 4.84027114e-04,
       9.68054228e-04, 9.68054228e-04, 4.35624411e-03, 4.84027114e-04,
       1.45208137e-03, 1.45208137e-03, 1.45208137e-03, 1.93610846e-03,
       2.42013554e-03, 0., 0., 9.68054228e-04, 9.68054228e-04,
       9.68054228e-04, 1.45208137e-03, 1.45208137e-03, 4.84027114e-04,
       4.84027114e-04, 1.93610846e-03, 4.84027114e-04, 4.84027114e-04,
       4.84027114e-04, 4.84027108e-03, 2.42013554e-03, 4.84027114e-04,
       9.68054228e-04, 4.84027114e-04, 4.84027114e-04, 0.,
       1.45208137e-03, 1.93610846e-03, 3.38818971e-03, 4.84027114e-04,
       1.93610846e-03, 0., 9.68054228e-04, 0., 1.93610846e-03,
       1.45208137e-03, 9.68054228e-04, 1.45208137e-03, 0.,
       1.45208137e-03, 9.68054228e-04, 0., 5.80832548e-03,
       3.38818971e-03, 1.93610846e-03, 1.45208137e-03, 1.45208137e-03,
       1.45208137e-03, 2.42013554e-03, 9.68054228e-04, 4.84027114e-04,
       4.84027114e-04, 1.45208137e-03, 0., 9.68054228e-04, 0.,
       1.45208137e-03, 0., 0., 2.90416274e-03, 9.68054228e-04, 0.,
       1.45208137e-03, 1.93610846e-03, 4.84027114e-04, 9.68054228e-04,
       1.45208137e-03, 1.93610846e-03, 9.68054228e-04, 4.84027114e-04,
       2.90416274e-03, 0., 9.68054228e-04, 9.68054228e-04,
       9.68054228e-04, 9.68054228e-04, 4.84027114e-04, 1.45208137e-03,
       1.45208137e-03, 2.90416274e-03, 1.93610846e-03, 0., 0.,
       1.45208137e-03, 2.90416274e-03, 2.42013554e-03, 1.45208137e-03,
       0., 3.38818971e-03, 9.68054228e-04, 1.45208137e-03,
       4.84027114e-04, 1.45208137e-03, 2.42013554e-03, 1.93610846e-03,
       4.84027114e-04, 4.84027114e-04, 1.45208137e-03, 1.93610846e-03,
       9.68054228e-04, 4.84027114e-04, 1.93610846e-03, 4.84027114e-04,
       2.42013554e-03, 0., 9.68054228e-04, 4.84027114e-04,
       4.84027114e-04, 4.84027114e-04, 1.45208137e-03, 4.84027114e-04,
       3.38818971e-03, 4.84027114e-04, 4.35624411e-03, 4.84027114e-04,
       2.42013554e-03, 1.93610846e-03, 0., 1.45208137e-03,
       9.68054228e-04, 9.68054228e-04, 0., 0., 1.45208137e-03, 0.,
       1.45208137e-03, 2.42013554e-03, 1.45208137e-03, 3.87221691e-03,
