%YAML:1.0
m50f: !!opencv-matrix
   rows: 1
   cols: 800
   dt: f
   data: [ 2.76570511e-03, 1.97550375e-03, 1.58040295e-03,
       3.95100738e-04, 1.58040295e-03, 1.18530216e-03, 0.,
       1.18530216e-03, 1.58040295e-03, 3.95100750e-03, 1.58040295e-03,
       3.55590670e-03, 7.90201477e-04, 7.90201477e-04, 3.95100738e-04,
       1.58040295e-03, 3.95100738e-04, 1.58040295e-03, 1.18530216e-03,
       7.90201477e-04, 7.90201477e-04, 1.18530216e-03, 1.18530216e-03,
       1.18530216e-03, 0., 3.95100738e-04, 0., 1.18530216e-03,
       1.58040295e-03, 7.90201477e-04, 1.58040295e-03, 1.18530216e-03,
       2.76570511e-03, 1.18530216e-03, 3.95100738e-04, 4.34610806e-03,
       3.95100738e-04, 3.95100738e-04, 3.95100738e-04, 0.,
       1.18530216e-03, 7.90201477e-04, 1.58040295e-03, 0.,
       1.18530216e-03, 1.18530216e-03, 7.90201477e-04, 1.18530216e-03,
       3.95100738e-04, 1.58040295e-03, 1.58040295e-03, 7.90201477e-04,
       7.90201477e-04, 7.90201477e-04, 1.18530216e-03, 2.37060431e-03,
       0., 1.58040295e-03, 1.18530216e-03, 2.37060431e-03,
       2.37060431e-03, 1.18530216e-03, 7.90201477e-04, 2.76570511e-03,
       7.90201477e-04, 0., 2.76570511e-03, 7.90201477e-04,
       3.95100738e-04, 1.18530216e-03, 0., 3.95100738e-04,
       3.95100738e-04, 3.95100738e-04, 2.76570511e-03, 2.37060431e-03,
       1.18530216e-03, 7.90201477e-04, 3.95100738e-04, 1.18530216e-03,
       0., 3.95100738e-04, 1.97550375e-03, 1.18530216e-03,
       2.37060431e-03, 2.37060431e-03, 1.58040295e-03, 7.90201477e-04,
       3.16080591e-03, 3.95100738e-04, 3.95100738e-04, 1.97550375e-03,
       7.90201477e-04, 0., 7.90201477e-04, 0., 7.90201477e-04,
       2.37060431e-03, 4.34610806e-03, 0., 3.95100738e-04,
       1.18530216e-03, 1.18530216e-03, 1.97550375e-03, 0.,
       3.55590670e-03, 0., 1.58040295e-03, 3.95100738e-04,
       7.90201477e-04, 7.90201477e-04, 2.37060431e-03, 7.90201477e-04,
       1.58040295e-03, 1.58040295e-03, 7.90201477e-04, 7.90201477e-04,
       1.18530216e-03, 3.55590670e-03, 0., 7.90201477e-04,
       1.18530216e-03, 1.58040295e-03, 2.76570511e-03, 0.,
       3.95100738e-04, 3.95100750e-03, 1.58040295e-03, 1.97550375e-03,
       7.90201477e-04, 0., 1.18530216e-03, 5.92651125e-03,
       3.16080591e-03, 7.90201477e-04, 7.90201477e-04, 2.76570511e-03,
       3.95100738e-04, 2.37060431e-03, 1.58040295e-03, 7.90201477e-04,
       0., 7.90201477e-04, 1.58040295e-03, 7.90201477e-04,
       3.95100738e-04, 1.58040295e-03, 7.90201477e-04, 3.95100738e-04,
       1.58040295e-03, 2.37060431e-03, 0., 1.18530216e-03,
       1.18530216e-03, 3.95100738e-04, 1.97550375e-03, 0.,
       3.95100738e-04, 3.95100738e-04, 1.97550375e-03, 3.95100738e-04,
       7.90201477e-04, 2.37060431e-03, 1.18530216e-03, 4.34610806e-03,
       0., 0., 1.58040295e-03, 1.18530216e-03, 0., 1.58040295e-03,
       1.58040295e-03, 0., 0., 1.18530216e-03, 1.58040295e-03,
       1.58040295e-03, 3.16080591e-03, 9.48241726e-03, 0.,
       2.37060431e-03, 1.18530216e-03, 1.58040295e-03, 1.58040295e-03,
       3.95100738e-04, 3.95100738e-04, 3.95100738e-04, 7.90201477e-04,
       0., 3.95100738e-04, 1.97550375e-03, 1.18530216e-03,
       1.58040295e-03, 1.18530216e-03, 1.18530216e-03, 7.90201477e-04,
       3.95100738e-04, 3.95100738e-04, 2.37060431e-03, 2.37060431e-03,
       2.76570511e-03, 0., 3.95100750e-03, 1.18530216e-03, 0.,
       1.58040295e-03, 1.58040295e-03, 1.18530216e-03, 7.90201477e-04,
       3.95100738e-04, 2.37060431e-03, 1.97550375e-03, 1.97550375e-03,
       3.95100738e-04, 3.95100738e-04, 1.58040295e-03, 7.90201477e-04,
       0., 3.95100738e-04, 7.90201477e-04, 1.58040295e-03,
       2.37060431e-03, 1.97550375e-03, 7.90201477e-04, 1.18530216e-03,
       7.90201477e-04, 7.90201477e-04, 1.58040295e-03, 7.90201477e-04,
       2.37060431e-03, 3.16080591e-03, 6.71671238e-03, 1.18530216e-03,
       2.37060431e-03, 3.16080591e-03, 3.95100750e-03, 2.37060431e-03,
       3.95100738e-04, 1.18530216e-03, 3.95100738e-04, 7.90201477e-04,
       1.18530216e-03, 3.95100738e-04, 3.95100738e-04, 2.37060431e-03,
       2.76570511e-03, 1.97550375e-03, 7.90201477e-04, 1.18530216e-03,
       7.90201477e-04, 0., 1.58040295e-03, 3.95100738e-04, 0., 0.,
       7.90201477e-04, 2.37060431e-03, 1.18530216e-03, 3.95100738e-04,
       1.97550375e-03, 0., 2.76570511e-03, 7.90201477e-04,
       1.18530216e-03, 3.95100738e-04, 1.97550375e-03, 3.95100738e-04,
       3.95100738e-04, 0., 7.90201477e-04, 1.18530216e-03,
       1.18530216e-03, 1.18530216e-03, 3.95100738e-04, 3.95100738e-04,
       1.58040295e-03, 1.58040295e-03, 3.95100738e-04, 7.90201477e-04,
       7.90201477e-04, 7.90201477e-04, 0., 7.90201477e-04,
       1.18530216e-03, 1.97550375e-03, 2.76570511e-03, 1.18530216e-03,
       7.90201477e-04, 7.90201477e-04, 1.18530216e-03, 3.95100738e-04,
       3.16080591e-03, 0., 3.95100738e-04, 3.95100738e-04,
       3.95100738e-04, 3.95100738e-04, 1.18530216e-03, 1.97550375e-03,
       3.95100738e-04, 1.18530216e-03, 1.58040295e-03, 5.53141022e-03,
       2.76570511e-03, 3.95100738e-04, 7.90201477e-04, 3.95100738e-04,
       3.95100738e-04, 5.92651125e-03, 7.90201477e-04, 7.90201477e-04,
       7.90201477e-04, 2.76570511e-03, 1.18530216e-03, 1.18530216e-03,
       2.76570511e-03, 1.58040295e-03, 3.16080591e-03, 0.,
       1.18530216e-03, 7.90201477e-04, 0., 1.18530216e-03,
       1.18530216e-03, 1.18530216e-03, 1.58040295e-03, 1.58040295e-03,
       3.95100738e-04, 3.95100738e-04, 1.18530216e-03, 1.97550375e-03,
       3.95100738e-04, 0., 3.95100738e-04, 1.18530216e-03,
       2.37060431e-03, 3.16080591e-03, 1.58040295e-03, 1.18530216e-03,
       3.95100738e-04, 2.37060431e-03, 1.18530216e-03, 1.18530216e-03,
       1.97550375e-03, 0., 3.95100738e-04, 3.95100738e-04,
       7.90201477e-04, 0., 3.95100738e-04, 1.58040295e-03,
       1.18530216e-03, 3.95100738e-04, 3.16080591e-03, 0.,
       1.58040295e-03, 2.76570511e-03, 1.18530216e-03, 3.95100738e-04,
       1.97550375e-03, 1.18530216e-03, 3.95100738e-04, 7.90201477e-04,
       3.95100738e-04, 7.90201477e-04, 7.90201477e-04, 1.58040295e-03,
       3.95100738e-04, 1.58040295e-03, 3.95100738e-04, 7.90201477e-04,
       1.18530216e-03, 1.18530216e-03, 1.97550375e-03, 3.95100738e-04,
       1.18530216e-03, 0., 0., 3.95100738e-04, 1.97550375e-03,
       7.90201477e-04, 0., 3.95100738e-04, 0., 3.95100738e-04,
       3.95100738e-04, 1.97550375e-03, 2.37060431e-03, 1.18530216e-03,
       1.58040295e-03, 1.18530216e-03, 1.18530216e-03, 7.90201477e-04,
       3.95100750e-03, 2.37060431e-03, 1.18530216e-03, 1.18530216e-03,
       1.97550375e-03, 2.37060431e-03, 3.95100738e-04, 0.,
       1.58040295e-03, 7.90201477e-04, 2.76570511e-03, 1.97550375e-03,
       3.95100738e-04, 7.90201477e-04, 3.95100738e-04, 7.90201477e-04,
       7.90201477e-04, 7.90201477e-04, 7.90201477e-04, 1.18530216e-03,
       1.18530216e-03, 3.95100738e-04, 0., 3.95100738e-04,
       3.95100738e-04, 3.95100738e-04, 1.97550375e-03, 3.95100738e-04,
       7.90201477e-04, 3.95100738e-04, 0., 7.90201477e-04,
       7.90201477e-04, 2.37060431e-03, 1.58040295e-03, 7.90201477e-04,
       3.95100738e-04, 1.58040295e-03, 7.90201477e-04, 4.74120863e-03,
       7.90201477e-04, 1.97550375e-03, 1.97550375e-03, 7.90201477e-04,
       0., 7.90201477e-04, 0., 1.18530216e-03, 2.76570511e-03,
       1.18530216e-03, 1.58040295e-03, 7.90201477e-04, 1.18530216e-03,
       7.90201477e-04, 3.95100738e-04, 1.18530216e-03, 1.58040295e-03,
       7.90201477e-04, 7.90201477e-04, 7.90201477e-04, 3.16080591e-03,
       1.18530216e-03, 1.18530216e-03, 7.90201477e-04, 0.,
       1.58040295e-03, 7.90201477e-04, 3.95100738e-04, 2.37060431e-03,
       3.95100738e-04, 2.37060431e-03, 3.16080591e-03, 7.90201477e-04,
       1.97550375e-03, 3.16080591e-03, 7.90201477e-04, 1.18530216e-03,
       3.55590670e-03, 3.95100738e-04, 1.18530216e-03, 2.37060431e-03,
       3.95100738e-04, 3.95100738e-04, 1.97550375e-03, 1.58040295e-03,
       1.97550375e-03, 7.90201477e-04, 2.37060431e-03, 2.76570511e-03,
