%YAML:1.0
m50f: !!opencv-matrix
   rows: 1
   cols: 800
   dt: f
   data: [ 4.67508187e-04, 4.67508187e-04, 5.14259003e-03,
       4.67508187e-04, 2.33754097e-03, 0., 1.87003275e-03,
       1.87003275e-03, 0., 1.87003275e-03, 4.67508187e-04,
       9.35016375e-04, 0., 9.35016375e-04, 2.33754097e-03,
       9.35016375e-04, 1.87003275e-03, 9.35016375e-04, 4.67508187e-04,
       4.67508187e-04, 1.40252453e-03, 9.35016375e-04, 2.33754097e-03,
       2.80504907e-03, 1.40252453e-03, 4.67508187e-04, 2.80504907e-03,
       1.87003275e-03, 2.33754097e-03, 3.27255740e-03, 4.67508187e-04,
       0., 3.27255740e-03, 3.27255740e-03, 9.35016375e-04,
       1.87003275e-03, 1.87003275e-03, 1.40252453e-03, 4.67508187e-04,
       4.67508187e-04, 1.40252453e-03, 4.67508187e-04, 2.80504907e-03,
       4.67508187e-04, 9.35016375e-04, 1.40252453e-03, 1.40252453e-03,
       1.40252453e-03, 0., 4.67508187e-04, 1.87003275e-03,
       4.67508187e-04, 2.80504907e-03, 0., 4.67508187e-04, 0.,
       4.67508187e-04, 1.40252453e-03, 1.87003275e-03, 0.,
       4.67508187e-04, 9.35016375e-04, 4.67508187e-04, 1.87003275e-03,
       4.67508193e-03, 0., 6.54511480e-03, 5.14259003e-03,
       4.67508187e-04, 0., 9.35016375e-04, 9.35016375e-04,
       4.67508187e-04, 0., 4.67508187e-04, 4.67508187e-04, 0.,
       4.67508187e-04, 4.67508187e-04, 4.67508187e-04, 1.40252453e-03,
       9.35016375e-04, 0., 9.35016375e-04, 0., 9.35016375e-04, 0.,
       4.67508187e-04, 1.87003275e-03, 0., 0., 4.67508187e-04, 0.,
       4.67508187e-04, 9.35016375e-04, 2.80504907e-03, 2.33754097e-03,
       1.40252453e-03, 3.27255740e-03, 0., 2.33754097e-03,
       1.40252453e-03, 0., 1.40252453e-03, 0., 2.33754097e-03,
       1.40252453e-03, 4.67508187e-04, 2.33754097e-03, 9.35016375e-04,
       1.40252453e-03, 1.40252453e-03, 2.33754097e-03, 9.35016375e-04,
       4.67508187e-04, 1.87003275e-03, 2.80504907e-03, 1.87003275e-03,
       1.40252453e-03, 1.40252453e-03, 0., 4.67508187e-04,
       3.74006550e-03, 4.67508193e-03, 0., 0., 1.87003275e-03,
       9.35016375e-04, 1.40252453e-03, 0., 0., 4.67508187e-04,
       2.80504907e-03, 1.87003275e-03, 0., 0., 4.67508187e-04, 0., 0.,
       0., 2.33754097e-03, 1.87003275e-03, 9.35016375e-04,
       4.67508187e-04, 2.80504907e-03, 4.67508187e-04, 9.35016375e-04,
       9.35016375e-04, 0., 2.33754097e-03, 0., 0., 2.80504907e-03,
       9.35016375e-04, 4.67508187e-04, 9.35016375e-04, 0., 0.,
       9.35016375e-04, 1.40252453e-03, 3.74006550e-03, 4.67508193e-03,
       1.40252453e-03, 1.87003275e-03, 9.35016375e-04, 4.20757383e-03,
       0., 2.33754097e-03, 1.87003275e-03, 0., 9.35016375e-04,
       9.35016375e-04, 3.74006550e-03, 0., 9.35016375e-04,
       4.67508187e-04, 0., 3.27255740e-03, 3.27255740e-03, 0.,
       9.35016375e-04, 1.40252453e-03, 4.67508187e-04, 4.67508187e-04,
       9.35016375e-04, 4.67508187e-04, 9.35016375e-04, 0., 0.,
       1.87003275e-03, 4.67508187e-04, 0., 3.27255740e-03,
       2.33754097e-03, 9.35016375e-04, 2.33754097e-03, 1.40252453e-03,
       9.35016375e-04, 9.35016375e-04, 2.80504907e-03, 1.87003275e-03,
       0., 0., 4.67508187e-04, 1.40252453e-03, 9.35016375e-04,
       1.40252453e-03, 2.80504907e-03, 0., 4.67508187e-04, 0.,
       4.67508187e-04, 0., 4.67508187e-04, 1.40252453e-03,
       1.87003275e-03, 2.33754097e-03, 4.67508187e-04, 4.67508187e-04,
       9.35016375e-04, 9.35016375e-04, 3.27255740e-03, 0.,
       4.67508187e-04, 3.74006550e-03, 1.87003275e-03, 4.67508187e-04,
       0., 1.40252453e-03, 9.35016375e-04, 0., 2.33754097e-03,
       4.67508187e-04, 2.80504907e-03, 1.40252453e-03, 1.87003275e-03,
       4.67508187e-04, 2.33754097e-03, 0., 4.67508187e-04,
       9.35016375e-04, 2.80504907e-03, 9.35016375e-04, 3.27255740e-03,
       9.35016375e-04, 4.67508187e-04, 9.35016375e-04, 1.40252453e-03,
       9.35016375e-04, 0., 0., 4.67508187e-04, 0., 1.40252453e-03,
       9.35016375e-04, 1.40252453e-03, 9.35016375e-04, 9.35016375e-04,
       2.80504907e-03, 0., 2.80504907e-03, 9.35016375e-04,
       4.67508187e-04, 4.20757383e-03, 4.67508187e-04, 4.67508187e-04,
       1.40252453e-03, 0., 0., 4.67508187e-04, 1.40252453e-03, 0., 0.,
       4.67508187e-04, 4.67508187e-04, 0., 4.67508187e-04,
       3.27255740e-03, 1.40252453e-03, 3.27255740e-03, 9.35016375e-04,
       1.40252453e-03, 4.67508187e-04, 4.67508187e-04, 9.35016375e-04,
       4.67508187e-04, 0., 4.67508187e-04, 0., 6.07760623e-03,
       1.40252453e-03, 1.87003275e-03, 0., 4.67508187e-04,
       2.33754097e-03, 2.80504907e-03, 4.67508187e-04, 1.40252453e-03,
       1.40252453e-03, 4.67508187e-04, 1.87003275e-03, 2.33754097e-03,
       9.35016375e-04, 1.40252453e-03, 2.80504907e-03, 4.20757383e-03,
       0., 4.67508187e-04, 2.33754097e-03, 0., 3.74006550e-03,
       2.80504907e-03, 4.67508187e-04, 4.67508187e-04, 4.67508187e-04,
       2.33754097e-03, 9.35016375e-04, 1.87003275e-03, 1.40252453e-03,
       3.74006550e-03, 1.40252453e-03, 1.40252453e-03, 9.35016375e-04,
       9.35016375e-04, 2.33754097e-03, 1.87003275e-03, 9.35016375e-04,
       0., 4.67508187e-04, 9.35016375e-04, 1.87003275e-03, 0.,
       4.67508187e-04, 2.33754097e-03, 4.67508187e-04, 1.40252453e-03,
       4.20757383e-03, 0., 1.87003275e-03, 0., 1.40252453e-03, 0.,
       2.33754097e-03, 1.40252453e-03, 9.35016375e-04, 1.40252453e-03,
       2.33754097e-03, 2.33754097e-03, 2.80504907e-03, 1.40252453e-03,
       0., 9.35016375e-04, 0., 9.35016375e-04, 1.87003275e-03,
       9.35016375e-04, 4.67508187e-04, 1.40252453e-03, 1.40252453e-03,
       9.35016375e-04, 2.80504907e-03, 9.35016375e-04, 4.67508187e-04,
       2.33754097e-03, 9.35016375e-04, 1.87003275e-03, 1.87003275e-03,
       0., 4.67508187e-04, 9.35016375e-04, 2.33754097e-03,
       9.35016375e-04, 9.35016375e-04, 3.27255740e-03, 4.20757383e-03,
       0., 0., 1.40252453e-03, 3.74006550e-03, 1.40252453e-03,
       2.33754097e-03, 4.67508187e-04, 1.40252453e-03, 1.40252453e-03,
       1.87003275e-03, 4.67508187e-04, 1.87003275e-03, 2.80504907e-03,
       1.87003275e-03, 2.80504907e-03, 1.40252453e-03, 2.80504907e-03,
       4.67508187e-04, 1.40252453e-03, 1.40252453e-03, 0.,
       2.33754097e-03, 9.35016375e-04, 1.40252453e-03, 1.40252453e-03,
       1.87003275e-03, 0., 0., 0., 2.80504907e-03, 1.40252453e-03,
       1.87003275e-03, 4.67508187e-04, 0., 1.40252453e-03,
       4.67508187e-04, 9.35016375e-04, 4.67508187e-04, 1.87003275e-03,
       4.67508187e-04, 0., 1.40252453e-03, 4.67508187e-04,
       4.67508187e-04, 4.67508187e-04, 9.35016375e-04, 2.80504907e-03,
       1.87003275e-03, 9.35016375e-04, 2.33754097e-03, 4.67508187e-04,
       9.35016375e-04, 4.67508187e-04, 4.67508187e-04, 9.35016375e-04,
       1.40252453e-03, 4.67508187e-04, 9.35016375e-04, 4.67508187e-04,
       1.87003275e-03, 4.67508187e-04, 0., 2.80504907e-03,
       4.67508187e-04, 0., 1.87003275e-03, 1.40252453e-03,
       1.40252453e-03, 1.40252453e-03, 0., 1.40252453e-03,
       1.40252453e-03, 0., 0., 1.40252453e-03, 0., 4.67508187e-04,
       9.35016375e-04, 9.35016375e-04, 9.35016375e-04, 1.40252453e-03,
       1.40252453e-03, 0., 9.35016375e-04, 4.67508187e-04,
       1.40252453e-03, 1.87003275e-03, 0., 0., 1.40252453e-03,
       4.67508187e-04, 2.33754097e-03, 7.48013100e-03, 9.35016375e-04,
       1.40252453e-03, 1.40252453e-03, 0., 3.74006550e-03,
       2.33754097e-03, 2.33754097e-03, 0., 4.67508187e-04,
       1.87003275e-03, 2.80504907e-03, 9.35016375e-04, 4.67508187e-04,
       1.40252453e-03, 4.67508187e-04, 9.35016375e-04, 4.67508187e-04,
       0., 9.35016375e-04, 0., 7.01262290e-03, 1.87003275e-03,
       1.40252453e-03, 1.87003275e-03, 5.14259003e-03, 1.87003275e-03,
       9.35016375e-04, 2.33754097e-03, 1.87003275e-03, 2.33754097e-03,
       1.40252453e-03, 9.35016375e-04, 9.35016375e-04, 3.74006550e-03,
       1.87003275e-03, 9.35016375e-04, 9.35016375e-04, 1.87003275e-03,
       3.27255740e-03, 4.67508187e-04, 1.40252453e-03, 1.40252453e-03,
       4.67508187e-04, 1.40252453e-03, 2.80504907e-03, 4.67508187e-04,
