%YAML:1.0
m50f: !!opencv-matrix
   rows: 1
   cols: 800
   dt: f
   data: [ 0., 1.79533206e-03, 3.59066413e-03, 1.79533206e-03, 0., 0.,
       5.98444021e-04, 4.18910803e-03, 5.98444021e-04, 4.18910803e-03,
       5.98444021e-04, 0., 0., 1.19688804e-03, 5.98444021e-04,
       3.59066413e-03, 5.98444045e-03, 0., 0., 1.79533206e-03, 0.,
       1.79533206e-03, 0., 5.98444021e-04, 0., 2.39377609e-03, 0.,
       5.98444021e-04, 5.98444021e-04, 0., 1.79533206e-03,
       2.39377609e-03, 0., 1.79533206e-03, 5.98444021e-04,
       3.59066413e-03, 1.79533206e-03, 1.79533206e-03, 1.19688804e-03,
       2.39377609e-03, 1.19688804e-03, 1.19688804e-03, 1.19688804e-03,
       1.19688804e-03, 0., 0., 5.98444021e-04, 0., 1.79533206e-03, 0.,
       0., 3.59066413e-03, 5.98444021e-04, 0., 0., 5.98444021e-04,
       7.18132826e-03, 2.99222022e-03, 2.39377609e-03, 0.,
       5.98444021e-04, 5.98444021e-04, 5.98444021e-04, 1.19688804e-03,
       2.39377609e-03, 5.98444021e-04, 3.59066413e-03, 5.98444021e-04,
       1.79533206e-03, 1.19688804e-03, 1.79533206e-03, 1.19688804e-03,
       1.79533206e-03, 0., 4.18910803e-03, 5.98444021e-04,
       5.38599631e-03, 0., 1.49611002e-02, 2.39377609e-03,
       5.38599631e-03, 1.79533206e-03, 1.79533206e-03, 2.99222022e-03,
       2.39377609e-03, 0., 2.39377609e-03, 1.19688804e-03,
       3.59066413e-03, 0., 2.99222022e-03, 1.19688804e-03,
       5.98444021e-04, 5.98444021e-04, 1.19688804e-03, 5.98444021e-04,
       0., 1.79533206e-03, 5.38599631e-03, 0., 1.19688804e-03, 0.,
       5.98444021e-04, 3.59066413e-03, 0., 0., 2.99222022e-03,
       7.77977239e-03, 0., 5.98444021e-04, 1.19688804e-03,
       5.98444021e-04, 5.98444021e-04, 0., 5.98444021e-04,
       1.19688804e-03, 4.78755217e-03, 1.79533206e-03, 5.98444021e-04,
       1.19688804e-03, 0., 0., 1.19688804e-03, 0., 0., 0.,
       3.59066413e-03, 3.59066413e-03, 1.19688804e-03, 0.,
       5.98444021e-04, 4.18910803e-03, 5.38599631e-03, 0., 0.,
       1.19688804e-03, 4.18910803e-03, 0., 5.98444021e-04,
       5.98444021e-04, 5.98444021e-04, 2.99222022e-03, 5.98444021e-04,
       1.19688804e-03, 5.98444021e-04, 5.98444021e-04, 5.98444021e-04,
       1.19688804e-03, 0., 2.99222022e-03, 1.19688804e-03,
       1.19688804e-03, 5.98444021e-04, 0., 2.39377609e-03,
       1.19688804e-03, 1.79533206e-03, 1.79533206e-03, 0.,
       1.79533206e-03, 2.39377609e-03, 4.18910803e-03, 2.99222022e-03,
       1.19688804e-03, 0., 4.18910803e-03, 5.98444021e-04,
       1.79533206e-03, 5.98444021e-04, 5.98444021e-04, 4.78755217e-03,
       3.59066413e-03, 5.98444021e-04, 1.19688804e-03, 2.99222022e-03,
       2.39377609e-03, 5.98444021e-04, 0., 2.39377609e-03,
       3.59066413e-03, 1.79533206e-03, 1.19688804e-03, 0.,
       5.98444021e-04, 0., 5.98444021e-04, 5.98444021e-04, 0.,
       2.39377609e-03, 7.77977239e-03, 0., 1.19688804e-03,
       1.79533206e-03, 2.39377609e-03, 1.79533206e-03, 0., 0.,
       5.98444021e-04, 5.98444021e-04, 5.98444021e-04, 1.19688804e-03,
       5.98444021e-04, 0., 5.98444021e-04, 5.38599631e-03,
       6.58288412e-03, 5.98444021e-04, 1.79533206e-03, 2.99222022e-03,
       1.19688804e-03, 0., 0., 0., 0., 1.79533206e-03, 0.,
       5.98444021e-04, 5.98444021e-04, 0., 5.98444021e-04,
       1.79533206e-03, 0., 5.98444021e-04, 5.98444045e-03,
       1.19688804e-03, 5.98444021e-04, 1.19688804e-03, 5.98444021e-04,
       1.19688804e-03, 0., 1.19688804e-03, 2.99222022e-03, 0.,
       5.38599631e-03, 5.98444021e-04, 5.98444021e-04, 1.79533206e-03,
       1.19688804e-03, 1.79533206e-03, 5.98444021e-04, 1.19688804e-03,
       1.79533206e-03, 5.98444021e-04, 5.98444021e-04, 1.19688804e-03,
       7.77977239e-03, 6.58288412e-03, 1.19688804e-03, 5.98444021e-04,
       1.19688804e-03, 5.98444021e-04, 1.19688804e-03, 0.,
       1.19688804e-03, 0., 5.98444021e-04, 0., 5.98444021e-04, 0.,
       1.19688804e-03, 5.98444021e-04, 0., 5.98444045e-03, 0.,
       1.19688804e-03, 2.39377609e-03, 0., 2.39377609e-03,
       5.98444021e-04, 5.98444021e-04, 0., 2.99222022e-03,
       5.98444021e-04, 5.98444021e-04, 0., 0., 0., 0., 0.,
       5.98444021e-04, 2.39377609e-03, 1.19688804e-03, 0.,
       1.19688804e-03, 2.39377609e-03, 0., 0., 4.78755217e-03,
       2.39377609e-03, 1.79533206e-03, 5.98444021e-04, 0., 0.,
       1.19688804e-03, 1.19688804e-03, 1.79533206e-03, 1.79533206e-03,
       5.98444021e-04, 0., 5.98444021e-04, 7.77977239e-03,
       2.39377609e-03, 2.39377609e-03, 1.19688804e-03, 5.98444021e-04,
       0., 5.98444021e-04, 1.79533206e-03, 2.99222022e-03,
       5.98444021e-04, 1.19688804e-03, 5.98444021e-04, 0.,
       1.19688804e-03, 1.19688804e-03, 0., 5.98444021e-04,
       1.79533206e-03, 5.98444021e-04, 0., 4.78755217e-03, 0.,
       1.79533206e-03, 1.19688804e-03, 3.59066413e-03, 1.19688804e-03,
       5.98444021e-04, 0., 0., 1.19688804e-03, 1.19688804e-03, 0., 0.,
       2.39377609e-03, 0., 1.79533206e-03, 5.98444021e-04,
       5.98444021e-04, 0., 0., 0., 0., 0., 0., 5.98444021e-04,
       1.79533206e-03, 5.98444021e-04, 2.39377609e-03, 5.98444021e-04,
       1.19688804e-03, 0., 2.39377609e-03, 6.58288412e-03,
       2.99222022e-03, 1.79533206e-03, 5.98444021e-04, 0.,
       1.19688804e-03, 5.98444021e-04, 5.38599631e-03, 0.,
       5.98444021e-04, 4.18910803e-03, 0., 0., 5.98444021e-04,
       2.39377609e-03, 3.59066413e-03, 0., 4.78755217e-03, 0.,
       5.98444021e-04, 2.39377609e-03, 0., 0., 0., 2.99222022e-03,
       5.98444021e-04, 0., 1.79533206e-03, 0., 5.98444021e-04, 0.,
       1.19688804e-03, 0., 6.58288412e-03, 1.19688804e-03, 0., 0.,
       5.98444021e-04, 0., 5.98444021e-04, 5.98444021e-04,
       5.98444021e-04, 0., 7.18132826e-03, 5.98444021e-04,
       1.19688804e-03, 1.19688804e-03, 0., 2.99222022e-03, 0.,
       5.98444021e-04, 0., 1.79533206e-03, 5.98444021e-04, 0., 0.,
       5.98444021e-04, 4.18910803e-03, 0., 5.98444021e-04, 0., 0.,
       4.18910803e-03, 0., 5.98444021e-04, 2.39377609e-03,
       5.98444021e-04, 0., 1.19688804e-03, 0., 0., 5.98444021e-04,
       5.98444021e-04, 0., 2.39377609e-03, 0., 5.98444021e-04, 0.,
       2.39377609e-03, 3.59066413e-03, 1.19688804e-03, 0., 0.,
       5.98444021e-04, 1.19688804e-03, 2.99222022e-03, 5.98444021e-04,
       1.19688804e-03, 1.79533206e-03, 1.19688804e-03, 1.79533206e-03,
       2.39377609e-03, 1.19688804e-03, 0., 5.98444021e-04,
       1.19688804e-03, 5.98444021e-04, 0., 5.98444021e-04,
       1.19688804e-03, 0., 0., 5.98444021e-04, 5.38599631e-03,
       1.79533206e-03, 5.98444021e-04, 1.19688804e-03, 1.19688804e-03,
       5.98444021e-04, 1.19688804e-03, 0., 1.19688804e-03, 0., 0.,
       5.98444045e-03, 0., 1.19688804e-03, 0., 0., 5.98444021e-04, 0.,
       0., 5.98444021e-04, 0., 0., 0., 0., 0., 1.79533206e-03, 0., 0.,
       1.19688804e-03, 5.98444021e-04, 0., 1.19688804e-03, 0.,
       5.98444021e-04, 0., 0., 0., 0., 5.98444021e-04, 2.39377609e-03,
       3.59066413e-03, 5.98444021e-04, 0., 2.39377609e-03,
       7.18132826e-03, 1.19688804e-03, 1.19688804e-03, 0.,
       1.19688804e-03, 2.39377609e-03, 4.18910803e-03, 1.19688804e-03,
       1.19688804e-03, 5.98444045e-03, 0., 0., 0., 1.79533206e-03, 0.,
       5.98444021e-04, 1.19688804e-03, 1.19688804e-03, 2.39377609e-03,
       0., 5.98444021e-04, 1.19688804e-03, 5.98444021e-04,
       1.19688804e-03, 0., 2.39377609e-03, 5.98444021e-04,
       3.59066413e-03, 2.39377609e-03, 2.39377609e-03, 0.,
       5.98444021e-04, 5.98444045e-03, 1.79533206e-03, 0.,
       1.79533206e-03, 5.98444021e-04, 1.79533206e-03, 1.19688804e-03,
       4.18910803e-03, 0., 1.79533206e-03, 0., 0., 5.98444021e-04,
       1.19688804e-03, 2.99222022e-03, 0., 0., 4.18910803e-03, 0., 0.,
       1.19688804e-03, 1.79533206e-03, 1.19688804e-03, 1.79533206e-03,
       1.79533206e-03, 0., 0., 1.19688804e-03, 0., 0., 0., 0.,
       5.98444021e-04, 0., 4.18910803e-03, 0., 0., 3.59066413e-03, 0.,
       2.39377609e-03, 0., 5.38599631e-03, 1.19688804e-03,
       2.39377609e-03, 5.98444021e-04, 0., 0., 0., 0., 5.98444021e-04,
