%YAML:1.0
m50f: !!opencv-matrix
   rows: 1
   cols: 800
   dt: f
   data: [ 9.64320148e-04, 1.92864030e-03, 4.82160074e-04,
       3.37512046e-03, 3.37512046e-03, 1.44648016e-03, 0.,
       9.64320148e-04, 3.37512046e-03, 1.44648016e-03, 0.,
       4.82160074e-04, 4.82160074e-04, 0., 9.64320148e-04,
       4.82160074e-04, 2.41080043e-03, 9.64320148e-04, 9.64320148e-04,
       4.82160074e-04, 0., 0., 2.89296033e-03, 0., 0., 1.92864030e-03,
       9.64320148e-04, 2.41080043e-03, 9.64320148e-04, 1.44648016e-03,
       9.64320148e-04, 4.82160074e-04, 9.64320148e-04, 1.44648016e-03,
       0., 3.37512046e-03, 9.64320148e-04, 4.82160074e-04,
       4.82160074e-04, 4.82160074e-04, 1.44648016e-03, 0.,
       3.37512046e-03, 1.44648016e-03, 9.64320148e-04, 2.41080043e-03,
       4.82160074e-04, 4.82160074e-04, 0., 0., 4.82160074e-04,
       4.82160074e-04, 9.64320148e-04, 4.82160074e-04, 4.82160074e-04,
       1.44648016e-03, 1.92864030e-03, 0., 1.44648016e-03,
       2.89296033e-03, 0., 0., 1.92864030e-03, 1.92864030e-03,
       9.64320148e-04, 4.82160074e-04, 4.82160074e-04, 9.64320148e-04,
       1.44648016e-03, 9.64320148e-04, 1.92864030e-03, 0., 0.,
       4.82160074e-04, 1.92864030e-03, 2.41080043e-03, 0.,
       4.82160074e-04, 4.82160074e-04, 4.82160074e-04, 1.44648016e-03,
       0., 1.44648016e-03, 2.89296033e-03, 1.44648016e-03,
       3.37512046e-03, 0., 1.44648016e-03, 1.44648016e-03,
       9.64320148e-04, 9.64320148e-04, 4.82160074e-04, 3.37512046e-03,
       9.64320148e-04, 9.64320148e-04, 4.82160074e-04, 3.37512046e-03,
       2.89296033e-03, 1.44648016e-03, 1.44648016e-03, 2.41080043e-03,
       2.89296033e-03, 4.82160074e-04, 1.92864030e-03, 0.,
       1.44648016e-03, 1.92864030e-03, 4.82160074e-04, 0.,
       1.44648016e-03, 4.82160074e-04, 9.64320148e-04, 1.92864030e-03,
       2.89296033e-03, 9.64320148e-04, 1.92864030e-03, 4.33944073e-03,
       1.92864030e-03, 4.33944073e-03, 1.44648016e-03, 0.,
       2.89296033e-03, 0., 1.44648016e-03, 0., 4.82160074e-04,
       1.92864030e-03, 4.82160074e-04, 1.92864030e-03, 2.41080043e-03,
       0., 1.44648016e-03, 9.64320148e-04, 1.92864030e-03, 0., 0.,
       1.92864030e-03, 4.82160074e-04, 1.92864030e-03, 1.44648016e-03,
       1.92864030e-03, 4.82160074e-04, 4.82160074e-04, 1.44648016e-03,
       1.44648016e-03, 4.82160074e-04, 1.92864030e-03, 0., 0.,
       2.41080043e-03, 9.64320148e-04, 9.64320148e-04, 0.,
       2.89296033e-03, 2.41080043e-03, 0., 4.82160074e-04,
       2.41080043e-03, 0., 3.37512046e-03, 2.41080043e-03,
       4.82160074e-04, 4.82160074e-04, 4.82160074e-04, 4.82160074e-04,
       1.92864030e-03, 9.64320148e-04, 9.64320148e-04, 1.44648016e-03,
       0., 1.92864030e-03, 2.41080043e-03, 9.64320148e-04,
       1.44648016e-03, 0., 0., 9.64320148e-04, 9.64320148e-04,
       1.44648016e-03, 4.82160074e-04, 4.82160074e-04, 4.82160074e-04,
       0., 3.85728059e-03, 3.37512046e-03, 4.82160074e-04,
       3.85728059e-03, 1.44648016e-03, 0., 9.64320148e-04,
       4.82160074e-04, 0., 9.64320148e-04, 1.44648016e-03,
       1.92864030e-03, 9.64320148e-04, 2.41080043e-03, 9.64320148e-04,
       9.64320148e-04, 0., 1.44648016e-03, 4.82160074e-04,
       4.82160074e-04, 1.44648016e-03, 0., 9.64320148e-04,
       4.82160074e-04, 1.92864030e-03, 4.82160074e-04, 4.82160074e-04,
       1.44648016e-03, 1.92864030e-03, 0., 4.82160074e-04,
       2.89296033e-03, 1.44648016e-03, 1.44648016e-03, 9.64320148e-04,
       4.82160074e-04, 9.64320148e-04, 9.64320148e-04, 0.,
       3.85728059e-03, 4.33944073e-03, 9.64320148e-04, 4.82160074e-04,
       1.44648016e-03, 4.82160074e-04, 1.92864030e-03, 9.64320148e-04,
       2.41080043e-03, 2.41080043e-03, 4.82160074e-04, 1.44648016e-03,
       1.92864030e-03, 9.64320148e-04, 4.82160074e-04, 1.44648016e-03,
       2.41080043e-03, 4.33944073e-03, 1.44648016e-03, 0.,
       9.64320148e-04, 0., 1.44648016e-03, 3.37512046e-03,
       2.89296033e-03, 0., 4.82160074e-04, 2.41080043e-03,
       4.82160074e-04, 4.82160074e-04, 1.44648016e-03, 3.37512046e-03,
       1.92864030e-03, 1.92864030e-03, 1.44648016e-03, 7.23240105e-03,
       9.64320148e-04, 2.41080043e-03, 1.92864030e-03, 2.89296033e-03,
       4.82160074e-04, 1.44648016e-03, 0., 9.64320148e-04,
       4.82160074e-04, 0., 4.82160074e-04, 4.82160074e-04,
       3.85728059e-03, 4.82160074e-04, 1.92864030e-03, 1.92864030e-03,
       0., 4.82160074e-04, 9.64320148e-04, 4.82160074e-04,
       9.64320148e-04, 4.82160074e-04, 0., 4.33944073e-03,
       1.92864030e-03, 9.64320148e-04, 1.92864030e-03, 2.89296033e-03,
       0., 2.89296033e-03, 0., 4.82160074e-04, 4.82160074e-04,
       2.41080043e-03, 4.82160074e-04, 2.89296033e-03, 9.64320148e-04,
       9.64320148e-04, 1.44648016e-03, 1.44648016e-03, 3.37512046e-03,
       4.82160074e-04, 2.41080043e-03, 1.44648016e-03, 1.92864030e-03,
       9.64320148e-04, 4.33944073e-03, 0., 4.82160074e-04,
       9.64320148e-04, 9.64320148e-04, 9.64320148e-04, 9.64320148e-04,
       4.82160074e-04, 4.82160074e-04, 4.82160074e-04, 9.64320148e-04,
       0., 3.85728059e-03, 2.89296033e-03, 3.85728059e-03,
       3.37512046e-03, 3.37512046e-03, 1.44648016e-03, 1.44648016e-03,
       9.64320148e-04, 4.82160074e-04, 0., 1.44648016e-03,
       4.82160074e-04, 1.44648016e-03, 0., 2.41080043e-03, 0.,
       1.44648016e-03, 4.82160074e-04, 9.64320148e-04, 4.82160074e-04,
       2.41080043e-03, 1.92864030e-03, 4.82160074e-04, 9.64320148e-04,
       1.92864030e-03, 0., 4.82160074e-04, 9.64320148e-04,
       9.64320148e-04, 3.85728059e-03, 0., 9.64320148e-04,
       9.64320148e-04, 1.92864030e-03, 9.64320148e-04, 4.82160074e-04,
       0., 4.82160074e-04, 2.89296033e-03, 0., 1.92864030e-03,
       9.64320148e-04, 4.82160074e-04, 4.82160074e-04, 9.64320148e-04,
       9.64320148e-04, 1.44648016e-03, 2.89296033e-03, 2.41080043e-03,
       2.41080043e-03, 1.92864030e-03, 4.82160074e-04, 9.64320148e-04,
       4.33944073e-03, 2.41080043e-03, 9.64320148e-04, 4.82160074e-04,
       0., 3.37512046e-03, 4.82160074e-04, 9.64320148e-04,
       1.92864030e-03, 4.82160074e-04, 1.92864030e-03, 1.92864030e-03,
       0., 4.82160074e-04, 4.82160074e-04, 4.82160074e-04,
       9.64320148e-04, 4.82160074e-04, 9.64320148e-04, 0.,
       4.82160074e-04, 9.64320148e-04, 0., 4.82160074e-04,
       4.82160074e-04, 4.33944073e-03, 2.41080043e-03, 4.82160074e-04,
       4.82160074e-04, 4.82160074e-04, 4.82160074e-04, 0.,
       1.92864030e-03, 1.44648016e-03, 2.89296033e-03, 9.64320148e-04,
       1.44648016e-03, 4.82160074e-04, 4.82160074e-04, 0.,
       2.89296033e-03, 9.64320148e-04, 1.44648016e-03, 1.92864030e-03,
       0., 1.44648016e-03, 9.64320148e-04, 0., 7.71456119e-03,
       3.37512046e-03, 9.64320148e-04, 1.44648016e-03, 1.44648016e-03,
       3.37512046e-03, 2.89296033e-03, 4.82160074e-04, 4.82160074e-04,
       0., 1.92864030e-03, 0., 4.82160074e-04, 0., 4.82160074e-04,
       9.64320148e-04, 0., 3.37512046e-03, 4.82160074e-04, 0.,
       2.41080043e-03, 3.85728059e-03, 4.82160074e-04, 9.64320148e-04,
       1.92864030e-03, 4.82160074e-04, 9.64320148e-04, 0.,
       3.37512046e-03, 0., 9.64320148e-04, 4.82160074e-04,
       9.64320148e-04, 1.44648016e-03, 0., 1.92864030e-03,
       4.82160074e-04, 1.92864030e-03, 9.64320148e-04, 0.,
       4.82160074e-04, 1.92864030e-03, 2.89296033e-03, 2.41080043e-03,
       1.92864030e-03, 0., 2.89296033e-03, 4.82160074e-04,
       1.92864030e-03, 0., 1.44648016e-03, 1.44648016e-03,
       2.41080043e-03, 9.64320148e-04, 4.82160074e-04, 1.44648016e-03,
       9.64320148e-04, 9.64320148e-04, 0., 2.89296033e-03,
       4.82160074e-04, 1.44648016e-03, 9.64320148e-04, 9.64320148e-04,
       4.82160074e-04, 9.64320148e-04, 9.64320148e-04, 2.41080043e-03,
       4.82160074e-04, 2.41080043e-03, 9.64320148e-04, 0.,
       9.64320148e-04, 2.89296033e-03, 2.41080043e-03, 9.64320148e-04,
       3.37512046e-03, 9.64320148e-04, 2.41080043e-03, 9.64320148e-04,
       0., 4.82160074e-04, 4.82160074e-04, 1.44648016e-03,
