%YAML:1.0
m50f: !!opencv-matrix
   rows: 1
   cols: 800
   dt: f
   data: [ 2.45700241e-03, 6.14250603e-04, 0., 1.84275187e-03,
       6.14250603e-04, 6.75675645e-03, 6.14250603e-04, 3.07125296e-03,
       1.22850121e-03, 6.14250591e-03, 1.22850121e-03, 0., 0.,
       6.14250603e-04, 0., 6.14250591e-03, 0., 0., 6.14250603e-04, 0.,
       0., 1.84275187e-03, 1.84275187e-03, 1.84275187e-03, 0., 0.,
       6.14250603e-04, 1.22850121e-03, 3.07125296e-03, 6.14250603e-04,
       6.14250603e-04, 0., 3.68550373e-03, 0., 0., 1.22850121e-03,
       6.75675645e-03, 0., 4.91400482e-03, 3.68550373e-03,
       6.14250603e-04, 1.84275187e-03, 0., 1.84275187e-03,
       1.22850121e-03, 0., 6.14250603e-04, 6.14250603e-04,
       2.45700241e-03, 1.22850121e-03, 3.07125296e-03, 1.84275187e-03,
       4.29975428e-03, 6.14250603e-04, 0., 3.68550373e-03,
       2.45700241e-03, 0., 6.14250603e-04, 0., 1.84275187e-03,
       6.14250603e-04, 1.22850121e-03, 4.29975428e-03, 0., 0.,
       2.45700241e-03, 1.84275187e-03, 6.14250603e-04, 0.,
       5.52825537e-03, 1.22850121e-03, 6.14250603e-04, 6.14250603e-04,
       6.14250603e-04, 2.45700241e-03, 2.45700241e-03, 3.07125296e-03,
       6.14250603e-04, 6.14250603e-04, 6.14250603e-04, 6.14250603e-04,
       6.14250603e-04, 1.22850121e-03, 6.14250603e-04, 3.07125296e-03,
       6.14250603e-04, 1.22850121e-03, 1.22850121e-03, 1.84275187e-03,
       6.14250603e-04, 6.14250603e-04, 6.14250603e-04, 6.14250603e-04,
       0., 3.07125296e-03, 3.07125296e-03, 6.14250603e-04,
       2.45700241e-03, 1.22850121e-03, 0., 8.59950855e-03, 0., 0.,
       1.22850121e-03, 6.14250603e-04, 1.22850121e-03, 1.22850121e-03,
       0., 0., 2.45700241e-03, 3.68550373e-03, 1.22850121e-03,
       2.45700241e-03, 6.14250603e-04, 1.22850121e-03, 2.45700241e-03,
       0., 0., 6.75675645e-03, 6.14250603e-04, 0., 1.22850121e-03,
       4.29975428e-03, 0., 1.22850121e-03, 6.14250603e-04,
       2.45700241e-03, 6.14250603e-04, 1.22850121e-03, 3.68550373e-03,
       1.84275187e-03, 0., 3.07125296e-03, 1.84275187e-03, 0., 0.,
       6.14250603e-04, 1.22850121e-03, 6.14250603e-04, 0.,
       1.84275187e-03, 2.45700241e-03, 1.84275187e-03, 6.14250603e-04,
       6.14250603e-04, 1.22850121e-03, 0., 0., 0., 1.22850121e-03,
       2.45700241e-03, 4.29975428e-03, 5.52825537e-03, 6.14250603e-04,
       6.14250603e-04, 8.59950855e-03, 1.84275187e-03, 6.14250603e-04,
       1.22850121e-03, 6.14250591e-03, 0., 1.22850121e-03, 0., 0., 0.,
       1.84275187e-03, 1.84275187e-03, 0., 0., 1.22850121e-03, 0.,
       6.14250603e-04, 1.84275187e-03, 0., 2.45700241e-03,
       2.45700241e-03, 1.84275187e-03, 0., 6.14250603e-04, 0., 0., 0.,
       6.14250603e-04, 1.22850121e-03, 6.14250603e-04, 0.,
       3.07125296e-03, 0., 1.22850121e-03, 6.14250603e-04,
       1.22850121e-03, 0., 0., 6.14250603e-04, 1.22850121e-03, 0.,
       5.52825537e-03, 0., 0., 0., 0., 0., 0., 6.14250603e-04,
       1.22850121e-03, 0., 5.52825537e-03, 0., 6.14250603e-04,
       1.84275187e-03, 2.45700241e-03, 1.84275187e-03, 6.14250603e-04,
       0., 0., 2.45700241e-03, 0., 2.45700241e-03, 0., 6.14250603e-04,
       1.84275187e-03, 4.91400482e-03, 3.07125296e-03, 0.,
       6.14250603e-04, 0., 6.14250603e-04, 0., 4.91400482e-03,
       1.22850121e-03, 6.14250603e-04, 6.14250603e-04, 0., 0., 0.,
       4.91400482e-03, 3.07125296e-03, 0., 1.22850121e-03, 0.,
       2.45700241e-03, 6.14250603e-04, 1.22850121e-03, 3.07125296e-03,
       0., 1.84275187e-03, 6.14250603e-04, 6.14250603e-04,
       6.14250603e-04, 2.45700241e-03, 1.22850121e-03, 0., 0., 0.,
       3.68550373e-03, 1.84275187e-03, 6.14250603e-04, 2.45700241e-03,
       6.14250603e-04, 0., 1.84275187e-03, 6.14250603e-04, 0., 0., 0.,
       1.84275187e-03, 6.14250603e-04, 0., 0., 3.07125296e-03, 0.,
       6.14250603e-04, 0., 6.14250603e-04, 2.45700241e-03, 0.,
       1.84275187e-03, 0., 1.22850121e-03, 3.68550373e-03,
       1.22850121e-03, 6.14250603e-04, 6.14250603e-04, 1.22850121e-03,
       1.84275187e-03, 5.52825537e-03, 1.22850121e-03, 1.22850121e-03,
       1.84275187e-03, 6.14250603e-04, 6.14250603e-04, 0.,
       6.14250603e-04, 3.68550373e-03, 1.84275187e-03, 6.14250603e-04,
       6.14250603e-04, 5.52825537e-03, 6.14250591e-03, 2.45700241e-03,
       1.84275187e-03, 0., 0., 6.14250603e-04, 1.84275187e-03,
       3.68550373e-03, 0., 0., 1.84275187e-03, 3.07125296e-03,
       6.14250603e-04, 6.14250603e-04, 3.07125296e-03, 6.14250603e-04,
       6.14250603e-04, 0., 0., 2.45700241e-03, 1.84275187e-03, 0., 0.,
       0., 0., 1.22850118e-02, 0., 0., 0., 1.84275187e-03, 0., 0., 0.,
       2.45700241e-03, 0., 0., 6.14250603e-04, 3.07125296e-03,
       4.29975428e-03, 6.14250603e-04, 0., 0., 0., 1.84275187e-03,
       1.84275187e-03, 0., 0., 1.22850121e-03, 1.84275187e-03,
       1.22850121e-03, 0., 1.22850121e-03, 6.14250603e-04, 0., 0.,
       3.68550373e-03, 0., 1.22850121e-03, 6.14250603e-04,
       1.22850121e-03, 0., 0., 0., 1.22850121e-03, 0., 0., 0.,
       2.45700241e-03, 6.14250603e-04, 1.84275187e-03, 6.14250603e-04,
       0., 0., 1.22850121e-03, 0., 1.22850121e-03, 0., 0.,
       6.14250603e-04, 0., 3.07125296e-03, 6.14250603e-04,
       6.14250603e-04, 2.45700241e-03, 0., 3.07125296e-03, 0., 0.,
       1.22850121e-03, 1.84275187e-03, 0., 0., 6.14250603e-04,
       3.68550373e-03, 3.68550373e-03, 0., 2.45700241e-03,
       6.14250603e-04, 6.14250603e-04, 6.14250603e-04, 0.,
       6.14250603e-04, 6.14250603e-04, 6.14250603e-04, 1.84275187e-03,
       6.14250603e-04, 1.22850121e-03, 6.14250603e-04, 0.,
       1.22850121e-03, 1.22850121e-03, 3.07125296e-03, 6.14250603e-04,
       1.22850121e-03, 0., 0., 1.22850121e-03, 6.14250603e-04,
       1.22850121e-03, 2.45700241e-03, 1.22850121e-03, 3.07125296e-03,
       6.14250603e-04, 6.14250603e-04, 1.22850121e-03, 0.,
       1.84275187e-03, 0., 0., 2.45700241e-03, 3.07125296e-03, 0.,
       6.14250603e-04, 3.68550373e-03, 1.22850121e-03, 0.,
       4.29975428e-03, 6.14250603e-04, 0., 0., 1.84275187e-03, 0.,
       1.84275187e-03, 2.45700241e-03, 0., 6.14250603e-04,
       4.29975428e-03, 1.22850121e-03, 5.52825537e-03, 1.84275187e-03,
       6.14250603e-04, 1.22850121e-03, 0., 1.84275187e-03, 0.,
       1.22850121e-03, 6.14250603e-04, 6.14250603e-04, 0., 0.,
       4.91400482e-03, 6.14250603e-04, 2.45700241e-03, 6.14250603e-04,
       2.45700241e-03, 0., 5.52825537e-03, 6.14250603e-04,
       4.91400482e-03, 1.22850121e-03, 0., 1.84275187e-03, 0., 0., 0.,
       6.14250603e-04, 0., 1.22850121e-03, 0., 6.14250603e-04,
       1.84275187e-03, 1.22850121e-03, 6.14250603e-04, 6.14250603e-04,
       0., 2.45700241e-03, 3.07125296e-03, 2.45700241e-03,
       6.14250603e-04, 0., 0., 6.14250603e-04, 6.14250603e-04,
       3.68550373e-03, 6.14250603e-04, 1.22850121e-03, 0., 0.,
       2.45700241e-03, 6.14250603e-04, 1.22850121e-03, 0.,
       6.14250603e-04, 0., 0., 6.14250603e-04, 7.98525754e-03, 0.,
       1.22850121e-03, 6.14250603e-04, 1.22850121e-03, 6.14250603e-04,
       1.84275187e-03, 0., 0., 3.68550373e-03, 6.14250603e-04, 0.,
       1.22850121e-03, 3.07125296e-03, 2.45700241e-03, 1.84275187e-03,
       6.14250603e-04, 0., 1.22850121e-03, 6.14250603e-04,
       1.22850121e-03, 0., 6.14250603e-04, 3.07125296e-03,
       6.14250603e-04, 6.14250603e-04, 0., 6.14250603e-04, 0.,
       1.22850121e-03, 1.22850121e-03, 6.14250603e-04, 3.07125296e-03,
       1.22850121e-03, 1.22850121e-03, 0., 0., 1.84275187e-03,
       2.45700241e-03, 0., 0., 0., 2.45700241e-03, 0., 1.22850121e-03,
       0., 2.45700241e-03, 3.68550373e-03, 6.14250603e-04,
       6.14250603e-04, 2.45700241e-03, 1.22850121e-03, 0., 0.,
       6.14250603e-04, 2.45700241e-03, 6.14250603e-04, 1.84275187e-03,
       1.22850121e-03, 4.29975428e-03, 0., 3.07125296e-03,
       5.52825537e-03, 1.84275187e-03, 0., 0., 6.14250603e-04, 0.,
       1.22850121e-03, 0., 4.29975428e-03, 6.75675645e-03,
       6.14250603e-04, 1.22850121e-03, 0., 0., 0., 6.14250603e-04, 0.,
       4.29975428e-03, 0., 6.14250603e-04, 0., 0., 6.14250603e-04,
