%YAML:1.0
m50f: !!opencv-matrix
   rows: 1
   cols: 800
   dt: f
   data: [ 9.41324164e-04, 2.51019769e-03, 1.88264833e-03, 0.,
       1.25509885e-03, 1.25509885e-03, 1.56887353e-03, 2.19642301e-03,
       6.27549423e-04, 3.13774712e-04, 0., 9.41324164e-04,
       1.25509885e-03, 1.25509885e-03, 1.88264833e-03, 9.41324164e-04,
       1.88264833e-03, 2.82397238e-03, 9.41324164e-04, 2.19642301e-03,
       1.56887353e-03, 1.25509885e-03, 2.19642301e-03, 2.19642301e-03,
       2.19642301e-03, 1.88264833e-03, 6.27549423e-04, 9.41324164e-04,
       1.56887353e-03, 2.19642301e-03, 1.56887353e-03, 3.13774712e-04,
       6.27549423e-04, 1.88264833e-03, 3.13774706e-03, 2.19642301e-03,
       3.13774712e-04, 1.56887353e-03, 9.41324164e-04, 9.41324164e-04,
       3.13774712e-04, 2.51019769e-03, 9.41324164e-04, 3.13774712e-04,
       1.25509885e-03, 6.27549423e-04, 6.27549423e-04, 1.56887353e-03,
       9.41324164e-04, 2.19642301e-03, 3.13774712e-04, 1.88264833e-03,
       2.19642301e-03, 3.13774712e-04, 6.27549423e-04, 1.25509885e-03,
       2.19642301e-03, 3.13774712e-04, 3.13774712e-04, 3.13774712e-04,
       6.27549423e-04, 3.13774712e-04, 1.56887353e-03, 3.13774712e-04,
       1.56887353e-03, 1.88264833e-03, 6.27549423e-04, 9.41324164e-04,
       1.25509885e-03, 9.41324164e-04, 3.13774712e-04, 2.51019769e-03,
       9.41324164e-04, 1.25509885e-03, 3.45152174e-03, 1.56887353e-03,
       3.13774712e-04, 2.19642301e-03, 2.19642301e-03, 1.88264833e-03,
       2.19642301e-03, 1.25509885e-03, 6.27549423e-04, 3.13774712e-04,
       1.56887353e-03, 0., 0., 2.19642301e-03, 1.25509885e-03,
       1.25509885e-03, 1.25509885e-03, 6.27549423e-04, 9.41324164e-04,
       9.41324164e-04, 3.13774712e-04, 1.25509885e-03, 1.25509885e-03,
       9.41324164e-04, 1.25509885e-03, 0., 9.41324164e-04,
       6.27549423e-04, 1.25509885e-03, 1.88264833e-03, 1.88264833e-03,
       6.27549423e-04, 9.41324164e-04, 6.27549423e-04, 3.13774712e-04,
       3.13774712e-04, 2.51019769e-03, 2.51019769e-03, 2.19642301e-03,
       1.25509885e-03, 1.25509885e-03, 1.25509885e-03, 1.25509885e-03,
       3.13774706e-03, 1.56887353e-03, 1.56887353e-03, 3.13774712e-04,
       1.25509885e-03, 1.88264833e-03, 1.25509885e-03, 9.41324164e-04,
       1.25509885e-03, 1.88264833e-03, 9.41324164e-04, 9.41324164e-04,
       1.56887353e-03, 3.13774712e-04, 1.25509885e-03, 1.25509885e-03,
       1.56887353e-03, 3.13774712e-04, 2.82397238e-03, 1.88264833e-03,
       6.27549423e-04, 9.41324164e-04, 9.41324164e-04, 0.,
       1.25509885e-03, 3.13774712e-04, 6.27549423e-04, 1.25509885e-03,
       6.27549423e-04, 3.13774712e-04, 1.56887353e-03, 9.41324164e-04,
       6.27549423e-04, 0., 6.27549423e-04, 3.13774712e-04,
       3.13774712e-04, 1.88264833e-03, 1.56887353e-03, 1.88264833e-03,
       6.27549423e-04, 1.25509885e-03, 1.56887353e-03, 1.25509885e-03,
       9.41324164e-04, 3.13774712e-04, 6.27549423e-04, 6.27549423e-04,
       1.56887353e-03, 1.25509885e-03, 0., 2.82397238e-03,
       3.13774712e-04, 6.27549423e-04, 1.56887353e-03, 3.13774712e-04,
       0., 9.41324164e-04, 9.41324164e-04, 3.13774712e-04,
       9.41324164e-04, 1.25509885e-03, 2.19642301e-03, 3.76529666e-03,
       3.13774706e-03, 9.41324164e-04, 9.41324164e-04, 6.27549423e-04,
       9.41324164e-04, 1.88264833e-03, 3.13774712e-04, 6.27549423e-04,
       0., 6.27549423e-04, 1.56887353e-03, 1.25509885e-03,
       1.25509885e-03, 6.27549423e-04, 9.41324164e-04, 9.41324164e-04,
       6.27549423e-04, 1.56887353e-03, 1.25509885e-03, 6.27549423e-04,
       0., 4.07907134e-03, 1.25509885e-03, 1.88264833e-03,
       3.45152174e-03, 1.56887353e-03, 1.56887353e-03, 6.27549423e-04,
       3.13774706e-03, 9.41324164e-04, 6.27549423e-04, 1.56887353e-03,
       1.25509885e-03, 2.51019769e-03, 1.56887353e-03, 9.41324164e-04,
       0., 1.56887353e-03, 6.27549423e-04, 1.25509885e-03,
       1.25509885e-03, 1.56887353e-03, 3.13774712e-04, 9.41324164e-04,
       6.27549423e-04, 1.25509885e-03, 2.19642301e-03, 6.27549423e-04,
       2.51019769e-03, 1.25509885e-03, 1.88264833e-03, 0.,
       6.27549423e-04, 1.25509885e-03, 1.56887353e-03, 1.56887353e-03,
       1.25509885e-03, 9.41324164e-04, 6.27549423e-04, 1.25509885e-03,
       9.41324164e-04, 3.13774712e-04, 2.51019769e-03, 1.56887353e-03,
       2.19642301e-03, 1.88264833e-03, 6.27549423e-04, 6.27549423e-04,
       6.27549423e-04, 3.13774706e-03, 9.41324164e-04, 1.88264833e-03,
       3.76529666e-03, 9.41324164e-04, 3.13774712e-04, 3.13774712e-04,
       1.56887353e-03, 6.27549423e-04, 6.27549423e-04, 1.56887353e-03,
       2.19642301e-03, 6.27549423e-04, 6.27549423e-04, 2.82397238e-03,
       6.27549423e-04, 0., 2.19642301e-03, 6.27549423e-04,
       1.88264833e-03, 9.41324164e-04, 9.41324164e-04, 6.27549423e-04,
       2.19642301e-03, 3.13774712e-04, 1.88264833e-03, 9.41324164e-04,
       2.19642301e-03, 6.27549423e-04, 1.56887353e-03, 3.13774712e-04,
       1.88264833e-03, 3.13774712e-04, 9.41324164e-04, 2.19642301e-03,
       1.88264833e-03, 2.82397238e-03, 1.25509885e-03, 0.,
       6.27549423e-04, 2.51019769e-03, 6.27549423e-04, 9.41324164e-04,
       1.25509885e-03, 2.51019769e-03, 0., 1.88264833e-03,
       2.19642301e-03, 3.13774712e-04, 2.51019769e-03, 1.88264833e-03,
       3.13774712e-04, 9.41324164e-04, 1.88264833e-03, 3.13774712e-04,
       3.13774706e-03, 9.41324164e-04, 2.51019769e-03, 1.56887353e-03,
       1.56887353e-03, 1.56887353e-03, 0., 9.41324164e-04,
       1.88264833e-03, 1.56887353e-03, 3.13774712e-04, 9.41324164e-04,
       1.25509885e-03, 1.25509885e-03, 6.27549423e-04, 9.41324164e-04,
       9.41324164e-04, 6.27549423e-04, 6.27549423e-04, 9.41324164e-04,
       2.19642301e-03, 9.41324164e-04, 9.41324164e-04, 3.13774712e-04,
       2.19642301e-03, 2.19642301e-03, 1.88264833e-03, 2.19642301e-03,
       3.13774706e-03, 9.41324164e-04, 0., 2.19642301e-03,
       1.88264833e-03, 0., 1.25509885e-03, 2.19642301e-03,
       1.25509885e-03, 2.51019769e-03, 9.41324164e-04, 1.25509885e-03,
       6.27549423e-04, 1.25509885e-03, 9.41324164e-04, 6.27549423e-04,
       3.13774712e-04, 1.25509885e-03, 9.41324164e-04, 9.41324164e-04,
       2.51019769e-03, 1.56887353e-03, 6.27549423e-04, 1.88264833e-03,
       1.25509885e-03, 2.51019769e-03, 2.51019769e-03, 2.19642301e-03,
       1.88264833e-03, 0., 1.25509885e-03, 6.27549423e-04,
       9.41324164e-04, 1.25509885e-03, 0., 1.56887353e-03,
       1.88264833e-03, 2.82397238e-03, 1.56887353e-03, 1.88264833e-03,
       3.13774712e-04, 9.41324164e-04, 1.56887353e-03, 1.25509885e-03,
       6.27549423e-04, 3.76529666e-03, 6.27549423e-04, 6.27549423e-04,
       3.13774712e-04, 9.41324164e-04, 3.13774712e-04, 4.07907134e-03,
       1.25509885e-03, 6.27549423e-04, 6.27549423e-04, 4.70662070e-03,
       6.27549423e-04, 2.19642301e-03, 2.51019769e-03, 1.88264833e-03,
       2.82397238e-03, 1.88264833e-03, 9.41324164e-04, 1.88264833e-03,
       6.27549423e-04, 3.13774712e-04, 1.25509885e-03, 1.25509885e-03,
       0., 1.88264833e-03, 3.13774712e-04, 3.13774712e-04,
       1.88264833e-03, 0., 3.13774712e-04, 2.82397238e-03,
       3.13774712e-04, 4.39284602e-03, 1.88264833e-03, 3.13774712e-04,
       1.25509885e-03, 4.07907134e-03, 2.82397238e-03, 1.56887353e-03,
       6.27549423e-04, 6.27549423e-04, 1.88264833e-03, 6.27549423e-04,
       1.56887353e-03, 6.27549423e-04, 1.25509885e-03, 9.41324164e-04,
       6.27549423e-04, 1.88264833e-03, 1.88264833e-03, 1.56887353e-03,
       1.88264833e-03, 3.13774712e-04, 1.56887353e-03, 1.88264833e-03,
       9.41324164e-04, 1.25509885e-03, 1.88264833e-03, 6.27549423e-04,
       1.25509885e-03, 9.41324164e-04, 1.56887353e-03, 3.13774712e-04,
       1.88264833e-03, 1.25509885e-03, 1.56887353e-03, 3.13774712e-04,
       6.27549423e-04, 2.82397238e-03, 9.41324164e-04, 3.13774712e-04,
       9.41324164e-04, 3.13774712e-04, 3.13774706e-03, 1.88264833e-03,
       2.51019769e-03, 1.56887353e-03, 1.56887353e-03, 1.88264833e-03,
       2.19642301e-03, 2.19642301e-03, 2.19642301e-03, 1.25509885e-03,
