%YAML:1.0
m50f: !!opencv-matrix
   rows: 1
   cols: 800
   dt: f
   data: [ 4.07331972e-04, 1.62932789e-03, 3.25865578e-03, 0.,
       1.62932789e-03, 0., 2.03665998e-03, 0., 4.07331972e-04,
       1.22199592e-03, 1.62932789e-03, 8.14663945e-04, 8.14663945e-04,
       4.07331972e-04, 2.85132369e-03, 3.25865578e-03, 8.14663945e-04,
       4.07331972e-04, 1.22199592e-03, 1.22199592e-03, 1.22199592e-03,
       1.62932789e-03, 4.07331972e-04, 0., 2.85132369e-03,
       8.14663945e-04, 8.14663945e-04, 2.03665998e-03, 0., 0.,
       1.22199592e-03, 1.22199592e-03, 1.62932789e-03, 1.22199592e-03,
       0., 4.07331996e-03, 8.14663945e-04, 0., 8.14663945e-04,
       8.14663945e-04, 2.03665998e-03, 8.14663945e-04, 1.62932789e-03,
       4.07331972e-04, 2.44399183e-03, 4.07331972e-04, 8.14663945e-04,
       1.22199592e-03, 4.07331972e-04, 8.14663945e-04, 2.85132369e-03,
       8.14663945e-04, 1.22199592e-03, 1.22199592e-03, 8.14663945e-04,
       0., 4.07331972e-04, 0., 1.62932789e-03, 2.44399183e-03, 0.,
       8.14663945e-04, 2.85132369e-03, 1.22199592e-03, 1.62932789e-03,
       0., 1.22199592e-03, 4.07331972e-04, 8.14663945e-04,
       1.62932789e-03, 8.14663945e-04, 1.62932789e-03, 0.,
       2.44399183e-03, 4.07331972e-04, 1.62932789e-03, 1.22199592e-03,
       2.03665998e-03, 1.62932789e-03, 2.85132369e-03, 4.07331972e-04,
       0., 8.14663945e-04, 4.07331972e-04, 1.62932789e-03,
       2.03665998e-03, 1.22199592e-03, 1.22199592e-03, 2.03665998e-03,
       4.07331972e-04, 8.14663945e-04, 8.14663945e-04, 2.03665998e-03,
       8.14663945e-04, 4.07331972e-04, 8.14663945e-04, 8.14663945e-04,
       1.22199592e-03, 2.44399183e-03, 4.07331972e-04, 1.22199592e-03,
       2.03665998e-03, 3.66598787e-03, 2.03665998e-03, 4.07331972e-04,
       2.44399183e-03, 8.14663945e-04, 2.85132369e-03, 8.14663945e-04,
       1.22199592e-03, 1.22199592e-03, 4.07331996e-03, 0.,
       4.07331972e-04, 4.07331996e-03, 8.14663945e-04, 2.85132369e-03,
       1.62932789e-03, 1.62932789e-03, 8.14663945e-04, 8.14663945e-04,
       2.44399183e-03, 2.85132369e-03, 8.14663945e-04, 0.,
       2.85132369e-03, 2.03665998e-03, 0., 6.10997947e-03,
       2.44399183e-03, 0., 4.07331972e-04, 1.22199592e-03,
       4.07331972e-04, 8.14663945e-04, 0., 2.03665998e-03,
       4.07331972e-04, 2.03665998e-03, 3.25865578e-03, 2.44399183e-03,
       1.22199592e-03, 2.44399183e-03, 1.22199592e-03, 1.22199592e-03,
       4.07331972e-04, 8.14663945e-04, 8.14663945e-04, 0.,
       1.22199592e-03, 2.44399183e-03, 0., 4.07331972e-04,
       4.07331972e-04, 4.07331972e-04, 1.62932789e-03, 1.22199592e-03,
       2.85132369e-03, 1.22199592e-03, 2.85132369e-03, 4.07331972e-04,
       0., 2.03665998e-03, 1.22199592e-03, 0., 1.22199592e-03, 0.,
       2.03665998e-03, 1.22199592e-03, 2.03665998e-03, 1.22199592e-03,
       1.22199592e-03, 2.85132369e-03, 0., 8.14663945e-04,
       2.03665998e-03, 1.22199592e-03, 1.22199592e-03, 1.62932789e-03,
       0., 1.62932789e-03, 1.62932789e-03, 4.07331972e-04,
       1.22199592e-03, 2.03665998e-03, 1.22199592e-03, 2.03665998e-03,
       1.22199592e-03, 0., 1.22199592e-03, 4.07331972e-04,
       1.62932789e-03, 8.14663945e-04, 1.22199592e-03, 1.22199592e-03,
       8.14663945e-04, 8.14663945e-04, 1.62932789e-03, 2.03665998e-03,
       1.22199592e-03, 8.14663945e-04, 8.14663945e-04, 1.62932789e-03,
       1.22199592e-03, 0., 8.14663945e-04, 4.07331972e-04,
       3.25865578e-03, 2.44399183e-03, 0., 4.07331996e-03,
       1.22199592e-03, 0., 0., 8.14663945e-04, 0., 1.62932789e-03,
       3.25865578e-03, 1.22199592e-03, 1.62932789e-03, 4.07331972e-04,
       1.62932789e-03, 1.62932789e-03, 4.07331972e-04, 0.,
       3.25865578e-03, 4.07331972e-04, 3.66598787e-03, 0.,
       2.03665998e-03, 4.07331972e-04, 1.22199592e-03, 1.62932789e-03,
       4.07331972e-04, 1.62932789e-03, 2.03665998e-03, 1.62932789e-03,
       0., 2.03665998e-03, 0., 2.44399183e-03, 0., 3.66598787e-03,
       1.22199592e-03, 4.07331972e-04, 4.07331972e-04, 6.51731156e-03,
       2.03665998e-03, 1.22199592e-03, 1.62932789e-03, 0.,
       2.03665998e-03, 4.07331972e-04, 8.14663945e-04, 1.22199592e-03,
       4.07331972e-04, 2.44399183e-03, 2.44399183e-03, 0.,
       3.66598787e-03, 2.03665998e-03, 4.07331972e-04, 8.14663945e-04,
       4.07331972e-04, 1.62932789e-03, 1.22199592e-03, 2.85132369e-03,
       4.07331972e-04, 0., 8.14663945e-04, 1.62932789e-03, 0.,
       8.14663945e-04, 1.22199592e-03, 1.62932789e-03, 8.14663945e-04,
       1.62932789e-03, 2.44399183e-03, 0., 4.07331972e-04,
       2.85132369e-03, 2.03665998e-03, 4.07331972e-04, 4.07331972e-04,
       0., 4.48065158e-03, 2.85132369e-03, 4.07331972e-04,
       4.07331972e-04, 4.07331996e-03, 8.14663945e-04, 4.88798367e-03,
       1.62932789e-03, 1.22199592e-03, 4.07331972e-04, 1.22199592e-03,
       1.62932789e-03, 4.07331972e-04, 1.22199592e-03, 2.03665998e-03,
       2.03665998e-03, 1.22199592e-03, 4.07331972e-04, 1.62932789e-03,
       4.07331972e-04, 2.44399183e-03, 0., 1.22199592e-03,
       3.25865578e-03, 8.14663945e-04, 1.62932789e-03, 0.,
       2.03665998e-03, 0., 0., 1.22199592e-03, 2.03665998e-03,
       2.44399183e-03, 0., 2.03665998e-03, 1.22199592e-03,
       3.25865578e-03, 4.07331972e-04, 4.07331972e-04, 0.,
       3.25865578e-03, 2.44399183e-03, 1.22199592e-03, 8.14663945e-04,
       8.14663945e-04, 2.85132369e-03, 0., 0., 2.03665998e-03,
       8.14663945e-04, 4.07331996e-03, 1.22199592e-03, 1.22199592e-03,
       8.14663945e-04, 4.07331972e-04, 8.14663945e-04, 0., 0.,
       3.25865578e-03, 0., 2.85132369e-03, 1.62932789e-03,
       2.03665998e-03, 8.14663945e-04, 2.85132369e-03, 2.85132369e-03,
       1.22199592e-03, 0., 2.03665998e-03, 4.07331972e-04,
       1.22199592e-03, 1.62932789e-03, 8.14663945e-04, 2.03665998e-03,
       1.62932789e-03, 1.22199592e-03, 1.22199592e-03, 3.25865578e-03,
       8.14663945e-04, 1.62932789e-03, 4.07331972e-04, 1.62932789e-03,
       8.14663945e-04, 1.22199592e-03, 1.22199592e-03, 1.22199592e-03,
       2.03665998e-03, 0., 2.44399183e-03, 8.14663945e-04, 0.,
       2.03665998e-03, 2.03665998e-03, 8.14663945e-04, 8.14663945e-04,
       2.03665998e-03, 1.22199592e-03, 4.07331972e-04, 2.03665998e-03,
       4.07331972e-04, 4.07331972e-04, 4.07331972e-04, 1.22199592e-03,
       1.22199592e-03, 4.07331972e-04, 1.62932789e-03, 2.44399183e-03,
       0., 1.22199592e-03, 4.07331972e-04, 8.14663945e-04,
       1.22199592e-03, 4.07331972e-04, 1.22199592e-03, 3.25865578e-03,
       8.14663945e-04, 1.62932789e-03, 4.88798367e-03, 4.07331972e-04,
       1.62932789e-03, 2.03665998e-03, 1.22199592e-03, 8.14663945e-04,
       1.62932789e-03, 8.14663945e-04, 4.07331972e-04, 1.22199592e-03,
       4.07331972e-04, 2.03665998e-03, 1.22199592e-03, 4.07331972e-04,
       0., 8.14663945e-04, 4.07331972e-04, 4.07331972e-04,
       4.07331972e-04, 8.14663945e-04, 4.07331996e-03, 8.14663945e-04,
       1.62932789e-03, 0., 1.62932789e-03, 8.14663945e-04,
       2.44399183e-03, 4.07331972e-04, 1.62932789e-03, 3.66598787e-03,
       0., 0., 2.44399183e-03, 1.62932789e-03, 0., 4.07331972e-04,
       2.44399183e-03, 0., 8.14663945e-04, 1.62932789e-03,
       4.07331972e-04, 4.07331972e-04, 0., 4.07331972e-04,
       4.07331972e-04, 2.44399183e-03, 2.85132369e-03, 1.22199592e-03,
       4.07331972e-04, 8.14663945e-04, 8.14663945e-04, 8.14663945e-04,
       8.14663945e-04, 1.22199592e-03, 1.62932789e-03, 0.,
       2.44399183e-03, 8.14663945e-04, 4.07331972e-04, 1.62932789e-03,
       1.62932789e-03, 1.22199592e-03, 4.07331972e-04, 4.07331972e-04,
       8.14663945e-04, 4.07331972e-04, 4.07331972e-04, 2.03665998e-03,
       8.14663945e-04, 8.14663945e-04, 2.85132369e-03, 2.44399183e-03,
       8.14663945e-04, 8.14663945e-04, 8.14663945e-04, 0.,
       2.03665998e-03, 8.14663945e-04, 4.07331972e-04, 4.07331972e-04,
       2.85132369e-03, 1.62932789e-03, 0., 0., 1.62932789e-03, 0.,
       3.66598787e-03, 1.22199592e-03, 3.25865578e-03, 8.14663945e-04,
       8.14663945e-04, 4.88798367e-03, 1.22199592e-03, 1.62932789e-03,
