%YAML:1.0
m50f: !!opencv-matrix
   rows: 1
   cols: 800
   dt: f
   data: [ 4.77554917e-04, 1.91021967e-03, 4.77554917e-04,
       1.91021967e-03, 2.86532938e-03, 1.43266469e-03, 0.,
       9.55109834e-04, 1.91021967e-03, 2.38777464e-03, 9.55109834e-04,
       2.38777464e-03, 0., 0., 1.43266469e-03, 0., 1.91021967e-03,
       4.77554917e-04, 1.43266469e-03, 1.43266469e-03, 0., 0.,
       2.86532938e-03, 0., 0., 0., 1.43266469e-03, 1.91021967e-03,
       9.55109834e-04, 1.43266469e-03, 9.55109834e-04, 0.,
       4.77554917e-04, 3.34288436e-03, 0., 1.91021967e-03,
       9.55109834e-04, 0., 1.43266469e-03, 4.77554917e-04,
       1.91021967e-03, 0., 2.86532938e-03, 1.91021967e-03,
       9.55109834e-04, 1.43266469e-03, 4.77554917e-04, 9.55109834e-04,
       0., 0., 4.77554917e-04, 4.77554917e-04, 9.55109834e-04, 0., 0.,
       9.55109834e-04, 1.43266469e-03, 4.77554917e-04, 1.43266469e-03,
       1.91021967e-03, 0., 4.77554917e-04, 3.34288436e-03,
       9.55109834e-04, 2.38777464e-03, 4.77554917e-04, 9.55109834e-04,
       9.55109834e-04, 0., 0., 1.43266469e-03, 0., 4.77554917e-04,
       4.77554917e-04, 9.55109834e-04, 2.38777464e-03, 0.,
       4.77554917e-04, 0., 4.77554917e-04, 4.77554917e-04, 0.,
       1.91021967e-03, 3.82043933e-03, 1.43266469e-03, 2.86532938e-03,
       4.77554917e-04, 1.43266469e-03, 1.43266469e-03, 9.55109834e-04,
       4.77554917e-04, 9.55109834e-04, 3.34288436e-03, 9.55109834e-04,
       4.77554917e-04, 9.55109834e-04, 2.38777464e-03, 3.34288436e-03,
       4.77554917e-04, 9.55109834e-04, 2.38777464e-03, 3.34288436e-03,
       4.77554917e-04, 1.43266469e-03, 0., 1.91021967e-03,
       1.43266469e-03, 4.77554917e-04, 0., 2.38777464e-03,
       1.43266469e-03, 9.55109834e-04, 1.91021967e-03, 2.38777464e-03,
       4.29799408e-03, 2.86532938e-03, 3.82043933e-03, 1.91021967e-03,
       3.82043933e-03, 9.55109834e-04, 4.77554917e-04, 1.91021967e-03,
       4.77554917e-04, 3.82043933e-03, 0., 4.77554917e-04,
       4.77554917e-04, 4.77554917e-04, 4.77554917e-04, 1.91021967e-03,
       0., 4.77554917e-04, 1.91021967e-03, 4.77554917e-04, 0., 0.,
       2.38777464e-03, 0., 1.43266469e-03, 2.38777464e-03,
       1.91021967e-03, 9.55109834e-04, 9.55109834e-04, 2.38777464e-03,
       9.55109834e-04, 4.77554917e-04, 2.38777464e-03, 4.77554917e-04,
       0., 2.86532938e-03, 4.77554917e-04, 0., 4.77554917e-04,
       3.34288436e-03, 2.38777464e-03, 9.55109834e-04, 0.,
       2.38777464e-03, 0., 1.43266469e-03, 1.91021967e-03,
       1.43266469e-03, 1.43266469e-03, 1.91021967e-03, 9.55109834e-04,
       2.38777464e-03, 0., 4.77554917e-04, 1.43266469e-03,
       4.77554917e-04, 9.55109834e-04, 1.43266469e-03, 9.55109834e-04,
       9.55109834e-04, 0., 0., 9.55109834e-04, 1.43266469e-03,
       1.43266469e-03, 0., 4.77554917e-04, 4.77554917e-04,
       4.77554917e-04, 2.38777464e-03, 1.91021967e-03, 9.55109834e-04,
       3.34288436e-03, 1.43266469e-03, 0., 9.55109834e-04,
       9.55109834e-04, 4.77554917e-04, 9.55109834e-04, 1.91021967e-03,
       1.91021967e-03, 2.38777464e-03, 1.43266469e-03, 1.91021967e-03,
       9.55109834e-04, 0., 1.43266469e-03, 4.77554917e-04, 0.,
       4.77554917e-04, 0., 4.77554917e-04, 4.77554917e-04,
       2.38777464e-03, 0., 4.77554917e-04, 9.55109834e-04,
       2.38777464e-03, 0., 1.43266469e-03, 2.38777464e-03,
       1.43266469e-03, 1.43266469e-03, 4.77554917e-04, 1.43266469e-03,
       9.55109834e-04, 1.43266469e-03, 1.91021967e-03, 3.82043933e-03,
       4.29799408e-03, 9.55109834e-04, 9.55109834e-04, 1.43266469e-03,
       4.77554917e-04, 1.43266469e-03, 1.43266469e-03, 1.91021967e-03,
       3.82043933e-03, 4.77554917e-04, 1.43266469e-03, 2.38777464e-03,
       9.55109834e-04, 0., 1.43266469e-03, 2.86532938e-03,
       5.25310403e-03, 2.38777464e-03, 4.77554917e-04, 9.55109834e-04,
       9.55109834e-04, 1.91021967e-03, 2.86532938e-03, 2.86532938e-03,
       0., 4.77554917e-04, 9.55109834e-04, 0., 1.43266469e-03,
       9.55109834e-04, 1.91021967e-03, 2.38777464e-03, 4.77554917e-04,
       1.91021967e-03, 8.11843388e-03, 2.38777464e-03, 2.38777464e-03,
       1.43266469e-03, 2.38777464e-03, 9.55109834e-04, 9.55109834e-04,
       0., 4.77554917e-04, 4.77554917e-04, 0., 4.77554917e-04,
       4.77554917e-04, 4.29799408e-03, 4.77554917e-04, 2.38777464e-03,
       2.38777464e-03, 4.77554917e-04, 0., 9.55109834e-04,
       4.77554917e-04, 9.55109834e-04, 4.77554917e-04, 0.,
       3.34288436e-03, 1.91021967e-03, 9.55109834e-04, 1.43266469e-03,
       3.34288436e-03, 0., 2.38777464e-03, 0., 9.55109834e-04,
       4.77554917e-04, 1.91021967e-03, 9.55109834e-04, 9.55109834e-04,
       4.77554917e-04, 4.77554917e-04, 2.38777464e-03, 9.55109834e-04,
       3.82043933e-03, 4.77554917e-04, 2.38777464e-03, 9.55109834e-04,
       1.43266469e-03, 1.43266469e-03, 4.77554929e-03, 1.43266469e-03,
       4.77554917e-04, 1.43266469e-03, 9.55109834e-04, 4.77554917e-04,
       9.55109834e-04, 4.77554917e-04, 9.55109834e-04, 4.77554917e-04,
       1.43266469e-03, 0., 3.34288436e-03, 2.38777464e-03,
       3.82043933e-03, 3.34288436e-03, 2.38777464e-03, 1.43266469e-03,
       2.38777464e-03, 1.43266469e-03, 0., 9.55109834e-04,
       1.43266469e-03, 4.77554917e-04, 1.91021967e-03, 9.55109834e-04,
       3.34288436e-03, 0., 9.55109834e-04, 9.55109834e-04,
       9.55109834e-04, 4.77554917e-04, 2.86532938e-03, 1.43266469e-03,
       9.55109834e-04, 9.55109834e-04, 1.91021967e-03, 4.77554917e-04,
       0., 9.55109834e-04, 9.55109834e-04, 3.34288436e-03,
       4.77554917e-04, 4.77554917e-04, 4.77554917e-04, 2.86532938e-03,
       0., 0., 9.55109834e-04, 4.77554917e-04, 1.91021967e-03, 0.,
       4.77554917e-04, 1.91021967e-03, 1.43266469e-03, 1.43266469e-03,
       9.55109834e-04, 1.43266469e-03, 1.91021967e-03, 2.38777464e-03,
       1.43266469e-03, 1.91021967e-03, 2.38777464e-03, 0.,
       9.55109834e-04, 2.86532938e-03, 2.38777464e-03, 4.77554917e-04,
       9.55109834e-04, 4.77554917e-04, 4.29799408e-03, 4.77554917e-04,
       4.77554917e-04, 9.55109834e-04, 4.77554917e-04, 1.91021967e-03,
       1.43266469e-03, 9.55109834e-04, 1.43266469e-03, 9.55109834e-04,
       4.77554917e-04, 4.77554917e-04, 1.91021967e-03, 1.43266469e-03,
       4.77554917e-04, 4.77554917e-04, 9.55109834e-04, 0.,
       4.77554917e-04, 4.77554917e-04, 4.77554929e-03, 3.34288436e-03,
       4.77554917e-04, 9.55109834e-04, 9.55109834e-04, 4.77554917e-04,
       0., 2.86532938e-03, 1.43266469e-03, 3.34288436e-03,
       4.77554917e-04, 1.91021967e-03, 9.55109834e-04, 4.77554917e-04,
       0., 1.43266469e-03, 1.43266469e-03, 9.55109834e-04,
       1.91021967e-03, 0., 2.38777464e-03, 9.55109834e-04, 0.,
       5.73065877e-03, 3.34288436e-03, 9.55109834e-04, 1.43266469e-03,
       1.91021967e-03, 2.86532938e-03, 3.34288436e-03, 4.77554917e-04,
       4.77554917e-04, 0., 9.55109834e-04, 0., 9.55109834e-04, 0., 0.,
       4.77554917e-04, 0., 2.86532938e-03, 0., 0., 1.91021967e-03,
       2.86532938e-03, 4.77554917e-04, 9.55109834e-04, 1.43266469e-03,
       3.34288436e-03, 1.43266469e-03, 4.77554917e-04, 2.38777464e-03,
       0., 9.55109834e-04, 1.43266469e-03, 2.38777464e-03,
       1.91021967e-03, 0., 1.43266469e-03, 1.91021967e-03,
       3.82043933e-03, 1.91021967e-03, 0., 0., 4.77554917e-04,
       3.82043933e-03, 2.38777464e-03, 1.91021967e-03, 0.,
       2.38777464e-03, 9.55109834e-04, 1.43266469e-03, 4.77554917e-04,
       1.43266469e-03, 1.91021967e-03, 2.38777464e-03, 9.55109834e-04,
       4.77554917e-04, 1.91021967e-03, 1.91021967e-03, 9.55109834e-04,
       4.77554917e-04, 4.29799408e-03, 9.55109834e-04, 1.43266469e-03,
       9.55109834e-04, 1.43266469e-03, 4.77554917e-04, 1.43266469e-03,
       4.77554917e-04, 1.91021967e-03, 4.77554917e-04, 2.38777464e-03,
       1.43266469e-03, 4.29799408e-03, 9.55109834e-04, 1.43266469e-03,
       1.43266469e-03, 0., 1.91021967e-03, 9.55109834e-04,
       1.43266469e-03, 4.77554917e-04, 0., 9.55109834e-04, 0.,
       2.38777464e-03, 2.38777464e-03, 1.43266469e-03, 2.38777464e-03,
