%YAML:1.0
m50f: !!opencv-matrix
   rows: 1
   cols: 800
   dt: f
   data: [ 1.59680634e-03, 2.39520939e-03, 7.98403169e-04,
       7.98403169e-04, 1.19760470e-03, 1.19760470e-03, 0.,
       7.98403169e-04, 2.39520939e-03, 3.59281432e-03, 1.99600798e-03,
       3.99201596e-03, 3.99201585e-04, 7.98403169e-04, 7.98403169e-04,
       1.19760470e-03, 1.59680634e-03, 3.99201585e-04, 7.98403169e-04,
       1.19760470e-03, 1.19760470e-03, 1.19760470e-03, 7.98403169e-04,
       1.19760470e-03, 3.99201585e-04, 0., 3.99201585e-04,
       7.98403169e-04, 1.59680634e-03, 7.98403169e-04, 1.59680634e-03,
       3.99201585e-04, 2.39520939e-03, 1.19760470e-03, 0.,
       3.99201596e-03, 3.99201585e-04, 3.99201585e-04, 7.98403169e-04,
       0., 1.19760470e-03, 1.19760470e-03, 1.99600798e-03,
       3.99201585e-04, 3.99201585e-04, 2.79441103e-03, 3.99201585e-04,
       1.19760470e-03, 3.99201585e-04, 1.99600798e-03, 1.59680634e-03,
       7.98403169e-04, 1.19760470e-03, 7.98403169e-04, 7.98403169e-04,
       1.59680634e-03, 3.99201585e-04, 1.19760470e-03, 1.59680634e-03,
       2.39520939e-03, 1.99600798e-03, 1.19760470e-03, 3.99201585e-04,
       2.79441103e-03, 1.59680634e-03, 0., 3.59281432e-03,
       3.99201585e-04, 7.98403169e-04, 1.59680634e-03, 0., 0.,
       3.99201585e-04, 3.99201585e-04, 2.79441103e-03, 2.39520939e-03,
       1.59680634e-03, 2.39520939e-03, 3.99201585e-04, 2.39520939e-03,
       0., 0., 2.39520939e-03, 1.99600798e-03, 2.39520939e-03,
       3.99201596e-03, 1.19760470e-03, 3.99201585e-04, 3.99201596e-03,
       3.99201585e-04, 3.99201585e-04, 1.59680634e-03, 7.98403169e-04,
       0., 7.98403169e-04, 0., 1.19760470e-03, 3.19361268e-03,
       4.39121760e-03, 7.98403169e-04, 7.98403169e-04, 1.59680634e-03,
       1.59680634e-03, 1.99600798e-03, 0., 2.79441103e-03, 0.,
       1.59680634e-03, 3.99201585e-04, 3.99201585e-04, 1.59680634e-03,
       2.39520939e-03, 3.99201585e-04, 7.98403169e-04, 1.59680634e-03,
       7.98403169e-04, 1.19760470e-03, 7.98403169e-04, 4.39121760e-03,
       0., 7.98403169e-04, 1.99600798e-03, 1.99600798e-03,
       2.79441103e-03, 0., 3.99201585e-04, 2.39520939e-03,
       1.99600798e-03, 1.99600798e-03, 1.19760470e-03, 3.99201585e-04,
       7.98403169e-04, 3.99201596e-03, 1.59680634e-03, 7.98403169e-04,
       1.19760470e-03, 1.19760470e-03, 3.99201585e-04, 2.39520939e-03,
       1.59680634e-03, 1.59680634e-03, 0., 1.59680634e-03,
       1.59680634e-03, 3.99201585e-04, 3.99201585e-04, 2.39520939e-03,
       7.98403169e-04, 3.99201585e-04, 1.59680634e-03, 1.59680634e-03,
       0., 7.98403169e-04, 1.99600798e-03, 3.99201585e-04,
       1.99600798e-03, 3.99201585e-04, 3.99201585e-04, 3.99201585e-04,
       1.59680634e-03, 7.98403169e-04, 3.99201585e-04, 2.39520939e-03,
       1.19760470e-03, 4.79041878e-03, 0., 0., 2.79441103e-03,
       3.99201585e-04, 3.99201585e-04, 1.59680634e-03, 1.19760470e-03,
       7.98403169e-04, 0., 7.98403169e-04, 1.59680634e-03,
       1.19760470e-03, 3.59281432e-03, 7.98403192e-03, 3.99201585e-04,
       2.79441103e-03, 7.98403169e-04, 1.59680634e-03, 2.39520939e-03,
       1.19760470e-03, 0., 0., 7.98403169e-04, 0., 7.98403169e-04,
       3.19361268e-03, 1.19760470e-03, 1.59680634e-03, 1.19760470e-03,
       1.99600798e-03, 7.98403169e-04, 3.99201585e-04, 3.99201585e-04,
       2.79441103e-03, 1.99600798e-03, 4.39121760e-03, 1.19760470e-03,
       1.99600798e-03, 7.98403169e-04, 3.99201585e-04, 1.19760470e-03,
       2.39520939e-03, 1.99600798e-03, 1.59680634e-03, 0.,
       1.59680634e-03, 1.19760470e-03, 2.79441103e-03, 3.99201585e-04,
       7.98403169e-04, 1.19760470e-03, 1.19760470e-03, 7.98403169e-04,
       7.98403169e-04, 1.59680634e-03, 1.99600798e-03, 1.99600798e-03,
       1.99600798e-03, 7.98403169e-04, 3.99201585e-04, 7.98403169e-04,
       7.98403169e-04, 1.19760470e-03, 3.99201585e-04, 2.79441103e-03,
       3.59281432e-03, 5.58882207e-03, 1.19760470e-03, 2.39520939e-03,
       3.59281432e-03, 4.79041878e-03, 3.99201596e-03, 3.99201585e-04,
       1.59680634e-03, 3.99201585e-04, 1.19760470e-03, 1.19760470e-03,
       3.99201585e-04, 3.99201585e-04, 2.39520939e-03, 1.99600798e-03,
       2.79441103e-03, 7.98403169e-04, 1.19760470e-03, 7.98403169e-04,
       0., 1.19760470e-03, 0., 3.99201585e-04, 0., 1.99600798e-03,
       3.59281432e-03, 1.19760470e-03, 1.19760470e-03, 1.59680634e-03,
       0., 3.19361268e-03, 3.99201585e-04, 1.19760470e-03,
       3.99201585e-04, 1.99600798e-03, 7.98403169e-04, 7.98403169e-04,
       0., 7.98403169e-04, 1.59680634e-03, 7.98403169e-04,
       3.99201585e-04, 7.98403169e-04, 7.98403169e-04, 7.98403169e-04,
       1.99600798e-03, 3.99201585e-04, 7.98403169e-04, 1.19760470e-03,
       1.59680634e-03, 7.98403169e-04, 7.98403169e-04, 7.98403169e-04,
       1.59680634e-03, 4.79041878e-03, 1.99600798e-03, 7.98403169e-04,
       3.99201585e-04, 7.98403169e-04, 3.99201585e-04, 2.39520939e-03,
       0., 7.98403169e-04, 3.99201585e-04, 1.19760470e-03,
       3.99201585e-04, 1.59680634e-03, 1.99600798e-03, 3.99201585e-04,
       1.19760470e-03, 7.98403169e-04, 4.79041878e-03, 1.99600798e-03,
       7.98403169e-04, 1.19760470e-03, 3.99201585e-04, 1.19760470e-03,
       3.59281432e-03, 0., 7.98403169e-04, 2.79441103e-03,
       2.79441103e-03, 1.59680634e-03, 1.19760470e-03, 1.19760470e-03,
       1.19760470e-03, 2.39520939e-03, 0., 7.98403169e-04,
       7.98403169e-04, 0., 1.19760470e-03, 2.39520939e-03,
       7.98403169e-04, 1.99600798e-03, 1.99600798e-03, 0.,
       3.99201585e-04, 1.59680634e-03, 2.79441103e-03, 7.98403169e-04,
       0., 0., 1.59680634e-03, 1.59680634e-03, 3.19361268e-03,
       7.98403169e-04, 7.98403169e-04, 0., 7.98403169e-04,
       7.98403169e-04, 1.59680634e-03, 1.59680634e-03, 3.99201585e-04,
       3.99201585e-04, 3.99201585e-04, 1.59680634e-03, 3.99201585e-04,
       3.99201585e-04, 7.98403169e-04, 1.19760470e-03, 7.98403169e-04,
       3.59281432e-03, 0., 1.99600798e-03, 1.59680634e-03,
       1.99600798e-03, 1.19760470e-03, 1.99600798e-03, 1.19760470e-03,
       7.98403169e-04, 7.98403169e-04, 3.99201585e-04, 7.98403169e-04,
       7.98403169e-04, 1.59680634e-03, 3.99201585e-04, 1.59680634e-03,
       0., 1.19760470e-03, 1.19760470e-03, 3.99201585e-04,
       3.99201585e-04, 0., 1.99600798e-03, 0., 0., 3.99201585e-04,
       1.59680634e-03, 7.98403169e-04, 3.99201585e-04, 3.99201585e-04,
       3.99201585e-04, 3.99201585e-04, 0., 1.99600798e-03,
       2.79441103e-03, 1.19760470e-03, 1.59680634e-03, 7.98403169e-04,
       1.99600798e-03, 7.98403169e-04, 4.79041878e-03, 1.99600798e-03,
       3.99201585e-04, 1.59680634e-03, 1.99600798e-03, 1.99600798e-03,
       3.99201585e-04, 3.99201585e-04, 1.99600798e-03, 1.19760470e-03,
       2.39520939e-03, 7.98403169e-04, 3.99201585e-04, 7.98403169e-04,
       3.99201585e-04, 3.99201585e-04, 0., 7.98403169e-04,
       7.98403169e-04, 7.98403169e-04, 7.98403169e-04, 7.98403169e-04,
       0., 3.99201585e-04, 0., 3.99201585e-04, 1.59680634e-03,
       3.99201585e-04, 3.99201585e-04, 3.99201585e-04, 0.,
       7.98403169e-04, 7.98403169e-04, 1.59680634e-03, 1.99600798e-03,
       3.99201585e-04, 3.99201585e-04, 1.59680634e-03, 3.99201585e-04,
       4.79041878e-03, 7.98403169e-04, 1.19760470e-03, 1.99600798e-03,
       3.99201585e-04, 3.99201585e-04, 7.98403169e-04, 3.99201585e-04,
       1.19760470e-03, 1.59680634e-03, 3.99201585e-04, 3.99201585e-04,
       7.98403169e-04, 7.98403169e-04, 1.19760470e-03, 0.,
       1.59680634e-03, 2.79441103e-03, 3.99201585e-04, 7.98403169e-04,
       7.98403169e-04, 1.99600798e-03, 3.99201585e-04, 1.19760470e-03,
       3.99201585e-04, 0., 7.98403169e-04, 3.99201585e-04,
       1.19760470e-03, 1.59680634e-03, 3.99201585e-04, 2.79441103e-03,
       3.99201596e-03, 1.59680634e-03, 1.19760470e-03, 3.19361268e-03,
       1.19760470e-03, 1.19760470e-03, 2.39520939e-03, 0.,
       1.99600798e-03, 1.99600798e-03, 3.99201585e-04, 7.98403169e-04,
       1.99600798e-03, 1.19760470e-03, 1.99600798e-03, 7.98403169e-04,
