%YAML:1.0
m50f: !!opencv-matrix
   rows: 1
   cols: 800
   dt: f
   data: [ 4.74833796e-04, 9.49667592e-04, 3.32383648e-03,
       4.74833796e-04, 2.37416895e-03, 0., 2.37416895e-03,
       1.89933518e-03, 0., 1.89933518e-03, 9.49667592e-04,
       9.49667592e-04, 0., 0., 1.42450142e-03, 4.74833796e-04,
       1.89933518e-03, 4.74833796e-04, 4.74833796e-04, 4.74833796e-04,
       1.89933518e-03, 1.89933518e-03, 2.37416895e-03, 2.84900283e-03,
       1.89933518e-03, 4.74833796e-04, 2.84900283e-03, 1.89933518e-03,
       2.84900283e-03, 4.27350402e-03, 9.49667592e-04, 0.,
       2.84900283e-03, 2.84900283e-03, 4.74833796e-04, 3.32383648e-03,
       1.89933518e-03, 9.49667592e-04, 4.74833796e-04, 4.74833796e-04,
       9.49667592e-04, 4.74833796e-04, 1.89933518e-03, 0.,
       1.42450142e-03, 1.42450142e-03, 9.49667592e-04, 1.89933518e-03,
       0., 4.74833796e-04, 1.89933518e-03, 0., 2.84900283e-03, 0.,
       9.49667592e-04, 0., 4.74833796e-04, 1.42450142e-03,
       1.42450142e-03, 9.49667592e-04, 9.49667592e-04, 2.37416895e-03,
       9.49667592e-04, 1.89933518e-03, 3.79867037e-03, 0.,
       6.17283955e-03, 6.17283955e-03, 4.74833796e-04, 0.,
       9.49667592e-04, 1.42450142e-03, 4.74833796e-04, 0.,
       4.74833796e-04, 1.42450142e-03, 0., 1.42450142e-03,
       4.74833796e-04, 4.74833796e-04, 9.49667592e-04, 9.49667592e-04,
       4.74833796e-04, 9.49667592e-04, 0., 4.74833796e-04, 0.,
       9.49667592e-04, 1.89933518e-03, 0., 0., 0., 0., 4.74833796e-04,
       9.49667592e-04, 2.84900283e-03, 1.89933518e-03, 1.42450142e-03,
       3.32383648e-03, 0., 1.42450142e-03, 1.89933518e-03,
       4.74833796e-04, 9.49667592e-04, 9.49667592e-04, 1.89933518e-03,
       1.42450142e-03, 4.74833796e-04, 1.42450142e-03, 9.49667592e-04,
       1.42450142e-03, 4.74833796e-04, 1.89933518e-03, 4.74833796e-04,
       4.74833796e-04, 1.89933518e-03, 2.37416895e-03, 1.42450142e-03,
       1.42450142e-03, 1.42450142e-03, 0., 9.49667592e-04,
       4.27350402e-03, 3.32383648e-03, 0., 0., 9.49667592e-04,
       9.49667592e-04, 1.89933518e-03, 0., 0., 4.74833796e-04,
       3.79867037e-03, 1.42450142e-03, 9.49667592e-04, 0.,
       9.49667592e-04, 0., 4.74833796e-04, 4.74833796e-04,
       2.84900283e-03, 9.49667592e-04, 4.74833796e-04, 4.74833796e-04,
       2.37416895e-03, 0., 1.89933518e-03, 9.49667592e-04, 0.,
       2.37416895e-03, 0., 0., 1.42450142e-03, 1.42450142e-03,
       4.74833796e-04, 9.49667592e-04, 0., 9.49667592e-04,
       1.42450142e-03, 4.74833796e-04, 4.27350402e-03, 2.84900283e-03,
       9.49667592e-04, 2.37416895e-03, 9.49667592e-04, 3.32383648e-03,
       0., 1.42450142e-03, 2.37416895e-03, 9.49667592e-04,
       1.42450142e-03, 0., 2.84900283e-03, 0., 9.49667592e-04,
       4.74833796e-04, 4.74833796e-04, 2.84900283e-03, 3.79867037e-03,
       0., 9.49667592e-04, 1.42450142e-03, 0., 4.74833796e-04,
       4.74833796e-04, 4.74833796e-04, 4.74833796e-04, 0., 0.,
       9.49667592e-04, 9.49667592e-04, 0., 4.27350402e-03,
       2.37416895e-03, 9.49667592e-04, 2.37416895e-03, 9.49667592e-04,
       4.74833796e-04, 9.49667592e-04, 2.37416895e-03, 2.37416895e-03,
       0., 4.74833796e-04, 9.49667592e-04, 4.74833796e-04,
       4.74833796e-04, 4.74833796e-04, 3.32383648e-03, 0.,
       4.74833796e-04, 1.89933518e-03, 4.74833796e-04, 0., 0.,
       1.42450142e-03, 1.89933518e-03, 2.37416895e-03, 9.49667592e-04,
       4.74833796e-04, 9.49667592e-04, 9.49667592e-04, 3.79867037e-03,
       0., 4.74833796e-04, 2.37416895e-03, 1.42450142e-03,
       4.74833796e-04, 0., 9.49667592e-04, 9.49667592e-04,
       4.74833796e-04, 1.89933518e-03, 4.74833796e-04, 3.32383648e-03,
       1.42450142e-03, 2.37416895e-03, 9.49667592e-04, 1.42450142e-03,
       0., 0., 9.49667592e-04, 3.79867037e-03, 9.49667592e-04,
       2.84900283e-03, 9.49667592e-04, 4.74833796e-04, 1.42450142e-03,
       2.84900283e-03, 9.49667592e-04, 0., 0., 9.49667592e-04,
       4.74833796e-04, 1.42450142e-03, 9.49667592e-04, 1.42450142e-03,
       4.74833796e-04, 1.42450142e-03, 3.32383648e-03, 4.74833796e-04,
       2.37416895e-03, 9.49667592e-04, 0., 3.32383648e-03,
       9.49667592e-04, 4.74833796e-04, 1.42450142e-03, 0.,
       9.49667592e-04, 0., 4.74833796e-04, 0., 0., 4.74833796e-04,
       4.74833796e-04, 4.74833796e-04, 0., 2.37416895e-03,
       4.74833796e-04, 3.32383648e-03, 9.49667592e-04, 1.42450142e-03,
       9.49667592e-04, 9.49667592e-04, 1.42450142e-03, 4.74833796e-04,
       0., 9.49667592e-04, 0., 6.17283955e-03, 9.49667592e-04,
       1.89933518e-03, 4.74833796e-04, 1.42450142e-03, 9.49667592e-04,
       2.84900283e-03, 0., 9.49667592e-04, 1.42450142e-03, 0.,
       1.42450142e-03, 1.89933518e-03, 4.74833796e-04, 1.42450142e-03,
       1.89933518e-03, 2.37416895e-03, 0., 4.74833796e-04,
       1.89933518e-03, 0., 3.32383648e-03, 2.84900283e-03,
       4.74833796e-04, 9.49667592e-04, 4.74833796e-04, 2.37416895e-03,
       1.42450142e-03, 2.37416895e-03, 4.74833796e-04, 4.27350402e-03,
       9.49667592e-04, 1.42450142e-03, 1.42450142e-03, 1.42450142e-03,
       1.89933518e-03, 2.84900283e-03, 1.42450142e-03, 4.74833796e-04,
       1.42450142e-03, 9.49667592e-04, 9.49667592e-04, 0.,
       4.74833796e-04, 1.89933518e-03, 4.74833796e-04, 1.89933518e-03,
       6.17283955e-03, 0., 2.84900283e-03, 0., 1.89933518e-03, 0.,
       2.37416895e-03, 1.42450142e-03, 9.49667592e-04, 1.42450142e-03,
       3.32383648e-03, 3.32383648e-03, 1.42450142e-03, 9.49667592e-04,
       0., 1.42450142e-03, 0., 9.49667592e-04, 3.32383648e-03,
       1.42450142e-03, 4.74833796e-04, 1.42450142e-03, 9.49667592e-04,
       9.49667592e-04, 2.84900283e-03, 1.42450142e-03, 9.49667592e-04,
       2.37416895e-03, 9.49667592e-04, 3.32383648e-03, 1.89933518e-03,
       0., 4.74833796e-04, 9.49667592e-04, 1.89933518e-03,
       1.89933518e-03, 1.42450142e-03, 2.37416895e-03, 5.22317179e-03,
       0., 0., 1.42450142e-03, 2.37416895e-03, 1.89933518e-03,
       9.49667592e-04, 4.74833796e-04, 9.49667592e-04, 1.89933518e-03,
       1.89933518e-03, 9.49667592e-04, 1.42450142e-03, 2.84900283e-03,
       1.89933518e-03, 1.89933518e-03, 1.42450142e-03, 2.84900283e-03,
       0., 1.42450142e-03, 1.89933518e-03, 0., 3.32383648e-03,
       1.42450142e-03, 1.89933518e-03, 2.37416895e-03, 1.42450142e-03,
       0., 0., 0., 2.84900283e-03, 4.74833796e-04, 1.89933518e-03,
       4.74833796e-04, 0., 1.42450142e-03, 0., 9.49667592e-04,
       4.74833796e-04, 1.42450142e-03, 4.74833796e-04, 0.,
       1.42450142e-03, 0., 9.49667592e-04, 4.74833796e-04,
       4.74833796e-04, 3.32383648e-03, 1.89933518e-03, 9.49667592e-04,
       3.79867037e-03, 9.49667592e-04, 9.49667592e-04, 0.,
       4.74833796e-04, 1.42450142e-03, 9.49667592e-04, 0.,
       1.89933518e-03, 0., 1.89933518e-03, 4.74833796e-04, 0.,
       3.32383648e-03, 9.49667592e-04, 0., 1.42450142e-03,
       9.49667592e-04, 1.89933518e-03, 2.37416895e-03, 4.74833796e-04,
       9.49667592e-04, 1.42450142e-03, 9.49667592e-04, 4.74833796e-04,
       9.49667592e-04, 0., 9.49667592e-04, 9.49667592e-04,
       9.49667592e-04, 1.42450142e-03, 9.49667592e-04, 1.42450142e-03,
       0., 9.49667592e-04, 1.42450142e-03, 2.37416895e-03,
       1.42450142e-03, 0., 0., 3.32383648e-03, 0., 1.42450142e-03,
       7.12250685e-03, 9.49667592e-04, 1.89933518e-03, 9.49667592e-04,
       0., 2.84900283e-03, 2.37416895e-03, 1.42450142e-03, 0., 0.,
       1.89933518e-03, 2.84900283e-03, 4.74833796e-04, 4.74833796e-04,
       1.42450142e-03, 9.49667592e-04, 4.74833796e-04, 4.74833796e-04,
       0., 0., 0., 6.64767297e-03, 1.89933518e-03, 9.49667592e-04,
       1.42450142e-03, 3.79867037e-03, 4.74833796e-04, 1.42450142e-03,
       1.89933518e-03, 1.42450142e-03, 1.89933518e-03, 9.49667592e-04,
       9.49667592e-04, 0., 3.79867037e-03, 4.74833796e-04,
       9.49667592e-04, 4.74833796e-04, 1.89933518e-03, 3.32383648e-03,
       4.74833796e-04, 1.89933518e-03, 1.89933518e-03, 4.74833796e-04,
       9.49667592e-04, 3.32383648e-03, 4.74833796e-04, 9.49667592e-04,
