%YAML:1.0
m50f: !!opencv-matrix
   rows: 1
   cols: 800
   dt: f
   data: [ 1.64271053e-03, 8.21355265e-04, 1.10882958e-02, 0.,
       1.64271053e-03, 4.10677632e-04, 1.64271053e-03, 0.,
       4.10677632e-04, 2.87474343e-03, 3.28542106e-03, 2.05338816e-03,
       0., 1.23203290e-03, 0., 2.46406579e-03, 1.23203290e-03,
       8.21355265e-04, 4.10677632e-04, 1.23203290e-03, 1.23203290e-03,
       8.21355265e-04, 1.64271053e-03, 2.87474343e-03, 0.,
       8.21355265e-04, 8.21355265e-04, 4.10677632e-03, 0., 0.,
       8.21355265e-04, 4.10677632e-04, 1.23203290e-03, 1.64271053e-03,
       1.23203290e-03, 2.46406579e-03, 1.23203290e-03, 0.,
       1.23203290e-03, 0., 2.46406579e-03, 8.21355265e-04,
       1.64271053e-03, 4.10677632e-04, 8.21355265e-04, 2.87474343e-03,
       8.21355265e-04, 2.05338816e-03, 0., 1.23203290e-03,
       1.64271053e-03, 8.21355265e-04, 1.64271053e-03, 8.21355265e-04,
       4.10677632e-04, 3.28542106e-03, 0., 8.21355265e-04,
       2.05338816e-03, 2.05338816e-03, 1.64271053e-03, 2.87474343e-03,
       8.21355265e-04, 0., 3.28542106e-03, 4.10677632e-04,
       5.33880945e-03, 8.21355265e-04, 8.21355265e-04, 1.64271053e-03,
       2.46406579e-03, 8.21355265e-04, 8.21355265e-04, 8.21355265e-04,
       1.23203290e-03, 1.23203290e-03, 4.10677632e-04, 2.46406579e-03,
       8.21355265e-04, 3.28542106e-03, 0., 1.23203290e-03,
       2.05338816e-03, 4.10677632e-04, 4.10677632e-04, 3.28542106e-03,
       2.05338816e-03, 4.10677632e-04, 4.10677632e-04, 8.21355265e-04,
       0., 0., 1.64271053e-03, 2.46406579e-03, 8.21355265e-04,
       4.10677632e-04, 8.21355265e-04, 2.05338816e-03, 2.46406579e-03,
       1.64271053e-03, 2.05338816e-03, 8.21355265e-04, 2.46406579e-03,
       1.64271053e-03, 4.10677632e-04, 1.23203290e-03, 1.23203290e-03,
       0., 1.64271053e-03, 4.10677632e-04, 1.64271053e-03,
       3.28542106e-03, 2.05338816e-03, 4.10677632e-04, 8.21355265e-04,
       8.21355265e-04, 3.28542106e-03, 2.05338816e-03, 0.,
       1.64271053e-03, 2.05338816e-03, 2.46406579e-03, 4.10677632e-04,
       2.46406579e-03, 0., 5.33880945e-03, 2.05338816e-03,
       4.10677632e-04, 1.64271053e-03, 2.46406579e-03, 0.,
       2.05338816e-03, 4.10677632e-03, 8.21355265e-04, 4.10677632e-04,
       4.10677632e-04, 8.21355265e-04, 0., 1.23203290e-03,
       1.64271053e-03, 2.46406579e-03, 4.10677632e-04, 4.10677632e-04,
       4.10677632e-04, 8.21355265e-04, 8.21355265e-04, 4.10677632e-04,
       4.10677632e-04, 8.21355265e-04, 0., 0., 0., 0., 1.64271053e-03,
       4.10677632e-04, 2.87474343e-03, 8.21355265e-04, 8.21355265e-04,
       8.21355265e-04, 4.10677632e-04, 0., 1.64271053e-03,
       4.10677632e-04, 3.69609869e-03, 1.23203290e-03, 4.10677632e-04,
       4.10677632e-04, 4.10677632e-04, 0., 8.21355265e-04,
       1.64271053e-03, 2.87474343e-03, 8.21355265e-04, 8.21355265e-04,
       0., 0., 0., 8.21355265e-04, 2.46406579e-03, 0., 4.92813159e-03,
       1.64271053e-03, 4.10677632e-04, 8.21355265e-04, 8.21355265e-04,
       4.10677632e-04, 4.92813159e-03, 8.21355265e-04, 4.10677632e-04,
       1.23203290e-03, 2.87474343e-03, 4.10677632e-04, 8.21355265e-04,
       4.10677632e-04, 1.23203290e-03, 8.21355265e-04, 1.64271053e-03,
       2.05338816e-03, 8.21355265e-04, 0., 1.23203290e-03,
       1.64271053e-03, 1.64271053e-03, 7.80287478e-03, 4.10677632e-04,
       1.64271053e-03, 5.33880945e-03, 4.10677632e-04, 4.10677632e-04,
       0., 3.69609869e-03, 8.21355265e-04, 0., 4.10677632e-04,
       4.51745372e-03, 1.23203290e-03, 1.64271053e-03, 1.64271053e-03,
       4.10677632e-04, 4.10677632e-04, 2.05338816e-03, 1.23203290e-03,
       2.46406579e-03, 4.10677632e-04, 4.10677632e-04, 2.05338816e-03,
       1.64271053e-03, 2.87474343e-03, 8.21355265e-04, 1.23203290e-03,
       8.21355265e-04, 3.28542106e-03, 8.21355265e-04, 2.46406579e-03,
       2.05338816e-03, 4.10677632e-04, 1.64271053e-03, 0.,
       1.64271053e-03, 4.10677632e-04, 1.23203290e-03, 1.64271053e-03,
       2.87474343e-03, 1.23203290e-03, 2.87474343e-03, 2.46406579e-03,
       2.46406579e-03, 8.21355265e-04, 8.21355265e-04, 8.21355265e-04,
       1.23203290e-03, 1.64271053e-03, 1.23203290e-03, 1.23203290e-03,
       0., 8.21355265e-04, 2.87474343e-03, 2.46406579e-03,
       3.28542106e-03, 3.69609869e-03, 1.64271053e-03, 2.87474343e-03,
       0., 0., 2.87474343e-03, 3.28542106e-03, 8.21355265e-04, 0.,
       4.10677632e-04, 1.23203290e-03, 2.46406579e-03, 8.21355265e-04,
       8.21355265e-04, 1.23203290e-03, 3.69609869e-03, 8.21355265e-04,
       8.21355265e-04, 8.21355265e-04, 2.05338816e-03, 8.21355265e-04,
       2.05338816e-03, 0., 8.21355265e-04, 4.10677632e-04,
       1.23203290e-03, 0., 1.23203290e-03, 8.21355265e-04, 0.,
       2.05338816e-03, 2.46406579e-03, 8.21355265e-04, 4.10677632e-04,
       1.23203290e-03, 4.10677632e-04, 8.21355265e-04, 2.05338816e-03,
       8.21355265e-04, 1.23203290e-03, 4.10677632e-04, 2.05338816e-03,
       0., 2.46406579e-03, 1.23203290e-03, 1.23203290e-03,
       2.05338816e-03, 0., 0., 3.69609869e-03, 3.69609869e-03,
       4.10677632e-04, 0., 2.05338816e-03, 2.46406579e-03,
       4.10677632e-04, 8.21355265e-04, 4.10677632e-04, 0.,
       4.10677632e-04, 1.23203290e-03, 2.87474343e-03, 1.64271053e-03,
       8.21355265e-04, 1.23203290e-03, 8.21355265e-04, 2.87474343e-03,
       1.23203290e-03, 4.10677632e-04, 8.21355265e-04, 8.21355265e-04,
       4.51745372e-03, 0., 2.05338816e-03, 8.21355265e-04,
       2.46406579e-03, 2.46406579e-03, 4.92813159e-03, 4.10677632e-04,
       8.21355265e-04, 1.23203290e-03, 1.23203290e-03, 1.23203290e-03,
       2.46406579e-03, 4.10677632e-03, 2.05338816e-03, 1.64271053e-03,
       1.23203290e-03, 0., 8.21355265e-04, 4.10677632e-04,
       4.10677632e-04, 8.21355265e-04, 0., 2.46406579e-03,
       8.21355265e-04, 1.23203290e-03, 2.05338816e-03, 2.87474343e-03,
       1.64271053e-03, 2.87474343e-03, 1.64271053e-03, 8.21355265e-04,
       1.64271053e-03, 4.10677632e-04, 0., 1.64271053e-03,
       1.23203290e-03, 4.10677632e-04, 4.10677632e-04, 2.05338816e-03,
       2.46406579e-03, 2.46406579e-03, 4.10677632e-04, 4.10677632e-04,
       2.05338816e-03, 1.23203290e-03, 4.10677632e-04, 4.10677632e-04,
       8.21355265e-04, 4.10677632e-04, 2.05338816e-03, 1.23203290e-03,
       4.10677632e-04, 8.21355265e-04, 0., 4.10677632e-04,
       1.23203290e-03, 1.64271053e-03, 1.23203290e-03, 1.23203290e-03,
       3.69609869e-03, 8.21355265e-04, 8.21355265e-04, 4.10677632e-04,
       1.64271053e-03, 2.05338816e-03, 8.21355265e-04, 2.05338816e-03,
       4.10677632e-04, 1.64271053e-03, 0., 3.69609869e-03,
       1.23203290e-03, 1.23203290e-03, 8.21355265e-04, 1.64271053e-03,
       4.10677632e-04, 4.10677632e-04, 1.23203290e-03, 1.64271053e-03,
       8.21355265e-04, 4.10677632e-04, 0., 3.28542106e-03,
       8.21355265e-04, 0., 0., 4.10677632e-04, 4.10677632e-04,
       2.46406579e-03, 1.64271053e-03, 0., 2.87474343e-03,
       4.10677632e-04, 8.21355265e-04, 4.10677632e-04, 1.64271053e-03,
       0., 0., 2.05338816e-03, 8.21355265e-04, 0., 1.23203290e-03,
       1.64271053e-03, 1.23203290e-03, 2.87474343e-03, 0., 0.,
       2.05338816e-03, 0., 8.21355265e-04, 1.23203290e-03,
       1.64271053e-03, 4.10677632e-04, 8.21355265e-04, 1.64271053e-03,
       0., 1.64271053e-03, 4.10677632e-04, 1.23203290e-03,
       3.28542106e-03, 0., 4.10677632e-04, 8.21355265e-04, 0.,
       1.23203290e-03, 0., 0., 8.21355265e-04, 8.21355265e-04,
       2.05338816e-03, 1.64271053e-03, 2.05338816e-03, 1.64271053e-03,
       1.23203290e-03, 1.64271053e-03, 4.10677632e-04, 8.21355265e-04,
       4.10677632e-04, 3.28542106e-03, 4.10677632e-04, 0.,
       1.64271053e-03, 4.10677632e-04, 0., 0., 8.21355265e-04,
       1.23203290e-03, 1.23203290e-03, 1.64271053e-03, 4.10677632e-04,
       4.10677632e-04, 8.21355265e-04, 2.46406579e-03, 1.23203290e-03,
       0., 2.05338816e-03, 2.87474343e-03, 3.28542106e-03,
       4.10677632e-04, 0., 1.64271053e-03, 2.87474343e-03,
       2.05338816e-03, 1.23203290e-03, 2.87474343e-03, 1.23203290e-03,
