%YAML:1.0
m50f: !!opencv-matrix
   rows: 1
   cols: 800
   dt: f
   data: [ 9.66183550e-04, 1.93236710e-03, 9.66183550e-04,
       2.41545890e-03, 3.38164251e-03, 1.93236710e-03, 0.,
       1.93236710e-03, 1.93236710e-03, 1.44927530e-03, 0.,
       2.89855059e-03, 0., 0., 9.66183550e-04, 0., 2.41545890e-03,
       9.66183550e-04, 1.44927530e-03, 4.83091775e-04, 0., 0.,
       1.93236710e-03, 0., 0., 1.44927530e-03, 1.44927530e-03,
       2.89855059e-03, 9.66183550e-04, 1.93236710e-03, 9.66183550e-04,
       4.83091775e-04, 4.83091775e-04, 2.89855059e-03, 0.,
       3.38164251e-03, 9.66183550e-04, 0., 1.44927530e-03,
       4.83091775e-04, 1.44927530e-03, 0., 2.89855059e-03,
       1.93236710e-03, 9.66183550e-04, 1.44927530e-03, 0., 0., 0.,
       4.83091775e-04, 1.44927530e-03, 9.66183550e-04, 4.83091775e-04,
       4.83091775e-04, 4.83091775e-04, 9.66183550e-04, 1.44927530e-03,
       0., 1.93236710e-03, 2.41545890e-03, 0., 4.83091775e-04,
       1.44927530e-03, 9.66183550e-04, 2.89855059e-03, 1.44927530e-03,
       9.66183550e-04, 9.66183550e-04, 4.83091775e-04, 4.83091775e-04,
       1.44927530e-03, 0., 1.44927530e-03, 0., 9.66183550e-04,
       1.93236710e-03, 0., 9.66183550e-04, 0., 4.83091775e-04,
       9.66183550e-04, 4.83091775e-04, 4.83091775e-04, 2.89855059e-03,
       9.66183550e-04, 4.34782589e-03, 4.83091775e-04, 1.44927530e-03,
       1.44927530e-03, 9.66183550e-04, 4.83091775e-04, 4.83091775e-04,
       3.38164251e-03, 9.66183550e-04, 4.83091775e-04, 4.83091775e-04,
       1.93236710e-03, 1.93236710e-03, 1.93236710e-03, 1.93236710e-03,
       2.89855059e-03, 2.89855059e-03, 4.83091775e-04, 1.44927530e-03,
       0., 1.44927530e-03, 2.41545890e-03, 9.66183550e-04, 0.,
       9.66183550e-04, 4.83091775e-04, 4.83091775e-04, 1.93236710e-03,
       2.89855059e-03, 5.79710118e-03, 1.93236710e-03, 3.86473420e-03,
       1.44927530e-03, 4.83091781e-03, 1.44927530e-03, 4.83091775e-04,
       1.44927530e-03, 0., 5.31400973e-03, 0., 4.83091775e-04,
       1.44927530e-03, 9.66183550e-04, 1.93236710e-03, 1.93236710e-03,
       0., 9.66183550e-04, 1.93236710e-03, 1.44927530e-03, 0., 0.,
       1.93236710e-03, 0., 1.44927530e-03, 9.66183550e-04,
       2.41545890e-03, 9.66183550e-04, 9.66183550e-04, 2.41545890e-03,
       1.44927530e-03, 4.83091775e-04, 1.44927530e-03, 0., 0.,
       2.89855059e-03, 9.66183550e-04, 0., 4.83091775e-04,
       3.38164251e-03, 1.93236710e-03, 0., 0., 2.89855059e-03,
       4.83091775e-04, 3.38164251e-03, 1.44927530e-03, 1.93236710e-03,
       1.44927530e-03, 2.41545890e-03, 4.83091775e-04, 2.89855059e-03,
       0., 4.83091775e-04, 1.44927530e-03, 4.83091775e-04,
       4.83091775e-04, 1.44927530e-03, 1.44927530e-03, 9.66183550e-04,
       0., 0., 9.66183550e-04, 9.66183550e-04, 1.44927530e-03,
       4.83091775e-04, 4.83091775e-04, 1.44927530e-03, 0.,
       2.89855059e-03, 2.41545890e-03, 4.83091775e-04, 3.86473420e-03,
       9.66183550e-04, 0., 1.44927530e-03, 4.83091775e-04, 0.,
       4.83091775e-04, 1.93236710e-03, 2.41545890e-03, 0.,
       9.66183550e-04, 1.44927530e-03, 4.83091775e-04, 0.,
       1.44927530e-03, 0., 1.44927530e-03, 1.93236710e-03, 0., 0., 0.,
       1.93236710e-03, 9.66183550e-04, 4.83091775e-04, 1.44927530e-03,
       1.44927530e-03, 0., 9.66183550e-04, 1.93236710e-03,
       9.66183550e-04, 1.93236710e-03, 0., 9.66183550e-04, 0.,
       4.83091775e-04, 1.44927530e-03, 2.41545890e-03, 5.31400973e-03,
       4.83091775e-04, 9.66183550e-04, 1.44927530e-03, 4.83091775e-04,
       1.93236710e-03, 9.66183550e-04, 1.93236710e-03, 2.89855059e-03,
       9.66183550e-04, 1.44927530e-03, 1.93236710e-03, 9.66183550e-04,
       0., 1.93236710e-03, 1.44927530e-03, 3.86473420e-03,
       1.44927530e-03, 4.83091775e-04, 4.83091775e-04, 0.,
       3.38164251e-03, 2.41545890e-03, 2.41545890e-03, 4.83091775e-04,
       4.83091775e-04, 9.66183550e-04, 0., 4.83091775e-04,
       9.66183550e-04, 2.89855059e-03, 2.41545890e-03, 4.83091775e-04,
       1.93236710e-03, 6.76328503e-03, 1.44927530e-03, 3.86473420e-03,
       1.44927530e-03, 1.93236710e-03, 0., 9.66183550e-04, 0.,
       1.44927530e-03, 4.83091775e-04, 0., 4.83091775e-04, 0.,
       3.86473420e-03, 9.66183550e-04, 2.41545890e-03, 4.83091775e-04,
       9.66183550e-04, 0., 4.83091775e-04, 9.66183550e-04,
       4.83091775e-04, 4.83091775e-04, 0., 3.38164251e-03,
       1.44927530e-03, 1.44927530e-03, 1.44927530e-03, 4.34782589e-03,
       0., 2.41545890e-03, 0., 9.66183550e-04, 4.83091775e-04,
       2.89855059e-03, 0., 1.93236710e-03, 4.83091775e-04,
       4.83091775e-04, 2.41545890e-03, 9.66183550e-04, 3.38164251e-03,
       0., 1.93236710e-03, 1.44927530e-03, 1.93236710e-03,
       1.44927530e-03, 5.31400973e-03, 9.66183550e-04, 4.83091775e-04,
       1.44927530e-03, 4.83091775e-04, 9.66183550e-04, 1.44927530e-03,
       4.83091775e-04, 4.83091775e-04, 9.66183550e-04, 4.83091775e-04,
       0., 1.93236710e-03, 3.38164251e-03, 2.89855059e-03,
       3.38164251e-03, 2.41545890e-03, 1.93236710e-03, 9.66183550e-04,
       1.44927530e-03, 0., 4.83091775e-04, 9.66183550e-04,
       4.83091775e-04, 1.93236710e-03, 4.83091775e-04, 3.86473420e-03,
       0., 1.44927530e-03, 9.66183550e-04, 4.83091775e-04,
       4.83091775e-04, 2.89855059e-03, 1.93236710e-03, 9.66183550e-04,
       9.66183550e-04, 1.93236710e-03, 4.83091775e-04, 4.83091775e-04,
       9.66183550e-04, 9.66183550e-04, 2.41545890e-03, 0.,
       4.83091775e-04, 9.66183550e-04, 2.41545890e-03, 4.83091775e-04,
       0., 9.66183550e-04, 4.83091775e-04, 1.44927530e-03, 0.,
       9.66183550e-04, 1.93236710e-03, 9.66183550e-04, 1.44927530e-03,
       9.66183550e-04, 4.83091775e-04, 1.44927530e-03, 2.89855059e-03,
       1.44927530e-03, 2.41545890e-03, 2.41545890e-03, 9.66183550e-04,
       9.66183550e-04, 3.38164251e-03, 2.41545890e-03, 4.83091775e-04,
       1.44927530e-03, 4.83091775e-04, 4.83091781e-03, 4.83091775e-04,
       4.83091775e-04, 1.44927530e-03, 4.83091775e-04, 1.93236710e-03,
       1.44927530e-03, 4.83091775e-04, 4.83091775e-04, 4.83091775e-04,
       4.83091775e-04, 4.83091775e-04, 9.66183550e-04, 4.83091775e-04,
       0., 4.83091775e-04, 1.44927530e-03, 0., 4.83091775e-04,
       4.83091775e-04, 4.34782589e-03, 2.89855059e-03, 4.83091775e-04,
       1.44927530e-03, 9.66183550e-04, 4.83091775e-04, 0.,
       1.93236710e-03, 1.93236710e-03, 3.38164251e-03, 9.66183550e-04,
       1.44927530e-03, 0., 4.83091775e-04, 0., 1.93236710e-03,
       1.93236710e-03, 1.44927530e-03, 2.41545890e-03, 4.83091775e-04,
       1.44927530e-03, 9.66183550e-04, 0., 4.83091781e-03,
       3.86473420e-03, 9.66183550e-04, 9.66183550e-04, 1.93236710e-03,
       1.93236710e-03, 2.41545890e-03, 4.83091775e-04, 9.66183550e-04,
       4.83091775e-04, 9.66183550e-04, 0., 0., 4.83091775e-04,
       4.83091775e-04, 0., 0., 2.41545890e-03, 1.93236710e-03, 0.,
       1.93236710e-03, 1.44927530e-03, 4.83091775e-04, 9.66183550e-04,
       4.83091775e-04, 1.93236710e-03, 9.66183550e-04, 0.,
       2.41545890e-03, 0., 4.83091775e-04, 4.83091775e-04,
       2.41545890e-03, 1.93236710e-03, 4.83091775e-04, 1.44927530e-03,
       9.66183550e-04, 3.38164251e-03, 1.93236710e-03, 0., 0.,
       1.44927530e-03, 2.89855059e-03, 2.89855059e-03, 1.93236710e-03,
       0., 3.38164251e-03, 9.66183550e-04, 1.44927530e-03, 0.,
       1.44927530e-03, 2.41545890e-03, 1.93236710e-03, 9.66183550e-04,
       4.83091775e-04, 1.93236710e-03, 1.93236710e-03, 4.83091775e-04,
       4.83091775e-04, 2.89855059e-03, 4.83091775e-04, 1.93236710e-03,
       9.66183550e-04, 9.66183550e-04, 4.83091775e-04, 0.,
       4.83091775e-04, 9.66183550e-04, 4.83091775e-04, 1.93236710e-03,
       9.66183550e-04, 5.31400973e-03, 4.83091775e-04, 1.44927530e-03,
       1.44927530e-03, 0., 3.86473420e-03, 9.66183550e-04,
       1.44927530e-03, 0., 4.83091775e-04, 1.44927530e-03, 0.,
       1.44927530e-03, 2.41545890e-03, 2.41545890e-03, 3.86473420e-03,
       4.83091775e-04, 0., 0., 3.86473420e-03, 4.83091775e-04,
