%YAML:1.0
m50f: !!opencv-matrix
   rows: 1
   cols: 800
   dt: f
   data: [ 4.07166110e-04, 1.22149836e-03, 4.07166127e-03,
       4.07166110e-04, 2.85016280e-03, 0., 2.03583064e-03, 0.,
       4.07166110e-04, 1.22149836e-03, 1.22149836e-03, 8.14332219e-04,
       4.07166110e-04, 8.14332219e-04, 3.25732888e-03, 2.85016280e-03,
       1.62866444e-03, 8.14332219e-04, 1.62866444e-03, 8.14332219e-04,
       4.07166110e-04, 2.03583064e-03, 4.07166110e-04, 4.07166110e-04,
       2.44299672e-03, 8.14332219e-04, 1.62866444e-03, 2.03583064e-03,
       0., 0., 4.07166110e-04, 1.22149836e-03, 1.62866444e-03,
       8.14332219e-04, 0., 4.07166127e-03, 4.07166110e-04, 0.,
       1.22149836e-03, 4.07166110e-04, 1.62866444e-03, 8.14332219e-04,
       1.22149836e-03, 4.07166110e-04, 2.44299672e-03, 4.07166110e-04,
       4.07166110e-04, 1.22149836e-03, 4.07166110e-04, 2.03583064e-03,
       3.25732888e-03, 8.14332219e-04, 8.14332219e-04, 1.22149836e-03,
       0., 8.14332219e-04, 4.07166110e-04, 8.14332219e-04,
       8.14332219e-04, 1.22149836e-03, 0., 1.22149836e-03,
       2.03583064e-03, 1.62866444e-03, 2.44299672e-03, 0.,
       8.14332219e-04, 1.22149836e-03, 8.14332219e-04, 1.62866444e-03,
       1.22149836e-03, 8.14332219e-04, 4.07166110e-04, 2.03583064e-03,
       4.07166110e-04, 1.22149836e-03, 8.14332219e-04, 4.07166127e-03,
       4.07166110e-04, 3.25732888e-03, 4.07166110e-04, 0.,
       2.03583064e-03, 4.07166110e-04, 1.22149836e-03, 1.62866444e-03,
       4.07166110e-04, 1.62866444e-03, 1.22149836e-03, 8.14332219e-04,
       0., 4.07166110e-04, 2.03583064e-03, 8.14332219e-04,
       4.07166110e-04, 1.22149836e-03, 8.14332219e-04, 1.22149836e-03,
       1.62866444e-03, 0., 0., 1.62866444e-03, 3.25732888e-03,
       2.85016280e-03, 0., 1.22149836e-03, 8.14332219e-04,
       3.25732888e-03, 8.14332219e-04, 2.03583064e-03, 1.22149836e-03,
       4.47882712e-03, 4.07166110e-04, 4.07166110e-04, 6.51465775e-03,
       8.14332219e-04, 2.85016280e-03, 2.03583064e-03, 8.14332219e-04,
       8.14332219e-04, 8.14332219e-04, 1.62866444e-03, 2.03583064e-03,
       1.62866444e-03, 0., 2.44299672e-03, 2.03583064e-03, 0.,
       4.07166127e-03, 3.66449496e-03, 0., 8.14332219e-04,
       8.14332219e-04, 4.07166110e-04, 8.14332219e-04, 0.,
       2.85016280e-03, 4.07166110e-04, 1.62866444e-03, 2.85016280e-03,
       2.44299672e-03, 1.22149836e-03, 3.25732888e-03, 1.22149836e-03,
       1.22149836e-03, 8.14332219e-04, 0., 1.62866444e-03, 0.,
       4.07166110e-04, 2.03583064e-03, 0., 4.07166110e-04,
       8.14332219e-04, 4.07166110e-04, 4.07166110e-04, 8.14332219e-04,
       2.85016280e-03, 2.03583064e-03, 1.62866444e-03, 4.07166110e-04,
       8.14332219e-04, 3.25732888e-03, 2.03583064e-03, 0.,
       1.22149836e-03, 0., 2.03583064e-03, 1.62866444e-03,
       1.62866444e-03, 2.03583064e-03, 2.44299672e-03, 3.25732888e-03,
       0., 4.07166110e-04, 1.62866444e-03, 8.14332219e-04,
       2.03583064e-03, 1.62866444e-03, 0., 3.66449496e-03,
       8.14332219e-04, 0., 4.07166110e-04, 2.03583064e-03,
       8.14332219e-04, 2.03583064e-03, 8.14332219e-04, 0.,
       8.14332219e-04, 8.14332219e-04, 1.22149836e-03, 8.14332219e-04,
       1.62866444e-03, 1.22149836e-03, 8.14332219e-04, 1.62866444e-03,
       8.14332219e-04, 1.62866444e-03, 1.22149836e-03, 2.44299672e-03,
       1.22149836e-03, 1.62866444e-03, 1.22149836e-03, 0.,
       8.14332219e-04, 1.22149836e-03, 2.03583064e-03, 1.62866444e-03,
       0., 4.07166127e-03, 1.22149836e-03, 4.07166110e-04,
       4.07166110e-04, 8.14332219e-04, 4.07166110e-04, 2.03583064e-03,
       2.03583064e-03, 8.14332219e-04, 8.14332219e-04, 8.14332219e-04,
       1.62866444e-03, 1.62866444e-03, 1.22149836e-03, 8.14332219e-04,
       2.44299672e-03, 4.07166110e-04, 4.07166127e-03, 0.,
       2.85016280e-03, 4.07166110e-04, 1.22149836e-03, 1.22149836e-03,
       8.14332219e-04, 1.22149836e-03, 1.62866444e-03, 8.14332219e-04,
       0., 2.03583064e-03, 0., 2.03583064e-03, 0., 3.66449496e-03,
       8.14332219e-04, 8.14332219e-04, 4.07166110e-04, 6.10749144e-03,
       2.03583064e-03, 1.62866444e-03, 2.03583064e-03, 0.,
       8.14332219e-04, 0., 1.22149836e-03, 4.07166110e-04,
       8.14332219e-04, 3.25732888e-03, 2.85016280e-03, 0.,
       2.44299672e-03, 2.44299672e-03, 8.14332219e-04, 8.14332219e-04,
       4.07166110e-04, 1.62866444e-03, 2.44299672e-03, 2.44299672e-03,
       8.14332219e-04, 0., 8.14332219e-04, 4.07166110e-04, 0.,
       1.62866444e-03, 8.14332219e-04, 1.62866444e-03, 2.03583064e-03,
       1.62866444e-03, 2.85016280e-03, 0., 8.14332219e-04,
       2.03583064e-03, 2.85016280e-03, 4.07166110e-04, 4.07166110e-04,
       0., 3.66449496e-03, 2.85016280e-03, 8.14332219e-04,
       4.07166110e-04, 3.66449496e-03, 8.14332219e-04, 4.47882712e-03,
       1.62866444e-03, 3.25732888e-03, 0., 4.07166110e-04,
       2.03583064e-03, 8.14332219e-04, 1.22149836e-03, 1.62866444e-03,
       2.44299672e-03, 1.22149836e-03, 4.07166110e-04, 1.62866444e-03,
       0., 8.14332219e-04, 8.14332219e-04, 4.07166110e-04,
       2.85016280e-03, 8.14332219e-04, 1.62866444e-03, 0.,
       2.44299672e-03, 4.07166110e-04, 0., 8.14332219e-04,
       1.62866444e-03, 8.14332219e-04, 0., 2.03583064e-03,
       1.62866444e-03, 2.44299672e-03, 4.07166110e-04, 4.07166110e-04,
       0., 4.07166127e-03, 3.25732888e-03, 1.22149836e-03,
       1.22149836e-03, 8.14332219e-04, 3.25732888e-03, 0., 0.,
       2.03583064e-03, 8.14332219e-04, 3.66449496e-03, 1.22149836e-03,
       8.14332219e-04, 1.22149836e-03, 8.14332219e-04, 1.22149836e-03,
       0., 4.07166110e-04, 2.44299672e-03, 4.07166110e-04,
       2.03583064e-03, 1.22149836e-03, 1.62866444e-03, 8.14332219e-04,
       3.25732888e-03, 2.85016280e-03, 1.62866444e-03, 8.14332219e-04,
       4.07166127e-03, 0., 0., 1.22149836e-03, 8.14332219e-04,
       1.62866444e-03, 1.62866444e-03, 1.62866444e-03, 1.22149836e-03,
       4.88599343e-03, 4.07166110e-04, 1.62866444e-03, 4.07166110e-04,
       1.22149836e-03, 4.07166110e-04, 8.14332219e-04, 1.62866444e-03,
       1.62866444e-03, 2.85016280e-03, 0., 2.85016280e-03,
       8.14332219e-04, 0., 1.22149836e-03, 1.22149836e-03,
       8.14332219e-04, 1.22149836e-03, 2.03583064e-03, 8.14332219e-04,
       1.22149836e-03, 1.62866444e-03, 8.14332219e-04, 0., 0.,
       1.22149836e-03, 1.62866444e-03, 8.14332219e-04, 1.22149836e-03,
       8.14332219e-04, 0., 8.14332219e-04, 1.62866444e-03,
       4.07166110e-04, 8.14332219e-04, 4.07166110e-04, 0.,
       2.85016280e-03, 8.14332219e-04, 4.07166110e-04, 4.47882712e-03,
       8.14332219e-04, 1.62866444e-03, 1.22149836e-03, 4.07166110e-04,
       1.62866444e-03, 1.22149836e-03, 8.14332219e-04, 4.07166110e-04,
       1.62866444e-03, 1.22149836e-03, 1.62866444e-03, 1.22149836e-03,
       4.07166110e-04, 4.07166110e-04, 4.07166110e-04, 1.22149836e-03,
       4.07166110e-04, 4.07166110e-04, 4.07166110e-04, 4.07166127e-03,
       1.22149836e-03, 1.62866444e-03, 4.07166110e-04, 1.62866444e-03,
       1.22149836e-03, 2.85016280e-03, 8.14332219e-04, 1.22149836e-03,
       3.66449496e-03, 0., 0., 1.62866444e-03, 8.14332219e-04, 0.,
       1.62866444e-03, 1.22149836e-03, 0., 8.14332219e-04,
       8.14332219e-04, 0., 4.07166110e-04, 0., 0., 0., 2.85016280e-03,
       2.85016280e-03, 8.14332219e-04, 8.14332219e-04, 1.22149836e-03,
       4.07166110e-04, 1.62866444e-03, 8.14332219e-04, 8.14332219e-04,
       2.44299672e-03, 0., 2.44299672e-03, 1.22149836e-03,
       4.07166110e-04, 8.14332219e-04, 1.62866444e-03, 1.22149836e-03,
       4.07166110e-04, 1.22149836e-03, 8.14332219e-04, 0.,
       8.14332219e-04, 2.03583064e-03, 4.07166110e-04, 8.14332219e-04,
       2.44299672e-03, 1.62866444e-03, 4.07166110e-04, 8.14332219e-04,
       8.14332219e-04, 8.14332219e-04, 2.03583064e-03, 1.62866444e-03,
       8.14332219e-04, 4.07166110e-04, 2.44299672e-03, 1.62866444e-03,
       0., 0., 1.62866444e-03, 0., 2.03583064e-03, 1.22149836e-03,
       2.85016280e-03, 1.22149836e-03, 1.22149836e-03, 3.25732888e-03,
