%YAML:1.0
m50f: !!opencv-matrix
   rows: 1
   cols: 800
   dt: f
   data: [ 2.78773392e-03, 1.99123845e-03, 1.59299083e-03,
       3.98247706e-04, 1.59299083e-03, 1.59299083e-03, 0.,
       1.19474309e-03, 1.59299083e-03, 5.17722033e-03, 1.19474309e-03,
       3.98247689e-03, 1.19474309e-03, 7.96495413e-04, 3.98247706e-04,
       1.19474309e-03, 3.98247706e-04, 1.99123845e-03, 7.96495413e-04,
       1.19474309e-03, 1.19474309e-03, 7.96495413e-04, 7.96495413e-04,
       7.96495413e-04, 0., 3.98247706e-04, 0., 7.96495413e-04,
       1.59299083e-03, 1.19474309e-03, 7.96495413e-04, 7.96495413e-04,
       3.58422939e-03, 7.96495413e-04, 3.98247706e-04, 5.17722033e-03,
       3.98247706e-04, 3.98247706e-04, 0., 0., 1.99123845e-03,
       1.19474309e-03, 2.38948618e-03, 1.19474309e-03, 1.19474309e-03,
       1.19474309e-03, 3.98247706e-04, 1.19474309e-03, 3.98247706e-04,
       1.19474309e-03, 1.19474309e-03, 7.96495413e-04, 7.96495413e-04,
       7.96495413e-04, 7.96495413e-04, 1.19474309e-03, 0.,
       1.19474309e-03, 1.19474309e-03, 1.59299083e-03, 2.78773392e-03,
       0., 7.96495413e-04, 2.78773392e-03, 1.19474309e-03, 0.,
       2.78773392e-03, 7.96495413e-04, 3.98247706e-04, 1.59299083e-03,
       0., 0., 3.98247706e-04, 7.96495413e-04, 1.99123845e-03,
       2.78773392e-03, 1.59299083e-03, 7.96495413e-04, 0.,
       1.19474309e-03, 0., 0., 2.78773392e-03, 2.38948618e-03,
       2.38948618e-03, 2.38948618e-03, 1.59299083e-03, 7.96495413e-04,
       2.38948618e-03, 3.98247706e-04, 3.98247706e-04, 2.38948618e-03,
       7.96495413e-04, 0., 7.96495413e-04, 0., 1.19474309e-03,
       2.78773392e-03, 4.38072486e-03, 7.96495413e-04, 3.98247706e-04,
       1.59299083e-03, 1.19474309e-03, 1.99123845e-03, 0.,
       2.78773392e-03, 3.98247706e-04, 1.19474309e-03, 3.98247706e-04,
       7.96495413e-04, 7.96495413e-04, 2.78773392e-03, 1.19474309e-03,
       1.19474309e-03, 7.96495413e-04, 7.96495413e-04, 7.96495413e-04,
       7.96495413e-04, 4.38072486e-03, 0., 7.96495413e-04,
       1.59299083e-03, 1.59299083e-03, 2.78773392e-03, 0.,
       3.98247706e-04, 3.58422939e-03, 1.99123845e-03, 3.18598165e-03,
       7.96495413e-04, 7.96495413e-04, 1.19474309e-03, 5.57546783e-03,
       2.78773392e-03, 7.96495413e-04, 3.98247706e-04, 1.99123845e-03,
       3.98247706e-04, 3.18598165e-03, 1.59299083e-03, 3.98247706e-04,
       0., 7.96495413e-04, 1.19474309e-03, 7.96495413e-04,
       3.98247706e-04, 1.99123845e-03, 7.96495413e-04, 3.98247706e-04,
       1.59299083e-03, 3.18598165e-03, 0., 7.96495413e-04,
       1.59299083e-03, 3.98247706e-04, 2.38948618e-03, 0.,
       3.98247706e-04, 3.98247706e-04, 1.99123845e-03, 3.98247706e-04,
       1.19474309e-03, 3.18598165e-03, 1.19474309e-03, 5.17722033e-03,
       0., 0., 1.59299083e-03, 7.96495413e-04, 0., 1.59299083e-03,
       1.19474309e-03, 0., 0., 1.59299083e-03, 1.99123845e-03,
       1.59299083e-03, 3.18598165e-03, 7.96495378e-03, 0.,
       1.59299083e-03, 1.99123845e-03, 1.99123845e-03, 1.59299083e-03,
       7.96495413e-04, 3.98247706e-04, 1.19474309e-03, 7.96495413e-04,
       0., 3.98247706e-04, 2.38948618e-03, 1.59299083e-03,
       1.99123845e-03, 0., 1.19474309e-03, 1.19474309e-03,
       3.98247706e-04, 7.96495413e-04, 3.18598165e-03, 1.99123845e-03,
       3.58422939e-03, 0., 4.77897236e-03, 7.96495413e-04, 0.,
       1.59299083e-03, 1.59299083e-03, 1.59299083e-03, 7.96495413e-04,
       7.96495413e-04, 2.78773392e-03, 1.99123845e-03, 1.59299083e-03,
       3.98247706e-04, 7.96495413e-04, 1.59299083e-03, 1.59299083e-03,
       3.98247706e-04, 3.98247706e-04, 7.96495413e-04, 2.38948618e-03,
       1.59299083e-03, 1.59299083e-03, 7.96495413e-04, 7.96495413e-04,
       1.19474309e-03, 7.96495413e-04, 1.19474309e-03, 7.96495413e-04,
       2.38948618e-03, 1.99123845e-03, 6.37196330e-03, 1.19474309e-03,
       2.38948618e-03, 3.58422939e-03, 3.98247689e-03, 2.78773392e-03,
       0., 7.96495413e-04, 3.98247706e-04, 7.96495413e-04,
       1.59299083e-03, 3.98247706e-04, 3.98247706e-04, 2.38948618e-03,
       2.38948618e-03, 1.19474309e-03, 3.98247706e-04, 7.96495413e-04,
       1.19474309e-03, 0., 1.19474309e-03, 0., 3.98247706e-04, 0.,
       1.19474309e-03, 2.78773392e-03, 1.19474309e-03, 1.19474309e-03,
       1.59299083e-03, 0., 2.78773392e-03, 7.96495413e-04,
       1.19474309e-03, 3.98247706e-04, 2.38948618e-03, 3.98247706e-04,
       3.98247706e-04, 3.98247706e-04, 7.96495413e-04, 1.59299083e-03,
       1.19474309e-03, 7.96495413e-04, 3.98247706e-04, 3.98247706e-04,
       1.19474309e-03, 1.99123845e-03, 3.98247706e-04, 7.96495413e-04,
       7.96495413e-04, 1.59299083e-03, 7.96495413e-04, 1.19474309e-03,
       7.96495413e-04, 2.78773392e-03, 3.58422939e-03, 1.59299083e-03,
       3.98247706e-04, 7.96495413e-04, 3.98247706e-04, 7.96495413e-04,
       3.18598165e-03, 0., 3.98247706e-04, 3.98247706e-04,
       7.96495413e-04, 7.96495413e-04, 1.19474309e-03, 1.59299083e-03,
       3.98247706e-04, 1.19474309e-03, 1.19474309e-03, 5.17722033e-03,
       2.78773392e-03, 3.98247706e-04, 2.38948618e-03, 3.98247706e-04,
       3.98247706e-04, 5.57546783e-03, 1.19474309e-03, 0.,
       7.96495413e-04, 2.78773392e-03, 7.96495413e-04, 7.96495413e-04,
       2.38948618e-03, 7.96495413e-04, 2.78773392e-03, 0.,
       1.19474309e-03, 7.96495413e-04, 3.98247706e-04, 1.59299083e-03,
       7.96495413e-04, 7.96495413e-04, 1.99123845e-03, 1.59299083e-03,
       3.98247706e-04, 3.98247706e-04, 1.19474309e-03, 2.78773392e-03,
       3.98247706e-04, 0., 0., 1.19474309e-03, 1.19474309e-03,
       3.18598165e-03, 1.59299083e-03, 7.96495413e-04, 3.98247706e-04,
       1.59299083e-03, 1.19474309e-03, 1.19474309e-03, 1.59299083e-03,
       0., 3.98247706e-04, 3.98247706e-04, 1.19474309e-03, 0.,
       3.98247706e-04, 3.98247706e-04, 1.99123845e-03, 3.98247706e-04,
       4.77897236e-03, 0., 1.99123845e-03, 1.99123845e-03,
       1.19474309e-03, 1.19474309e-03, 2.38948618e-03, 7.96495413e-04,
       7.96495413e-04, 7.96495413e-04, 7.96495413e-04, 7.96495413e-04,
       7.96495413e-04, 1.59299083e-03, 3.98247706e-04, 1.59299083e-03,
       0., 7.96495413e-04, 1.99123845e-03, 7.96495413e-04,
       1.19474309e-03, 7.96495413e-04, 1.59299083e-03, 3.98247706e-04,
       0., 0., 1.99123845e-03, 7.96495413e-04, 0., 3.98247706e-04, 0.,
       3.98247706e-04, 0., 1.99123845e-03, 1.99123845e-03,
       7.96495413e-04, 1.99123845e-03, 1.59299083e-03, 3.98247706e-04,
       7.96495413e-04, 4.38072486e-03, 1.59299083e-03, 1.19474309e-03,
       1.19474309e-03, 1.19474309e-03, 2.38948618e-03, 3.98247706e-04,
       3.98247706e-04, 1.99123845e-03, 1.59299083e-03, 2.38948618e-03,
       1.19474309e-03, 3.98247706e-04, 1.19474309e-03, 0.,
       3.98247706e-04, 7.96495413e-04, 7.96495413e-04, 7.96495413e-04,
       1.19474309e-03, 7.96495413e-04, 7.96495413e-04, 0.,
       3.98247706e-04, 0., 3.98247706e-04, 1.99123845e-03,
       3.98247706e-04, 7.96495413e-04, 3.98247706e-04, 0.,
       7.96495413e-04, 7.96495413e-04, 2.38948618e-03, 1.99123845e-03,
       7.96495413e-04, 7.96495413e-04, 1.59299083e-03, 3.98247706e-04,
       4.38072486e-03, 7.96495413e-04, 1.99123845e-03, 1.59299083e-03,
       7.96495413e-04, 0., 0., 0., 1.19474309e-03, 2.38948618e-03,
       1.19474309e-03, 1.59299083e-03, 7.96495413e-04, 7.96495413e-04,
       1.19474309e-03, 0., 1.19474309e-03, 1.59299083e-03,
       3.98247706e-04, 7.96495413e-04, 3.98247706e-04, 2.78773392e-03,
       7.96495413e-04, 1.59299083e-03, 1.19474309e-03, 3.98247706e-04,
       1.19474309e-03, 1.19474309e-03, 3.98247706e-04, 2.78773392e-03,
       3.98247706e-04, 2.38948618e-03, 2.78773392e-03, 7.96495413e-04,
       1.99123845e-03, 3.58422939e-03, 7.96495413e-04, 1.19474309e-03,
       3.18598165e-03, 0., 1.19474309e-03, 1.99123845e-03,
       3.98247706e-04, 3.98247706e-04, 1.19474309e-03, 1.59299083e-03,
       2.38948618e-03, 7.96495413e-04, 2.38948618e-03, 3.18598165e-03,
       2.38948618e-03, 1.59299083e-03, 1.99123845e-03, 0.,
