%YAML:1.0
m50f: !!opencv-matrix
   rows: 1
   cols: 800
   dt: f
   data: [ 3.43878957e-04, 3.09491064e-03, 1.37551583e-03,
       3.43878957e-04, 1.37551583e-03, 2.40715267e-03, 2.75103166e-03,
       3.43878957e-04, 3.43878957e-04, 6.87757914e-04, 1.03163684e-03,
       6.87757914e-04, 1.71939482e-03, 6.87757914e-04, 1.37551583e-03,
       2.06327369e-03, 1.03163684e-03, 1.37551583e-03, 1.03163684e-03,
       1.37551583e-03, 3.43878957e-04, 1.03163684e-03, 2.06327369e-03,
       1.71939482e-03, 1.71939482e-03, 1.03163684e-03, 1.71939482e-03,
       1.03163684e-03, 3.43878957e-04, 2.06327369e-03, 2.40715267e-03,
       3.09491064e-03, 1.37551583e-03, 1.03163684e-03, 1.03163684e-03,
       1.37551583e-03, 1.37551583e-03, 2.40715267e-03, 3.43878957e-04,
       3.43878957e-04, 3.43878957e-04, 3.43878963e-03, 2.06327369e-03,
       1.03163684e-03, 2.75103166e-03, 1.71939482e-03, 1.03163684e-03,
       1.03163684e-03, 1.37551583e-03, 4.47042659e-03, 6.87757914e-04,
       1.71939482e-03, 3.43878957e-04, 1.71939482e-03, 6.87757914e-04,
       2.06327369e-03, 4.12654737e-03, 1.03163684e-03, 6.87757914e-04,
       6.87757914e-04, 6.87757914e-04, 2.75103166e-03, 2.40715267e-03,
       2.06327369e-03, 6.87757914e-04, 1.37551583e-03, 6.87757914e-04,
       1.03163684e-03, 1.37551583e-03, 1.03163684e-03, 0.,
       2.40715267e-03, 1.03163684e-03, 1.37551583e-03, 2.75103166e-03,
       3.43878957e-04, 1.37551583e-03, 1.37551583e-03, 1.37551583e-03,
       2.40715267e-03, 1.37551583e-03, 1.03163684e-03, 1.37551583e-03,
       3.43878957e-04, 1.03163684e-03, 2.06327369e-03, 1.37551583e-03,
       6.87757914e-04, 2.75103166e-03, 6.87757914e-04, 3.43878957e-04,
       3.43878957e-04, 6.87757914e-04, 6.87757914e-04, 1.03163684e-03,
       2.40715267e-03, 1.37551583e-03, 1.37551583e-03, 1.37551583e-03,
       1.03163684e-03, 1.03163684e-03, 1.03163684e-03, 2.06327369e-03,
       1.71939482e-03, 1.37551583e-03, 3.43878957e-04, 1.03163684e-03,
       1.71939482e-03, 2.06327369e-03, 6.87757914e-04, 2.75103166e-03,
       0., 0., 3.43878957e-04, 3.43878957e-04, 6.87757914e-04,
       1.03163684e-03, 1.37551583e-03, 2.75103166e-03, 6.87757914e-04,
       1.71939482e-03, 3.43878957e-04, 6.87757914e-04, 6.87757914e-04,
       1.71939482e-03, 1.03163684e-03, 1.37551583e-03, 6.87757914e-04,
       1.03163684e-03, 1.71939482e-03, 2.06327369e-03, 2.40715267e-03,
       1.03163684e-03, 1.03163684e-03, 3.43878957e-04, 0.,
       1.71939482e-03, 1.37551583e-03, 3.43878957e-04, 3.43878957e-04,
       3.43878957e-04, 3.09491064e-03, 1.71939482e-03, 1.37551583e-03,
       1.37551583e-03, 0., 6.87757914e-04, 1.03163684e-03,
       1.03163684e-03, 2.75103166e-03, 0., 2.75103166e-03,
       1.37551583e-03, 1.37551583e-03, 1.71939482e-03, 3.43878957e-04,
       6.87757914e-04, 6.87757914e-04, 1.37551583e-03, 0.,
       3.43878957e-04, 1.71939482e-03, 3.43878957e-04, 2.40715267e-03,
       3.43878957e-04, 2.06327369e-03, 0., 3.43878963e-03,
       1.37551583e-03, 0., 2.40715267e-03, 2.06327369e-03, 0.,
       6.87757914e-04, 6.87757914e-04, 0., 6.87757914e-04,
       6.87757914e-04, 1.37551583e-03, 2.06327369e-03, 1.37551583e-03,
       4.12654737e-03, 1.37551583e-03, 6.87757914e-04, 0.,
       1.03163684e-03, 2.40715267e-03, 6.87757914e-04, 2.06327369e-03,
       3.43878957e-04, 2.40715267e-03, 1.03163684e-03, 1.03163684e-03,
       1.37551583e-03, 0., 0., 6.87757914e-04, 6.87757914e-04,
       2.40715267e-03, 6.87757914e-04, 1.37551583e-03, 3.43878957e-04,
       2.40715267e-03, 1.71939482e-03, 3.43878957e-04, 3.09491064e-03,
       1.03163684e-03, 0., 2.06327369e-03, 1.71939482e-03,
       2.40715267e-03, 1.03163684e-03, 6.87757914e-04, 6.87757914e-04,
       3.43878957e-04, 1.37551583e-03, 2.06327369e-03, 2.06327369e-03,
       1.71939482e-03, 1.37551583e-03, 0., 2.40715267e-03,
       1.03163684e-03, 6.87757914e-04, 1.71939482e-03, 6.87757914e-04,
       1.37551583e-03, 1.37551583e-03, 6.87757914e-04, 3.09491064e-03,
       4.12654737e-03, 1.03163684e-03, 3.43878957e-04, 2.06327369e-03,
       1.03163684e-03, 0., 2.40715267e-03, 3.43878957e-04,
       2.06327369e-03, 1.37551583e-03, 1.71939482e-03, 3.43878957e-04,
       6.87757914e-04, 1.71939482e-03, 1.71939482e-03, 1.37551583e-03,
       2.40715267e-03, 1.03163684e-03, 0., 6.87757914e-04,
       3.09491064e-03, 3.43878957e-04, 6.87757914e-04, 3.43878963e-03,
       6.87757914e-04, 6.87757914e-04, 1.37551583e-03, 6.87757914e-04,
       3.43878957e-04, 1.71939482e-03, 1.37551583e-03, 1.71939482e-03,
       1.03163684e-03, 2.40715267e-03, 1.37551583e-03, 3.43878957e-04,
       3.43878957e-04, 3.43878957e-04, 1.37551583e-03, 1.71939482e-03,
       2.06327369e-03, 1.37551583e-03, 3.43878957e-04, 0.,
       1.37551583e-03, 1.71939482e-03, 1.37551583e-03, 6.53370004e-03,
       2.75103166e-03, 2.06327369e-03, 4.12654737e-03, 1.71939482e-03,
       2.06327369e-03, 6.87757914e-04, 1.37551583e-03, 3.43878957e-04,
       1.03163684e-03, 3.43878957e-04, 3.43878957e-04, 1.03163684e-03,
       1.71939482e-03, 0., 6.87757914e-04, 0., 1.37551583e-03,
       1.03163684e-03, 3.43878957e-04, 6.87757914e-04, 1.71939482e-03,
       2.75103166e-03, 1.37551583e-03, 6.87757914e-04, 1.37551583e-03,
       2.06327369e-03, 2.06327369e-03, 1.03163684e-03, 6.87757914e-04,
       1.71939482e-03, 1.37551583e-03, 1.71939482e-03, 6.87757914e-04,
       0., 0., 1.37551583e-03, 1.03163684e-03, 1.37551583e-03,
       1.37551583e-03, 1.03163684e-03, 1.71939482e-03, 1.03163684e-03,
       0., 1.03163684e-03, 1.71939482e-03, 1.71939482e-03, 0.,
       1.03163684e-03, 0., 1.71939482e-03, 1.03163684e-03, 0.,
       1.37551583e-03, 2.06327369e-03, 3.43878963e-03, 2.06327369e-03,
       1.03163684e-03, 6.87757914e-04, 1.37551583e-03, 0.,
       3.43878957e-04, 1.03163684e-03, 2.06327369e-03, 6.87757914e-04,
       2.40715267e-03, 1.03163684e-03, 2.06327369e-03, 1.71939482e-03,
       0., 2.06327369e-03, 6.87757914e-04, 3.43878963e-03,
       1.37551583e-03, 1.03163684e-03, 3.43878957e-04, 1.03163684e-03,
       3.43878957e-04, 1.71939482e-03, 1.37551583e-03, 6.87757914e-04,
       3.43878957e-04, 3.78266862e-03, 3.43878957e-04, 1.71939482e-03,
       3.43878957e-04, 3.43878957e-04, 3.43878957e-04, 1.03163684e-03,
       1.03163684e-03, 1.03163684e-03, 1.71939482e-03, 0.,
       2.75103166e-03, 1.71939482e-03, 1.71939482e-03, 3.43878957e-04,
       1.03163684e-03, 6.87757914e-04, 6.87757914e-04, 1.03163684e-03,
       1.03163684e-03, 3.43878957e-04, 6.87757914e-04, 2.75103166e-03,
       1.71939482e-03, 3.43878957e-04, 1.71939482e-03, 6.87757914e-04,
       2.40715267e-03, 6.87757914e-04, 3.43878963e-03, 3.43878957e-04,
       6.87757914e-04, 2.06327369e-03, 6.87757914e-04, 6.18982129e-03,
       2.75103166e-03, 2.06327369e-03, 1.71939482e-03, 3.43878957e-04,
       1.03163684e-03, 6.87757914e-04, 1.37551583e-03, 6.87757914e-04,
       2.06327369e-03, 0., 1.03163684e-03, 1.03163684e-03, 0.,
       3.43878957e-04, 2.75103166e-03, 0., 4.81430534e-03,
       1.71939482e-03, 6.87757914e-04, 3.43878957e-04, 6.87757914e-04,
       1.37551583e-03, 6.87757914e-04, 3.43878957e-04, 2.06327369e-03,
       0., 2.75103166e-03, 6.87757914e-04, 0., 1.71939482e-03,
       2.40715267e-03, 3.43878957e-04, 3.43878957e-04, 2.06327369e-03,
       1.71939482e-03, 1.37551583e-03, 0., 2.75103166e-03,
       1.37551583e-03, 1.03163684e-03, 1.03163684e-03, 1.37551583e-03,
       6.87757914e-04, 3.43878957e-04, 3.43878957e-04, 6.87757914e-04,
       3.43878957e-04, 1.03163684e-03, 1.37551583e-03, 6.87757914e-04,
       6.87757914e-04, 1.03163684e-03, 2.40715267e-03, 1.37551583e-03,
       1.03163684e-03, 1.37551583e-03, 0., 3.09491064e-03,
       1.37551583e-03, 2.75103166e-03, 2.40715267e-03, 1.03163684e-03,
       3.43878957e-04, 3.43878957e-04, 1.03163684e-03, 2.06327369e-03,
       3.43878957e-04, 6.87757914e-04, 1.03163684e-03, 1.03163684e-03,
       1.37551583e-03, 3.43878957e-04, 1.37551583e-03, 1.71939482e-03,
       3.43878957e-04, 2.06327369e-03, 1.37551583e-03, 1.03163684e-03,
