%YAML:1.0
m50f: !!opencv-matrix
   rows: 1
   cols: 800
   dt: f
   data: [ 1.35043892e-03, 4.05131653e-03, 0., 0., 0., 2.70087784e-03,
       0., 2.70087784e-03, 0., 6.75219460e-04, 2.02565826e-03,
       1.35043892e-03, 0., 2.02565826e-03, 1.35043892e-03,
       3.37609742e-03, 0., 2.02565826e-03, 6.75219460e-04,
       1.35043892e-03, 6.75219460e-04, 4.05131653e-03, 6.75219460e-04,
       0., 6.75219460e-04, 6.75219460e-04, 4.05131653e-03,
       2.02565826e-03, 3.37609742e-03, 5.40175568e-03, 6.75219460e-04,
       1.35043892e-03, 1.35043892e-03, 0., 0., 2.70087784e-03,
       3.37609742e-03, 0., 6.75219460e-04, 1.35043892e-03, 0., 0.,
       6.75219460e-04, 1.35043892e-03, 0., 1.35043892e-03, 0.,
       1.35043892e-03, 6.75219460e-04, 0., 6.75219460e-04, 0.,
       4.05131653e-03, 6.75219460e-04, 0., 1.35043892e-03,
       1.35043892e-03, 0., 6.75219460e-04, 6.75219460e-04,
       6.75219460e-04, 4.05131653e-03, 1.35043892e-03, 6.07697526e-03,
       0., 3.37609742e-03, 3.37609742e-03, 6.75219460e-04,
       2.70087784e-03, 1.35043892e-03, 0., 1.35043892e-03,
       1.35043892e-03, 4.05131653e-03, 6.75219460e-04, 3.37609742e-03,
       1.35043892e-03, 2.02565826e-03, 6.75219460e-04, 6.75219460e-04,
       1.35043892e-03, 2.02565826e-03, 0., 6.75219460e-04, 0.,
       6.75219460e-04, 1.35043892e-03, 2.02565826e-03, 2.02565826e-03,
       6.75219460e-04, 6.75219460e-04, 1.35043892e-03, 6.75219460e-04,
       1.35043892e-03, 1.35043892e-03, 6.75219460e-04, 4.05131653e-03,
       1.35043892e-03, 6.75219460e-04, 6.75219460e-04, 6.75219460e-04,
       1.35043892e-03, 0., 0., 4.72653611e-03, 0., 2.70087784e-03,
       1.35043892e-03, 0., 2.02565826e-03, 6.75219460e-04, 0., 0., 0.,
       2.02565826e-03, 6.75219460e-04, 6.75219460e-04, 6.75219460e-04,
       6.75219460e-04, 8.10263306e-03, 0., 0., 6.75219460e-04,
       1.35043892e-03, 1.35043892e-03, 2.70087784e-03, 0.,
       7.42741395e-03, 6.75219460e-04, 0., 4.72653611e-03,
       1.35043892e-03, 0., 0., 1.35043892e-03, 0., 6.75219460e-04,
       2.02565826e-03, 2.70087784e-03, 1.35043892e-03, 6.75219460e-04,
       6.75219460e-04, 6.75219460e-04, 0., 2.70087784e-03,
       2.02565826e-03, 0., 1.35043892e-03, 1.35043892e-03,
       2.70087784e-03, 1.35043892e-03, 6.75219484e-03, 2.70087784e-03,
       6.75219484e-03, 6.75219460e-04, 0., 1.35043892e-03,
       2.02565826e-03, 6.75219460e-04, 1.35043892e-03, 7.42741395e-03,
       0., 2.02565826e-03, 0., 1.35043892e-03, 0., 6.75219460e-04,
       1.35043892e-03, 6.75219460e-04, 2.02565826e-03, 0.,
       1.35043892e-03, 6.75219460e-04, 0., 6.75219460e-04,
       6.75219460e-04, 0., 2.02565826e-03, 1.35043892e-03,
       3.37609742e-03, 0., 3.37609742e-03, 6.75219460e-04,
       2.02565826e-03, 6.75219460e-04, 1.35043892e-03, 2.02565826e-03,
       3.37609742e-03, 0., 0., 1.35043892e-03, 6.75219460e-04, 0.,
       1.35043892e-03, 6.75219460e-04, 1.35043892e-03, 2.70087784e-03,
       0., 1.35043892e-03, 6.75219460e-04, 0., 6.75219460e-04,
       6.75219460e-04, 0., 2.70087784e-03, 6.75219460e-04, 0.,
       3.37609742e-03, 0., 0., 6.75219460e-04, 0., 6.75219460e-04,
       6.75219460e-04, 1.35043892e-03, 6.75219460e-04, 2.70087784e-03,
       6.75219460e-04, 2.70087784e-03, 1.35043892e-03, 6.75219460e-04,
       4.05131653e-03, 1.35043892e-03, 2.02565826e-03, 4.05131653e-03,
       0., 0., 1.35043892e-03, 0., 0., 6.75219460e-04, 0.,
       1.35043892e-03, 0., 0., 6.75219460e-04, 6.75219460e-04, 0., 0.,
       2.70087784e-03, 2.02565826e-03, 6.75219460e-04, 4.05131653e-03,
       3.37609742e-03, 1.35043892e-03, 0., 3.37609742e-03,
       6.75219460e-04, 1.35043892e-03, 1.35043892e-03, 1.35043892e-03,
       3.37609742e-03, 6.75219460e-04, 2.70087784e-03, 0.,
       2.02565826e-03, 3.37609742e-03, 1.35043892e-03, 0.,
       2.02565826e-03, 6.75219460e-04, 6.75219460e-04, 6.75219460e-04,
       0., 0., 2.02565826e-03, 6.75219460e-04, 6.75219460e-04,
       1.35043892e-03, 0., 6.75219460e-04, 0., 6.75219460e-04, 0.,
       6.75219460e-04, 0., 6.75219460e-04, 2.70087784e-03,
       2.02565826e-03, 1.35043892e-03, 1.35043892e-03, 0.,
       2.02565826e-03, 2.02565826e-03, 4.05131653e-03, 6.75219460e-04,
       7.42741395e-03, 0., 0., 1.35043892e-03, 1.35043892e-03,
       6.75219460e-04, 0., 0., 2.70087784e-03, 4.05131653e-03,
       1.35043892e-03, 0., 0., 3.37609742e-03, 6.75219460e-04,
       6.75219460e-04, 6.75219460e-04, 0., 0., 0., 0., 6.75219460e-04,
       0., 6.75219460e-04, 3.37609742e-03, 2.02565826e-03,
       2.70087784e-03, 2.02565826e-03, 0., 0., 1.35043892e-03,
       2.02565826e-03, 6.75219460e-04, 6.75219460e-04, 6.75219460e-04,
       4.05131653e-03, 2.70087784e-03, 2.70087784e-03, 4.72653611e-03,
       0., 2.02565826e-03, 6.75219460e-04, 3.37609742e-03,
       6.75219460e-04, 0., 6.75219460e-04, 0., 0., 6.75219460e-04,
       3.37609742e-03, 6.75219460e-04, 2.70087784e-03, 6.75219460e-04,
       0., 0., 0., 1.35043892e-03, 1.35043892e-03, 1.35043892e-03,
       2.02565826e-03, 0., 1.35043892e-03, 0., 1.35043892e-03, 0.,
       6.75219460e-04, 6.75219460e-04, 0., 2.70087784e-03,
       1.35043892e-03, 6.75219460e-04, 0., 2.02565826e-03,
       2.70087784e-03, 0., 0., 5.40175568e-03, 0., 6.75219460e-04, 0.,
       1.35043892e-03, 0., 0., 1.35043892e-03, 2.02565826e-03, 0.,
       1.35043892e-03, 6.75219460e-04, 2.70087784e-03, 0.,
       1.35043892e-03, 0., 0., 2.70087784e-03, 1.35043892e-03, 0.,
       6.07697526e-03, 0., 1.35043892e-03, 1.35043892e-03,
       6.75219460e-04, 6.75219484e-03, 6.75219460e-04, 6.75219460e-04,
       0., 0., 3.37609742e-03, 1.35043892e-03, 6.75219460e-04,
       6.75219460e-04, 3.37609742e-03, 0., 6.75219460e-04,
       2.70087784e-03, 2.02565826e-03, 6.75219460e-04, 1.35043892e-03,
       6.75219460e-04, 6.75219460e-04, 6.75219460e-04, 6.75219460e-04,
       0., 6.75219460e-04, 0., 0., 6.75219460e-04, 1.35043892e-03,
       1.35043892e-03, 6.75219460e-04, 1.35043892e-03, 1.35043892e-03,
       0., 0., 1.35043892e-03, 1.35043892e-03, 6.75219460e-04,
       6.75219460e-04, 6.75219460e-04, 0., 1.35043892e-03, 0.,
       1.35043892e-03, 1.35043892e-03, 6.75219460e-04, 6.75219460e-04,
       6.75219460e-04, 1.35043892e-03, 2.02565826e-03, 1.35043892e-03,
       1.35043892e-03, 6.75219460e-04, 6.75219460e-04, 0.,
       1.35043892e-03, 6.75219460e-04, 0., 2.02565826e-03, 0.,
       6.75219460e-04, 2.02565826e-03, 1.35043892e-03, 2.70087784e-03,
       0., 1.35043892e-03, 1.35043892e-03, 6.75219460e-04,
       8.10263306e-03, 6.75219460e-04, 0., 1.35043892e-03,
       2.02565826e-03, 1.35043892e-03, 6.75219460e-04, 1.35043892e-03,
       2.02565826e-03, 2.70087784e-03, 2.02565826e-03, 1.35043892e-03,
       0., 3.37609742e-03, 0., 4.72653611e-03, 6.75219460e-04,
       6.75219460e-04, 2.70087784e-03, 0., 0., 0., 0., 6.75219460e-04,
       1.35043892e-03, 0., 0., 2.02565826e-03, 6.75219460e-04,
       6.75219460e-04, 6.75219460e-04, 0., 6.75219460e-04,
       2.02565826e-03, 6.75219460e-04, 6.75219460e-04, 6.75219460e-04,
       0., 0., 6.75219460e-04, 6.75219460e-04, 2.02565826e-03, 0., 0.,
       6.75219460e-04, 1.35043892e-03, 0., 1.35043892e-03,
       6.75219460e-04, 6.75219460e-04, 6.75219460e-04, 1.35043892e-03,
       2.70087784e-03, 4.05131653e-03, 6.75219460e-04, 4.05131653e-03,
       3.37609742e-03, 1.14787305e-02, 0., 6.75219460e-04,
       6.75219460e-04, 6.75219460e-04, 2.02565826e-03, 0., 0., 0.,
       1.35043892e-03, 0., 2.02565826e-03, 1.35043892e-03,
       2.02565826e-03, 2.02565826e-03, 5.40175568e-03, 0.,
       6.75219460e-04, 2.70087784e-03, 6.75219460e-04, 6.75219460e-04,
       0., 1.35043892e-03, 0., 6.75219460e-04, 6.75219460e-04,
       2.02565826e-03, 1.35043892e-03, 2.70087784e-03, 0.,
       6.75219460e-04, 6.75219460e-04, 1.35043892e-03, 1.35043892e-03,
       0., 1.35043892e-03, 6.75219460e-04, 0., 6.75219460e-04, 0.,
       6.75219460e-04, 0., 2.70087784e-03, 6.75219460e-04, 0.,
       6.75219460e-04, 2.02565826e-03, 0., 2.02565826e-03,
