%YAML:1.0
m50f: !!opencv-matrix
   rows: 1
   cols: 800
   dt: f
   data: [ 1.61030598e-03, 8.05152988e-04, 8.85668304e-03, 0.,
       1.20772945e-03, 4.02576494e-04, 2.01288238e-03, 0.,
       8.05152988e-04, 2.41545890e-03, 2.81803543e-03, 2.81803543e-03,
       0., 4.02576494e-04, 4.02576494e-04, 3.62318847e-03,
       1.20772945e-03, 8.05152988e-04, 8.05152988e-04, 2.01288238e-03,
       4.02576494e-04, 2.01288238e-03, 1.61030598e-03, 1.61030598e-03,
       0., 1.61030598e-03, 4.02576494e-04, 5.63607085e-03,
       8.05152988e-04, 0., 1.20772945e-03, 8.05152988e-04,
       1.61030598e-03, 1.20772945e-03, 2.01288238e-03, 2.41545890e-03,
       1.20772945e-03, 0., 2.01288238e-03, 0., 1.20772945e-03,
       1.61030598e-03, 2.01288238e-03, 4.02576494e-04, 2.41545890e-03,
       2.01288238e-03, 0., 8.05152988e-04, 0., 8.05152988e-04,
       1.61030598e-03, 4.02576494e-04, 2.41545890e-03, 4.02576494e-04,
       0., 2.01288238e-03, 4.02576494e-04, 1.61030598e-03,
       2.01288238e-03, 2.41545890e-03, 2.01288238e-03, 2.81803543e-03,
       1.20772945e-03, 8.05152988e-04, 3.62318847e-03, 0.,
       6.03864761e-03, 4.02576494e-04, 4.02576494e-04, 1.61030598e-03,
       2.41545890e-03, 8.05152988e-04, 8.05152988e-04, 0.,
       1.20772945e-03, 1.20772945e-03, 4.02576494e-04, 3.22061195e-03,
       8.05152988e-04, 2.81803543e-03, 0., 1.20772945e-03,
       1.61030598e-03, 1.61030598e-03, 4.02576494e-04, 3.22061195e-03,
       1.20772945e-03, 4.02576494e-04, 1.20772945e-03, 1.20772945e-03,
       0., 0., 1.61030598e-03, 1.61030598e-03, 4.02576494e-04,
       4.02576494e-04, 1.20772945e-03, 2.01288238e-03, 2.41545890e-03,
       2.41545890e-03, 2.01288238e-03, 4.02576494e-04, 1.61030598e-03,
       1.61030598e-03, 4.02576494e-04, 1.61030598e-03, 1.20772945e-03,
       0., 1.61030598e-03, 8.05152988e-04, 8.05152988e-04,
       2.41545890e-03, 1.20772945e-03, 8.05152988e-04, 4.02576494e-04,
       8.05152988e-04, 2.81803543e-03, 1.61030598e-03, 0.,
       1.20772945e-03, 2.01288238e-03, 1.61030598e-03, 4.02576494e-04,
       5.63607085e-03, 0., 4.83091781e-03, 1.61030598e-03,
       8.05152988e-04, 1.20772945e-03, 2.01288238e-03, 4.02576494e-04,
       2.81803543e-03, 2.81803543e-03, 4.02576494e-04, 8.05152988e-04,
       4.02576494e-04, 1.20772945e-03, 0., 8.05152988e-04,
       1.61030598e-03, 3.22061195e-03, 1.20772945e-03, 8.05152988e-04,
       4.02576494e-04, 0., 1.20772945e-03, 0., 8.05152988e-04,
       8.05152988e-04, 1.61030598e-03, 8.05152988e-04, 0., 0.,
       2.01288238e-03, 8.05152988e-04, 8.05152988e-04, 8.05152988e-04,
       4.02576494e-04, 4.02576494e-04, 4.02576494e-04, 4.02576494e-04,
       2.81803543e-03, 2.81803543e-03, 2.81803543e-03, 1.20772945e-03,
       8.05152988e-04, 0., 0., 0., 0., 1.61030598e-03, 3.62318847e-03,
       8.05152988e-04, 1.20772945e-03, 1.20772945e-03, 0., 0., 0.,
       1.61030598e-03, 0., 4.42834152e-03, 1.20772945e-03,
       1.20772945e-03, 8.05152988e-04, 8.05152988e-04, 0.,
       3.22061195e-03, 8.05152988e-04, 8.05152988e-04, 1.61030598e-03,
       1.61030598e-03, 1.20772945e-03, 1.20772945e-03, 8.05152988e-04,
       8.05152988e-04, 1.61030598e-03, 2.41545890e-03, 2.01288238e-03,
       1.61030598e-03, 8.05152988e-04, 8.05152988e-04, 1.20772945e-03,
       4.02576494e-04, 8.45410675e-03, 4.02576494e-04, 1.61030598e-03,
       5.63607085e-03, 1.20772945e-03, 0., 0., 5.23349456e-03,
       1.20772945e-03, 4.02576494e-04, 8.05152988e-04, 4.02576476e-03,
       1.20772945e-03, 1.20772945e-03, 8.05152988e-04, 4.02576494e-04,
       4.02576494e-04, 3.22061195e-03, 1.20772945e-03, 2.41545890e-03,
       4.02576494e-04, 1.20772945e-03, 2.01288238e-03, 1.61030598e-03,
       3.62318847e-03, 4.02576494e-04, 8.05152988e-04, 8.05152988e-04,
       3.62318847e-03, 8.05152988e-04, 2.41545890e-03, 2.41545890e-03,
       8.05152988e-04, 2.81803543e-03, 0., 2.01288238e-03,
       4.02576494e-04, 2.01288238e-03, 2.01288238e-03, 2.41545890e-03,
       8.05152988e-04, 3.22061195e-03, 2.41545890e-03, 3.22061195e-03,
       8.05152988e-04, 8.05152988e-04, 8.05152988e-04, 8.05152988e-04,
       1.20772945e-03, 1.20772945e-03, 1.61030598e-03, 0.,
       4.02576494e-04, 3.22061195e-03, 2.01288238e-03, 3.62318847e-03,
       3.22061195e-03, 1.20772945e-03, 1.61030598e-03, 0., 0.,
       2.01288238e-03, 1.61030598e-03, 8.05152988e-04, 4.02576494e-04,
       4.02576494e-04, 1.20772945e-03, 2.01288238e-03, 8.05152988e-04,
       8.05152988e-04, 8.05152988e-04, 3.22061195e-03, 8.05152988e-04,
       1.20772945e-03, 2.01288238e-03, 1.20772945e-03, 4.02576494e-04,
       1.61030598e-03, 0., 1.20772945e-03, 4.02576494e-04,
       4.02576494e-04, 4.02576494e-04, 1.20772945e-03, 1.20772945e-03,
       0., 1.61030598e-03, 2.81803543e-03, 8.05152988e-04,
       8.05152988e-04, 1.61030598e-03, 1.20772945e-03, 8.05152988e-04,
       3.22061195e-03, 1.20772945e-03, 1.20772945e-03, 4.02576494e-04,
       1.20772945e-03, 4.02576494e-04, 1.61030598e-03, 8.05152988e-04,
       8.05152988e-04, 8.05152988e-04, 0., 4.02576494e-04,
       2.81803543e-03, 3.62318847e-03, 8.05152988e-04, 0.,
       2.81803543e-03, 2.01288238e-03, 4.02576494e-04, 4.02576494e-04,
       1.20772945e-03, 0., 0., 2.01288238e-03, 2.81803543e-03,
       4.02576494e-04, 8.05152988e-04, 8.05152988e-04, 1.20772945e-03,
       2.41545890e-03, 1.20772945e-03, 4.02576494e-04, 8.05152988e-04,
       1.61030598e-03, 5.23349456e-03, 0., 2.41545890e-03,
       8.05152988e-04, 2.81803543e-03, 2.01288238e-03, 4.83091781e-03,
       8.05152988e-04, 8.05152988e-04, 8.05152988e-04, 1.61030598e-03,
       1.20772945e-03, 4.42834152e-03, 3.62318847e-03, 2.81803543e-03,
       1.61030598e-03, 1.61030598e-03, 8.05152988e-04, 1.20772945e-03,
       4.02576494e-04, 8.05152988e-04, 1.20772945e-03, 4.02576494e-04,
       1.61030598e-03, 8.05152988e-04, 1.20772945e-03, 2.01288238e-03,
       1.61030598e-03, 8.05152988e-04, 3.22061195e-03, 4.02576494e-04,
       4.02576494e-04, 2.41545890e-03, 8.05152988e-04, 0.,
       1.20772945e-03, 1.20772945e-03, 8.05152988e-04, 4.02576494e-04,
       2.01288238e-03, 2.01288238e-03, 2.01288238e-03, 4.02576494e-04,
       4.02576494e-04, 1.61030598e-03, 1.20772945e-03, 4.02576494e-04,
       8.05152988e-04, 0., 1.20772945e-03, 1.61030598e-03,
       1.20772945e-03, 8.05152988e-04, 8.05152988e-04, 0., 0.,
       1.61030598e-03, 2.01288238e-03, 1.20772945e-03, 8.05152988e-04,
       3.62318847e-03, 4.02576494e-04, 8.05152988e-04, 4.02576494e-04,
       1.20772945e-03, 2.41545890e-03, 1.20772945e-03, 1.61030598e-03,
       4.02576494e-04, 8.05152988e-04, 0., 3.22061195e-03,
       1.20772945e-03, 8.05152988e-04, 8.05152988e-04, 3.62318847e-03,
       4.02576494e-04, 1.61030598e-03, 1.20772945e-03, 2.01288238e-03,
       1.20772945e-03, 4.02576494e-04, 4.02576494e-04, 3.62318847e-03,
       8.05152988e-04, 4.02576494e-04, 0., 4.02576494e-04,
       4.02576494e-04, 2.81803543e-03, 1.61030598e-03, 8.05152988e-04,
       2.41545890e-03, 8.05152988e-04, 1.20772945e-03, 4.02576494e-04,
       4.02576494e-04, 0., 0., 2.01288238e-03, 0., 0., 1.61030598e-03,
       1.61030598e-03, 2.01288238e-03, 1.61030598e-03, 0., 0.,
       3.22061195e-03, 0., 8.05152988e-04, 1.61030598e-03,
       1.20772945e-03, 1.20772945e-03, 4.02576494e-04, 2.01288238e-03,
       0., 2.41545890e-03, 4.02576494e-04, 1.20772945e-03,
       2.01288238e-03, 4.02576494e-04, 4.02576494e-04, 1.20772945e-03,
       0., 0., 4.02576494e-04, 0., 1.61030598e-03, 4.02576494e-04,
       2.01288238e-03, 1.61030598e-03, 2.01288238e-03, 8.05152988e-04,
       2.01288238e-03, 3.62318847e-03, 4.02576494e-04, 1.20772945e-03,
       1.20772945e-03, 1.61030598e-03, 0., 0., 2.81803543e-03, 0., 0.,
       0., 4.02576494e-04, 1.20772945e-03, 8.05152988e-04,
       8.05152988e-04, 4.02576494e-04, 4.02576494e-04, 4.02576494e-04,
       2.01288238e-03, 8.05152988e-04, 4.02576494e-04, 1.20772945e-03,
       3.22061195e-03, 3.62318847e-03, 1.20772945e-03, 0.,
       1.20772945e-03, 2.81803543e-03, 2.41545890e-03, 1.61030598e-03,
