%YAML:1.0
m50f: !!opencv-matrix
   rows: 1
   cols: 800
   dt: f
   data: [ 2.99222011e-04, 8.97666032e-04, 5.98444021e-04,
       8.97666032e-04, 1.19688804e-03, 8.97666032e-04, 1.79533206e-03,
       5.98444021e-04, 8.97666032e-04, 2.99222011e-04, 8.97666032e-04,
       1.19688804e-03, 5.98444021e-04, 1.19688804e-03, 2.99222011e-04,
       3.59066413e-03, 8.97666032e-04, 8.97666032e-04, 1.79533206e-03,
       1.79533206e-03, 5.98444021e-04, 2.99222011e-04, 2.99222011e-04,
       2.69299815e-03, 3.88988620e-03, 8.97666032e-04, 1.79533206e-03,
       2.99222022e-03, 8.97666032e-04, 5.98444021e-04, 2.99222022e-03,
       2.39377609e-03, 1.19688804e-03, 2.99222011e-04, 2.99222011e-04,
       1.19688804e-03, 2.39377609e-03, 5.98444021e-04, 0.,
       2.99222011e-04, 1.79533206e-03, 2.09455402e-03, 1.49611011e-03,
       8.97666032e-04, 1.49611011e-03, 1.49611011e-03, 1.49611011e-03,
       1.49611011e-03, 5.98444021e-04, 3.29144206e-03, 8.97666032e-04,
       1.19688804e-03, 8.97666032e-04, 2.99222022e-03, 8.97666032e-04,
       1.49611011e-03, 1.79533206e-03, 1.19688804e-03, 1.19688804e-03,
       0., 5.98444021e-04, 8.97666032e-04, 4.48833033e-03,
       8.97666032e-04, 5.98444021e-04, 5.98444021e-04, 2.99222011e-04,
       1.19688804e-03, 1.19688804e-03, 1.49611011e-03, 5.98444021e-04,
       4.18910803e-03, 1.49611011e-03, 1.49611011e-03, 1.79533206e-03,
       8.97666032e-04, 2.99222011e-04, 1.49611011e-03, 8.97666032e-04,
       2.69299815e-03, 8.97666032e-04, 2.99222011e-04, 5.98444021e-04,
       2.99222011e-04, 1.19688804e-03, 3.88988620e-03, 8.97666032e-04,
       1.79533206e-03, 1.19688804e-03, 8.97666032e-04, 1.19688804e-03,
       1.19688804e-03, 1.49611011e-03, 1.19688804e-03, 2.99222011e-04,
       1.79533206e-03, 1.19688804e-03, 5.98444021e-04, 8.97666032e-04,
       2.09455402e-03, 1.19688804e-03, 1.19688804e-03, 2.39377609e-03,
       5.98444021e-04, 2.99222011e-04, 1.49611011e-03, 8.97666032e-04,
       2.99222011e-04, 2.69299815e-03, 8.97666032e-04, 1.49611011e-03,
       2.99222011e-04, 8.97666032e-04, 5.98444021e-04, 8.97666032e-04,
       1.79533206e-03, 5.98444021e-04, 5.98444021e-04, 2.09455402e-03,
       8.97666032e-04, 1.19688804e-03, 1.19688804e-03, 5.98444021e-04,
       8.97666032e-04, 8.97666032e-04, 8.97666032e-04, 1.49611011e-03,
       8.97666032e-04, 2.09455402e-03, 1.79533206e-03, 2.69299815e-03,
       4.78755217e-03, 3.88988620e-03, 1.49611011e-03, 5.98444021e-04,
       5.98444045e-03, 5.98444021e-04, 2.99222011e-04, 5.98444021e-04,
       8.97666032e-04, 2.99222011e-04, 2.09455402e-03, 1.49611011e-03,
       8.97666032e-04, 8.97666032e-04, 5.98444021e-04, 5.98444021e-04,
       8.97666032e-04, 5.98444021e-04, 2.39377609e-03, 2.99222011e-04,
       1.19688804e-03, 5.98444021e-04, 8.97666032e-04, 5.98444021e-04,
       2.99222011e-04, 5.98444021e-04, 1.19688804e-03, 1.49611011e-03,
       2.99222011e-04, 2.99222011e-04, 2.99222011e-04, 1.49611011e-03,
       1.49611011e-03, 8.97666032e-04, 0., 1.19688804e-03,
       2.99222022e-03, 1.19688804e-03, 5.98444021e-04, 1.49611011e-03,
       8.97666032e-04, 2.99222011e-04, 8.97666032e-04, 0.,
       5.98444021e-04, 8.97666032e-04, 2.39377609e-03, 1.19688804e-03,
       3.29144206e-03, 3.29144206e-03, 1.19688804e-03, 5.98444021e-04,
       5.98444021e-04, 2.99222011e-04, 8.97666032e-04, 2.99222011e-04,
       8.97666032e-04, 1.49611011e-03, 2.99222011e-04, 1.79533206e-03,
       3.88988620e-03, 8.97666032e-04, 5.98444021e-04, 2.99222011e-04,
       5.98444021e-04, 2.99222011e-04, 0., 2.99222011e-04,
       2.09455402e-03, 1.19688804e-03, 1.49611011e-03, 2.09455402e-03,
       5.08677401e-03, 1.79533206e-03, 1.49611011e-03, 2.09455402e-03,
       8.97666032e-04, 2.69299815e-03, 2.09455402e-03, 1.49611011e-03,
       5.98444021e-04, 1.49611011e-03, 1.79533206e-03, 2.39377609e-03,
       8.97666032e-04, 1.49611011e-03, 8.97666032e-04, 5.98444021e-04,
       1.49611011e-03, 0., 1.79533206e-03, 5.98444021e-04,
       2.99222011e-04, 1.49611011e-03, 2.69299815e-03, 5.98444021e-04,
       3.29144206e-03, 1.49611011e-03, 1.49611011e-03, 1.49611011e-03,
       1.79533206e-03, 1.19688804e-03, 4.18910803e-03, 1.19688804e-03,
       1.79533206e-03, 3.29144206e-03, 0., 2.99222011e-04,
       1.19688804e-03, 1.19688804e-03, 2.99222011e-04, 1.19688804e-03,
       4.18910803e-03, 1.19688804e-03, 5.98444021e-04, 5.68521814e-03,
       2.09455402e-03, 1.79533206e-03, 1.79533206e-03, 1.19688804e-03,
       0., 5.98444021e-04, 1.49611011e-03, 5.98444021e-04, 0.,
       1.79533206e-03, 1.49611011e-03, 8.97666032e-04, 8.97666032e-04,
       1.79533206e-03, 8.97666032e-04, 5.98444021e-04, 1.79533206e-03,
       1.49611011e-03, 2.99222011e-04, 1.49611011e-03, 2.99222022e-03,
       2.99222011e-04, 1.49611011e-03, 1.49611011e-03, 1.49611011e-03,
       1.49611011e-03, 2.99222011e-04, 1.49611011e-03, 2.99222022e-03,
       1.19688804e-03, 2.09455402e-03, 1.79533206e-03, 5.98444021e-04,
       4.48833033e-03, 1.19688804e-03, 1.79533206e-03, 2.09455402e-03,
       5.98444021e-04, 1.19688804e-03, 2.39377609e-03, 1.49611011e-03,
       5.98444021e-04, 1.19688804e-03, 1.19688804e-03, 2.09455402e-03,
       8.97666032e-04, 0., 1.79533206e-03, 1.19688804e-03,
       5.98444021e-04, 2.99222011e-04, 8.97666032e-04, 5.98444021e-04,
       1.49611011e-03, 2.99222011e-04, 1.79533206e-03, 5.98444021e-04,
       8.97666032e-04, 2.99222011e-04, 8.97666032e-04, 1.49611011e-03,
       1.19688804e-03, 1.49611011e-03, 2.99222011e-04, 5.98444021e-04,
       5.98444021e-04, 2.39377609e-03, 2.69299815e-03, 2.69299815e-03,
       1.49611011e-03, 8.97666032e-04, 2.39377609e-03, 1.19688804e-03,
       2.09455402e-03, 8.97666032e-04, 5.98444021e-04, 1.19688804e-03,
       1.49611011e-03, 8.97666032e-04, 1.19688804e-03, 8.97666032e-04,
       1.49611011e-03, 2.09455402e-03, 5.98444021e-04, 5.98444021e-04,
       1.19688804e-03, 5.08677401e-03, 1.19688804e-03, 8.97666032e-04,
       1.49611011e-03, 0., 2.99222011e-04, 8.97666032e-04,
       1.19688804e-03, 8.97666032e-04, 2.69299815e-03, 5.98444021e-04,
       1.19688804e-03, 1.19688804e-03, 2.99222011e-04, 2.39377609e-03,
       2.99222011e-04, 2.09455402e-03, 2.99222011e-04, 8.97666032e-04,
       1.49611011e-03, 1.49611011e-03, 1.79533206e-03, 8.97666032e-04,
       0., 5.98444021e-04, 5.98444021e-04, 1.19688804e-03,
       2.69299815e-03, 1.79533206e-03, 2.09455402e-03, 1.79533206e-03,
       8.97666032e-04, 2.99222011e-04, 8.97666032e-04, 2.99222011e-04,
       6.58288412e-03, 1.49611011e-03, 1.19688804e-03, 5.98444021e-04,
       1.49611011e-03, 5.98444021e-04, 2.99222011e-04, 0.,
       1.49611011e-03, 2.99222011e-04, 5.08677401e-03, 1.49611011e-03,
       3.59066413e-03, 1.19688804e-03, 8.97666032e-04, 2.99222011e-04,
       5.98444021e-04, 2.99222011e-04, 2.99222011e-04, 8.97666032e-04,
       3.29144206e-03, 8.97666032e-04, 1.19688804e-03, 5.68521814e-03,
       8.97666032e-04, 3.29144206e-03, 2.09455402e-03, 2.09455402e-03,
       1.49611011e-03, 1.19688804e-03, 5.98444021e-04, 1.49611011e-03,
       8.97666032e-04, 1.49611011e-03, 8.97666032e-04, 5.98444021e-04,
       1.79533206e-03, 8.97666032e-04, 1.19688804e-03, 5.98444021e-04,
       1.19688804e-03, 1.19688804e-03, 1.19688804e-03, 1.79533206e-03,
       1.49611011e-03, 5.98444021e-04, 2.39377609e-03, 7.18132826e-03,
       5.98444021e-04, 2.99222011e-04, 1.49611011e-03, 1.49611011e-03,
       1.79533206e-03, 2.99222011e-04, 3.29144206e-03, 1.19688804e-03,
       2.09455402e-03, 8.97666032e-04, 1.49611011e-03, 1.49611011e-03,
       1.19688804e-03, 8.97666032e-04, 1.19688804e-03, 1.79533206e-03,
       5.98444021e-04, 5.98444021e-04, 1.19688804e-03, 1.19688804e-03,
       2.99222011e-04, 2.99222011e-04, 1.19688804e-03, 2.99222011e-04,
       1.19688804e-03, 2.99222011e-04, 2.39377609e-03, 1.79533206e-03,
       8.97666032e-04, 1.49611011e-03, 2.99222022e-03, 5.98444021e-04,
       1.79533206e-03, 1.19688804e-03, 5.98444021e-04, 1.79533206e-03,
