%YAML:1.0
m50f: !!opencv-matrix
   rows: 1
   cols: 800
   dt: f
   data: [ 0., 3.46534653e-03, 0., 9.90099041e-04, 9.90099041e-04,
       2.47524772e-03, 2.47524772e-03, 1.98019808e-03, 9.90099087e-03,
       2.47524772e-03, 4.95049520e-04, 4.95049520e-04, 0.,
       9.90099041e-04, 4.95049520e-04, 2.47524772e-03, 4.95049520e-04,
       2.47524772e-03, 2.47524772e-03, 9.90099041e-04, 0.,
       1.98019808e-03, 9.90099041e-04, 1.48514856e-03, 4.95049520e-04,
       9.90099041e-04, 9.90099041e-04, 9.90099041e-04, 9.90099041e-04,
       1.98019808e-03, 2.47524772e-03, 9.90099041e-04, 1.98019808e-03,
       0., 9.90099041e-04, 2.47524772e-03, 4.95049520e-04,
       4.95049520e-04, 1.48514856e-03, 4.95049520e-04, 1.48514856e-03,
       9.90099041e-04, 4.95049520e-04, 4.95049544e-03, 9.90099041e-04,
       4.95049520e-04, 0., 0., 9.90099041e-04, 0., 0., 3.96039616e-03,
       9.90099041e-04, 4.95049520e-04, 0., 1.98019808e-03,
       9.90099041e-04, 4.95049520e-04, 9.90099041e-04, 4.95049520e-04,
       9.90099041e-04, 4.45544580e-03, 1.98019808e-03, 3.46534653e-03,
       0., 9.90099041e-04, 2.97029712e-03, 1.48514856e-03,
       4.95049520e-04, 2.47524772e-03, 4.95049520e-04, 4.95049520e-04,
       0., 2.97029712e-03, 9.90099041e-04, 4.95049520e-04,
       9.90099041e-04, 2.97029712e-03, 3.46534653e-03, 1.98019808e-03,
       0., 9.90099041e-04, 9.90099041e-04, 3.96039616e-03,
       4.45544580e-03, 1.98019808e-03, 1.48514856e-03, 1.48514856e-03,
       0., 2.97029712e-03, 1.48514856e-03, 0., 4.95049520e-04,
       1.48514856e-03, 4.95049520e-04, 1.98019808e-03, 3.46534653e-03,
       9.90099041e-04, 9.90099041e-04, 4.95049520e-04, 2.47524772e-03,
       1.48514856e-03, 0., 4.95049520e-04, 2.97029712e-03, 0., 0.,
       9.90099041e-04, 4.95049520e-04, 9.90099041e-04, 0., 0.,
       4.95049520e-04, 0., 2.97029712e-03, 0., 4.95049520e-04, 0.,
       4.95049520e-04, 2.97029712e-03, 9.90099041e-04, 0.,
       4.95049520e-04, 1.48514856e-03, 1.48514856e-03, 9.90099041e-04,
       9.90099041e-04, 1.48514856e-03, 0., 4.95049520e-04,
       9.90099041e-04, 7.92079233e-03, 0., 4.95049520e-04,
       1.48514856e-03, 0., 9.90099041e-04, 1.48514856e-03,
       1.48514856e-03, 4.95049520e-04, 1.98019808e-03, 9.90099041e-04,
       0., 1.98019808e-03, 3.46534653e-03, 0., 0., 9.90099041e-04,
       4.95049520e-04, 4.95049520e-04, 9.90099041e-04, 4.95049520e-04,
       1.48514856e-03, 3.46534653e-03, 4.95049520e-04, 4.95049520e-04,
       1.48514856e-03, 1.98019808e-03, 4.95049520e-04, 1.98019808e-03,
       2.97029712e-03, 0., 4.95049520e-04, 0., 1.98019808e-03,
       1.48514856e-03, 4.95049520e-04, 9.90099041e-04, 4.95049520e-04,
       9.90099041e-04, 0., 1.98019808e-03, 4.95049520e-04,
       4.95049520e-04, 1.98019808e-03, 4.95049520e-04, 9.90099041e-04,
       2.97029712e-03, 9.90099041e-04, 9.90099041e-04, 0.,
       1.98019808e-03, 2.97029712e-03, 9.90099041e-04, 1.48514856e-03,
       9.90099041e-04, 1.48514856e-03, 1.98019808e-03, 1.48514856e-03,
       0., 4.95049520e-04, 9.90099041e-04, 0., 4.95049520e-04,
       4.95049520e-04, 4.95049520e-04, 4.95049520e-04, 0.,
       1.48514856e-03, 9.90099041e-04, 4.95049520e-04, 1.48514856e-03,
       4.95049520e-04, 4.95049520e-04, 4.95049520e-04, 1.98019808e-03,
       1.98019808e-03, 1.48514856e-03, 9.90099041e-04, 2.47524772e-03,
       0., 1.98019808e-03, 3.46534653e-03, 4.95049520e-04, 0., 0.,
       5.94059424e-03, 0., 2.97029712e-03, 9.90099041e-04, 0.,
       2.97029712e-03, 3.46534653e-03, 9.90099041e-04, 9.90099041e-04,
       1.48514856e-03, 4.95049520e-04, 0., 4.95049520e-04,
       9.90099041e-04, 4.95049520e-04, 4.95049520e-04, 2.47524772e-03,
       9.90099041e-04, 9.90099041e-04, 4.95049520e-04, 4.95049520e-04,
       2.47524772e-03, 0., 6.43564388e-03, 0., 9.90099041e-04,
       2.47524772e-03, 9.90099041e-04, 4.95049520e-04, 2.97029712e-03,
       1.98019808e-03, 1.98019808e-03, 4.95049520e-04, 1.98019808e-03,
       0., 9.90099041e-04, 0., 4.95049520e-04, 9.90099041e-04,
       4.45544580e-03, 2.47524772e-03, 0., 3.96039616e-03,
       3.46534653e-03, 1.48514856e-03, 1.98019808e-03, 9.90099041e-04,
       0., 9.90099041e-04, 1.48514856e-03, 3.96039616e-03, 0.,
       2.97029712e-03, 9.90099041e-04, 1.48514856e-03, 4.95049520e-04,
       1.48514856e-03, 4.95049520e-04, 2.97029712e-03, 9.90099041e-04,
       9.90099041e-04, 9.90099041e-04, 9.90099041e-04, 4.95049520e-04,
       1.48514856e-03, 9.90099041e-04, 9.90099041e-04, 4.95049520e-04,
       9.90099041e-04, 9.90099041e-04, 9.90099041e-04, 0., 0.,
       1.48514856e-03, 1.48514856e-03, 4.95049520e-04, 9.90099041e-04,
       1.98019808e-03, 1.18811885e-02, 1.98019808e-03, 0., 0.,
       4.95049520e-04, 1.98019808e-03, 4.95049520e-04, 4.95049520e-04,
       4.95049520e-04, 0., 4.95049520e-04, 0., 9.90099041e-04,
       2.47524772e-03, 9.90099041e-04, 1.48514856e-03, 2.97029712e-03,
       9.90099041e-04, 9.90099041e-04, 1.98019808e-03, 4.95049520e-04,
       1.48514856e-03, 9.90099041e-04, 0., 1.48514856e-03,
       4.95049520e-04, 9.90099041e-04, 0., 1.48514856e-03,
       4.95049520e-04, 9.40594077e-03, 1.48514856e-03, 0.,
       1.98019808e-03, 2.97029712e-03, 9.90099041e-04, 4.95049520e-04,
       1.48514856e-03, 4.95049520e-04, 9.90099041e-04, 1.98019808e-03,
       9.90099041e-04, 9.90099041e-04, 3.46534653e-03, 4.95049520e-04,
       9.90099041e-04, 1.48514856e-03, 0., 4.95049520e-04,
       1.98019808e-03, 0., 0., 4.95049520e-04, 2.47524772e-03,
       2.47524772e-03, 4.95049520e-04, 4.95049520e-04, 4.95049520e-04,
       4.95049520e-04, 0., 9.90099041e-04, 4.95049520e-04,
       2.47524772e-03, 2.97029712e-03, 2.97029712e-03, 0., 0.,
       4.95049520e-04, 2.47524772e-03, 4.95049520e-04, 9.90099041e-04,
       4.95049520e-04, 0., 2.47524772e-03, 9.90099041e-04,
       4.95049520e-04, 1.48514856e-03, 2.47524772e-03, 1.98019808e-03,
       9.90099041e-04, 9.90099041e-04, 0., 4.95049520e-04,
       1.48514856e-03, 2.97029712e-03, 1.48514856e-03, 1.48514856e-03,
       9.90099041e-04, 3.96039616e-03, 0., 2.47524772e-03,
       1.98019808e-03, 2.97029712e-03, 2.47524772e-03, 4.95049520e-04,
       4.95049520e-04, 9.90099041e-04, 1.48514856e-03, 1.03960400e-02,
       4.95049520e-04, 0., 1.48514856e-03, 2.47524772e-03,
       1.48514856e-03, 4.95049520e-04, 3.96039616e-03, 9.90099041e-04,
       0., 2.97029712e-03, 0., 9.90099041e-04, 0., 1.48514856e-03,
       3.46534653e-03, 0., 1.48514856e-03, 5.44554461e-03,
       4.95049520e-04, 2.47524772e-03, 0., 4.95049520e-04, 0.,
       9.90099041e-04, 0., 1.98019808e-03, 0., 0., 4.95049520e-04,
       9.90099041e-04, 4.95049520e-04, 9.90099041e-04, 9.90099041e-04,
       4.95049520e-04, 9.90099041e-04, 2.47524772e-03, 4.95049520e-04,
       0., 4.95049520e-04, 0., 0., 0., 2.47524772e-03, 4.95049520e-04,
       1.98019808e-03, 0., 1.48514856e-03, 4.95049520e-04, 0.,
       1.98019808e-03, 4.95049520e-04, 1.48514856e-03, 2.47524772e-03,
       4.95049520e-04, 5.44554461e-03, 1.48514856e-03, 4.95049520e-04,
       1.98019808e-03, 2.97029712e-03, 3.46534653e-03, 9.90099041e-04,
       1.48514856e-03, 9.90099041e-04, 0., 0., 4.95049520e-04,
       1.48514856e-03, 9.90099041e-04, 9.90099041e-04, 9.90099041e-04,
       9.90099041e-04, 4.95049520e-04, 3.96039616e-03, 4.95049520e-04,
       2.97029712e-03, 4.95049520e-04, 4.95049520e-04, 1.48514856e-03,
       0., 0., 1.98019808e-03, 4.95049520e-04, 0., 1.48514856e-03, 0.,
       9.90099041e-04, 4.45544580e-03, 2.97029712e-03, 9.90099041e-04,
       0., 9.90099041e-04, 3.46534653e-03, 4.95049520e-04,
       4.95049520e-04, 1.48514856e-03, 4.95049520e-04, 1.98019808e-03,
       3.46534653e-03, 0., 9.90099041e-04, 1.48514856e-03,
       4.95049520e-04, 0., 1.48514856e-03, 2.47524772e-03,
       9.90099041e-04, 0., 9.90099041e-04, 0., 0., 1.98019808e-03,
       9.90099041e-04, 2.47524772e-03, 9.90099041e-04, 4.95049520e-04,
       1.98019808e-03, 5.94059424e-03, 1.48514856e-03, 5.94059424e-03,
