%YAML:1.0
m50f: !!opencv-matrix
   rows: 1
   cols: 800
   dt: f
   data: [ 6.79347839e-04, 1.01902173e-03, 3.39673919e-04,
       6.79347839e-04, 3.39673919e-04, 1.01902173e-03, 4.07608692e-03,
       6.79347839e-04, 3.39673919e-04, 3.39673919e-04, 1.69836963e-03,
       3.39673925e-03, 1.01902173e-03, 1.01902173e-03, 2.37771752e-03,
       2.03804346e-03, 6.79347839e-04, 1.01902173e-03, 1.01902173e-03,
       2.03804346e-03, 1.01902173e-03, 1.01902173e-03, 6.79347839e-04,
       1.35869568e-03, 4.07608692e-03, 2.03804346e-03, 1.01902173e-03,
       2.03804346e-03, 0., 6.79347839e-04, 1.35869568e-03,
       2.37771752e-03, 1.01902173e-03, 6.79347839e-04, 1.69836963e-03,
       1.69836963e-03, 3.39673919e-04, 1.35869568e-03, 1.01902173e-03,
       6.79347839e-04, 6.79347839e-04, 5.09510888e-03, 6.79347839e-04,
       1.35869568e-03, 3.05706519e-03, 1.01902173e-03, 1.69836963e-03,
       6.79347839e-04, 2.03804346e-03, 2.37771752e-03, 1.69836963e-03,
       6.79347839e-04, 1.69836963e-03, 1.69836963e-03, 3.39673919e-04,
       1.01902173e-03, 2.03804346e-03, 1.35869568e-03, 3.39673919e-04,
       3.39673919e-04, 6.79347839e-04, 1.69836963e-03, 3.05706519e-03,
       6.79347839e-04, 6.79347839e-04, 6.79347839e-04, 6.79347839e-04,
       1.01902173e-03, 2.03804346e-03, 2.71739135e-03, 4.07608692e-03,
       1.69836963e-03, 1.69836963e-03, 1.01902173e-03, 1.01902173e-03,
       1.35869568e-03, 1.69836963e-03, 1.69836963e-03, 1.01902173e-03,
       6.79347839e-04, 1.35869568e-03, 1.01902173e-03, 0.,
       3.39673919e-04, 1.01902173e-03, 3.73641308e-03, 1.69836963e-03,
       3.39673919e-04, 2.71739135e-03, 2.71739135e-03, 6.79347839e-04,
       0., 6.79347839e-04, 1.01902173e-03, 3.39673919e-04,
       1.69836963e-03, 2.03804346e-03, 1.01902173e-03, 6.79347839e-04,
       1.35869568e-03, 3.39673919e-04, 3.39673919e-04, 2.03804346e-03,
       6.79347839e-04, 1.01902173e-03, 1.01902173e-03, 3.39673919e-04,
       6.79347839e-04, 3.39673919e-04, 3.39673919e-04, 2.03804346e-03,
       1.69836963e-03, 1.35869568e-03, 6.79347839e-04, 1.35869568e-03,
       3.39673919e-04, 1.35869568e-03, 1.35869568e-03, 3.73641308e-03,
       3.73641308e-03, 0., 6.79347839e-04, 1.01902173e-03,
       1.35869568e-03, 3.39673919e-04, 1.35869568e-03, 2.03804346e-03,
       1.01902173e-03, 2.37771752e-03, 2.37771752e-03, 2.03804346e-03,
       1.69836963e-03, 0., 6.79347839e-04, 6.79347839e-04,
       5.77445654e-03, 1.69836963e-03, 6.79347839e-04, 2.37771752e-03,
       1.35869568e-03, 0., 3.73641308e-03, 6.79347839e-04,
       3.39673925e-03, 1.69836963e-03, 1.35869568e-03, 3.39673919e-04,
       3.39673919e-04, 6.79347839e-04, 3.39673919e-04, 3.39673919e-04,
       1.01902173e-03, 1.35869568e-03, 2.03804346e-03, 2.37771752e-03,
       1.69836963e-03, 2.03804346e-03, 6.79347839e-04, 6.79347839e-04,
       0., 3.39673919e-04, 2.03804346e-03, 1.01902173e-03,
       2.37771752e-03, 1.35869568e-03, 1.35869568e-03, 2.37771752e-03,
       3.39673919e-04, 1.01902173e-03, 1.01902173e-03, 2.37771752e-03,
       1.35869568e-03, 0., 1.01902173e-03, 3.39673919e-04,
       3.39673919e-04, 3.39673919e-04, 4.07608692e-03, 6.79347839e-04,
       2.37771752e-03, 3.39673919e-04, 2.71739135e-03, 2.37771752e-03,
       6.79347839e-04, 2.71739135e-03, 2.37771752e-03, 3.39673919e-04,
       1.01902173e-03, 1.69836963e-03, 0., 2.03804346e-03,
       3.39673925e-03, 3.05706519e-03, 1.01902173e-03, 0.,
       1.69836963e-03, 3.39673919e-04, 6.79347839e-04, 3.39673919e-04,
       3.39673919e-04, 1.01902173e-03, 3.39673919e-04, 3.73641308e-03,
       1.69836963e-03, 0., 2.71739135e-03, 1.35869568e-03,
       1.01902173e-03, 1.01902173e-03, 1.35869568e-03, 6.79347839e-04,
       0., 3.39673925e-03, 6.79347839e-04, 2.37771752e-03,
       3.39673919e-04, 2.37771752e-03, 1.01902173e-03, 6.79347839e-04,
       3.39673919e-04, 6.79347839e-04, 2.37771752e-03, 1.01902173e-03,
       1.01902173e-03, 6.79347839e-04, 2.37771752e-03, 1.69836963e-03,
       3.05706519e-03, 6.79347839e-04, 2.71739135e-03, 1.35869568e-03,
       1.01902173e-03, 2.03804346e-03, 3.05706519e-03, 2.71739135e-03,
       6.79347839e-04, 2.37771752e-03, 2.37771752e-03, 3.39673919e-04,
       1.01902173e-03, 1.69836963e-03, 0., 1.35869568e-03,
       4.07608692e-03, 0., 1.01902173e-03, 6.79347850e-03,
       1.69836963e-03, 6.79347839e-04, 6.79347839e-04, 1.35869568e-03,
       6.79347839e-04, 1.35869568e-03, 1.01902173e-03, 2.03804346e-03,
       6.79347839e-04, 2.03804346e-03, 1.35869568e-03, 1.35869568e-03,
       1.01902173e-03, 3.05706519e-03, 1.01902173e-03, 1.01902173e-03,
       2.71739135e-03, 3.39673919e-04, 6.79347839e-04, 1.35869568e-03,
       6.79347850e-03, 6.79347839e-04, 6.79347839e-04, 2.37771752e-03,
       2.03804346e-03, 1.69836963e-03, 1.69836963e-03, 1.01902173e-03,
       2.03804346e-03, 6.79347839e-04, 2.71739135e-03, 1.35869568e-03,
       1.69836963e-03, 3.73641308e-03, 1.01902173e-03, 1.35869568e-03,
       1.01902173e-03, 2.03804346e-03, 2.37771752e-03, 1.69836963e-03,
       6.79347839e-04, 1.35869568e-03, 1.35869568e-03, 2.37771752e-03,
       1.69836963e-03, 0., 0., 1.35869568e-03, 0., 1.35869568e-03,
       1.69836963e-03, 1.69836963e-03, 1.01902173e-03, 1.01902173e-03,
       3.39673919e-04, 1.35869568e-03, 1.01902173e-03, 2.37771752e-03,
       2.71739135e-03, 1.01902173e-03, 1.01902173e-03, 3.39673919e-04,
       6.79347839e-04, 1.01902173e-03, 3.39673919e-04, 6.79347839e-04,
       3.39673919e-04, 3.39673919e-04, 1.35869568e-03, 3.39673919e-04,
       3.39673919e-04, 6.79347839e-04, 6.79347839e-04, 3.39673919e-04,
       1.35869568e-03, 2.71739135e-03, 1.35869568e-03, 3.39673919e-04,
       6.79347839e-04, 1.01902173e-03, 3.39673919e-04, 3.39673919e-04,
       1.69836963e-03, 6.79347839e-04, 2.37771752e-03, 2.37771752e-03,
       4.75543505e-03, 3.39673919e-04, 1.01902173e-03, 3.39673919e-04,
       1.01902173e-03, 6.79347839e-04, 3.39673919e-04, 5.09510888e-03,
       3.39673919e-04, 3.73641308e-03, 3.39673919e-04, 2.71739135e-03,
       2.03804346e-03, 0., 1.35869568e-03, 2.71739135e-03,
       2.37771752e-03, 0., 0., 6.79347839e-04, 1.69836963e-03,
       2.71739135e-03, 1.69836963e-03, 1.69836963e-03, 2.03804346e-03,
       1.35869568e-03, 1.35869568e-03, 2.03804346e-03, 0.,
       1.01902173e-03, 1.01902173e-03, 3.39673919e-04, 6.79347839e-04,
       6.79347839e-04, 0., 1.69836963e-03, 1.01902173e-03,
       1.01902173e-03, 0., 1.35869568e-03, 1.35869568e-03,
       6.79347839e-04, 6.79347839e-04, 1.35869568e-03, 3.39673919e-04,
       1.01902173e-03, 6.79347839e-04, 4.07608692e-03, 1.35869568e-03,
       3.39673919e-04, 6.79347839e-04, 2.03804346e-03, 1.35869568e-03,
       1.01902173e-03, 6.79347839e-04, 2.71739135e-03, 0.,
       3.05706519e-03, 3.39673925e-03, 2.37771752e-03, 6.79347839e-04,
       6.79347839e-04, 6.79347839e-04, 3.39673919e-04, 1.35869568e-03,
       0., 2.37771752e-03, 2.37771752e-03, 2.03804346e-03,
       2.37771752e-03, 6.79347839e-04, 1.69836963e-03, 1.01902173e-03,
       3.39673919e-04, 1.35869568e-03, 6.79347839e-04, 1.01902173e-03,
       6.79347850e-03, 2.03804346e-03, 6.79347839e-04, 1.35869568e-03,
       2.03804346e-03, 4.07608692e-03, 3.39673919e-04, 0.,
       2.37771752e-03, 3.39673919e-04, 1.01902173e-03, 0.,
       2.03804346e-03, 1.01902173e-03, 2.37771752e-03, 0.,
       3.39673919e-04, 1.01902173e-03, 3.73641308e-03, 1.69836963e-03,
       3.39673919e-04, 1.69836963e-03, 1.35869568e-03, 0.,
       1.01902173e-03, 3.39673919e-04, 1.01902173e-03, 1.01902173e-03,
       6.79347839e-04, 3.39673919e-04, 1.35869568e-03, 3.39673919e-04,
       3.05706519e-03, 6.79347839e-04, 1.35869568e-03, 6.79347839e-04,
       1.01902173e-03, 6.79347839e-04, 6.79347839e-04, 1.01902173e-03,
       3.39673919e-04, 2.37771752e-03, 1.01902173e-03, 2.03804346e-03,
       1.01902173e-03, 1.69836963e-03, 6.79347839e-04, 2.03804346e-03,
       1.35869568e-03, 1.69836963e-03, 0., 6.79347839e-04, 0.,
       1.35869568e-03, 3.39673919e-04, 6.79347839e-04, 6.79347839e-04,
