%YAML:1.0
m50f: !!opencv-matrix
   rows: 1
   cols: 800
   dt: f
   data: [ 0., 6.50759228e-03, 1.08459871e-03, 1.62689807e-03,
       2.16919743e-03, 0., 5.42299356e-04, 2.16919743e-03,
       1.62689807e-03, 2.16919743e-03, 1.08459871e-03, 1.08459871e-03,
       0., 1.08459871e-03, 5.42299356e-04, 4.88069421e-03, 0.,
       5.42299356e-04, 1.62689807e-03, 5.42299356e-04, 5.42299356e-04,
       5.42299356e-04, 3.25379614e-03, 1.62689807e-03, 5.42299356e-04,
       0., 5.42299356e-04, 5.42299356e-04, 1.08459871e-03,
       3.79609549e-03, 1.62689807e-03, 1.08459871e-03, 5.42299356e-04,
       1.62689807e-03, 1.08459871e-03, 1.08459871e-03, 1.62689807e-03,
       1.08459871e-03, 0., 2.71149678e-03, 0., 1.62689807e-03, 0.,
       1.62689807e-03, 1.62689807e-03, 5.42299356e-04, 0.,
       4.33839485e-03, 1.08459871e-03, 5.42299356e-04, 1.08459871e-03,
       1.08459871e-03, 2.16919743e-03, 1.62689807e-03, 1.08459871e-03,
       1.62689807e-03, 3.79609549e-03, 0., 0., 2.16919743e-03,
       2.71149678e-03, 2.16919743e-03, 1.08459871e-03, 5.42299356e-03,
       0., 2.16919743e-03, 6.50759228e-03, 1.62689807e-03,
       5.42299356e-04, 0., 0., 0., 1.62689807e-03, 1.08459871e-03, 0.,
       1.08459871e-03, 9.21908952e-03, 1.08459871e-03, 3.25379614e-03,
       1.08459871e-03, 5.42299356e-04, 5.42299356e-04, 1.08459871e-03,
       1.08459871e-03, 3.79609549e-03, 1.62689807e-03, 5.42299356e-04,
       5.42299356e-03, 1.08459871e-03, 2.16919743e-03, 5.42299356e-04,
       0., 1.08459871e-03, 1.08459871e-03, 0., 2.71149678e-03,
       1.08459871e-03, 5.42299356e-04, 1.62689807e-03, 5.42299356e-04,
       5.42299356e-04, 0., 1.08459871e-03, 1.62689807e-03,
       7.04989163e-03, 0., 2.16919743e-03, 5.42299356e-04,
       1.62689807e-03, 0., 0., 5.42299356e-04, 1.62689807e-03, 0.,
       2.71149678e-03, 1.62689807e-03, 1.08459871e-03, 0.,
       1.08459871e-03, 1.08459871e-03, 5.42299356e-04, 1.08459871e-03,
       1.08459871e-03, 3.25379614e-03, 1.62689807e-03, 1.62689807e-03,
       5.42299356e-04, 1.08459871e-03, 5.42299356e-04, 5.42299356e-04,
       2.16919743e-03, 3.25379614e-03, 5.42299356e-04, 1.08459871e-03,
       1.08459871e-03, 0., 5.42299356e-04, 5.42299356e-04,
       1.08459871e-03, 5.42299356e-04, 0., 1.08459871e-03,
       1.08459871e-03, 5.42299356e-04, 1.08459871e-03, 0.,
       1.62689807e-03, 5.42299356e-04, 1.62689807e-03, 5.42299356e-04,
       0., 5.42299356e-04, 3.79609549e-03, 1.08459871e-03,
       2.16919743e-03, 1.08459871e-03, 1.62689807e-03, 7.59219099e-03,
       1.08459871e-03, 0., 2.16919743e-03, 5.42299356e-04,
       5.42299356e-04, 0., 1.08459871e-03, 1.62689807e-03,
       5.42299356e-04, 1.08459871e-03, 1.08459871e-03, 2.16919743e-03,
       4.33839485e-03, 1.08459871e-03, 0., 1.08459871e-03, 0., 0.,
       1.08459871e-03, 1.08459871e-03, 5.42299356e-04, 3.25379614e-03,
       5.42299356e-04, 2.71149678e-03, 2.71149678e-03, 2.71149678e-03,
       1.08459871e-03, 5.42299356e-04, 3.79609549e-03, 1.08459871e-03,
       5.42299356e-04, 0., 0., 1.08459871e-03, 0., 2.16919743e-03,
       2.71149678e-03, 1.08459871e-03, 1.62689807e-03, 1.08459871e-03,
       2.16919743e-03, 5.42299356e-04, 5.42299356e-04, 5.42299356e-04,
       1.08459871e-03, 0., 2.16919743e-03, 0., 2.71149678e-03,
       2.16919743e-03, 1.08459871e-03, 1.08459871e-03, 5.42299356e-04,
       1.62689807e-03, 5.42299356e-04, 0., 5.42299356e-04,
       5.42299356e-04, 5.42299356e-03, 5.42299356e-04, 5.42299356e-03,
       0., 1.08459871e-03, 2.71149678e-03, 5.42299356e-04,
       2.71149678e-03, 1.08459871e-03, 0., 0., 5.42299356e-04,
       1.08459871e-03, 2.16919743e-03, 0., 0., 5.42299356e-04, 0.,
       1.08459871e-03, 1.08459871e-03, 0., 1.08459871e-03, 0., 0.,
       1.08459871e-03, 3.25379614e-03, 1.08459871e-03, 0.,
       1.62689807e-03, 1.62689807e-03, 6.50759228e-03, 1.62689807e-03,
       0., 1.08459871e-03, 1.08459871e-03, 1.08459871e-03,
       1.08459871e-03, 1.08459871e-03, 5.42299356e-04, 1.08459871e-03,
       1.62689807e-03, 5.42299356e-04, 5.42299356e-04, 2.71149678e-03,
       5.42299356e-04, 2.16919743e-03, 5.42299356e-03, 0.,
       5.42299356e-04, 5.42299356e-04, 3.79609549e-03, 5.42299356e-04,
       0., 1.08459871e-03, 0., 5.42299356e-04, 0., 5.42299356e-04,
       1.08459871e-03, 1.08459871e-03, 1.08459871e-03, 2.16919743e-03,
       1.62689807e-03, 0., 2.16919743e-03, 1.08459871e-03,
       5.42299356e-04, 1.08459871e-03, 5.42299356e-04, 0.,
       1.62689807e-03, 1.62689807e-03, 1.08459871e-03, 0., 0., 0.,
       5.42299356e-04, 5.42299356e-04, 9.76138841e-03, 5.42299356e-04,
       1.62689807e-03, 5.42299356e-04, 1.08459871e-03, 3.25379614e-03,
       5.42299356e-04, 2.16919743e-03, 5.42299356e-04, 0.,
       5.42299356e-04, 5.42299356e-04, 2.71149678e-03, 0.,
       5.42299356e-04, 3.25379614e-03, 3.79609549e-03, 5.42299356e-04,
       1.08459871e-03, 0., 2.16919743e-03, 0., 1.08459871e-03, 0.,
       1.62689807e-03, 5.42299356e-04, 0., 1.62689807e-03,
       1.62689807e-03, 1.08459871e-03, 4.33839485e-03, 1.08459871e-03,
       5.42299356e-04, 0., 1.62689807e-03, 5.42299356e-04, 0.,
       7.04989163e-03, 5.42299356e-04, 5.42299356e-04, 3.79609549e-03,
       1.08459871e-03, 5.42299356e-03, 0., 0., 5.42299356e-04, 0.,
       5.42299356e-04, 1.62689807e-03, 1.62689807e-03, 1.08459871e-03,
       1.62689807e-03, 1.62689807e-03, 0., 0., 5.42299356e-04,
       3.25379614e-03, 1.62689807e-03, 0., 0., 5.42299356e-04, 0.,
       1.08459871e-03, 3.79609549e-03, 2.16919743e-03, 2.71149678e-03,
       0., 0., 1.08459871e-03, 0., 1.08459871e-03, 1.62689807e-03, 0.,
       2.71149678e-03, 1.62689807e-03, 0., 1.08459871e-03, 0.,
       1.08459871e-03, 5.42299356e-04, 0., 5.42299356e-04,
       1.08459871e-03, 5.42299356e-04, 1.08459871e-03, 1.62689807e-03,
       1.08459871e-03, 5.42299356e-04, 2.71149678e-03, 0.,
       5.42299356e-04, 1.08459871e-03, 5.42299356e-04, 1.08459871e-03,
       2.16919743e-03, 0., 1.08459871e-03, 1.62689807e-03,
       1.62689807e-03, 2.16919743e-03, 5.42299356e-04, 5.42299356e-03,
       4.33839485e-03, 1.62689807e-03, 5.42299356e-04, 2.71149678e-03,
       5.42299356e-04, 0., 2.16919743e-03, 0., 1.08459871e-03,
       1.62689807e-03, 2.71149678e-03, 5.42299356e-04, 5.42299356e-04,
       1.08459871e-03, 4.33839485e-03, 5.42299356e-04, 0.,
       1.62689807e-03, 5.42299356e-04, 0., 0., 1.62689807e-03,
       5.42299356e-04, 5.42299356e-04, 1.08459871e-03, 0.,
       1.08459871e-03, 0., 0., 1.08459871e-03, 0., 5.42299356e-04,
       1.62689807e-03, 1.62689807e-03, 0., 0., 0., 1.08459871e-03, 0.,
       6.50759228e-03, 1.62689807e-03, 2.71149678e-03, 5.42299356e-04,
       5.42299356e-04, 0., 0., 1.08459871e-03, 0., 1.08459871e-03,
       1.08459871e-03, 1.62689807e-03, 1.62689807e-03, 5.42299356e-04,
       0., 5.42299356e-04, 1.62689807e-03, 5.42299356e-04,
       1.08459871e-03, 5.42299356e-04, 2.16919743e-03, 3.79609549e-03,
       0., 5.42299356e-04, 3.79609549e-03, 0., 2.71149678e-03,
       5.42299356e-04, 5.42299356e-04, 1.08459871e-03, 2.71149678e-03,
       0., 0., 0., 0., 1.62689807e-03, 0., 0., 0., 1.08459871e-03,
       1.62689807e-03, 1.08459871e-03, 5.42299356e-04, 1.08459871e-03,
       2.71149678e-03, 3.25379614e-03, 5.42299356e-04, 0., 0.,
       2.71149678e-03, 1.08459871e-03, 0., 0., 5.42299356e-04,
       1.08459871e-03, 5.42299356e-04, 5.42299356e-04, 1.08459871e-03,
       0., 2.71149678e-03, 0., 1.08459871e-03, 4.88069421e-03,
       1.62689807e-03, 1.08459871e-03, 0., 0., 1.08459871e-03,
       4.33839485e-03, 2.16919743e-03, 0., 1.08459871e-03,
       1.08459871e-03, 3.79609549e-03, 3.79609549e-03, 1.62689807e-03,
       5.42299356e-04, 5.42299356e-04, 2.16919743e-03, 1.08459871e-03,
       0., 5.42299356e-04, 0., 1.08459871e-03, 1.08459871e-03,
       5.42299356e-04, 5.42299356e-04, 1.62689807e-03, 3.25379614e-03,
       5.42299356e-04, 5.42299356e-04, 5.42299356e-04, 2.16919743e-03,
       1.62689807e-03, 3.25379614e-03, 0., 5.42299356e-04, 0.,
