%YAML:1.0
m50f: !!opencv-matrix
   rows: 1
   cols: 800
   dt: f
   data: [ 9.56022937e-04, 4.78011469e-04, 4.30210307e-03,
       4.78011469e-04, 2.39005731e-03, 0., 1.91204587e-03,
       1.43403444e-03, 0., 1.43403444e-03, 1.91204587e-03,
       9.56022937e-04, 4.78011469e-04, 4.78011469e-04, 2.86806887e-03,
       4.78011469e-04, 1.91204587e-03, 4.78011469e-04, 4.78011469e-04,
       4.78011469e-04, 1.91204587e-03, 2.39005731e-03, 1.43403444e-03,
       2.39005731e-03, 4.78011469e-04, 0., 3.34608019e-03,
       1.91204587e-03, 1.91204587e-03, 3.34608019e-03, 4.78011469e-04,
       0., 2.86806887e-03, 2.39005731e-03, 4.78011469e-04,
       2.39005731e-03, 1.91204587e-03, 1.43403444e-03, 1.43403444e-03,
       4.78011469e-04, 1.43403444e-03, 4.78011469e-04, 1.91204587e-03,
       4.78011469e-04, 9.56022937e-04, 1.43403444e-03, 9.56022937e-04,
       1.91204587e-03, 0., 9.56022937e-04, 1.91204587e-03,
       4.78011469e-04, 2.86806887e-03, 0., 4.78011469e-04, 0.,
       4.78011469e-04, 9.56022937e-04, 2.86806887e-03, 9.56022937e-04,
       4.78011469e-04, 4.78011469e-04, 9.56022937e-04, 2.39005731e-03,
       2.39005731e-03, 0., 5.73613774e-03, 4.30210307e-03,
       4.78011469e-04, 0., 9.56022937e-04, 9.56022937e-04,
       9.56022937e-04, 0., 9.56022937e-04, 4.78011469e-04, 0., 0.,
       9.56022937e-04, 9.56022937e-04, 9.56022937e-04, 1.43403444e-03,
       9.56022937e-04, 9.56022937e-04, 0., 4.78011469e-04, 0.,
       9.56022937e-04, 1.91204587e-03, 0., 0., 0., 0., 4.78011469e-04,
       4.78011469e-04, 2.86806887e-03, 2.39005731e-03, 1.43403444e-03,
       3.34608019e-03, 0., 1.91204587e-03, 1.91204587e-03, 0.,
       1.91204587e-03, 0., 2.39005731e-03, 1.43403444e-03, 0.,
       1.43403444e-03, 1.43403444e-03, 9.56022937e-04, 4.78011469e-04,
       1.91204587e-03, 1.43403444e-03, 9.56022937e-04, 1.91204587e-03,
       2.39005731e-03, 2.86806887e-03, 1.43403444e-03, 1.43403444e-03,
       0., 4.78011469e-04, 3.82409175e-03, 9.56022937e-04, 0., 0.,
       2.86806887e-03, 1.43403444e-03, 1.43403444e-03, 0., 0.,
       4.78011469e-04, 2.39005731e-03, 1.91204587e-03, 9.56022937e-04,
       0., 4.78011469e-04, 4.78011469e-04, 9.56022937e-04,
       4.78011469e-04, 2.39005731e-03, 2.39005731e-03, 9.56022937e-04,
       4.78011469e-04, 2.86806887e-03, 4.78011469e-04, 1.91204587e-03,
       1.43403444e-03, 0., 1.91204587e-03, 0., 0., 2.39005731e-03,
       9.56022937e-04, 4.78011469e-04, 0., 0., 4.78011469e-04,
       4.78011469e-04, 0., 4.30210307e-03, 4.30210307e-03,
       1.43403444e-03, 1.43403444e-03, 9.56022937e-04, 4.78011463e-03,
       0., 1.91204587e-03, 2.39005731e-03, 0., 1.91204587e-03,
       9.56022937e-04, 2.86806887e-03, 0., 9.56022937e-04, 0.,
       4.78011469e-04, 2.86806887e-03, 3.82409175e-03, 4.78011469e-04,
       1.91204587e-03, 9.56022937e-04, 9.56022937e-04, 1.43403444e-03,
       2.39005731e-03, 4.78011469e-04, 9.56022937e-04, 0., 0.,
       9.56022937e-04, 9.56022937e-04, 0., 3.34608019e-03,
       2.86806887e-03, 9.56022937e-04, 2.86806887e-03, 1.43403444e-03,
       9.56022937e-04, 9.56022937e-04, 2.86806887e-03, 2.39005731e-03,
       4.78011469e-04, 9.56022937e-04, 9.56022937e-04, 1.43403444e-03,
       9.56022937e-04, 9.56022937e-04, 2.39005731e-03, 0.,
       4.78011469e-04, 1.43403444e-03, 9.56022937e-04, 0., 0.,
       1.43403444e-03, 2.86806887e-03, 1.91204587e-03, 9.56022937e-04,
       4.78011469e-04, 4.78011469e-04, 9.56022937e-04, 6.21414930e-03,
       0., 4.78011469e-04, 3.34608019e-03, 1.43403444e-03, 0., 0.,
       9.56022937e-04, 9.56022937e-04, 0., 2.39005731e-03,
       4.78011469e-04, 1.91204587e-03, 1.91204587e-03, 2.39005731e-03,
       9.56022937e-04, 2.39005731e-03, 0., 0., 9.56022937e-04,
       3.34608019e-03, 1.43403444e-03, 4.30210307e-03, 1.43403444e-03,
       4.78011469e-04, 9.56022937e-04, 1.91204587e-03, 4.78011469e-04,
       0., 2.39005731e-03, 9.56022937e-04, 0., 1.91204587e-03,
       9.56022937e-04, 2.86806887e-03, 1.43403444e-03, 2.86806887e-03,
       2.86806887e-03, 0., 2.86806887e-03, 1.43403444e-03, 0.,
       4.30210307e-03, 4.78011469e-04, 4.78011469e-04, 1.43403444e-03,
       4.78011469e-04, 0., 4.78011469e-04, 1.43403444e-03,
       4.78011469e-04, 0., 4.78011469e-04, 4.78011469e-04, 0., 0.,
       3.34608019e-03, 4.78011469e-04, 3.34608019e-03, 9.56022937e-04,
       1.91204587e-03, 9.56022937e-04, 4.78011469e-04, 9.56022937e-04,
       9.56022937e-04, 0., 9.56022937e-04, 0., 3.82409175e-03,
       1.43403444e-03, 1.91204587e-03, 0., 0., 1.91204587e-03,
       2.39005731e-03, 1.91204587e-03, 1.43403444e-03, 1.43403444e-03,
       4.78011469e-04, 9.56022937e-04, 1.91204587e-03, 1.91204587e-03,
       1.43403444e-03, 2.39005731e-03, 4.78011469e-04, 0.,
       4.78011469e-04, 1.43403444e-03, 0., 4.30210307e-03,
       2.86806887e-03, 4.78011469e-04, 4.78011469e-04, 4.78011469e-04,
       1.91204587e-03, 4.78011469e-04, 2.39005731e-03, 9.56022937e-04,
       3.82409175e-03, 4.78011469e-04, 1.43403444e-03, 1.43403444e-03,
       1.43403444e-03, 2.39005731e-03, 1.43403444e-03, 9.56022937e-04,
       0., 1.91204587e-03, 4.78011469e-04, 1.43403444e-03, 0.,
       4.78011469e-04, 1.91204587e-03, 0., 4.78011469e-04,
       4.30210307e-03, 9.56022937e-04, 2.86806887e-03, 0.,
       9.56022937e-04, 4.78011469e-04, 2.39005731e-03, 1.43403444e-03,
       9.56022937e-04, 1.43403444e-03, 9.56022937e-04, 2.86806887e-03,
       2.39005731e-03, 9.56022937e-04, 0., 1.91204587e-03, 0.,
       9.56022937e-04, 2.86806887e-03, 9.56022937e-04, 0.,
       1.91204587e-03, 1.43403444e-03, 9.56022937e-04, 3.82409175e-03,
       1.43403444e-03, 9.56022937e-04, 1.91204587e-03, 9.56022937e-04,
       2.39005731e-03, 9.56022937e-04, 0., 9.56022937e-04,
       1.43403444e-03, 1.91204587e-03, 1.43403444e-03, 9.56022937e-04,
       2.86806887e-03, 3.34608019e-03, 4.78011469e-04, 4.78011469e-04,
       1.91204587e-03, 3.82409175e-03, 1.91204587e-03, 1.43403444e-03,
       4.78011469e-04, 9.56022937e-04, 1.43403444e-03, 2.39005731e-03,
       9.56022937e-04, 1.91204587e-03, 1.91204587e-03, 4.78011469e-04,
       3.82409175e-03, 1.43403444e-03, 3.34608019e-03, 0.,
       1.43403444e-03, 1.91204587e-03, 4.78011469e-04, 1.91204587e-03,
       9.56022937e-04, 9.56022937e-04, 2.39005731e-03, 1.91204587e-03,
       9.56022937e-04, 4.78011469e-04, 0., 3.34608019e-03,
       4.78011469e-04, 1.43403444e-03, 4.78011469e-04, 0.,
       1.43403444e-03, 0., 1.43403444e-03, 4.78011469e-04,
       1.91204587e-03, 4.78011469e-04, 0., 1.43403444e-03,
       4.78011469e-04, 0., 9.56022937e-04, 4.78011469e-04,
       2.39005731e-03, 1.91204587e-03, 9.56022937e-04, 2.86806887e-03,
       4.78011469e-04, 9.56022937e-04, 0., 0., 9.56022937e-04,
       1.91204587e-03, 4.78011469e-04, 1.91204587e-03, 0.,
       1.91204587e-03, 4.78011469e-04, 0., 3.34608019e-03,
       1.43403444e-03, 0., 1.43403444e-03, 1.91204587e-03,
       9.56022937e-04, 1.43403444e-03, 0., 1.43403444e-03,
       1.43403444e-03, 0., 0., 1.43403444e-03, 4.78011469e-04, 0.,
       9.56022937e-04, 9.56022937e-04, 1.91204587e-03, 1.43403444e-03,
       1.43403444e-03, 0., 9.56022937e-04, 1.43403444e-03,
       2.86806887e-03, 1.91204587e-03, 0., 0., 2.86806887e-03, 0.,
       2.39005731e-03, 7.64818350e-03, 4.78011469e-04, 9.56022937e-04,
       9.56022937e-04, 0., 1.91204587e-03, 1.91204587e-03,
       1.91204587e-03, 0., 4.78011469e-04, 1.91204587e-03,
       1.91204587e-03, 0., 0., 4.78011469e-04, 4.78011469e-04,
       4.78011469e-04, 0., 0., 4.78011469e-04, 0., 4.78011469e-04,
       2.39005731e-03, 4.78011469e-04, 9.56022937e-04, 4.30210307e-03,
       1.43403444e-03, 9.56022937e-04, 1.91204587e-03, 1.43403444e-03,
       2.86806887e-03, 1.43403444e-03, 9.56022937e-04, 9.56022937e-04,
       1.91204587e-03, 4.78011469e-04, 4.78011469e-04, 4.78011469e-04,
       1.43403444e-03, 3.34608019e-03, 1.43403444e-03, 1.43403444e-03,
       2.39005731e-03, 4.78011469e-04, 9.56022937e-04, 2.86806887e-03,
