%YAML:1.0
m50f: !!opencv-matrix
   rows: 1
   cols: 800
   dt: f
   data: [ 3.38066253e-04, 1.35226501e-03, 3.38066253e-04,
       6.76132506e-04, 1.35226501e-03, 6.76132506e-04, 6.76132506e-04,
       0., 6.76132506e-04, 3.38066253e-04, 6.76132506e-04,
       1.01419876e-03, 2.02839752e-03, 1.01419876e-03, 1.01419876e-03,
       2.02839752e-03, 6.76132506e-04, 6.76132506e-04, 0.,
       1.35226501e-03, 1.01419876e-03, 1.01419876e-03, 2.02839752e-03,
       2.02839752e-03, 2.36646365e-03, 1.01419876e-03, 3.38066253e-04,
       1.35226501e-03, 1.69033126e-03, 6.76132506e-04, 1.69033126e-03,
       4.05679503e-03, 1.01419876e-03, 0., 0., 3.04259639e-03,
       1.01419876e-03, 1.35226501e-03, 1.35226501e-03, 0.,
       1.35226501e-03, 3.04259639e-03, 1.01419876e-03, 6.76132506e-04,
       1.35226501e-03, 3.04259639e-03, 2.02839752e-03, 2.36646365e-03,
       3.38066253e-04, 2.36646365e-03, 2.36646365e-03, 2.02839752e-03,
       3.38066253e-04, 1.35226501e-03, 1.35226501e-03, 3.38066253e-04,
       5.07099368e-03, 3.38066253e-04, 3.38066253e-04, 1.69033126e-03,
       1.01419876e-03, 6.76132506e-04, 1.69033126e-03, 1.69033126e-03,
       6.76132506e-04, 6.76132506e-04, 3.38066253e-04, 1.01419876e-03,
       3.38066253e-04, 2.02839752e-03, 0., 3.38066253e-04,
       2.02839752e-03, 1.69033126e-03, 4.73292731e-03, 0.,
       3.38066253e-03, 1.01419876e-03, 3.38066253e-04, 1.69033126e-03,
       2.02839752e-03, 3.38066253e-04, 1.35226501e-03, 0.,
       1.01419876e-03, 1.35226501e-03, 3.38066253e-04, 1.35226501e-03,
       3.04259639e-03, 2.02839752e-03, 2.02839752e-03, 1.01419876e-03,
       1.01419876e-03, 6.76132506e-04, 3.38066253e-04, 0.,
       1.35226501e-03, 6.76132506e-04, 3.38066253e-04, 6.76132506e-04,
       1.01419876e-03, 2.02839752e-03, 3.04259639e-03, 6.76132506e-04,
       0., 6.76132506e-04, 6.76132506e-04, 1.35226501e-03,
       6.76132506e-04, 3.38066253e-04, 3.04259639e-03, 6.76132506e-04,
       6.76132506e-04, 1.35226501e-03, 6.76132506e-04, 3.38066253e-04,
       1.35226501e-03, 1.01419876e-03, 2.36646365e-03, 2.36646365e-03,
       6.76132506e-04, 6.76132506e-04, 3.38066253e-04, 1.35226501e-03,
       1.69033126e-03, 2.02839752e-03, 3.38066253e-04, 1.35226501e-03,
       6.76132506e-04, 1.01419876e-03, 1.69033126e-03, 2.02839752e-03,
       0., 1.69033126e-03, 6.76132506e-04, 4.73292731e-03,
       1.01419876e-03, 1.35226501e-03, 3.38066253e-04, 3.38066253e-04,
       3.38066253e-04, 3.04259639e-03, 1.01419876e-03, 1.35226501e-03,
       3.38066253e-04, 0., 1.01419876e-03, 1.01419876e-03,
       1.69033126e-03, 6.76132506e-04, 6.76132506e-04, 3.04259639e-03,
       2.02839752e-03, 0., 6.76132506e-04, 3.38066253e-04,
       1.01419876e-03, 1.35226501e-03, 2.70453002e-03, 1.69033126e-03,
       0., 1.35226501e-03, 1.01419876e-03, 3.38066253e-04,
       3.38066253e-04, 6.76132506e-04, 3.38066253e-04, 4.05679503e-03,
       1.35226501e-03, 1.35226501e-03, 6.76132506e-04, 1.69033126e-03,
       2.02839752e-03, 6.76132506e-04, 1.01419876e-03, 3.38066253e-04,
       1.69033126e-03, 1.01419876e-03, 6.76132506e-04, 2.70453002e-03,
       0., 6.76132506e-04, 2.02839752e-03, 6.76132506e-04,
       1.01419876e-03, 6.76132506e-04, 2.70453002e-03, 6.76132506e-04,
       1.01419876e-03, 1.35226501e-03, 1.01419876e-03, 3.04259639e-03,
       6.76132506e-04, 1.01419876e-03, 6.76132506e-04, 2.70453002e-03,
       3.38066253e-04, 6.76132506e-04, 0., 1.35226501e-03,
       6.76132506e-04, 0., 1.01419876e-03, 2.70453002e-03,
       1.35226501e-03, 4.05679503e-03, 1.69033126e-03, 1.35226501e-03,
       2.36646365e-03, 3.38066253e-04, 1.69033126e-03, 3.38066253e-04,
       3.04259639e-03, 1.69033126e-03, 1.35226501e-03, 6.76132506e-04,
       3.38066253e-04, 0., 6.76132506e-04, 1.35226501e-03,
       1.69033126e-03, 1.35226501e-03, 6.76132506e-04, 6.76132506e-04,
       1.01419876e-03, 1.01419876e-03, 6.76132506e-04, 1.01419876e-03,
       1.01419876e-03, 3.04259639e-03, 1.35226501e-03, 2.36646365e-03,
       3.38066253e-04, 1.69033126e-03, 2.02839752e-03, 6.76132506e-04,
       3.04259639e-03, 1.35226501e-03, 6.76132506e-04, 1.01419876e-03,
       6.76132506e-04, 0., 1.69033126e-03, 4.05679503e-03,
       1.01419876e-03, 1.01419876e-03, 4.05679503e-03, 1.01419876e-03,
       1.01419876e-03, 1.01419876e-03, 2.02839752e-03, 2.02839752e-03,
       2.02839752e-03, 3.38066253e-04, 1.01419876e-03, 3.04259639e-03,
       3.71872867e-03, 1.35226501e-03, 3.38066253e-04, 2.36646365e-03,
       1.01419876e-03, 1.69033126e-03, 1.35226501e-03, 1.69033126e-03,
       6.76132506e-04, 6.76132506e-04, 6.76132506e-04, 3.38066253e-04,
       0., 6.76132506e-04, 4.05679503e-03, 2.02839752e-03,
       3.38066253e-04, 3.38066253e-04, 0., 2.70453002e-03,
       1.01419876e-03, 3.04259639e-03, 2.36646365e-03, 1.01419876e-03,
       3.71872867e-03, 3.38066253e-04, 2.36646365e-03, 1.35226501e-03,
       6.76132506e-04, 6.76132506e-04, 4.39486140e-03, 0.,
       1.69033126e-03, 3.38066253e-04, 1.69033126e-03, 3.38066253e-04,
       3.38066253e-04, 1.35226501e-03, 6.76132506e-04, 1.35226501e-03,
       1.35226501e-03, 6.76132506e-04, 6.76132506e-04, 1.01419876e-03,
       6.76132506e-04, 6.76132506e-04, 2.02839752e-03, 3.38066253e-04,
       1.35226501e-03, 1.35226501e-03, 6.76132506e-04, 1.69033126e-03,
       3.38066253e-04, 1.35226501e-03, 1.01419876e-03, 1.01419876e-03,
       6.76132506e-04, 2.36646365e-03, 1.35226501e-03, 1.01419876e-03,
       6.76132506e-04, 1.35226501e-03, 6.76132506e-04, 2.36646365e-03,
       0., 1.01419876e-03, 2.02839752e-03, 1.01419876e-03,
       1.01419876e-03, 2.36646365e-03, 6.76132506e-04, 2.70453002e-03,
       6.76132506e-04, 1.35226501e-03, 1.69033126e-03, 1.35226501e-03,
       5.40906005e-03, 0., 6.76132506e-04, 0., 1.69033126e-03,
       1.35226501e-03, 3.38066253e-04, 6.76132506e-04, 5.07099368e-03,
       6.76132506e-04, 2.70453002e-03, 1.69033126e-03, 3.04259639e-03,
       6.76132506e-04, 3.38066253e-04, 4.05679503e-03, 6.76132506e-04,
       2.02839752e-03, 6.76132506e-04, 1.69033126e-03, 3.38066253e-04,
       6.76132506e-04, 3.38066253e-03, 2.02839752e-03, 2.36646365e-03,
       6.76132506e-04, 1.69033126e-03, 6.08519278e-03, 6.76132506e-04,
       1.69033126e-03, 1.69033126e-03, 3.38066253e-04, 3.38066253e-04,
       2.02839752e-03, 6.76132506e-04, 0., 5.07099368e-03,
       1.01419876e-03, 3.71872867e-03, 1.01419876e-03, 1.35226501e-03,
       3.38066253e-04, 6.76132506e-04, 6.76132506e-04, 1.01419876e-03,
       6.76132506e-04, 1.01419876e-03, 1.01419876e-03, 5.40906005e-03,
       1.69033126e-03, 1.69033126e-03, 3.38066253e-04, 1.35226501e-03,
       3.38066253e-04, 3.38066253e-04, 3.38066253e-04, 3.38066253e-03,
       6.76132506e-04, 2.02839752e-03, 3.38066253e-04, 3.38066253e-04,
       3.71872867e-03, 2.02839752e-03, 1.69033126e-03, 1.69033126e-03,
       1.69033126e-03, 2.36646365e-03, 6.76132506e-04, 3.38066253e-04,
       6.76132506e-04, 1.35226501e-03, 0., 1.01419876e-03,
       6.76132506e-04, 0., 3.38066253e-04, 5.40906005e-03,
       1.69033126e-03, 1.69033126e-03, 1.01419876e-03, 2.02839752e-03,
       4.05679503e-03, 1.01419876e-03, 1.69033126e-03, 1.01419876e-03,
       3.38066253e-04, 1.01419876e-03, 1.69033126e-03, 3.38066253e-04,
       1.35226501e-03, 1.35226501e-03, 1.69033126e-03, 1.35226501e-03,
       3.38066253e-04, 0., 1.35226501e-03, 4.73292731e-03,
       1.69033126e-03, 1.69033126e-03, 2.70453002e-03, 6.76132506e-04,
       1.01419876e-03, 6.76132506e-04, 6.76132506e-04, 1.01419876e-03,
       6.76132506e-04, 1.35226501e-03, 0., 1.01419876e-03, 0.,
       2.02839752e-03, 1.35226501e-03, 6.76132506e-04, 1.01419876e-03,
       1.35226501e-03, 1.01419876e-03, 3.38066253e-04, 1.35226501e-03,
       3.38066253e-04, 1.35226501e-03, 1.35226501e-03, 2.36646365e-03,
       6.76132506e-04, 1.35226501e-03, 0., 3.38066253e-04,
       3.38066253e-04, 1.69033126e-03, 0., 6.76132506e-04,
       3.38066253e-04, 1.01419876e-03, 1.01419876e-03, 6.76132506e-04,
