%YAML:1.0
m50f: !!opencv-matrix
   rows: 1
   cols: 800
   dt: f
   data: [ 1.39372819e-03, 6.96864096e-04, 0., 0., 0., 4.18118481e-03,
       2.78745638e-03, 5.57491276e-03, 4.18118481e-03, 2.78745638e-03,
       6.96864096e-04, 0., 1.39372819e-03, 6.96864096e-04,
       6.96864096e-04, 5.57491276e-03, 0., 0., 2.09059240e-03, 0.,
       1.39372819e-03, 2.78745638e-03, 1.39372819e-03, 3.48432036e-03,
       6.96864096e-04, 0., 2.78745638e-03, 6.96864072e-03,
       6.96864096e-04, 0., 3.48432036e-03, 0., 0., 6.96864096e-04,
       6.96864096e-04, 4.87804879e-03, 0., 0., 2.78745638e-03,
       3.48432036e-03, 6.96864096e-04, 6.96864096e-04, 0.,
       6.96864096e-04, 0., 0., 6.96864096e-04, 1.39372819e-03,
       3.48432036e-03, 0., 6.96864096e-04, 1.39372819e-03,
       2.09059240e-03, 2.09059240e-03, 1.39372819e-03, 2.09059240e-03,
       6.96864096e-04, 0., 0., 0., 1.39372819e-03, 6.96864096e-04,
       2.78745638e-03, 3.48432036e-03, 0., 0., 3.48432036e-03,
       4.87804879e-03, 6.96864096e-04, 6.96864096e-04, 2.09059240e-03,
       2.09059240e-03, 6.96864096e-04, 1.39372819e-03, 1.39372819e-03,
       2.09059240e-03, 6.96864096e-04, 6.96864096e-04, 6.96864096e-04,
       0., 6.96864096e-04, 2.78745638e-03, 0., 6.96864096e-04,
       2.78745638e-03, 3.48432036e-03, 1.39372819e-03, 3.48432036e-03,
       6.96864096e-04, 4.87804879e-03, 6.96864096e-04, 6.96864096e-04,
       0., 2.09059240e-03, 0., 6.96864096e-04, 1.39372819e-03,
       6.96864096e-04, 2.09059240e-03, 1.39372819e-03, 6.96864096e-04,
       0., 0., 0., 3.48432036e-03, 6.96864096e-04, 2.09059240e-03,
       2.09059240e-03, 6.96864096e-04, 6.96864096e-04, 3.48432036e-03,
       0., 6.96864096e-04, 3.48432036e-03, 2.09059240e-03,
       1.39372819e-03, 0., 6.96864096e-04, 6.96864096e-04,
       2.09059240e-03, 0., 6.96864096e-04, 0., 2.09059240e-03,
       2.78745638e-03, 2.09059240e-03, 1.39372819e-03, 4.18118481e-03,
       6.96864096e-04, 2.78745638e-03, 5.57491276e-03, 7.66550517e-03,
       0., 0., 6.96864096e-04, 0., 1.39372819e-03, 6.96864096e-04,
       6.96864096e-04, 1.39372819e-03, 6.96864096e-04, 2.09059240e-03,
       6.96864096e-04, 6.96864096e-04, 6.96864096e-04, 6.96864096e-04,
       6.96864096e-04, 0., 0., 2.09059240e-03, 6.96864096e-04,
       6.96864096e-04, 1.39372819e-03, 4.18118481e-03, 6.96864096e-04,
       6.96864096e-04, 0., 2.78745638e-03, 1.39372819e-03,
       6.96864096e-04, 2.78745638e-03, 0., 1.39372819e-03,
       6.96864096e-04, 6.96864096e-04, 6.96864096e-04, 6.96864096e-04,
       0., 0., 1.39372819e-03, 0., 0., 0., 6.96864096e-04, 0.,
       2.09059240e-03, 6.96864096e-04, 6.96864096e-04, 6.96864096e-04,
       3.48432036e-03, 6.96864096e-04, 4.87804879e-03, 1.39372819e-03,
       6.96864096e-04, 6.96864096e-04, 6.96864096e-04, 1.39372819e-03,
       0., 0., 0., 6.96864096e-04, 2.09059240e-03, 0., 0.,
       6.96864096e-04, 0., 6.96864096e-04, 2.09059240e-03,
       2.09059240e-03, 0., 0., 1.39372819e-03, 6.96864096e-04,
       6.96864096e-04, 6.96864096e-04, 6.96864096e-04, 3.48432036e-03,
       4.18118481e-03, 6.96864096e-04, 2.78745638e-03, 2.09059240e-03,
       5.57491276e-03, 2.09059240e-03, 0., 0., 0., 2.78745638e-03, 0.,
       4.18118481e-03, 0., 2.09059240e-03, 4.18118481e-03,
       2.09059240e-03, 1.39372819e-03, 2.09059240e-03, 6.96864096e-04,
       1.39372819e-03, 6.96864096e-04, 0., 6.27177674e-03,
       3.48432036e-03, 6.96864096e-04, 0., 0., 2.09059240e-03, 0.,
       1.39372819e-03, 3.48432036e-03, 0., 0., 6.96864096e-04,
       2.78745638e-03, 6.96864096e-04, 0., 2.78745638e-03, 0.,
       6.96864096e-04, 2.78745638e-03, 2.09059240e-03, 3.48432036e-03,
       6.96864096e-04, 3.48432036e-03, 6.96864096e-04, 4.87804879e-03,
       0., 1.39372819e-03, 0., 1.39372819e-03, 2.78745638e-03, 0.,
       2.78745638e-03, 6.96864096e-04, 0., 0., 0., 0., 4.18118481e-03,
       0., 0., 0., 1.39372819e-03, 2.09059240e-03, 6.96864096e-04, 0.,
       6.96864096e-04, 6.96864096e-04, 0., 6.96864096e-04,
       6.96864096e-04, 1.39372819e-03, 6.96864096e-04, 6.96864096e-04,
       0., 0., 1.39372819e-03, 4.18118481e-03, 6.96864096e-04, 0.,
       6.96864096e-04, 6.96864096e-04, 6.96864096e-04, 0., 0.,
       1.39372819e-03, 6.27177674e-03, 3.48432036e-03, 1.39372819e-03,
       0., 4.18118481e-03, 2.78745638e-03, 2.78745638e-03,
       2.09059240e-03, 0., 0., 0., 1.39372819e-03, 2.78745638e-03,
       1.39372819e-03, 2.09059240e-03, 1.39372819e-03, 2.09059240e-03,
       1.39372819e-03, 0., 1.39372819e-03, 0., 0., 6.96864096e-04,
       1.39372819e-03, 0., 0., 0., 0., 2.78745638e-03, 0.,
       1.39372819e-03, 1.39372819e-03, 0., 1.39372819e-03,
       6.96864096e-04, 0., 0., 2.78745638e-03, 1.39372819e-03, 0.,
       1.39372819e-03, 2.09059240e-03, 4.18118481e-03, 2.09059240e-03,
       0., 0., 0., 6.96864096e-04, 0., 6.96864096e-04, 6.96864096e-04,
       1.39372819e-03, 0., 2.09059240e-03, 6.96864096e-04,
       1.39372819e-03, 6.96864096e-04, 1.39372819e-03, 6.96864096e-04,
       6.96864096e-04, 1.39372819e-03, 0., 0., 2.78745638e-03,
       6.96864096e-04, 0., 6.96864096e-04, 0., 6.96864096e-04, 0., 0.,
       6.96864096e-04, 0., 2.09059240e-03, 0., 0., 6.96864096e-04,
       6.96864096e-04, 0., 0., 6.96864096e-04, 0., 6.96864096e-04, 0.,
       6.96864096e-04, 6.96864096e-04, 6.96864096e-04, 0.,
       5.57491276e-03, 6.96864096e-04, 6.96864096e-04, 0., 0.,
       3.48432036e-03, 6.96864096e-04, 0., 0., 1.39372819e-03,
       6.96864072e-03, 1.39372819e-03, 6.96864096e-04, 1.39372819e-03,
       3.48432036e-03, 0., 0., 6.96864096e-04, 0., 1.39372819e-03,
       1.39372819e-03, 2.09059240e-03, 2.09059240e-03, 6.96864096e-04,
       2.09059240e-03, 6.96864096e-04, 6.96864096e-04, 0.,
       5.57491276e-03, 2.09059240e-03, 6.96864096e-04, 0., 0.,
       6.96864096e-04, 0., 6.96864096e-04, 1.39372819e-03,
       1.39372819e-03, 0., 0., 6.96864096e-04, 6.96864096e-04,
       6.96864096e-04, 2.09059240e-03, 0., 6.96864096e-04,
       2.78745638e-03, 0., 6.96864096e-04, 0., 0., 0., 6.96864096e-04,
       0., 3.48432036e-03, 1.39372819e-03, 1.39372819e-03, 0., 0.,
       1.39372819e-03, 3.48432036e-03, 1.39372819e-03, 1.39372819e-03,
       2.09059240e-03, 6.96864096e-04, 1.39372819e-03, 6.96864096e-04,
       6.96864096e-04, 0., 0., 6.96864072e-03, 6.96864096e-04, 0., 0.,
       1.39372819e-03, 0., 6.96864096e-04, 2.09059240e-03,
       1.39372819e-03, 1.39372819e-03, 2.09059240e-03, 2.09059240e-03,
       0., 4.18118481e-03, 6.96864096e-04, 1.39372819e-03,
       6.96864096e-04, 6.96864096e-04, 6.96864096e-04, 0., 0., 0., 0.,
       2.09059240e-03, 1.39372819e-03, 0., 0., 6.96864096e-04,
       2.09059240e-03, 0., 0., 0., 2.78745638e-03, 0., 6.96864096e-04,
       1.39372819e-03, 1.39372819e-03, 1.39372819e-03, 1.39372819e-03,
       6.96864096e-04, 3.48432036e-03, 0., 1.39372819e-03, 0.,
       2.09059240e-03, 2.09059240e-03, 6.96864096e-04, 2.78745638e-03,
       2.09059240e-03, 0., 0., 1.39372819e-03, 1.39372819e-03, 0., 0.,
       2.09059240e-03, 2.78745638e-03, 2.09059240e-03, 6.96864096e-04,
       2.78745638e-03, 1.39372819e-03, 1.39372819e-03, 2.78745638e-03,
       0., 0., 6.96864072e-03, 6.96864096e-04, 6.96864072e-03, 0.,
       1.39372819e-03, 0., 5.57491276e-03, 2.78745638e-03, 0.,
       6.96864096e-04, 6.96864096e-04, 0., 2.09059240e-03,
       6.96864096e-04, 6.96864096e-04, 1.39372819e-03, 0., 0.,
       1.39372819e-03, 6.96864096e-04, 6.96864096e-04, 0., 0., 0., 0.,
       0., 1.39372819e-03, 2.09059240e-03, 1.39372819e-03,
       6.96864096e-04, 6.96864096e-04, 0., 6.96864096e-04,
       1.39372819e-03, 5.57491276e-03, 0., 6.96864096e-04,
       6.96864096e-04, 2.78745638e-03, 0., 0., 2.09059240e-03,
       2.09059240e-03, 1.39372819e-03, 6.96864096e-04, 2.09059240e-03,
       6.96864096e-04, 6.27177674e-03, 6.96864096e-04, 1.39372819e-03,
       0., 1.39372819e-03, 6.96864096e-04, 0., 0., 1.39372819e-03, 0.,
       0., 0., 1.11498255e-02, 6.96864096e-04, 6.27177674e-03, 0.,
