%YAML:1.0
m50n: !!opencv-matrix
   rows: 1
   cols: 200
   dt: f
   data: [ 4.36442997e-03, 5.45553747e-04, 7.63775222e-03,
       3.27332248e-03, 0., 5.45553770e-03, 4.90998384e-03,
       3.27332248e-03, 5.45553747e-04, 1.63666124e-03, 2.72776885e-03,
       1.63666124e-03, 0., 8.18330608e-03, 2.72776885e-03,
       6.54664496e-03, 2.34588105e-02, 7.09219882e-03, 2.18221499e-03,
       1.63666124e-03, 1.09110749e-03, 3.81887611e-03, 1.09110749e-03,
       1.36388438e-02, 1.63666124e-03, 3.81887611e-03, 1.63666124e-03,
       4.36442997e-03, 7.09219882e-03, 1.09110749e-03, 1.63666124e-03,
       9.27441381e-03, 0., 3.81887611e-03, 3.81887611e-03,
       7.09219882e-03, 0., 3.81887611e-03, 1.09110749e-03,
       9.27441381e-03, 1.09110749e-03, 2.72776885e-03, 6.00109110e-03,
       4.36442997e-03, 1.63666124e-03, 0., 1.63666124e-03,
       1.52755044e-02, 1.41843976e-02, 5.45553747e-04, 5.45553747e-04,
       1.36388438e-02, 5.45553747e-04, 5.45553747e-04, 2.72776885e-03,
       1.63666124e-03, 1.09110749e-03, 5.45553770e-03, 2.72776885e-03,
       8.72885995e-03, 3.81887611e-03, 1.09110749e-03, 2.18221499e-03,
       2.18221499e-03, 1.20021822e-02, 2.18221499e-03, 7.09219882e-03,
       2.40043644e-02, 1.52755044e-02, 1.09110749e-03, 3.27332248e-03,
       5.45553770e-03, 2.72776885e-03, 1.63666124e-03, 4.36442997e-03,
       4.36442997e-03, 3.60065475e-02, 5.45553747e-04, 4.90998384e-03,
       1.09110749e-03, 3.27332248e-03, 5.45553747e-04, 0.,
       7.63775222e-03, 2.56410260e-02, 4.36442997e-03, 5.45553747e-04,
       2.72776885e-03, 4.90998384e-03, 3.27332248e-03, 9.81996767e-03,
       3.81887611e-03, 1.63666124e-03, 2.72776885e-03, 1.58210583e-02,
       1.09110749e-03, 3.81887611e-03, 1.96399353e-02, 6.87397718e-02,
       2.72776885e-03, 8.72885995e-03, 4.36442997e-03, 2.18221499e-03,
       1.85488276e-02, 3.81887611e-03, 0., 1.25477361e-02,
       2.18221499e-03, 4.90998384e-03, 1.09110749e-03, 2.18221499e-03,
       5.45553747e-04, 2.29132567e-02, 5.45553747e-04, 6.00109110e-03,
       3.27332248e-03, 2.72776885e-03, 5.45553747e-04, 1.63666124e-03,
       1.09110749e-03, 1.09110749e-03, 1.09110749e-03, 1.09110754e-02,
       2.18221499e-03, 3.81887611e-03, 6.54664496e-03, 5.45553770e-03,
       3.81887611e-03, 5.45553770e-03, 9.81996767e-03, 1.63666124e-03,
       1.63666124e-03, 6.00109110e-03, 2.18221499e-03, 2.18221499e-03,
       1.63666124e-03, 7.09219882e-03, 0., 7.09219882e-03,
       2.18221499e-03, 3.81887611e-03, 1.63666124e-03, 5.45553747e-04,
       1.09110749e-03, 2.72776885e-03, 2.18221499e-03, 1.09110749e-03,
       6.54664496e-03, 1.63666124e-03, 3.27332248e-03, 3.81887611e-03,
       3.81887611e-03, 1.63666124e-03, 0., 2.18221499e-03,
       7.63775222e-03, 9.81996767e-03, 6.00109110e-03, 1.63666124e-03,
       8.72885995e-03, 2.72776885e-03, 3.81887611e-03, 3.27332248e-03,
       4.36442997e-03, 1.36388438e-02, 8.72885995e-03, 1.09110749e-03,
       2.18221499e-03, 5.45553770e-03, 6.00109110e-03, 2.72776885e-03,
       3.81887611e-03, 5.45553770e-03, 6.54664496e-03, 1.03655215e-02,
       5.45553747e-04, 4.90998384e-03, 2.18221499e-03, 8.18330608e-03,
       1.63666124e-03, 3.27332248e-03, 2.18221499e-03, 1.20021822e-02,
       9.27441381e-03, 5.45553747e-04, 0., 4.90998384e-03,
       4.36442997e-03, 1.09110749e-03, 5.45553770e-03, 2.18221499e-03,
       4.36442997e-03, 2.72776885e-03, 2.72776885e-03, 4.36442997e-03,
       9.81996767e-03, 1.09110749e-03, 2.72776885e-03, 6.00109110e-03,
       1.63666124e-03 ]
