%YAML:1.0
m100n: !!opencv-matrix
   rows: 1
   cols: 200
   dt: f
   data: [ 4.10416070e-03, 2.97197863e-03, 1.20294373e-02,
       2.83045578e-03, 1.04726860e-02, 8.20832141e-03, 1.31616192e-02,
       1.41522789e-03, 6.93461671e-03, 1.07557317e-02, 2.26436462e-03,
       4.52872925e-03, 5.66091156e-04, 5.23634301e-03, 5.09482063e-03,
       5.09482063e-03, 8.06679856e-03, 5.80243440e-03, 3.82111524e-03,
       3.67959263e-03, 4.67025209e-03, 3.67959263e-03, 6.93461671e-03,
       1.69827347e-03, 5.80243440e-03, 2.68893293e-03, 1.83979631e-03,
       7.35918526e-03, 1.69827347e-03, 1.41522789e-03, 4.52872925e-03,
       4.67025209e-03, 1.83979631e-03, 5.66091156e-03, 2.83045578e-03,
       1.04726860e-02, 2.68893293e-03, 1.42938020e-02, 4.10416070e-03,
       1.28785735e-02, 3.67959263e-03, 4.81177494e-03, 4.81177494e-03,
       4.81177494e-03, 2.54741032e-03, 3.25502409e-03, 3.82111524e-03,
       5.51938871e-03, 1.55675062e-03, 3.25502409e-03, 5.51938871e-03,
       1.13218231e-03, 5.09482063e-03, 2.12284178e-03, 7.21766241e-03,
       3.96263786e-03, 2.54741032e-03, 1.51429381e-02, 3.82111524e-03,
       6.93461671e-03, 1.83979631e-03, 1.21709602e-02, 3.11350124e-03,
       2.12284178e-03, 1.41522789e-03, 3.96263786e-03, 1.13218231e-02,
       5.37786586e-03, 8.34984425e-03, 6.79309387e-03, 1.41522789e-03,
       2.68893293e-03, 5.23634301e-03, 3.82111524e-03, 2.97197863e-03,
       7.64223048e-03, 9.76507273e-03, 1.18879145e-02, 2.26436462e-03,
       2.26436462e-03, 1.01896413e-02, 5.94395725e-03, 2.54741032e-03,
       5.23634301e-03, 5.23634301e-03, 2.68893293e-03, 9.19898134e-03,
       1.14633460e-02, 2.68893293e-03, 2.26436462e-03, 1.83979631e-03,
       1.69827347e-03, 5.51938871e-03, 4.10416070e-03, 9.48202703e-03,
       3.67959263e-03, 7.92527571e-03, 2.30682138e-02, 4.10416070e-03,
       3.39654693e-03, 1.69827347e-03, 3.25502409e-03, 6.65157102e-03,
       1.16048688e-02, 1.91055760e-02, 1.27370516e-03, 7.50070764e-03,
       3.67959263e-03, 7.92527571e-03, 5.94395725e-03, 4.52872925e-03,
       3.39654693e-03, 4.24568355e-03, 2.97197863e-03, 2.68893293e-03,
       2.83045578e-03, 4.38720640e-03, 2.54741032e-03, 3.39654693e-03,
       4.81177494e-03, 2.12284178e-03, 4.10416070e-03, 2.12284178e-03,
       3.82111524e-03, 9.90659464e-04, 1.98131893e-03, 1.98131893e-03,
       4.52872925e-03, 2.08038501e-02, 6.08548010e-03, 2.68893293e-03,
       4.52872925e-03, 1.69827347e-03, 3.25502409e-03, 3.25502409e-03,
       5.66091156e-03, 1.18879145e-02, 2.83045578e-03, 8.34984425e-03,
       9.48202703e-03, 2.54741032e-03, 5.37786586e-03, 5.09482063e-03,
       1.69827347e-03, 1.13218231e-02, 3.67959263e-03, 4.10416070e-03,
       1.04726860e-02, 3.82111524e-03, 2.40588747e-03, 3.67959263e-03,
       3.39654693e-03, 2.83045578e-03, 3.67959263e-03, 5.66091156e-03,
       1.98131893e-03, 1.83979631e-03, 2.83045578e-03, 4.10416070e-03,
       2.40588747e-03, 6.08548010e-03, 8.20832141e-03, 3.53806978e-03,
       1.07557317e-02, 4.52872925e-03, 2.26436462e-03, 2.83045578e-03,
       2.12284178e-03, 2.12284178e-03, 2.83045578e-03, 2.54741032e-03,
       2.17945091e-02, 2.12284178e-03, 2.83045578e-03, 3.96263786e-03,
       1.27370516e-03, 6.22700248e-03, 3.11350124e-03, 2.40588747e-03,
       1.83979631e-03, 4.95329779e-03, 4.52872925e-03, 1.47183705e-02,
       2.83045578e-03, 2.26436462e-03, 2.97197863e-03, 1.69827347e-03,
       3.82111524e-03, 2.68893293e-03, 1.98131893e-03, 3.96263786e-03,
       2.83045578e-03, 3.82111524e-03, 7.35918526e-03, 2.12284178e-03,
       1.13218231e-03, 4.67025209e-03, 3.53806978e-03, 2.97197863e-03,
       3.11350124e-03 ]
