%YAML:1.0
m50f: !!opencv-matrix
   rows: 1
   cols: 200
   dt: f
   data: [ 6.32911408e-03, 3.16455704e-03, 2.53164559e-03,
       1.26582279e-03, 1.26582279e-03, 1.26582279e-03, 6.32911408e-03,
       1.26582282e-02, 2.53164559e-03, 1.13924053e-02, 3.79746826e-03,
       4.43037972e-03, 5.69620263e-03, 1.07594933e-02, 1.26582279e-03,
       1.01265823e-02, 1.32911392e-02, 8.22784845e-03, 1.89873413e-03,
       2.53164559e-03, 4.43037972e-03, 1.01265823e-02, 1.89873413e-03,
       7.59493653e-03, 1.89873413e-03, 6.32911408e-03, 3.16455704e-03,
       3.16455704e-03, 3.79746826e-03, 6.32911397e-04, 5.69620263e-03,
       6.96202554e-03, 3.79746826e-03, 5.06329117e-03, 3.79746826e-03,
       0., 5.69620263e-03, 5.06329117e-03, 3.16455704e-03,
       7.59493653e-03, 3.79746826e-03, 1.89873413e-03, 5.06329117e-03,
       1.26582279e-03, 1.26582279e-03, 1.26582279e-03, 3.16455704e-03,
       1.89873413e-03, 1.07594933e-02, 8.22784845e-03, 4.43037972e-03,
       1.01265823e-02, 1.89873413e-03, 6.32911397e-04, 8.22784845e-03,
       1.89873413e-03, 9.49367136e-03, 6.32911397e-04, 3.79746826e-03,
       8.22784845e-03, 2.53164559e-03, 6.96202554e-03, 3.16455704e-03,
       2.53164559e-03, 1.01265823e-02, 1.01265823e-02, 1.01265823e-02,
       1.89873413e-03, 1.01265823e-02, 0., 3.16455704e-03,
       3.79746826e-03, 6.96202554e-03, 6.32911397e-04, 6.32911408e-03,
       1.26582279e-03, 1.83544308e-02, 2.53164559e-03, 1.01265823e-02,
       1.89873413e-03, 5.06329117e-03, 1.89873413e-03, 3.79746826e-03,
       4.43037972e-03, 1.64556969e-02, 1.01265823e-02, 8.86075944e-03,
       1.26582279e-03, 8.86075944e-03, 6.96202554e-03, 1.13924053e-02,
       8.22784845e-03, 6.32911408e-03, 3.79746826e-03, 3.79746826e-03,
       6.32911397e-04, 7.59493653e-03, 4.43037972e-03, 1.45569621e-02,
       3.16455704e-03, 6.96202554e-03, 3.79746826e-03, 2.53164559e-03,
       4.43037972e-03, 7.59493653e-03, 1.26582279e-03, 3.16455704e-03,
       1.26582279e-03, 7.59493653e-03, 1.26582279e-03, 3.79746826e-03,
       6.32911408e-03, 3.16455704e-03, 1.26582279e-03, 3.79746826e-03,
       6.96202554e-03, 1.01265823e-02, 3.16455704e-03, 3.79746826e-03,
       4.43037972e-03, 2.53164559e-03, 3.79746826e-03, 1.07594933e-02,
       1.26582279e-03, 6.32911397e-04, 5.69620263e-03, 1.77215189e-02,
       8.86075944e-03, 1.89873413e-03, 2.53164559e-03, 5.06329117e-03,
       4.43037972e-03, 4.43037972e-03, 1.89873413e-03, 3.16455704e-03,
       8.86075944e-03, 3.16455704e-03, 1.26582279e-03, 1.89873413e-03,
       5.06329117e-03, 2.53164559e-03, 3.79746826e-03, 1.89873413e-03,
       1.89873413e-03, 5.69620263e-03, 5.69620263e-03, 4.43037972e-03,
       2.53164559e-03, 2.53164559e-03, 8.22784845e-03, 1.89873413e-03,
       2.53164559e-03, 4.43037972e-03, 5.69620263e-03, 5.06329117e-03,
       5.69620263e-03, 5.06329117e-03, 6.96202554e-03, 2.53164559e-03,
       5.06329117e-03, 2.53164559e-03, 4.43037972e-03, 3.16455704e-03,
       7.59493653e-03, 1.32911392e-02, 5.69620263e-03, 3.16455704e-03,
       8.22784845e-03, 4.43037972e-03, 6.32911408e-03, 2.53164559e-03,
       0., 8.22784845e-03, 5.69620263e-03, 8.22784845e-03,
       2.53164559e-03, 3.79746826e-03, 4.43037972e-03, 5.06329117e-03,
       6.96202554e-03, 3.79746826e-03, 2.53164559e-03, 4.43037972e-03,
       6.32911408e-03, 3.79746826e-03, 2.53164559e-03, 1.01265823e-02,
       2.53164559e-03, 1.89873413e-03, 7.59493653e-03, 6.96202554e-03,
       4.43037972e-03, 1.89873413e-03, 8.22784845e-03, 8.22784845e-03,
       3.16455704e-03, 2.53164559e-03, 6.96202554e-03, 4.43037972e-03,
       2.53164559e-03 ]
