%YAML:1.0
m50f: !!opencv-matrix
   rows: 1
   cols: 200
   dt: f
   data: [ 5.13698626e-03, 2.85388110e-03, 5.70776220e-03,
       4.56620986e-03, 3.99543345e-03, 0., 4.56620986e-03,
       7.99086690e-03, 6.84931502e-03, 3.42465751e-03, 5.13698626e-03,
       1.71232875e-03, 2.85388110e-03, 3.99543345e-03, 3.99543345e-03,
       6.84931502e-03, 5.70776220e-03, 2.28310493e-03, 5.13698626e-03,
       5.13698626e-03, 1.71232875e-03, 4.56620986e-03, 3.42465751e-03,
       9.13241971e-03, 2.85388110e-03, 6.27853861e-03, 2.28310493e-03,
       5.70776220e-03, 3.99543345e-03, 1.14155246e-03, 4.56620986e-03,
       5.70776220e-03, 2.28310493e-03, 3.42465751e-03, 3.42465751e-03,
       6.84931502e-03, 2.28310493e-03, 8.56164377e-03, 8.56164377e-03,
       1.14155244e-02, 4.56620986e-03, 1.71232875e-03, 9.70319565e-03,
       1.71232875e-03, 1.14155246e-03, 4.56620986e-03, 3.42465751e-03,
       7.99086690e-03, 6.84931502e-03, 3.42465751e-03, 1.71232875e-03,
       4.56620986e-03, 2.85388110e-03, 6.27853861e-03, 3.99543345e-03,
       1.71232875e-03, 1.31278532e-02, 1.71232875e-03, 1.82648394e-02,
       6.84931502e-03, 2.28310493e-03, 4.56620986e-03, 5.13698626e-03,
       1.14155246e-03, 7.99086690e-03, 2.28310493e-03, 7.42009096e-03,
       2.22602729e-02, 1.14155244e-02, 5.70776232e-04, 1.14155246e-03,
       6.27853861e-03, 4.56620986e-03, 4.56620986e-03, 6.27853861e-03,
       1.71232875e-03, 1.88356154e-02, 1.08447485e-02, 1.42694060e-02,
       2.28310493e-03, 8.56164377e-03, 0., 1.71232875e-03,
       2.85388110e-03, 6.84931502e-03, 3.99543345e-03, 3.42465751e-03,
       3.99543345e-03, 6.27853861e-03, 7.42009096e-03, 1.25570772e-02,
       8.56164377e-03, 2.85388110e-03, 2.85388110e-03, 2.11187210e-02,
       5.70776232e-04, 1.02739725e-02, 1.42694060e-02, 1.25570772e-02,
       1.71232875e-03, 3.99543345e-03, 1.71232875e-03, 3.42465751e-03,
       1.71232875e-03, 1.59817338e-02, 3.99543345e-03, 1.19863013e-02,
       0., 1.08447485e-02, 1.71232875e-03, 3.42465751e-03,
       3.42465751e-03, 5.13698626e-03, 1.14155246e-03, 3.42465751e-03,
       6.84931502e-03, 1.31278532e-02, 2.85388110e-03, 2.85388110e-03,
       1.71232875e-03, 2.85388110e-03, 5.70776220e-03, 5.70776220e-03,
       2.28310493e-03, 3.42465751e-03, 4.56620986e-03, 7.42009096e-03,
       2.85388110e-03, 3.99543345e-03, 6.84931502e-03, 2.85388110e-03,
       3.99543345e-03, 5.13698626e-03, 2.28310493e-03, 2.28310493e-03,
       7.42009096e-03, 3.42465751e-03, 0., 7.42009096e-03,
       3.99543345e-03, 1.14155246e-03, 3.99543345e-03, 5.70776232e-04,
       3.42465751e-03, 6.27853861e-03, 2.85388110e-03, 3.42465751e-03,
       5.70776220e-03, 2.28310493e-03, 8.56164377e-03, 5.70776220e-03,
       3.42465751e-03, 6.84931502e-03, 2.28310493e-03, 3.99543345e-03,
       3.99543345e-03, 3.42465751e-03, 4.56620986e-03, 4.56620986e-03,
       4.56620986e-03, 2.85388110e-03, 7.42009096e-03, 1.71232875e-03,
       2.85388110e-03, 6.84931502e-03, 5.70776220e-03, 5.70776232e-04,
       3.99543345e-03, 3.99543345e-03, 3.99543345e-03, 5.13698626e-03,
       3.42465751e-03, 1.71232875e-03, 2.28310493e-03, 5.70776220e-03,
       2.28310493e-03, 3.99543345e-03, 2.85388110e-03, 8.56164377e-03,
       6.84931502e-03, 6.84931502e-03, 3.99543345e-03, 9.13241971e-03,
       5.70776220e-03, 0., 1.71232875e-03, 7.99086690e-03,
       1.71232875e-03, 2.85388110e-03, 1.71232875e-03, 5.13698626e-03,
       6.27853861e-03, 5.70776220e-03, 9.70319565e-03, 2.85388110e-03,
       5.70776232e-04, 2.28310493e-03, 5.13698626e-03, 7.42009096e-03,
       4.56620986e-03 ]
