%YAML:1.0
m50f: !!opencv-matrix
   rows: 1
   cols: 200
   dt: f
   data: [ 2.09205016e-03, 3.66108771e-03, 1.04602508e-03,
       2.09205016e-03, 3.66108771e-03, 5.75313810e-03, 1.04602510e-02,
       7.84518849e-03, 6.27615023e-03, 5.23012539e-04, 1.04602508e-03,
       3.66108771e-03, 3.13807512e-03, 1.25523005e-02, 2.09205016e-03,
       1.20292883e-02, 9.41422582e-03, 7.84518849e-03, 0.,
       3.13807512e-03, 0., 8.89121275e-03, 3.13807512e-03,
       5.23012551e-03, 8.36820062e-03, 5.23012551e-03, 4.18410031e-03,
       3.66108771e-03, 3.13807512e-03, 2.61506275e-03, 7.84518849e-03,
       1.88284516e-02, 5.23012539e-04, 5.23012539e-04, 1.09832631e-02,
       5.75313810e-03, 1.56903756e-03, 5.23012551e-03, 4.18410031e-03,
       1.25523005e-02, 3.13807512e-03, 3.13807512e-03, 6.79916283e-03,
       3.13807512e-03, 2.09205016e-03, 1.56903756e-03, 2.09205016e-03,
       8.89121275e-03, 7.84518849e-03, 2.61506275e-03, 2.61506275e-03,
       7.84518849e-03, 3.66108771e-03, 3.13807512e-03, 9.41422582e-03,
       2.61506275e-03, 3.66108771e-03, 1.04602508e-03, 3.66108771e-03,
       1.56903756e-03, 2.61506275e-03, 7.84518849e-03, 0.,
       4.18410031e-03, 8.89121275e-03, 4.18410031e-03, 2.09205016e-03,
       5.23012551e-03, 1.41213387e-02, 1.56903756e-03, 3.13807512e-03,
       0., 8.89121275e-03, 3.66108771e-03, 3.13807512e-03,
       1.04602508e-03, 1.56903770e-02, 8.89121275e-03, 1.41213387e-02,
       2.61506275e-03, 1.30753135e-02, 1.56903756e-03, 3.13807512e-03,
       3.13807512e-03, 7.84518849e-03, 1.04602508e-03, 1.04602508e-03,
       3.13807512e-03, 8.36820062e-03, 3.66108771e-03, 5.23012551e-03,
       5.75313810e-03, 3.13807512e-03, 5.23012539e-04, 1.62133891e-02,
       4.18410031e-03, 3.66108771e-03, 1.51673639e-02, 1.72594134e-02,
       5.23012539e-04, 5.75313810e-03, 1.56903756e-03, 2.09205016e-03,
       1.62133891e-02, 1.04602510e-02, 1.04602508e-03, 1.41213387e-02,
       2.09205016e-03, 1.15062762e-02, 1.04602508e-03, 5.75313810e-03,
       4.18410031e-03, 4.70711291e-03, 4.18410031e-03, 4.70711291e-03,
       2.61506275e-03, 5.23012551e-03, 2.61506275e-03, 5.23012551e-03,
       1.56903756e-03, 1.56903756e-03, 3.66108771e-03, 5.23012551e-03,
       1.56903756e-03, 7.84518849e-03, 2.61506275e-03, 7.84518849e-03,
       5.23012551e-03, 1.41213387e-02, 6.27615023e-03, 2.09205016e-03,
       2.61506275e-03, 1.56903756e-03, 5.23012539e-04, 1.04602508e-03,
       1.04602508e-03, 0., 2.09205016e-03, 5.23012551e-03,
       8.89121275e-03, 4.70711291e-03, 1.04602508e-03, 1.04602508e-03,
       2.09205016e-03, 6.79916283e-03, 5.23012539e-04, 7.32217543e-03,
       1.56903770e-02, 5.75313810e-03, 9.41422582e-03, 8.89121275e-03,
       3.13807512e-03, 4.70711291e-03, 2.61506275e-03, 3.13807512e-03,
       6.27615023e-03, 5.23012551e-03, 7.84518849e-03, 5.23012539e-04,
       6.79916283e-03, 7.84518849e-03, 4.70711291e-03, 6.79916283e-03,
       4.18410031e-03, 1.56903770e-02, 5.75313810e-03, 3.66108771e-03,
       3.13807512e-03, 5.23012551e-03, 5.23012551e-03, 3.66108771e-03,
       5.23012539e-04, 5.23012551e-03, 3.66108771e-03, 2.61506275e-03,
       3.13807512e-03, 3.13807512e-03, 6.27615023e-03, 4.70711291e-03,
       5.75313810e-03, 4.18410031e-03, 1.04602508e-03, 4.70711291e-03,
       5.23012551e-03, 1.56903756e-03, 1.04602508e-03, 6.79916283e-03,
       5.23012551e-03, 1.04602508e-03, 3.13807512e-03, 8.36820062e-03,
       1.56903756e-03, 2.61506275e-03, 1.09832631e-02, 6.79916283e-03,
       4.70711291e-03, 4.70711291e-03, 4.70711291e-03, 3.66108771e-03,
       4.70711291e-03 ]
