%YAML:1.0
m50f: !!opencv-matrix
   rows: 1
   cols: 200
   dt: f
   data: [ 5.98444045e-03, 4.78755217e-03, 7.18132826e-03,
       3.59066413e-03, 0., 8.97666067e-03, 4.78755217e-03,
       1.67564321e-02, 1.19688804e-03, 9.57510434e-03, 5.98444045e-03,
       2.99222022e-03, 4.18910803e-03, 1.37642128e-02, 6.58288412e-03,
       1.79533213e-02, 1.91502087e-02, 2.99222022e-03, 5.98444021e-04,
       1.19688804e-03, 1.79533206e-03, 1.07719926e-02, 0.,
       1.49611002e-02, 5.98444021e-04, 7.77977239e-03, 4.78755217e-03,
       5.98444021e-04, 5.98444021e-04, 5.98444021e-04, 1.07719926e-02,
       8.37821607e-03, 1.19688804e-03, 9.57510434e-03, 1.79533206e-03,
       5.98444045e-03, 2.39377609e-03, 5.98444045e-03, 2.99222022e-03,
       6.58288412e-03, 5.98444021e-04, 2.39377609e-03, 6.58288412e-03,
       5.98444021e-04, 2.99222022e-03, 1.19688804e-03, 1.19688804e-03,
       0., 1.01735480e-02, 1.19688804e-03, 1.79533206e-03,
       8.37821607e-03, 1.19688804e-03, 2.99222022e-03, 1.19688804e-03,
       5.98444021e-04, 1.07719926e-02, 5.38599631e-03, 8.37821607e-03,
       2.39377609e-03, 5.98444021e-04, 4.18910803e-03, 3.59066413e-03,
       1.19688804e-03, 8.37821607e-03, 2.99222022e-03, 8.37821607e-03,
       1.79533206e-03, 4.18910803e-03, 1.19688804e-03, 5.98444021e-04,
       6.58288412e-03, 2.39377609e-03, 4.18910803e-03, 1.01735480e-02,
       3.59066413e-03, 1.49611002e-02, 4.78755217e-03, 2.57330928e-02,
       1.79533206e-03, 7.18132826e-03, 5.98444021e-04, 7.77977239e-03,
       3.59066413e-03, 1.19688809e-02, 1.79533206e-03, 3.59066413e-03,
       2.39377609e-03, 5.98444045e-03, 1.79533206e-03, 8.37821607e-03,
       8.97666067e-03, 4.18910803e-03, 5.98444021e-04, 7.18132826e-03,
       1.79533206e-03, 2.39377609e-03, 1.79533206e-03, 1.31657682e-02,
       0., 1.01735480e-02, 1.79533206e-03, 2.39377609e-03,
       8.37821607e-03, 7.77977239e-03, 0., 5.38599631e-03,
       1.19688809e-02, 8.37821607e-03, 2.99222022e-03, 5.38599631e-03,
       3.59066413e-03, 7.18132826e-03, 1.19688804e-03, 1.19688804e-03,
       5.98444021e-04, 1.37642128e-02, 3.59066413e-03, 2.99222022e-03,
       4.18910803e-03, 5.98444021e-04, 2.39377609e-03, 5.38599631e-03,
       5.98444021e-04, 1.79533206e-03, 2.99222022e-03, 1.85517650e-02,
       5.38599631e-03, 1.19688804e-03, 2.39377609e-03, 4.18910803e-03,
       1.01735480e-02, 1.13704363e-02, 5.98444021e-04, 1.79533206e-03,
       8.37821607e-03, 1.79533213e-02, 5.98444021e-04, 3.59066413e-03,
       2.99222022e-03, 3.59066413e-03, 5.98444045e-03, 5.98444021e-04,
       1.79533206e-03, 4.18910803e-03, 1.19688804e-03, 4.18910803e-03,
       1.19688804e-03, 2.99222022e-03, 1.97486524e-02, 2.99222022e-03,
       1.79533206e-03, 1.19688804e-03, 0., 7.77977239e-03,
       3.59066413e-03, 8.37821607e-03, 8.37821607e-03, 1.79533206e-03,
       1.79533206e-03, 1.79533206e-03, 5.98444045e-03, 9.57510434e-03,
       3.59066413e-03, 8.37821607e-03, 8.37821607e-03, 1.79533206e-03,
       2.99222022e-03, 4.18910803e-03, 4.78755217e-03, 5.98444045e-03,
       7.18132826e-03, 9.57510434e-03, 6.58288412e-03, 1.25673246e-02,
       7.77977239e-03, 1.79533206e-03, 2.39377609e-03, 5.38599631e-03,
       8.37821607e-03, 2.39377609e-03, 2.39377609e-03, 8.97666067e-03,
       2.39377609e-03, 1.19688804e-03, 1.79533206e-03, 4.78755217e-03,
       8.37821607e-03, 3.59066413e-03, 1.13704363e-02, 3.59066413e-03,
       4.18910803e-03, 1.19688804e-03, 5.98444045e-03, 7.18132826e-03,
       1.19688804e-03, 1.79533206e-03, 1.19688804e-03, 2.99222022e-03,
       2.39377609e-03 ]
