%YAML:1.0
m25n: !!opencv-matrix
   rows: 1
   cols: 200
   dt: f
   data: [ 5.21376450e-03, 4.17101150e-03, 2.08550575e-03, 0., 0., 0.,
       5.21376450e-03, 1.35557875e-02, 2.08550575e-03, 1.35557875e-02,
       3.12825851e-03, 0., 0., 2.08550580e-02, 3.12825851e-03,
       1.04275290e-02, 1.25130340e-02, 1.04275288e-03, 1.04275288e-03,
       3.12825851e-03, 6.25651702e-03, 1.04275290e-02, 1.04275288e-03,
       8.34202301e-03, 2.08550575e-03, 7.29927002e-03, 5.21376450e-03,
       4.17101150e-03, 1.04275288e-03, 1.04275288e-03, 3.12825851e-03,
       1.77267995e-02, 3.12825851e-03, 1.45985400e-02, 2.08550575e-03,
       0., 3.12825851e-03, 5.21376450e-03, 1.04275288e-03,
       8.34202301e-03, 1.25130340e-02, 2.08550575e-03, 2.08550575e-03,
       1.04275288e-03, 3.12825851e-03, 0., 3.12825851e-03, 0.,
       8.34202301e-03, 2.08550575e-03, 2.08550575e-03, 3.12825851e-03,
       2.08550575e-03, 4.17101150e-03, 2.08550575e-03, 1.04275288e-03,
       6.25651702e-03, 0., 7.29927002e-03, 7.29927002e-03,
       3.12825851e-03, 2.08550575e-03, 4.17101150e-03, 3.12825851e-03,
       5.21376450e-03, 7.29927002e-03, 5.21376450e-03, 2.08550575e-03,
       1.04275290e-02, 2.08550575e-03, 1.04275288e-03, 0.,
       1.14702815e-02, 1.04275288e-03, 3.12825851e-03, 2.08550575e-03,
       7.29927048e-02, 2.08550575e-03, 2.08550580e-02, 1.04275288e-03,
       3.12825851e-03, 1.04275288e-03, 1.04275288e-03, 2.08550575e-03,
       1.14702815e-02, 3.12825851e-03, 6.25651702e-03, 1.04275288e-03,
       8.34202301e-03, 5.21376450e-03, 4.17101150e-03, 7.29927002e-03,
       6.25651702e-03, 2.08550575e-03, 2.60688215e-02, 2.08550575e-03,
       1.35557875e-02, 5.21376450e-03, 3.23253386e-02, 2.08550575e-03,
       2.08550575e-03, 4.17101150e-03, 5.21376450e-03, 3.12825851e-03,
       3.12825851e-03, 1.04275288e-03, 1.25130340e-02, 3.12825851e-03,
       8.34202301e-03, 2.08550575e-03, 2.08550575e-03, 5.21376450e-03,
       1.14702815e-02, 2.08550575e-03, 1.04275288e-03, 2.08550575e-03,
       9.38477553e-03, 1.04275288e-03, 0., 0., 0., 3.12825851e-03,
       5.21376450e-03, 0., 0., 6.25651702e-03, 1.35557875e-02,
       2.08550575e-03, 1.04275288e-03, 5.21376450e-03, 5.21376450e-03,
       4.17101150e-03, 3.12825851e-03, 1.04275288e-03, 0.,
       1.25130340e-02, 1.77267995e-02, 2.08550575e-03, 1.04275288e-03,
       3.12825851e-03, 2.08550575e-03, 9.38477553e-03, 4.17101150e-03,
       1.04275288e-03, 2.08550575e-03, 1.04275288e-03, 4.17101150e-03,
       3.12825851e-03, 1.04275288e-03, 1.25130340e-02, 3.12825851e-03,
       2.08550575e-03, 0., 2.08550575e-03, 4.17101150e-03,
       3.12825851e-03, 4.17101150e-03, 1.56412926e-02, 0.,
       5.21376450e-03, 1.04275288e-03, 1.04275288e-03, 1.04275290e-02,
       5.21376450e-03, 2.39833165e-02, 5.21376450e-03, 3.12825851e-03,
       4.17101150e-03, 2.08550575e-03, 4.17101150e-03, 1.04275288e-03,
       2.08550575e-03, 5.21376450e-03, 3.12825851e-03, 0.,
       1.04275288e-03, 2.08550575e-03, 3.12825851e-03, 9.38477553e-03,
       4.17101150e-03, 1.04275288e-03, 0., 1.25130340e-02, 0., 0., 0.,
       2.50260681e-02, 2.08550575e-03, 0., 4.17101150e-03,
       1.04275288e-03, 1.04275288e-03, 3.12825851e-03, 6.25651702e-03,
       5.21376450e-03, 0., 2.08550575e-03, 8.34202301e-03,
       3.12825851e-03, 6.25651702e-03 ]
