%YAML:1.0
m25n: !!opencv-matrix
   rows: 1
   cols: 200
   dt: f
   data: [ 3.12662823e-03, 1.04220945e-03, 6.25325646e-03,
       3.12662823e-03, 5.47159947e-02, 0., 8.33767559e-03,
       5.21104725e-04, 2.60552368e-03, 1.35487225e-02, 2.60552368e-03,
       4.68994258e-03, 2.60552368e-03, 5.73215215e-03, 3.64773301e-03,
       1.04220947e-02, 1.04220945e-03, 2.60552368e-03, 7.81657081e-03,
       6.25325646e-03, 2.60552368e-03, 4.68994258e-03, 5.21104725e-04,
       2.08441890e-03, 4.68994258e-03, 3.64773301e-03, 1.56331412e-03,
       5.73215215e-03, 1.09431995e-02, 3.12662823e-03, 2.08441890e-03,
       1.56331412e-03, 1.56331412e-03, 4.16883780e-03, 2.08441890e-03,
       2.60552368e-03, 3.12662823e-03, 7.29546603e-03, 2.60552368e-03,
       4.68994258e-03, 4.16883780e-03, 3.12662823e-03, 1.04220945e-03,
       4.68994258e-03, 5.21104736e-03, 4.68994258e-03, 3.12662823e-03,
       9.90098994e-03, 1.56331412e-03, 7.29546603e-03, 7.81657081e-03,
       1.35487225e-02, 1.09431995e-02, 4.68994258e-03, 8.33767559e-03,
       2.60552368e-03, 0., 5.21104725e-04, 1.35487225e-02,
       4.68994258e-03, 4.16883780e-03, 8.33767559e-03, 3.12662823e-03,
       3.12662823e-03, 5.21104725e-04, 4.16883780e-03, 1.56331416e-02,
       1.45909321e-02, 4.68994258e-03, 0., 6.77436125e-03,
       1.14643043e-02, 7.29546603e-03, 1.04220945e-03, 0.,
       3.12662823e-03, 4.16883780e-03, 1.35487225e-02, 0.,
       4.16883780e-03, 6.20114617e-02, 2.08441890e-03, 1.56331412e-03,
       5.21104725e-04, 0., 7.29546603e-03, 3.12662823e-03,
       5.21104725e-04, 2.08441890e-03, 5.21104736e-03, 5.21104736e-03,
       1.56331412e-03, 1.56331412e-03, 2.08441890e-03, 9.37988516e-03,
       2.08441890e-03, 2.60552368e-03, 7.29546603e-03, 4.68994258e-03,
       3.12662823e-03, 5.21104736e-03, 7.29546603e-03, 4.16883780e-03,
       1.56331412e-03, 1.56331416e-02, 1.14643043e-02, 7.29546603e-03,
       5.21104725e-04, 1.14643043e-02, 3.64773301e-03, 1.56331412e-03,
       7.81657081e-03, 7.29546603e-03, 4.16883780e-03, 2.08441890e-03,
       2.08441890e-03, 1.56331412e-03, 1.56331412e-03, 0.,
       2.08441890e-03, 0., 5.73215215e-03, 1.04220945e-03,
       4.16883780e-03, 6.77436125e-03, 9.37988516e-03, 5.21104725e-04,
       2.60552368e-03, 3.12662823e-03, 1.19854091e-02, 1.04220945e-03,
       5.73215215e-03, 5.21104725e-04, 3.64773301e-03, 7.29546603e-03,
       4.68994258e-03, 3.12662823e-03, 6.77436125e-03, 1.04220945e-03,
       1.92808751e-02, 2.60552368e-03, 3.64773301e-03, 3.12662823e-03,
       5.21104725e-04, 1.04220947e-02, 2.08441890e-03, 1.04220945e-03,
       3.64773301e-03, 2.08441890e-03, 0., 4.68994258e-03,
       4.16883780e-03, 8.85878038e-03, 1.30276177e-02, 1.04220945e-03,
       1.04220945e-03, 5.21104725e-04, 3.12662823e-03, 2.60552368e-03,
       3.12662823e-03, 2.08441890e-03, 1.35487225e-02, 1.56331412e-03,
       1.40698273e-02, 5.21104736e-03, 5.21104725e-04, 1.04220945e-03,
       4.68994258e-03, 3.64773301e-03, 3.64773301e-03, 1.56331412e-03,
       1.04220947e-02, 5.21104725e-04, 7.29546603e-03, 0., 0.,
       5.73215215e-03, 2.08441890e-03, 0., 0., 4.16883780e-03,
       2.60552368e-03, 5.21104725e-04, 9.90098994e-03, 4.16883780e-03,
       5.21104725e-04, 1.87597703e-02, 4.68994258e-03, 0.,
       1.56331412e-03, 4.16883780e-03, 2.08441890e-03, 0.,
       7.29546603e-03, 4.68994258e-03, 1.04220947e-02, 4.16883780e-03,
       8.85878038e-03, 6.77436125e-03, 1.04220945e-03 ]
