%YAML:1.0
m25n: !!opencv-matrix
   rows: 1
   cols: 200
   dt: f
   data: [ 2.21729488e-03, 5.54323720e-04, 1.33037698e-02,
       2.77161854e-03, 0., 2.21729488e-03, 2.21729488e-03,
       2.21729488e-03, 2.77161854e-03, 4.98891342e-03, 4.98891342e-03,
       2.21729488e-03, 7.20620854e-03, 4.43458976e-03, 1.10864744e-03,
       1.55210644e-02, 3.21507752e-02, 2.77161854e-03, 8.86917952e-03,
       4.43458976e-03, 3.32594244e-03, 1.10864744e-03, 1.10864744e-03,
       1.21951215e-02, 2.21729488e-03, 1.10864744e-03, 1.10864744e-03,
       4.43458976e-03, 9.42350365e-03, 5.54323709e-03, 3.32594244e-03,
       9.97782685e-03, 1.10864744e-03, 3.32594244e-03, 6.09756075e-03,
       2.88248342e-02, 5.54323720e-04, 3.88026610e-03, 2.77161854e-03,
       4.43458976e-03, 2.77161854e-03, 5.54323720e-04, 0.,
       3.88026610e-03, 1.66297122e-03, 0., 2.21729488e-03,
       1.66297122e-03, 5.54323709e-03, 6.65188488e-03, 3.88026610e-03,
       5.54323709e-03, 1.66297122e-03, 3.32594244e-03, 0.,
       5.54323720e-04, 5.54323720e-04, 2.71618627e-02, 4.43458976e-03,
       5.54323709e-03, 3.32594244e-03, 2.21729488e-03, 4.43458976e-03,
       1.66297122e-03, 1.49667403e-02, 1.10864744e-03, 2.21729488e-03,
       4.98891342e-03, 7.20620854e-03, 2.77161854e-03, 6.09756075e-03,
       3.88026610e-03, 4.43458976e-03, 3.88026610e-03, 7.76053220e-03,
       5.54323709e-03, 2.05099769e-02, 5.54323720e-04, 1.10864744e-03,
       1.10864744e-03, 1.10864744e-03, 1.66297122e-03, 1.10864744e-03,
       3.88026610e-03, 2.99334805e-02, 1.66297122e-03, 6.09756075e-03,
       8.31485540e-03, 3.32594244e-03, 2.77161854e-03, 3.88026610e-03,
       1.66297122e-03, 2.21729488e-03, 2.21729488e-03, 8.86917952e-03,
       3.32594244e-03, 1.27494456e-02, 3.88026610e-03, 1.44124171e-02,
       6.09756075e-03, 2.21729488e-03, 6.09756075e-03, 3.32594244e-03,
       8.86917952e-03, 8.31485540e-03, 1.10864744e-03, 7.76053220e-03,
       2.77161854e-03, 3.88026610e-03, 8.31485540e-03, 2.77161854e-03,
       3.32594244e-03, 1.16407983e-02, 1.10864744e-03, 1.66297122e-03,
       2.77161854e-03, 5.54323709e-03, 1.66297122e-03, 5.54323720e-04,
       2.21729488e-03, 2.77161854e-03, 3.88026610e-03, 7.76053220e-03,
       3.32594244e-03, 2.77161854e-03, 2.77161854e-03, 2.21729488e-03,
       4.43458976e-03, 7.20620854e-03, 3.60310413e-02, 2.21729488e-03,
       1.66297122e-03, 1.66297122e-03, 7.76053220e-03, 5.54323720e-04,
       4.98891342e-03, 7.20620854e-03, 1.10864744e-03, 2.21729488e-03,
       1.10864744e-03, 1.66297122e-03, 3.32594244e-03, 1.10864742e-02,
       5.54323709e-03, 4.98891342e-03, 3.88026610e-03, 3.88026610e-03,
       7.76053220e-03, 5.54323720e-04, 1.66297122e-03, 4.98891342e-03,
       6.65188488e-03, 2.21729488e-03, 2.77161854e-03, 5.54323720e-04,
       5.54323709e-03, 2.77161854e-03, 3.32594244e-03, 3.32594244e-03,
       2.77161854e-03, 5.54323720e-04, 7.20620854e-03, 1.66297122e-03,
       1.66297122e-03, 9.42350365e-03, 4.98891342e-03, 0.,
       6.65188488e-03, 5.54323709e-03, 1.60753876e-02, 5.54323720e-04,
       4.98891342e-03, 1.44124171e-02, 7.76053220e-03, 3.32594244e-03,
       0., 2.21729488e-03, 2.77161854e-03, 7.76053220e-03,
       5.54323720e-04, 4.98891342e-03, 1.66297122e-03, 4.26829271e-02,
       3.88026610e-03, 1.66297122e-03, 1.10864744e-03, 4.98891342e-03,
       2.21729488e-03, 2.77161854e-03, 4.43458976e-03, 3.88026610e-03,
       1.66297122e-03, 2.77161854e-03, 6.65188488e-03, 1.10864744e-03,
       3.88026610e-03, 5.54323720e-04, 5.54323709e-03, 1.55210644e-02,
       1.66297122e-03 ]
