%YAML:1.0
m25n: !!opencv-matrix
   rows: 1
   cols: 200
   dt: f
   data: [ 1.15321251e-02, 2.88303127e-03, 1.56507418e-02,
       3.29489284e-03, 0., 6.58978568e-03, 3.29489284e-03,
       2.88303127e-03, 5.76606253e-03, 3.66556831e-02, 2.47116969e-03,
       4.94233938e-03, 1.23558484e-03, 3.29489284e-03, 3.29489284e-03,
       1.52388792e-02, 5.35420096e-03, 3.70675442e-03, 5.35420096e-03,
       4.94233938e-03, 4.94233938e-03, 1.64744642e-03, 3.70675442e-03,
       8.23723210e-04, 2.88303127e-03, 2.88303127e-03, 2.88303127e-03,
       5.76606253e-03, 4.11861605e-04, 1.64744642e-03, 7.41350884e-03,
       2.88303127e-03, 2.88303127e-03, 1.15321251e-02, 4.53047780e-03,
       5.76606253e-03, 2.05930811e-03, 9.88467876e-03, 4.53047780e-03,
       2.05930811e-03, 2.88303127e-03, 4.94233938e-03, 3.70675442e-03,
       1.23558484e-03, 2.05930811e-03, 3.70675442e-03, 8.23723210e-04,
       2.05930811e-03, 3.29489284e-03, 4.11861623e-03, 2.47116969e-03,
       1.07084019e-02, 1.23558484e-03, 3.29489284e-03, 2.47116969e-03,
       5.76606253e-03, 4.11861605e-04, 4.11861623e-03, 9.88467876e-03,
       3.29489284e-03, 3.70675442e-03, 4.94233938e-03, 2.88303127e-03,
       4.53047780e-03, 1.64744642e-03, 2.88303127e-03, 2.88303122e-02,
       4.94233938e-03, 2.88303127e-03, 4.11861623e-03, 4.11861605e-04,
       9.06095561e-03, 1.40032945e-02, 1.23558484e-03, 8.23723210e-04,
       1.02965403e-02, 7.41350884e-03, 6.58978568e-03, 1.64744642e-03,
       2.47116969e-03, 1.23558484e-03, 4.94233938e-03, 6.17792411e-03,
       4.53047780e-03, 2.88303127e-03, 7.41350884e-03, 1.68863256e-02,
       5.76606253e-03, 2.05930811e-03, 4.11861623e-03, 0.,
       2.47116969e-03, 3.70675442e-03, 2.05930811e-03, 1.68863256e-02,
       4.53047780e-03, 8.64909403e-03, 5.76606253e-03, 4.94233938e-03,
       6.58978568e-03, 3.29489284e-03, 8.23723245e-03, 5.35420096e-03,
       1.23558484e-03, 2.22405270e-02, 6.17792411e-03, 5.35420096e-03,
       4.11861623e-03, 1.60626024e-02, 1.64744642e-03, 6.17792411e-03,
       4.94233938e-03, 2.88303127e-03, 4.11861605e-04, 2.88303127e-03,
       4.11861623e-03, 3.70675442e-03, 8.23723210e-04, 1.23558484e-03,
       7.00164726e-03, 7.41350884e-03, 4.94233938e-03, 4.11861605e-04,
       6.58978568e-03, 2.47116969e-03, 3.29489284e-03, 1.23558484e-03,
       4.94233938e-03, 1.23558482e-02, 1.35914329e-02, 2.47116969e-03,
       4.53047780e-03, 2.47116969e-03, 9.06095561e-03, 4.53047780e-03,
       1.93574950e-02, 1.19439866e-02, 2.88303127e-03, 2.47116969e-03,
       3.29489284e-03, 8.23723210e-04, 1.07084019e-02, 3.70675442e-03,
       2.05930811e-03, 1.56507418e-02, 3.29489284e-03, 3.70675442e-03,
       1.31795714e-02, 2.05930811e-03, 6.58978568e-03, 4.53047780e-03,
       4.94233938e-03, 2.88303127e-03, 5.35420096e-03, 4.94233938e-03,
       4.11861605e-04, 1.23558484e-03, 3.29489284e-03, 1.64744642e-03,
       1.64744642e-03, 4.11861623e-03, 9.06095561e-03, 3.29489284e-03,
       8.23723245e-03, 4.94233938e-03, 2.47116969e-03, 4.11861623e-03,
       7.41350884e-03, 3.70675442e-03, 4.11861623e-03, 3.29489284e-03,
       7.82537088e-03, 1.23558484e-03, 3.29489284e-03, 3.70675442e-03,
       4.11861605e-04, 6.58978568e-03, 6.58978568e-03, 1.23558484e-03,
       2.88303127e-03, 3.70675442e-03, 3.29489284e-03, 2.26523876e-02,
       4.11861605e-04, 8.23723210e-04, 1.64744642e-03, 6.58978568e-03,
       2.05930811e-03, 3.29489284e-03, 2.88303127e-03, 1.64744642e-03,
       1.23558484e-03, 1.64744642e-03, 4.53047780e-03, 1.64744642e-03,
       8.23723210e-04, 2.05930811e-03, 4.11861623e-03, 3.29489284e-03,
       3.29489284e-03 ]
