%YAML:1.0
m25f: !!opencv-matrix
   rows: 1
   cols: 800
   dt: f
   data: [ 0., 0., 0., 1.55520998e-03, 0., 0., 0., 9.33125988e-03,
       1.55520998e-02, 1.55520998e-03, 1.55520998e-03, 0., 0.,
       1.55520998e-03, 3.11041996e-03, 3.11041996e-03, 0., 0., 0., 0.,
       0., 0., 0., 0., 7.77604990e-03, 3.11041996e-03, 0.,
       6.22083992e-03, 0., 1.55520998e-03, 4.66562994e-03, 0.,
       4.66562994e-03, 0., 1.55520998e-03, 1.55520998e-03,
       1.55520998e-03, 1.55520998e-03, 0., 0., 0., 0., 0., 0., 0., 0.,
       0., 1.55520998e-03, 0., 0., 0., 0., 3.11041996e-03, 0.,
       3.11041996e-03, 1.55520998e-03, 0., 0., 0., 0., 0., 0.,
       1.55520998e-03, 3.11041996e-03, 1.55520998e-03, 1.55520998e-03,
       1.55520998e-03, 6.22083992e-03, 0., 1.55520998e-03,
       1.55520998e-03, 0., 3.11041996e-03, 1.55520998e-03,
       1.55520998e-03, 4.66562994e-03, 0., 1.55520998e-03, 0.,
       4.66562994e-03, 1.55520998e-03, 1.55520998e-03, 1.08864699e-02,
       1.55520998e-03, 1.55520998e-03, 6.22083992e-03, 0.,
       1.55520998e-03, 0., 0., 0., 0., 0., 0., 0., 1.55520998e-03,
       1.55520998e-03, 0., 0., 0., 0., 0., 0., 6.22083992e-03, 0., 0.,
       6.22083992e-03, 1.55520998e-03, 0., 3.11041996e-03,
       1.55520998e-03, 0., 0., 0., 0., 0., 4.66562994e-03, 0.,
       3.11041996e-03, 0., 0., 0., 1.55520998e-03, 0., 0., 0.,
       6.22083992e-03, 3.11041996e-03, 4.66562994e-03, 0.,
       1.55520998e-03, 2.02177297e-02, 3.11041996e-03, 0., 0., 0., 0.,
       0., 0., 1.55520998e-03, 0., 0., 0., 0., 9.33125988e-03, 0.,
       1.55520998e-03, 1.55520998e-03, 4.66562994e-03, 0.,
       1.55520998e-03, 0., 0., 0., 1.55520998e-03, 0., 1.55520998e-03,
       4.66562994e-03, 0., 0., 0., 1.55520998e-03, 0., 0.,
       1.55520998e-03, 1.55520998e-03, 1.55520998e-03, 4.66562994e-03,
       0., 0., 1.55520998e-03, 1.55520998e-03, 0., 0., 0.,
       1.55520998e-03, 1.55520998e-03, 1.55520998e-03, 0., 0., 0., 0.,
       4.66562994e-03, 0., 1.55520998e-03, 1.55520998e-03,
       3.11041996e-03, 3.11041996e-03, 0., 0., 3.11041996e-03, 0.,
       6.22083992e-03, 0., 4.66562994e-03, 0., 0., 3.11041996e-03, 0.,
       0., 0., 0., 0., 0., 0., 0., 0., 0., 0., 0., 1.55520998e-03, 0.,
       0., 0., 1.55520998e-03, 0., 4.66562994e-03, 0., 1.39968898e-02,
       3.11041996e-03, 0., 4.66562994e-03, 0., 1.55520998e-03, 0.,
       1.55520998e-03, 0., 1.55520998e-03, 1.55520998e-03,
       1.55520998e-03, 1.55520998e-03, 3.11041996e-03, 0.,
       1.55520998e-03, 0., 0., 1.55520998e-03, 0., 0., 0., 0., 0.,
       1.55520998e-03, 0., 3.11041996e-03, 1.55520998e-03,
       1.55520998e-03, 1.55520998e-03, 0., 4.66562994e-03, 0.,
       1.55520998e-03, 1.55520998e-03, 0., 4.66562994e-03,
       1.55520998e-03, 0., 0., 4.66562994e-03, 0., 0., 0.,
       3.11041996e-03, 0., 0., 0., 3.11041996e-03, 0., 3.11041996e-03,
       0., 1.55520998e-03, 0., 4.66562994e-03, 0., 7.77604990e-03, 0.,
       0., 1.55520998e-03, 0., 0., 1.55520998e-03, 1.55520998e-03, 0.,
       0., 1.55520998e-03, 0., 3.11041996e-03, 4.66562994e-03, 0., 0.,
       0., 3.11041996e-03, 0., 0., 1.55520998e-02, 3.11041996e-03,
       3.11041996e-03, 0., 1.55520998e-03, 3.11041996e-03,
       1.55520998e-03, 1.55520998e-03, 1.55520998e-03, 0., 0.,
       1.55520998e-03, 0., 4.66562994e-03, 1.55520998e-03,
       3.11041996e-03, 1.71073098e-02, 3.11041996e-03, 1.55520998e-03,
       0., 0., 0., 0., 0., 0., 0., 0., 1.55520998e-03, 0., 0.,
       6.22083992e-03, 0., 0., 0., 3.11041996e-03, 0., 0., 0.,
       3.11041996e-03, 0., 0., 1.55520998e-03, 6.22083992e-03, 0., 0.,
       0., 0., 0., 0., 0., 4.66562994e-03, 1.55520998e-03,
       3.11041996e-03, 6.22083992e-03, 0., 0., 0., 0., 0., 0., 0., 0.,
       0., 1.55520998e-03, 0., 1.55520998e-03, 0., 0., 0., 0.,
       1.55520998e-03, 0., 1.55520998e-03, 3.11041996e-03, 0., 0., 0.,
       0., 1.55520998e-03, 0., 0., 0., 0., 0., 1.55520998e-03, 0., 0.,
       0., 0., 0., 6.22083992e-03, 0., 0., 0., 1.55520998e-03, 0., 0.,
       0., 1.55520998e-03, 0., 0., 0., 6.22083992e-03, 0., 0., 0., 0.,
       1.55520998e-03, 0., 3.11041996e-03, 0., 0., 0., 0.,
       4.66562994e-03, 0., 0., 0., 0., 1.55520998e-03, 0.,
       3.11041996e-03, 0., 0., 0., 0., 1.55520998e-03, 0.,
       1.55520998e-03, 1.55520998e-03, 1.55520998e-03, 0.,
       3.11041996e-03, 0., 1.55520998e-03, 0., 1.55520998e-03, 0.,
       1.55520998e-03, 0., 1.55520998e-03, 1.55520998e-03, 0., 0., 0.,
       1.55520998e-03, 0., 1.55520998e-03, 0., 0., 4.66562994e-03,
       1.55520998e-03, 1.55520998e-03, 1.55520998e-03, 1.55520998e-03,
       1.55520998e-03, 3.11041996e-03, 0., 0., 0., 0., 1.55520998e-03,
       0., 0., 0., 0., 0., 3.11041996e-03, 0., 1.55520998e-03,
       1.55520998e-03, 6.22083992e-03, 0., 0., 3.11041996e-03, 0.,
       1.55520998e-03, 0., 0., 0., 1.55520998e-03, 0., 1.55520998e-03,
       0., 1.55520998e-03, 0., 1.55520998e-03, 1.55520998e-03, 0., 0.,
       1.55520998e-03, 0., 1.55520998e-03, 0., 0., 0., 0., 0.,
       1.55520998e-03, 0., 3.11041996e-03, 0., 3.11041996e-03,
       9.33125988e-03, 1.55520998e-03, 0., 1.55520998e-03,
       1.55520998e-03, 0., 3.11041996e-03, 0., 0., 0., 1.55520998e-03,
       1.55520998e-03, 1.71073098e-02, 3.11041996e-03, 0.,
       1.55520998e-03, 0., 1.55520998e-03, 0., 0., 0., 3.11041996e-03,
       0., 1.55520998e-03, 0., 0., 3.11041996e-03, 0., 3.11041996e-03,
       0., 0., 0., 1.55520998e-03, 1.55520998e-03, 0., 1.55520998e-03,
       0., 1.55520998e-03, 0., 1.55520998e-03, 7.77604990e-03,
       1.55520998e-03, 0., 0., 0., 0., 0., 0., 0., 0., 3.11041996e-03,
       9.33125988e-03, 3.11041996e-03, 0., 0., 0., 4.66562994e-03, 0.,
       0., 3.11041996e-03, 0., 4.66562994e-03, 0., 0., 1.55520998e-03,
       1.55520998e-03, 1.55520998e-03, 1.55520998e-03, 0.,
       1.55520998e-03, 0., 1.55520998e-03, 0., 0., 0., 0., 0., 0.,
       1.55520998e-03, 1.55520998e-03, 7.77604990e-03, 0., 0., 0., 0.,
       1.55520998e-03, 0., 1.55520998e-03, 0., 1.55520998e-03,
       1.55520998e-03, 0., 0., 0., 1.55520998e-03, 0., 0., 0., 0.,
       4.66562994e-03, 0., 0., 4.66562994e-03, 0., 0., 0., 0.,
       1.55520998e-03, 1.55520998e-03, 3.11041996e-03, 0.,
       1.55520998e-03, 3.11041996e-03, 1.55520998e-03, 1.55520998e-03,
       0., 0., 6.22083992e-03, 0., 0., 0., 1.55520998e-03, 0., 0.,
       3.11041996e-03, 1.55520998e-03, 0., 0., 1.55520998e-03, 0., 0.,
       1.55520998e-03, 0., 1.55520998e-03, 3.11041996e-03, 0., 0.,
       1.55520998e-03, 0., 0., 1.55520998e-03, 0., 0., 0.,
       1.55520998e-03, 0., 0., 1.55520998e-03, 0., 7.77604990e-03, 0.,
       0., 0., 0., 0., 0., 0., 0., 0., 0., 0., 0., 1.55520998e-03,
       1.55520998e-03, 0., 0., 0., 1.55520998e-03, 1.55520998e-03,
       1.55520998e-03, 1.55520998e-03, 0., 1.55520998e-03,
       1.55520998e-03, 1.55520998e-03, 0., 0., 0., 4.66562994e-03, 0.,
       0., 7.77604990e-03, 1.55520998e-03, 3.11041996e-03,
       1.55520998e-03, 0., 6.22083992e-03, 0., 0., 0., 0.,
       1.55520998e-03, 0., 3.11041996e-03, 0., 0., 0., 1.55520998e-03,
       0., 7.77604990e-03, 0., 3.11041996e-03, 7.77604990e-03, 0., 0.,
       0., 1.55520998e-03, 0., 4.66562994e-03, 0., 1.55520998e-03,
       1.55520998e-03, 4.66562994e-03, 0., 9.33125988e-03, 0.,
       3.11041996e-03, 1.55520998e-03, 0., 0., 0., 0., 0.,
       1.55520998e-03, 1.55520998e-03, 0., 7.77604990e-03, 0., 0., 0.,
       0., 1.55520998e-03, 0., 3.11041996e-03, 0., 1.55520998e-03,
       4.66562994e-03, 1.55520998e-03, 0., 0., 4.66562994e-03, 0.,
       1.55520998e-03, 1.55520998e-03, 0., 1.55520998e-03,
       7.77604990e-03, 1.55520998e-03, 6.22083992e-03, 1.55520998e-03,
       0., 0., 3.11041996e-03, 4.66562994e-03, 0., 0., 0., 0., 0.,
       6.22083992e-03, 0., 1.55520998e-03, 0., 0., 3.11041996e-03, 0.,
       3.11041996e-03, 3.11041996e-03, 1.55520998e-03, 0.,
       1.55520998e-03, 0., 0., 0., 0., 0., 0., 1.55520998e-03,
       1.55520998e-03, 0., 3.11041996e-03, 3.11041996e-03, 0., 0., 0.,
       0., 1.55520998e-03, 1.55520998e-03, 3.11041996e-03,
