%YAML:1.0
m25f: !!opencv-matrix
   rows: 1
   cols: 800
   dt: f
   data: [ 0., 4.56053065e-03, 0., 1.24378107e-03, 4.14593698e-04,
       4.14593698e-04, 3.31674959e-03, 2.90215597e-03, 1.65837479e-03,
       0., 8.29187396e-04, 2.48756213e-03, 2.07296852e-03,
       2.07296852e-03, 8.29187396e-04, 0., 2.07296852e-03,
       2.48756213e-03, 4.14593698e-04, 2.90215597e-03, 1.24378107e-03,
       4.14593698e-04, 4.14593698e-04, 4.14593698e-04, 1.45107796e-02,
       2.48756213e-03, 1.24378107e-03, 0., 8.29187396e-04,
       2.07296852e-03, 8.29187396e-04, 1.24378107e-03, 0.,
       8.29187396e-04, 2.07296852e-03, 0., 1.24378107e-03,
       1.24378107e-03, 1.24378107e-03, 8.29187396e-04, 0.,
       1.65837479e-03, 4.14593698e-04, 0., 8.29187396e-04,
       2.48756213e-03, 2.07296852e-03, 1.24378107e-03, 8.29187396e-04,
       4.14593698e-04, 8.29187396e-04, 4.14593698e-04, 2.07296852e-03,
       0., 0., 2.07296852e-03, 2.07296852e-03, 8.29187396e-04,
       2.07296852e-03, 2.07296852e-03, 1.65837479e-03, 1.24378107e-03,
       1.24378107e-03, 8.29187396e-04, 1.24378107e-03, 1.65837479e-03,
       8.29187396e-04, 8.29187396e-04, 2.07296852e-03, 2.07296852e-03,
       4.14593698e-04, 1.65837479e-03, 1.24378107e-03, 1.24378107e-03,
       2.07296852e-03, 2.48756213e-03, 4.14593704e-03, 1.65837479e-03,
       1.24378107e-03, 1.24378107e-03, 2.48756213e-03, 8.29187396e-04,
       4.14593698e-04, 0., 2.07296852e-03, 0., 8.29187396e-04,
       2.07296852e-03, 2.07296852e-03, 4.14593698e-04, 1.24378107e-03,
       4.14593698e-04, 4.14593698e-04, 4.14593698e-04, 2.48756213e-03,
       8.29187396e-04, 1.24378107e-03, 0., 1.65837479e-03,
       4.14593698e-04, 1.24378107e-03, 0., 8.29187396e-04,
       4.14593698e-04, 8.29187396e-04, 1.65837479e-03, 8.29187396e-04,
       1.24378107e-03, 4.14593698e-04, 1.65837479e-03, 8.29187396e-04,
       4.14593704e-03, 3.73134320e-03, 8.29187396e-04, 2.07296852e-03,
       1.24378107e-03, 4.14593698e-04, 2.48756213e-03, 4.14593698e-04,
       8.29187396e-04, 4.14593698e-04, 8.29187396e-04, 3.73134320e-03,
       4.14593698e-04, 2.48756213e-03, 0., 2.48756213e-03,
       1.24378107e-03, 0., 8.29187396e-04, 4.14593698e-04,
       8.29187396e-04, 0., 2.07296852e-03, 1.65837479e-03,
       8.29187396e-04, 3.73134320e-03, 2.48756213e-03, 2.07296852e-03,
       8.29187396e-04, 4.14593698e-04, 8.29187396e-04, 1.24378107e-03,
       8.29187396e-04, 0., 4.14593698e-04, 4.14593698e-04,
       1.24378107e-03, 8.29187396e-04, 1.24378107e-03, 1.65837479e-03,
       1.24378107e-03, 1.24378107e-03, 2.48756213e-03, 1.65837479e-03,
       2.07296852e-03, 3.73134320e-03, 2.48756213e-03, 1.24378107e-03,
       4.14593698e-04, 0., 2.90215597e-03, 8.29187396e-04,
       1.65837479e-03, 8.29187396e-04, 8.29187396e-04, 2.48756213e-03,
       2.07296852e-03, 8.29187396e-04, 8.29187396e-04, 1.65837479e-03,
       0., 1.65837479e-03, 8.29187396e-04, 0., 0., 0., 8.29187396e-04,
       8.29187396e-04, 2.07296852e-03, 1.24378107e-03, 0.,
       4.14593698e-04, 1.65837479e-03, 8.29187396e-04, 0.,
       1.24378107e-03, 8.29187396e-04, 1.24378107e-03, 1.24378107e-03,
       1.24378107e-03, 0., 8.29187396e-04, 1.24378107e-03, 0.,
       1.24378107e-03, 2.07296852e-03, 8.29187396e-04, 2.07296852e-03,
       2.48756213e-03, 1.65837479e-03, 1.65837479e-03, 1.24378107e-03,
       4.14593698e-04, 8.29187396e-04, 2.48756213e-03, 8.29187396e-04,
       1.65837479e-03, 8.29187396e-04, 0., 0., 3.31674959e-03,
       4.14593698e-04, 4.14593698e-04, 1.24378107e-03, 4.14593698e-04,
       4.14593698e-04, 0., 2.48756213e-03, 2.07296852e-03,
       1.65837479e-03, 8.29187396e-04, 2.07296852e-03, 0.,
       1.24378107e-03, 1.24378107e-03, 1.65837479e-03, 1.24378107e-03,
       2.07296852e-03, 1.65837479e-03, 4.14593698e-04, 1.24378107e-03,
       4.14593698e-04, 4.14593698e-04, 8.29187396e-04, 0.,
       1.65837479e-03, 1.24378107e-03, 1.24378107e-03, 2.07296852e-03,
       2.90215597e-03, 0., 4.14593698e-04, 6.63349917e-03,
       1.65837479e-03, 1.65837479e-03, 2.07296852e-03, 2.48756213e-03,
       4.14593698e-04, 4.14593698e-04, 1.24378107e-03, 2.48756213e-03,
       3.73134320e-03, 4.14593698e-04, 8.29187396e-04, 8.29187396e-04,
       4.14593698e-04, 1.65837479e-03, 4.14593698e-04, 8.29187396e-04,
       8.29187396e-04, 1.65837479e-03, 8.29187396e-04, 0.,
       2.90215597e-03, 2.07296852e-03, 8.29187396e-04, 8.29187396e-04,
       8.29187396e-04, 4.14593698e-04, 3.31674959e-03, 8.29187396e-04,
       2.07296852e-03, 8.29187396e-04, 1.24378107e-03, 8.29187396e-04,
       1.24378107e-03, 4.14593698e-04, 4.14593698e-04, 4.14593698e-04,
       8.29187396e-04, 2.07296852e-03, 0., 4.14593698e-04,
       1.24378107e-03, 2.90215597e-03, 8.29187396e-04, 8.29187396e-04,
       1.24378107e-03, 2.07296852e-03, 8.29187396e-04, 2.07296852e-03,
       1.65837479e-03, 2.48756213e-03, 1.65837479e-03, 1.24378107e-03,
       1.65837479e-03, 2.07296852e-03, 8.29187396e-04, 4.14593698e-04,
       0., 0., 1.24378107e-03, 4.14593698e-04, 8.29187396e-04,
       2.90215597e-03, 8.29187396e-04, 4.14593698e-04, 4.14593698e-04,
       3.31674959e-03, 8.29187396e-04, 2.07296852e-03, 0.,
       4.14593698e-04, 1.65837479e-03, 1.65837479e-03, 8.29187396e-04,
       1.65837479e-03, 1.24378107e-03, 2.07296852e-03, 3.73134320e-03,
       4.14593698e-04, 1.65837479e-03, 2.48756213e-03, 4.14593698e-04,
       2.07296852e-03, 8.29187396e-04, 8.29187396e-04, 1.24378107e-03,
       4.14593698e-04, 1.24378107e-03, 1.65837479e-03, 0.,
       8.29187396e-04, 1.65837479e-03, 8.29187396e-04, 1.65837479e-03,
       4.14593704e-03, 1.24378107e-03, 2.07296852e-03, 8.29187396e-04,
       8.29187396e-04, 3.73134320e-03, 4.14593698e-04, 8.29187396e-04,
       2.07296852e-03, 8.29187396e-04, 1.65837479e-03, 2.48756213e-03,
       0., 2.48756213e-03, 1.24378107e-03, 1.24378107e-03,
       2.90215597e-03, 0., 8.29187396e-04, 8.29187396e-04,
       1.65837479e-03, 2.07296852e-03, 1.65837479e-03, 1.65837479e-03,
       8.29187396e-04, 3.73134320e-03, 0., 4.14593698e-04,
       1.24378107e-03, 4.14593698e-04, 1.24378107e-03, 8.29187396e-04,
       8.29187396e-04, 2.48756213e-03, 1.65837479e-03, 2.90215597e-03,
       1.24378107e-03, 1.65837479e-03, 3.31674959e-03, 4.14593698e-04,
       1.65837479e-03, 1.24378107e-03, 2.48756213e-03, 4.14593698e-04,
       4.14593698e-04, 4.14593698e-04, 1.24378107e-03, 2.07296852e-03,
       1.65837479e-03, 1.24378107e-03, 2.48756213e-03, 1.24378107e-03,
       4.14593698e-04, 8.29187396e-04, 4.14593698e-04, 1.24378107e-03,
       0., 8.29187396e-04, 4.14593698e-04, 1.24378107e-03,
       4.14593698e-04, 8.29187396e-04, 4.14593698e-04, 2.90215597e-03,
       8.29187396e-04, 8.29187396e-04, 1.24378107e-03, 8.29187396e-04,
       2.48756213e-03, 4.14593698e-04, 1.24378107e-03, 0.,
       8.29187396e-04, 4.14593698e-04, 1.24378107e-03, 4.14593698e-04,
       4.14593698e-04, 2.90215597e-03, 1.65837479e-03, 1.65837479e-03,
       1.65837479e-03, 4.14593698e-04, 4.14593704e-03, 8.29187396e-04,
       1.24378107e-03, 4.14593698e-04, 0., 4.14593698e-04,
       2.90215597e-03, 4.14593698e-04, 1.24378107e-03, 1.24378107e-03,
       8.29187396e-04, 1.24378107e-03, 8.29187396e-04, 1.24378107e-03,
       4.14593698e-04, 1.24378107e-03, 8.29187396e-04, 1.24378107e-03,
       1.65837479e-03, 1.65837479e-03, 0., 2.07296852e-03,
       2.90215597e-03, 1.24378107e-03, 1.65837479e-03, 1.24378107e-03,
       1.24378107e-03, 8.29187396e-04, 8.29187396e-04, 4.14593698e-04,
       0., 2.48756213e-03, 1.24378107e-03, 1.24378107e-03, 0.,
       1.24378107e-03, 8.29187396e-04, 8.29187396e-04, 1.24378107e-03,
       4.14593698e-04, 8.29187396e-04, 4.14593698e-04, 1.24378107e-03,
       2.07296852e-03, 2.48756213e-03, 1.24378107e-03, 8.29187396e-04,
       1.24378107e-03, 1.65837479e-03, 8.29187396e-04, 8.29187396e-04,
       8.29187396e-04, 0., 4.14593698e-04, 4.14593698e-04,
       1.24378107e-03, 1.24378107e-03, 1.65837479e-03, 4.14593698e-04,
