%YAML:1.0
m25f: !!opencv-matrix
   rows: 1
   cols: 800
   dt: f
   data: [ 5.24383853e-04, 1.04876771e-03, 1.04876771e-03,
       1.57315156e-03, 0., 0., 2.09753541e-03, 3.14630312e-03,
       5.24383853e-04, 1.57315156e-03, 0., 5.24383853e-04,
       5.24383853e-04, 2.09753541e-03, 0., 0., 0., 1.57315156e-03,
       1.04876771e-03, 0., 1.04876771e-03, 0., 1.04876771e-03, 0.,
       5.24383853e-04, 5.24383853e-04, 1.57315156e-03, 5.24383853e-04,
       0., 0., 5.24383853e-04, 2.09753541e-03, 1.04876771e-03,
       2.09753541e-03, 5.24383853e-04, 0., 5.24383853e-04,
       4.19507083e-03, 1.04876771e-03, 5.24383853e-04, 2.62191938e-03,
       4.71945480e-03, 1.04876771e-03, 4.71945480e-03, 2.62191938e-03,
       3.14630312e-03, 5.24383853e-04, 0., 5.24383853e-04, 0., 0.,
       2.09753541e-03, 1.57315156e-03, 1.04876771e-03, 5.24383853e-04,
       2.62191938e-03, 5.24383853e-04, 3.14630312e-03, 5.24383853e-04,
       4.19507083e-03, 0., 0., 1.04876771e-03, 1.57315156e-03, 0.,
       5.24383853e-04, 5.24383853e-04, 0., 0., 0., 0., 3.14630312e-03,
       0., 0., 5.24383853e-04, 2.62191938e-03, 0., 0., 5.24383853e-04,
       1.57315156e-03, 5.24383853e-04, 0., 0., 1.57315156e-03,
       5.24383853e-04, 3.14630312e-03, 1.04876771e-03, 1.57315156e-03,
       1.57315156e-03, 5.24383853e-04, 0., 1.04876771e-03,
       3.14630312e-03, 2.09753541e-03, 5.24383853e-04, 3.14630312e-03,
       2.62191938e-03, 3.14630312e-03, 1.04876771e-03, 3.14630312e-03,
       0., 2.62191938e-03, 2.09753541e-03, 0., 0., 5.24383853e-04, 0.,
       5.24383853e-04, 5.24383853e-04, 1.57315156e-03, 0.,
       2.09753541e-03, 0., 2.09753541e-03, 5.24383853e-04,
       1.04876771e-03, 0., 4.71945480e-03, 2.09753541e-03,
       3.67068686e-03, 1.57315156e-03, 3.14630312e-03, 1.57315156e-03,
       2.09753541e-03, 5.24383853e-04, 0., 1.57315156e-03,
       1.04876771e-03, 1.57315156e-03, 3.14630312e-03, 0.,
       1.04876771e-03, 1.04876771e-03, 1.04876771e-03, 0.,
       1.04876771e-03, 3.14630312e-03, 2.62191938e-03, 2.09753541e-03,
       5.24383853e-04, 0., 6.29260624e-03, 2.62191938e-03, 0.,
       5.24383853e-04, 3.14630312e-03, 1.57315156e-03, 0.,
       5.24383853e-04, 1.04876771e-03, 0., 2.09753541e-03, 0.,
       1.57315156e-03, 1.57315156e-03, 0., 0., 2.09753541e-03,
       2.62191938e-03, 0., 5.24383853e-04, 0., 0., 5.24383853e-04, 0.,
       5.24383853e-04, 0., 2.09753541e-03, 0., 2.09753541e-03,
       1.57315156e-03, 2.09753541e-03, 1.57315156e-03, 2.62191938e-03,
       2.09753541e-03, 0., 1.57315156e-03, 5.24383853e-04,
       1.57315156e-03, 1.57315156e-03, 1.57315156e-03, 5.24383853e-04,
       5.24383853e-04, 2.09753541e-03, 1.04876771e-03, 2.09753541e-03,
       1.04876771e-03, 1.57315156e-03, 0., 2.09753541e-03, 0.,
       4.19507083e-03, 1.04876771e-03, 1.04876771e-03, 3.67068686e-03,
       1.04876771e-03, 0., 1.04876771e-03, 5.24383853e-04,
       1.04876771e-03, 1.57315156e-03, 2.09753541e-03, 1.57315156e-03,
       2.62191938e-03, 1.04876771e-03, 1.57315156e-03, 1.57315156e-03,
       1.04876771e-03, 1.57315156e-03, 3.67068686e-03, 2.62191938e-03,
       1.04876771e-03, 0., 1.04876771e-03, 1.57315156e-03, 0.,
       5.24383853e-04, 0., 0., 4.19507083e-03, 1.04876771e-03,
       5.24383853e-04, 0., 1.57315156e-03, 5.24383853e-04,
       1.04876771e-03, 5.24383853e-04, 5.24383853e-04, 2.09753541e-03,
       1.57315156e-03, 0., 5.24383853e-04, 2.09753541e-03,
       1.57315156e-03, 1.57315156e-03, 5.24383853e-04, 0., 0.,
       4.71945480e-03, 4.71945480e-03, 1.57315156e-03, 1.57315156e-03,
       1.57315156e-03, 6.81699021e-03, 0., 1.04876771e-03,
       1.57315156e-03, 1.57315156e-03, 5.24383853e-04, 1.04876771e-03,
       2.62191938e-03, 1.04876771e-03, 5.24383853e-04, 2.62191938e-03,
       1.04876771e-03, 0., 0., 1.57315156e-03, 0., 1.04876771e-03,
       3.67068686e-03, 2.09753541e-03, 3.14630312e-03, 5.24383853e-04,
       5.24383853e-04, 1.04876771e-03, 0., 5.24383853e-04,
       2.62191938e-03, 2.09753541e-03, 5.24383853e-04, 0.,
       1.04876771e-03, 1.57315156e-03, 0., 0., 5.24383853e-04,
       1.57315156e-03, 1.04876771e-03, 2.09753541e-03, 2.62191938e-03,
       1.04876771e-03, 3.14630312e-03, 2.09753541e-03, 0., 0.,
       2.09753541e-03, 1.57315156e-03, 5.24383853e-04, 5.24383853e-04,
       5.24383853e-04, 2.09753541e-03, 0., 1.57315156e-03,
       1.57315156e-03, 1.57315156e-03, 1.04876771e-03, 5.24383853e-04,
       2.09753541e-03, 5.24383853e-04, 1.57315156e-03, 3.67068686e-03,
       0., 0., 1.04876771e-03, 0., 1.57315156e-03, 2.62191938e-03,
       5.24383853e-04, 5.24383853e-04, 1.04876771e-03, 4.19507083e-03,
       5.24383853e-04, 0., 0., 5.24383853e-04, 5.24383876e-03,
       1.04876771e-03, 5.24383853e-04, 2.09753541e-03, 3.67068686e-03,
       2.09753541e-03, 2.09753541e-03, 3.14630312e-03, 5.24383853e-04,
       0., 1.57315156e-03, 1.57315156e-03, 2.09753541e-03,
       5.24383853e-04, 0., 0., 0., 0., 1.04876771e-03, 5.24383853e-04,
       5.24383853e-04, 5.24383853e-04, 3.14630312e-03, 1.04876771e-03,
       1.57315156e-03, 5.24383853e-04, 2.09753541e-03, 2.09753541e-03,
       1.04876771e-03, 1.57315156e-03, 5.24383853e-04, 5.24383853e-04,
       5.24383853e-04, 1.57315156e-03, 5.24383853e-04, 0., 0., 0.,
       4.71945480e-03, 0., 1.04876771e-03, 1.57315156e-03,
       2.62191938e-03, 0., 0., 5.24383853e-04, 0., 1.04876771e-03,
       1.04876771e-03, 1.57315156e-03, 2.09753541e-03, 3.14630312e-03,
       5.24383853e-04, 1.57315156e-03, 1.04876771e-03, 5.24383853e-04,
       1.04876771e-03, 5.24383853e-04, 2.09753541e-03, 1.04876771e-03,
       2.62191938e-03, 2.09753541e-03, 2.62191938e-03, 3.14630312e-03,
       4.71945480e-03, 0., 5.24383853e-04, 1.04876771e-03, 0.,
       3.14630312e-03, 1.04876771e-03, 3.14630312e-03, 1.04876771e-03,
       5.24383853e-04, 5.24383853e-04, 1.04876771e-03, 5.24383853e-04,
       4.19507083e-03, 5.24383853e-04, 5.24383876e-03, 1.57315156e-03,
       5.24383853e-04, 5.24383853e-04, 5.24383853e-04, 4.19507083e-03,
       5.24383853e-04, 5.24383853e-04, 1.04876771e-03, 1.57315156e-03,
       1.04876771e-03, 0., 0., 1.04876771e-03, 5.24383853e-04, 0.,
       1.04876771e-03, 4.19507083e-03, 1.57315156e-03, 5.24383853e-04,
       2.09753541e-03, 1.04876771e-03, 1.57315156e-03, 5.24383853e-04,
       0., 1.04876771e-03, 1.57315156e-03, 5.24383853e-04,
       1.04876771e-03, 3.67068686e-03, 5.24383853e-04, 5.24383853e-04,
       1.57315156e-03, 0., 1.04876771e-03, 5.24383853e-04, 0.,
       1.57315156e-03, 5.24383853e-04, 1.57315156e-03, 5.24383853e-04,
       0., 3.67068686e-03, 5.24383853e-04, 0., 2.09753541e-03, 0.,
       3.67068686e-03, 1.04876771e-03, 5.24383853e-04, 2.09753541e-03,
       0., 1.57315156e-03, 5.24383853e-04, 5.24383853e-04,
       1.04876771e-03, 4.71945480e-03, 5.24383853e-04, 5.24383853e-04,
       1.57315156e-03, 0., 1.04876771e-03, 0., 2.09753541e-03,
       2.09753541e-03, 1.57315156e-03, 5.24383853e-04, 0.,
       2.09753541e-03, 1.57315156e-03, 1.04876771e-03, 2.09753541e-03,
       0., 2.62191938e-03, 1.57315156e-03, 1.04876771e-03,
       5.24383853e-04, 0., 2.09753541e-03, 1.04876771e-03,
       5.24383853e-04, 1.57315156e-03, 1.04876771e-03, 1.04876771e-03,
       1.04876771e-03, 1.57315156e-03, 2.09753541e-03, 2.09753541e-03,
       1.57315156e-03, 1.04876771e-03, 3.14630312e-03, 5.24383853e-04,
       1.04876771e-03, 5.24383853e-04, 1.57315156e-03, 5.24383853e-04,
       3.14630312e-03, 5.24383853e-04, 4.19507083e-03, 0.,
       5.24383853e-04, 2.09753541e-03, 5.24383853e-04, 2.62191938e-03,
       5.24383853e-04, 3.14630312e-03, 1.04876771e-03, 2.09753541e-03,
       2.09753541e-03, 5.24383853e-04, 2.09753541e-03, 0.,
       3.14630312e-03, 3.14630312e-03, 5.24383853e-04, 1.04876771e-03,
       3.14630312e-03, 2.62191938e-03, 1.04876771e-03, 2.62191938e-03,
       2.09753541e-03, 2.62191938e-03, 2.62191938e-03, 3.67068686e-03,
       2.62191938e-03, 3.67068686e-03, 2.62191938e-03, 3.14630312e-03,
       2.62191938e-03, 0., 5.24383853e-04, 3.67068686e-03, 0.,
