%YAML:1.0
m25f: !!opencv-matrix
   rows: 1
   cols: 800
   dt: f
   data: [ 0., 3.16455704e-03, 0., 0., 1.58227852e-03, 0., 0., 0., 0.,
       0., 1.58227852e-03, 4.74683568e-03, 0., 1.58227852e-03, 0., 0.,
       1.58227852e-03, 4.74683568e-03, 0., 0., 1.58227852e-03,
       3.16455704e-03, 1.58227852e-03, 0., 0., 0., 0., 0., 0., 0.,
       3.16455704e-03, 0., 0., 0., 3.16455704e-03, 0., 0.,
       1.58227852e-03, 1.58227852e-03, 7.91139249e-03, 1.58227852e-03,
       1.58227852e-03, 6.32911408e-03, 0., 0., 0., 0., 1.58227852e-03,
       0., 1.58227852e-03, 0., 7.91139249e-03, 0., 0., 3.16455704e-03,
       0., 0., 0., 0., 0., 1.58227852e-03, 0., 0., 0., 0.,
       1.58227852e-03, 3.16455704e-03, 9.49367136e-03, 0., 0.,
       1.58227852e-03, 0., 1.58227852e-03, 0., 0., 0., 3.16455704e-03,
       0., 3.16455704e-03, 0., 4.74683568e-03, 0., 3.16455704e-03, 0.,
       1.58227852e-03, 3.16455704e-03, 0., 1.58227852e-03, 0., 0.,
       1.58227852e-03, 0., 1.58227852e-03, 6.32911408e-03,
       9.49367136e-03, 3.16455704e-03, 1.58227852e-03, 1.58227852e-03,
       3.16455704e-03, 1.58227852e-03, 1.58227852e-03, 3.16455704e-03,
       0., 0., 1.58227852e-03, 1.58227852e-03, 1.10759493e-02, 0., 0.,
       0., 0., 1.58227852e-03, 3.16455704e-03, 1.58227852e-03,
       1.58227852e-03, 0., 3.16455704e-03, 0., 1.58227852e-03,
       4.74683568e-03, 0., 0., 0., 0., 4.74683568e-03, 0.,
       9.49367136e-03, 1.58227852e-03, 0., 6.32911408e-03, 0.,
       6.32911408e-03, 1.58227852e-03, 0., 0., 1.58227852e-03, 0., 0.,
       0., 1.58227852e-03, 1.58227852e-03, 1.58227852e-03,
       3.16455704e-03, 0., 0., 0., 0., 1.58227852e-03, 1.58227852e-03,
       1.42405070e-02, 0., 0., 0., 0., 1.58227852e-03, 0., 0., 0., 0.,
       4.74683568e-03, 1.58227852e-03, 0., 0., 0., 0., 0.,
       1.58227852e-03, 4.74683568e-03, 1.58227852e-03, 4.74683568e-03,
       0., 0., 1.58227852e-03, 0., 0., 1.58227852e-03, 0.,
       1.58227852e-03, 1.58227852e-03, 3.16455704e-03, 0., 0.,
       1.58227852e-03, 0., 0., 0., 1.42405070e-02, 0., 0.,
       1.58227852e-03, 3.16455704e-03, 0., 0., 3.16455704e-03,
       1.58227852e-03, 0., 0., 0., 3.16455704e-03, 0., 0., 0., 0., 0.,
       6.32911408e-03, 1.10759493e-02, 0., 6.32911408e-03,
       3.16455704e-03, 0., 0., 0., 0., 0., 3.16455704e-03,
       3.16455704e-03, 0., 3.16455704e-03, 0., 3.16455704e-03,
       3.16455704e-03, 0., 1.58227852e-03, 0., 0., 1.58227852e-03,
       3.16455704e-03, 4.74683568e-03, 1.58227852e-03, 0., 0.,
       1.58227852e-03, 0., 1.58227852e-03, 0., 1.58227852e-03,
       1.58227852e-03, 0., 1.58227852e-03, 1.58227852e-03, 0., 0.,
       1.58227852e-03, 0., 0., 7.91139249e-03, 1.58227852e-03, 0.,
       1.58227852e-03, 0., 1.58227852e-03, 0., 0., 0., 1.58227852e-03,
       0., 1.58227852e-03, 3.16455704e-03, 0., 1.58227852e-03,
       1.58227852e-03, 0., 1.26582282e-02, 0., 0., 0., 0., 0.,
       1.74050629e-02, 0., 0., 1.58227852e-03, 0., 4.74683568e-03,
       6.32911408e-03, 0., 0., 1.58227852e-03, 0., 0., 1.10759493e-02,
       1.58227852e-03, 0., 1.58227852e-03, 1.58227852e-03, 0., 0.,
       4.74683568e-03, 1.58227852e-03, 3.16455704e-03, 0., 0., 0.,
       1.58227852e-03, 1.26582282e-02, 1.58227852e-03, 1.58227852e-03,
       0., 1.58227852e-03, 0., 0., 0., 4.74683568e-03, 0., 0., 0.,
       1.58227852e-03, 0., 3.16455704e-03, 0., 0., 1.58227852e-03, 0.,
       1.58227852e-03, 1.58227852e-03, 0., 0., 1.58227852e-03, 0., 0.,
       0., 0., 1.58227852e-03, 1.58227852e-03, 0., 0., 0.,
       1.58227852e-03, 0., 4.74683568e-03, 1.58227852e-03,
       1.58227852e-03, 0., 1.58227852e-03, 0., 1.58227852e-03, 0., 0.,
       0., 6.32911408e-03, 0., 0., 0., 0., 1.10759493e-02, 0., 0.,
       1.58227852e-03, 1.58227852e-03, 3.16455704e-03, 0., 0., 0., 0.,
       0., 0., 0., 0., 3.16455704e-03, 0., 0., 0., 3.16455704e-03, 0.,
       0., 3.16455704e-03, 0., 3.16455704e-03, 1.58227852e-03,
       1.58227852e-03, 0., 0., 1.58227852e-03, 9.49367136e-03, 0., 0.,
       1.58227852e-03, 0., 0., 0., 0., 0., 0., 0., 0., 0., 0., 0., 0.,
       0., 0., 0., 3.16455704e-03, 0., 0., 0., 0., 0., 0., 0.,
       1.58227852e-03, 0., 1.58227852e-03, 1.58227852e-03, 0., 0., 0.,
       0., 0., 1.58227852e-03, 0., 3.16455704e-03, 0., 0.,
       1.58227852e-03, 0., 0., 1.58227852e-03, 0., 1.58227852e-03,
       1.10759493e-02, 3.16455704e-03, 9.49367136e-03, 0., 0., 0.,
       1.58227852e-03, 0., 0., 0., 0., 0., 0., 3.16455704e-03, 0., 0.,
       3.16455704e-03, 1.58227852e-03, 0., 1.58227852e-03, 0.,
       3.16455704e-03, 1.58227852e-03, 0., 0., 0., 4.74683568e-03,
       3.16455704e-03, 1.58227852e-03, 0., 0., 1.58227852e-03, 0., 0.,
       1.58227852e-03, 0., 3.16455704e-03, 0., 0., 4.74683568e-03,
       1.58227852e-03, 0., 3.16455704e-03, 0., 0., 1.58227852e-03, 0.,
       1.58227852e-03, 0., 0., 1.58227852e-03, 0., 1.58227852e-03,
       1.58227852e-03, 0., 0., 0., 1.58227852e-03, 1.58227852e-03, 0.,
       0., 4.74683568e-03, 0., 0., 3.16455704e-03, 1.58227852e-03,
       1.58227852e-03, 0., 0., 1.58227852e-03, 0., 0., 0.,
       1.58227852e-03, 3.16455704e-03, 0., 0., 0., 0., 0., 0.,
       1.58227852e-03, 1.58227852e-03, 0., 0., 0., 0., 0.,
       1.58227852e-03, 0., 0., 0., 0., 0., 0., 0., 1.58227852e-03,
       9.49367136e-03, 0., 0., 4.74683568e-03, 0., 0., 0.,
       1.58227852e-03, 0., 0., 3.16455704e-03, 0., 0., 0.,
       3.16455704e-03, 0., 0., 0., 0., 0., 0., 1.58227852e-03, 0.,
       6.32911408e-03, 3.16455704e-03, 0., 0., 3.16455704e-03,
       3.16455704e-03, 1.58227852e-03, 3.16455704e-03, 4.74683568e-03,
       4.74683568e-03, 1.58227852e-03, 1.58227852e-03, 0.,
       3.16455704e-03, 0., 0., 0., 0., 0., 0., 1.58227852e-03, 0., 0.,
       0., 0., 0., 0., 1.58227852e-03, 0., 0., 6.32911408e-03,
       9.49367136e-03, 6.32911408e-03, 4.74683568e-03, 0., 0.,
       1.58227852e-03, 0., 0., 0., 0., 0., 0., 1.58227852e-03,
       1.58227852e-03, 0., 0., 6.32911408e-03, 1.58227852e-03,
       1.58227852e-03, 3.16455704e-03, 0., 1.58227852e-03,
       1.58227852e-03, 0., 0., 0., 0., 0., 1.58227852e-03,
       1.58227852e-03, 6.32911408e-03, 0., 1.58227852e-03,
       1.58227852e-03, 3.16455704e-03, 3.16455704e-03, 1.58227852e-03,
       1.58227852e-03, 0., 1.58227852e-03, 0., 0., 1.58227852e-03,
       1.58227852e-03, 0., 4.74683568e-03, 1.58227852e-03, 0.,
       1.58227852e-03, 1.58227852e-03, 1.58227852e-03, 1.58227852e-03,
       1.58227852e-03, 0., 0., 0., 0., 1.58227852e-03, 0.,
       1.10759493e-02, 0., 0., 0., 0., 0., 0., 0., 1.58227852e-03, 0.,
       0., 0., 0., 0., 0., 0., 0., 0., 0., 0., 1.58227852e-03,
       1.58227850e-02, 0., 0., 0., 4.74683568e-03, 1.58227852e-03, 0.,
       0., 0., 0., 0., 0., 0., 0., 3.16455704e-03, 7.91139249e-03,
       3.16455704e-03, 0., 0., 0., 0., 0., 0., 0., 7.91139249e-03,
       1.58227852e-03, 0., 0., 0., 0., 0., 0., 1.58227852e-03, 0., 0.,
       0., 3.16455704e-03, 0., 0., 1.58227852e-03, 0., 1.58227852e-03,
       0., 1.58227852e-03, 1.58227852e-03, 1.58227852e-03, 0., 0., 0.,
       1.58227852e-03, 4.74683568e-03, 0., 0., 0., 0., 0., 0., 0., 0.,
       1.58227852e-03, 4.74683568e-03, 0., 0., 1.58227852e-03,
       1.58227852e-03, 3.16455704e-03, 3.16455704e-03, 0.,
       1.58227852e-03, 3.16455704e-03, 3.16455704e-03, 0., 0., 0.,
       1.58227852e-03, 0., 0., 1.58227852e-03, 1.58227852e-03, 0., 0.,
       1.58227852e-03, 1.58227852e-03, 0., 1.58227852e-03, 0., 0., 0.,
       0., 0., 0., 0., 1.58227852e-03, 1.58227852e-03, 1.58227852e-03,
       0., 1.58227852e-03, 0., 1.58227852e-03, 6.32911408e-03,
       3.16455704e-03, 0., 0., 4.74683568e-03, 0., 0., 0.,
       1.58227852e-03, 1.58227852e-03, 0., 0., 1.58227852e-03, 0., 0.,
       0., 0., 4.74683568e-03, 1.58227852e-03, 0., 0., 1.58227852e-03,
       0., 0., 0., 1.58227852e-03, 0., 0., 0., 3.16455704e-03, 0.,
       3.16455704e-03, 0., 4.74683568e-03, 1.58227852e-03, 0., 0., 0.,
       1.58227852e-03, 0., 4.74683568e-03, 4.74683568e-03, 0., 0.,
       6.32911408e-03, 0., 0., 0., 0., 1.58227852e-03 ]
