%YAML:1.0
m25f: !!opencv-matrix
   rows: 1
   cols: 800
   dt: f
   data: [ 7.36648275e-04, 3.68324138e-04, 1.10497244e-03,
       3.68324138e-04, 3.68324138e-04, 2.20994488e-03, 1.47329655e-03,
       7.36648275e-04, 3.68324138e-04, 7.36648275e-04, 1.84162066e-03,
       2.57826899e-03, 1.10497244e-03, 1.10497244e-03, 4.05156566e-03,
       1.84162066e-03, 2.20994488e-03, 3.68324138e-04, 3.68324138e-04,
       1.47329655e-03, 1.84162066e-03, 1.10497244e-03, 7.36648275e-04,
       1.10497244e-03, 6.99815853e-03, 1.47329655e-03, 3.68324138e-04,
       3.68324138e-04, 3.68324138e-04, 7.36648275e-04, 3.68324138e-04,
       3.68324138e-04, 0., 1.84162066e-03, 7.36648275e-04,
       1.10497244e-03, 2.57826899e-03, 7.36648275e-04, 1.10497244e-03,
       0., 1.10497244e-03, 2.20994488e-03, 0., 2.20994488e-03,
       7.36648275e-04, 1.47329655e-03, 4.78821388e-03, 7.36648275e-04,
       0., 2.57826899e-03, 1.10497244e-03, 3.68324138e-04,
       3.31491721e-03, 0., 0., 2.20994488e-03, 1.47329655e-03, 0.,
       1.84162066e-03, 1.47329655e-03, 3.68324138e-04, 2.20994488e-03,
       3.68324138e-04, 1.10497244e-03, 7.36648275e-04, 7.36648275e-04,
       3.68324138e-04, 1.47329655e-03, 1.84162066e-03, 2.57826899e-03,
       3.31491721e-03, 3.68324138e-04, 1.47329655e-03, 1.84162066e-03,
       3.68324138e-04, 1.10497244e-03, 3.68324138e-04, 1.47329655e-03,
       1.10497244e-03, 7.36648275e-04, 1.47329655e-03, 1.10497244e-03,
       2.57826899e-03, 0., 1.47329655e-03, 1.10497244e-03,
       1.10497244e-03, 3.68324132e-03, 1.47329655e-03, 0., 0.,
       1.10497244e-03, 2.20994488e-03, 1.84162066e-03, 1.10497244e-03,
       1.47329655e-03, 1.47329655e-03, 2.94659310e-03, 2.20994488e-03,
       7.36648275e-04, 3.68324138e-04, 1.47329655e-03, 1.84162066e-03,
       2.20994488e-03, 1.84162066e-03, 1.10497244e-03, 1.10497244e-03,
       1.10497244e-03, 1.47329655e-03, 7.36648275e-04, 1.47329655e-03,
       1.47329655e-03, 1.47329655e-03, 7.36648275e-04, 1.84162066e-03,
       1.47329655e-03, 0., 1.10497244e-03, 3.68324138e-04,
       2.57826899e-03, 0., 1.47329655e-03, 1.84162066e-03,
       3.68324138e-04, 1.84162066e-03, 1.84162066e-03, 3.68324138e-04,
       1.10497244e-03, 3.68324138e-04, 1.47329655e-03, 1.10497244e-03,
       3.68324138e-04, 3.68324138e-04, 7.36648275e-04, 1.10497244e-03,
       1.10497242e-02, 0., 3.68324138e-04, 1.84162066e-03,
       3.68324138e-04, 3.68324138e-04, 1.84162066e-03, 1.10497244e-03,
       2.57826899e-03, 1.47329655e-03, 1.84162066e-03, 2.20994488e-03,
       1.10497244e-03, 0., 0., 1.10497244e-03, 2.57826899e-03,
       2.57826899e-03, 1.84162066e-03, 1.84162066e-03, 1.10497244e-03,
       1.10497244e-03, 2.20994488e-03, 7.36648275e-04, 7.36648275e-04,
       2.20994488e-03, 2.20994488e-03, 1.47329655e-03, 1.84162066e-03,
       1.84162066e-03, 1.84162066e-03, 7.36648275e-04, 1.10497244e-03,
       3.68324138e-04, 1.10497244e-03, 2.20994488e-03, 1.84162066e-03,
       1.10497244e-03, 3.68324138e-04, 3.68324138e-04, 1.10497244e-03,
       3.68324138e-04, 4.78821388e-03, 3.68324138e-04, 1.84162066e-03,
       1.47329655e-03, 1.47329655e-03, 7.36648275e-04, 1.47329655e-03,
       2.94659310e-03, 1.47329655e-03, 1.47329655e-03, 7.36648275e-04,
       1.10497244e-03, 0., 1.47329655e-03, 2.94659310e-03,
       3.68324138e-04, 1.10497244e-03, 7.36648275e-04, 1.10497244e-03,
       1.84162066e-03, 3.68324138e-04, 1.10497244e-03, 2.57826899e-03,
       1.10497244e-03, 3.68324138e-04, 1.10497244e-03, 1.10497244e-03,
       1.47329655e-03, 1.47329655e-03, 7.36648275e-04, 2.20994488e-03,
       7.36648275e-04, 7.36648275e-04, 3.68324138e-04, 7.36648275e-04,
       2.57826899e-03, 7.36648275e-04, 4.41988977e-03, 1.47329655e-03,
       3.68324138e-04, 7.36648275e-04, 1.10497244e-03, 1.84162066e-03,
       1.10497244e-03, 1.84162066e-03, 0., 3.68324138e-04,
       1.47329655e-03, 1.84162066e-03, 2.57826899e-03, 2.94659310e-03,
       3.68324138e-04, 7.36648275e-04, 3.68324138e-04, 1.10497244e-03,
       2.57826899e-03, 1.84162066e-03, 1.10497244e-03, 1.10497244e-03,
       1.47329655e-03, 1.47329655e-03, 3.68324138e-04, 2.57826899e-03,
       7.36648275e-04, 0., 1.47329655e-03, 7.36648275e-04,
       3.68324138e-04, 1.47329655e-03, 2.20994488e-03, 1.84162066e-03,
       1.47329655e-03, 1.84162066e-03, 2.20994488e-03, 1.84162066e-03,
       7.36648275e-04, 1.10497244e-03, 1.84162066e-03, 3.68324138e-04,
       3.31491721e-03, 1.10497244e-03, 3.68324138e-04, 7.36648275e-04,
       7.36648275e-04, 1.47329655e-03, 7.36648275e-04, 1.10497244e-03,
       1.10497244e-03, 7.36648275e-04, 2.20994488e-03, 3.68324132e-03,
       0., 1.10497244e-03, 1.10497244e-03, 1.10497244e-03,
       1.47329655e-03, 1.84162066e-03, 2.20994488e-03, 3.68324138e-04,
       2.57826899e-03, 2.57826899e-03, 7.36648275e-04, 3.68324138e-04,
       2.20994488e-03, 0., 7.36648275e-04, 2.20994488e-03,
       2.20994488e-03, 1.10497244e-03, 3.68324138e-04, 0., 0.,
       1.84162066e-03, 1.10497244e-03, 2.57826899e-03, 7.36648275e-04,
       1.10497244e-03, 1.47329655e-03, 1.10497244e-03, 0.,
       1.47329655e-03, 2.20994488e-03, 1.10497244e-03, 1.47329655e-03,
       3.68324138e-04, 1.47329655e-03, 1.10497244e-03, 2.20994488e-03,
       4.41988977e-03, 1.10497244e-03, 2.20994488e-03, 3.68324138e-04,
       3.68324132e-03, 3.31491721e-03, 3.68324138e-04, 0.,
       1.47329655e-03, 1.10497244e-03, 7.36648275e-04, 1.47329655e-03,
       3.68324138e-04, 1.47329655e-03, 7.36648275e-04, 1.84162066e-03,
       3.68324138e-04, 7.36648275e-04, 7.36648275e-04, 7.36648275e-04,
       3.68324138e-04, 7.36648275e-04, 3.68324138e-04, 7.36648275e-04,
       1.47329655e-03, 7.36648275e-04, 1.10497244e-03, 1.84162066e-03,
       2.20994488e-03, 1.10497244e-03, 3.68324138e-04, 1.47329655e-03,
       1.10497244e-03, 0., 7.36648275e-04, 1.84162066e-03, 0.,
       1.84162066e-03, 3.68324138e-04, 7.36648275e-04, 7.36648275e-04,
       1.10497244e-03, 1.10497244e-03, 1.10497244e-03, 1.47329655e-03,
       7.36648275e-04, 0., 1.10497244e-03, 1.10497244e-03,
       3.68324138e-04, 1.84162066e-03, 7.36648275e-04, 1.47329655e-03,
       1.47329655e-03, 5.89318620e-03, 1.47329655e-03, 7.36648275e-04,
       1.10497244e-03, 1.84162066e-03, 1.10497244e-03, 2.57826899e-03,
       1.10497244e-03, 1.10497244e-03, 7.36648275e-04, 1.10497244e-03,
       2.20994488e-03, 7.36648275e-04, 7.36648275e-04, 7.36648275e-04,
       1.10497244e-03, 1.47329655e-03, 1.10497244e-03, 1.47329655e-03,
       2.57826899e-03, 7.36648275e-04, 1.47329655e-03, 1.10497244e-03,
       1.47329655e-03, 0., 3.68324138e-04, 1.10497244e-03,
       2.57826899e-03, 0., 4.41988977e-03, 3.68324138e-04,
       1.47329655e-03, 1.47329655e-03, 2.94659310e-03, 5.52486209e-03,
       7.36648275e-04, 1.84162066e-03, 3.68324138e-04, 7.36648275e-04,
       1.84162066e-03, 2.20994488e-03, 1.10497244e-03, 2.94659310e-03,
       7.36648275e-04, 3.68324138e-04, 1.47329655e-03, 1.10497244e-03,
       3.68324138e-04, 3.68324138e-04, 3.68324138e-04, 3.68324138e-04,
       2.57826899e-03, 3.68324138e-04, 2.57826899e-03, 7.36648275e-04,
       7.36648275e-04, 0., 3.68324138e-04, 1.47329655e-03,
       1.10497244e-03, 1.84162066e-03, 0., 2.20994488e-03,
       1.10497244e-03, 3.68324138e-04, 2.20994488e-03, 0.,
       1.47329655e-03, 0., 3.68324132e-03, 3.68324138e-04,
       1.10497244e-03, 1.47329655e-03, 1.84162066e-03, 1.47329655e-03,
       0., 3.68324138e-04, 1.10497244e-03, 1.47329655e-03,
       1.10497244e-03, 1.47329655e-03, 1.10497244e-03, 0.,
       7.36648275e-04, 1.10497244e-03, 3.68324138e-04, 1.10497244e-03,
       1.47329655e-03, 7.36648275e-04, 3.68324138e-04, 1.47329655e-03,
       0., 0., 1.10497244e-03, 1.47329655e-03, 1.84162066e-03,
       1.84162066e-03, 0., 7.36648275e-04, 3.68324138e-04, 0.,
       3.68324138e-04, 1.10497244e-03, 1.10497244e-03, 1.47329655e-03,
       1.10497244e-03, 7.36648275e-04, 2.20994488e-03, 3.68324138e-04,
       7.36648275e-04, 7.36648275e-04, 1.10497244e-03, 3.68324138e-04,
