%YAML:1.0
m25f: !!opencv-matrix
   rows: 1
   cols: 800
   dt: f
   data: [ 5.21920680e-04, 2.08768272e-03, 1.04384136e-03,
       1.56576210e-03, 0., 0., 3.13152419e-03, 3.13152419e-03,
       5.21920680e-04, 1.56576210e-03, 0., 0., 5.21920680e-04,
       2.08768272e-03, 0., 0., 0., 1.56576210e-03, 1.04384136e-03, 0.,
       1.04384136e-03, 5.21920680e-04, 1.04384136e-03, 0.,
       5.21920680e-04, 5.21920680e-04, 1.56576210e-03, 5.21920680e-04,
       0., 0., 1.04384136e-03, 2.60960334e-03, 1.04384136e-03,
       2.08768272e-03, 1.04384136e-03, 0., 5.21920680e-04,
       4.69728606e-03, 1.04384136e-03, 5.21920680e-04, 2.60960334e-03,
       4.69728606e-03, 1.04384136e-03, 5.21920668e-03, 2.60960334e-03,
       3.13152419e-03, 5.21920680e-04, 0., 5.21920680e-04, 0., 0.,
       2.08768272e-03, 1.56576210e-03, 1.04384136e-03, 5.21920680e-04,
       2.60960334e-03, 1.04384136e-03, 2.60960334e-03, 5.21920680e-04,
       3.65344482e-03, 0., 0., 5.21920680e-04, 2.08768272e-03, 0.,
       1.04384136e-03, 1.04384136e-03, 0., 0., 0., 0., 3.13152419e-03,
       0., 0., 1.04384136e-03, 2.60960334e-03, 0., 0., 1.04384136e-03,
       1.56576210e-03, 5.21920680e-04, 0., 0., 1.04384136e-03,
       5.21920680e-04, 3.65344482e-03, 2.08768272e-03, 1.04384136e-03,
       1.56576210e-03, 5.21920680e-04, 0., 5.21920680e-04,
       2.60960334e-03, 2.08768272e-03, 5.21920680e-04, 2.60960334e-03,
       2.08768272e-03, 3.13152419e-03, 1.56576210e-03, 3.65344482e-03,
       0., 2.08768272e-03, 2.08768272e-03, 0., 0., 2.08768272e-03, 0.,
       5.21920680e-04, 5.21920680e-04, 2.08768272e-03, 0.,
       1.56576210e-03, 0., 3.13152419e-03, 5.21920680e-04,
       2.08768272e-03, 0., 4.69728606e-03, 2.08768272e-03,
       3.13152419e-03, 1.56576210e-03, 3.65344482e-03, 1.56576210e-03,
       2.08768272e-03, 0., 0., 5.21920680e-04, 5.21920680e-04,
       1.04384136e-03, 3.13152419e-03, 0., 1.04384136e-03,
       1.04384136e-03, 1.04384136e-03, 0., 1.04384136e-03,
       3.65344482e-03, 2.60960334e-03, 2.08768272e-03, 5.21920680e-04,
       0., 5.74112730e-03, 2.60960334e-03, 0., 5.21920680e-04,
       3.65344482e-03, 2.08768272e-03, 0., 5.21920680e-04,
       1.04384136e-03, 0., 1.56576210e-03, 5.21920680e-04,
       2.08768272e-03, 1.04384136e-03, 0., 0., 1.56576210e-03,
       2.08768272e-03, 0., 1.04384136e-03, 0., 0., 1.56576210e-03, 0.,
       5.21920680e-04, 0., 1.56576210e-03, 0., 2.08768272e-03,
       1.56576210e-03, 2.08768272e-03, 1.56576210e-03, 3.13152419e-03,
       2.08768272e-03, 0., 1.04384136e-03, 1.04384136e-03,
       1.04384136e-03, 1.56576210e-03, 1.04384136e-03, 5.21920680e-04,
       5.21920680e-04, 2.08768272e-03, 1.04384136e-03, 2.08768272e-03,
       1.04384136e-03, 1.56576210e-03, 0., 2.08768272e-03, 0.,
       3.65344482e-03, 1.04384136e-03, 1.04384136e-03, 3.13152419e-03,
       5.21920680e-04, 0., 1.56576210e-03, 5.21920680e-04,
       1.04384136e-03, 2.08768272e-03, 2.08768272e-03, 5.21920680e-04,
       2.60960334e-03, 1.56576210e-03, 1.56576210e-03, 1.56576210e-03,
       1.04384136e-03, 1.56576210e-03, 4.17536544e-03, 2.60960334e-03,
       1.04384136e-03, 0., 1.04384136e-03, 1.56576210e-03, 0.,
       5.21920680e-04, 0., 0., 4.17536544e-03, 1.56576210e-03,
       5.21920680e-04, 0., 1.56576210e-03, 5.21920680e-04,
       1.56576210e-03, 5.21920680e-04, 5.21920680e-04, 2.08768272e-03,
       1.56576210e-03, 0., 5.21920680e-04, 2.08768272e-03,
       1.56576210e-03, 1.56576210e-03, 1.04384136e-03, 0., 0.,
       3.13152419e-03, 4.69728606e-03, 2.60960334e-03, 1.56576210e-03,
       1.04384136e-03, 6.78496901e-03, 0., 1.04384136e-03,
       1.04384136e-03, 1.04384136e-03, 0., 1.04384136e-03,
       2.60960334e-03, 5.21920680e-04, 0., 2.08768272e-03,
       1.04384136e-03, 0., 5.21920680e-04, 1.56576210e-03, 0.,
       5.21920680e-04, 3.65344482e-03, 1.56576210e-03, 5.21920668e-03,
       5.21920680e-04, 0., 2.08768272e-03, 0., 5.21920680e-04,
       2.60960334e-03, 2.08768272e-03, 5.21920680e-04, 0.,
       1.04384136e-03, 2.08768272e-03, 0., 0., 5.21920680e-04,
       1.56576210e-03, 1.04384136e-03, 2.08768272e-03, 2.60960334e-03,
       1.04384136e-03, 3.13152419e-03, 2.08768272e-03, 0.,
       5.21920680e-04, 1.56576210e-03, 1.04384136e-03, 5.21920680e-04,
       5.21920680e-04, 5.21920680e-04, 2.08768272e-03, 0.,
       1.56576210e-03, 1.56576210e-03, 2.08768272e-03, 1.04384136e-03,
       1.56576210e-03, 2.08768272e-03, 5.21920680e-04, 1.56576210e-03,
       3.65344482e-03, 0., 0., 1.56576210e-03, 0., 2.60960334e-03,
       2.60960334e-03, 5.21920680e-04, 5.21920680e-04, 5.21920680e-04,
       4.17536544e-03, 5.21920680e-04, 0., 0., 5.21920680e-04,
       5.74112730e-03, 1.56576210e-03, 1.04384136e-03, 1.04384136e-03,
       3.65344482e-03, 2.60960334e-03, 2.60960334e-03, 3.13152419e-03,
       5.21920680e-04, 0., 1.56576210e-03, 2.08768272e-03,
       2.08768272e-03, 0., 5.21920680e-04, 0., 0., 0., 1.04384136e-03,
       1.04384136e-03, 5.21920680e-04, 5.21920680e-04, 3.13152419e-03,
       1.04384136e-03, 1.04384136e-03, 5.21920680e-04, 3.13152419e-03,
       2.08768272e-03, 5.21920680e-04, 1.56576210e-03, 5.21920680e-04,
       2.60960334e-03, 5.21920680e-04, 1.56576210e-03, 5.21920680e-04,
       0., 0., 0., 4.69728606e-03, 0., 0., 1.56576210e-03,
       2.60960334e-03, 0., 0., 1.04384136e-03, 0., 5.21920680e-04,
       1.04384136e-03, 1.56576210e-03, 1.56576210e-03, 2.60960334e-03,
       5.21920680e-04, 1.56576210e-03, 5.21920680e-04, 1.04384136e-03,
       1.56576210e-03, 5.21920680e-04, 2.08768272e-03, 1.04384136e-03,
       2.08768272e-03, 2.08768272e-03, 2.60960334e-03, 3.13152419e-03,
       4.17536544e-03, 0., 5.21920680e-04, 1.56576210e-03, 0.,
       2.60960334e-03, 1.04384136e-03, 3.13152419e-03, 1.56576210e-03,
       5.21920680e-04, 5.21920680e-04, 1.04384136e-03, 5.21920680e-04,
       4.17536544e-03, 5.21920680e-04, 4.69728606e-03, 1.56576210e-03,
       5.21920680e-04, 5.21920680e-04, 5.21920680e-04, 4.17536544e-03,
       0., 5.21920680e-04, 1.04384136e-03, 1.56576210e-03,
       1.04384136e-03, 0., 0., 5.21920680e-04, 5.21920680e-04, 0.,
       1.04384136e-03, 4.17536544e-03, 1.56576210e-03, 5.21920680e-04,
       2.08768272e-03, 1.04384136e-03, 2.08768272e-03, 5.21920680e-04,
       0., 1.56576210e-03, 1.56576210e-03, 5.21920680e-04,
       1.56576210e-03, 3.65344482e-03, 0., 5.21920680e-04,
       1.04384136e-03, 0., 1.04384136e-03, 0., 0., 1.56576210e-03,
       1.04384136e-03, 1.04384136e-03, 5.21920680e-04, 0.,
       4.17536544e-03, 1.04384136e-03, 0., 2.60960334e-03, 0.,
       3.13152419e-03, 1.04384136e-03, 5.21920680e-04, 2.08768272e-03,
       0., 1.56576210e-03, 5.21920680e-04, 5.21920680e-04,
       5.21920680e-04, 4.17536544e-03, 5.21920680e-04, 5.21920680e-04,
       2.08768272e-03, 0., 1.04384136e-03, 1.04384136e-03,
       2.08768272e-03, 2.08768272e-03, 1.56576210e-03, 5.21920680e-04,
       0., 1.56576210e-03, 1.56576210e-03, 1.04384136e-03,
       3.13152419e-03, 0., 2.60960334e-03, 1.56576210e-03,
       1.04384136e-03, 5.21920680e-04, 0., 2.08768272e-03,
       1.04384136e-03, 5.21920680e-04, 1.04384136e-03, 1.56576210e-03,
       2.08768272e-03, 5.21920680e-04, 1.56576210e-03, 2.08768272e-03,
       1.56576210e-03, 1.04384136e-03, 1.56576210e-03, 3.13152419e-03,
       1.04384136e-03, 1.04384136e-03, 5.21920680e-04, 1.56576210e-03,
       5.21920680e-04, 2.60960334e-03, 5.21920680e-04, 4.17536544e-03,
       0., 1.56576210e-03, 2.08768272e-03, 5.21920680e-04,
       2.08768272e-03, 0., 2.60960334e-03, 1.04384136e-03,
       2.08768272e-03, 2.60960334e-03, 5.21920680e-04, 2.08768272e-03,
       0., 4.17536544e-03, 2.60960334e-03, 5.21920680e-04,
       1.04384136e-03, 2.60960334e-03, 2.08768272e-03, 1.04384136e-03,
       2.60960334e-03, 2.08768272e-03, 2.60960334e-03, 2.60960334e-03,
       4.17536544e-03, 2.60960334e-03, 3.65344482e-03, 2.08768272e-03,
       3.13152419e-03, 3.13152419e-03, 0., 5.21920680e-04,
       3.65344482e-03, 0., 1.56576210e-03, 1.04384136e-03, 0.,
