%YAML:1.0
m25f: !!opencv-matrix
   rows: 1
   cols: 800
   dt: f
   data: [ 1.26782886e-03, 6.97305892e-03, 9.50871618e-04,
       6.33914431e-04, 2.53565772e-03, 2.21870048e-03, 1.90174324e-03,
       1.26782886e-03, 6.33914431e-04, 9.50871618e-04, 3.16957216e-04,
       6.33914431e-04, 1.58478611e-03, 9.50871618e-04, 3.16957216e-04,
       1.26782886e-03, 1.58478611e-03, 3.16957216e-04, 6.33914431e-04,
       2.53565772e-03, 0., 3.16957216e-04, 6.33914431e-04,
       1.26782886e-03, 1.10935029e-02, 6.33914431e-04, 1.26782886e-03,
       3.16957216e-04, 1.26782886e-03, 3.16957216e-04, 9.50871618e-04,
       1.58478611e-03, 1.26782886e-03, 6.33914431e-04, 9.50871618e-04,
       0., 1.26782886e-03, 1.90174324e-03, 9.50871618e-04,
       6.33914431e-04, 1.26782886e-03, 3.16957216e-04, 3.16957216e-04,
       3.16957216e-04, 9.50871618e-04, 2.21870048e-03, 6.33914431e-04,
       1.58478611e-03, 9.50871618e-04, 1.58478611e-03, 6.33914431e-04,
       1.58478611e-03, 6.33914431e-04, 1.58478611e-03, 0.,
       9.50871618e-04, 3.80348647e-03, 1.58478611e-03, 3.16957216e-04,
       2.21870048e-03, 6.33914431e-04, 9.50871618e-04, 2.85261497e-03,
       1.90174324e-03, 9.50871618e-04, 1.58478611e-03, 1.90174324e-03,
       9.50871618e-04, 3.16957216e-04, 1.90174324e-03, 3.16957216e-04,
       1.26782886e-03, 1.26782886e-03, 2.53565772e-03, 1.90174324e-03,
       3.16957216e-04, 3.16957216e-04, 6.33914431e-04, 9.50871618e-04,
       9.50871618e-04, 1.26782886e-03, 1.58478611e-03, 6.33914431e-04,
       3.16957216e-04, 1.58478611e-03, 3.16957221e-03, 3.16957216e-04,
       3.16957221e-03, 2.21870048e-03, 3.16957216e-04, 9.50871618e-04,
       1.26782886e-03, 6.33914431e-04, 0., 6.33914431e-04, 0.,
       1.26782886e-03, 3.16957216e-04, 3.16957216e-04, 9.50871618e-04,
       6.33914431e-04, 2.85261497e-03, 3.48652946e-03, 6.33914431e-04,
       6.33914431e-04, 1.26782886e-03, 2.21870048e-03, 3.16957216e-04,
       1.90174324e-03, 1.26782886e-03, 1.90174324e-03, 2.21870048e-03,
       6.33914431e-04, 2.21870048e-03, 1.58478611e-03, 1.90174324e-03,
       1.26782886e-03, 2.21870048e-03, 1.26782886e-03, 1.26782886e-03,
       6.33914431e-04, 9.50871618e-04, 1.58478611e-03, 9.50871618e-04,
       2.53565772e-03, 6.33914431e-04, 1.58478611e-03, 6.33914431e-04,
       9.50871618e-04, 6.33914431e-04, 2.21870048e-03, 1.26782886e-03,
       1.26782886e-03, 3.16957221e-03, 1.26782886e-03, 1.58478611e-03,
       1.90174324e-03, 1.90174324e-03, 3.16957216e-04, 9.50871618e-04,
       0., 2.53565772e-03, 1.90174324e-03, 9.50871618e-04,
       9.50871618e-04, 2.53565772e-03, 9.50871618e-04, 9.50871618e-04,
       1.90174324e-03, 1.58478611e-03, 9.50871618e-04, 1.90174324e-03,
       2.21870048e-03, 1.90174324e-03, 9.50871618e-04, 6.33914431e-04,
       6.33914431e-04, 9.50871618e-04, 1.58478611e-03, 2.21870048e-03,
       6.33914431e-04, 6.33914431e-04, 9.50871618e-04, 3.16957216e-04,
       3.16957216e-04, 3.48652946e-03, 1.26782886e-03, 3.16957216e-04,
       1.90174324e-03, 3.16957216e-04, 9.50871618e-04, 9.50871618e-04,
       0., 3.16957216e-04, 3.16957216e-04, 1.58478611e-03,
       1.26782886e-03, 2.21870048e-03, 2.21870048e-03, 9.50871618e-04,
       1.26782886e-03, 0., 2.21870048e-03, 0., 3.16957216e-04,
       6.33914431e-04, 1.90174324e-03, 1.26782886e-03, 1.26782886e-03,
       1.58478611e-03, 2.85261497e-03, 9.50871618e-04, 1.58478611e-03,
       3.16957216e-04, 3.16957216e-04, 1.26782886e-03, 1.26782886e-03,
       6.33914431e-04, 6.33914431e-04, 1.26782886e-03, 6.33914431e-04,
       6.33914431e-04, 3.16957216e-04, 2.53565772e-03, 2.21870048e-03,
       6.33914431e-04, 6.33914431e-04, 9.50871618e-04, 1.90174324e-03,
       0., 6.33914431e-04, 1.26782886e-03, 6.33914431e-04,
       3.16957216e-04, 9.50871618e-04, 6.33914431e-04, 9.50871618e-04,
       1.26782886e-03, 1.26782886e-03, 1.26782886e-03, 1.26782886e-03,
       1.90174324e-03, 9.50871618e-04, 9.50871618e-04, 2.21870048e-03,
       2.21870048e-03, 3.16957216e-04, 9.50871618e-04, 1.90174324e-03,
       6.33914431e-04, 6.33914431e-04, 2.21870048e-03, 6.33914431e-04,
       1.26782886e-03, 1.58478611e-03, 3.16957216e-04, 1.90174324e-03,
       2.21870048e-03, 3.16957216e-04, 9.50871618e-04, 1.26782886e-03,
       3.16957216e-04, 2.21870048e-03, 3.16957221e-03, 9.50871618e-04,
       1.58478611e-03, 2.85261497e-03, 2.53565772e-03, 1.26782886e-03,
       1.26782886e-03, 0., 1.90174324e-03, 1.90174324e-03,
       2.21870048e-03, 9.50871618e-04, 6.33914431e-04, 9.50871618e-04,
       1.90174324e-03, 1.26782886e-03, 9.50871618e-04, 1.26782886e-03,
       1.26782886e-03, 6.33914431e-04, 1.58478611e-03, 1.90174324e-03,
       1.58478611e-03, 3.16957216e-04, 3.16957221e-03, 6.33914431e-04,
       3.48652946e-03, 3.80348647e-03, 1.90174324e-03, 1.58478611e-03,
       9.50871618e-04, 1.26782886e-03, 1.26782886e-03, 9.50871618e-04,
       9.50871618e-04, 1.26782886e-03, 9.50871618e-04, 1.58478611e-03,
       1.26782886e-03, 9.50871618e-04, 1.26782886e-03, 6.33914431e-04,
       1.26782886e-03, 2.21870048e-03, 3.16957216e-04, 3.16957216e-04,
       9.50871618e-04, 9.50871618e-04, 6.33914431e-04, 9.50871618e-04,
       1.90174324e-03, 6.33914431e-04, 3.16957216e-04, 0.,
       1.90174324e-03, 1.26782886e-03, 2.21870048e-03, 1.58478611e-03,
       6.33914431e-04, 6.33914431e-04, 1.26782886e-03, 0.,
       6.33914431e-04, 6.33914431e-04, 6.33914431e-04, 2.21870048e-03,
       1.26782886e-03, 9.50871618e-04, 9.50871618e-04, 3.16957216e-04,
       1.58478611e-03, 3.80348647e-03, 3.48652946e-03, 1.26782886e-03,
       1.26782886e-03, 9.50871618e-04, 1.58478611e-03, 1.26782886e-03,
       1.90174324e-03, 1.26782886e-03, 1.58478611e-03, 9.50871618e-04,
       2.85261497e-03, 9.50871618e-04, 1.26782886e-03, 9.50871618e-04,
       1.58478611e-03, 1.58478611e-03, 9.50871618e-04, 1.26782886e-03,
       2.53565772e-03, 1.90174324e-03, 6.33914431e-04, 1.26782886e-03,
       9.50871618e-04, 6.33914431e-04, 6.33914431e-04, 3.16957216e-04,
       1.26782886e-03, 9.50871618e-04, 1.58478611e-03, 1.90174324e-03,
       6.33914431e-04, 6.33914431e-04, 0., 9.50871618e-04,
       1.58478611e-03, 1.58478611e-03, 3.16957216e-04, 9.50871618e-04,
       9.50871618e-04, 9.50871618e-04, 0., 9.50871618e-04,
       6.33914431e-04, 1.58478611e-03, 3.16957216e-04, 1.58478611e-03,
       6.33914431e-04, 9.50871618e-04, 1.58478611e-03, 1.26782886e-03,
       1.26782886e-03, 1.58478611e-03, 9.50871618e-04, 2.21870048e-03,
       1.90174324e-03, 2.21870048e-03, 6.33914431e-04, 1.90174324e-03,
       1.58478611e-03, 2.53565772e-03, 1.90174324e-03, 3.16957216e-04,
       9.50871618e-04, 0., 1.58478611e-03, 3.80348647e-03, 0.,
       9.50871618e-04, 6.33914431e-04, 1.58478611e-03, 3.16957216e-04,
       9.50871618e-04, 1.90174324e-03, 3.48652946e-03, 1.58478611e-03,
       9.50871618e-04, 4.43740096e-03, 1.26782886e-03, 2.53565772e-03,
       1.26782886e-03, 3.16957216e-04, 1.90174324e-03, 1.26782886e-03,
       3.16957216e-04, 6.33914431e-04, 2.21870048e-03, 9.50871618e-04,
       1.58478611e-03, 1.26782886e-03, 6.33914431e-04, 9.50871618e-04,
       1.26782886e-03, 9.50871618e-04, 1.58478611e-03, 6.33914431e-04,
       9.50871618e-04, 2.21870048e-03, 2.53565772e-03, 3.16957216e-04,
       1.26782886e-03, 2.53565772e-03, 1.90174324e-03, 9.50871618e-04,
       1.58478611e-03, 2.53565772e-03, 1.90174324e-03, 3.16957216e-04,
       9.50871618e-04, 2.21870048e-03, 1.26782886e-03, 6.33914431e-04,
       2.85261497e-03, 1.58478611e-03, 1.58478611e-03, 0.,
       1.58478611e-03, 9.50871618e-04, 9.50871618e-04, 6.33914431e-04,
       6.33914431e-04, 1.58478611e-03, 1.58478611e-03, 9.50871618e-04,
       3.16957216e-04, 3.16957216e-04, 9.50871618e-04, 3.16957216e-04,
       9.50871618e-04, 1.58478611e-03, 2.85261497e-03, 6.33914431e-04,
       1.90174324e-03, 1.90174324e-03, 0., 3.16957216e-04,
       6.33914431e-04, 1.26782886e-03, 1.26782886e-03, 3.16957216e-04,
       1.26782886e-03, 1.26782886e-03, 3.16957216e-04, 3.16957216e-04,
