%YAML:1.0
m25f: !!opencv-matrix
   rows: 1
   cols: 800
   dt: f
   data: [ 0., 0., 0., 8.62812798e-04, 8.62812798e-04, 1.72562560e-03,
       8.62812798e-04, 1.03537533e-02, 6.90250238e-03, 1.72562560e-03,
       1.72562560e-03, 8.62812798e-04, 8.62812798e-04, 8.62812798e-04,
       1.72562560e-03, 5.17687667e-03, 8.62812798e-04, 8.62812798e-04,
       8.62812798e-04, 8.62812798e-04, 2.58843834e-03, 2.58843834e-03,
       4.31406405e-03, 0., 0., 0., 8.62812798e-04, 2.58843834e-03,
       1.72562560e-03, 0., 6.03968976e-03, 0., 0., 8.62812798e-04,
       1.72562560e-03, 6.90250238e-03, 0., 0., 1.72562560e-03,
       2.58843834e-03, 1.72562560e-03, 8.62812798e-04, 0.,
       8.62812798e-04, 0., 2.58843834e-03, 0., 8.62812798e-04,
       1.72562560e-03, 3.45125119e-03, 0., 3.45125119e-03,
       1.72562560e-03, 0., 8.62812798e-04, 2.58843834e-03,
       8.62812798e-04, 1.72562560e-03, 0., 8.62812798e-04,
       2.58843834e-03, 2.58843834e-03, 8.62812798e-04, 2.58843834e-03,
       0., 0., 8.62812798e-04, 1.72562560e-03, 8.62812798e-04,
       8.62812798e-04, 1.72562560e-03, 3.45125119e-03, 8.62812798e-04,
       0., 8.62812798e-04, 8.62812798e-04, 8.62812798e-04,
       2.58843834e-03, 8.62812798e-04, 8.62812798e-04, 8.62812798e-04,
       8.62812798e-04, 4.31406405e-03, 8.62812798e-04, 1.72562560e-03,
       3.45125119e-03, 0., 5.17687667e-03, 0., 3.45125119e-03,
       1.72562560e-03, 0., 0., 0., 0., 5.17687667e-03, 3.45125119e-03,
       1.72562560e-03, 8.62812798e-04, 1.72562560e-03, 8.62812798e-04,
       0., 8.62812798e-04, 4.31406405e-03, 0., 8.62812798e-04,
       1.72562560e-03, 1.72562560e-03, 8.62812798e-04, 8.62812798e-04,
       2.58843834e-03, 0., 8.62812798e-04, 8.62812798e-04, 0., 0.,
       2.58843834e-03, 0., 1.46678174e-02, 5.17687667e-03,
       1.72562560e-03, 8.62812798e-04, 8.62812798e-04, 8.62812798e-04,
       1.72562560e-03, 8.62812798e-04, 1.72562560e-03, 2.58843834e-03,
       3.45125119e-03, 8.62812798e-04, 1.72562560e-03, 2.58843834e-03,
       0., 0., 2.58843834e-03, 0., 0., 1.72562560e-03, 1.72562560e-03,
       8.62812798e-04, 0., 1.72562560e-03, 0., 8.62812798e-04,
       6.03968976e-03, 8.62812798e-04, 0., 8.62812798e-04,
       8.62812798e-04, 0., 0., 0., 2.58843834e-03, 2.58843834e-03,
       8.62812798e-04, 3.45125119e-03, 8.62812798e-04, 3.45125119e-03,
       1.72562560e-03, 0., 5.17687667e-03, 0., 0., 8.62812798e-04,
       8.62812798e-04, 8.62812798e-04, 0., 0., 0., 0., 1.72562560e-03,
       8.62812798e-04, 0., 0., 0., 1.72562560e-03, 0., 2.58843834e-03,
       0., 2.58843834e-03, 8.62812798e-04, 2.58843834e-03,
       7.76531501e-03, 0., 8.62812798e-04, 0., 8.62812798e-04,
       3.45125119e-03, 0., 8.62812798e-04, 0., 8.62812798e-04,
       6.03968976e-03, 0., 0., 8.62812798e-04, 1.72562560e-03,
       3.45125119e-03, 8.62812798e-04, 0., 0., 8.62812798e-04,
       1.72562560e-03, 0., 0., 8.62812798e-04, 8.62812798e-04,
       1.72562560e-03, 1.72562560e-03, 8.62812798e-04, 8.62812798e-04,
       1.72562560e-03, 8.62812798e-04, 0., 8.62812798e-04, 0.,
       3.45125119e-03, 0., 3.45125119e-03, 0., 8.62812798e-04,
       8.62812798e-04, 0., 0., 3.45125119e-03, 1.72562560e-03, 0., 0.,
       8.62812798e-04, 2.58843834e-03, 0., 8.62812798e-04,
       1.72562560e-03, 0., 8.62812798e-04, 0., 8.62812798e-04,
       8.62812798e-04, 0., 1.72562560e-03, 0., 8.62812798e-04, 0., 0.,
       8.62812798e-04, 0., 1.72562560e-03, 1.72562560e-03,
       8.62812798e-04, 0., 8.62812798e-04, 8.62812798e-04, 0.,
       1.72562560e-03, 1.72562560e-03, 0., 1.72562560e-03,
       2.58843834e-03, 2.58843834e-03, 2.58843834e-03, 8.62812798e-04,
       0., 1.72562560e-03, 0., 8.62812798e-04, 8.62812798e-04,
       5.17687667e-03, 0., 1.72562560e-03, 8.62812798e-04,
       8.62812798e-04, 0., 4.31406405e-03, 0., 3.45125119e-03,
       8.62812798e-04, 1.72562560e-03, 8.62812798e-04, 8.62812798e-04,
       2.58843834e-03, 8.62812798e-04, 2.58843834e-03, 3.45125119e-03,
       0., 0., 0., 8.62812798e-04, 3.45125119e-03, 0., 1.72562560e-03,
       0., 4.31406405e-03, 0., 0., 6.90250238e-03, 0., 8.62812798e-04,
       0., 0., 6.90250238e-03, 1.72562560e-03, 8.62812798e-04,
       1.72562560e-03, 8.62812798e-04, 0., 2.58843834e-03,
       4.31406405e-03, 2.58843834e-03, 0., 8.62812798e-04, 0.,
       2.58843834e-03, 0., 1.72562560e-03, 8.62812798e-04,
       8.62812798e-04, 8.62812798e-04, 0., 0., 1.72562560e-03, 0.,
       8.62812798e-04, 8.62812798e-04, 8.62812798e-04, 3.45125119e-03,
       1.72562560e-03, 8.62812798e-04, 0., 0., 2.58843834e-03,
       8.62812798e-04, 2.58843834e-03, 0., 8.62812798e-04,
       4.31406405e-03, 0., 8.62812798e-04, 8.62812798e-04,
       8.62812798e-04, 0., 8.62812798e-04, 1.12165660e-02,
       1.72562560e-03, 1.72562560e-03, 8.62812798e-04, 1.72562560e-03,
       8.62812798e-04, 0., 0., 8.62812798e-04, 0., 8.62812798e-04, 0.,
       8.62812798e-04, 5.17687667e-03, 0., 0., 8.62812798e-04, 0.,
       1.72562560e-03, 8.62812798e-04, 0., 8.62812798e-04, 0., 0., 0.,
       8.62812798e-04, 8.62812798e-04, 8.62812798e-04, 0.,
       8.62812798e-04, 0., 0., 0., 8.62812798e-04, 0., 8.62812798e-04,
       0., 0., 2.58843834e-03, 8.62812798e-04, 8.62812798e-04,
       6.03968976e-03, 0., 2.58843834e-03, 8.62812798e-04,
       3.45125119e-03, 0., 8.62812798e-04, 0., 0., 2.58843834e-03,
       1.20793795e-02, 2.58843834e-03, 2.58843834e-03, 0.,
       8.62812798e-04, 0., 0., 8.62812798e-04, 8.62812798e-04, 0.,
       8.62812798e-04, 8.62812798e-04, 2.58843834e-03, 8.62812798e-04,
       0., 5.17687667e-03, 3.45125119e-03, 0., 8.62812798e-04,
       8.62812798e-04, 8.62812798e-04, 0., 0., 0., 0., 0.,
       8.62812798e-04, 1.72562560e-03, 8.62812798e-04, 0.,
       2.58843834e-03, 8.62812798e-04, 8.62812798e-04, 1.72562560e-03,
       0., 0., 8.62812810e-03, 0., 6.03968976e-03, 0., 0., 0.,
       8.62812798e-04, 0., 2.58843834e-03, 1.72562560e-03, 0.,
       8.62812798e-04, 0., 8.62812798e-04, 0., 8.62812798e-04, 0.,
       3.45125119e-03, 8.62812798e-04, 8.62812798e-04, 4.31406405e-03,
       0., 8.62812798e-04, 8.62812798e-04, 1.72562560e-03, 0., 0.,
       2.58843834e-03, 8.62812798e-04, 0., 8.62812798e-04,
       8.62812798e-04, 0., 1.72562560e-03, 2.58843834e-03, 0.,
       8.62812798e-04, 8.62812798e-04, 0., 0., 8.62812798e-04, 0., 0.,
       0., 0., 8.62812798e-04, 8.62812798e-04, 0., 2.58843834e-03,
       6.03968976e-03, 0., 8.62812798e-04, 1.72562560e-03, 0., 0., 0.,
       1.72562560e-03, 8.62812798e-04, 1.72562560e-03, 8.62812798e-04,
       1.72562560e-03, 2.58843834e-03, 0., 0., 1.72562560e-03,
       8.62812798e-04, 1.72562560e-03, 0., 8.62812798e-04,
       2.58843834e-03, 8.62812798e-04, 8.62812798e-04, 1.72562560e-03,
       0., 0., 6.90250238e-03, 1.72562560e-03, 2.58843834e-03, 0.,
       1.72562560e-03, 1.72562560e-03, 2.58843834e-03, 0.,
       6.03968976e-03, 8.62812798e-04, 0., 8.62812798e-04, 0.,
       8.62812798e-04, 0., 2.58843834e-03, 2.58843834e-03,
       3.45125119e-03, 8.62812798e-04, 8.62812798e-04, 0.,
       8.62812798e-04, 1.72562560e-03, 0., 8.62812798e-04,
       8.62812798e-04, 2.58843834e-03, 4.31406405e-03, 0., 0., 0., 0.,
       8.62812798e-04, 0., 6.90250238e-03, 8.62812798e-04,
       8.62812798e-04, 1.72562560e-03, 8.62812798e-04, 3.45125119e-03,
       8.62812798e-04, 8.62812798e-04, 0., 0., 8.62812798e-04,
       6.90250238e-03, 8.62812798e-04, 0., 3.45125119e-03, 0., 0.,
       8.62812798e-04, 2.58843834e-03, 1.72562560e-03, 2.58843834e-03,
       7.76531501e-03, 8.62812798e-04, 0., 8.62812798e-04,
       1.72562560e-03, 2.58843834e-03, 4.31406405e-03, 2.58843834e-03,
       0., 2.58843834e-03, 8.62812798e-04, 8.62812798e-04, 0., 0., 0.,
       0., 0., 8.62812798e-04, 1.38050048e-02, 1.72562560e-03,
       1.72562560e-03, 2.58843834e-03, 8.62812798e-04, 0., 0.,
       1.72562560e-03, 3.45125119e-03, 0., 8.62812798e-04, 0.,
       1.72562560e-03, 0., 1.72562560e-03, 8.62812798e-04,
       8.62812798e-04, 0., 8.62812798e-04, 0., 8.62812798e-04, 0., 0.,
