%YAML:1.0
m25f: !!opencv-matrix
   rows: 1
   cols: 800
   dt: f
   data: [ 0., 5.90841938e-03, 2.95420969e-03, 2.95420969e-03, 0.,
       1.47710484e-03, 1.47710484e-03, 1.47710480e-02, 1.47710484e-03,
       0., 1.47710484e-03, 0., 1.47710484e-03, 1.47710484e-03, 0.,
       2.95420969e-03, 2.95420969e-03, 1.47710484e-03, 0.,
       1.47710484e-03, 1.47710484e-03, 0., 1.47710484e-03, 0., 0., 0.,
       1.47710484e-03, 1.47710484e-03, 1.47710484e-03, 0.,
       1.47710484e-03, 0., 0., 2.95420969e-03, 2.95420969e-03,
       1.47710484e-03, 0., 0., 0., 1.47710484e-03, 0., 0.,
       1.47710484e-03, 0., 1.47710484e-03, 1.47710484e-03,
       1.47710484e-03, 4.43131477e-03, 1.47710484e-03, 1.47710484e-03,
       0., 2.95420969e-03, 1.47710484e-03, 2.95420969e-03,
       1.47710484e-03, 0., 0., 1.47710484e-03, 1.47710484e-03, 0.,
       2.95420969e-03, 2.95420969e-03, 0., 8.86262953e-03, 0., 0.,
       5.90841938e-03, 7.38552399e-03, 0., 0., 0., 0., 4.43131477e-03,
       0., 0., 0., 0., 0., 1.47710484e-03, 0., 7.38552399e-03,
       1.47710484e-03, 1.47710484e-03, 1.47710484e-03, 0.,
       4.43131477e-03, 2.95420969e-03, 0., 0., 1.47710484e-03, 0.,
       5.90841938e-03, 0., 2.95420969e-03, 0., 2.95420969e-03, 0.,
       2.95420969e-03, 1.47710484e-03, 0., 0., 0., 0., 1.47710484e-03,
       1.47710484e-03, 1.47710484e-03, 5.90841938e-03, 1.47710484e-03,
       0., 0., 4.43131477e-03, 1.47710484e-03, 0., 0., 0., 0.,
       2.95420969e-03, 1.47710484e-03, 0., 1.62481535e-02,
       1.47710484e-03, 2.95420969e-03, 0., 0., 1.47710484e-03, 0., 0.,
       4.43131477e-03, 5.90841938e-03, 2.95420969e-03, 0., 0.,
       2.95420969e-03, 0., 0., 5.90841938e-03, 1.47710484e-03, 0.,
       1.47710484e-03, 0., 0., 4.43131477e-03, 0., 0., 1.47710484e-03,
       1.47710484e-03, 2.95420969e-03, 0., 0., 1.47710484e-03,
       1.47710484e-03, 1.47710484e-03, 1.47710484e-03, 0.,
       1.47710484e-03, 1.47710484e-03, 0., 1.47710484e-03,
       1.47710484e-03, 0., 0., 0., 1.47710484e-03, 0., 0.,
       1.47710484e-03, 0., 1.47710484e-03, 0., 1.47710484e-03,
       2.95420969e-03, 0., 0., 1.47710484e-03, 1.47710484e-03,
       2.95420969e-03, 2.95420969e-03, 2.95420969e-03, 0.,
       1.47710484e-03, 0., 4.43131477e-03, 0., 4.43131477e-03, 0., 0.,
       0., 0., 0., 0., 2.95420969e-03, 1.47710484e-03, 0., 0., 0., 0.,
       0., 1.47710484e-03, 0., 1.47710484e-03, 1.47710484e-03,
       2.95420969e-03, 0., 0., 1.47710484e-03, 1.47710484e-03, 0., 0.,
       0., 1.47710484e-03, 2.95420969e-03, 0., 1.47710484e-03, 0., 0.,
       2.95420969e-03, 2.95420969e-03, 1.47710484e-03, 2.95420969e-03,
       1.47710484e-03, 0., 1.47710484e-03, 0., 0., 0., 1.47710484e-03,
       1.47710484e-03, 4.43131477e-03, 0., 1.47710484e-03,
       2.95420969e-03, 0., 0., 0., 0., 0., 0., 1.47710484e-03, 0., 0.,
       1.47710484e-03, 0., 1.47710484e-03, 1.47710484e-03, 0., 0., 0.,
       1.47710484e-03, 0., 2.95420969e-03, 0., 4.43131477e-03, 0.,
       1.47710484e-03, 4.43131477e-03, 0., 1.47710484e-03, 0.,
       1.47710484e-03, 0., 1.47710484e-03, 0., 0., 0., 5.90841938e-03,
       0., 2.95420969e-03, 0., 4.43131477e-03, 0., 0., 0.,
       1.47710484e-03, 0., 0., 2.95420969e-03, 0., 0., 0.,
       1.47710484e-03, 0., 2.95420969e-03, 1.47710484e-03, 0.,
       1.47710484e-03, 2.95420969e-03, 1.47710484e-03, 0., 0.,
       1.47710484e-03, 0., 4.43131477e-03, 1.47710484e-03, 0., 0., 0.,
       1.47710484e-03, 0., 0., 1.47710484e-03, 0., 4.43131477e-03,
       1.47710484e-03, 2.95420969e-03, 0., 0., 1.47710484e-03, 0.,
       1.47710484e-03, 1.47710484e-03, 8.86262953e-03, 4.43131477e-03,
       2.95420969e-03, 4.43131477e-03, 1.47710484e-03, 0., 0., 0., 0.,
       0., 0., 1.47710484e-03, 0., 0., 1.47710484e-03, 0.,
       2.95420969e-03, 1.47710484e-03, 0., 0., 0., 1.47710484e-03, 0.,
       1.47710484e-03, 0., 1.47710484e-03, 1.47710484e-03, 0.,
       4.43131477e-03, 0., 0., 1.47710484e-03, 1.47710484e-03, 0., 0.,
       1.47710484e-03, 0., 1.47710484e-03, 0., 2.95420969e-03,
       1.47710484e-03, 0., 4.43131477e-03, 0., 0., 1.47710484e-03,
       4.43131477e-03, 0., 0., 4.43131477e-03, 0., 0., 0., 0., 0.,
       1.47710484e-03, 1.47710484e-03, 0., 0., 0., 1.47710484e-03, 0.,
       0., 0., 0., 2.95420969e-03, 0., 0., 0., 0., 0., 1.47710484e-03,
       5.90841938e-03, 0., 5.90841938e-03, 2.95420969e-03,
       5.90841938e-03, 0., 4.43131477e-03, 0., 0., 2.95420969e-03,
       5.90841938e-03, 2.95420969e-03, 0., 0., 0., 0., 0.,
       1.47710484e-03, 0., 0., 0., 0., 1.47710484e-03, 2.95420969e-03,
       0., 1.47710484e-03, 0., 0., 0., 0., 0., 1.47710484e-03, 0., 0.,
       0., 0., 0., 0., 1.47710484e-03, 0., 4.43131477e-03,
       2.95420969e-03, 0., 0., 1.47710484e-03, 0., 0., 0.,
       1.47710484e-03, 0., 0., 4.43131477e-03, 0., 0., 0.,
       1.47710484e-03, 0., 1.47710484e-03, 0., 0., 0., 0.,
       1.47710484e-03, 1.47710484e-03, 1.47710484e-03, 0.,
       1.47710484e-03, 0., 1.47710484e-03, 0., 0., 1.47710484e-03, 0.,
       2.95420969e-03, 4.43131477e-03, 8.86262953e-03, 0., 0., 0., 0.,
       0., 0., 1.47710484e-03, 0., 0., 0., 2.95420969e-03,
       7.38552399e-03, 1.47710484e-03, 2.95420969e-03, 1.47710484e-03,
       0., 0., 0., 1.47710484e-03, 0., 0., 0., 0., 0., 1.47710484e-03,
       0., 4.43131477e-03, 1.47710484e-03, 2.95420969e-03, 0., 0.,
       2.95420969e-03, 1.47710484e-03, 1.47710484e-03, 0.,
       2.95420969e-03, 1.47710484e-03, 1.47710484e-03, 0.,
       7.38552399e-03, 0., 1.47710484e-03, 1.47710484e-03, 0., 0.,
       1.47710484e-03, 1.47710484e-03, 0., 0., 0., 2.95420969e-03, 0.,
       0., 2.95420969e-03, 0., 1.47710484e-03, 1.47710484e-03, 0., 0.,
       1.47710484e-03, 1.47710484e-03, 0., 2.95420969e-03,
       1.47710484e-03, 1.47710484e-03, 0., 1.47710484e-03, 0., 0.,
       1.47710484e-03, 0., 1.47710484e-03, 0., 1.47710484e-03, 0., 0.,
       1.47710484e-03, 0., 1.47710484e-03, 2.95420969e-03,
       2.95420969e-03, 1.47710484e-03, 1.47710484e-03, 2.95420969e-03,
       4.43131477e-03, 1.47710484e-03, 1.47710484e-03, 1.47710484e-03,
       0., 0., 1.47710484e-03, 2.95420969e-03, 2.95420969e-03, 0., 0.,
       4.43131477e-03, 0., 7.38552399e-03, 0., 2.95420969e-03, 0., 0.,
       0., 1.47710484e-03, 2.95420969e-03, 2.95420969e-03, 0.,
       1.47710484e-03, 2.95420969e-03, 0., 1.47710484e-03, 0., 0., 0.,
       0., 2.95420969e-03, 1.47710484e-03, 1.47710484e-03,
       2.95420969e-03, 1.47710484e-03, 1.47710484e-03, 0.,
       2.95420969e-03, 1.47710484e-03, 0., 1.47710484e-03,
       5.90841938e-03, 0., 0., 1.47710484e-03, 0., 2.95420969e-03, 0.,
       0., 0., 1.47710484e-03, 0., 0., 4.43131477e-03, 0., 0.,
       4.43131477e-03, 1.47710484e-03, 0., 0., 4.43131477e-03, 0., 0.,
       1.47710484e-03, 0., 0., 0., 0., 0., 1.47710484e-03,
       1.47710484e-03, 1.47710484e-03, 1.47710484e-03, 0.,
       1.47710484e-03, 0., 2.95420969e-03, 1.47710484e-03,
       2.95420969e-03, 0., 1.47710484e-03, 2.95420969e-03,
       1.47710484e-03, 1.47710484e-03, 0., 1.47710484e-03,
       1.47710484e-03, 1.47710484e-03, 0., 0., 1.47710484e-03,
       2.95420969e-03, 1.47710484e-03, 2.95420969e-03, 0.,
       1.47710484e-03, 1.47710484e-03, 1.47710484e-03, 1.47710484e-03,
       4.43131477e-03, 1.47710484e-03, 1.47710484e-03, 1.47710484e-03,
       0., 2.95420969e-03, 0., 0., 2.95420969e-03, 1.47710484e-03, 0.,
       1.47710484e-03, 1.47710484e-03, 0., 2.95420969e-03, 0.,
       1.47710484e-03, 1.47710484e-03, 0., 0., 0., 4.43131477e-03, 0.,
       1.18168388e-02, 2.95420969e-03, 1.47710484e-03, 0.,
       1.47710484e-03, 4.43131477e-03, 2.95420969e-03, 0., 0., 0., 0.,
       0., 2.95420969e-03, 1.47710484e-03, 0., 0., 0., 1.47710484e-03,
       1.47710484e-03, 0., 1.47710484e-03, 0., 0., 0., 1.47710484e-03,
       1.47710484e-03, 0., 0., 0., 0., 0., 1.47710484e-03,
       1.47710484e-03, 0., 1.47710484e-03, 4.43131477e-03,
       4.43131477e-03, 1.47710484e-03, 1.47710484e-03, 1.47710484e-03,
       0., 1.47710484e-03, 0., 0., 2.95420969e-03, 1.47710484e-03,
