%YAML:1.0
m25f: !!opencv-matrix
   rows: 1
   cols: 800
   dt: f
   data: [ 5.20833360e-04, 1.04166672e-03, 2.08333344e-03, 0., 0., 0.,
       1.04166672e-03, 4.68750019e-03, 3.64583358e-03, 1.04166672e-03,
       2.08333344e-03, 1.56250014e-03, 5.20833360e-04, 5.20833360e-04,
       2.08333344e-03, 0., 0., 3.12500028e-03, 1.56250014e-03,
       1.04166672e-03, 1.04166672e-03, 1.04166672e-03, 0., 0., 0.,
       5.20833349e-03, 2.08333344e-03, 3.12500028e-03, 1.04166672e-03,
       0., 1.04166672e-03, 3.64583358e-03, 1.04166672e-03,
       5.20833360e-04, 1.04166672e-03, 5.20833360e-04, 0.,
       2.60416674e-03, 1.04166672e-03, 0., 1.04166672e-03,
       1.56250014e-03, 0., 2.60416674e-03, 1.56250014e-03,
       5.20833360e-04, 2.08333344e-03, 0., 5.20833360e-04,
       5.20833360e-04, 2.08333344e-03, 1.04166672e-03, 1.04166672e-03,
       1.56250014e-03, 0., 1.56250014e-03, 2.60416674e-03,
       5.20833360e-04, 0., 2.08333344e-03, 0., 5.20833360e-04, 0.,
       1.04166672e-03, 5.20833360e-04, 0., 5.20833360e-04,
       2.08333344e-03, 0., 0., 5.20833360e-04, 0., 0., 5.20833360e-04,
       1.04166672e-03, 1.56250014e-03, 0., 0., 3.64583358e-03, 0.,
       1.04166672e-03, 0., 5.20833360e-04, 5.20833360e-04,
       5.20833360e-04, 3.64583358e-03, 2.08333344e-03, 5.20833360e-04,
       1.56250014e-03, 1.56250014e-03, 0., 1.04166672e-03,
       1.56250014e-03, 3.12500028e-03, 5.20833360e-04, 2.08333344e-03,
       4.68750019e-03, 0., 4.16666688e-03, 5.20833360e-04,
       1.56250014e-03, 0., 1.04166672e-03, 1.56250014e-03, 0.,
       2.08333344e-03, 0., 5.20833360e-04, 0., 0., 1.04166672e-03,
       5.20833349e-03, 5.20833360e-04, 3.64583358e-03, 0.,
       3.12500028e-03, 5.20833360e-04, 5.72916679e-03, 0.,
       4.68750019e-03, 1.04166672e-03, 1.04166672e-03, 1.04166672e-03,
       1.56250014e-03, 0., 5.20833360e-04, 1.56250014e-03, 0.,
       2.08333344e-03, 2.60416674e-03, 0., 3.12500028e-03,
       1.04166672e-03, 0., 1.04166672e-03, 5.20833360e-04,
       1.56250014e-03, 1.04166672e-03, 5.20833360e-04, 1.04166672e-03,
       5.20833360e-04, 5.20833360e-04, 1.56250014e-03, 0.,
       5.20833360e-04, 1.56250014e-03, 5.20833360e-04, 5.20833360e-04,
       0., 2.60416674e-03, 0., 0., 2.08333344e-03, 3.12500028e-03, 0.,
       5.20833360e-04, 0., 5.72916679e-03, 1.56250014e-03,
       2.08333344e-03, 0., 0., 1.04166672e-03, 2.60416674e-03,
       5.20833360e-04, 1.04166672e-03, 0., 5.20833360e-04,
       1.04166672e-03, 2.08333344e-03, 2.60416674e-03, 1.56250014e-03,
       2.08333344e-03, 5.72916679e-03, 1.56250014e-03, 0.,
       2.60416674e-03, 0., 5.20833360e-04, 5.20833360e-04,
       2.08333344e-03, 5.20833360e-04, 0., 1.56250014e-03,
       2.08333344e-03, 1.56250014e-03, 0., 2.60416674e-03, 0.,
       4.68750019e-03, 0., 1.56250014e-03, 1.04166672e-03,
       5.20833360e-04, 2.08333344e-03, 5.20833360e-04, 1.04166672e-03,
       2.08333344e-03, 1.04166672e-03, 0., 0., 1.56250014e-03,
       3.12500028e-03, 0., 1.56250014e-03, 1.04166672e-03,
       1.04166672e-03, 2.08333344e-03, 1.04166672e-03, 2.08333344e-03,
       5.20833360e-04, 0., 0., 2.60416674e-03, 5.20833360e-04,
       1.56250014e-03, 1.04166672e-03, 1.04166672e-03, 1.56250014e-03,
       3.12500028e-03, 5.20833360e-04, 5.20833360e-04, 0.,
       1.56250014e-03, 0., 0., 1.04166672e-03, 5.20833360e-04,
       1.56250014e-03, 1.04166672e-03, 0., 2.60416674e-03,
       2.60416674e-03, 1.56250014e-03, 0., 0., 1.56250014e-03,
       5.20833360e-04, 3.12500028e-03, 2.60416674e-03, 5.20833349e-03,
       1.56250014e-03, 2.08333344e-03, 1.04166672e-03, 5.20833360e-04,
       0., 5.20833360e-04, 1.56250014e-03, 5.20833360e-04,
       5.20833360e-04, 0., 1.56250014e-03, 5.20833360e-04, 0.,
       1.56250014e-03, 1.04166672e-03, 5.20833360e-04, 5.20833360e-04,
       0., 1.04166672e-03, 1.56250014e-03, 1.56250014e-03,
       1.56250014e-03, 5.20833360e-04, 5.20833360e-04, 3.12500028e-03,
       2.08333344e-03, 2.60416674e-03, 1.04166672e-03, 1.56250014e-03,
       5.20833360e-04, 0., 0., 5.20833360e-04, 1.04166672e-03,
       1.56250014e-03, 2.08333344e-03, 3.64583358e-03, 1.04166672e-03,
       2.08333344e-03, 0., 1.04166672e-03, 0., 2.08333344e-03,
       5.20833360e-04, 0., 1.04166672e-03, 1.56250014e-03, 0.,
       2.08333344e-03, 1.04166672e-03, 1.04166672e-03, 0.,
       5.20833360e-04, 5.20833360e-04, 5.20833360e-04, 1.56250014e-03,
       2.60416674e-03, 1.56250014e-03, 5.20833360e-04, 5.20833360e-04,
       1.04166672e-03, 0., 5.20833360e-04, 4.16666688e-03, 0.,
       1.04166672e-03, 1.04166672e-03, 0., 1.04166672e-03,
       3.64583358e-03, 0., 5.20833360e-04, 5.20833360e-04,
       5.20833360e-04, 5.20833360e-04, 9.89583414e-03, 1.56250014e-03,
       0., 2.08333344e-03, 2.60416674e-03, 5.20833360e-04,
       1.56250014e-03, 5.20833360e-04, 0., 1.56250014e-03,
       5.20833360e-04, 2.08333344e-03, 1.56250014e-03, 0.,
       2.60416674e-03, 0., 5.20833360e-04, 0., 0., 1.04166672e-03,
       5.20833360e-04, 0., 3.12500028e-03, 3.12500028e-03,
       1.04166672e-03, 0., 1.04166672e-03, 1.56250014e-03,
       5.20833360e-04, 3.12500028e-03, 1.56250014e-03, 4.68750019e-03,
       5.20833360e-04, 1.56250014e-03, 5.20833360e-04, 5.20833360e-04,
       0., 3.12500028e-03, 1.04166672e-03, 0., 4.68750019e-03,
       1.56250014e-03, 2.60416674e-03, 5.20833360e-04, 1.56250014e-03,
       1.04166672e-03, 5.20833360e-04, 2.08333344e-03, 1.04166672e-03,
       1.04166672e-03, 3.64583358e-03, 3.64583358e-03, 1.04166672e-03,
       5.20833360e-04, 5.20833360e-04, 1.56250014e-03, 1.04166672e-03,
       2.08333344e-03, 0., 0., 2.08333344e-03, 1.04166672e-03,
       2.08333344e-03, 1.56250014e-03, 1.04166672e-03, 3.12500028e-03,
       1.56250014e-03, 4.68750019e-03, 5.20833360e-04, 2.60416674e-03,
       5.20833360e-04, 2.60416674e-03, 2.08333344e-03, 1.56250014e-03,
       5.20833360e-04, 1.04166672e-03, 1.04166672e-03, 1.04166672e-03,
       3.64583358e-03, 6.77083386e-03, 0., 1.04166672e-03,
       1.04166672e-03, 1.04166672e-03, 3.64583358e-03, 1.04166672e-03,
       1.04166672e-03, 0., 5.20833360e-04, 5.20833360e-04, 0.,
       5.20833360e-04, 1.56250014e-03, 4.68750019e-03, 5.20833360e-04,
       5.20833360e-04, 5.20833360e-04, 5.20833360e-04, 1.04166672e-03,
       5.20833360e-04, 0., 0., 5.20833360e-04, 0., 1.04166672e-03,
       1.04166672e-03, 0., 4.16666688e-03, 2.60416674e-03, 0., 0., 0.,
       0., 3.12500028e-03, 0., 0., 1.56250014e-03, 0., 5.20833360e-04,
       1.04166672e-03, 0., 5.20833360e-04, 1.04166672e-03, 0.,
       5.20833360e-04, 5.20833360e-04, 5.20833360e-04, 5.20833360e-04,
       1.04166672e-03, 1.04166672e-03, 0., 1.56250014e-03,
       1.56250014e-03, 3.64583358e-03, 5.20833360e-04, 1.56250014e-03,
       5.20833360e-04, 5.20833360e-04, 5.20833360e-04, 0., 0., 0.,
       1.56250014e-03, 2.08333344e-03, 1.04166672e-03, 2.60416674e-03,
       1.04166672e-03, 1.56250014e-03, 1.04166672e-03, 2.08333344e-03,
       1.56250014e-03, 5.20833360e-04, 1.04166672e-03, 2.60416674e-03,
       1.04166672e-03, 5.20833360e-04, 1.04166672e-03, 1.56250014e-03,
       5.20833360e-04, 0., 0., 2.60416674e-03, 2.60416674e-03,
       5.20833360e-04, 3.64583358e-03, 3.12500028e-03, 5.20833360e-04,
       5.20833360e-04, 1.04166672e-03, 5.20833360e-04, 1.04166672e-03,
       0., 1.04166672e-03, 1.04166672e-03, 1.04166672e-03,
       1.56250014e-03, 5.20833360e-04, 0., 4.16666688e-03,
       1.04166672e-03, 1.04166672e-03, 2.08333344e-03, 2.08333344e-03,
       0., 3.64583358e-03, 0., 5.20833360e-04, 5.20833349e-03,
       2.60416674e-03, 1.04166672e-03, 0., 1.56250014e-03,
       1.56250014e-03, 0., 1.04166672e-03, 3.64583358e-03, 0.,
       1.56250014e-03, 1.04166672e-03, 2.08333344e-03, 2.60416674e-03,
       5.20833360e-04, 2.08333344e-03, 4.16666688e-03, 1.56250014e-03,
       2.60416674e-03, 2.08333344e-03, 2.60416674e-03, 5.20833360e-04,
       0., 4.68750019e-03, 5.20833360e-04, 0., 1.04166672e-03,
       2.60416674e-03, 5.20833349e-03, 0., 5.20833360e-04, 0.,
