%YAML:1.0
m25f: !!opencv-matrix
   rows: 1
   cols: 800
   dt: f
   data: [ 2.11288873e-03, 2.11288873e-03, 6.03682478e-04,
       2.11288873e-03, 1.50920614e-03, 1.50920614e-03, 1.50920614e-03,
       2.11288873e-03, 1.50920614e-03, 9.05523717e-04, 1.50920614e-03,
       6.03682478e-04, 6.03682478e-04, 1.20736496e-03, 0.,
       1.20736496e-03, 1.81104743e-03, 2.11288873e-03, 3.01841239e-04,
       2.41472991e-03, 9.05523717e-04, 1.20736496e-03, 1.50920614e-03,
       1.81104743e-03, 6.03682478e-04, 9.05523717e-04, 3.01841227e-03,
       9.05523717e-04, 9.05523717e-04, 9.05523717e-04, 3.01841239e-04,
       6.03682478e-04, 3.01841239e-04, 3.01841227e-03, 2.71657109e-03,
       6.03682478e-04, 2.11288873e-03, 2.11288873e-03, 6.03682478e-04,
       9.05523717e-04, 6.03682478e-04, 1.81104743e-03, 9.05523717e-04,
       9.05523717e-04, 1.81104743e-03, 1.20736496e-03, 9.05523717e-04,
       2.41472991e-03, 1.81104743e-03, 2.71657109e-03, 9.05523717e-04,
       1.20736496e-03, 2.11288873e-03, 3.01841239e-04, 9.05523717e-04,
       1.50920614e-03, 0., 1.20736496e-03, 6.03682478e-04,
       2.11288873e-03, 9.05523717e-04, 9.05523717e-04, 1.20736496e-03,
       6.03682478e-04, 6.03682478e-04, 3.62209487e-03, 1.50920614e-03,
       1.20736496e-03, 2.11288873e-03, 9.05523717e-04, 0.,
       6.03682478e-04, 6.03682478e-04, 1.20736496e-03, 1.81104743e-03,
       2.41472991e-03, 9.05523717e-04, 3.01841239e-04, 1.50920614e-03,
       1.50920614e-03, 1.81104743e-03, 3.32025369e-03, 1.20736496e-03,
       6.03682478e-04, 3.01841239e-04, 3.01841239e-04, 9.05523717e-04,
       0., 9.05523717e-04, 2.11288873e-03, 6.03682478e-04, 0.,
       9.05523717e-04, 9.05523717e-04, 9.05523717e-04, 1.20736496e-03,
       2.11288873e-03, 9.05523717e-04, 1.81104743e-03, 6.03682478e-04,
       1.81104743e-03, 2.41472991e-03, 1.20736496e-03, 3.01841239e-04,
       1.81104743e-03, 1.81104743e-03, 1.81104743e-03, 1.81104743e-03,
       3.01841239e-04, 2.11288873e-03, 9.05523717e-04, 6.03682478e-04,
       1.20736496e-03, 1.50920614e-03, 1.20736496e-03, 1.81104743e-03,
       3.01841239e-04, 9.05523717e-04, 3.01841239e-04, 3.01841239e-04,
       6.03682478e-04, 0., 1.20736496e-03, 3.01841239e-04,
       1.20736496e-03, 9.05523717e-04, 1.20736496e-03, 1.50920614e-03,
       1.81104743e-03, 3.01841239e-04, 9.05523717e-04, 9.05523717e-04,
       0., 2.11288873e-03, 1.20736496e-03, 1.20736496e-03,
       1.50920614e-03, 1.50920614e-03, 9.05523717e-04, 2.41472991e-03,
       9.05523717e-04, 1.50920614e-03, 1.20736496e-03, 9.05523717e-04,
       6.03682478e-04, 9.05523717e-04, 1.20736496e-03, 3.01841239e-04,
       6.03682478e-04, 6.03682478e-04, 3.32025369e-03, 1.20736496e-03,
       1.20736496e-03, 6.03682478e-04, 1.20736496e-03, 1.81104743e-03,
       1.81104743e-03, 1.81104743e-03, 1.20736496e-03, 1.81104743e-03,
       1.20736496e-03, 6.03682478e-04, 6.03682478e-04, 9.05523717e-04,
       9.05523717e-04, 3.01841227e-03, 3.32025369e-03, 9.05523717e-04,
       6.03682478e-04, 1.50920614e-03, 1.81104743e-03, 1.81104743e-03,
       2.11288873e-03, 3.01841239e-04, 9.05523717e-04, 3.01841239e-04,
       0., 0., 1.81104743e-03, 6.03682478e-04, 3.01841239e-04,
       9.05523717e-04, 1.81104743e-03, 6.03682478e-04, 6.03682478e-04,
       9.05523717e-04, 3.01841239e-04, 3.01841239e-04, 3.01841239e-04,
       0., 2.11288873e-03, 2.11288873e-03, 2.11288873e-03,
       6.03682478e-04, 6.03682478e-04, 9.05523717e-04, 1.81104743e-03,
       1.81104743e-03, 1.20736496e-03, 2.71657109e-03, 1.20736496e-03,
       0., 0., 6.03682478e-04, 2.11288873e-03, 2.41472991e-03, 0.,
       1.50920614e-03, 1.50920614e-03, 6.03682478e-04, 2.41472991e-03,
       1.50920614e-03, 9.05523717e-04, 1.20736496e-03, 6.03682478e-04,
       1.81104743e-03, 2.41472991e-03, 9.05523717e-04, 1.81104743e-03,
       1.50920614e-03, 2.11288873e-03, 9.05523717e-04, 1.81104743e-03,
       6.03682478e-04, 6.03682478e-04, 0., 1.50920614e-03,
       9.05523717e-04, 3.01841239e-04, 1.81104743e-03, 2.71657109e-03,
       2.41472991e-03, 2.41472991e-03, 1.20736496e-03, 1.50920614e-03,
       1.50920614e-03, 1.20736496e-03, 9.05523717e-04, 6.03682478e-04,
       3.32025369e-03, 1.50920614e-03, 3.01841239e-04, 9.05523717e-04,
       5.43314219e-03, 0., 0., 6.03682478e-04, 3.62209487e-03,
       9.05523717e-04, 9.05523717e-04, 6.03682478e-04, 1.50920614e-03,
       1.50920614e-03, 6.03682478e-04, 9.05523717e-04, 2.11288873e-03,
       3.01841239e-04, 1.50920614e-03, 1.20736496e-03, 0.,
       3.32025369e-03, 3.01841239e-04, 3.01841239e-04, 1.20736496e-03,
       1.20736496e-03, 2.71657109e-03, 9.05523717e-04, 3.01841239e-04,
       9.05523717e-04, 2.11288873e-03, 3.62209487e-03, 6.03682478e-04,
       6.03682478e-04, 2.41472991e-03, 9.05523717e-04, 1.20736496e-03,
       1.20736496e-03, 6.03682478e-04, 1.20736496e-03, 1.50920614e-03,
       3.01841239e-04, 2.41472991e-03, 3.01841239e-04, 9.05523717e-04,
       1.81104743e-03, 2.41472991e-03, 1.20736496e-03, 9.05523717e-04,
       9.05523717e-04, 9.05523717e-04, 2.71657109e-03, 1.20736496e-03,
       9.05523717e-04, 9.05523717e-04, 1.81104743e-03, 6.03682478e-04,
       1.81104743e-03, 2.41472991e-03, 1.81104743e-03, 1.50920614e-03,
       1.20736496e-03, 3.01841239e-04, 3.01841239e-04, 3.01841239e-04,
       9.05523717e-04, 1.50920614e-03, 6.03682478e-04, 0.,
       1.81104743e-03, 1.81104743e-03, 0., 6.03682478e-04,
       9.05523717e-04, 1.81104743e-03, 2.71657109e-03, 1.20736496e-03,
       3.01841239e-04, 9.05523717e-04, 2.11288873e-03, 2.41472991e-03,
       1.81104743e-03, 6.03682478e-04, 6.03682478e-04, 2.11288873e-03,
       1.20736496e-03, 9.05523717e-04, 9.05523717e-04, 9.05523717e-04,
       1.81104743e-03, 3.32025369e-03, 1.20736496e-03, 6.03682478e-04,
       1.81104743e-03, 0., 2.41472991e-03, 0., 9.05523717e-04,
       3.01841239e-04, 1.81104743e-03, 1.20736496e-03, 1.50920614e-03,
       1.81104743e-03, 1.20736496e-03, 3.01841239e-04, 3.01841239e-04,
       2.11288873e-03, 6.03682478e-04, 1.20736496e-03, 1.50920614e-03,
       3.01841239e-04, 2.11288873e-03, 2.11288873e-03, 1.81104743e-03,
       1.20736496e-03, 6.03682478e-04, 1.20736496e-03, 1.20736496e-03,
       1.81104743e-03, 2.41472991e-03, 3.01841239e-04, 2.41472991e-03,
       6.03682478e-04, 1.50920614e-03, 6.03682478e-04, 2.41472991e-03,
       1.20736496e-03, 1.81104743e-03, 1.20736496e-03, 1.50920614e-03,
       6.03682478e-04, 9.05523717e-04, 9.05523717e-04, 1.50920614e-03,
       2.11288873e-03, 2.41472991e-03, 2.71657109e-03, 3.01841239e-04,
       6.03682478e-04, 3.01841239e-04, 6.03682478e-04, 6.03682478e-04,
       6.03682478e-04, 6.03682478e-04, 9.05523717e-04, 9.05523717e-04,
       1.50920614e-03, 9.05523717e-04, 0., 1.20736496e-03,
       6.03682478e-04, 2.11288873e-03, 9.05523717e-04, 2.11288873e-03,
       3.01841239e-04, 9.05523717e-04, 9.05523717e-04, 2.71657109e-03,
       3.01841239e-04, 3.01841239e-04, 0., 6.03682478e-04,
       1.20736496e-03, 2.11288873e-03, 6.03682478e-04, 9.05523717e-04,
       2.41472991e-03, 3.01841239e-04, 3.01841239e-04, 1.81104743e-03,
       9.05523717e-04, 1.20736496e-03, 1.50920614e-03, 1.50920614e-03,
       1.50920614e-03, 2.71657109e-03, 1.20736496e-03, 2.11288873e-03,
       6.03682478e-04, 3.01841239e-04, 3.01841227e-03, 1.50920614e-03,
       9.05523717e-04, 3.01841239e-04, 2.11288873e-03, 3.01841239e-04,
       3.01841227e-03, 6.03682478e-04, 9.05523717e-04, 1.20736496e-03,
       9.05523717e-04, 6.03682478e-04, 6.03682478e-04, 9.05523717e-04,
       9.05523717e-04, 0., 6.03682478e-04, 2.71657109e-03,
       6.03682478e-04, 1.20736496e-03, 6.03682478e-04, 1.81104743e-03,
       2.41472991e-03, 1.50920614e-03, 3.01841239e-04, 9.05523717e-04,
       9.05523717e-04, 6.03682478e-04, 9.05523717e-04, 3.01841239e-04,
       1.81104743e-03, 2.41472991e-03, 2.11288873e-03, 1.50920614e-03,
       9.05523717e-04, 1.20736496e-03, 6.03682478e-04, 1.20736496e-03,
       1.50920614e-03, 1.50920614e-03, 1.20736496e-03, 0.,
