%YAML:1.0
m25f: !!opencv-matrix
   rows: 1
   cols: 800
   dt: f
   data: [ 8.68432457e-04, 8.68432457e-04, 3.47372983e-03,
       1.73686491e-03, 1.73686491e-03, 0., 8.68432457e-04,
       2.17108103e-03, 0., 1.73686491e-03, 8.68432457e-04,
       8.68432457e-04, 2.60529737e-03, 1.30264868e-03, 5.21059474e-03,
       8.68432457e-04, 1.30264868e-03, 8.68432457e-04, 4.34216228e-04,
       2.60529737e-03, 4.34216228e-04, 2.60529737e-03, 2.60529737e-03,
       1.30264868e-03, 4.34216228e-04, 8.68432457e-04, 1.73686491e-03,
       1.30264868e-03, 0., 4.77637863e-03, 4.34216228e-04,
       4.34216228e-04, 1.73686491e-03, 8.68432457e-04, 8.68432457e-04,
       3.03951371e-03, 0., 4.34216228e-04, 1.30264868e-03,
       4.34216228e-04, 2.60529737e-03, 2.17108103e-03, 3.03951371e-03,
       4.34216228e-04, 1.73686491e-03, 2.60529737e-03, 8.68432457e-04,
       2.17108103e-03, 1.30264868e-03, 4.34216228e-04, 1.30264868e-03,
       4.34216228e-04, 1.30264868e-03, 1.73686491e-03, 8.68432457e-04,
       8.68432457e-04, 8.68432457e-04, 1.73686491e-03, 1.73686491e-03,
       2.60529737e-03, 4.34216228e-04, 0., 4.34216228e-04,
       1.30264868e-03, 1.73686491e-03, 2.17108103e-03, 4.77637863e-03,
       0., 0., 0., 3.90794594e-03, 1.30264868e-03, 0., 4.34216228e-04,
       2.17108103e-03, 4.34216228e-04, 0., 0., 1.73686491e-03,
       1.73686491e-03, 0., 2.17108103e-03, 4.34216228e-04, 0., 0.,
       3.03951371e-03, 3.47372983e-03, 2.60529737e-03, 1.73686491e-03,
       1.30264868e-03, 1.73686491e-03, 4.34216228e-04, 2.17108103e-03,
       0., 0., 1.73686491e-03, 1.30264868e-03, 1.73686491e-03,
       1.30264868e-03, 8.68432457e-04, 1.73686491e-03, 1.30264868e-03,
       0., 1.30264868e-03, 4.34216228e-04, 1.30264868e-03,
       8.68432457e-04, 8.68432457e-04, 1.73686491e-03, 2.17108103e-03,
       1.73686491e-03, 1.73686491e-03, 3.90794594e-03, 4.34216228e-04,
       4.34216228e-04, 1.30264868e-03, 6.51324354e-03, 1.30264868e-03,
       8.68432457e-04, 1.30264868e-03, 8.68432457e-04, 3.03951371e-03,
       1.30264868e-03, 4.34216228e-04, 0., 4.34216228e-04,
       2.17108103e-03, 0., 8.68432457e-04, 4.34216228e-04,
       4.34216228e-04, 8.68432457e-04, 6.07902743e-03, 1.73686491e-03,
       2.17108103e-03, 1.73686491e-03, 1.30264868e-03, 8.68432457e-04,
       1.30264868e-03, 4.34216228e-04, 4.34216228e-04, 1.73686491e-03,
       4.34216228e-04, 0., 4.34216228e-04, 4.34216228e-04,
       4.34216228e-04, 4.34216228e-04, 8.68432457e-04, 1.73686491e-03,
       1.73686491e-03, 4.34216228e-04, 2.17108103e-03, 8.68432457e-04,
       1.73686491e-03, 0., 4.34216228e-04, 2.60529737e-03,
       1.73686491e-03, 0., 1.30264868e-03, 4.77637863e-03,
       8.68432457e-04, 8.68432457e-04, 2.17108103e-03, 0.,
       8.68432457e-04, 8.68432457e-04, 8.68432457e-04, 0.,
       1.30264868e-03, 8.68432457e-04, 3.47372983e-03, 0.,
       4.34216228e-04, 4.34216228e-04, 8.68432457e-04, 1.73686491e-03,
       1.73686491e-03, 1.30264868e-03, 0., 4.34216228e-04, 0., 0., 0.,
       8.68432457e-04, 4.34216228e-04, 4.34216228e-04, 8.68432457e-04,
       4.34216228e-04, 2.17108103e-03, 1.30264868e-03, 4.77637863e-03,
       4.34216228e-04, 8.68432457e-04, 0., 4.34216228e-04,
       1.30264868e-03, 8.68432457e-04, 0., 3.90794594e-03,
       8.68432457e-04, 4.34216228e-04, 3.47372983e-03, 4.34216228e-04,
       8.68432457e-04, 1.30264868e-03, 2.60529737e-03, 4.34216228e-04,
       0., 2.60529737e-03, 1.30264868e-03, 8.68432457e-04, 0., 0.,
       3.90794594e-03, 1.73686491e-03, 2.60529737e-03, 1.73686491e-03,
       2.60529737e-03, 3.90794594e-03, 5.21059474e-03, 1.73686491e-03,
       8.68432457e-04, 1.73686491e-03, 4.34216228e-04, 1.73686491e-03,
       1.30264868e-03, 4.34216228e-04, 8.68432457e-04, 3.03951371e-03,
       2.17108103e-03, 4.34216228e-04, 1.73686491e-03, 1.73686491e-03,
       4.34216228e-04, 0., 2.17108103e-03, 1.30264868e-03, 0.,
       8.68432457e-04, 1.73686491e-03, 4.34216228e-04, 8.68432457e-04,
       0., 2.60529737e-03, 4.34216205e-03, 8.68432457e-04, 0.,
       2.17108103e-03, 4.77637863e-03, 2.17108103e-03, 1.73686491e-03,
       0., 0., 6.07902743e-03, 2.17108103e-03, 1.73686491e-03,
       3.03951371e-03, 1.30264868e-03, 4.34216228e-04, 1.30264868e-03,
       4.34216228e-04, 4.34216228e-04, 0., 1.30264868e-03,
       4.34216228e-04, 0., 0., 1.73686491e-03, 8.68432457e-04,
       1.73686491e-03, 8.68432457e-04, 4.34216228e-04, 1.30264868e-03,
       8.68432457e-04, 4.34216228e-04, 8.68432457e-04, 8.68432457e-04,
       2.60529737e-03, 8.68432457e-04, 4.34216228e-04, 2.17108103e-03,
       1.73686491e-03, 1.30264868e-03, 0., 4.34216228e-04,
       4.34216228e-04, 0., 6.51324354e-03, 4.34216228e-04,
       3.47372983e-03, 0., 1.30264868e-03, 1.73686491e-03,
       4.34216228e-04, 0., 4.34216228e-04, 1.73686491e-03, 0.,
       4.34216228e-04, 1.73686491e-03, 1.73686491e-03, 2.60529737e-03,
       8.68432457e-04, 0., 1.30264868e-03, 8.68432457e-04,
       3.47372983e-03, 4.34216228e-04, 4.34216205e-03, 3.47372983e-03,
       6.51324354e-03, 0., 0., 4.34216228e-04, 0., 2.17108103e-03,
       8.68432457e-04, 0., 8.68432457e-04, 2.17108103e-03,
       4.34216228e-04, 1.30264868e-03, 2.17108103e-03, 1.30264868e-03,
       1.30264868e-03, 1.30264868e-03, 1.73686491e-03, 1.30264868e-03,
       1.73686491e-03, 0., 8.68432457e-04, 0., 4.34216228e-04,
       1.30264868e-03, 1.73686491e-03, 2.17108103e-03, 1.30264868e-03,
       0., 1.30264868e-03, 4.34216228e-04, 2.17108103e-03,
       1.73686491e-03, 1.30264868e-03, 0., 4.34216228e-04,
       1.30264868e-03, 4.34216228e-04, 1.30264868e-03, 1.73686491e-03,
       2.17108103e-03, 0., 3.90794594e-03, 8.68432457e-04,
       8.68432457e-04, 2.17108103e-03, 1.30264868e-03, 1.30264868e-03,
       2.60529737e-03, 8.68432457e-04, 1.30264868e-03, 8.68432457e-04,
       8.68432457e-04, 8.68432457e-04, 8.68432457e-04, 1.30264868e-03,
       8.68432457e-04, 1.73686491e-03, 4.34216228e-04, 1.30264868e-03,
       3.03951371e-03, 0., 1.73686491e-03, 1.73686491e-03,
       4.34216228e-04, 0., 4.34216228e-04, 4.34216228e-04,
       1.73686491e-03, 8.68432457e-04, 1.73686491e-03, 0.,
       1.73686491e-03, 8.68432457e-04, 8.68432457e-04, 3.03951371e-03,
       4.34216228e-04, 2.17108103e-03, 3.03951371e-03, 4.34216228e-04,
       8.68432457e-04, 4.34216228e-04, 2.17108103e-03, 8.68432457e-04,
       1.73686491e-03, 4.34216228e-04, 4.34216228e-04, 1.30264868e-03,
       2.17108103e-03, 2.60529737e-03, 1.30264868e-03, 0.,
       1.73686491e-03, 1.30264868e-03, 3.47372983e-03, 1.30264868e-03,
       1.30264868e-03, 2.17108103e-03, 4.34216228e-04, 0.,
       1.30264868e-03, 0., 1.30264868e-03, 4.34216228e-04, 0.,
       4.34216228e-04, 0., 4.34216228e-04, 1.30264868e-03,
       1.73686491e-03, 4.34216228e-04, 1.30264868e-03, 8.68432457e-04,
       3.03951371e-03, 8.68432457e-04, 3.90794594e-03, 2.17108103e-03,
       0., 4.34216228e-04, 4.34216228e-04, 0., 1.30264868e-03,
       2.17108103e-03, 8.68432457e-04, 1.73686491e-03, 0.,
       4.34216228e-04, 4.34216228e-04, 8.68432457e-04, 8.68432457e-04,
       1.73686491e-03, 0., 2.17108103e-03, 4.34216228e-04,
       4.34216228e-04, 4.34216228e-04, 8.68432457e-04, 1.30264868e-03,
       4.34216228e-04, 1.73686491e-03, 8.68432457e-04, 1.30264868e-03,
       2.60529737e-03, 2.17108103e-03, 2.17108103e-03, 4.34216228e-04,
       2.17108103e-03, 1.30264868e-03, 4.34216228e-04, 8.68432457e-04,
       0., 2.60529737e-03, 0., 1.73686491e-03, 8.68432457e-04,
       1.73686491e-03, 3.03951371e-03, 1.30264868e-03, 1.30264868e-03,
       1.30264868e-03, 1.30264868e-03, 6.07902743e-03, 4.34216228e-04,
       8.68432457e-04, 4.34216228e-04, 1.30264868e-03, 0.,
       2.17108103e-03, 8.68432457e-04, 8.68432457e-04, 8.68432457e-04,
       1.73686491e-03, 2.17108103e-03, 8.68432457e-04, 4.34216228e-04,
       3.03951371e-03, 0., 0., 1.73686491e-03, 3.03951371e-03,
       1.73686491e-03, 1.73686491e-03, 4.34216228e-04, 4.34216228e-04,
       1.30264868e-03, 8.68432457e-04, 0., 1.73686491e-03, 0.,
