%YAML:1.0
m25f: !!opencv-matrix
   rows: 1
   cols: 800
   dt: f
   data: [ 7.42390519e-04, 1.48478104e-03, 7.42390519e-04,
       7.42390519e-04, 7.42390519e-04, 0., 2.96956208e-03,
       3.71195260e-03, 6.68151490e-03, 7.42390519e-04, 2.22717156e-03,
       7.42390519e-04, 1.48478104e-03, 0., 7.42390519e-04,
       5.93912415e-03, 7.42390519e-04, 7.42390519e-04, 7.42390519e-04,
       1.48478104e-03, 0., 2.96956208e-03, 7.42390519e-04,
       7.42390519e-04, 1.48478104e-03, 2.96956208e-03, 0.,
       2.96956208e-03, 1.48478104e-03, 0., 3.71195260e-03, 0.,
       2.22717156e-03, 7.42390519e-04, 2.96956208e-03, 2.22717156e-03,
       0., 0., 1.48478104e-03, 1.03934668e-02, 7.42390519e-04, 0.,
       7.42390519e-04, 7.42390519e-04, 7.42390519e-04, 0., 0.,
       2.22717156e-03, 0., 7.42390519e-04, 7.42390519e-04,
       1.48478104e-03, 2.22717156e-03, 0., 1.48478104e-03,
       3.71195260e-03, 0., 7.42390519e-04, 1.48478104e-03, 0.,
       3.71195260e-03, 2.96956208e-03, 1.48478104e-03, 1.48478104e-03,
       0., 7.42390519e-04, 0., 2.22717156e-03, 7.42390519e-04,
       1.48478104e-03, 2.22717156e-03, 0., 7.42390519e-04,
       2.22717156e-03, 0., 0., 1.48478104e-03, 2.22717156e-03,
       7.42390519e-04, 2.96956208e-03, 1.48478104e-03, 2.22717156e-03,
       1.48478104e-03, 7.42390519e-04, 2.96956208e-03, 2.96956208e-03,
       0., 5.19673340e-03, 0., 1.48478104e-03, 7.42390519e-04,
       7.42390519e-04, 0., 0., 7.42390519e-04, 7.42390519e-04,
       7.42390519e-04, 7.42390519e-04, 4.45434311e-03, 1.48478104e-03,
       7.42390519e-04, 2.22717156e-03, 1.48478104e-03, 5.19673340e-03,
       2.22717156e-03, 0., 7.42390519e-04, 2.96956208e-03,
       1.48478104e-03, 1.48478104e-03, 1.48478104e-03, 7.42390519e-04,
       1.48478104e-03, 7.42390519e-04, 2.96956208e-03, 0., 0.,
       2.96956208e-03, 4.45434311e-03, 6.68151490e-03, 7.42390519e-04,
       7.42390519e-04, 0., 1.48478104e-03, 7.42390519e-04,
       2.22717156e-03, 0., 0., 0., 7.42390519e-04, 2.22717156e-03,
       1.03934668e-02, 1.48478104e-03, 0., 0., 0., 0., 7.42390519e-04,
       2.96956208e-03, 7.42390519e-04, 7.42390519e-04, 7.42390519e-04,
       7.42390519e-04, 0., 6.68151490e-03, 0., 7.42390519e-04,
       7.42390519e-04, 2.22717156e-03, 0., 7.42390519e-04,
       2.96956208e-03, 1.48478104e-03, 2.22717156e-03, 7.42390519e-04,
       0., 7.42390519e-04, 5.93912415e-03, 2.22717156e-03,
       1.48478104e-03, 1.48478104e-03, 7.42390519e-04, 7.42390519e-04,
       0., 0., 7.42390519e-04, 7.42390519e-04, 0., 1.48478104e-03,
       7.42390519e-04, 7.42390519e-04, 0., 0., 2.22717156e-03,
       1.48478104e-03, 2.22717156e-03, 0., 2.22717156e-03, 0.,
       2.22717156e-03, 0., 2.22717156e-03, 5.19673340e-03,
       1.48478104e-03, 3.71195260e-03, 1.48478104e-03, 1.48478104e-03,
       2.22717156e-03, 0., 7.42390519e-04, 0., 2.22717156e-03,
       6.68151490e-03, 7.42390519e-04, 7.42390519e-04, 0.,
       1.48478104e-03, 5.19673340e-03, 7.42390519e-04, 0.,
       7.42390519e-04, 0., 0., 0., 3.71195260e-03, 1.48478104e-03,
       7.42390519e-04, 2.22717156e-03, 0., 7.42390519e-04,
       7.42390519e-04, 0., 0., 0., 7.42390519e-04, 7.42390519e-04,
       4.45434311e-03, 7.42390519e-04, 5.93912415e-03, 7.42390519e-04,
       7.42390519e-04, 1.48478104e-03, 7.42390519e-04, 0.,
       1.48478104e-03, 7.42390519e-04, 0., 7.42390519e-04,
       7.42390519e-04, 2.96956208e-03, 7.42390519e-04, 7.42390519e-04,
       0., 1.48478104e-03, 7.42390519e-04, 2.96956208e-03,
       1.48478104e-03, 7.42390519e-04, 7.42390519e-04, 0.,
       1.48478104e-03, 7.42390519e-04, 7.42390519e-04, 0.,
       1.48478104e-03, 0., 0., 1.48478104e-03, 2.22717156e-03,
       7.42390519e-04, 0., 7.42390519e-04, 0., 7.42390519e-04, 0.,
       7.42390519e-04, 7.42390519e-04, 0., 1.48478104e-03,
       2.22717156e-03, 0., 0., 0., 7.42390519e-04, 0., 7.42390519e-04,
       1.48478104e-03, 0., 0., 7.42390519e-04, 7.42390519e-04,
       7.42390519e-04, 3.71195260e-03, 1.48478104e-03, 2.22717156e-03,
       7.42390519e-04, 0., 7.42390519e-04, 1.48478104e-03,
       1.48478104e-03, 1.48478104e-03, 1.48478104e-03, 0.,
       1.48478104e-03, 7.42390519e-04, 7.42390519e-04, 2.96956208e-03,
       0., 1.48478104e-03, 0., 0., 0., 2.22717156e-03, 1.48478104e-03,
       1.33630298e-02, 1.48478104e-03, 1.48478104e-03, 7.42390519e-04,
       7.42390519e-04, 7.42390519e-04, 0., 1.48478104e-03,
       7.42390519e-04, 7.42390519e-04, 0., 0., 2.96956208e-03, 0., 0.,
       7.42390519e-04, 1.03934668e-02, 7.42390519e-04, 1.48478104e-03,
       2.22717156e-03, 0., 1.48478104e-03, 0., 0., 4.45434311e-03,
       7.42390519e-04, 1.48478104e-03, 2.22717156e-03, 1.48478104e-03,
       0., 4.45434311e-03, 1.48478104e-03, 0., 0., 7.42390519e-04, 0.,
       7.42390519e-04, 0., 7.42390519e-04, 0., 7.42390519e-04, 0.,
       2.22717156e-03, 2.96956208e-03, 1.48478104e-03, 0.,
       7.42390519e-04, 1.48478104e-03, 7.42390519e-04, 2.22717156e-03,
       7.42390519e-04, 2.96956208e-03, 7.42390519e-04, 0., 0., 0.,
       2.96956208e-03, 0., 0., 7.42390519e-04, 7.42390519e-04,
       1.48478104e-03, 7.42390519e-04, 7.42390519e-04, 7.42390519e-04,
       0., 0., 0., 1.48478104e-03, 0., 7.42390519e-04, 7.42390519e-04,
       0., 2.22717156e-03, 7.42390519e-04, 0., 1.48478104e-03,
       1.48478104e-03, 3.71195260e-03, 1.48478104e-03, 0.,
       7.42390519e-04, 2.22717156e-03, 0., 2.96956208e-03,
       1.48478104e-03, 0., 7.42390519e-04, 7.42390519e-04, 0.,
       3.71195260e-03, 7.42390519e-04, 0., 1.48478104e-03,
       5.19673340e-03, 1.48478104e-03, 7.42390519e-04, 2.96956208e-03,
       3.71195260e-03, 4.45434311e-03, 2.22717156e-03, 1.48478104e-03,
       1.48478104e-03, 7.42390519e-04, 0., 2.22717156e-03,
       7.42390519e-04, 0., 7.42390519e-04, 7.42390519e-04,
       3.71195260e-03, 1.48478104e-03, 1.48478104e-03, 1.48478104e-03,
       2.22717156e-03, 7.42390519e-04, 6.68151490e-03, 1.48478104e-03,
       0., 1.48478104e-03, 7.42390519e-04, 7.42390519e-04, 0., 0.,
       7.42390519e-04, 7.42390519e-04, 0., 7.42390519e-04,
       1.48478104e-03, 2.22717156e-03, 1.48478104e-03, 0.,
       7.42390519e-04, 0., 7.42390519e-04, 0., 5.19673340e-03,
       7.42390519e-04, 2.22717156e-03, 7.42390519e-04, 7.42390519e-04,
       5.93912415e-03, 0., 0., 0., 7.42390519e-04, 0., 7.42390519e-04,
       2.96956208e-03, 7.42390519e-04, 7.42390519e-04, 2.22717156e-03,
       7.42390519e-04, 2.22717156e-03, 5.19673340e-03, 7.42390519e-04,
       2.96956208e-03, 7.42390519e-04, 1.48478104e-03, 7.42390519e-04,
       0., 1.48478104e-03, 0., 7.42390519e-04, 7.42390519e-04,
       7.42390519e-04, 7.42390519e-04, 2.96956208e-03, 0.,
       7.42390519e-04, 3.71195260e-03, 1.48478104e-03, 7.42390519e-04,
       1.48478104e-03, 3.71195260e-03, 0., 0., 0., 7.42390519e-04, 0.,
       7.42390519e-04, 7.42390519e-04, 2.22717156e-03, 0.,
       2.22717156e-03, 7.42390519e-04, 2.96956208e-03, 7.42390519e-04,
       0., 0., 0., 2.22717156e-03, 1.48478104e-03, 1.48478104e-03,
       1.48478104e-03, 0., 0., 0., 7.42390519e-04, 7.42390519e-04,
       7.42390519e-04, 7.42390519e-04, 2.22717156e-03, 5.93912415e-03,
       7.42390519e-04, 0., 2.22717156e-03, 7.42390519e-04, 0.,
       6.68151490e-03, 0., 7.42390519e-04, 7.42390519e-04,
       1.48478104e-03, 7.42390519e-04, 2.96956208e-03, 0.,
       8.90868623e-03, 0., 1.48478104e-03, 0., 0., 0., 7.42390519e-04,
       0., 1.48478104e-03, 0., 0., 7.42390519e-04, 8.90868623e-03,
       4.45434311e-03, 0., 0., 7.42390519e-04, 0., 1.48478104e-03,
       1.48478104e-03, 7.42390519e-04, 1.48478104e-03, 0.,
       7.42390519e-04, 7.42390519e-04, 7.42390519e-04, 1.48478104e-03,
       2.96956208e-03, 4.45434311e-03, 1.48478104e-03, 0.,
       2.22717156e-03, 1.48478104e-03, 7.42390519e-04, 7.42390519e-04,
       0., 0., 0., 7.42390519e-04, 1.48478104e-03, 1.48478104e-03, 0.,
       0., 0., 7.42390519e-04, 1.48478104e-03, 0., 2.22717156e-03, 0.,
       7.42390519e-04, 0., 1.48478104e-03, 0., 4.45434311e-03,
