%YAML:1.0
m25f: !!opencv-matrix
   rows: 1
   cols: 800
   dt: f
   data: [ 7.26216414e-04, 2.90486566e-03, 2.17864919e-03,
       7.26216414e-04, 1.45243283e-03, 2.17864919e-03, 2.17864919e-03,
       1.08932459e-03, 3.63108207e-04, 7.26216414e-04, 1.08932459e-03,
       1.45243283e-03, 2.17864919e-03, 2.17864919e-03, 7.26216414e-04,
       1.08932459e-03, 7.26216414e-04, 3.63108207e-04, 1.08932459e-03,
       1.45243283e-03, 3.63108207e-04, 1.08932459e-03, 7.26216414e-04,
       7.26216414e-04, 4.35729837e-03, 3.63108207e-04, 7.26216414e-04,
       2.54175742e-03, 1.45243283e-03, 3.63108207e-04, 0.,
       3.26797389e-03, 1.81554107e-03, 7.26216414e-04, 3.63108207e-04,
       0., 1.45243283e-03, 1.08932459e-03, 2.17864919e-03,
       3.63108207e-04, 3.63108207e-04, 1.08932459e-03, 1.08932459e-03,
       1.08932459e-03, 2.54175742e-03, 1.81554107e-03, 1.08932459e-03,
       1.81554107e-03, 1.45243283e-03, 3.26797389e-03, 3.63108207e-04,
       3.63108207e-04, 1.08932459e-03, 1.45243283e-03, 1.45243283e-03,
       1.45243283e-03, 7.26216426e-03, 3.63108207e-04, 3.63108207e-04,
       0., 3.63108207e-04, 1.45243283e-03, 1.08932459e-03,
       7.26216414e-04, 1.08932459e-03, 3.63108207e-04, 3.63108207e-04,
       7.26216414e-04, 1.08932459e-03, 2.54175742e-03, 7.26216414e-04,
       1.81554107e-03, 1.81554107e-03, 7.26216414e-04, 1.08932459e-03,
       1.45243283e-03, 1.08932459e-03, 1.45243283e-03, 1.81554107e-03,
       2.54175742e-03, 1.45243283e-03, 1.08932459e-03, 7.26216414e-04,
       3.63108207e-04, 7.26216414e-04, 1.45243283e-03, 7.26216414e-04,
       1.81554107e-03, 1.45243283e-03, 2.54175742e-03, 3.63108207e-04,
       1.08932459e-03, 3.63108207e-04, 7.26216414e-04, 2.17864919e-03,
       7.26216414e-04, 7.26216414e-04, 1.08932459e-03, 1.08932459e-03,
       3.26797389e-03, 1.45243283e-03, 3.63108207e-04, 7.26216414e-04,
       2.90486566e-03, 7.26216414e-04, 1.08932459e-03, 1.08932459e-03,
       2.17864919e-03, 2.90486566e-03, 0., 7.26216414e-04,
       1.08932459e-03, 0., 2.17864919e-03, 1.08932459e-03,
       7.26216414e-04, 2.17864919e-03, 3.63108207e-04, 9.07770544e-03,
       1.81554107e-03, 7.26216414e-04, 0., 1.45243283e-03, 0., 0.,
       7.26216414e-04, 7.26216414e-04, 1.45243283e-03, 1.08932459e-03,
       7.26216414e-04, 1.45243283e-03, 2.54175742e-03, 1.81554107e-03,
       7.26216414e-04, 1.08932459e-03, 4.35729837e-03, 1.08932459e-03,
       7.26216414e-04, 1.08932459e-03, 1.08932459e-03, 7.26216414e-04,
       3.26797389e-03, 2.17864919e-03, 2.90486566e-03, 1.08932459e-03,
       2.17864919e-03, 3.63108207e-04, 3.63108207e-04, 1.45243283e-03,
       3.63108207e-04, 3.63108207e-04, 1.81554107e-03, 3.63108207e-04,
       7.26216414e-04, 7.26216414e-04, 1.81554107e-03, 7.26216414e-04,
       1.08932459e-03, 7.26216414e-04, 3.63108207e-04, 1.08932459e-03,
       1.08932459e-03, 1.81554107e-03, 7.26216414e-04, 0.,
       2.54175742e-03, 3.63108207e-04, 3.63108207e-04, 4.35729837e-03,
       7.26216414e-04, 1.08932459e-03, 1.81554107e-03, 1.08932459e-03,
       3.63108207e-04, 3.63108207e-04, 1.08932459e-03, 1.45243283e-03,
       6.53594779e-03, 1.08932459e-03, 1.08932459e-03, 2.17864919e-03,
       3.63108207e-04, 2.17864919e-03, 1.81554107e-03, 1.08932459e-03,
       7.26216414e-04, 3.63108207e-04, 0., 7.26216414e-04,
       3.63108207e-04, 7.26216414e-04, 1.45243283e-03, 1.81554107e-03,
       1.45243283e-03, 1.81554107e-03, 1.45243283e-03, 3.63108207e-04,
       1.45243283e-03, 1.45243283e-03, 1.08932459e-03, 1.81554107e-03,
       2.54175742e-03, 7.26216414e-04, 5.80973132e-03, 1.81554107e-03,
       3.63108207e-04, 7.26216414e-04, 3.63108207e-04, 1.08932459e-03,
       1.08932459e-03, 2.17864919e-03, 1.08932459e-03, 1.08932459e-03,
       7.26216414e-04, 1.08932459e-03, 2.17864919e-03, 1.81554107e-03,
       1.08932459e-03, 7.26216414e-04, 7.26216414e-04, 7.26216414e-04,
       1.08932459e-03, 7.26216414e-04, 1.45243283e-03, 2.17864919e-03,
       3.26797389e-03, 7.26216414e-04, 1.08932459e-03, 1.08932459e-03,
       3.99419013e-03, 1.45243283e-03, 7.26216414e-04, 7.26216414e-04,
       1.81554107e-03, 3.63108207e-04, 1.08932459e-03, 1.81554107e-03,
       3.63108207e-04, 2.54175742e-03, 7.26216414e-04, 1.08932459e-03,
       0., 7.26216414e-04, 6.17283955e-03, 1.08932459e-03,
       1.08932459e-03, 2.54175742e-03, 2.90486566e-03, 1.08932459e-03,
       1.08932459e-03, 1.08932459e-03, 1.45243283e-03, 7.26216414e-04,
       1.08932459e-03, 7.26216414e-04, 0., 3.63108207e-04,
       2.54175742e-03, 1.45243283e-03, 1.81554107e-03, 2.90486566e-03,
       2.17864919e-03, 1.08932459e-03, 2.17864919e-03, 3.63108207e-04,
       7.26216414e-04, 2.54175742e-03, 2.90486566e-03, 3.63108207e-04,
       7.26216414e-04, 1.08932459e-03, 1.08932459e-03, 1.81554107e-03,
       1.08932459e-03, 7.26216414e-04, 1.08932459e-03, 1.81554107e-03,
       1.45243283e-03, 3.63108207e-04, 1.08932459e-03, 5.44662308e-03,
       1.08932459e-03, 7.26216414e-04, 7.26216414e-04, 3.63108207e-04,
       1.81554107e-03, 1.81554107e-03, 1.45243283e-03, 3.63108207e-04,
       1.45243283e-03, 1.45243283e-03, 3.63108207e-04, 7.26216414e-04,
       1.08932459e-03, 7.26216414e-04, 1.08932459e-03, 1.81554107e-03,
       1.08932459e-03, 1.81554107e-03, 1.45243283e-03, 1.08932459e-03,
       3.63108207e-04, 3.63108207e-04, 3.63108207e-04, 2.17864919e-03,
       3.63108207e-04, 7.26216414e-04, 7.26216414e-04, 1.08932459e-03,
       4.35729837e-03, 7.26216414e-04, 3.63108207e-04, 0.,
       1.08932459e-03, 1.45243283e-03, 2.90486566e-03, 0.,
       3.63108207e-04, 1.08932459e-03, 1.45243283e-03, 7.26216414e-04,
       7.26216414e-04, 7.26216414e-04, 7.26216414e-04, 7.26216414e-04,
       1.08932459e-03, 0., 1.45243283e-03, 2.90486566e-03,
       1.45243283e-03, 2.17864919e-03, 1.08932459e-03, 1.08932459e-03,
       2.54175742e-03, 3.63108207e-04, 1.45243283e-03, 2.17864919e-03,
       1.45243283e-03, 3.63108207e-04, 1.45243283e-03, 7.26216414e-04,
       7.26216414e-04, 2.17864919e-03, 7.26216414e-04, 3.63108207e-04,
       1.81554107e-03, 1.45243283e-03, 1.08932459e-03, 1.45243283e-03,
       1.45243283e-03, 1.81554107e-03, 0., 1.08932459e-03,
       2.17864919e-03, 2.17864919e-03, 2.17864919e-03, 1.08932459e-03,
       3.63108207e-04, 1.08932459e-03, 1.81554107e-03, 7.26216414e-04,
       0., 3.63108207e-04, 7.26216414e-04, 3.63108207e-04,
       2.17864919e-03, 3.63108207e-04, 1.08932459e-03, 1.08932459e-03,
       2.54175742e-03, 1.45243283e-03, 0., 3.63108207e-04, 0.,
       1.81554107e-03, 3.63108207e-04, 3.63108207e-04, 7.26216414e-04,
       2.54175742e-03, 3.63108207e-04, 1.08932459e-03, 1.08932459e-03,
       1.81554107e-03, 7.26216414e-04, 5.80973132e-03, 1.81554107e-03,
       1.45243283e-03, 1.81554107e-03, 1.08932459e-03, 1.45243283e-03,
       7.26216414e-04, 7.26216414e-04, 1.45243283e-03, 3.63108213e-03,
       1.81554107e-03, 3.63108207e-04, 0., 7.26216414e-04,
       1.45243283e-03, 1.08932459e-03, 7.26216414e-04, 2.17864919e-03,
       1.81554107e-03, 3.63108207e-04, 1.08932459e-03, 7.26216414e-04,
       7.26216414e-04, 1.81554107e-03, 1.45243283e-03, 3.63108207e-04,
       1.81554107e-03, 1.45243283e-03, 1.81554107e-03, 0.,
       1.81554107e-03, 3.63108213e-03, 3.63108207e-04, 7.26216414e-04,
       1.45243283e-03, 2.17864919e-03, 2.90486566e-03, 1.45243283e-03,
       7.26216414e-04, 2.54175742e-03, 7.26216414e-04, 1.08932459e-03,
       3.63108207e-04, 1.08932459e-03, 1.81554107e-03, 1.08932459e-03,
       1.45243283e-03, 7.26216414e-04, 3.63108207e-04, 1.08932459e-03,
       2.17864919e-03, 1.81554107e-03, 1.08932459e-03, 1.08932459e-03,
       2.54175742e-03, 1.45243283e-03, 1.08932459e-03, 0.,
       3.63108207e-04, 2.17864919e-03, 1.45243283e-03, 1.81554107e-03,
       2.17864919e-03, 2.90486566e-03, 7.26216414e-04, 2.17864919e-03,
       1.81554107e-03, 3.63108207e-04, 2.17864919e-03, 1.45243283e-03,
       1.08932459e-03, 1.81554107e-03, 1.08932459e-03, 7.26216414e-04,
