%YAML:1.0
m25f: !!opencv-matrix
   rows: 1
   cols: 800
   dt: f
   data: [ 3.56252218e-04, 7.12504436e-04, 1.78126106e-03,
       3.56252218e-04, 3.56252218e-04, 2.85001774e-03, 2.49376544e-03,
       1.42500887e-03, 0., 3.56252218e-04, 1.06875668e-03,
       2.85001774e-03, 7.12504436e-04, 3.56252218e-04, 3.20627005e-03,
       1.78126106e-03, 1.42500887e-03, 1.42500887e-03, 1.06875668e-03,
       1.78126106e-03, 2.49376544e-03, 3.56252218e-04, 1.42500887e-03,
       1.42500887e-03, 7.12504424e-03, 1.78126106e-03, 0., 0.,
       7.12504436e-04, 1.06875668e-03, 0., 0., 3.56252218e-04,
       1.42500887e-03, 1.78126106e-03, 1.42500887e-03, 2.13751337e-03,
       7.12504436e-04, 1.06875668e-03, 0., 7.12504436e-04,
       3.56252218e-04, 7.12504436e-04, 2.49376544e-03, 3.56252218e-04,
       1.42500887e-03, 3.56252212e-03, 1.06875668e-03, 3.56252218e-04,
       1.78126106e-03, 2.13751337e-03, 3.56252218e-04, 2.85001774e-03,
       0., 0., 1.78126106e-03, 1.78126106e-03, 7.12504436e-04,
       2.49376544e-03, 1.42500887e-03, 1.42500887e-03, 1.06875668e-03,
       3.56252218e-04, 7.12504436e-04, 7.12504436e-04, 7.12504436e-04,
       7.12504436e-04, 1.42500887e-03, 1.42500887e-03, 1.78126106e-03,
       2.49376544e-03, 3.56252218e-04, 1.06875668e-03, 2.13751337e-03,
       3.56252218e-04, 7.12504436e-04, 3.56252218e-04, 1.42500887e-03,
       1.78126106e-03, 1.06875668e-03, 7.12504436e-04, 1.42500887e-03,
       2.13751337e-03, 0., 1.78126106e-03, 7.12504436e-04,
       1.06875668e-03, 4.27502673e-03, 1.78126106e-03, 0.,
       1.06875668e-03, 7.12504436e-04, 1.78126106e-03, 1.78126106e-03,
       1.06875668e-03, 1.06875668e-03, 1.42500887e-03, 2.49376544e-03,
       1.78126106e-03, 3.56252218e-04, 0., 7.12504436e-04,
       2.49376544e-03, 1.78126106e-03, 1.42500887e-03, 1.42500887e-03,
       7.12504436e-04, 7.12504436e-04, 1.06875668e-03, 3.56252218e-04,
       7.12504436e-04, 2.13751337e-03, 1.06875668e-03, 3.56252218e-04,
       2.13751337e-03, 7.12504436e-04, 3.56252218e-04, 1.06875668e-03,
       7.12504436e-04, 2.85001774e-03, 0., 7.12504436e-04,
       1.78126106e-03, 3.56252218e-04, 1.78126106e-03, 2.49376544e-03,
       0., 1.06875668e-03, 3.56252218e-04, 1.78126106e-03,
       1.42500887e-03, 3.56252218e-04, 3.56252218e-04, 3.56252218e-04,
       7.12504436e-04, 1.24688279e-02, 3.56252218e-04, 1.78126106e-03,
       2.49376544e-03, 0., 7.12504436e-04, 3.56252212e-03,
       7.12504436e-04, 3.20627005e-03, 3.20627005e-03, 2.13751337e-03,
       1.42500887e-03, 7.12504436e-04, 3.56252218e-04, 1.06875668e-03,
       7.12504436e-04, 2.85001774e-03, 2.49376544e-03, 1.06875668e-03,
       1.78126106e-03, 1.06875668e-03, 1.78126106e-03, 2.49376544e-03,
       7.12504436e-04, 7.12504436e-04, 1.42500887e-03, 2.13751337e-03,
       7.12504436e-04, 1.06875668e-03, 1.06875668e-03, 1.06875668e-03,
       1.06875668e-03, 1.06875668e-03, 7.12504436e-04, 2.13751337e-03,
       2.13751337e-03, 1.78126106e-03, 1.42500887e-03, 3.56252218e-04,
       3.56252218e-04, 3.56252218e-04, 3.56252218e-04, 5.70003549e-03,
       7.12504436e-04, 1.78126106e-03, 1.78126106e-03, 1.06875668e-03,
       1.78126106e-03, 1.42500887e-03, 3.91877443e-03, 1.78126106e-03,
       1.06875668e-03, 1.06875668e-03, 1.06875668e-03, 0.,
       1.42500887e-03, 2.13751337e-03, 0., 7.12504436e-04,
       3.56252218e-04, 1.06875668e-03, 1.78126106e-03, 1.42500887e-03,
       7.12504436e-04, 2.13751337e-03, 2.49376544e-03, 3.56252218e-04,
       2.13751337e-03, 1.06875668e-03, 1.42500887e-03, 7.12504436e-04,
       7.12504436e-04, 1.78126106e-03, 1.06875668e-03, 7.12504436e-04,
       3.56252218e-04, 7.12504436e-04, 2.13751337e-03, 3.56252218e-04,
       4.98753088e-03, 1.42500887e-03, 7.12504436e-04, 7.12504436e-04,
       7.12504436e-04, 2.13751337e-03, 7.12504436e-04, 1.42500887e-03,
       3.56252218e-04, 0., 1.42500887e-03, 1.42500887e-03,
       2.49376544e-03, 2.49376544e-03, 7.12504436e-04, 3.56252218e-04,
       1.06875668e-03, 7.12504436e-04, 2.85001774e-03, 1.42500887e-03,
       2.13751337e-03, 3.56252218e-04, 1.78126106e-03, 1.42500887e-03,
       1.06875668e-03, 1.06875668e-03, 1.42500887e-03, 0.,
       1.06875668e-03, 7.12504436e-04, 3.56252218e-04, 2.13751337e-03,
       1.42500887e-03, 1.06875668e-03, 1.42500887e-03, 1.42500887e-03,
       1.78126106e-03, 2.13751337e-03, 7.12504436e-04, 1.06875668e-03,
       1.06875668e-03, 7.12504436e-04, 2.85001774e-03, 1.06875668e-03,
       7.12504436e-04, 1.42500887e-03, 1.42500887e-03, 7.12504436e-04,
       1.42500887e-03, 1.06875668e-03, 7.12504436e-04, 7.12504436e-04,
       1.78126106e-03, 3.91877443e-03, 0., 7.12504436e-04,
       7.12504436e-04, 1.78126106e-03, 7.12504436e-04, 2.13751337e-03,
       3.20627005e-03, 0., 2.49376544e-03, 2.13751337e-03,
       7.12504436e-04, 0., 1.78126106e-03, 0., 7.12504436e-04,
       1.06875668e-03, 1.06875668e-03, 1.06875668e-03, 1.42500887e-03,
       0., 0., 1.06875668e-03, 1.06875668e-03, 1.42500887e-03,
       1.06875668e-03, 1.42500887e-03, 2.49376544e-03, 1.06875668e-03,
       0., 2.85001774e-03, 3.56252218e-04, 1.42500887e-03,
       1.78126106e-03, 3.56252218e-04, 2.49376544e-03, 7.12504436e-04,
       2.49376544e-03, 3.20627005e-03, 7.12504436e-04, 2.13751337e-03,
       7.12504436e-04, 3.56252212e-03, 3.20627005e-03, 3.56252218e-04,
       3.56252218e-04, 1.06875668e-03, 1.06875668e-03, 3.56252218e-04,
       1.78126106e-03, 3.56252218e-04, 7.12504436e-04, 1.06875668e-03,
       1.06875668e-03, 7.12504436e-04, 1.06875668e-03, 1.06875668e-03,
       1.06875668e-03, 3.56252218e-04, 2.13751337e-03, 3.56252218e-04,
       1.06875668e-03, 2.13751337e-03, 0., 2.13751337e-03,
       3.56252212e-03, 3.20627005e-03, 1.06875668e-03, 7.12504436e-04,
       1.78126106e-03, 7.12504436e-04, 3.56252218e-04, 1.06875668e-03,
       2.13751337e-03, 7.12504436e-04, 1.78126106e-03, 3.56252218e-04,
       7.12504436e-04, 1.78126106e-03, 3.56252218e-04, 3.56252218e-04,
       7.12504436e-04, 1.06875668e-03, 7.12504436e-04, 3.56252218e-04,
       7.12504436e-04, 3.56252218e-04, 3.56252218e-04, 2.13751337e-03,
       3.56252218e-04, 2.49376544e-03, 1.06875668e-03, 4.63127904e-03,
       2.13751337e-03, 7.12504436e-04, 1.78126106e-03, 2.13751337e-03,
       7.12504436e-04, 2.49376544e-03, 1.78126106e-03, 1.42500887e-03,
       7.12504436e-04, 1.06875668e-03, 1.06875668e-03, 7.12504436e-04,
       2.13751337e-03, 1.06875668e-03, 7.12504436e-04, 7.12504436e-04,
       7.12504436e-04, 7.12504436e-04, 2.49376544e-03, 3.56252218e-04,
       1.06875668e-03, 2.13751337e-03, 1.42500887e-03, 3.56252218e-04,
       0., 1.42500887e-03, 2.85001774e-03, 0., 3.91877443e-03,
       3.56252218e-04, 7.12504436e-04, 1.42500887e-03, 2.85001774e-03,
       4.98753088e-03, 1.06875668e-03, 3.56252218e-04, 7.12504436e-04,
       7.12504436e-04, 1.42500887e-03, 2.49376544e-03, 1.78126106e-03,
       3.56252212e-03, 1.06875668e-03, 3.56252218e-04, 1.42500887e-03,
       1.42500887e-03, 3.56252218e-04, 7.12504436e-04, 0.,
       1.42500887e-03, 3.91877443e-03, 7.12504436e-04, 2.49376544e-03,
       3.56252218e-04, 3.56252218e-04, 0., 1.06875668e-03,
       1.06875668e-03, 7.12504436e-04, 1.06875668e-03, 0.,
       2.13751337e-03, 1.06875668e-03, 1.42500887e-03, 1.78126106e-03,
       0., 1.42500887e-03, 0., 2.13751337e-03, 3.56252218e-04,
       7.12504436e-04, 2.13751337e-03, 7.12504436e-04, 2.85001774e-03,
       0., 3.56252218e-04, 3.56252218e-04, 1.78126106e-03,
       1.42500887e-03, 7.12504436e-04, 7.12504436e-04, 1.06875668e-03,
       7.12504436e-04, 1.06875668e-03, 3.56252218e-04, 1.42500887e-03,
       1.06875668e-03, 7.12504436e-04, 3.56252218e-04, 1.06875668e-03,
       0., 0., 1.42500887e-03, 1.42500887e-03, 1.78126106e-03,
       2.49376544e-03, 7.12504436e-04, 7.12504436e-04, 7.12504436e-04,
       3.56252218e-04, 0., 1.06875668e-03, 1.06875668e-03,
       1.06875668e-03, 1.78126106e-03, 1.06875668e-03, 2.13751337e-03,
       7.12504436e-04, 7.12504436e-04, 1.06875668e-03, 7.12504436e-04,
