%YAML:1.0
m25f: !!opencv-matrix
   rows: 1
   cols: 800
   dt: f
   data: [ 4.20698372e-04, 5.04838023e-03, 0., 1.68279349e-03, 0.,
       8.41396744e-04, 3.36558698e-03, 2.10349192e-03, 1.26209506e-03,
       0., 4.20698372e-04, 2.94488855e-03, 1.68279349e-03,
       1.68279349e-03, 8.41396744e-04, 4.20698372e-04, 4.20698372e-04,
       2.52419012e-03, 4.20698372e-04, 3.36558698e-03, 1.68279349e-03,
       1.26209506e-03, 1.26209506e-03, 4.20698372e-04, 1.51451416e-02,
       2.52419012e-03, 8.41396744e-04, 4.20698372e-04, 8.41396744e-04,
       1.26209506e-03, 1.26209506e-03, 1.26209506e-03, 0.,
       8.41396744e-04, 2.10349192e-03, 4.20698372e-04, 1.26209506e-03,
       1.68279349e-03, 1.68279349e-03, 1.26209506e-03, 0.,
       8.41396744e-04, 4.20698372e-04, 0., 4.20698372e-04,
       2.94488855e-03, 1.26209506e-03, 0., 8.41396744e-04,
       4.20698372e-04, 1.26209506e-03, 1.26209506e-03, 2.10349192e-03,
       0., 4.20698372e-04, 1.26209506e-03, 1.26209506e-03,
       1.68279349e-03, 2.10349192e-03, 1.26209506e-03, 1.26209506e-03,
       8.41396744e-04, 1.26209506e-03, 8.41396744e-04, 1.26209506e-03,
       1.26209506e-03, 2.52419012e-03, 1.26209506e-03, 1.68279349e-03,
       2.94488855e-03, 4.20698372e-04, 2.10349192e-03, 4.20698372e-04,
       1.26209506e-03, 1.68279349e-03, 2.52419012e-03, 3.78628541e-03,
       2.10349192e-03, 8.41396744e-04, 1.68279349e-03, 2.52419012e-03,
       2.52419012e-03, 4.20698372e-04, 4.20698372e-04, 1.26209506e-03,
       0., 8.41396744e-04, 2.10349192e-03, 1.68279349e-03,
       4.20698372e-04, 8.41396744e-04, 0., 4.20698372e-04,
       4.20698372e-04, 1.68279349e-03, 8.41396744e-04, 1.68279349e-03,
       4.20698372e-04, 1.26209506e-03, 0., 1.68279349e-03,
       8.41396744e-04, 1.68279349e-03, 1.26209506e-03, 1.68279349e-03,
       1.68279349e-03, 4.20698372e-04, 8.41396744e-04, 4.20698372e-04,
       2.10349192e-03, 1.26209506e-03, 4.62768227e-03, 3.36558698e-03,
       1.68279349e-03, 1.68279349e-03, 2.10349192e-03, 8.41396744e-04,
       2.10349192e-03, 4.20698372e-04, 8.41396744e-04, 0.,
       8.41396744e-04, 2.94488855e-03, 4.20698372e-04, 1.68279349e-03,
       0., 2.10349192e-03, 8.41396744e-04, 4.20698372e-04,
       8.41396744e-04, 4.20698372e-04, 1.26209506e-03, 0.,
       2.10349192e-03, 2.52419012e-03, 1.26209506e-03, 2.94488855e-03,
       1.68279349e-03, 2.52419012e-03, 8.41396744e-04, 1.26209506e-03,
       8.41396744e-04, 4.20698372e-04, 8.41396744e-04, 4.20698372e-04,
       4.20698372e-04, 8.41396744e-04, 1.26209506e-03, 4.20698372e-04,
       2.10349192e-03, 2.94488855e-03, 4.20698372e-04, 8.41396744e-04,
       1.26209506e-03, 1.68279349e-03, 2.52419012e-03, 2.94488855e-03,
       2.10349192e-03, 4.20698372e-04, 4.20698372e-04, 4.20698372e-04,
       1.68279349e-03, 8.41396744e-04, 2.10349192e-03, 8.41396744e-04,
       1.68279349e-03, 3.78628541e-03, 2.52419012e-03, 4.20698372e-04,
       1.26209506e-03, 1.26209506e-03, 4.20698372e-04, 1.26209506e-03,
       4.20698372e-04, 8.41396744e-04, 4.20698372e-04, 0.,
       8.41396744e-04, 4.20698372e-04, 8.41396744e-04, 1.26209506e-03,
       4.20698372e-04, 2.10349192e-03, 1.68279349e-03, 8.41396744e-04,
       0., 1.26209506e-03, 8.41396744e-04, 2.52419012e-03,
       1.26209506e-03, 1.68279349e-03, 8.41396744e-04, 8.41396744e-04,
       1.68279349e-03, 0., 1.68279349e-03, 2.52419012e-03,
       1.26209506e-03, 1.68279349e-03, 2.52419012e-03, 1.26209506e-03,
       1.68279349e-03, 4.20698372e-04, 4.20698372e-04, 1.68279349e-03,
       1.68279349e-03, 4.20698372e-04, 1.26209506e-03, 0., 0., 0.,
       2.52419012e-03, 0., 8.41396744e-04, 1.26209506e-03, 0.,
       1.26209506e-03, 0., 1.68279349e-03, 1.68279349e-03,
       1.26209506e-03, 4.20698372e-04, 2.52419012e-03, 0.,
       1.26209506e-03, 1.26209506e-03, 8.41396744e-04, 1.68279349e-03,
       1.26209506e-03, 8.41396744e-04, 8.41396744e-04, 2.10349192e-03,
       4.20698372e-04, 0., 8.41396744e-04, 0., 2.10349192e-03,
       2.52419012e-03, 1.26209506e-03, 4.20698372e-04, 2.10349192e-03,
       0., 4.20698372e-04, 4.20698384e-03, 1.68279349e-03,
       2.10349192e-03, 1.68279349e-03, 1.26209506e-03, 0.,
       8.41396744e-04, 8.41396744e-04, 1.68279349e-03, 3.78628541e-03,
       4.20698372e-04, 1.26209506e-03, 1.68279349e-03, 4.20698372e-04,
       1.68279349e-03, 4.20698372e-04, 8.41396744e-04, 1.26209506e-03,
       1.26209506e-03, 4.20698372e-04, 1.26209506e-03, 1.68279349e-03,
       2.52419012e-03, 2.52419012e-03, 8.41396744e-04, 4.20698372e-04,
       2.10349192e-03, 2.94488855e-03, 1.26209506e-03, 2.52419012e-03,
       4.20698372e-04, 1.26209506e-03, 1.26209506e-03, 4.20698372e-04,
       1.26209506e-03, 0., 1.26209506e-03, 8.41396744e-04,
       1.26209506e-03, 4.20698372e-04, 4.20698372e-04, 8.41396744e-04,
       2.94488855e-03, 2.10349192e-03, 2.10349192e-03, 1.26209506e-03,
       8.41396744e-04, 2.10349192e-03, 2.94488855e-03, 1.68279349e-03,
       1.68279349e-03, 1.26209506e-03, 1.26209506e-03, 1.26209506e-03,
       2.10349192e-03, 8.41396744e-04, 4.20698372e-04, 4.20698372e-04,
       0., 8.41396744e-04, 0., 1.26209506e-03, 1.26209506e-03,
       1.26209506e-03, 8.41396744e-04, 0., 3.78628541e-03,
       4.20698372e-04, 0., 0., 4.20698372e-04, 1.26209506e-03,
       1.26209506e-03, 8.41396744e-04, 8.41396744e-04, 1.26209506e-03,
       2.10349192e-03, 1.68279349e-03, 8.41396744e-04, 1.68279349e-03,
       3.36558698e-03, 4.20698372e-04, 2.10349192e-03, 8.41396744e-04,
       8.41396744e-04, 8.41396744e-04, 1.26209506e-03, 1.26209506e-03,
       1.26209506e-03, 4.20698372e-04, 1.26209506e-03, 8.41396744e-04,
       8.41396744e-04, 2.94488855e-03, 4.20698384e-03, 4.20698372e-04,
       1.26209506e-03, 8.41396744e-04, 1.68279349e-03, 3.78628541e-03,
       4.20698372e-04, 1.26209506e-03, 8.41396744e-04, 4.20698372e-04,
       1.26209506e-03, 2.94488855e-03, 0., 2.10349192e-03,
       1.26209506e-03, 1.26209506e-03, 3.36558698e-03, 0.,
       4.20698372e-04, 4.20698372e-04, 2.10349192e-03, 1.26209506e-03,
       2.10349192e-03, 1.68279349e-03, 8.41396744e-04, 2.94488855e-03,
       4.20698372e-04, 4.20698372e-04, 1.26209506e-03, 1.26209506e-03,
       4.20698372e-04, 8.41396744e-04, 1.26209506e-03, 2.52419012e-03,
       1.26209506e-03, 2.10349192e-03, 8.41396744e-04, 2.52419012e-03,
       4.62768227e-03, 4.20698372e-04, 2.10349192e-03, 8.41396744e-04,
       2.52419012e-03, 4.20698372e-04, 4.20698372e-04, 8.41396744e-04,
       1.68279349e-03, 2.10349192e-03, 2.10349192e-03, 1.68279349e-03,
       2.10349192e-03, 4.20698372e-04, 0., 8.41396744e-04,
       8.41396744e-04, 4.20698372e-04, 0., 4.20698372e-04,
       4.20698372e-04, 2.10349192e-03, 8.41396744e-04, 1.26209506e-03,
       1.26209506e-03, 2.10349192e-03, 2.10349192e-03, 0.,
       4.20698372e-04, 4.20698372e-04, 2.52419012e-03, 1.26209506e-03,
       1.68279349e-03, 0., 4.20698372e-04, 4.20698372e-04,
       3.36558698e-03, 8.41396744e-04, 4.20698372e-04, 2.94488855e-03,
       1.68279349e-03, 8.41396744e-04, 8.41396744e-04, 4.20698372e-04,
       4.62768227e-03, 8.41396744e-04, 4.20698372e-04, 0., 0.,
       4.20698372e-04, 1.26209506e-03, 4.20698372e-04, 1.26209506e-03,
       1.68279349e-03, 1.26209506e-03, 8.41396744e-04, 8.41396744e-04,
       1.26209506e-03, 4.20698372e-04, 8.41396744e-04, 8.41396744e-04,
       1.68279349e-03, 2.10349192e-03, 2.52419012e-03, 4.20698372e-04,
       2.10349192e-03, 2.94488855e-03, 1.26209506e-03, 2.10349192e-03,
       1.26209506e-03, 1.26209506e-03, 2.10349192e-03, 8.41396744e-04,
       8.41396744e-04, 8.41396744e-04, 2.94488855e-03, 8.41396744e-04,
       8.41396744e-04, 0., 1.26209506e-03, 4.20698372e-04,
       1.26209506e-03, 2.10349192e-03, 4.20698372e-04, 4.20698372e-04,
       4.20698372e-04, 1.68279349e-03, 1.68279349e-03, 2.10349192e-03,
       1.68279349e-03, 4.20698372e-04, 1.68279349e-03, 8.41396744e-04,
       0., 8.41396744e-04, 1.68279349e-03, 0., 1.26209506e-03,
       4.20698372e-04, 1.26209506e-03, 4.20698372e-04, 2.10349192e-03,
