%YAML:1.0
m25f: !!opencv-matrix
   rows: 1
   cols: 800
   dt: f
   data: [ 0., 1.56494521e-03, 0., 1.56494521e-03, 0., 0., 0.,
       7.82472640e-03, 1.56494528e-02, 0., 1.56494521e-03, 0., 0.,
       3.12989042e-03, 1.56494521e-03, 3.12989042e-03, 0., 0., 0., 0.,
       0., 1.56494521e-03, 1.56494521e-03, 0., 7.82472640e-03,
       3.12989042e-03, 0., 6.25978084e-03, 0., 1.56494521e-03,
       4.69483575e-03, 0., 4.69483575e-03, 0., 1.56494521e-03,
       1.56494521e-03, 0., 1.56494521e-03, 0., 0., 0., 0., 0., 0.,
       1.56494521e-03, 0., 0., 1.56494521e-03, 0., 0., 0., 0.,
       1.56494521e-03, 0., 3.12989042e-03, 1.56494521e-03, 0., 0., 0.,
       0., 0., 0., 0., 3.12989042e-03, 1.56494521e-03, 3.12989042e-03,
       1.56494521e-03, 6.25978084e-03, 0., 1.56494521e-03, 0.,
       1.56494521e-03, 3.12989042e-03, 1.56494521e-03, 1.56494521e-03,
       3.12989042e-03, 0., 0., 0., 3.12989042e-03, 1.56494521e-03, 0.,
       7.82472640e-03, 1.56494521e-03, 1.56494521e-03, 1.56494521e-03,
       0., 4.69483575e-03, 0., 0., 0., 0., 0., 0., 0., 3.12989042e-03,
       0., 1.56494521e-03, 1.56494521e-03, 0., 0., 0., 0.,
       4.69483575e-03, 0., 0., 6.25978084e-03, 1.56494521e-03, 0.,
       3.12989042e-03, 3.12989042e-03, 0., 0., 0., 0., 0.,
       3.12989042e-03, 0., 4.69483575e-03, 0., 0., 0., 1.56494521e-03,
       0., 0., 1.56494521e-03, 6.25978084e-03, 0., 0., 0.,
       1.56494521e-03, 1.40845068e-02, 1.56494521e-03, 0., 0., 0., 0.,
       0., 0., 1.56494521e-03, 0., 0., 1.56494521e-03, 0.,
       7.82472640e-03, 0., 1.56494521e-03, 1.56494521e-03,
       7.82472640e-03, 0., 0., 1.56494521e-03, 0., 1.56494521e-03,
       1.56494521e-03, 0., 1.56494521e-03, 3.12989042e-03,
       1.56494521e-03, 0., 0., 1.56494521e-03, 1.56494521e-03, 0.,
       1.56494521e-03, 1.56494521e-03, 1.56494521e-03, 3.12989042e-03,
       0., 0., 1.56494521e-03, 1.56494521e-03, 0., 0., 0.,
       1.56494521e-03, 1.56494521e-03, 4.69483575e-03, 0., 0., 0., 0.,
       9.38967150e-03, 0., 1.56494521e-03, 1.56494521e-03,
       1.56494521e-03, 3.12989042e-03, 0., 0., 1.56494521e-03, 0.,
       6.25978084e-03, 0., 7.82472640e-03, 0., 0., 3.12989042e-03, 0.,
       0., 0., 0., 1.56494521e-03, 0., 0., 0., 0., 0., 0., 0.,
       1.56494521e-03, 0., 0., 0., 1.56494521e-03, 0., 4.69483575e-03,
       0., 1.40845068e-02, 1.56494521e-03, 0., 4.69483575e-03, 0.,
       3.12989042e-03, 0., 1.56494521e-03, 0., 1.56494521e-03,
       1.56494521e-03, 0., 1.56494521e-03, 3.12989042e-03, 0.,
       1.56494521e-03, 0., 0., 0., 0., 0., 0., 0., 0., 0., 0.,
       3.12989042e-03, 1.56494521e-03, 1.56494521e-03, 1.56494521e-03,
       0., 7.82472640e-03, 0., 1.56494521e-03, 1.56494521e-03, 0.,
       4.69483575e-03, 1.56494521e-03, 0., 0., 1.56494521e-03,
       1.56494521e-03, 0., 0., 0., 0., 0., 0., 3.12989042e-03, 0.,
       3.12989042e-03, 0., 1.56494521e-03, 0., 4.69483575e-03, 0.,
       4.69483575e-03, 0., 0., 0., 0., 0., 3.12989042e-03,
       1.56494521e-03, 3.12989042e-03, 0., 1.56494521e-03, 0.,
       3.12989042e-03, 4.69483575e-03, 0., 0., 0., 1.56494521e-03, 0.,
       0., 9.38967150e-03, 3.12989042e-03, 3.12989042e-03, 0.,
       1.56494521e-03, 4.69483575e-03, 0., 0., 0., 0., 0.,
       1.56494521e-03, 0., 6.25978084e-03, 0., 1.56494521e-03,
       1.40845068e-02, 3.12989042e-03, 0., 0., 0., 1.56494521e-03, 0.,
       0., 0., 0., 0., 1.56494521e-03, 0., 0., 6.25978084e-03, 0., 0.,
       0., 3.12989042e-03, 0., 0., 0., 3.12989042e-03, 0., 0.,
       1.56494521e-03, 4.69483575e-03, 0., 0., 0., 0., 1.56494521e-03,
       0., 0., 4.69483575e-03, 1.56494521e-03, 1.56494521e-03,
       6.25978084e-03, 0., 0., 0., 0., 0., 0., 0., 0., 1.56494521e-03,
       1.56494521e-03, 0., 1.56494521e-03, 0., 0., 0., 0.,
       1.56494521e-03, 0., 1.56494521e-03, 3.12989042e-03, 0., 0., 0.,
       0., 0., 0., 0., 0., 0., 0., 0., 1.56494521e-03, 0., 0., 0., 0.,
       6.25978084e-03, 0., 0., 0., 0., 0., 0., 1.56494521e-03, 0., 0.,
       0., 0., 6.25978084e-03, 0., 0., 1.56494521e-03, 0.,
       4.69483575e-03, 0., 3.12989042e-03, 0., 0., 0., 0.,
       6.25978084e-03, 0., 0., 0., 0., 1.56494521e-03, 0.,
       3.12989042e-03, 0., 0., 1.56494521e-03, 0., 1.56494521e-03, 0.,
       3.12989042e-03, 0., 3.12989042e-03, 1.56494521e-03,
       3.12989042e-03, 0., 1.56494521e-03, 0., 1.56494521e-03, 0.,
       1.56494521e-03, 0., 1.56494521e-03, 1.56494521e-03, 0.,
       1.56494521e-03, 0., 0., 0., 1.56494521e-03, 0., 0.,
       3.12989042e-03, 3.12989042e-03, 1.56494521e-03, 1.56494521e-03,
       1.56494521e-03, 1.56494521e-03, 3.12989042e-03, 0.,
       1.56494521e-03, 0., 0., 1.56494521e-03, 0., 0., 0., 0., 0.,
       1.56494521e-03, 0., 3.12989042e-03, 1.56494521e-03,
       4.69483575e-03, 0., 0., 3.12989042e-03, 0., 4.69483575e-03, 0.,
       0., 0., 1.56494521e-03, 0., 0., 0., 0., 0., 1.56494521e-03, 0.,
       0., 0., 3.12989042e-03, 1.56494521e-03, 3.12989042e-03, 0., 0.,
       0., 0., 0., 3.12989042e-03, 0., 3.12989042e-03, 0.,
       3.12989042e-03, 7.82472640e-03, 1.56494521e-03, 0.,
       1.56494521e-03, 1.56494521e-03, 0., 6.25978084e-03, 0., 0., 0.,
       1.56494521e-03, 1.56494521e-03, 1.72143970e-02, 1.56494521e-03,
       0., 1.56494521e-03, 0., 3.12989042e-03, 0., 0., 0.,
       3.12989042e-03, 0., 0., 0., 0., 3.12989042e-03, 1.56494521e-03,
       4.69483575e-03, 0., 1.56494521e-03, 0., 1.56494521e-03,
       3.12989042e-03, 0., 1.56494521e-03, 0., 1.56494521e-03, 0.,
       1.56494521e-03, 9.38967150e-03, 1.56494521e-03, 0., 0., 0., 0.,
       0., 0., 0., 3.12989042e-03, 3.12989042e-03, 7.82472640e-03,
       1.56494521e-03, 0., 0., 0., 4.69483575e-03, 0., 0.,
       1.56494521e-03, 0., 4.69483575e-03, 1.56494521e-03, 0.,
       1.56494521e-03, 1.56494521e-03, 1.56494521e-03, 1.56494521e-03,
       0., 1.56494521e-03, 0., 1.56494521e-03, 0., 0., 0., 0., 0., 0.,
       1.56494521e-03, 3.12989042e-03, 4.69483575e-03, 0., 0.,
       1.56494521e-03, 0., 1.56494521e-03, 1.56494521e-03,
       4.69483575e-03, 0., 3.12989042e-03, 1.56494521e-03, 0., 0., 0.,
       1.56494521e-03, 0., 0., 0., 0., 1.56494521e-03, 0., 0.,
       4.69483575e-03, 0., 0., 0., 1.56494521e-03, 1.56494521e-03,
       1.56494521e-03, 4.69483575e-03, 0., 1.56494521e-03,
       3.12989042e-03, 1.56494521e-03, 1.56494521e-03, 0., 0.,
       6.25978084e-03, 0., 0., 0., 0., 0., 0., 3.12989042e-03,
       1.56494521e-03, 0., 0., 3.12989042e-03, 0., 0., 1.56494521e-03,
       0., 1.56494521e-03, 3.12989042e-03, 0., 0., 1.56494521e-03,
       1.56494521e-03, 0., 1.56494521e-03, 0., 0., 0., 4.69483575e-03,
       1.56494521e-03, 0., 3.12989042e-03, 0., 6.25978084e-03, 0., 0.,
       0., 0., 0., 1.56494521e-03, 0., 0., 0., 0., 0., 0.,
       1.56494521e-03, 1.56494521e-03, 0., 1.56494521e-03, 0.,
       1.56494521e-03, 4.69483575e-03, 1.56494521e-03, 0., 0.,
       1.56494521e-03, 0., 0., 1.56494521e-03, 0., 0., 4.69483575e-03,
       0., 0., 4.69483575e-03, 1.56494521e-03, 1.56494521e-03, 0., 0.,
       6.25978084e-03, 0., 0., 0., 0., 1.56494521e-03, 0.,
       3.12989042e-03, 0., 0., 0., 1.56494521e-03, 0., 7.82472640e-03,
       0., 1.56494521e-03, 4.69483575e-03, 0., 0., 0., 0., 0.,
       4.69483575e-03, 0., 0., 3.12989042e-03, 4.69483575e-03, 0.,
       7.82472640e-03, 0., 1.56494521e-03, 0., 0., 0., 0., 0.,
       1.56494521e-03, 1.56494521e-03, 1.56494521e-03, 0.,
       7.82472640e-03, 0., 0., 0., 1.56494521e-03, 3.12989042e-03,
       1.56494521e-03, 3.12989042e-03, 0., 1.56494521e-03,
       3.12989042e-03, 1.56494521e-03, 0., 0., 4.69483575e-03, 0.,
       1.56494521e-03, 1.56494521e-03, 0., 1.56494521e-03,
       9.38967150e-03, 0., 1.09546166e-02, 0., 0., 1.56494521e-03,
       1.56494521e-03, 3.12989042e-03, 0., 0., 0., 0., 0.,
       6.25978084e-03, 1.56494521e-03, 1.56494521e-03, 0., 0.,
       1.56494521e-03, 0., 3.12989042e-03, 1.56494521e-03,
       1.56494521e-03, 0., 3.12989042e-03, 0., 0., 0., 0., 0., 0.,
       1.56494521e-03, 3.12989042e-03, 0., 3.12989042e-03,
