%YAML:1.0
m25f: !!opencv-matrix
   rows: 1
   cols: 800
   dt: f
   data: [ 1.81983621e-03, 0., 0., 1.36487721e-03, 9.09918104e-04, 0.,
       1.81983621e-03, 9.09918104e-04, 3.18471342e-03, 4.54959052e-04,
       4.54959052e-04, 9.09918104e-04, 1.36487721e-03, 1.81983621e-03,
       4.54959052e-04, 4.54959052e-04, 1.36487721e-03, 4.54959052e-04,
       4.54959052e-04, 4.54959052e-04, 0., 4.54959052e-04,
       1.36487721e-03, 6.82438584e-03, 0., 2.27479520e-03,
       9.09918104e-04, 1.36487721e-03, 0., 3.63967242e-03,
       3.63967242e-03, 4.54959052e-04, 4.54959052e-04, 9.09918104e-04,
       4.54959052e-04, 4.54959052e-04, 0., 1.36487721e-03,
       1.36487721e-03, 0., 0., 4.54959052e-04, 4.54959052e-04,
       9.09918104e-04, 4.54959052e-04, 4.09463141e-03, 4.54959052e-04,
       4.54959052e-04, 4.54959052e-04, 0., 4.54959052e-04,
       2.27479520e-03, 2.72975443e-03, 0., 2.72975443e-03,
       1.36487721e-03, 4.54959052e-04, 4.54959052e-04, 2.27479520e-03,
       2.72975443e-03, 0., 0., 1.36487721e-03, 4.54959052e-04,
       2.27479520e-03, 0., 1.81983621e-03, 9.09918104e-04,
       2.27479520e-03, 9.09918104e-04, 4.54959052e-04, 1.81983621e-03,
       0., 1.36487721e-03, 2.27479520e-03, 9.09918104e-04,
       9.09918104e-04, 0., 9.09918104e-04, 2.27479520e-03, 0., 0.,
       1.81983621e-03, 4.54959052e-04, 4.54959052e-04, 3.63967242e-03,
       2.27479520e-03, 2.72975443e-03, 3.18471342e-03, 2.27479520e-03,
       4.54959052e-04, 4.54959052e-04, 9.09918104e-04, 0.,
       2.27479520e-03, 9.09918104e-04, 9.09918104e-04, 4.09463141e-03,
       9.09918104e-04, 2.72975443e-03, 9.09918104e-04, 4.54959052e-04,
       1.36487721e-03, 0., 0., 3.18471342e-03, 1.36487721e-03, 0.,
       4.54959052e-04, 4.54959052e-04, 2.27479520e-03, 4.09463141e-03,
       9.09918104e-04, 1.36487721e-03, 9.55414027e-03, 9.09918104e-04,
       2.72975443e-03, 5.45950886e-03, 4.54959052e-04, 2.27479520e-03,
       0., 1.81983621e-03, 9.09918104e-04, 2.27479520e-03,
       1.81983621e-03, 1.36487721e-03, 1.81983621e-03, 4.54959052e-04,
       1.81983621e-03, 9.09918104e-04, 9.09918104e-04, 1.81983621e-03,
       2.27479520e-03, 0., 1.81983621e-03, 1.36487721e-03,
       4.54959052e-04, 4.54959052e-04, 9.09918104e-04, 0.,
       5.00454940e-03, 9.09918104e-04, 9.09918104e-04, 0.,
       4.54959052e-04, 4.54959052e-04, 4.54959052e-04, 0.,
       4.54959052e-04, 1.81983621e-03, 0., 0., 9.09918104e-04,
       9.09918104e-04, 9.09918104e-04, 9.09918104e-04, 0.,
       2.27479520e-03, 1.36487721e-03, 1.81983621e-03, 9.09918104e-04,
       2.27479520e-03, 9.09918104e-04, 2.27479520e-03, 1.81983621e-03,
       9.09918104e-04, 9.09918104e-04, 4.54959041e-03, 4.54959052e-04,
       4.54959052e-04, 1.36487721e-03, 3.63967242e-03, 2.27479520e-03,
       9.09918104e-04, 2.27479520e-03, 0., 4.54959052e-04,
       4.54959052e-04, 2.72975443e-03, 0., 1.36487721e-03,
       5.00454940e-03, 4.54959052e-04, 1.81983621e-03, 9.09918104e-04,
       1.36487721e-03, 4.54959052e-04, 2.27479520e-03, 0.,
       1.81983621e-03, 4.54959052e-04, 1.36487721e-03, 1.81983621e-03,
       4.54959052e-04, 1.36487721e-03, 9.09918104e-04, 2.27479520e-03,
       1.36487721e-03, 0., 0., 2.27479520e-03, 9.09918104e-04,
       3.63967242e-03, 4.54959052e-04, 0., 1.81983621e-03,
       4.09463141e-03, 0., 1.36487721e-03, 4.54959052e-04,
       3.63967242e-03, 0., 0., 4.54959052e-04, 1.81983621e-03, 0.,
       4.54959052e-04, 1.81983621e-03, 1.36487721e-03, 4.54959052e-04,
       1.81983621e-03, 1.09190177e-02, 1.81983621e-03, 9.09918104e-04,
       1.36487721e-03, 0., 0., 9.09918104e-04, 1.36487721e-03,
       1.36487721e-03, 0., 2.72975443e-03, 4.54959052e-04,
       9.09918104e-04, 4.54959052e-04, 2.27479520e-03, 1.81983621e-03,
       1.36487721e-03, 1.36487721e-03, 6.36942685e-03, 1.36487721e-03,
       2.72975443e-03, 4.54959052e-04, 1.36487721e-03, 0., 0.,
       4.09463141e-03, 4.54959052e-04, 0., 2.27479520e-03,
       4.09463141e-03, 1.36487721e-03, 9.09918104e-04, 2.27479520e-03,
       1.81983621e-03, 1.36487721e-03, 4.54959052e-04, 2.27479520e-03,
       1.81983621e-03, 1.36487721e-03, 1.36487721e-03, 9.09918104e-04,
       4.54959052e-04, 4.54959052e-04, 1.36487721e-03, 0.,
       2.27479520e-03, 4.54959052e-04, 4.54959052e-04, 0., 0., 0.,
       4.54959052e-04, 4.54959052e-04, 4.54959052e-04, 0.,
       1.36487721e-03, 2.27479520e-03, 9.09918104e-04, 1.36487721e-03,
       4.54959052e-04, 3.18471342e-03, 2.72975443e-03, 9.09918104e-04,
       4.54959052e-04, 1.36487721e-03, 9.09918104e-04, 1.81983621e-03,
       4.54959052e-04, 0., 1.36487721e-03, 6.36942685e-03,
       4.54959052e-04, 4.09463141e-03, 9.09918104e-04, 1.36487721e-03,
       0., 9.09918104e-04, 9.09918104e-04, 9.09918104e-04,
       4.54959052e-04, 2.27479520e-03, 1.81983621e-03, 0.,
       1.81983621e-03, 4.54959052e-04, 0., 4.54959052e-04,
       1.36487721e-03, 0., 2.27479520e-03, 4.09463141e-03,
       4.09463141e-03, 0., 0., 4.54959052e-04, 3.63967242e-03,
       4.54959052e-04, 0., 1.36487721e-03, 1.81983621e-03,
       2.72975443e-03, 1.81983621e-03, 9.09918104e-04, 1.36487721e-03,
       1.36487721e-03, 4.09463141e-03, 4.54959052e-04, 9.09918104e-04,
       1.81983621e-03, 1.36487721e-03, 0., 9.09918104e-04,
       9.09918104e-04, 1.36487721e-03, 2.27479520e-03, 4.54959052e-04,
       9.09918104e-04, 1.36487721e-03, 9.09918104e-04, 9.09918104e-04,
       0., 2.72975443e-03, 2.27479520e-03, 0., 2.72975443e-03,
       4.54959052e-04, 9.09918104e-04, 1.81983621e-03, 4.54959052e-04,
       0., 2.72975443e-03, 0., 3.63967242e-03, 0., 1.36487721e-03,
       1.36487721e-03, 9.09918104e-04, 1.36487721e-03, 2.72975443e-03,
       1.36487721e-03, 2.27479520e-03, 9.09918104e-04, 1.81983621e-03,
       1.36487721e-03, 4.54959052e-04, 1.36487721e-03, 1.36487721e-03,
       1.81983621e-03, 0., 4.54959052e-04, 9.09918104e-04, 0., 0.,
       9.09918104e-04, 2.27479520e-03, 4.54959052e-04, 2.27479520e-03,
       4.54959052e-04, 2.72975443e-03, 1.36487721e-03, 9.09918104e-04,
       0., 9.09918104e-04, 4.54959052e-04, 5.00454940e-03,
       3.18471342e-03, 9.09918104e-04, 1.81983621e-03, 4.54959052e-04,
       0., 3.63967242e-03, 9.09918104e-04, 1.36487721e-03,
       9.09918104e-04, 2.27479520e-03, 0., 0., 9.09918104e-04, 0.,
       4.09463141e-03, 1.36487721e-03, 0., 1.36487721e-03, 0.,
       9.09918104e-04, 2.72975443e-03, 1.81983621e-03, 4.09463141e-03,
       9.09918104e-04, 9.09918104e-04, 1.36487721e-03, 1.81983621e-03,
       1.81983621e-03, 1.81983621e-03, 0., 4.54959052e-04,
       4.54959052e-04, 0., 1.36487721e-03, 2.72975443e-03,
       4.54959052e-04, 4.54959052e-04, 4.54959052e-04, 4.54959052e-04,
       4.54959052e-04, 3.63967242e-03, 4.54959052e-04, 0.,
       1.36487721e-03, 4.54959052e-04, 0., 1.36487721e-03, 0.,
       1.81983621e-03, 1.81983621e-03, 0., 1.36487721e-03,
       9.09918104e-04, 0., 1.81983621e-03, 1.36487721e-03,
       9.09918104e-04, 1.81983621e-03, 9.09918104e-04, 9.09918104e-04,
       0., 9.09918104e-04, 3.18471342e-03, 9.09918104e-04,
       1.36487721e-03, 3.18471342e-03, 4.54959052e-04, 1.36487721e-03,
       1.81983621e-03, 4.54959052e-04, 1.36487721e-03, 1.36487721e-03,
       4.54959052e-04, 2.27479520e-03, 4.54959052e-04, 2.27479520e-03,
       9.09918104e-04, 9.09918104e-04, 5.91446785e-03, 1.36487721e-03,
       0., 9.09918104e-04, 9.09918104e-04, 1.81983621e-03, 0., 0.,
       1.81983621e-03, 1.81983621e-03, 4.54959052e-04, 4.54959052e-04,
       1.36487721e-03, 9.09918104e-04, 9.09918104e-04, 1.81983621e-03,
       1.81983621e-03, 4.54959052e-04, 9.09918104e-04, 1.36487721e-03,
       1.81983621e-03, 0., 9.09918104e-04, 2.27479520e-03, 0., 0.,
       1.81983621e-03, 9.09918104e-04, 0., 9.09918104e-04,
       2.72975443e-03, 0., 9.09918104e-04, 1.36487721e-03,
       9.09918104e-04, 4.54959052e-04, 9.09918104e-04, 1.81983621e-03,
       4.09463141e-03, 1.36487721e-03, 2.27479520e-03, 9.09918104e-04,
       9.09918104e-04, 1.36487721e-03, 2.72975443e-03, 9.09918104e-04,
