%YAML:1.0
m25f: !!opencv-matrix
   rows: 1
   cols: 800
   dt: f
   data: [ 0., 8.53970938e-04, 0., 8.53970938e-04, 8.53970938e-04,
       1.70794188e-03, 1.70794188e-03, 1.19555928e-02, 8.53970926e-03,
       1.70794188e-03, 2.56191287e-03, 8.53970938e-04, 8.53970938e-04,
       8.53970938e-04, 8.53970938e-04, 3.41588375e-03, 8.53970938e-04,
       8.53970938e-04, 8.53970938e-04, 8.53970938e-04, 3.41588375e-03,
       2.56191287e-03, 4.26985463e-03, 0., 1.70794188e-03, 0.,
       8.53970938e-04, 2.56191287e-03, 2.56191287e-03, 0.,
       7.68573862e-03, 0., 0., 8.53970938e-04, 2.56191287e-03,
       5.97779639e-03, 0., 0., 0., 3.41588375e-03, 1.70794188e-03,
       8.53970938e-04, 0., 0., 1.70794188e-03, 2.56191287e-03, 0.,
       2.56191287e-03, 1.70794188e-03, 3.41588375e-03, 0.,
       3.41588375e-03, 1.70794188e-03, 0., 8.53970938e-04,
       2.56191287e-03, 0., 2.56191287e-03, 0., 8.53970938e-04,
       8.53970938e-04, 3.41588375e-03, 8.53970938e-04, 2.56191287e-03,
       0., 8.53970938e-04, 0., 0., 8.53970938e-04, 8.53970938e-04,
       8.53970938e-04, 8.53970938e-04, 1.70794188e-03, 0., 0.,
       8.53970938e-04, 1.70794188e-03, 2.56191287e-03, 0.,
       8.53970938e-04, 1.70794188e-03, 8.53970938e-04, 3.41588375e-03,
       0., 1.70794188e-03, 2.56191287e-03, 0., 5.97779639e-03, 0.,
       2.56191287e-03, 1.70794188e-03, 0., 0., 8.53970938e-04, 0.,
       5.97779639e-03, 2.56191287e-03, 1.70794188e-03, 8.53970938e-04,
       2.56191287e-03, 1.70794188e-03, 0., 8.53970938e-04,
       5.12382574e-03, 0., 8.53970938e-04, 1.70794188e-03,
       1.70794188e-03, 8.53970938e-04, 2.56191287e-03, 3.41588375e-03,
       0., 1.70794188e-03, 1.70794188e-03, 0., 0., 1.70794188e-03,
       8.53970938e-04, 9.39367991e-03, 4.26985463e-03, 1.70794188e-03,
       8.53970938e-04, 8.53970938e-04, 0., 1.70794188e-03,
       8.53970938e-04, 8.53970938e-04, 3.41588375e-03, 2.56191287e-03,
       8.53970938e-04, 1.70794188e-03, 3.41588375e-03, 0., 0.,
       3.41588375e-03, 0., 0., 8.53970938e-04, 1.70794188e-03,
       8.53970938e-04, 0., 1.70794188e-03, 8.53970938e-04,
       8.53970938e-04, 8.53970926e-03, 8.53970938e-04, 0.,
       8.53970938e-04, 8.53970938e-04, 8.53970938e-04, 0., 0.,
       2.56191287e-03, 2.56191287e-03, 8.53970938e-04, 4.26985463e-03,
       0., 1.70794188e-03, 1.70794188e-03, 0., 3.41588375e-03, 0., 0.,
       8.53970938e-04, 8.53970938e-04, 8.53970938e-04, 0., 0., 0., 0.,
       1.70794188e-03, 8.53970938e-04, 0., 0., 0., 1.70794188e-03, 0.,
       3.41588375e-03, 8.53970938e-04, 2.56191287e-03, 8.53970938e-04,
       8.53970938e-04, 9.39367991e-03, 0., 8.53970938e-04,
       8.53970938e-04, 1.70794188e-03, 3.41588375e-03, 0., 0., 0.,
       8.53970938e-04, 3.41588375e-03, 0., 0., 8.53970938e-04, 0.,
       2.56191287e-03, 8.53970938e-04, 8.53970938e-04, 0.,
       8.53970938e-04, 1.70794188e-03, 0., 0., 8.53970938e-04,
       8.53970938e-04, 8.53970938e-04, 1.70794188e-03, 8.53970938e-04,
       8.53970938e-04, 1.70794188e-03, 8.53970938e-04, 0.,
       8.53970938e-04, 0., 4.26985463e-03, 0., 3.41588375e-03, 0.,
       8.53970938e-04, 8.53970938e-04, 0., 0., 3.41588375e-03,
       1.70794188e-03, 0., 0., 8.53970938e-04, 2.56191287e-03, 0.,
       8.53970938e-04, 2.56191287e-03, 0., 0., 0., 8.53970938e-04, 0.,
       0., 1.70794188e-03, 0., 8.53970938e-04, 8.53970938e-04,
       8.53970938e-04, 8.53970938e-04, 8.53970938e-04, 8.53970938e-04,
       8.53970938e-04, 1.70794188e-03, 0., 8.53970938e-04,
       1.70794188e-03, 0., 1.70794188e-03, 8.53970938e-04, 0.,
       1.70794188e-03, 2.56191287e-03, 1.70794188e-03, 3.41588375e-03,
       8.53970938e-04, 0., 1.70794188e-03, 0., 8.53970938e-04,
       8.53970938e-04, 5.97779639e-03, 0., 2.56191287e-03,
       8.53970938e-04, 8.53970938e-04, 8.53970938e-04, 4.26985463e-03,
       0., 3.41588375e-03, 1.70794188e-03, 1.70794188e-03, 0.,
       8.53970938e-04, 1.70794188e-03, 8.53970938e-04, 2.56191287e-03,
       3.41588375e-03, 0., 0., 0., 8.53970938e-04, 3.41588375e-03, 0.,
       1.70794188e-03, 0., 4.26985463e-03, 0., 0., 6.83176750e-03, 0.,
       1.70794188e-03, 0., 8.53970938e-04, 6.83176750e-03,
       1.70794188e-03, 8.53970938e-04, 1.70794188e-03, 8.53970938e-04,
       0., 3.41588375e-03, 5.12382574e-03, 3.41588375e-03, 0.,
       8.53970938e-04, 0., 2.56191287e-03, 0., 8.53970938e-04,
       1.70794188e-03, 8.53970938e-04, 8.53970938e-04, 0., 0.,
       8.53970938e-04, 0., 0., 8.53970938e-04, 1.70794188e-03,
       3.41588375e-03, 8.53970938e-04, 8.53970938e-04, 0., 0.,
       3.41588375e-03, 8.53970938e-04, 2.56191287e-03, 0.,
       8.53970938e-04, 3.41588375e-03, 0., 8.53970938e-04,
       1.70794188e-03, 8.53970938e-04, 0., 8.53970938e-04,
       1.11016221e-02, 8.53970938e-04, 1.70794188e-03, 8.53970938e-04,
       1.70794188e-03, 1.70794188e-03, 0., 0., 8.53970938e-04, 0., 0.,
       8.53970938e-04, 8.53970938e-04, 5.12382574e-03, 8.53970938e-04,
       8.53970938e-04, 8.53970938e-04, 1.70794188e-03, 8.53970938e-04,
       8.53970938e-04, 0., 8.53970938e-04, 0., 0., 8.53970938e-04,
       1.70794188e-03, 8.53970938e-04, 8.53970938e-04, 0.,
       1.70794188e-03, 0., 0., 0., 8.53970938e-04, 0., 8.53970938e-04,
       0., 0., 1.70794188e-03, 1.70794188e-03, 8.53970938e-04,
       7.68573862e-03, 0., 1.70794188e-03, 1.70794188e-03,
       3.41588375e-03, 0., 8.53970938e-04, 8.53970938e-04, 0.,
       2.56191287e-03, 9.39367991e-03, 2.56191287e-03, 1.70794188e-03,
       0., 1.70794188e-03, 0., 8.53970938e-04, 1.70794188e-03,
       8.53970938e-04, 0., 0., 8.53970938e-04, 2.56191287e-03, 0., 0.,
       4.26985463e-03, 2.56191287e-03, 0., 8.53970938e-04,
       8.53970938e-04, 8.53970938e-04, 0., 0., 0., 0., 0.,
       8.53970938e-04, 1.70794188e-03, 8.53970938e-04, 0.,
       2.56191287e-03, 0., 8.53970938e-04, 2.56191287e-03, 0., 0.,
       7.68573862e-03, 0., 5.97779639e-03, 0., 0., 0., 2.56191287e-03,
       0., 2.56191287e-03, 1.70794188e-03, 0., 8.53970938e-04, 0.,
       1.70794188e-03, 0., 1.70794188e-03, 0., 2.56191287e-03,
       8.53970938e-04, 8.53970938e-04, 4.26985463e-03, 0.,
       8.53970938e-04, 0., 8.53970938e-04, 0., 0., 3.41588375e-03,
       8.53970938e-04, 0., 8.53970938e-04, 1.70794188e-03, 0.,
       8.53970938e-04, 2.56191287e-03, 0., 8.53970938e-04,
       8.53970938e-04, 0., 0., 1.70794188e-03, 0., 0., 0., 0.,
       8.53970938e-04, 8.53970938e-04, 0., 3.41588375e-03,
       5.97779639e-03, 0., 8.53970938e-04, 2.56191287e-03,
       8.53970938e-04, 0., 0., 1.70794188e-03, 8.53970938e-04,
       8.53970938e-04, 8.53970938e-04, 1.70794188e-03, 2.56191287e-03,
       8.53970938e-04, 0., 1.70794188e-03, 2.56191287e-03,
       1.70794188e-03, 0., 0., 2.56191287e-03, 8.53970938e-04,
       2.56191287e-03, 8.53970938e-04, 0., 0., 7.68573862e-03,
       1.70794188e-03, 1.70794188e-03, 8.53970938e-04, 1.70794188e-03,
       8.53970938e-04, 3.41588375e-03, 0., 5.12382574e-03,
       8.53970938e-04, 8.53970938e-04, 8.53970938e-04, 0., 0., 0.,
       2.56191287e-03, 1.70794188e-03, 1.70794188e-03, 1.70794188e-03,
       8.53970938e-04, 0., 8.53970938e-04, 1.70794188e-03, 0., 0.,
       8.53970938e-04, 2.56191287e-03, 2.56191287e-03, 0., 0., 0.,
       8.53970938e-04, 0., 0., 6.83176750e-03, 0., 1.70794188e-03,
       1.70794188e-03, 8.53970938e-04, 3.41588375e-03, 1.70794188e-03,
       0., 0., 0., 2.56191287e-03, 8.53970926e-03, 8.53970938e-04, 0.,
       3.41588375e-03, 0., 0., 0., 1.70794188e-03, 8.53970938e-04,
       3.41588375e-03, 7.68573862e-03, 1.70794188e-03, 0.,
       8.53970938e-04, 1.70794188e-03, 3.41588375e-03, 4.26985463e-03,
       3.41588375e-03, 0., 2.56191287e-03, 8.53970938e-04,
       8.53970938e-04, 0., 0., 0., 0., 0., 8.53970938e-04,
       1.45175057e-02, 8.53970938e-04, 8.53970938e-04, 2.56191287e-03,
       8.53970938e-04, 0., 0., 1.70794188e-03, 4.26985463e-03, 0.,
       8.53970938e-04, 0., 1.70794188e-03, 0., 8.53970938e-04,
       8.53970938e-04, 8.53970938e-04, 0., 8.53970938e-04, 0.,
