%YAML:1.0
m25f: !!opencv-matrix
   rows: 1
   cols: 800
   dt: f
   data: [ 1.60410651e-03, 8.98299646e-03, 1.60410651e-03,
       3.20821302e-04, 3.20821302e-03, 9.62463906e-04, 2.56657042e-03,
       1.28328521e-03, 3.20821302e-04, 6.41642604e-04, 0.,
       6.41642604e-04, 1.28328521e-03, 9.62463906e-04, 3.20821302e-04,
       9.62463906e-04, 2.24574911e-03, 6.41642604e-04, 1.28328521e-03,
       2.24574911e-03, 3.20821302e-04, 0., 9.62463906e-04,
       1.28328521e-03, 9.30381753e-03, 9.62463906e-04, 9.62463906e-04,
       9.62463906e-04, 1.92492781e-03, 3.20821302e-04, 1.28328521e-03,
       1.60410651e-03, 1.92492781e-03, 9.62463906e-04, 1.60410651e-03,
       0., 1.60410651e-03, 1.92492781e-03, 9.62463906e-04,
       6.41642604e-04, 9.62463906e-04, 6.41642604e-04, 6.41642604e-04,
       0., 9.62463906e-04, 1.92492781e-03, 3.20821302e-04,
       1.60410651e-03, 1.60410651e-03, 9.62463906e-04, 6.41642604e-04,
       1.60410651e-03, 6.41642604e-04, 1.60410651e-03, 0.,
       1.28328521e-03, 4.17067669e-03, 6.41642604e-04, 6.41642604e-04,
       1.92492781e-03, 9.62463906e-04, 9.62463906e-04, 2.88739172e-03,
       2.56657042e-03, 6.41642604e-04, 1.28328521e-03, 1.28328521e-03,
       6.41642604e-04, 6.41642604e-04, 2.56657042e-03, 3.20821302e-04,
       9.62463906e-04, 6.41642604e-04, 2.88739172e-03, 1.60410651e-03,
       0., 6.41642604e-04, 3.20821302e-04, 1.28328521e-03,
       1.60410651e-03, 1.92492781e-03, 9.62463906e-04, 9.62463906e-04,
       3.20821302e-04, 1.92492781e-03, 4.17067669e-03, 6.41642604e-04,
       3.84985562e-03, 1.92492781e-03, 3.20821302e-04, 1.28328521e-03,
       9.62463906e-04, 3.20821302e-04, 6.41642604e-04, 3.20821302e-04,
       3.20821302e-04, 1.28328521e-03, 1.28328521e-03, 0.,
       9.62463906e-04, 9.62463906e-04, 2.56657042e-03, 3.20821302e-03,
       6.41642604e-04, 1.28328521e-03, 1.92492781e-03, 2.24574911e-03,
       3.20821302e-04, 2.88739172e-03, 9.62463906e-04, 1.60410651e-03,
       1.28328521e-03, 6.41642604e-04, 2.88739172e-03, 2.88739172e-03,
       1.60410651e-03, 1.28328521e-03, 2.24574911e-03, 1.28328521e-03,
       1.28328521e-03, 3.20821302e-04, 1.28328521e-03, 9.62463906e-04,
       1.60410651e-03, 2.24574911e-03, 3.20821302e-04, 1.60410651e-03,
       6.41642604e-04, 6.41642604e-04, 9.62463906e-04, 2.24574911e-03,
       1.92492781e-03, 1.60410651e-03, 2.56657042e-03, 1.28328521e-03,
       6.41642604e-04, 2.24574911e-03, 1.60410651e-03, 3.20821302e-04,
       6.41642604e-04, 0., 2.56657042e-03, 2.24574911e-03,
       1.28328521e-03, 9.62463906e-04, 1.92492781e-03, 1.60410651e-03,
       1.28328521e-03, 1.92492781e-03, 9.62463906e-04, 6.41642604e-04,
       1.92492781e-03, 2.24574911e-03, 1.28328521e-03, 9.62463906e-04,
       3.20821302e-04, 9.62463906e-04, 3.20821302e-04, 1.60410651e-03,
       1.60410651e-03, 6.41642604e-04, 1.28328521e-03, 6.41642604e-04,
       3.20821302e-04, 6.41642604e-04, 3.84985562e-03, 1.92492781e-03,
       1.28328521e-03, 2.24574911e-03, 3.20821302e-04, 6.41642604e-04,
       3.20821302e-04, 3.20821302e-04, 3.20821302e-04, 3.20821302e-04,
       1.28328521e-03, 6.41642604e-04, 1.92492781e-03, 1.28328521e-03,
       6.41642604e-04, 1.92492781e-03, 3.20821302e-04, 1.60410651e-03,
       6.41642604e-04, 3.20821302e-04, 3.20821302e-04, 1.60410651e-03,
       9.62463906e-04, 1.60410651e-03, 1.60410651e-03, 3.84985562e-03,
       9.62463906e-04, 1.60410651e-03, 3.20821302e-04, 6.41642604e-04,
       9.62463906e-04, 1.92492781e-03, 1.60410651e-03, 1.28328521e-03,
       1.28328521e-03, 9.62463906e-04, 9.62463906e-04, 6.41642604e-04,
       2.88739172e-03, 1.60410651e-03, 3.20821302e-04, 3.20821302e-04,
       1.28328521e-03, 1.60410651e-03, 0., 1.28328521e-03,
       6.41642604e-04, 3.20821302e-04, 6.41642604e-04, 9.62463906e-04,
       1.28328521e-03, 9.62463906e-04, 1.60410651e-03, 1.60410651e-03,
       1.28328521e-03, 1.60410651e-03, 1.60410651e-03, 9.62463906e-04,
       3.20821302e-04, 2.24574911e-03, 1.28328521e-03, 0.,
       9.62463906e-04, 1.60410651e-03, 9.62463906e-04, 6.41642604e-04,
       2.56657042e-03, 9.62463906e-04, 3.20821302e-04, 1.92492781e-03,
       3.20821302e-04, 2.24574911e-03, 2.88739172e-03, 3.20821302e-04,
       9.62463906e-04, 1.60410651e-03, 3.20821302e-04, 1.60410651e-03,
       4.49149823e-03, 9.62463906e-04, 2.24574911e-03, 1.92492781e-03,
       2.88739172e-03, 6.41642604e-04, 1.60410651e-03, 9.62463906e-04,
       1.92492781e-03, 1.28328521e-03, 1.60410651e-03, 9.62463906e-04,
       9.62463906e-04, 1.28328521e-03, 1.60410651e-03, 9.62463906e-04,
       6.41642604e-04, 1.28328521e-03, 1.60410651e-03, 3.20821302e-04,
       1.60410651e-03, 1.60410651e-03, 9.62463906e-04, 6.41642604e-04,
       2.56657042e-03, 6.41642604e-04, 3.84985562e-03, 2.88739172e-03,
       1.92492781e-03, 6.41642604e-04, 1.28328521e-03, 1.28328521e-03,
       1.28328521e-03, 1.28328521e-03, 3.20821302e-04, 6.41642604e-04,
       1.60410651e-03, 9.62463906e-04, 1.92492781e-03, 9.62463906e-04,
       9.62463906e-04, 9.62463906e-04, 1.28328521e-03, 2.56657042e-03,
       6.41642604e-04, 9.62463906e-04, 9.62463906e-04, 9.62463906e-04,
       6.41642604e-04, 3.20821302e-04, 1.28328521e-03, 6.41642604e-04,
       3.20821302e-04, 0., 1.92492781e-03, 9.62463906e-04,
       1.92492781e-03, 1.92492781e-03, 6.41642604e-04, 9.62463906e-04,
       1.28328521e-03, 0., 9.62463906e-04, 1.28328521e-03,
       3.20821302e-04, 2.56657042e-03, 1.28328521e-03, 9.62463906e-04,
       1.60410651e-03, 3.20821302e-04, 1.92492781e-03, 3.20821302e-03,
       2.56657042e-03, 1.28328521e-03, 1.60410651e-03, 1.28328521e-03,
       1.60410651e-03, 1.60410651e-03, 1.92492781e-03, 9.62463906e-04,
       9.62463906e-04, 0., 3.20821302e-03, 6.41642604e-04,
       9.62463906e-04, 1.28328521e-03, 2.24574911e-03, 1.28328521e-03,
       9.62463906e-04, 6.41642604e-04, 2.88739172e-03, 1.60410651e-03,
       3.20821302e-04, 1.28328521e-03, 3.20821302e-04, 6.41642604e-04,
       6.41642604e-04, 6.41642604e-04, 9.62463906e-04, 9.62463906e-04,
       1.28328521e-03, 1.28328521e-03, 3.20821302e-04, 6.41642604e-04,
       6.41642604e-04, 6.41642604e-04, 1.92492781e-03, 6.41642604e-04,
       9.62463906e-04, 9.62463906e-04, 6.41642604e-04, 9.62463906e-04,
       6.41642604e-04, 9.62463906e-04, 6.41642604e-04, 1.28328521e-03,
       0., 1.92492781e-03, 6.41642604e-04, 1.28328521e-03,
       9.62463906e-04, 9.62463906e-04, 1.28328521e-03, 9.62463906e-04,
       3.20821302e-04, 1.92492781e-03, 3.20821302e-03, 1.60410651e-03,
       9.62463906e-04, 1.60410651e-03, 1.60410651e-03, 2.88739172e-03,
       1.28328521e-03, 0., 1.60410651e-03, 0., 1.28328521e-03,
       4.49149823e-03, 0., 9.62463906e-04, 6.41642604e-04,
       1.28328521e-03, 9.62463906e-04, 1.60410651e-03, 1.60410651e-03,
       2.56657042e-03, 2.24574911e-03, 9.62463906e-04, 4.17067669e-03,
       1.28328521e-03, 1.92492781e-03, 1.60410651e-03, 3.20821302e-04,
       1.92492781e-03, 9.62463906e-04, 6.41642604e-04, 3.20821302e-04,
       1.92492781e-03, 1.60410651e-03, 1.92492781e-03, 1.28328521e-03,
       6.41642604e-04, 9.62463906e-04, 1.28328521e-03, 1.28328521e-03,
       1.28328521e-03, 3.20821302e-04, 1.60410651e-03, 2.24574911e-03,
       1.92492781e-03, 6.41642604e-04, 1.60410651e-03, 2.24574911e-03,
       1.60410651e-03, 1.28328521e-03, 1.92492781e-03, 1.60410651e-03,
       3.20821302e-03, 3.20821302e-04, 0., 1.92492781e-03,
       2.24574911e-03, 3.20821302e-04, 2.24574911e-03, 1.60410651e-03,
       1.60410651e-03, 0., 1.60410651e-03, 1.28328521e-03,
       1.28328521e-03, 6.41642604e-04, 6.41642604e-04, 1.28328521e-03,
       1.60410651e-03, 9.62463906e-04, 6.41642604e-04, 0.,
       1.28328521e-03, 6.41642604e-04, 6.41642604e-04, 1.60410651e-03,
       3.52903432e-03, 9.62463906e-04, 1.28328521e-03, 2.24574911e-03,
       0., 0., 3.20821302e-04, 9.62463906e-04, 2.56657042e-03,
       3.20821302e-04, 6.41642604e-04, 1.28328521e-03, 3.20821302e-04,
       1.28328521e-03, 1.60410651e-03, 6.41642604e-04, 0.,
