%YAML:1.0
m25f: !!opencv-matrix
   rows: 1
   cols: 800
   dt: f
   data: [ 2.46229605e-03, 3.07787000e-03, 6.15574012e-04,
       1.53893500e-03, 1.23114802e-03, 1.53893500e-03, 9.23361047e-04,
       1.84672209e-03, 1.23114802e-03, 3.07787006e-04, 1.53893500e-03,
       0., 9.23361047e-04, 1.23114802e-03, 0., 1.23114802e-03,
       1.53893500e-03, 1.84672209e-03, 9.23361047e-04, 1.84672209e-03,
       1.53893500e-03, 1.53893500e-03, 1.53893500e-03, 1.53893500e-03,
       0., 9.23361047e-04, 3.07787000e-03, 6.15574012e-04,
       6.15574012e-04, 9.23361047e-04, 0., 6.15574012e-04,
       3.07787006e-04, 3.38565698e-03, 4.00123093e-03, 3.07787006e-04,
       2.77008303e-03, 2.46229605e-03, 9.23361047e-04, 1.23114802e-03,
       3.07787006e-04, 1.84672209e-03, 6.15574012e-04, 3.07787006e-04,
       1.53893500e-03, 1.53893500e-03, 9.23361047e-04, 2.15450907e-03,
       2.15450907e-03, 2.46229605e-03, 1.23114802e-03, 1.23114802e-03,
       2.15450907e-03, 3.07787006e-04, 3.07787006e-04, 9.23361047e-04,
       0., 1.23114802e-03, 6.15574012e-04, 1.84672209e-03,
       9.23361047e-04, 1.53893500e-03, 9.23361047e-04, 9.23361047e-04,
       3.07787006e-04, 3.07787000e-03, 1.23114802e-03, 1.23114802e-03,
       1.23114802e-03, 1.23114802e-03, 0., 6.15574012e-04,
       9.23361047e-04, 9.23361047e-04, 9.23361047e-04, 2.15450907e-03,
       0., 3.07787006e-04, 1.23114802e-03, 1.53893500e-03,
       1.23114802e-03, 3.07787000e-03, 9.23361047e-04, 6.15574012e-04,
       3.07787006e-04, 3.07787006e-04, 9.23361047e-04, 0.,
       1.23114802e-03, 1.53893500e-03, 3.07787006e-04, 6.15574012e-04,
       1.53893500e-03, 9.23361047e-04, 9.23361047e-04, 9.23361047e-04,
       2.15450907e-03, 9.23361047e-04, 2.15450907e-03, 3.07787006e-04,
       1.23114802e-03, 9.23361047e-04, 6.15574012e-04, 3.07787006e-04,
       1.84672209e-03, 9.23361047e-04, 9.23361047e-04, 1.53893500e-03,
       3.07787006e-04, 2.46229605e-03, 1.23114802e-03, 9.23361047e-04,
       2.15450907e-03, 1.23114802e-03, 1.23114802e-03, 6.15574012e-04,
       3.07787006e-04, 1.53893500e-03, 3.07787006e-04, 3.07787006e-04,
       3.07787006e-04, 3.07787006e-04, 9.23361047e-04, 9.23361047e-04,
       1.23114802e-03, 6.15574012e-04, 6.15574012e-04, 1.53893500e-03,
       1.53893500e-03, 6.15574012e-04, 9.23361047e-04, 9.23361047e-04,
       0., 2.46229605e-03, 1.23114802e-03, 3.07787006e-04,
       1.53893500e-03, 1.53893500e-03, 1.53893500e-03, 2.15450907e-03,
       1.23114802e-03, 2.15450907e-03, 1.53893500e-03, 1.23114802e-03,
       3.07787006e-04, 9.23361047e-04, 9.23361047e-04, 0.,
       3.07787006e-04, 6.15574012e-04, 2.77008303e-03, 9.23361047e-04,
       9.23361047e-04, 9.23361047e-04, 9.23361047e-04, 2.46229605e-03,
       2.46229605e-03, 2.15450907e-03, 1.23114802e-03, 1.23114802e-03,
       1.23114802e-03, 1.23114802e-03, 1.23114802e-03, 9.23361047e-04,
       1.23114802e-03, 2.77008303e-03, 3.38565698e-03, 1.53893500e-03,
       0., 1.23114802e-03, 1.53893500e-03, 1.84672209e-03,
       1.84672209e-03, 3.07787006e-04, 9.23361047e-04, 0., 0.,
       3.07787006e-04, 2.77008303e-03, 6.15574012e-04, 3.07787006e-04,
       1.23114802e-03, 1.84672209e-03, 6.15574012e-04, 6.15574012e-04,
       3.07787006e-04, 3.07787006e-04, 6.15574012e-04, 6.15574012e-04,
       0., 1.23114802e-03, 9.23361047e-04, 2.15450907e-03,
       1.53893500e-03, 6.15574012e-04, 1.23114802e-03, 1.84672209e-03,
       1.53893500e-03, 9.23361047e-04, 3.07787000e-03, 1.23114802e-03,
       0., 0., 1.23114802e-03, 1.84672209e-03, 9.23361047e-04, 0.,
       1.23114802e-03, 1.84672209e-03, 6.15574012e-04, 1.84672209e-03,
       1.23114802e-03, 0., 1.23114802e-03, 1.53893500e-03,
       2.46229605e-03, 2.46229605e-03, 6.15574012e-04, 2.15450907e-03,
       3.07787006e-04, 1.84672209e-03, 9.23361047e-04, 1.53893500e-03,
       9.23361047e-04, 1.23114802e-03, 0., 1.84672209e-03,
       1.23114802e-03, 6.15574012e-04, 3.07787000e-03, 2.77008303e-03,
       1.23114802e-03, 2.46229605e-03, 3.07787006e-04, 9.23361047e-04,
       1.23114802e-03, 1.23114802e-03, 1.23114802e-03, 6.15574012e-04,
       2.77008303e-03, 1.84672209e-03, 0., 1.53893500e-03,
       5.23237931e-03, 0., 3.07787006e-04, 1.23114802e-03,
       3.69344419e-03, 1.53893500e-03, 3.07787006e-04, 1.53893500e-03,
       1.53893500e-03, 1.23114802e-03, 6.15574012e-04, 6.15574012e-04,
       1.84672209e-03, 3.07787006e-04, 1.53893500e-03, 1.23114802e-03,
       0., 3.69344419e-03, 3.07787006e-04, 3.07787006e-04,
       1.53893500e-03, 1.23114802e-03, 2.15450907e-03, 6.15574012e-04,
       0., 1.23114802e-03, 3.07787000e-03, 3.07787000e-03,
       9.23361047e-04, 6.15574012e-04, 2.15450907e-03, 1.23114802e-03,
       1.23114802e-03, 1.23114802e-03, 6.15574012e-04, 6.15574012e-04,
       6.15574012e-04, 6.15574012e-04, 2.46229605e-03, 3.07787006e-04,
       9.23361047e-04, 1.84672209e-03, 2.15450907e-03, 1.53893500e-03,
       1.53893500e-03, 9.23361047e-04, 1.53893500e-03, 3.38565698e-03,
       1.84672209e-03, 1.23114802e-03, 1.23114802e-03, 2.15450907e-03,
       9.23361047e-04, 2.15450907e-03, 1.84672209e-03, 1.23114802e-03,
       1.23114802e-03, 1.53893500e-03, 0., 6.15574012e-04,
       6.15574012e-04, 3.07787006e-04, 1.53893500e-03, 6.15574012e-04,
       0., 1.84672209e-03, 1.84672209e-03, 0., 6.15574012e-04,
       3.07787006e-04, 1.23114802e-03, 3.07787000e-03, 9.23361047e-04,
       3.07787006e-04, 1.53893500e-03, 2.77008303e-03, 2.46229605e-03,
       2.15450907e-03, 9.23361047e-04, 1.23114802e-03, 2.46229605e-03,
       1.53893500e-03, 3.07787006e-04, 6.15574012e-04, 9.23361047e-04,
       2.46229605e-03, 3.38565698e-03, 6.15574012e-04, 6.15574012e-04,
       1.53893500e-03, 0., 1.53893500e-03, 0., 6.15574012e-04,
       9.23361047e-04, 1.23114802e-03, 1.23114802e-03, 1.53893500e-03,
       1.23114802e-03, 1.84672209e-03, 3.07787006e-04, 3.07787006e-04,
       2.77008303e-03, 1.53893500e-03, 1.84672209e-03, 2.15450907e-03,
       9.23361047e-04, 2.15450907e-03, 9.23361047e-04, 1.53893500e-03,
       1.53893500e-03, 3.07787006e-04, 1.23114802e-03, 6.15574012e-04,
       2.46229605e-03, 1.84672209e-03, 0., 2.15450907e-03,
       3.07787006e-04, 1.23114802e-03, 9.23361047e-04, 2.77008303e-03,
       1.53893500e-03, 9.23361047e-04, 6.15574012e-04, 1.23114802e-03,
       6.15574012e-04, 1.23114802e-03, 1.23114802e-03, 9.23361047e-04,
       1.84672209e-03, 2.77008303e-03, 2.46229605e-03, 6.15574012e-04,
       6.15574012e-04, 6.15574012e-04, 6.15574012e-04, 9.23361047e-04,
       1.23114802e-03, 9.23361047e-04, 1.23114802e-03, 9.23361047e-04,
       2.77008303e-03, 9.23361047e-04, 0., 1.84672209e-03,
       6.15574012e-04, 2.46229605e-03, 1.23114802e-03, 9.23361047e-04,
       3.07787006e-04, 6.15574012e-04, 9.23361047e-04, 2.46229605e-03,
       6.15574012e-04, 1.23114802e-03, 0., 3.07787006e-04,
       3.07787006e-04, 1.84672209e-03, 6.15574012e-04, 9.23361047e-04,
       2.46229605e-03, 3.07787006e-04, 0., 1.23114802e-03,
       1.23114802e-03, 9.23361047e-04, 1.53893500e-03, 1.84672209e-03,
       2.77008303e-03, 3.69344419e-03, 1.23114802e-03, 1.84672209e-03,
       6.15574012e-04, 3.07787006e-04, 2.77008303e-03, 2.15450907e-03,
       3.07787006e-04, 3.07787006e-04, 2.15450907e-03, 0.,
       2.46229605e-03, 3.07787006e-04, 1.53893500e-03, 6.15574012e-04,
       1.84672209e-03, 1.53893500e-03, 3.07787006e-04, 6.15574012e-04,
       6.15574012e-04, 0., 6.15574012e-04, 2.77008303e-03,
       3.07787006e-04, 1.23114802e-03, 3.07787006e-04, 1.53893500e-03,
       1.53893500e-03, 1.53893500e-03, 6.15574012e-04, 9.23361047e-04,
       1.23114802e-03, 9.23361047e-04, 9.23361047e-04, 3.07787006e-04,
       1.84672209e-03, 1.84672209e-03, 1.84672209e-03, 9.23361047e-04,
       1.84672209e-03, 9.23361047e-04, 3.07787006e-04, 1.23114802e-03,
       1.53893500e-03, 1.23114802e-03, 1.23114802e-03, 0.,
       1.53893500e-03, 9.23361047e-04, 1.23114802e-03, 2.15450907e-03,
       1.53893500e-03, 1.23114802e-03, 1.23114802e-03, 1.23114802e-03,
