%YAML:1.0
m25f: !!opencv-matrix
   rows: 1
   cols: 800
   dt: f
   data: [ 0., 5.82241639e-03, 0., 2.91120820e-03, 1.45560410e-03,
       1.45560410e-03, 1.45560410e-03, 1.45560410e-02, 1.45560410e-03,
       0., 0., 0., 1.45560410e-03, 0., 0., 2.91120820e-03,
       4.36681230e-03, 0., 0., 1.45560410e-03, 2.91120820e-03, 0.,
       1.45560410e-03, 0., 0., 0., 1.45560410e-03, 2.91120820e-03,
       1.45560410e-03, 0., 0., 0., 0., 1.45560410e-03, 1.45560410e-03,
       1.45560410e-03, 0., 0., 0., 1.45560410e-03, 0., 0.,
       1.45560410e-03, 0., 1.45560410e-03, 1.45560410e-03,
       1.45560410e-03, 5.82241639e-03, 0., 1.45560410e-03, 0.,
       2.91120820e-03, 1.45560410e-03, 1.45560410e-03, 1.45560410e-03,
       0., 0., 1.45560410e-03, 1.45560410e-03, 0., 2.91120820e-03,
       4.36681230e-03, 0., 7.27802049e-03, 0., 0., 5.82241639e-03,
       7.27802049e-03, 0., 0., 0., 0., 4.36681230e-03, 0., 0., 0., 0.,
       0., 1.45560410e-03, 0., 5.82241639e-03, 0., 1.45560410e-03, 0.,
       0., 2.91120820e-03, 2.91120820e-03, 0., 1.45560410e-03, 0., 0.,
       5.82241639e-03, 1.45560410e-03, 4.36681230e-03, 0.,
       1.45560410e-03, 0., 2.91120820e-03, 1.45560410e-03,
       1.45560410e-03, 0., 0., 1.45560410e-03, 1.45560410e-03,
       1.45560410e-03, 0., 5.82241639e-03, 1.45560410e-03,
       1.45560410e-03, 0., 4.36681230e-03, 1.45560410e-03, 0., 0.,
       1.45560410e-03, 0., 2.91120820e-03, 1.45560410e-03, 0.,
       1.60116442e-02, 1.45560410e-03, 2.91120820e-03, 0., 0., 0., 0.,
       0., 5.82241639e-03, 5.82241639e-03, 2.91120820e-03, 0., 0.,
       1.45560410e-03, 0., 0., 5.82241639e-03, 1.45560410e-03, 0.,
       2.91120820e-03, 0., 0., 2.91120820e-03, 0., 0., 1.45560410e-03,
       1.45560410e-03, 4.36681230e-03, 0., 0., 1.45560410e-03,
       1.45560410e-03, 1.45560410e-03, 1.45560410e-03, 1.45560410e-03,
       1.45560410e-03, 1.45560410e-03, 0., 1.45560410e-03,
       1.45560410e-03, 0., 0., 1.45560410e-03, 1.45560410e-03, 0.,
       1.45560410e-03, 1.45560410e-03, 0., 1.45560410e-03, 0., 0.,
       1.45560410e-03, 0., 0., 2.91120820e-03, 1.45560410e-03,
       2.91120820e-03, 1.45560410e-03, 2.91120820e-03, 0.,
       1.45560410e-03, 0., 2.91120820e-03, 0., 7.27802049e-03, 0., 0.,
       1.45560410e-03, 0., 1.45560410e-03, 0., 1.45560410e-03,
       1.45560410e-03, 0., 0., 1.45560410e-03, 0., 0., 1.45560410e-03,
       0., 1.45560410e-03, 2.91120820e-03, 1.45560410e-03, 0.,
       1.45560410e-03, 1.45560410e-03, 1.45560410e-03, 0., 0., 0., 0.,
       2.91120820e-03, 0., 1.45560410e-03, 0., 0., 4.36681230e-03,
       2.91120820e-03, 1.45560410e-03, 2.91120820e-03, 1.45560410e-03,
       0., 1.45560410e-03, 0., 0., 0., 1.45560410e-03, 1.45560410e-03,
       2.91120820e-03, 1.45560410e-03, 1.45560410e-03, 2.91120820e-03,
       0., 0., 0., 0., 0., 0., 1.45560410e-03, 1.45560410e-03, 0., 0.,
       0., 0., 1.45560410e-03, 0., 0., 0., 0., 0., 1.45560410e-03, 0.,
       2.91120820e-03, 0., 1.45560410e-03, 4.36681230e-03,
       1.45560410e-03, 1.45560410e-03, 0., 1.45560410e-03,
       1.45560410e-03, 1.45560410e-03, 0., 0., 0., 4.36681230e-03, 0.,
       4.36681230e-03, 0., 5.82241639e-03, 0., 0., 0., 2.91120820e-03,
       1.45560410e-03, 0., 2.91120820e-03, 0., 0., 0., 1.45560410e-03,
       0., 4.36681230e-03, 1.45560410e-03, 0., 4.36681230e-03,
       1.45560410e-03, 1.45560410e-03, 0., 0., 1.45560410e-03,
       1.45560410e-03, 4.36681230e-03, 1.45560410e-03, 0., 0., 0.,
       2.91120820e-03, 0., 0., 1.45560410e-03, 0., 4.36681230e-03,
       1.45560410e-03, 4.36681230e-03, 0., 0., 1.45560410e-03, 0., 0.,
       0., 5.82241639e-03, 4.36681230e-03, 1.45560410e-03,
       4.36681230e-03, 1.45560410e-03, 0., 0., 0., 0., 1.45560410e-03,
       0., 1.45560410e-03, 0., 0., 1.45560410e-03, 0., 2.91120820e-03,
       0., 0., 1.45560410e-03, 0., 0., 0., 1.45560410e-03, 0.,
       1.45560410e-03, 1.45560410e-03, 0., 2.91120820e-03, 0., 0.,
       1.45560410e-03, 1.45560410e-03, 0., 0., 2.91120820e-03, 0.,
       1.45560410e-03, 0., 2.91120820e-03, 1.45560410e-03, 0.,
       4.36681230e-03, 0., 0., 1.45560410e-03, 4.36681230e-03, 0., 0.,
       4.36681230e-03, 0., 0., 0., 0., 0., 2.91120820e-03,
       1.45560410e-03, 0., 0., 0., 0., 0., 0., 0., 0., 4.36681230e-03,
       1.45560410e-03, 0., 0., 1.45560410e-03, 0., 0., 5.82241639e-03,
       0., 2.91120820e-03, 1.45560410e-03, 4.36681230e-03, 0.,
       4.36681230e-03, 0., 0., 2.91120820e-03, 5.82241639e-03,
       1.45560410e-03, 0., 0., 0., 0., 1.45560410e-03, 1.45560410e-03,
       1.45560410e-03, 0., 1.45560410e-03, 0., 2.91120820e-03,
       1.45560410e-03, 0., 2.91120820e-03, 0., 0., 0., 0., 0.,
       1.45560410e-03, 0., 0., 0., 0., 0., 0., 0., 0., 4.36681230e-03,
       2.91120820e-03, 0., 0., 1.45560410e-03, 1.45560410e-03, 0., 0.,
       0., 0., 0., 2.91120820e-03, 0., 0., 0., 0., 0., 1.45560410e-03,
       0., 0., 0., 0., 1.45560410e-03, 1.45560410e-03, 0., 0.,
       1.45560410e-03, 0., 1.45560410e-03, 0., 0., 1.45560410e-03, 0.,
       2.91120820e-03, 4.36681230e-03, 1.16448328e-02, 0., 0., 0., 0.,
       0., 0., 1.45560410e-03, 0., 0., 0., 2.91120820e-03,
       4.36681230e-03, 1.45560410e-03, 1.45560410e-03, 1.45560410e-03,
       0., 2.91120820e-03, 0., 2.91120820e-03, 0., 0., 0., 0.,
       1.45560410e-03, 1.45560410e-03, 0., 2.91120820e-03,
       2.91120820e-03, 2.91120820e-03, 0., 0., 1.45560410e-03,
       1.45560410e-03, 0., 0., 1.45560410e-03, 1.45560410e-03,
       1.45560410e-03, 0., 7.27802049e-03, 0., 4.36681230e-03,
       1.45560410e-03, 0., 0., 2.91120820e-03, 1.45560410e-03, 0., 0.,
       0., 4.36681230e-03, 0., 0., 2.91120820e-03, 0., 1.45560410e-03,
       1.45560410e-03, 0., 0., 0., 1.45560410e-03, 0., 1.45560410e-03,
       1.45560410e-03, 1.45560410e-03, 0., 0., 0., 0., 1.45560410e-03,
       1.45560410e-03, 1.45560410e-03, 1.45560410e-03, 0., 0., 0.,
       1.45560410e-03, 1.45560410e-03, 1.45560410e-03, 1.45560410e-03,
       2.91120820e-03, 1.45560410e-03, 1.45560410e-03, 1.45560410e-03,
       4.36681230e-03, 1.45560410e-03, 0., 1.45560410e-03,
       1.45560410e-03, 0., 1.45560410e-03, 2.91120820e-03,
       2.91120820e-03, 0., 0., 5.82241639e-03, 1.45560410e-03,
       5.82241639e-03, 1.45560410e-03, 2.91120820e-03, 0.,
       1.45560410e-03, 0., 1.45560410e-03, 1.45560410e-03,
       1.45560410e-03, 0., 0., 1.45560410e-03, 0., 1.45560410e-03, 0.,
       0., 0., 0., 2.91120820e-03, 1.45560410e-03, 1.45560410e-03,
       2.91120820e-03, 1.45560410e-03, 1.45560410e-03, 0.,
       1.45560410e-03, 1.45560410e-03, 0., 1.45560410e-03,
       5.82241639e-03, 0., 0., 4.36681230e-03, 0., 4.36681230e-03,
       1.45560410e-03, 0., 0., 1.45560410e-03, 1.45560410e-03, 0.,
       2.91120820e-03, 0., 0., 2.91120820e-03, 1.45560410e-03, 0.,
       1.45560410e-03, 2.91120820e-03, 0., 0., 1.45560410e-03, 0., 0.,
       0., 1.45560410e-03, 0., 1.45560410e-03, 1.45560410e-03,
       1.45560410e-03, 1.45560410e-03, 0., 1.45560410e-03, 0.,
       1.45560410e-03, 0., 2.91120820e-03, 0., 1.45560410e-03,
       4.36681230e-03, 2.91120820e-03, 1.45560410e-03, 0.,
       1.45560410e-03, 1.45560410e-03, 1.45560410e-03, 0., 0.,
       1.45560410e-03, 2.91120820e-03, 2.91120820e-03, 1.45560410e-03,
       0., 1.45560410e-03, 1.45560410e-03, 1.45560410e-03,
       1.45560410e-03, 4.36681230e-03, 1.45560410e-03, 0.,
       1.45560410e-03, 0., 2.91120820e-03, 0., 0., 2.91120820e-03,
       1.45560410e-03, 0., 2.91120820e-03, 1.45560410e-03, 0.,
       2.91120820e-03, 0., 0., 1.45560410e-03, 0., 0., 0.,
       4.36681230e-03, 0., 1.31004369e-02, 2.91120820e-03,
       1.45560410e-03, 0., 1.45560410e-03, 4.36681230e-03, 0.,
       1.45560410e-03, 0., 1.45560410e-03, 0., 0., 2.91120820e-03,
       4.36681230e-03, 0., 0., 0., 1.45560410e-03, 1.45560410e-03, 0.,
       2.91120820e-03, 1.45560410e-03, 0., 0., 1.45560410e-03,
       2.91120820e-03, 0., 0., 0., 0., 0., 1.45560410e-03,
       1.45560410e-03, 0., 1.45560410e-03, 2.91120820e-03,
