%YAML:1.0
m25f: !!opencv-matrix
   rows: 1
   cols: 800
   dt: f
   data: [ 7.42942037e-04, 1.48588407e-03, 7.42942037e-04,
       2.22882605e-03, 7.42942037e-04, 0., 2.97176815e-03,
       3.71471024e-03, 6.68647839e-03, 0., 2.22882605e-03,
       1.48588407e-03, 1.48588407e-03, 0., 7.42942037e-04,
       5.20059420e-03, 1.48588407e-03, 7.42942037e-04, 7.42942037e-04,
       7.42942037e-04, 1.48588407e-03, 2.97176815e-03, 7.42942037e-04,
       7.42942037e-04, 1.48588407e-03, 2.97176815e-03, 0.,
       1.48588407e-03, 7.42942037e-04, 0., 4.45765210e-03, 0.,
       2.97176815e-03, 7.42942037e-04, 2.97176815e-03, 2.22882605e-03,
       0., 0., 1.48588407e-03, 8.91530421e-03, 7.42942037e-04, 0.,
       7.42942037e-04, 7.42942037e-04, 7.42942037e-04, 7.42942037e-04,
       0., 2.22882605e-03, 1.48588407e-03, 7.42942037e-04,
       7.42942037e-04, 7.42942037e-04, 2.22882605e-03, 0.,
       2.22882605e-03, 3.71471024e-03, 0., 7.42942037e-04,
       2.22882605e-03, 0., 1.48588407e-03, 2.97176815e-03,
       1.48588407e-03, 1.48588407e-03, 0., 1.48588407e-03, 0.,
       1.48588407e-03, 1.48588407e-03, 1.48588407e-03, 1.48588407e-03,
       7.42942037e-04, 0., 2.22882605e-03, 0., 0., 1.48588407e-03,
       2.22882605e-03, 7.42942037e-04, 2.97176815e-03, 1.48588407e-03,
       2.22882605e-03, 2.22882605e-03, 0., 3.71471024e-03,
       3.71471024e-03, 7.42942037e-04, 4.45765210e-03, 0.,
       2.22882605e-03, 1.48588407e-03, 7.42942037e-04, 0.,
       7.42942037e-04, 7.42942037e-04, 0., 7.42942037e-04,
       1.48588407e-03, 2.22882605e-03, 1.48588407e-03, 7.42942037e-04,
       2.97176815e-03, 1.48588407e-03, 4.45765210e-03, 1.48588407e-03,
       0., 7.42942037e-04, 2.97176815e-03, 1.48588407e-03,
       7.42942037e-04, 1.48588407e-03, 7.42942037e-04, 1.48588407e-03,
       7.42942037e-04, 1.48588407e-03, 0., 0., 7.42942037e-04,
       4.45765210e-03, 7.42942048e-03, 7.42942037e-04, 0., 0.,
       1.48588407e-03, 7.42942037e-04, 2.22882605e-03, 0., 0., 0.,
       7.42942037e-04, 2.22882605e-03, 8.91530421e-03, 7.42942037e-04,
       1.48588407e-03, 0., 0., 7.42942037e-04, 2.22882605e-03,
       2.97176815e-03, 7.42942037e-04, 7.42942037e-04, 0.,
       7.42942037e-04, 0., 5.94353629e-03, 0., 0., 7.42942037e-04,
       2.22882605e-03, 0., 7.42942037e-04, 3.71471024e-03,
       2.22882605e-03, 1.48588407e-03, 7.42942037e-04, 0.,
       7.42942037e-04, 3.71471024e-03, 2.22882605e-03, 1.48588407e-03,
       1.48588407e-03, 7.42942037e-04, 7.42942037e-04, 0., 0.,
       7.42942037e-04, 7.42942037e-04, 0., 1.48588407e-03,
       7.42942037e-04, 7.42942037e-04, 0., 0., 2.22882605e-03,
       1.48588407e-03, 2.22882605e-03, 0., 2.22882605e-03, 0.,
       2.22882605e-03, 0., 2.22882605e-03, 2.97176815e-03,
       1.48588407e-03, 2.97176815e-03, 1.48588407e-03, 1.48588407e-03,
       2.97176815e-03, 0., 1.48588407e-03, 0., 1.48588407e-03,
       8.17236211e-03, 7.42942037e-04, 7.42942037e-04, 1.48588407e-03,
       2.97176815e-03, 5.20059420e-03, 0., 0., 7.42942037e-04, 0., 0.,
       7.42942037e-04, 2.97176815e-03, 2.22882605e-03, 1.48588407e-03,
       2.22882605e-03, 0., 1.48588407e-03, 7.42942037e-04,
       7.42942037e-04, 0., 0., 7.42942037e-04, 1.48588407e-03,
       3.71471024e-03, 7.42942037e-04, 6.68647839e-03, 7.42942037e-04,
       1.48588407e-03, 1.48588407e-03, 7.42942037e-04, 0.,
       2.22882605e-03, 7.42942037e-04, 0., 7.42942037e-04,
       7.42942037e-04, 2.22882605e-03, 0., 0., 0., 0., 7.42942037e-04,
       4.45765210e-03, 1.48588407e-03, 2.22882605e-03, 1.48588407e-03,
       0., 1.48588407e-03, 7.42942037e-04, 7.42942037e-04,
       7.42942037e-04, 1.48588407e-03, 0., 0., 1.48588407e-03,
       2.22882605e-03, 7.42942037e-04, 0., 1.48588407e-03, 0.,
       7.42942037e-04, 0., 7.42942037e-04, 7.42942037e-04, 0.,
       1.48588407e-03, 2.22882605e-03, 0., 0., 0., 7.42942037e-04, 0.,
       0., 1.48588407e-03, 0., 0., 0., 1.48588407e-03, 7.42942037e-04,
       3.71471024e-03, 1.48588407e-03, 2.22882605e-03, 7.42942037e-04,
       0., 1.48588407e-03, 1.48588407e-03, 1.48588407e-03,
       1.48588407e-03, 1.48588407e-03, 0., 1.48588407e-03,
       2.22882605e-03, 1.48588407e-03, 7.42942037e-04, 7.42942037e-04,
       0., 7.42942037e-04, 0., 0., 1.48588407e-03, 1.48588407e-03,
       1.26300147e-02, 1.48588407e-03, 2.97176815e-03, 7.42942037e-04,
       7.42942037e-04, 7.42942037e-04, 7.42942037e-04, 7.42942037e-04,
       7.42942037e-04, 7.42942037e-04, 0., 0., 3.71471024e-03, 0., 0.,
       7.42942037e-04, 8.91530421e-03, 7.42942037e-04, 1.48588407e-03,
       1.48588407e-03, 0., 1.48588407e-03, 0., 0., 5.20059420e-03,
       1.48588407e-03, 7.42942037e-04, 1.48588407e-03, 7.42942037e-04,
       7.42942037e-04, 2.22882605e-03, 2.22882605e-03, 0., 0.,
       7.42942037e-04, 0., 7.42942037e-04, 0., 7.42942037e-04, 0.,
       1.48588407e-03, 0., 1.48588407e-03, 2.22882605e-03,
       1.48588407e-03, 0., 7.42942037e-04, 1.48588407e-03,
       7.42942037e-04, 1.48588407e-03, 0., 2.97176815e-03,
       7.42942037e-04, 0., 0., 7.42942037e-04, 2.97176815e-03, 0., 0.,
       7.42942037e-04, 2.22882605e-03, 1.48588407e-03, 7.42942037e-04,
       1.48588407e-03, 1.48588407e-03, 0., 0., 0., 2.22882605e-03, 0.,
       7.42942037e-04, 7.42942037e-04, 0., 2.97176815e-03,
       1.48588407e-03, 0., 0., 1.48588407e-03, 3.71471024e-03,
       7.42942037e-04, 0., 7.42942037e-04, 1.48588407e-03,
       7.42942037e-04, 2.97176815e-03, 1.48588407e-03, 0.,
       7.42942037e-04, 1.48588407e-03, 0., 3.71471024e-03, 0., 0.,
       2.97176815e-03, 7.42942048e-03, 1.48588407e-03, 7.42942037e-04,
       2.97176815e-03, 4.45765210e-03, 4.45765210e-03, 1.48588407e-03,
       2.22882605e-03, 1.48588407e-03, 7.42942037e-04, 0.,
       1.48588407e-03, 0., 0., 0., 7.42942037e-04, 2.97176815e-03,
       2.22882605e-03, 1.48588407e-03, 1.48588407e-03, 2.22882605e-03,
       7.42942037e-04, 6.68647839e-03, 1.48588407e-03, 0.,
       1.48588407e-03, 0., 7.42942037e-04, 0., 0., 7.42942037e-04, 0.,
       0., 7.42942037e-04, 1.48588407e-03, 2.22882605e-03,
       1.48588407e-03, 0., 1.48588407e-03, 0., 2.22882605e-03, 0.,
       5.20059420e-03, 0., 1.48588407e-03, 7.42942037e-04,
       7.42942037e-04, 5.20059420e-03, 0., 0., 7.42942037e-04,
       7.42942037e-04, 0., 7.42942037e-04, 2.97176815e-03,
       7.42942037e-04, 7.42942037e-04, 1.48588407e-03, 7.42942037e-04,
       1.48588407e-03, 5.94353629e-03, 7.42942037e-04, 2.22882605e-03,
       7.42942037e-04, 1.48588407e-03, 7.42942037e-04, 0.,
       1.48588407e-03, 0., 7.42942037e-04, 7.42942037e-04, 0.,
       2.97176815e-03, 2.22882605e-03, 0., 7.42942037e-04,
       2.97176815e-03, 7.42942037e-04, 0., 1.48588407e-03,
       4.45765210e-03, 0., 0., 0., 7.42942037e-04, 0., 7.42942037e-04,
       7.42942037e-04, 2.22882605e-03, 0., 2.22882605e-03,
       7.42942037e-04, 2.97176815e-03, 0., 0., 0., 0., 1.48588407e-03,
       7.42942037e-04, 1.48588407e-03, 1.48588407e-03, 0., 0., 0.,
       7.42942037e-04, 7.42942037e-04, 7.42942037e-04, 7.42942037e-04,
       1.48588407e-03, 5.20059420e-03, 7.42942037e-04, 0.,
       2.22882605e-03, 7.42942037e-04, 0., 5.20059420e-03, 0.,
       7.42942037e-04, 7.42942037e-04, 7.42942037e-04, 7.42942037e-04,
       2.97176815e-03, 0., 6.68647839e-03, 0., 1.48588407e-03, 0., 0.,
       0., 1.48588407e-03, 7.42942037e-04, 7.42942037e-04, 0., 0.,
       7.42942037e-04, 1.04011884e-02, 5.20059420e-03, 0., 0.,
       7.42942037e-04, 0., 1.48588407e-03, 1.48588407e-03,
       7.42942037e-04, 2.22882605e-03, 7.42942037e-04, 7.42942037e-04,
       7.42942037e-04, 7.42942037e-04, 2.22882605e-03, 2.97176815e-03,
       5.20059420e-03, 7.42942037e-04, 0., 2.22882605e-03,
       7.42942037e-04, 0., 7.42942037e-04, 0., 0., 0., 7.42942037e-04,
       2.22882605e-03, 1.48588407e-03, 0., 0., 3.71471024e-03,
       7.42942037e-04, 2.22882605e-03, 7.42942037e-04, 2.22882605e-03,
       0., 7.42942037e-04, 0., 7.42942037e-04, 0., 5.20059420e-03,
       7.42942037e-04, 2.97176815e-03, 7.42942037e-04, 2.97176815e-03,
