%YAML:1.0
m25f: !!opencv-matrix
   rows: 1
   cols: 800
   dt: f
   data: [ 3.57398152e-04, 2.85918522e-03, 1.78699079e-03,
       1.78699079e-03, 1.42959261e-03, 2.14438885e-03, 2.14438885e-03,
       1.42959261e-03, 7.14796304e-04, 7.14796304e-04, 3.57398152e-04,
       1.42959261e-03, 2.14438885e-03, 2.14438885e-03, 1.07219443e-03,
       1.42959261e-03, 1.78699079e-03, 7.14796304e-04, 1.07219443e-03,
       7.14796304e-04, 7.14796304e-04, 1.07219443e-03, 7.14796304e-04,
       7.14796304e-04, 6.07576873e-03, 7.14796304e-04, 1.07219443e-03,
       2.14438885e-03, 7.14796304e-04, 3.57398152e-04, 0.,
       3.21658328e-03, 3.57398152e-04, 7.14796304e-04, 1.07219443e-03,
       3.57398152e-04, 1.07219443e-03, 1.07219443e-03, 1.78699079e-03,
       7.14796304e-04, 3.57398152e-04, 1.07219443e-03, 7.14796304e-04,
       1.42959261e-03, 1.78699079e-03, 1.42959261e-03, 7.14796304e-04,
       2.85918522e-03, 7.14796304e-04, 3.21658328e-03, 3.57398152e-04,
       7.14796304e-04, 7.14796304e-04, 1.42959261e-03, 1.78699079e-03,
       7.14796304e-04, 7.14796316e-03, 7.14796304e-04, 0., 0.,
       3.57398152e-04, 1.42959261e-03, 1.42959261e-03, 1.78699079e-03,
       1.07219443e-03, 7.14796304e-04, 7.14796304e-04, 1.78699079e-03,
       7.14796304e-04, 3.21658328e-03, 7.14796304e-04, 2.14438885e-03,
       2.50178715e-03, 3.57398152e-04, 1.78699079e-03, 1.07219443e-03,
       1.07219443e-03, 1.78699079e-03, 1.07219443e-03, 3.21658328e-03,
       1.42959261e-03, 1.07219443e-03, 1.07219443e-03, 0.,
       7.14796304e-04, 1.42959261e-03, 3.57398152e-04, 1.78699079e-03,
       1.42959261e-03, 2.50178715e-03, 3.57398152e-04, 1.07219443e-03,
       0., 3.57398152e-04, 1.07219443e-03, 1.07219443e-03,
       1.07219443e-03, 1.78699079e-03, 1.42959261e-03, 2.85918522e-03,
       7.14796304e-04, 3.57398152e-04, 1.07219443e-03, 2.14438885e-03,
       1.42959261e-03, 1.07219443e-03, 1.07219443e-03, 1.42959261e-03,
       2.14438885e-03, 0., 1.42959261e-03, 1.78699079e-03,
       3.57398152e-04, 2.14438885e-03, 1.07219443e-03, 1.78699079e-03,
       1.78699079e-03, 7.14796304e-04, 1.10793430e-02, 1.78699079e-03,
       7.14796304e-04, 0., 1.42959261e-03, 3.57398152e-04, 0.,
       1.07219443e-03, 1.07219443e-03, 7.14796304e-04, 1.07219443e-03,
       7.14796304e-04, 1.42959261e-03, 2.50178715e-03, 2.14438885e-03,
       7.14796304e-04, 1.42959261e-03, 3.21658328e-03, 1.07219443e-03,
       1.07219443e-03, 1.42959261e-03, 3.57398152e-04, 7.14796304e-04,
       2.50178715e-03, 2.14438885e-03, 4.28877771e-03, 7.14796304e-04,
       1.07219443e-03, 3.57398152e-04, 3.57398152e-04, 1.78699079e-03,
       7.14796304e-04, 7.14796304e-04, 1.42959261e-03, 1.42959261e-03,
       1.42959261e-03, 7.14796304e-04, 1.07219443e-03, 3.57398152e-04,
       1.07219443e-03, 7.14796304e-04, 3.57398152e-04, 7.14796304e-04,
       1.42959261e-03, 2.50178715e-03, 7.14796304e-04, 0.,
       1.78699079e-03, 3.57398152e-04, 7.14796304e-04, 3.57398158e-03,
       1.78699079e-03, 1.07219443e-03, 1.42959261e-03, 1.07219443e-03,
       0., 3.57398152e-04, 1.42959261e-03, 1.78699079e-03,
       5.00357430e-03, 1.42959261e-03, 1.78699079e-03, 1.78699079e-03,
       3.57398152e-04, 2.50178715e-03, 1.07219443e-03, 1.07219443e-03,
       1.07219443e-03, 3.57398152e-04, 0., 1.07219443e-03,
       3.57398152e-04, 7.14796304e-04, 7.14796304e-04, 1.42959261e-03,
       1.42959261e-03, 1.42959261e-03, 1.42959261e-03, 3.57398152e-04,
       1.78699079e-03, 1.42959261e-03, 1.07219443e-03, 1.42959261e-03,
       1.78699079e-03, 7.14796304e-04, 5.71837043e-03, 1.78699079e-03,
       1.07219443e-03, 7.14796304e-04, 3.57398152e-04, 1.78699079e-03,
       3.57398152e-04, 1.78699079e-03, 1.42959261e-03, 1.07219443e-03,
       1.07219443e-03, 1.07219443e-03, 3.21658328e-03, 1.78699079e-03,
       1.42959261e-03, 1.07219443e-03, 0., 7.14796304e-04,
       1.07219443e-03, 1.78699079e-03, 2.14438885e-03, 1.78699079e-03,
       2.85918522e-03, 7.14796304e-04, 3.57398152e-04, 1.07219443e-03,
       3.21658328e-03, 1.07219443e-03, 7.14796304e-04, 1.07219443e-03,
       1.42959261e-03, 7.14796304e-04, 7.14796304e-04, 2.85918522e-03,
       7.14796304e-04, 2.14438885e-03, 7.14796304e-04, 3.57398152e-04,
       0., 7.14796304e-04, 5.71837043e-03, 1.07219443e-03,
       7.14796304e-04, 3.57398158e-03, 2.14438885e-03, 1.78699079e-03,
       3.57398152e-04, 7.14796304e-04, 1.42959261e-03, 1.07219443e-03,
       1.07219443e-03, 7.14796304e-04, 3.57398152e-04, 7.14796304e-04,
       1.42959261e-03, 1.07219443e-03, 1.78699079e-03, 3.21658328e-03,
       2.14438885e-03, 1.07219443e-03, 1.42959261e-03, 3.57398152e-04,
       0., 2.85918522e-03, 2.85918522e-03, 7.14796304e-04,
       3.57398152e-04, 2.14438885e-03, 1.42959261e-03, 2.85918522e-03,
       3.57398152e-04, 7.14796304e-04, 3.57398152e-04, 1.07219443e-03,
       2.50178715e-03, 0., 1.07219443e-03, 4.64617601e-03,
       1.42959261e-03, 1.42959261e-03, 1.78699079e-03, 3.57398152e-04,
       1.78699079e-03, 1.07219443e-03, 1.78699079e-03, 3.57398152e-04,
       1.42959261e-03, 1.42959261e-03, 3.57398152e-04, 0.,
       1.07219443e-03, 1.07219443e-03, 7.14796304e-04, 2.14438885e-03,
       1.07219443e-03, 1.42959261e-03, 1.42959261e-03, 1.42959261e-03,
       3.57398152e-04, 3.57398152e-04, 3.57398152e-04, 2.14438885e-03,
       7.14796304e-04, 7.14796304e-04, 1.07219443e-03, 3.57398152e-04,
       3.21658328e-03, 7.14796304e-04, 7.14796304e-04, 7.14796304e-04,
       1.07219443e-03, 1.42959261e-03, 2.85918522e-03, 7.14796304e-04,
       0., 1.78699079e-03, 1.78699079e-03, 3.57398152e-04,
       3.57398152e-04, 7.14796304e-04, 7.14796304e-04, 7.14796304e-04,
       1.42959261e-03, 7.14796304e-04, 1.78699079e-03, 2.50178715e-03,
       1.07219443e-03, 1.78699079e-03, 7.14796304e-04, 1.07219443e-03,
       1.78699079e-03, 0., 1.42959261e-03, 1.78699079e-03,
       1.78699079e-03, 3.57398152e-04, 3.57398152e-04, 1.07219443e-03,
       7.14796304e-04, 1.42959261e-03, 3.57398152e-04, 3.57398152e-04,
       1.07219443e-03, 1.42959261e-03, 7.14796304e-04, 1.07219443e-03,
       1.78699079e-03, 1.42959261e-03, 0., 1.07219443e-03,
       2.14438885e-03, 2.85918522e-03, 2.50178715e-03, 7.14796304e-04,
       1.07219443e-03, 7.14796304e-04, 2.50178715e-03, 1.07219443e-03,
       7.14796304e-04, 1.07219443e-03, 3.57398152e-04, 3.57398152e-04,
       2.14438885e-03, 7.14796304e-04, 1.78699079e-03, 7.14796304e-04,
       2.14438885e-03, 1.42959261e-03, 0., 1.78699079e-03,
       3.57398152e-04, 2.50178715e-03, 3.57398152e-04, 7.14796304e-04,
       3.57398152e-04, 2.50178715e-03, 7.14796304e-04, 7.14796304e-04,
       2.14438885e-03, 1.07219443e-03, 3.57398152e-04, 6.07576873e-03,
       2.14438885e-03, 7.14796304e-04, 1.78699079e-03, 1.07219443e-03,
       2.50178715e-03, 7.14796304e-04, 1.42959261e-03, 1.07219443e-03,
       4.28877771e-03, 1.78699079e-03, 1.42959261e-03, 3.57398152e-04,
       7.14796304e-04, 7.14796304e-04, 1.07219443e-03, 3.57398152e-04,
       1.42959261e-03, 1.78699079e-03, 7.14796304e-04, 7.14796304e-04,
       1.42959261e-03, 1.07219443e-03, 1.78699079e-03, 1.07219443e-03,
       7.14796304e-04, 1.78699079e-03, 1.78699079e-03, 3.57398158e-03,
       0., 2.50178715e-03, 4.64617601e-03, 3.57398152e-04,
       3.57398152e-04, 1.42959261e-03, 2.14438885e-03, 3.21658328e-03,
       1.42959261e-03, 1.07219443e-03, 1.42959261e-03, 1.07219443e-03,
       7.14796304e-04, 7.14796304e-04, 1.07219443e-03, 1.78699079e-03,
       1.07219443e-03, 2.50178715e-03, 7.14796304e-04, 3.57398152e-04,
       1.78699079e-03, 1.42959261e-03, 1.78699079e-03, 1.07219443e-03,
       1.42959261e-03, 2.85918522e-03, 1.42959261e-03, 7.14796304e-04,
       3.57398152e-04, 3.57398152e-04, 1.78699079e-03, 2.14438885e-03,
       2.14438885e-03, 1.78699079e-03, 2.50178715e-03, 1.07219443e-03,
       1.42959261e-03, 1.78699079e-03, 3.57398152e-04, 1.78699079e-03,
       1.07219443e-03, 2.14438885e-03, 1.42959261e-03, 7.14796304e-04,
       1.07219443e-03, 1.07219443e-03, 3.57398152e-04, 1.07219443e-03,
