%YAML:1.0
m25f: !!opencv-matrix
   rows: 1
   cols: 800
   dt: f
   data: [ 1.27307442e-03, 7.00190943e-03, 9.54805815e-04,
       6.36537210e-04, 2.22788029e-03, 1.59134297e-03, 2.22788029e-03,
       1.27307442e-03, 9.54805815e-04, 9.54805815e-04, 3.18268605e-04,
       3.18268605e-04, 9.54805815e-04, 1.27307442e-03, 3.18268605e-04,
       1.27307442e-03, 1.59134297e-03, 3.18268605e-04, 1.27307442e-03,
       2.54614884e-03, 0., 3.18268605e-04, 1.59134297e-03,
       1.59134297e-03, 9.86632705e-03, 9.54805815e-04, 1.27307442e-03,
       3.18268605e-04, 1.27307442e-03, 6.36537210e-04, 1.27307442e-03,
       1.90961163e-03, 1.27307442e-03, 6.36537210e-04, 9.54805815e-04,
       0., 2.22788029e-03, 2.22788029e-03, 6.36537210e-04,
       9.54805815e-04, 6.36537210e-04, 0., 3.18268605e-04,
       3.18268605e-04, 1.59134297e-03, 2.22788029e-03, 3.18268605e-04,
       1.90961163e-03, 1.90961163e-03, 1.90961163e-03, 6.36537210e-04,
       1.59134297e-03, 9.54805815e-04, 1.59134297e-03, 0.,
       9.54805815e-04, 4.77402890e-03, 9.54805815e-04, 6.36537210e-04,
       1.59134297e-03, 1.27307442e-03, 1.27307442e-03, 3.18268593e-03,
       1.90961163e-03, 6.36537210e-04, 1.27307442e-03, 1.90961163e-03,
       6.36537210e-04, 3.18268605e-04, 1.90961163e-03, 6.36537210e-04,
       1.27307442e-03, 1.27307442e-03, 3.18268593e-03, 1.59134297e-03,
       6.36537210e-04, 6.36537210e-04, 1.27307442e-03, 1.27307442e-03,
       9.54805815e-04, 1.59134297e-03, 1.27307442e-03, 6.36537210e-04,
       3.18268605e-04, 1.59134297e-03, 3.18268593e-03, 6.36537210e-04,
       2.54614884e-03, 1.90961163e-03, 9.54805815e-04, 9.54805815e-04,
       1.59134297e-03, 3.18268605e-04, 0., 6.36537210e-04,
       6.36537210e-04, 1.27307442e-03, 0., 6.36537210e-04,
       9.54805815e-04, 6.36537210e-04, 3.18268593e-03, 3.50095471e-03,
       6.36537210e-04, 9.54805815e-04, 9.54805815e-04, 2.22788029e-03,
       6.36537210e-04, 1.90961163e-03, 1.27307442e-03, 1.90961163e-03,
       1.59134297e-03, 6.36537210e-04, 2.54614884e-03, 1.59134297e-03,
       1.90961163e-03, 9.54805815e-04, 1.59134297e-03, 1.27307442e-03,
       1.27307442e-03, 3.18268605e-04, 9.54805815e-04, 1.90961163e-03,
       1.27307442e-03, 1.90961163e-03, 6.36537210e-04, 1.90961163e-03,
       6.36537210e-04, 1.27307442e-03, 9.54805815e-04, 2.22788029e-03,
       1.27307442e-03, 9.54805815e-04, 3.18268593e-03, 9.54805815e-04,
       6.36537210e-04, 2.54614884e-03, 1.59134297e-03, 9.54805815e-04,
       3.18268605e-04, 0., 2.86441739e-03, 1.59134297e-03,
       1.59134297e-03, 1.59134297e-03, 2.86441739e-03, 9.54805815e-04,
       9.54805815e-04, 1.90961163e-03, 6.36537210e-04, 1.27307442e-03,
       2.22788029e-03, 1.59134297e-03, 1.90961163e-03, 9.54805815e-04,
       3.18268605e-04, 6.36537210e-04, 6.36537210e-04, 1.27307442e-03,
       1.90961163e-03, 9.54805815e-04, 9.54805815e-04, 6.36537210e-04,
       3.18268605e-04, 6.36537210e-04, 3.18268593e-03, 1.90961163e-03,
       6.36537210e-04, 1.90961163e-03, 3.18268605e-04, 9.54805815e-04,
       1.27307442e-03, 0., 0., 6.36537210e-04, 1.59134297e-03,
       9.54805815e-04, 1.59134297e-03, 2.54614884e-03, 9.54805815e-04,
       1.59134297e-03, 0., 2.22788029e-03, 3.18268605e-04,
       3.18268605e-04, 6.36537210e-04, 1.59134297e-03, 1.27307442e-03,
       1.27307442e-03, 1.27307442e-03, 2.86441739e-03, 9.54805815e-04,
       1.27307442e-03, 0., 3.18268605e-04, 1.27307442e-03,
       1.59134297e-03, 6.36537210e-04, 3.18268605e-04, 9.54805815e-04,
       6.36537210e-04, 6.36537210e-04, 3.18268605e-04, 3.81922326e-03,
       2.22788029e-03, 6.36537210e-04, 6.36537210e-04, 9.54805815e-04,
       1.59134297e-03, 3.18268605e-04, 6.36537210e-04, 1.27307442e-03,
       6.36537210e-04, 3.18268605e-04, 9.54805815e-04, 1.59134297e-03,
       9.54805815e-04, 9.54805815e-04, 1.27307442e-03, 9.54805815e-04,
       1.59134297e-03, 1.59134297e-03, 9.54805815e-04, 6.36537210e-04,
       2.22788029e-03, 1.90961163e-03, 6.36537210e-04, 9.54805815e-04,
       2.54614884e-03, 6.36537210e-04, 1.27307442e-03, 1.90961163e-03,
       9.54805815e-04, 9.54805815e-04, 1.59134297e-03, 3.18268605e-04,
       2.22788029e-03, 2.86441739e-03, 9.54805815e-04, 1.27307442e-03,
       1.59134297e-03, 6.36537210e-04, 1.90961163e-03, 3.81922326e-03,
       6.36537210e-04, 1.59134297e-03, 2.86441739e-03, 2.22788029e-03,
       1.27307442e-03, 6.36537210e-04, 3.18268605e-04, 1.90961163e-03,
       2.22788029e-03, 1.90961163e-03, 1.27307442e-03, 3.18268605e-04,
       9.54805815e-04, 2.22788029e-03, 1.90961163e-03, 9.54805815e-04,
       1.59134297e-03, 1.27307442e-03, 9.54805815e-04, 2.22788029e-03,
       1.90961163e-03, 1.59134297e-03, 3.18268605e-04, 2.86441739e-03,
       6.36537210e-04, 3.81922326e-03, 3.18268593e-03, 1.90961163e-03,
       1.27307442e-03, 1.27307442e-03, 1.27307442e-03, 9.54805815e-04,
       1.27307442e-03, 9.54805815e-04, 1.27307442e-03, 1.59134297e-03,
       6.36537210e-04, 1.59134297e-03, 1.27307442e-03, 9.54805815e-04,
       6.36537210e-04, 3.18268605e-04, 1.90961163e-03, 3.18268605e-04,
       3.18268605e-04, 9.54805815e-04, 1.27307442e-03, 6.36537210e-04,
       9.54805815e-04, 1.90961163e-03, 6.36537210e-04, 3.18268605e-04,
       3.18268605e-04, 1.59134297e-03, 1.27307442e-03, 2.22788029e-03,
       1.27307442e-03, 6.36537210e-04, 6.36537210e-04, 9.54805815e-04,
       0., 6.36537210e-04, 6.36537210e-04, 9.54805815e-04,
       3.50095471e-03, 1.27307442e-03, 9.54805815e-04, 1.27307442e-03,
       3.18268605e-04, 1.59134297e-03, 3.50095471e-03, 2.86441739e-03,
       1.27307442e-03, 2.22788029e-03, 9.54805815e-04, 1.27307442e-03,
       1.27307442e-03, 2.22788029e-03, 9.54805815e-04, 1.59134297e-03,
       9.54805815e-04, 2.86441739e-03, 6.36537210e-04, 1.27307442e-03,
       9.54805815e-04, 1.59134297e-03, 2.54614884e-03, 6.36537210e-04,
       9.54805815e-04, 2.86441739e-03, 1.27307442e-03, 6.36537210e-04,
       9.54805815e-04, 6.36537210e-04, 6.36537210e-04, 6.36537210e-04,
       6.36537210e-04, 6.36537210e-04, 9.54805815e-04, 1.59134297e-03,
       2.22788029e-03, 6.36537210e-04, 6.36537210e-04, 9.54805815e-04,
       1.27307442e-03, 1.90961163e-03, 9.54805815e-04, 6.36537210e-04,
       9.54805815e-04, 9.54805815e-04, 1.59134297e-03, 3.18268605e-04,
       9.54805815e-04, 6.36537210e-04, 1.59134297e-03, 0.,
       1.27307442e-03, 6.36537210e-04, 6.36537210e-04, 1.59134297e-03,
       1.90961163e-03, 9.54805815e-04, 1.27307442e-03, 6.36537210e-04,
       2.86441739e-03, 2.54614884e-03, 2.22788029e-03, 6.36537210e-04,
       1.59134297e-03, 1.90961163e-03, 3.18268593e-03, 1.90961163e-03,
       9.54805815e-04, 1.27307442e-03, 0., 1.27307442e-03,
       3.81922326e-03, 0., 1.27307442e-03, 6.36537210e-04,
       1.59134297e-03, 6.36537210e-04, 1.59134297e-03, 1.59134297e-03,
       3.50095471e-03, 1.27307442e-03, 6.36537210e-04, 4.13749181e-03,
       1.27307442e-03, 1.90961163e-03, 9.54805815e-04, 6.36537210e-04,
       1.90961163e-03, 9.54805815e-04, 0., 6.36537210e-04,
       1.59134297e-03, 6.36537210e-04, 1.59134297e-03, 1.27307442e-03,
       6.36537210e-04, 9.54805815e-04, 1.27307442e-03, 1.59134297e-03,
       1.27307442e-03, 6.36537210e-04, 6.36537210e-04, 1.90961163e-03,
       2.54614884e-03, 3.18268605e-04, 1.90961163e-03, 2.22788029e-03,
       1.27307442e-03, 6.36537210e-04, 1.59134297e-03, 2.22788029e-03,
       2.22788029e-03, 3.18268605e-04, 3.18268605e-04, 2.22788029e-03,
       1.59134297e-03, 3.18268605e-04, 2.54614884e-03, 1.90961163e-03,
       1.90961163e-03, 0., 1.27307442e-03, 9.54805815e-04,
       9.54805815e-04, 3.18268605e-04, 3.18268605e-04, 1.27307442e-03,
       1.59134297e-03, 9.54805815e-04, 3.18268605e-04, 3.18268605e-04,
       1.27307442e-03, 0., 9.54805815e-04, 1.90961163e-03,
       3.50095471e-03, 6.36537210e-04, 1.90961163e-03, 1.90961163e-03,
       3.18268605e-04, 3.18268605e-04, 6.36537210e-04, 1.27307442e-03,
       1.90961163e-03, 3.18268605e-04, 6.36537210e-04, 9.54805815e-04,
