%YAML:1.0
m25f: !!opencv-matrix
   rows: 1
   cols: 800
   dt: f
   data: [ 0., 1.79694523e-03, 8.98472616e-04, 0., 8.98472616e-04, 0.,
       8.98472616e-04, 2.69541796e-03, 8.98472616e-04, 8.98472616e-04,
       3.59389046e-03, 8.98472616e-04, 8.98472616e-04, 2.69541796e-03,
       1.79694523e-03, 6.28930843e-03, 0., 1.79694523e-03, 0., 0.,
       8.98472616e-04, 8.98472616e-04, 8.98472616e-04, 0., 0.,
       4.49236296e-03, 8.98472616e-04, 8.98472616e-04, 0.,
       1.79694523e-03, 8.98472616e-04, 3.59389046e-03, 8.98472616e-04,
       0., 1.79694523e-03, 8.98472616e-04, 8.98472616e-04, 0.,
       1.79694523e-03, 1.79694523e-03, 0., 8.98472616e-04,
       2.69541796e-03, 5.39083593e-03, 8.98472616e-04, 0.,
       1.79694523e-03, 4.49236296e-03, 8.98472616e-04, 8.98472616e-04,
       0., 1.07816719e-02, 0., 0., 0., 0., 1.79694523e-03, 0., 0., 0.,
       0., 0., 8.98472616e-04, 1.79694523e-03, 1.79694523e-03, 0., 0.,
       8.08625389e-03, 2.69541796e-03, 8.98472616e-04, 8.98472616e-04,
       8.98472616e-04, 1.79694523e-03, 0., 1.79694523e-03, 0.,
       8.98472592e-03, 8.98472592e-03, 5.39083593e-03, 1.79694523e-03,
       5.39083593e-03, 8.98472616e-04, 1.79694523e-03, 0.,
       2.69541796e-03, 0., 0., 0., 1.79694523e-03, 0., 8.98472616e-04,
       8.98472616e-04, 8.98472616e-04, 0., 8.08625389e-03,
       2.69541796e-03, 0., 4.49236296e-03, 1.25786169e-02,
       2.69541796e-03, 8.98472616e-04, 3.59389046e-03, 8.98472616e-04,
       2.69541796e-03, 8.98472616e-04, 0., 3.59389046e-03,
       2.69541796e-03, 0., 0., 1.79694523e-03, 0., 5.39083593e-03, 0.,
       8.98472616e-04, 8.98472616e-04, 1.79694523e-03, 3.59389046e-03,
       8.98472616e-04, 3.59389046e-03, 0., 4.49236296e-03,
       1.79694523e-03, 0., 1.79694523e-03, 2.69541796e-03,
       5.39083593e-03, 0., 0., 2.69541796e-03, 0., 8.98472616e-04,
       8.98472616e-04, 0., 8.98472616e-04, 8.98472616e-04, 0., 0.,
       8.98472616e-04, 0., 0., 0., 0., 1.79694523e-03, 0.,
       3.59389046e-03, 8.98472616e-04, 8.98472616e-04, 8.98472616e-04,
       8.98472616e-04, 2.69541796e-03, 8.98472616e-04, 0., 0., 0.,
       1.79694523e-03, 0., 8.98472616e-04, 0., 0., 8.98472616e-04,
       8.98472616e-04, 8.98472616e-04, 3.59389046e-03, 1.79694523e-03,
       1.79694523e-03, 1.79694523e-03, 1.79694523e-03, 0.,
       8.98472616e-04, 0., 2.69541796e-03, 2.69541796e-03,
       8.98472616e-04, 8.98472616e-04, 8.98472616e-04, 0., 0.,
       1.79694523e-03, 1.79694523e-03, 8.98472616e-04, 8.98472616e-04,
       0., 0., 0., 8.98472616e-04, 1.25786169e-02, 0., 1.79694523e-03,
       0., 1.79694523e-03, 8.98472616e-04, 1.79694523e-03,
       2.69541796e-03, 1.79694523e-03, 0., 8.98472616e-04,
       1.79694523e-03, 8.98472616e-04, 0., 0., 0., 1.79694523e-03,
       1.79694523e-03, 8.98472616e-04, 2.69541796e-03, 0.,
       8.98472616e-04, 0., 8.98472616e-04, 8.98472616e-04,
       8.98472616e-04, 8.98472616e-04, 1.79694523e-03, 1.79694523e-03,
       1.79694523e-03, 1.79694523e-03, 1.16801439e-02, 8.98472616e-04,
       1.79694523e-03, 0., 0., 1.79694523e-03, 0., 0., 8.98472616e-04,
       1.79694523e-03, 5.39083593e-03, 2.69541796e-03, 0., 0., 0.,
       1.79694523e-03, 0., 0., 1.79694523e-03, 0., 0., 0.,
       8.98472616e-04, 0., 8.98472616e-04, 8.98472616e-04, 0., 0.,
       3.59389046e-03, 8.98472616e-04, 1.79694523e-03, 8.98472616e-04,
       0., 0., 1.79694523e-03, 0., 8.98472616e-04, 0., 8.98472616e-04,
       8.98472616e-04, 0., 8.98472616e-04, 8.98472616e-04,
       8.98472616e-04, 8.98472616e-04, 2.69541796e-03, 1.79694523e-03,
       2.69541796e-03, 8.98472616e-04, 0., 0., 8.98472616e-04,
       8.98472616e-04, 1.79694523e-03, 2.69541796e-03, 0.,
       8.98472616e-04, 4.49236296e-03, 3.59389046e-03, 0.,
       8.98472616e-04, 1.79694523e-03, 0., 4.49236296e-03, 0.,
       1.79694523e-03, 0., 3.59389046e-03, 0., 8.98472616e-04,
       3.59389046e-03, 8.98472616e-04, 8.98472616e-04, 0., 0.,
       8.98472616e-04, 0., 8.98472592e-03, 2.69541796e-03,
       8.98472616e-04, 1.79694523e-03, 8.98472616e-04, 8.98472616e-04,
       0., 0., 8.98472616e-04, 0., 8.98472616e-04, 0., 2.69541796e-03,
       1.79694523e-03, 7.18778092e-03, 0., 0., 0., 8.98472616e-04,
       3.59389046e-03, 1.79694523e-03, 8.98472616e-04, 8.98472616e-04,
       3.59389046e-03, 8.98472616e-04, 0., 1.79694523e-03, 0.,
       8.98472616e-04, 0., 1.79694523e-03, 0., 0., 8.98472616e-04,
       2.69541796e-03, 3.59389046e-03, 2.69541796e-03, 0.,
       8.98472616e-04, 3.59389046e-03, 0., 0., 0., 1.79694523e-03, 0.,
       0., 0., 0., 8.98472616e-04, 1.79694523e-03, 0., 2.69541796e-03,
       3.59389046e-03, 8.98472616e-04, 1.79694523e-03, 5.39083593e-03,
       8.98472616e-04, 1.79694523e-03, 0., 1.79694523e-03, 0., 0.,
       8.98472616e-04, 0., 0., 8.98472616e-04, 0., 0., 1.79694523e-03,
       8.98472616e-04, 0., 1.79694523e-03, 3.59389046e-03,
       4.49236296e-03, 8.98472616e-04, 2.69541796e-03, 0.,
       8.98472616e-04, 2.69541796e-03, 8.98472616e-04, 0., 0., 0., 0.,
       8.98472616e-04, 2.69541796e-03, 0., 1.79694523e-03, 0.,
       8.98472616e-04, 0., 3.59389046e-03, 0., 0., 0., 0.,
       8.98472616e-04, 8.98472616e-04, 0., 1.79694523e-03,
       8.98472616e-04, 3.59389046e-03, 0., 1.79694523e-03,
       8.98472616e-04, 1.79694523e-03, 2.69541796e-03, 1.79694523e-03,
       0., 1.79694523e-03, 1.79694523e-03, 0., 1.79694523e-03, 0., 0.,
       8.98472616e-04, 8.98472616e-04, 8.98472616e-04, 0., 0.,
       8.98472616e-04, 0., 1.79694523e-03, 5.39083593e-03,
       8.98472616e-04, 0., 6.28930843e-03, 1.79694523e-03,
       3.59389046e-03, 2.69541796e-03, 8.98472616e-04, 8.98472616e-04,
       0., 0., 8.98472616e-04, 0., 8.98472616e-04, 0., 0., 0., 0., 0.,
       0., 1.79694523e-03, 8.98472616e-04, 0., 2.69541796e-03,
       1.79694523e-03, 1.79694523e-03, 0., 1.79694523e-03, 0.,
       3.59389046e-03, 0., 8.98472616e-04, 2.69541796e-03,
       1.79694523e-03, 0., 8.98472616e-04, 3.59389046e-03,
       1.79694523e-03, 0., 1.79694523e-03, 0., 0., 6.28930843e-03, 0.,
       8.98472616e-04, 0., 0., 0., 0., 0., 1.79694523e-03,
       8.98472616e-04, 8.98472616e-04, 5.39083593e-03, 8.98472616e-04,
       0., 1.79694523e-03, 0., 0., 0., 8.98472616e-04, 0.,
       1.79694523e-03, 0., 0., 0., 8.98472616e-04, 8.98472616e-04,
       8.98472616e-04, 8.98472616e-04, 0., 0., 1.79694523e-03, 0.,
       8.98472616e-04, 0., 8.98472616e-04, 1.79694523e-03,
       8.98472616e-04, 1.79694523e-03, 0., 0., 1.16801439e-02,
       1.79694523e-03, 1.79694523e-03, 0., 0., 1.79694523e-03,
       8.98472616e-04, 1.79694523e-03, 8.98472616e-04, 1.79694523e-03,
       1.79694523e-03, 8.98472616e-04, 0., 0., 1.79694523e-03,
       8.98472616e-04, 0., 2.69541796e-03, 2.69541796e-03, 0., 0.,
       1.79694523e-03, 8.98472616e-04, 3.59389046e-03, 2.69541796e-03,
       0., 0., 8.98472616e-04, 4.49236296e-03, 8.98472616e-04, 0.,
       8.98472616e-04, 2.69541796e-03, 2.69541796e-03, 8.98472616e-04,
       2.69541796e-03, 0., 8.98472616e-04, 3.59389046e-03, 0., 0., 0.,
       0., 0., 0., 1.79694523e-03, 8.98472616e-04, 0., 0.,
       4.49236296e-03, 8.98472616e-04, 0., 0., 0., 8.98472616e-04, 0.,
       0., 0., 0., 1.79694523e-03, 0., 8.98472616e-04, 0., 0.,
       8.98472616e-04, 0., 8.98472616e-04, 1.79694523e-03, 0.,
       3.59389046e-03, 8.98472616e-04, 8.98472616e-04, 6.28930843e-03,
       1.79694523e-03, 2.69541796e-03, 8.98472616e-04, 0., 0.,
       8.98472616e-04, 8.98472616e-04, 0., 0., 3.59389046e-03,
       3.59389046e-03, 0., 1.79694523e-03, 8.98472616e-04,
       1.79694523e-03, 0., 8.98472616e-04, 3.59389046e-03,
       8.98472616e-04, 0., 0., 2.69541796e-03, 8.98472616e-04,
       8.98472616e-04, 0., 2.69541796e-03, 8.98472616e-04, 0.,
       8.98472616e-04, 6.28930843e-03, 8.98472616e-04, 1.79694523e-03,
       0., 1.79694523e-03, 4.49236296e-03, 0., 0., 1.79694523e-03, 0.,
       8.98472616e-04, 3.59389046e-03, 8.98472616e-04, 0., 0., 0.,
       2.69541796e-03, 0., 8.98472616e-04, 8.98472616e-04,
