%YAML:1.0
m25f: !!opencv-matrix
   rows: 1
   cols: 800
   dt: f
   data: [ 3.69412621e-04, 7.38825242e-04, 7.38825242e-04,
       3.69412621e-04, 3.69412621e-04, 2.95530097e-03, 1.10823789e-03,
       7.38825242e-04, 3.69412621e-04, 7.38825242e-04, 1.84706307e-03,
       2.21647578e-03, 1.47765048e-03, 7.38825242e-04, 3.32471356e-03,
       1.84706307e-03, 2.21647578e-03, 7.38825242e-04, 3.69412621e-04,
       1.84706307e-03, 1.47765048e-03, 1.10823789e-03, 1.84706307e-03,
       1.10823789e-03, 7.75766512e-03, 1.47765048e-03, 3.69412621e-04,
       3.69412621e-04, 7.38825242e-04, 7.38825242e-04, 3.69412621e-04,
       7.38825242e-04, 0., 2.21647578e-03, 7.38825242e-04,
       7.38825242e-04, 2.95530097e-03, 7.38825242e-04, 1.10823789e-03,
       0., 3.69412621e-04, 2.21647578e-03, 3.69412621e-04,
       2.58588837e-03, 7.38825242e-04, 2.21647578e-03, 5.17177675e-03,
       7.38825242e-04, 3.69412621e-04, 2.58588837e-03, 1.10823789e-03,
       1.10823789e-03, 2.95530097e-03, 0., 0., 2.58588837e-03,
       1.84706307e-03, 3.69412621e-04, 1.47765048e-03, 1.47765048e-03,
       3.69412621e-04, 1.84706307e-03, 3.69412621e-04, 7.38825242e-04,
       7.38825242e-04, 7.38825242e-04, 3.69412621e-04, 1.10823789e-03,
       1.10823789e-03, 2.58588837e-03, 2.95530097e-03, 3.69412621e-04,
       1.47765048e-03, 1.84706307e-03, 7.38825242e-04, 1.10823789e-03,
       3.69412621e-04, 1.47765048e-03, 1.10823789e-03, 7.38825242e-04,
       1.47765048e-03, 1.10823789e-03, 2.58588837e-03, 0.,
       1.47765048e-03, 7.38825242e-04, 1.47765048e-03, 4.43295157e-03,
       1.10823789e-03, 0., 3.69412621e-04, 7.38825242e-04,
       1.84706307e-03, 2.21647578e-03, 1.47765048e-03, 1.10823789e-03,
       1.10823789e-03, 2.95530097e-03, 2.21647578e-03, 7.38825242e-04,
       3.69412621e-04, 1.47765048e-03, 1.84706307e-03, 1.47765048e-03,
       1.47765048e-03, 1.10823789e-03, 1.10823789e-03, 1.10823789e-03,
       1.47765048e-03, 7.38825242e-04, 1.47765048e-03, 1.47765048e-03,
       1.47765048e-03, 7.38825242e-04, 1.84706307e-03, 1.10823789e-03,
       0., 3.69412621e-04, 3.69412621e-04, 2.58588837e-03, 0.,
       1.47765048e-03, 1.84706307e-03, 3.69412621e-04, 1.84706307e-03,
       2.21647578e-03, 7.38825242e-04, 1.10823789e-03, 3.69412621e-04,
       2.21647578e-03, 1.10823789e-03, 0., 3.69412621e-04,
       7.38825242e-04, 1.47765048e-03, 1.10823782e-02, 3.69412621e-04,
       7.38825242e-04, 1.47765048e-03, 7.38825242e-04, 7.38825242e-04,
       1.10823789e-03, 1.84706307e-03, 2.95530097e-03, 2.21647578e-03,
       1.84706307e-03, 2.21647578e-03, 7.38825242e-04, 0., 0.,
       1.10823789e-03, 2.58588837e-03, 2.21647578e-03, 1.84706307e-03,
       2.21647578e-03, 1.10823789e-03, 1.10823789e-03, 2.58588837e-03,
       7.38825242e-04, 7.38825242e-04, 2.21647578e-03, 2.21647578e-03,
       1.47765048e-03, 1.84706307e-03, 1.10823789e-03, 1.84706307e-03,
       7.38825242e-04, 1.10823789e-03, 3.69412621e-04, 1.10823789e-03,
       2.21647578e-03, 1.84706307e-03, 7.38825242e-04, 3.69412621e-04,
       3.69412621e-04, 1.10823789e-03, 3.69412621e-04, 4.80236392e-03,
       3.69412621e-04, 1.47765048e-03, 1.84706307e-03, 1.47765048e-03,
       3.69412621e-04, 7.38825242e-04, 3.32471356e-03, 1.47765048e-03,
       2.21647578e-03, 7.38825242e-04, 1.10823789e-03, 0.,
       2.21647578e-03, 2.95530097e-03, 3.69412621e-04, 1.10823789e-03,
       3.69412621e-04, 1.10823789e-03, 1.84706307e-03, 3.69412621e-04,
       1.10823789e-03, 2.58588837e-03, 3.69412621e-04, 3.69412621e-04,
       1.10823789e-03, 1.10823789e-03, 1.84706307e-03, 7.38825242e-04,
       1.10823789e-03, 2.21647578e-03, 7.38825242e-04, 7.38825242e-04,
       7.38825242e-04, 3.69412621e-04, 2.58588837e-03, 7.38825242e-04,
       5.17177675e-03, 1.47765048e-03, 3.69412621e-04, 7.38825242e-04,
       7.38825242e-04, 1.84706307e-03, 1.10823789e-03, 1.84706307e-03,
       0., 3.69412621e-04, 1.47765048e-03, 1.84706307e-03,
       2.58588837e-03, 2.21647578e-03, 1.10823789e-03, 7.38825242e-04,
       3.69412621e-04, 1.47765048e-03, 2.58588837e-03, 1.47765048e-03,
       1.47765048e-03, 1.10823789e-03, 1.47765048e-03, 1.10823789e-03,
       3.69412621e-04, 1.84706307e-03, 1.47765048e-03, 0.,
       1.10823789e-03, 7.38825242e-04, 0., 1.84706307e-03,
       2.58588837e-03, 2.21647578e-03, 1.47765048e-03, 1.47765048e-03,
       1.84706307e-03, 1.47765048e-03, 7.38825242e-04, 1.47765048e-03,
       1.47765048e-03, 3.69412621e-04, 2.95530097e-03, 1.10823789e-03,
       3.69412621e-04, 7.38825242e-04, 7.38825242e-04, 1.84706307e-03,
       1.10823789e-03, 1.47765048e-03, 1.10823789e-03, 1.10823789e-03,
       2.58588837e-03, 3.69412615e-03, 0., 7.38825242e-04,
       7.38825242e-04, 1.10823789e-03, 1.47765048e-03, 2.21647578e-03,
       2.21647578e-03, 3.69412621e-04, 2.58588837e-03, 2.95530097e-03,
       7.38825242e-04, 3.69412621e-04, 2.58588837e-03, 0.,
       7.38825242e-04, 2.58588837e-03, 2.58588837e-03, 1.47765048e-03,
       3.69412621e-04, 0., 0., 1.47765048e-03, 1.10823789e-03,
       2.21647578e-03, 7.38825242e-04, 1.10823789e-03, 1.47765048e-03,
       7.38825242e-04, 0., 1.47765048e-03, 1.84706307e-03,
       1.10823789e-03, 1.47765048e-03, 3.69412621e-04, 1.47765048e-03,
       7.38825242e-04, 1.84706307e-03, 3.32471356e-03, 1.84706307e-03,
       2.58588837e-03, 7.38825242e-04, 3.69412615e-03, 3.32471356e-03,
       0., 0., 1.10823789e-03, 1.10823789e-03, 7.38825242e-04,
       1.84706307e-03, 7.38825242e-04, 1.10823789e-03, 7.38825242e-04,
       2.21647578e-03, 3.69412621e-04, 7.38825242e-04, 1.10823789e-03,
       7.38825242e-04, 3.69412621e-04, 1.84706307e-03, 3.69412621e-04,
       3.69412621e-04, 1.47765048e-03, 7.38825242e-04, 1.84706307e-03,
       1.84706307e-03, 2.58588837e-03, 7.38825242e-04, 3.69412621e-04,
       1.47765048e-03, 3.69412621e-04, 3.69412621e-04, 3.69412621e-04,
       1.47765048e-03, 0., 2.21647578e-03, 0., 7.38825242e-04,
       7.38825242e-04, 1.10823789e-03, 7.38825242e-04, 1.10823789e-03,
       1.10823789e-03, 7.38825242e-04, 0., 7.38825242e-04,
       1.10823789e-03, 7.38825242e-04, 2.21647578e-03, 7.38825242e-04,
       1.84706307e-03, 1.10823789e-03, 5.54118911e-03, 1.47765048e-03,
       7.38825242e-04, 1.10823789e-03, 2.95530097e-03, 1.10823789e-03,
       1.84706307e-03, 1.10823789e-03, 1.10823789e-03, 7.38825242e-04,
       1.10823789e-03, 1.84706307e-03, 7.38825242e-04, 1.47765048e-03,
       3.69412621e-04, 1.10823789e-03, 1.84706307e-03, 1.10823789e-03,
       1.47765048e-03, 2.21647578e-03, 7.38825242e-04, 1.47765048e-03,
       1.47765048e-03, 1.84706307e-03, 0., 3.69412621e-04,
       1.47765048e-03, 3.32471356e-03, 0., 4.06353874e-03,
       3.69412621e-04, 1.47765048e-03, 1.47765048e-03, 2.58588837e-03,
       5.54118911e-03, 7.38825242e-04, 1.84706307e-03, 3.69412621e-04,
       7.38825242e-04, 1.84706307e-03, 2.58588837e-03, 1.10823789e-03,
       2.21647578e-03, 7.38825242e-04, 3.69412621e-04, 1.10823789e-03,
       1.10823789e-03, 3.69412621e-04, 3.69412621e-04, 7.38825242e-04,
       3.69412621e-04, 2.58588837e-03, 7.38825242e-04, 2.95530097e-03,
       7.38825242e-04, 7.38825242e-04, 3.69412621e-04, 3.69412621e-04,
       1.10823789e-03, 1.10823789e-03, 1.84706307e-03, 0.,
       1.84706307e-03, 1.10823789e-03, 1.47765048e-03, 1.84706307e-03,
       0., 1.47765048e-03, 0., 4.06353874e-03, 3.69412621e-04,
       1.10823789e-03, 3.69412621e-04, 1.84706307e-03, 1.47765048e-03,
       0., 3.69412621e-04, 3.69412621e-04, 1.10823789e-03,
       7.38825242e-04, 1.47765048e-03, 1.10823789e-03, 0.,
       3.69412621e-04, 1.47765048e-03, 3.69412621e-04, 7.38825242e-04,
       1.10823789e-03, 7.38825242e-04, 3.69412621e-04, 1.47765048e-03,
       0., 0., 1.10823789e-03, 1.47765048e-03, 1.10823789e-03,
       1.84706307e-03, 0., 1.10823789e-03, 3.69412621e-04, 0.,
       3.69412621e-04, 1.10823789e-03, 1.10823789e-03, 1.10823789e-03,
       1.10823789e-03, 7.38825242e-04, 2.58588837e-03, 3.69412621e-04,
