%YAML:1.0
m25f: !!opencv-matrix
   rows: 1
   cols: 800
   dt: f
   data: [ 9.28936352e-04, 4.64468176e-04, 4.64468176e-04,
       4.64468176e-04, 2.78680911e-03, 0., 9.28936352e-04,
       9.28936352e-04, 3.71574541e-03, 4.64468176e-04, 4.64468176e-04,
       1.85787270e-03, 0., 4.64468176e-04, 9.28936352e-04,
       1.39340456e-03, 1.39340456e-03, 4.64468176e-04, 0.,
       1.39340456e-03, 0., 4.64468176e-04, 9.28936352e-04,
       4.64468176e-04, 9.28936352e-04, 4.64468176e-04, 4.64468176e-04,
       4.64468176e-04, 4.64468176e-04, 1.85787270e-03, 9.28936352e-04,
       2.32234085e-03, 2.32234085e-03, 1.85787270e-03, 1.39340456e-03,
       6.50255429e-03, 0., 1.85787270e-03, 2.32234085e-03, 0.,
       4.64468176e-04, 3.71574541e-03, 4.64468176e-04, 1.39340456e-03,
       9.28936352e-04, 1.85787270e-03, 2.32234085e-03, 9.28936352e-04,
       0., 0., 2.78680911e-03, 1.39340456e-03, 1.39340456e-03,
       4.64468176e-04, 9.28936352e-04, 9.28936352e-04, 1.85787270e-03,
       0., 1.39340456e-03, 4.64468170e-03, 2.32234085e-03, 0.,
       2.32234085e-03, 2.78680911e-03, 3.25127714e-03, 4.64468176e-04,
       1.39340456e-03, 4.18021344e-03, 9.28936352e-04, 1.39340456e-03,
       4.64468176e-04, 9.28936352e-04, 0., 1.85787270e-03,
       4.64468176e-04, 9.28936352e-04, 0., 0., 2.78680911e-03,
       5.57361823e-03, 4.64468176e-04, 4.64468176e-04, 9.28936352e-04,
       4.64468176e-04, 4.64468176e-04, 1.39340456e-03, 9.28936352e-04,
       1.39340456e-03, 1.85787270e-03, 0., 4.64468176e-04,
       4.64468176e-04, 1.39340456e-03, 4.64468176e-04, 4.64468170e-03,
       1.39340456e-03, 9.28936352e-04, 9.28936352e-04, 2.32234085e-03,
       0., 4.64468176e-04, 2.32234085e-03, 1.85787270e-03, 0., 0.,
       2.32234085e-03, 4.64468176e-04, 2.78680911e-03, 0.,
       4.64468176e-04, 0., 1.85787270e-03, 9.28936352e-04,
       1.85787270e-03, 4.64468170e-03, 1.39340456e-03, 0.,
       2.32234085e-03, 4.64468176e-04, 3.71574541e-03, 1.85787270e-03,
       1.39340456e-03, 1.85787270e-03, 4.64468176e-04, 0.,
       2.78680911e-03, 1.85787270e-03, 0., 3.25127714e-03,
       1.85787270e-03, 0., 9.28936352e-04, 1.85787270e-03,
       4.64468176e-04, 1.85787270e-03, 0., 4.18021344e-03,
       9.28936352e-04, 1.39340456e-03, 2.78680911e-03, 2.32234085e-03,
       2.78680911e-03, 1.39340456e-03, 1.39340456e-03, 2.32234085e-03,
       9.28936352e-04, 0., 4.64468176e-04, 1.39340456e-03,
       1.85787270e-03, 0., 0., 1.85787270e-03, 9.28936352e-04,
       1.39340456e-03, 0., 0., 9.28936352e-04, 1.85787270e-03,
       4.64468176e-04, 1.85787270e-03, 4.64468176e-04, 1.39340456e-03,
       1.85787270e-03, 4.64468176e-04, 2.78680911e-03, 0.,
       1.39340456e-03, 9.28936352e-04, 1.85787270e-03, 3.25127714e-03,
       1.39340456e-03, 6.03808649e-03, 4.64468176e-04, 2.32234085e-03,
       4.64468176e-04, 4.64468176e-04, 4.64468176e-04, 1.85787270e-03,
       1.85787270e-03, 0., 2.32234085e-03, 4.64468176e-04,
       1.85787270e-03, 0., 4.64468176e-04, 9.28936352e-04, 0., 0.,
       4.64468176e-04, 4.64468176e-04, 4.64468176e-04, 2.32234085e-03,
       2.32234085e-03, 9.28936352e-04, 4.64468176e-04, 1.39340456e-03,
       1.85787270e-03, 0., 0., 0., 1.85787270e-03, 1.39340456e-03,
       2.78680911e-03, 9.28936352e-04, 1.39340456e-03, 9.28936352e-04,
       9.28936352e-04, 1.39340456e-03, 1.39340456e-03, 4.64468176e-04,
       4.64468176e-04, 0., 0., 3.71574541e-03, 1.85787270e-03,
       9.28936352e-04, 4.64468176e-04, 3.71574541e-03, 3.71574541e-03,
       2.32234085e-03, 9.28936352e-04, 4.64468176e-04, 0.,
       9.28936352e-04, 0., 9.28936352e-04, 0., 1.39340456e-03, 0.,
       4.64468176e-04, 3.71574541e-03, 9.28936352e-04, 0.,
       2.32234085e-03, 9.28936352e-04, 1.39340456e-03, 0.,
       4.18021344e-03, 0., 1.39340456e-03, 0., 9.28936352e-04,
       9.28936352e-04, 4.64468176e-04, 0., 0., 1.85787270e-03,
       4.64468176e-04, 0., 2.78680911e-03, 0., 9.28936352e-04,
       2.32234085e-03, 4.64468176e-04, 4.64468176e-04, 1.85787270e-03,
       4.64468176e-04, 1.85787270e-03, 2.32234085e-03, 2.78680911e-03,
       2.78680911e-03, 2.78680911e-03, 9.28936352e-04, 1.85787270e-03,
       2.32234085e-03, 4.64468176e-04, 4.64468176e-04, 0.,
       1.39340456e-03, 9.28936352e-04, 0., 0., 0., 1.39340456e-03,
       4.64468176e-04, 1.39340456e-03, 9.28936352e-04, 1.85787270e-03,
       1.39340456e-03, 4.64468176e-04, 4.64468170e-03, 3.71574541e-03,
       1.39340456e-03, 0., 2.78680911e-03, 0., 2.32234085e-03, 0.,
       2.32234085e-03, 2.32234085e-03, 1.85787270e-03, 4.64468176e-04,
       9.28936352e-04, 0., 1.39340456e-03, 5.57361823e-03,
       1.85787270e-03, 1.39340456e-03, 0., 9.28936352e-04,
       4.64468176e-04, 1.39340456e-03, 2.32234085e-03, 4.18021344e-03,
       0., 1.85787270e-03, 4.64468176e-04, 1.85787270e-03, 0.,
       3.25127714e-03, 0., 0., 4.64468176e-04, 0., 9.28936352e-04,
       3.25127714e-03, 1.85787270e-03, 4.64468176e-04, 1.85787270e-03,
       2.32234085e-03, 4.64468176e-04, 2.78680911e-03, 1.39340456e-03,
       4.64468176e-04, 9.28936352e-04, 1.39340456e-03, 0.,
       3.71574541e-03, 0., 1.39340456e-03, 0., 0., 0., 0.,
       9.28936352e-04, 1.85787270e-03, 4.64468176e-04, 3.71574541e-03,
       2.32234085e-03, 3.71574541e-03, 4.64468176e-04, 1.39340456e-03,
       2.32234085e-03, 9.28936352e-04, 2.78680911e-03, 0.,
       1.85787270e-03, 1.85787270e-03, 9.28936352e-04, 4.64468176e-04,
       0., 4.64468176e-04, 1.85787270e-03, 2.78680911e-03, 0.,
       9.28936352e-04, 4.18021344e-03, 9.28936352e-04, 1.85787270e-03,
       1.85787270e-03, 3.25127714e-03, 4.64468176e-04, 1.39340456e-03,
       1.39340456e-03, 0., 9.28936352e-04, 3.71574541e-03,
       4.64468176e-04, 1.39340456e-03, 9.28936352e-04, 9.28936352e-04,
       1.85787270e-03, 1.39340456e-03, 1.39340456e-03, 4.64468176e-04,
       4.64468176e-04, 2.78680911e-03, 1.39340456e-03, 4.64468176e-04,
       1.39340456e-03, 9.28936352e-04, 4.64468176e-04, 3.25127714e-03,
       0., 2.78680911e-03, 9.28936352e-04, 9.28936352e-04,
       4.64468176e-04, 1.39340456e-03, 4.18021344e-03, 1.39340456e-03,
       0., 1.39340456e-03, 1.85787270e-03, 1.39340456e-03,
       9.28936352e-04, 1.39340456e-03, 0., 2.78680911e-03,
       4.64468176e-04, 2.32234085e-03, 4.64468176e-04, 0.,
       1.85787270e-03, 1.85787270e-03, 9.28936352e-04, 4.64468176e-04,
       0., 4.64468176e-04, 9.28936352e-04, 3.71574541e-03,
       4.64468176e-04, 9.28936352e-04, 9.28936352e-04, 0., 0.,
       1.39340456e-03, 0., 9.28936352e-04, 1.39340456e-03,
       1.39340456e-03, 4.64468176e-04, 9.28936352e-04, 2.78680911e-03,
       2.32234085e-03, 4.64468176e-04, 4.64468176e-04, 0.,
       1.39340456e-03, 0., 4.64468176e-04, 4.64468176e-04,
       9.28936352e-04, 1.39340456e-03, 9.28936352e-04, 0.,
       2.78680911e-03, 2.32234085e-03, 0., 1.39340456e-03,
       1.39340456e-03, 1.85787270e-03, 9.28936352e-04, 9.28936352e-04,
       9.28936352e-04, 0., 1.85787270e-03, 4.64468176e-04, 0., 0.,
       5.57361823e-03, 0., 3.71574541e-03, 1.85787270e-03,
       9.28936352e-04, 0., 0., 0., 1.85787270e-03, 2.78680911e-03,
       9.28936352e-04, 0., 1.39340456e-03, 9.28936352e-04, 0.,
       4.64468176e-04, 0., 1.39340456e-03, 1.85787270e-03, 0., 0.,
       1.39340456e-03, 3.71574541e-03, 1.39340456e-03, 0.,
       3.25127714e-03, 2.78680911e-03, 2.78680911e-03, 1.39340456e-03,
       9.28936352e-04, 0., 9.28936352e-04, 0., 2.32234085e-03,
       4.64468176e-04, 1.39340456e-03, 0., 0., 9.28936352e-04,
       1.85787270e-03, 2.78680911e-03, 3.71574541e-03, 1.85787270e-03,
       4.64468176e-04, 9.28936352e-04, 1.39340456e-03, 3.25127714e-03,
       1.39340456e-03, 0., 1.39340456e-03, 4.64468176e-04,
       2.32234085e-03, 4.18021344e-03, 0., 1.39340456e-03,
       4.64468176e-04, 3.71574541e-03, 4.18021344e-03, 4.64468176e-04,
       4.64468176e-04, 0., 9.28936352e-04, 1.39340456e-03,
       2.32234085e-03, 9.28936352e-04, 4.18021344e-03, 1.39340456e-03,
       9.28936352e-04, 4.64468176e-04, 0., 1.39340456e-03,
