%YAML:1.0
m25f: !!opencv-matrix
   rows: 1
   cols: 800
   dt: f
   data: [ 4.75059380e-04, 4.75059380e-04, 4.75059380e-04,
       9.50118760e-04, 1.90023752e-03, 0., 1.42517814e-03,
       9.50118760e-04, 5.70071256e-03, 4.75059380e-04, 0.,
       4.75059380e-04, 0., 2.37529678e-03, 4.75059380e-04,
       4.75059380e-04, 9.50118760e-04, 4.75059380e-04, 0.,
       2.37529678e-03, 4.75059380e-04, 0., 4.75059380e-04,
       1.42517814e-03, 0., 1.42517814e-03, 9.50118760e-04,
       1.42517814e-03, 9.50118760e-04, 0., 9.50118760e-04,
       9.50118760e-04, 2.85035628e-03, 2.85035628e-03, 4.75059380e-04,
       4.75059357e-03, 1.42517814e-03, 2.37529678e-03, 4.75059380e-04,
       4.75059380e-04, 4.75059380e-04, 1.90023752e-03, 4.75059380e-04,
       3.32541578e-03, 4.75059380e-04, 4.75059380e-04, 1.90023752e-03,
       9.50118760e-04, 9.50118760e-04, 0., 0., 9.50118760e-04,
       9.50118760e-04, 0., 0., 2.37529678e-03, 4.27553430e-03,
       4.75059380e-04, 4.75059380e-04, 3.80047504e-03, 2.37529678e-03,
       0., 4.75059380e-04, 3.32541578e-03, 4.75059380e-04,
       9.50118760e-04, 0., 4.27553430e-03, 3.32541578e-03,
       4.75059380e-04, 4.75059380e-04, 1.42517814e-03, 0., 0.,
       4.75059380e-04, 0., 0., 4.75059380e-04, 4.75059380e-04,
       6.17577182e-03, 4.75059380e-04, 4.75059380e-04, 1.42517814e-03,
       9.50118760e-04, 9.50118760e-04, 5.22565329e-03, 4.75059380e-04,
       2.37529678e-03, 2.37529678e-03, 0., 4.75059380e-04, 0.,
       4.75059380e-04, 1.42517814e-03, 6.65083155e-03, 4.75059380e-04,
       1.90023752e-03, 9.50118760e-04, 3.32541578e-03, 1.90023752e-03,
       9.50118760e-04, 3.80047504e-03, 2.37529678e-03, 0., 0.,
       4.75059380e-04, 4.75059380e-04, 9.50118760e-04, 0.,
       9.50118760e-04, 9.50118760e-04, 1.90023752e-03, 9.50118760e-04,
       1.42517814e-03, 5.22565329e-03, 2.37529678e-03, 1.90023752e-03,
       2.37529678e-03, 0., 3.80047504e-03, 4.75059380e-04,
       4.75059380e-04, 2.37529678e-03, 4.27553430e-03, 0.,
       9.50118760e-04, 1.42517814e-03, 0., 2.37529678e-03,
       1.90023752e-03, 0., 4.75059380e-04, 9.50118760e-04,
       4.75059380e-04, 4.75059380e-04, 4.75059380e-04, 2.85035628e-03,
       2.37529678e-03, 1.42517814e-03, 3.80047504e-03, 1.42517814e-03,
       3.32541578e-03, 1.90023752e-03, 9.50118760e-04, 1.42517814e-03,
       1.42517814e-03, 9.50118760e-04, 0., 4.75059380e-04,
       9.50118760e-04, 0., 0., 9.50118760e-04, 4.75059380e-04,
       9.50118760e-04, 0., 0., 2.37529678e-03, 4.75059357e-03,
       2.85035628e-03, 1.90023752e-03, 4.75059380e-04, 4.75059380e-04,
       9.50118760e-04, 0., 1.90023752e-03, 4.75059380e-04,
       3.80047504e-03, 4.75059380e-04, 3.32541578e-03, 9.50118760e-04,
       1.42517814e-03, 5.22565329e-03, 1.42517814e-03, 1.90023752e-03,
       0., 9.50118760e-04, 0., 4.75059380e-04, 4.75059380e-04, 0.,
       9.50118760e-04, 4.75059380e-04, 1.42517814e-03, 4.75059380e-04,
       1.42517814e-03, 1.90023752e-03, 4.75059380e-04, 0.,
       1.42517814e-03, 4.75059380e-04, 1.42517814e-03, 1.42517814e-03,
       2.37529678e-03, 1.90023752e-03, 0., 9.50118760e-04,
       2.85035628e-03, 4.75059380e-04, 0., 1.90023752e-03,
       2.85035628e-03, 2.85035628e-03, 1.42517814e-03, 0.,
       4.75059380e-04, 0., 9.50118760e-04, 2.85035628e-03,
       9.50118760e-04, 9.50118760e-04, 1.90023752e-03, 0.,
       9.50118760e-04, 2.85035628e-03, 2.85035628e-03, 0.,
       9.50118760e-04, 2.85035628e-03, 1.90023752e-03, 1.42517814e-03,
       1.42517814e-03, 0., 1.42517814e-03, 0., 9.50118760e-04, 0.,
       4.75059380e-04, 1.42517814e-03, 0., 4.75059380e-04,
       1.90023752e-03, 9.50118760e-04, 0., 1.42517814e-03,
       9.50118760e-04, 4.75059380e-04, 9.50118760e-04, 9.50118760e-04,
       1.42517814e-03, 1.42517814e-03, 9.50118760e-04, 4.75059380e-04,
       9.50118760e-04, 1.42517814e-03, 4.75059380e-04, 9.50118760e-04,
       1.90023752e-03, 4.75059380e-04, 9.50118760e-04, 9.50118760e-04,
       1.90023752e-03, 1.90023752e-03, 2.85035628e-03, 4.75059380e-04,
       9.50118760e-04, 1.42517814e-03, 9.50118760e-04, 9.50118760e-04,
       1.42517814e-03, 4.75059357e-03, 1.90023752e-03, 1.42517814e-03,
       2.37529678e-03, 1.42517814e-03, 1.90023752e-03, 9.50118760e-04,
       9.50118760e-04, 2.37529678e-03, 4.75059380e-04, 0., 0.,
       4.75059380e-04, 0., 0., 0., 2.85035628e-03, 1.42517814e-03,
       9.50118760e-04, 2.37529678e-03, 4.75059380e-04, 4.75059380e-04,
       4.75059357e-03, 3.80047504e-03, 0., 1.90023752e-03, 0.,
       1.90023752e-03, 0., 1.90023752e-03, 3.32541578e-03,
       9.50118760e-04, 0., 3.80047504e-03, 0., 1.90023752e-03,
       9.50118760e-04, 9.50118760e-04, 9.50118760e-04, 4.75059380e-04,
       1.42517814e-03, 9.50118760e-04, 1.90023752e-03, 1.90023752e-03,
       3.80047504e-03, 0., 1.42517814e-03, 4.75059380e-04,
       4.75059380e-04, 0., 1.42517814e-03, 0., 4.75059380e-04, 0., 0.,
       9.50118760e-04, 2.37529678e-03, 3.80047504e-03, 0.,
       3.80047504e-03, 9.50118760e-04, 0., 9.50118760e-04,
       1.42517814e-03, 0., 1.90023752e-03, 9.50118760e-04,
       1.42517814e-03, 3.32541578e-03, 0., 0., 0., 4.75059380e-04,
       4.75059380e-04, 9.50118760e-04, 1.42517814e-03, 9.50118760e-04,
       0., 3.32541578e-03, 2.37529678e-03, 1.90023752e-03, 0.,
       9.50118760e-04, 0., 1.42517814e-03, 1.42517814e-03,
       4.75059380e-04, 4.75059380e-04, 2.37529678e-03, 1.42517814e-03,
       9.50118760e-04, 0., 1.42517814e-03, 1.90023752e-03,
       2.85035628e-03, 0., 0., 2.85035628e-03, 9.50118760e-04,
       9.50118760e-04, 9.50118760e-04, 1.42517814e-03, 4.75059380e-04,
       9.50118760e-04, 1.90023752e-03, 4.75059380e-04, 9.50118760e-04,
       9.50118760e-04, 1.42517814e-03, 0., 9.50118760e-04, 0.,
       2.85035628e-03, 1.42517814e-03, 4.75059357e-03, 0.,
       1.42517814e-03, 9.50118760e-04, 9.50118760e-04, 0.,
       4.75059380e-04, 4.75059380e-04, 4.75059380e-04, 1.42517814e-03,
       0., 3.80047504e-03, 2.37529678e-03, 1.90023752e-03,
       4.75059380e-04, 0., 4.75059380e-04, 1.42517814e-03, 0.,
       4.75059380e-04, 1.90023752e-03, 3.80047504e-03, 1.90023752e-03,
       0., 1.90023752e-03, 1.42517814e-03, 4.75059380e-04,
       1.42517814e-03, 0., 0., 1.42517814e-03, 9.50118760e-04,
       9.50118760e-04, 4.75059380e-04, 4.75059380e-04, 0.,
       4.75059380e-04, 2.85035628e-03, 2.37529678e-03, 0.,
       9.50118760e-04, 4.75059380e-04, 0., 1.90023752e-03,
       9.50118760e-04, 0., 1.42517814e-03, 0., 0., 1.42517814e-03,
       9.50118760e-04, 4.75059380e-04, 1.42517814e-03, 9.50118760e-04,
       0., 2.37529678e-03, 0., 0., 4.75059380e-04, 1.42517814e-03,
       9.50118760e-04, 1.42517814e-03, 0., 2.85035628e-03,
       2.85035628e-03, 0., 4.75059380e-04, 0., 1.90023752e-03,
       1.42517814e-03, 1.42517814e-03, 4.75059380e-04, 0.,
       9.50118760e-04, 9.50118760e-04, 0., 0., 3.80047504e-03,
       4.75059380e-04, 2.85035628e-03, 9.50118760e-04, 1.42517814e-03,
       0., 0., 0., 1.42517814e-03, 1.42517814e-03, 9.50118760e-04,
       4.75059380e-04, 9.50118760e-04, 1.90023752e-03, 1.42517814e-03,
       1.90023752e-03, 4.75059380e-04, 9.50118760e-04, 1.42517814e-03,
       0., 0., 4.75059380e-04, 2.85035628e-03, 0., 0., 3.32541578e-03,
       2.37529678e-03, 1.90023752e-03, 4.75059380e-04, 1.90023752e-03,
       0., 4.75059380e-04, 9.50118760e-04, 2.85035628e-03,
       9.50118760e-04, 0., 4.75059380e-04, 0., 2.37529678e-03,
       2.85035628e-03, 3.32541578e-03, 1.42517814e-03, 5.70071256e-03,
       4.75059380e-04, 1.90023752e-03, 1.42517814e-03, 3.32541578e-03,
       3.80047504e-03, 9.50118760e-04, 9.50118760e-04, 9.50118760e-04,
       4.27553430e-03, 5.22565329e-03, 4.75059380e-04, 1.42517814e-03,
       0., 2.37529678e-03, 3.80047504e-03, 0., 0., 9.50118760e-04,
       9.50118760e-04, 9.50118760e-04, 3.32541578e-03, 1.90023752e-03,
       4.27553430e-03, 1.90023752e-03, 9.50118760e-04, 2.85035628e-03,
       9.50118760e-04, 1.42517814e-03, 0., 2.37529678e-03, 0.,
