%YAML:1.0
m25f: !!opencv-matrix
   rows: 1
   cols: 800
   dt: f
   data: [ 9.17431200e-04, 9.17431200e-04, 0., 1.37614680e-03,
       9.17431200e-04, 4.58715600e-04, 1.83486240e-03, 9.17431200e-04,
       2.75229360e-03, 9.17431200e-04, 9.17431200e-04, 4.58715600e-04,
       9.17431200e-04, 2.29357788e-03, 4.58715600e-04, 9.17431200e-04,
       9.17431200e-04, 4.58715600e-04, 4.58715600e-04, 1.37614680e-03,
       4.58715600e-04, 4.58715600e-04, 9.17431200e-04, 6.88073412e-03,
       4.58715600e-04, 2.75229360e-03, 9.17431200e-04, 1.37614680e-03,
       0., 4.58715577e-03, 3.21100932e-03, 4.58715600e-04,
       2.29357788e-03, 1.83486240e-03, 4.58715600e-04, 9.17431200e-04,
       0., 1.37614680e-03, 1.83486240e-03, 0., 0., 1.83486240e-03,
       9.17431200e-04, 4.58715600e-04, 0., 3.21100932e-03,
       9.17431200e-04, 4.58715600e-04, 4.58715600e-04, 0., 0.,
       1.83486240e-03, 3.21100932e-03, 4.58715600e-04, 1.37614680e-03,
       4.58715600e-04, 9.17431200e-04, 1.37614680e-03, 1.83486240e-03,
       2.75229360e-03, 0., 0., 0., 0., 2.29357788e-03, 4.58715600e-04,
       4.58715600e-04, 0., 2.75229360e-03, 4.58715600e-04,
       4.58715600e-04, 9.17431200e-04, 0., 4.58715600e-04,
       1.37614680e-03, 1.37614680e-03, 4.58715600e-04, 4.58715600e-04,
       9.17431200e-04, 1.37614680e-03, 0., 4.58715600e-04,
       1.83486240e-03, 0., 4.58715600e-04, 3.66972480e-03,
       1.37614680e-03, 1.83486240e-03, 2.29357788e-03, 1.37614680e-03,
       4.58715600e-04, 4.58715600e-04, 4.58715600e-04, 4.58715600e-04,
       1.83486240e-03, 0., 0., 3.21100932e-03, 1.37614680e-03,
       2.75229360e-03, 9.17431200e-04, 4.58715600e-04, 1.83486240e-03,
       0., 0., 1.37614680e-03, 2.29357788e-03, 4.58715600e-04,
       4.58715600e-04, 9.17431200e-04, 2.29357788e-03, 3.66972480e-03,
       1.83486240e-03, 4.58715600e-04, 9.63302795e-03, 9.17431200e-04,
       4.12844028e-03, 5.96330268e-03, 4.58715600e-04, 1.37614680e-03,
       4.58715600e-04, 1.37614680e-03, 4.58715600e-04, 3.21100932e-03,
       1.83486240e-03, 4.58715600e-04, 3.21100932e-03, 4.58715600e-04,
       1.83486240e-03, 9.17431200e-04, 9.17431200e-04, 1.37614680e-03,
       2.29357788e-03, 1.37614680e-03, 4.58715600e-04, 1.37614680e-03,
       9.17431200e-04, 4.58715600e-04, 1.83486240e-03, 4.58715600e-04,
       3.66972480e-03, 9.17431200e-04, 0., 4.58715600e-04,
       1.83486240e-03, 1.37614680e-03, 1.37614680e-03, 0., 0.,
       1.83486240e-03, 0., 0., 9.17431200e-04, 4.58715600e-04,
       9.17431200e-04, 9.17431200e-04, 0., 1.83486240e-03,
       1.37614680e-03, 2.75229360e-03, 4.58715600e-04, 1.37614680e-03,
       9.17431200e-04, 1.83486240e-03, 1.37614680e-03, 1.83486240e-03,
       1.37614680e-03, 2.75229360e-03, 4.58715600e-04, 0.,
       1.37614680e-03, 2.75229360e-03, 2.29357788e-03, 9.17431200e-04,
       9.17431200e-04, 0., 9.17431200e-04, 4.58715600e-04,
       1.37614680e-03, 4.58715600e-04, 1.83486240e-03, 5.04587172e-03,
       0., 1.37614680e-03, 2.75229360e-03, 2.29357788e-03,
       1.37614680e-03, 1.83486240e-03, 0., 2.75229360e-03,
       4.58715600e-04, 2.29357788e-03, 1.83486240e-03, 4.58715600e-04,
       9.17431200e-04, 9.17431200e-04, 2.29357788e-03, 9.17431200e-04,
       0., 9.17431200e-04, 2.75229360e-03, 9.17431200e-04,
       2.29357788e-03, 9.17431200e-04, 0., 1.37614680e-03,
       1.83486240e-03, 0., 2.29357788e-03, 9.17431200e-04,
       2.29357788e-03, 9.17431200e-04, 0., 4.58715600e-04,
       1.83486240e-03, 4.58715600e-04, 9.17431200e-04, 1.83486240e-03,
       9.17431200e-04, 4.58715600e-04, 1.83486240e-03, 1.14678899e-02,
       9.17431200e-04, 1.83486240e-03, 9.17431200e-04, 0., 0.,
       1.37614680e-03, 1.37614680e-03, 1.37614680e-03, 0.,
       5.04587172e-03, 4.58715600e-04, 1.83486240e-03, 9.17431200e-04,
       3.21100932e-03, 1.37614680e-03, 9.17431200e-04, 1.37614680e-03,
       4.58715577e-03, 9.17431200e-04, 3.66972480e-03, 9.17431200e-04,
       9.17431200e-04, 0., 0., 5.04587172e-03, 9.17431200e-04,
       4.58715600e-04, 1.83486240e-03, 5.04587172e-03, 1.83486240e-03,
       1.37614680e-03, 2.29357788e-03, 2.29357788e-03, 1.83486240e-03,
       4.58715600e-04, 3.21100932e-03, 4.58715600e-04, 4.58715600e-04,
       9.17431200e-04, 1.37614680e-03, 4.58715600e-04, 4.58715600e-04,
       9.17431200e-04, 4.58715600e-04, 2.75229360e-03, 0.,
       9.17431200e-04, 0., 1.83486240e-03, 9.17431200e-04, 0.,
       9.17431200e-04, 9.17431200e-04, 9.17431200e-04, 1.37614680e-03,
       9.17431200e-04, 9.17431200e-04, 9.17431200e-04, 0.,
       2.75229360e-03, 9.17431200e-04, 1.83486240e-03, 4.58715600e-04,
       9.17431200e-04, 9.17431200e-04, 1.37614680e-03, 0.,
       1.37614680e-03, 9.17431200e-04, 7.79816508e-03, 9.17431200e-04,
       3.21100932e-03, 9.17431200e-04, 9.17431200e-04, 0.,
       1.83486240e-03, 9.17431200e-04, 4.58715600e-04, 1.83486240e-03,
       2.75229360e-03, 2.29357788e-03, 4.58715600e-04, 1.83486240e-03,
       4.58715600e-04, 0., 4.58715600e-04, 1.37614680e-03,
       1.37614680e-03, 3.21100932e-03, 3.66972480e-03, 3.21100932e-03,
       1.37614680e-03, 4.58715600e-04, 0., 5.04587172e-03,
       9.17431200e-04, 4.58715600e-04, 1.37614680e-03, 1.37614680e-03,
       1.83486240e-03, 4.58715600e-04, 1.83486240e-03, 1.37614680e-03,
       4.58715600e-04, 4.58715577e-03, 0., 2.29357788e-03,
       2.29357788e-03, 3.66972480e-03, 0., 4.58715600e-04,
       4.58715600e-04, 0., 9.17431200e-04, 4.58715600e-04,
       9.17431200e-04, 4.58715600e-04, 9.17431200e-04, 9.17431200e-04,
       0., 9.17431200e-04, 1.83486240e-03, 0., 3.21100932e-03,
       1.37614680e-03, 9.17431200e-04, 1.37614680e-03, 4.58715600e-04,
       4.58715600e-04, 2.29357788e-03, 0., 3.21100932e-03, 0.,
       2.75229360e-03, 9.17431200e-04, 9.17431200e-04, 4.58715600e-04,
       1.37614680e-03, 1.37614680e-03, 9.17431200e-04, 1.37614680e-03,
       2.29357788e-03, 3.66972480e-03, 0., 2.29357788e-03,
       1.37614680e-03, 1.83486240e-03, 9.17431200e-04, 0.,
       4.58715600e-04, 4.58715600e-04, 9.17431200e-04, 1.37614680e-03,
       1.83486240e-03, 4.58715600e-04, 2.75229360e-03, 0.,
       2.75229360e-03, 2.29357788e-03, 1.37614680e-03, 4.58715600e-04,
       1.37614680e-03, 9.17431200e-04, 5.96330268e-03, 3.21100932e-03,
       1.37614680e-03, 3.66972480e-03, 4.58715600e-04, 0.,
       1.83486240e-03, 9.17431200e-04, 4.58715600e-04, 4.58715600e-04,
       1.83486240e-03, 4.58715600e-04, 0., 1.37614680e-03, 0.,
       4.12844028e-03, 9.17431200e-04, 0., 2.29357788e-03,
       9.17431200e-04, 1.37614680e-03, 4.12844028e-03, 1.37614680e-03,
       4.58715577e-03, 9.17431200e-04, 1.83486240e-03, 1.83486240e-03,
       1.37614680e-03, 1.83486240e-03, 9.17431200e-04, 0.,
       4.58715600e-04, 4.58715600e-04, 4.58715600e-04, 1.37614680e-03,
       2.75229360e-03, 0., 1.83486240e-03, 9.17431200e-04,
       1.37614680e-03, 4.58715600e-04, 2.29357788e-03, 0., 0.,
       9.17431200e-04, 4.58715600e-04, 0., 1.37614680e-03, 0.,
       1.37614680e-03, 2.29357788e-03, 4.58715600e-04, 2.29357788e-03,
       9.17431200e-04, 4.58715600e-04, 4.58715600e-04, 1.37614680e-03,
       1.37614680e-03, 9.17431200e-04, 1.37614680e-03, 4.58715600e-04,
       9.17431200e-04, 9.17431200e-04, 3.21100932e-03, 4.58715600e-04,
       1.37614680e-03, 2.29357788e-03, 9.17431200e-04, 4.58715600e-04,
       3.21100932e-03, 4.58715600e-04, 1.83486240e-03, 1.37614680e-03,
       9.17431200e-04, 1.37614680e-03, 9.17431200e-04, 1.37614680e-03,
       4.58715600e-04, 9.17431200e-04, 3.66972480e-03, 1.83486240e-03,
       4.58715600e-04, 9.17431200e-04, 0., 1.37614680e-03, 0., 0.,
       4.58715600e-04, 2.29357788e-03, 4.58715600e-04, 9.17431200e-04,
       2.75229360e-03, 4.58715600e-04, 1.37614680e-03, 9.17431200e-04,
       2.29357788e-03, 9.17431200e-04, 4.58715600e-04, 9.17431200e-04,
       1.37614680e-03, 0., 1.37614680e-03, 1.83486240e-03, 0., 0.,
       1.83486240e-03, 1.37614680e-03, 0., 9.17431200e-04,
       2.29357788e-03, 4.58715600e-04, 1.37614680e-03, 1.37614680e-03,
