%YAML:1.0
m25f: !!opencv-matrix
   rows: 1
   cols: 800
   dt: f
   data: [ 5.27148135e-04, 5.27148135e-04, 1.05429627e-03,
       5.27148135e-04, 5.27148135e-04, 0., 2.10859254e-03,
       4.74433322e-03, 3.16288881e-03, 2.10859254e-03, 1.05429627e-03,
       1.05429627e-03, 5.27148135e-04, 5.27148135e-04, 1.58144441e-03,
       0., 0., 2.63574068e-03, 1.58144441e-03, 5.27148135e-04,
       1.05429627e-03, 5.27148135e-04, 0., 0., 0., 5.79862949e-03,
       1.05429627e-03, 3.16288881e-03, 5.27148135e-04, 0.,
       2.10859254e-03, 3.16288881e-03, 1.05429627e-03, 5.27148135e-04,
       1.05429627e-03, 5.27148135e-04, 1.58144441e-03, 2.63574068e-03,
       1.05429627e-03, 0., 5.27148135e-04, 2.10859254e-03, 0.,
       1.58144441e-03, 2.10859254e-03, 5.27148135e-04, 2.63574068e-03,
       0., 1.05429627e-03, 0., 1.58144441e-03, 1.58144441e-03,
       1.05429627e-03, 1.05429627e-03, 0., 2.63574068e-03,
       3.16288881e-03, 5.27148135e-04, 0., 3.16288881e-03, 0.,
       5.27148135e-04, 0., 1.58144441e-03, 0., 0., 0., 1.58144441e-03,
       0., 0., 0., 5.27148135e-04, 5.27148135e-04, 5.27148135e-04,
       1.05429627e-03, 2.63574068e-03, 0., 0., 3.16288881e-03, 0.,
       1.58144441e-03, 0., 5.27148135e-04, 1.05429627e-03, 0.,
       2.63574068e-03, 5.27148135e-04, 5.27148135e-04, 1.58144441e-03,
       1.58144441e-03, 0., 1.05429627e-03, 1.05429627e-03,
       2.10859254e-03, 1.05429627e-03, 2.63574068e-03, 5.27148135e-03,
       5.27148135e-04, 3.16288881e-03, 5.27148135e-04, 2.10859254e-03,
       1.05429627e-03, 2.63574068e-03, 2.10859254e-03, 0.,
       3.69003695e-03, 1.05429627e-03, 5.27148135e-04, 0., 0.,
       1.05429627e-03, 3.16288881e-03, 5.27148135e-04, 3.69003695e-03,
       0., 3.16288881e-03, 5.27148135e-04, 7.38007389e-03, 0.,
       4.21718508e-03, 5.27148135e-04, 5.27148135e-04, 1.58144441e-03,
       2.10859254e-03, 0., 0., 2.63574068e-03, 5.27148135e-04,
       3.16288881e-03, 1.58144441e-03, 0., 1.58144441e-03,
       1.05429627e-03, 5.27148135e-04, 1.58144441e-03, 5.27148135e-04,
       4.74433322e-03, 5.27148135e-04, 2.10859254e-03, 5.27148135e-04,
       5.27148135e-04, 1.05429627e-03, 2.10859254e-03, 0.,
       1.05429627e-03, 1.05429627e-03, 5.27148135e-04, 5.27148135e-04,
       0., 2.10859254e-03, 0., 0., 2.10859254e-03, 3.16288881e-03, 0.,
       5.27148135e-04, 0., 2.10859254e-03, 2.63574068e-03,
       2.63574068e-03, 0., 0., 1.58144441e-03, 2.10859254e-03,
       5.27148135e-04, 1.05429627e-03, 0., 1.05429627e-03,
       1.05429627e-03, 3.69003695e-03, 2.10859254e-03, 5.27148135e-04,
       3.16288881e-03, 5.27148135e-03, 1.05429627e-03, 5.27148135e-04,
       2.63574068e-03, 0., 0., 0., 1.05429627e-03, 5.27148135e-04, 0.,
       1.05429627e-03, 2.10859254e-03, 2.10859254e-03, 0.,
       1.58144441e-03, 0., 5.27148135e-03, 0., 1.58144441e-03,
       1.58144441e-03, 5.27148135e-04, 1.58144441e-03, 1.05429627e-03,
       5.27148135e-04, 2.10859254e-03, 5.27148135e-04, 0., 0.,
       1.05429627e-03, 2.63574068e-03, 0., 5.27148135e-04,
       1.05429627e-03, 1.58144441e-03, 1.05429627e-03, 1.05429627e-03,
       1.58144441e-03, 5.27148135e-04, 5.27148135e-04, 0.,
       3.16288881e-03, 5.27148135e-04, 1.05429627e-03, 2.10859254e-03,
       5.27148135e-04, 1.05429627e-03, 3.16288881e-03, 2.10859254e-03,
       0., 5.27148135e-04, 5.27148135e-04, 0., 5.27148135e-04,
       1.05429627e-03, 5.27148135e-04, 1.05429627e-03, 2.10859254e-03,
       0., 2.10859254e-03, 2.10859254e-03, 1.05429627e-03, 0., 0.,
       2.10859254e-03, 0., 4.74433322e-03, 5.79862949e-03,
       4.21718508e-03, 1.58144441e-03, 2.10859254e-03, 1.58144441e-03,
       5.27148135e-04, 5.27148135e-04, 1.05429627e-03, 1.58144441e-03,
       1.05429627e-03, 5.27148135e-04, 5.27148135e-04, 5.27148135e-04,
       5.27148135e-04, 1.05429627e-03, 2.10859254e-03, 1.05429627e-03,
       0., 5.27148135e-04, 0., 2.10859254e-03, 1.58144441e-03,
       3.16288881e-03, 1.05429627e-03, 5.27148135e-04, 1.05429627e-03,
       2.63574068e-03, 3.16288881e-03, 1.58144441e-03, 1.58144441e-03,
       1.05429627e-03, 0., 0., 0., 5.27148135e-04, 1.58144441e-03,
       5.27148135e-04, 2.10859254e-03, 3.16288881e-03, 2.10859254e-03,
       1.58144441e-03, 0., 0., 1.05429627e-03, 2.10859254e-03,
       5.27148135e-04, 0., 1.05429627e-03, 1.58144441e-03, 0.,
       2.63574068e-03, 1.05429627e-03, 1.58144441e-03, 0.,
       5.27148135e-04, 1.05429627e-03, 1.05429627e-03, 1.58144441e-03,
       1.58144441e-03, 1.58144441e-03, 5.27148135e-04, 0.,
       5.27148135e-04, 5.27148135e-04, 5.27148135e-04, 3.69003695e-03,
       0., 1.05429627e-03, 2.10859254e-03, 0., 5.27148135e-04,
       3.16288881e-03, 0., 5.27148135e-04, 5.27148135e-04,
       5.27148135e-04, 5.27148135e-04, 9.48866643e-03, 2.10859254e-03,
       1.05429627e-03, 3.69003695e-03, 2.10859254e-03, 5.27148135e-04,
       1.05429627e-03, 1.05429627e-03, 0., 1.05429627e-03,
       5.27148135e-04, 3.69003695e-03, 1.58144441e-03, 0.,
       1.58144441e-03, 0., 5.27148135e-04, 0., 0., 1.58144441e-03,
       5.27148135e-04, 0., 3.69003695e-03, 2.10859254e-03,
       1.58144441e-03, 0., 5.27148135e-04, 1.05429627e-03,
       5.27148135e-04, 1.05429627e-03, 1.58144441e-03, 2.10859254e-03,
       5.27148135e-04, 1.05429627e-03, 5.27148135e-04, 5.27148135e-04,
       0., 1.05429627e-03, 5.27148135e-04, 0., 2.10859254e-03,
       1.58144441e-03, 2.10859254e-03, 1.58144441e-03, 3.16288881e-03,
       2.63574068e-03, 5.27148135e-04, 2.10859254e-03, 2.10859254e-03,
       1.05429627e-03, 2.63574068e-03, 2.10859254e-03, 5.27148135e-04,
       5.27148135e-04, 0., 1.05429627e-03, 1.05429627e-03,
       2.10859254e-03, 0., 0., 2.63574068e-03, 5.27148135e-04,
       1.58144441e-03, 1.58144441e-03, 2.10859254e-03, 3.16288881e-03,
       1.58144441e-03, 6.32577762e-03, 5.27148135e-04, 1.05429627e-03,
       5.27148135e-04, 2.10859254e-03, 2.63574068e-03, 1.05429627e-03,
       5.27148135e-04, 0., 1.05429627e-03, 5.27148135e-04,
       4.21718508e-03, 6.32577762e-03, 0., 1.05429627e-03,
       5.27148135e-04, 1.05429627e-03, 3.16288881e-03, 1.05429627e-03,
       1.05429627e-03, 5.27148135e-04, 1.58144441e-03, 1.05429627e-03,
       5.27148135e-04, 5.27148135e-04, 2.10859254e-03, 3.16288881e-03,
       5.27148135e-04, 5.27148135e-04, 2.10859254e-03, 0.,
       1.58144441e-03, 0., 5.27148135e-04, 0., 5.27148135e-04,
       5.27148135e-04, 1.05429627e-03, 1.05429627e-03, 5.27148135e-04,
       3.16288881e-03, 4.21718508e-03, 0., 5.27148135e-04, 0., 0.,
       2.10859254e-03, 5.27148135e-04, 0., 5.27148135e-04, 0.,
       5.27148135e-04, 0., 0., 1.05429627e-03, 1.05429627e-03, 0.,
       1.05429627e-03, 5.27148135e-04, 2.63574068e-03, 5.27148135e-04,
       1.05429627e-03, 1.58144441e-03, 0., 1.58144441e-03,
       1.58144441e-03, 2.63574068e-03, 5.27148135e-04, 1.58144441e-03,
       5.27148135e-04, 2.10859254e-03, 5.27148135e-04, 5.27148135e-04,
       1.05429627e-03, 0., 0., 5.27148135e-04, 1.05429627e-03,
       2.10859254e-03, 5.27148135e-04, 1.58144441e-03, 0.,
       5.27148135e-04, 2.10859254e-03, 5.27148135e-04, 1.58144441e-03,
       2.10859254e-03, 1.05429627e-03, 5.27148135e-04, 5.27148135e-04,
       1.05429627e-03, 5.27148135e-04, 0., 3.69003695e-03,
       2.63574068e-03, 2.10859254e-03, 5.27148135e-04, 2.63574068e-03,
       4.21718508e-03, 0., 0., 1.58144441e-03, 2.10859254e-03,
       1.05429627e-03, 5.27148135e-04, 1.05429627e-03, 1.05429627e-03,
       1.58144441e-03, 2.10859254e-03, 5.27148135e-04, 5.27148135e-04,
       3.16288881e-03, 1.05429627e-03, 2.63574068e-03, 1.58144441e-03,
       2.10859254e-03, 0., 3.69003695e-03, 0., 5.27148135e-04,
       1.58144441e-03, 2.10859254e-03, 1.05429627e-03, 0.,
       1.05429627e-03, 1.05429627e-03, 1.05429627e-03, 5.27148135e-04,
       3.69003695e-03, 5.27148135e-04, 1.58144441e-03, 3.16288881e-03,
       3.16288881e-03, 3.16288881e-03, 1.05429627e-03, 1.58144441e-03,
       2.63574068e-03, 2.10859254e-03, 3.16288881e-03, 1.58144441e-03,
