%YAML:1.0
m25f: !!opencv-matrix
   rows: 1
   cols: 800
   dt: f
   data: [ 1.36736548e-03, 1.82315405e-03, 2.27894261e-03,
       9.11577023e-04, 3.64630809e-03, 4.55788511e-04, 1.36736548e-03,
       9.11577023e-04, 1.36736548e-03, 1.82315405e-03, 9.11577023e-04,
       1.36736548e-03, 3.19051952e-03, 2.27894261e-03, 4.55788523e-03,
       0., 1.36736548e-03, 1.36736548e-03, 9.11577023e-04,
       2.73473095e-03, 4.55788511e-04, 2.73473095e-03, 9.11577023e-04,
       4.55788511e-04, 4.55788511e-04, 0., 1.82315405e-03,
       2.27894261e-03, 4.55788511e-04, 2.73473095e-03, 4.55788511e-04,
       4.55788511e-04, 3.19051952e-03, 1.36736548e-03, 9.11577023e-04,
       2.73473095e-03, 4.55788511e-04, 4.55788511e-04, 1.82315405e-03,
       1.36736548e-03, 2.27894261e-03, 9.11577023e-04, 9.11577023e-04,
       4.55788511e-04, 9.11577023e-04, 1.36736548e-03, 1.36736548e-03,
       1.82315405e-03, 1.36736548e-03, 0., 4.55788511e-04,
       2.73473095e-03, 9.11577023e-04, 9.11577023e-04, 3.19051952e-03,
       9.11577023e-04, 9.11577023e-04, 1.36736548e-03, 2.27894261e-03,
       1.82315405e-03, 1.36736548e-03, 0., 4.55788511e-04,
       4.55788511e-04, 9.11577023e-04, 9.11577023e-04, 4.10209643e-03,
       0., 0., 0., 2.73473095e-03, 4.55788511e-04, 0., 4.55788511e-04,
       2.27894261e-03, 1.36736548e-03, 0., 0., 9.11577023e-04,
       1.82315405e-03, 0., 1.82315405e-03, 0., 9.11577023e-04,
       4.55788511e-04, 2.73473095e-03, 3.64630809e-03, 1.82315405e-03,
       1.36736548e-03, 9.11577023e-04, 1.82315405e-03, 9.11577023e-04,
       0., 4.55788511e-04, 4.55788511e-04, 1.36736548e-03,
       1.82315405e-03, 4.55788511e-04, 9.11577023e-04, 9.11577023e-04,
       0., 9.11577023e-04, 0., 9.11577023e-04, 4.55788511e-04,
       9.11577023e-04, 1.82315405e-03, 9.11577023e-04, 1.36736548e-03,
       3.19051952e-03, 2.73473095e-03, 9.11577023e-04, 5.46946190e-03,
       1.36736548e-03, 4.55788511e-04, 9.11577023e-04, 5.46946190e-03,
       4.55788511e-04, 9.11577023e-04, 2.27894261e-03, 1.36736548e-03,
       2.27894261e-03, 1.36736548e-03, 9.11577023e-04, 0., 0.,
       1.82315405e-03, 4.55788511e-04, 9.11577023e-04, 1.82315405e-03,
       4.55788511e-04, 4.55788511e-04, 3.19051952e-03, 1.82315405e-03,
       1.36736548e-03, 9.11577023e-04, 1.82315405e-03, 1.36736548e-03,
       9.11577023e-04, 9.11577023e-04, 2.27894261e-03, 1.82315405e-03,
       4.55788511e-04, 9.11577023e-04, 1.36736548e-03, 1.36736548e-03,
       4.55788511e-04, 9.11577023e-04, 0., 4.55788511e-04,
       9.11577023e-04, 0., 2.27894261e-03, 1.36736548e-03,
       1.36736548e-03, 0., 0., 1.36736548e-03, 1.36736548e-03,
       4.55788511e-04, 2.73473095e-03, 2.27894261e-03, 1.82315405e-03,
       1.36736548e-03, 4.55788511e-04, 4.55788511e-04, 0.,
       1.36736548e-03, 1.82315405e-03, 0., 1.82315405e-03,
       1.82315405e-03, 2.27894261e-03, 0., 4.55788511e-04,
       4.55788511e-04, 9.11577023e-04, 9.11577023e-04, 2.27894261e-03,
       1.36736548e-03, 0., 2.27894261e-03, 4.55788511e-04, 0.,
       9.11577023e-04, 4.55788511e-04, 4.55788511e-04, 4.55788511e-04,
       9.11577023e-04, 9.11577023e-04, 3.19051952e-03, 0.,
       4.10209643e-03, 9.11577023e-04, 1.36736548e-03, 0.,
       1.36736548e-03, 2.27894261e-03, 9.11577023e-04, 0.,
       2.73473095e-03, 1.36736548e-03, 4.55788511e-04, 1.82315405e-03,
       0., 1.82315405e-03, 2.27894261e-03, 1.82315405e-03,
       9.11577023e-04, 0., 2.73473095e-03, 0., 1.82315405e-03, 0.,
       4.55788511e-04, 4.10209643e-03, 9.11577023e-04, 2.27894261e-03,
       2.27894261e-03, 2.27894261e-03, 3.19051952e-03, 5.46946190e-03,
       3.19051952e-03, 2.27894261e-03, 2.27894261e-03, 4.55788511e-04,
       4.55788511e-04, 1.36736548e-03, 9.11577023e-04, 9.11577023e-04,
       1.82315405e-03, 2.27894261e-03, 1.82315405e-03, 2.73473095e-03,
       2.73473095e-03, 9.11577023e-04, 0., 2.27894261e-03,
       2.27894261e-03, 0., 9.11577023e-04, 1.36736548e-03,
       9.11577023e-04, 4.55788511e-04, 0., 2.73473095e-03,
       4.55788523e-03, 2.73473095e-03, 4.55788511e-04, 2.27894261e-03,
       5.46946190e-03, 9.11577023e-04, 4.55788511e-04, 0.,
       4.55788511e-04, 4.55788523e-03, 1.82315405e-03, 2.27894261e-03,
       2.27894261e-03, 9.11577023e-04, 9.11577023e-04, 1.36736548e-03,
       9.11577023e-04, 1.36736548e-03, 4.55788511e-04, 1.36736548e-03,
       9.11577023e-04, 0., 0., 1.36736548e-03, 1.36736548e-03,
       1.82315405e-03, 4.55788511e-04, 9.11577023e-04, 1.82315405e-03,
       4.55788511e-04, 0., 9.11577023e-04, 2.27894261e-03,
       1.36736548e-03, 4.55788511e-04, 4.55788511e-04, 2.73473095e-03,
       1.36736548e-03, 9.11577023e-04, 0., 1.36736548e-03,
       4.55788511e-04, 0., 8.20419285e-03, 1.36736548e-03,
       2.73473095e-03, 0., 4.55788511e-04, 9.11577023e-04,
       4.55788511e-04, 0., 1.82315405e-03, 1.82315405e-03, 0., 0.,
       9.11577023e-04, 2.73473095e-03, 1.36736548e-03, 1.36736548e-03,
       0., 9.11577023e-04, 9.11577023e-04, 2.73473095e-03,
       9.11577023e-04, 4.55788523e-03, 3.64630809e-03, 6.83682784e-03,
       0., 9.11577023e-04, 9.11577023e-04, 0., 1.36736548e-03,
       9.11577023e-04, 0., 9.11577023e-04, 2.73473095e-03,
       1.36736548e-03, 1.36736548e-03, 3.19051952e-03, 9.11577023e-04,
       1.82315405e-03, 9.11577023e-04, 1.82315405e-03, 1.82315405e-03,
       1.82315405e-03, 0., 1.36736548e-03, 4.55788511e-04, 0.,
       1.82315405e-03, 1.36736548e-03, 1.82315405e-03, 1.82315405e-03,
       4.55788511e-04, 2.27894261e-03, 4.55788511e-04, 1.82315405e-03,
       1.36736548e-03, 1.36736548e-03, 4.55788511e-04, 0.,
       1.36736548e-03, 1.36736548e-03, 2.27894261e-03, 2.27894261e-03,
       9.11577023e-04, 4.55788511e-04, 3.64630809e-03, 0.,
       2.27894261e-03, 2.27894261e-03, 1.82315405e-03, 1.82315405e-03,
       2.27894261e-03, 1.36736548e-03, 2.27894261e-03, 9.11577023e-04,
       4.55788511e-04, 1.36736548e-03, 4.55788511e-04, 0.,
       9.11577023e-04, 1.36736548e-03, 4.55788511e-04, 1.36736548e-03,
       2.73473095e-03, 4.55788511e-04, 9.11577023e-04, 1.82315405e-03,
       4.55788511e-04, 0., 1.36736548e-03, 9.11577023e-04,
       1.82315405e-03, 1.82315405e-03, 1.82315405e-03, 4.55788511e-04,
       9.11577023e-04, 2.27894261e-03, 0., 2.27894261e-03,
       1.82315405e-03, 0., 2.73473095e-03, 0., 1.82315405e-03,
       4.55788511e-04, 1.82315405e-03, 9.11577023e-04, 2.27894261e-03,
       1.36736548e-03, 0., 1.36736548e-03, 1.36736548e-03,
       9.11577023e-04, 1.36736548e-03, 4.55788511e-04, 0.,
       9.11577023e-04, 4.10209643e-03, 1.82315405e-03, 9.11577023e-04,
       1.82315405e-03, 4.55788511e-04, 9.11577023e-04, 9.11577023e-04,
       4.55788511e-04, 4.55788511e-04, 0., 0., 1.36736548e-03,
       4.55788511e-04, 0., 1.82315405e-03, 3.19051952e-03,
       1.36736548e-03, 1.82315405e-03, 1.82315405e-03, 3.64630809e-03,
       4.55788511e-04, 1.82315405e-03, 1.82315405e-03, 0.,
       1.82315405e-03, 1.36736548e-03, 0., 1.82315405e-03,
       9.11577023e-04, 1.82315405e-03, 1.82315405e-03, 4.55788511e-04,
       1.36736548e-03, 0., 0., 9.11577023e-04, 4.55788511e-04,
       9.11577023e-04, 2.27894261e-03, 4.55788511e-04, 4.55788511e-04,
       4.55788511e-04, 9.11577023e-04, 0., 4.55788511e-04,
       9.11577023e-04, 1.36736548e-03, 9.11577023e-04, 3.64630809e-03,
       3.19051952e-03, 3.64630809e-03, 0., 1.36736548e-03,
       1.36736548e-03, 4.55788511e-04, 1.82315405e-03, 4.55788511e-04,
       2.73473095e-03, 0., 1.36736548e-03, 9.11577023e-04,
       4.55788511e-04, 9.11577023e-04, 1.82315405e-03, 9.11577023e-04,
       9.11577023e-04, 1.36736548e-03, 5.92525071e-03, 4.55788511e-04,
       1.82315405e-03, 0., 1.36736548e-03, 9.11577023e-04,
       9.11577023e-04, 2.27894261e-03, 4.55788511e-04, 1.82315405e-03,
       1.36736548e-03, 1.36736548e-03, 1.36736548e-03, 0.,
       2.73473095e-03, 9.11577023e-04, 0., 9.11577023e-04,
       2.73473095e-03, 1.82315405e-03, 4.55788511e-04, 0.,
       4.55788511e-04, 0., 0., 4.55788511e-04, 1.82315405e-03,
