%YAML:1.0
m25f: !!opencv-matrix
   rows: 1
   cols: 800
   dt: f
   data: [ 1.47275394e-03, 9.81835998e-04, 0., 1.47275394e-03,
       2.45459005e-03, 0., 9.81835998e-04, 2.45459005e-03,
       5.40009793e-03, 1.47275394e-03, 9.81835998e-04, 4.90917999e-04,
       0., 1.47275394e-03, 1.47275394e-03, 9.81835998e-04,
       9.81835998e-04, 4.90917999e-04, 4.90917999e-04, 4.90917999e-04,
       1.47275394e-03, 0., 0., 9.81835998e-04, 4.90917999e-04,
       9.81835998e-04, 1.96367200e-03, 1.47275394e-03, 0.,
       1.47275394e-03, 9.81835998e-04, 1.96367200e-03, 2.45459005e-03,
       2.94550788e-03, 0., 4.90918010e-03, 4.90917999e-04,
       4.90917999e-04, 4.90917999e-04, 0., 4.90917999e-04,
       1.47275394e-03, 1.96367200e-03, 2.94550788e-03, 9.81835998e-04,
       1.96367200e-03, 9.81835998e-04, 4.90917999e-04, 9.81835998e-04,
       4.90917999e-04, 1.47275394e-03, 1.47275394e-03, 1.47275394e-03,
       9.81835998e-04, 0., 9.81835998e-04, 4.90918010e-03, 0.,
       1.47275394e-03, 3.43642593e-03, 2.94550788e-03, 0., 0.,
       2.45459005e-03, 9.81835998e-04, 4.90917999e-04, 4.90917999e-04,
       4.41826181e-03, 2.45459005e-03, 9.81835998e-04, 0.,
       4.90917999e-04, 4.90917999e-04, 4.90917999e-04, 0.,
       9.81835998e-04, 0., 0., 4.90917999e-04, 5.40009793e-03,
       9.81835998e-04, 4.90917999e-04, 9.81835998e-04, 9.81835998e-04,
       0., 5.89101575e-03, 0., 0., 9.81835998e-04, 9.81835998e-04,
       4.90917999e-04, 0., 0., 2.45459005e-03, 4.90918010e-03,
       1.47275394e-03, 2.94550788e-03, 0., 2.45459005e-03,
       1.47275394e-03, 1.96367200e-03, 3.43642593e-03, 1.96367200e-03,
       0., 0., 4.90917999e-04, 4.90917999e-04, 1.47275394e-03, 0.,
       9.81835998e-04, 9.81835998e-04, 2.94550788e-03, 4.90917999e-04,
       1.96367200e-03, 3.43642593e-03, 9.81835998e-04, 9.81835998e-04,
       2.45459005e-03, 9.81835998e-04, 4.90918010e-03, 2.45459005e-03,
       2.45459005e-03, 1.96367200e-03, 6.38193404e-03, 0.,
       9.81835998e-04, 1.47275394e-03, 0., 1.47275394e-03,
       1.96367200e-03, 0., 4.90917999e-04, 1.47275394e-03,
       4.90917999e-04, 1.47275394e-03, 0., 2.45459005e-03,
       4.90917999e-04, 9.81835998e-04, 3.43642593e-03, 4.90917999e-04,
       2.94550788e-03, 3.43642593e-03, 1.47275394e-03, 9.81835998e-04,
       9.81835998e-04, 1.96367200e-03, 0., 4.90917999e-04,
       4.90917999e-04, 0., 0., 1.47275394e-03, 1.96367200e-03,
       1.47275394e-03, 0., 0., 1.47275394e-03, 6.38193404e-03,
       1.96367200e-03, 0., 9.81835998e-04, 1.47275394e-03,
       9.81835998e-04, 0., 2.94550788e-03, 4.90917999e-04,
       2.94550788e-03, 9.81835998e-04, 3.92734399e-03, 1.96367200e-03,
       1.47275394e-03, 6.87285187e-03, 1.96367200e-03, 1.47275394e-03,
       0., 4.90917999e-04, 0., 2.94550788e-03, 4.90917999e-04, 0.,
       1.47275394e-03, 9.81835998e-04, 1.47275394e-03, 4.90917999e-04,
       4.90917999e-04, 2.45459005e-03, 4.90917999e-04, 0.,
       2.45459005e-03, 0., 9.81835998e-04, 9.81835998e-04,
       1.47275394e-03, 9.81835998e-04, 1.47275394e-03, 9.81835998e-04,
       2.45459005e-03, 9.81835998e-04, 0., 1.47275394e-03,
       4.90917999e-04, 1.47275394e-03, 1.96367200e-03, 4.90917999e-04,
       4.90917999e-04, 0., 9.81835998e-04, 2.45459005e-03,
       2.45459005e-03, 0., 9.81835998e-04, 9.81835998e-04,
       9.81835998e-04, 3.43642593e-03, 2.45459005e-03, 4.90917999e-04,
       4.90917999e-04, 1.47275394e-03, 2.45459005e-03, 9.81835998e-04,
       1.47275394e-03, 4.90917999e-04, 4.41826181e-03, 4.90917999e-04,
       9.81835998e-04, 9.81835998e-04, 4.90917999e-04, 0., 0.,
       9.81835998e-04, 4.90917999e-04, 9.81835998e-04, 0.,
       1.96367200e-03, 1.96367200e-03, 1.47275394e-03, 1.96367200e-03,
       9.81835998e-04, 9.81835998e-04, 1.47275394e-03, 9.81835998e-04,
       4.90917999e-04, 0., 4.90917999e-04, 0., 1.47275394e-03,
       1.47275394e-03, 4.90917999e-04, 1.47275394e-03, 9.81835998e-04,
       9.81835998e-04, 1.47275394e-03, 9.81835998e-04, 0.,
       1.47275394e-03, 9.81835998e-04, 9.81835998e-04, 1.47275394e-03,
       1.47275394e-03, 3.43642593e-03, 2.45459005e-03, 1.47275394e-03,
       9.81835998e-04, 1.96367200e-03, 9.81835998e-04, 4.90917999e-04,
       9.81835998e-04, 4.90917999e-04, 0., 0., 0., 9.81835998e-04, 0.,
       0., 0., 1.96367200e-03, 1.96367200e-03, 4.90917999e-04,
       1.96367200e-03, 9.81835998e-04, 4.90917999e-04, 3.92734399e-03,
       3.43642593e-03, 4.90917999e-04, 1.96367200e-03, 0.,
       1.47275394e-03, 0., 1.47275394e-03, 1.96367200e-03,
       1.47275394e-03, 0., 2.45459005e-03, 0., 1.47275394e-03,
       1.96367200e-03, 1.96367200e-03, 2.45459005e-03, 0., 0.,
       9.81835998e-04, 1.47275394e-03, 1.47275394e-03, 4.41826181e-03,
       0., 1.96367200e-03, 0., 4.90917999e-04, 0., 2.45459005e-03, 0.,
       4.90917999e-04, 4.90917999e-04, 0., 1.47275394e-03,
       2.94550788e-03, 3.43642593e-03, 0., 1.96367200e-03,
       1.96367200e-03, 4.90917999e-04, 1.47275394e-03, 2.45459005e-03,
       0., 9.81835998e-04, 1.47275394e-03, 1.47275394e-03,
       2.94550788e-03, 0., 4.90917999e-04, 0., 1.47275394e-03, 0.,
       4.90917999e-04, 9.81835998e-04, 1.47275394e-03, 0.,
       3.43642593e-03, 2.45459005e-03, 1.96367200e-03, 0.,
       9.81835998e-04, 9.81835998e-04, 2.94550788e-03, 1.47275394e-03,
       1.47275394e-03, 1.96367200e-03, 1.47275394e-03, 9.81835998e-04,
       1.47275394e-03, 9.81835998e-04, 0., 9.81835998e-04,
       2.45459005e-03, 0., 0., 1.96367200e-03, 1.47275394e-03,
       1.96367200e-03, 2.45459005e-03, 1.96367200e-03, 4.90917999e-04,
       1.47275394e-03, 1.96367200e-03, 0., 4.90917999e-04,
       4.90917999e-04, 1.47275394e-03, 4.90917999e-04, 1.47275394e-03,
       0., 4.90917999e-04, 9.81835998e-04, 1.47275394e-03,
       9.81835998e-04, 9.81835998e-04, 1.96367200e-03, 9.81835998e-04,
       0., 9.81835998e-04, 1.47275394e-03, 4.90917999e-04,
       1.96367200e-03, 4.90917999e-04, 2.45459005e-03, 1.96367200e-03,
       1.96367200e-03, 4.90917999e-04, 1.47275394e-03, 1.96367200e-03,
       9.81835998e-04, 0., 1.47275394e-03, 2.45459005e-03,
       4.41826181e-03, 4.90917999e-04, 9.81835998e-04, 4.90917999e-04,
       1.96367200e-03, 1.47275394e-03, 2.94550788e-03, 9.81835998e-04,
       0., 1.47275394e-03, 4.90917999e-04, 1.47275394e-03,
       4.90917999e-04, 0., 9.81835998e-04, 1.47275394e-03,
       3.43642593e-03, 1.47275394e-03, 4.90917999e-04, 9.81835998e-04,
       0., 0., 1.47275394e-03, 9.81835998e-04, 0., 4.90917999e-04,
       9.81835998e-04, 4.90917999e-04, 1.96367200e-03, 1.47275394e-03,
       9.81835998e-04, 9.81835998e-04, 0., 0., 1.47275394e-03,
       4.90917999e-04, 0., 9.81835998e-04, 1.47275394e-03,
       9.81835998e-04, 1.47275394e-03, 9.81835998e-04, 3.92734399e-03,
       2.94550788e-03, 4.90917999e-04, 0., 0., 4.90917999e-04,
       9.81835998e-04, 1.96367200e-03, 9.81835998e-04, 0.,
       4.90917999e-04, 9.81835998e-04, 0., 0., 3.92734399e-03,
       9.81835998e-04, 3.43642593e-03, 9.81835998e-04, 9.81835998e-04,
       0., 0., 4.90917999e-04, 1.96367200e-03, 1.47275394e-03,
       4.90917999e-04, 4.90917999e-04, 4.90917999e-04, 1.96367200e-03,
       9.81835998e-04, 1.47275394e-03, 0., 4.90917999e-04,
       1.47275394e-03, 0., 4.90917999e-04, 4.90917999e-04,
       4.41826181e-03, 4.90917999e-04, 0., 3.92734399e-03,
       2.45459005e-03, 1.47275394e-03, 4.90917999e-04, 1.96367200e-03,
       4.90917999e-04, 1.47275394e-03, 9.81835998e-04, 1.96367200e-03,
       1.47275394e-03, 0., 4.90917999e-04, 0., 1.47275394e-03,
       3.43642593e-03, 1.47275394e-03, 2.45459005e-03, 5.40009793e-03,
       4.90917999e-04, 1.47275394e-03, 2.45459005e-03, 3.43642593e-03,
       2.94550788e-03, 0., 9.81835998e-04, 9.81835998e-04,
       2.94550788e-03, 5.89101575e-03, 9.81835998e-04, 0.,
       4.90917999e-04, 2.45459005e-03, 2.45459005e-03, 0.,
       4.90917999e-04, 1.96367200e-03, 9.81835998e-04, 9.81835998e-04,
       3.43642593e-03, 1.96367200e-03, 2.94550788e-03, 9.81835998e-04,
