%YAML:1.0
m25f: !!opencv-matrix
   rows: 1
   cols: 800
   dt: f
   data: [ 5.27704484e-04, 5.27704484e-04, 1.58311345e-03,
       1.58311345e-03, 0., 1.05540897e-03, 2.63852254e-03,
       2.63852254e-03, 2.11081794e-03, 1.05540897e-03, 1.05540897e-03,
       5.27704484e-04, 5.27704484e-04, 1.58311345e-03, 0.,
       5.27704484e-04, 0., 1.58311345e-03, 1.58311345e-03, 0.,
       5.27704484e-04, 5.27704484e-04, 1.05540897e-03, 0.,
       5.27704484e-04, 2.11081794e-03, 1.05540897e-03, 1.05540897e-03,
       0., 5.27704484e-04, 1.05540897e-03, 2.11081794e-03,
       1.05540897e-03, 2.11081794e-03, 1.05540897e-03, 0., 0.,
       4.22163587e-03, 1.05540897e-03, 0., 1.58311345e-03,
       2.63852254e-03, 2.11081794e-03, 4.22163587e-03, 2.63852254e-03,
       2.63852254e-03, 5.27704484e-04, 0., 5.27704484e-04, 0., 0.,
       2.11081794e-03, 1.05540897e-03, 1.58311345e-03, 5.27704484e-04,
       3.16622690e-03, 1.58311345e-03, 2.11081794e-03, 5.27704484e-04,
       4.22163587e-03, 0., 5.27704484e-04, 1.05540897e-03,
       2.11081794e-03, 5.27704484e-04, 5.27704484e-04, 5.27704484e-04,
       0., 1.58311345e-03, 0., 0., 3.69393127e-03, 0., 0.,
       5.27704484e-04, 2.63852254e-03, 0., 0., 5.27704484e-04,
       2.11081794e-03, 1.05540897e-03, 0., 0., 1.05540897e-03,
       1.58311345e-03, 2.63852254e-03, 2.11081794e-03, 1.05540897e-03,
       1.05540897e-03, 0., 1.05540897e-03, 5.27704484e-04,
       1.58311345e-03, 3.16622690e-03, 0., 1.58311345e-03,
       2.11081794e-03, 1.58311345e-03, 2.11081794e-03, 2.11081794e-03,
       1.05540897e-03, 2.11081794e-03, 2.63852254e-03, 0.,
       1.05540897e-03, 1.58311345e-03, 0., 5.27704484e-04,
       1.05540897e-03, 1.58311345e-03, 1.58311345e-03, 0., 0.,
       2.11081794e-03, 1.05540897e-03, 2.63852254e-03, 5.27704484e-04,
       4.74934047e-03, 2.63852254e-03, 3.69393127e-03, 2.11081794e-03,
       3.69393127e-03, 1.58311345e-03, 5.27704484e-04, 0., 0.,
       1.58311345e-03, 5.27704484e-04, 5.27704484e-04, 3.16622690e-03,
       0., 1.05540897e-03, 5.27704484e-04, 1.05540897e-03,
       5.27704484e-04, 5.27704484e-04, 3.69393127e-03, 2.63852254e-03,
       2.63852254e-03, 1.05540897e-03, 0., 5.27704507e-03,
       2.11081794e-03, 0., 1.05540897e-03, 3.69393127e-03,
       1.05540897e-03, 0., 5.27704484e-04, 5.27704484e-04, 0.,
       1.58311345e-03, 5.27704484e-04, 1.58311345e-03, 1.05540897e-03,
       0., 0., 2.11081794e-03, 3.16622690e-03, 0., 1.05540897e-03,
       5.27704484e-04, 0., 1.58311345e-03, 0., 1.05540897e-03, 0.,
       2.11081794e-03, 0., 2.11081794e-03, 1.58311345e-03,
       3.16622690e-03, 5.27704484e-04, 2.63852254e-03, 5.27704484e-04,
       0., 1.05540897e-03, 0., 2.11081794e-03, 2.11081794e-03,
       1.58311345e-03, 5.27704484e-04, 0., 1.58311345e-03,
       1.58311345e-03, 2.11081794e-03, 1.05540897e-03, 2.63852254e-03,
       0., 2.63852254e-03, 5.27704484e-04, 5.27704507e-03,
       1.05540897e-03, 1.58311345e-03, 3.16622690e-03, 5.27704484e-04,
       0., 2.11081794e-03, 0., 1.05540897e-03, 1.58311345e-03,
       2.63852254e-03, 5.27704484e-04, 1.05540897e-03, 1.05540897e-03,
       1.58311345e-03, 1.58311345e-03, 1.58311345e-03, 1.58311345e-03,
       2.63852254e-03, 1.05540897e-03, 1.05540897e-03, 0.,
       5.27704484e-04, 2.11081794e-03, 5.27704484e-04, 1.58311345e-03,
       0., 5.27704484e-04, 4.22163587e-03, 1.05540897e-03, 0., 0.,
       1.05540897e-03, 5.27704484e-04, 1.58311345e-03, 5.27704484e-04,
       1.05540897e-03, 2.11081794e-03, 1.05540897e-03, 0.,
       1.05540897e-03, 2.11081794e-03, 1.58311345e-03, 1.05540897e-03,
       5.27704484e-04, 5.27704484e-04, 0., 3.69393127e-03,
       6.86015841e-03, 1.58311345e-03, 1.58311345e-03, 5.27704484e-04,
       7.91556761e-03, 0., 1.05540897e-03, 1.05540897e-03,
       2.11081794e-03, 5.27704484e-04, 2.11081794e-03, 2.63852254e-03,
       5.27704484e-04, 5.27704484e-04, 2.63852254e-03, 1.05540897e-03,
       0., 0., 1.05540897e-03, 0., 5.27704484e-04, 2.11081794e-03,
       5.27704484e-04, 3.16622690e-03, 5.27704484e-04, 5.27704484e-04,
       1.05540897e-03, 5.27704484e-04, 5.27704484e-04, 2.63852254e-03,
       2.11081794e-03, 1.58311345e-03, 0., 5.27704484e-04,
       1.05540897e-03, 0., 0., 1.05540897e-03, 1.58311345e-03, 0.,
       2.63852254e-03, 2.63852254e-03, 5.27704484e-04, 3.69393127e-03,
       2.11081794e-03, 0., 5.27704484e-04, 2.11081794e-03,
       1.58311345e-03, 5.27704484e-04, 0., 0., 2.11081794e-03, 0.,
       1.05540897e-03, 1.58311345e-03, 2.11081794e-03, 1.58311345e-03,
       2.11081794e-03, 2.11081794e-03, 5.27704484e-04, 1.05540897e-03,
       2.63852254e-03, 5.27704484e-04, 0., 1.58311345e-03, 0.,
       1.58311345e-03, 2.11081794e-03, 5.27704484e-04, 1.58311345e-03,
       0., 4.22163587e-03, 5.27704484e-04, 0., 0., 5.27704484e-04,
       4.74934047e-03, 2.11081794e-03, 1.05540897e-03, 2.11081794e-03,
       2.63852254e-03, 1.05540897e-03, 3.16622690e-03, 2.63852254e-03,
       5.27704484e-04, 0., 1.58311345e-03, 1.58311345e-03,
       1.05540897e-03, 1.05540897e-03, 0., 0., 5.27704484e-04,
       5.27704484e-04, 5.27704484e-04, 5.27704484e-04, 1.05540897e-03,
       5.27704484e-04, 2.11081794e-03, 5.27704484e-04, 0.,
       1.05540897e-03, 2.63852254e-03, 1.58311345e-03, 0.,
       2.11081794e-03, 0., 1.58311345e-03, 5.27704484e-04,
       1.58311345e-03, 5.27704484e-04, 5.27704484e-04, 0.,
       5.27704484e-04, 4.22163587e-03, 0., 1.05540897e-03,
       1.58311345e-03, 2.63852254e-03, 0., 0., 1.05540897e-03, 0.,
       5.27704484e-04, 1.58311345e-03, 2.11081794e-03, 1.58311345e-03,
       3.69393127e-03, 1.05540897e-03, 2.63852254e-03, 1.58311345e-03,
       5.27704484e-04, 1.58311345e-03, 5.27704484e-04, 2.11081794e-03,
       1.05540897e-03, 3.16622690e-03, 2.11081794e-03, 2.11081794e-03,
       2.11081794e-03, 4.74934047e-03, 0., 5.27704484e-04,
       5.27704484e-04, 5.27704484e-04, 3.16622690e-03, 1.58311345e-03,
       4.22163587e-03, 2.63852254e-03, 1.05540897e-03, 0.,
       5.27704484e-04, 5.27704484e-04, 3.16622690e-03, 1.05540897e-03,
       5.80474921e-03, 1.05540897e-03, 5.27704484e-04, 5.27704484e-04,
       0., 4.74934047e-03, 5.27704484e-04, 1.05540897e-03,
       5.27704484e-04, 1.58311345e-03, 1.58311345e-03, 0.,
       5.27704484e-04, 5.27704484e-04, 1.05540897e-03, 0.,
       1.05540897e-03, 5.80474921e-03, 1.05540897e-03, 5.27704484e-04,
       1.58311345e-03, 0., 5.27704484e-04, 5.27704484e-04, 0.,
       1.58311345e-03, 1.58311345e-03, 5.27704484e-04, 1.58311345e-03,
       2.63852254e-03, 1.05540897e-03, 1.05540897e-03, 2.11081794e-03,
       0., 5.27704484e-04, 0., 0., 1.58311345e-03, 5.27704484e-04,
       1.05540897e-03, 0., 5.27704484e-04, 4.22163587e-03,
       1.58311345e-03, 0., 2.11081794e-03, 5.27704484e-04,
       3.16622690e-03, 1.05540897e-03, 0., 1.58311345e-03, 0.,
       1.58311345e-03, 0., 0., 1.05540897e-03, 3.16622690e-03, 0.,
       5.27704484e-04, 1.58311345e-03, 0., 5.27704484e-04, 0.,
       2.11081794e-03, 2.63852254e-03, 1.05540897e-03, 0., 0.,
       1.58311345e-03, 2.11081794e-03, 1.05540897e-03, 2.63852254e-03,
       0., 2.11081794e-03, 1.58311345e-03, 1.05540897e-03,
       5.27704484e-04, 1.05540897e-03, 1.58311345e-03, 1.58311345e-03,
       5.27704484e-04, 5.27704484e-04, 4.22163587e-03, 5.27704484e-04,
       5.27704484e-04, 1.58311345e-03, 1.05540897e-03, 2.11081794e-03,
       1.05540897e-03, 5.27704484e-04, 2.11081794e-03, 0.,
       1.58311345e-03, 5.27704484e-04, 2.11081794e-03, 1.05540897e-03,
       1.58311345e-03, 5.27704484e-04, 4.74934047e-03, 0., 0.,
       2.11081794e-03, 5.27704484e-04, 1.58311345e-03, 0.,
       2.11081794e-03, 1.58311345e-03, 2.11081794e-03, 4.22163587e-03,
       1.58311345e-03, 1.58311345e-03, 0., 2.63852254e-03,
       2.11081794e-03, 5.27704484e-04, 1.05540897e-03, 2.63852254e-03,
       2.11081794e-03, 1.05540897e-03, 1.05540897e-03, 1.58311345e-03,
       2.11081794e-03, 2.11081794e-03, 2.63852254e-03, 2.63852254e-03,
       5.80474921e-03, 1.05540897e-03, 3.16622690e-03, 3.69393127e-03,
