%YAML:1.0
m25f: !!opencv-matrix
   rows: 1
   cols: 800
   dt: f
   data: [ 1.80995476e-03, 4.52488690e-04, 4.52488690e-04,
       1.80995476e-03, 4.52488690e-04, 0., 1.80995476e-03,
       1.35746610e-03, 3.16742086e-03, 4.52488690e-04, 1.80995476e-03,
       1.35746610e-03, 9.04977380e-04, 2.71493220e-03, 0.,
       1.35746610e-03, 1.80995476e-03, 4.52488690e-04, 4.52488690e-04,
       9.04977380e-04, 0., 4.52488690e-04, 4.52488690e-04,
       8.59728549e-03, 4.52488690e-04, 1.80995476e-03, 9.04977380e-04,
       9.04977380e-04, 0., 2.26244354e-03, 4.52488707e-03,
       1.35746610e-03, 1.80995476e-03, 9.04977380e-04, 9.04977380e-04,
       1.35746610e-03, 0., 9.04977380e-04, 4.52488690e-04, 0., 0.,
       1.35746610e-03, 9.04977380e-04, 1.35746610e-03, 9.04977380e-04,
       4.07239841e-03, 9.04977380e-04, 4.52488690e-04, 4.52488690e-04,
       4.52488690e-04, 4.52488690e-04, 2.71493220e-03, 2.26244354e-03,
       0., 4.52488690e-04, 0., 4.52488690e-04, 1.35746610e-03,
       1.35746610e-03, 2.26244354e-03, 0., 0., 9.04977380e-04,
       4.52488690e-04, 3.16742086e-03, 9.04977380e-04, 1.80995476e-03,
       0., 2.71493220e-03, 9.04977380e-04, 4.52488690e-04,
       4.52488690e-04, 0., 9.04977380e-04, 2.26244354e-03,
       9.04977380e-04, 4.52488690e-04, 4.52488690e-04, 9.04977380e-04,
       1.80995476e-03, 0., 0., 1.35746610e-03, 0., 0., 3.61990952e-03,
       1.80995476e-03, 1.80995476e-03, 1.80995476e-03, 1.80995476e-03,
       4.52488690e-04, 9.04977380e-04, 4.52488690e-04, 0.,
       1.35746610e-03, 0., 0., 3.61990952e-03, 1.35746610e-03,
       2.71493220e-03, 9.04977380e-04, 4.52488690e-04, 2.26244354e-03,
       0., 0., 2.26244354e-03, 2.26244354e-03, 4.52488690e-04, 0.,
       9.04977380e-04, 2.71493220e-03, 3.61990952e-03, 1.35746610e-03,
       9.04977380e-04, 8.59728549e-03, 9.04977380e-04, 4.07239841e-03,
       4.52488707e-03, 4.52488690e-04, 9.04977380e-04, 4.52488690e-04,
       1.80995476e-03, 9.04977380e-04, 2.26244354e-03, 1.35746610e-03,
       4.52488690e-04, 3.16742086e-03, 4.52488690e-04, 9.04977380e-04,
       1.35746610e-03, 9.04977380e-04, 2.26244354e-03, 4.07239841e-03,
       1.80995476e-03, 1.35746610e-03, 1.35746610e-03, 4.52488690e-04,
       9.04977380e-04, 1.35746610e-03, 9.04977380e-04, 3.61990952e-03,
       9.04977380e-04, 4.52488690e-04, 4.52488690e-04, 9.04977380e-04,
       4.52488690e-04, 1.35746610e-03, 4.52488690e-04, 9.04977380e-04,
       2.26244354e-03, 0., 0., 4.52488690e-04, 0., 9.04977380e-04,
       4.52488690e-04, 0., 1.35746610e-03, 1.80995476e-03,
       3.61990952e-03, 9.04977380e-04, 1.80995476e-03, 1.35746610e-03,
       2.26244354e-03, 9.04977380e-04, 1.35746610e-03, 9.04977380e-04,
       3.61990952e-03, 9.04977380e-04, 0., 4.52488690e-04,
       2.26244354e-03, 2.71493220e-03, 9.04977380e-04, 9.04977380e-04,
       0., 4.52488690e-04, 4.52488690e-04, 1.35746610e-03,
       4.52488690e-04, 1.80995476e-03, 5.42986440e-03, 0.,
       4.52488690e-04, 1.35746610e-03, 1.80995476e-03, 9.04977380e-04,
       2.71493220e-03, 0., 2.71493220e-03, 4.52488690e-04,
       2.26244354e-03, 3.16742086e-03, 0., 1.35746610e-03,
       9.04977380e-04, 1.80995476e-03, 1.80995476e-03, 4.52488690e-04,
       0., 2.71493220e-03, 4.52488690e-04, 2.71493220e-03,
       4.52488690e-04, 0., 9.04977380e-04, 2.26244354e-03, 0.,
       1.35746610e-03, 4.52488690e-04, 2.71493220e-03, 4.52488690e-04,
       0., 4.52488690e-04, 1.80995476e-03, 0., 1.35746610e-03,
       4.52488690e-04, 9.04977380e-04, 9.04977380e-04, 2.71493220e-03,
       1.04072401e-02, 1.80995476e-03, 1.35746610e-03, 9.04977380e-04,
       9.04977380e-04, 4.52488690e-04, 4.52488690e-04, 1.35746610e-03,
       9.04977380e-04, 0., 3.61990952e-03, 9.04977380e-04,
       1.35746610e-03, 9.04977380e-04, 2.71493220e-03, 9.04977380e-04,
       0., 1.35746610e-03, 4.52488707e-03, 9.04977380e-04,
       3.61990952e-03, 1.80995476e-03, 1.35746610e-03, 0.,
       4.52488690e-04, 6.78733038e-03, 4.52488690e-04, 4.52488690e-04,
       1.80995476e-03, 4.07239841e-03, 9.04977380e-04, 4.52488690e-04,
       2.71493220e-03, 9.04977380e-04, 2.26244354e-03, 0.,
       4.07239841e-03, 2.71493220e-03, 9.04977380e-04, 9.04977380e-04,
       9.04977380e-04, 4.52488690e-04, 4.52488690e-04, 1.80995476e-03,
       4.52488690e-04, 2.71493220e-03, 0., 1.35746610e-03,
       9.04977380e-04, 9.04977380e-04, 4.52488690e-04, 4.52488690e-04,
       1.35746610e-03, 4.52488690e-04, 0., 2.26244354e-03,
       9.04977380e-04, 4.52488690e-04, 1.35746610e-03, 4.52488690e-04,
       3.16742086e-03, 9.04977380e-04, 1.35746610e-03, 4.52488690e-04,
       9.04977380e-04, 9.04977380e-04, 1.35746610e-03, 0.,
       9.04977380e-04, 1.35746610e-03, 7.69230770e-03, 9.04977380e-04,
       3.16742086e-03, 1.35746610e-03, 1.35746610e-03, 0.,
       1.80995476e-03, 1.80995476e-03, 9.04977380e-04, 1.35746610e-03,
       2.71493220e-03, 2.26244354e-03, 9.04977380e-04, 2.26244354e-03,
       4.52488690e-04, 0., 4.52488690e-04, 1.80995476e-03,
       9.04977380e-04, 4.52488707e-03, 3.61990952e-03, 2.71493220e-03,
       1.35746610e-03, 0., 9.04977380e-04, 4.52488707e-03,
       1.80995476e-03, 0., 1.35746610e-03, 1.35746610e-03,
       2.71493220e-03, 9.04977380e-04, 2.71493220e-03, 4.52488690e-04,
       1.35746610e-03, 4.07239841e-03, 1.35746610e-03, 2.26244354e-03,
       0., 3.61990952e-03, 0., 1.80995476e-03, 4.52488690e-04, 0.,
       1.35746610e-03, 0., 9.04977380e-04, 4.52488690e-04,
       1.35746610e-03, 1.35746610e-03, 0., 1.80995476e-03,
       1.80995476e-03, 4.52488690e-04, 3.61990952e-03, 1.35746610e-03,
       9.04977380e-04, 1.80995476e-03, 4.52488690e-04, 0.,
       1.35746610e-03, 0., 4.07239841e-03, 0., 2.26244354e-03,
       1.80995476e-03, 9.04977380e-04, 9.04977380e-04, 2.26244354e-03,
       1.80995476e-03, 2.71493220e-03, 9.04977380e-04, 3.16742086e-03,
       3.16742086e-03, 4.52488690e-04, 1.80995476e-03, 1.35746610e-03,
       1.80995476e-03, 4.52488690e-04, 0., 9.04977380e-04,
       4.52488690e-04, 9.04977380e-04, 9.04977380e-04, 1.35746610e-03,
       0., 1.80995476e-03, 4.52488690e-04, 3.61990952e-03,
       2.71493220e-03, 9.04977380e-04, 9.04977380e-04, 4.52488690e-04,
       9.04977380e-04, 6.33484172e-03, 3.16742086e-03, 1.35746610e-03,
       1.80995476e-03, 9.04977380e-04, 0., 1.80995476e-03,
       9.04977380e-04, 4.52488690e-04, 4.52488690e-04, 2.26244354e-03,
       0., 0., 1.35746610e-03, 9.04977380e-04, 2.71493220e-03,
       9.04977380e-04, 0., 2.71493220e-03, 4.52488690e-04,
       1.80995476e-03, 2.71493220e-03, 1.35746610e-03, 3.16742086e-03,
       1.35746610e-03, 4.52488690e-04, 9.04977380e-04, 1.35746610e-03,
       2.26244354e-03, 1.35746610e-03, 0., 9.04977380e-04,
       4.52488690e-04, 4.52488690e-04, 9.04977380e-04, 2.71493220e-03,
       4.52488690e-04, 1.35746610e-03, 1.35746610e-03, 1.35746610e-03,
       4.52488690e-04, 2.71493220e-03, 4.52488690e-04, 0., 0.,
       4.52488690e-04, 0., 9.04977380e-04, 0., 1.80995476e-03,
       2.26244354e-03, 4.52488690e-04, 1.35746610e-03, 2.26244354e-03,
       0., 9.04977380e-04, 9.04977380e-04, 1.80995476e-03,
       1.80995476e-03, 9.04977380e-04, 4.52488690e-04, 9.04977380e-04,
       9.04977380e-04, 2.26244354e-03, 4.52488690e-04, 1.35746610e-03,
       2.26244354e-03, 9.04977380e-04, 9.04977380e-04, 1.35746610e-03,
       0., 1.35746610e-03, 1.35746610e-03, 9.04977380e-04,
       1.80995476e-03, 4.52488690e-04, 9.04977380e-04, 4.52488690e-04,
       9.04977380e-04, 4.07239841e-03, 1.80995476e-03, 4.52488690e-04,
       9.04977380e-04, 9.04977380e-04, 9.04977380e-04, 0.,
       4.52488690e-04, 4.52488690e-04, 1.35746610e-03, 4.52488690e-04,
       4.52488690e-04, 1.80995476e-03, 4.52488690e-04, 1.35746610e-03,
       9.04977380e-04, 2.26244354e-03, 9.04977380e-04, 4.52488690e-04,
       9.04977380e-04, 4.52488690e-04, 4.52488690e-04, 9.04977380e-04,
       1.80995476e-03, 0., 4.52488690e-04, 2.26244354e-03,
       4.52488690e-04, 4.52488690e-04, 1.80995476e-03, 2.26244354e-03,
