%YAML:1.0
m25f: !!opencv-matrix
   rows: 1
   cols: 800
   dt: f
   data: [ 5.26315765e-04, 1.57894730e-03, 1.05263153e-03,
       1.05263153e-03, 0., 0., 2.10526306e-03, 4.73684166e-03,
       3.15789459e-03, 1.57894730e-03, 1.57894730e-03, 5.26315765e-04,
       5.26315765e-04, 1.05263153e-03, 1.57894730e-03, 0.,
       1.05263153e-03, 5.26315765e-04, 2.10526306e-03, 1.05263153e-03,
       1.05263153e-03, 1.05263153e-03, 0., 0., 0., 4.73684166e-03,
       2.10526306e-03, 2.10526306e-03, 1.05263153e-03, 0.,
       1.57894730e-03, 2.10526306e-03, 1.05263153e-03, 5.26315765e-04,
       1.05263153e-03, 5.26315765e-04, 1.57894730e-03, 2.10526306e-03,
       5.26315765e-04, 0., 5.26315765e-04, 1.57894730e-03, 0.,
       2.10526306e-03, 2.63157883e-03, 0., 2.10526306e-03, 0.,
       5.26315765e-04, 0., 1.57894730e-03, 5.26315765e-04,
       1.57894730e-03, 5.26315765e-04, 0., 2.10526306e-03,
       3.68421036e-03, 1.05263153e-03, 0., 2.63157883e-03, 0.,
       5.26315765e-04, 0., 1.05263153e-03, 0., 0., 0., 1.05263153e-03,
       0., 0., 0., 0., 5.26315765e-04, 0., 1.57894730e-03,
       2.10526306e-03, 0., 0., 3.15789459e-03, 0., 1.05263153e-03, 0.,
       5.26315765e-04, 1.05263153e-03, 0., 3.68421036e-03,
       1.05263153e-03, 5.26315765e-04, 1.05263153e-03, 1.05263153e-03,
       0., 1.57894730e-03, 5.26315765e-04, 2.63157883e-03,
       1.05263153e-03, 2.63157883e-03, 4.21052612e-03, 5.26315765e-04,
       3.68421036e-03, 1.05263153e-03, 1.57894730e-03, 5.26315765e-04,
       2.63157883e-03, 1.57894730e-03, 0., 2.63157883e-03, 0.,
       1.57894730e-03, 0., 0., 1.57894730e-03, 6.31578919e-03,
       5.26315765e-04, 2.63157883e-03, 0., 2.63157883e-03,
       5.26315765e-04, 6.31578919e-03, 0., 4.21052612e-03,
       5.26315765e-04, 1.05263153e-03, 1.57894730e-03, 1.57894730e-03,
       0., 0., 2.10526306e-03, 0., 2.63157883e-03, 1.05263153e-03, 0.,
       2.63157883e-03, 1.05263153e-03, 5.26315765e-04, 1.57894730e-03,
       0., 3.15789459e-03, 1.57894730e-03, 1.57894730e-03,
       5.26315765e-04, 5.26315765e-04, 5.26315765e-04, 2.10526306e-03,
       0., 1.05263153e-03, 1.57894730e-03, 5.26315765e-04,
       5.26315765e-04, 0., 2.63157883e-03, 0., 0., 1.57894730e-03,
       2.63157883e-03, 0., 5.26315765e-04, 0., 2.10526306e-03,
       2.63157883e-03, 1.57894730e-03, 0., 0., 1.05263153e-03,
       2.10526306e-03, 0., 1.05263153e-03, 0., 5.26315765e-04,
       1.05263153e-03, 2.63157883e-03, 3.15789459e-03, 0.,
       2.63157883e-03, 5.78947365e-03, 1.57894730e-03, 1.05263153e-03,
       2.63157883e-03, 0., 5.26315765e-04, 5.26315765e-04,
       1.57894730e-03, 1.57894730e-03, 0., 1.57894730e-03,
       3.15789459e-03, 1.57894730e-03, 0., 1.05263153e-03, 0.,
       4.73684166e-03, 0., 1.57894730e-03, 1.05263153e-03,
       5.26315765e-04, 1.05263153e-03, 1.05263153e-03, 1.05263153e-03,
       2.63157883e-03, 5.26315765e-04, 0., 0., 1.05263153e-03,
       1.05263153e-03, 0., 5.26315765e-04, 2.63157883e-03,
       2.10526306e-03, 1.57894730e-03, 5.26315765e-04, 5.26315765e-04,
       0., 1.05263153e-03, 0., 3.68421036e-03, 5.26315765e-04,
       5.26315765e-04, 1.05263153e-03, 0., 1.05263153e-03,
       2.63157883e-03, 5.26315765e-04, 0., 5.26315765e-04,
       1.05263153e-03, 0., 0., 1.05263153e-03, 0., 1.05263153e-03,
       1.05263153e-03, 0., 2.63157883e-03, 2.63157883e-03,
       1.05263153e-03, 5.26315765e-04, 0., 1.57894730e-03, 0.,
       5.26315765e-03, 4.73684166e-03, 4.73684166e-03, 1.57894730e-03,
       2.63157883e-03, 5.26315765e-04, 1.05263153e-03, 5.26315765e-04,
       5.26315765e-04, 1.05263153e-03, 1.05263153e-03, 1.05263153e-03,
       1.05263153e-03, 5.26315765e-04, 1.57894730e-03, 1.05263153e-03,
       2.10526306e-03, 1.05263153e-03, 5.26315765e-04, 1.05263153e-03,
       0., 3.15789459e-03, 1.05263153e-03, 3.15789459e-03,
       1.57894730e-03, 5.26315765e-04, 1.05263153e-03, 2.10526306e-03,
       2.10526306e-03, 2.10526306e-03, 1.57894730e-03, 1.05263153e-03,
       0., 0., 0., 0., 1.57894730e-03, 1.05263153e-03, 2.10526306e-03,
       3.15789459e-03, 1.57894730e-03, 2.10526306e-03, 5.26315765e-04,
       5.26315765e-04, 0., 2.10526306e-03, 5.26315765e-04, 0.,
       1.05263153e-03, 1.57894730e-03, 0., 1.57894730e-03,
       2.10526306e-03, 1.05263153e-03, 0., 5.26315765e-04,
       1.57894730e-03, 1.05263153e-03, 1.05263153e-03, 1.57894730e-03,
       2.10526306e-03, 1.05263153e-03, 0., 1.05263153e-03,
       5.26315765e-04, 5.26315765e-04, 3.68421036e-03, 0.,
       1.05263153e-03, 1.57894730e-03, 0., 1.05263153e-03,
       2.63157883e-03, 5.26315765e-04, 5.26315765e-04, 5.26315765e-04,
       5.26315765e-04, 5.26315765e-04, 9.47368331e-03, 2.10526306e-03,
       0., 3.68421036e-03, 3.68421036e-03, 5.26315765e-04,
       1.57894730e-03, 5.26315765e-04, 0., 5.26315765e-04,
       5.26315765e-04, 2.63157883e-03, 2.63157883e-03, 0.,
       2.10526306e-03, 0., 0., 0., 0., 1.57894730e-03, 0.,
       5.26315765e-04, 3.68421036e-03, 2.10526306e-03, 1.57894730e-03,
       0., 5.26315765e-04, 1.05263153e-03, 5.26315765e-04,
       1.57894730e-03, 1.57894730e-03, 2.63157883e-03, 5.26315765e-04,
       1.57894730e-03, 5.26315765e-04, 5.26315765e-04, 0.,
       1.57894730e-03, 1.05263153e-03, 0., 2.10526306e-03,
       1.05263153e-03, 1.57894730e-03, 2.10526306e-03, 3.15789459e-03,
       1.57894730e-03, 5.26315765e-04, 1.05263153e-03, 2.10526306e-03,
       5.26315765e-04, 2.63157883e-03, 1.57894730e-03, 5.26315765e-04,
       5.26315765e-04, 0., 1.57894730e-03, 2.63157883e-03,
       1.57894730e-03, 0., 5.26315765e-04, 3.15789459e-03,
       5.26315765e-04, 2.10526306e-03, 2.63157883e-03, 2.63157883e-03,
       2.10526306e-03, 2.10526306e-03, 5.78947365e-03, 5.26315765e-04,
       2.10526306e-03, 1.05263153e-03, 1.57894730e-03, 2.10526306e-03,
       5.26315765e-04, 5.26315765e-04, 5.26315765e-04, 1.57894730e-03,
       5.26315765e-04, 2.63157883e-03, 5.26315765e-03, 0.,
       1.05263153e-03, 5.26315765e-04, 5.26315765e-04, 4.21052612e-03,
       1.57894730e-03, 1.05263153e-03, 0., 1.05263153e-03,
       1.05263153e-03, 0., 5.26315765e-04, 3.15789459e-03,
       3.15789459e-03, 5.26315765e-04, 5.26315765e-04, 2.10526306e-03,
       5.26315765e-04, 2.10526306e-03, 5.26315765e-04, 0., 0.,
       5.26315765e-04, 0., 5.26315765e-04, 2.63157883e-03,
       5.26315765e-04, 4.21052612e-03, 4.21052612e-03, 0.,
       1.05263153e-03, 0., 0., 1.57894730e-03, 1.05263153e-03, 0.,
       1.57894730e-03, 5.26315765e-04, 5.26315765e-04, 1.05263153e-03,
       0., 1.05263153e-03, 0., 0., 1.05263153e-03, 0., 5.26315765e-04,
       5.26315765e-04, 1.57894730e-03, 5.26315765e-04, 0.,
       2.10526306e-03, 2.10526306e-03, 2.63157883e-03, 0.,
       2.10526306e-03, 5.26315765e-04, 2.10526306e-03, 0.,
       5.26315765e-04, 1.57894730e-03, 0., 1.05263153e-03,
       1.57894730e-03, 2.10526306e-03, 2.63157883e-03, 5.26315765e-04,
       1.57894730e-03, 5.26315765e-04, 1.05263153e-03, 2.63157883e-03,
       5.26315765e-04, 1.05263153e-03, 2.10526306e-03, 1.05263153e-03,
       5.26315765e-04, 1.05263153e-03, 5.26315765e-04, 5.26315765e-04,
       0., 2.63157883e-03, 3.68421036e-03, 2.10526306e-03,
       5.26315765e-04, 3.15789459e-03, 3.15789459e-03, 0., 0.,
       5.26315765e-04, 1.05263153e-03, 1.05263153e-03, 5.26315765e-04,
       1.57894730e-03, 1.05263153e-03, 1.57894730e-03, 2.63157883e-03,
       5.26315765e-04, 5.26315765e-04, 3.15789459e-03, 1.05263153e-03,
       1.05263153e-03, 1.57894730e-03, 2.10526306e-03, 5.26315765e-04,
       4.21052612e-03, 0., 0., 2.10526306e-03, 1.57894730e-03,
       5.26315765e-04, 0., 2.10526306e-03, 2.10526306e-03,
       5.26315765e-04, 5.26315765e-04, 3.15789459e-03, 0.,
       1.57894730e-03, 2.10526306e-03, 3.15789459e-03, 3.15789459e-03,
       1.57894730e-03, 2.10526306e-03, 3.15789459e-03, 1.05263153e-03,
       2.63157883e-03, 1.57894730e-03, 2.63157883e-03, 0., 0.,
       4.73684166e-03, 5.26315765e-04, 0., 2.10526306e-03,
       2.10526306e-03, 4.73684166e-03, 0., 5.26315765e-04, 0.,
