%YAML:1.0
m25f: !!opencv-matrix
   rows: 1
   cols: 800
   dt: f
   data: [ 5.22193208e-04, 1.04438642e-03, 2.08877283e-03, 0., 0., 0.,
       5.22193208e-04, 4.17754566e-03, 2.61096610e-03, 2.08877283e-03,
       2.61096610e-03, 1.04438642e-03, 5.22193208e-04, 5.22193208e-04,
       2.08877283e-03, 0., 5.22193208e-04, 2.08877283e-03,
       1.56657957e-03, 1.56657957e-03, 1.04438642e-03, 1.56657957e-03,
       0., 0., 0., 4.69973870e-03, 2.08877283e-03, 3.65535240e-03,
       1.04438642e-03, 0., 1.04438642e-03, 3.65535240e-03,
       1.04438642e-03, 1.04438642e-03, 1.04438642e-03, 5.22193208e-04,
       0., 2.61096610e-03, 5.22193208e-04, 0., 1.04438642e-03,
       1.04438642e-03, 0., 2.61096610e-03, 2.08877283e-03,
       5.22193208e-04, 2.08877283e-03, 0., 1.04438642e-03,
       5.22193208e-04, 1.56657957e-03, 1.56657957e-03, 1.04438642e-03,
       2.08877283e-03, 0., 1.56657957e-03, 2.61096610e-03,
       5.22193208e-04, 0., 2.61096610e-03, 0., 5.22193208e-04, 0.,
       1.04438642e-03, 5.22193208e-04, 0., 5.22193208e-04,
       2.08877283e-03, 0., 0., 5.22193208e-04, 0., 0., 5.22193208e-04,
       1.04438642e-03, 1.56657957e-03, 0., 0., 4.69973870e-03, 0.,
       1.04438642e-03, 0., 5.22193208e-04, 5.22193208e-04, 0.,
       3.65535240e-03, 1.56657957e-03, 5.22193208e-04, 1.56657957e-03,
       1.04438642e-03, 0., 5.22193208e-04, 1.04438642e-03,
       3.13315913e-03, 1.04438642e-03, 2.08877283e-03, 4.69973870e-03,
       0., 3.65535240e-03, 0., 2.08877283e-03, 0., 1.56657957e-03,
       1.56657957e-03, 0., 1.56657957e-03, 0., 5.22193208e-04, 0., 0.,
       2.08877283e-03, 4.69973870e-03, 5.22193208e-04, 3.65535240e-03,
       0., 3.13315913e-03, 5.22193208e-04, 6.78851176e-03, 0.,
       4.69973870e-03, 1.04438642e-03, 1.04438642e-03, 1.04438642e-03,
       1.56657957e-03, 0., 1.04438642e-03, 1.56657957e-03, 0.,
       2.08877283e-03, 3.13315913e-03, 0., 3.13315913e-03,
       1.04438642e-03, 0., 1.04438642e-03, 5.22193208e-04,
       2.08877283e-03, 1.04438642e-03, 5.22193208e-04, 1.04438642e-03,
       5.22193208e-04, 5.22193208e-04, 1.56657957e-03, 0.,
       5.22193208e-04, 1.56657957e-03, 5.22193208e-04, 1.04438642e-03,
       0., 2.61096610e-03, 0., 0., 2.08877283e-03, 2.08877283e-03, 0.,
       5.22193208e-04, 0., 5.22193220e-03, 2.08877283e-03,
       5.22193208e-04, 0., 0., 1.04438642e-03, 2.61096610e-03,
       5.22193208e-04, 1.04438642e-03, 0., 5.22193208e-04,
       1.04438642e-03, 2.08877283e-03, 2.08877283e-03, 1.56657957e-03,
       1.56657957e-03, 6.26631826e-03, 1.56657957e-03, 0.,
       2.61096610e-03, 0., 5.22193208e-04, 1.04438642e-03,
       2.08877283e-03, 5.22193208e-04, 0., 1.04438642e-03,
       2.08877283e-03, 5.22193208e-04, 0., 2.61096610e-03, 0.,
       4.17754566e-03, 0., 1.56657957e-03, 1.04438642e-03,
       5.22193208e-04, 2.61096610e-03, 5.22193208e-04, 1.04438642e-03,
       1.56657957e-03, 1.04438642e-03, 0., 0., 1.56657957e-03,
       2.61096610e-03, 0., 2.08877283e-03, 1.04438642e-03,
       1.04438642e-03, 2.08877283e-03, 1.04438642e-03, 1.56657957e-03,
       5.22193208e-04, 0., 0., 3.13315913e-03, 0., 1.56657957e-03,
       1.04438642e-03, 1.04438642e-03, 5.22193208e-04, 2.61096610e-03,
       5.22193208e-04, 5.22193208e-04, 0., 1.56657957e-03, 0., 0.,
       1.04438642e-03, 5.22193208e-04, 1.56657957e-03, 1.04438642e-03,
       0., 2.61096610e-03, 2.08877283e-03, 1.56657957e-03, 0., 0.,
       1.56657957e-03, 5.22193208e-04, 3.65535240e-03, 2.08877283e-03,
       4.69973870e-03, 1.56657957e-03, 2.08877283e-03, 1.04438642e-03,
       5.22193208e-04, 0., 5.22193208e-04, 1.56657957e-03,
       5.22193208e-04, 0., 0., 1.56657957e-03, 1.04438642e-03, 0.,
       1.56657957e-03, 1.04438642e-03, 5.22193208e-04, 5.22193208e-04,
       0., 1.56657957e-03, 1.56657957e-03, 1.56657957e-03,
       1.56657957e-03, 5.22193208e-04, 5.22193208e-04, 2.61096610e-03,
       2.08877283e-03, 2.08877283e-03, 1.04438642e-03, 1.56657957e-03,
       5.22193208e-04, 0., 0., 1.04438642e-03, 1.04438642e-03,
       1.56657957e-03, 2.08877283e-03, 3.65535240e-03, 1.04438642e-03,
       2.08877283e-03, 0., 5.22193208e-04, 0., 2.08877283e-03,
       5.22193208e-04, 0., 1.04438642e-03, 1.56657957e-03, 0.,
       2.08877283e-03, 1.56657957e-03, 1.04438642e-03, 0.,
       1.04438642e-03, 5.22193208e-04, 5.22193208e-04, 1.56657957e-03,
       2.08877283e-03, 1.56657957e-03, 5.22193208e-04, 1.04438642e-03,
       1.04438642e-03, 0., 5.22193208e-04, 4.17754566e-03, 0.,
       1.56657957e-03, 1.04438642e-03, 0., 5.22193208e-04,
       3.13315913e-03, 0., 0., 5.22193208e-04, 5.22193208e-04,
       5.22193208e-04, 8.87728482e-03, 1.56657957e-03, 5.22193208e-04,
       2.61096610e-03, 2.61096610e-03, 5.22193208e-04, 1.56657957e-03,
       5.22193208e-04, 0., 1.56657957e-03, 5.22193208e-04,
       2.61096610e-03, 1.56657957e-03, 0., 2.08877283e-03, 0.,
       5.22193208e-04, 0., 0., 5.22193208e-04, 1.04438642e-03,
       5.22193208e-04, 3.13315913e-03, 3.13315913e-03, 1.04438642e-03,
       0., 1.04438642e-03, 1.56657957e-03, 5.22193208e-04,
       1.56657957e-03, 1.56657957e-03, 4.17754566e-03, 1.04438642e-03,
       1.56657957e-03, 5.22193208e-04, 1.04438642e-03, 0.,
       2.61096610e-03, 1.04438642e-03, 0., 4.69973870e-03,
       1.56657957e-03, 2.61096610e-03, 5.22193208e-04, 2.08877283e-03,
       1.04438642e-03, 5.22193208e-04, 2.08877283e-03, 1.04438642e-03,
       1.04438642e-03, 3.13315913e-03, 3.65535240e-03, 1.04438642e-03,
       5.22193208e-04, 0., 1.56657957e-03, 1.04438642e-03,
       2.08877283e-03, 0., 0., 2.08877283e-03, 1.04438642e-03,
       2.61096610e-03, 2.08877283e-03, 2.08877283e-03, 3.13315913e-03,
       1.56657957e-03, 4.17754566e-03, 5.22193208e-04, 3.13315913e-03,
       5.22193208e-04, 2.61096610e-03, 1.04438642e-03, 1.56657957e-03,
       5.22193208e-04, 1.56657957e-03, 1.04438642e-03, 1.04438642e-03,
       3.65535240e-03, 7.31070479e-03, 0., 5.22193208e-04,
       1.04438642e-03, 1.04438642e-03, 3.65535240e-03, 1.56657957e-03,
       1.04438642e-03, 0., 5.22193208e-04, 5.22193208e-04, 0.,
       5.22193208e-04, 1.56657957e-03, 3.65535240e-03, 5.22193208e-04,
       1.04438642e-03, 5.22193208e-04, 5.22193208e-04, 1.04438642e-03,
       5.22193208e-04, 1.04438642e-03, 0., 5.22193208e-04,
       5.22193208e-04, 1.04438642e-03, 1.56657957e-03, 0.,
       4.17754566e-03, 3.13315913e-03, 0., 5.22193208e-04, 0., 0.,
       3.13315913e-03, 0., 0., 2.08877283e-03, 0., 5.22193208e-04,
       5.22193208e-04, 0., 5.22193208e-04, 5.22193208e-04, 0.,
       5.22193208e-04, 5.22193208e-04, 0., 5.22193208e-04,
       1.04438642e-03, 5.22193208e-04, 0., 2.08877283e-03,
       2.08877283e-03, 4.69973870e-03, 1.04438642e-03, 1.56657957e-03,
       5.22193208e-04, 5.22193208e-04, 5.22193208e-04, 0., 0., 0.,
       1.56657957e-03, 1.56657957e-03, 1.04438642e-03, 2.08877283e-03,
       1.04438642e-03, 1.56657957e-03, 1.04438642e-03, 1.56657957e-03,
       1.56657957e-03, 5.22193208e-04, 1.04438642e-03, 2.61096610e-03,
       1.04438642e-03, 5.22193208e-04, 1.04438642e-03, 1.56657957e-03,
       5.22193208e-04, 0., 5.22193208e-04, 2.61096610e-03,
       2.08877283e-03, 5.22193208e-04, 3.65535240e-03, 3.13315913e-03,
       5.22193208e-04, 5.22193208e-04, 5.22193208e-04, 1.04438642e-03,
       2.08877283e-03, 0., 1.04438642e-03, 5.22193208e-04,
       1.56657957e-03, 1.04438642e-03, 5.22193208e-04, 0.,
       4.17754566e-03, 1.56657957e-03, 2.08877283e-03, 2.08877283e-03,
       2.08877283e-03, 0., 3.65535240e-03, 0., 5.22193208e-04,
       4.69973870e-03, 3.13315913e-03, 1.56657957e-03, 0.,
       2.08877283e-03, 1.04438642e-03, 0., 5.22193208e-04,
       3.65535240e-03, 0., 1.56657957e-03, 1.04438642e-03,
       1.56657957e-03, 2.61096610e-03, 5.22193208e-04, 1.56657957e-03,
       4.17754566e-03, 1.56657957e-03, 3.13315913e-03, 1.56657957e-03,
       2.61096610e-03, 5.22193208e-04, 0., 4.17754566e-03,
       5.22193208e-04, 0., 1.56657957e-03, 2.61096610e-03,
       4.69973870e-03, 0., 5.22193208e-04, 0., 2.61096610e-03,
