%YAML:1.0
m25f: !!opencv-matrix
   rows: 1
   cols: 800
   dt: f
   data: [ 0., 0., 0., 1.45985396e-03, 0., 1.45985396e-03, 0., 0.,
       1.45985396e-03, 5.83941583e-03, 1.45985396e-03, 7.29926955e-03,
       5.83941583e-03, 4.37956210e-03, 0., 1.45985396e-03, 0.,
       1.45985396e-03, 0., 0., 1.45985396e-03, 0., 0., 4.37956210e-03,
       1.45985396e-03, 0., 2.91970791e-03, 0., 0., 4.37956210e-03, 0.,
       0., 0., 2.91970791e-03, 0., 0., 1.45985396e-03, 1.45985396e-03,
       0., 0., 1.45985396e-03, 0., 5.83941583e-03, 0., 1.45985396e-03,
       2.91970791e-03, 0., 7.29926955e-03, 2.91970791e-03, 0., 0., 0.,
       0., 0., 0., 2.91970791e-03, 1.45985396e-03, 1.45985396e-03,
       1.45985396e-03, 0., 1.45985396e-03, 2.91970791e-03, 0., 0.,
       1.45985396e-03, 1.45985396e-03, 0., 0., 2.91970791e-03, 0., 0.,
       0., 0., 0., 1.45985396e-03, 0., 7.29926955e-03, 1.45985396e-03,
       0., 0., 0., 1.45985396e-03, 0., 4.37956210e-03, 0.,
       1.45985396e-03, 2.91970791e-03, 0., 0., 2.91970791e-03,
       1.45985396e-03, 0., 0., 0., 0., 1.45985396e-03, 2.91970791e-03,
       0., 0., 0., 2.91970791e-03, 0., 0., 0., 1.45985396e-03,
       1.02189779e-02, 1.45985396e-03, 8.75912420e-03, 0., 0.,
       1.45985396e-03, 0., 2.91970791e-03, 0., 0., 1.45985396e-03,
       2.91970791e-03, 0., 2.91970791e-03, 0., 1.16788317e-02,
       2.91970791e-03, 1.45985396e-03, 2.91970791e-03, 1.45985396e-03,
       0., 1.45985396e-03, 0., 0., 2.91970791e-03, 7.29926955e-03,
       1.45985396e-03, 4.37956210e-03, 0., 0., 2.91970791e-03, 0., 0.,
       1.45985396e-03, 1.45985396e-03, 2.91970791e-03, 1.45985396e-03,
       0., 2.91970791e-03, 4.37956210e-03, 0., 0., 1.45985396e-03,
       1.45985396e-03, 0., 0., 0., 1.45985396e-03, 0., 1.45985396e-03,
       0., 0., 1.45985396e-03, 0., 1.45985396e-03, 0., 0., 0., 0., 0.,
       1.45985396e-03, 4.37956210e-03, 0., 0., 1.45985396e-03, 0.,
       2.91970791e-03, 1.45985396e-03, 2.91970791e-03, 0.,
       1.45985396e-03, 0., 0., 0., 0., 0., 1.45985396e-03,
       1.45985396e-03, 2.91970791e-03, 0., 1.45985396e-03, 0.,
       4.37956210e-03, 1.45985396e-03, 4.37956210e-03, 0.,
       1.45985396e-03, 0., 1.45985396e-03, 2.91970791e-03,
       2.91970791e-03, 0., 0., 0., 2.91970791e-03, 1.45985396e-03, 0.,
       0., 0., 0., 0., 2.91970791e-03, 7.29926955e-03, 0., 0.,
       1.45985396e-03, 0., 1.45985396e-03, 4.37956210e-03,
       2.91970791e-03, 0., 0., 0., 1.02189779e-02, 0., 0., 0.,
       2.91970791e-03, 0., 0., 0., 0., 0., 1.45985396e-03,
       1.45985396e-03, 0., 0., 0., 0., 4.37956210e-03, 1.45985396e-03,
       0., 0., 2.91970791e-03, 1.45985396e-03, 1.45985396e-03,
       1.45985396e-03, 2.91970791e-03, 0., 1.45985396e-03, 0.,
       1.45985396e-03, 0., 0., 4.37956210e-03, 0., 1.45985396e-03, 0.,
       0., 1.45985396e-03, 0., 1.45985396e-03, 1.45985396e-03, 0., 0.,
       4.37956210e-03, 0., 0., 0., 0., 0., 0., 0., 2.91970791e-03,
       4.37956210e-03, 0., 1.45985396e-03, 5.83941583e-03, 0., 0., 0.,
       0., 1.45985396e-03, 0., 0., 0., 1.45985396e-03, 0., 0., 0.,
       2.91970791e-03, 0., 1.45985396e-03, 2.91970791e-03,
       1.45985396e-03, 0., 0., 5.83941583e-03, 0., 4.37956210e-03, 0.,
       1.45985396e-03, 0., 1.45985396e-03, 0., 1.45985396e-03,
       1.45985396e-03, 0., 1.45985396e-03, 5.83941583e-03,
       1.45985396e-03, 4.37956210e-03, 0., 2.91970791e-03,
       2.91970791e-03, 1.45985396e-03, 1.45985396e-03, 2.91970791e-03,
       2.91970791e-03, 0., 0., 0., 2.91970791e-03, 0., 0.,
       1.45985396e-03, 0., 2.91970791e-03, 0., 0., 1.02189779e-02,
       5.83941583e-03, 1.45985396e-03, 1.45985396e-03, 2.91970791e-03,
       2.91970791e-03, 2.91970791e-03, 0., 0., 1.45985396e-03, 0., 0.,
       0., 0., 1.45985396e-03, 0., 0., 0., 1.45985396e-03, 0., 0.,
       1.45985396e-03, 1.45985396e-03, 0., 0., 4.37956210e-03, 0.,
       2.91970791e-03, 1.45985396e-03, 0., 0., 0., 1.45985396e-03,
       1.45985396e-03, 0., 0., 0., 0., 4.37956210e-03, 1.45985396e-03,
       0., 0., 1.45985396e-03, 2.91970791e-03, 0., 0., 4.37956210e-03,
       1.45985396e-03, 0., 0., 2.91970791e-03, 0., 0., 0.,
       1.45985396e-03, 1.45985396e-03, 5.83941583e-03, 0.,
       4.37956210e-03, 1.45985396e-03, 0., 0., 0., 0., 2.91970791e-03,
       0., 0., 5.83941583e-03, 1.45985396e-03, 0., 0., 2.91970791e-03,
       0., 0., 0., 1.45985396e-03, 0., 0., 0., 4.37956210e-03, 0.,
       4.37956210e-03, 1.45985396e-03, 1.45985396e-03, 0., 0.,
       1.45985396e-03, 0., 0., 0., 1.45985396e-03, 1.45985396e-03,
       4.37956210e-03, 0., 1.45985396e-03, 2.91970791e-03,
       1.45985396e-03, 0., 2.91970791e-03, 0., 0., 1.45985396e-03,
       1.45985396e-03, 1.45985396e-03, 0., 0., 0., 2.91970791e-03, 0.,
       1.45985396e-03, 1.45985396e-03, 2.91970791e-03, 1.45985396e-03,
       0., 0., 4.37956210e-03, 0., 0., 0., 0., 0., 2.91970791e-03,
       2.91970791e-03, 0., 1.45985396e-03, 0., 0., 2.91970791e-03, 0.,
       0., 0., 2.91970791e-03, 0., 1.45985396e-03, 1.45985396e-03, 0.,
       0., 4.37956210e-03, 0., 1.45985396e-03, 0., 1.45985396e-03,
       1.45985396e-03, 0., 0., 1.45985396e-03, 2.91970791e-03, 0.,
       2.91970791e-03, 1.45985396e-03, 0., 4.37956210e-03, 0.,
       1.45985396e-03, 0., 5.83941583e-03, 0., 1.45985396e-03, 0.,
       1.45985396e-03, 0., 0., 1.45985396e-03, 0., 0., 2.91970791e-03,
       1.45985396e-03, 0., 0., 2.91970791e-03, 4.37956210e-03,
       2.91970791e-03, 1.45985396e-03, 0., 1.45985396e-03, 0., 0., 0.,
       2.91970791e-03, 2.91970791e-03, 1.45985396e-03, 0.,
       1.45985396e-03, 0., 0., 2.91970791e-03, 0., 0., 0.,
       1.45985396e-03, 4.37956210e-03, 1.45985396e-03, 0.,
       1.45985396e-03, 1.45985396e-03, 4.37956210e-03, 2.91970791e-03,
       1.45985396e-03, 0., 0., 0., 0., 4.37956210e-03, 2.91970791e-03,
       1.45985396e-03, 1.45985396e-03, 0., 0., 0., 1.45985396e-03,
       2.91970791e-03, 1.45985396e-03, 0., 1.45985396e-03, 0.,
       4.37956210e-03, 1.45985396e-03, 0., 1.16788317e-02,
       4.37956210e-03, 1.45985396e-03, 0., 0., 0., 0., 2.91970791e-03,
       5.83941583e-03, 2.91970791e-03, 1.45985396e-03, 1.45985396e-03,
       0., 0., 1.45985396e-03, 0., 1.45985396e-03, 1.45985396e-03,
       1.45985396e-03, 0., 1.45985396e-03, 0., 1.45985396e-03, 0.,
       1.45985396e-03, 0., 0., 1.45985396e-03, 2.91970791e-03,
       1.45985396e-03, 2.91970791e-03, 0., 2.91970791e-03, 0.,
       1.45985396e-03, 1.45985396e-03, 0., 0., 0., 4.37956210e-03,
       5.83941583e-03, 2.91970791e-03, 2.91970791e-03, 1.45985396e-03,
       2.91970791e-03, 0., 0., 1.45985396e-03, 0., 0., 1.45985396e-03,
       0., 0., 1.45985396e-03, 0., 1.45985396e-03, 0., 1.45985396e-03,
       0., 0., 1.45985396e-03, 7.29926955e-03, 0., 0., 0., 0.,
       2.91970791e-03, 1.45985396e-03, 0., 1.45985396e-03,
       1.45985396e-03, 1.45985396e-03, 0., 1.45985396e-03, 0., 0.,
       1.45985396e-03, 1.45985396e-03, 0., 5.83941583e-03,
       1.45985396e-03, 0., 2.91970791e-03, 1.16788317e-02,
       1.45985396e-03, 1.45985396e-03, 1.45985396e-03, 5.83941583e-03,
       1.45985396e-03, 1.45985396e-03, 0., 0., 1.45985396e-03, 0.,
       1.45985396e-03, 1.45985396e-03, 0., 0., 0., 0., 0.,
       1.45985396e-03, 1.45985396e-03, 0., 0., 1.45985396e-03, 0., 0.,
       0., 0., 0., 0., 1.45985396e-03, 1.45985396e-03, 1.45985396e-03,
       2.91970791e-03, 1.45985396e-03, 0., 0., 0., 0., 0., 0.,
       1.45985396e-03, 5.83941583e-03, 1.45985396e-03, 0., 0., 0., 0.,
       0., 0., 1.45985396e-03, 0., 0., 1.45985396e-03, 0.,
       1.45985396e-03, 0., 2.91970791e-03, 2.91970791e-03, 0.,
       1.45985396e-03, 1.45985396e-03, 1.45985396e-03, 0.,
       5.83941583e-03, 0., 1.45985396e-03, 0., 5.83941583e-03, 0.,
       1.45985396e-03, 0., 0., 1.45985396e-03, 0., 0., 1.45985396e-03,
       0., 0., 4.37956210e-03, 5.83941583e-03, 0., 0., 2.91970791e-03,
       0., 2.91970791e-03, 2.91970791e-03, 4.37956210e-03, 0., 0., 0.,
       4.37956210e-03, 1.45985396e-03, 7.29926955e-03, 1.45985396e-03,
