%YAML:1.0
m25f: !!opencv-matrix
   rows: 1
   cols: 800
   dt: f
   data: [ 0., 2.77392520e-03, 0., 0., 0., 0., 0., 2.77392520e-03,
       1.38696260e-03, 0., 1.38696260e-03, 0., 4.16088756e-03,
       1.38696260e-03, 2.77392520e-03, 6.93481322e-03, 1.38696260e-03,
       1.38696260e-03, 0., 1.38696260e-03, 0., 0., 0., 0., 0.,
       1.38696260e-03, 1.38696260e-03, 4.16088756e-03, 1.38696260e-03,
       1.38696260e-03, 0., 0., 2.77392520e-03, 0., 0., 0., 0., 0.,
       1.38696260e-03, 0., 2.77392520e-03, 0., 6.93481322e-03,
       4.16088756e-03, 1.38696260e-03, 5.54785039e-03, 0., 0., 0.,
       1.38696260e-03, 1.38696260e-03, 4.16088756e-03, 0., 0.,
       4.16088756e-03, 2.77392520e-03, 0., 0., 1.38696260e-03,
       1.38696260e-03, 2.77392520e-03, 1.38696260e-03, 0.,
       1.38696260e-03, 0., 2.77392520e-03, 0., 2.77392520e-03,
       4.16088756e-03, 0., 1.38696260e-03, 0., 2.77392520e-03, 0., 0.,
       0., 1.10957008e-02, 1.38696260e-03, 0., 0., 1.38696260e-03, 0.,
       0., 0., 0., 0., 1.38696260e-03, 2.77392520e-03, 0., 0., 0.,
       5.54785039e-03, 2.77392520e-03, 0., 0., 0., 0., 6.93481322e-03,
       2.77392520e-03, 0., 0., 1.38696260e-03, 0., 0., 2.77392520e-03,
       0., 0., 0., 0., 1.38696260e-03, 0., 4.16088756e-03,
       4.16088756e-03, 1.38696260e-03, 1.38696260e-03, 2.77392520e-03,
       1.38696260e-03, 1.38696260e-03, 1.38696260e-03, 0., 0.,
       1.38696260e-03, 1.38696260e-03, 0., 0., 1.38696260e-03,
       5.54785039e-03, 0., 0., 0., 1.38696260e-03, 2.77392520e-03, 0.,
       1.38696260e-03, 4.16088756e-03, 1.38696260e-03, 1.38696260e-03,
       2.77392520e-03, 4.16088756e-03, 0., 0., 4.16088756e-03, 0., 0.,
       0., 0., 5.54785039e-03, 1.38696260e-03, 2.77392520e-03,
       1.38696260e-03, 2.77392520e-03, 2.77392520e-03, 1.38696260e-03,
       0., 2.77392520e-03, 0., 1.38696260e-03, 4.16088756e-03,
       1.38696260e-03, 0., 0., 0., 1.38696260e-03, 0., 0., 0., 0.,
       1.38696260e-03, 2.77392520e-03, 1.38696260e-03, 4.16088756e-03,
       0., 0., 2.77392520e-03, 0., 0., 2.77392520e-03, 0., 0., 0.,
       1.38696260e-03, 2.77392520e-03, 0., 0., 2.77392520e-03,
       1.38696260e-03, 5.54785039e-03, 4.16088756e-03, 0.,
       1.38696260e-03, 4.16088756e-03, 0., 1.38696260e-03,
       1.38696260e-03, 1.38696260e-03, 2.77392520e-03, 1.38696260e-03,
       0., 0., 0., 0., 1.38696260e-03, 0., 4.16088756e-03, 0.,
       2.77392520e-03, 1.38696260e-03, 2.77392520e-03, 0., 0.,
       1.38696260e-03, 0., 1.38696260e-03, 6.93481322e-03,
       4.16088756e-03, 2.77392520e-03, 2.77392520e-03, 0., 0.,
       1.38696260e-03, 1.38696260e-03, 2.77392520e-03, 0., 0.,
       4.16088756e-03, 1.38696260e-03, 0., 0., 5.54785039e-03, 0.,
       1.38696260e-03, 0., 1.38696260e-03, 2.77392520e-03, 0.,
       1.38696260e-03, 5.54785039e-03, 0., 0., 6.93481322e-03,
       1.38696260e-03, 1.38696260e-03, 1.38696260e-03, 0., 0.,
       2.77392520e-03, 2.77392520e-03, 0., 1.38696260e-03,
       1.38696260e-03, 2.77392520e-03, 0., 0., 0., 1.38696260e-03, 0.,
       0., 4.16088756e-03, 2.77392520e-03, 0., 1.38696260e-03, 0.,
       5.54785039e-03, 0., 1.38696260e-03, 5.54785039e-03, 0.,
       1.38696260e-03, 0., 1.38696260e-03, 1.38696260e-03,
       4.16088756e-03, 0., 0., 0., 5.54785039e-03, 0., 0., 0., 0.,
       1.38696260e-03, 2.77392520e-03, 1.38696260e-03, 0.,
       1.38696260e-03, 0., 4.16088756e-03, 1.38696260e-03, 0., 0.,
       1.38696260e-03, 0., 0., 1.38696260e-03, 0., 1.38696260e-03,
       4.16088756e-03, 0., 0., 2.77392520e-03, 0., 0., 0., 0.,
       1.38696260e-03, 0., 1.38696260e-03, 0., 2.77392520e-03, 0.,
       2.77392520e-03, 6.93481322e-03, 1.38696260e-03, 1.38696260e-03,
       1.38696260e-03, 0., 0., 4.16088756e-03, 0., 1.38696260e-03, 0.,
       0., 0., 2.77392520e-03, 0., 0., 1.38696260e-03, 2.77392520e-03,
       0., 1.38696260e-03, 2.77392520e-03, 4.16088756e-03,
       1.38696260e-03, 2.77392520e-03, 1.38696260e-03, 0., 0.,
       1.38696260e-03, 1.38696260e-03, 1.38696260e-03, 0.,
       1.38696260e-03, 0., 1.38696260e-03, 0., 1.38696260e-03,
       4.16088756e-03, 4.16088756e-03, 1.38696260e-03, 1.38696260e-03,
       1.38696260e-03, 1.38696260e-03, 0., 1.38696260e-03,
       1.38696260e-03, 2.77392520e-03, 1.38696260e-03, 0.,
       2.77392520e-03, 1.38696260e-03, 0., 0., 1.24826636e-02, 0.,
       2.77392520e-03, 0., 0., 1.38696260e-03, 2.77392520e-03,
       1.38696260e-03, 0., 0., 0., 1.38696260e-03, 1.38696260e-03, 0.,
       1.38696260e-03, 0., 0., 0., 2.77392520e-03, 0., 0.,
       1.38696260e-03, 1.38696260e-03, 1.38696260e-03, 0.,
       1.38696260e-03, 0., 0., 0., 0., 2.77392520e-03, 0.,
       1.38696260e-03, 0., 2.77392520e-03, 0., 0., 0., 4.16088756e-03,
       0., 0., 1.38696260e-03, 0., 1.38696260e-03, 4.16088756e-03, 0.,
       0., 2.77392520e-03, 2.77392520e-03, 2.77392520e-03, 0., 0.,
       1.38696260e-03, 0., 1.38696260e-03, 2.77392520e-03,
       1.38696260e-03, 0., 2.77392520e-03, 0., 0., 4.16088756e-03,
       2.77392520e-03, 0., 1.38696260e-03, 1.38696260e-03, 0.,
       2.77392520e-03, 0., 1.38696260e-03, 1.38696260e-03,
       1.38696260e-03, 0., 0., 0., 0., 1.38696260e-03, 1.38696260e-03,
       1.38696260e-03, 4.16088756e-03, 1.38696260e-03, 0., 0.,
       1.38696260e-03, 1.38696260e-03, 1.38696260e-03, 1.38696260e-03,
       0., 1.38696260e-03, 1.38696260e-03, 0., 2.77392520e-03, 0., 0.,
       0., 0., 0., 1.38696260e-03, 0., 1.38696260e-03, 0., 0.,
       1.38696260e-03, 0., 1.38696260e-03, 0., 0., 0., 1.38696260e-03,
       1.38696260e-03, 4.16088756e-03, 0., 0., 1.38696260e-03, 0., 0.,
       1.38696260e-03, 1.38696260e-03, 0., 2.77392520e-03, 0.,
       1.38696260e-03, 4.16088756e-03, 0., 0., 0., 0., 0.,
       2.77392520e-03, 2.77392520e-03, 0., 1.38696260e-03,
       2.77392520e-03, 1.38696260e-03, 1.38696260e-03, 0., 0.,
       4.16088756e-03, 1.38696260e-03, 4.16088756e-03, 5.54785039e-03,
       1.38696260e-03, 0., 0., 1.38696260e-03, 0., 5.54785039e-03, 0.,
       4.16088756e-03, 0., 2.77392520e-03, 0., 0., 0., 0.,
       4.16088756e-03, 0., 0., 4.16088756e-03, 1.38696260e-03,
       5.54785039e-03, 0., 0., 0., 4.16088756e-03, 1.38696260e-03, 0.,
       2.77392520e-03, 0., 1.24826636e-02, 0., 4.16088756e-03,
       4.16088756e-03, 0., 0., 2.77392520e-03, 1.38696260e-03, 0., 0.,
       0., 0., 0., 1.38696260e-03, 1.38696260e-03, 2.77392520e-03,
       1.38696260e-03, 0., 0., 0., 0., 0., 0., 0., 0., 0., 0.,
       4.16088756e-03, 1.38696260e-03, 0., 0., 1.38696260e-03, 0.,
       1.38696260e-03, 1.38696260e-03, 2.77392520e-03, 0.,
       1.38696260e-03, 1.38696260e-03, 0., 1.38696260e-03,
       4.16088756e-03, 6.93481322e-03, 2.77392520e-03, 0.,
       1.38696260e-03, 0., 0., 0., 0., 1.38696260e-03, 0.,
       2.77392520e-03, 1.38696260e-03, 0., 1.38696260e-03,
       1.38696260e-03, 0., 2.77392520e-03, 0., 1.38696260e-03, 0., 0.,
       0., 1.38696260e-03, 2.77392520e-03, 0., 1.38696260e-03, 0., 0.,
       0., 0., 1.38696260e-03, 0., 2.77392520e-03, 4.16088756e-03,
       2.77392520e-03, 1.38696260e-03, 1.38696260e-03, 0., 0.,
       1.38696264e-02, 0., 1.38696260e-03, 0., 2.77392520e-03, 0.,
       2.77392520e-03, 0., 0., 0., 0., 0., 0., 1.38696260e-03, 0.,
       4.16088756e-03, 1.38696260e-03, 1.38696260e-03, 0., 0.,
       1.38696260e-03, 2.77392520e-03, 0., 1.38696260e-03, 0., 0., 0.,
       2.77392520e-03, 2.77392520e-03, 0., 0., 1.38696260e-03, 0., 0.,
       0., 2.77392520e-03, 0., 1.38696260e-03, 1.38696260e-03, 0.,
       1.38696260e-03, 0., 0., 1.38696260e-03, 8.32177512e-03, 0.,
       1.38696260e-03, 0., 0., 0., 0., 0., 0., 2.77392520e-03, 0., 0.,
       0., 1.38696260e-03, 0., 0., 0., 8.32177512e-03, 0.,
       9.70873795e-03, 0., 0., 0., 5.54785039e-03, 0., 0., 0., 0.,
       1.38696260e-03, 0., 0., 2.77392520e-03, 1.38696260e-03, 0., 0.,
       5.54785039e-03, 1.38696260e-03, 0., 0., 0., 2.77392520e-03, 0.,
       0., 1.38696260e-03, 0., 0., 0., 0., 1.38696260e-03,
       1.38696260e-03, 1.38696260e-03, 0., 0., 0., 2.77392520e-03,
