%YAML:1.0
m25f: !!opencv-matrix
   rows: 1
   cols: 800
   dt: f
   data: [ 2.12443108e-03, 3.64188175e-03, 6.06980291e-04,
       2.42792116e-03, 9.10470437e-04, 1.21396058e-03, 6.06980291e-04,
       2.42792116e-03, 1.21396058e-03, 9.10470437e-04, 1.21396058e-03,
       3.03490146e-04, 6.06980291e-04, 9.10470437e-04, 0.,
       1.51745067e-03, 2.12443108e-03, 2.12443108e-03, 3.03490146e-04,
       2.73141125e-03, 9.10470437e-04, 1.21396058e-03, 1.82094087e-03,
       1.51745067e-03, 6.06980291e-04, 9.10470437e-04, 2.73141125e-03,
       9.10470437e-04, 9.10470437e-04, 6.06980291e-04, 3.03490146e-04,
       3.03490146e-04, 3.03490146e-04, 2.73141125e-03, 3.03490134e-03,
       3.03490146e-04, 1.82094087e-03, 2.73141125e-03, 9.10470437e-04,
       1.82094087e-03, 6.06980291e-04, 9.10470437e-04, 3.03490146e-04,
       9.10470437e-04, 1.51745067e-03, 9.10470437e-04, 6.06980291e-04,
       1.82094087e-03, 2.12443108e-03, 2.42792116e-03, 1.21396058e-03,
       1.51745067e-03, 1.82094087e-03, 0., 1.51745067e-03,
       1.21396058e-03, 0., 1.21396058e-03, 3.03490146e-04,
       1.51745067e-03, 1.21396058e-03, 9.10470437e-04, 6.06980291e-04,
       1.21396058e-03, 6.06980291e-04, 3.94537207e-03, 1.51745067e-03,
       9.10470437e-04, 1.51745067e-03, 9.10470437e-04, 0.,
       6.06980291e-04, 6.06980291e-04, 9.10470437e-04, 1.51745067e-03,
       2.12443108e-03, 3.03490146e-04, 3.03490146e-04, 1.51745067e-03,
       9.10470437e-04, 1.82094087e-03, 3.03490134e-03, 9.10470437e-04,
       9.10470437e-04, 6.06980291e-04, 3.03490146e-04, 1.21396058e-03,
       0., 1.21396058e-03, 1.82094087e-03, 3.03490146e-04,
       3.03490146e-04, 1.51745067e-03, 9.10470437e-04, 6.06980291e-04,
       1.51745067e-03, 1.82094087e-03, 6.06980291e-04, 2.12443108e-03,
       3.03490146e-04, 1.82094087e-03, 1.51745067e-03, 1.21396058e-03,
       3.03490146e-04, 2.42792116e-03, 1.21396058e-03, 2.12443108e-03,
       1.51745067e-03, 0., 2.42792116e-03, 1.21396058e-03,
       1.21396058e-03, 1.21396058e-03, 1.21396058e-03, 1.51745067e-03,
       1.82094087e-03, 6.06980291e-04, 9.10470437e-04, 3.03490146e-04,
       3.03490146e-04, 6.06980291e-04, 0., 1.21396058e-03, 0.,
       1.51745067e-03, 9.10470437e-04, 9.10470437e-04, 9.10470437e-04,
       1.51745067e-03, 6.06980291e-04, 9.10470437e-04, 6.06980291e-04,
       0., 2.73141125e-03, 1.21396058e-03, 6.06980291e-04,
       1.51745067e-03, 2.12443108e-03, 1.21396058e-03, 1.82094087e-03,
       6.06980291e-04, 1.82094087e-03, 2.42792116e-03, 9.10470437e-04,
       3.03490146e-04, 9.10470437e-04, 6.06980291e-04, 3.03490146e-04,
       6.06980291e-04, 6.06980291e-04, 2.73141125e-03, 6.06980291e-04,
       1.21396058e-03, 6.06980291e-04, 1.51745067e-03, 2.42792116e-03,
       2.12443108e-03, 2.42792116e-03, 1.51745067e-03, 1.21396058e-03,
       1.51745067e-03, 1.21396058e-03, 9.10470437e-04, 6.06980291e-04,
       9.10470437e-04, 2.73141125e-03, 2.42792116e-03, 1.51745067e-03,
       3.03490146e-04, 9.10470437e-04, 2.12443108e-03, 1.82094087e-03,
       1.21396058e-03, 3.03490146e-04, 9.10470437e-04, 3.03490146e-04,
       3.03490146e-04, 9.10470437e-04, 2.42792116e-03, 3.03490146e-04,
       0., 6.06980291e-04, 1.82094087e-03, 6.06980291e-04,
       9.10470437e-04, 6.06980291e-04, 1.21396058e-03, 6.06980291e-04,
       6.06980291e-04, 0., 2.12443108e-03, 1.51745067e-03,
       1.82094087e-03, 1.21396058e-03, 9.10470437e-04, 1.51745067e-03,
       1.82094087e-03, 2.12443108e-03, 1.51745067e-03, 2.42792116e-03,
       1.51745067e-03, 0., 0., 1.21396058e-03, 2.42792116e-03,
       1.21396058e-03, 0., 1.82094087e-03, 1.51745067e-03,
       6.06980291e-04, 1.82094087e-03, 1.21396058e-03, 9.10470437e-04,
       9.10470437e-04, 3.03490146e-04, 1.82094087e-03, 2.73141125e-03,
       9.10470437e-04, 2.12443108e-03, 1.51745067e-03, 2.12443108e-03,
       3.03490146e-04, 1.82094087e-03, 6.06980291e-04, 9.10470437e-04,
       3.03490146e-04, 1.82094087e-03, 1.82094087e-03, 3.03490146e-04,
       3.03490134e-03, 3.03490134e-03, 1.82094087e-03, 2.42792116e-03,
       9.10470437e-04, 1.82094087e-03, 1.51745067e-03, 1.21396058e-03,
       9.10470437e-04, 6.06980291e-04, 3.33839166e-03, 2.42792116e-03,
       0., 1.82094087e-03, 5.46282250e-03, 0., 3.03490146e-04,
       6.06980291e-04, 3.33839166e-03, 1.82094087e-03, 6.06980291e-04,
       1.21396058e-03, 1.82094087e-03, 1.51745067e-03, 1.21396058e-03,
       9.10470437e-04, 2.42792116e-03, 3.03490146e-04, 1.51745067e-03,
       9.10470437e-04, 9.10470437e-04, 3.64188175e-03, 6.06980291e-04,
       3.03490146e-04, 1.21396058e-03, 1.51745067e-03, 3.33839166e-03,
       9.10470437e-04, 6.06980291e-04, 6.06980291e-04, 2.42792116e-03,
       2.73141125e-03, 6.06980291e-04, 6.06980291e-04, 2.73141125e-03,
       9.10470437e-04, 9.10470437e-04, 1.21396058e-03, 6.06980291e-04,
       9.10470437e-04, 9.10470437e-04, 6.06980291e-04, 2.42792116e-03,
       3.03490146e-04, 6.06980291e-04, 1.82094087e-03, 1.51745067e-03,
       9.10470437e-04, 6.06980291e-04, 6.06980291e-04, 1.21396058e-03,
       2.42792116e-03, 1.21396058e-03, 1.21396058e-03, 1.21396058e-03,
       1.82094087e-03, 3.03490146e-04, 2.73141125e-03, 2.12443108e-03,
       1.82094087e-03, 1.51745067e-03, 1.21396058e-03, 0.,
       3.03490146e-04, 6.06980291e-04, 3.03490146e-04, 1.21396058e-03,
       9.10470437e-04, 0., 1.82094087e-03, 2.42792116e-03, 0.,
       1.21396058e-03, 3.03490146e-04, 1.51745067e-03, 2.42792116e-03,
       9.10470437e-04, 6.06980291e-04, 1.51745067e-03, 2.12443108e-03,
       3.03490134e-03, 2.12443108e-03, 6.06980291e-04, 1.21396058e-03,
       2.42792116e-03, 1.51745067e-03, 9.10470437e-04, 9.10470437e-04,
       1.21396058e-03, 2.42792116e-03, 2.73141125e-03, 9.10470437e-04,
       6.06980291e-04, 1.51745067e-03, 0., 2.12443108e-03, 0.,
       9.10470437e-04, 9.10470437e-04, 1.82094087e-03, 1.82094087e-03,
       1.51745067e-03, 2.12443108e-03, 1.82094087e-03, 0.,
       6.06980291e-04, 2.12443108e-03, 9.10470437e-04, 1.21396058e-03,
       1.82094087e-03, 6.06980291e-04, 2.42792116e-03, 1.51745067e-03,
       1.82094087e-03, 9.10470437e-04, 9.10470437e-04, 9.10470437e-04,
       9.10470437e-04, 2.12443108e-03, 1.82094087e-03, 0.,
       1.82094087e-03, 3.03490146e-04, 2.12443108e-03, 3.03490146e-04,
       2.73141125e-03, 1.51745067e-03, 9.10470437e-04, 9.10470437e-04,
       1.51745067e-03, 6.06980291e-04, 9.10470437e-04, 1.21396058e-03,
       1.82094087e-03, 1.51745067e-03, 2.42792116e-03, 1.82094087e-03,
       3.03490146e-04, 6.06980291e-04, 0., 6.06980291e-04,
       1.21396058e-03, 9.10470437e-04, 1.21396058e-03, 6.06980291e-04,
       6.06980291e-04, 2.12443108e-03, 6.06980291e-04, 0.,
       1.51745067e-03, 6.06980291e-04, 1.82094087e-03, 9.10470437e-04,
       2.42792116e-03, 3.03490146e-04, 6.06980291e-04, 6.06980291e-04,
       2.73141125e-03, 6.06980291e-04, 6.06980291e-04, 0.,
       6.06980291e-04, 6.06980291e-04, 1.82094087e-03, 9.10470437e-04,
       1.21396058e-03, 2.12443108e-03, 3.03490146e-04, 3.03490146e-04,
       1.51745067e-03, 9.10470437e-04, 1.21396058e-03, 9.10470437e-04,
       9.10470437e-04, 1.51745067e-03, 3.33839166e-03, 1.21396058e-03,
       1.51745067e-03, 6.06980291e-04, 6.06980291e-04, 3.64188175e-03,
       9.10470437e-04, 6.06980291e-04, 3.03490146e-04, 1.82094087e-03,
       6.06980291e-04, 3.03490134e-03, 3.03490146e-04, 1.82094087e-03,
       1.21396058e-03, 9.10470437e-04, 9.10470437e-04, 6.06980291e-04,
       6.06980291e-04, 6.06980291e-04, 0., 6.06980291e-04,
       1.82094087e-03, 6.06980291e-04, 1.21396058e-03, 6.06980291e-04,
       1.51745067e-03, 2.42792116e-03, 9.10470437e-04, 3.03490146e-04,
       1.51745067e-03, 9.10470437e-04, 9.10470437e-04, 9.10470437e-04,
       6.06980291e-04, 1.82094087e-03, 2.12443108e-03, 1.82094087e-03,
       1.21396058e-03, 1.21396058e-03, 1.21396058e-03, 6.06980291e-04,
       9.10470437e-04, 1.21396058e-03, 1.51745067e-03, 1.51745067e-03,
       0., 1.82094087e-03, 9.10470437e-04, 3.03490146e-04,
