%YAML:1.0
m25f: !!opencv-matrix
   rows: 1
   cols: 800
   dt: f
   data: [ 1.36301678e-03, 1.81735575e-03, 2.27169460e-03,
       9.08677874e-04, 1.81735575e-03, 4.54338937e-04, 1.36301678e-03,
       2.72603356e-03, 4.54338937e-04, 1.81735575e-03, 9.08677874e-04,
       1.81735575e-03, 2.27169460e-03, 1.36301678e-03, 4.54338919e-03,
       4.54338937e-04, 1.81735575e-03, 3.18037253e-03, 1.36301678e-03,
       1.81735575e-03, 4.54338937e-04, 9.08677874e-04, 9.08677874e-04,
       4.54338937e-04, 4.54338937e-04, 0., 2.72603356e-03,
       9.08677874e-04, 0., 2.72603356e-03, 4.54338937e-04,
       4.54338937e-04, 3.18037253e-03, 4.54338937e-04, 4.54338937e-04,
       3.18037253e-03, 4.54338937e-04, 4.54338937e-04, 1.81735575e-03,
       9.08677874e-04, 1.81735575e-03, 4.54338937e-04, 1.81735575e-03,
       0., 1.81735575e-03, 1.81735575e-03, 1.81735575e-03,
       2.72603356e-03, 1.81735575e-03, 0., 2.27169460e-03,
       1.81735575e-03, 1.36301678e-03, 1.81735575e-03, 1.81735575e-03,
       9.08677874e-04, 9.08677874e-04, 1.81735575e-03, 2.27169460e-03,
       1.81735575e-03, 9.08677874e-04, 0., 0., 4.54338937e-04,
       1.36301678e-03, 9.08677874e-04, 5.45206713e-03, 0., 0.,
       4.54338937e-04, 3.18037253e-03, 4.54338937e-04, 0.,
       4.54338937e-04, 3.63471149e-03, 2.27169460e-03, 0., 0.,
       1.36301678e-03, 1.81735575e-03, 0., 1.36301678e-03, 0.,
       4.54338937e-04, 4.54338937e-04, 2.27169460e-03, 4.54338919e-03,
       2.72603356e-03, 9.08677874e-04, 9.08677874e-04, 1.36301678e-03,
       4.54338937e-04, 9.08677874e-04, 0., 0., 2.27169460e-03,
       2.72603356e-03, 4.54338937e-04, 9.08677874e-04, 9.08677874e-04,
       0., 9.08677874e-04, 0., 1.36301678e-03, 0., 0., 1.81735575e-03,
       4.54338937e-04, 1.81735575e-03, 2.72603356e-03, 3.63471149e-03,
       1.36301678e-03, 4.54338919e-03, 9.08677874e-04, 0.,
       9.08677874e-04, 4.99772839e-03, 4.54338937e-04, 9.08677874e-04,
       2.27169460e-03, 1.81735575e-03, 1.36301678e-03, 9.08677874e-04,
       1.36301678e-03, 0., 0., 2.72603356e-03, 0., 2.27169460e-03, 0.,
       4.54338937e-04, 1.36301678e-03, 5.45206713e-03, 1.81735575e-03,
       4.54338937e-04, 1.36301678e-03, 1.81735575e-03, 9.08677874e-04,
       9.08677874e-04, 1.36301678e-03, 1.81735575e-03, 3.18037253e-03,
       4.54338937e-04, 4.54338937e-04, 4.54338937e-04, 0.,
       9.08677874e-04, 4.54338937e-04, 4.54338937e-04, 9.08677874e-04,
       1.36301678e-03, 0., 2.72603356e-03, 0., 9.08677874e-04,
       4.54338937e-04, 0., 1.81735575e-03, 1.81735575e-03,
       4.54338937e-04, 9.08677874e-04, 4.08905046e-03, 2.27169460e-03,
       4.54338937e-04, 9.08677874e-04, 0., 0., 2.27169460e-03,
       1.36301678e-03, 0., 3.18037253e-03, 9.08677874e-04,
       4.08905046e-03, 4.54338937e-04, 9.08677874e-04, 4.54338937e-04,
       9.08677874e-04, 9.08677874e-04, 2.72603356e-03, 1.36301678e-03,
       0., 2.27169460e-03, 0., 0., 9.08677874e-04, 9.08677874e-04, 0.,
       4.54338937e-04, 4.54338937e-04, 9.08677874e-04, 2.27169460e-03,
       4.54338937e-04, 5.45206713e-03, 9.08677874e-04, 1.36301678e-03,
       0., 9.08677874e-04, 1.36301678e-03, 9.08677874e-04, 0.,
       3.18037253e-03, 2.27169460e-03, 0., 2.27169460e-03,
       4.54338937e-04, 1.81735575e-03, 1.36301678e-03, 2.72603356e-03,
       0., 4.54338937e-04, 2.27169460e-03, 0., 1.36301678e-03, 0.,
       4.54338937e-04, 3.18037253e-03, 1.81735575e-03, 1.81735575e-03,
       3.18037253e-03, 1.36301678e-03, 3.18037253e-03, 6.36074506e-03,
       2.27169460e-03, 1.36301678e-03, 2.72603356e-03, 4.54338937e-04,
       4.54338937e-04, 9.08677874e-04, 4.54338937e-04, 9.08677874e-04,
       1.81735575e-03, 2.27169460e-03, 9.08677874e-04, 1.81735575e-03,
       2.27169460e-03, 9.08677874e-04, 4.54338937e-04, 3.18037253e-03,
       9.08677874e-04, 0., 2.27169460e-03, 2.27169460e-03,
       4.54338937e-04, 4.54338937e-04, 0., 1.81735575e-03,
       4.54338919e-03, 2.27169460e-03, 0., 3.18037253e-03,
       3.18037253e-03, 9.08677874e-04, 4.54338937e-04, 0.,
       4.54338937e-04, 5.45206713e-03, 4.54338937e-04, 3.63471149e-03,
       3.18037253e-03, 1.36301678e-03, 9.08677874e-04, 1.81735575e-03,
       1.36301678e-03, 1.81735575e-03, 0., 2.72603356e-03,
       4.54338937e-04, 4.54338937e-04, 0., 2.72603356e-03,
       1.36301678e-03, 1.36301678e-03, 9.08677874e-04, 0.,
       1.81735575e-03, 0., 0., 9.08677874e-04, 2.27169460e-03,
       1.81735575e-03, 4.54338937e-04, 0., 2.27169460e-03,
       4.54338937e-04, 0., 0., 1.36301678e-03, 4.54338937e-04, 0.,
       8.17810092e-03, 4.54338937e-04, 3.63471149e-03, 4.54338937e-04,
       4.54338937e-04, 9.08677874e-04, 4.54338937e-04, 0.,
       1.36301678e-03, 2.27169460e-03, 0., 0., 4.54338937e-04,
       2.27169460e-03, 1.36301678e-03, 9.08677874e-04, 0.,
       1.81735575e-03, 4.54338937e-04, 4.08905046e-03, 4.54338937e-04,
       4.08905046e-03, 4.99772839e-03, 7.26942299e-03, 0.,
       4.54338937e-04, 9.08677874e-04, 0., 2.27169460e-03,
       4.54338937e-04, 0., 4.54338937e-04, 9.08677874e-04,
       9.08677874e-04, 1.81735575e-03, 2.72603356e-03, 9.08677874e-04,
       1.36301678e-03, 9.08677874e-04, 1.81735575e-03, 2.27169460e-03,
       1.81735575e-03, 0., 1.36301678e-03, 4.54338937e-04,
       4.54338937e-04, 1.36301678e-03, 9.08677874e-04, 2.27169460e-03,
       1.36301678e-03, 4.54338937e-04, 1.36301678e-03, 4.54338937e-04,
       1.81735575e-03, 9.08677874e-04, 9.08677874e-04, 0., 0.,
       1.36301678e-03, 1.36301678e-03, 2.27169460e-03, 1.36301678e-03,
       1.36301678e-03, 0., 4.08905046e-03, 4.54338937e-04,
       1.36301678e-03, 1.81735575e-03, 1.36301678e-03, 2.27169460e-03,
       9.08677874e-04, 4.54338937e-04, 4.54338937e-04, 9.08677874e-04,
       9.08677874e-04, 9.08677874e-04, 4.54338937e-04, 0.,
       9.08677874e-04, 1.81735575e-03, 1.36301678e-03, 2.72603356e-03,
       2.72603356e-03, 0., 9.08677874e-04, 1.36301678e-03,
       4.54338937e-04, 0., 9.08677874e-04, 0., 1.36301678e-03,
       1.81735575e-03, 2.27169460e-03, 0., 9.08677874e-04,
       1.81735575e-03, 4.54338937e-04, 1.81735575e-03, 4.54338937e-04,
       0., 4.08905046e-03, 0., 4.54338937e-04, 4.54338937e-04,
       2.27169460e-03, 1.81735575e-03, 1.36301678e-03, 4.54338937e-04,
       0., 1.81735575e-03, 1.36301678e-03, 9.08677874e-04,
       2.72603356e-03, 4.54338937e-04, 0., 1.36301678e-03,
       2.72603356e-03, 3.63471149e-03, 4.54338937e-04, 1.81735575e-03,
       4.54338937e-04, 9.08677874e-04, 9.08677874e-04, 4.54338937e-04,
       9.08677874e-04, 0., 0., 1.36301678e-03, 4.54338937e-04, 0.,
       2.27169460e-03, 2.27169460e-03, 9.08677874e-04, 1.81735575e-03,
       1.81735575e-03, 2.72603356e-03, 4.54338937e-04, 2.72603356e-03,
       1.81735575e-03, 4.54338937e-04, 4.54338937e-04, 1.36301678e-03,
       0., 1.36301678e-03, 1.36301678e-03, 9.08677874e-04,
       1.36301678e-03, 4.54338937e-04, 0., 0., 9.08677874e-04,
       4.54338937e-04, 0., 9.08677874e-04, 2.72603356e-03,
       9.08677874e-04, 0., 0., 1.81735575e-03, 2.27169460e-03,
       9.08677874e-04, 9.08677874e-04, 1.36301678e-03, 0.,
       2.72603356e-03, 2.27169460e-03, 1.81735575e-03, 0.,
       1.36301678e-03, 1.36301678e-03, 4.54338937e-04, 1.36301678e-03,
       4.54338937e-04, 2.27169460e-03, 0., 1.36301678e-03,
       4.54338937e-04, 9.08677874e-04, 4.54338937e-04, 1.36301678e-03,
       9.08677874e-04, 1.36301678e-03, 1.36301678e-03, 6.36074506e-03,
       4.54338937e-04, 9.08677874e-04, 0., 1.36301678e-03,
       9.08677874e-04, 1.36301678e-03, 1.36301678e-03, 9.08677874e-04,
       1.36301678e-03, 1.36301678e-03, 0., 9.08677874e-04,
       4.54338937e-04, 1.81735575e-03, 0., 0., 3.18037253e-03,
       4.54338937e-04, 9.08677874e-04, 4.54338937e-04, 0., 0., 0., 0.,
       9.08677874e-04, 1.81735575e-03, 4.54338937e-04, 0., 0.,
       4.08905046e-03, 4.54338937e-04, 1.36301678e-03, 2.27169460e-03,
       1.36301678e-03, 1.81735575e-03, 4.54338937e-04, 0.,
       4.54338937e-04, 4.54338937e-04, 2.72603356e-03, 9.08677874e-04,
