%YAML:1.0
m25f: !!opencv-matrix
   rows: 1
   cols: 800
   dt: f
   data: [ 5.28820732e-04, 1.05764146e-03, 1.58646214e-03,
       1.58646214e-03, 0., 5.28820732e-04, 1.58646214e-03,
       3.17292428e-03, 1.58646214e-03, 1.05764146e-03, 1.05764146e-03,
       5.28820732e-04, 5.28820732e-04, 3.17292428e-03, 0., 0.,
       5.28820732e-04, 4.23056586e-03, 0., 0., 1.05764146e-03, 0.,
       5.28820732e-04, 0., 5.28820732e-04, 1.05764146e-03,
       1.05764146e-03, 1.05764146e-03, 0., 5.28820732e-04,
       5.28820732e-04, 1.05764146e-03, 1.05764146e-03, 1.58646214e-03,
       1.05764146e-03, 0., 5.28820732e-04, 4.75938665e-03,
       1.05764146e-03, 0., 1.58646214e-03, 4.75938665e-03,
       2.11528293e-03, 4.23056586e-03, 3.17292428e-03, 2.11528293e-03,
       5.28820732e-04, 0., 5.28820732e-04, 0., 0., 2.11528293e-03,
       1.05764146e-03, 1.05764146e-03, 5.28820732e-04, 3.70174507e-03,
       1.05764146e-03, 2.64410372e-03, 5.28820732e-04, 3.17292428e-03,
       0., 5.28820732e-04, 1.05764146e-03, 1.58646214e-03,
       5.28820732e-04, 5.28820732e-04, 5.28820732e-04, 0.,
       1.58646214e-03, 0., 5.28820732e-04, 4.23056586e-03, 0., 0.,
       1.05764146e-03, 2.64410372e-03, 0., 0., 1.58646214e-03,
       1.58646214e-03, 5.28820732e-04, 0., 5.28820732e-04,
       5.28820732e-04, 5.28820732e-04, 2.11528293e-03, 2.11528293e-03,
       5.28820732e-04, 1.05764146e-03, 0., 0., 0., 1.58646214e-03,
       3.17292428e-03, 0., 2.64410372e-03, 2.11528293e-03,
       2.11528293e-03, 2.11528293e-03, 1.05764146e-03, 5.28820732e-04,
       1.58646214e-03, 2.64410372e-03, 5.28820732e-04, 0.,
       1.58646214e-03, 0., 0., 1.05764146e-03, 2.11528293e-03,
       5.28820732e-04, 5.28820732e-04, 0., 2.11528293e-03,
       1.05764146e-03, 3.17292428e-03, 0., 5.81702823e-03,
       2.11528293e-03, 4.75938665e-03, 2.64410372e-03, 4.75938665e-03,
       1.58646214e-03, 1.05764146e-03, 0., 0., 1.58646214e-03,
       5.28820732e-04, 0., 2.64410372e-03, 0., 1.58646214e-03,
       5.28820732e-04, 1.05764146e-03, 0., 5.28820732e-04,
       4.23056586e-03, 2.64410372e-03, 2.11528293e-03, 2.11528293e-03,
       0., 5.28820744e-03, 2.64410372e-03, 0., 1.05764146e-03,
       3.17292428e-03, 1.05764146e-03, 0., 0., 1.05764146e-03,
       5.28820732e-04, 1.05764146e-03, 0., 1.58646214e-03,
       1.05764146e-03, 0., 0., 2.11528293e-03, 2.11528293e-03, 0.,
       1.05764146e-03, 5.28820732e-04, 0., 1.05764146e-03, 0.,
       1.05764146e-03, 0., 2.64410372e-03, 0., 2.11528293e-03,
       2.11528293e-03, 2.64410372e-03, 1.58646214e-03, 3.17292428e-03,
       1.05764146e-03, 0., 1.58646214e-03, 0., 1.05764146e-03,
       2.11528293e-03, 1.05764146e-03, 0., 5.28820732e-04,
       1.58646214e-03, 1.58646214e-03, 2.11528293e-03, 1.05764146e-03,
       1.05764146e-03, 0., 3.17292428e-03, 0., 4.23056586e-03,
       1.05764146e-03, 1.05764146e-03, 4.75938665e-03, 5.28820732e-04,
       0., 1.05764146e-03, 5.28820732e-04, 1.58646214e-03,
       1.58646214e-03, 2.11528293e-03, 1.05764146e-03, 1.58646214e-03,
       1.05764146e-03, 1.58646214e-03, 2.11528293e-03, 5.28820732e-04,
       2.11528293e-03, 2.64410372e-03, 5.28820732e-04, 1.05764146e-03,
       0., 0., 1.58646214e-03, 5.28820732e-04, 1.05764146e-03, 0., 0.,
       3.70174507e-03, 1.05764146e-03, 0., 0., 1.58646214e-03,
       5.28820732e-04, 1.05764146e-03, 5.28820732e-04, 1.58646214e-03,
       2.64410372e-03, 1.05764146e-03, 0., 5.28820732e-04,
       1.58646214e-03, 2.11528293e-03, 1.05764146e-03, 5.28820732e-04,
       5.28820732e-04, 0., 3.17292428e-03, 5.81702823e-03,
       1.05764146e-03, 1.58646214e-03, 1.58646214e-03, 6.34584855e-03,
       5.28820732e-04, 1.05764146e-03, 1.58646214e-03, 2.11528293e-03,
       0., 2.11528293e-03, 3.70174507e-03, 1.05764146e-03,
       5.28820732e-04, 2.64410372e-03, 1.05764146e-03, 0., 0.,
       1.05764146e-03, 0., 5.28820732e-04, 2.64410372e-03,
       1.05764146e-03, 4.23056586e-03, 5.28820732e-04, 1.05764146e-03,
       5.28820732e-04, 0., 0., 2.64410372e-03, 1.58646214e-03,
       1.58646214e-03, 0., 5.28820732e-04, 2.11528293e-03, 0., 0.,
       1.05764146e-03, 1.58646214e-03, 1.05764146e-03, 2.11528293e-03,
       2.11528293e-03, 0., 3.17292428e-03, 3.17292428e-03, 0., 0.,
       1.05764146e-03, 1.58646214e-03, 5.28820732e-04, 5.28820732e-04,
       0., 1.58646214e-03, 0., 5.28820732e-04, 1.05764146e-03,
       2.11528293e-03, 1.05764146e-03, 2.64410372e-03, 1.58646214e-03,
       5.28820732e-04, 1.58646214e-03, 3.17292428e-03, 5.28820732e-04,
       5.28820732e-04, 1.58646214e-03, 0., 1.58646214e-03,
       2.11528293e-03, 0., 0., 0., 2.64410372e-03, 5.28820732e-04, 0.,
       0., 5.28820732e-04, 4.23056586e-03, 1.58646214e-03,
       1.58646214e-03, 1.58646214e-03, 3.17292428e-03, 1.58646214e-03,
       3.17292428e-03, 2.64410372e-03, 5.28820732e-04, 0.,
       2.11528293e-03, 1.58646214e-03, 1.05764146e-03, 1.05764146e-03,
       5.28820732e-04, 0., 1.05764146e-03, 0., 1.05764146e-03,
       5.28820732e-04, 1.58646214e-03, 1.05764146e-03, 1.58646214e-03,
       5.28820732e-04, 5.28820732e-04, 1.05764146e-03, 2.11528293e-03,
       1.05764146e-03, 0., 2.64410372e-03, 0., 1.58646214e-03,
       5.28820732e-04, 1.58646214e-03, 0., 5.28820732e-04, 0.,
       5.28820732e-04, 4.23056586e-03, 0., 1.05764146e-03,
       2.11528293e-03, 1.05764146e-03, 5.28820732e-04, 0.,
       1.05764146e-03, 0., 0., 1.05764146e-03, 3.17292428e-03,
       2.11528293e-03, 2.64410372e-03, 1.05764146e-03, 2.11528293e-03,
       0., 5.28820732e-04, 1.58646214e-03, 5.28820732e-04,
       3.17292428e-03, 1.05764146e-03, 2.64410372e-03, 2.11528293e-03,
       2.11528293e-03, 3.17292428e-03, 5.28820744e-03, 0.,
       5.28820732e-04, 1.05764146e-03, 5.28820732e-04, 1.05764146e-03,
       1.05764146e-03, 3.17292428e-03, 2.11528293e-03, 1.05764146e-03,
       0., 1.58646214e-03, 5.28820732e-04, 4.23056586e-03,
       1.05764146e-03, 5.28820744e-03, 1.05764146e-03, 1.05764146e-03,
       5.28820732e-04, 0., 5.28820744e-03, 5.28820732e-04,
       5.28820732e-04, 5.28820732e-04, 1.58646214e-03, 1.05764146e-03,
       0., 5.28820732e-04, 5.28820732e-04, 1.05764146e-03, 0.,
       1.05764146e-03, 5.28820744e-03, 1.58646214e-03, 5.28820732e-04,
       2.11528293e-03, 0., 5.28820732e-04, 0., 0., 2.64410372e-03,
       2.11528293e-03, 5.28820732e-04, 1.05764146e-03, 3.17292428e-03,
       5.28820732e-04, 1.05764146e-03, 2.11528293e-03, 0.,
       1.05764146e-03, 0., 0., 2.11528293e-03, 5.28820732e-04,
       1.05764146e-03, 0., 5.28820732e-04, 3.17292428e-03,
       5.28820732e-04, 0., 2.64410372e-03, 5.28820732e-04,
       1.58646214e-03, 1.58646214e-03, 0., 2.11528293e-03, 0.,
       1.05764146e-03, 0., 0., 5.28820732e-04, 2.64410372e-03, 0.,
       5.28820732e-04, 1.58646214e-03, 0., 5.28820732e-04,
       5.28820732e-04, 2.64410372e-03, 2.64410372e-03, 5.28820732e-04,
       5.28820732e-04, 0., 2.11528293e-03, 2.64410372e-03,
       5.28820732e-04, 2.11528293e-03, 0., 2.64410372e-03,
       1.58646214e-03, 1.58646214e-03, 5.28820732e-04, 1.05764146e-03,
       2.64410372e-03, 1.58646214e-03, 5.28820732e-04, 1.05764146e-03,
       2.64410372e-03, 5.28820732e-04, 0., 1.58646214e-03,
       2.11528293e-03, 2.11528293e-03, 1.05764146e-03, 5.28820732e-04,
       2.64410372e-03, 5.28820732e-04, 1.05764146e-03, 5.28820732e-04,
       1.58646214e-03, 1.58646214e-03, 3.70174507e-03, 5.28820732e-04,
       6.34584855e-03, 0., 0., 1.05764146e-03, 0., 2.64410372e-03, 0.,
       2.11528293e-03, 1.58646214e-03, 1.58646214e-03, 4.23056586e-03,
       5.28820732e-04, 1.58646214e-03, 0., 3.17292428e-03,
       2.64410372e-03, 5.28820732e-04, 1.58646214e-03, 1.58646214e-03,
       2.11528293e-03, 1.58646214e-03, 3.70174507e-03, 3.17292428e-03,
       2.64410372e-03, 1.58646214e-03, 2.64410372e-03, 2.64410372e-03,
       4.75938665e-03, 2.64410372e-03, 2.64410372e-03, 3.70174507e-03,
       5.28820732e-04, 0., 3.70174507e-03, 5.28820732e-04,
       2.11528293e-03, 1.05764146e-03, 0., 1.05764146e-03, 0., 0., 0.,
