%YAML:1.0
m25f: !!opencv-matrix
   rows: 1
   cols: 800
   dt: f
   data: [ 4.74158383e-04, 0., 0., 9.48316767e-04, 1.42247509e-03, 0.,
       1.42247509e-03, 1.42247509e-03, 4.74158395e-03, 4.74158383e-04,
       0., 9.48316767e-04, 0., 1.89663353e-03, 4.74158383e-04,
       9.48316767e-04, 9.48316767e-04, 0., 0., 1.42247509e-03,
       9.48316767e-04, 4.74158383e-04, 4.74158383e-04, 4.74158383e-04,
       4.74158383e-04, 9.48316767e-04, 1.42247509e-03, 1.42247509e-03,
       1.89663353e-03, 4.74158383e-04, 0., 9.48316767e-04,
       1.89663353e-03, 2.37079198e-03, 4.74158383e-04, 4.26742528e-03,
       9.48316767e-04, 2.84495018e-03, 4.74158383e-04, 4.74158383e-04,
       4.74158383e-04, 9.48316767e-04, 1.42247509e-03, 2.84495018e-03,
       4.74158383e-04, 4.74158383e-04, 1.89663353e-03, 1.42247509e-03,
       9.48316767e-04, 0., 4.74158383e-04, 9.48316767e-04,
       9.48316767e-04, 4.74158383e-04, 0., 1.89663353e-03,
       5.21574216e-03, 0., 9.48316767e-04, 3.31910863e-03,
       1.89663353e-03, 0., 0., 2.84495018e-03, 4.74158383e-04,
       9.48316767e-04, 0., 3.79326707e-03, 2.37079198e-03,
       1.42247509e-03, 4.74158383e-04, 4.74158383e-04, 0., 0., 0., 0.,
       0., 0., 9.48316767e-04, 3.79326707e-03, 1.89663353e-03,
       9.48316767e-04, 9.48316767e-04, 9.48316767e-04, 4.74158383e-04,
       6.16405904e-03, 4.74158383e-04, 1.42247509e-03, 1.42247509e-03,
       0., 4.74158383e-04, 0., 4.74158383e-04, 1.42247509e-03,
       8.53485055e-03, 4.74158383e-04, 2.37079198e-03, 4.74158383e-04,
       2.84495018e-03, 1.42247509e-03, 4.74158383e-04, 3.79326707e-03,
       3.31910863e-03, 0., 0., 4.74158383e-04, 4.74158383e-04,
       9.48316767e-04, 0., 4.74158383e-04, 9.48316767e-04,
       1.42247509e-03, 1.89663353e-03, 9.48316767e-04, 5.21574216e-03,
       2.84495018e-03, 9.48316767e-04, 2.37079198e-03, 0.,
       4.26742528e-03, 4.74158383e-04, 0., 1.42247509e-03,
       6.16405904e-03, 0., 9.48316767e-04, 1.42247509e-03, 0.,
       2.37079198e-03, 2.37079198e-03, 0., 9.48316767e-04,
       1.42247509e-03, 4.74158383e-04, 4.74158383e-04, 9.48316767e-04,
       3.31910863e-03, 1.42247509e-03, 1.42247509e-03, 5.21574216e-03,
       2.37079198e-03, 1.89663353e-03, 1.89663353e-03, 2.37079198e-03,
       9.48316767e-04, 1.42247509e-03, 9.48316767e-04, 0.,
       4.74158383e-04, 9.48316767e-04, 0., 0., 1.89663353e-03,
       4.74158383e-04, 9.48316767e-04, 0., 0., 2.84495018e-03,
       4.74158395e-03, 2.37079198e-03, 1.89663353e-03, 9.48316767e-04,
       4.74158383e-04, 9.48316767e-04, 0., 1.89663353e-03,
       4.74158383e-04, 2.84495018e-03, 4.74158383e-04, 2.84495018e-03,
       9.48316767e-04, 4.74158383e-04, 5.21574216e-03, 1.42247509e-03,
       1.42247509e-03, 0., 4.74158383e-04, 0., 4.74158383e-04,
       9.48316767e-04, 1.89663353e-03, 9.48316767e-04, 9.48316767e-04,
       2.37079198e-03, 4.74158383e-04, 4.74158383e-04, 1.42247509e-03,
       1.42247509e-03, 0., 1.42247509e-03, 0., 1.42247509e-03,
       9.48316767e-04, 1.89663353e-03, 1.89663353e-03, 4.74158383e-04,
       9.48316767e-04, 3.79326707e-03, 4.74158383e-04, 0.,
       9.48316767e-04, 2.84495018e-03, 2.37079198e-03, 1.42247509e-03,
       0., 4.74158383e-04, 0., 1.89663353e-03, 1.42247509e-03,
       9.48316767e-04, 4.74158383e-04, 1.42247509e-03, 0.,
       9.48316767e-04, 2.84495018e-03, 2.37079198e-03, 0.,
       1.42247509e-03, 2.84495018e-03, 1.42247509e-03, 1.42247509e-03,
       9.48316767e-04, 0., 2.37079198e-03, 4.74158383e-04,
       1.42247509e-03, 0., 4.74158383e-04, 1.42247509e-03, 0.,
       9.48316767e-04, 1.42247509e-03, 4.74158383e-04, 0.,
       1.42247509e-03, 4.74158383e-04, 4.74158383e-04, 9.48316767e-04,
       1.42247509e-03, 1.89663353e-03, 1.42247509e-03, 9.48316767e-04,
       4.74158383e-04, 4.74158383e-04, 9.48316767e-04, 0.,
       9.48316767e-04, 2.37079198e-03, 4.74158383e-04, 9.48316767e-04,
       9.48316767e-04, 1.42247509e-03, 0., 2.37079198e-03, 0.,
       2.84495018e-03, 1.42247509e-03, 9.48316767e-04, 1.89663353e-03,
       9.48316767e-04, 3.79326707e-03, 2.37079198e-03, 2.37079198e-03,
       1.89663353e-03, 1.42247509e-03, 2.37079198e-03, 9.48316767e-04,
       1.89663353e-03, 2.37079198e-03, 0., 4.74158383e-04, 0.,
       4.74158383e-04, 0., 4.74158383e-04, 0., 2.37079198e-03,
       1.89663353e-03, 1.42247509e-03, 2.84495018e-03, 4.74158383e-04,
       9.48316767e-04, 3.79326707e-03, 3.79326707e-03, 4.74158383e-04,
       1.89663353e-03, 0., 1.42247509e-03, 0., 2.84495018e-03,
       2.37079198e-03, 1.42247509e-03, 0., 2.84495018e-03, 0.,
       1.89663353e-03, 9.48316767e-04, 1.42247509e-03, 9.48316767e-04,
       4.74158383e-04, 9.48316767e-04, 1.42247509e-03, 9.48316767e-04,
       9.48316767e-04, 4.26742528e-03, 0., 2.37079198e-03, 0., 0., 0.,
       2.37079198e-03, 0., 9.48316767e-04, 4.74158383e-04, 0.,
       1.42247509e-03, 1.42247509e-03, 3.79326707e-03, 0.,
       3.31910863e-03, 9.48316767e-04, 0., 1.89663353e-03,
       9.48316767e-04, 0., 1.42247509e-03, 9.48316767e-04,
       4.74158383e-04, 2.84495018e-03, 0., 0., 0., 9.48316767e-04,
       4.74158383e-04, 1.42247509e-03, 9.48316767e-04, 1.42247509e-03,
       0., 5.21574216e-03, 2.37079198e-03, 2.37079198e-03, 0.,
       4.74158383e-04, 9.48316767e-04, 1.89663353e-03, 2.37079198e-03,
       4.74158383e-04, 1.89663353e-03, 3.31910863e-03, 4.74158383e-04,
       9.48316767e-04, 0., 9.48316767e-04, 1.42247509e-03,
       3.31910863e-03, 0., 0., 1.89663353e-03, 4.74158383e-04,
       1.89663353e-03, 1.89663353e-03, 1.89663353e-03, 4.74158383e-04,
       4.74158383e-04, 3.31910863e-03, 0., 9.48316767e-04,
       4.74158383e-04, 1.42247509e-03, 1.42247509e-03, 4.74158383e-04,
       0., 3.31910863e-03, 9.48316767e-04, 4.74158395e-03,
       4.74158383e-04, 2.84495018e-03, 9.48316767e-04, 9.48316767e-04,
       0., 1.42247509e-03, 9.48316767e-04, 0., 1.42247509e-03, 0.,
       3.31910863e-03, 1.42247509e-03, 9.48316767e-04, 0.,
       4.74158383e-04, 4.74158383e-04, 1.42247509e-03, 0.,
       9.48316767e-04, 2.84495018e-03, 4.26742528e-03, 2.37079198e-03,
       4.74158383e-04, 1.42247509e-03, 1.42247509e-03, 4.74158383e-04,
       1.42247509e-03, 4.74158383e-04, 0., 9.48316767e-04, 0.,
       1.89663353e-03, 4.74158383e-04, 0., 0., 0., 3.79326707e-03,
       2.37079198e-03, 4.74158383e-04, 9.48316767e-04, 0., 0.,
       2.37079198e-03, 9.48316767e-04, 0., 2.37079198e-03,
       4.74158383e-04, 4.74158383e-04, 1.42247509e-03, 1.42247509e-03,
       4.74158383e-04, 1.42247509e-03, 4.74158383e-04, 0.,
       1.89663353e-03, 0., 0., 4.74158383e-04, 9.48316767e-04,
       4.74158383e-04, 1.89663353e-03, 0., 2.84495018e-03,
       2.84495018e-03, 0., 4.74158383e-04, 0., 1.89663353e-03,
       1.42247509e-03, 1.42247509e-03, 9.48316767e-04, 0.,
       4.74158383e-04, 1.42247509e-03, 4.74158383e-04, 0.,
       4.26742528e-03, 4.74158383e-04, 1.89663353e-03, 9.48316767e-04,
       1.42247509e-03, 0., 0., 4.74158383e-04, 1.42247509e-03,
       2.37079198e-03, 9.48316767e-04, 4.74158383e-04, 9.48316767e-04,
       1.42247509e-03, 1.42247509e-03, 1.89663353e-03, 4.74158383e-04,
       9.48316767e-04, 1.42247509e-03, 0., 4.74158383e-04,
       4.74158383e-04, 3.31910863e-03, 0., 0., 4.74158395e-03,
       9.48316767e-04, 1.89663353e-03, 4.74158383e-04, 9.48316767e-04,
       4.74158383e-04, 9.48316767e-04, 0., 3.31910863e-03,
       4.74158383e-04, 0., 4.74158383e-04, 0., 2.84495018e-03,
       2.84495018e-03, 3.31910863e-03, 4.74158383e-04, 5.21574216e-03,
       4.74158383e-04, 1.89663353e-03, 1.89663353e-03, 3.79326707e-03,
       3.79326707e-03, 9.48316767e-04, 9.48316767e-04, 9.48316767e-04,
       2.84495018e-03, 5.21574216e-03, 4.74158383e-04, 9.48316767e-04,
       0., 2.84495018e-03, 2.84495018e-03, 4.74158383e-04, 0.,
       4.74158383e-04, 0., 9.48316767e-04, 3.31910863e-03,
       9.48316767e-04, 5.21574216e-03, 1.42247509e-03, 1.42247509e-03,
       9.48316767e-04, 0., 1.89663353e-03, 0., 2.84495018e-03, 0.,
       1.42247509e-03, 3.31910863e-03, 0., 4.74158383e-04,
