%YAML:1.0
m25f: !!opencv-matrix
   rows: 1
   cols: 800
   dt: f
   data: [ 5.26592950e-04, 5.26592950e-04, 1.05318590e-03,
       1.05318590e-03, 0., 0., 1.05318590e-03, 3.68615054e-03,
       3.68615054e-03, 1.57977885e-03, 1.05318590e-03, 1.05318590e-03,
       5.26592950e-04, 5.26592950e-04, 1.57977885e-03, 0.,
       5.26592950e-04, 2.63296487e-03, 2.63296487e-03, 0.,
       1.05318590e-03, 5.26592950e-04, 0., 5.26592950e-04, 0.,
       5.26592974e-03, 1.57977885e-03, 2.63296487e-03, 1.05318590e-03,
       0., 2.10637180e-03, 2.10637180e-03, 1.05318590e-03,
       1.05318590e-03, 1.57977885e-03, 5.26592950e-04, 1.05318590e-03,
       2.10637180e-03, 1.05318590e-03, 0., 1.05318590e-03,
       1.05318590e-03, 0., 2.10637180e-03, 1.57977885e-03, 0.,
       2.63296487e-03, 0., 5.26592950e-04, 5.26592950e-04,
       1.05318590e-03, 1.57977885e-03, 1.05318590e-03, 1.05318590e-03,
       0., 5.26592950e-04, 2.63296487e-03, 5.26592950e-04,
       5.26592950e-04, 2.10637180e-03, 0., 5.26592950e-04, 0.,
       1.05318590e-03, 0., 0., 0., 1.57977885e-03, 5.26592950e-04, 0.,
       5.26592950e-04, 5.26592950e-04, 5.26592950e-04, 5.26592950e-04,
       5.26592950e-04, 2.10637180e-03, 0., 0., 4.73933667e-03, 0.,
       1.05318590e-03, 0., 5.26592950e-04, 1.05318590e-03, 0.,
       3.68615054e-03, 5.26592950e-04, 5.26592950e-04, 5.26592950e-04,
       1.57977885e-03, 0., 1.57977885e-03, 1.57977885e-03,
       2.63296487e-03, 5.26592950e-04, 2.63296487e-03, 5.79252234e-03,
       5.26592950e-04, 2.63296487e-03, 0., 2.63296487e-03,
       1.05318590e-03, 2.10637180e-03, 1.57977885e-03, 0.,
       3.15955770e-03, 0., 5.26592950e-04, 0., 0., 1.57977885e-03,
       4.21274360e-03, 0., 2.63296487e-03, 0., 3.15955770e-03,
       5.26592950e-04, 8.42548721e-03, 0., 4.21274360e-03,
       5.26592950e-04, 5.26592950e-04, 1.57977885e-03, 2.10637180e-03,
       0., 0., 2.10637180e-03, 5.26592950e-04, 3.68615054e-03,
       1.05318590e-03, 0., 2.10637180e-03, 1.05318590e-03,
       5.26592950e-04, 1.57977885e-03, 5.26592950e-04, 3.15955770e-03,
       0., 2.63296487e-03, 5.26592950e-04, 5.26592950e-04,
       1.05318590e-03, 1.57977885e-03, 0., 1.05318590e-03,
       1.57977885e-03, 5.26592950e-04, 5.26592950e-04, 0.,
       1.05318590e-03, 0., 0., 1.57977885e-03, 2.63296487e-03, 0.,
       1.05318590e-03, 0., 3.15955770e-03, 2.10637180e-03,
       1.05318590e-03, 0., 0., 1.57977885e-03, 1.57977885e-03,
       5.26592950e-04, 1.05318590e-03, 0., 5.26592950e-04,
       1.05318590e-03, 2.63296487e-03, 2.10637180e-03, 1.05318590e-03,
       3.15955770e-03, 4.73933667e-03, 1.57977885e-03, 5.26592950e-04,
       2.63296487e-03, 0., 0., 1.05318590e-03, 1.05318590e-03,
       1.57977885e-03, 0., 0., 2.10637180e-03, 1.57977885e-03, 0.,
       1.57977885e-03, 0., 3.15955770e-03, 0., 2.10637180e-03,
       1.05318590e-03, 5.26592950e-04, 1.57977885e-03, 1.05318590e-03,
       5.26592950e-04, 2.63296487e-03, 5.26592950e-04, 0., 0.,
       1.05318590e-03, 2.63296487e-03, 0., 5.26592950e-04,
       1.57977885e-03, 1.57977885e-03, 1.57977885e-03, 5.26592950e-04,
       1.05318590e-03, 5.26592950e-04, 5.26592950e-04, 0.,
       3.68615054e-03, 5.26592950e-04, 5.26592950e-04, 2.10637180e-03,
       1.05318590e-03, 1.05318590e-03, 3.15955770e-03, 1.05318590e-03,
       0., 1.05318590e-03, 1.05318590e-03, 0., 1.05318590e-03,
       1.05318590e-03, 5.26592950e-04, 2.63296487e-03, 2.10637180e-03,
       0., 2.63296487e-03, 2.10637180e-03, 1.05318590e-03, 0., 0.,
       1.57977885e-03, 0., 3.68615054e-03, 3.68615054e-03,
       4.73933667e-03, 2.10637180e-03, 2.63296487e-03, 1.05318590e-03,
       1.05318590e-03, 0., 1.05318590e-03, 1.57977885e-03,
       1.05318590e-03, 5.26592950e-04, 0., 1.57977885e-03,
       5.26592950e-04, 1.57977885e-03, 1.57977885e-03, 1.57977885e-03,
       0., 5.26592950e-04, 0., 2.10637180e-03, 1.57977885e-03,
       2.63296487e-03, 2.10637180e-03, 5.26592950e-04, 1.05318590e-03,
       2.10637180e-03, 2.63296487e-03, 1.57977885e-03, 1.57977885e-03,
       1.57977885e-03, 5.26592950e-04, 0., 0., 1.57977885e-03,
       2.10637180e-03, 5.26592950e-04, 1.57977885e-03, 3.15955770e-03,
       1.05318590e-03, 1.05318590e-03, 5.26592950e-04, 0.,
       1.05318590e-03, 1.57977885e-03, 5.26592950e-04, 0.,
       1.05318590e-03, 1.05318590e-03, 0., 3.15955770e-03,
       1.57977885e-03, 1.05318590e-03, 5.26592950e-04, 5.26592950e-04,
       1.05318590e-03, 1.57977885e-03, 1.57977885e-03, 2.10637180e-03,
       2.10637180e-03, 5.26592950e-04, 0., 1.05318590e-03,
       5.26592950e-04, 5.26592950e-04, 3.68615054e-03, 0.,
       1.05318590e-03, 1.57977885e-03, 0., 5.26592950e-04,
       3.15955770e-03, 0., 5.26592950e-04, 5.26592950e-04,
       1.05318590e-03, 1.05318590e-03, 8.95208027e-03, 1.05318590e-03,
       5.26592950e-04, 3.68615054e-03, 1.57977885e-03, 5.26592950e-04,
       1.05318590e-03, 1.05318590e-03, 0., 1.05318590e-03,
       5.26592950e-04, 3.68615054e-03, 2.10637180e-03, 0.,
       1.05318590e-03, 0., 5.26592950e-04, 0., 0., 1.57977885e-03,
       1.05318590e-03, 0., 2.10637180e-03, 1.57977885e-03,
       1.57977885e-03, 0., 1.05318590e-03, 1.05318590e-03,
       5.26592950e-04, 1.05318590e-03, 1.05318590e-03, 2.63296487e-03,
       1.05318590e-03, 1.05318590e-03, 5.26592950e-04, 5.26592950e-04,
       0., 1.57977885e-03, 5.26592950e-04, 0., 3.15955770e-03,
       1.05318590e-03, 2.63296487e-03, 1.05318590e-03, 2.10637180e-03,
       2.63296487e-03, 1.05318590e-03, 2.10637180e-03, 2.10637180e-03,
       5.26592950e-04, 2.63296487e-03, 2.10637180e-03, 5.26592950e-04,
       5.26592950e-04, 0., 1.05318590e-03, 1.05318590e-03,
       2.10637180e-03, 0., 0., 3.15955770e-03, 0., 2.63296487e-03,
       2.10637180e-03, 1.57977885e-03, 4.21274360e-03, 1.57977885e-03,
       6.84570847e-03, 5.26592950e-04, 1.57977885e-03, 5.26592950e-04,
       2.10637180e-03, 2.10637180e-03, 1.05318590e-03, 5.26592950e-04,
       0., 1.05318590e-03, 5.26592950e-04, 3.68615054e-03,
       6.84570847e-03, 0., 2.10637180e-03, 5.26592950e-04,
       5.26592950e-04, 2.63296487e-03, 1.57977885e-03, 5.26592950e-04,
       0., 1.57977885e-03, 5.26592950e-04, 5.26592950e-04,
       5.26592950e-04, 2.10637180e-03, 4.21274360e-03, 5.26592950e-04,
       5.26592950e-04, 5.26592950e-04, 0., 1.57977885e-03, 0.,
       5.26592950e-04, 5.26592950e-04, 5.26592950e-04, 5.26592950e-04,
       5.26592950e-04, 1.57977885e-03, 5.26592950e-04, 3.15955770e-03,
       4.21274360e-03, 0., 0., 5.26592950e-04, 0., 1.05318590e-03,
       2.10637180e-03, 0., 1.57977885e-03, 5.26592950e-04,
       1.05318590e-03, 1.05318590e-03, 0., 5.26592950e-04,
       1.57977885e-03, 0., 1.05318590e-03, 0., 2.10637180e-03,
       5.26592950e-04, 1.05318590e-03, 1.05318590e-03, 0.,
       2.63296487e-03, 5.26592950e-04, 3.15955770e-03, 0.,
       2.10637180e-03, 5.26592950e-04, 2.63296487e-03, 0.,
       5.26592950e-04, 1.05318590e-03, 0., 0., 1.57977885e-03,
       1.05318590e-03, 2.63296487e-03, 5.26592950e-04, 1.05318590e-03,
       5.26592950e-04, 1.57977885e-03, 1.57977885e-03, 5.26592950e-04,
       1.05318590e-03, 2.10637180e-03, 1.05318590e-03, 5.26592950e-04,
       5.26592950e-04, 1.05318590e-03, 5.26592950e-04, 0.,
       3.15955770e-03, 3.68615054e-03, 2.10637180e-03, 1.05318590e-03,
       3.68615054e-03, 4.21274360e-03, 0., 0., 1.05318590e-03,
       2.10637180e-03, 1.57977885e-03, 1.05318590e-03, 1.05318590e-03,
       5.26592950e-04, 1.57977885e-03, 1.05318590e-03, 5.26592950e-04,
       0., 3.68615054e-03, 5.26592950e-04, 1.05318590e-03,
       2.10637180e-03, 2.10637180e-03, 0., 3.68615054e-03, 0., 0.,
       3.15955770e-03, 2.10637180e-03, 0., 0., 5.26592950e-04,
       1.57977885e-03, 0., 0., 4.73933667e-03, 5.26592950e-04,
       1.57977885e-03, 2.63296487e-03, 2.10637180e-03, 2.63296487e-03,
       1.57977885e-03, 1.57977885e-03, 1.57977885e-03, 2.10637180e-03,
       2.10637180e-03, 1.57977885e-03, 2.10637180e-03, 0., 0.,
       4.21274360e-03, 5.26592950e-04, 0., 1.57977885e-03,
