%YAML:1.0
m25f: !!opencv-matrix
   rows: 1
   cols: 800
   dt: f
   data: [ 9.10332252e-04, 2.27583060e-03, 2.73099681e-03,
       9.10332252e-04, 3.18616279e-03, 4.55166126e-04, 1.36549841e-03,
       9.10332252e-04, 4.55166126e-04, 1.36549841e-03, 4.55166126e-04,
       2.27583060e-03, 1.82066450e-03, 2.27583060e-03, 4.55166120e-03,
       4.55166126e-04, 1.36549841e-03, 1.36549841e-03, 1.36549841e-03,
       1.82066450e-03, 4.55166126e-04, 9.10332252e-04, 1.36549841e-03,
       1.82066450e-03, 4.55166126e-04, 0., 2.73099681e-03,
       1.82066450e-03, 4.55166126e-04, 2.73099681e-03, 0.,
       9.10332252e-04, 3.64132901e-03, 1.82066450e-03, 4.55166126e-04,
       2.73099681e-03, 0., 4.55166126e-04, 9.10332252e-04,
       1.36549841e-03, 1.82066450e-03, 4.55166126e-04, 1.36549841e-03,
       4.55166126e-04, 1.36549841e-03, 1.82066450e-03, 1.36549841e-03,
       2.27583060e-03, 1.82066450e-03, 0., 1.36549841e-03,
       3.18616279e-03, 1.36549841e-03, 9.10332252e-04, 2.27583060e-03,
       1.36549841e-03, 1.82066450e-03, 2.73099681e-03, 2.27583060e-03,
       1.82066450e-03, 1.36549841e-03, 0., 4.55166126e-04,
       9.10332252e-04, 1.36549841e-03, 0., 5.91715984e-03, 0.,
       4.55166126e-04, 0., 3.64132901e-03, 0., 0., 4.55166126e-04,
       2.73099681e-03, 9.10332252e-04, 0., 0., 4.55166126e-04,
       1.82066450e-03, 0., 9.10332252e-04, 0., 4.55166126e-04,
       9.10332252e-04, 2.73099681e-03, 4.09649499e-03, 1.82066450e-03,
       0., 4.55166126e-04, 1.36549841e-03, 9.10332252e-04, 0., 0., 0.,
       1.36549841e-03, 2.73099681e-03, 9.10332252e-04, 9.10332252e-04,
       2.27583060e-03, 0., 9.10332252e-04, 0., 9.10332252e-04, 0.,
       1.36549841e-03, 1.82066450e-03, 4.55166126e-04, 1.36549841e-03,
       4.09649499e-03, 2.27583060e-03, 1.36549841e-03, 2.73099681e-03,
       1.36549841e-03, 0., 1.36549841e-03, 6.82749180e-03,
       9.10332252e-04, 4.55166126e-04, 2.27583060e-03, 1.36549841e-03,
       1.82066450e-03, 9.10332252e-04, 0., 0., 0., 2.73099681e-03,
       4.55166126e-04, 1.82066450e-03, 9.10332252e-04, 4.55166126e-04,
       4.55166126e-04, 3.18616279e-03, 9.10332252e-04, 4.55166126e-04,
       1.36549841e-03, 2.27583060e-03, 1.36549841e-03, 9.10332252e-04,
       4.55166126e-04, 2.27583060e-03, 2.27583060e-03, 0.,
       4.55166126e-04, 4.55166126e-04, 9.10332252e-04, 0.,
       1.36549841e-03, 0., 4.55166126e-04, 9.10332252e-04,
       4.55166126e-04, 2.73099681e-03, 9.10332252e-04, 1.36549841e-03,
       0., 0., 1.82066450e-03, 4.55166126e-04, 4.55166126e-04,
       9.10332252e-04, 3.18616279e-03, 2.27583060e-03, 4.55166126e-04,
       1.36549841e-03, 0., 4.55166126e-04, 2.73099681e-03,
       1.82066450e-03, 0., 2.27583060e-03, 2.27583060e-03,
       2.73099681e-03, 4.55166126e-04, 4.55166126e-04, 4.55166126e-04,
       9.10332252e-04, 1.82066450e-03, 3.18616279e-03, 1.36549841e-03,
       0., 2.27583060e-03, 0., 0., 1.36549841e-03, 4.55166126e-04,
       4.55166126e-04, 4.55166126e-04, 9.10332252e-04, 9.10332252e-04,
       2.73099681e-03, 0., 4.55166120e-03, 9.10332252e-04,
       9.10332252e-04, 0., 1.36549841e-03, 1.82066450e-03,
       4.55166126e-04, 4.55166126e-04, 2.27583060e-03, 1.36549841e-03,
       0., 1.82066450e-03, 4.55166126e-04, 1.36549841e-03,
       1.36549841e-03, 2.27583060e-03, 0., 0., 2.27583060e-03, 0.,
       1.36549841e-03, 0., 9.10332252e-04, 3.18616279e-03,
       1.36549841e-03, 2.73099681e-03, 2.73099681e-03, 1.82066450e-03,
       2.73099681e-03, 5.91715984e-03, 3.18616279e-03, 2.27583060e-03,
       3.18616279e-03, 9.10332252e-04, 1.36549841e-03, 1.82066450e-03,
       9.10332252e-04, 9.10332252e-04, 2.27583060e-03, 2.27583060e-03,
       9.10332252e-04, 3.18616279e-03, 2.73099681e-03, 0.,
       4.55166126e-04, 1.82066450e-03, 1.36549841e-03, 0.,
       9.10332252e-04, 1.36549841e-03, 4.55166126e-04, 4.55166126e-04,
       0., 2.73099681e-03, 5.00682741e-03, 3.18616279e-03, 0.,
       1.36549841e-03, 3.18616279e-03, 9.10332252e-04, 1.36549841e-03,
       0., 0., 5.00682741e-03, 2.27583060e-03, 2.27583060e-03,
       1.36549841e-03, 9.10332252e-04, 0., 9.10332252e-04,
       2.27583060e-03, 1.82066450e-03, 4.55166126e-04, 1.82066450e-03,
       0., 4.55166126e-04, 0., 1.82066450e-03, 2.27583060e-03,
       1.36549841e-03, 0., 4.55166126e-04, 1.82066450e-03,
       4.55166126e-04, 0., 9.10332252e-04, 1.82066450e-03,
       1.82066450e-03, 9.10332252e-04, 0., 4.09649499e-03,
       1.82066450e-03, 1.36549841e-03, 0., 1.82066450e-03,
       9.10332252e-04, 4.55166126e-04, 8.19298998e-03, 4.55166126e-04,
       4.55166120e-03, 0., 9.10332252e-04, 1.82066450e-03,
       4.55166126e-04, 0., 0., 1.82066450e-03, 0., 4.55166126e-04,
       4.55166126e-04, 3.18616279e-03, 4.55166126e-04, 4.55166126e-04,
       0., 9.10332252e-04, 9.10332252e-04, 2.27583060e-03,
       9.10332252e-04, 4.09649499e-03, 4.55166120e-03, 6.82749180e-03,
       0., 4.55166126e-04, 4.55166126e-04, 0., 2.27583060e-03,
       4.55166126e-04, 0., 4.55166126e-04, 2.73099681e-03,
       9.10332252e-04, 4.55166126e-04, 5.00682741e-03, 2.27583060e-03,
       1.82066450e-03, 9.10332252e-04, 2.73099681e-03, 2.27583060e-03,
       9.10332252e-04, 0., 1.82066450e-03, 0., 4.55166126e-04,
       1.36549841e-03, 9.10332252e-04, 1.82066450e-03, 2.27583060e-03,
       0., 1.82066450e-03, 9.10332252e-04, 2.27583060e-03,
       4.55166126e-04, 9.10332252e-04, 0., 0., 1.36549841e-03,
       1.36549841e-03, 2.27583060e-03, 1.82066450e-03, 0.,
       4.55166126e-04, 2.73099681e-03, 9.10332252e-04, 1.36549841e-03,
       2.73099681e-03, 2.27583060e-03, 4.55166126e-04, 2.73099681e-03,
       1.36549841e-03, 4.55166126e-04, 4.55166126e-04, 4.55166126e-04,
       9.10332252e-04, 2.27583060e-03, 0., 4.55166126e-04,
       1.82066450e-03, 9.10332252e-04, 1.82066450e-03, 1.82066450e-03,
       4.55166126e-04, 9.10332252e-04, 9.10332252e-04, 0., 0.,
       4.55166126e-04, 9.10332252e-04, 1.36549841e-03, 1.82066450e-03,
       1.36549841e-03, 9.10332252e-04, 1.82066450e-03, 2.27583060e-03,
       0., 2.27583060e-03, 4.55166126e-04, 9.10332252e-04,
       3.64132901e-03, 0., 4.55166126e-04, 4.55166126e-04,
       2.73099681e-03, 1.82066450e-03, 2.27583060e-03, 9.10332252e-04,
       0., 9.10332252e-04, 1.36549841e-03, 9.10332252e-04,
       1.36549841e-03, 9.10332252e-04, 0., 9.10332252e-04,
       4.55166120e-03, 2.27583060e-03, 0., 1.36549841e-03,
       4.55166126e-04, 9.10332252e-04, 4.55166126e-04, 4.55166126e-04,
       9.10332252e-04, 0., 0., 1.36549841e-03, 0., 0., 2.27583060e-03,
       2.27583060e-03, 9.10332252e-04, 1.82066450e-03, 1.82066450e-03,
       4.55166120e-03, 9.10332252e-04, 4.55166126e-04, 1.36549841e-03,
       0., 4.55166126e-04, 1.36549841e-03, 0., 1.36549841e-03,
       4.55166126e-04, 1.36549841e-03, 9.10332252e-04, 0.,
       4.55166126e-04, 4.55166126e-04, 4.55166126e-04, 0.,
       4.55166126e-04, 1.36549841e-03, 1.82066450e-03, 1.36549841e-03,
       9.10332252e-04, 9.10332252e-04, 9.10332252e-04, 1.82066450e-03,
       4.55166126e-04, 2.27583060e-03, 4.55166126e-04, 9.10332252e-04,
       2.73099681e-03, 1.82066450e-03, 3.64132901e-03, 0.,
       1.36549841e-03, 2.73099681e-03, 0., 1.36549841e-03, 0.,
       3.18616279e-03, 0., 4.55166126e-04, 9.10332252e-04,
       4.55166126e-04, 9.10332252e-04, 9.10332252e-04, 1.36549841e-03,
       1.36549841e-03, 1.36549841e-03, 6.37232559e-03, 4.55166126e-04,
       9.10332252e-04, 0., 2.27583060e-03, 9.10332252e-04,
       1.82066450e-03, 2.27583060e-03, 9.10332252e-04, 1.82066450e-03,
       9.10332252e-04, 4.55166126e-04, 4.55166126e-04, 4.55166126e-04,
       4.09649499e-03, 4.55166126e-04, 0., 2.27583060e-03,
       3.18616279e-03, 1.82066450e-03, 0., 4.55166126e-04,
       4.55166126e-04, 0., 0., 4.55166126e-04, 1.82066450e-03, 0.,
       4.55166126e-04, 4.55166126e-04, 2.27583060e-03, 0.,
       1.82066450e-03, 1.82066450e-03, 1.82066450e-03, 2.27583060e-03,
       9.10332252e-04, 0., 0., 0., 1.36549841e-03, 4.55166126e-04,
