%YAML:1.0
m25f: !!opencv-matrix
   rows: 1
   cols: 800
   dt: f
   data: [ 9.60153644e-04, 0., 4.80076822e-04, 2.40038405e-03,
       1.92030729e-03, 0., 1.92030729e-03, 1.44023052e-03,
       6.72107562e-03, 4.80076822e-04, 4.80076822e-04, 4.80076822e-04,
       0., 1.44023052e-03, 1.44023052e-03, 1.92030729e-03,
       9.60153644e-04, 0., 0., 4.80076822e-04, 9.60153644e-04, 0.,
       9.60153644e-04, 4.80076822e-04, 4.80076822e-04, 2.40038405e-03,
       2.88046105e-03, 1.44023052e-03, 9.60153644e-04, 4.80076822e-04,
       1.44023052e-03, 1.92030729e-03, 1.92030729e-03, 2.88046105e-03,
       9.60153644e-04, 4.32069134e-03, 4.80076822e-04, 2.88046105e-03,
       9.60153644e-04, 0., 9.60153644e-04, 1.92030729e-03,
       9.60153644e-04, 2.88046105e-03, 9.60153644e-04, 9.60153644e-04,
       9.60153644e-04, 9.60153644e-04, 9.60153644e-04, 0.,
       1.92030729e-03, 9.60153644e-04, 1.44023052e-03, 0., 0.,
       1.44023052e-03, 3.84061458e-03, 4.80076822e-04, 2.40038405e-03,
       5.28084487e-03, 4.32069134e-03, 0., 1.44023052e-03,
       2.88046105e-03, 0., 9.60153644e-04, 0., 4.32069134e-03,
       3.36053781e-03, 9.60153644e-04, 0., 4.80076822e-04,
       4.80076822e-04, 4.80076822e-04, 0., 0., 0., 0., 9.60153644e-04,
       4.80076810e-03, 1.92030729e-03, 4.80076822e-04, 9.60153644e-04,
       4.80076822e-04, 4.80076822e-04, 2.40038405e-03, 0.,
       9.60153644e-04, 4.80076822e-04, 4.80076822e-04, 9.60153644e-04,
       4.80076822e-04, 0., 1.92030729e-03, 4.80076810e-03,
       1.44023052e-03, 2.40038405e-03, 4.80076822e-04, 1.92030729e-03,
       9.60153644e-04, 1.44023052e-03, 3.36053781e-03, 2.40038405e-03,
       0., 0., 0., 4.80076822e-04, 1.44023052e-03, 0., 9.60153644e-04,
       9.60153644e-04, 1.44023052e-03, 4.80076822e-04, 1.92030729e-03,
       4.80076810e-03, 9.60153644e-04, 9.60153644e-04, 1.44023052e-03,
       4.80076822e-04, 3.84061458e-03, 9.60153644e-04, 4.80076822e-04,
       1.92030729e-03, 6.24099886e-03, 0., 1.44023052e-03,
       4.80076822e-04, 0., 9.60153644e-04, 2.40038405e-03,
       4.80076822e-04, 9.60153644e-04, 1.44023052e-03, 0.,
       1.44023052e-03, 0., 2.40038405e-03, 9.60153644e-04,
       9.60153644e-04, 3.84061458e-03, 4.80076822e-04, 2.40038405e-03,
       3.84061458e-03, 1.44023052e-03, 9.60153644e-04, 1.92030729e-03,
       9.60153644e-04, 0., 4.80076822e-04, 0., 0., 0., 1.92030729e-03,
       9.60153644e-04, 4.80076822e-04, 0., 0., 1.44023052e-03,
       5.28084487e-03, 9.60153644e-04, 0., 1.44023052e-03,
       4.80076822e-04, 9.60153644e-04, 0., 1.44023052e-03, 0.,
       2.88046105e-03, 4.80076822e-04, 3.84061458e-03, 2.40038405e-03,
       1.92030729e-03, 5.28084487e-03, 2.40038405e-03, 9.60153644e-04,
       0., 9.60153644e-04, 0., 9.60153644e-04, 4.80076822e-04,
       4.80076822e-04, 9.60153644e-04, 4.80076822e-04, 1.44023052e-03,
       9.60153644e-04, 4.80076822e-04, 9.60153644e-04, 4.80076822e-04,
       0., 1.44023052e-03, 0., 1.44023052e-03, 9.60153644e-04,
       1.92030729e-03, 4.80076822e-04, 9.60153644e-04, 1.44023052e-03,
       2.40038405e-03, 9.60153644e-04, 0., 1.44023052e-03,
       1.44023052e-03, 1.44023052e-03, 1.44023052e-03, 0.,
       4.80076822e-04, 0., 1.44023052e-03, 2.40038405e-03,
       2.40038405e-03, 1.44023052e-03, 9.60153644e-04, 9.60153644e-04,
       1.92030729e-03, 2.40038405e-03, 1.92030729e-03, 0.,
       9.60153644e-04, 1.44023052e-03, 1.92030729e-03, 4.80076822e-04,
       4.80076822e-04, 0., 4.80076810e-03, 9.60153644e-04,
       1.44023052e-03, 0., 4.80076822e-04, 4.80076822e-04, 0.,
       4.80076822e-04, 1.44023052e-03, 9.60153644e-04, 0.,
       9.60153644e-04, 3.36053781e-03, 4.80076822e-04, 4.80076822e-04,
       2.40038405e-03, 4.80076822e-04, 9.60153644e-04, 1.92030729e-03,
       4.80076822e-04, 9.60153644e-04, 9.60153644e-04, 4.80076822e-04,
       1.92030729e-03, 9.60153644e-04, 0., 9.60153644e-04,
       1.44023052e-03, 1.92030729e-03, 9.60153644e-04, 3.36053781e-03,
       4.80076822e-04, 2.40038405e-03, 9.60153644e-04, 9.60153644e-04,
       9.60153644e-04, 2.40038405e-03, 2.88046105e-03, 1.44023052e-03,
       1.92030729e-03, 1.44023052e-03, 3.36053781e-03, 2.40038405e-03,
       4.80076822e-04, 1.44023052e-03, 9.60153644e-04, 4.80076822e-04,
       9.60153644e-04, 0., 4.80076822e-04, 0., 0., 4.80076822e-04,
       1.44023052e-03, 2.40038405e-03, 9.60153644e-04, 2.40038405e-03,
       9.60153644e-04, 4.80076822e-04, 4.32069134e-03, 2.88046105e-03,
       0., 2.88046105e-03, 0., 9.60153644e-04, 0., 1.44023052e-03,
       1.92030729e-03, 1.92030729e-03, 0., 2.40038405e-03, 0.,
       1.92030729e-03, 1.44023052e-03, 1.44023052e-03, 1.44023052e-03,
       0., 9.60153644e-04, 0., 9.60153644e-04, 1.44023052e-03,
       3.84061458e-03, 0., 1.44023052e-03, 0., 1.44023052e-03, 0.,
       1.92030729e-03, 4.80076822e-04, 4.80076822e-04, 4.80076822e-04,
       0., 1.44023052e-03, 2.40038405e-03, 1.44023052e-03, 0.,
       3.84061458e-03, 1.44023052e-03, 0., 4.80076822e-04,
       2.40038405e-03, 4.80076822e-04, 0., 9.60153644e-04,
       9.60153644e-04, 3.36053781e-03, 4.80076822e-04, 4.80076822e-04,
       0., 4.80076822e-04, 0., 9.60153644e-04, 9.60153644e-04,
       1.92030729e-03, 0., 2.40038405e-03, 2.40038405e-03,
       2.88046105e-03, 4.80076822e-04, 0., 1.44023052e-03,
       1.44023052e-03, 4.80076822e-04, 1.44023052e-03, 2.40038405e-03,
       3.36053781e-03, 9.60153644e-04, 9.60153644e-04, 4.80076822e-04,
       4.80076822e-04, 4.80076822e-04, 2.40038405e-03, 4.80076822e-04,
       9.60153644e-04, 1.92030729e-03, 2.40038405e-03, 1.44023052e-03,
       1.44023052e-03, 2.40038405e-03, 4.80076822e-04, 1.44023052e-03,
       1.92030729e-03, 4.80076822e-04, 4.80076822e-04, 1.44023052e-03,
       9.60153644e-04, 9.60153644e-04, 1.44023052e-03, 4.80076822e-04,
       1.44023052e-03, 1.92030729e-03, 3.36053781e-03, 9.60153644e-04,
       1.44023052e-03, 9.60153644e-04, 4.80076822e-04, 0.,
       9.60153644e-04, 1.44023052e-03, 0., 3.36053781e-03, 0.,
       1.92030729e-03, 2.88046105e-03, 9.60153644e-04, 4.80076822e-04,
       9.60153644e-04, 4.80076822e-04, 4.80076822e-04, 4.80076822e-04,
       1.44023052e-03, 1.92030729e-03, 3.84061458e-03, 9.60153644e-04,
       4.80076822e-04, 0., 1.92030729e-03, 9.60153644e-04,
       1.44023052e-03, 1.44023052e-03, 0., 1.92030729e-03, 0.,
       4.80076822e-04, 4.80076822e-04, 0., 4.80076822e-04,
       9.60153644e-04, 3.84061458e-03, 9.60153644e-04, 1.92030729e-03,
       9.60153644e-04, 0., 9.60153644e-04, 1.92030729e-03,
       1.44023052e-03, 0., 1.44023052e-03, 9.60153644e-04,
       9.60153644e-04, 1.44023052e-03, 1.92030729e-03, 4.80076822e-04,
       1.44023052e-03, 0., 0., 1.92030729e-03, 4.80076822e-04, 0., 0.,
       9.60153644e-04, 1.44023052e-03, 9.60153644e-04, 4.80076822e-04,
       4.32069134e-03, 1.92030729e-03, 0., 1.44023052e-03,
       4.80076822e-04, 1.44023052e-03, 0., 1.44023052e-03,
       1.44023052e-03, 4.80076822e-04, 1.44023052e-03, 9.60153644e-04,
       0., 4.80076822e-04, 4.80076810e-03, 4.80076822e-04,
       2.40038405e-03, 2.40038405e-03, 9.60153644e-04, 0., 0.,
       4.80076822e-04, 1.44023052e-03, 2.88046105e-03, 4.80076822e-04,
       0., 4.80076822e-04, 1.44023052e-03, 9.60153644e-04,
       1.44023052e-03, 0., 4.80076822e-04, 1.44023052e-03, 0.,
       4.80076822e-04, 4.80076822e-04, 4.80076810e-03, 4.80076822e-04,
       0., 5.28084487e-03, 3.36053781e-03, 1.92030729e-03,
       1.44023052e-03, 9.60153644e-04, 4.80076822e-04, 9.60153644e-04,
       4.80076822e-04, 9.60153644e-04, 1.92030729e-03, 4.80076822e-04,
       4.80076822e-04, 0., 9.60153644e-04, 2.88046105e-03,
       2.88046105e-03, 1.44023052e-03, 7.20115239e-03, 9.60153644e-04,
       1.44023052e-03, 3.36053781e-03, 3.36053781e-03, 2.40038405e-03,
       0., 1.92030729e-03, 4.80076822e-04, 3.84061458e-03,
       7.68122915e-03, 4.80076822e-04, 4.80076822e-04, 4.80076822e-04,
       2.40038405e-03, 1.44023052e-03, 0., 9.60153644e-04,
       1.44023052e-03, 9.60153644e-04, 4.80076822e-04, 4.32069134e-03,
