%YAML:1.0
m25f: !!opencv-matrix
   rows: 1
   cols: 800
   dt: f
   data: [ 5.26870368e-04, 1.05374074e-03, 1.58061110e-03,
       1.58061110e-03, 0., 5.26870368e-04, 2.10748147e-03,
       2.63435184e-03, 2.10748147e-03, 2.10748147e-03, 5.26870368e-04,
       0., 5.26870368e-04, 2.63435184e-03, 0., 0., 0., 1.05374074e-03,
       1.05374074e-03, 0., 1.05374074e-03, 0., 1.05374074e-03,
       5.26870368e-04, 5.26870368e-04, 1.58061110e-03, 1.05374074e-03,
       1.05374074e-03, 0., 1.05374074e-03, 1.05374074e-03,
       2.10748147e-03, 1.05374074e-03, 2.10748147e-03, 1.05374074e-03,
       0., 0., 4.21496294e-03, 1.05374074e-03, 0., 2.10748147e-03,
       3.16122221e-03, 1.58061110e-03, 4.21496294e-03, 2.63435184e-03,
       2.63435184e-03, 5.26870368e-04, 0., 5.26870368e-04, 0., 0.,
       2.10748147e-03, 1.58061110e-03, 1.58061110e-03, 5.26870368e-04,
       3.16122221e-03, 1.58061110e-03, 1.58061110e-03, 5.26870368e-04,
       3.16122221e-03, 0., 5.26870368e-04, 1.58061110e-03,
       2.63435184e-03, 1.05374074e-03, 5.26870368e-04, 1.05374074e-03,
       0., 2.10748147e-03, 0., 0., 4.21496294e-03, 0., 0.,
       5.26870368e-04, 2.10748147e-03, 0., 5.26870368e-04,
       1.05374074e-03, 2.10748147e-03, 5.26870368e-04, 0., 0.,
       1.05374074e-03, 1.05374074e-03, 2.10748147e-03, 2.10748147e-03,
       5.26870368e-04, 1.05374074e-03, 0., 5.26870368e-04,
       5.26870368e-04, 2.10748147e-03, 2.63435184e-03, 0.,
       1.58061110e-03, 2.10748147e-03, 2.10748147e-03, 1.58061110e-03,
       2.10748147e-03, 1.05374074e-03, 2.10748147e-03, 2.63435184e-03,
       0., 5.26870368e-04, 2.10748147e-03, 0., 5.26870368e-04,
       5.26870368e-04, 1.05374074e-03, 1.58061110e-03, 1.05374074e-03,
       0., 1.05374074e-03, 1.05374074e-03, 2.10748147e-03,
       5.26870368e-04, 5.26870368e-03, 2.63435184e-03, 3.68809258e-03,
       1.58061110e-03, 3.16122221e-03, 1.05374074e-03, 5.26870368e-04,
       0., 0., 5.26870368e-04, 5.26870368e-04, 5.26870368e-04,
       3.16122221e-03, 0., 5.26870368e-04, 5.26870368e-04,
       1.05374074e-03, 5.26870368e-04, 5.26870368e-04, 4.21496294e-03,
       2.63435184e-03, 3.16122221e-03, 1.05374074e-03, 0.,
       5.79557382e-03, 2.10748147e-03, 0., 5.26870368e-04,
       3.68809258e-03, 1.05374074e-03, 0., 0., 0., 0., 1.05374074e-03,
       5.26870368e-04, 1.05374074e-03, 1.05374074e-03, 0., 0.,
       1.05374074e-03, 3.16122221e-03, 0., 1.58061110e-03,
       5.26870368e-04, 0., 1.58061110e-03, 0., 1.05374074e-03, 0.,
       1.05374074e-03, 5.26870368e-04, 2.10748147e-03, 1.58061110e-03,
       3.16122221e-03, 5.26870368e-04, 2.63435184e-03, 1.05374074e-03,
       0., 1.58061110e-03, 0., 1.58061110e-03, 2.10748147e-03,
       1.05374074e-03, 5.26870368e-04, 0., 1.05374074e-03,
       1.58061110e-03, 2.63435184e-03, 1.05374074e-03, 2.63435184e-03,
       0., 2.63435184e-03, 0., 4.21496294e-03, 1.05374074e-03,
       1.58061110e-03, 4.21496294e-03, 1.05374074e-03, 0.,
       2.10748147e-03, 0., 1.05374074e-03, 1.58061110e-03,
       2.63435184e-03, 0., 1.58061110e-03, 1.05374074e-03,
       1.58061110e-03, 1.58061110e-03, 5.26870368e-04, 1.58061110e-03,
       1.58061110e-03, 1.05374074e-03, 1.05374074e-03, 0.,
       5.26870368e-04, 1.05374074e-03, 5.26870368e-04, 1.58061110e-03,
       0., 0., 4.21496294e-03, 5.26870368e-04, 0., 0., 1.58061110e-03,
       5.26870368e-04, 2.10748147e-03, 5.26870368e-04, 1.58061110e-03,
       2.10748147e-03, 1.05374074e-03, 0., 1.05374074e-03,
       2.10748147e-03, 2.10748147e-03, 1.58061110e-03, 5.26870368e-04,
       0., 0., 3.68809258e-03, 5.26870368e-03, 1.05374074e-03,
       1.05374074e-03, 1.05374074e-03, 7.37618515e-03, 5.26870368e-04,
       1.05374074e-03, 1.05374074e-03, 1.58061110e-03, 5.26870368e-04,
       1.58061110e-03, 2.63435184e-03, 5.26870368e-04, 1.05374074e-03,
       3.16122221e-03, 1.58061110e-03, 0., 0., 1.05374074e-03,
       1.05374074e-03, 5.26870368e-04, 2.63435184e-03, 1.05374074e-03,
       3.68809258e-03, 5.26870368e-04, 5.26870368e-04, 1.05374074e-03,
       1.05374074e-03, 5.26870368e-04, 2.63435184e-03, 1.58061110e-03,
       1.05374074e-03, 0., 5.26870368e-04, 1.05374074e-03, 0., 0.,
       1.05374074e-03, 1.58061110e-03, 5.26870368e-04, 2.63435184e-03,
       2.63435184e-03, 5.26870368e-04, 3.68809258e-03, 2.10748147e-03,
       0., 0., 2.10748147e-03, 1.58061110e-03, 5.26870368e-04,
       5.26870368e-04, 5.26870368e-04, 2.10748147e-03, 0.,
       5.26870368e-04, 1.58061110e-03, 2.10748147e-03, 1.05374074e-03,
       1.58061110e-03, 1.58061110e-03, 5.26870368e-04, 1.05374074e-03,
       2.10748147e-03, 5.26870368e-04, 0., 2.10748147e-03, 0.,
       1.58061110e-03, 2.10748147e-03, 0., 1.05374074e-03, 0.,
       3.68809258e-03, 5.26870368e-04, 0., 0., 5.26870368e-04,
       3.16122221e-03, 2.10748147e-03, 5.26870368e-04, 2.10748147e-03,
       3.16122221e-03, 1.05374074e-03, 2.63435184e-03, 3.16122221e-03,
       5.26870368e-04, 0., 1.58061110e-03, 1.58061110e-03,
       1.05374074e-03, 5.26870368e-04, 0., 0., 5.26870368e-04,
       5.26870368e-04, 1.05374074e-03, 1.05374074e-03, 1.58061110e-03,
       0., 2.63435184e-03, 5.26870368e-04, 1.05374074e-03,
       1.05374074e-03, 2.63435184e-03, 2.10748147e-03, 0.,
       3.68809258e-03, 0., 1.58061110e-03, 5.26870368e-04,
       1.58061110e-03, 5.26870368e-04, 5.26870368e-04, 0.,
       5.26870368e-04, 4.74183355e-03, 0., 1.05374074e-03,
       1.58061110e-03, 3.16122221e-03, 0., 5.26870368e-04,
       1.05374074e-03, 0., 5.26870368e-04, 1.05374074e-03,
       2.10748147e-03, 1.05374074e-03, 3.16122221e-03, 1.05374074e-03,
       2.10748147e-03, 1.58061110e-03, 5.26870368e-04, 1.05374074e-03,
       0., 1.58061110e-03, 1.05374074e-03, 2.10748147e-03,
       2.10748147e-03, 2.10748147e-03, 2.63435184e-03, 3.68809258e-03,
       0., 5.26870368e-04, 5.26870368e-04, 5.26870368e-04,
       3.16122221e-03, 1.58061110e-03, 3.68809258e-03, 2.63435184e-03,
       1.05374074e-03, 0., 1.05374074e-03, 5.26870368e-04,
       4.21496294e-03, 1.58061110e-03, 6.32244442e-03, 5.26870368e-04,
       0., 5.26870368e-04, 0., 4.74183355e-03, 5.26870368e-04,
       1.05374074e-03, 5.26870368e-04, 1.58061110e-03, 1.05374074e-03,
       0., 1.58061110e-03, 1.05374074e-03, 1.05374074e-03, 0.,
       1.05374074e-03, 5.26870368e-03, 1.05374074e-03, 5.26870368e-04,
       2.10748147e-03, 0., 1.05374074e-03, 5.26870368e-04, 0.,
       2.10748147e-03, 1.05374074e-03, 5.26870368e-04, 1.58061110e-03,
       3.68809258e-03, 5.26870368e-04, 1.05374074e-03, 1.58061110e-03,
       0., 5.26870368e-04, 0., 0., 2.10748147e-03, 0., 1.05374074e-03,
       0., 5.26870368e-04, 4.21496294e-03, 1.05374074e-03, 0.,
       2.63435184e-03, 0., 3.68809258e-03, 1.58061110e-03, 0.,
       3.16122221e-03, 0., 1.58061110e-03, 5.26870368e-04,
       5.26870368e-04, 1.05374074e-03, 3.16122221e-03, 5.26870368e-04,
       5.26870368e-04, 1.58061110e-03, 0., 5.26870368e-04,
       5.26870368e-04, 2.10748147e-03, 3.16122221e-03, 5.26870368e-04,
       5.26870368e-04, 0., 1.58061110e-03, 2.63435184e-03,
       5.26870368e-04, 2.10748147e-03, 0., 2.10748147e-03,
       1.58061110e-03, 1.05374074e-03, 5.26870368e-04, 1.05374074e-03,
       2.10748147e-03, 1.05374074e-03, 5.26870368e-04, 1.05374074e-03,
       4.21496294e-03, 1.05374074e-03, 1.05374074e-03, 1.05374074e-03,
       1.58061110e-03, 2.10748147e-03, 1.05374074e-03, 5.26870368e-04,
       2.63435184e-03, 0., 1.05374074e-03, 5.26870368e-04,
       1.58061110e-03, 1.05374074e-03, 2.63435184e-03, 5.26870368e-04,
       5.79557382e-03, 0., 0., 1.58061110e-03, 5.26870368e-04,
       2.10748147e-03, 0., 2.63435184e-03, 1.58061110e-03,
       2.10748147e-03, 3.68809258e-03, 1.58061110e-03, 2.63435184e-03,
       0., 2.63435184e-03, 2.10748147e-03, 5.26870368e-04,
       1.05374074e-03, 3.16122221e-03, 1.05374074e-03, 1.05374074e-03,
       1.58061110e-03, 2.10748147e-03, 2.10748147e-03, 1.58061110e-03,
       3.16122221e-03, 2.63435184e-03, 6.32244442e-03, 1.05374074e-03,
