%YAML:1.0
m25f: !!opencv-matrix
   rows: 1
   cols: 800
   dt: f
   data: [ 1.36923778e-03, 0., 4.56412585e-04, 1.36923778e-03,
       9.12825170e-04, 0., 1.82565034e-03, 9.12825170e-04,
       2.73847557e-03, 4.56412585e-04, 1.82565034e-03, 9.12825170e-04,
       9.12825170e-04, 3.19488812e-03, 0., 9.12825170e-04,
       2.73847557e-03, 4.56412585e-04, 4.56412585e-04, 1.82565034e-03,
       0., 4.56412585e-04, 4.56412585e-04, 8.21542647e-03,
       4.56412585e-04, 2.28206301e-03, 4.56412585e-04, 9.12825170e-04,
       0., 3.19488812e-03, 4.10771323e-03, 4.56412585e-04,
       2.28206301e-03, 1.82565034e-03, 9.12825170e-04, 1.36923778e-03,
       0., 1.36923778e-03, 4.56412585e-04, 0., 0., 1.36923778e-03,
       9.12825170e-04, 1.82565034e-03, 4.56412585e-04, 4.10771323e-03,
       9.12825170e-04, 4.56412585e-04, 4.56412585e-04, 4.56412585e-04,
       1.36923778e-03, 2.28206301e-03, 2.28206301e-03, 4.56412585e-04,
       1.36923778e-03, 0., 4.56412585e-04, 1.36923778e-03,
       1.36923778e-03, 1.82565034e-03, 0., 0., 4.56412585e-04,
       4.56412585e-04, 3.19488812e-03, 9.12825170e-04, 9.12825170e-04,
       4.56412585e-04, 2.28206301e-03, 4.56412585e-04, 4.56412585e-04,
       9.12825170e-04, 0., 0., 1.82565034e-03, 9.12825170e-04,
       9.12825170e-04, 4.56412585e-04, 9.12825170e-04, 1.82565034e-03,
       0., 0., 1.82565034e-03, 0., 4.56412585e-04, 4.10771323e-03,
       1.82565034e-03, 1.82565034e-03, 1.82565034e-03, 1.36923778e-03,
       4.56412585e-04, 4.56412585e-04, 0., 0., 1.82565034e-03, 0., 0.,
       3.19488812e-03, 9.12825170e-04, 3.19488812e-03, 9.12825170e-04,
       4.56412585e-04, 2.28206301e-03, 0., 0., 1.36923778e-03,
       1.82565034e-03, 4.56412585e-04, 4.56412585e-04, 4.56412585e-04,
       2.73847557e-03, 4.10771323e-03, 1.36923778e-03, 4.56412585e-04,
       9.58466437e-03, 1.36923778e-03, 3.19488812e-03, 5.02053834e-03,
       4.56412585e-04, 9.12825170e-04, 4.56412585e-04, 2.73847557e-03,
       4.56412585e-04, 2.28206301e-03, 1.36923778e-03, 4.56412585e-04,
       2.28206301e-03, 0., 2.73847557e-03, 1.36923778e-03,
       9.12825170e-04, 1.82565034e-03, 2.28206301e-03, 1.82565034e-03,
       9.12825170e-04, 1.36923778e-03, 4.56412585e-04, 9.12825170e-04,
       1.82565034e-03, 9.12825170e-04, 3.65130068e-03, 1.82565034e-03,
       4.56412585e-04, 4.56412585e-04, 9.12825170e-04, 0.,
       1.36923778e-03, 4.56412585e-04, 4.56412585e-04, 1.82565034e-03,
       0., 0., 4.56412585e-04, 4.56412585e-04, 4.56412585e-04,
       9.12825170e-04, 0., 1.36923778e-03, 2.28206301e-03,
       2.28206301e-03, 1.36923778e-03, 1.36923778e-03, 9.12825170e-04,
       1.82565034e-03, 1.36923778e-03, 9.12825170e-04, 9.12825170e-04,
       3.19488812e-03, 9.12825170e-04, 0., 4.56412585e-04,
       2.28206301e-03, 2.28206301e-03, 9.12825170e-04, 1.82565034e-03,
       0., 9.12825170e-04, 4.56412585e-04, 1.82565034e-03,
       4.56412585e-04, 1.82565034e-03, 5.02053834e-03, 0.,
       9.12825170e-04, 1.82565034e-03, 1.82565034e-03, 9.12825170e-04,
       2.28206301e-03, 0., 2.73847557e-03, 9.12825170e-04,
       1.82565034e-03, 2.73847557e-03, 0., 2.28206301e-03,
       9.12825170e-04, 1.82565034e-03, 2.28206301e-03, 0., 0.,
       2.73847557e-03, 4.56412585e-04, 2.73847557e-03, 4.56412585e-04,
       0., 9.12825170e-04, 2.28206301e-03, 0., 1.82565034e-03, 0.,
       2.73847557e-03, 0., 0., 0., 1.82565034e-03, 0., 9.12825170e-04,
       1.36923778e-03, 4.56412585e-04, 4.56412585e-04, 2.73847557e-03,
       1.09539023e-02, 1.82565034e-03, 9.12825170e-04, 4.56412585e-04,
       4.56412585e-04, 4.56412585e-04, 4.56412585e-04, 1.36923778e-03,
       1.36923778e-03, 0., 3.19488812e-03, 4.56412585e-04,
       1.82565034e-03, 9.12825170e-04, 2.28206301e-03, 2.28206301e-03,
       1.36923778e-03, 1.36923778e-03, 5.02053834e-03, 9.12825170e-04,
       3.19488812e-03, 1.82565034e-03, 9.12825170e-04, 0.,
       4.56412585e-04, 6.84618857e-03, 4.56412585e-04, 4.56412585e-04,
       1.36923778e-03, 3.65130068e-03, 9.12825170e-04, 9.12825170e-04,
       2.28206301e-03, 4.56412585e-04, 2.28206301e-03, 0.,
       4.10771323e-03, 2.28206301e-03, 0., 9.12825170e-04,
       1.36923778e-03, 4.56412585e-04, 9.12825170e-04, 1.82565034e-03,
       4.56412585e-04, 2.28206301e-03, 0., 9.12825170e-04,
       4.56412585e-04, 9.12825170e-04, 4.56412585e-04, 4.56412585e-04,
       1.36923778e-03, 9.12825170e-04, 0., 9.12825170e-04,
       1.36923778e-03, 4.56412585e-04, 1.82565034e-03, 0.,
       3.19488812e-03, 1.36923778e-03, 9.12825170e-04, 4.56412585e-04,
       9.12825170e-04, 4.56412585e-04, 1.36923778e-03, 0.,
       1.36923778e-03, 1.82565034e-03, 7.30260136e-03, 9.12825170e-04,
       2.73847557e-03, 1.36923778e-03, 9.12825170e-04, 0.,
       1.36923778e-03, 9.12825170e-04, 9.12825170e-04, 9.12825170e-04,
       3.19488812e-03, 2.73847557e-03, 4.56412585e-04, 1.82565034e-03,
       4.56412585e-04, 4.56412585e-04, 4.56412585e-04, 2.28206301e-03,
       1.36923778e-03, 3.19488812e-03, 4.10771323e-03, 3.19488812e-03,
       9.12825170e-04, 0., 4.56412585e-04, 4.56412602e-03,
       1.36923778e-03, 0., 9.12825170e-04, 1.36923778e-03,
       3.65130068e-03, 9.12825170e-04, 3.19488812e-03, 9.12825170e-04,
       1.36923778e-03, 4.10771323e-03, 1.82565034e-03, 2.28206301e-03,
       1.36923778e-03, 2.73847557e-03, 0., 1.36923778e-03,
       4.56412585e-04, 0., 1.36923778e-03, 0., 9.12825170e-04,
       4.56412585e-04, 1.36923778e-03, 1.36923778e-03, 0.,
       1.82565034e-03, 1.36923778e-03, 9.12825170e-04, 4.10771323e-03,
       9.12825170e-04, 9.12825170e-04, 1.36923778e-03, 9.12825170e-04,
       0., 1.36923778e-03, 0., 3.19488812e-03, 0., 2.73847557e-03,
       1.36923778e-03, 9.12825170e-04, 9.12825170e-04, 2.28206301e-03,
       1.36923778e-03, 2.28206301e-03, 9.12825170e-04, 3.19488812e-03,
       2.28206301e-03, 9.12825170e-04, 9.12825170e-04, 1.36923778e-03,
       1.36923778e-03, 4.56412585e-04, 0., 1.36923778e-03, 0.,
       9.12825170e-04, 9.12825170e-04, 1.82565034e-03, 0.,
       2.28206301e-03, 4.56412585e-04, 3.19488812e-03, 2.28206301e-03,
       1.82565034e-03, 9.12825170e-04, 4.56412585e-04, 9.12825170e-04,
       5.47695113e-03, 3.19488812e-03, 9.12825170e-04, 1.82565034e-03,
       1.36923778e-03, 0., 1.36923778e-03, 4.56412585e-04,
       1.36923778e-03, 4.56412585e-04, 2.28206301e-03, 0., 0.,
       1.36923778e-03, 9.12825170e-04, 3.19488812e-03, 9.12825170e-04,
       0., 2.28206301e-03, 4.56412585e-04, 9.12825170e-04,
       2.73847557e-03, 1.82565034e-03, 3.65130068e-03, 9.12825170e-04,
       1.36923778e-03, 9.12825170e-04, 1.82565034e-03, 2.28206301e-03,
       1.82565034e-03, 0., 9.12825170e-04, 4.56412585e-04,
       9.12825170e-04, 4.56412585e-04, 2.73847557e-03, 4.56412585e-04,
       1.82565034e-03, 9.12825170e-04, 9.12825170e-04, 4.56412585e-04,
       2.28206301e-03, 4.56412585e-04, 0., 1.82565034e-03,
       4.56412585e-04, 0., 9.12825170e-04, 0., 1.82565034e-03,
       1.82565034e-03, 4.56412585e-04, 2.73847557e-03, 1.82565034e-03,
       0., 4.56412585e-04, 4.56412585e-04, 1.82565034e-03,
       1.36923778e-03, 1.82565034e-03, 4.56412585e-04, 9.12825170e-04,
       4.56412585e-04, 2.28206301e-03, 4.56412585e-04, 1.82565034e-03,
       2.73847557e-03, 4.56412585e-04, 9.12825170e-04, 1.82565034e-03,
       0., 1.36923778e-03, 9.12825170e-04, 4.56412585e-04,
       2.28206301e-03, 4.56412585e-04, 1.36923778e-03, 4.56412585e-04,
       9.12825170e-04, 3.65130068e-03, 1.36923778e-03, 4.56412585e-04,
       9.12825170e-04, 9.12825170e-04, 9.12825170e-04, 0., 0.,
       4.56412585e-04, 1.36923778e-03, 0., 4.56412585e-04,
       1.82565034e-03, 0., 1.36923778e-03, 9.12825170e-04,
       1.82565034e-03, 9.12825170e-04, 4.56412585e-04, 9.12825170e-04,
       9.12825170e-04, 4.56412585e-04, 4.56412585e-04, 1.82565034e-03,
       0., 4.56412585e-04, 3.65130068e-03, 4.56412585e-04,
       4.56412585e-04, 1.36923778e-03, 2.28206301e-03, 0.,
       9.12825170e-04, 1.82565034e-03, 9.12825170e-04, 9.12825170e-04,
