%YAML:1.0
m25f: !!opencv-matrix
   rows: 1
   cols: 800
   dt: f
   data: [ 7.64526019e-04, 1.52905204e-03, 7.64526019e-04,
       1.52905204e-03, 1.52905204e-03, 0., 3.05810408e-03,
       4.58715623e-03, 5.35168219e-03, 1.52905204e-03, 2.29357812e-03,
       7.64526019e-04, 1.52905204e-03, 0., 0., 6.11620815e-03,
       7.64526019e-04, 7.64526019e-04, 1.52905204e-03, 1.52905204e-03,
       0., 3.05810408e-03, 2.29357812e-03, 7.64526019e-04,
       1.52905204e-03, 3.05810408e-03, 0., 2.29357812e-03,
       1.52905204e-03, 0., 3.82263004e-03, 0., 2.29357812e-03,
       7.64526019e-04, 3.05810408e-03, 1.52905204e-03, 7.64526019e-04,
       0., 1.52905204e-03, 9.93883796e-03, 7.64526019e-04, 0.,
       7.64526019e-04, 7.64526019e-04, 7.64526019e-04, 1.52905204e-03,
       0., 1.52905204e-03, 0., 7.64526019e-04, 7.64526019e-04,
       1.52905204e-03, 1.52905204e-03, 0., 1.52905204e-03,
       6.11620815e-03, 0., 7.64526019e-04, 1.52905204e-03, 0.,
       4.58715623e-03, 3.82263004e-03, 1.52905204e-03, 1.52905204e-03,
       7.64526019e-04, 7.64526019e-04, 0., 7.64526019e-04,
       7.64526019e-04, 1.52905204e-03, 2.29357812e-03, 7.64526019e-04,
       7.64526019e-04, 2.29357812e-03, 0., 0., 1.52905204e-03,
       2.29357812e-03, 7.64526019e-04, 2.29357812e-03, 1.52905204e-03,
       2.29357812e-03, 1.52905204e-03, 7.64526019e-04, 1.52905204e-03,
       3.05810408e-03, 7.64526019e-04, 5.35168219e-03, 0.,
       1.52905204e-03, 1.52905204e-03, 7.64526019e-04, 0., 0.,
       7.64526019e-04, 7.64526019e-04, 7.64526019e-04, 7.64526019e-04,
       3.82263004e-03, 1.52905204e-03, 7.64526019e-04, 2.29357812e-03,
       1.52905204e-03, 5.35168219e-03, 7.64526019e-04, 0.,
       7.64526019e-04, 2.29357812e-03, 2.29357812e-03, 7.64526019e-04,
       1.52905204e-03, 7.64526019e-04, 1.52905204e-03, 7.64526019e-04,
       3.05810408e-03, 0., 0., 3.05810408e-03, 5.35168219e-03,
       6.88073412e-03, 7.64526019e-04, 7.64526019e-04, 0.,
       2.29357812e-03, 7.64526019e-04, 2.29357812e-03, 0., 0., 0.,
       7.64526019e-04, 2.29357812e-03, 8.40978604e-03, 1.52905204e-03,
       0., 0., 0., 0., 1.52905204e-03, 3.05810408e-03, 7.64526019e-04,
       7.64526019e-04, 7.64526019e-04, 7.64526019e-04, 0.,
       6.11620815e-03, 0., 7.64526019e-04, 0., 7.64526019e-04, 0.,
       7.64526019e-04, 3.05810408e-03, 1.52905204e-03, 2.29357812e-03,
       7.64526019e-04, 0., 7.64526019e-04, 6.88073412e-03,
       2.29357812e-03, 1.52905204e-03, 1.52905204e-03, 7.64526019e-04,
       1.52905204e-03, 0., 0., 7.64526019e-04, 7.64526019e-04, 0.,
       1.52905204e-03, 7.64526019e-04, 1.52905204e-03, 0., 0.,
       2.29357812e-03, 1.52905204e-03, 2.29357812e-03, 0.,
       3.05810408e-03, 0., 3.05810408e-03, 7.64526019e-04,
       2.29357812e-03, 0., 1.52905204e-03, 3.05810408e-03,
       1.52905204e-03, 7.64526019e-04, 2.29357812e-03, 0.,
       7.64526019e-04, 0., 2.29357812e-03, 7.64526008e-03,
       7.64526019e-04, 7.64526019e-04, 0., 3.05810408e-03,
       6.11620815e-03, 0., 0., 7.64526019e-04, 0., 0., 0.,
       3.05810408e-03, 1.52905204e-03, 1.52905204e-03, 2.29357812e-03,
       7.64526019e-04, 7.64526019e-04, 7.64526019e-04, 0., 0., 0.,
       7.64526019e-04, 7.64526019e-04, 3.05810408e-03, 7.64526019e-04,
       6.88073412e-03, 7.64526019e-04, 1.52905204e-03, 1.52905204e-03,
       7.64526019e-04, 0., 1.52905204e-03, 7.64526019e-04, 0.,
       7.64526019e-04, 7.64526019e-04, 2.29357812e-03, 7.64526019e-04,
       7.64526019e-04, 0., 1.52905204e-03, 7.64526019e-04,
       3.82263004e-03, 1.52905204e-03, 1.52905204e-03, 1.52905204e-03,
       0., 2.29357812e-03, 7.64526019e-04, 2.29357812e-03, 0.,
       2.29357812e-03, 0., 7.64526019e-04, 1.52905204e-03,
       1.52905204e-03, 7.64526019e-04, 0., 1.52905204e-03, 0.,
       7.64526019e-04, 0., 7.64526019e-04, 0., 0., 1.52905204e-03,
       1.52905204e-03, 0., 0., 0., 7.64526019e-04, 0., 0.,
       7.64526019e-04, 0., 0., 7.64526019e-04, 1.52905204e-03,
       7.64526019e-04, 3.82263004e-03, 1.52905204e-03, 2.29357812e-03,
       7.64526019e-04, 0., 7.64526019e-04, 1.52905204e-03,
       1.52905204e-03, 1.52905204e-03, 1.52905204e-03, 0.,
       1.52905204e-03, 7.64526019e-04, 7.64526019e-04, 7.64526019e-04,
       0., 7.64526019e-04, 0., 0., 0., 2.29357812e-03, 7.64526019e-04,
       1.07033644e-02, 1.52905204e-03, 2.29357812e-03, 7.64526019e-04,
       7.64526019e-04, 7.64526019e-04, 1.52905204e-03, 7.64526019e-04,
       7.64526019e-04, 7.64526019e-04, 0., 0., 2.29357812e-03, 0., 0.,
       7.64526019e-04, 9.93883796e-03, 7.64526019e-04, 1.52905204e-03,
       2.29357812e-03, 0., 1.52905204e-03, 7.64526019e-04, 0.,
       4.58715623e-03, 7.64526019e-04, 1.52905204e-03, 2.29357812e-03,
       1.52905204e-03, 0., 3.05810408e-03, 1.52905204e-03, 0., 0.,
       1.52905204e-03, 0., 7.64526019e-04, 0., 7.64526019e-04, 0.,
       1.52905204e-03, 0., 7.64526019e-04, 3.05810408e-03,
       7.64526019e-04, 0., 7.64526019e-04, 1.52905204e-03,
       7.64526019e-04, 2.29357812e-03, 0., 3.05810408e-03,
       7.64526019e-04, 0., 0., 0., 2.29357812e-03, 0., 0.,
       7.64526019e-04, 1.52905204e-03, 1.52905204e-03, 7.64526019e-04,
       1.52905204e-03, 7.64526019e-04, 0., 0., 0., 1.52905204e-03, 0.,
       7.64526019e-04, 7.64526019e-04, 0., 3.82263004e-03,
       7.64526019e-04, 7.64526019e-04, 7.64526019e-04, 1.52905204e-03,
       3.05810408e-03, 7.64526019e-04, 0., 7.64526019e-04,
       1.52905204e-03, 0., 3.05810408e-03, 1.52905204e-03, 0.,
       7.64526019e-04, 7.64526019e-04, 0., 3.05810408e-03, 0., 0.,
       1.52905204e-03, 5.35168219e-03, 1.52905204e-03, 0.,
       2.29357812e-03, 3.05810408e-03, 3.82263004e-03, 2.29357812e-03,
       1.52905204e-03, 1.52905204e-03, 7.64526019e-04, 0.,
       2.29357812e-03, 7.64526019e-04, 0., 7.64526019e-04,
       7.64526019e-04, 4.58715623e-03, 1.52905204e-03, 7.64526019e-04,
       1.52905204e-03, 3.82263004e-03, 1.52905204e-03, 6.11620815e-03,
       2.29357812e-03, 0., 1.52905204e-03, 7.64526019e-04,
       7.64526019e-04, 0., 0., 7.64526019e-04, 0., 0., 7.64526019e-04,
       1.52905204e-03, 2.29357812e-03, 2.29357812e-03, 0.,
       7.64526019e-04, 0., 7.64526019e-04, 0., 3.82263004e-03,
       7.64526019e-04, 2.29357812e-03, 7.64526019e-04, 7.64526019e-04,
       5.35168219e-03, 0., 0., 0., 0., 0., 7.64526019e-04,
       3.05810408e-03, 7.64526019e-04, 1.52905204e-03, 3.05810408e-03,
       7.64526019e-04, 2.29357812e-03, 4.58715623e-03, 7.64526019e-04,
       1.52905204e-03, 7.64526019e-04, 1.52905204e-03, 7.64526019e-04,
       0., 1.52905204e-03, 0., 0., 7.64526019e-04, 0., 7.64526019e-04,
       3.05810408e-03, 0., 7.64526019e-04, 3.82263004e-03,
       2.29357812e-03, 0., 1.52905204e-03, 2.29357812e-03, 0., 0., 0.,
       7.64526019e-04, 0., 7.64526019e-04, 7.64526019e-04,
       1.52905204e-03, 0., 2.29357812e-03, 7.64526019e-04,
       3.05810408e-03, 7.64526019e-04, 0., 0., 0., 2.29357812e-03,
       1.52905204e-03, 1.52905204e-03, 1.52905204e-03, 0., 0., 0.,
       7.64526019e-04, 7.64526019e-04, 7.64526019e-04, 7.64526019e-04,
       2.29357812e-03, 5.35168219e-03, 0., 7.64526019e-04,
       2.29357812e-03, 7.64526019e-04, 0., 5.35168219e-03, 0.,
       7.64526019e-04, 1.52905204e-03, 1.52905204e-03, 7.64526019e-04,
       3.05810408e-03, 0., 8.40978604e-03, 0., 7.64526019e-04, 0., 0.,
       0., 1.52905204e-03, 0., 1.52905204e-03, 0., 0., 7.64526019e-04,
       7.64526008e-03, 4.58715623e-03, 0., 0., 7.64526019e-04, 0.,
       2.29357812e-03, 2.29357812e-03, 7.64526019e-04, 1.52905204e-03,
       0., 0., 7.64526019e-04, 0., 2.29357812e-03, 3.05810408e-03,
       2.29357812e-03, 1.52905204e-03, 0., 2.29357812e-03,
       1.52905204e-03, 7.64526019e-04, 7.64526019e-04, 0., 0., 0.,
       7.64526019e-04, 1.52905204e-03, 1.52905204e-03, 0., 0.,
       1.52905204e-03, 7.64526019e-04, 7.64526019e-04, 0.,
       2.29357812e-03, 0., 7.64526019e-04, 0., 7.64526019e-04, 0.,
       4.58715623e-03, 7.64526019e-04, 3.05810408e-03, 7.64526019e-04,
