%YAML:1.0
m25f: !!opencv-matrix
   rows: 1
   cols: 800
   dt: f
   data: [ 1.30095403e-03, 1.30095403e-03, 3.03555955e-03,
       1.73460541e-03, 1.30095403e-03, 0., 8.67302704e-04,
       2.16825679e-03, 0., 1.73460541e-03, 4.33651352e-04,
       8.67302704e-04, 2.60190805e-03, 1.30095403e-03, 5.20381611e-03,
       8.67302704e-04, 1.30095403e-03, 4.33651352e-04, 4.33651352e-04,
       2.16825679e-03, 4.33651352e-04, 2.16825679e-03, 2.16825679e-03,
       1.30095403e-03, 8.67302704e-04, 8.67302704e-04, 2.16825679e-03,
       1.30095403e-03, 0., 3.46921082e-03, 4.33651352e-04,
       4.33651352e-04, 2.16825679e-03, 4.33651352e-04, 8.67302704e-04,
       3.03555955e-03, 0., 4.33651352e-04, 8.67302704e-04,
       4.33651352e-04, 2.60190805e-03, 2.60190805e-03, 2.16825679e-03,
       4.33651352e-04, 1.73460541e-03, 2.60190805e-03, 8.67302704e-04,
       2.16825679e-03, 1.30095403e-03, 4.33651352e-04, 1.30095403e-03,
       8.67302704e-04, 4.33651352e-04, 2.16825679e-03, 8.67302704e-04,
       8.67302704e-04, 8.67302704e-04, 2.16825679e-03, 1.73460541e-03,
       2.16825679e-03, 4.33651352e-04, 0., 4.33651352e-04,
       1.30095403e-03, 1.73460541e-03, 2.60190805e-03, 4.77016484e-03,
       0., 0., 4.33651352e-04, 3.90286208e-03, 8.67302704e-04, 0.,
       4.33651352e-04, 2.16825679e-03, 8.67302704e-04, 0., 0.,
       1.30095403e-03, 2.16825679e-03, 0., 1.73460541e-03,
       4.33651352e-04, 0., 0., 3.03555955e-03, 3.46921082e-03,
       2.60190805e-03, 8.67302704e-04, 1.30095403e-03, 1.73460541e-03,
       4.33651352e-04, 1.30095403e-03, 0., 0., 2.16825679e-03,
       1.30095403e-03, 1.30095403e-03, 8.67302704e-04, 1.30095403e-03,
       8.67302704e-04, 1.30095403e-03, 4.33651352e-04, 1.30095403e-03,
       4.33651352e-04, 8.67302704e-04, 1.30095403e-03, 4.33651352e-04,
       2.16825679e-03, 1.73460541e-03, 2.60190805e-03, 1.30095403e-03,
       4.77016484e-03, 1.30095403e-03, 4.33651352e-04, 4.33651352e-04,
       6.93842163e-03, 4.33651352e-04, 8.67302704e-04, 1.73460541e-03,
       8.67302704e-04, 2.60190805e-03, 1.30095403e-03, 4.33651352e-04,
       0., 8.67302704e-04, 2.16825679e-03, 4.33651352e-04,
       4.33651352e-04, 4.33651352e-04, 4.33651352e-04, 1.30095403e-03,
       5.63746737e-03, 1.73460541e-03, 2.16825679e-03, 2.16825679e-03,
       2.16825679e-03, 8.67302704e-04, 1.73460541e-03, 4.33651352e-04,
       4.33651352e-04, 1.73460541e-03, 8.67302704e-04, 4.33651352e-04,
       4.33651352e-04, 8.67302704e-04, 8.67302704e-04, 4.33651352e-04,
       0., 1.30095403e-03, 1.73460541e-03, 8.67302704e-04,
       2.16825679e-03, 1.30095403e-03, 1.30095403e-03, 0.,
       8.67302704e-04, 2.16825679e-03, 1.73460541e-03, 0.,
       1.30095403e-03, 3.90286208e-03, 1.30095403e-03, 8.67302704e-04,
       2.16825679e-03, 0., 4.33651352e-04, 1.30095403e-03,
       8.67302704e-04, 0., 1.30095403e-03, 8.67302704e-04,
       3.03555955e-03, 0., 4.33651352e-04, 4.33651352e-04,
       4.33651352e-04, 1.30095403e-03, 2.16825679e-03, 1.30095403e-03,
       0., 1.30095403e-03, 0., 0., 8.67302704e-04, 8.67302704e-04,
       4.33651352e-04, 4.33651352e-04, 8.67302704e-04, 8.67302704e-04,
       2.60190805e-03, 1.73460541e-03, 5.20381611e-03, 4.33651352e-04,
       1.73460541e-03, 0., 8.67302704e-04, 1.30095403e-03,
       1.30095403e-03, 0., 3.90286208e-03, 1.73460541e-03,
       8.67302704e-04, 3.46921082e-03, 4.33651352e-04, 4.33651352e-04,
       1.30095403e-03, 2.60190805e-03, 4.33651352e-04, 0.,
       2.60190805e-03, 8.67302704e-04, 8.67302704e-04, 0., 0.,
       3.90286208e-03, 8.67302704e-04, 2.16825679e-03, 2.60190805e-03,
       3.03555955e-03, 3.90286208e-03, 4.77016484e-03, 1.73460541e-03,
       8.67302704e-04, 1.73460541e-03, 4.33651352e-04, 1.30095403e-03,
       1.30095403e-03, 4.33651352e-04, 1.30095403e-03, 3.03555955e-03,
       2.60190805e-03, 4.33651352e-04, 1.30095403e-03, 1.73460541e-03,
       0., 0., 2.60190805e-03, 1.30095403e-03, 0., 8.67302704e-04,
       1.30095403e-03, 4.33651352e-04, 4.33651352e-04, 4.33651352e-04,
       2.60190805e-03, 4.77016484e-03, 8.67302704e-04, 4.33651352e-04,
       1.73460541e-03, 5.63746737e-03, 2.16825679e-03, 8.67302704e-04,
       0., 0., 5.63746737e-03, 1.73460541e-03, 1.73460541e-03,
       3.46921082e-03, 8.67302704e-04, 8.67302704e-04, 8.67302704e-04,
       4.33651352e-04, 4.33651352e-04, 4.33651352e-04, 1.30095403e-03,
       4.33651352e-04, 0., 0., 1.73460541e-03, 8.67302704e-04,
       1.73460541e-03, 4.33651352e-04, 4.33651352e-04, 1.30095403e-03,
       0., 4.33651352e-04, 8.67302704e-04, 1.30095403e-03,
       2.16825679e-03, 8.67302704e-04, 4.33651352e-04, 1.73460541e-03,
       8.67302704e-04, 1.30095403e-03, 0., 8.67302704e-04,
       4.33651352e-04, 0., 6.07111910e-03, 4.33651352e-04,
       3.03555955e-03, 0., 1.30095403e-03, 1.73460541e-03,
       4.33651352e-04, 0., 1.30095403e-03, 1.30095403e-03, 0.,
       8.67302704e-04, 1.73460541e-03, 1.73460541e-03, 2.60190805e-03,
       4.33651352e-04, 0., 8.67302704e-04, 8.67302704e-04,
       2.60190805e-03, 4.33651352e-04, 4.77016484e-03, 4.33651358e-03,
       6.93842163e-03, 0., 0., 4.33651352e-04, 0., 2.16825679e-03,
       4.33651352e-04, 0., 1.30095403e-03, 2.16825679e-03,
       4.33651352e-04, 1.73460541e-03, 2.60190805e-03, 1.30095403e-03,
       1.73460541e-03, 8.67302704e-04, 1.73460541e-03, 1.30095403e-03,
       3.03555955e-03, 0., 8.67302704e-04, 0., 0., 8.67302704e-04,
       1.73460541e-03, 1.73460541e-03, 1.73460541e-03, 0.,
       1.30095403e-03, 4.33651352e-04, 2.16825679e-03, 1.73460541e-03,
       8.67302704e-04, 0., 4.33651352e-04, 1.30095403e-03,
       4.33651352e-04, 1.30095403e-03, 1.73460541e-03, 1.73460541e-03,
       0., 4.33651358e-03, 4.33651352e-04, 8.67302704e-04,
       2.60190805e-03, 1.30095403e-03, 1.73460541e-03, 1.30095403e-03,
       8.67302704e-04, 1.30095403e-03, 8.67302704e-04, 8.67302704e-04,
       8.67302704e-04, 4.33651352e-04, 1.30095403e-03, 4.33651352e-04,
       1.73460541e-03, 4.33651352e-04, 1.30095403e-03, 2.16825679e-03,
       0., 2.16825679e-03, 1.73460541e-03, 4.33651352e-04, 0.,
       4.33651352e-04, 4.33651352e-04, 1.73460541e-03, 8.67302704e-04,
       1.73460541e-03, 4.33651352e-04, 2.16825679e-03, 8.67302704e-04,
       8.67302704e-04, 2.60190805e-03, 8.67302704e-04, 1.73460541e-03,
       3.03555955e-03, 4.33651352e-04, 1.30095403e-03, 4.33651352e-04,
       1.73460541e-03, 8.67302704e-04, 1.73460541e-03, 4.33651352e-04,
       4.33651352e-04, 4.33651352e-04, 2.16825679e-03, 2.16825679e-03,
       1.30095403e-03, 4.33651352e-04, 1.73460541e-03, 1.30095403e-03,
       3.46921082e-03, 1.30095403e-03, 8.67302704e-04, 2.16825679e-03,
       4.33651352e-04, 0., 1.73460541e-03, 0., 1.73460541e-03,
       4.33651352e-04, 0., 8.67302704e-04, 0., 0., 1.30095403e-03,
       2.16825679e-03, 0., 1.30095403e-03, 1.30095403e-03,
       3.46921082e-03, 8.67302704e-04, 4.33651358e-03, 2.16825679e-03,
       0., 4.33651352e-04, 8.67302704e-04, 0., 1.73460541e-03,
       1.30095403e-03, 8.67302704e-04, 2.60190805e-03, 0.,
       4.33651352e-04, 1.73460541e-03, 8.67302704e-04, 8.67302704e-04,
       1.30095403e-03, 0., 3.03555955e-03, 4.33651352e-04, 0., 0.,
       8.67302704e-04, 1.73460541e-03, 4.33651352e-04, 8.67302704e-04,
       8.67302704e-04, 1.30095403e-03, 2.60190805e-03, 2.16825679e-03,
       2.60190805e-03, 8.67302704e-04, 1.73460541e-03, 1.30095403e-03,
       8.67302704e-04, 8.67302704e-04, 0., 2.60190805e-03, 0.,
       2.16825679e-03, 4.33651352e-04, 1.73460541e-03, 3.03555955e-03,
       1.30095403e-03, 1.30095403e-03, 1.30095403e-03, 1.30095403e-03,
       6.50477037e-03, 4.33651352e-04, 8.67302704e-04, 4.33651352e-04,
       8.67302704e-04, 8.67302704e-04, 2.16825679e-03, 8.67302704e-04,
       4.33651352e-04, 1.30095403e-03, 2.16825679e-03, 2.60190805e-03,
       8.67302704e-04, 4.33651352e-04, 3.90286208e-03, 0., 0.,
       1.30095403e-03, 2.60190805e-03, 1.73460541e-03, 1.73460541e-03,
       4.33651352e-04, 4.33651352e-04, 4.33651352e-04, 4.33651352e-04,
