%YAML:1.0
m25f: !!opencv-matrix
   rows: 1
   cols: 800
   dt: f
   data: [ 0., 2.54823454e-03, 1.82016753e-03, 7.28067011e-04,
       1.45613402e-03, 2.18420103e-03, 2.18420103e-03, 1.09210052e-03,
       3.64033505e-04, 7.28067011e-04, 7.28067011e-04, 1.09210052e-03,
       2.18420103e-03, 1.82016753e-03, 7.28067011e-04, 1.09210052e-03,
       3.64033505e-04, 3.64033505e-04, 1.09210052e-03, 1.09210052e-03,
       3.64033505e-04, 1.09210052e-03, 7.28067011e-04, 7.28067011e-04,
       5.82453609e-03, 7.28067011e-04, 3.64033505e-04, 2.91226804e-03,
       7.28067011e-04, 3.64033505e-04, 0., 2.18420103e-03,
       1.45613402e-03, 0., 1.09210052e-03, 3.64033505e-04,
       1.09210052e-03, 1.09210052e-03, 2.54823454e-03, 3.64033505e-04,
       3.64033505e-04, 1.82016753e-03, 7.28067011e-04, 7.28067011e-04,
       2.91226804e-03, 1.82016753e-03, 1.45613402e-03, 2.54823454e-03,
       1.45613402e-03, 2.91226804e-03, 7.28067011e-04, 3.64033505e-04,
       1.45613402e-03, 1.45613402e-03, 1.45613402e-03, 1.45613402e-03,
       6.18856959e-03, 3.64033505e-04, 3.64033505e-04, 3.64033505e-04,
       3.64033505e-04, 1.82016753e-03, 1.45613402e-03, 1.09210052e-03,
       1.09210052e-03, 1.45613402e-03, 7.28067011e-04, 1.82016753e-03,
       7.28067011e-04, 3.27630155e-03, 1.45613402e-03, 1.45613402e-03,
       1.82016753e-03, 7.28067011e-04, 1.82016753e-03, 1.45613402e-03,
       1.45613402e-03, 1.45613402e-03, 1.82016753e-03, 2.54823454e-03,
       1.82016753e-03, 1.09210052e-03, 7.28067011e-04, 0.,
       7.28067011e-04, 2.18420103e-03, 3.64033505e-04, 1.82016753e-03,
       1.45613402e-03, 2.18420103e-03, 3.64033505e-04, 7.28067011e-04,
       3.64033505e-04, 7.28067011e-04, 2.54823454e-03, 1.09210052e-03,
       7.28067011e-04, 7.28067011e-04, 1.09210052e-03, 2.91226804e-03,
       1.09210052e-03, 0., 1.09210052e-03, 3.27630155e-03,
       1.09210052e-03, 7.28067011e-04, 1.45613402e-03, 2.18420103e-03,
       2.18420103e-03, 0., 7.28067011e-04, 1.45613402e-03,
       3.64033505e-04, 1.82016753e-03, 1.45613402e-03, 1.45613402e-03,
       1.82016753e-03, 3.64033505e-04, 9.10083763e-03, 1.82016753e-03,
       1.45613402e-03, 0., 1.09210052e-03, 0., 0., 1.09210052e-03,
       3.64033505e-04, 1.09210052e-03, 1.09210052e-03, 1.09210052e-03,
       1.82016753e-03, 2.91226804e-03, 2.18420103e-03, 7.28067011e-04,
       7.28067011e-04, 3.64033505e-03, 1.45613402e-03, 7.28067011e-04,
       1.09210052e-03, 7.28067011e-04, 7.28067011e-04, 2.18420103e-03,
       1.82016753e-03, 2.91226804e-03, 1.09210052e-03, 2.54823454e-03,
       3.64033505e-04, 3.64033505e-04, 1.09210052e-03, 7.28067011e-04,
       0., 1.09210052e-03, 7.28067011e-04, 1.09210052e-03,
       1.09210052e-03, 1.82016753e-03, 7.28067011e-04, 7.28067011e-04,
       7.28067011e-04, 0., 7.28067011e-04, 1.09210052e-03,
       2.18420103e-03, 7.28067011e-04, 0., 1.82016753e-03,
       3.64033505e-04, 3.64033505e-04, 4.73243557e-03, 7.28067011e-04,
       7.28067011e-04, 1.82016753e-03, 1.09210052e-03, 7.28067011e-04,
       3.64033505e-04, 1.09210052e-03, 1.45613402e-03, 5.82453609e-03,
       7.28067011e-04, 1.45613402e-03, 2.18420103e-03, 3.64033505e-04,
       1.82016753e-03, 1.45613402e-03, 1.09210052e-03, 1.09210052e-03,
       7.28067011e-04, 0., 3.64033505e-04, 0., 7.28067011e-04,
       3.64033505e-04, 1.82016753e-03, 1.45613402e-03, 7.28067011e-04,
       1.82016753e-03, 3.64033505e-04, 1.82016753e-03, 1.82016753e-03,
       1.09210052e-03, 1.82016753e-03, 1.45613402e-03, 1.45613402e-03,
       5.82453609e-03, 1.82016753e-03, 7.28067011e-04, 7.28067011e-04,
       3.64033505e-04, 1.45613402e-03, 7.28067011e-04, 2.18420103e-03,
       1.09210052e-03, 1.09210052e-03, 3.64033505e-04, 1.09210052e-03,
       2.54823454e-03, 1.45613402e-03, 7.28067011e-04, 7.28067011e-04,
       1.09210052e-03, 7.28067011e-04, 1.09210052e-03, 7.28067011e-04,
       1.45613402e-03, 2.18420103e-03, 2.91226804e-03, 1.09210052e-03,
       3.64033505e-04, 1.09210052e-03, 4.36840206e-03, 1.82016753e-03,
       1.09210052e-03, 3.64033505e-04, 2.18420103e-03, 7.28067011e-04,
       1.09210052e-03, 1.82016753e-03, 7.28067011e-04, 1.45613402e-03,
       3.64033505e-04, 7.28067011e-04, 0., 3.64033505e-04,
       5.82453609e-03, 1.09210052e-03, 1.09210052e-03, 3.27630155e-03,
       3.27630155e-03, 1.82016753e-03, 1.09210052e-03, 1.09210052e-03,
       1.09210052e-03, 1.09210052e-03, 1.09210052e-03, 7.28067011e-04,
       0., 3.64033505e-04, 2.54823454e-03, 1.45613402e-03,
       1.09210052e-03, 2.91226804e-03, 2.54823454e-03, 1.09210052e-03,
       1.09210052e-03, 3.64033505e-04, 7.28067011e-04, 1.82016753e-03,
       3.27630155e-03, 7.28067011e-04, 7.28067011e-04, 2.18420103e-03,
       1.09210052e-03, 1.82016753e-03, 0., 7.28067011e-04,
       1.45613402e-03, 1.45613402e-03, 1.45613402e-03, 3.64033505e-04,
       1.45613402e-03, 5.46050258e-03, 1.09210052e-03, 1.45613402e-03,
       7.28067011e-04, 3.64033505e-04, 1.82016753e-03, 1.45613402e-03,
       1.45613402e-03, 0., 1.09210052e-03, 1.82016753e-03,
       3.64033505e-04, 7.28067011e-04, 1.09210052e-03, 1.09210052e-03,
       1.09210052e-03, 1.82016753e-03, 7.28067011e-04, 1.82016753e-03,
       1.45613402e-03, 7.28067011e-04, 7.28067011e-04, 0.,
       7.28067011e-04, 1.45613402e-03, 7.28067011e-04, 1.09210052e-03,
       1.09210052e-03, 1.09210052e-03, 3.64033505e-03, 1.09210052e-03,
       7.28067011e-04, 0., 1.09210052e-03, 1.45613402e-03,
       2.18420103e-03, 0., 7.28067011e-04, 1.09210052e-03,
       1.45613402e-03, 7.28067011e-04, 7.28067011e-04, 1.09210052e-03,
       3.64033505e-04, 7.28067011e-04, 1.09210052e-03, 0.,
       1.45613402e-03, 2.91226804e-03, 2.18420103e-03, 2.54823454e-03,
       7.28067011e-04, 1.09210052e-03, 2.18420103e-03, 0.,
       1.45613402e-03, 2.54823454e-03, 1.45613402e-03, 3.64033505e-04,
       1.09210052e-03, 7.28067011e-04, 7.28067011e-04, 1.82016753e-03,
       3.64033505e-04, 3.64033505e-04, 1.45613402e-03, 1.09210052e-03,
       1.45613402e-03, 1.09210052e-03, 1.82016753e-03, 1.45613402e-03,
       0., 3.64033505e-04, 2.18420103e-03, 1.82016753e-03,
       2.54823454e-03, 1.09210052e-03, 3.64033505e-04, 3.64033505e-04,
       2.18420103e-03, 3.64033505e-04, 3.64033505e-04, 3.64033505e-04,
       7.28067011e-04, 3.64033505e-04, 2.18420103e-03, 3.64033505e-04,
       1.09210052e-03, 7.28067011e-04, 2.54823454e-03, 1.45613402e-03,
       0., 7.28067011e-04, 7.28067011e-04, 1.82016753e-03,
       3.64033505e-04, 3.64033505e-04, 7.28067011e-04, 2.54823454e-03,
       7.28067011e-04, 1.45613402e-03, 1.45613402e-03, 1.82016753e-03,
       0., 6.18856959e-03, 1.82016753e-03, 7.28067011e-04,
       1.82016753e-03, 2.18420103e-03, 1.82016753e-03, 7.28067011e-04,
       1.09210052e-03, 1.82016753e-03, 4.36840206e-03, 2.18420103e-03,
       1.09210052e-03, 3.64033505e-04, 7.28067011e-04, 1.45613402e-03,
       1.09210052e-03, 7.28067011e-04, 1.82016753e-03, 1.82016753e-03,
       7.28067011e-04, 1.09210052e-03, 1.09210052e-03, 1.09210052e-03,
       2.18420103e-03, 1.82016753e-03, 3.64033505e-04, 1.82016753e-03,
       7.28067011e-04, 2.91226804e-03, 0., 1.09210052e-03,
       3.64033505e-03, 3.64033505e-04, 7.28067011e-04, 1.09210052e-03,
       2.18420103e-03, 2.54823454e-03, 1.45613402e-03, 1.09210052e-03,
       1.82016753e-03, 1.45613402e-03, 7.28067011e-04, 3.64033505e-04,
       1.09210052e-03, 1.82016753e-03, 1.09210052e-03, 1.45613402e-03,
       7.28067011e-04, 3.64033505e-04, 1.09210052e-03, 1.82016753e-03,
       2.18420103e-03, 1.45613402e-03, 1.09210052e-03, 2.18420103e-03,
       1.09210052e-03, 1.45613402e-03, 0., 3.64033505e-04,
       2.18420103e-03, 1.09210052e-03, 1.09210052e-03, 1.82016753e-03,
       2.54823454e-03, 1.09210052e-03, 1.82016753e-03, 2.18420103e-03,
       0., 2.18420103e-03, 1.45613402e-03, 1.45613402e-03,
       1.45613402e-03, 1.09210052e-03, 3.64033505e-04, 7.28067011e-04,
       1.09210052e-03, 3.64033505e-04, 1.45613402e-03, 7.28067011e-04,
       0., 1.45613402e-03, 0., 1.82016753e-03, 7.28067011e-04,
