%YAML:1.0
m25f: !!opencv-matrix
   rows: 1
   cols: 800
   dt: f
   data: [ 1.36239780e-03, 1.81653048e-03, 2.27066316e-03,
       9.08265240e-04, 2.27066316e-03, 4.54132620e-04, 2.27066316e-03,
       1.81653048e-03, 4.54132620e-04, 1.36239780e-03, 4.54132620e-04,
       1.81653048e-03, 2.72479560e-03, 1.36239780e-03, 4.54132631e-03,
       9.08265240e-04, 1.81653048e-03, 3.17892828e-03, 1.36239780e-03,
       1.81653048e-03, 4.54132620e-04, 9.08265240e-04, 1.36239780e-03,
       1.36239780e-03, 4.54132620e-04, 0., 2.27066316e-03,
       1.36239780e-03, 4.54132620e-04, 4.08719340e-03, 0.,
       4.54132620e-04, 2.72479560e-03, 9.08265240e-04, 4.54132620e-04,
       3.17892828e-03, 4.54132620e-04, 4.54132620e-04, 2.27066316e-03,
       9.08265240e-04, 2.27066316e-03, 0., 1.81653048e-03,
       4.54132620e-04, 1.81653048e-03, 2.27066316e-03, 2.27066316e-03,
       3.63306096e-03, 1.36239780e-03, 4.54132620e-04, 9.08265240e-04,
       3.17892828e-03, 1.36239780e-03, 1.36239780e-03, 2.27066316e-03,
       9.08265240e-04, 9.08265240e-04, 2.27066316e-03, 3.17892828e-03,
       1.81653048e-03, 9.08265240e-04, 0., 0., 9.08265240e-04,
       9.08265240e-04, 4.54132620e-04, 5.90372412e-03, 0., 0., 0.,
       2.72479560e-03, 9.08265240e-04, 0., 4.54132620e-04,
       2.72479560e-03, 1.36239780e-03, 0., 0., 9.08265240e-04,
       9.08265240e-04, 0., 1.81653048e-03, 0., 4.54132620e-04,
       9.08265240e-04, 2.27066316e-03, 3.17892828e-03, 2.72479560e-03,
       4.54132620e-04, 1.36239780e-03, 1.81653048e-03, 9.08265240e-04,
       4.54132620e-04, 0., 0., 1.36239780e-03, 1.81653048e-03,
       9.08265240e-04, 1.36239780e-03, 9.08265240e-04, 4.54132620e-04,
       1.36239780e-03, 0., 1.36239780e-03, 0., 9.08265240e-04,
       1.81653048e-03, 4.54132620e-04, 9.08265240e-04, 3.63306096e-03,
       2.72479560e-03, 1.36239780e-03, 4.54132631e-03, 1.36239780e-03,
       4.54132620e-04, 1.36239780e-03, 6.35785656e-03, 4.54132620e-04,
       9.08265240e-04, 2.72479560e-03, 9.08265240e-04, 9.08265240e-04,
       9.08265240e-04, 1.36239780e-03, 0., 0., 2.72479560e-03, 0.,
       9.08265240e-04, 0., 4.54132620e-04, 9.08265240e-04,
       4.54132631e-03, 1.36239780e-03, 4.54132620e-04, 9.08265240e-04,
       1.81653048e-03, 9.08265240e-04, 1.36239780e-03, 9.08265240e-04,
       2.72479560e-03, 2.27066316e-03, 0., 4.54132620e-04,
       9.08265240e-04, 4.54132620e-04, 9.08265240e-04, 4.54132620e-04,
       0., 1.36239780e-03, 9.08265240e-04, 0., 3.17892828e-03,
       4.54132620e-04, 9.08265240e-04, 4.54132620e-04, 4.54132620e-04,
       1.81653048e-03, 1.36239780e-03, 9.08265240e-04, 4.54132620e-04,
       3.63306096e-03, 2.27066316e-03, 4.54132620e-04, 9.08265240e-04,
       4.54132620e-04, 0., 1.81653048e-03, 9.08265240e-04, 0.,
       2.27066316e-03, 1.36239780e-03, 3.17892828e-03, 4.54132620e-04,
       9.08265240e-04, 4.54132620e-04, 9.08265240e-04, 1.36239780e-03,
       2.27066316e-03, 9.08265240e-04, 0., 2.27066316e-03, 0., 0.,
       9.08265240e-04, 1.36239780e-03, 4.54132620e-04, 4.54132620e-04,
       9.08265240e-04, 4.54132620e-04, 2.72479560e-03, 0.,
       4.54132631e-03, 9.08265240e-04, 1.36239780e-03, 0.,
       1.36239780e-03, 1.81653048e-03, 0., 4.54132620e-04,
       3.63306096e-03, 1.81653048e-03, 4.54132620e-04, 1.81653048e-03,
       0., 1.81653048e-03, 9.08265240e-04, 2.72479560e-03,
       4.54132620e-04, 4.54132620e-04, 1.81653048e-03, 0.,
       1.36239780e-03, 0., 4.54132620e-04, 1.81653048e-03,
       2.27066316e-03, 1.36239780e-03, 3.63306096e-03, 9.08265240e-04,
       3.17892828e-03, 5.90372412e-03, 3.17892828e-03, 9.08265240e-04,
       1.81653048e-03, 9.08265240e-04, 9.08265240e-04, 1.81653048e-03,
       9.08265240e-04, 9.08265240e-04, 1.81653048e-03, 2.72479560e-03,
       9.08265240e-04, 2.27066316e-03, 2.27066316e-03, 1.36239780e-03,
       9.08265240e-04, 2.72479560e-03, 9.08265240e-04, 0.,
       1.81653048e-03, 1.36239780e-03, 9.08265240e-04, 9.08265240e-04,
       0., 1.81653048e-03, 4.99545876e-03, 2.72479560e-03, 0.,
       2.72479560e-03, 3.17892828e-03, 1.36239780e-03, 9.08265240e-04,
       0., 0., 6.35785656e-03, 3.17892828e-03, 1.81653048e-03,
       2.27066316e-03, 9.08265240e-04, 9.08265240e-04, 1.36239780e-03,
       1.36239780e-03, 1.81653048e-03, 0., 2.72479560e-03, 0., 0., 0.,
       2.72479560e-03, 2.27066316e-03, 9.08265240e-04, 0., 0.,
       1.36239780e-03, 4.54132620e-04, 0., 1.36239780e-03,
       2.72479560e-03, 1.36239780e-03, 4.54132620e-04, 4.54132620e-04,
       2.72479560e-03, 4.54132620e-04, 4.54132620e-04, 4.54132620e-04,
       9.08265240e-04, 4.54132620e-04, 0., 7.72025436e-03,
       4.54132620e-04, 2.27066316e-03, 0., 0., 9.08265240e-04,
       4.54132620e-04, 0., 4.54132620e-04, 2.27066316e-03, 0., 0.,
       9.08265240e-04, 2.27066316e-03, 9.08265240e-04, 4.54132620e-04,
       0., 1.36239780e-03, 9.08265240e-04, 1.81653048e-03,
       9.08265240e-04, 4.08719340e-03, 4.08719340e-03, 7.26612192e-03,
       4.54132620e-04, 0., 4.54132620e-04, 0., 2.27066316e-03,
       4.54132620e-04, 0., 9.08265240e-04, 1.36239780e-03,
       1.36239780e-03, 1.81653048e-03, 2.27066316e-03, 9.08265240e-04,
       2.27066316e-03, 9.08265240e-04, 1.81653048e-03, 4.54132620e-04,
       9.08265240e-04, 0., 1.81653048e-03, 0., 4.54132620e-04,
       4.54132620e-04, 1.36239780e-03, 2.27066316e-03, 1.36239780e-03,
       0., 1.81653048e-03, 9.08265240e-04, 1.36239780e-03,
       9.08265240e-04, 9.08265240e-04, 0., 0., 1.36239780e-03,
       1.36239780e-03, 1.81653048e-03, 1.81653048e-03, 1.36239780e-03,
       0., 4.08719340e-03, 4.54132620e-04, 9.08265240e-04,
       1.81653048e-03, 1.81653048e-03, 1.81653048e-03, 9.08265240e-04,
       1.36239780e-03, 4.54132620e-04, 1.36239780e-03, 9.08265240e-04,
       1.36239780e-03, 1.36239780e-03, 4.54132620e-04, 9.08265240e-04,
       1.36239780e-03, 4.54132620e-04, 1.36239780e-03, 2.72479560e-03,
       0., 9.08265240e-04, 1.81653048e-03, 9.08265240e-04, 0.,
       1.36239780e-03, 0., 1.36239780e-03, 1.36239780e-03,
       2.72479560e-03, 4.54132620e-04, 2.27066316e-03, 2.72479560e-03,
       4.54132620e-04, 2.27066316e-03, 4.54132620e-04, 9.08265240e-04,
       2.27066316e-03, 0., 4.54132620e-04, 4.54132620e-04,
       3.17892828e-03, 1.81653048e-03, 2.72479560e-03, 9.08265240e-04,
       0., 1.81653048e-03, 9.08265240e-04, 1.36239780e-03,
       1.81653048e-03, 9.08265240e-04, 4.54132620e-04, 9.08265240e-04,
       4.08719340e-03, 3.17892828e-03, 9.08265240e-04, 2.27066316e-03,
       4.54132620e-04, 4.54132620e-04, 4.54132620e-04, 4.54132620e-04,
       9.08265240e-04, 0., 0., 1.36239780e-03, 4.54132620e-04, 0.,
       1.81653048e-03, 1.81653048e-03, 2.27066316e-03, 1.81653048e-03,
       1.81653048e-03, 3.63306096e-03, 9.08265240e-04, 1.36239780e-03,
       2.27066316e-03, 0., 4.54132620e-04, 9.08265240e-04,
       4.54132620e-04, 1.36239780e-03, 2.27066316e-03, 1.81653048e-03,
       1.36239780e-03, 4.54132620e-04, 4.54132620e-04, 0.,
       4.54132620e-04, 9.08265240e-04, 0., 9.08265240e-04,
       3.17892828e-03, 4.54132620e-04, 0., 0., 2.27066316e-03,
       4.54132620e-04, 9.08265240e-04, 1.36239780e-03, 9.08265240e-04,
       0., 2.72479560e-03, 3.17892828e-03, 2.72479560e-03,
       4.54132620e-04, 1.36239780e-03, 1.81653048e-03, 4.54132620e-04,
       9.08265240e-04, 0., 2.72479560e-03, 0., 9.08265240e-04,
       9.08265240e-04, 9.08265240e-04, 9.08265240e-04, 1.36239780e-03,
       9.08265240e-04, 1.36239780e-03, 1.36239780e-03, 5.44959120e-03,
       9.08265240e-04, 1.81653048e-03, 0., 1.36239780e-03,
       4.54132620e-04, 9.08265240e-04, 9.08265240e-04, 0.,
       2.27066316e-03, 1.36239780e-03, 4.54132620e-04, 4.54132620e-04,
       4.54132620e-04, 2.27066316e-03, 4.54132620e-04, 0.,
       9.08265240e-04, 2.27066316e-03, 4.54132620e-04, 4.54132620e-04,
       4.54132620e-04, 4.54132620e-04, 0., 0., 0., 1.81653048e-03, 0.,
       0., 0., 3.63306096e-03, 4.54132620e-04, 2.27066316e-03,
       1.36239780e-03, 1.81653048e-03, 2.27066316e-03, 0., 0.,
