%YAML:1.0
m25f: !!opencv-matrix
   rows: 1
   cols: 800
   dt: f
   data: [ 1.82648399e-03, 9.13241995e-04, 9.13241995e-04, 0.,
       2.73972610e-03, 0., 1.82648399e-03, 1.82648399e-03,
       3.65296798e-03, 0., 4.56620997e-04, 9.13241995e-04, 0.,
       9.13241995e-04, 4.56620997e-04, 1.36986305e-03, 9.13241995e-04,
       9.13241995e-04, 0., 1.36986305e-03, 9.13241995e-04,
       4.56620997e-04, 0., 9.13241995e-04, 1.82648399e-03,
       4.56620997e-04, 9.13241995e-04, 4.56620997e-04, 0.,
       1.36986305e-03, 1.36986305e-03, 1.82648399e-03, 2.73972610e-03,
       1.82648399e-03, 9.13241995e-04, 2.73972610e-03, 4.56620997e-04,
       9.13241995e-04, 4.56620997e-04, 0., 4.56620997e-04,
       2.28310493e-03, 1.82648399e-03, 4.56620997e-04, 4.56620997e-04,
       9.13241995e-04, 3.19634704e-03, 0., 4.56620997e-04, 0.,
       2.28310493e-03, 1.82648399e-03, 9.13241995e-04, 4.56620997e-04,
       4.56620997e-04, 1.36986305e-03, 1.36986305e-03, 4.56620997e-04,
       4.56620997e-04, 4.10958892e-03, 3.19634704e-03, 4.56620997e-04,
       1.36986305e-03, 0., 2.28310493e-03, 0., 1.36986305e-03,
       3.65296798e-03, 1.36986305e-03, 9.13241995e-04, 0.,
       2.28310493e-03, 0., 1.36986305e-03, 0., 0., 0., 4.56620997e-04,
       4.56620997e-04, 2.73972610e-03, 1.36986305e-03, 0.,
       1.82648399e-03, 4.56620997e-04, 9.13241995e-04, 9.13241995e-04,
       1.36986305e-03, 1.36986305e-03, 1.36986305e-03, 9.13241995e-04,
       0., 4.56620997e-04, 4.56620997e-04, 9.13241995e-04,
       5.02283080e-03, 1.36986305e-03, 4.10958892e-03, 9.13241995e-04,
       2.73972610e-03, 9.13241995e-04, 0., 1.82648399e-03,
       1.82648399e-03, 4.56620997e-04, 4.56620997e-04, 2.28310493e-03,
       9.13241995e-04, 3.65296798e-03, 0., 4.56620997e-04, 0.,
       2.28310493e-03, 9.13241995e-04, 2.28310493e-03, 5.02283080e-03,
       1.82648399e-03, 0., 2.28310493e-03, 4.56620997e-04,
       2.73972610e-03, 1.82648399e-03, 2.28310493e-03, 9.13241995e-04,
       3.65296798e-03, 0., 2.28310493e-03, 1.36986305e-03, 0.,
       2.28310493e-03, 1.36986305e-03, 4.56620997e-04, 1.82648399e-03,
       2.73972610e-03, 4.56620997e-04, 1.36986305e-03, 4.56620997e-04,
       3.19634704e-03, 9.13241995e-04, 1.82648399e-03, 2.73972610e-03,
       1.36986305e-03, 1.36986305e-03, 0., 9.13241995e-04,
       9.13241995e-04, 4.56620997e-04, 9.13241995e-04, 4.56620997e-04,
       1.36986305e-03, 9.13241995e-04, 0., 4.56620997e-04,
       1.36986305e-03, 4.56620997e-04, 1.36986305e-03, 4.56620986e-03,
       0., 4.56620997e-04, 1.82648399e-03, 1.36986305e-03,
       4.56620997e-04, 4.56620997e-04, 1.82648399e-03, 1.82648399e-03,
       0., 4.10958892e-03, 0., 4.56620997e-04, 9.13241995e-04,
       1.82648399e-03, 2.28310493e-03, 9.13241995e-04, 6.84931502e-03,
       9.13241995e-04, 1.82648399e-03, 4.56620997e-04, 9.13241995e-04,
       0., 1.36986305e-03, 1.36986305e-03, 0., 2.28310493e-03,
       4.56620997e-04, 2.28310493e-03, 9.13241995e-04, 1.36986305e-03,
       1.36986305e-03, 4.56620997e-04, 4.56620997e-04, 9.13241995e-04,
       4.56620997e-04, 9.13241995e-04, 1.36986305e-03, 3.19634704e-03,
       9.13241995e-04, 0., 9.13241995e-04, 1.82648399e-03,
       4.56620997e-04, 4.56620997e-04, 4.56620997e-04, 1.82648399e-03,
       0., 5.02283080e-03, 1.36986305e-03, 2.28310493e-03, 0.,
       1.36986305e-03, 1.82648399e-03, 1.36986305e-03, 4.56620997e-04,
       1.36986305e-03, 0., 0., 2.73972610e-03, 1.36986305e-03, 0.,
       1.82648399e-03, 3.19634704e-03, 2.28310493e-03, 1.82648399e-03,
       9.13241995e-04, 9.13241995e-04, 4.56620997e-04, 4.56620997e-04,
       9.13241995e-04, 0., 0., 1.36986305e-03, 0., 4.56620997e-04,
       3.19634704e-03, 4.56620997e-04, 0., 2.28310493e-03,
       4.56620997e-04, 2.28310493e-03, 1.36986305e-03, 2.28310493e-03,
       0., 4.56620997e-04, 4.56620997e-04, 4.56620997e-04,
       1.82648399e-03, 0., 0., 0., 1.82648399e-03, 9.13241995e-04,
       4.56620997e-04, 1.36986305e-03, 9.13241995e-04, 1.36986305e-03,
       2.73972610e-03, 0., 4.56620997e-04, 1.36986305e-03, 0.,
       1.36986305e-03, 1.82648399e-03, 1.82648399e-03, 2.28310493e-03,
       1.82648399e-03, 2.28310493e-03, 4.56620997e-04, 1.82648399e-03,
       0., 9.13241995e-04, 0., 1.36986305e-03, 9.13241995e-04, 0., 0.,
       0., 9.13241995e-04, 0., 1.36986305e-03, 9.13241995e-04,
       1.82648399e-03, 2.73972610e-03, 4.56620997e-04, 3.19634704e-03,
       2.73972610e-03, 1.36986305e-03, 0., 1.36986305e-03, 0.,
       2.28310493e-03, 0., 3.65296798e-03, 1.82648399e-03,
       1.82648399e-03, 1.36986305e-03, 1.82648399e-03, 0.,
       1.36986305e-03, 8.21917783e-03, 1.36986305e-03, 1.36986305e-03,
       0., 1.36986305e-03, 0., 2.28310493e-03, 1.82648399e-03,
       5.02283080e-03, 9.13241995e-04, 1.36986305e-03, 0.,
       1.36986305e-03, 9.13241995e-04, 2.28310493e-03, 4.56620997e-04,
       4.56620997e-04, 4.56620997e-04, 0., 9.13241995e-04,
       6.39269408e-03, 2.28310493e-03, 0., 1.82648399e-03,
       1.82648399e-03, 9.13241995e-04, 3.19634704e-03, 9.13241995e-04,
       4.56620997e-04, 1.36986305e-03, 9.13241995e-04, 4.56620997e-04,
       2.73972610e-03, 0., 1.36986305e-03, 0., 0., 0., 0.,
       9.13241995e-04, 2.73972610e-03, 4.56620997e-04, 4.56620986e-03,
       3.19634704e-03, 5.47945220e-03, 0., 1.82648399e-03,
       2.28310493e-03, 9.13241995e-04, 4.10958892e-03, 1.36986305e-03,
       4.56620997e-04, 1.36986305e-03, 0., 9.13241995e-04, 0.,
       4.56620997e-04, 1.82648399e-03, 3.19634704e-03, 0.,
       1.36986305e-03, 4.56620986e-03, 9.13241995e-04, 1.36986305e-03,
       2.28310493e-03, 1.82648399e-03, 9.13241995e-04, 2.73972610e-03,
       1.36986305e-03, 0., 9.13241995e-04, 2.73972610e-03,
       9.13241995e-04, 9.13241995e-04, 1.36986305e-03, 4.56620997e-04,
       1.82648399e-03, 9.13241995e-04, 2.28310493e-03, 4.56620997e-04,
       9.13241995e-04, 2.73972610e-03, 9.13241995e-04, 0.,
       1.36986305e-03, 9.13241995e-04, 4.56620997e-04, 1.36986305e-03,
       0., 3.19634704e-03, 2.28310493e-03, 1.36986305e-03,
       4.56620997e-04, 9.13241995e-04, 4.10958892e-03, 2.73972610e-03,
       0., 1.36986305e-03, 1.36986305e-03, 2.28310493e-03,
       4.56620997e-04, 4.56620997e-04, 0., 2.73972610e-03,
       9.13241995e-04, 1.82648399e-03, 4.56620997e-04, 0.,
       1.82648399e-03, 1.36986305e-03, 9.13241995e-04, 9.13241995e-04,
       0., 9.13241995e-04, 4.56620997e-04, 4.10958892e-03,
       9.13241995e-04, 1.36986305e-03, 4.56620997e-04, 0.,
       4.56620997e-04, 0., 0., 9.13241995e-04, 4.56620997e-04,
       1.36986305e-03, 9.13241995e-04, 9.13241995e-04, 2.73972610e-03,
       1.82648399e-03, 1.82648399e-03, 9.13241995e-04, 9.13241995e-04,
       2.28310493e-03, 0., 0., 4.56620997e-04, 1.36986305e-03,
       9.13241995e-04, 4.56620997e-04, 9.13241995e-04, 2.73972610e-03,
       1.82648399e-03, 0., 1.36986305e-03, 1.36986305e-03,
       1.82648399e-03, 4.56620997e-04, 1.36986305e-03, 9.13241995e-04,
       4.56620997e-04, 1.82648399e-03, 4.56620997e-04, 4.56620997e-04,
       0., 2.73972610e-03, 0., 4.56620986e-03, 9.13241995e-04,
       9.13241995e-04, 0., 4.56620997e-04, 4.56620997e-04,
       2.28310493e-03, 3.19634704e-03, 1.36986305e-03, 4.56620997e-04,
       9.13241995e-04, 2.73972610e-03, 4.56620997e-04, 0., 0.,
       4.56620997e-04, 1.82648399e-03, 0., 0., 2.73972610e-03,
       2.28310493e-03, 9.13241995e-04, 0., 3.65296798e-03,
       2.28310493e-03, 3.19634704e-03, 2.28310493e-03, 1.36986305e-03,
       9.13241995e-04, 4.56620997e-04, 0., 1.82648399e-03,
       4.56620997e-04, 1.36986305e-03, 4.56620997e-04, 2.73972610e-03,
       4.56620997e-04, 2.73972610e-03, 2.28310493e-03, 3.65296798e-03,
       9.13241995e-04, 9.13241995e-04, 4.56620997e-04, 1.36986305e-03,
       3.65296798e-03, 2.28310493e-03, 4.56620997e-04, 9.13241995e-04,
       0., 3.19634704e-03, 5.02283080e-03, 4.56620997e-04,
       9.13241995e-04, 4.56620997e-04, 3.65296798e-03, 5.47945220e-03,
       4.56620997e-04, 4.56620997e-04, 9.13241995e-04, 9.13241995e-04,
