%YAML:1.0
m25f: !!opencv-matrix
   rows: 1
   cols: 800
   dt: f
   data: [ 5.33617917e-04, 2.13447167e-03, 1.60085375e-03,
       5.33617917e-04, 5.33617917e-04, 5.33617917e-04, 3.20170750e-03,
       2.66808970e-03, 2.13447167e-03, 1.06723583e-03, 5.33617917e-04,
       5.33617917e-04, 5.33617917e-04, 3.20170750e-03, 0., 0., 0.,
       1.06723583e-03, 1.06723583e-03, 0., 1.06723583e-03, 0.,
       1.60085375e-03, 0., 5.33617917e-04, 1.60085375e-03,
       1.60085375e-03, 5.33617917e-04, 0., 0., 1.06723583e-03,
       2.66808970e-03, 1.06723583e-03, 2.13447167e-03, 5.33617917e-04,
       1.06723583e-03, 5.33617917e-04, 4.26894333e-03, 1.60085375e-03,
       0., 2.66808970e-03, 3.20170750e-03, 1.06723583e-03,
       5.86979697e-03, 3.20170750e-03, 2.13447167e-03, 1.06723583e-03,
       0., 5.33617917e-04, 0., 0., 2.66808970e-03, 1.06723583e-03,
       5.33617917e-04, 5.33617917e-04, 2.66808970e-03, 2.13447167e-03,
       1.60085375e-03, 5.33617917e-04, 4.26894333e-03, 0.,
       5.33617917e-04, 1.06723583e-03, 1.06723583e-03, 1.60085375e-03,
       0., 0., 0., 5.33617917e-04, 0., 0., 2.66808970e-03, 0., 0.,
       5.33617917e-04, 2.66808970e-03, 0., 0., 2.13447167e-03,
       2.13447167e-03, 5.33617917e-04, 0., 0., 5.33617917e-04,
       1.06723583e-03, 4.80256137e-03, 2.13447167e-03, 1.60085375e-03,
       1.06723583e-03, 0., 0., 5.33617917e-04, 2.66808970e-03,
       2.13447167e-03, 0., 3.20170750e-03, 2.13447167e-03,
       2.13447167e-03, 1.06723583e-03, 3.20170750e-03, 0.,
       2.13447167e-03, 0., 5.33617917e-04, 0., 2.13447167e-03, 0.,
       5.33617917e-04, 5.33617917e-04, 1.60085375e-03, 0.,
       1.60085375e-03, 0., 1.06723583e-03, 5.33617917e-04,
       2.13447167e-03, 0., 4.80256137e-03, 5.33617917e-04,
       3.20170750e-03, 2.13447167e-03, 5.33617940e-03, 0.,
       4.26894333e-03, 0., 0., 1.60085375e-03, 1.06723583e-03,
       1.60085375e-03, 2.66808970e-03, 0., 1.60085375e-03,
       2.66808970e-03, 1.06723583e-03, 0., 1.06723583e-03,
       2.66808970e-03, 3.20170750e-03, 2.66808970e-03, 5.33617917e-04,
       5.33617917e-04, 5.86979697e-03, 3.20170750e-03, 0.,
       5.33617917e-04, 2.66808970e-03, 1.60085375e-03, 0.,
       5.33617917e-04, 1.60085375e-03, 0., 1.06723583e-03,
       5.33617917e-04, 2.66808970e-03, 1.06723583e-03, 2.13447167e-03,
       0., 2.13447167e-03, 1.60085375e-03, 5.33617917e-04,
       1.06723583e-03, 0., 5.33617917e-04, 2.13447167e-03, 0.,
       5.33617917e-04, 0., 1.60085375e-03, 0., 1.60085375e-03,
       2.13447167e-03, 1.60085375e-03, 1.60085375e-03, 3.20170750e-03,
       1.60085375e-03, 0., 1.60085375e-03, 0., 1.06723583e-03,
       1.60085375e-03, 1.06723583e-03, 5.33617917e-04, 5.33617917e-04,
       2.66808970e-03, 1.06723583e-03, 1.60085375e-03, 5.33617917e-04,
       1.60085375e-03, 0., 2.66808970e-03, 0., 2.66808970e-03,
       1.60085375e-03, 1.60085375e-03, 3.20170750e-03, 5.33617917e-04,
       0., 5.33617917e-04, 5.33617917e-04, 5.33617917e-04,
       1.60085375e-03, 2.13447167e-03, 1.60085375e-03, 1.06723583e-03,
       1.60085375e-03, 2.13447167e-03, 1.60085375e-03, 1.06723583e-03,
       2.13447167e-03, 4.26894333e-03, 2.13447167e-03, 5.33617917e-04,
       0., 5.33617917e-04, 1.60085375e-03, 5.33617917e-04,
       1.06723583e-03, 0., 5.33617917e-04, 3.20170750e-03,
       1.06723583e-03, 0., 0., 3.20170750e-03, 5.33617917e-04,
       1.06723583e-03, 5.33617917e-04, 5.33617917e-04, 1.60085375e-03,
       1.06723583e-03, 5.33617917e-04, 5.33617917e-04, 1.06723583e-03,
       1.60085375e-03, 1.60085375e-03, 1.06723583e-03, 5.33617917e-04,
       0., 2.66808970e-03, 4.80256137e-03, 5.33617917e-04,
       1.60085375e-03, 1.06723583e-03, 6.40341500e-03, 5.33617917e-04,
       1.06723583e-03, 5.33617917e-04, 2.66808970e-03, 0.,
       1.06723583e-03, 0., 1.60085375e-03, 0., 2.66808970e-03,
       1.60085375e-03, 0., 0., 1.60085375e-03, 0., 5.33617917e-04,
       3.73532530e-03, 2.13447167e-03, 4.80256137e-03, 0.,
       5.33617917e-04, 1.60085375e-03, 0., 0., 2.13447167e-03,
       2.13447167e-03, 5.33617917e-04, 0., 5.33617917e-04,
       1.06723583e-03, 0., 0., 5.33617917e-04, 1.06723583e-03,
       5.33617917e-04, 2.13447167e-03, 3.73532530e-03, 0.,
       2.66808970e-03, 2.13447167e-03, 0., 5.33617917e-04,
       1.60085375e-03, 1.06723583e-03, 0., 5.33617917e-04,
       1.06723583e-03, 2.13447167e-03, 0., 1.06723583e-03,
       1.06723583e-03, 2.66808970e-03, 1.06723583e-03, 1.60085375e-03,
       1.60085375e-03, 5.33617917e-04, 1.06723583e-03, 3.73532530e-03,
       0., 0., 5.33617917e-04, 5.33617917e-04, 1.60085375e-03,
       3.20170750e-03, 0., 5.33617917e-04, 5.33617917e-04,
       4.26894333e-03, 1.06723583e-03, 0., 0., 5.33617917e-04,
       7.47065060e-03, 1.06723583e-03, 5.33617917e-04, 2.13447167e-03,
       2.66808970e-03, 1.60085375e-03, 2.66808970e-03, 2.66808970e-03,
       0., 0., 2.13447167e-03, 3.20170750e-03, 1.60085375e-03,
       5.33617917e-04, 5.33617917e-04, 0., 5.33617917e-04, 0.,
       1.06723583e-03, 5.33617917e-04, 5.33617917e-04, 5.33617917e-04,
       1.60085375e-03, 5.33617917e-04, 1.06723583e-03, 5.33617917e-04,
       3.20170750e-03, 2.66808970e-03, 5.33617917e-04, 2.13447167e-03,
       5.33617917e-04, 1.60085375e-03, 1.06723583e-03, 1.60085375e-03,
       5.33617917e-04, 0., 0., 0., 5.33617940e-03, 0., 1.06723583e-03,
       1.06723583e-03, 2.13447167e-03, 5.33617917e-04, 0.,
       1.06723583e-03, 5.33617917e-04, 5.33617917e-04, 5.33617917e-04,
       1.06723583e-03, 2.13447167e-03, 2.13447167e-03, 1.06723583e-03,
       1.06723583e-03, 5.33617917e-04, 0., 1.06723583e-03,
       5.33617917e-04, 2.13447167e-03, 2.13447167e-03, 1.60085375e-03,
       2.13447167e-03, 1.60085375e-03, 3.73532530e-03, 4.80256137e-03,
       0., 0., 1.06723583e-03, 0., 2.13447167e-03, 1.60085375e-03,
       2.66808970e-03, 2.66808970e-03, 1.06723583e-03, 0.,
       1.60085375e-03, 5.33617917e-04, 4.26894333e-03, 1.06723583e-03,
       4.80256137e-03, 1.06723583e-03, 5.33617917e-04, 5.33617917e-04,
       5.33617917e-04, 4.26894333e-03, 5.33617917e-04, 5.33617917e-04,
       5.33617917e-04, 2.13447167e-03, 1.06723583e-03, 0.,
       5.33617917e-04, 1.06723583e-03, 5.33617917e-04, 0.,
       1.06723583e-03, 5.33617940e-03, 5.33617917e-04, 5.33617917e-04,
       2.66808970e-03, 0., 1.06723583e-03, 0., 0., 1.60085375e-03,
       1.06723583e-03, 0., 1.60085375e-03, 4.26894333e-03,
       5.33617917e-04, 1.06723583e-03, 1.06723583e-03, 0.,
       1.06723583e-03, 5.33617917e-04, 0., 2.66808970e-03,
       1.06723583e-03, 5.33617917e-04, 0., 5.33617917e-04,
       3.73532530e-03, 5.33617917e-04, 0., 3.20170750e-03, 0.,
       2.66808970e-03, 1.06723583e-03, 5.33617917e-04, 2.13447167e-03,
       0., 5.33617917e-04, 0., 1.06723583e-03, 1.06723583e-03,
       2.66808970e-03, 0., 1.06723583e-03, 2.13447167e-03, 0.,
       1.06723583e-03, 0., 1.60085375e-03, 3.20170750e-03,
       1.06723583e-03, 5.33617917e-04, 0., 1.06723583e-03,
       2.66808970e-03, 1.06723583e-03, 1.60085375e-03, 0.,
       2.13447167e-03, 2.13447167e-03, 1.06723583e-03, 5.33617917e-04,
       5.33617917e-04, 2.66808970e-03, 1.60085375e-03, 5.33617917e-04,
       2.66808970e-03, 2.13447167e-03, 1.06723583e-03, 0.,
       2.13447167e-03, 3.20170750e-03, 1.60085375e-03, 2.13447167e-03,
       1.06723583e-03, 3.73532530e-03, 0., 5.33617917e-04,
       1.60085375e-03, 1.60085375e-03, 2.13447167e-03, 3.20170750e-03,
       1.06723583e-03, 4.80256137e-03, 0., 5.33617917e-04,
       1.06723583e-03, 0., 2.66808970e-03, 0., 1.60085375e-03,
       1.06723583e-03, 1.60085375e-03, 3.20170750e-03, 0.,
       3.20170750e-03, 0., 3.20170750e-03, 3.20170750e-03,
       5.33617917e-04, 1.06723583e-03, 1.60085375e-03, 2.66808970e-03,
       1.06723583e-03, 2.66808970e-03, 1.60085375e-03, 2.13447167e-03,
       1.60085375e-03, 3.20170750e-03, 3.20170750e-03, 3.20170750e-03,
       1.60085375e-03, 2.66808970e-03, 3.73532530e-03, 0., 0.,
       3.73532530e-03, 0., 1.60085375e-03, 1.06723583e-03,
