%YAML:1.0
m25f: !!opencv-matrix
   rows: 1
   cols: 800
   dt: f
   data: [ 1.89483655e-03, 0., 1.42112747e-03, 1.89483655e-03,
       9.47418273e-04, 4.73709137e-04, 2.36854563e-03, 1.42112747e-03,
       2.84225494e-03, 4.73709137e-04, 9.47418273e-04, 1.89483655e-03,
       4.73709137e-04, 1.89483655e-03, 4.73709137e-04, 4.73709137e-04,
       1.42112747e-03, 4.73709137e-04, 4.73709137e-04, 1.42112747e-03,
       4.73709137e-04, 9.47418273e-04, 4.73709137e-04, 5.21080056e-03,
       0., 2.36854563e-03, 0., 1.42112747e-03, 0., 4.26338241e-03,
       3.31596402e-03, 1.42112747e-03, 9.47418273e-04, 4.73709137e-04,
       9.47418273e-04, 0., 4.73709137e-04, 1.89483655e-03,
       1.42112747e-03, 0., 0., 1.42112747e-03, 9.47418273e-04,
       1.89483655e-03, 0., 3.78967309e-03, 1.42112747e-03, 0., 0., 0.,
       9.47418273e-04, 9.47418273e-04, 2.84225494e-03, 0.,
       9.47418273e-04, 0., 4.73709137e-04, 9.47418273e-04,
       1.89483655e-03, 9.47418273e-04, 0., 0., 4.73709137e-04,
       4.73709137e-04, 2.36854563e-03, 0., 0., 9.47418273e-04,
       3.31596402e-03, 9.47418273e-04, 4.73709137e-04, 0., 0.,
       4.73709137e-04, 1.89483655e-03, 4.73709137e-04, 9.47418273e-04,
       0., 4.73709137e-04, 3.78967309e-03, 0., 0., 1.42112747e-03, 0.,
       0., 2.36854563e-03, 1.42112747e-03, 2.36854563e-03,
       1.42112747e-03, 1.89483655e-03, 9.47418273e-04, 9.47418273e-04,
       9.47418273e-04, 0., 1.89483655e-03, 9.47418273e-04,
       9.47418273e-04, 3.78967309e-03, 9.47418273e-04, 2.84225494e-03,
       0., 4.73709137e-04, 3.31596402e-03, 0., 0., 2.36854563e-03,
       1.89483655e-03, 4.73709137e-04, 0., 4.73709137e-04,
       1.89483655e-03, 5.21080056e-03, 4.73709137e-04, 9.47418273e-04,
       1.56324022e-02, 4.73709137e-04, 2.84225494e-03, 5.21080056e-03,
       4.73709137e-04, 2.36854563e-03, 0., 1.89483655e-03,
       9.47418273e-04, 1.98957846e-02, 0., 0., 1.42112747e-03,
       9.47418273e-04, 1.89483655e-03, 9.47418273e-04, 9.47418273e-04,
       1.89483655e-03, 2.84225494e-03, 4.73709137e-04, 1.89483655e-03,
       1.42112747e-03, 0., 4.73709137e-04, 2.84225494e-03, 0.,
       3.78967309e-03, 9.47418273e-04, 4.73709137e-04, 0., 0.,
       9.47418273e-04, 4.73709137e-04, 4.73709137e-04, 0.,
       1.89483655e-03, 4.73709137e-04, 0., 1.42112747e-03, 0.,
       9.47418273e-04, 1.23164374e-02, 0., 9.47418273e-04,
       1.42112747e-03, 2.36854563e-03, 0., 2.36854563e-03,
       9.47418273e-04, 2.36854563e-03, 1.89483655e-03, 9.47418273e-04,
       0., 4.26338241e-03, 4.73709137e-04, 9.47418273e-04,
       9.47418273e-04, 1.89483655e-03, 2.84225494e-03, 9.47418273e-04,
       1.89483655e-03, 0., 4.73709137e-04, 0., 1.89483655e-03, 0.,
       1.89483655e-03, 3.31596402e-03, 0., 1.89483655e-03,
       1.89483655e-03, 1.42112747e-03, 4.73709137e-04, 2.36854563e-03,
       0., 2.36854563e-03, 9.47418273e-04, 1.89483655e-03,
       4.73709137e-04, 9.47418273e-04, 1.42112747e-03, 4.73709137e-04,
       2.36854563e-03, 1.42112747e-03, 4.73709137e-04, 4.73709137e-04,
       3.31596402e-03, 4.73709137e-04, 2.84225494e-03, 3.31596402e-03,
       0., 9.47418273e-04, 3.31596402e-03, 0., 4.73709137e-04,
       9.47418273e-04, 1.42112747e-03, 0., 0., 0., 1.89483655e-03, 0.,
       1.42112747e-03, 1.89483655e-03, 9.47418273e-04, 1.42112747e-03,
       9.47418273e-04, 5.21080056e-03, 2.36854563e-03, 9.47418273e-04,
       9.47418273e-04, 0., 4.73709137e-04, 4.73709137e-04,
       1.42112747e-03, 4.73709137e-04, 0., 3.78967309e-03, 0.,
       1.42112747e-03, 9.47418273e-04, 2.36854563e-03, 1.89483655e-03,
       9.47418273e-04, 9.47418273e-04, 6.63192803e-03, 2.36854563e-03,
       3.31596402e-03, 0., 4.73709137e-04, 0., 0., 5.68450987e-03,
       9.47418273e-04, 0., 2.84225494e-03, 4.73709137e-04,
       4.73709137e-04, 4.73709137e-04, 1.89483655e-03, 9.47418273e-04,
       1.42112747e-03, 0., 2.36854563e-03, 1.89483655e-03,
       4.73709137e-04, 9.47418273e-04, 4.73709137e-04, 4.73709137e-04,
       4.73709137e-04, 1.42112747e-03, 0., 1.89483655e-03, 0.,
       4.73709137e-04, 0., 1.42112747e-03, 0., 4.73709137e-04,
       4.73709137e-04, 4.73709137e-04, 4.73709137e-04, 4.73709137e-04,
       1.42112747e-03, 9.47418273e-04, 2.84225494e-03, 4.73709137e-04,
       3.78967309e-03, 1.42112747e-03, 4.73709137e-04, 2.36854563e-03,
       1.42112747e-03, 4.73709137e-04, 1.89483655e-03, 4.73709137e-04,
       4.73709137e-04, 1.89483655e-03, 5.68450987e-03, 4.73709137e-04,
       2.84225494e-03, 9.47418273e-04, 9.47418273e-04, 0.,
       1.89483655e-03, 9.47418273e-04, 9.47418273e-04, 9.47418273e-04,
       2.36854563e-03, 2.84225494e-03, 0., 2.84225494e-03,
       1.42112747e-03, 0., 4.73709137e-04, 1.42112747e-03, 0.,
       2.84225494e-03, 3.31596402e-03, 4.26338241e-03, 0.,
       9.47418273e-04, 4.73709137e-04, 6.15821872e-03, 1.42112747e-03,
       0., 1.42112747e-03, 9.47418273e-04, 4.26338241e-03,
       1.42112747e-03, 9.47418273e-04, 2.84225494e-03, 1.89483655e-03,
       3.78967309e-03, 9.47418273e-04, 1.42112747e-03, 1.89483655e-03,
       3.78967309e-03, 0., 4.73709137e-04, 4.73709137e-04,
       9.47418273e-04, 2.84225494e-03, 0., 9.47418273e-04,
       9.47418273e-04, 9.47418273e-04, 0., 0., 3.78967309e-03,
       9.47418273e-04, 4.73709137e-04, 2.84225494e-03, 4.73709137e-04,
       9.47418273e-04, 1.42112747e-03, 4.73709137e-04, 9.47418273e-04,
       4.26338241e-03, 0., 3.31596402e-03, 0., 1.42112747e-03,
       9.47418273e-04, 9.47418273e-04, 2.36854563e-03, 2.36854563e-03,
       1.42112747e-03, 1.89483655e-03, 2.36854563e-03, 1.89483655e-03,
       1.89483655e-03, 9.47418273e-04, 9.47418273e-04, 1.89483655e-03,
       4.73709137e-04, 9.47418273e-04, 0., 4.73709137e-04,
       4.73709137e-04, 4.73709137e-04, 1.42112747e-03, 3.31596402e-03,
       0., 2.84225494e-03, 4.73709137e-04, 3.78967309e-03,
       9.47418273e-04, 1.42112747e-03, 0., 9.47418273e-04,
       4.73709137e-04, 5.21080056e-03, 3.78967309e-03, 1.89483655e-03,
       2.36854563e-03, 4.73709137e-04, 0., 2.36854563e-03,
       4.73709137e-04, 9.47418273e-04, 1.42112747e-03, 3.31596402e-03,
       0., 0., 9.47418273e-04, 0., 4.26338241e-03, 9.47418273e-04, 0.,
       2.36854563e-03, 4.73709137e-04, 9.47418273e-04, 2.36854563e-03,
       1.89483655e-03, 2.36854563e-03, 4.73709137e-04, 4.73709137e-04,
       1.42112747e-03, 1.42112747e-03, 9.47418273e-04, 1.42112747e-03,
       0., 4.73709137e-04, 4.73709137e-04, 4.73709137e-04,
       1.89483655e-03, 3.31596402e-03, 4.73709137e-04, 3.31596402e-03,
       4.73709137e-04, 4.73709137e-04, 4.73709137e-04, 2.36854563e-03,
       4.73709137e-04, 4.73709137e-04, 1.42112747e-03, 9.47418273e-04,
       0., 1.42112747e-03, 0., 0., 1.42112747e-03, 0., 1.89483655e-03,
       0., 0., 1.42112747e-03, 1.42112747e-03, 1.42112747e-03,
       1.89483655e-03, 9.47418273e-04, 9.47418273e-04, 0.,
       9.47418273e-04, 3.31596402e-03, 4.73709137e-04, 1.42112747e-03,
       1.42112747e-03, 4.73709137e-04, 1.42112747e-03, 3.31596402e-03,
       4.73709137e-04, 1.42112747e-03, 0., 9.47418273e-04,
       1.89483655e-03, 9.47418273e-04, 9.47418273e-04, 9.47418273e-04,
       9.47418273e-04, 3.78967309e-03, 9.47418273e-04, 0.,
       1.42112747e-03, 9.47418273e-04, 0., 0., 0., 1.42112747e-03,
       2.84225494e-03, 0., 9.47418273e-04, 9.47418273e-04,
       1.89483655e-03, 1.42112747e-03, 4.73709137e-04, 2.84225494e-03,
       9.47418273e-04, 1.42112747e-03, 4.73709137e-04, 1.42112747e-03,
       0., 1.89483655e-03, 1.89483655e-03, 4.26338241e-03, 0.,
       3.31596402e-03, 9.47418273e-04, 0., 1.42112747e-03,
       2.36854563e-03, 0., 1.42112747e-03, 9.47418273e-04,
       9.47418273e-04, 4.73709137e-04, 1.42112747e-03, 4.73709137e-04,
       3.78967309e-03, 2.84225494e-03, 1.89483655e-03, 1.89483655e-03,
       9.47418273e-04, 1.42112747e-03, 1.89483655e-03, 4.73709137e-04,
       0., 1.42112747e-03, 4.73709137e-04, 4.73709137e-04,
       1.89483655e-03, 1.89483655e-03, 0., 1.42112747e-03,
