%YAML:1.0
m25f: !!opencv-matrix
   rows: 1
   cols: 800
   dt: f
   data: [ 5.23834489e-04, 2.09533796e-03, 1.57150347e-03,
       5.23834489e-04, 5.23834489e-04, 0., 1.04766898e-03,
       5.76217938e-03, 2.09533796e-03, 1.04766898e-03, 1.04766898e-03,
       1.57150347e-03, 5.23834489e-04, 1.04766898e-03, 1.57150347e-03,
       0., 0., 3.14300694e-03, 1.57150347e-03, 5.23834489e-04,
       1.04766898e-03, 1.04766898e-03, 0., 0., 0., 5.23834489e-03,
       1.57150347e-03, 3.14300694e-03, 5.23834489e-04, 0.,
       1.04766898e-03, 3.14300694e-03, 1.57150347e-03, 1.57150347e-03,
       1.04766898e-03, 1.57150347e-03, 0., 3.14300694e-03,
       1.04766898e-03, 0., 1.57150347e-03, 1.57150347e-03, 0.,
       2.61917245e-03, 2.61917245e-03, 5.23834489e-04, 2.09533796e-03,
       0., 5.23834489e-04, 0., 1.57150347e-03, 2.09533796e-03,
       1.04766898e-03, 1.04766898e-03, 0., 1.04766898e-03,
       2.61917245e-03, 5.23834489e-04, 0., 2.61917245e-03,
       5.23834489e-04, 1.04766898e-03, 0., 1.04766898e-03,
       1.57150347e-03, 0., 0., 1.57150347e-03, 0., 0., 5.23834489e-04,
       0., 0., 0., 1.57150347e-03, 3.66684143e-03, 0., 0.,
       3.66684143e-03, 0., 0., 0., 5.23834489e-04, 5.23834489e-04, 0.,
       2.61917245e-03, 1.04766898e-03, 5.23834489e-04, 2.09533796e-03,
       1.04766898e-03, 0., 1.04766898e-03, 1.04766898e-03,
       2.61917245e-03, 1.04766898e-03, 2.09533796e-03, 4.71451040e-03,
       0., 3.66684143e-03, 5.23834489e-04, 2.61917245e-03, 0.,
       2.61917245e-03, 1.57150347e-03, 0., 1.57150347e-03, 0.,
       1.57150347e-03, 0., 0., 1.57150347e-03, 4.19067591e-03,
       5.23834489e-04, 2.61917245e-03, 5.23834489e-04, 2.61917245e-03,
       5.23834489e-04, 7.85751734e-03, 0., 4.71451040e-03,
       1.04766898e-03, 1.57150347e-03, 5.23834489e-04, 1.04766898e-03,
       0., 1.04766898e-03, 1.57150347e-03, 0., 2.09533796e-03,
       1.57150347e-03, 0., 1.57150347e-03, 1.04766898e-03, 0.,
       1.04766898e-03, 0., 1.57150347e-03, 1.04766898e-03,
       2.09533796e-03, 1.04766898e-03, 5.23834489e-04, 0.,
       2.61917245e-03, 0., 5.23834489e-04, 1.57150347e-03,
       5.23834489e-04, 1.57150347e-03, 0., 1.04766898e-03, 0., 0.,
       2.09533796e-03, 2.61917245e-03, 0., 2.09533796e-03, 0.,
       4.19067591e-03, 1.57150347e-03, 1.57150347e-03, 0., 0., 0.,
       1.04766898e-03, 1.04766898e-03, 1.04766898e-03, 0.,
       1.04766898e-03, 1.04766898e-03, 1.04766898e-03, 2.61917245e-03,
       1.57150347e-03, 1.57150347e-03, 5.23834489e-03, 1.57150347e-03,
       5.23834489e-04, 2.09533796e-03, 0., 1.04766898e-03,
       1.04766898e-03, 2.09533796e-03, 5.23834489e-04, 0.,
       5.23834489e-04, 2.09533796e-03, 1.04766898e-03, 0.,
       1.04766898e-03, 0., 4.71451040e-03, 0., 2.61917245e-03,
       1.04766898e-03, 5.23834489e-04, 2.09533796e-03, 5.23834489e-04,
       5.23834489e-04, 2.61917245e-03, 1.04766898e-03, 0., 0.,
       1.57150347e-03, 2.09533796e-03, 0., 1.57150347e-03,
       1.57150347e-03, 1.04766898e-03, 5.23834489e-04, 1.04766898e-03,
       2.09533796e-03, 1.04766898e-03, 5.23834489e-04, 0.,
       2.61917245e-03, 5.23834489e-04, 5.23834489e-04, 5.23834489e-04,
       1.04766898e-03, 1.57150347e-03, 3.66684143e-03, 5.23834489e-04,
       0., 0., 1.57150347e-03, 0., 0., 2.09533796e-03, 0.,
       2.09533796e-03, 1.04766898e-03, 0., 2.09533796e-03,
       2.09533796e-03, 1.57150347e-03, 0., 0., 2.61917245e-03, 0.,
       4.71451040e-03, 2.61917245e-03, 3.66684143e-03, 2.09533796e-03,
       3.14300694e-03, 1.04766898e-03, 5.23834489e-04, 0.,
       5.23834489e-04, 5.23834489e-04, 5.23834489e-04, 1.04766898e-03,
       0., 1.04766898e-03, 5.23834489e-04, 5.23834489e-04,
       1.04766898e-03, 1.04766898e-03, 5.23834489e-04, 5.23834489e-04,
       0., 1.57150347e-03, 1.57150347e-03, 1.57150347e-03,
       2.09533796e-03, 5.23834489e-04, 5.23834489e-04, 3.14300694e-03,
       1.04766898e-03, 2.61917245e-03, 1.04766898e-03, 1.04766898e-03,
       5.23834489e-04, 0., 0., 1.04766898e-03, 1.57150347e-03,
       5.23834489e-04, 2.09533796e-03, 3.66684143e-03, 1.04766898e-03,
       2.09533796e-03, 0., 5.23834489e-04, 0., 2.09533796e-03,
       5.23834489e-04, 0., 1.04766898e-03, 2.61917245e-03, 0.,
       2.61917245e-03, 2.09533796e-03, 1.57150347e-03, 0.,
       5.23834489e-04, 5.23834489e-04, 5.23834489e-04, 1.57150347e-03,
       2.09533796e-03, 2.09533796e-03, 5.23834489e-04, 1.04766898e-03,
       1.04766898e-03, 0., 5.23834489e-04, 3.66684143e-03, 0.,
       1.57150347e-03, 5.23834489e-04, 0., 1.04766898e-03,
       3.14300694e-03, 0., 5.23834489e-04, 5.23834489e-04, 0.,
       5.23834489e-04, 8.90518632e-03, 1.04766898e-03, 0.,
       3.14300694e-03, 1.04766898e-03, 5.23834489e-04, 1.57150347e-03,
       1.57150347e-03, 0., 1.57150347e-03, 5.23834489e-04,
       2.09533796e-03, 1.57150347e-03, 0., 2.09533796e-03, 0.,
       1.57150347e-03, 0., 0., 1.04766898e-03, 1.57150347e-03,
       5.23834489e-04, 3.14300694e-03, 2.09533796e-03, 1.04766898e-03,
       0., 2.61917245e-03, 1.04766898e-03, 5.23834489e-04,
       2.09533796e-03, 1.57150347e-03, 3.14300694e-03, 5.23834489e-04,
       1.57150347e-03, 5.23834489e-04, 0., 0., 3.14300694e-03,
       5.23834489e-04, 0., 4.19067591e-03, 1.57150347e-03,
       2.61917245e-03, 1.57150347e-03, 2.61917245e-03, 1.57150347e-03,
       5.23834489e-04, 2.09533796e-03, 1.04766898e-03, 5.23834489e-04,
       2.09533796e-03, 3.14300694e-03, 1.57150347e-03, 5.23834489e-04,
       0., 1.57150347e-03, 1.04766898e-03, 2.09533796e-03, 0., 0.,
       2.09533796e-03, 5.23834489e-04, 1.57150347e-03, 2.09533796e-03,
       1.04766898e-03, 2.09533796e-03, 1.57150347e-03, 4.71451040e-03,
       5.23834489e-04, 1.04766898e-03, 5.23834489e-04, 5.23834489e-04,
       2.09533796e-03, 2.09533796e-03, 5.23834489e-04, 5.23834489e-04,
       1.04766898e-03, 1.04766898e-03, 3.66684143e-03, 7.85751734e-03,
       1.04766898e-03, 1.04766898e-03, 1.57150347e-03, 1.04766898e-03,
       3.66684143e-03, 1.04766898e-03, 1.57150347e-03, 0.,
       5.23834489e-04, 5.23834489e-04, 5.23834489e-04, 0.,
       1.04766898e-03, 4.71451040e-03, 5.23834489e-04, 5.23834489e-04,
       5.23834489e-04, 0., 1.57150347e-03, 0., 1.04766898e-03, 0.,
       1.04766898e-03, 5.23834489e-04, 1.57150347e-03, 2.09533796e-03,
       0., 4.19067591e-03, 2.61917245e-03, 0., 1.04766898e-03, 0., 0.,
       3.66684143e-03, 0., 0., 1.57150347e-03, 0., 1.57150347e-03,
       5.23834489e-04, 0., 5.23834489e-04, 1.04766898e-03, 0.,
       5.23834489e-04, 5.23834489e-04, 1.04766898e-03, 5.23834489e-04,
       1.57150347e-03, 1.04766898e-03, 0., 3.14300694e-03,
       2.61917245e-03, 5.76217938e-03, 5.23834489e-04, 1.57150347e-03,
       5.23834489e-04, 1.04766898e-03, 0., 0., 0., 0., 2.09533796e-03,
       1.04766898e-03, 1.04766898e-03, 3.14300694e-03, 1.04766898e-03,
       1.57150347e-03, 1.04766898e-03, 3.14300694e-03, 1.57150347e-03,
       5.23834489e-04, 5.23834489e-04, 2.61917245e-03, 1.57150347e-03,
       5.23834489e-04, 1.04766898e-03, 2.09533796e-03, 5.23834489e-04,
       0., 2.09533796e-03, 2.61917245e-03, 2.09533796e-03, 0.,
       3.66684143e-03, 3.14300694e-03, 5.23834489e-04, 5.23834489e-04,
       5.23834489e-04, 1.04766898e-03, 1.57150347e-03, 0.,
       2.09533796e-03, 5.23834489e-04, 1.57150347e-03, 2.61917245e-03,
       5.23834489e-04, 5.23834489e-04, 4.19067591e-03, 1.04766898e-03,
       1.04766898e-03, 2.61917245e-03, 2.09533796e-03, 0.,
       4.19067591e-03, 0., 0., 4.71451040e-03, 3.14300694e-03,
       1.04766898e-03, 0., 1.57150347e-03, 1.04766898e-03,
       1.04766898e-03, 0., 3.14300694e-03, 5.23834489e-04,
       1.57150347e-03, 1.57150347e-03, 1.04766898e-03, 3.14300694e-03,
       1.57150347e-03, 2.09533796e-03, 3.66684143e-03, 1.57150347e-03,
       2.61917245e-03, 1.04766898e-03, 1.04766898e-03, 5.23834489e-04,
       0., 5.23834489e-03, 5.23834489e-04, 0., 1.04766898e-03,
       2.61917245e-03, 4.71451040e-03, 0., 5.23834489e-04, 0.,
       3.14300694e-03, 2.09533796e-03, 5.23834489e-04, 0.,
