%YAML:1.0
m25f: !!opencv-matrix
   rows: 1
   cols: 800
   dt: f
   data: [ 9.03342385e-04, 4.51671192e-04, 9.03342385e-04, 0.,
       2.71002715e-03, 0., 9.03342385e-04, 1.80668477e-03,
       3.16169835e-03, 0., 4.51671192e-04, 2.25835596e-03, 0., 0.,
       4.51671192e-04, 1.35501358e-03, 4.51671192e-04, 9.03342385e-04,
       0., 1.35501358e-03, 3.16169835e-03, 9.03342385e-04,
       9.03342385e-04, 1.80668477e-03, 1.35501358e-03, 0.,
       9.03342385e-04, 9.03342385e-04, 4.51671192e-04, 2.71002715e-03,
       4.51671192e-04, 1.35501358e-03, 2.25835596e-03, 2.25835596e-03,
       9.03342385e-04, 1.80668477e-03, 0., 1.35501358e-03,
       4.51671192e-04, 0., 4.51671192e-04, 1.35501358e-03,
       9.03342385e-04, 2.25835596e-03, 1.35501358e-03, 1.35501358e-03,
       2.25835596e-03, 4.51671192e-04, 9.03342385e-04, 0.,
       1.35501358e-03, 1.35501358e-03, 9.03342385e-04, 1.35501358e-03,
       9.03342385e-04, 1.80668477e-03, 9.03342385e-04, 4.51671192e-04,
       9.03342385e-04, 6.32339669e-03, 2.25835596e-03, 4.51671192e-04,
       2.25835596e-03, 9.03342385e-04, 3.61336954e-03, 0.,
       4.51671192e-04, 3.61336954e-03, 2.25835596e-03, 9.03342385e-04,
       4.51671192e-04, 1.35501358e-03, 0., 1.80668477e-03, 0.,
       9.03342385e-04, 0., 9.03342385e-04, 9.03342385e-04,
       3.16169835e-03, 4.51671192e-04, 0., 1.35501358e-03,
       4.51671192e-04, 4.51671192e-04, 4.51671192e-04, 4.51671192e-04,
       1.35501358e-03, 2.25835596e-03, 4.51671192e-04, 9.03342385e-04,
       4.51671192e-04, 0., 4.51671192e-04, 3.61336954e-03,
       1.35501358e-03, 2.25835596e-03, 9.03342385e-04, 3.16169835e-03,
       1.35501358e-03, 4.51671192e-04, 2.25835596e-03, 1.35501358e-03,
       4.51671192e-04, 0., 1.80668477e-03, 9.03342385e-04,
       2.71002715e-03, 0., 4.51671192e-04, 0., 3.61336954e-03,
       1.80668477e-03, 1.80668477e-03, 4.51671192e-03, 2.25835596e-03,
       0., 2.71002715e-03, 4.51671192e-04, 1.80668477e-03,
       1.35501358e-03, 0., 9.03342385e-04, 1.80668477e-03, 0.,
       1.35501358e-03, 2.25835596e-03, 0., 2.71002715e-03,
       2.25835596e-03, 4.51671192e-04, 9.03342385e-04, 2.71002715e-03,
       4.51671192e-04, 1.80668477e-03, 0., 3.16169835e-03,
       9.03342385e-04, 1.35501358e-03, 3.61336954e-03, 1.80668477e-03,
       2.25835596e-03, 4.51671192e-04, 9.03342385e-04, 1.35501358e-03,
       1.35501358e-03, 4.51671192e-04, 0., 9.03342385e-04,
       1.80668477e-03, 0., 0., 9.03342385e-04, 4.51671192e-04,
       9.03342385e-04, 3.61336954e-03, 0., 9.03342385e-04,
       2.71002715e-03, 1.35501358e-03, 4.51671192e-04, 4.51671192e-04,
       2.25835596e-03, 1.80668477e-03, 0., 3.16169835e-03, 0.,
       2.25835596e-03, 4.51671192e-04, 1.80668477e-03, 1.80668477e-03,
       9.03342385e-04, 4.96838335e-03, 9.03342385e-04, 1.80668477e-03,
       4.51671192e-04, 9.03342385e-04, 0., 1.35501358e-03,
       9.03342385e-04, 0., 1.35501358e-03, 4.51671192e-04,
       1.35501358e-03, 1.35501358e-03, 9.03342385e-04, 9.03342385e-04,
       0., 4.51671192e-04, 0., 9.03342385e-04, 9.03342385e-04,
       2.71002715e-03, 2.25835596e-03, 4.51671192e-04, 0.,
       9.03342385e-04, 2.25835596e-03, 0., 4.51671192e-04, 0.,
       2.25835596e-03, 0., 4.51671192e-03, 9.03342385e-04,
       1.35501358e-03, 4.51671192e-04, 9.03342385e-04, 1.80668477e-03,
       9.03342385e-04, 1.80668477e-03, 4.51671192e-04, 0.,
       4.51671192e-04, 2.71002715e-03, 1.35501358e-03, 0.,
       2.25835596e-03, 2.25835596e-03, 2.25835596e-03, 9.03342385e-04,
       4.51671192e-04, 1.35501358e-03, 9.03342385e-04, 4.51671192e-04,
       4.51671192e-04, 0., 0., 1.35501358e-03, 0., 4.51671192e-04,
       9.03342385e-04, 9.03342385e-04, 0., 2.25835596e-03,
       4.51671192e-04, 4.51671192e-04, 9.03342385e-04, 1.80668477e-03,
       0., 0., 4.51671192e-04, 0., 1.80668477e-03, 0., 0., 0.,
       2.25835596e-03, 4.51671192e-04, 0., 0., 4.51671192e-04,
       9.03342385e-04, 3.61336954e-03, 0., 1.35501358e-03,
       1.80668477e-03, 4.51671192e-04, 1.80668477e-03, 4.51671192e-04,
       1.80668477e-03, 2.71002715e-03, 1.35501358e-03, 1.80668477e-03,
       1.80668477e-03, 2.25835596e-03, 0., 4.51671192e-04,
       4.51671192e-04, 1.35501358e-03, 9.03342385e-04, 4.51671192e-04,
       0., 0., 9.03342385e-04, 4.51671192e-04, 1.35501358e-03,
       4.51671192e-04, 1.80668477e-03, 2.25835596e-03, 9.03342385e-04,
       3.61336954e-03, 2.71002715e-03, 1.80668477e-03, 0.,
       1.35501358e-03, 0., 1.35501358e-03, 0., 4.06504050e-03,
       2.71002715e-03, 1.80668477e-03, 9.03342385e-04, 2.25835596e-03,
       0., 9.03342385e-04, 7.22673908e-03, 4.51671192e-04,
       1.35501358e-03, 0., 9.03342385e-04, 0., 2.25835596e-03,
       1.35501358e-03, 4.96838335e-03, 2.25835596e-03, 1.80668477e-03,
       9.03342385e-04, 1.35501358e-03, 4.51671192e-04, 2.71002715e-03,
       0., 4.51671192e-04, 0., 0., 4.51671192e-04, 4.51671192e-03,
       2.71002715e-03, 4.51671192e-04, 1.80668477e-03, 2.71002715e-03,
       9.03342385e-04, 1.35501358e-03, 1.80668477e-03, 4.51671192e-04,
       2.25835596e-03, 9.03342385e-04, 1.35501358e-03, 4.06504050e-03,
       0., 4.51671192e-04, 0., 0., 0., 0., 9.03342385e-04,
       1.80668477e-03, 4.51671192e-04, 4.51671192e-03, 3.16169835e-03,
       5.87172527e-03, 4.51671192e-04, 9.03342385e-04, 1.35501358e-03,
       4.51671192e-04, 4.51671192e-03, 1.80668477e-03, 1.80668477e-03,
       1.35501358e-03, 4.51671192e-04, 4.51671192e-04, 0.,
       9.03342385e-04, 2.25835596e-03, 3.61336954e-03, 0.,
       4.51671192e-04, 2.71002715e-03, 9.03342385e-04, 1.35501358e-03,
       2.25835596e-03, 2.25835596e-03, 4.51671192e-04, 2.25835596e-03,
       1.35501358e-03, 4.51671192e-04, 1.35501358e-03, 2.25835596e-03,
       9.03342385e-04, 9.03342385e-04, 9.03342385e-04, 0.,
       1.35501358e-03, 9.03342385e-04, 1.35501358e-03, 0.,
       4.51671192e-04, 3.61336954e-03, 2.25835596e-03, 0.,
       9.03342385e-04, 4.51671192e-04, 4.51671192e-04, 1.35501358e-03,
       4.51671192e-04, 4.06504050e-03, 2.25835596e-03, 1.35501358e-03,
       4.51671192e-04, 1.35501358e-03, 4.96838335e-03, 1.35501358e-03,
       4.51671192e-04, 9.03342385e-04, 1.80668477e-03, 4.51671192e-04,
       9.03342385e-04, 9.03342385e-04, 0., 2.71002715e-03,
       9.03342385e-04, 9.03342385e-04, 4.51671192e-04, 4.51671192e-04,
       9.03342385e-04, 1.80668477e-03, 1.35501358e-03, 1.35501358e-03,
       0., 4.51671192e-04, 4.51671192e-04, 3.16169835e-03,
       9.03342385e-04, 1.80668477e-03, 1.35501358e-03, 0., 0.,
       1.35501358e-03, 0., 4.51671192e-04, 9.03342385e-04,
       1.35501358e-03, 1.35501358e-03, 4.51671192e-04, 2.25835596e-03,
       1.80668477e-03, 1.35501358e-03, 9.03342385e-04, 9.03342385e-04,
       2.71002715e-03, 0., 0., 9.03342385e-04, 9.03342385e-04,
       1.35501358e-03, 0., 0., 3.16169835e-03, 9.03342385e-04, 0.,
       1.35501358e-03, 9.03342385e-04, 2.71002715e-03, 4.51671192e-04,
       1.80668477e-03, 4.51671192e-04, 0., 1.80668477e-03,
       1.35501358e-03, 1.35501358e-03, 0., 3.61336954e-03, 0.,
       4.51671192e-03, 4.51671192e-04, 9.03342385e-04, 0.,
       9.03342385e-04, 0., 1.35501358e-03, 2.25835596e-03,
       1.35501358e-03, 0., 4.51671192e-04, 2.25835596e-03,
       4.51671192e-04, 0., 0., 1.80668477e-03, 1.80668477e-03,
       4.51671192e-04, 0., 1.80668477e-03, 2.71002715e-03,
       4.51671192e-04, 0., 2.71002715e-03, 2.71002715e-03,
       1.35501358e-03, 1.35501358e-03, 1.35501358e-03, 4.51671192e-04,
       9.03342385e-04, 0., 2.25835596e-03, 9.03342385e-04,
       1.80668477e-03, 4.51671192e-04, 4.51671192e-03, 1.80668477e-03,
       1.80668477e-03, 1.35501358e-03, 4.06504050e-03, 1.35501358e-03,
       9.03342385e-04, 2.25835596e-03, 1.80668477e-03, 3.16169835e-03,
       2.25835596e-03, 4.51671192e-04, 1.35501358e-03, 0.,
       2.71002715e-03, 4.51671192e-03, 9.03342385e-04, 1.35501358e-03,
       4.51671192e-04, 3.61336954e-03, 5.42005431e-03, 4.51671192e-04,
       4.51671192e-04, 0., 4.51671192e-04, 9.03342385e-04,
