%YAML:1.0
m25f: !!opencv-matrix
   rows: 1
   cols: 800
   dt: f
   data: [ 5.32197999e-04, 2.12879200e-03, 1.59659400e-03,
       1.06439600e-03, 0., 0., 2.12879200e-03, 3.19318799e-03,
       1.06439600e-03, 1.06439600e-03, 5.32197999e-04, 1.06439600e-03,
       5.32197999e-04, 2.12879200e-03, 0., 0., 5.32197999e-04,
       3.19318799e-03, 1.06439600e-03, 0., 5.32197999e-04, 0.,
       1.06439600e-03, 0., 5.32197999e-04, 5.32197999e-04,
       1.59659400e-03, 5.32197999e-04, 0., 0., 1.59659400e-03,
       1.59659400e-03, 1.59659400e-03, 1.59659400e-03, 1.06439600e-03,
       0., 0., 4.25758399e-03, 1.59659400e-03, 0., 2.12879200e-03,
       4.25758399e-03, 1.06439600e-03, 5.32197999e-03, 3.19318799e-03,
       1.06439600e-03, 1.06439600e-03, 0., 5.32197999e-04, 0., 0.,
       2.66098999e-03, 1.06439600e-03, 1.59659400e-03, 5.32197999e-04,
       3.19318799e-03, 1.06439600e-03, 3.19318799e-03, 5.32197999e-04,
       4.25758399e-03, 0., 5.32197999e-04, 1.06439600e-03,
       1.59659400e-03, 2.12879200e-03, 0., 5.32197999e-04, 0.,
       1.06439600e-03, 0., 0., 3.72538599e-03, 0., 0., 0.,
       2.12879200e-03, 0., 0., 0., 1.59659400e-03, 1.06439600e-03, 0.,
       0., 1.06439600e-03, 1.59659400e-03, 3.72538599e-03,
       1.59659400e-03, 1.06439600e-03, 1.59659400e-03, 0., 0.,
       1.06439600e-03, 1.06439600e-03, 2.12879200e-03, 0.,
       2.66098999e-03, 2.12879200e-03, 2.66098999e-03, 2.12879200e-03,
       1.59659400e-03, 5.32197999e-04, 2.12879200e-03, 5.32197999e-04,
       0., 0., 1.59659400e-03, 0., 5.32197999e-04, 5.32197999e-04,
       1.59659400e-03, 5.32197999e-04, 2.12879200e-03, 0.,
       1.59659400e-03, 5.32197999e-04, 3.19318799e-03, 0.,
       3.72538599e-03, 5.32197999e-04, 5.32197999e-03, 1.59659400e-03,
       4.25758399e-03, 0., 4.25758399e-03, 0., 0., 5.32197999e-04,
       1.06439600e-03, 1.06439600e-03, 3.19318799e-03, 0.,
       5.32197999e-04, 2.66098999e-03, 1.06439600e-03, 0.,
       5.32197999e-04, 3.72538599e-03, 2.66098999e-03, 2.12879200e-03,
       1.59659400e-03, 0., 5.85417822e-03, 1.59659400e-03, 0.,
       1.06439600e-03, 1.59659400e-03, 1.59659400e-03, 0.,
       5.32197999e-04, 1.59659400e-03, 0., 5.32197999e-04,
       1.06439600e-03, 2.66098999e-03, 1.06439600e-03, 1.59659400e-03,
       0., 2.12879200e-03, 2.66098999e-03, 0., 1.06439600e-03, 0., 0.,
       1.59659400e-03, 0., 5.32197999e-04, 0., 2.12879200e-03, 0.,
       2.12879200e-03, 2.66098999e-03, 1.06439600e-03, 1.06439600e-03,
       2.66098999e-03, 5.32197999e-04, 0., 1.59659400e-03, 0.,
       1.06439600e-03, 1.59659400e-03, 1.06439600e-03, 5.32197999e-04,
       0., 1.06439600e-03, 1.59659400e-03, 1.59659400e-03,
       5.32197999e-04, 1.06439600e-03, 0., 3.19318799e-03, 0.,
       3.19318799e-03, 1.06439600e-03, 1.06439600e-03, 2.66098999e-03,
       5.32197999e-04, 5.32197999e-04, 0., 0., 1.06439600e-03,
       2.12879200e-03, 2.12879200e-03, 5.32197999e-04, 1.06439600e-03,
       5.32197999e-04, 3.19318799e-03, 1.06439600e-03, 2.12879200e-03,
       2.66098999e-03, 2.12879200e-03, 5.32197999e-04, 5.32197999e-04,
       0., 1.06439600e-03, 2.12879200e-03, 0., 1.06439600e-03, 0.,
       5.32197999e-04, 4.25758399e-03, 5.32197999e-04, 0., 0.,
       2.12879200e-03, 5.32197999e-04, 1.59659400e-03, 5.32197999e-04,
       5.32197999e-04, 2.66098999e-03, 1.59659400e-03, 0.,
       1.06439600e-03, 2.66098999e-03, 1.06439600e-03, 1.59659400e-03,
       1.06439600e-03, 1.06439600e-03, 0., 2.66098999e-03,
       3.72538599e-03, 5.32197999e-04, 2.12879200e-03, 1.59659400e-03,
       7.45077198e-03, 5.32197999e-04, 1.06439600e-03, 5.32197999e-04,
       2.12879200e-03, 0., 1.59659400e-03, 0., 5.32197999e-04,
       5.32197999e-04, 3.19318799e-03, 1.06439600e-03, 0., 0.,
       1.59659400e-03, 0., 5.32197999e-04, 2.66098999e-03,
       1.59659400e-03, 4.25758399e-03, 0., 1.06439600e-03,
       1.06439600e-03, 0., 5.32197999e-04, 3.19318799e-03,
       1.59659400e-03, 5.32197999e-04, 0., 5.32197999e-04,
       1.59659400e-03, 0., 0., 1.06439600e-03, 1.59659400e-03,
       5.32197999e-04, 2.12879200e-03, 4.25758399e-03, 1.06439600e-03,
       2.66098999e-03, 2.12879200e-03, 0., 0., 2.12879200e-03,
       1.59659400e-03, 0., 1.06439600e-03, 5.32197999e-04,
       1.59659400e-03, 0., 1.06439600e-03, 1.59659400e-03,
       2.12879200e-03, 1.06439600e-03, 2.66098999e-03, 1.59659400e-03,
       5.32197999e-04, 2.66098999e-03, 3.19318799e-03, 0., 0.,
       2.12879200e-03, 5.32197999e-04, 1.59659400e-03, 2.12879200e-03,
       0., 5.32197999e-04, 1.06439600e-03, 4.25758399e-03,
       1.06439600e-03, 5.32197999e-04, 5.32197999e-04, 5.32197999e-04,
       9.04736575e-03, 1.06439600e-03, 2.12879200e-03, 2.66098999e-03,
       3.19318799e-03, 1.59659400e-03, 2.12879200e-03, 3.19318799e-03,
       0., 0., 1.59659400e-03, 2.66098999e-03, 2.12879200e-03,
       5.32197999e-04, 1.06439600e-03, 0., 0., 5.32197999e-04,
       1.06439600e-03, 5.32197999e-04, 5.32197999e-04, 5.32197999e-04,
       1.06439600e-03, 0., 1.59659400e-03, 5.32197999e-04,
       2.66098999e-03, 2.12879200e-03, 0., 2.66098999e-03,
       5.32197999e-04, 3.19318799e-03, 5.32197999e-04, 1.06439600e-03,
       5.32197999e-04, 0., 0., 5.32197999e-04, 5.85417822e-03, 0.,
       5.32197999e-04, 1.59659400e-03, 2.12879200e-03, 0., 0.,
       1.06439600e-03, 5.32197999e-04, 5.32197999e-04, 5.32197999e-04,
       1.06439600e-03, 1.59659400e-03, 3.19318799e-03, 5.32197999e-04,
       2.12879200e-03, 1.06439600e-03, 5.32197999e-04, 1.59659400e-03,
       5.32197999e-04, 2.66098999e-03, 2.12879200e-03, 2.12879200e-03,
       2.12879200e-03, 2.66098999e-03, 2.66098999e-03, 3.72538599e-03,
       0., 5.32197999e-04, 1.06439600e-03, 0., 1.06439600e-03,
       1.06439600e-03, 2.12879200e-03, 2.12879200e-03, 1.06439600e-03,
       5.32197999e-04, 1.06439600e-03, 5.32197999e-04, 3.19318799e-03,
       5.32197999e-04, 5.32197999e-03, 1.59659400e-03, 5.32197999e-04,
       5.32197999e-04, 5.32197999e-04, 4.78978176e-03, 1.06439600e-03,
       5.32197999e-04, 1.06439600e-03, 2.12879200e-03, 5.32197999e-04,
       0., 5.32197999e-04, 1.06439600e-03, 5.32197999e-04, 0.,
       1.06439600e-03, 4.78978176e-03, 1.06439600e-03, 5.32197999e-04,
       2.12879200e-03, 0., 1.59659400e-03, 0., 0., 5.32197999e-04,
       2.12879200e-03, 5.32197999e-04, 2.66098999e-03, 4.25758399e-03,
       0., 0., 5.32197999e-04, 0., 1.06439600e-03, 0., 0.,
       3.19318799e-03, 1.59659400e-03, 1.06439600e-03, 5.32197999e-04,
       5.32197999e-04, 3.19318799e-03, 5.32197999e-04, 0.,
       3.19318799e-03, 0., 2.66098999e-03, 1.06439600e-03,
       5.32197999e-04, 2.12879200e-03, 0., 5.32197999e-04,
       1.06439600e-03, 5.32197999e-04, 1.06439600e-03, 2.66098999e-03,
       0., 5.32197999e-04, 1.06439600e-03, 5.32197999e-04,
       1.06439600e-03, 0., 3.19318799e-03, 2.12879200e-03,
       1.06439600e-03, 5.32197999e-04, 0., 1.59659400e-03,
       1.59659400e-03, 5.32197999e-04, 1.06439600e-03, 0.,
       2.12879200e-03, 2.12879200e-03, 1.59659400e-03, 5.32197999e-04,
       0., 2.12879200e-03, 1.06439600e-03, 5.32197999e-04,
       1.59659400e-03, 1.59659400e-03, 1.06439600e-03, 1.06439600e-03,
       2.12879200e-03, 1.06439600e-03, 1.59659400e-03, 1.59659400e-03,
       1.59659400e-03, 3.72538599e-03, 5.32197999e-04, 5.32197999e-04,
       2.66098999e-03, 1.59659400e-03, 5.32197999e-04, 2.66098999e-03,
       5.32197999e-04, 4.78978176e-03, 0., 0., 1.06439600e-03,
       5.32197999e-04, 3.19318799e-03, 5.32197999e-04, 1.59659400e-03,
       1.06439600e-03, 5.32197999e-04, 3.19318799e-03, 0.,
       2.12879200e-03, 0., 3.19318799e-03, 2.12879200e-03,
       5.32197999e-04, 1.06439600e-03, 3.19318799e-03, 1.59659400e-03,
       1.06439600e-03, 2.12879200e-03, 1.06439600e-03, 2.66098999e-03,
       1.59659400e-03, 3.72538599e-03, 2.66098999e-03, 3.19318799e-03,
       2.12879200e-03, 2.66098999e-03, 3.72538599e-03, 0., 0.,
       3.72538599e-03, 0., 2.12879200e-03, 1.06439600e-03, 0.,
