%YAML:1.0
m25f: !!opencv-matrix
   rows: 1
   cols: 800
   dt: f
   data: [ 2.39578332e-03, 0., 9.58313351e-04, 1.91662670e-03,
       1.43747008e-03, 4.79156675e-04, 1.91662670e-03, 1.43747008e-03,
       3.35409679e-03, 4.79156675e-04, 1.91662670e-03, 1.43747008e-03,
       9.58313351e-04, 1.91662670e-03, 4.79156675e-04, 4.79156675e-04,
       1.43747008e-03, 4.79156675e-04, 4.79156675e-04, 4.79156675e-04,
       0., 4.79156675e-04, 9.58313351e-04, 6.70819357e-03, 0.,
       3.35409679e-03, 4.79156675e-04, 9.58313351e-04, 4.79156675e-04,
       4.31241002e-03, 3.83325340e-03, 4.79156675e-04, 9.58313351e-04,
       1.43747008e-03, 4.79156675e-04, 0., 4.79156675e-04,
       9.58313351e-04, 1.91662670e-03, 0., 0., 1.43747008e-03,
       1.43747008e-03, 1.43747008e-03, 0., 3.83325340e-03, 0., 0.,
       4.79156675e-04, 0., 0., 1.91662670e-03, 1.91662670e-03, 0.,
       9.58313351e-04, 0., 4.79156675e-04, 9.58313351e-04,
       1.91662670e-03, 2.39578332e-03, 0., 0., 9.58313351e-04,
       9.58313351e-04, 1.43747008e-03, 0., 4.79156675e-04,
       4.79156675e-04, 2.87494017e-03, 1.43747008e-03, 0.,
       4.79156675e-04, 0., 4.79156675e-04, 1.91662670e-03,
       1.91662670e-03, 9.58313351e-04, 0., 0., 4.31241002e-03, 0., 0.,
       2.39578332e-03, 4.79156675e-04, 0., 2.39578332e-03,
       1.43747008e-03, 1.91662670e-03, 1.91662670e-03, 1.91662670e-03,
       9.58313351e-04, 9.58313351e-04, 9.58313351e-04, 0.,
       2.39578332e-03, 4.79156675e-04, 9.58313351e-04, 3.83325340e-03,
       4.79156675e-04, 3.35409679e-03, 1.91662670e-03, 4.79156675e-04,
       2.39578332e-03, 4.79156675e-04, 0., 2.39578332e-03,
       4.79156675e-04, 9.58313351e-04, 0., 4.79156675e-04,
       1.91662670e-03, 3.83325340e-03, 4.79156675e-04, 9.58313351e-04,
       1.34163871e-02, 9.58313351e-04, 2.87494017e-03, 3.83325340e-03,
       4.79156675e-04, 1.91662670e-03, 0., 2.39578332e-03,
       4.79156675e-04, 1.77287962e-02, 0., 9.58313351e-04,
       1.91662670e-03, 0., 1.91662670e-03, 9.58313351e-04,
       9.58313351e-04, 2.39578332e-03, 3.35409679e-03, 4.79156675e-04,
       2.39578332e-03, 1.43747008e-03, 0., 4.79156675e-04,
       9.58313351e-04, 0., 4.31241002e-03, 9.58313351e-04, 0., 0.,
       4.79156675e-04, 9.58313351e-04, 4.79156675e-04, 0., 0.,
       9.58313351e-04, 0., 0., 9.58313351e-04, 4.79156675e-04,
       9.58313351e-04, 7.66650680e-03, 4.79156675e-04, 1.91662670e-03,
       1.91662670e-03, 2.39578332e-03, 9.58313351e-04, 9.58313351e-04,
       4.79156675e-04, 2.39578332e-03, 1.91662670e-03, 4.79156675e-04,
       0., 3.83325340e-03, 4.79156675e-04, 0., 9.58313351e-04,
       2.87494017e-03, 2.87494017e-03, 9.58313351e-04, 1.91662670e-03,
       0., 4.79156675e-04, 4.79156675e-04, 2.87494017e-03, 0.,
       1.91662670e-03, 3.35409679e-03, 0., 1.43747008e-03,
       9.58313351e-04, 1.43747008e-03, 4.79156675e-04, 2.39578332e-03,
       0., 2.87494017e-03, 0., 9.58313351e-04, 9.58313351e-04,
       4.79156675e-04, 9.58313351e-04, 4.79156675e-04, 2.39578332e-03,
       1.43747008e-03, 9.58313351e-04, 0., 1.91662670e-03,
       4.79156675e-04, 2.87494017e-03, 3.83325340e-03, 0.,
       4.79156675e-04, 3.83325340e-03, 0., 4.79156675e-04,
       9.58313351e-04, 3.35409679e-03, 0., 0., 9.58313351e-04,
       1.91662670e-03, 4.79156675e-04, 1.43747008e-03, 1.91662670e-03,
       9.58313351e-04, 4.79156675e-04, 9.58313351e-04, 3.35409679e-03,
       1.91662670e-03, 4.79156675e-04, 4.79156675e-04, 0., 0.,
       9.58313351e-04, 1.43747008e-03, 4.79156675e-04, 0.,
       3.83325340e-03, 0., 1.43747008e-03, 4.79156675e-04,
       2.87494017e-03, 2.39578332e-03, 0., 1.43747008e-03,
       7.66650680e-03, 9.58313351e-04, 2.87494017e-03, 0.,
       4.79156675e-04, 0., 0., 4.31241002e-03, 4.79156675e-04, 0.,
       3.35409679e-03, 9.58313351e-04, 9.58313351e-04, 9.58313351e-04,
       2.39578332e-03, 1.91662670e-03, 2.39578332e-03, 4.79156675e-04,
       3.35409679e-03, 2.39578332e-03, 4.79156675e-04, 4.79156675e-04,
       4.79156675e-04, 9.58313351e-04, 4.79156675e-04, 2.39578332e-03,
       4.79156675e-04, 2.39578332e-03, 4.79156675e-04, 9.58313351e-04,
       4.79156675e-04, 9.58313351e-04, 0., 0., 9.58313351e-04,
       4.79156675e-04, 0., 9.58313351e-04, 1.43747008e-03,
       9.58313351e-04, 2.39578332e-03, 4.79156675e-04, 3.35409679e-03,
       1.43747008e-03, 9.58313351e-04, 1.43747008e-03, 1.43747008e-03,
       9.58313351e-04, 1.43747008e-03, 4.79156675e-04, 4.79156675e-04,
       1.43747008e-03, 5.74988034e-03, 4.79156675e-04, 2.39578332e-03,
       9.58313351e-04, 9.58313351e-04, 0., 1.43747008e-03,
       9.58313351e-04, 9.58313351e-04, 4.79156675e-04, 2.87494017e-03,
       1.43747008e-03, 4.79156675e-04, 2.39578332e-03, 1.43747008e-03,
       0., 4.79156675e-04, 9.58313351e-04, 0., 2.87494017e-03,
       3.83325340e-03, 2.87494017e-03, 9.58313351e-04, 0., 0.,
       1.00622904e-02, 1.43747008e-03, 4.79156675e-04, 9.58313351e-04,
       9.58313351e-04, 2.87494017e-03, 1.43747008e-03, 1.43747008e-03,
       2.39578332e-03, 9.58313351e-04, 3.35409679e-03, 9.58313351e-04,
       2.39578332e-03, 1.43747008e-03, 2.87494017e-03, 0.,
       4.79156675e-04, 1.43747008e-03, 9.58313351e-04, 2.87494017e-03,
       4.79156675e-04, 9.58313351e-04, 9.58313351e-04, 9.58313351e-04,
       9.58313351e-04, 0., 2.87494017e-03, 4.79156675e-04,
       9.58313351e-04, 2.39578332e-03, 4.79156675e-04, 9.58313351e-04,
       1.91662670e-03, 0., 9.58313351e-04, 3.83325340e-03, 0.,
       3.35409679e-03, 0., 1.43747008e-03, 9.58313351e-04,
       9.58313351e-04, 1.43747008e-03, 1.43747008e-03, 1.91662670e-03,
       9.58313351e-04, 1.43747008e-03, 2.39578332e-03, 3.35409679e-03,
       0., 1.43747008e-03, 1.91662670e-03, 4.79156675e-04,
       4.79156675e-04, 0., 4.79156675e-04, 0., 0., 1.43747008e-03,
       2.39578332e-03, 0., 1.91662670e-03, 4.79156675e-04,
       2.87494017e-03, 0., 9.58313351e-04, 0., 9.58313351e-04, 0.,
       4.79156664e-03, 3.83325340e-03, 1.43747008e-03, 2.39578332e-03,
       4.79156675e-04, 0., 2.87494017e-03, 4.79156675e-04,
       1.43747008e-03, 0., 1.91662670e-03, 9.58313351e-04, 0.,
       1.43747008e-03, 0., 3.83325340e-03, 1.43747008e-03, 0.,
       2.39578332e-03, 4.79156675e-04, 1.43747008e-03, 2.87494017e-03,
       1.91662670e-03, 2.87494017e-03, 9.58313351e-04, 4.79156675e-04,
       1.91662670e-03, 1.91662670e-03, 2.39578332e-03, 1.43747008e-03,
       0., 4.79156675e-04, 4.79156675e-04, 4.79156675e-04,
       1.43747008e-03, 2.87494017e-03, 4.79156675e-04, 2.87494017e-03,
       9.58313351e-04, 9.58313351e-04, 0., 1.91662670e-03,
       4.79156675e-04, 0., 1.43747008e-03, 4.79156675e-04, 0.,
       4.79156675e-04, 0., 2.39578332e-03, 2.39578332e-03, 0.,
       9.58313351e-04, 4.79156675e-04, 0., 1.43747008e-03,
       1.43747008e-03, 1.91662670e-03, 1.91662670e-03, 9.58313351e-04,
       9.58313351e-04, 4.79156675e-04, 4.79156675e-04, 3.83325340e-03,
       4.79156675e-04, 9.58313351e-04, 3.35409679e-03, 4.79156675e-04,
       1.43747008e-03, 1.43747008e-03, 9.58313351e-04, 1.43747008e-03,
       0., 9.58313351e-04, 2.39578332e-03, 9.58313351e-04,
       9.58313351e-04, 4.79156675e-04, 9.58313351e-04, 4.79156664e-03,
       9.58313351e-04, 0., 9.58313351e-04, 4.79156675e-04, 0., 0., 0.,
       2.39578332e-03, 1.91662670e-03, 9.58313351e-04, 4.79156675e-04,
       9.58313351e-04, 1.43747008e-03, 9.58313351e-04, 4.79156675e-04,
       2.39578332e-03, 1.43747008e-03, 1.43747008e-03, 1.43747008e-03,
       1.91662670e-03, 0., 4.79156675e-04, 1.91662670e-03,
       6.22903695e-03, 0., 2.87494017e-03, 9.58313351e-04, 0.,
       2.39578332e-03, 1.91662670e-03, 0., 1.43747008e-03,
       1.43747008e-03, 9.58313351e-04, 4.79156675e-04, 1.43747008e-03,
       4.79156675e-04, 3.83325340e-03, 2.87494017e-03, 2.87494017e-03,
       9.58313351e-04, 4.79156675e-04, 9.58313351e-04, 1.43747008e-03,
       4.79156675e-04, 0., 1.43747008e-03, 4.79156675e-04,
       4.79156675e-04, 2.39578332e-03, 2.39578332e-03, 0.,
