%YAML:1.0
m25f: !!opencv-matrix
   rows: 1
   cols: 800
   dt: f
   data: [ 5.17063076e-04, 1.55118923e-03, 1.03412615e-03,
       5.17063076e-04, 0., 0., 5.17063076e-04, 4.13650461e-03,
       2.58531538e-03, 1.55118923e-03, 1.55118923e-03, 1.55118923e-03,
       5.17063076e-04, 5.17063076e-04, 1.55118923e-03, 0., 0.,
       4.13650461e-03, 1.03412615e-03, 5.17063076e-04, 1.03412615e-03,
       1.03412615e-03, 0., 5.17063076e-04, 0., 4.65356745e-03,
       2.06825230e-03, 3.61944153e-03, 1.55118923e-03, 0.,
       5.17063076e-04, 2.06825230e-03, 1.03412615e-03, 1.55118923e-03,
       5.17063076e-04, 1.55118923e-03, 5.17063076e-04, 2.58531538e-03,
       1.03412615e-03, 0., 2.06825230e-03, 2.06825230e-03, 0.,
       2.06825230e-03, 1.55118923e-03, 5.17063076e-04, 2.58531538e-03,
       0., 5.17063076e-04, 0., 5.17063076e-04, 1.55118923e-03,
       1.55118923e-03, 1.55118923e-03, 0., 2.06825230e-03,
       1.55118923e-03, 5.17063076e-04, 5.17063076e-04, 4.65356745e-03,
       5.17063076e-04, 1.03412615e-03, 0., 1.03412615e-03,
       1.03412615e-03, 0., 5.17063076e-04, 1.55118923e-03, 0., 0., 0.,
       0., 5.17063076e-04, 0., 1.55118923e-03, 2.06825230e-03, 0., 0.,
       3.10237845e-03, 0., 5.17063076e-04, 0., 1.03412615e-03,
       5.17063076e-04, 0., 3.10237845e-03, 1.03412615e-03,
       5.17063076e-04, 2.58531538e-03, 1.03412615e-03, 0.,
       1.55118923e-03, 1.03412615e-03, 3.10237845e-03, 1.03412615e-03,
       2.06825230e-03, 4.13650461e-03, 0., 3.10237845e-03, 0.,
       3.10237845e-03, 5.17063076e-04, 2.06825230e-03, 1.55118923e-03,
       0., 1.03412615e-03, 0., 0., 0., 5.17063076e-04, 1.55118923e-03,
       2.58531538e-03, 5.17063076e-04, 2.58531538e-03, 0.,
       3.10237845e-03, 5.17063076e-04, 5.68769407e-03, 0.,
       4.65356745e-03, 5.17063076e-04, 1.55118923e-03, 5.17063076e-04,
       2.06825230e-03, 0., 5.17063076e-04, 1.03412615e-03, 0.,
       3.10237845e-03, 1.55118923e-03, 0., 3.10237845e-03,
       1.03412615e-03, 5.17063076e-04, 1.55118923e-03, 1.03412615e-03,
       2.58531538e-03, 1.03412615e-03, 1.03412615e-03, 1.03412615e-03,
       5.17063076e-04, 5.17063076e-04, 2.58531538e-03, 0.,
       1.55118923e-03, 2.06825230e-03, 5.17063076e-04, 1.03412615e-03,
       0., 1.55118923e-03, 0., 0., 2.06825230e-03, 1.55118923e-03, 0.,
       2.58531538e-03, 0., 4.13650461e-03, 1.03412615e-03,
       1.55118923e-03, 0., 5.17063076e-04, 5.17063076e-04,
       2.58531538e-03, 5.17063076e-04, 5.17063076e-04, 0.,
       5.17063076e-04, 1.55118923e-03, 1.55118923e-03, 2.06825230e-03,
       1.55118923e-03, 2.06825230e-03, 6.20475691e-03, 1.55118923e-03,
       5.17063076e-04, 2.06825230e-03, 0., 5.17063076e-04, 0.,
       2.06825230e-03, 1.03412615e-03, 0., 0., 2.58531538e-03,
       1.03412615e-03, 0., 2.06825230e-03, 0., 3.10237845e-03, 0.,
       2.06825230e-03, 1.03412615e-03, 5.17063076e-04, 2.06825230e-03,
       5.17063076e-04, 5.17063076e-04, 2.58531538e-03, 5.17063076e-04,
       0., 0., 1.03412615e-03, 1.55118923e-03, 0., 5.17063076e-04,
       1.55118923e-03, 5.17063076e-04, 1.03412615e-03, 1.55118923e-03,
       1.03412615e-03, 3.10237845e-03, 5.17063076e-04, 5.17063076e-04,
       3.10237845e-03, 5.17063076e-04, 1.55118923e-03, 1.03412615e-03,
       5.17063076e-04, 2.06825230e-03, 2.58531538e-03, 5.17063076e-04,
       0., 0., 1.55118923e-03, 0., 0., 2.06825230e-03, 1.03412615e-03,
       2.58531538e-03, 1.03412615e-03, 0., 2.06825230e-03,
       2.06825230e-03, 1.55118923e-03, 0., 0., 2.58531538e-03, 0.,
       3.10237845e-03, 3.61944153e-03, 4.65356745e-03, 1.03412615e-03,
       2.58531538e-03, 1.03412615e-03, 1.03412615e-03, 0.,
       5.17063076e-04, 1.03412615e-03, 5.17063076e-04, 5.17063076e-04,
       0., 1.55118923e-03, 0., 1.03412615e-03, 1.55118923e-03,
       2.06825230e-03, 0., 5.17063076e-04, 0., 5.17063076e-04,
       1.55118923e-03, 1.03412615e-03, 1.55118923e-03, 5.17063076e-04,
       5.17063076e-04, 3.61944153e-03, 1.55118923e-03, 2.06825230e-03,
       1.55118923e-03, 2.06825230e-03, 5.17063076e-04, 0., 0.,
       1.03412615e-03, 1.55118923e-03, 1.03412615e-03, 2.06825230e-03,
       3.10237845e-03, 1.03412615e-03, 2.06825230e-03, 1.03412615e-03,
       5.17063076e-04, 0., 1.55118923e-03, 5.17063076e-04, 0.,
       1.03412615e-03, 1.55118923e-03, 0., 3.10237845e-03,
       2.58531538e-03, 2.06825230e-03, 0., 5.17063076e-04,
       5.17063076e-04, 5.17063076e-04, 1.03412615e-03, 2.06825230e-03,
       1.55118923e-03, 5.17063076e-04, 1.03412615e-03, 1.55118923e-03,
       0., 5.17063076e-04, 4.13650461e-03, 1.03412615e-03,
       1.03412615e-03, 5.17063076e-04, 0., 1.55118923e-03,
       3.61944153e-03, 0., 5.17063076e-04, 5.17063076e-04,
       1.03412615e-03, 5.17063076e-04, 8.27300921e-03, 1.55118923e-03,
       5.17063076e-04, 2.58531538e-03, 2.06825230e-03, 5.17063076e-04,
       1.55118923e-03, 1.03412615e-03, 0., 1.03412615e-03,
       5.17063076e-04, 1.03412615e-03, 2.06825230e-03, 0.,
       1.55118923e-03, 0., 1.03412615e-03, 0., 0., 1.03412615e-03, 0.,
       5.17063076e-04, 2.58531538e-03, 2.58531538e-03, 1.03412615e-03,
       0., 1.03412615e-03, 1.55118923e-03, 5.17063076e-04,
       2.58531538e-03, 2.06825230e-03, 3.61944153e-03, 5.17063076e-04,
       2.06825230e-03, 5.17063076e-04, 5.17063076e-04, 0.,
       3.61944153e-03, 5.17063076e-04, 0., 3.61944153e-03,
       1.55118923e-03, 2.58531538e-03, 1.03412615e-03, 1.55118923e-03,
       2.06825230e-03, 5.17063076e-04, 2.58531538e-03, 5.17063076e-04,
       1.55118923e-03, 3.10237845e-03, 2.06825230e-03, 5.17063076e-04,
       5.17063076e-04, 0., 2.06825230e-03, 2.06825230e-03,
       2.06825230e-03, 0., 0., 2.06825230e-03, 1.03412615e-03,
       2.06825230e-03, 1.55118923e-03, 1.55118923e-03, 2.58531538e-03,
       1.55118923e-03, 4.65356745e-03, 5.17063076e-04, 2.06825230e-03,
       1.03412615e-03, 1.03412615e-03, 2.06825230e-03, 2.06825230e-03,
       5.17063076e-04, 5.17063076e-04, 1.03412615e-03, 1.03412615e-03,
       4.13650461e-03, 6.20475691e-03, 0., 1.03412615e-03,
       1.55118923e-03, 1.03412615e-03, 4.65356745e-03, 2.06825230e-03,
       1.55118923e-03, 0., 5.17063076e-04, 5.17063076e-04,
       5.17063076e-04, 5.17063076e-04, 1.03412615e-03, 4.65356745e-03,
       5.17063076e-04, 5.17063076e-04, 1.03412615e-03, 0.,
       1.55118923e-03, 5.17063076e-04, 1.03412615e-03, 0.,
       1.55118923e-03, 5.17063076e-04, 1.55118923e-03, 2.06825230e-03,
       5.17063076e-04, 3.61944153e-03, 3.10237845e-03, 5.17063076e-04,
       0., 0., 0., 2.58531538e-03, 5.17063076e-04, 0., 2.06825230e-03,
       0., 5.17063076e-04, 1.03412615e-03, 0., 5.17063076e-04,
       1.55118923e-03, 0., 5.17063076e-04, 5.17063076e-04,
       5.17063076e-04, 1.03412615e-03, 1.03412615e-03, 1.03412615e-03,
       0., 5.17063076e-04, 2.06825230e-03, 3.61944153e-03,
       5.17063076e-04, 2.06825230e-03, 5.17063076e-04, 1.03412615e-03,
       0., 0., 0., 0., 2.06825230e-03, 1.55118923e-03, 1.03412615e-03,
       2.06825230e-03, 1.55118923e-03, 1.03412615e-03, 1.03412615e-03,
       2.58531538e-03, 2.06825230e-03, 5.17063076e-04, 5.17063076e-04,
       2.58531538e-03, 1.55118923e-03, 5.17063076e-04, 5.17063076e-04,
       1.55118923e-03, 5.17063076e-04, 5.17063076e-04, 1.03412615e-03,
       2.58531538e-03, 2.06825230e-03, 5.17063076e-04, 5.68769407e-03,
       2.58531538e-03, 5.17063076e-04, 5.17063076e-04, 5.17063076e-04,
       1.55118923e-03, 1.03412615e-03, 0., 2.06825230e-03,
       1.55118923e-03, 1.03412615e-03, 2.06825230e-03, 5.17063076e-04,
       5.17063076e-04, 3.61944153e-03, 5.17063076e-04, 1.03412615e-03,
       3.10237845e-03, 2.06825230e-03, 0., 4.13650461e-03, 0.,
       5.17063076e-04, 4.13650461e-03, 2.58531538e-03, 2.06825230e-03,
       0., 2.06825230e-03, 1.55118923e-03, 0., 5.17063076e-04,
       3.10237845e-03, 5.17063076e-04, 1.55118923e-03, 1.03412615e-03,
       1.03412615e-03, 2.58531538e-03, 1.03412615e-03, 2.58531538e-03,
       4.13650461e-03, 1.03412615e-03, 2.58531538e-03, 1.55118923e-03,
