%YAML:1.0
m25f: !!opencv-matrix
   rows: 1
   cols: 800
   dt: f
   data: [ 9.42951418e-04, 4.71475709e-04, 1.41442707e-03,
       1.41442707e-03, 2.35737860e-03, 0., 9.42951418e-04,
       2.35737860e-03, 3.77180567e-03, 4.71475709e-04, 9.42951418e-04,
       1.88590284e-03, 0., 4.71475709e-04, 4.71475709e-04,
       1.88590284e-03, 9.42951418e-04, 4.71475709e-04, 0.,
       2.35737860e-03, 4.71475709e-04, 9.42951418e-04, 4.71475709e-04,
       1.88590284e-03, 1.41442707e-03, 0., 4.71475709e-04, 0., 0.,
       1.88590284e-03, 4.71475709e-04, 4.71475709e-04, 2.35737860e-03,
       9.42951418e-04, 1.41442707e-03, 6.12918427e-03, 0.,
       1.41442707e-03, 2.35737860e-03, 0., 4.71475709e-04,
       2.82885414e-03, 0., 1.41442707e-03, 1.41442707e-03,
       1.41442707e-03, 2.35737860e-03, 9.42951418e-04, 0., 0.,
       4.71475709e-04, 1.41442707e-03, 9.42951418e-04, 9.42951418e-04,
       9.42951418e-04, 1.88590284e-03, 2.82885414e-03, 4.71475709e-04,
       9.42951418e-04, 5.18623274e-03, 3.30032990e-03, 0.,
       1.41442707e-03, 2.82885414e-03, 3.30032990e-03, 0.,
       9.42951418e-04, 4.24328120e-03, 1.41442707e-03, 9.42951418e-04,
       1.88590284e-03, 4.71475709e-04, 0., 1.41442707e-03, 0.,
       9.42951418e-04, 0., 0., 2.35737860e-03, 6.12918427e-03,
       9.42951418e-04, 0., 9.42951418e-04, 0., 4.71475709e-04,
       4.71475709e-04, 0., 1.88590284e-03, 1.41442707e-03, 0.,
       9.42951418e-04, 4.71475709e-04, 9.42951418e-04, 4.71475709e-04,
       3.30032990e-03, 1.41442707e-03, 2.35737860e-03, 9.42951418e-04,
       1.41442707e-03, 2.35737860e-03, 9.42951418e-04, 1.88590284e-03,
       1.41442707e-03, 4.71475709e-04, 0., 1.41442707e-03,
       9.42951418e-04, 2.35737860e-03, 0., 4.71475709e-04, 0.,
       2.35737860e-03, 1.41442707e-03, 9.42951418e-04, 3.30032990e-03,
       1.88590284e-03, 0., 1.88590284e-03, 0., 3.30032990e-03,
       1.88590284e-03, 9.42951418e-04, 1.88590284e-03, 4.71475709e-04,
       0., 1.88590284e-03, 2.35737860e-03, 4.71475709e-04,
       2.82885414e-03, 1.88590284e-03, 0., 9.42951418e-04,
       2.35737860e-03, 4.71475709e-04, 2.35737860e-03, 4.71475709e-04,
       4.24328120e-03, 9.42951418e-04, 9.42951418e-04, 2.35737860e-03,
       1.88590284e-03, 1.88590284e-03, 1.41442707e-03, 9.42951418e-04,
       1.88590284e-03, 4.71475709e-04, 9.42951418e-04, 1.88590284e-03,
       9.42951418e-04, 1.88590284e-03, 0., 4.71475709e-04,
       1.41442707e-03, 9.42951418e-04, 9.42951418e-04, 0., 0.,
       9.42951418e-04, 1.88590284e-03, 9.42951418e-04, 9.42951418e-04,
       0., 1.41442707e-03, 1.41442707e-03, 4.71475709e-04,
       3.30032990e-03, 0., 9.42951418e-04, 9.42951418e-04,
       1.41442707e-03, 2.35737860e-03, 1.41442707e-03, 6.12918427e-03,
       4.71475709e-04, 1.41442707e-03, 1.41442707e-03, 0., 0.,
       9.42951418e-04, 2.35737860e-03, 0., 2.35737860e-03, 0.,
       1.41442707e-03, 1.41442707e-03, 4.71475709e-04, 1.88590284e-03,
       0., 0., 4.71475709e-04, 2.35737860e-03, 4.71475709e-04,
       2.82885414e-03, 3.30032990e-03, 9.42951418e-04, 4.71475709e-04,
       4.71475709e-04, 1.88590284e-03, 4.71475709e-04, 0.,
       4.71475709e-04, 1.41442707e-03, 4.71475709e-04, 1.88590284e-03,
       9.42951418e-04, 1.88590284e-03, 0., 9.42951418e-04,
       4.71475709e-04, 9.42951418e-04, 4.71475709e-04, 9.42951418e-04,
       0., 0., 3.30032990e-03, 2.35737860e-03, 9.42951418e-04,
       9.42951418e-04, 4.24328120e-03, 3.77180567e-03, 1.88590284e-03,
       1.88590284e-03, 4.71475709e-04, 1.41442707e-03, 0., 0.,
       9.42951418e-04, 0., 9.42951418e-04, 0., 4.71475709e-04,
       2.82885414e-03, 4.71475709e-04, 0., 1.88590284e-03,
       4.71475709e-04, 1.41442707e-03, 4.71475709e-04, 1.88590284e-03,
       0., 9.42951418e-04, 0., 4.71475709e-04, 9.42951418e-04, 0., 0.,
       0., 1.41442707e-03, 4.71475709e-04, 4.71475709e-04,
       2.82885414e-03, 4.71475709e-04, 9.42951418e-04, 3.30032990e-03,
       9.42951418e-04, 4.71475709e-04, 2.35737860e-03, 4.71475709e-04,
       1.88590284e-03, 1.88590284e-03, 3.77180567e-03, 1.41442707e-03,
       1.41442707e-03, 1.41442707e-03, 1.41442707e-03, 2.35737860e-03,
       0., 4.71475709e-04, 0., 9.42951418e-04, 1.41442707e-03, 0.,
       4.71475709e-04, 0., 4.71475709e-04, 4.71475709e-04,
       9.42951418e-04, 9.42951418e-04, 1.88590284e-03, 1.88590284e-03,
       9.42951418e-04, 3.77180567e-03, 3.77180567e-03, 1.88590284e-03,
       0., 3.30032990e-03, 0., 1.88590284e-03, 0., 1.88590284e-03,
       1.41442707e-03, 2.82885414e-03, 4.71475709e-04, 1.88590284e-03,
       0., 2.82885414e-03, 5.65770827e-03, 1.41442707e-03,
       1.88590284e-03, 0., 4.71475709e-04, 4.71475709e-04,
       9.42951418e-04, 1.41442707e-03, 5.65770827e-03, 0.,
       1.88590284e-03, 4.71475709e-04, 1.41442707e-03, 4.71475709e-04,
       2.82885414e-03, 0., 0., 4.71475709e-04, 0., 4.71475709e-04,
       2.82885414e-03, 1.88590284e-03, 4.71475709e-04, 9.42951418e-04,
       1.41442707e-03, 4.71475709e-04, 1.41442707e-03, 1.88590284e-03,
       4.71475709e-04, 1.41442707e-03, 9.42951418e-04, 9.42951418e-04,
       3.30032990e-03, 0., 4.71475709e-04, 0., 0., 0., 0.,
       9.42951418e-04, 1.88590284e-03, 4.71475709e-04, 4.71475720e-03,
       2.35737860e-03, 3.77180567e-03, 0., 9.42951418e-04,
       1.88590284e-03, 9.42951418e-04, 3.30032990e-03, 0.,
       4.71475709e-04, 9.42951418e-04, 9.42951418e-04, 4.71475709e-04,
       0., 9.42951418e-04, 2.35737860e-03, 4.71475720e-03, 0.,
       9.42951418e-04, 3.77180567e-03, 1.41442707e-03, 3.30032990e-03,
       1.88590284e-03, 1.41442707e-03, 4.71475709e-04, 9.42951418e-04,
       1.41442707e-03, 0., 1.88590284e-03, 2.82885414e-03,
       4.71475709e-04, 9.42951418e-04, 2.82885414e-03, 1.88590284e-03,
       9.42951418e-04, 1.88590284e-03, 1.41442707e-03, 4.71475709e-04,
       9.42951418e-04, 3.30032990e-03, 2.35737860e-03, 0.,
       1.41442707e-03, 4.71475709e-04, 4.71475709e-04, 1.41442707e-03,
       0., 4.24328120e-03, 1.41442707e-03, 2.35737860e-03,
       4.71475709e-04, 1.41442707e-03, 4.24328120e-03, 1.41442707e-03,
       0., 9.42951418e-04, 1.88590284e-03, 1.41442707e-03,
       9.42951418e-04, 9.42951418e-04, 0., 3.30032990e-03,
       9.42951418e-04, 1.41442707e-03, 4.71475709e-04, 0.,
       1.41442707e-03, 9.42951418e-04, 9.42951418e-04, 9.42951418e-04,
       0., 9.42951418e-04, 9.42951418e-04, 3.77180567e-03,
       9.42951418e-04, 4.71475709e-04, 9.42951418e-04, 0., 0.,
       1.88590284e-03, 0., 9.42951418e-04, 1.41442707e-03,
       9.42951418e-04, 9.42951418e-04, 4.71475709e-04, 2.35737860e-03,
       2.35737860e-03, 0., 9.42951418e-04, 0., 1.41442707e-03,
       4.71475709e-04, 0., 4.71475709e-04, 9.42951418e-04,
       9.42951418e-04, 4.71475709e-04, 0., 3.30032990e-03,
       2.82885414e-03, 0., 9.42951418e-04, 1.41442707e-03,
       1.88590284e-03, 4.71475709e-04, 9.42951418e-04, 9.42951418e-04,
       0., 9.42951418e-04, 9.42951418e-04, 4.71475709e-04,
       4.71475709e-04, 4.24328120e-03, 0., 4.24328120e-03,
       2.35737860e-03, 9.42951418e-04, 0., 0., 0., 2.82885414e-03,
       2.82885414e-03, 1.41442707e-03, 0., 2.35737860e-03,
       9.42951418e-04, 0., 4.71475709e-04, 0., 2.35737860e-03,
       1.88590284e-03, 0., 0., 1.41442707e-03, 3.77180567e-03,
       9.42951418e-04, 0., 2.35737860e-03, 2.82885414e-03,
       1.88590284e-03, 1.88590284e-03, 9.42951418e-04, 0.,
       4.71475709e-04, 4.71475709e-04, 1.88590284e-03, 0.,
       1.88590284e-03, 4.71475709e-04, 0., 1.41442707e-03,
       9.42951418e-04, 3.30032990e-03, 3.77180567e-03, 2.35737860e-03,
       4.71475709e-04, 9.42951418e-04, 9.42951418e-04, 2.35737860e-03,
       1.88590284e-03, 0., 9.42951418e-04, 4.71475709e-04,
       2.35737860e-03, 5.18623274e-03, 0., 2.35737860e-03,
       4.71475709e-04, 4.71475720e-03, 4.71475720e-03, 4.71475709e-04,
       4.71475709e-04, 4.71475709e-04, 0., 1.41442707e-03,
       1.41442707e-03, 4.71475709e-04, 4.71475720e-03, 1.41442707e-03,
       1.41442707e-03, 9.42951418e-04, 0., 1.88590284e-03,
