%YAML:1.0
m25f: !!opencv-matrix
   rows: 1
   cols: 800
   dt: f
   data: [ 3.56379198e-04, 7.12758396e-04, 7.12758396e-04,
       7.12758396e-04, 3.56379198e-04, 3.20741278e-03, 2.13827519e-03,
       1.42551679e-03, 0., 7.12758396e-04, 1.42551679e-03,
       2.13827519e-03, 1.06913759e-03, 3.56379198e-04, 3.20741278e-03,
       2.85103358e-03, 1.42551679e-03, 1.42551679e-03, 7.12758396e-04,
       1.78189599e-03, 1.42551679e-03, 3.56379198e-04, 1.78189599e-03,
       2.49465439e-03, 5.70206717e-03, 2.13827519e-03, 3.56379198e-04,
       0., 3.56379198e-04, 1.06913759e-03, 0., 0., 3.56379198e-04,
       1.42551679e-03, 2.13827519e-03, 1.42551679e-03, 2.13827519e-03,
       7.12758396e-04, 1.06913759e-03, 0., 3.56379198e-04,
       1.42551679e-03, 3.56379198e-04, 2.49465439e-03, 3.56379198e-04,
       1.42551679e-03, 4.27655037e-03, 1.06913759e-03, 0.,
       3.56379198e-03, 2.13827519e-03, 3.56379198e-04, 2.85103358e-03,
       0., 0., 1.78189599e-03, 1.42551679e-03, 3.56379198e-04,
       1.78189599e-03, 1.42551679e-03, 7.12758396e-04, 1.42551679e-03,
       7.12758396e-04, 1.06913759e-03, 7.12758396e-04, 3.56379198e-04,
       3.56379198e-04, 2.13827519e-03, 2.13827519e-03, 3.20741278e-03,
       3.20741278e-03, 3.56379198e-04, 1.42551679e-03, 1.42551679e-03,
       1.06913759e-03, 0., 3.56379198e-04, 7.12758396e-04,
       1.78189599e-03, 1.06913759e-03, 1.06913759e-03, 1.42551679e-03,
       2.49465439e-03, 0., 7.12758396e-04, 1.06913759e-03,
       1.06913759e-03, 3.56379198e-03, 1.78189599e-03, 0.,
       1.06913759e-03, 7.12758396e-04, 1.78189599e-03, 1.06913759e-03,
       3.56379198e-04, 1.42551679e-03, 1.78189599e-03, 2.49465439e-03,
       1.42551679e-03, 3.56379198e-04, 3.56379198e-04, 1.06913759e-03,
       2.13827519e-03, 1.78189599e-03, 1.06913759e-03, 1.42551679e-03,
       3.56379198e-04, 1.06913759e-03, 1.42551679e-03, 7.12758396e-04,
       1.06913759e-03, 2.49465439e-03, 1.06913759e-03, 3.56379198e-04,
       1.78189599e-03, 1.06913759e-03, 3.56379198e-04, 1.42551679e-03,
       3.56379198e-04, 2.49465439e-03, 0., 1.06913759e-03,
       1.06913759e-03, 7.12758396e-04, 1.78189599e-03, 2.85103358e-03,
       3.56379198e-04, 7.12758396e-04, 1.06913759e-03, 1.78189599e-03,
       1.42551679e-03, 0., 0., 3.56379198e-04, 3.56379198e-04,
       1.14041343e-02, 0., 1.06913759e-03, 3.20741278e-03,
       3.56379198e-04, 3.56379198e-04, 1.78189599e-03, 2.13827519e-03,
       2.85103358e-03, 2.85103358e-03, 3.56379198e-03, 1.78189599e-03,
       1.42551679e-03, 3.56379198e-04, 3.56379198e-04, 7.12758396e-04,
       2.85103358e-03, 1.78189599e-03, 7.12758396e-04, 1.78189599e-03,
       1.06913759e-03, 1.78189599e-03, 3.20741278e-03, 7.12758396e-04,
       0., 1.42551679e-03, 2.13827519e-03, 3.56379198e-04,
       1.42551679e-03, 1.42551679e-03, 1.42551679e-03, 1.42551679e-03,
       1.06913759e-03, 1.06913759e-03, 1.42551679e-03, 2.49465439e-03,
       1.06913759e-03, 1.06913759e-03, 7.12758396e-04, 3.56379198e-04,
       0., 3.56379198e-04, 6.05844613e-03, 7.12758396e-04,
       1.42551679e-03, 1.78189599e-03, 1.06913759e-03, 1.06913759e-03,
       1.06913759e-03, 3.56379198e-03, 1.06913759e-03, 1.78189599e-03,
       7.12758396e-04, 1.42551679e-03, 0., 1.42551679e-03,
       2.49465439e-03, 0., 3.56379198e-04, 3.56379198e-04,
       7.12758396e-04, 1.78189599e-03, 1.42551679e-03, 7.12758396e-04,
       2.13827519e-03, 1.78189599e-03, 3.56379198e-04, 2.13827519e-03,
       1.42551679e-03, 1.78189599e-03, 1.78189599e-03, 7.12758396e-04,
       1.78189599e-03, 1.06913759e-03, 7.12758396e-04, 0.,
       3.56379198e-04, 2.13827519e-03, 3.56379198e-04, 4.98930877e-03,
       1.78189599e-03, 1.06913759e-03, 1.42551679e-03, 1.78189599e-03,
       1.78189599e-03, 7.12758396e-04, 1.06913759e-03, 3.56379198e-04,
       3.56379198e-04, 1.06913759e-03, 2.13827519e-03, 2.13827519e-03,
       1.78189599e-03, 7.12758396e-04, 3.56379198e-04, 7.12758396e-04,
       1.06913759e-03, 2.85103358e-03, 1.78189599e-03, 2.13827519e-03,
       0., 1.42551679e-03, 1.42551679e-03, 7.12758396e-04,
       1.78189599e-03, 1.06913759e-03, 0., 1.42551679e-03,
       1.06913759e-03, 0., 1.42551679e-03, 2.13827519e-03,
       1.42551679e-03, 1.78189599e-03, 1.06913759e-03, 1.78189599e-03,
       1.78189599e-03, 1.42551679e-03, 1.06913759e-03, 1.42551679e-03,
       7.12758396e-04, 2.85103358e-03, 1.42551679e-03, 7.12758396e-04,
       1.42551679e-03, 1.06913759e-03, 7.12758396e-04, 1.42551679e-03,
       1.06913759e-03, 1.06913759e-03, 7.12758396e-04, 1.78189599e-03,
       4.27655037e-03, 0., 1.06913759e-03, 7.12758396e-04,
       1.06913759e-03, 1.06913759e-03, 1.78189599e-03, 2.85103358e-03,
       0., 2.49465439e-03, 1.78189599e-03, 1.06913759e-03,
       3.56379198e-04, 2.13827519e-03, 0., 7.12758396e-04,
       1.42551679e-03, 1.42551679e-03, 1.42551679e-03, 7.12758396e-04,
       0., 0., 1.42551679e-03, 1.42551679e-03, 1.06913759e-03,
       1.06913759e-03, 1.42551679e-03, 1.78189599e-03, 1.42551679e-03,
       0., 2.13827519e-03, 7.12758396e-04, 1.06913759e-03,
       1.78189599e-03, 3.56379198e-04, 1.06913759e-03, 1.06913759e-03,
       1.42551679e-03, 4.27655037e-03, 1.06913759e-03, 2.13827519e-03,
       1.06913759e-03, 2.85103358e-03, 2.49465439e-03, 0.,
       3.56379198e-04, 1.06913759e-03, 1.06913759e-03, 3.56379198e-04,
       1.78189599e-03, 1.06913759e-03, 7.12758396e-04, 1.06913759e-03,
       1.42551679e-03, 3.56379198e-04, 1.06913759e-03, 1.06913759e-03,
       1.42551679e-03, 3.56379198e-04, 1.06913759e-03, 3.56379198e-04,
       1.06913759e-03, 1.78189599e-03, 0., 1.06913759e-03,
       3.56379198e-03, 2.49465439e-03, 7.12758396e-04, 7.12758396e-04,
       1.42551679e-03, 7.12758396e-04, 0., 7.12758396e-04,
       2.85103358e-03, 1.06913759e-03, 1.78189599e-03, 3.56379198e-04,
       7.12758396e-04, 1.78189599e-03, 3.56379198e-04, 7.12758396e-04,
       1.06913759e-03, 1.42551679e-03, 1.06913759e-03, 3.56379198e-04,
       1.42551679e-03, 7.12758396e-04, 1.06913759e-03, 1.78189599e-03,
       0., 2.13827519e-03, 1.06913759e-03, 4.27655037e-03,
       2.49465439e-03, 7.12758396e-04, 1.42551679e-03, 2.13827519e-03,
       7.12758396e-04, 2.49465439e-03, 1.78189599e-03, 1.42551679e-03,
       1.06913759e-03, 1.06913759e-03, 1.78189599e-03, 7.12758396e-04,
       1.42551679e-03, 1.42551679e-03, 7.12758396e-04, 7.12758396e-04,
       3.56379198e-04, 1.42551679e-03, 2.13827519e-03, 3.56379198e-04,
       1.42551679e-03, 1.42551679e-03, 1.42551679e-03, 0., 0.,
       1.06913759e-03, 2.49465439e-03, 0., 3.20741278e-03,
       7.12758396e-04, 1.06913759e-03, 1.42551679e-03, 3.92017141e-03,
       4.98930877e-03, 1.42551679e-03, 3.56379198e-04, 3.56379198e-04,
       7.12758396e-04, 1.78189599e-03, 1.78189599e-03, 1.78189599e-03,
       2.85103358e-03, 1.06913759e-03, 3.56379198e-04, 1.06913759e-03,
       1.42551679e-03, 3.56379198e-04, 7.12758396e-04, 0.,
       1.78189599e-03, 3.56379198e-03, 7.12758396e-04, 2.85103358e-03,
       3.56379198e-04, 3.56379198e-04, 0., 1.06913759e-03,
       7.12758396e-04, 7.12758396e-04, 1.06913759e-03, 0.,
       1.78189599e-03, 7.12758396e-04, 3.56379198e-04, 1.78189599e-03,
       3.56379198e-04, 1.42551679e-03, 0., 2.85103358e-03,
       3.56379198e-04, 7.12758396e-04, 1.42551679e-03, 1.42551679e-03,
       1.78189599e-03, 7.12758396e-04, 3.56379198e-04, 3.56379198e-04,
       1.42551679e-03, 1.78189599e-03, 3.56379198e-04, 7.12758396e-04,
       3.56379198e-04, 7.12758396e-04, 1.42551679e-03, 3.56379198e-04,
       2.13827519e-03, 1.06913759e-03, 1.42551679e-03, 3.56379198e-04,
       1.42551679e-03, 0., 0., 1.42551679e-03, 1.42551679e-03,
       1.78189599e-03, 2.13827519e-03, 7.12758396e-04, 1.06913759e-03,
       1.06913759e-03, 7.12758396e-04, 0., 1.78189599e-03,
       7.12758396e-04, 1.42551679e-03, 1.78189599e-03, 1.06913759e-03,
       1.78189599e-03, 3.56379198e-04, 7.12758396e-04, 1.06913759e-03,
       7.12758396e-04, 0., 1.06913759e-03, 3.56379198e-04,
