%YAML:1.0
m25f: !!opencv-matrix
   rows: 1
   cols: 800
   dt: f
   data: [ 2.13583931e-03, 2.13583931e-03, 3.84451076e-03,
       8.54335725e-04, 2.13583931e-03, 0., 1.28150359e-03,
       1.70867145e-03, 4.27167863e-04, 1.70867145e-03, 4.27167863e-04,
       1.28150359e-03, 2.13583931e-03, 1.28150359e-03, 5.98035008e-03,
       4.27167863e-04, 8.54335725e-04, 2.13583931e-03, 8.54335725e-04,
       1.70867145e-03, 4.27167863e-04, 1.28150359e-03, 3.41734290e-03,
       8.54335725e-04, 4.27167863e-04, 4.27167863e-04, 1.70867145e-03,
       1.28150359e-03, 0., 3.84451076e-03, 1.28150359e-03,
       8.54335725e-04, 2.56300718e-03, 2.56300718e-03, 8.54335725e-04,
       0., 4.27167863e-04, 4.27167863e-04, 1.28150359e-03, 0.,
       1.28150359e-03, 8.54335725e-04, 2.13583931e-03, 0.,
       2.13583931e-03, 8.54335725e-04, 4.27167863e-04, 2.13583931e-03,
       1.28150359e-03, 4.27167863e-04, 2.13583931e-03, 1.28150359e-03,
       4.27167863e-04, 1.28150359e-03, 1.70867145e-03, 8.54335725e-04,
       8.54335725e-04, 1.70867145e-03, 2.99017504e-03, 2.13583931e-03,
       8.54335725e-04, 8.54335725e-04, 8.54335725e-04, 0.,
       3.41734290e-03, 1.70867145e-03, 5.12601435e-03, 4.27167863e-04,
       8.54335725e-04, 8.54335725e-04, 2.56300718e-03, 1.28150359e-03,
       0., 4.27167863e-04, 2.99017504e-03, 1.28150359e-03, 0., 0.,
       1.70867145e-03, 2.56300718e-03, 0., 4.27167863e-04,
       8.54335725e-04, 0., 8.54335725e-04, 2.99017504e-03,
       2.99017504e-03, 3.41734290e-03, 4.27167863e-04, 1.70867145e-03,
       1.70867145e-03, 4.27167863e-04, 1.70867145e-03, 4.27167863e-04,
       0., 2.13583931e-03, 2.13583931e-03, 1.70867145e-03,
       8.54335725e-04, 1.28150359e-03, 4.27167863e-04, 8.54335725e-04,
       4.27167863e-04, 1.28150359e-03, 4.27167863e-04, 1.70867145e-03,
       1.28150359e-03, 4.27167863e-04, 1.70867145e-03, 4.27167863e-03,
       1.70867145e-03, 8.54335725e-04, 3.41734290e-03, 8.54335725e-04,
       6.40751794e-03, 8.54335725e-04, 7.26185367e-03, 4.27167863e-04,
       4.27167863e-04, 2.99017504e-03, 1.28150359e-03, 1.28150359e-03,
       0., 4.69884649e-03, 0., 8.54335725e-04, 4.27167863e-04,
       4.27167863e-04, 1.28150359e-03, 0., 4.27167863e-04,
       4.27167863e-04, 5.12601435e-03, 2.13583931e-03, 8.54335725e-04,
       1.28150359e-03, 2.56300718e-03, 4.27167863e-04, 1.28150359e-03,
       4.27167863e-04, 1.70867145e-03, 1.28150359e-03, 8.54335725e-04,
       0., 4.27167863e-04, 1.28150359e-03, 8.54335725e-04,
       4.27167863e-04, 1.70867145e-03, 1.70867145e-03, 2.56300718e-03,
       4.27167863e-04, 1.70867145e-03, 8.54335725e-04, 8.54335725e-04,
       2.56300718e-03, 4.27167863e-04, 1.70867145e-03, 1.28150359e-03,
       0., 4.27167863e-04, 3.84451076e-03, 1.70867145e-03,
       8.54335725e-04, 8.54335725e-04, 0., 0., 1.70867145e-03,
       4.27167863e-04, 0., 3.41734290e-03, 8.54335725e-04,
       1.70867145e-03, 4.27167863e-04, 0., 4.27167863e-04, 0.,
       1.28150359e-03, 1.70867145e-03, 1.28150359e-03, 0.,
       8.54335725e-04, 0., 4.27167863e-04, 1.70867145e-03,
       4.27167863e-04, 8.54335725e-04, 4.27167863e-04, 1.28150359e-03,
       4.27167863e-04, 2.99017504e-03, 1.70867145e-03, 2.56300718e-03,
       8.54335725e-04, 1.70867145e-03, 0., 4.27167863e-04,
       1.70867145e-03, 1.28150359e-03, 4.27167863e-04, 3.84451076e-03,
       1.70867145e-03, 0., 5.55318221e-03, 0., 1.28150359e-03,
       8.54335725e-04, 2.56300718e-03, 1.28150359e-03, 0.,
       2.13583931e-03, 4.27167863e-04, 8.54335725e-04, 0.,
       4.27167863e-04, 4.69884649e-03, 2.99017504e-03, 3.41734290e-03,
       2.56300718e-03, 3.41734290e-03, 2.99017504e-03, 1.28150359e-03,
       1.70867145e-03, 8.54335725e-04, 4.27167863e-04, 8.54335725e-04,
       8.54335725e-04, 1.28150359e-03, 8.54335725e-04, 4.27167863e-04,
       2.56300718e-03, 2.56300718e-03, 8.54335725e-04, 1.28150359e-03,
       2.13583931e-03, 0., 4.27167863e-04, 1.70867145e-03,
       1.70867145e-03, 0., 8.54335725e-04, 0., 4.27167863e-04,
       1.28150359e-03, 0., 8.54335725e-04, 3.41734290e-03,
       2.13583931e-03, 4.27167863e-04, 1.70867145e-03, 0.,
       1.28150359e-03, 8.54335725e-04, 0., 0., 6.40751794e-03,
       2.99017504e-03, 1.70867145e-03, 2.99017504e-03, 1.28150359e-03,
       1.28150359e-03, 8.54335725e-04, 4.27167863e-04, 4.27167863e-04,
       0., 1.70867145e-03, 4.27167863e-04, 0., 0., 2.13583931e-03,
       1.70867145e-03, 8.54335725e-04, 8.54335725e-04, 4.27167863e-04,
       8.54335725e-04, 0., 0., 8.54335725e-04, 4.27167863e-04,
       1.70867145e-03, 4.27167863e-04, 0., 2.13583931e-03,
       8.54335725e-04, 8.54335725e-04, 0., 8.54335725e-04,
       8.54335725e-04, 0., 9.39769298e-03, 8.54335725e-04,
       4.27167863e-03, 4.27167863e-04, 4.27167863e-04, 8.54335725e-04,
       0., 0., 2.13583931e-03, 8.54335725e-04, 0., 0., 4.27167863e-04,
       2.99017504e-03, 1.70867145e-03, 8.54335725e-04, 1.28150359e-03,
       8.54335725e-04, 2.13583931e-03, 2.56300718e-03, 0.,
       4.69884649e-03, 2.99017504e-03, 4.69884649e-03, 4.27167863e-04,
       0., 8.54335725e-04, 3.84451076e-03, 3.84451076e-03,
       4.27167863e-04, 0., 8.54335725e-04, 3.84451076e-03,
       1.28150359e-03, 1.70867145e-03, 2.56300718e-03, 1.28150359e-03,
       2.56300718e-03, 8.54335725e-04, 1.70867145e-03, 2.13583931e-03,
       2.13583931e-03, 0., 1.70867145e-03, 0., 0., 2.13583931e-03,
       2.13583931e-03, 2.13583931e-03, 1.70867145e-03, 0.,
       8.54335725e-04, 4.27167863e-04, 2.56300718e-03, 2.99017504e-03,
       8.54335725e-04, 0., 1.28150359e-03, 8.54335725e-04,
       1.28150359e-03, 2.13583931e-03, 4.27167863e-04, 2.13583931e-03,
       0., 2.56300718e-03, 4.27167863e-04, 8.54335725e-04,
       1.70867145e-03, 8.54335725e-04, 1.70867145e-03, 1.70867145e-03,
       1.28150359e-03, 1.70867145e-03, 4.27167863e-04, 1.28150359e-03,
       4.27167863e-04, 1.28150359e-03, 8.54335725e-04, 4.27167863e-04,
       1.70867145e-03, 0., 2.13583931e-03, 2.56300718e-03, 0.,
       1.28150359e-03, 2.13583931e-03, 0., 4.27167863e-04,
       8.54335725e-04, 4.27167863e-04, 1.70867145e-03, 1.28150359e-03,
       2.13583931e-03, 0., 1.28150359e-03, 8.54335725e-04,
       8.54335725e-04, 8.54335725e-04, 4.27167863e-04, 1.28150359e-03,
       2.99017504e-03, 4.27167863e-04, 4.27167863e-04, 4.27167863e-04,
       2.13583931e-03, 4.27167863e-04, 1.70867145e-03, 0.,
       4.27167863e-04, 1.28150359e-03, 2.56300718e-03, 1.70867145e-03,
       1.70867145e-03, 0., 1.28150359e-03, 1.28150359e-03,
       2.56300718e-03, 1.70867145e-03, 4.27167863e-04, 1.70867145e-03,
       4.27167863e-04, 0., 1.70867145e-03, 0., 8.54335725e-04,
       4.27167863e-04, 0., 0., 0., 0., 1.28150359e-03, 1.70867145e-03,
       0., 1.70867145e-03, 8.54335725e-04, 2.99017504e-03,
       1.28150359e-03, 1.70867145e-03, 1.70867145e-03, 2.99017504e-03,
       8.54335725e-04, 8.54335725e-04, 0., 1.70867145e-03,
       1.70867145e-03, 1.28150359e-03, 2.56300718e-03, 0.,
       4.27167863e-04, 1.70867145e-03, 0., 4.27167863e-04,
       4.27167863e-04, 0., 1.70867145e-03, 8.54335725e-04, 0.,
       4.27167863e-04, 8.54335725e-04, 1.70867145e-03, 8.54335725e-04,
       8.54335725e-04, 8.54335725e-04, 4.27167863e-04, 3.41734290e-03,
       2.56300718e-03, 2.56300718e-03, 4.27167863e-04, 4.27167863e-04,
       2.13583931e-03, 0., 8.54335725e-04, 0., 1.70867145e-03, 0.,
       1.28150359e-03, 0., 1.70867145e-03, 2.56300718e-03,
       8.54335725e-04, 1.28150359e-03, 1.70867145e-03, 1.28150359e-03,
       6.83468580e-03, 8.54335725e-04, 4.27167863e-04, 4.27167863e-04,
       8.54335725e-04, 1.28150359e-03, 1.70867145e-03, 1.28150359e-03,
       4.27167863e-04, 1.28150359e-03, 2.13583931e-03, 2.13583931e-03,
       0., 8.54335725e-04, 3.41734290e-03, 0., 4.27167863e-03,
       2.13583931e-03, 1.70867145e-03, 1.70867145e-03, 1.70867145e-03,
       1.28150359e-03, 4.27167863e-04, 4.27167863e-04, 0.,
       4.27167863e-04, 8.54335725e-04, 0., 8.54335725e-04, 0.,
       1.28150359e-03, 8.54335725e-04, 2.56300718e-03, 1.28150359e-03,
