%YAML:1.0
m25f: !!opencv-matrix
   rows: 1
   cols: 800
   dt: f
   data: [ 0., 1.59574463e-03, 5.31914877e-04, 1.59574463e-03,
       5.31914877e-04, 5.31914877e-04, 2.65957438e-03, 2.65957438e-03,
       1.59574463e-03, 1.06382975e-03, 0., 1.06382975e-03,
       5.31914877e-04, 1.59574463e-03, 0., 5.31914877e-04,
       5.31914877e-04, 3.19148926e-03, 1.06382975e-03, 0.,
       5.31914877e-04, 0., 1.06382975e-03, 0., 5.31914877e-04,
       1.06382975e-03, 1.59574463e-03, 5.31914877e-04, 0., 0.,
       1.59574463e-03, 2.65957438e-03, 1.06382975e-03, 2.65957438e-03,
       1.06382975e-03, 0., 5.31914877e-04, 4.25531901e-03,
       2.12765951e-03, 5.31914877e-04, 2.65957438e-03, 3.19148926e-03,
       1.06382975e-03, 6.38297852e-03, 3.19148926e-03, 1.59574463e-03,
       5.31914877e-04, 0., 5.31914877e-04, 0., 0., 1.59574463e-03,
       1.06382975e-03, 2.65957438e-03, 5.31914877e-04, 1.59574463e-03,
       2.12765951e-03, 1.59574463e-03, 5.31914877e-04, 5.31914877e-03,
       0., 5.31914877e-04, 1.59574463e-03, 1.06382975e-03,
       1.06382975e-03, 5.31914877e-04, 0., 0., 5.31914877e-04,
       5.31914877e-04, 0., 3.19148926e-03, 0., 0., 5.31914877e-04,
       2.65957438e-03, 0., 0., 1.06382975e-03, 1.59574463e-03,
       5.31914877e-04, 0., 5.31914877e-04, 1.59574463e-03,
       1.06382975e-03, 3.72340414e-03, 1.06382975e-03, 1.59574463e-03,
       1.59574463e-03, 1.06382975e-03, 0., 1.06382975e-03,
       2.65957438e-03, 1.59574463e-03, 0., 3.72340414e-03,
       2.12765951e-03, 2.65957438e-03, 2.65957438e-03, 2.12765951e-03,
       5.31914877e-04, 1.06382975e-03, 5.31914877e-04, 5.31914877e-04,
       0., 1.06382975e-03, 0., 5.31914877e-04, 5.31914877e-04,
       2.12765951e-03, 0., 1.59574463e-03, 0., 1.06382975e-03,
       1.06382975e-03, 2.12765951e-03, 0., 4.78723366e-03,
       1.06382975e-03, 2.65957438e-03, 2.12765951e-03, 4.25531901e-03,
       0., 5.31914877e-03, 0., 0., 2.12765951e-03, 5.31914877e-04,
       5.31914877e-04, 3.72340414e-03, 0., 2.12765951e-03,
       2.12765951e-03, 1.06382975e-03, 5.31914877e-04, 1.06382975e-03,
       3.19148926e-03, 3.19148926e-03, 2.12765951e-03, 1.06382975e-03,
       0., 5.31914877e-03, 1.06382975e-03, 0., 5.31914877e-04,
       2.65957438e-03, 1.59574463e-03, 0., 5.31914877e-04,
       2.65957438e-03, 0., 5.31914877e-04, 0., 3.19148926e-03,
       1.06382975e-03, 1.06382975e-03, 0., 2.12765951e-03,
       2.65957438e-03, 5.31914877e-04, 1.06382975e-03, 0., 0.,
       1.06382975e-03, 0., 1.06382975e-03, 0., 2.12765951e-03, 0.,
       2.12765951e-03, 1.59574463e-03, 2.12765951e-03, 2.12765951e-03,
       3.19148926e-03, 1.59574463e-03, 0., 1.59574463e-03,
       5.31914877e-04, 1.06382975e-03, 1.59574463e-03, 2.12765951e-03,
       5.31914877e-04, 5.31914877e-04, 1.06382975e-03, 1.06382975e-03,
       2.12765951e-03, 5.31914877e-04, 1.59574463e-03, 0.,
       2.12765951e-03, 0., 3.19148926e-03, 1.59574463e-03,
       1.59574463e-03, 3.72340414e-03, 5.31914877e-04, 5.31914877e-04,
       0., 5.31914877e-04, 1.06382975e-03, 1.59574463e-03,
       2.65957438e-03, 1.06382975e-03, 1.06382975e-03, 1.06382975e-03,
       1.59574463e-03, 1.06382975e-03, 2.12765951e-03, 1.59574463e-03,
       4.25531901e-03, 1.59574463e-03, 5.31914877e-04, 0.,
       5.31914877e-04, 1.59574463e-03, 5.31914877e-04, 5.31914877e-04,
       0., 0., 4.25531901e-03, 1.06382975e-03, 0., 0., 2.65957438e-03,
       5.31914877e-04, 2.12765951e-03, 5.31914877e-04, 5.31914877e-04,
       2.12765951e-03, 1.06382975e-03, 0., 1.59574463e-03,
       2.12765951e-03, 1.06382975e-03, 1.06382975e-03, 1.06382975e-03,
       0., 0., 3.19148926e-03, 3.19148926e-03, 5.31914877e-04,
       1.59574463e-03, 1.06382975e-03, 6.38297852e-03, 0.,
       1.06382975e-03, 5.31914877e-04, 2.65957438e-03, 0.,
       1.06382975e-03, 0., 5.31914877e-04, 0., 3.19148926e-03,
       1.06382975e-03, 0., 5.31914877e-04, 1.59574463e-03, 0.,
       1.59574463e-03, 3.72340414e-03, 1.06382975e-03, 4.78723366e-03,
       5.31914877e-04, 5.31914877e-04, 1.59574463e-03, 0.,
       5.31914877e-04, 2.12765951e-03, 1.59574463e-03, 5.31914877e-04,
       0., 5.31914877e-04, 2.12765951e-03, 0., 0., 1.06382975e-03,
       1.06382975e-03, 0., 2.12765951e-03, 3.72340414e-03,
       5.31914877e-04, 3.19148926e-03, 3.72340414e-03, 0., 0.,
       1.59574463e-03, 1.06382975e-03, 0., 1.59574463e-03,
       1.06382975e-03, 2.12765951e-03, 0., 1.06382975e-03,
       1.06382975e-03, 2.65957438e-03, 1.59574463e-03, 2.12765951e-03,
       1.59574463e-03, 5.31914877e-04, 1.59574463e-03, 4.25531901e-03,
       0., 0., 5.31914877e-04, 0., 1.59574463e-03, 2.65957438e-03, 0.,
       5.31914877e-04, 0., 3.72340414e-03, 1.06382975e-03,
       5.31914877e-04, 0., 5.31914877e-04, 9.57446732e-03,
       1.06382975e-03, 1.59574463e-03, 1.06382975e-03, 3.19148926e-03,
       1.59574463e-03, 2.12765951e-03, 2.65957438e-03, 0.,
       5.31914877e-04, 1.59574463e-03, 3.19148926e-03, 1.06382975e-03,
       5.31914877e-04, 5.31914877e-04, 0., 0., 0., 1.06382975e-03,
       5.31914877e-04, 5.31914877e-04, 1.06382975e-03, 2.12765951e-03,
       0., 1.06382975e-03, 5.31914877e-04, 2.65957438e-03,
       2.65957438e-03, 0., 3.19148926e-03, 1.06382975e-03,
       1.59574463e-03, 5.31914877e-04, 1.06382975e-03, 5.31914877e-04,
       0., 0., 5.31914877e-04, 6.38297852e-03, 0., 0., 1.06382975e-03,
       2.65957438e-03, 5.31914877e-04, 0., 5.31914877e-04,
       1.06382975e-03, 5.31914877e-04, 1.06382975e-03, 1.06382975e-03,
       2.12765951e-03, 3.72340414e-03, 1.06382975e-03, 1.59574463e-03,
       5.31914877e-04, 0., 5.31914877e-04, 5.31914877e-04,
       2.65957438e-03, 1.06382975e-03, 1.59574463e-03, 2.12765951e-03,
       2.65957438e-03, 3.72340414e-03, 3.72340414e-03, 0., 0.,
       1.06382975e-03, 0., 1.59574463e-03, 1.06382975e-03,
       3.19148926e-03, 3.19148926e-03, 1.59574463e-03, 0.,
       1.06382975e-03, 5.31914877e-04, 4.78723366e-03, 1.06382975e-03,
       4.25531901e-03, 1.59574463e-03, 5.31914877e-04, 5.31914877e-04,
       5.31914877e-04, 4.25531901e-03, 0., 1.06382975e-03,
       5.31914877e-04, 1.59574463e-03, 1.59574463e-03, 0.,
       5.31914877e-04, 1.06382975e-03, 5.31914877e-04, 0.,
       1.06382975e-03, 5.31914877e-03, 1.06382975e-03, 5.31914877e-04,
       2.12765951e-03, 0., 1.59574463e-03, 0., 0., 1.06382975e-03,
       5.31914877e-04, 0., 1.06382975e-03, 3.72340414e-03, 0., 0.,
       1.06382975e-03, 0., 0., 5.31914877e-04, 0., 2.65957438e-03,
       1.06382975e-03, 1.06382975e-03, 5.31914877e-04, 5.31914877e-04,
       2.65957438e-03, 1.06382975e-03, 0., 2.65957438e-03,
       5.31914877e-04, 2.12765951e-03, 1.06382975e-03, 5.31914877e-04,
       2.12765951e-03, 0., 1.06382975e-03, 0., 0., 1.06382975e-03,
       2.65957438e-03, 0., 1.06382975e-03, 1.06382975e-03, 0.,
       1.59574463e-03, 0., 1.59574463e-03, 2.65957438e-03,
       1.06382975e-03, 0., 0., 1.59574463e-03, 2.12765951e-03,
       1.06382975e-03, 1.59574463e-03, 0., 3.19148926e-03,
       2.12765951e-03, 1.06382975e-03, 5.31914877e-04, 0.,
       3.19148926e-03, 1.06382975e-03, 5.31914877e-04, 1.59574463e-03,
       3.19148926e-03, 1.59574463e-03, 5.31914877e-04, 2.12765951e-03,
       2.65957438e-03, 2.65957438e-03, 5.31914877e-04, 1.06382975e-03,
       3.72340414e-03, 0., 1.06382975e-03, 2.65957438e-03,
       1.59574463e-03, 1.06382975e-03, 2.65957438e-03, 5.31914877e-04,
       4.78723366e-03, 0., 1.06382975e-03, 1.59574463e-03,
       5.31914877e-04, 3.19148926e-03, 0., 2.12765951e-03,
       1.06382975e-03, 1.59574463e-03, 3.19148926e-03, 0.,
       2.12765951e-03, 0., 3.72340414e-03, 3.19148926e-03,
       5.31914877e-04, 1.06382975e-03, 2.12765951e-03, 2.65957438e-03,
       1.06382975e-03, 2.12765951e-03, 1.06382975e-03, 2.12765951e-03,
       1.06382975e-03, 3.72340414e-03, 2.12765951e-03, 4.78723366e-03,
       2.12765951e-03, 2.65957438e-03, 2.12765951e-03, 5.31914877e-04,
       0., 3.72340414e-03, 0., 1.06382975e-03, 1.06382975e-03, 0.,
