%YAML:1.0
m25f: !!opencv-matrix
   rows: 1
   cols: 800
   dt: f
   data: [ 9.06618312e-04, 9.06618312e-04, 1.35992747e-03, 0.,
       2.26654578e-03, 0., 2.26654578e-03, 1.81323662e-03,
       3.17316409e-03, 4.53309156e-04, 9.06618312e-04, 1.35992747e-03,
       0., 4.53309156e-04, 4.53309156e-04, 9.06618312e-04,
       4.53309156e-04, 9.06618312e-04, 0., 1.81323662e-03,
       1.35992747e-03, 4.53309156e-04, 4.53309156e-04, 9.06618312e-04,
       1.81323662e-03, 4.53309156e-04, 0., 4.53309156e-04, 0.,
       1.35992747e-03, 4.53309156e-04, 1.81323662e-03, 3.17316409e-03,
       1.35992747e-03, 4.53309156e-04, 2.71985494e-03, 0.,
       9.06618312e-04, 0., 0., 4.53309156e-04, 9.06618312e-04,
       9.06618312e-04, 4.53309156e-04, 0., 1.35992747e-03,
       2.26654578e-03, 9.06618312e-04, 4.53309156e-04, 0.,
       1.35992747e-03, 1.35992747e-03, 1.35992747e-03, 0.,
       9.06618312e-04, 1.81323662e-03, 1.35992747e-03, 9.06618312e-04,
       9.06618312e-04, 4.53309156e-03, 2.26654578e-03, 4.53309156e-04,
       1.81323662e-03, 0., 2.71985494e-03, 0., 2.26654578e-03,
       3.17316409e-03, 1.35992747e-03, 9.06618312e-04, 0.,
       1.81323662e-03, 0., 1.81323662e-03, 0., 9.06618312e-04, 0.,
       4.53309156e-04, 1.35992747e-03, 3.17316409e-03, 1.35992747e-03,
       0., 4.53309156e-04, 4.53309156e-04, 9.06618312e-04,
       1.35992747e-03, 9.06618312e-04, 1.35992747e-03, 1.81323662e-03,
       0., 4.53309156e-04, 4.53309156e-04, 4.53309156e-04,
       4.53309156e-04, 5.89301903e-03, 9.06618312e-04, 1.81323662e-03,
       9.06618312e-04, 2.71985494e-03, 1.35992747e-03, 0.,
       2.26654578e-03, 2.26654578e-03, 0., 4.53309156e-04,
       1.81323662e-03, 4.53309156e-04, 2.71985494e-03, 0.,
       4.53309156e-04, 0., 1.81323662e-03, 1.35992747e-03,
       2.71985494e-03, 3.17316409e-03, 1.81323662e-03, 0.,
       2.71985494e-03, 0., 3.17316409e-03, 1.81323662e-03,
       1.81323662e-03, 1.35992747e-03, 4.07978240e-03, 0.,
       1.81323662e-03, 1.35992747e-03, 4.53309156e-04, 3.17316409e-03,
       2.71985494e-03, 4.53309156e-04, 1.35992747e-03, 2.26654578e-03,
       4.53309156e-04, 1.35992747e-03, 0., 3.17316409e-03,
       1.35992747e-03, 2.26654578e-03, 4.07978240e-03, 1.35992747e-03,
       1.81323662e-03, 4.53309156e-04, 9.06618312e-04, 1.81323662e-03,
       4.53309156e-04, 0., 4.53309156e-04, 9.06618312e-04,
       1.35992747e-03, 0., 0., 1.81323662e-03, 4.53309156e-04,
       1.35992747e-03, 4.53309156e-03, 0., 4.53309156e-04,
       1.81323662e-03, 1.35992747e-03, 4.53309156e-04, 9.06618312e-04,
       2.26654578e-03, 1.35992747e-03, 0., 3.17316409e-03, 0.,
       1.81323662e-03, 9.06618312e-04, 1.81323662e-03, 2.71985494e-03,
       1.81323662e-03, 6.34632818e-03, 9.06618312e-04, 1.81323662e-03,
       4.53309156e-04, 9.06618312e-04, 4.53309156e-04, 2.71985494e-03,
       9.06618312e-04, 0., 1.35992747e-03, 4.53309156e-04,
       1.35992747e-03, 9.06618312e-04, 1.35992747e-03, 1.81323662e-03,
       4.53309156e-04, 4.53309156e-04, 4.53309156e-04, 4.53309156e-04,
       4.53309156e-04, 3.17316409e-03, 2.71985494e-03, 9.06618312e-04,
       4.53309156e-04, 1.35992747e-03, 1.81323662e-03, 4.53309156e-04,
       0., 4.53309156e-04, 2.26654578e-03, 9.06618312e-04,
       4.98640072e-03, 9.06618312e-04, 2.71985494e-03, 0.,
       9.06618312e-04, 2.26654578e-03, 1.35992747e-03, 9.06618312e-04,
       4.53309156e-04, 4.53309156e-04, 4.53309156e-04, 3.17316409e-03,
       1.35992747e-03, 0., 1.81323662e-03, 3.62647325e-03,
       2.26654578e-03, 1.81323662e-03, 9.06618312e-04, 9.06618312e-04,
       0., 4.53309156e-04, 4.53309156e-04, 9.06618312e-04, 0.,
       9.06618312e-04, 0., 4.53309156e-04, 2.71985494e-03,
       9.06618312e-04, 0., 2.26654578e-03, 9.06618312e-04,
       1.35992747e-03, 4.53309156e-04, 2.71985494e-03, 0.,
       1.35992747e-03, 4.53309156e-04, 4.53309156e-04, 2.26654578e-03,
       0., 0., 0., 2.26654578e-03, 9.06618312e-04, 9.06618312e-04,
       1.35992747e-03, 9.06618312e-04, 9.06618312e-04, 2.26654578e-03,
       0., 4.53309156e-04, 1.81323662e-03, 0., 4.53309156e-04,
       1.35992747e-03, 1.81323662e-03, 2.71985494e-03, 1.35992747e-03,
       2.26654578e-03, 9.06618312e-04, 1.81323662e-03, 0.,
       4.53309156e-04, 4.53309156e-04, 1.35992747e-03, 9.06618312e-04,
       0., 0., 0., 1.35992747e-03, 0., 1.81323662e-03, 9.06618312e-04,
       1.81323662e-03, 2.71985494e-03, 4.53309156e-04, 3.17316409e-03,
       3.62647325e-03, 1.35992747e-03, 0., 9.06618312e-04, 0.,
       2.71985494e-03, 0., 3.17316409e-03, 1.35992747e-03,
       2.71985494e-03, 9.06618312e-04, 1.35992747e-03, 0.,
       9.06618312e-04, 8.15956481e-03, 9.06618312e-04, 1.35992747e-03,
       0., 9.06618312e-04, 0., 2.26654578e-03, 9.06618312e-04,
       3.17316409e-03, 9.06618312e-04, 1.35992747e-03, 0.,
       1.35992747e-03, 9.06618312e-04, 3.17316409e-03, 0., 0.,
       4.53309156e-04, 0., 9.06618312e-04, 6.79963734e-03,
       2.26654578e-03, 4.53309156e-04, 1.35992747e-03, 2.26654578e-03,
       4.53309156e-04, 1.81323662e-03, 1.35992747e-03, 4.53309156e-04,
       2.26654578e-03, 9.06618312e-04, 4.53309156e-04, 4.07978240e-03,
       0., 1.81323662e-03, 0., 4.53309156e-04, 4.53309156e-04, 0.,
       9.06618312e-04, 2.71985494e-03, 4.53309156e-04, 4.07978240e-03,
       3.17316409e-03, 4.98640072e-03, 4.53309156e-04, 1.81323662e-03,
       1.35992747e-03, 9.06618312e-04, 3.62647325e-03, 2.71985494e-03,
       9.06618312e-04, 1.81323662e-03, 4.53309156e-04, 9.06618312e-04,
       0., 4.53309156e-04, 1.81323662e-03, 3.62647325e-03, 0.,
       1.35992747e-03, 3.62647325e-03, 9.06618312e-04, 1.35992747e-03,
       2.26654578e-03, 1.81323662e-03, 4.53309156e-04, 1.81323662e-03,
       1.35992747e-03, 0., 1.35992747e-03, 2.71985494e-03,
       4.53309156e-04, 1.81323662e-03, 9.06618312e-04, 4.53309156e-04,
       1.35992747e-03, 9.06618312e-04, 2.26654578e-03, 0.,
       4.53309156e-04, 1.81323662e-03, 9.06618312e-04, 0.,
       9.06618312e-04, 1.81323662e-03, 4.53309156e-04, 9.06618312e-04,
       0., 3.62647325e-03, 2.71985494e-03, 1.81323662e-03,
       4.53309156e-04, 9.06618312e-04, 4.53309156e-03, 2.26654578e-03,
       0., 1.35992747e-03, 2.71985494e-03, 2.26654578e-03,
       9.06618312e-04, 1.35992747e-03, 0., 1.81323662e-03,
       1.35992747e-03, 2.26654578e-03, 4.53309156e-04, 4.53309156e-04,
       1.35992747e-03, 1.35992747e-03, 9.06618312e-04, 4.53309156e-04,
       0., 9.06618312e-04, 4.53309156e-04, 4.07978240e-03,
       4.53309156e-04, 1.35992747e-03, 9.06618312e-04, 0.,
       4.53309156e-04, 0., 0., 9.06618312e-04, 9.06618312e-04,
       1.35992747e-03, 9.06618312e-04, 1.35992747e-03, 2.71985494e-03,
       1.81323662e-03, 1.35992747e-03, 9.06618312e-04, 9.06618312e-04,
       2.26654578e-03, 4.53309156e-04, 0., 9.06618312e-04,
       1.35992747e-03, 2.26654578e-03, 4.53309156e-04, 4.53309156e-04,
       4.07978240e-03, 4.53309156e-04, 0., 9.06618312e-04,
       4.53309156e-04, 2.71985494e-03, 9.06618312e-04, 1.35992747e-03,
       9.06618312e-04, 4.53309156e-04, 1.35992747e-03, 4.53309156e-04,
       9.06618312e-04, 0., 4.07978240e-03, 0., 5.89301903e-03,
       9.06618312e-04, 9.06618312e-04, 0., 4.53309156e-04, 0.,
       1.35992747e-03, 3.17316409e-03, 1.35992747e-03, 0.,
       9.06618312e-04, 1.35992747e-03, 4.53309156e-04, 4.53309156e-04,
       0., 4.53309156e-04, 2.26654578e-03, 4.53309156e-04, 0.,
       2.26654578e-03, 2.71985494e-03, 9.06618312e-04, 0.,
       2.71985494e-03, 2.71985494e-03, 2.26654578e-03, 4.53309156e-04,
       1.81323662e-03, 9.06618312e-04, 0., 0., 1.81323662e-03,
       4.53309156e-04, 9.06618312e-04, 0., 2.26654578e-03,
       9.06618312e-04, 3.17316409e-03, 2.26654578e-03, 4.98640072e-03,
       9.06618312e-04, 1.35992747e-03, 1.35992747e-03, 1.35992747e-03,
       3.17316409e-03, 1.81323662e-03, 0., 9.06618312e-04, 0.,
       2.26654578e-03, 3.62647325e-03, 0., 1.35992747e-03,
       4.53309156e-04, 3.17316409e-03, 4.53309156e-03, 4.53309156e-04,
