%YAML:1.0
m25f: !!opencv-matrix
   rows: 1
   cols: 800
   dt: f
   data: [ 2.39693187e-03, 9.58772784e-04, 9.58772784e-04,
       1.91754557e-03, 9.58772784e-04, 4.79386392e-04, 2.39693187e-03,
       9.58772784e-04, 2.39693187e-03, 9.58772784e-04, 1.43815915e-03,
       1.43815915e-03, 4.79386392e-04, 1.43815915e-03, 4.79386392e-04,
       4.79386392e-04, 1.43815915e-03, 4.79386392e-04, 4.79386392e-04,
       9.58772784e-04, 4.79386392e-04, 9.58772784e-04, 4.79386392e-04,
       5.75263659e-03, 0., 1.91754557e-03, 0., 1.43815915e-03, 0.,
       4.31447756e-03, 3.35570471e-03, 4.79386392e-04, 1.43815915e-03,
       1.43815915e-03, 4.79386392e-04, 0., 4.79386392e-04,
       9.58772784e-04, 1.43815915e-03, 0., 0., 1.43815915e-03,
       9.58772784e-04, 9.58772784e-04, 0., 2.87631829e-03,
       1.43815915e-03, 4.79386392e-04, 0., 0., 4.79386392e-04,
       1.43815915e-03, 3.35570471e-03, 0., 1.91754557e-03, 0.,
       4.79386392e-04, 4.79386392e-04, 1.91754557e-03, 9.58772784e-04,
       0., 4.79386392e-04, 4.79386392e-04, 4.79386392e-04,
       2.39693187e-03, 0., 0., 4.79386392e-04, 3.83509113e-03,
       9.58772784e-04, 4.79386392e-04, 4.79386392e-04, 0.,
       9.58772784e-04, 2.39693187e-03, 4.79386392e-04, 4.79386392e-04,
       0., 4.79386392e-04, 3.83509113e-03, 0., 0., 9.58772784e-04, 0.,
       0., 2.39693187e-03, 9.58772784e-04, 2.87631829e-03,
       1.43815915e-03, 2.39693187e-03, 9.58772784e-04, 4.79386392e-04,
       9.58772784e-04, 4.79386392e-04, 1.91754557e-03, 9.58772784e-04,
       4.79386392e-04, 3.35570471e-03, 4.79386392e-04, 2.39693187e-03,
       4.79386392e-04, 4.79386392e-04, 2.87631829e-03, 0., 0.,
       2.39693187e-03, 1.91754557e-03, 4.79386392e-04, 4.79386392e-04,
       4.79386392e-04, 1.43815915e-03, 1.91754557e-03, 4.79386392e-04,
       9.58772784e-04, 1.15052732e-02, 9.58772784e-04, 2.87631829e-03,
       3.83509113e-03, 4.79386392e-04, 1.91754557e-03, 4.79386392e-04,
       1.91754557e-03, 9.58772784e-04, 1.86960697e-02, 4.79386392e-04,
       9.58772784e-04, 1.91754557e-03, 9.58772784e-04, 9.58772784e-04,
       4.79386392e-04, 9.58772784e-04, 2.87631829e-03, 3.83509113e-03,
       4.79386392e-04, 1.91754557e-03, 1.43815915e-03, 0.,
       4.79386392e-04, 1.43815915e-03, 0., 3.35570471e-03,
       9.58772784e-04, 0., 0., 0., 9.58772784e-04, 1.43815915e-03,
       4.79386392e-04, 0., 1.43815915e-03, 0., 0., 1.43815915e-03,
       4.79386392e-04, 9.58772784e-04, 7.67018227e-03, 0.,
       1.91754557e-03, 1.43815915e-03, 2.39693187e-03, 0.,
       9.58772784e-04, 9.58772784e-04, 2.39693187e-03, 1.43815915e-03,
       9.58772784e-04, 0., 2.87631829e-03, 4.79386392e-04,
       4.79386392e-04, 1.43815915e-03, 2.39693187e-03, 2.87631829e-03,
       9.58772784e-04, 1.91754557e-03, 0., 1.43815915e-03,
       4.79386392e-04, 1.91754557e-03, 0., 1.91754557e-03,
       4.31447756e-03, 0., 9.58772784e-04, 1.43815915e-03,
       1.43815915e-03, 4.79386392e-04, 2.39693187e-03, 0.,
       2.87631829e-03, 9.58772784e-04, 1.91754557e-03, 9.58772784e-04,
       4.79386392e-04, 4.79386392e-04, 4.79386392e-04, 1.43815915e-03,
       9.58772784e-04, 4.79386392e-04, 4.79386392e-04, 2.39693187e-03,
       0., 1.91754557e-03, 3.35570471e-03, 0., 9.58772784e-04,
       3.83509113e-03, 0., 9.58772784e-04, 9.58772784e-04,
       1.91754557e-03, 0., 0., 4.79386392e-04, 1.91754557e-03, 0.,
       1.43815915e-03, 1.91754557e-03, 9.58772784e-04, 1.43815915e-03,
       1.91754557e-03, 5.27325040e-03, 1.91754557e-03, 4.79386392e-04,
       4.79386392e-04, 0., 4.79386392e-04, 9.58772784e-04,
       2.39693187e-03, 4.79386392e-04, 0., 4.79386374e-03, 0.,
       9.58772784e-04, 9.58772784e-04, 3.35570471e-03, 1.91754557e-03,
       9.58772784e-04, 1.43815915e-03, 6.71140943e-03, 1.91754557e-03,
       3.83509113e-03, 0., 4.79386392e-04, 0., 0., 5.27325040e-03,
       9.58772784e-04, 0., 2.39693187e-03, 4.79386392e-04,
       1.43815915e-03, 9.58772784e-04, 2.39693187e-03, 1.43815915e-03,
       1.43815915e-03, 4.79386392e-04, 3.83509113e-03, 1.91754557e-03,
       9.58772784e-04, 1.43815915e-03, 4.79386392e-04, 4.79386392e-04,
       4.79386392e-04, 1.43815915e-03, 4.79386392e-04, 2.87631829e-03,
       0., 4.79386392e-04, 0., 9.58772784e-04, 0., 0., 4.79386392e-04,
       9.58772784e-04, 0., 9.58772784e-04, 1.43815915e-03,
       4.79386392e-04, 1.91754557e-03, 4.79386392e-04, 3.35570471e-03,
       3.35570471e-03, 4.79386392e-04, 1.91754557e-03, 1.43815915e-03,
       9.58772784e-04, 2.39693187e-03, 4.79386392e-04, 0.,
       1.43815915e-03, 5.75263659e-03, 1.43815915e-03, 3.35570471e-03,
       4.79386392e-04, 9.58772784e-04, 0., 9.58772784e-04,
       4.79386392e-04, 9.58772784e-04, 9.58772784e-04, 2.87631829e-03,
       2.39693187e-03, 4.79386392e-04, 2.39693187e-03, 1.43815915e-03,
       0., 9.58772784e-04, 1.43815915e-03, 0., 2.87631829e-03,
       3.35570471e-03, 4.31447756e-03, 0., 9.58772784e-04,
       9.58772784e-04, 6.23202324e-03, 1.43815915e-03, 4.79386392e-04,
       1.43815915e-03, 1.91754557e-03, 3.35570471e-03, 1.43815915e-03,
       1.91754557e-03, 2.87631829e-03, 1.43815915e-03, 3.83509113e-03,
       0., 1.43815915e-03, 1.91754557e-03, 2.39693187e-03, 0.,
       4.79386392e-04, 4.79386392e-04, 9.58772784e-04, 2.39693187e-03,
       0., 4.79386392e-04, 4.79386392e-04, 1.43815915e-03, 0., 0.,
       4.31447756e-03, 9.58772784e-04, 9.58772784e-04, 3.35570471e-03,
       4.79386392e-04, 9.58772784e-04, 1.91754557e-03, 0.,
       9.58772784e-04, 4.31447756e-03, 0., 1.43815915e-03, 0.,
       2.39693187e-03, 9.58772784e-04, 9.58772784e-04, 1.91754557e-03,
       1.43815915e-03, 1.43815915e-03, 9.58772784e-04, 1.91754557e-03,
       1.91754557e-03, 1.91754557e-03, 0., 9.58772784e-04,
       1.91754557e-03, 9.58772784e-04, 1.43815915e-03, 0.,
       4.79386392e-04, 0., 0., 1.43815915e-03, 1.43815915e-03, 0.,
       2.39693187e-03, 4.79386392e-04, 3.35570471e-03, 1.43815915e-03,
       9.58772784e-04, 4.79386392e-04, 9.58772784e-04, 4.79386392e-04,
       6.23202324e-03, 3.83509113e-03, 1.91754557e-03, 1.91754557e-03,
       4.79386392e-04, 0., 2.39693187e-03, 4.79386392e-04,
       1.43815915e-03, 9.58772784e-04, 2.39693187e-03, 4.79386392e-04,
       0., 1.43815915e-03, 0., 4.31447756e-03, 9.58772784e-04, 0.,
       1.91754557e-03, 0., 4.79386392e-04, 1.91754557e-03,
       1.91754557e-03, 1.91754557e-03, 1.43815915e-03, 4.79386392e-04,
       1.43815915e-03, 1.91754557e-03, 1.91754557e-03, 9.58772784e-04,
       0., 4.79386392e-04, 4.79386392e-04, 4.79386392e-04,
       1.91754557e-03, 3.35570471e-03, 4.79386392e-04, 3.35570471e-03,
       4.79386392e-04, 9.58772784e-04, 4.79386392e-04, 1.91754557e-03,
       0., 0., 1.43815915e-03, 9.58772784e-04, 0., 9.58772784e-04, 0.,
       9.58772784e-04, 1.91754557e-03, 0., 1.91754557e-03, 0., 0.,
       9.58772784e-04, 1.43815915e-03, 1.43815915e-03, 1.43815915e-03,
       1.91754557e-03, 9.58772784e-04, 0., 9.58772784e-04,
       2.87631829e-03, 0., 1.43815915e-03, 9.58772784e-04,
       4.79386392e-04, 1.43815915e-03, 2.39693187e-03, 9.58772784e-04,
       1.43815915e-03, 0., 9.58772784e-04, 1.91754557e-03,
       9.58772784e-04, 9.58772784e-04, 4.79386392e-04, 9.58772784e-04,
       4.79386374e-03, 1.91754557e-03, 0., 9.58772784e-04,
       9.58772784e-04, 4.79386392e-04, 0., 0., 1.91754557e-03,
       1.43815915e-03, 4.79386392e-04, 9.58772784e-04, 4.79386392e-04,
       4.79386392e-04, 9.58772784e-04, 9.58772784e-04, 2.39693187e-03,
       9.58772784e-04, 1.43815915e-03, 9.58772784e-04, 4.79386392e-04,
       0., 1.91754557e-03, 1.43815915e-03, 6.23202324e-03, 0.,
       2.39693187e-03, 9.58772784e-04, 0., 2.87631829e-03,
       2.39693187e-03, 4.79386392e-04, 9.58772784e-04, 9.58772784e-04,
       9.58772784e-04, 4.79386392e-04, 1.43815915e-03, 0.,
       3.35570471e-03, 2.39693187e-03, 1.43815915e-03, 1.43815915e-03,
       9.58772784e-04, 1.43815915e-03, 2.87631829e-03, 4.79386392e-04,
       0., 1.91754557e-03, 9.58772784e-04, 4.79386392e-04,
