%YAML:1.0
m25f: !!opencv-matrix
   rows: 1
   cols: 800
   dt: f
   data: [ 1.73535792e-03, 2.16919743e-03, 2.60303682e-03,
       1.30151841e-03, 2.16919743e-03, 4.33839479e-04, 1.30151841e-03,
       2.16919743e-03, 4.33839479e-04, 1.30151841e-03, 4.33839479e-04,
       1.30151841e-03, 2.16919743e-03, 1.30151841e-03, 6.50759228e-03,
       8.67678958e-04, 1.30151841e-03, 8.67678958e-04, 4.33839479e-04,
       1.73535792e-03, 4.33839479e-04, 1.30151841e-03, 1.73535792e-03,
       8.67678958e-04, 8.67678958e-04, 4.33839479e-04, 1.73535792e-03,
       8.67678958e-04, 0., 4.33839485e-03, 4.33839479e-04,
       4.33839479e-04, 1.73535792e-03, 1.73535792e-03, 8.67678958e-04,
       0., 4.33839479e-04, 8.67678958e-04, 4.33839479e-04, 0.,
       2.16919743e-03, 2.60303682e-03, 2.60303682e-03, 8.67678958e-04,
       2.16919743e-03, 8.67678958e-04, 1.30151841e-03, 1.73535792e-03,
       1.30151841e-03, 4.33839479e-04, 2.60303682e-03, 8.67678958e-04,
       4.33839479e-04, 1.30151841e-03, 1.30151841e-03, 8.67678958e-04,
       8.67678958e-04, 8.67678958e-04, 3.03687644e-03, 1.73535792e-03,
       4.33839479e-04, 1.73535792e-03, 0., 4.33839479e-04,
       4.33839485e-03, 1.73535792e-03, 4.77223424e-03, 0.,
       8.67678958e-04, 4.33839479e-04, 3.03687644e-03, 4.33839479e-04,
       0., 4.33839479e-04, 2.16919743e-03, 8.67678958e-04, 0.,
       4.33839479e-04, 8.67678958e-04, 2.16919743e-03, 0.,
       2.16919743e-03, 4.33839479e-04, 4.33839479e-04, 0.,
       3.47071583e-03, 3.47071583e-03, 2.60303682e-03, 4.33839479e-04,
       1.73535792e-03, 2.16919743e-03, 1.30151841e-03, 1.73535792e-03,
       4.33839479e-04, 0., 1.73535792e-03, 4.33839479e-04,
       1.30151841e-03, 8.67678958e-04, 8.67678958e-04, 1.30151841e-03,
       8.67678958e-04, 4.33839479e-04, 1.30151841e-03, 4.33839479e-04,
       1.30151841e-03, 4.33839479e-04, 4.33839479e-04, 2.16919743e-03,
       3.47071583e-03, 1.73535792e-03, 8.67678958e-04, 4.33839485e-03,
       8.67678958e-04, 5.63991303e-03, 1.30151841e-03, 7.37527106e-03,
       4.33839479e-04, 4.33839479e-04, 2.16919743e-03, 8.67678958e-04,
       2.60303682e-03, 0., 5.20607363e-03, 4.33839479e-04,
       8.67678958e-04, 3.03687644e-03, 0., 8.67678958e-04,
       4.33839479e-04, 4.33839479e-04, 4.33839479e-04, 4.33839485e-03,
       1.30151841e-03, 4.33839479e-04, 2.16919743e-03, 2.16919743e-03,
       4.33839479e-04, 4.33839479e-04, 4.33839479e-04, 1.73535792e-03,
       1.30151841e-03, 8.67678958e-04, 0., 1.30151841e-03,
       1.30151841e-03, 1.30151841e-03, 8.67678958e-04, 1.73535792e-03,
       2.16919743e-03, 1.30151841e-03, 0., 2.16919743e-03,
       8.67678958e-04, 8.67678958e-04, 4.33839485e-03, 0.,
       8.67678958e-04, 8.67678958e-04, 0., 8.67678958e-04,
       3.47071583e-03, 1.73535792e-03, 1.30151841e-03, 1.30151841e-03,
       0., 0., 1.30151841e-03, 8.67678958e-04, 0., 2.16919743e-03,
       8.67678958e-04, 1.30151841e-03, 4.33839479e-04, 0.,
       4.33839479e-04, 0., 1.73535792e-03, 2.16919743e-03,
       1.73535792e-03, 0., 8.67678958e-04, 0., 4.33839479e-04,
       8.67678958e-04, 4.33839479e-04, 4.33839479e-04, 0.,
       4.33839479e-04, 8.67678958e-04, 2.16919743e-03, 1.30151841e-03,
       4.77223424e-03, 8.67678958e-04, 1.30151841e-03, 0.,
       8.67678958e-04, 1.73535792e-03, 1.30151841e-03, 0.,
       4.33839485e-03, 1.30151841e-03, 0., 4.77223424e-03, 0., 0.,
       8.67678958e-04, 1.30151841e-03, 4.33839479e-04, 0.,
       1.73535792e-03, 1.30151841e-03, 1.30151841e-03, 0., 0.,
       4.33839485e-03, 1.73535792e-03, 3.47071583e-03, 3.47071583e-03,
       3.03687644e-03, 3.03687644e-03, 4.33839479e-04, 2.16919743e-03,
       8.67678958e-04, 1.30151841e-03, 8.67678958e-04, 4.33839479e-04,
       1.30151841e-03, 4.33839479e-04, 4.33839479e-04, 1.30151841e-03,
       2.60303682e-03, 4.33839479e-04, 1.73535792e-03, 1.73535792e-03,
       8.67678958e-04, 4.33839479e-04, 8.67678958e-04, 8.67678958e-04,
       0., 8.67678958e-04, 0., 4.33839479e-04, 1.30151841e-03, 0.,
       8.67678958e-04, 3.47071583e-03, 1.73535792e-03, 0.,
       8.67678958e-04, 4.33839479e-04, 2.16919743e-03, 0., 0., 0.,
       6.50759228e-03, 2.60303682e-03, 2.16919743e-03, 2.16919743e-03,
       1.30151841e-03, 4.33839479e-04, 1.30151841e-03, 1.73535792e-03,
       8.67678958e-04, 4.33839479e-04, 2.16919743e-03, 4.33839479e-04,
       0., 4.33839479e-04, 2.60303682e-03, 1.73535792e-03,
       8.67678958e-04, 4.33839479e-04, 4.33839479e-04, 1.30151841e-03,
       4.33839479e-04, 0., 1.30151841e-03, 1.30151841e-03,
       2.16919743e-03, 4.33839479e-04, 0., 1.73535792e-03,
       8.67678958e-04, 8.67678958e-04, 0., 8.67678958e-04,
       4.33839479e-04, 0., 1.12798261e-02, 8.67678958e-04,
       3.47071583e-03, 0., 4.33839479e-04, 1.73535792e-03, 0., 0.,
       1.30151841e-03, 4.33839479e-04, 0., 0., 1.30151841e-03,
       3.03687644e-03, 1.30151841e-03, 1.30151841e-03, 4.33839479e-04,
       1.30151841e-03, 8.67678958e-04, 3.90455523e-03, 0.,
       5.20607363e-03, 3.90455523e-03, 5.63991303e-03, 0., 0.,
       8.67678958e-04, 2.60303682e-03, 1.73535792e-03, 4.33839479e-04,
       0., 4.33839479e-04, 3.03687644e-03, 8.67678958e-04,
       1.73535792e-03, 2.60303682e-03, 1.30151841e-03, 1.73535792e-03,
       8.67678958e-04, 2.16919743e-03, 1.73535792e-03, 1.30151841e-03,
       0., 8.67678958e-04, 0., 0., 1.30151841e-03, 2.16919743e-03,
       1.30151841e-03, 1.73535792e-03, 0., 2.16919743e-03,
       1.73535792e-03, 2.60303682e-03, 1.73535792e-03, 1.30151841e-03,
       0., 8.67678958e-04, 1.30151841e-03, 1.73535792e-03,
       2.60303682e-03, 1.30151841e-03, 4.33839479e-04, 0.,
       3.90455523e-03, 0., 1.30151841e-03, 1.73535792e-03,
       1.73535792e-03, 2.16919743e-03, 2.16919743e-03, 1.30151841e-03,
       8.67678958e-04, 4.33839479e-04, 1.30151841e-03, 4.33839479e-04,
       4.33839479e-04, 1.30151841e-03, 4.33839479e-04, 1.73535792e-03,
       0., 8.67678958e-04, 2.16919743e-03, 8.67678958e-04,
       1.73535792e-03, 1.30151841e-03, 8.67678958e-04, 0.,
       4.33839479e-04, 4.33839479e-04, 2.60303682e-03, 8.67678958e-04,
       3.03687644e-03, 4.33839479e-04, 1.30151841e-03, 8.67678958e-04,
       0., 1.30151841e-03, 0., 1.73535792e-03, 2.60303682e-03,
       8.67678958e-04, 4.33839479e-04, 4.33839479e-04, 1.73535792e-03,
       1.30151841e-03, 2.16919743e-03, 4.33839479e-04, 4.33839479e-04,
       1.30151841e-03, 1.30151841e-03, 1.73535792e-03, 1.30151841e-03,
       0., 1.30151841e-03, 8.67678958e-04, 3.90455523e-03,
       2.16919743e-03, 8.67678958e-04, 2.60303682e-03, 4.33839479e-04,
       0., 1.30151841e-03, 0., 1.30151841e-03, 4.33839479e-04, 0.,
       4.33839479e-04, 0., 8.67678958e-04, 1.73535792e-03,
       2.16919743e-03, 0., 1.30151841e-03, 4.33839479e-04,
       3.03687644e-03, 4.33839479e-04, 1.73535792e-03, 2.16919743e-03,
       3.03687644e-03, 0., 4.33839479e-04, 0., 1.73535792e-03,
       8.67678958e-04, 8.67678958e-04, 2.60303682e-03, 4.33839479e-04,
       8.67678958e-04, 1.73535792e-03, 0., 8.67678958e-04,
       8.67678958e-04, 4.33839479e-04, 2.16919743e-03, 8.67678958e-04,
       0., 8.67678958e-04, 8.67678958e-04, 2.16919743e-03,
       1.30151841e-03, 1.30151841e-03, 8.67678958e-04, 8.67678958e-04,
       3.03687644e-03, 2.60303682e-03, 3.03687644e-03, 0.,
       4.33839479e-04, 8.67678958e-04, 4.33839479e-04, 4.33839479e-04,
       0., 1.73535792e-03, 4.33839479e-04, 8.67678958e-04,
       8.67678958e-04, 8.67678958e-04, 3.03687644e-03, 1.30151841e-03,
       1.30151841e-03, 2.16919743e-03, 1.30151841e-03, 6.94143167e-03,
       4.33839479e-04, 4.33839479e-04, 4.33839479e-04, 8.67678958e-04,
       8.67678958e-04, 8.67678958e-04, 8.67678958e-04, 2.16919743e-03,
       4.33839479e-04, 2.16919743e-03, 2.16919743e-03, 4.33839479e-04,
       4.33839479e-04, 3.47071583e-03, 0., 2.16919743e-03,
       1.73535792e-03, 2.60303682e-03, 8.67678958e-04, 1.73535792e-03,
       8.67678958e-04, 4.33839479e-04, 8.67678958e-04, 0., 0.,
       1.73535792e-03, 0., 8.67678958e-04, 0., 8.67678958e-04,
