%YAML:1.0
m25f: !!opencv-matrix
   rows: 1
   cols: 800
   dt: f
   data: [ 9.02527070e-04, 4.51263535e-04, 2.70758127e-03, 0.,
       2.70758127e-03, 0., 2.25631776e-03, 2.25631776e-03,
       3.15884477e-03, 4.51263535e-04, 9.02527070e-04, 1.35379063e-03,
       0., 0., 9.02527070e-04, 1.35379063e-03, 9.02527070e-04,
       4.51263535e-04, 4.51263535e-04, 9.02527070e-04, 9.02527070e-04,
       4.51263535e-04, 4.51263535e-04, 1.80505414e-03, 1.35379063e-03,
       0., 4.51263535e-04, 9.02527070e-04, 0., 4.51263535e-04,
       4.51263535e-04, 4.51263535e-04, 2.70758127e-03, 2.25631776e-03,
       9.02527070e-04, 3.15884477e-03, 4.51263535e-04, 9.02527070e-04,
       9.02527070e-04, 0., 4.51263535e-04, 1.80505414e-03,
       9.02527070e-04, 9.02527070e-04, 9.02527070e-04, 4.51263535e-04,
       2.25631776e-03, 4.51263535e-04, 4.51263535e-04, 0.,
       1.35379063e-03, 1.80505414e-03, 0., 1.35379063e-03,
       4.51263535e-04, 1.35379063e-03, 1.35379063e-03, 9.02527070e-04,
       9.02527070e-04, 5.86642604e-03, 3.15884477e-03, 9.02527070e-04,
       2.25631776e-03, 0., 3.15884477e-03, 0., 1.80505414e-03,
       3.15884477e-03, 2.25631776e-03, 9.02527070e-04, 9.02527070e-04,
       1.80505414e-03, 0., 1.35379063e-03, 0., 9.02527070e-04, 0.,
       2.25631776e-03, 1.80505414e-03, 3.61010828e-03, 4.51263535e-04,
       0., 9.02527070e-04, 9.02527070e-04, 4.51263535e-04,
       9.02527070e-04, 9.02527070e-04, 1.80505414e-03, 1.80505414e-03,
       0., 9.02527070e-04, 4.51263535e-04, 4.51263535e-04,
       9.02527070e-04, 3.61010828e-03, 1.80505414e-03, 2.25631776e-03,
       9.02527070e-04, 3.61010828e-03, 9.02527070e-04, 4.51263535e-04,
       2.25631776e-03, 9.02527070e-04, 4.51263535e-04, 0.,
       1.80505414e-03, 9.02527070e-04, 3.61010828e-03, 0.,
       4.51263535e-04, 0., 2.70758127e-03, 1.35379063e-03,
       9.02527070e-04, 3.61010828e-03, 2.70758127e-03, 0.,
       2.25631776e-03, 0., 2.70758127e-03, 2.25631776e-03,
       2.25631776e-03, 9.02527070e-04, 4.51263553e-03, 0.,
       2.25631776e-03, 2.70758127e-03, 4.51263535e-04, 1.80505414e-03,
       2.70758127e-03, 4.51263535e-04, 1.35379063e-03, 2.25631776e-03,
       4.51263535e-04, 1.80505414e-03, 0., 2.70758127e-03,
       4.51263535e-04, 1.35379063e-03, 4.06137202e-03, 1.80505414e-03,
       1.35379063e-03, 0., 1.35379063e-03, 1.80505414e-03,
       4.51263535e-04, 0., 4.51263535e-04, 9.02527070e-04,
       1.80505414e-03, 0., 0., 9.02527070e-04, 4.51263535e-04,
       1.35379063e-03, 3.15884477e-03, 0., 4.51263535e-04,
       2.25631776e-03, 1.80505414e-03, 4.51263535e-04, 4.51263535e-04,
       1.35379063e-03, 2.70758127e-03, 0., 3.61010828e-03, 0.,
       1.35379063e-03, 4.51263535e-04, 1.80505414e-03, 3.15884477e-03,
       4.51263535e-04, 5.41516254e-03, 4.51263535e-04, 2.25631776e-03,
       4.51263535e-04, 4.51263535e-04, 0., 1.80505414e-03,
       9.02527070e-04, 0., 1.35379063e-03, 4.51263535e-04,
       1.80505414e-03, 1.80505414e-03, 9.02527070e-04, 1.35379063e-03,
       0., 4.51263535e-04, 9.02527070e-04, 4.51263535e-04,
       9.02527070e-04, 3.15884477e-03, 1.80505414e-03, 9.02527070e-04,
       9.02527070e-04, 1.35379063e-03, 2.70758127e-03, 0., 0.,
       4.51263535e-04, 1.80505414e-03, 4.51263535e-04, 4.96389903e-03,
       1.35379063e-03, 2.25631776e-03, 0., 9.02527070e-04,
       9.02527070e-04, 1.35379063e-03, 1.35379063e-03, 9.02527070e-04,
       0., 0., 3.61010828e-03, 2.25631776e-03, 4.51263535e-04,
       4.51263535e-04, 2.70758127e-03, 3.15884477e-03, 1.35379063e-03,
       1.35379063e-03, 9.02527070e-04, 9.02527070e-04, 0., 0., 0., 0.,
       1.35379063e-03, 0., 4.51263535e-04, 2.70758127e-03,
       9.02527070e-04, 0., 2.70758127e-03, 9.02527070e-04,
       9.02527070e-04, 1.35379063e-03, 2.70758127e-03, 0.,
       4.51263535e-04, 0., 0., 2.25631776e-03, 0., 0., 0.,
       2.25631776e-03, 9.02527070e-04, 0., 0., 9.02527070e-04, 0.,
       3.15884477e-03, 9.02527070e-04, 9.02527070e-04, 1.80505414e-03,
       4.51263535e-04, 1.80505414e-03, 9.02527070e-04, 2.25631776e-03,
       3.15884477e-03, 1.35379063e-03, 1.80505414e-03, 1.35379063e-03,
       2.70758127e-03, 0., 9.02527070e-04, 0., 1.35379063e-03,
       9.02527070e-04, 0., 0., 0., 4.51263535e-04, 0., 2.25631776e-03,
       4.51263535e-04, 1.35379063e-03, 2.70758127e-03, 4.51263535e-04,
       4.06137202e-03, 2.25631776e-03, 1.35379063e-03, 0.,
       1.80505414e-03, 0., 1.35379063e-03, 4.51263535e-04,
       1.35379063e-03, 2.25631776e-03, 2.70758127e-03, 9.02527070e-04,
       2.25631776e-03, 0., 1.35379063e-03, 5.86642604e-03,
       9.02527070e-04, 9.02527070e-04, 4.51263535e-04, 4.51263535e-04,
       4.51263535e-04, 1.35379063e-03, 1.35379063e-03, 5.41516254e-03,
       2.25631776e-03, 2.25631776e-03, 4.51263535e-04, 9.02527070e-04,
       0., 2.70758127e-03, 4.51263535e-04, 4.51263535e-04, 0., 0.,
       9.02527070e-04, 5.86642604e-03, 2.70758127e-03, 9.02527070e-04,
       2.25631776e-03, 2.25631776e-03, 4.51263535e-04, 1.80505414e-03,
       4.51263535e-04, 4.51263535e-04, 1.80505414e-03, 0.,
       1.35379063e-03, 4.06137202e-03, 0., 4.51263535e-04, 0.,
       9.02527070e-04, 0., 0., 9.02527070e-04, 1.80505414e-03, 0.,
       4.96389903e-03, 3.15884477e-03, 2.70758127e-03, 0.,
       1.35379063e-03, 4.51263535e-04, 4.51263535e-04, 4.51263553e-03,
       2.70758127e-03, 2.70758127e-03, 2.25631776e-03, 1.35379063e-03,
       0., 0., 9.02527070e-04, 2.25631776e-03, 3.61010828e-03, 0.,
       9.02527070e-04, 3.61010828e-03, 9.02527070e-04, 1.35379063e-03,
       2.25631776e-03, 2.25631776e-03, 4.51263535e-04, 2.70758127e-03,
       1.80505414e-03, 0., 1.35379063e-03, 3.15884477e-03,
       4.51263535e-04, 4.51263535e-04, 1.80505414e-03, 4.51263535e-04,
       1.35379063e-03, 1.80505414e-03, 3.61010828e-03, 0.,
       9.02527070e-04, 3.15884477e-03, 1.35379063e-03, 0.,
       9.02527070e-04, 9.02527070e-04, 4.51263535e-04, 1.35379063e-03,
       0., 3.15884477e-03, 1.35379063e-03, 1.35379063e-03,
       4.51263535e-04, 9.02527070e-04, 5.41516254e-03, 2.25631776e-03,
       0., 2.25631776e-03, 3.15884477e-03, 1.80505414e-03,
       4.51263535e-04, 9.02527070e-04, 0., 2.25631776e-03,
       9.02527070e-04, 1.35379063e-03, 4.51263535e-04, 0.,
       1.35379063e-03, 9.02527070e-04, 4.51263535e-04, 1.80505414e-03,
       4.51263535e-04, 9.02527070e-04, 4.51263535e-04, 2.25631776e-03,
       9.02527070e-04, 1.35379063e-03, 1.35379063e-03, 0.,
       4.51263535e-04, 1.35379063e-03, 0., 4.51263535e-04,
       9.02527070e-04, 4.51263535e-04, 9.02527070e-04, 4.51263535e-04,
       1.35379063e-03, 1.80505414e-03, 4.51263535e-04, 9.02527070e-04,
       9.02527070e-04, 2.25631776e-03, 0., 0., 9.02527070e-04,
       4.51263535e-04, 1.80505414e-03, 4.51263535e-04, 0.,
       4.06137202e-03, 9.02527070e-04, 0., 1.35379063e-03,
       9.02527070e-04, 2.70758127e-03, 0., 1.35379063e-03,
       9.02527070e-04, 4.51263535e-04, 1.35379063e-03, 9.02527070e-04,
       4.51263535e-04, 0., 2.70758127e-03, 0., 4.51263553e-03,
       1.35379063e-03, 1.35379063e-03, 0., 0., 0., 1.80505414e-03,
       2.70758127e-03, 1.35379063e-03, 0., 0., 2.25631776e-03, 0.,
       4.51263535e-04, 0., 4.51263535e-04, 1.35379063e-03,
       4.51263535e-04, 0., 1.80505414e-03, 3.15884477e-03,
       9.02527070e-04, 0., 1.80505414e-03, 2.70758127e-03,
       1.80505414e-03, 4.51263535e-04, 1.35379063e-03, 0.,
       1.35379063e-03, 0., 1.80505414e-03, 9.02527070e-04,
       1.35379063e-03, 0., 3.15884477e-03, 9.02527070e-04,
       1.80505414e-03, 1.80505414e-03, 3.15884477e-03, 2.25631776e-03,
       9.02527070e-04, 1.80505414e-03, 9.02527070e-04, 3.15884477e-03,
       2.70758127e-03, 9.02527070e-04, 4.51263535e-04, 0.,
       3.61010828e-03, 3.61010828e-03, 4.51263535e-04, 9.02527070e-04,
       4.51263535e-04, 4.06137202e-03, 6.31768955e-03, 4.51263535e-04,
       4.51263535e-04, 0., 9.02527070e-04, 9.02527070e-04,
       2.25631776e-03, 4.51263535e-04, 2.70758127e-03, 2.70758127e-03,
