%YAML:1.0
m25f: !!opencv-matrix
   rows: 1
   cols: 800
   dt: f
   data: [ 1.45137880e-03, 0., 9.67585889e-04, 1.93517178e-03,
       1.93517178e-03, 4.83792945e-04, 1.93517178e-03, 1.93517178e-03,
       1.93517178e-03, 9.67585889e-04, 1.93517178e-03, 9.67585889e-04,
       1.45137880e-03, 1.93517178e-03, 4.83792945e-04, 4.83792945e-04,
       9.67585889e-04, 9.67585889e-04, 4.83792945e-04, 9.67585889e-04,
       0., 9.67585889e-04, 4.83792945e-04, 5.80551522e-03, 0.,
       2.41896464e-03, 4.83792945e-04, 9.67585889e-04, 0.,
       4.83792927e-03, 3.87034356e-03, 4.83792945e-04, 4.83792945e-04,
       9.67585889e-04, 4.83792945e-04, 0., 0., 9.67585889e-04,
       1.45137880e-03, 0., 0., 1.45137880e-03, 9.67585889e-04,
       1.45137880e-03, 0., 3.87034356e-03, 4.83792945e-04,
       4.83792945e-04, 4.83792945e-04, 0., 9.67585889e-04,
       1.45137880e-03, 2.41896464e-03, 0., 1.45137880e-03, 0.,
       4.83792945e-04, 4.83792945e-04, 1.93517178e-03, 1.93517178e-03,
       0., 0., 4.83792945e-04, 0., 1.93517178e-03, 9.67585889e-04, 0.,
       4.83792945e-04, 3.38655058e-03, 1.45137880e-03, 4.83792945e-04,
       4.83792945e-04, 0., 4.83792945e-04, 1.93517178e-03,
       9.67585889e-04, 9.67585889e-04, 0., 0., 4.35413653e-03, 0., 0.,
       9.67585889e-04, 4.83792945e-04, 0., 2.90275761e-03,
       1.45137880e-03, 1.93517178e-03, 1.45137880e-03, 1.93517178e-03,
       9.67585889e-04, 1.45137880e-03, 9.67585889e-04, 0.,
       1.93517178e-03, 9.67585889e-04, 9.67585889e-04, 3.38655058e-03,
       4.83792945e-04, 3.87034356e-03, 9.67585889e-04, 4.83792945e-04,
       2.41896464e-03, 4.83792945e-04, 0., 2.90275761e-03,
       1.93517178e-03, 9.67585889e-04, 4.83792945e-04, 4.83792945e-04,
       2.90275761e-03, 3.87034356e-03, 4.83792945e-04, 9.67585889e-04,
       1.01596517e-02, 9.67585889e-04, 2.41896464e-03, 3.38655058e-03,
       4.83792945e-04, 1.45137880e-03, 0., 2.41896464e-03,
       4.83792945e-04, 1.74165461e-02, 4.83792945e-04, 9.67585889e-04,
       2.90275761e-03, 4.83792945e-04, 1.93517178e-03, 4.83792945e-04,
       9.67585889e-04, 1.93517178e-03, 3.38655058e-03, 9.67585889e-04,
       2.41896464e-03, 1.45137880e-03, 0., 4.83792945e-04,
       9.67585889e-04, 0., 3.87034356e-03, 9.67585889e-04,
       4.83792945e-04, 0., 4.83792945e-04, 9.67585889e-04,
       9.67585889e-04, 0., 0., 1.45137880e-03, 0., 0., 1.93517178e-03,
       4.83792945e-04, 9.67585889e-04, 1.16110304e-02, 4.83792945e-04,
       1.93517178e-03, 1.45137880e-03, 2.41896464e-03, 4.83792945e-04,
       1.45137880e-03, 4.83792945e-04, 2.41896464e-03, 1.93517178e-03,
       4.83792945e-04, 0., 2.41896464e-03, 0., 0., 1.45137880e-03,
       2.41896464e-03, 3.38655058e-03, 9.67585889e-04, 2.41896464e-03,
       0., 9.67585889e-04, 4.83792945e-04, 2.41896464e-03, 0.,
       1.93517178e-03, 4.83792927e-03, 0., 4.83792945e-04,
       1.45137880e-03, 1.45137880e-03, 9.67585889e-04, 2.41896464e-03,
       0., 2.90275761e-03, 4.83792945e-04, 9.67585889e-04,
       4.83792945e-04, 4.83792945e-04, 1.45137880e-03, 4.83792945e-04,
       2.41896464e-03, 1.45137880e-03, 9.67585889e-04, 4.83792945e-04,
       1.93517178e-03, 0., 2.90275761e-03, 3.38655058e-03, 0.,
       9.67585889e-04, 3.87034356e-03, 0., 4.83792945e-04,
       9.67585889e-04, 4.35413653e-03, 0., 0., 4.83792945e-04,
       1.93517178e-03, 4.83792945e-04, 9.67585889e-04, 1.45137880e-03,
       1.45137880e-03, 4.83792945e-04, 9.67585889e-04, 1.93517178e-03,
       1.93517178e-03, 9.67585889e-04, 4.83792945e-04, 0., 0.,
       4.83792945e-04, 1.45137880e-03, 4.83792945e-04, 0.,
       3.87034356e-03, 0., 9.67585889e-04, 4.83792945e-04,
       2.90275761e-03, 9.67585889e-04, 0., 1.45137880e-03,
       7.74068711e-03, 9.67585889e-04, 2.90275761e-03, 0.,
       9.67585889e-04, 0., 0., 5.80551522e-03, 0., 0., 3.38655058e-03,
       9.67585889e-04, 4.83792945e-04, 9.67585889e-04, 2.90275761e-03,
       1.93517178e-03, 1.45137880e-03, 4.83792945e-04, 2.90275761e-03,
       2.41896464e-03, 9.67585889e-04, 1.45137880e-03, 4.83792945e-04,
       9.67585889e-04, 9.67585889e-04, 2.41896464e-03, 9.67585889e-04,
       1.93517178e-03, 0., 9.67585889e-04, 0., 9.67585889e-04, 0.,
       4.83792945e-04, 4.83792945e-04, 9.67585889e-04, 9.67585889e-04,
       9.67585889e-04, 1.45137880e-03, 9.67585889e-04, 2.41896464e-03,
       4.83792945e-04, 3.38655058e-03, 1.45137880e-03, 1.45137880e-03,
       1.93517178e-03, 1.45137880e-03, 9.67585889e-04, 9.67585889e-04,
       4.83792945e-04, 1.45137880e-03, 1.45137880e-03, 4.83792927e-03,
       9.67585889e-04, 3.87034356e-03, 4.83792945e-04, 9.67585889e-04,
       0., 1.45137880e-03, 9.67585889e-04, 9.67585889e-04,
       9.67585889e-04, 2.90275761e-03, 2.41896464e-03, 9.67585889e-04,
       2.41896464e-03, 1.45137880e-03, 0., 4.83792945e-04,
       9.67585889e-04, 0., 2.90275761e-03, 3.38655058e-03,
       3.38655058e-03, 1.45137880e-03, 0., 0., 8.22447985e-03,
       1.45137880e-03, 4.83792945e-04, 1.45137880e-03, 9.67585889e-04,
       2.90275761e-03, 1.93517178e-03, 1.93517178e-03, 2.41896464e-03,
       1.45137880e-03, 3.87034356e-03, 0., 2.41896464e-03,
       1.45137880e-03, 3.38655058e-03, 0., 4.83792945e-04,
       9.67585889e-04, 1.45137880e-03, 2.90275761e-03, 4.83792945e-04,
       9.67585889e-04, 4.83792945e-04, 9.67585889e-04, 9.67585889e-04,
       0., 2.90275761e-03, 4.83792945e-04, 9.67585889e-04,
       3.87034356e-03, 9.67585889e-04, 9.67585889e-04, 1.45137880e-03,
       4.83792945e-04, 1.45137880e-03, 3.87034356e-03, 0.,
       2.41896464e-03, 0., 1.45137880e-03, 4.83792945e-04,
       9.67585889e-04, 1.45137880e-03, 1.45137880e-03, 9.67585889e-04,
       1.93517178e-03, 1.45137880e-03, 2.41896464e-03, 3.38655058e-03,
       4.83792945e-04, 1.93517178e-03, 1.45137880e-03, 1.45137880e-03,
       1.45137880e-03, 0., 4.83792945e-04, 0., 4.83792945e-04,
       9.67585889e-04, 1.93517178e-03, 0., 2.41896464e-03, 0.,
       2.90275761e-03, 4.83792945e-04, 1.45137880e-03, 0.,
       9.67585889e-04, 4.83792945e-04, 5.80551522e-03, 4.35413653e-03,
       1.45137880e-03, 9.67585889e-04, 4.83792945e-04, 0.,
       2.90275761e-03, 0., 1.45137880e-03, 1.45137880e-03,
       1.93517178e-03, 0., 0., 1.45137880e-03, 4.83792945e-04,
       4.35413653e-03, 9.67585889e-04, 0., 1.93517178e-03,
       4.83792945e-04, 1.45137880e-03, 2.90275761e-03, 1.93517178e-03,
       2.90275761e-03, 1.45137880e-03, 4.83792945e-04, 1.45137880e-03,
       1.45137880e-03, 2.41896464e-03, 1.45137880e-03, 0.,
       4.83792945e-04, 4.83792945e-04, 4.83792945e-04, 1.45137880e-03,
       3.38655058e-03, 4.83792945e-04, 2.90275761e-03, 9.67585889e-04,
       9.67585889e-04, 0., 2.90275761e-03, 4.83792945e-04, 0.,
       1.45137880e-03, 4.83792945e-04, 0., 4.83792945e-04, 0.,
       9.67585889e-04, 1.45137880e-03, 0., 1.45137880e-03, 0., 0.,
       2.41896464e-03, 4.83792945e-04, 1.93517178e-03, 1.45137880e-03,
       9.67585889e-04, 9.67585889e-04, 0., 9.67585889e-04,
       3.87034356e-03, 9.67585889e-04, 1.93517178e-03, 2.90275761e-03,
       4.83792945e-04, 9.67585889e-04, 4.83792945e-04, 4.83792945e-04,
       1.45137880e-03, 4.83792945e-04, 9.67585889e-04, 1.45137880e-03,
       9.67585889e-04, 1.45137880e-03, 4.83792945e-04, 9.67585889e-04,
       4.35413653e-03, 4.83792945e-04, 0., 9.67585889e-04,
       4.83792945e-04, 0., 0., 0., 2.90275761e-03, 2.41896464e-03,
       9.67585889e-04, 4.83792945e-04, 9.67585889e-04, 9.67585889e-04,
       9.67585889e-04, 4.83792945e-04, 1.45137880e-03, 9.67585889e-04,
       4.83792945e-04, 1.45137880e-03, 1.93517178e-03, 0.,
       4.83792945e-04, 1.93517178e-03, 3.87034356e-03, 0.,
       2.41896464e-03, 4.83792945e-04, 4.83792945e-04, 2.41896464e-03,
       1.93517178e-03, 0., 1.93517178e-03, 1.45137880e-03,
       9.67585889e-04, 4.83792945e-04, 9.67585889e-04, 0.,
       4.83792927e-03, 2.90275761e-03, 2.41896464e-03, 1.45137880e-03,
       4.83792945e-04, 9.67585889e-04, 2.41896464e-03, 4.83792945e-04,
       0., 1.93517178e-03, 4.83792945e-04, 4.83792945e-04,
