%YAML:1.0
m25f: !!opencv-matrix
   rows: 1
   cols: 800
   dt: f
   data: [ 5.17866400e-04, 1.55359926e-03, 1.03573280e-03,
       5.17866400e-04, 0., 0., 1.55359926e-03, 4.14293120e-03,
       2.58933194e-03, 2.07146560e-03, 1.55359926e-03, 1.55359926e-03,
       5.17866400e-04, 5.17866400e-04, 1.55359926e-03, 0.,
       5.17866400e-04, 4.14293120e-03, 1.03573280e-03, 1.55359926e-03,
       1.03573280e-03, 1.55359926e-03, 0., 5.17866400e-04, 0.,
       4.66079777e-03, 2.58933194e-03, 3.62506486e-03, 1.55359926e-03,
       0., 1.03573280e-03, 2.07146560e-03, 1.03573280e-03,
       1.55359926e-03, 5.17866400e-04, 1.03573280e-03, 5.17866400e-04,
       2.58933194e-03, 1.55359926e-03, 0., 1.55359926e-03,
       1.55359926e-03, 0., 3.10719851e-03, 1.55359926e-03,
       5.17866400e-04, 3.10719851e-03, 0., 5.17866400e-04,
       5.17866400e-04, 1.03573280e-03, 2.58933194e-03, 1.55359926e-03,
       1.55359926e-03, 0., 2.07146560e-03, 2.07146560e-03,
       5.17866400e-04, 5.17866400e-04, 3.10719851e-03, 5.17866400e-04,
       5.17866400e-04, 0., 1.03573280e-03, 1.03573280e-03, 0.,
       5.17866400e-04, 1.03573280e-03, 0., 0., 0., 0., 0., 0.,
       1.55359926e-03, 1.03573280e-03, 0., 0., 3.62506486e-03, 0.,
       5.17866400e-04, 0., 1.03573280e-03, 1.03573280e-03, 0.,
       2.07146560e-03, 1.03573280e-03, 5.17866400e-04, 2.58933194e-03,
       1.03573280e-03, 0., 2.07146560e-03, 1.03573280e-03,
       2.07146560e-03, 1.03573280e-03, 2.07146560e-03, 5.17866388e-03,
       0., 3.10719851e-03, 0., 2.58933194e-03, 0., 2.58933194e-03,
       2.07146560e-03, 0., 2.58933194e-03, 0., 5.17866400e-04, 0.,
       1.03573280e-03, 1.55359926e-03, 3.10719851e-03, 5.17866400e-04,
       2.58933194e-03, 0., 3.10719851e-03, 5.17866400e-04,
       5.69653045e-03, 0., 4.14293120e-03, 5.17866400e-04,
       5.17866400e-04, 1.03573280e-03, 1.55359926e-03, 0.,
       5.17866400e-04, 1.03573280e-03, 5.17866400e-04, 3.10719851e-03,
       5.17866400e-04, 0., 2.58933194e-03, 1.03573280e-03,
       5.17866400e-04, 1.55359926e-03, 5.17866400e-04, 2.58933194e-03,
       1.55359926e-03, 1.03573280e-03, 1.03573280e-03, 5.17866400e-04,
       5.17866400e-04, 2.58933194e-03, 0., 1.03573280e-03,
       2.07146560e-03, 5.17866400e-04, 1.03573280e-03, 0.,
       2.07146560e-03, 0., 0., 2.07146560e-03, 2.07146560e-03, 0.,
       2.58933194e-03, 0., 4.66079777e-03, 1.03573280e-03,
       2.07146560e-03, 0., 5.17866400e-04, 1.03573280e-03,
       1.55359926e-03, 5.17866400e-04, 1.03573280e-03, 0.,
       5.17866400e-04, 1.03573280e-03, 2.07146560e-03, 2.07146560e-03,
       1.55359926e-03, 2.07146560e-03, 6.73226314e-03, 1.55359926e-03,
       5.17866400e-04, 2.07146560e-03, 0., 5.17866400e-04,
       1.03573280e-03, 2.07146560e-03, 1.03573280e-03, 0., 0.,
       3.10719851e-03, 1.03573280e-03, 0., 2.07146560e-03, 0.,
       2.58933194e-03, 0., 1.55359926e-03, 1.03573280e-03, 0.,
       2.07146560e-03, 2.58933194e-03, 5.17866400e-04, 2.07146560e-03,
       5.17866400e-04, 0., 0., 1.03573280e-03, 1.55359926e-03, 0.,
       2.07146560e-03, 1.55359926e-03, 5.17866400e-04, 1.55359926e-03,
       1.03573280e-03, 5.17866400e-04, 2.07146560e-03, 1.55359926e-03,
       5.17866400e-04, 3.10719851e-03, 1.03573280e-03, 1.03573280e-03,
       1.03573280e-03, 5.17866400e-04, 2.07146560e-03, 3.10719851e-03,
       5.17866400e-04, 5.17866400e-04, 0., 1.55359926e-03, 0., 0.,
       2.07146560e-03, 1.03573280e-03, 2.58933194e-03, 1.03573280e-03,
       0., 2.58933194e-03, 2.07146560e-03, 1.03573280e-03, 0., 0.,
       3.10719851e-03, 0., 3.10719851e-03, 3.10719851e-03,
       3.62506486e-03, 1.55359926e-03, 2.07146560e-03, 5.17866400e-04,
       1.03573280e-03, 0., 5.17866400e-04, 1.55359926e-03,
       1.03573280e-03, 5.17866400e-04, 0., 1.55359926e-03, 0.,
       1.03573280e-03, 1.03573280e-03, 1.03573280e-03, 0.,
       5.17866400e-04, 0., 1.55359926e-03, 1.55359926e-03,
       1.03573280e-03, 1.55359926e-03, 5.17866400e-04, 1.03573280e-03,
       3.62506486e-03, 1.55359926e-03, 2.07146560e-03, 5.17866400e-04,
       3.10719851e-03, 0., 0., 0., 1.03573280e-03, 5.17866400e-04,
       5.17866400e-04, 2.07146560e-03, 3.10719851e-03, 1.55359926e-03,
       2.58933194e-03, 1.03573280e-03, 5.17866400e-04, 0.,
       1.55359926e-03, 5.17866400e-04, 0., 1.03573280e-03,
       1.03573280e-03, 0., 2.07146560e-03, 1.55359926e-03,
       2.07146560e-03, 0., 1.03573280e-03, 5.17866400e-04, 0.,
       1.55359926e-03, 2.07146560e-03, 2.07146560e-03, 5.17866400e-04,
       5.17866400e-04, 1.55359926e-03, 5.17866400e-04, 5.17866400e-04,
       3.62506486e-03, 0., 1.03573280e-03, 1.03573280e-03, 0.,
       1.55359926e-03, 3.10719851e-03, 0., 5.17866400e-04,
       5.17866400e-04, 1.03573280e-03, 5.17866400e-04, 1.03573278e-02,
       2.07146560e-03, 5.17866400e-04, 2.58933194e-03, 2.07146560e-03,
       5.17866400e-04, 2.07146560e-03, 5.17866400e-04, 0.,
       1.03573280e-03, 1.03573280e-03, 2.07146560e-03, 2.58933194e-03,
       0., 2.58933194e-03, 0., 1.03573280e-03, 0., 0., 1.03573280e-03,
       0., 0., 2.07146560e-03, 3.10719851e-03, 1.55359926e-03, 0.,
       1.55359926e-03, 1.55359926e-03, 5.17866400e-04, 2.58933194e-03,
       1.55359926e-03, 3.62506486e-03, 5.17866400e-04, 1.03573280e-03,
       5.17866400e-04, 0., 0., 2.58933194e-03, 1.03573280e-03, 0.,
       4.66079777e-03, 1.55359926e-03, 2.58933194e-03, 5.17866400e-04,
       1.55359926e-03, 1.55359926e-03, 1.03573280e-03, 2.58933194e-03,
       5.17866400e-04, 1.03573280e-03, 3.10719851e-03, 2.58933194e-03,
       1.03573280e-03, 5.17866400e-04, 0., 2.07146560e-03,
       1.55359926e-03, 2.07146560e-03, 0., 0., 2.58933194e-03,
       1.03573280e-03, 2.58933194e-03, 1.55359926e-03, 2.07146560e-03,
       2.58933194e-03, 1.55359926e-03, 5.17866388e-03, 5.17866400e-04,
       2.58933194e-03, 5.17866400e-04, 5.17866400e-04, 2.58933194e-03,
       2.07146560e-03, 5.17866400e-04, 5.17866400e-04, 1.55359926e-03,
       5.17866400e-04, 3.62506486e-03, 8.28586239e-03, 5.17866400e-04,
       1.03573280e-03, 1.03573280e-03, 1.03573280e-03, 4.14293120e-03,
       2.07146560e-03, 1.55359926e-03, 0., 5.17866400e-04,
       5.17866400e-04, 5.17866400e-04, 1.03573280e-03, 1.03573280e-03,
       4.66079777e-03, 5.17866400e-04, 1.03573280e-03, 1.55359926e-03,
       0., 1.03573280e-03, 5.17866400e-04, 5.17866400e-04, 0.,
       1.03573280e-03, 5.17866400e-04, 1.03573280e-03, 2.07146560e-03,
       5.17866400e-04, 3.62506486e-03, 3.10719851e-03, 5.17866400e-04,
       0., 0., 0., 2.58933194e-03, 0., 0., 1.55359926e-03, 0.,
       5.17866400e-04, 1.03573280e-03, 0., 5.17866400e-04,
       2.07146560e-03, 0., 5.17866400e-04, 5.17866400e-04,
       5.17866400e-04, 1.03573280e-03, 1.55359926e-03, 5.17866400e-04,
       0., 2.07146560e-03, 2.58933194e-03, 4.14293120e-03, 0.,
       1.03573280e-03, 5.17866400e-04, 1.03573280e-03, 0., 0., 0., 0.,
       1.03573280e-03, 1.55359926e-03, 1.03573280e-03, 2.07146560e-03,
       1.55359926e-03, 1.55359926e-03, 1.03573280e-03, 2.58933194e-03,
       2.58933194e-03, 5.17866400e-04, 5.17866400e-04, 2.58933194e-03,
       1.55359926e-03, 5.17866400e-04, 5.17866400e-04, 1.55359926e-03,
       5.17866400e-04, 5.17866400e-04, 1.55359926e-03, 2.07146560e-03,
       2.07146560e-03, 0., 5.17866388e-03, 3.10719851e-03,
       5.17866400e-04, 5.17866400e-04, 5.17866400e-04, 1.03573280e-03,
       1.55359926e-03, 0., 1.55359926e-03, 5.17866400e-04,
       1.03573280e-03, 2.58933194e-03, 5.17866400e-04, 1.03573280e-03,
       3.62506486e-03, 5.17866400e-04, 5.17866400e-04, 2.58933194e-03,
       2.07146560e-03, 0., 4.14293120e-03, 0., 0., 4.14293120e-03,
       2.58933194e-03, 1.03573280e-03, 0., 1.03573280e-03,
       2.07146560e-03, 1.03573280e-03, 5.17866400e-04, 3.10719851e-03,
       5.17866400e-04, 1.03573280e-03, 1.03573280e-03, 1.03573280e-03,
       3.10719851e-03, 1.03573280e-03, 2.07146560e-03, 4.14293120e-03,
       1.55359926e-03, 2.58933194e-03, 1.55359926e-03, 2.58933194e-03,
