%YAML:1.0
m25f: !!opencv-matrix
   rows: 1
   cols: 800
   dt: f
   data: [ 4.20168071e-04, 5.04201697e-03, 4.20168071e-04,
       1.68067229e-03, 4.20168071e-04, 8.40336143e-04, 3.36134457e-03,
       1.68067229e-03, 2.10084044e-03, 0., 8.40336143e-04,
       1.68067229e-03, 1.68067229e-03, 1.26050424e-03, 1.26050424e-03,
       8.40336143e-04, 4.20168071e-04, 2.10084044e-03, 4.20168071e-04,
       3.36134457e-03, 2.52100849e-03, 1.26050424e-03, 1.26050424e-03,
       4.20168071e-04, 1.59663875e-02, 2.10084044e-03, 1.68067229e-03,
       4.20168071e-04, 4.20168071e-04, 1.26050424e-03, 8.40336143e-04,
       8.40336143e-04, 0., 8.40336143e-04, 2.10084044e-03, 0.,
       1.26050424e-03, 1.26050424e-03, 1.68067229e-03, 1.26050424e-03,
       0., 8.40336143e-04, 4.20168071e-04, 0., 4.20168071e-04,
       1.68067229e-03, 8.40336143e-04, 0., 8.40336143e-04,
       4.20168071e-04, 1.26050424e-03, 1.68067229e-03, 2.10084044e-03,
       0., 4.20168071e-04, 8.40336143e-04, 2.52100849e-03,
       2.10084044e-03, 2.10084044e-03, 1.26050424e-03, 8.40336143e-04,
       1.26050424e-03, 1.26050424e-03, 8.40336143e-04, 1.68067229e-03,
       8.40336143e-04, 2.94117653e-03, 1.26050424e-03, 1.26050424e-03,
       2.52100849e-03, 4.20168071e-04, 2.10084044e-03, 0.,
       1.26050424e-03, 2.10084044e-03, 2.52100849e-03, 3.36134457e-03,
       2.94117653e-03, 4.20168071e-04, 2.10084044e-03, 1.68067229e-03,
       2.52100849e-03, 4.20168071e-04, 8.40336143e-04, 1.26050424e-03,
       0., 8.40336143e-04, 2.52100849e-03, 2.10084044e-03,
       4.20168071e-04, 8.40336143e-04, 1.26050424e-03, 1.68067229e-03,
       0., 2.52100849e-03, 1.68067229e-03, 1.68067229e-03,
       4.20168071e-04, 8.40336143e-04, 0., 1.68067229e-03, 0.,
       1.68067229e-03, 8.40336143e-04, 1.68067229e-03, 1.68067229e-03,
       8.40336143e-04, 1.26050424e-03, 8.40336143e-04, 2.10084044e-03,
       1.26050424e-03, 5.04201697e-03, 2.94117653e-03, 8.40336143e-04,
       1.68067229e-03, 2.94117653e-03, 1.26050424e-03, 1.68067229e-03,
       4.20168071e-04, 4.20168071e-04, 0., 1.26050424e-03,
       1.68067229e-03, 4.20168071e-04, 1.68067229e-03, 4.20168071e-04,
       2.52100849e-03, 8.40336143e-04, 8.40336143e-04, 4.20168071e-04,
       1.26050424e-03, 4.20168071e-04, 0., 1.68067229e-03,
       2.52100849e-03, 8.40336143e-04, 2.10084044e-03, 1.68067229e-03,
       2.52100849e-03, 4.20168071e-04, 8.40336143e-04, 8.40336143e-04,
       1.26050424e-03, 1.26050424e-03, 4.20168071e-04, 4.20168071e-04,
       8.40336143e-04, 1.26050424e-03, 4.20168071e-04, 2.10084044e-03,
       2.94117653e-03, 4.20168071e-04, 4.20168071e-04, 1.68067229e-03,
       2.10084044e-03, 2.52100849e-03, 2.94117653e-03, 1.68067229e-03,
       8.40336143e-04, 4.20168071e-04, 0., 2.10084044e-03,
       8.40336143e-04, 2.10084044e-03, 8.40336143e-04, 1.68067229e-03,
       3.78151261e-03, 2.94117653e-03, 4.20168071e-04, 1.68067229e-03,
       2.10084044e-03, 4.20168071e-04, 8.40336143e-04, 4.20168071e-04,
       1.26050424e-03, 4.20168071e-04, 0., 1.26050424e-03,
       4.20168071e-04, 1.26050424e-03, 1.26050424e-03, 0.,
       1.68067229e-03, 1.68067229e-03, 4.20168071e-04, 0.,
       8.40336143e-04, 8.40336143e-04, 2.10084044e-03, 1.26050424e-03,
       1.26050424e-03, 1.26050424e-03, 8.40336143e-04, 1.26050424e-03,
       0., 1.68067229e-03, 2.52100849e-03, 1.68067229e-03,
       1.26050424e-03, 2.94117653e-03, 1.26050424e-03, 1.26050424e-03,
       4.20168071e-04, 4.20168071e-04, 2.10084044e-03, 1.68067229e-03,
       8.40336143e-04, 8.40336143e-04, 8.40336143e-04, 0., 0.,
       2.94117653e-03, 0., 8.40336143e-04, 1.26050424e-03,
       4.20168071e-04, 1.68067229e-03, 0., 2.10084044e-03,
       1.68067229e-03, 1.68067229e-03, 1.26050424e-03, 2.94117653e-03,
       0., 1.26050424e-03, 1.68067229e-03, 2.10084044e-03,
       1.26050424e-03, 1.26050424e-03, 1.26050424e-03, 8.40336143e-04,
       8.40336143e-04, 4.20168071e-04, 0., 8.40336143e-04, 0.,
       2.52100849e-03, 2.10084044e-03, 4.20168071e-04, 4.20168071e-04,
       2.52100849e-03, 0., 4.20168071e-04, 5.04201697e-03,
       8.40336143e-04, 1.26050424e-03, 1.26050424e-03, 2.10084044e-03,
       0., 8.40336143e-04, 8.40336143e-04, 1.68067229e-03,
       2.94117653e-03, 4.20168071e-04, 1.26050424e-03, 1.68067229e-03,
       4.20168071e-04, 1.68067229e-03, 8.40336143e-04, 1.26050424e-03,
       1.26050424e-03, 1.26050424e-03, 8.40336143e-04, 8.40336143e-04,
       2.10084044e-03, 2.10084044e-03, 1.68067229e-03, 8.40336143e-04,
       8.40336143e-04, 1.26050424e-03, 3.78151261e-03, 1.26050424e-03,
       2.10084044e-03, 1.26050424e-03, 1.26050424e-03, 8.40336143e-04,
       4.20168071e-04, 1.26050424e-03, 4.20168071e-04, 0.,
       8.40336143e-04, 1.26050424e-03, 0., 4.20168071e-04,
       1.26050424e-03, 2.94117653e-03, 1.68067229e-03, 2.10084044e-03,
       1.26050424e-03, 1.26050424e-03, 2.10084044e-03, 2.94117653e-03,
       8.40336143e-04, 1.68067229e-03, 1.26050424e-03, 8.40336143e-04,
       1.26050424e-03, 2.52100849e-03, 8.40336143e-04, 4.20168071e-04,
       8.40336143e-04, 0., 4.20168071e-04, 0., 8.40336143e-04,
       1.26050424e-03, 1.26050424e-03, 4.20168071e-04, 0.,
       3.78151261e-03, 4.20168071e-04, 0., 0., 4.20168071e-04,
       1.26050424e-03, 8.40336143e-04, 1.26050424e-03, 1.26050424e-03,
       1.26050424e-03, 1.68067229e-03, 1.68067229e-03, 8.40336143e-04,
       1.68067229e-03, 3.36134457e-03, 8.40336143e-04, 2.10084044e-03,
       8.40336143e-04, 1.26050424e-03, 1.26050424e-03, 1.68067229e-03,
       8.40336143e-04, 8.40336143e-04, 4.20168071e-04, 1.26050424e-03,
       8.40336143e-04, 8.40336143e-04, 2.52100849e-03, 5.04201697e-03,
       1.68067229e-03, 1.68067229e-03, 1.26050424e-03, 1.68067229e-03,
       3.36134457e-03, 0., 4.20168071e-04, 8.40336143e-04,
       4.20168071e-04, 1.26050424e-03, 3.36134457e-03, 4.20168071e-04,
       1.68067229e-03, 1.68067229e-03, 1.26050424e-03, 2.94117653e-03,
       0., 4.20168071e-04, 4.20168071e-04, 2.10084044e-03,
       1.68067229e-03, 2.10084044e-03, 1.68067229e-03, 4.20168071e-04,
       3.36134457e-03, 8.40336143e-04, 8.40336143e-04, 8.40336143e-04,
       1.26050424e-03, 4.20168071e-04, 8.40336143e-04, 8.40336143e-04,
       2.52100849e-03, 1.26050424e-03, 1.68067229e-03, 4.20168071e-04,
       2.94117653e-03, 3.78151261e-03, 4.20168071e-04, 2.10084044e-03,
       8.40336143e-04, 2.94117653e-03, 8.40336143e-04, 0.,
       4.20168071e-04, 1.68067229e-03, 2.10084044e-03, 2.94117653e-03,
       1.26050424e-03, 2.52100849e-03, 8.40336143e-04, 4.20168071e-04,
       8.40336143e-04, 1.26050424e-03, 0., 0., 8.40336143e-04,
       4.20168071e-04, 2.10084044e-03, 1.26050424e-03, 1.26050424e-03,
       1.26050424e-03, 2.10084044e-03, 1.26050424e-03, 4.20168071e-04,
       0., 0., 1.26050424e-03, 2.10084044e-03, 1.68067229e-03, 0.,
       1.26050424e-03, 4.20168071e-04, 2.94117653e-03, 4.20168071e-04,
       4.20168071e-04, 2.10084044e-03, 1.68067229e-03, 1.26050424e-03,
       4.20168071e-04, 4.20168071e-04, 4.62184893e-03, 1.26050424e-03,
       4.20168071e-04, 0., 4.20168071e-04, 8.40336143e-04,
       1.68067229e-03, 4.20168071e-04, 1.26050424e-03, 1.68067229e-03,
       1.26050424e-03, 0., 8.40336143e-04, 1.68067229e-03,
       4.20168071e-04, 1.26050424e-03, 8.40336143e-04, 1.68067229e-03,
       2.10084044e-03, 2.52100849e-03, 4.20168071e-04, 2.10084044e-03,
       2.94117653e-03, 1.26050424e-03, 2.10084044e-03, 8.40336143e-04,
       1.26050424e-03, 2.10084044e-03, 8.40336143e-04, 8.40336143e-04,
       8.40336143e-04, 2.94117653e-03, 8.40336143e-04, 4.20168071e-04,
       4.20168071e-04, 1.26050424e-03, 8.40336143e-04, 1.26050424e-03,
       2.10084044e-03, 4.20168071e-04, 4.20168071e-04, 4.20168071e-04,
       1.68067229e-03, 3.36134457e-03, 1.68067229e-03, 1.68067229e-03,
       8.40336143e-04, 2.10084044e-03, 8.40336143e-04, 0.,
       1.26050424e-03, 1.26050424e-03, 4.20168071e-04, 1.68067229e-03,
       4.20168071e-04, 1.26050424e-03, 4.20168071e-04, 2.10084044e-03,
