%YAML:1.0
m25f: !!opencv-matrix
   rows: 1
   cols: 800
   dt: f
   data: [ 0., 1.56739808e-03, 1.56739808e-03, 5.22466027e-04, 0.,
       5.22466027e-04, 3.13479616e-03, 3.13479616e-03, 2.08986411e-03,
       1.56739808e-03, 0., 5.22466027e-04, 5.22466027e-04,
       2.61233002e-03, 0., 5.22466027e-04, 5.22466027e-04,
       2.61233002e-03, 5.22466027e-04, 0., 1.56739808e-03,
       5.22466027e-04, 1.04493205e-03, 0., 5.22466027e-04,
       5.22466027e-04, 1.04493205e-03, 1.04493205e-03, 0., 0.,
       1.04493205e-03, 2.08986411e-03, 1.04493205e-03, 2.08986411e-03,
       5.22466027e-04, 0., 5.22466027e-04, 4.70219413e-03,
       1.56739808e-03, 0., 2.08986411e-03, 2.61233002e-03,
       1.04493205e-03, 5.22466004e-03, 3.13479616e-03, 3.13479616e-03,
       5.22466027e-04, 0., 5.22466027e-04, 0., 0., 2.08986411e-03,
       1.56739808e-03, 5.22466027e-04, 5.22466027e-04, 4.17972822e-03,
       1.04493205e-03, 2.61233002e-03, 5.22466027e-04, 4.70219413e-03,
       0., 0., 2.08986411e-03, 2.08986411e-03, 0., 1.56739808e-03,
       1.04493205e-03, 0., 0., 0., 0., 3.13479616e-03, 0., 0.,
       5.22466027e-04, 2.61233002e-03, 0., 5.22466027e-04,
       2.08986411e-03, 2.08986411e-03, 1.56739808e-03, 0., 0.,
       1.04493205e-03, 5.22466027e-04, 3.13479616e-03, 2.08986411e-03,
       1.04493205e-03, 1.56739808e-03, 0., 0., 5.22466027e-04,
       2.08986411e-03, 1.56739808e-03, 0., 1.56739808e-03,
       2.08986411e-03, 3.13479616e-03, 2.08986411e-03, 3.13479616e-03,
       5.22466027e-04, 2.08986411e-03, 2.08986411e-03, 0., 0.,
       5.22466027e-04, 0., 5.22466027e-04, 5.22466027e-04,
       1.56739808e-03, 0., 1.56739808e-03, 0., 1.56739808e-03,
       5.22466027e-04, 2.08986411e-03, 0., 4.17972822e-03,
       2.61233002e-03, 4.17972822e-03, 1.04493205e-03, 3.65726231e-03,
       1.04493205e-03, 2.08986411e-03, 0., 0., 1.04493205e-03,
       5.22466027e-04, 1.04493205e-03, 4.17972822e-03, 0.,
       1.56739808e-03, 5.22466027e-04, 1.04493205e-03, 5.22466027e-04,
       5.22466027e-04, 4.17972822e-03, 3.13479616e-03, 1.56739808e-03,
       1.04493205e-03, 0., 6.26959233e-03, 2.61233002e-03, 0.,
       5.22466027e-04, 2.61233002e-03, 1.56739808e-03, 0.,
       5.22466027e-04, 1.04493205e-03, 0., 1.56739808e-03,
       5.22466027e-04, 2.08986411e-03, 1.04493205e-03, 0., 0.,
       2.08986411e-03, 2.61233002e-03, 0., 1.56739808e-03, 0., 0.,
       1.04493205e-03, 0., 5.22466027e-04, 0., 1.56739808e-03, 0.,
       2.61233002e-03, 2.08986411e-03, 3.13479616e-03, 1.56739808e-03,
       2.61233002e-03, 2.08986411e-03, 0., 5.22466027e-04,
       5.22466027e-04, 2.08986411e-03, 1.56739808e-03, 1.04493205e-03,
       5.22466027e-04, 5.22466027e-04, 1.04493205e-03, 1.56739808e-03,
       1.56739808e-03, 1.04493205e-03, 1.56739808e-03, 0.,
       2.08986411e-03, 0., 4.17972822e-03, 1.04493205e-03,
       1.04493205e-03, 4.17972822e-03, 5.22466027e-04, 0.,
       1.04493205e-03, 0., 2.08986411e-03, 1.56739808e-03,
       2.08986411e-03, 1.04493205e-03, 2.08986411e-03, 5.22466027e-04,
       1.56739808e-03, 1.04493205e-03, 1.56739808e-03, 2.08986411e-03,
       2.61233002e-03, 2.08986411e-03, 1.04493205e-03, 0.,
       5.22466027e-04, 1.56739808e-03, 5.22466027e-04, 5.22466027e-04,
       0., 0., 4.17972822e-03, 1.04493205e-03, 5.22466027e-04, 0.,
       1.56739808e-03, 5.22466027e-04, 1.56739808e-03, 5.22466027e-04,
       5.22466027e-04, 1.56739808e-03, 1.56739808e-03, 0.,
       5.22466027e-04, 2.61233002e-03, 1.56739808e-03, 1.04493205e-03,
       5.22466027e-04, 5.22466027e-04, 0., 3.13479616e-03,
       4.70219413e-03, 5.22466027e-04, 1.56739808e-03, 1.04493205e-03,
       6.26959233e-03, 5.22466027e-04, 1.56739808e-03, 1.04493205e-03,
       1.04493205e-03, 5.22466027e-04, 5.22466027e-04, 2.61233002e-03,
       5.22466027e-04, 0., 2.08986411e-03, 1.04493205e-03, 0., 0.,
       1.56739808e-03, 0., 5.22466027e-04, 3.13479616e-03,
       2.08986411e-03, 2.61233002e-03, 5.22466027e-04, 5.22466027e-04,
       1.04493205e-03, 5.22466027e-04, 5.22466027e-04, 2.61233002e-03,
       2.08986411e-03, 5.22466027e-04, 0., 1.04493205e-03,
       1.56739808e-03, 0., 0., 1.56739808e-03, 2.08986411e-03,
       1.04493205e-03, 3.13479616e-03, 3.65726231e-03, 1.04493205e-03,
       3.13479616e-03, 1.56739808e-03, 0., 0., 1.56739808e-03,
       1.04493205e-03, 5.22466027e-04, 5.22466027e-04, 1.56739808e-03,
       2.08986411e-03, 0., 2.08986411e-03, 1.56739808e-03,
       1.56739808e-03, 1.04493205e-03, 1.56739808e-03, 2.08986411e-03,
       5.22466027e-04, 1.56739808e-03, 4.17972822e-03, 0., 0.,
       1.56739808e-03, 0., 2.08986411e-03, 3.13479616e-03, 0.,
       5.22466027e-04, 1.04493205e-03, 4.17972822e-03, 5.22466027e-04,
       5.22466027e-04, 5.22466027e-04, 5.22466027e-04, 6.26959233e-03,
       1.04493205e-03, 1.04493205e-03, 2.08986411e-03, 2.61233002e-03,
       1.04493205e-03, 3.13479616e-03, 3.65726231e-03, 5.22466027e-04,
       0., 1.04493205e-03, 1.04493205e-03, 1.56739808e-03,
       5.22466027e-04, 5.22466027e-04, 0., 0., 5.22466027e-04,
       1.04493205e-03, 5.22466027e-04, 5.22466027e-04, 5.22466027e-04,
       2.08986411e-03, 5.22466027e-04, 1.56739808e-03, 5.22466027e-04,
       2.61233002e-03, 1.56739808e-03, 1.04493205e-03, 1.56739808e-03,
       5.22466027e-04, 1.04493205e-03, 1.04493205e-03, 1.04493205e-03,
       5.22466027e-04, 0., 0., 0., 4.70219413e-03, 0., 5.22466027e-04,
       1.56739808e-03, 1.56739808e-03, 5.22466027e-04, 0.,
       1.04493205e-03, 0., 5.22466027e-04, 1.04493205e-03,
       1.56739808e-03, 1.56739808e-03, 1.56739808e-03, 5.22466027e-04,
       1.56739808e-03, 1.04493205e-03, 1.04493205e-03, 2.08986411e-03,
       5.22466027e-04, 2.08986411e-03, 1.56739808e-03, 2.08986411e-03,
       2.08986411e-03, 3.13479616e-03, 2.08986411e-03, 4.70219413e-03,
       0., 5.22466027e-04, 0., 0., 3.13479616e-03, 1.04493205e-03,
       3.13479616e-03, 1.04493205e-03, 1.04493205e-03, 5.22466027e-04,
       1.04493205e-03, 5.22466027e-04, 4.17972822e-03, 5.22466027e-04,
       4.17972822e-03, 2.08986411e-03, 5.22466027e-04, 5.22466027e-04,
       5.22466027e-04, 3.65726231e-03, 1.04493205e-03, 5.22466027e-04,
       5.22466027e-04, 1.56739808e-03, 5.22466027e-04, 0., 0.,
       1.04493205e-03, 5.22466027e-04, 0., 1.04493205e-03,
       4.70219413e-03, 1.56739808e-03, 5.22466027e-04, 2.08986411e-03,
       5.22466027e-04, 2.08986411e-03, 5.22466027e-04, 0.,
       5.22466027e-04, 1.04493205e-03, 5.22466027e-04, 1.04493205e-03,
       4.17972822e-03, 5.22466027e-04, 1.04493205e-03, 1.04493205e-03,
       0., 1.04493205e-03, 5.22466027e-04, 0., 3.13479616e-03,
       5.22466027e-04, 1.56739808e-03, 0., 0., 3.13479616e-03,
       1.04493205e-03, 0., 2.08986411e-03, 0., 3.13479616e-03,
       1.04493205e-03, 5.22466027e-04, 2.08986411e-03, 0.,
       1.56739808e-03, 0., 5.22466027e-04, 1.04493205e-03,
       4.17972822e-03, 0., 5.22466027e-04, 1.04493205e-03, 0.,
       5.22466027e-04, 0., 2.08986411e-03, 2.08986411e-03,
       1.04493205e-03, 0., 0., 1.04493205e-03, 1.56739808e-03,
       1.04493205e-03, 3.13479616e-03, 0., 2.61233002e-03,
       1.56739808e-03, 1.56739808e-03, 5.22466027e-04, 0.,
       2.08986411e-03, 1.56739808e-03, 0., 1.56739808e-03,
       3.13479616e-03, 2.08986411e-03, 2.08986411e-03, 1.56739808e-03,
       2.08986411e-03, 2.08986411e-03, 1.56739808e-03, 1.04493205e-03,
       2.61233002e-03, 0., 1.56739808e-03, 5.22466027e-04,
       1.56739808e-03, 5.22466027e-04, 3.13479616e-03, 5.22466027e-04,
       4.17972822e-03, 0., 5.22466027e-04, 2.61233002e-03,
       5.22466027e-04, 3.13479616e-03, 0., 3.13479616e-03,
       1.04493205e-03, 2.08986411e-03, 3.13479616e-03, 5.22466027e-04,
       2.08986411e-03, 0., 3.13479616e-03, 2.61233002e-03,
       5.22466027e-04, 1.04493205e-03, 3.13479616e-03, 1.56739808e-03,
       1.04493205e-03, 2.61233002e-03, 1.56739808e-03, 3.13479616e-03,
       2.08986411e-03, 3.65726231e-03, 2.08986411e-03, 4.17972822e-03,
       3.13479616e-03, 3.13479616e-03, 3.65726231e-03, 0.,
