%YAML:1.0
m25f: !!opencv-matrix
   rows: 1
   cols: 800
   dt: f
   data: [ 0., 1.64203614e-03, 0., 1.64203614e-03, 0., 0., 0.,
       8.21018033e-03, 1.31362891e-02, 0., 1.64203614e-03, 0., 0.,
       1.64203614e-03, 1.64203614e-03, 3.28407227e-03, 0., 0.,
       1.64203614e-03, 0., 0., 1.64203614e-03, 3.28407227e-03, 0.,
       6.56814454e-03, 3.28407227e-03, 0., 6.56814454e-03, 0.,
       1.64203614e-03, 4.92610829e-03, 0., 4.92610829e-03, 0.,
       1.64203614e-03, 1.64203614e-03, 0., 1.64203614e-03, 0.,
       1.64203614e-03, 0., 0., 0., 0., 1.64203614e-03, 0., 0.,
       1.64203614e-03, 0., 0., 0., 0., 1.64203614e-03, 0.,
       1.64203614e-03, 1.64203614e-03, 0., 0., 0., 0., 0., 0., 0.,
       3.28407227e-03, 1.64203614e-03, 3.28407227e-03, 1.64203614e-03,
       4.92610829e-03, 0., 1.64203614e-03, 0., 0., 3.28407227e-03,
       1.64203614e-03, 1.64203614e-03, 3.28407227e-03, 0.,
       1.64203614e-03, 0., 3.28407227e-03, 0., 0., 8.21018033e-03,
       1.64203614e-03, 1.64203614e-03, 3.28407227e-03, 0.,
       1.64203614e-03, 1.64203614e-03, 0., 0., 0., 0., 0., 0.,
       3.28407227e-03, 0., 0., 0., 0., 0., 0., 0., 9.85221658e-03, 0.,
       0., 4.92610829e-03, 1.64203614e-03, 0., 3.28407227e-03,
       4.92610829e-03, 0., 0., 0., 0., 0., 4.92610829e-03, 0.,
       3.28407227e-03, 0., 0., 0., 1.64203614e-03, 0., 0., 0.,
       4.92610829e-03, 0., 0., 0., 1.64203614e-03, 1.64203607e-02,
       1.64203614e-03, 0., 0., 0., 0., 0., 0., 1.64203614e-03, 0., 0.,
       0., 0., 6.56814454e-03, 0., 1.64203614e-03, 0., 4.92610829e-03,
       0., 1.64203614e-03, 0., 0., 1.64203614e-03, 1.64203614e-03, 0.,
       0., 4.92610829e-03, 1.64203614e-03, 0., 0., 1.64203614e-03, 0.,
       0., 1.64203614e-03, 1.64203614e-03, 1.64203614e-03,
       1.64203614e-03, 0., 1.64203614e-03, 1.64203614e-03,
       1.64203614e-03, 0., 1.64203614e-03, 0., 1.64203614e-03,
       1.64203614e-03, 1.64203614e-03, 0., 0., 0., 0., 8.21018033e-03,
       0., 1.64203614e-03, 1.64203614e-03, 1.64203614e-03,
       3.28407227e-03, 0., 0., 1.64203614e-03, 0., 4.92610829e-03, 0.,
       4.92610829e-03, 0., 0., 1.64203614e-03, 0., 0., 0., 0.,
       1.64203614e-03, 0., 0., 0., 1.64203614e-03, 0., 0., 0.,
       1.64203614e-03, 0., 0., 0., 1.64203614e-03, 0., 3.28407227e-03,
       0., 1.14942528e-02, 1.64203614e-03, 0., 4.92610829e-03, 0.,
       1.64203614e-03, 0., 1.64203614e-03, 0., 1.64203614e-03,
       1.64203614e-03, 0., 1.64203614e-03, 3.28407227e-03, 0.,
       3.28407227e-03, 0., 0., 0., 0., 0., 0., 0., 0., 1.64203614e-03,
       0., 3.28407227e-03, 1.64203614e-03, 1.64203614e-03,
       1.64203614e-03, 0., 6.56814454e-03, 0., 1.64203614e-03,
       1.64203614e-03, 0., 3.28407227e-03, 0., 0., 1.64203614e-03,
       3.28407227e-03, 0., 0., 0., 1.64203614e-03, 0., 0., 0.,
       3.28407227e-03, 0., 3.28407227e-03, 0., 1.64203614e-03, 0.,
       4.92610829e-03, 0., 8.21018033e-03, 0., 0., 1.64203614e-03, 0.,
       0., 1.64203614e-03, 1.64203614e-03, 3.28407227e-03, 0.,
       1.64203614e-03, 0., 3.28407227e-03, 3.28407227e-03, 0., 0., 0.,
       1.64203614e-03, 0., 0., 1.31362891e-02, 3.28407227e-03,
       6.56814454e-03, 0., 1.64203614e-03, 4.92610829e-03,
       1.64203614e-03, 1.64203614e-03, 0., 0., 0., 1.64203614e-03, 0.,
       4.92610829e-03, 1.64203614e-03, 3.28407227e-03, 1.47783253e-02,
       1.64203614e-03, 0., 0., 0., 0., 0., 0., 0., 0., 0., 0.,
       1.64203614e-03, 0., 3.28407227e-03, 0., 0., 0., 3.28407227e-03,
       0., 0., 0., 3.28407227e-03, 0., 0., 0., 3.28407227e-03, 0., 0.,
       0., 0., 0., 0., 0., 4.92610829e-03, 3.28407227e-03, 0.,
       6.56814454e-03, 1.64203614e-03, 0., 0., 0., 0., 0., 0., 0., 0.,
       1.64203614e-03, 0., 1.64203614e-03, 0., 0., 0., 0.,
       1.64203614e-03, 0., 0., 3.28407227e-03, 0., 0., 0., 0., 0., 0.,
       0., 0., 0., 0., 1.64203614e-03, 1.64203614e-03, 0., 0., 0., 0.,
       8.21018033e-03, 0., 0., 0., 1.64203614e-03, 0., 0., 0.,
       1.64203614e-03, 0., 0., 0., 4.92610829e-03, 0., 0.,
       1.64203614e-03, 0., 3.28407227e-03, 0., 3.28407227e-03, 0., 0.,
       0., 0., 4.92610829e-03, 0., 0., 0., 0., 0., 0., 3.28407227e-03,
       0., 0., 0., 0., 1.64203614e-03, 0., 3.28407227e-03,
       1.64203614e-03, 0., 0., 3.28407227e-03, 0., 1.64203614e-03, 0.,
       1.64203614e-03, 0., 1.64203614e-03, 0., 0., 0., 0., 0., 0., 0.,
       0., 0., 0., 0., 3.28407227e-03, 1.64203614e-03, 1.64203614e-03,
       1.64203614e-03, 0., 1.64203614e-03, 3.28407227e-03, 0.,
       1.64203614e-03, 0., 0., 1.64203614e-03, 0., 0., 0., 0., 0., 0.,
       0., 1.64203614e-03, 1.64203614e-03, 6.56814454e-03, 0., 0.,
       3.28407227e-03, 0., 4.92610829e-03, 0., 0., 0., 1.64203614e-03,
       0., 0., 0., 1.64203614e-03, 0., 0., 1.64203614e-03, 0., 0.,
       1.64203614e-03, 1.64203614e-03, 1.64203614e-03, 0., 0., 0., 0.,
       0., 1.64203614e-03, 0., 3.28407227e-03, 0., 3.28407227e-03,
       8.21018033e-03, 1.64203614e-03, 0., 1.64203614e-03,
       1.64203614e-03, 0., 6.56814454e-03, 0., 0., 0., 1.64203614e-03,
       1.64203614e-03, 1.80623978e-02, 3.28407227e-03, 0.,
       1.64203614e-03, 0., 1.64203614e-03, 0., 0., 0., 3.28407227e-03,
       0., 0., 0., 0., 3.28407227e-03, 1.64203614e-03, 6.56814454e-03,
       0., 0., 1.64203614e-03, 1.64203614e-03, 1.64203614e-03, 0.,
       1.64203614e-03, 0., 1.64203614e-03, 0., 1.64203614e-03,
       8.21018033e-03, 1.64203614e-03, 0., 0., 0., 0., 0., 0., 0.,
       3.28407227e-03, 1.64203614e-03, 1.14942528e-02, 3.28407227e-03,
       0., 0., 0., 1.64203614e-03, 0., 0., 3.28407227e-03, 0.,
       4.92610829e-03, 0., 0., 1.64203614e-03, 1.64203614e-03,
       1.64203614e-03, 1.64203614e-03, 0., 1.64203614e-03, 0.,
       1.64203614e-03, 0., 0., 0., 0., 0., 0., 1.64203614e-03,
       1.64203614e-03, 4.92610829e-03, 0., 0., 1.64203614e-03, 0.,
       1.64203614e-03, 1.64203614e-03, 3.28407227e-03, 0.,
       3.28407227e-03, 1.64203614e-03, 0., 0., 0., 1.64203614e-03, 0.,
       0., 0., 0., 4.92610829e-03, 0., 0., 4.92610829e-03, 0., 0., 0.,
       1.64203614e-03, 1.64203614e-03, 0., 4.92610829e-03, 0.,
       1.64203614e-03, 3.28407227e-03, 1.64203614e-03, 1.64203614e-03,
       0., 0., 6.56814454e-03, 0., 0., 0., 1.64203614e-03, 0., 0.,
       3.28407227e-03, 1.64203614e-03, 0., 0., 1.64203614e-03, 0., 0.,
       1.64203614e-03, 0., 1.64203614e-03, 3.28407227e-03, 0., 0.,
       1.64203614e-03, 1.64203614e-03, 0., 1.64203614e-03, 0., 0., 0.,
       3.28407227e-03, 0., 0., 3.28407227e-03, 0., 4.92610829e-03, 0.,
       0., 0., 0., 0., 0., 0., 0., 1.64203614e-03, 0., 0., 0.,
       1.64203614e-03, 1.64203614e-03, 0., 1.64203614e-03, 0., 0.,
       6.56814454e-03, 4.92610829e-03, 0., 0., 1.64203614e-03, 0.,
       1.64203614e-03, 1.64203614e-03, 0., 0., 4.92610829e-03, 0., 0.,
       3.28407227e-03, 1.64203614e-03, 1.64203614e-03, 0., 0.,
       6.56814454e-03, 0., 0., 0., 0., 1.64203614e-03, 0.,
       3.28407227e-03, 0., 0., 0., 1.64203614e-03, 0., 9.85221658e-03,
       0., 1.64203614e-03, 4.92610829e-03, 0., 0., 0., 1.64203614e-03,
       0., 4.92610829e-03, 0., 1.64203614e-03, 1.64203614e-03,
       4.92610829e-03, 0., 6.56814454e-03, 0., 1.64203614e-03,
       1.64203614e-03, 0., 0., 0., 0., 0., 1.64203614e-03,
       1.64203614e-03, 0., 1.14942528e-02, 0., 0., 0., 1.64203614e-03,
       3.28407227e-03, 0., 1.64203614e-03, 0., 1.64203614e-03,
       3.28407227e-03, 1.64203614e-03, 0., 0., 3.28407227e-03, 0.,
       1.64203614e-03, 1.64203614e-03, 0., 1.64203614e-03,
       9.85221658e-03, 0., 1.14942528e-02, 0., 1.64203614e-03, 0.,
       1.64203614e-03, 3.28407227e-03, 0., 0., 1.64203614e-03, 0., 0.,
       8.21018033e-03, 1.64203614e-03, 1.64203614e-03, 0., 0.,
       1.64203614e-03, 0., 3.28407227e-03, 3.28407227e-03,
       1.64203614e-03, 0., 3.28407227e-03, 0., 0., 0., 0., 0., 0.,
       1.64203614e-03, 3.28407227e-03, 0., 3.28407227e-03,
       3.28407227e-03, 0., 0., 0., 0., 1.64203614e-03, 0.,
       3.28407227e-03, 1.64203614e-03, 0., 1.64203614e-03, 0.,
