%YAML:1.0
m25f: !!opencv-matrix
   rows: 1
   cols: 800
   dt: f
   data: [ 1.61082472e-03, 9.02061816e-03, 1.28865975e-03,
       3.22164939e-04, 3.22164944e-03, 1.28865975e-03, 2.25515454e-03,
       1.28865975e-03, 3.22164939e-04, 6.44329877e-04, 0.,
       6.44329877e-04, 1.28865975e-03, 1.28865975e-03, 6.44329877e-04,
       1.28865975e-03, 1.93298957e-03, 6.44329877e-04, 1.28865975e-03,
       2.25515454e-03, 3.22164939e-04, 0., 6.44329877e-04,
       9.66494787e-04, 1.03092780e-02, 9.66494787e-04, 9.66494787e-04,
       9.66494787e-04, 1.61082472e-03, 6.44329877e-04, 1.61082472e-03,
       1.28865975e-03, 1.93298957e-03, 9.66494787e-04, 1.93298957e-03,
       0., 1.61082472e-03, 2.25515454e-03, 9.66494787e-04,
       9.66494787e-04, 9.66494787e-04, 3.22164939e-04, 3.22164939e-04,
       0., 9.66494787e-04, 1.93298957e-03, 3.22164939e-04,
       1.93298957e-03, 1.61082472e-03, 1.28865975e-03, 6.44329877e-04,
       1.28865975e-03, 6.44329877e-04, 9.66494787e-04, 0.,
       1.28865975e-03, 3.86597915e-03, 1.28865975e-03, 6.44329877e-04,
       1.93298957e-03, 1.28865975e-03, 9.66494787e-04, 3.22164944e-03,
       2.25515454e-03, 6.44329877e-04, 9.66494787e-04, 1.28865975e-03,
       3.22164939e-04, 6.44329877e-04, 2.57731951e-03, 0.,
       9.66494787e-04, 9.66494787e-04, 2.89948448e-03, 1.93298957e-03,
       0., 6.44329877e-04, 3.22164939e-04, 1.61082472e-03,
       1.28865975e-03, 1.61082472e-03, 1.28865975e-03, 6.44329877e-04,
       3.22164939e-04, 1.93298957e-03, 4.18814411e-03, 6.44329877e-04,
       3.86597915e-03, 3.22164944e-03, 3.22164939e-04, 1.61082472e-03,
       1.28865975e-03, 6.44329877e-04, 6.44329877e-04, 3.22164939e-04,
       3.22164939e-04, 1.28865975e-03, 1.28865975e-03, 0.,
       6.44329877e-04, 9.66494787e-04, 2.57731951e-03, 2.57731951e-03,
       6.44329877e-04, 1.28865975e-03, 1.61082472e-03, 2.25515454e-03,
       6.44329877e-04, 2.89948448e-03, 9.66494787e-04, 1.61082472e-03,
       1.61082472e-03, 6.44329877e-04, 2.57731951e-03, 2.57731951e-03,
       1.93298957e-03, 6.44329877e-04, 1.93298957e-03, 1.28865975e-03,
       1.61082472e-03, 3.22164939e-04, 1.28865975e-03, 9.66494787e-04,
       1.61082472e-03, 2.57731951e-03, 3.22164939e-04, 1.61082472e-03,
       6.44329877e-04, 6.44329877e-04, 9.66494787e-04, 2.25515454e-03,
       1.28865975e-03, 1.28865975e-03, 1.93298957e-03, 1.28865975e-03,
       9.66494787e-04, 1.93298957e-03, 1.61082472e-03, 6.44329877e-04,
       6.44329877e-04, 0., 2.57731951e-03, 2.25515454e-03,
       1.28865975e-03, 9.66494787e-04, 1.93298957e-03, 1.61082472e-03,
       9.66494787e-04, 1.93298957e-03, 1.28865975e-03, 3.22164939e-04,
       2.25515454e-03, 2.25515454e-03, 1.93298957e-03, 9.66494787e-04,
       3.22164939e-04, 9.66494787e-04, 6.44329877e-04, 1.28865975e-03,
       1.61082472e-03, 6.44329877e-04, 1.28865975e-03, 6.44329877e-04,
       3.22164939e-04, 6.44329877e-04, 3.22164944e-03, 1.61082472e-03,
       9.66494787e-04, 2.25515454e-03, 3.22164939e-04, 6.44329877e-04,
       3.22164939e-04, 3.22164939e-04, 6.44329877e-04, 3.22164939e-04,
       1.28865975e-03, 6.44329877e-04, 1.93298957e-03, 1.61082472e-03,
       6.44329877e-04, 1.93298957e-03, 3.22164939e-04, 1.61082472e-03,
       9.66494787e-04, 3.22164939e-04, 3.22164939e-04, 1.93298957e-03,
       9.66494787e-04, 1.61082472e-03, 1.61082472e-03, 3.54381441e-03,
       1.28865975e-03, 1.61082472e-03, 6.44329877e-04, 6.44329877e-04,
       9.66494787e-04, 1.93298957e-03, 1.28865975e-03, 1.28865975e-03,
       1.28865975e-03, 1.28865975e-03, 1.28865975e-03, 3.22164939e-04,
       2.89948448e-03, 1.93298957e-03, 3.22164939e-04, 9.66494787e-04,
       9.66494787e-04, 1.28865975e-03, 0., 9.66494787e-04,
       9.66494787e-04, 3.22164939e-04, 6.44329877e-04, 1.28865975e-03,
       9.66494787e-04, 9.66494787e-04, 1.61082472e-03, 1.28865975e-03,
       9.66494787e-04, 1.28865975e-03, 1.61082472e-03, 9.66494787e-04,
       3.22164939e-04, 2.57731951e-03, 1.28865975e-03, 0.,
       6.44329877e-04, 1.61082472e-03, 6.44329877e-04, 6.44329877e-04,
       2.57731951e-03, 9.66494787e-04, 3.22164939e-04, 1.93298957e-03,
       0., 2.25515454e-03, 2.89948448e-03, 3.22164939e-04,
       9.66494787e-04, 1.61082472e-03, 6.44329877e-04, 1.28865975e-03,
       3.86597915e-03, 1.28865975e-03, 1.93298957e-03, 1.28865975e-03,
       2.89948448e-03, 6.44329877e-04, 1.61082472e-03, 1.28865975e-03,
       1.93298957e-03, 1.61082472e-03, 1.61082472e-03, 9.66494787e-04,
       9.66494787e-04, 1.28865975e-03, 1.61082472e-03, 9.66494787e-04,
       3.22164939e-04, 1.61082472e-03, 1.61082472e-03, 3.22164939e-04,
       1.61082472e-03, 1.61082472e-03, 9.66494787e-04, 3.22164939e-04,
       2.57731951e-03, 6.44329877e-04, 3.54381441e-03, 3.22164944e-03,
       1.93298957e-03, 6.44329877e-04, 1.28865975e-03, 1.28865975e-03,
       1.28865975e-03, 9.66494787e-04, 3.22164939e-04, 6.44329877e-04,
       9.66494787e-04, 6.44329877e-04, 1.61082472e-03, 1.28865975e-03,
       9.66494787e-04, 6.44329877e-04, 1.28865975e-03, 2.25515454e-03,
       6.44329877e-04, 9.66494787e-04, 9.66494787e-04, 9.66494787e-04,
       9.66494787e-04, 3.22164939e-04, 1.61082472e-03, 9.66494787e-04,
       3.22164939e-04, 3.22164939e-04, 1.61082472e-03, 9.66494787e-04,
       1.61082472e-03, 1.28865975e-03, 6.44329877e-04, 9.66494787e-04,
       9.66494787e-04, 0., 6.44329877e-04, 1.28865975e-03,
       3.22164939e-04, 2.89948448e-03, 1.28865975e-03, 9.66494787e-04,
       1.61082472e-03, 3.22164939e-04, 2.25515454e-03, 3.22164944e-03,
       2.25515454e-03, 6.44329877e-04, 1.61082472e-03, 1.61082472e-03,
       1.61082472e-03, 1.61082472e-03, 1.61082472e-03, 1.61082472e-03,
       9.66494787e-04, 3.22164939e-04, 2.89948448e-03, 6.44329877e-04,
       9.66494787e-04, 1.28865975e-03, 2.25515454e-03, 9.66494787e-04,
       9.66494787e-04, 9.66494787e-04, 2.57731951e-03, 1.61082472e-03,
       1.28865975e-03, 1.28865975e-03, 3.22164939e-04, 6.44329877e-04,
       1.28865975e-03, 6.44329877e-04, 9.66494787e-04, 1.28865975e-03,
       1.28865975e-03, 9.66494787e-04, 3.22164939e-04, 6.44329877e-04,
       9.66494787e-04, 6.44329877e-04, 1.93298957e-03, 6.44329877e-04,
       9.66494787e-04, 9.66494787e-04, 6.44329877e-04, 6.44329877e-04,
       3.22164939e-04, 9.66494787e-04, 6.44329877e-04, 1.61082472e-03,
       0., 1.61082472e-03, 0., 1.28865975e-03, 9.66494787e-04,
       9.66494787e-04, 1.28865975e-03, 1.61082472e-03, 3.22164939e-04,
       1.93298957e-03, 3.22164944e-03, 1.61082472e-03, 9.66494787e-04,
       1.61082472e-03, 1.61082472e-03, 2.89948448e-03, 1.28865975e-03,
       6.44329877e-04, 1.28865975e-03, 0., 1.28865975e-03,
       4.83247405e-03, 0., 9.66494787e-04, 6.44329877e-04,
       1.28865975e-03, 6.44329877e-04, 1.61082472e-03, 1.61082472e-03,
       2.89948448e-03, 1.61082472e-03, 9.66494787e-04, 4.51030908e-03,
       1.61082472e-03, 1.93298957e-03, 1.61082472e-03, 3.22164939e-04,
       1.28865975e-03, 9.66494787e-04, 6.44329877e-04, 3.22164939e-04,
       1.61082472e-03, 1.61082472e-03, 1.61082472e-03, 1.28865975e-03,
       6.44329877e-04, 6.44329877e-04, 1.28865975e-03, 1.28865975e-03,
       1.61082472e-03, 6.44329877e-04, 1.28865975e-03, 1.61082472e-03,
       2.25515454e-03, 6.44329877e-04, 1.61082472e-03, 1.93298957e-03,
       1.61082472e-03, 1.28865975e-03, 1.61082472e-03, 1.28865975e-03,
       3.22164944e-03, 3.22164939e-04, 6.44329877e-04, 1.61082472e-03,
       1.93298957e-03, 3.22164939e-04, 2.57731951e-03, 1.61082472e-03,
       1.61082472e-03, 0., 1.28865975e-03, 9.66494787e-04,
       1.28865975e-03, 6.44329877e-04, 3.22164939e-04, 1.61082472e-03,
       1.61082472e-03, 9.66494787e-04, 6.44329877e-04, 0.,
       9.66494787e-04, 6.44329877e-04, 6.44329877e-04, 1.61082472e-03,
       2.89948448e-03, 9.66494787e-04, 1.28865975e-03, 2.57731951e-03,
       0., 0., 3.22164939e-04, 9.66494787e-04, 2.25515454e-03,
       6.44329877e-04, 3.22164939e-04, 9.66494787e-04, 3.22164939e-04,
       1.28865975e-03, 1.61082472e-03, 6.44329877e-04, 0.,
