%YAML:1.0
m25f: !!opencv-matrix
   rows: 1
   cols: 800
   dt: f
   data: [ 8.71839584e-04, 0., 0., 8.71839584e-04, 8.71839584e-04,
       8.71839584e-04, 1.74367917e-03, 1.22057544e-02, 6.10287720e-03,
       1.74367917e-03, 1.74367917e-03, 8.71839584e-04, 8.71839584e-04,
       8.71839584e-04, 8.71839584e-04, 3.48735834e-03, 8.71839584e-04,
       8.71839584e-04, 0., 8.71839584e-04, 2.61551887e-03,
       1.74367917e-03, 4.35919780e-03, 0., 1.74367917e-03, 0.,
       8.71839584e-04, 2.61551887e-03, 1.74367917e-03, 0.,
       6.97471667e-03, 0., 0., 8.71839584e-04, 2.61551887e-03,
       6.10287720e-03, 0., 0., 8.71839584e-04, 3.48735834e-03,
       1.74367917e-03, 8.71839584e-04, 0., 8.71839584e-04,
       1.74367917e-03, 3.48735834e-03, 0., 2.61551887e-03,
       1.74367917e-03, 2.61551887e-03, 0., 3.48735834e-03,
       1.74367917e-03, 8.71839584e-04, 8.71839584e-04, 2.61551887e-03,
       0., 2.61551887e-03, 0., 8.71839584e-04, 1.74367917e-03,
       2.61551887e-03, 8.71839584e-04, 2.61551887e-03, 8.71839584e-04,
       8.71839584e-04, 0., 1.74367917e-03, 0., 8.71839584e-04,
       2.61551887e-03, 8.71839584e-04, 1.74367917e-03, 0., 0.,
       8.71839584e-04, 2.61551887e-03, 2.61551887e-03, 0.,
       8.71839584e-04, 8.71839584e-04, 8.71839584e-04, 4.35919780e-03,
       0., 1.74367917e-03, 2.61551887e-03, 0., 6.97471667e-03,
       8.71839584e-04, 2.61551887e-03, 1.74367917e-03, 0., 0., 0., 0.,
       6.10287720e-03, 3.48735834e-03, 1.74367917e-03, 8.71839584e-04,
       3.48735834e-03, 1.74367917e-03, 0., 8.71839584e-04,
       4.35919780e-03, 0., 8.71839584e-04, 8.71839584e-04,
       1.74367917e-03, 8.71839584e-04, 8.71839584e-04, 3.48735834e-03,
       0., 1.74367917e-03, 1.74367917e-03, 0., 0., 8.71839584e-04,
       8.71839584e-04, 1.48212733e-02, 4.35919780e-03, 1.74367917e-03,
       8.71839584e-04, 8.71839584e-04, 0., 1.74367917e-03,
       8.71839584e-04, 8.71839584e-04, 3.48735834e-03, 2.61551887e-03,
       8.71839584e-04, 1.74367917e-03, 3.48735834e-03, 0., 0.,
       3.48735834e-03, 0., 0., 8.71839584e-04, 1.74367917e-03,
       8.71839584e-04, 0., 8.71839584e-04, 8.71839584e-04,
       8.71839584e-04, 7.84655660e-03, 8.71839584e-04, 0.,
       8.71839584e-04, 8.71839584e-04, 8.71839584e-04, 0., 0.,
       2.61551887e-03, 2.61551887e-03, 8.71839584e-04, 3.48735834e-03,
       0., 2.61551887e-03, 1.74367917e-03, 0., 3.48735834e-03, 0., 0.,
       8.71839584e-04, 8.71839584e-04, 8.71839584e-04, 0., 0., 0., 0.,
       1.74367917e-03, 8.71839584e-04, 0., 8.71839584e-04, 0.,
       8.71839584e-04, 8.71839584e-04, 3.48735834e-03, 8.71839584e-04,
       2.61551887e-03, 8.71839584e-04, 1.74367917e-03, 7.84655660e-03,
       0., 8.71839584e-04, 8.71839584e-04, 8.71839584e-04,
       3.48735834e-03, 0., 0., 0., 8.71839584e-04, 4.35919780e-03, 0.,
       0., 8.71839584e-04, 1.74367917e-03, 3.48735834e-03,
       8.71839584e-04, 0., 0., 8.71839584e-04, 1.74367917e-03, 0., 0.,
       8.71839584e-04, 8.71839584e-04, 8.71839584e-04, 8.71839584e-04,
       8.71839584e-04, 8.71839584e-04, 1.74367917e-03, 8.71839584e-04,
       0., 8.71839584e-04, 0., 5.23103774e-03, 0., 3.48735834e-03, 0.,
       8.71839584e-04, 8.71839584e-04, 0., 0., 3.48735834e-03,
       1.74367917e-03, 0., 0., 8.71839584e-04, 2.61551887e-03, 0.,
       8.71839584e-04, 2.61551887e-03, 0., 0., 0., 0., 1.74367917e-03,
       0., 1.74367917e-03, 0., 8.71839584e-04, 8.71839584e-04,
       8.71839584e-04, 8.71839584e-04, 0., 8.71839584e-04,
       8.71839584e-04, 8.71839584e-04, 0., 8.71839584e-04,
       8.71839584e-04, 0., 1.74367917e-03, 8.71839584e-04, 0.,
       1.74367917e-03, 2.61551887e-03, 1.74367917e-03, 4.35919780e-03,
       8.71839584e-04, 0., 1.74367917e-03, 0., 8.71839584e-04,
       8.71839584e-04, 4.35919780e-03, 0., 2.61551887e-03, 0.,
       8.71839584e-04, 8.71839584e-04, 4.35919780e-03, 0.,
       3.48735834e-03, 1.74367917e-03, 1.74367917e-03, 0.,
       8.71839584e-04, 1.74367917e-03, 8.71839584e-04, 2.61551887e-03,
       3.48735834e-03, 8.71839584e-04, 0., 0., 8.71839584e-04,
       3.48735834e-03, 0., 1.74367917e-03, 0., 3.48735834e-03, 0., 0.,
       6.97471667e-03, 0., 1.74367917e-03, 0., 8.71839584e-04,
       8.71839561e-03, 1.74367917e-03, 1.74367917e-03, 1.74367917e-03,
       8.71839584e-04, 0., 2.61551887e-03, 6.10287720e-03,
       3.48735834e-03, 0., 0., 0., 2.61551887e-03, 0., 8.71839584e-04,
       8.71839584e-04, 8.71839584e-04, 8.71839584e-04, 0., 0.,
       8.71839584e-04, 0., 0., 8.71839584e-04, 1.74367917e-03,
       3.48735834e-03, 8.71839584e-04, 8.71839584e-04, 0., 0.,
       2.61551887e-03, 0., 8.71839584e-04, 0., 8.71839584e-04,
       3.48735834e-03, 0., 8.71839584e-04, 1.74367917e-03,
       8.71839584e-04, 0., 8.71839584e-04, 1.22057544e-02,
       8.71839584e-04, 1.74367917e-03, 0., 1.74367917e-03,
       8.71839584e-04, 0., 0., 8.71839584e-04, 0., 8.71839584e-04,
       8.71839584e-04, 8.71839584e-04, 5.23103774e-03, 0.,
       8.71839584e-04, 8.71839584e-04, 8.71839584e-04, 8.71839584e-04,
       8.71839584e-04, 0., 1.74367917e-03, 0., 0., 8.71839584e-04,
       1.74367917e-03, 8.71839584e-04, 8.71839584e-04, 0.,
       8.71839584e-04, 0., 0., 0., 8.71839584e-04, 0., 8.71839584e-04,
       0., 0., 8.71839584e-04, 8.71839584e-04, 8.71839584e-04,
       6.97471667e-03, 0., 3.48735834e-03, 1.74367917e-03,
       3.48735834e-03, 0., 1.74367917e-03, 8.71839584e-04, 0.,
       4.35919780e-03, 9.59023554e-03, 2.61551887e-03, 1.74367917e-03,
       0., 1.74367917e-03, 0., 0., 8.71839584e-04, 8.71839584e-04, 0.,
       0., 8.71839584e-04, 2.61551887e-03, 8.71839584e-04, 0.,
       5.23103774e-03, 2.61551887e-03, 0., 8.71839584e-04,
       8.71839584e-04, 8.71839584e-04, 0., 0., 0., 0., 0.,
       8.71839584e-04, 1.74367917e-03, 8.71839584e-04, 0.,
       2.61551887e-03, 0., 8.71839584e-04, 2.61551887e-03, 0., 0.,
       9.59023554e-03, 0., 6.10287720e-03, 0., 0., 0., 2.61551887e-03,
       0., 2.61551887e-03, 1.74367917e-03, 0., 8.71839584e-04, 0.,
       1.74367917e-03, 0., 1.74367917e-03, 0., 2.61551887e-03,
       8.71839584e-04, 0., 4.35919780e-03, 0., 8.71839584e-04, 0.,
       8.71839584e-04, 0., 0., 2.61551887e-03, 8.71839584e-04, 0.,
       8.71839584e-04, 1.74367917e-03, 0., 8.71839584e-04,
       1.74367917e-03, 0., 8.71839584e-04, 0., 0., 0., 1.74367917e-03,
       0., 0., 0., 0., 8.71839584e-04, 8.71839584e-04, 0.,
       3.48735834e-03, 3.48735834e-03, 0., 8.71839584e-04,
       2.61551887e-03, 8.71839584e-04, 0., 0., 1.74367917e-03,
       8.71839584e-04, 8.71839584e-04, 8.71839584e-04, 1.74367917e-03,
       2.61551887e-03, 8.71839584e-04, 0., 1.74367917e-03,
       8.71839584e-04, 8.71839584e-04, 0., 0., 2.61551887e-03,
       8.71839584e-04, 1.74367917e-03, 8.71839584e-04, 0., 0.,
       4.35919780e-03, 1.74367917e-03, 1.74367917e-03, 8.71839584e-04,
       1.74367917e-03, 8.71839584e-04, 3.48735834e-03, 0.,
       5.23103774e-03, 0., 8.71839584e-04, 8.71839584e-04, 0., 0., 0.,
       2.61551887e-03, 1.74367917e-03, 1.74367917e-03, 1.74367917e-03,
       8.71839584e-04, 0., 8.71839584e-04, 1.74367917e-03, 0.,
       8.71839584e-04, 8.71839584e-04, 2.61551887e-03, 2.61551887e-03,
       0., 0., 0., 8.71839584e-04, 0., 0., 6.97471667e-03,
       8.71839584e-04, 8.71839584e-04, 1.74367917e-03, 8.71839584e-04,
       3.48735834e-03, 1.74367917e-03, 0., 0., 0., 1.74367917e-03,
       6.97471667e-03, 8.71839584e-04, 0., 3.48735834e-03, 0., 0., 0.,
       1.74367917e-03, 1.74367917e-03, 2.61551887e-03, 6.97471667e-03,
       1.74367917e-03, 0., 8.71839584e-04, 1.74367917e-03,
       4.35919780e-03, 5.23103774e-03, 5.23103774e-03, 0.,
       2.61551887e-03, 8.71839584e-04, 0., 0., 0., 0., 0., 0.,
       8.71839584e-04, 1.48212733e-02, 1.74367917e-03, 8.71839584e-04,
       2.61551887e-03, 8.71839584e-04, 0., 0., 1.74367917e-03,
       4.35919780e-03, 0., 8.71839584e-04, 0., 1.74367917e-03, 0.,
       1.74367917e-03, 1.74367917e-03, 8.71839584e-04, 0.,
       8.71839584e-04, 0., 8.71839584e-04, 0., 0., 8.71839584e-04,
