%YAML:1.0
m25f: !!opencv-matrix
   rows: 1
   cols: 800
   dt: f
   data: [ 0., 5.95238106e-03, 1.48809527e-03, 2.97619053e-03,
       1.48809527e-03, 1.48809527e-03, 1.48809527e-03, 1.48809524e-02,
       0., 0., 1.48809527e-03, 0., 1.48809527e-03, 0., 0.,
       2.97619053e-03, 4.46428591e-03, 0., 0., 1.48809527e-03,
       1.48809527e-03, 0., 0., 0., 0., 0., 1.48809527e-03,
       1.48809527e-03, 0., 0., 0., 0., 0., 1.48809527e-03,
       2.97619053e-03, 2.97619053e-03, 0., 0., 0., 1.48809527e-03, 0.,
       0., 1.48809527e-03, 0., 1.48809527e-03, 1.48809527e-03,
       1.48809527e-03, 5.95238106e-03, 0., 1.48809527e-03, 0.,
       2.97619053e-03, 0., 1.48809527e-03, 1.48809527e-03, 0., 0.,
       1.48809527e-03, 1.48809527e-03, 0., 2.97619053e-03,
       4.46428591e-03, 0., 7.44047621e-03, 0., 0., 4.46428591e-03,
       5.95238106e-03, 0., 0., 0., 0., 2.97619053e-03, 0., 0., 0., 0.,
       0., 1.48809527e-03, 0., 7.44047621e-03, 1.48809527e-03,
       2.97619053e-03, 0., 0., 4.46428591e-03, 2.97619053e-03, 0.,
       1.48809527e-03, 0., 0., 5.95238106e-03, 1.48809527e-03,
       4.46428591e-03, 0., 1.48809527e-03, 0., 2.97619053e-03,
       2.97619053e-03, 1.48809527e-03, 0., 0., 0., 0., 1.48809527e-03,
       0., 5.95238106e-03, 1.48809527e-03, 1.48809527e-03, 0.,
       2.97619053e-03, 1.48809527e-03, 1.48809527e-03, 0., 0., 0.,
       2.97619053e-03, 1.48809527e-03, 0., 1.63690485e-02,
       1.48809527e-03, 2.97619053e-03, 0., 0., 0., 1.48809527e-03, 0.,
       5.95238106e-03, 5.95238106e-03, 2.97619053e-03, 2.97619053e-03,
       0., 2.97619053e-03, 0., 0., 4.46428591e-03, 1.48809527e-03, 0.,
       1.48809527e-03, 0., 0., 2.97619053e-03, 0., 0., 1.48809527e-03,
       1.48809527e-03, 4.46428591e-03, 0., 0., 1.48809527e-03,
       1.48809527e-03, 1.48809527e-03, 1.48809527e-03, 1.48809527e-03,
       0., 1.48809527e-03, 0., 2.97619053e-03, 1.48809527e-03, 0., 0.,
       1.48809527e-03, 1.48809527e-03, 0., 1.48809527e-03,
       1.48809527e-03, 0., 1.48809527e-03, 0., 0., 1.48809527e-03, 0.,
       0., 1.48809527e-03, 1.48809527e-03, 2.97619053e-03,
       1.48809527e-03, 4.46428591e-03, 0., 1.48809527e-03,
       1.48809527e-03, 2.97619053e-03, 0., 5.95238106e-03, 0., 0.,
       1.48809527e-03, 0., 0., 0., 0., 1.48809527e-03, 0., 0.,
       1.48809527e-03, 0., 0., 1.48809527e-03, 0., 1.48809527e-03,
       4.46428591e-03, 1.48809527e-03, 0., 0., 1.48809527e-03,
       1.48809527e-03, 0., 0., 0., 0., 2.97619053e-03, 0.,
       1.48809527e-03, 0., 0., 2.97619053e-03, 2.97619053e-03, 0.,
       2.97619053e-03, 1.48809527e-03, 0., 1.48809527e-03, 0., 0., 0.,
       1.48809527e-03, 1.48809527e-03, 4.46428591e-03, 1.48809527e-03,
       1.48809527e-03, 2.97619053e-03, 0., 0., 0., 0., 0., 0.,
       1.48809527e-03, 1.48809527e-03, 0., 1.48809527e-03, 0., 0.,
       1.48809527e-03, 0., 0., 0., 0., 0., 2.97619053e-03, 0.,
       1.48809527e-03, 0., 1.48809527e-03, 4.46428591e-03,
       1.48809527e-03, 1.48809527e-03, 0., 1.48809527e-03,
       2.97619053e-03, 1.48809527e-03, 0., 0., 0., 4.46428591e-03, 0.,
       1.48809527e-03, 0., 4.46428591e-03, 0., 0., 0., 2.97619053e-03,
       1.48809527e-03, 0., 1.48809527e-03, 0., 0., 0., 1.48809527e-03,
       0., 2.97619053e-03, 0., 0., 2.97619053e-03, 1.48809527e-03,
       1.48809527e-03, 0., 0., 1.48809527e-03, 1.48809527e-03,
       2.97619053e-03, 2.97619053e-03, 0., 0., 1.48809527e-03,
       2.97619053e-03, 0., 0., 1.48809527e-03, 0., 2.97619053e-03,
       1.48809527e-03, 4.46428591e-03, 0., 0., 1.48809527e-03, 0., 0.,
       1.48809527e-03, 4.46428591e-03, 4.46428591e-03, 1.48809527e-03,
       5.95238106e-03, 1.48809527e-03, 0., 0., 0., 1.48809527e-03, 0.,
       0., 1.48809527e-03, 0., 0., 1.48809527e-03, 0., 1.48809527e-03,
       2.97619053e-03, 0., 0., 0., 1.48809527e-03, 0., 1.48809527e-03,
       0., 1.48809527e-03, 1.48809527e-03, 0., 2.97619053e-03, 0., 0.,
       1.48809527e-03, 1.48809527e-03, 0., 0., 2.97619053e-03, 0.,
       1.48809527e-03, 0., 2.97619053e-03, 1.48809527e-03, 0.,
       4.46428591e-03, 0., 0., 1.48809527e-03, 4.46428591e-03, 0.,
       1.48809527e-03, 4.46428591e-03, 0., 0., 0., 0., 0.,
       1.48809527e-03, 1.48809527e-03, 0., 0., 0., 0., 0., 0., 0., 0.,
       1.48809527e-03, 1.48809527e-03, 0., 0., 0., 0., 2.97619053e-03,
       1.48809527e-03, 0., 4.46428591e-03, 2.97619053e-03,
       5.95238106e-03, 0., 4.46428591e-03, 0., 0., 1.48809527e-03,
       5.95238106e-03, 1.48809527e-03, 0., 0., 0., 0., 1.48809527e-03,
       2.97619053e-03, 1.48809527e-03, 0., 0., 1.48809527e-03,
       1.48809527e-03, 1.48809527e-03, 0., 2.97619053e-03, 0., 0., 0.,
       0., 0., 1.48809527e-03, 0., 1.48809527e-03, 0., 0., 0., 0.,
       1.48809527e-03, 0., 4.46428591e-03, 2.97619053e-03, 0., 0.,
       1.48809527e-03, 1.48809527e-03, 0., 0., 0., 0., 0., 0., 0., 0.,
       0., 0., 0., 2.97619053e-03, 0., 0., 0., 0., 2.97619053e-03,
       1.48809527e-03, 1.48809527e-03, 0., 1.48809527e-03, 0.,
       2.97619053e-03, 0., 0., 1.48809527e-03, 0., 2.97619053e-03,
       4.46428591e-03, 1.04166670e-02, 0., 0., 0., 0., 0., 0.,
       1.48809527e-03, 0., 0., 0., 2.97619053e-03, 5.95238106e-03,
       1.48809527e-03, 1.48809527e-03, 1.48809527e-03, 0.,
       2.97619053e-03, 0., 2.97619053e-03, 0., 0., 0., 0.,
       1.48809527e-03, 1.48809527e-03, 0., 4.46428591e-03,
       2.97619053e-03, 2.97619053e-03, 0., 0., 2.97619053e-03,
       1.48809527e-03, 0., 0., 1.48809527e-03, 1.48809527e-03,
       1.48809527e-03, 0., 7.44047621e-03, 0., 2.97619053e-03,
       1.48809527e-03, 0., 0., 1.48809527e-03, 1.48809527e-03, 0., 0.,
       0., 4.46428591e-03, 0., 0., 2.97619053e-03, 0., 1.48809527e-03,
       1.48809527e-03, 0., 0., 0., 0., 0., 1.48809527e-03,
       1.48809527e-03, 1.48809527e-03, 0., 1.48809527e-03, 0., 0.,
       1.48809527e-03, 1.48809527e-03, 1.48809527e-03, 0., 0., 0., 0.,
       1.48809527e-03, 1.48809527e-03, 1.48809527e-03, 1.48809527e-03,
       4.46428591e-03, 1.48809527e-03, 1.48809527e-03, 1.48809527e-03,
       4.46428591e-03, 1.48809527e-03, 0., 0., 1.48809527e-03, 0.,
       2.97619053e-03, 2.97619053e-03, 4.46428591e-03, 0., 0.,
       4.46428591e-03, 1.48809527e-03, 4.46428591e-03, 1.48809527e-03,
       2.97619053e-03, 0., 0., 0., 1.48809527e-03, 1.48809527e-03,
       1.48809527e-03, 0., 0., 1.48809527e-03, 0., 1.48809527e-03, 0.,
       0., 0., 0., 2.97619053e-03, 1.48809527e-03, 1.48809527e-03,
       2.97619053e-03, 2.97619053e-03, 1.48809527e-03, 0.,
       2.97619053e-03, 1.48809527e-03, 0., 1.48809527e-03,
       7.44047621e-03, 0., 0., 2.97619053e-03, 0., 2.97619053e-03, 0.,
       0., 0., 1.48809527e-03, 0., 0., 2.97619053e-03, 0., 0.,
       2.97619053e-03, 1.48809527e-03, 0., 1.48809527e-03,
       2.97619053e-03, 0., 0., 1.48809527e-03, 0., 0., 0., 0., 0.,
       1.48809527e-03, 1.48809527e-03, 1.48809527e-03, 1.48809527e-03,
       0., 1.48809527e-03, 0., 1.48809527e-03, 0., 2.97619053e-03, 0.,
       1.48809527e-03, 4.46428591e-03, 2.97619053e-03, 1.48809527e-03,
       1.48809527e-03, 1.48809527e-03, 1.48809527e-03, 1.48809527e-03,
       0., 0., 2.97619053e-03, 2.97619053e-03, 1.48809527e-03,
       2.97619053e-03, 0., 1.48809527e-03, 2.97619053e-03, 0.,
       1.48809527e-03, 4.46428591e-03, 1.48809527e-03, 1.48809527e-03,
       1.48809527e-03, 0., 2.97619053e-03, 0., 0., 2.97619053e-03,
       1.48809527e-03, 0., 2.97619053e-03, 1.48809527e-03, 0.,
       2.97619053e-03, 0., 1.48809527e-03, 1.48809527e-03,
       1.48809527e-03, 1.48809527e-03, 0., 4.46428591e-03, 0.,
       1.19047621e-02, 2.97619053e-03, 0., 0., 1.48809527e-03,
       4.46428591e-03, 0., 1.48809527e-03, 0., 2.97619053e-03, 0., 0.,
       2.97619053e-03, 4.46428591e-03, 0., 0., 0., 1.48809527e-03,
       1.48809527e-03, 0., 0., 0., 0., 0., 1.48809527e-03,
       2.97619053e-03, 0., 0., 0., 0., 0., 1.48809527e-03,
       1.48809527e-03, 0., 1.48809527e-03, 2.97619053e-03,
       4.46428591e-03, 1.48809527e-03, 1.48809527e-03, 1.48809527e-03,
