%YAML:1.0
m25f: !!opencv-matrix
   rows: 1
   cols: 800
   dt: f
   data: [ 2.48988485e-03, 3.42359161e-03, 6.22471212e-04,
       1.86741364e-03, 1.24494242e-03, 1.55617809e-03, 9.33706819e-04,
       1.86741364e-03, 1.55617809e-03, 3.11235606e-04, 1.24494242e-03,
       3.11235606e-04, 9.33706819e-04, 3.11235606e-04, 0.,
       1.55617809e-03, 1.86741364e-03, 1.86741364e-03, 6.22471212e-04,
       2.17864919e-03, 1.24494242e-03, 1.86741364e-03, 1.55617809e-03,
       1.24494242e-03, 6.22471212e-04, 9.33706819e-04, 2.48988485e-03,
       6.22471212e-04, 9.33706819e-04, 6.22471212e-04, 0.,
       6.22471212e-04, 3.11235606e-04, 3.42359161e-03, 3.73482727e-03,
       0., 2.48988485e-03, 2.48988485e-03, 6.22471212e-04,
       1.24494242e-03, 3.11235606e-04, 1.55617809e-03, 9.33706819e-04,
       6.22471212e-04, 1.55617809e-03, 1.55617809e-03, 9.33706819e-04,
       2.48988485e-03, 1.86741364e-03, 2.80112051e-03, 1.24494242e-03,
       1.55617809e-03, 2.17864919e-03, 3.11235606e-04, 3.11235606e-04,
       1.24494242e-03, 0., 1.24494242e-03, 6.22471212e-04,
       2.17864919e-03, 9.33706819e-04, 1.55617809e-03, 1.86741364e-03,
       1.24494242e-03, 6.22471212e-04, 3.11235618e-03, 1.55617809e-03,
       1.24494242e-03, 1.55617809e-03, 1.24494242e-03, 0.,
       1.24494242e-03, 9.33706819e-04, 9.33706819e-04, 3.11235606e-04,
       1.86741364e-03, 3.11235606e-04, 3.11235606e-04, 1.55617809e-03,
       1.55617809e-03, 1.86741364e-03, 4.04606294e-03, 9.33706819e-04,
       3.11235606e-04, 6.22471212e-04, 3.11235606e-04, 9.33706819e-04,
       0., 1.24494242e-03, 1.55617809e-03, 9.33706819e-04,
       6.22471212e-04, 1.55617809e-03, 6.22471212e-04, 9.33706819e-04,
       1.24494242e-03, 2.17864919e-03, 6.22471212e-04, 2.17864919e-03,
       6.22471212e-04, 9.33706819e-04, 9.33706819e-04, 9.33706819e-04,
       3.11235606e-04, 2.48988485e-03, 1.55617809e-03, 1.24494242e-03,
       2.17864919e-03, 3.11235606e-04, 1.86741364e-03, 9.33706819e-04,
       9.33706819e-04, 2.17864919e-03, 2.48988485e-03, 1.86741364e-03,
       1.24494242e-03, 3.11235606e-04, 1.55617809e-03, 6.22471212e-04,
       3.11235606e-04, 3.11235606e-04, 0., 1.24494242e-03,
       6.22471212e-04, 9.33706819e-04, 3.11235606e-04, 6.22471212e-04,
       1.24494242e-03, 1.86741364e-03, 6.22471212e-04, 1.55617809e-03,
       9.33706819e-04, 0., 2.48988485e-03, 1.24494242e-03,
       1.86741364e-03, 1.55617809e-03, 1.86741364e-03, 1.24494242e-03,
       2.17864919e-03, 9.33706819e-04, 2.17864919e-03, 1.55617809e-03,
       1.24494242e-03, 3.11235606e-04, 9.33706819e-04, 9.33706819e-04,
       0., 6.22471212e-04, 6.22471212e-04, 2.48988485e-03,
       9.33706819e-04, 1.24494242e-03, 9.33706819e-04, 1.24494242e-03,
       1.55617809e-03, 1.86741364e-03, 1.86741364e-03, 9.33706819e-04,
       1.55617809e-03, 1.55617809e-03, 9.33706819e-04, 9.33706819e-04,
       1.24494242e-03, 1.55617809e-03, 2.48988485e-03, 3.42359161e-03,
       2.17864919e-03, 0., 1.24494242e-03, 1.55617809e-03,
       1.55617809e-03, 1.24494242e-03, 3.11235606e-04, 3.11235606e-04,
       0., 0., 6.22471212e-04, 2.80112051e-03, 6.22471212e-04,
       3.11235606e-04, 1.24494242e-03, 1.86741364e-03, 6.22471212e-04,
       6.22471212e-04, 3.11235606e-04, 6.22471212e-04, 6.22471212e-04,
       9.33706819e-04, 0., 2.17864919e-03, 1.24494242e-03,
       2.48988485e-03, 1.24494242e-03, 6.22471212e-04, 1.24494242e-03,
       2.17864919e-03, 1.55617809e-03, 9.33706819e-04, 2.80112051e-03,
       1.24494242e-03, 0., 0., 9.33706819e-04, 1.86741364e-03,
       9.33706819e-04, 0., 1.86741364e-03, 1.86741364e-03,
       6.22471212e-04, 1.86741364e-03, 9.33706819e-04, 0.,
       1.24494242e-03, 9.33706819e-04, 2.17864919e-03, 2.17864919e-03,
       6.22471212e-04, 2.48988485e-03, 3.11235606e-04, 1.86741364e-03,
       3.11235606e-04, 1.55617809e-03, 9.33706819e-04, 1.24494242e-03,
       3.11235606e-04, 1.86741364e-03, 9.33706819e-04, 0.,
       2.80112051e-03, 2.17864919e-03, 1.55617809e-03, 2.48988485e-03,
       1.24494242e-03, 9.33706819e-04, 1.24494242e-03, 1.55617809e-03,
       9.33706819e-04, 6.22471212e-04, 3.11235618e-03, 1.86741364e-03,
       0., 1.55617809e-03, 4.97976970e-03, 0., 3.11235606e-04,
       6.22471212e-04, 3.42359161e-03, 2.17864919e-03, 6.22471212e-04,
       1.55617809e-03, 1.55617809e-03, 9.33706819e-04, 6.22471212e-04,
       6.22471212e-04, 1.86741364e-03, 0., 1.24494242e-03,
       1.24494242e-03, 0., 3.42359161e-03, 3.11235606e-04,
       3.11235606e-04, 1.24494242e-03, 1.24494242e-03, 1.86741364e-03,
       6.22471212e-04, 0., 1.24494242e-03, 3.11235618e-03,
       3.11235618e-03, 9.33706819e-04, 6.22471212e-04, 2.48988485e-03,
       1.24494242e-03, 1.24494242e-03, 1.24494242e-03, 6.22471212e-04,
       1.24494242e-03, 9.33706819e-04, 6.22471212e-04, 2.80112051e-03,
       3.11235606e-04, 9.33706819e-04, 1.86741364e-03, 1.55617809e-03,
       1.24494242e-03, 1.24494242e-03, 1.24494242e-03, 1.55617809e-03,
       2.80112051e-03, 1.55617809e-03, 1.24494242e-03, 9.33706819e-04,
       1.86741364e-03, 6.22471212e-04, 2.48988485e-03, 1.86741364e-03,
       1.24494242e-03, 1.24494242e-03, 2.17864919e-03, 0.,
       3.11235606e-04, 9.33706819e-04, 6.22471212e-04, 1.55617809e-03,
       9.33706819e-04, 0., 1.86741364e-03, 2.48988485e-03, 0.,
       6.22471212e-04, 3.11235606e-04, 9.33706819e-04, 2.48988485e-03,
       1.24494242e-03, 3.11235606e-04, 1.24494242e-03, 2.48988485e-03,
       3.11235618e-03, 2.17864919e-03, 6.22471212e-04, 9.33706819e-04,
       2.48988485e-03, 1.86741364e-03, 6.22471212e-04, 6.22471212e-04,
       9.33706819e-04, 2.80112051e-03, 3.42359161e-03, 6.22471212e-04,
       3.11235606e-04, 1.86741364e-03, 0., 1.55617809e-03, 0.,
       6.22471212e-04, 1.24494242e-03, 1.24494242e-03, 1.86741364e-03,
       1.55617809e-03, 1.24494242e-03, 1.55617809e-03, 3.11235606e-04,
       0., 3.42359161e-03, 1.55617809e-03, 1.55617809e-03,
       2.17864919e-03, 3.11235606e-04, 1.86741364e-03, 6.22471212e-04,
       1.24494242e-03, 1.24494242e-03, 3.11235606e-04, 1.55617809e-03,
       3.11235606e-04, 2.48988485e-03, 1.86741364e-03, 0.,
       1.55617809e-03, 0., 1.86741364e-03, 6.22471212e-04,
       2.48988485e-03, 2.17864919e-03, 6.22471212e-04, 6.22471212e-04,
       1.24494242e-03, 6.22471212e-04, 9.33706819e-04, 9.33706819e-04,
       1.55617809e-03, 1.55617809e-03, 2.48988485e-03, 2.80112051e-03,
       6.22471212e-04, 6.22471212e-04, 6.22471212e-04, 6.22471212e-04,
       9.33706819e-04, 6.22471212e-04, 1.24494242e-03, 9.33706819e-04,
       9.33706819e-04, 2.17864919e-03, 9.33706819e-04, 3.11235606e-04,
       1.86741364e-03, 6.22471212e-04, 1.55617809e-03, 1.24494242e-03,
       1.55617809e-03, 6.22471212e-04, 1.24494242e-03, 6.22471212e-04,
       2.17864919e-03, 6.22471212e-04, 1.24494242e-03, 0.,
       9.33706819e-04, 3.11235606e-04, 1.86741364e-03, 6.22471212e-04,
       1.24494242e-03, 2.48988485e-03, 0., 0., 1.55617809e-03,
       9.33706819e-04, 1.86741364e-03, 1.55617809e-03, 1.55617809e-03,
       2.80112051e-03, 4.35729837e-03, 1.24494242e-03, 9.33706819e-04,
       9.33706819e-04, 3.11235606e-04, 3.11235618e-03, 1.55617809e-03,
       3.11235606e-04, 3.11235606e-04, 1.86741364e-03, 3.11235606e-04,
       2.80112051e-03, 3.11235606e-04, 1.24494242e-03, 1.24494242e-03,
       1.86741364e-03, 9.33706819e-04, 6.22471212e-04, 6.22471212e-04,
       6.22471212e-04, 0., 3.11235606e-04, 2.17864919e-03,
       3.11235606e-04, 9.33706819e-04, 3.11235606e-04, 1.86741364e-03,
       1.55617809e-03, 1.55617809e-03, 3.11235606e-04, 1.24494242e-03,
       9.33706819e-04, 6.22471212e-04, 6.22471212e-04, 6.22471212e-04,
       2.17864919e-03, 1.86741364e-03, 1.86741364e-03, 6.22471212e-04,
       1.55617809e-03, 6.22471212e-04, 6.22471212e-04, 1.24494242e-03,
       1.55617809e-03, 1.24494242e-03, 1.24494242e-03, 0.,
       1.86741364e-03, 1.24494242e-03, 6.22471212e-04, 2.17864919e-03,
       1.55617809e-03, 1.55617809e-03, 6.22471212e-04, 1.24494242e-03,
