%YAML:1.0
m25f: !!opencv-matrix
   rows: 1
   cols: 800
   dt: f
   data: [ 7.62195094e-04, 1.52439019e-03, 7.62195094e-04,
       2.28658528e-03, 7.62195094e-04, 0., 3.04878037e-03,
       3.81097547e-03, 6.85975607e-03, 0., 2.28658528e-03,
       1.52439019e-03, 1.52439019e-03, 0., 7.62195094e-04,
       5.33536542e-03, 1.52439019e-03, 7.62195094e-04, 1.52439019e-03,
       7.62195094e-04, 1.52439019e-03, 3.04878037e-03, 0.,
       7.62195094e-04, 1.52439019e-03, 3.04878037e-03, 0.,
       1.52439019e-03, 7.62195094e-04, 0., 4.57317056e-03, 0.,
       2.28658528e-03, 7.62195094e-04, 3.04878037e-03, 2.28658528e-03,
       0., 0., 1.52439019e-03, 9.90853645e-03, 7.62195094e-04, 0.,
       7.62195094e-04, 1.52439019e-03, 7.62195094e-04, 7.62195094e-04,
       0., 3.04878037e-03, 7.62195094e-04, 7.62195094e-04,
       7.62195094e-04, 7.62195094e-04, 1.52439019e-03, 0.,
       1.52439019e-03, 3.81097547e-03, 0., 7.62195094e-04,
       2.28658528e-03, 0., 1.52439019e-03, 2.28658528e-03,
       1.52439019e-03, 7.62195094e-04, 7.62195094e-04, 1.52439019e-03,
       0., 2.28658528e-03, 1.52439019e-03, 1.52439019e-03,
       7.62195094e-04, 7.62195094e-04, 0., 2.28658528e-03, 0., 0.,
       7.62195094e-04, 2.28658528e-03, 7.62195094e-04, 2.28658528e-03,
       1.52439019e-03, 1.52439019e-03, 2.28658528e-03, 0.,
       3.04878037e-03, 3.81097547e-03, 7.62195094e-04, 6.09756075e-03,
       7.62195094e-04, 2.28658528e-03, 1.52439019e-03, 0., 0.,
       7.62195094e-04, 7.62195094e-04, 0., 7.62195094e-04,
       1.52439019e-03, 2.28658528e-03, 1.52439019e-03, 7.62195094e-04,
       3.04878037e-03, 1.52439019e-03, 4.57317056e-03, 1.52439019e-03,
       0., 7.62195094e-04, 3.04878037e-03, 1.52439019e-03,
       7.62195094e-04, 1.52439019e-03, 7.62195094e-04, 1.52439019e-03,
       7.62195094e-04, 1.52439019e-03, 0., 0., 7.62195094e-04,
       4.57317056e-03, 7.62195094e-03, 7.62195094e-04, 0., 0.,
       1.52439019e-03, 7.62195094e-04, 2.28658528e-03, 0., 0., 0.,
       7.62195094e-04, 2.28658528e-03, 5.33536542e-03, 7.62195094e-04,
       1.52439019e-03, 0., 0., 0., 2.28658528e-03, 3.04878037e-03,
       7.62195094e-04, 7.62195094e-04, 0., 7.62195094e-04, 0.,
       5.33536542e-03, 0., 0., 0., 0., 0., 1.52439019e-03,
       3.81097547e-03, 1.52439019e-03, 1.52439019e-03, 7.62195094e-04,
       0., 7.62195094e-04, 3.04878037e-03, 2.28658528e-03,
       1.52439019e-03, 1.52439019e-03, 7.62195094e-04, 7.62195094e-04,
       0., 0., 0., 7.62195094e-04, 0., 1.52439019e-03, 7.62195094e-04,
       7.62195094e-04, 0., 0., 2.28658528e-03, 1.52439019e-03,
       2.28658528e-03, 0., 2.28658528e-03, 0., 2.28658528e-03, 0.,
       2.28658528e-03, 3.04878037e-03, 1.52439019e-03, 3.81097547e-03,
       7.62195094e-04, 2.28658528e-03, 3.04878037e-03, 0.,
       1.52439019e-03, 0., 1.52439019e-03, 5.33536542e-03,
       7.62195094e-04, 7.62195094e-04, 1.52439019e-03, 1.52439019e-03,
       5.33536542e-03, 7.62195094e-04, 0., 7.62195094e-04, 0., 0., 0.,
       3.81097547e-03, 2.28658528e-03, 1.52439019e-03, 2.28658528e-03,
       0., 1.52439019e-03, 7.62195094e-04, 7.62195094e-04, 0., 0.,
       7.62195094e-04, 1.52439019e-03, 3.81097547e-03, 7.62195094e-04,
       6.85975607e-03, 7.62195094e-04, 7.62195094e-04, 1.52439019e-03,
       7.62195094e-04, 0., 2.28658528e-03, 7.62195094e-04, 0.,
       7.62195094e-04, 7.62195094e-04, 2.28658528e-03, 0., 0., 0.,
       7.62195094e-04, 7.62195094e-04, 4.57317056e-03, 1.52439019e-03,
       2.28658528e-03, 1.52439019e-03, 0., 2.28658528e-03,
       7.62195094e-04, 1.52439019e-03, 7.62195094e-04, 1.52439019e-03,
       0., 0., 1.52439019e-03, 2.28658528e-03, 1.52439019e-03, 0.,
       7.62195094e-04, 0., 7.62195094e-04, 0., 7.62195094e-04,
       7.62195094e-04, 0., 1.52439019e-03, 1.52439019e-03, 0., 0., 0.,
       7.62195094e-04, 0., 0., 7.62195094e-04, 0., 0., 7.62195094e-04,
       7.62195094e-04, 7.62195094e-04, 3.81097547e-03, 2.28658528e-03,
       1.52439019e-03, 7.62195094e-04, 0., 1.52439019e-03,
       1.52439019e-03, 1.52439019e-03, 1.52439019e-03, 1.52439019e-03,
       0., 1.52439019e-03, 1.52439019e-03, 1.52439019e-03,
       2.28658528e-03, 0., 0., 7.62195094e-04, 0., 0., 1.52439019e-03,
       1.52439019e-03, 9.90853645e-03, 1.52439019e-03, 3.04878037e-03,
       1.52439019e-03, 1.52439019e-03, 0., 7.62195094e-04,
       7.62195094e-04, 7.62195094e-04, 7.62195094e-04, 0., 0.,
       3.81097547e-03, 0., 0., 7.62195094e-04, 1.14329262e-02,
       7.62195094e-04, 1.52439019e-03, 7.62195094e-04, 0.,
       1.52439019e-03, 0., 0., 5.33536542e-03, 1.52439019e-03,
       7.62195094e-04, 1.52439019e-03, 7.62195094e-04, 7.62195094e-04,
       2.28658528e-03, 1.52439019e-03, 0., 0., 7.62195094e-04, 0.,
       7.62195094e-04, 0., 7.62195094e-04, 0., 1.52439019e-03, 0.,
       1.52439019e-03, 2.28658528e-03, 1.52439019e-03, 0.,
       7.62195094e-04, 7.62195094e-04, 7.62195094e-04, 1.52439019e-03,
       7.62195094e-04, 3.04878037e-03, 7.62195094e-04, 0., 0., 0.,
       3.04878037e-03, 0., 0., 7.62195094e-04, 1.52439019e-03,
       1.52439019e-03, 7.62195094e-04, 7.62195094e-04, 1.52439019e-03,
       0., 0., 0., 2.28658528e-03, 0., 7.62195094e-04, 7.62195094e-04,
       0., 3.04878037e-03, 1.52439019e-03, 0., 0., 1.52439019e-03,
       3.04878037e-03, 1.52439019e-03, 0., 7.62195094e-04,
       1.52439019e-03, 7.62195094e-04, 3.04878037e-03, 1.52439019e-03,
       0., 7.62195094e-04, 7.62195094e-04, 0., 4.57317056e-03,
       7.62195094e-04, 0., 2.28658528e-03, 7.62195094e-03,
       1.52439019e-03, 7.62195094e-04, 3.04878037e-03, 3.81097547e-03,
       3.81097547e-03, 1.52439019e-03, 2.28658528e-03, 2.28658528e-03,
       7.62195094e-04, 0., 1.52439019e-03, 0., 0., 0., 7.62195094e-04,
       3.04878037e-03, 2.28658528e-03, 7.62195094e-04, 1.52439019e-03,
       3.81097547e-03, 7.62195094e-04, 6.85975607e-03, 1.52439019e-03,
       0., 1.52439019e-03, 0., 7.62195094e-04, 0., 0., 7.62195094e-04,
       0., 0., 7.62195094e-04, 1.52439019e-03, 2.28658528e-03,
       1.52439019e-03, 0., 1.52439019e-03, 0., 2.28658528e-03, 0.,
       5.33536542e-03, 0., 1.52439019e-03, 1.52439019e-03,
       7.62195094e-04, 5.33536542e-03, 0., 0., 0., 7.62195094e-04, 0.,
       7.62195094e-04, 3.04878037e-03, 7.62195094e-04, 7.62195094e-04,
       1.52439019e-03, 7.62195094e-04, 1.52439019e-03, 5.33536542e-03,
       7.62195094e-04, 1.52439019e-03, 7.62195094e-04, 1.52439019e-03,
       7.62195094e-04, 0., 2.28658528e-03, 0., 7.62195094e-04,
       7.62195094e-04, 7.62195094e-04, 3.04878037e-03, 2.28658528e-03,
       0., 7.62195094e-04, 2.28658528e-03, 7.62195094e-04, 0.,
       1.52439019e-03, 3.81097547e-03, 0., 0., 0., 7.62195094e-04, 0.,
       7.62195094e-04, 7.62195094e-04, 1.52439019e-03, 0.,
       2.28658528e-03, 7.62195094e-04, 3.04878037e-03, 0., 0., 0., 0.,
       1.52439019e-03, 7.62195094e-04, 1.52439019e-03, 1.52439019e-03,
       0., 0., 0., 7.62195094e-04, 7.62195094e-04, 7.62195094e-04,
       7.62195094e-04, 1.52439019e-03, 4.57317056e-03, 7.62195094e-04,
       7.62195094e-04, 2.28658528e-03, 7.62195094e-04, 0.,
       6.85975607e-03, 0., 7.62195094e-04, 7.62195094e-04,
       7.62195094e-04, 7.62195094e-04, 3.04878037e-03, 0.,
       6.85975607e-03, 0., 7.62195094e-04, 0., 0., 0., 1.52439019e-03,
       7.62195094e-04, 7.62195094e-04, 0., 0., 7.62195094e-04,
       9.90853645e-03, 4.57317056e-03, 0., 0., 7.62195094e-04, 0.,
       1.52439019e-03, 1.52439019e-03, 7.62195094e-04, 1.52439019e-03,
       7.62195094e-04, 7.62195094e-04, 7.62195094e-04, 7.62195094e-04,
       1.52439019e-03, 3.04878037e-03, 4.57317056e-03, 7.62195094e-04,
       0., 2.28658528e-03, 7.62195094e-04, 0., 7.62195094e-04, 0., 0.,
       0., 7.62195094e-04, 2.28658528e-03, 1.52439019e-03, 0., 0.,
       3.81097547e-03, 7.62195094e-04, 3.04878037e-03, 7.62195094e-04,
       2.28658528e-03, 0., 7.62195094e-04, 0., 7.62195094e-04, 0.,
       5.33536542e-03, 7.62195094e-04, 3.04878037e-03, 7.62195094e-04,
