%YAML:1.0
m25f: !!opencv-matrix
   rows: 1
   cols: 800
   dt: f
   data: [ 1.72860851e-03, 8.64304253e-04, 3.45721701e-03,
       1.29645644e-03, 2.16076057e-03, 4.32152126e-04, 4.32152126e-04,
       2.16076057e-03, 0., 1.29645644e-03, 0., 8.64304253e-04,
       2.16076057e-03, 1.29645644e-03, 4.32152115e-03, 1.29645644e-03,
       1.29645644e-03, 1.29645644e-03, 4.32152126e-04, 3.02506494e-03,
       4.32152126e-04, 1.72860851e-03, 1.72860851e-03, 8.64304253e-04,
       8.64304253e-04, 4.32152126e-04, 2.16076057e-03, 1.29645644e-03,
       4.32152126e-04, 3.88936908e-03, 4.32152126e-04, 4.32152126e-04,
       1.29645644e-03, 1.29645644e-03, 4.32152126e-04, 3.02506494e-03,
       0., 4.32152126e-04, 4.32152126e-04, 0., 2.59291288e-03,
       2.59291288e-03, 2.16076057e-03, 0., 1.72860851e-03,
       1.29645644e-03, 8.64304253e-04, 1.72860851e-03, 1.29645644e-03,
       4.32152126e-04, 1.29645644e-03, 8.64304253e-04, 8.64304253e-04,
       2.16076057e-03, 1.29645644e-03, 8.64304253e-04, 8.64304253e-04,
       2.59291288e-03, 1.29645644e-03, 2.16076057e-03, 8.64304253e-04,
       0., 0., 8.64304253e-04, 2.16076057e-03, 1.72860851e-03,
       5.61797759e-03, 0., 4.32152126e-04, 4.32152126e-04,
       3.88936908e-03, 4.32152126e-04, 0., 4.32152126e-04,
       1.72860851e-03, 8.64304253e-04, 0., 0., 1.29645644e-03,
       1.72860851e-03, 0., 8.64304253e-04, 8.64304253e-04, 0., 0.,
       3.02506494e-03, 3.88936908e-03, 3.02506494e-03, 1.29645644e-03,
       1.29645644e-03, 1.72860851e-03, 4.32152126e-04, 2.16076057e-03,
       0., 0., 1.72860851e-03, 2.16076057e-03, 1.29645644e-03,
       1.29645644e-03, 8.64304253e-04, 1.29645644e-03, 8.64304253e-04,
       4.32152126e-04, 1.29645644e-03, 4.32152126e-04, 1.29645644e-03,
       1.29645644e-03, 4.32152126e-04, 2.59291288e-03, 2.16076057e-03,
       1.29645644e-03, 1.29645644e-03, 3.45721701e-03, 8.64304253e-04,
       4.32152126e-04, 1.72860851e-03, 6.48228172e-03, 4.32152126e-04,
       4.32152126e-04, 1.29645644e-03, 8.64304253e-04, 2.16076057e-03,
       1.29645644e-03, 4.32152126e-04, 0., 4.32152126e-04,
       1.29645644e-03, 4.32152126e-04, 4.32152126e-04, 1.72860851e-03,
       4.32152126e-04, 1.29645644e-03, 5.61797759e-03, 1.72860851e-03,
       1.72860851e-03, 1.29645644e-03, 2.16076057e-03, 8.64304253e-04,
       1.29645644e-03, 4.32152126e-04, 1.29645644e-03, 1.72860851e-03,
       8.64304253e-04, 4.32152126e-04, 4.32152126e-04, 4.32152126e-04,
       1.29645644e-03, 8.64304253e-04, 4.32152126e-04, 4.32152126e-04,
       1.29645644e-03, 0., 2.16076057e-03, 8.64304253e-04,
       1.72860851e-03, 0., 4.32152126e-04, 1.72860851e-03,
       2.16076057e-03, 0., 1.29645644e-03, 3.88936908e-03,
       1.72860851e-03, 8.64304253e-04, 2.59291288e-03, 0.,
       4.32152126e-04, 1.72860851e-03, 8.64304253e-04, 0.,
       1.29645644e-03, 1.29645644e-03, 2.59291288e-03, 0.,
       8.64304253e-04, 4.32152126e-04, 8.64304253e-04, 8.64304253e-04,
       2.59291288e-03, 1.29645644e-03, 0., 1.29645644e-03,
       4.32152126e-04, 0., 0., 4.32152126e-04, 4.32152126e-04,
       4.32152126e-04, 8.64304253e-04, 8.64304253e-04, 3.45721701e-03,
       1.29645644e-03, 5.18582575e-03, 4.32152126e-04, 1.72860851e-03,
       0., 8.64304253e-04, 1.29645644e-03, 8.64304253e-04,
       4.32152126e-04, 4.75367345e-03, 1.29645644e-03, 1.29645644e-03,
       3.45721701e-03, 4.32152126e-04, 4.32152126e-04, 1.72860851e-03,
       2.16076057e-03, 4.32152126e-04, 0., 1.72860851e-03,
       1.29645644e-03, 8.64304253e-04, 0., 0., 4.32152115e-03,
       2.59291288e-03, 1.29645644e-03, 2.16076057e-03, 3.02506494e-03,
       3.45721701e-03, 5.61797759e-03, 1.72860851e-03, 1.72860851e-03,
       8.64304253e-04, 4.32152126e-04, 2.16076057e-03, 1.29645644e-03,
       8.64304253e-04, 8.64304253e-04, 3.02506494e-03, 3.45721701e-03,
       4.32152126e-04, 2.59291288e-03, 3.02506494e-03, 0.,
       4.32152126e-04, 3.88936908e-03, 1.29645644e-03, 0.,
       8.64304253e-04, 1.29645644e-03, 0., 4.32152126e-04, 0.,
       2.16076057e-03, 3.88936908e-03, 1.29645644e-03, 4.32152126e-04,
       8.64304253e-04, 4.75367345e-03, 1.29645644e-03, 4.32152126e-04,
       0., 0., 6.05012989e-03, 2.16076057e-03, 1.72860851e-03,
       3.02506494e-03, 8.64304253e-04, 8.64304253e-04, 4.32152126e-04,
       8.64304253e-04, 4.32152126e-04, 1.29645644e-03, 1.72860851e-03,
       4.32152126e-04, 0., 0., 8.64304253e-04, 1.29645644e-03,
       8.64304253e-04, 8.64304253e-04, 4.32152126e-04, 1.29645644e-03,
       8.64304253e-04, 4.32152126e-04, 8.64304253e-04, 4.32152126e-04,
       2.16076057e-03, 8.64304253e-04, 4.32152126e-04, 2.59291288e-03,
       4.32152126e-04, 8.64304253e-04, 0., 4.32152126e-04,
       4.32152126e-04, 4.32152126e-04, 6.05012989e-03, 8.64304253e-04,
       3.02506494e-03, 0., 1.72860851e-03, 1.72860851e-03,
       4.32152126e-04, 4.32152126e-04, 1.72860851e-03, 8.64304253e-04,
       0., 0., 8.64304253e-04, 1.72860851e-03, 2.16076057e-03,
       4.32152126e-04, 0., 1.29645644e-03, 8.64304253e-04,
       1.72860851e-03, 4.32152126e-04, 4.32152115e-03, 3.45721701e-03,
       6.91443402e-03, 0., 0., 8.64304253e-04, 0., 2.16076057e-03,
       4.32152126e-04, 0., 1.29645644e-03, 2.16076057e-03,
       1.29645644e-03, 1.29645644e-03, 2.16076057e-03, 1.72860851e-03,
       1.72860851e-03, 1.29645644e-03, 1.72860851e-03, 2.16076057e-03,
       3.02506494e-03, 0., 1.29645644e-03, 0., 0., 8.64304253e-04,
       1.72860851e-03, 1.72860851e-03, 1.72860851e-03, 0.,
       8.64304253e-04, 0., 2.59291288e-03, 1.72860851e-03,
       1.72860851e-03, 0., 4.32152126e-04, 8.64304253e-04,
       4.32152126e-04, 2.16076057e-03, 1.29645644e-03, 2.16076057e-03,
       0., 2.16076057e-03, 4.32152126e-04, 8.64304253e-04,
       2.16076057e-03, 1.29645644e-03, 8.64304253e-04, 2.16076057e-03,
       1.29645644e-03, 1.29645644e-03, 4.32152126e-04, 8.64304253e-04,
       1.29645644e-03, 8.64304253e-04, 8.64304253e-04, 1.29645644e-03,
       1.72860851e-03, 4.32152126e-04, 1.29645644e-03, 2.16076057e-03,
       8.64304253e-04, 1.72860851e-03, 1.72860851e-03, 0., 0.,
       4.32152126e-04, 4.32152126e-04, 1.72860851e-03, 8.64304253e-04,
       1.29645644e-03, 0., 1.29645644e-03, 8.64304253e-04,
       8.64304253e-04, 1.72860851e-03, 4.32152126e-04, 8.64304253e-04,
       3.02506494e-03, 4.32152126e-04, 1.29645644e-03, 4.32152126e-04,
       1.72860851e-03, 4.32152126e-04, 2.16076057e-03, 0.,
       4.32152126e-04, 4.32152126e-04, 2.16076057e-03, 2.59291288e-03,
       1.29645644e-03, 0., 1.29645644e-03, 1.29645644e-03,
       3.45721701e-03, 1.29645644e-03, 1.29645644e-03, 2.16076057e-03,
       4.32152126e-04, 0., 1.72860851e-03, 0., 1.29645644e-03,
       4.32152126e-04, 0., 8.64304253e-04, 0., 4.32152126e-04,
       8.64304253e-04, 2.59291288e-03, 4.32152126e-04, 8.64304253e-04,
       8.64304253e-04, 3.88936908e-03, 8.64304253e-04, 3.45721701e-03,
       2.16076057e-03, 0., 0., 1.29645644e-03, 0., 2.16076057e-03,
       1.72860851e-03, 1.29645644e-03, 2.59291288e-03, 4.32152126e-04,
       4.32152126e-04, 2.16076057e-03, 4.32152126e-04, 8.64304253e-04,
       1.29645644e-03, 0., 2.59291288e-03, 4.32152126e-04, 0., 0.,
       4.32152126e-04, 2.16076057e-03, 8.64304253e-04, 8.64304253e-04,
       8.64304253e-04, 8.64304253e-04, 3.02506494e-03, 2.16076057e-03,
       1.72860851e-03, 4.32152126e-04, 2.59291288e-03, 8.64304253e-04,
       0., 1.29645644e-03, 0., 2.59291288e-03, 0., 1.29645644e-03,
       4.32152126e-04, 1.29645644e-03, 3.02506494e-03, 1.29645644e-03,
       1.29645644e-03, 8.64304253e-04, 1.29645644e-03, 6.05012989e-03,
       4.32152126e-04, 1.29645644e-03, 4.32152126e-04, 8.64304253e-04,
       0., 3.02506494e-03, 0., 0., 2.16076057e-03, 1.72860851e-03,
       2.16076057e-03, 8.64304253e-04, 8.64304253e-04, 3.88936908e-03,
       0., 0., 2.16076057e-03, 3.45721701e-03, 1.29645644e-03,
       1.29645644e-03, 4.32152126e-04, 4.32152126e-04, 4.32152126e-04,
       8.64304253e-04, 0., 1.29645644e-03, 4.32152126e-04,
