%YAML:1.0
m25f: !!opencv-matrix
   rows: 1
   cols: 800
   dt: f
   data: [ 3.54735734e-04, 2.83788587e-03, 2.12841434e-03,
       1.77367870e-03, 1.77367870e-03, 2.48315022e-03, 2.48315022e-03,
       1.41894293e-03, 7.09471467e-04, 7.09471467e-04, 7.09471467e-04,
       1.06420717e-03, 2.48315022e-03, 2.12841434e-03, 1.06420717e-03,
       1.41894293e-03, 1.77367870e-03, 7.09471467e-04, 1.41894293e-03,
       1.06420717e-03, 7.09471467e-04, 1.06420717e-03, 7.09471467e-04,
       7.09471467e-04, 3.90209304e-03, 3.54735734e-04, 1.41894293e-03,
       2.12841434e-03, 1.06420717e-03, 3.54735734e-04, 0.,
       2.83788587e-03, 7.09471467e-04, 7.09471467e-04, 1.06420717e-03,
       7.09471467e-04, 1.06420717e-03, 1.41894293e-03, 2.12841434e-03,
       7.09471467e-04, 3.54735734e-04, 7.09471467e-04, 7.09471467e-04,
       7.09471467e-04, 1.77367870e-03, 1.41894293e-03, 3.54735734e-04,
       2.83788587e-03, 7.09471467e-04, 2.83788587e-03, 7.09471467e-04,
       3.54735734e-04, 1.06420717e-03, 1.41894293e-03, 1.77367870e-03,
       7.09471467e-04, 7.44945044e-03, 3.54735734e-04, 3.54735734e-04,
       0., 3.54735734e-04, 1.41894293e-03, 1.41894293e-03,
       1.06420717e-03, 1.06420717e-03, 7.09471467e-04, 7.09471467e-04,
       1.06420717e-03, 7.09471467e-04, 2.83788587e-03, 1.06420717e-03,
       2.12841434e-03, 1.77367870e-03, 3.54735734e-04, 2.12841434e-03,
       1.06420717e-03, 1.06420717e-03, 1.41894293e-03, 1.41894293e-03,
       3.54735740e-03, 1.41894293e-03, 1.06420717e-03, 7.09471467e-04,
       0., 7.09471467e-04, 1.41894293e-03, 7.09471467e-04,
       1.41894293e-03, 1.41894293e-03, 2.12841434e-03, 3.54735734e-04,
       1.06420717e-03, 0., 0., 1.06420717e-03, 1.41894293e-03,
       1.06420717e-03, 1.77367870e-03, 7.09471467e-04, 3.19262152e-03,
       1.06420717e-03, 3.54735734e-04, 1.06420717e-03, 2.48315022e-03,
       1.41894293e-03, 1.41894293e-03, 1.06420717e-03, 1.41894293e-03,
       2.48315022e-03, 0., 1.06420717e-03, 1.77367870e-03,
       3.54735734e-04, 2.12841434e-03, 1.06420717e-03, 2.48315022e-03,
       1.77367870e-03, 7.09471467e-04, 1.09968074e-02, 1.77367870e-03,
       1.06420717e-03, 3.54735734e-04, 1.77367870e-03, 3.54735734e-04,
       0., 1.06420717e-03, 1.41894293e-03, 7.09471467e-04,
       1.06420717e-03, 7.09471467e-04, 1.77367870e-03, 2.48315022e-03,
       2.48315022e-03, 7.09471467e-04, 1.41894293e-03, 3.19262152e-03,
       1.06420717e-03, 1.06420717e-03, 1.41894293e-03, 3.54735734e-04,
       1.06420717e-03, 2.12841434e-03, 2.12841434e-03, 3.19262152e-03,
       7.09471467e-04, 1.06420717e-03, 3.54735734e-04, 3.54735734e-04,
       1.41894293e-03, 7.09471467e-04, 7.09471467e-04, 1.41894293e-03,
       1.77367870e-03, 1.41894293e-03, 7.09471467e-04, 1.06420717e-03,
       3.54735734e-04, 1.06420717e-03, 7.09471467e-04, 3.54735734e-04,
       1.06420717e-03, 1.77367870e-03, 2.48315022e-03, 1.06420717e-03,
       0., 1.41894293e-03, 3.54735734e-04, 3.54735734e-04,
       4.25682869e-03, 1.77367870e-03, 1.41894293e-03, 1.41894293e-03,
       1.06420717e-03, 0., 3.54735734e-04, 1.41894293e-03,
       1.77367870e-03, 8.51365738e-03, 1.77367870e-03, 1.06420717e-03,
       1.77367870e-03, 3.54735734e-04, 2.48315022e-03, 1.06420717e-03,
       1.06420717e-03, 1.41894293e-03, 3.54735734e-04, 0.,
       7.09471467e-04, 3.54735734e-04, 7.09471467e-04, 3.54735734e-04,
       1.06420717e-03, 1.41894293e-03, 1.41894293e-03, 1.77367870e-03,
       3.54735734e-04, 1.77367870e-03, 1.41894293e-03, 1.06420717e-03,
       1.77367870e-03, 1.77367870e-03, 1.06420717e-03, 4.25682869e-03,
       1.77367870e-03, 7.09471467e-04, 7.09471467e-04, 3.54735734e-04,
       1.06420717e-03, 3.54735734e-04, 1.77367870e-03, 1.41894293e-03,
       1.06420717e-03, 1.06420717e-03, 7.09471467e-04, 3.19262152e-03,
       1.77367870e-03, 1.41894293e-03, 1.41894293e-03, 3.54735734e-04,
       7.09471467e-04, 1.06420717e-03, 2.12841434e-03, 2.12841434e-03,
       1.77367870e-03, 2.83788587e-03, 7.09471467e-04, 3.54735734e-04,
       1.06420717e-03, 3.19262152e-03, 1.06420717e-03, 7.09471467e-04,
       1.06420717e-03, 1.77367870e-03, 7.09471467e-04, 7.09471467e-04,
       2.83788587e-03, 1.06420717e-03, 1.77367870e-03, 7.09471467e-04,
       3.54735734e-04, 0., 7.09471467e-04, 7.44945044e-03,
       3.54735734e-04, 7.09471467e-04, 3.54735740e-03, 2.12841434e-03,
       1.77367870e-03, 7.09471467e-04, 1.06420717e-03, 1.06420717e-03,
       7.09471467e-04, 1.06420717e-03, 7.09471467e-04, 3.54735734e-04,
       3.54735734e-04, 1.41894293e-03, 1.06420717e-03, 1.41894293e-03,
       3.19262152e-03, 2.12841434e-03, 7.09471467e-04, 1.06420717e-03,
       3.54735734e-04, 0., 2.12841434e-03, 2.48315022e-03,
       7.09471467e-04, 3.54735734e-04, 2.12841434e-03, 1.41894293e-03,
       2.83788587e-03, 3.54735734e-04, 7.09471467e-04, 1.06420717e-03,
       1.06420717e-03, 2.12841434e-03, 0., 1.77367870e-03,
       5.32103609e-03, 1.77367870e-03, 1.06420717e-03, 1.77367870e-03,
       3.54735734e-04, 1.77367870e-03, 1.06420717e-03, 1.77367870e-03,
       3.54735734e-04, 1.06420717e-03, 1.06420717e-03, 3.54735734e-04,
       3.54735734e-04, 1.06420717e-03, 1.06420717e-03, 7.09471467e-04,
       2.12841434e-03, 1.06420717e-03, 1.41894293e-03, 1.41894293e-03,
       1.41894293e-03, 3.54735734e-04, 0., 7.09471467e-04,
       2.12841434e-03, 7.09471467e-04, 3.54735734e-04, 7.09471467e-04,
       7.09471467e-04, 3.19262152e-03, 7.09471467e-04, 3.54735734e-04,
       7.09471467e-04, 7.09471467e-04, 1.77367870e-03, 2.83788587e-03,
       3.54735734e-04, 0., 1.77367870e-03, 1.77367870e-03,
       3.54735734e-04, 3.54735734e-04, 1.06420717e-03, 3.54735734e-04,
       1.06420717e-03, 1.41894293e-03, 3.54735734e-04, 1.77367870e-03,
       2.48315022e-03, 1.06420717e-03, 2.12841434e-03, 7.09471467e-04,
       1.41894293e-03, 1.77367870e-03, 3.54735734e-04, 1.77367870e-03,
       2.12841434e-03, 1.77367870e-03, 3.54735734e-04, 7.09471467e-04,
       1.06420717e-03, 7.09471467e-04, 1.77367870e-03, 7.09471467e-04,
       3.54735734e-04, 1.06420717e-03, 1.77367870e-03, 7.09471467e-04,
       1.06420717e-03, 1.06420717e-03, 1.41894293e-03, 0.,
       1.41894293e-03, 2.12841434e-03, 2.48315022e-03, 2.48315022e-03,
       3.54735734e-04, 1.06420717e-03, 7.09471467e-04, 2.48315022e-03,
       1.41894293e-03, 7.09471467e-04, 1.06420717e-03, 3.54735734e-04,
       3.54735734e-04, 1.77367870e-03, 7.09471467e-04, 1.77367870e-03,
       7.09471467e-04, 2.48315022e-03, 1.41894293e-03, 0.,
       1.41894293e-03, 3.54735734e-04, 2.48315022e-03, 3.54735734e-04,
       7.09471467e-04, 3.54735734e-04, 2.48315022e-03, 7.09471467e-04,
       1.06420717e-03, 1.77367870e-03, 1.06420717e-03, 3.54735734e-04,
       6.03050739e-03, 1.41894293e-03, 1.06420717e-03, 1.77367870e-03,
       1.06420717e-03, 2.12841434e-03, 7.09471467e-04, 1.41894293e-03,
       1.06420717e-03, 4.61156433e-03, 1.77367870e-03, 1.41894293e-03,
       3.54735734e-04, 7.09471467e-04, 7.09471467e-04, 1.06420717e-03,
       7.09471467e-04, 1.77367870e-03, 1.77367870e-03, 7.09471467e-04,
       3.54735734e-04, 1.41894293e-03, 7.09471467e-04, 1.77367870e-03,
       1.06420717e-03, 7.09471467e-04, 1.41894293e-03, 1.77367870e-03,
       3.54735740e-03, 0., 2.83788587e-03, 4.25682869e-03,
       3.54735734e-04, 3.54735734e-04, 1.41894293e-03, 1.77367870e-03,
       2.48315022e-03, 1.41894293e-03, 1.06420717e-03, 2.83788587e-03,
       1.41894293e-03, 7.09471467e-04, 7.09471467e-04, 1.06420717e-03,
       1.77367870e-03, 1.06420717e-03, 2.48315022e-03, 7.09471467e-04,
       3.54735734e-04, 1.77367870e-03, 2.12841434e-03, 1.41894293e-03,
       1.06420717e-03, 1.41894293e-03, 2.83788587e-03, 1.41894293e-03,
       1.06420717e-03, 3.54735734e-04, 7.09471467e-04, 1.41894293e-03,
       1.77367870e-03, 2.48315022e-03, 1.77367870e-03, 2.48315022e-03,
       1.06420717e-03, 1.41894293e-03, 1.77367870e-03, 0.,
       1.77367870e-03, 1.41894293e-03, 1.41894293e-03, 1.06420717e-03,
