%YAML:1.0
m25f: !!opencv-matrix
   rows: 1
   cols: 200
   dt: f
   data: [ 3.16455704e-03, 4.74683568e-03, 0., 3.16455704e-03,
       1.58227852e-03, 0., 1.58227852e-03, 4.74683568e-03, 0.,
       1.58227852e-03, 7.91139249e-03, 4.74683568e-03, 9.49367136e-03,
       9.49367136e-03, 3.16455704e-03, 4.74683568e-03, 3.16455704e-03,
       4.74683568e-03, 0., 4.74683568e-03, 4.74683568e-03,
       7.91139249e-03, 4.74683568e-03, 6.32911408e-03, 1.10759493e-02,
       1.10759493e-02, 4.74683568e-03, 4.74683568e-03, 7.91139249e-03,
       0., 7.91139249e-03, 4.74683568e-03, 0., 0., 7.91139249e-03,
       3.16455704e-03, 1.58227852e-03, 9.49367136e-03, 3.16455704e-03,
       2.37341784e-02, 7.91139249e-03, 1.58227852e-03, 1.10759493e-02,
       1.26582282e-02, 0., 1.58227852e-03, 1.58227852e-03,
       2.21518986e-02, 7.91139249e-03, 1.58227852e-03, 3.16455704e-03,
       1.26582282e-02, 1.58227852e-03, 4.74683568e-03, 1.74050629e-02,
       6.32911408e-03, 1.58227852e-03, 0., 1.26582282e-02, 0.,
       1.58227852e-03, 1.58227852e-03, 1.58227852e-03, 0.,
       1.58227852e-03, 3.16455704e-03, 0., 3.79746854e-02,
       6.32911408e-03, 0., 7.91139249e-03, 1.58227852e-03,
       3.16455704e-03, 1.58227852e-03, 9.49367136e-03, 0.,
       9.49367136e-03, 9.49367136e-03, 1.58227850e-02, 3.16455704e-03,
       6.32911408e-03, 0., 6.32911408e-03, 1.58227852e-03,
       4.74683568e-03, 4.74683568e-03, 0., 1.58227852e-03,
       1.58227852e-03, 3.16455704e-03, 1.26582282e-02, 7.91139249e-03,
       7.91139249e-03, 3.16455704e-03, 1.26582282e-02, 3.16455704e-03,
       1.58227852e-03, 9.49367136e-03, 6.32911408e-03, 1.58227852e-03,
       3.16455704e-03, 4.74683568e-03, 9.49367136e-03, 1.58227852e-03,
       3.16455704e-03, 1.58227852e-03, 2.84810141e-02, 4.74683568e-03,
       6.32911408e-03, 0., 0., 4.74683568e-03, 1.26582282e-02,
       1.58227852e-03, 0., 0., 1.89873427e-02, 4.74683568e-03,
       4.74683568e-03, 6.32911408e-03, 1.58227852e-03, 1.58227852e-03,
       7.91139249e-03, 0., 4.74683568e-03, 3.16455704e-03,
       1.26582282e-02, 3.16455704e-03, 0., 1.26582282e-02,
       4.74683568e-03, 7.91139249e-03, 4.74683568e-03, 1.58227852e-03,
       0., 6.32911408e-03, 1.58227852e-03, 1.58227852e-03,
       1.58227852e-03, 1.58227852e-03, 6.32911408e-03, 0., 0., 0.,
       1.58227852e-03, 0., 3.16455704e-03, 1.58227852e-03, 0.,
       2.53164563e-02, 0., 1.58227852e-03, 4.74683568e-03,
       3.16455704e-03, 0., 0., 0., 6.32911408e-03, 0., 1.26582282e-02,
       1.58227852e-03, 1.58227852e-03, 9.49367136e-03, 0.,
       7.91139249e-03, 6.32911408e-03, 4.74683568e-03, 6.32911408e-03,
       1.74050629e-02, 1.10759493e-02, 1.58227852e-03, 0.,
       6.32911408e-03, 3.16455704e-03, 0., 6.32911408e-03,
       1.58227852e-03, 0., 1.58227852e-03, 4.74683568e-03,
       3.16455704e-03, 1.58227852e-03, 1.58227852e-03, 1.10759493e-02,
       0., 0., 3.00632920e-02, 7.91139249e-03, 0., 1.58227852e-03,
       1.26582282e-02, 3.16455704e-03, 0., 9.49367136e-03,
       1.58227852e-03, 1.10759493e-02, 0., 4.74683568e-03, 0.,
       7.91139249e-03 ]
