%YAML:1.0
m25f: !!opencv-matrix
   rows: 1
   cols: 200
   dt: f
   data: [ 1.38696260e-03, 5.54785039e-03, 1.38696260e-03,
       1.38696260e-03, 5.54785039e-03, 0., 2.77392520e-03,
       2.77392520e-03, 2.77392520e-03, 2.77392520e-03, 1.38696260e-03,
       9.70873795e-03, 2.77392520e-03, 1.80305131e-02, 6.93481322e-03,
       1.24826636e-02, 1.10957008e-02, 9.70873795e-03, 0.,
       2.77392520e-03, 6.93481322e-03, 1.38696260e-03, 5.54785039e-03,
       5.54785039e-03, 6.93481322e-03, 4.16088756e-03, 8.32177512e-03,
       1.10957008e-02, 5.54785039e-03, 4.16088756e-03, 4.16088756e-03,
       4.16088756e-03, 4.16088756e-03, 4.16088756e-03, 2.77392520e-03,
       0., 0., 5.54785039e-03, 2.77392520e-03, 9.70873795e-03,
       5.54785039e-03, 2.77392520e-03, 9.70873795e-03, 1.38696260e-03,
       1.38696260e-03, 8.32177512e-03, 1.10957008e-02, 0.,
       2.77392520e-03, 2.77392520e-03, 9.70873795e-03, 8.32177512e-03,
       4.16088756e-03, 5.54785039e-03, 2.77392520e-03, 1.38696260e-03,
       5.54785039e-03, 1.38696260e-03, 9.70873795e-03, 4.16088756e-03,
       2.77392520e-03, 5.54785039e-03, 5.54785039e-03, 2.77392520e-03,
       1.38696260e-03, 1.38696264e-02, 0., 2.77392520e-03,
       1.24826636e-02, 0., 1.38696260e-03, 0., 6.93481322e-03,
       5.54785039e-03, 2.77392520e-03, 1.38696260e-03, 3.05131767e-02,
       2.77392520e-03, 8.32177512e-03, 4.16088756e-03, 2.77392520e-03,
       0., 5.54785039e-03, 4.16088756e-03, 1.24826636e-02,
       4.16088756e-03, 1.38696260e-03, 2.77392520e-03, 4.16088756e-03,
       2.77392520e-03, 1.38696260e-03, 9.70873795e-03, 1.38696264e-02,
       5.54785039e-03, 2.77392520e-03, 4.16088756e-03, 1.38696260e-03,
       1.10957008e-02, 2.08044387e-02, 4.16088756e-03, 2.77392520e-03,
       5.54785039e-03, 1.38696260e-03, 4.16088756e-03, 0., 0., 0.,
       4.16088756e-03, 1.24826636e-02, 0., 6.93481322e-03,
       2.77392520e-03, 5.54785039e-03, 4.16088756e-03, 2.77392520e-03,
       4.16088756e-03, 2.77392520e-03, 1.38696260e-03, 4.16088756e-03,
       6.93481322e-03, 6.93481322e-03, 1.66435502e-02, 2.77392520e-03,
       1.38696260e-03, 1.38696260e-03, 4.16088756e-03, 1.24826636e-02,
       1.38696260e-03, 0., 1.38696260e-03, 2.77392520e-03,
       9.70873795e-03, 4.16088756e-03, 4.16088756e-03, 8.32177512e-03,
       4.16088756e-03, 0., 1.38696260e-03, 4.16088756e-03,
       5.54785039e-03, 0., 4.16088756e-03, 1.38696260e-03,
       2.77392520e-03, 4.16088756e-03, 0., 9.70873795e-03,
       6.93481322e-03, 5.54785039e-03, 1.24826636e-02, 2.77392520e-03,
       4.16088756e-03, 4.16088756e-03, 1.80305131e-02, 6.93481322e-03,
       1.38696260e-03, 1.38696260e-03, 4.16088756e-03, 4.16088756e-03,
       1.38696260e-03, 4.16088756e-03, 4.16088756e-03, 2.77392520e-03,
       1.10957008e-02, 8.32177512e-03, 1.38696260e-03, 1.10957008e-02,
       2.77392520e-03, 1.38696260e-03, 4.16088756e-03, 1.38696264e-02,
       0., 1.38696260e-03, 2.77392520e-03, 0., 5.54785039e-03,
       1.10957008e-02, 0., 4.16088756e-03, 4.16088756e-03,
       2.77392520e-03, 1.38696260e-03, 1.38696260e-03, 2.77392520e-03,
       2.77392520e-03, 6.93481322e-03, 1.94174759e-02, 6.93481322e-03,
       0., 4.16088756e-03, 1.10957008e-02, 4.16088756e-03,
       5.54785039e-03, 1.66435502e-02, 4.16088756e-03, 2.77392520e-03,
       8.32177512e-03, 1.38696260e-03, 6.93481322e-03, 1.24826636e-02 ]
