%YAML:1.0
m25f: !!opencv-matrix
   rows: 1
   cols: 200
   dt: f
   data: [ 2.39425385e-03, 3.19233839e-03, 2.39425385e-03,
       3.99042293e-03, 1.59616920e-03, 4.78850771e-03, 8.77893064e-03,
       9.57701541e-03, 4.78850771e-03, 4.78850771e-03, 1.59616920e-03,
       2.39425385e-03, 3.19233839e-03, 1.03751002e-02, 1.59616920e-03,
       1.75578613e-02, 2.39425385e-03, 7.18276156e-03, 0.,
       3.99042293e-03, 3.19233839e-03, 3.99042293e-03, 3.19233839e-03,
       8.77893064e-03, 6.38467679e-03, 6.38467679e-03, 3.99042293e-03,
       4.78850771e-03, 7.98084587e-03, 3.99042293e-03, 6.38467679e-03,
       2.39425385e-03, 3.99042293e-03, 3.19233839e-03, 6.38467679e-03,
       8.77893064e-03, 7.98084599e-04, 5.58659201e-03, 4.78850771e-03,
       9.57701541e-03, 1.59616920e-03, 4.78850771e-03, 5.58659201e-03,
       3.19233839e-03, 7.98084599e-04, 2.39425385e-03, 2.39425385e-03,
       8.77893064e-03, 7.18276156e-03, 1.59616920e-03, 4.78850771e-03,
       5.58659201e-03, 3.99042293e-03, 5.58659201e-03, 9.57701541e-03,
       3.19233839e-03, 2.39425385e-03, 7.98084599e-04, 6.38467679e-03,
       1.75578613e-02, 2.39425385e-03, 2.39425385e-03, 3.19233839e-03,
       3.99042293e-03, 1.43655231e-02, 3.99042293e-03, 2.39425385e-03,
       1.67597774e-02, 7.18276156e-03, 0., 5.58659201e-03,
       7.18276156e-03, 3.19233839e-03, 4.78850771e-03, 1.59616920e-03,
       1.59616920e-03, 1.19712688e-02, 7.98084599e-04, 1.91540308e-02,
       1.59616920e-03, 7.18276156e-03, 3.19233839e-03, 2.39425385e-03,
       0., 3.19233839e-03, 9.57701541e-03, 4.78850771e-03,
       3.19233839e-03, 6.38467679e-03, 2.39425385e-03, 4.78850771e-03,
       1.59616917e-02, 7.98084587e-03, 8.77893064e-03, 2.15482842e-02,
       2.39425385e-03, 1.19712688e-02, 6.38467679e-03, 7.18276156e-03,
       2.39425385e-03, 4.78850771e-03, 7.98084587e-03, 4.78850771e-03,
       2.39425385e-03, 1.75578613e-02, 3.19233839e-03, 1.75578613e-02,
       1.59616920e-03, 7.18276156e-03, 3.19233839e-03, 4.78850771e-03,
       3.19233839e-03, 1.11731840e-02, 7.98084599e-04, 5.58659201e-03,
       3.19233839e-03, 8.77893064e-03, 2.39425385e-03, 7.98084599e-04,
       1.59616920e-03, 2.39425385e-03, 8.77893064e-03, 1.03751002e-02,
       0., 6.38467679e-03, 7.98084587e-03, 7.98084587e-03,
       4.78850771e-03, 0., 8.77893064e-03, 3.19233839e-03,
       5.58659201e-03, 4.78850771e-03, 3.19233839e-03, 4.78850771e-03,
       2.39425385e-03, 4.78850771e-03, 7.18276156e-03, 0.,
       4.78850771e-03, 3.19233839e-03, 1.59616920e-03, 2.39425385e-03,
       2.39425385e-03, 7.98084587e-03, 0., 3.99042293e-03,
       2.39425385e-03, 7.98084599e-04, 6.38467679e-03, 6.38467679e-03,
       2.39425385e-03, 3.99042293e-03, 7.98084599e-04, 3.99042293e-03,
       2.39425385e-03, 3.99042293e-03, 3.99042293e-03, 7.98084599e-04,
       0., 2.39425385e-03, 1.59616920e-03, 3.19233839e-03,
       3.99042293e-03, 3.19233839e-03, 1.03751002e-02, 3.99042293e-03,
       3.99042293e-03, 1.59616917e-02, 6.38467679e-03, 7.98084599e-04,
       0., 7.18276156e-03, 1.59616920e-03, 1.59616920e-03,
       4.78850771e-03, 5.58659201e-03, 5.58659201e-03, 6.38467679e-03,
       5.58659201e-03, 4.78850771e-03, 2.39425385e-03, 3.19233839e-03,
       1.19712688e-02, 7.98084599e-04, 1.59616920e-03, 1.43655231e-02,
       3.99042293e-03, 2.39425385e-03, 0., 5.58659201e-03,
       1.59616920e-03, 1.59616920e-03, 5.58659201e-03, 5.58659201e-03,
       9.57701541e-03, 2.39425385e-03, 0., 1.11731840e-02,
       1.59616920e-03 ]
