%YAML:1.0
m25f: !!opencv-matrix
   rows: 1
   cols: 200
   dt: f
   data: [ 4.69483575e-03, 7.04225339e-03, 0., 0., 1.17370896e-02, 0.,
       0., 1.64319258e-02, 0., 4.69483575e-03, 0., 4.69483575e-03, 0.,
       3.52112688e-02, 2.34741787e-03, 9.38967150e-03, 2.34741787e-03,
       1.17370896e-02, 0., 0., 1.40845068e-02, 4.69483575e-03,
       2.34741787e-03, 7.04225339e-03, 7.04225339e-03, 1.40845068e-02,
       2.34741787e-03, 0., 0., 2.34741787e-03, 0., 4.69483575e-03, 0.,
       0., 2.34741787e-03, 0., 0., 2.34741787e-03, 9.38967150e-03,
       2.81690136e-02, 7.04225339e-03, 0., 7.04225339e-03, 0., 0., 0.,
       7.04225339e-03, 0., 1.87793430e-02, 0., 0., 2.34741792e-02, 0.,
       4.69483575e-03, 2.34741787e-03, 0., 2.34741787e-03, 0.,
       1.87793430e-02, 2.34741787e-03, 0., 4.69483575e-03,
       4.69483575e-03, 2.34741787e-03, 7.04225339e-03, 2.34741787e-03,
       0., 9.38967150e-03, 1.40845068e-02, 0., 0., 0., 0.,
       4.69483575e-03, 0., 2.34741787e-03, 2.34741792e-02, 0.,
       5.39906099e-02, 4.69483575e-03, 7.04225339e-03, 0., 0.,
       2.34741787e-03, 7.04225339e-03, 0., 4.69483575e-03, 0.,
       7.04225339e-03, 0., 4.69483575e-03, 7.04225339e-03,
       2.34741787e-03, 4.69483575e-03, 2.11267602e-02, 9.38967150e-03,
       2.34741787e-03, 2.81690136e-02, 3.05164326e-02, 0.,
       4.69483575e-03, 2.34741787e-03, 2.34741787e-03, 1.40845068e-02,
       7.04225339e-03, 0., 1.17370896e-02, 0., 7.04225339e-03, 0.,
       7.04225339e-03, 4.69483575e-03, 4.69483575e-03, 4.69483575e-03,
       0., 2.34741787e-03, 9.38967150e-03, 2.34741787e-03, 0.,
       4.69483575e-03, 2.34741787e-03, 2.34741787e-03, 1.40845068e-02,
       0., 0., 4.69483575e-03, 1.17370896e-02, 0., 2.34741787e-03,
       2.34741787e-03, 2.34741787e-03, 4.69483575e-03, 2.34741787e-03,
       0., 0., 0., 0., 2.34741787e-03, 0., 2.34741787e-03,
       2.34741787e-03, 0., 0., 0., 0., 0., 4.69483575e-03,
       1.17370896e-02, 0., 1.64319258e-02, 0., 7.04225339e-03,
       2.34741787e-03, 0., 4.69483575e-03, 7.04225339e-03,
       4.69483575e-03, 1.40845068e-02, 4.69483575e-03, 2.34741787e-03,
       2.34741787e-03, 7.04225339e-03, 2.34741787e-03, 9.38967150e-03,
       4.69483575e-03, 4.69483575e-03, 2.34741787e-03, 9.38967150e-03,
       4.69483575e-03, 4.69483575e-03, 2.34741787e-03, 0.,
       2.34741787e-03, 1.87793430e-02, 4.69483575e-03, 4.69483575e-03,
       2.34741787e-03, 2.34741787e-03, 4.69483575e-03, 4.69483575e-03,
       9.38967150e-03, 0., 0., 2.34741787e-03, 0., 0., 3.52112688e-02,
       2.34741787e-03, 0., 2.34741787e-03, 2.34741787e-03, 0., 0.,
       2.81690136e-02, 0., 0., 0., 0., 4.69483575e-03, 1.17370896e-02 ]
