%YAML:1.0
m10f: !!opencv-matrix
   rows: 1
   cols: 800
   dt: f
   data: [ 2.38208659e-03, 1.14340158e-02, 9.52834671e-04,
       4.28775605e-03, 9.52834671e-04, 1.90566934e-03, 1.42925198e-03,
       1.42925198e-03, 1.42925198e-03, 4.76417335e-04, 4.76417335e-04,
       1.90566934e-03, 0., 9.52834671e-04, 0., 1.42925198e-03,
       1.90566934e-03, 2.38208659e-03, 0., 9.52834671e-04,
       2.85850395e-03, 1.42925198e-03, 4.76417335e-04, 1.42925198e-03,
       0., 1.90566934e-03, 2.38208659e-03, 4.76417335e-04,
       9.52834671e-04, 1.90566934e-03, 9.52834671e-04, 4.76417335e-04,
       2.38208659e-03, 0., 1.90566934e-03, 0., 1.90566934e-03, 0.,
       1.90566934e-03, 1.42925198e-03, 0., 4.76417335e-04,
       4.76417335e-04, 4.76417335e-04, 1.90566934e-03, 0., 0., 0.,
       4.76417335e-04, 1.42925198e-03, 4.76417335e-04, 4.76417335e-04,
       4.76417335e-04, 9.52834671e-04, 1.90566934e-03, 0.,
       2.38208659e-03, 0., 2.38208659e-03, 1.42925198e-03, 0.,
       1.90566934e-03, 2.85850395e-03, 1.90566934e-03, 0.,
       1.90566934e-03, 3.33492132e-03, 4.76417335e-04, 9.52834671e-04,
       1.42925198e-03, 4.28775605e-03, 4.76417335e-04, 2.85850395e-03,
       9.52834671e-04, 1.42925198e-03, 2.85850395e-03, 9.52834671e-04,
       1.42925198e-03, 1.42925198e-03, 4.76417335e-04, 4.76417335e-04,
       2.38208659e-03, 4.76417335e-04, 1.42925198e-03, 1.90566934e-03,
       1.90566934e-03, 9.52834671e-04, 4.76417318e-03, 4.76417335e-04,
       9.52834671e-04, 1.90566934e-03, 0., 1.42925198e-03,
       3.81133868e-03, 1.90566934e-03, 9.52834671e-04, 4.76417335e-04,
       2.38208659e-03, 1.90566934e-03, 4.76417335e-04, 9.52834671e-04,
       1.42925198e-03, 4.76417335e-04, 0., 2.38208659e-03,
       4.76417335e-04, 4.76417335e-04, 1.42925198e-03, 4.76417335e-04,
       4.76417335e-04, 1.42925198e-03, 2.38208659e-03, 2.38208659e-03,
       9.52834671e-04, 0., 9.52834671e-04, 4.76417335e-04,
       4.76417335e-04, 1.90566934e-03, 2.85850395e-03, 0.,
       4.76417335e-04, 2.85850395e-03, 1.90566934e-03, 1.90566934e-03,
       9.52834671e-04, 4.76417335e-04, 9.52834671e-04, 4.76417335e-04,
       1.42925198e-03, 1.42925198e-03, 9.52834671e-04, 9.52834671e-04,
       2.85850395e-03, 4.76417335e-04, 2.38208659e-03, 4.76417335e-04,
       1.42925198e-03, 4.76417335e-04, 9.52834671e-04, 9.52834671e-04,
       0., 1.42925198e-03, 2.38208659e-03, 4.76417335e-04,
       1.42925198e-03, 4.76417335e-04, 1.90566934e-03, 4.76417335e-04,
       0., 1.42925198e-03, 0., 0., 1.42925198e-03, 3.81133868e-03, 0.,
       4.28775605e-03, 2.38208659e-03, 4.76417335e-04, 4.76417335e-04,
       9.52834671e-04, 1.42925198e-03, 9.52834671e-04, 4.76417335e-04,
       4.76417335e-04, 4.76417335e-04, 9.52834671e-04, 0.,
       4.76417335e-04, 2.38208659e-03, 2.38208659e-03, 1.42925198e-03,
       9.52834671e-04, 1.90566934e-03, 4.76417335e-04, 0., 0.,
       1.42925198e-03, 4.76417335e-04, 1.42925198e-03, 1.42925198e-03,
       2.38208659e-03, 2.38208659e-03, 9.52834671e-04, 1.42925198e-03,
       1.90566934e-03, 9.52834671e-04, 4.76417335e-04, 4.76417335e-04,
       2.38208659e-03, 9.52834671e-04, 9.52834671e-04, 1.90566934e-03,
       0., 1.42925198e-03, 9.52834671e-04, 0., 0., 9.52834671e-04,
       9.52834671e-04, 9.52834671e-04, 0., 0., 0., 1.42925198e-03,
       9.52834671e-04, 1.42925198e-03, 9.52834671e-04, 2.38208659e-03,
       0., 4.76417335e-04, 2.38208659e-03, 9.52834671e-04, 0.,
       2.85850395e-03, 1.42925198e-03, 9.52834671e-04, 4.76417335e-04,
       2.38208659e-03, 0., 3.81133868e-03, 2.38208659e-03,
       9.52834671e-04, 4.76417335e-04, 4.76417335e-04, 9.52834671e-04,
       1.90566934e-03, 9.52834671e-04, 9.52834671e-04, 0.,
       9.52834671e-04, 4.76417335e-04, 0., 4.76417335e-04,
       4.76417335e-04, 9.52834671e-04, 2.38208659e-03, 9.52834671e-04,
       3.81133868e-03, 9.52834671e-04, 1.90566934e-03, 0., 0.,
       5.71700791e-03, 0., 9.52834671e-04, 9.52834671e-04, 0.,
       1.90566934e-03, 1.42925198e-03, 9.52834671e-04, 4.76417335e-04,
       0., 9.52834671e-04, 4.76417335e-04, 3.81133868e-03,
       4.76417335e-04, 0., 1.42925198e-03, 2.38208659e-03,
       4.76417335e-04, 9.52834671e-04, 4.76417335e-04, 4.76417335e-04,
       2.38208659e-03, 0., 1.42925198e-03, 0., 1.90566934e-03,
       4.76417335e-04, 1.42925198e-03, 9.52834671e-04, 0.,
       4.76417335e-04, 1.90566934e-03, 9.52834671e-04, 9.52834671e-04,
       0., 0., 9.52834671e-04, 1.42925198e-03, 1.90566934e-03, 0.,
       9.52834671e-04, 2.38208659e-03, 9.52834671e-04, 9.52834671e-04,
       9.52834671e-04, 1.90566934e-03, 2.38208659e-03, 2.38208659e-03,
       1.42925198e-03, 9.52834671e-04, 9.52834671e-04, 4.28775605e-03,
       9.52834671e-04, 2.38208659e-03, 1.42925198e-03, 0.,
       4.76417335e-04, 4.76417335e-04, 0., 1.90566934e-03, 0.,
       4.76417318e-03, 1.90566934e-03, 9.52834671e-04, 1.90566934e-03,
       4.76417335e-04, 5.24059078e-03, 9.52834671e-04, 2.38208659e-03,
       1.90566934e-03, 2.38208659e-03, 0., 0., 1.42925198e-03,
       1.90566934e-03, 9.52834671e-04, 4.76417335e-04, 2.38208659e-03,
       1.90566934e-03, 4.76417335e-04, 1.42925198e-03, 9.52834671e-04,
       4.76417335e-04, 2.85850395e-03, 9.52834671e-04, 9.52834671e-04,
       2.38208659e-03, 1.90566934e-03, 4.76417335e-04, 2.38208659e-03,
       1.42925198e-03, 1.90566934e-03, 1.42925198e-03, 4.76417335e-04,
       1.42925198e-03, 2.85850395e-03, 4.76417335e-04, 1.42925198e-03,
       1.42925198e-03, 9.52834671e-04, 1.42925198e-03, 4.76417335e-04,
       2.38208659e-03, 2.38208659e-03, 4.76417335e-04, 2.38208659e-03,
       2.38208659e-03, 4.76417335e-04, 2.38208659e-03, 4.76417335e-04,
       2.38208659e-03, 2.85850395e-03, 1.90566934e-03, 0.,
       1.42925198e-03, 1.42925198e-03, 3.33492132e-03, 4.76417335e-04,
       4.76417335e-04, 4.28775605e-03, 9.52834671e-04, 9.52834671e-04,
       9.52834671e-04, 1.42925198e-03, 0., 9.52834671e-04,
       2.85850395e-03, 1.90566934e-03, 1.42925198e-03, 4.76417335e-04,
       1.90566934e-03, 2.38208659e-03, 1.90566934e-03, 4.76417335e-04,
       2.38208659e-03, 1.90566934e-03, 4.76417335e-04, 3.81133868e-03,
       4.76417335e-04, 9.52834671e-04, 9.52834671e-04, 9.52834671e-04,
       9.52834671e-04, 4.76417335e-04, 3.33492132e-03, 1.42925198e-03,
       1.90566934e-03, 6.19342551e-03, 1.90566934e-03, 2.38208659e-03,
       2.85850395e-03, 4.76417335e-04, 4.76417335e-04, 0.,
       1.42925198e-03, 1.42925198e-03, 1.42925198e-03, 0.,
       1.42925198e-03, 4.76417335e-04, 4.76417335e-04, 4.76417335e-04,
       4.76417318e-03, 2.38208659e-03, 1.42925198e-03, 4.76417335e-04,
       1.42925198e-03, 9.52834671e-04, 2.38208659e-03, 4.76417335e-04,
       0., 0., 0., 1.90566934e-03, 9.52834671e-04, 4.76417335e-04,
       1.90566934e-03, 1.90566934e-03, 0., 9.52834671e-04,
       1.42925198e-03, 2.38208659e-03, 0., 0., 9.52834671e-04,
       1.42925198e-03, 2.85850395e-03, 2.38208659e-03, 4.76417335e-04,
       4.76417335e-04, 4.76417335e-04, 9.52834671e-04, 9.52834671e-04,
       1.42925198e-03, 9.52834671e-04, 1.90566934e-03, 1.42925198e-03,
       1.42925198e-03, 1.90566934e-03, 9.52834671e-04, 9.52834671e-04,
       1.90566934e-03, 4.76417335e-04, 3.33492132e-03, 1.42925198e-03,
       9.52834671e-04, 4.76417335e-04, 4.76417335e-04, 3.33492132e-03,
       1.42925198e-03, 0., 4.76417335e-04, 9.52834671e-04,
       2.38208659e-03, 9.52834671e-04, 0., 0., 1.90566934e-03,
       9.52834671e-04, 1.42925198e-03, 9.52834671e-04, 1.90566934e-03,
       2.38208659e-03, 9.52834671e-04, 0., 4.76417318e-03,
       1.42925198e-03, 3.33492132e-03, 9.52834671e-04, 4.76417335e-04,
       2.85850395e-03, 9.52834671e-04, 9.52834671e-04, 1.90566934e-03,
       4.76417335e-04, 4.76417335e-04, 0., 1.42925198e-03,
       4.76417335e-04, 0., 1.90566934e-03, 4.76417335e-04,
       1.42925198e-03, 0., 4.76417335e-04, 4.76417318e-03,
       9.52834671e-04, 4.76417335e-04, 4.76417335e-04, 1.90566934e-03,
       1.90566934e-03, 0., 3.33492132e-03, 1.42925198e-03,
