%YAML:1.0
m10f: !!opencv-matrix
   rows: 1
   cols: 800
   dt: f
   data: [ 1.08459871e-03, 0., 0., 0., 1.08459871e-03, 0., 0., 0.,
       3.25379614e-03, 0., 1.08459871e-03, 2.16919743e-03,
       1.08459871e-03, 0., 2.16919743e-03, 0., 0., 1.08459871e-03,
       1.08459871e-03, 0., 2.16919743e-03, 1.08459871e-03, 0., 0.,
       2.16919743e-03, 1.08459871e-03, 1.08459871e-03, 3.25379614e-03,
       2.16919743e-03, 0., 0., 0., 1.08459871e-03, 1.08459871e-03, 0.,
       2.16919743e-03, 1.08459871e-03, 1.08459871e-03, 2.16919743e-03,
       2.16919743e-03, 2.16919743e-03, 2.16919743e-03, 1.08459871e-03,
       1.08459871e-03, 2.16919743e-03, 2.16919743e-03, 1.08459871e-03,
       1.08459871e-03, 0., 0., 0., 0., 1.08459871e-03, 0., 0., 0., 0.,
       1.08459871e-03, 1.08459871e-03, 0., 0., 0., 0., 1.08459871e-03,
       0., 2.16919743e-03, 2.16919743e-03, 1.08459871e-03,
       1.08459871e-03, 0., 0., 0., 1.08459871e-03, 0., 0.,
       3.25379614e-03, 1.08459871e-03, 2.16919743e-03, 0.,
       1.08459871e-03, 0., 5.42299356e-03, 0., 0., 1.08459871e-03,
       1.08459871e-03, 2.16919743e-03, 2.16919743e-03, 1.08459871e-03,
       1.08459871e-03, 1.08459871e-03, 0., 1.08459871e-03, 0.,
       2.16919743e-03, 3.25379614e-03, 0., 2.16919743e-03,
       2.16919743e-03, 0., 1.08459871e-03, 1.08459871e-03,
       1.08459871e-03, 0., 1.08459871e-03, 1.08459871e-03, 0.,
       1.08459871e-03, 2.16919743e-03, 5.42299356e-03, 0., 0.,
       2.16919743e-03, 3.25379614e-03, 1.08459871e-03, 0., 0.,
       3.25379614e-03, 0., 3.25379614e-03, 1.08459871e-03,
       2.16919743e-03, 0., 1.08459871e-03, 0., 1.08459871e-03, 0., 0.,
       0., 2.16919743e-03, 2.16919743e-03, 1.08459871e-03,
       1.08459871e-03, 0., 0., 0., 1.08459871e-03, 0., 0., 0.,
       1.08459871e-03, 1.08459871e-03, 1.08459871e-03, 1.08459871e-03,
       0., 0., 1.08459871e-03, 1.08459871e-03, 2.16919743e-03,
       3.25379614e-03, 0., 2.16919743e-03, 0., 3.25379614e-03, 0.,
       1.08459871e-03, 2.16919743e-03, 2.16919743e-03, 0., 0.,
       1.08459871e-03, 0., 0., 0., 0., 0., 1.08459871e-03,
       2.16919743e-03, 0., 1.08459871e-03, 0., 0., 0., 2.16919743e-03,
       1.08459871e-03, 2.16919743e-03, 3.25379614e-03, 3.25379614e-03,
       0., 0., 0., 1.08459871e-03, 0., 2.16919743e-03, 0.,
       1.08459871e-03, 1.08459871e-03, 0., 0., 1.08459871e-03,
       1.08459871e-03, 3.25379614e-03, 0., 1.08459871e-03,
       3.25379614e-03, 1.08459871e-03, 0., 2.16919743e-03,
       1.08459871e-03, 0., 1.08459871e-03, 1.08459871e-03,
       1.08459871e-03, 0., 0., 0., 1.08459871e-03, 1.08459871e-03, 0.,
       5.42299356e-03, 2.16919743e-03, 0., 1.08459871e-03, 0., 0., 0.,
       3.25379614e-03, 0., 1.08459871e-03, 1.08459871e-03,
       2.16919743e-03, 1.08459871e-03, 0., 2.16919743e-03,
       3.25379614e-03, 2.16919743e-03, 1.08459871e-03, 2.16919743e-03,
       2.16919743e-03, 0., 2.16919743e-03, 1.08459871e-03,
       1.08459871e-03, 1.08459871e-03, 3.25379614e-03, 0., 0.,
       1.08459871e-03, 2.16919743e-03, 0., 4.33839485e-03, 0., 0.,
       2.16919743e-03, 4.33839485e-03, 4.33839485e-03, 0.,
       1.08459871e-03, 2.16919743e-03, 4.33839485e-03, 2.16919743e-03,
       1.08459871e-03, 0., 0., 0., 2.16919743e-03, 0., 2.16919743e-03,
       2.16919743e-03, 2.16919743e-03, 0., 0., 0., 0., 1.08459871e-03,
       1.08459871e-03, 4.33839485e-03, 0., 0., 0., 0., 1.08459871e-03,
       0., 0., 1.08459871e-03, 3.25379614e-03, 0., 4.33839485e-03, 0.,
       0., 0., 1.08459871e-03, 3.25379614e-03, 3.25379614e-03,
       2.16919743e-03, 0., 2.16919743e-03, 0., 2.16919743e-03,
       1.08459871e-03, 0., 0., 2.16919743e-03, 2.16919743e-03,
       1.08459871e-03, 0., 0., 0., 3.25379614e-03, 0., 2.16919743e-03,
       0., 0., 4.33839485e-03, 4.33839485e-03, 0., 1.08459871e-03,
       1.08459871e-03, 0., 1.08459871e-03, 0., 2.16919743e-03, 0., 0.,
       0., 1.08459871e-03, 0., 2.16919743e-03, 0., 1.08459871e-03,
       4.33839485e-03, 1.08459871e-03, 0., 7.59219099e-03,
       3.25379614e-03, 3.25379614e-03, 2.16919743e-03, 4.33839485e-03,
       0., 2.16919743e-03, 1.08459871e-03, 0., 0., 0., 0.,
       2.16919743e-03, 1.08459871e-03, 1.08459871e-03, 1.08459871e-03,
       2.16919743e-03, 0., 0., 1.08459871e-03, 1.08459871e-03, 0., 0.,
       1.08459871e-03, 3.25379614e-03, 1.08459871e-03, 1.08459871e-03,
       0., 3.25379614e-03, 0., 2.16919743e-03, 2.16919743e-03, 0.,
       3.25379614e-03, 0., 0., 0., 3.25379614e-03, 1.08459871e-03, 0.,
       0., 7.59219099e-03, 4.33839485e-03, 1.08459871e-03,
       3.25379614e-03, 3.25379614e-03, 1.08459871e-03, 5.42299356e-03,
       2.16919743e-03, 4.33839485e-03, 0., 0., 0., 1.08459871e-03,
       1.08459871e-03, 2.16919743e-03, 1.08459871e-03, 0., 0.,
       4.33839485e-03, 1.08459871e-03, 0., 0., 4.33839485e-03, 0.,
       3.25379614e-03, 2.16919743e-03, 4.33839485e-03, 3.25379614e-03,
       4.33839485e-03, 0., 2.16919743e-03, 1.08459871e-03,
       2.16919743e-03, 0., 1.08459871e-03, 3.25379614e-03,
       1.08459871e-03, 2.16919743e-03, 1.08459871e-03, 0.,
       4.33839485e-03, 0., 0., 0., 0., 0., 0., 1.08459871e-03, 0.,
       1.08459871e-03, 2.16919743e-03, 0., 2.16919743e-03,
       2.16919743e-03, 0., 2.16919743e-03, 1.08459871e-03,
       1.08459871e-03, 0., 0., 0., 1.08459871e-03, 1.08459871e-03, 0.,
       1.08459871e-03, 0., 1.30151846e-02, 2.16919743e-03,
       1.08459871e-03, 1.08459871e-03, 2.16919743e-03, 2.16919743e-03,
       0., 3.25379614e-03, 0., 3.25379614e-03, 0., 1.08459871e-03,
       1.08459871e-03, 5.42299356e-03, 1.08459871e-03, 2.16919743e-03,
       0., 1.08459871e-03, 1.08459871e-03, 1.08459871e-03,
       7.59219099e-03, 0., 6.50759228e-03, 1.08459871e-03, 0.,
       1.08459871e-03, 0., 0., 1.08459871e-03, 1.08459871e-03,
       1.08459871e-03, 0., 1.08459871e-03, 0., 0., 0., 2.16919743e-03,
       0., 2.16919743e-03, 2.16919743e-03, 1.08459871e-03, 0.,
       1.08459871e-03, 4.33839485e-03, 1.08459871e-03, 1.08459871e-03,
       1.08459871e-03, 0., 3.25379614e-03, 0., 3.25379614e-03, 0., 0.,
       3.25379614e-03, 0., 0., 1.08459871e-03, 1.08459871e-03,
       1.08459871e-03, 5.42299356e-03, 1.08459871e-03, 3.25379614e-03,
       1.08459871e-03, 0., 1.08459871e-03, 2.16919743e-03,
       1.08459871e-03, 0., 1.08459871e-03, 0., 0., 4.33839485e-03,
       1.08459871e-03, 0., 1.08459871e-03, 1.08459871e-03,
       1.08459871e-03, 0., 2.16919743e-03, 0., 0., 1.08459871e-03, 0.,
       1.08459871e-03, 1.08459871e-03, 0., 0., 3.25379614e-03,
       2.16919743e-03, 0., 0., 1.08459871e-03, 2.16919743e-03,
       1.08459871e-03, 1.08459871e-03, 2.16919743e-03, 2.16919743e-03,
       0., 0., 1.08459871e-03, 1.08459871e-03, 1.08459871e-03,
       3.25379614e-03, 0., 0., 1.08459871e-03, 1.08459871e-03,
       1.08459871e-03, 0., 0., 1.08459871e-03, 0., 4.33839485e-03, 0.,
       0., 2.16919743e-03, 1.08459871e-03, 1.08459871e-03,
       1.08459871e-03, 4.33839485e-03, 1.08459871e-03, 0.,
       2.16919743e-03, 2.16919743e-03, 1.08459871e-03, 0., 0.,
       4.33839485e-03, 5.42299356e-03, 1.08459871e-03, 0., 0.,
       1.08459871e-03, 2.16919743e-03, 1.08459871e-03, 2.16919743e-03,
       0., 2.16919743e-03, 4.33839485e-03, 3.25379614e-03,
       5.42299356e-03, 1.08459871e-03, 0., 2.16919743e-03,
       2.16919743e-03, 1.08459871e-03, 0., 2.16919743e-03, 0.,
       4.33839485e-03, 1.08459871e-03, 3.25379614e-03, 1.08459871e-03,
       0., 1.08459871e-03, 2.16919743e-03, 1.08459871e-03,
       1.08459871e-03, 0., 0., 2.16919743e-03, 0., 0., 1.08459871e-03,
       5.42299356e-03, 2.16919743e-03, 0., 0., 1.08459871e-03,
       2.16919743e-03, 0., 4.33839485e-03, 1.08459871e-03,
       1.08459871e-03, 2.16919743e-03, 0., 1.08459871e-03,
       3.25379614e-03, 0., 0., 2.16919743e-03, 0., 1.08459871e-03,
       5.42299356e-03, 0., 1.08459871e-03, 1.08459871e-03, 0.,
       1.08459871e-03, 2.16919743e-03, 1.08459871e-03, 1.08459871e-03,
       0., 0., 2.16919743e-03, 2.16919743e-03, 2.06073746e-02, 0.,
