%YAML:1.0
m10f: !!opencv-matrix
   rows: 1
   cols: 200
   dt: f
   data: [ 5.61797759e-03, 4.49438207e-03, 4.49438207e-03,
       1.12359552e-03, 0., 2.24719103e-03, 2.24719103e-03,
       8.98876414e-03, 4.49438207e-03, 3.37078655e-03, 3.37078655e-03,
       3.37078655e-03, 1.12359552e-02, 3.37078655e-03, 4.49438207e-03,
       1.91011243e-02, 1.57303363e-02, 7.86516815e-03, 7.86516815e-03,
       1.12359552e-03, 1.12359552e-03, 4.49438207e-03, 3.37078655e-03,
       2.24719103e-03, 1.12359552e-03, 6.74157310e-03, 3.37078655e-03,
       5.61797759e-03, 1.57303363e-02, 2.24719103e-03, 6.74157310e-03,
       3.37078655e-03, 4.49438207e-03, 2.24719103e-03, 2.24719103e-03,
       4.49438207e-03, 2.24719103e-03, 4.49438207e-03, 5.61797759e-03,
       6.74157310e-03, 6.74157310e-03, 1.12359552e-02, 1.01123601e-02,
       2.24719103e-03, 0., 1.01123601e-02, 1.12359552e-03, 0.,
       5.61797759e-03, 5.61797759e-03, 3.37078655e-03, 4.49438207e-03,
       1.12359552e-03, 4.49438207e-03, 1.12359552e-02, 6.74157310e-03,
       6.74157310e-03, 1.12359552e-03, 5.61797759e-03, 8.98876414e-03,
       4.49438207e-03, 2.24719103e-03, 4.49438207e-03, 8.98876414e-03,
       7.86516815e-03, 4.49438207e-03, 1.12359552e-03, 1.34831462e-02,
       6.74157310e-03, 2.24719103e-03, 1.91011243e-02, 1.12359552e-02,
       1.01123601e-02, 1.12359552e-03, 0., 4.49438207e-03,
       7.86516815e-03, 5.61797759e-03, 5.61797759e-03, 2.24719103e-03,
       1.12359552e-03, 2.24719103e-03, 6.74157310e-03, 7.86516815e-03,
       1.01123601e-02, 8.98876414e-03, 1.12359552e-03, 2.24719103e-03,
       5.61797759e-03, 1.12359552e-03, 6.74157310e-03, 1.23595502e-02,
       4.49438207e-03, 5.61797759e-03, 6.74157310e-03, 5.61797759e-03,
       2.24719103e-03, 7.86516815e-03, 6.74157310e-03, 1.12359552e-03,
       4.49438207e-03, 1.12359552e-03, 2.24719103e-03, 0.,
       3.37078655e-03, 6.74157310e-03, 8.98876414e-03, 6.74157310e-03,
       5.61797759e-03, 2.24719103e-03, 5.61797759e-03, 3.37078655e-03,
       3.37078655e-03, 3.37078655e-03, 1.12359552e-03, 8.98876414e-03,
       6.74157310e-03, 3.37078655e-03, 4.49438207e-03, 4.49438207e-03,
       4.49438207e-03, 3.37078655e-03, 1.46067422e-02, 2.24719103e-03,
       6.74157310e-03, 4.49438207e-03, 6.74157310e-03, 4.49438207e-03,
       2.24719103e-03, 1.12359552e-03, 3.37078655e-03, 6.74157310e-03,
       1.01123601e-02, 3.37078655e-03, 4.49438207e-03, 7.86516815e-03,
       3.37078655e-03, 2.24719103e-03, 3.37078655e-03, 2.24719103e-03,
       7.86516815e-03, 2.24719103e-03, 3.37078655e-03, 1.12359552e-03,
       4.49438207e-03, 1.12359552e-03, 4.49438207e-03, 7.86516815e-03,
       7.86516815e-03, 2.24719103e-03, 1.12359552e-03, 7.86516815e-03,
       3.37078655e-03, 5.61797759e-03, 6.74157310e-03, 2.24719103e-03,
       2.24719103e-03, 3.37078655e-03, 0., 1.12359552e-02,
       1.12359552e-03, 2.24719103e-03, 3.37078655e-03, 1.12359552e-03,
       3.37078655e-03, 5.61797759e-03, 1.12359552e-03, 3.37078655e-03,
       1.01123601e-02, 4.49438207e-03, 1.12359552e-03, 0.,
       1.57303363e-02, 4.49438207e-03, 1.01123601e-02, 5.61797759e-03,
       3.37078655e-03, 6.74157310e-03, 4.49438207e-03, 2.24719103e-03,
       2.24719103e-03, 0., 3.37078655e-03, 8.98876414e-03,
       4.49438207e-03, 4.49438207e-03, 8.98876414e-03, 6.74157310e-03,
       1.12359552e-03, 8.98876414e-03, 1.23595502e-02, 4.49438207e-03,
       1.12359552e-03, 1.12359552e-03, 3.37078655e-03, 1.23595502e-02,
       4.49438207e-03, 2.24719103e-03, 4.49438207e-03, 3.37078655e-03 ]
