%YAML:1.0
m10f: !!opencv-matrix
   rows: 1
   cols: 800
   dt: f
   data: [ 5.34188061e-04, 2.67094024e-03, 3.73931648e-03,
       3.20512848e-03, 0., 1.06837612e-03, 3.20512848e-03,
       1.60256424e-03, 1.60256424e-03, 3.20512848e-03, 1.06837612e-03,
       1.06837612e-03, 0., 5.34188061e-04, 1.60256424e-03,
       5.34188061e-04, 0., 2.67094024e-03, 0., 5.34188061e-04,
       3.20512848e-03, 0., 5.34188061e-04, 0., 5.34188061e-04, 0.,
       1.60256424e-03, 6.41025696e-03, 0., 0., 5.34188061e-04,
       1.60256424e-03, 1.06837612e-03, 1.06837612e-03, 5.34188061e-04,
       4.80769249e-03, 1.06837612e-03, 1.06837612e-03, 1.06837612e-03,
       5.34188061e-04, 1.60256424e-03, 1.06837612e-03, 5.34188061e-04,
       2.67094024e-03, 5.34188061e-04, 1.60256424e-03, 0., 0.,
       1.60256424e-03, 0., 1.60256424e-03, 1.60256424e-03, 0.,
       5.34188061e-04, 0., 5.34188061e-04, 5.34188061e-04,
       5.34188061e-04, 1.06837612e-03, 1.60256424e-03, 0.,
       3.73931648e-03, 5.34188061e-04, 2.67094024e-03, 5.34188061e-04,
       5.34188061e-04, 0., 1.60256424e-03, 5.34188061e-04,
       5.34188061e-04, 5.34188061e-04, 5.34188061e-04, 1.06837612e-03,
       1.06837612e-03, 1.06837612e-03, 3.73931648e-03, 1.06837612e-03,
       0., 1.60256424e-03, 5.34188061e-04, 1.60256424e-03, 0.,
       1.06837612e-03, 1.06837612e-03, 6.94444496e-03, 3.73931648e-03,
       1.06837612e-03, 2.13675224e-03, 5.34188061e-04, 0.,
       5.34188061e-04, 0., 4.27350448e-03, 2.67094024e-03,
       1.60256424e-03, 5.34188061e-04, 5.34188061e-04, 2.13675224e-03,
       1.06837612e-03, 0., 0., 2.13675224e-03, 3.20512848e-03, 0., 0.,
       0., 5.34188061e-04, 5.34188061e-04, 5.34188061e-04,
       1.06837612e-03, 0., 3.73931648e-03, 0., 2.13675224e-03,
       6.94444496e-03, 1.06837612e-03, 5.34188061e-04, 1.60256424e-03,
       1.06837612e-03, 2.13675224e-03, 1.60256424e-03, 1.06837612e-03,
       5.87606849e-03, 5.34188061e-04, 5.34188061e-04, 2.13675224e-03,
       1.06837612e-03, 1.06837612e-03, 1.60256424e-03, 1.60256424e-03,
       5.34188061e-04, 2.13675224e-03, 2.67094024e-03, 2.13675224e-03,
       1.06837612e-03, 5.34188061e-04, 3.20512848e-03, 0.,
       5.34188061e-04, 1.60256424e-03, 0., 0., 3.73931648e-03,
       5.34188061e-04, 0., 4.27350448e-03, 1.60256424e-03,
       5.34188061e-04, 5.34188061e-04, 5.34188061e-04, 1.60256424e-03,
       0., 1.06837612e-03, 0., 1.60256424e-03, 0., 0., 5.87606849e-03,
       3.73931648e-03, 0., 0., 5.34188061e-04, 0., 2.13675224e-03, 0.,
       5.34188061e-04, 1.60256424e-03, 1.06837612e-03, 1.60256424e-03,
       3.73931648e-03, 1.06837612e-03, 5.34188061e-04, 2.13675224e-03,
       2.67094024e-03, 1.06837612e-03, 5.34188061e-04, 1.06837612e-03,
       5.34188061e-04, 0., 2.13675224e-03, 2.13675224e-03,
       1.06837612e-03, 1.06837612e-03, 5.34188061e-04, 5.34188061e-04,
       1.06837612e-03, 1.60256424e-03, 5.34188061e-04, 0.,
       6.94444496e-03, 5.34188061e-04, 4.27350448e-03, 0.,
       1.06837612e-03, 3.20512848e-03, 2.13675224e-03, 5.34188061e-04,
       5.34188061e-04, 5.34188061e-04, 0., 5.34188061e-04,
       5.34188061e-04, 0., 5.34188061e-04, 2.67094024e-03,
       5.34188061e-04, 2.67094024e-03, 0., 5.34188061e-04,
       2.13675224e-03, 3.20512848e-03, 5.34188061e-04, 1.06837612e-03,
       4.27350448e-03, 2.67094024e-03, 1.60256424e-03, 1.06837612e-03,
       0., 1.06837612e-03, 3.20512848e-03, 5.34188061e-04, 0., 0.,
       3.20512848e-03, 0., 3.20512848e-03, 0., 3.20512848e-03,
       2.67094024e-03, 1.06837612e-03, 1.06837612e-03, 5.34188061e-04,
       5.34188061e-04, 0., 1.06837612e-03, 0., 2.13675224e-03, 0.,
       5.34188061e-04, 6.94444496e-03, 1.60256424e-03, 3.73931648e-03,
       2.13675224e-03, 5.34188061e-04, 1.06837612e-03, 3.73931648e-03,
       3.20512848e-03, 1.60256424e-03, 1.06837612e-03, 2.13675224e-03,
       2.67094024e-03, 2.67094024e-03, 1.60256424e-03, 3.20512848e-03,
       0., 5.34188061e-04, 5.34188061e-04, 5.34188061e-04, 0.,
       5.34188061e-04, 5.34188061e-04, 0., 1.06837612e-03, 0.,
       5.34188061e-04, 0., 5.34188061e-04, 2.13675224e-03,
       3.73931648e-03, 1.06837612e-03, 1.60256424e-03, 0.,
       2.13675224e-03, 5.34188061e-04, 5.34188061e-04, 0., 0.,
       2.67094024e-03, 2.13675224e-03, 2.67094024e-03, 2.67094024e-03,
       1.06837612e-03, 1.06837612e-03, 1.60256424e-03, 1.06837612e-03,
       2.13675224e-03, 1.60256424e-03, 5.34188061e-04, 5.34188061e-04,
       1.06837612e-03, 1.60256424e-03, 2.67094024e-03, 0.,
       5.34188061e-04, 2.13675224e-03, 5.34188061e-04, 2.13675224e-03,
       0., 5.34188061e-04, 1.60256424e-03, 0., 5.34188061e-04,
       4.80769249e-03, 3.20512848e-03, 1.60256424e-03, 0.,
       5.34188061e-04, 5.34188061e-04, 1.06837612e-03, 5.34188061e-04,
       1.06837612e-03, 0., 1.06837612e-03, 0., 5.34188061e-04, 0.,
       6.94444496e-03, 5.34188061e-04, 3.20512848e-03, 0.,
       1.60256424e-03, 1.06837612e-03, 1.06837612e-03, 5.34188049e-03,
       0., 0., 1.06837612e-03, 5.34188061e-04, 1.06837612e-03, 0.,
       1.06837612e-03, 0., 1.06837612e-03, 1.06837612e-03, 0.,
       1.60256424e-03, 5.34188049e-03, 0., 5.34188061e-04,
       1.06837612e-03, 0., 5.34188061e-04, 2.67094024e-03,
       5.34188061e-04, 5.34188061e-04, 2.13675224e-03, 3.20512848e-03,
       1.06837612e-03, 1.60256424e-03, 1.06837612e-03, 0.,
       5.34188061e-04, 0., 1.06837612e-03, 5.34188061e-04, 0.,
       5.34188061e-04, 5.34188061e-04, 1.60256424e-03, 1.06837612e-03,
       5.34188061e-04, 0., 1.06837612e-03, 2.13675224e-03,
       2.13675224e-03, 0., 1.60256424e-03, 5.34188061e-04,
       1.60256424e-03, 1.06837612e-03, 0., 1.06837612e-03,
       1.60256424e-03, 0., 0., 0., 5.34188061e-04, 1.60256424e-03,
       4.27350448e-03, 3.20512848e-03, 1.60256424e-03, 0.,
       2.67094024e-03, 5.34188061e-04, 0., 2.67094024e-03,
       1.60256424e-03, 1.06837612e-03, 0., 5.34188061e-04,
       2.67094024e-03, 0., 3.20512848e-03, 5.34188061e-04,
       1.60256424e-03, 2.13675224e-03, 1.06837612e-03, 0.,
       1.06837612e-03, 0., 1.06837612e-03, 0., 5.34188061e-04,
       1.06837612e-03, 5.34188061e-04, 0., 1.06837612e-03,
       1.06837612e-03, 1.06837612e-03, 2.13675224e-03, 0.,
       1.06837612e-03, 1.06837612e-03, 0., 4.27350448e-03, 0.,
       1.06837612e-03, 5.34188061e-04, 1.06837612e-03, 1.06837612e-03,
       5.34188061e-04, 1.06837612e-03, 0., 3.73931648e-03,
       5.34188061e-04, 1.06837612e-03, 5.34188061e-04, 0., 0.,
       2.13675224e-03, 1.06837612e-03, 5.34188061e-04, 2.13675224e-03,
       5.34188061e-04, 0., 5.34188061e-04, 1.06837612e-03,
       2.13675224e-03, 1.06837612e-03, 0., 1.60256424e-03, 0.,
       1.06837612e-03, 5.34188061e-04, 1.06837612e-03, 1.60256424e-03,
       1.06837612e-03, 5.34188061e-04, 0., 1.60256424e-03,
       5.34188061e-04, 5.34188061e-04, 2.67094024e-03, 0., 0., 0.,
       4.80769249e-03, 2.13675224e-03, 1.06837612e-03, 2.13675224e-03,
       5.34188061e-04, 4.27350448e-03, 1.06837612e-03, 5.34188061e-04,
       1.06837612e-03, 1.06837612e-03, 2.13675224e-03, 1.60256424e-03,
       2.13675224e-03, 2.13675224e-03, 4.27350448e-03, 3.20512848e-03,
       5.34188061e-04, 5.34188061e-04, 5.34188061e-04, 0.,
       1.06837612e-03, 1.06837612e-03, 5.34188061e-04, 5.34188061e-04,
       5.34188061e-04, 1.06837612e-03, 1.60256424e-03, 5.34188061e-04,
       2.13675224e-03, 1.06837612e-03, 0., 5.34188061e-04, 0.,
       1.60256424e-03, 5.34188061e-04, 1.06837612e-03, 1.06837612e-03,
       3.73931648e-03, 1.06837612e-03, 0., 3.20512848e-03,
       5.34188061e-04, 1.60256424e-03, 5.34188061e-04, 5.34188061e-04,
       5.34188061e-04, 2.67094024e-03, 4.80769249e-03, 5.34188061e-04,
       1.06837612e-03, 0., 0., 0., 1.06837612e-03, 1.60256424e-03,
       1.60256424e-03, 2.13675224e-03, 5.34188061e-04, 2.67094024e-03,
       1.60256424e-03, 3.20512848e-03, 5.34188061e-04, 1.60256424e-03,
       1.06837612e-03, 4.27350448e-03, 2.13675224e-03, 0.,
       2.13675224e-03, 1.06837612e-03, 3.73931648e-03, 2.13675224e-03,
