%YAML:1.0
m10f: !!opencv-matrix
   rows: 1
   cols: 800
   dt: f
   data: [ 0., 4.26742528e-03, 0., 0., 0., 1.42247509e-03,
       2.84495018e-03, 2.13371255e-02, 0., 1.42247509e-03,
       4.26742528e-03, 1.42247509e-03, 2.84495018e-03, 0.,
       1.42247509e-03, 0., 0., 0., 0., 0., 1.42247509e-03,
       5.68990037e-03, 0., 0., 1.42247509e-03, 0., 2.84495018e-03,
       1.42247509e-03, 0., 2.84495018e-03, 2.84495018e-03,
       5.68990037e-03, 0., 1.42247509e-03, 2.84495018e-03, 0., 0., 0.,
       1.42247509e-03, 0., 0., 0., 0., 7.11237546e-03, 0., 0.,
       1.42247509e-03, 1.42247509e-03, 0., 0., 0., 0., 2.84495018e-03,
       1.42247509e-03, 1.42247509e-03, 1.42247509e-02, 5.68990037e-03,
       1.42247509e-03, 1.42247509e-03, 1.42247509e-03, 0., 0., 0., 0.,
       0., 1.42247509e-03, 0., 1.42247509e-03, 1.42247509e-03,
       1.42247509e-03, 2.84495018e-03, 0., 0., 0., 2.84495018e-03, 0.,
       0., 2.84495018e-03, 0., 1.42247509e-03, 4.26742528e-03, 0., 0.,
       0., 1.42247509e-03, 5.68990037e-03, 1.42247509e-03, 0.,
       1.42247509e-03, 0., 0., 1.42247509e-03, 1.42247509e-03,
       2.84495018e-03, 0., 1.42247509e-03, 0., 2.84495018e-03,
       1.42247509e-03, 0., 0., 0., 1.42247509e-03, 0., 0.,
       1.42247509e-03, 0., 1.42247509e-03, 0., 2.84495018e-03,
       1.42247509e-03, 0., 1.42247509e-03, 0., 0., 1.42247509e-03, 0.,
       1.42247509e-03, 0., 2.84495018e-03, 1.42247509e-03,
       1.42247509e-03, 0., 1.42247509e-03, 4.26742528e-03,
       1.42247509e-03, 5.68990037e-03, 5.68990037e-03, 0., 0.,
       1.42247509e-03, 1.42247509e-03, 0., 0., 0., 0., 1.42247509e-03,
       0., 0., 1.42247509e-03, 1.42247509e-03, 4.26742528e-03, 0.,
       1.42247509e-03, 2.84495018e-03, 0., 1.42247509e-03, 0.,
       1.42247509e-03, 0., 0., 1.42247509e-03, 2.84495018e-03, 0.,
       1.42247509e-03, 1.42247509e-03, 0., 0., 1.42247509e-03,
       4.26742528e-03, 1.42247509e-03, 0., 2.84495018e-03, 0., 0., 0.,
       0., 0., 0., 1.42247509e-03, 0., 1.42247509e-03, 0., 0., 0.,
       2.84495018e-03, 1.42247509e-03, 2.84495018e-03, 0., 0., 0., 0.,
       0., 2.84495018e-03, 0., 2.84495018e-03, 0., 0., 0., 0.,
       1.42247509e-03, 1.42247509e-03, 0., 0., 0., 0., 0.,
       1.42247509e-03, 0., 1.42247509e-03, 1.42247509e-03, 0., 0.,
       4.26742528e-03, 0., 0., 0., 1.42247509e-03, 2.84495018e-03, 0.,
       1.42247509e-03, 8.53485055e-03, 0., 0., 0., 0., 1.42247509e-03,
       0., 0., 0., 4.26742528e-03, 0., 1.42247509e-03, 2.84495018e-03,
       0., 1.42247509e-03, 1.42247509e-03, 1.42247509e-03,
       1.42247509e-03, 0., 2.84495018e-03, 1.42247509e-03, 0., 0.,
       2.84495018e-03, 0., 1.42247509e-03, 0., 0., 0., 1.42247509e-03,
       0., 1.42247509e-03, 4.26742528e-03, 1.42247509e-03,
       2.84495018e-03, 0., 0., 1.42247509e-03, 0., 0., 0., 0.,
       1.42247509e-03, 0., 1.42247509e-03, 0., 0., 1.42247509e-03, 0.,
       0., 0., 2.84495018e-03, 0., 0., 0., 1.42247509e-03, 0.,
       2.84495018e-03, 1.42247509e-03, 0., 1.42247509e-03,
       5.68990037e-03, 4.26742528e-03, 5.68990037e-03, 0., 0., 0.,
       1.42247509e-03, 1.42247509e-03, 0., 1.42247509e-03,
       1.42247509e-03, 0., 2.84495018e-03, 1.42247509e-03,
       7.11237546e-03, 2.84495018e-03, 0., 1.42247509e-03,
       1.42247509e-03, 8.53485055e-03, 2.84495018e-03, 0.,
       1.42247509e-03, 5.68990037e-03, 2.84495018e-03, 0., 0., 0., 0.,
       1.42247509e-03, 2.84495018e-03, 0., 0., 0., 0., 1.42247509e-03,
       1.42247509e-03, 0., 9.95732564e-03, 0., 0., 4.26742528e-03, 0.,
       0., 1.42247509e-03, 0., 0., 0., 0., 0., 2.84495018e-03, 0.,
       2.84495018e-03, 1.42247509e-03, 0., 0., 1.42247509e-03,
       1.42247509e-03, 0., 1.42247509e-03, 0., 0., 2.84495018e-03, 0.,
       4.26742528e-03, 1.42247509e-03, 0., 1.42247509e-03, 0., 0., 0.,
       0., 1.42247509e-03, 0., 0., 0., 0., 0., 1.42247509e-03,
       1.42247509e-03, 0., 0., 0., 0., 4.26742528e-03, 1.42247509e-03,
       2.84495018e-03, 5.68990037e-03, 0., 0., 2.84495018e-03, 0., 0.,
       1.42247509e-03, 2.84495018e-03, 0., 0., 1.42247509e-03,
       2.84495018e-03, 0., 4.26742528e-03, 0., 1.42247509e-03, 0., 0.,
       1.42247509e-03, 1.42247509e-03, 4.26742528e-03, 0., 0., 0.,
       1.42247509e-03, 1.42247509e-03, 0., 0., 0., 5.68990037e-03, 0.,
       0., 1.42247509e-03, 1.42247509e-03, 2.84495018e-03, 0.,
       1.42247509e-03, 0., 1.42247509e-03, 2.84495018e-03,
       1.42247509e-03, 1.42247509e-03, 1.42247509e-03, 0.,
       1.42247509e-03, 1.42247509e-03, 2.84495018e-03, 1.42247509e-03,
       2.84495018e-03, 0., 0., 0., 2.84495018e-03, 1.42247509e-03, 0.,
       0., 0., 1.42247509e-03, 0., 1.42247509e-03, 0., 1.42247509e-03,
       1.42247509e-03, 2.84495018e-03, 2.84495018e-03, 0., 0., 0., 0.,
       0., 0., 0., 2.84495018e-03, 1.42247509e-03, 0., 0.,
       2.84495018e-03, 0., 9.95732564e-03, 0., 0., 1.42247509e-03, 0.,
       1.42247509e-02, 0., 0., 1.42247509e-03, 8.53485055e-03, 0., 0.,
       0., 0., 0., 1.42247509e-03, 1.42247509e-03, 1.42247509e-03, 0.,
       1.42247509e-03, 0., 2.84495018e-03, 0., 0., 2.84495018e-03,
       1.42247509e-03, 0., 0., 2.84495018e-03, 1.42247509e-03,
       1.42247509e-03, 0., 1.42247509e-03, 2.84495018e-03, 0., 0., 0.,
       0., 2.84495018e-03, 1.42247509e-03, 1.42247509e-03, 0.,
       1.42247509e-03, 0., 0., 0., 0., 1.42247509e-03, 0.,
       4.26742528e-03, 1.42247509e-03, 1.42247509e-03, 0.,
       1.42247509e-03, 0., 1.42247509e-03, 0., 0., 1.42247509e-03, 0.,
       0., 0., 1.42247509e-03, 0., 0., 9.95732564e-03, 1.42247509e-03,
       2.84495018e-03, 1.42247509e-03, 1.42247509e-03, 1.42247509e-03,
       2.84495018e-03, 7.11237546e-03, 0., 0., 0., 0., 1.42247509e-03,
       1.42247509e-03, 1.42247509e-03, 2.84495018e-03, 0.,
       2.84495018e-03, 0., 2.84495018e-03, 1.42247509e-03,
       4.26742528e-03, 1.42247509e-03, 0., 0., 2.84495018e-03, 0.,
       1.42247509e-03, 0., 0., 2.84495018e-03, 0., 4.26742528e-03,
       2.84495018e-03, 1.42247509e-03, 2.84495018e-03, 0.,
       2.84495018e-03, 0., 0., 1.42247509e-03, 1.42247509e-03,
       1.42247509e-03, 0., 0., 0., 1.42247509e-03, 0., 1.42247509e-03,
       1.42247509e-03, 0., 1.42247509e-03, 0., 2.84495018e-03,
       1.42247509e-03, 0., 0., 0., 0., 2.84495018e-03, 4.26742528e-03,
       0., 1.42247509e-03, 2.84495018e-03, 1.42247509e-03, 0.,
       1.42247509e-03, 1.42247509e-03, 0., 0., 0., 0., 1.42247509e-03,
       2.84495018e-03, 0., 2.84495018e-03, 4.26742528e-03,
       1.42247509e-03, 1.42247509e-03, 1.42247509e-03, 0.,
       4.26742528e-03, 2.84495018e-03, 1.42247509e-03, 2.84495018e-03,
       4.26742528e-03, 0., 2.84495018e-03, 1.42247509e-03, 0.,
       1.42247509e-03, 0., 1.42247509e-03, 2.84495018e-03,
       4.26742528e-03, 0., 0., 2.84495018e-03, 5.68990037e-03, 0.,
       4.26742528e-03, 0., 0., 1.42247509e-03, 0., 1.42247509e-03, 0.,
       1.42247509e-03, 1.42247509e-03, 2.84495018e-03, 0.,
       1.42247509e-03, 4.26742528e-03, 0., 0., 0., 0., 0., 0., 0., 0.,
       0., 1.42247509e-03, 0., 0., 1.42247509e-03, 0., 0.,
       2.84495018e-03, 1.42247509e-03, 0., 1.42247509e-03, 0., 0.,
       2.84495018e-03, 0., 0., 1.42247509e-03, 0., 1.42247509e-03, 0.,
       1.42247509e-03, 1.42247509e-03, 0., 1.42247509e-03, 0.,
       1.42247509e-03, 0., 1.42247509e-03, 5.68990037e-03, 0., 0.,
       4.26742528e-03, 0., 0., 0., 7.11237546e-03, 1.42247509e-03, 0.,
       0., 1.42247509e-03, 0., 0., 1.13798007e-02, 1.42247509e-03,
       1.42247509e-03, 1.42247509e-03, 1.42247509e-03, 0.,
       1.28022758e-02, 1.42247509e-03, 1.42247509e-03, 0.,
       2.84495018e-03, 2.84495018e-03, 0., 0., 0., 0., 1.42247509e-03,
       1.42247509e-03, 1.42247509e-03, 0., 1.42247509e-03,
       7.11237546e-03, 0., 0., 4.26742528e-03, 1.42247509e-03, 0., 0.,
       0., 0., 0., 1.42247509e-03, 0., 4.26742528e-03, 9.95732564e-03,
       1.42247509e-03, 1.42247509e-03, 1.42247509e-03, 0., 0.,
       9.95732564e-03, 0., 2.84495018e-03, 2.84495018e-03, 0.,
       2.84495018e-03, 0., 0., 0., 0., 0., 0., 0., 0., 0., 0.,
