%YAML:1.0
m10f: !!opencv-matrix
   rows: 1
   cols: 800
   dt: f
   data: [ 1.39470014e-03, 4.88145044e-03, 6.97350071e-04,
       1.39470014e-03, 1.04602508e-03, 6.97350071e-04, 1.39470014e-03,
       6.97350071e-04, 1.74337521e-03, 3.48675036e-04, 0., 0.,
       2.44072522e-03, 2.09205016e-03, 1.04602508e-03, 1.39470014e-03,
       1.04602508e-03, 6.97350071e-04, 6.97350071e-04, 1.04602508e-03,
       6.97350071e-04, 3.48675036e-04, 1.39470014e-03, 1.39470014e-03,
       6.97350071e-04, 2.78940029e-03, 3.48675036e-04, 0.,
       1.04602508e-03, 1.04602508e-03, 6.97350071e-04, 3.13807535e-03,
       0., 6.97350071e-04, 2.09205016e-03, 3.48675036e-04,
       1.39470014e-03, 1.04602508e-03, 2.09205016e-03, 6.97350071e-04,
       0., 3.13807535e-03, 3.48675036e-04, 1.04602508e-03,
       2.78940029e-03, 1.39470014e-03, 6.97350071e-04, 2.44072522e-03,
       2.09205016e-03, 1.04602508e-03, 6.97350071e-04, 1.04602508e-03,
       1.04602508e-03, 6.97350071e-04, 1.04602508e-03, 1.39470014e-03,
       2.09205016e-03, 1.04602508e-03, 1.04602508e-03, 1.74337521e-03,
       1.74337521e-03, 2.44072522e-03, 1.74337521e-03, 1.74337521e-03,
       0., 1.39470014e-03, 0., 3.48675036e-04, 3.48675036e-04,
       1.04602508e-03, 2.44072522e-03, 3.48675036e-04, 2.09205016e-03,
       1.39470014e-03, 1.74337521e-03, 1.39470014e-03, 1.74337521e-03,
       3.48675036e-04, 6.97350071e-04, 3.48675036e-04, 1.04602508e-03,
       1.39470014e-03, 1.39470014e-03, 3.48675036e-04, 1.39470014e-03,
       2.44072522e-03, 1.04602508e-03, 6.27615070e-03, 1.39470014e-03,
       2.09205016e-03, 3.48675036e-04, 0., 6.97350071e-04,
       3.13807535e-03, 1.39470014e-03, 3.48675036e-04, 6.97350071e-04,
       3.48675036e-04, 2.44072522e-03, 1.04602508e-03, 1.04602508e-03,
       1.04602508e-03, 1.04602508e-03, 3.48675036e-04, 2.78940029e-03,
       6.97350071e-04, 3.83542548e-03, 3.48675036e-04, 1.04602508e-03,
       6.97350071e-04, 1.39470014e-03, 3.48675041e-03, 1.74337521e-03,
       1.04602508e-03, 1.39470014e-03, 1.04602508e-03, 1.04602508e-03,
       1.74337521e-03, 3.48675036e-04, 3.48675036e-04, 0.,
       6.97350071e-04, 2.09205016e-03, 1.04602508e-03, 1.39470014e-03,
       6.97350071e-04, 0., 1.04602508e-03, 6.97350071e-04,
       6.97350071e-04, 1.74337521e-03, 6.97350071e-04, 3.48675036e-04,
       2.78940029e-03, 1.04602508e-03, 3.48675036e-04, 3.48675036e-04,
       1.74337521e-03, 1.39470014e-03, 2.09205016e-03, 3.48675036e-04,
       3.48675036e-04, 1.04602508e-03, 1.39470014e-03, 0.,
       1.74337521e-03, 1.04602508e-03, 1.04602508e-03, 3.48675036e-04,
       1.04602508e-03, 1.74337521e-03, 1.74337521e-03, 2.44072522e-03,
       3.48675036e-04, 1.74337521e-03, 1.04602508e-03, 2.78940029e-03,
       1.04602508e-03, 2.78940029e-03, 3.48675036e-04, 6.97350071e-04,
       6.97350071e-04, 3.48675036e-04, 1.39470014e-03, 1.04602508e-03,
       1.04602508e-03, 1.74337521e-03, 6.97350071e-04, 2.09205016e-03,
       6.97350071e-04, 1.39470014e-03, 6.97350071e-04, 6.97350071e-04,
       0., 6.97350071e-04, 6.97350071e-04, 3.48675036e-04, 0.,
       3.48675036e-04, 1.39470014e-03, 2.09205016e-03, 1.04602508e-03,
       6.97350071e-04, 1.39470014e-03, 6.97350071e-04, 1.39470014e-03,
       2.44072522e-03, 6.97350071e-04, 3.48675036e-04, 3.48675036e-04,
       1.74337521e-03, 6.97350071e-04, 3.48675036e-04, 2.44072522e-03,
       1.74337521e-03, 2.09205016e-03, 6.97350071e-04, 1.74337521e-03,
       3.48675036e-04, 1.74337521e-03, 2.44072522e-03, 6.97350071e-04,
       3.48675036e-04, 0., 1.39470014e-03, 3.13807535e-03,
       3.48675036e-04, 0., 1.04602508e-03, 1.04602508e-03,
       1.04602508e-03, 1.04602508e-03, 6.97350071e-04, 1.39470014e-03,
       6.97350071e-04, 1.74337521e-03, 1.04602508e-03, 3.48675036e-04,
       1.04602508e-03, 3.13807535e-03, 2.09205016e-03, 6.97350071e-04,
       2.09205016e-03, 3.48675036e-04, 1.74337521e-03, 1.04602508e-03,
       2.44072522e-03, 2.09205016e-03, 6.97350071e-04, 0.,
       3.48675036e-04, 1.04602508e-03, 3.48675036e-04, 1.74337521e-03,
       3.48675041e-03, 6.97350071e-04, 2.78940029e-03, 2.09205016e-03,
       1.39470014e-03, 2.09205016e-03, 1.74337521e-03, 0.,
       1.74337521e-03, 3.48675041e-03, 6.97350071e-04, 1.04602508e-03,
       2.09205016e-03, 1.39470014e-03, 1.04602508e-03, 0.,
       6.97350071e-04, 2.09205016e-03, 2.44072522e-03, 3.48675036e-04,
       6.97350071e-04, 6.97350071e-04, 0., 3.48675036e-04, 0.,
       1.39470014e-03, 0., 3.48675036e-04, 1.39470014e-03,
       1.04602508e-03, 6.97350071e-04, 6.97350071e-04, 2.78940029e-03,
       0., 2.09205016e-03, 6.97350071e-04, 6.97350071e-04,
       1.74337521e-03, 2.78940029e-03, 1.04602508e-03, 1.39470014e-03,
       6.97350071e-04, 1.74337521e-03, 6.97350071e-04, 1.04602508e-03,
       1.39470014e-03, 1.74337521e-03, 1.74337521e-03, 1.74337521e-03,
       6.97350071e-04, 1.39470014e-03, 1.04602508e-03, 2.09205016e-03,
       6.97350071e-04, 0., 2.09205016e-03, 0., 1.04602508e-03,
       3.48675036e-04, 3.48675036e-04, 2.78940029e-03, 6.97350071e-04,
       0., 3.48675041e-03, 6.97350071e-04, 1.04602508e-03,
       1.04602508e-03, 0., 2.09205016e-03, 1.04602508e-03,
       1.04602508e-03, 1.74337521e-03, 6.97350071e-04, 6.97350071e-04,
       1.04602508e-03, 4.53277538e-03, 1.04602508e-03, 1.39470014e-03,
       3.48675036e-04, 2.09205016e-03, 2.09205016e-03, 6.97350071e-04,
       0., 6.97350071e-04, 1.74337521e-03, 3.48675036e-04,
       1.74337521e-03, 3.48675036e-04, 1.39470014e-03, 1.39470014e-03,
       1.39470014e-03, 6.97350071e-04, 3.48675036e-04, 1.04602508e-03,
       1.39470014e-03, 3.48675036e-04, 1.04602508e-03, 1.04602508e-03,
       1.39470014e-03, 3.48675036e-04, 1.74337521e-03, 3.48675036e-04,
       2.09205016e-03, 2.09205016e-03, 3.48675036e-04, 1.04602508e-03,
       1.04602508e-03, 3.48675036e-04, 1.39470014e-03, 6.97350071e-04,
       6.97350071e-04, 1.74337521e-03, 6.97350071e-04, 1.39470014e-03,
       1.74337521e-03, 1.39470014e-03, 3.13807535e-03, 1.39470014e-03,
       1.04602508e-03, 2.09205016e-03, 2.09205016e-03, 6.97350071e-04,
       1.04602508e-03, 1.39470014e-03, 2.09205016e-03, 1.04602508e-03,
       1.04602508e-03, 1.04602508e-03, 2.78940029e-03, 1.04602508e-03,
       6.97350071e-04, 6.97350071e-04, 6.97350071e-04, 6.97350071e-04,
       3.48675036e-04, 1.39470014e-03, 1.39470014e-03, 6.97350071e-04,
       2.09205016e-03, 3.48675036e-04, 1.39470014e-03, 1.39470014e-03,
       1.04602508e-03, 6.97350071e-04, 1.39470014e-03, 1.04602508e-03,
       1.04602508e-03, 1.39470014e-03, 1.74337521e-03, 1.39470014e-03,
       1.04602508e-03, 3.48675041e-03, 1.39470014e-03, 0.,
       2.78940029e-03, 6.97350071e-04, 4.18410031e-03, 3.48675036e-04,
       1.39470014e-03, 2.44072522e-03, 1.74337521e-03, 3.48675036e-04,
       2.78940029e-03, 1.04602508e-03, 1.04602508e-03, 6.97350071e-04,
       2.44072522e-03, 1.74337521e-03, 2.09205016e-03, 6.97350071e-04,
       1.39470014e-03, 3.48675041e-03, 1.39470014e-03, 1.74337521e-03,
       1.04602508e-03, 3.48675036e-04, 1.39470014e-03, 2.44072522e-03,
       1.39470014e-03, 0., 1.39470014e-03, 3.48675036e-04,
       3.13807535e-03, 3.48675036e-04, 2.09205016e-03, 6.97350071e-04,
       3.48675036e-04, 1.04602508e-03, 3.48675036e-04, 1.04602508e-03,
       3.13807535e-03, 0., 3.48675036e-04, 1.39470014e-03,
       1.39470014e-03, 1.39470014e-03, 3.48675036e-04, 1.39470014e-03,
       2.44072522e-03, 1.39470014e-03, 1.04602508e-03, 6.97350071e-04,
       1.04602508e-03, 1.04602508e-03, 1.04602508e-03, 0.,
       1.04602508e-03, 2.09205016e-03, 1.04602508e-03, 1.04602508e-03,
       1.04602508e-03, 6.97350071e-04, 6.97350071e-04, 1.04602508e-03,
       1.04602508e-03, 6.97350071e-04, 1.39470014e-03, 3.13807535e-03,
       1.39470014e-03, 2.44072522e-03, 2.09205016e-03, 2.44072522e-03,
       1.39470014e-03, 3.48675036e-04, 1.04602508e-03, 1.04602508e-03,
       1.74337521e-03, 1.04602508e-03, 3.48675036e-04, 1.74337521e-03,
       2.09205016e-03, 3.48675036e-04, 1.74337521e-03, 6.97350071e-04,
