%YAML:1.0
m10f: !!opencv-matrix
   rows: 1
   cols: 800
   dt: f
   data: [ 0., 0., 0., 1.08932459e-03, 1.08932459e-03, 1.08932459e-03,
       2.17864919e-03, 2.06971671e-02, 3.26797366e-03, 3.26797366e-03,
       1.08932459e-03, 4.35729837e-03, 0., 0., 0., 4.35729837e-03, 0.,
       0., 0., 0., 1.08932459e-03, 0., 2.17864919e-03, 1.08932459e-03,
       0., 1.08932459e-03, 1.08932459e-03, 0., 0., 2.17864919e-03, 0.,
       2.17864919e-03, 0., 0., 0., 2.17864919e-03, 0., 0.,
       2.17864919e-03, 3.26797366e-03, 0., 3.26797366e-03, 0., 0.,
       1.08932459e-03, 2.17864919e-03, 0., 1.08932459e-03,
       1.08932459e-03, 1.08932459e-03, 1.08932459e-03, 0., 0.,
       1.08932459e-03, 1.08932459e-03, 4.35729837e-03, 5.44662308e-03,
       0., 1.08932459e-03, 0., 2.17864919e-03, 1.08932459e-03, 0.,
       1.08932459e-03, 2.17864919e-03, 1.08932459e-03, 0.,
       2.17864919e-03, 2.17864919e-03, 0., 1.08932459e-03, 0., 0.,
       1.08932459e-03, 0., 5.44662308e-03, 0., 0., 0., 0.,
       1.08932459e-03, 2.17864919e-03, 0., 1.08932459e-03, 0.,
       3.26797366e-03, 0., 0., 1.08932459e-03, 0., 1.08932459e-03, 0.,
       1.08932459e-03, 1.08932459e-03, 1.08932459e-03, 1.08932459e-03,
       1.08932459e-03, 4.35729837e-03, 2.17864919e-03, 1.08932459e-03,
       1.08932459e-03, 1.08932459e-03, 0., 2.17864919e-03, 0., 0.,
       1.08932459e-03, 1.08932459e-03, 0., 3.26797366e-03, 0.,
       1.08932459e-03, 0., 1.08932459e-03, 1.08932459e-03,
       1.08932459e-03, 1.08932459e-03, 1.08932459e-03, 0.,
       1.08932459e-03, 4.35729837e-03, 1.08932459e-03, 0., 0., 0.,
       3.26797366e-03, 2.17864919e-03, 2.17864919e-03, 0.,
       2.17864919e-03, 0., 2.17864919e-03, 0., 1.08932459e-03, 0., 0.,
       1.08932459e-03, 0., 2.17864919e-03, 1.08932459e-03, 0., 0., 0.,
       2.17864919e-03, 4.35729837e-03, 0., 1.08932459e-03,
       3.26797366e-03, 3.26797366e-03, 0., 0., 5.44662308e-03,
       1.08932459e-03, 1.08932459e-03, 3.26797366e-03, 0., 0.,
       2.17864919e-03, 3.26797366e-03, 0., 0., 2.17864919e-03, 0.,
       4.35729837e-03, 0., 0., 1.08932459e-03, 0., 3.26797366e-03, 0.,
       0., 0., 1.08932459e-03, 1.08932459e-03, 0., 0., 2.17864919e-03,
       3.26797366e-03, 1.08932459e-03, 0., 1.08932459e-03,
       1.08932459e-03, 0., 1.08932459e-03, 0., 0., 0., 2.17864919e-03,
       0., 0., 3.26797366e-03, 1.08932459e-03, 2.17864919e-03, 0.,
       2.17864919e-03, 0., 0., 2.17864919e-03, 0., 1.08932459e-03,
       1.08932459e-03, 0., 1.08932459e-03, 1.08932459e-03, 0.,
       3.26797366e-03, 3.26797366e-03, 1.08932459e-03, 2.17864919e-03,
       0., 0., 1.52505441e-02, 0., 1.08932459e-03, 1.08932459e-03,
       2.17864919e-03, 1.08932459e-03, 0., 2.17864919e-03, 0.,
       1.08932459e-03, 5.44662308e-03, 6.53594732e-03, 5.44662308e-03,
       2.17864919e-03, 0., 0., 0., 1.08932459e-03, 2.17864919e-03,
       2.17864919e-03, 1.08932459e-03, 2.17864919e-03, 2.17864919e-03,
       0., 1.08932459e-03, 1.08932459e-03, 1.08932459e-03, 0.,
       5.44662308e-03, 0., 2.17864919e-03, 2.17864919e-03,
       1.08932459e-03, 4.35729837e-03, 0., 0., 2.17864919e-03, 0.,
       1.08932459e-03, 1.08932459e-03, 0., 0., 0., 3.26797366e-03,
       5.44662308e-03, 2.17864919e-03, 2.17864919e-03, 1.08932459e-03,
       0., 2.17864919e-03, 1.08932459e-03, 1.08932459e-03, 0., 0.,
       1.08932459e-03, 4.35729837e-03, 4.35729837e-03, 0., 0.,
       3.26797366e-03, 0., 0., 0., 0., 0., 0., 2.17864919e-03,
       1.08932459e-03, 0., 1.08932459e-03, 1.08932459e-03, 0.,
       1.08932462e-02, 2.17864919e-03, 2.17864919e-03, 0.,
       1.08932459e-03, 0., 1.08932459e-03, 0., 0., 0., 2.17864919e-03,
       0., 0., 1.08932459e-03, 0., 2.17864919e-03, 4.35729837e-03,
       2.17864919e-03, 3.26797366e-03, 0., 0., 2.17864919e-03,
       1.08932459e-03, 1.08932459e-03, 2.17864919e-03, 0., 0.,
       2.17864919e-03, 1.08932459e-03, 2.17864919e-03, 4.35729837e-03,
       2.17864919e-03, 1.08932459e-03, 0., 0., 2.17864919e-03, 0.,
       1.08932459e-03, 0., 2.17864919e-03, 0., 1.08932459e-03,
       2.17864919e-03, 0., 1.08932459e-03, 2.17864919e-03, 0.,
       4.35729837e-03, 1.08932459e-03, 0., 0., 0., 1.08932459e-03,
       7.62527203e-03, 2.17864919e-03, 2.17864919e-03, 2.17864919e-03,
       1.08932459e-03, 0., 1.08932459e-03, 0., 0., 1.08932459e-03,
       2.17864919e-03, 0., 0., 1.08932459e-03, 1.08932459e-03,
       1.08932459e-03, 0., 1.08932459e-03, 1.08932459e-03, 0., 0.,
       2.17864919e-03, 0., 0., 1.08932459e-03, 0., 2.17864919e-03, 0.,
       0., 0., 0., 1.08932459e-03, 2.17864919e-03, 1.08932459e-03,
       2.17864919e-03, 0., 3.26797366e-03, 1.08932459e-03,
       1.08932459e-03, 1.08932459e-03, 1.08932459e-03, 1.08932459e-03,
       1.08932459e-03, 2.17864919e-03, 0., 2.17864919e-03, 0.,
       1.08932459e-03, 1.08932459e-03, 0., 1.08932459e-03,
       2.17864919e-03, 1.08932459e-03, 1.08932459e-03, 1.08932459e-03,
       1.08932459e-03, 0., 2.17864919e-03, 0., 0., 2.17864919e-03, 0.,
       2.17864919e-03, 3.26797366e-03, 1.08932459e-03, 2.17864919e-03,
       1.08932459e-03, 0., 1.08932459e-03, 3.26797366e-03,
       2.17864919e-03, 2.17864919e-03, 2.17864919e-03, 1.08932459e-03,
       1.08932459e-03, 2.17864919e-03, 0., 0., 0., 0., 2.17864919e-03,
       1.08932459e-03, 1.08932459e-03, 0., 0., 3.26797366e-03, 0.,
       2.17864919e-03, 1.08932459e-03, 3.26797366e-03, 1.08932459e-03,
       1.08932459e-03, 1.08932459e-03, 0., 6.53594732e-03,
       2.17864919e-03, 0., 0., 2.17864919e-03, 1.08932459e-03,
       1.08932459e-03, 0., 0., 0., 0., 0., 3.26797366e-03, 0.,
       2.17864919e-03, 0., 5.44662308e-03, 1.08932459e-03,
       3.26797366e-03, 1.08932459e-03, 1.08932459e-03, 1.08932459e-03,
       3.26797366e-03, 4.35729837e-03, 1.08932459e-03, 1.08932459e-03,
       0., 1.08932459e-03, 2.17864919e-03, 0., 2.17864919e-03,
       1.08932459e-03, 1.08932459e-03, 4.35729837e-03, 0.,
       4.35729837e-03, 0., 4.35729837e-03, 2.17864919e-03, 0.,
       2.17864919e-03, 0., 1.08932459e-03, 1.08932459e-03, 0.,
       1.08932459e-03, 3.26797366e-03, 3.26797366e-03, 1.08932459e-03,
       1.08932459e-03, 0., 0., 1.08932459e-03, 0., 0., 2.17864919e-03,
       0., 3.26797366e-03, 1.08932459e-03, 2.17864919e-03, 0.,
       1.08932459e-03, 1.08932459e-03, 0., 0., 0., 1.08932459e-03,
       1.08932459e-03, 1.08932459e-03, 0., 0., 1.08932459e-03,
       1.08932459e-03, 2.17864919e-03, 0., 0., 0., 3.26797366e-03, 0.,
       4.35729837e-03, 0., 1.08932459e-03, 2.17864919e-03, 0.,
       3.26797366e-03, 0., 1.08932459e-03, 0., 1.08932459e-03, 0., 0.,
       0., 1.08932459e-03, 0., 2.17864919e-03, 3.26797366e-03, 0.,
       1.08932459e-03, 1.08932459e-03, 4.35729837e-03, 2.17864919e-03,
       0., 0., 0., 2.17864919e-03, 0., 2.17864919e-03, 5.44662308e-03,
       0., 0., 1.08932459e-03, 1.08932459e-03, 0., 1.08932459e-03,
       2.17864919e-03, 0., 0., 1.08932459e-03, 4.35729837e-03,
       1.08932459e-03, 1.08932459e-03, 0., 0., 1.08932459e-03,
       3.26797366e-03, 2.17864919e-03, 3.26797366e-03, 0.,
       3.26797366e-03, 1.08932459e-03, 1.08932459e-03, 1.08932459e-03,
       2.17864919e-03, 0., 1.08932459e-03, 1.08932459e-03,
       1.08932459e-03, 0., 0., 1.08932459e-03, 0., 0., 1.08932459e-03,
       0., 0., 0., 3.26797366e-03, 1.08932459e-03, 0., 1.08932459e-03,
       2.17864919e-03, 0., 0., 1.08932459e-03, 1.08932459e-03, 0.,
       2.17864919e-03, 0., 0., 0., 0., 0., 0., 0., 1.08932459e-03, 0.,
       2.17864919e-03, 0., 1.08932459e-03, 0., 0., 1.08932459e-03, 0.,
       2.17864919e-03, 3.26797366e-03, 1.08932459e-03, 3.26797366e-03,
       1.08932459e-03, 1.08932459e-03, 1.08932459e-03, 0.,
       1.08932459e-03, 2.17864919e-03, 0., 1.08932459e-03, 0., 0.,
       1.08932459e-03, 1.08932459e-03, 1.08932459e-03, 1.08932459e-03,
       1.08932459e-03, 6.53594732e-03, 1.08932459e-03, 3.26797366e-03,
       0., 0., 0., 0., 0., 1.08932459e-03, 1.08932459e-03,
       1.08932459e-03, 2.17864919e-03, 3.26797366e-03, 0.,
       1.08932459e-03, 0., 0., 0., 0., 4.35729837e-03, 0.,
