%YAML:1.0
m10f: !!opencv-matrix
   rows: 1
   cols: 800
   dt: f
   data: [ 2.95333739e-04, 2.06733611e-03, 2.95333739e-04,
       2.36266991e-03, 5.90667478e-04, 2.95333751e-03, 1.77200243e-03,
       1.47666875e-03, 1.18133496e-03, 8.86001217e-04, 2.95333739e-04,
       1.18133496e-03, 8.86001217e-04, 8.86001217e-04, 2.95333739e-04,
       1.47666875e-03, 1.18133496e-03, 1.77200243e-03, 2.95333739e-04,
       8.86001217e-04, 2.95333751e-03, 2.06733611e-03, 8.86001217e-04,
       2.95333739e-04, 1.18133496e-03, 2.95333739e-04, 8.86001217e-04,
       0., 2.95333739e-04, 1.18133496e-03, 2.36266991e-03,
       1.77200243e-03, 8.86001217e-04, 2.95333739e-04, 5.02067339e-03,
       5.90667478e-04, 0., 1.77200243e-03, 1.47666875e-03,
       2.95333739e-04, 0., 8.86001217e-04, 5.90667478e-04,
       1.18133496e-03, 1.77200243e-03, 5.90667478e-04, 8.86001217e-04,
       1.47666875e-03, 8.86001217e-04, 2.95333739e-04, 2.95333739e-04,
       8.86001217e-04, 0., 1.47666875e-03, 2.95333739e-04,
       8.86001217e-04, 6.20200858e-03, 1.47666875e-03, 2.36266991e-03,
       2.95333751e-03, 1.77200243e-03, 1.18133496e-03, 1.18133496e-03,
       1.18133496e-03, 1.18133496e-03, 8.86001217e-04, 1.18133496e-03,
       2.95333739e-04, 8.86001217e-04, 5.90667478e-04, 1.47666875e-03,
       8.86001217e-04, 8.86001217e-04, 1.47666875e-03, 1.77200243e-03,
       2.95333751e-03, 1.77200243e-03, 2.95333739e-04, 8.86001217e-04,
       1.47666875e-03, 2.95333739e-04, 2.36266991e-03, 8.86001217e-04,
       8.86001217e-04, 1.18133496e-03, 3.83933866e-03, 1.47666875e-03,
       3.24867107e-03, 2.95333739e-04, 8.86001217e-04, 1.77200243e-03,
       5.90667478e-04, 1.18133496e-03, 1.47666875e-03, 1.77200243e-03,
       5.90667478e-04, 8.86001217e-04, 5.90667478e-04, 1.77200243e-03,
       5.90667478e-04, 8.86001217e-04, 8.86001217e-04, 5.90667478e-04,
       1.77200243e-03, 1.47666875e-03, 5.90667478e-04, 1.77200243e-03,
       1.77200243e-03, 1.18133496e-03, 2.65800371e-03, 8.86001217e-04,
       3.83933866e-03, 3.24867107e-03, 1.77200243e-03, 5.90667478e-04,
       1.18133496e-03, 8.86001217e-04, 1.77200243e-03, 4.43000626e-03,
       5.90667478e-04, 2.06733611e-03, 0., 2.06733611e-03,
       1.18133496e-03, 1.18133496e-03, 8.86001217e-04, 8.86001217e-04,
       1.18133496e-03, 1.18133496e-03, 1.77200243e-03, 8.86001217e-04,
       1.47666875e-03, 5.90667478e-04, 1.47666875e-03, 2.95333739e-04,
       2.06733611e-03, 5.90667478e-04, 1.47666875e-03, 1.77200243e-03,
       1.77200243e-03, 8.86001217e-04, 2.95333739e-04, 3.54400487e-03,
       5.90667478e-04, 1.47666875e-03, 1.47666875e-03, 2.95333739e-04,
       1.18133496e-03, 2.06733611e-03, 2.06733611e-03, 1.47666875e-03,
       1.77200243e-03, 1.47666875e-03, 2.06733611e-03, 2.95333751e-03,
       1.47666875e-03, 6.79267617e-03, 3.24867107e-03, 8.86001217e-04,
       1.18133496e-03, 8.86001217e-04, 1.77200243e-03, 2.36266991e-03,
       8.86001217e-04, 2.36266991e-03, 8.86001217e-04, 1.47666875e-03,
       2.95333739e-04, 2.36266991e-03, 1.77200243e-03, 5.90667478e-04,
       1.47666875e-03, 5.90667478e-04, 2.06733611e-03, 2.95333739e-04,
       2.95333739e-04, 8.86001217e-04, 2.95333739e-04, 1.18133496e-03,
       2.95333739e-04, 2.06733611e-03, 0., 5.90667478e-04,
       2.95333739e-04, 8.86001217e-04, 1.47666875e-03, 1.47666875e-03,
       8.86001217e-04, 5.90667478e-04, 2.95333739e-04, 1.47666875e-03,
       1.18133496e-03, 1.18133496e-03, 2.95333739e-04, 8.86001217e-04,
       2.95333739e-04, 5.90667478e-04, 8.86001217e-04, 5.90667478e-04,
       1.77200243e-03, 8.86001217e-04, 2.95333739e-04, 5.90667478e-04,
       5.90667478e-04, 5.90667478e-04, 8.86001217e-04, 8.86001217e-04,
       8.86001217e-04, 1.18133496e-03, 1.18133496e-03, 2.06733611e-03,
       1.47666875e-03, 3.24867107e-03, 8.86001217e-04, 2.95333739e-04,
       1.18133496e-03, 2.06733611e-03, 5.90667478e-04, 2.06733611e-03,
       1.18133496e-03, 2.36266991e-03, 8.86001217e-04, 2.95333751e-03,
       5.90667478e-04, 5.90667478e-04, 1.18133496e-03, 2.06733611e-03,
       5.90667478e-04, 2.95333751e-03, 1.18133496e-03, 1.18133496e-03,
       1.47666875e-03, 1.18133496e-03, 5.90667478e-04, 1.18133496e-03,
       5.90667478e-04, 1.18133496e-03, 1.47666875e-03, 2.06733611e-03,
       5.90667478e-04, 1.47666875e-03, 2.95333739e-04, 1.18133496e-03,
       8.86001217e-04, 1.47666875e-03, 5.90667478e-04, 3.24867107e-03,
       5.90667478e-04, 8.86001217e-04, 5.90667478e-04, 5.90667478e-04,
       5.90667478e-04, 1.47666875e-03, 1.18133496e-03, 8.86001217e-04,
       1.77200243e-03, 2.95333739e-04, 1.77200243e-03, 8.86001217e-04,
       0., 1.47666875e-03, 5.90667478e-04, 2.95333739e-04,
       3.24867107e-03, 5.90667478e-04, 1.47666875e-03, 1.18133496e-03,
       8.86001217e-04, 0., 8.86001217e-04, 1.18133496e-03,
       8.86001217e-04, 8.86001217e-04, 2.06733611e-03, 1.77200243e-03,
       5.90667478e-04, 2.06733611e-03, 1.47666875e-03, 1.18133496e-03,
       2.95333739e-04, 2.06733611e-03, 1.47666875e-03, 1.47666875e-03,
       1.18133496e-03, 1.18133496e-03, 0., 1.77200243e-03,
       2.95333739e-04, 8.86001217e-04, 2.65800371e-03, 8.86001217e-04,
       2.36266991e-03, 1.18133496e-03, 1.47666875e-03, 3.54400487e-03,
       0., 1.77200243e-03, 2.95333751e-03, 5.90667478e-04,
       2.95333751e-03, 1.18133496e-03, 0., 2.95333739e-04,
       2.95333739e-04, 1.77200243e-03, 3.54400487e-03, 1.77200243e-03,
       1.77200243e-03, 1.18133496e-03, 1.18133496e-03, 5.90667478e-04,
       1.47666875e-03, 8.86001217e-04, 5.90667478e-04, 5.90667478e-04,
       5.90667478e-04, 5.90667478e-04, 8.86001217e-04, 8.86001217e-04,
       5.90667478e-04, 8.86001217e-04, 2.95333739e-04, 1.47666875e-03,
       1.77200243e-03, 5.90667478e-04, 1.47666875e-03, 1.47666875e-03,
       1.47666875e-03, 1.47666875e-03, 2.36266991e-03, 5.90667478e-04,
       5.90667478e-04, 1.77200243e-03, 2.95333739e-04, 1.47666875e-03,
       2.95333739e-04, 5.90667478e-04, 1.18133496e-03, 1.18133496e-03,
       1.18133496e-03, 0., 2.95333739e-04, 1.47666875e-03,
       5.90667478e-04, 5.90667478e-04, 8.86001217e-04, 5.90667478e-04,
       5.90667478e-04, 1.18133496e-03, 8.86001217e-04, 1.77200243e-03,
       1.77200243e-03, 1.47666875e-03, 8.86001217e-04, 1.77200243e-03,
       2.06733611e-03, 1.77200243e-03, 5.90667478e-04, 1.77200243e-03,
       2.95333751e-03, 1.47666875e-03, 1.18133496e-03, 3.24867107e-03,
       1.18133496e-03, 1.77200243e-03, 8.86001217e-04, 2.95333739e-04,
       1.18133496e-03, 3.83933866e-03, 1.77200243e-03, 1.18133496e-03,
       2.95333739e-04, 5.90667478e-04, 8.86001217e-04, 2.95333751e-03,
       2.36266991e-03, 8.86001217e-04, 4.13467223e-03, 3.54400487e-03,
       8.86001217e-04, 2.95333751e-03, 1.18133496e-03, 2.95333739e-04,
       2.06733611e-03, 1.18133496e-03, 1.77200243e-03, 1.18133496e-03,
       1.47666875e-03, 2.06733611e-03, 1.47666875e-03, 2.95333739e-04,
       3.54400487e-03, 2.95333751e-03, 4.43000626e-03, 1.47666875e-03,
       8.86001217e-04, 1.77200243e-03, 2.95333739e-04, 5.90667478e-04,
       1.47666875e-03, 5.90667478e-04, 2.06733611e-03, 2.95333739e-04,
       1.77200243e-03, 1.18133496e-03, 3.83933866e-03, 8.86001217e-04,
       5.90667478e-04, 8.86001217e-04, 1.18133496e-03, 8.86001217e-04,
       5.90667478e-04, 1.18133496e-03, 2.95333739e-04, 1.18133496e-03,
       2.06733611e-03, 1.18133496e-03, 2.95333739e-04, 8.86001217e-04,
       1.77200243e-03, 1.47666875e-03, 5.90667478e-04, 5.90667478e-04,
       1.77200243e-03, 2.95333739e-04, 8.86001217e-04, 1.47666875e-03,
       1.18133496e-03, 5.90667478e-04, 1.47666875e-03, 1.18133496e-03,
       8.86001217e-04, 3.54400487e-03, 5.90667478e-04, 1.18133496e-03,
       1.47666875e-03, 2.06733611e-03, 1.18133496e-03, 5.90667478e-04,
       1.47666875e-03, 1.18133496e-03, 3.54400487e-03, 5.90667478e-04,
       8.86001217e-04, 8.86001217e-04, 1.77200243e-03, 1.47666875e-03,
       8.86001217e-04, 8.86001217e-04, 8.86001217e-04, 1.47666875e-03,
