%YAML:1.0
m10f: !!opencv-matrix
   rows: 1
   cols: 800
   dt: f
   data: [ 4.42673743e-04, 0., 8.85347486e-04, 2.21336866e-03, 0.,
       1.77069497e-03, 4.42673743e-04, 4.86941123e-03, 4.42673743e-04,
       0., 4.42673743e-04, 8.85347486e-04, 0., 4.42673743e-04,
       1.77069497e-03, 8.85347486e-04, 2.21336866e-03, 1.77069497e-03,
       0., 1.32802129e-03, 8.85347486e-04, 0., 4.42673743e-04,
       2.21336866e-03, 0., 8.85347486e-04, 0., 4.42673743e-04,
       1.77069497e-03, 0., 1.32802129e-03, 3.98406386e-03, 0.,
       8.85347486e-04, 1.77069497e-03, 0., 2.65604258e-03,
       3.09871626e-03, 0., 5.75475860e-03, 2.65604258e-03,
       1.32802129e-03, 8.85347486e-04, 8.85347486e-04, 8.85347486e-04,
       1.32802129e-03, 0., 4.42673743e-04, 1.32802129e-03,
       2.21336866e-03, 2.65604258e-03, 3.09871626e-03, 8.85347486e-04,
       1.32802129e-03, 2.21336866e-03, 2.21336866e-03, 1.77069497e-03,
       0., 1.32802129e-03, 8.85347486e-04, 0., 8.85347486e-04,
       2.21336866e-03, 4.42673743e-04, 4.42673743e-04, 8.85347486e-04,
       4.42673743e-04, 1.77069497e-03, 1.77069497e-03, 0.,
       1.32802129e-03, 4.42673743e-04, 4.42673743e-04, 0.,
       4.42673743e-04, 0., 1.32802129e-03, 2.21336866e-03,
       1.19521907e-02, 8.85347486e-04, 1.32802129e-03, 8.85347486e-04,
       1.32802129e-03, 0., 8.85347486e-04, 4.42673743e-04,
       8.85347486e-04, 1.32802129e-03, 1.77069497e-03, 4.42673743e-04,
       0., 8.85347486e-04, 3.09871626e-03, 1.77069497e-03,
       8.85347486e-04, 4.42673743e-04, 0., 1.77069497e-03,
       1.77069497e-03, 2.65604258e-03, 4.42673743e-04, 1.32802129e-03,
       8.85347486e-04, 1.32802129e-03, 0., 1.77069497e-03,
       8.85347486e-04, 1.77069497e-03, 1.77069497e-03, 2.21336866e-03,
       4.42673743e-04, 1.32802129e-03, 2.21336866e-03, 0., 0.,
       2.65604258e-03, 0., 4.42673743e-04, 8.85347486e-04,
       2.21336866e-03, 4.42673732e-03, 4.42673743e-04, 1.77069497e-03,
       4.42673743e-04, 0., 8.85347486e-04, 8.85347486e-04,
       1.32802129e-03, 1.32802129e-03, 2.65604258e-03, 0.,
       3.54138995e-03, 1.77069497e-03, 1.77069497e-03, 4.42673743e-04,
       8.85347486e-04, 8.85347486e-04, 4.42673743e-04, 4.42673743e-04,
       8.85347486e-04, 1.77069497e-03, 3.09871626e-03, 0.,
       2.21336866e-03, 1.77069497e-03, 1.77069497e-03, 3.98406386e-03,
       4.42673743e-04, 2.21336866e-03, 1.32802129e-03, 0.,
       8.85347486e-04, 4.42673743e-04, 0., 3.98406386e-03,
       1.77069497e-03, 4.42673743e-04, 1.77069497e-03, 0.,
       4.42673743e-04, 4.42673743e-04, 4.42673743e-04, 1.32802129e-03,
       1.77069497e-03, 1.77069497e-03, 3.09871626e-03, 1.77069497e-03,
       1.77069497e-03, 0., 4.42673743e-04, 8.85347486e-04,
       2.21336866e-03, 0., 4.42673743e-04, 4.42673743e-04, 0.,
       4.42673743e-04, 0., 1.32802129e-03, 4.42673743e-04,
       1.77069497e-03, 1.32802129e-03, 4.42673743e-04, 1.32802129e-03,
       1.77069497e-03, 2.65604258e-03, 8.85347486e-04, 0.,
       2.21336866e-03, 0., 4.42673732e-03, 0., 8.85347486e-04,
       4.86941123e-03, 4.42673743e-04, 2.65604258e-03, 1.32802129e-03,
       0., 8.85347486e-04, 1.77069497e-03, 1.77069497e-03,
       1.77069497e-03, 1.32802129e-03, 2.21336866e-03, 4.42673743e-04,
       8.85347486e-04, 1.77069497e-03, 4.42673743e-04, 8.85347486e-04,
       8.85347486e-04, 1.32802129e-03, 7.08277989e-03, 8.85347486e-04,
       8.85347486e-04, 2.65604258e-03, 3.09871626e-03, 1.32802129e-03,
       1.32802129e-03, 8.85347486e-04, 8.85347486e-04, 1.32802129e-03,
       0., 9.73882247e-03, 0., 0., 0., 0., 4.42673743e-04,
       2.21336866e-03, 0., 7.96812773e-03, 4.86941123e-03, 0.,
       3.54138995e-03, 4.42673743e-04, 4.42673743e-04, 1.32802129e-03,
       4.42673743e-04, 8.85347486e-04, 1.32802129e-03, 1.77069497e-03,
       8.85347486e-04, 2.21336866e-03, 2.65604258e-03, 8.85347486e-04,
       4.42673743e-04, 8.85347486e-04, 0., 1.77069497e-03,
       4.42673743e-04, 1.32802129e-03, 0., 4.42673732e-03,
       1.32802129e-03, 4.42673743e-04, 8.85347486e-04, 0.,
       4.42673743e-04, 8.85347486e-04, 1.32802129e-03, 3.09871626e-03,
       4.42673743e-04, 2.65604258e-03, 8.85347486e-04, 0.,
       4.42673743e-04, 0., 1.77069497e-03, 1.77069497e-03,
       8.85347486e-04, 4.42673743e-04, 0., 4.42673743e-04,
       4.42673743e-04, 0., 3.54138995e-03, 8.85347486e-04,
       1.32802129e-03, 1.77069497e-03, 1.77069497e-03, 4.42673743e-04,
       0., 2.65604258e-03, 4.42673743e-04, 1.77069497e-03,
       4.42673743e-04, 0., 0., 2.21336866e-03, 1.32802129e-03,
       1.32802129e-03, 0., 1.77069497e-03, 1.32802129e-03,
       4.42673732e-03, 5.31208515e-03, 8.85347486e-04, 4.86941123e-03,
       8.85347486e-04, 0., 4.42673743e-04, 1.77069497e-03,
       1.77069497e-03, 4.42673743e-04, 4.42673743e-04, 4.42673743e-04,
       4.42673743e-04, 8.85347486e-04, 2.21336866e-03, 2.65604258e-03,
       2.21336866e-03, 4.42673743e-04, 1.77069497e-03, 4.42673743e-04,
       1.77069497e-03, 4.42673743e-04, 8.85347486e-04, 8.85347486e-04,
       4.42673743e-04, 1.32802129e-03, 4.42673743e-04, 1.32802129e-03,
       1.32802129e-03, 3.09871626e-03, 0., 0., 1.32802129e-03,
       4.42673743e-04, 1.32802129e-03, 4.42673743e-04, 1.32802129e-03,
       1.32802129e-03, 8.85347486e-04, 1.77069497e-03, 1.77069497e-03,
       4.42673743e-04, 1.32802129e-03, 1.32802129e-03, 4.42673743e-04,
       0., 2.21336866e-03, 0., 3.98406386e-03, 1.32802129e-03,
       1.32802129e-03, 0., 5.31208515e-03, 1.32802129e-03,
       8.85347486e-04, 1.32802129e-03, 0., 1.32802129e-03,
       1.77069497e-03, 2.21336866e-03, 0., 8.85347486e-04,
       1.32802129e-03, 4.42673743e-04, 1.77069497e-03, 8.85347486e-04,
       1.32802129e-03, 4.42673743e-04, 0., 1.77069497e-03,
       3.09871626e-03, 1.32802129e-03, 1.32802129e-03, 1.32802129e-03,
       0., 1.77069497e-03, 4.42673732e-03, 8.85347486e-04,
       1.32802129e-03, 8.85347486e-04, 1.77069497e-03, 4.42673743e-04,
       1.32802129e-03, 0., 1.32802129e-03, 1.32802129e-03,
       4.42673743e-04, 8.85347486e-04, 0., 2.65604258e-03,
       4.42673743e-04, 2.21336866e-03, 8.85347486e-04, 4.42673743e-04,
       8.85347486e-04, 1.32802129e-03, 0., 8.85347486e-04,
       4.42673743e-04, 4.42673743e-04, 1.77069497e-03, 1.77069497e-03,
       1.32802129e-03, 2.65604258e-03, 4.42673743e-04, 2.65604258e-03,
       2.21336866e-03, 3.98406386e-03, 4.42673743e-04, 1.32802129e-03,
       8.85347486e-04, 4.42673743e-04, 4.42673743e-04, 1.32802129e-03,
       8.85347486e-04, 1.32802129e-03, 4.42673743e-04, 4.42673743e-04,
       3.54138995e-03, 0., 1.77069497e-03, 1.32802129e-03, 0.,
       8.85347486e-04, 8.85347486e-04, 4.42673743e-04, 4.42673743e-04,
       2.21336866e-03, 1.32802129e-03, 4.42673743e-04, 1.32802129e-03,
       1.77069497e-03, 4.42673743e-04, 1.32802129e-03, 4.42673743e-04,
       8.85347486e-04, 1.32802129e-03, 4.42673743e-04, 4.42673743e-04,
       8.85347486e-04, 1.32802129e-03, 1.77069497e-03, 0.,
       1.32802129e-03, 0., 0., 4.42673743e-04, 8.85347486e-04, 0.,
       1.32802129e-03, 1.77069497e-03, 0., 4.42673732e-03, 0., 0.,
       4.42673743e-04, 4.42673743e-04, 8.85347486e-04, 1.77069497e-03,
       1.32802129e-03, 4.42673743e-04, 1.77069497e-03, 2.65604258e-03,
       2.21336866e-03, 2.65604258e-03, 0., 1.32802129e-03, 0., 0.,
       4.42673743e-04, 8.85347486e-04, 4.42673743e-04, 8.85347486e-04,
       2.65604258e-03, 3.54138995e-03, 3.09871626e-03, 8.85347486e-04,
       1.32802129e-03, 1.77069497e-03, 3.09871626e-03, 0.,
       2.21336866e-03, 8.85347486e-04, 4.42673743e-04, 8.85347486e-04,
       4.42673743e-04, 8.85347486e-04, 1.77069497e-03, 1.32802129e-03,
       0., 8.85347486e-04, 1.32802129e-03, 2.21336866e-03,
       2.65604258e-03, 0., 3.98406386e-03, 4.42673743e-04,
       1.77069497e-03, 2.21336866e-03, 4.42673743e-04, 4.42673743e-04,
       3.09871626e-03, 1.77069497e-03, 4.42673743e-04, 8.85347486e-04,
       3.09871626e-03, 1.77069497e-03, 1.77069497e-03, 4.42673743e-04,
       1.32802129e-03, 1.77069497e-03, 0., 8.85347486e-04,
