%YAML:1.0
m10f: !!opencv-matrix
   rows: 1
   cols: 800
   dt: f
   data: [ 6.60502003e-04, 4.29326296e-03, 6.60502003e-04,
       2.31175707e-03, 0., 1.32100401e-03, 1.32100401e-03,
       6.60502003e-04, 6.60502003e-04, 6.60502003e-04, 3.30251001e-04,
       3.30251001e-04, 9.90753062e-04, 3.30251001e-04, 3.30251001e-04,
       6.60502003e-04, 3.30251001e-04, 1.32100401e-03, 1.98150612e-03,
       1.65125495e-03, 2.97225895e-03, 1.32100401e-03, 1.32100401e-03,
       2.31175707e-03, 0., 1.98150612e-03, 2.64200801e-03,
       6.60502003e-04, 0., 6.60502003e-04, 6.60502003e-04, 0.,
       1.65125495e-03, 2.64200801e-03, 1.65125495e-03, 3.30251001e-04,
       9.90753062e-04, 1.98150612e-03, 3.63276107e-03, 1.32100401e-03,
       6.60502003e-04, 9.90753062e-04, 6.60502003e-04, 0., 0.,
       6.60502003e-04, 3.30251001e-04, 3.30251001e-04, 1.32100401e-03,
       0., 3.30251001e-04, 0., 1.98150612e-03, 3.30251001e-04,
       9.90753062e-04, 9.90753062e-04, 3.30251001e-04, 0.,
       9.90753062e-04, 1.65125495e-03, 1.65125495e-03, 1.65125495e-03,
       1.65125495e-03, 1.65125495e-03, 3.30251001e-04, 3.63276107e-03,
       4.29326296e-03, 3.30251001e-04, 1.32100401e-03, 6.60502003e-04,
       0., 3.30251001e-04, 3.30251001e-04, 1.65125495e-03,
       6.60502003e-04, 1.65125495e-03, 6.60502003e-04, 2.31175707e-03,
       1.98150612e-03, 1.32100401e-03, 6.60502003e-04, 2.31175707e-03,
       1.32100401e-03, 0., 3.30251001e-04, 6.60502003e-04,
       6.60502003e-04, 3.63276107e-03, 0., 3.30251001e-04,
       1.98150612e-03, 6.60502003e-04, 1.32100401e-03, 1.32100401e-03,
       9.90753062e-04, 6.60502003e-04, 9.90753062e-04, 6.60502003e-04,
       1.32100401e-03, 6.60502003e-04, 6.60502003e-04, 9.90753062e-04,
       9.90753062e-04, 0., 1.65125495e-03, 1.32100401e-03,
       1.65125495e-03, 1.65125495e-03, 9.90753062e-04, 1.65125495e-03,
       1.32100401e-03, 1.65125495e-03, 6.60502003e-04, 1.32100401e-03,
       1.32100401e-03, 3.30251001e-04, 9.90753062e-04, 6.60502003e-04,
       1.65125495e-03, 1.65125495e-03, 6.60502003e-04, 6.60502003e-04,
       9.90753062e-04, 1.32100401e-03, 9.90753062e-04, 6.60502003e-04,
       3.30251001e-04, 1.32100401e-03, 9.90753062e-04, 6.60502003e-04,
       6.60502003e-04, 6.60502003e-04, 3.30251001e-04, 1.65125495e-03,
       3.63276107e-03, 2.64200801e-03, 6.60502003e-04, 6.60502003e-04,
       3.30251001e-04, 3.63276107e-03, 1.32100401e-03, 3.30251001e-04,
       6.60502003e-04, 3.30251001e-04, 1.32100401e-03, 1.32100401e-03,
       6.60502003e-04, 9.90753062e-04, 2.31175707e-03, 3.30251001e-04,
       2.64200801e-03, 1.65125495e-03, 1.98150612e-03, 9.90753062e-04,
       1.98150612e-03, 1.32100401e-03, 2.97225895e-03, 1.65125495e-03,
       9.90753062e-04, 6.60502003e-04, 6.60502003e-04, 2.97225895e-03,
       1.32100401e-03, 3.30251001e-04, 6.60502003e-04, 1.98150612e-03,
       2.97225895e-03, 9.90753062e-04, 3.30251001e-04, 3.30251001e-04,
       6.60502003e-04, 6.60502003e-04, 1.65125495e-03, 1.98150612e-03,
       0., 1.65125495e-03, 6.60502003e-04, 0., 1.98150612e-03,
       9.90753062e-04, 9.90753062e-04, 1.32100401e-03, 6.60502003e-04,
       0., 6.60502003e-04, 1.32100401e-03, 3.30251001e-04,
       9.90753062e-04, 6.60502003e-04, 3.30251001e-04, 1.65125495e-03,
       3.30251001e-04, 3.30251001e-04, 6.60502003e-04, 3.30251001e-04,
       9.90753062e-04, 6.60502003e-04, 1.32100401e-03, 9.90753062e-04,
       6.60502003e-04, 9.90753062e-04, 0., 0., 0., 1.65125495e-03,
       6.60502003e-04, 6.60502003e-04, 1.32100401e-03, 0.,
       3.30251001e-04, 9.90753062e-04, 6.60502003e-04, 3.30250990e-03,
       9.90753062e-04, 6.60502003e-04, 6.60502003e-04, 3.30251001e-04,
       6.60502003e-04, 2.64200801e-03, 3.30251001e-04, 2.64200801e-03,
       3.30251001e-04, 1.32100401e-03, 3.30251001e-04, 9.90753062e-04,
       1.65125495e-03, 1.98150612e-03, 6.60502003e-04, 6.60502003e-04,
       6.60502003e-04, 1.32100401e-03, 1.65125495e-03, 6.60502003e-04,
       1.32100401e-03, 9.90753062e-04, 9.90753062e-04, 1.98150612e-03,
       1.65125495e-03, 6.60502003e-04, 2.31175707e-03, 1.98150612e-03,
       1.32100401e-03, 1.32100401e-03, 2.31175707e-03, 3.30251001e-04,
       1.32100401e-03, 1.32100401e-03, 1.98150612e-03, 6.60502003e-04,
       0., 1.65125495e-03, 3.96301225e-03, 1.65125495e-03,
       1.98150612e-03, 1.32100401e-03, 4.95376484e-03, 6.60502003e-04,
       1.65125495e-03, 3.30251001e-04, 9.90753062e-04, 1.32100401e-03,
       6.60502003e-04, 3.30251001e-04, 0., 1.32100401e-03,
       2.97225895e-03, 1.32100401e-03, 6.60502003e-04, 1.32100401e-03,
       1.32100401e-03, 3.30251001e-04, 6.60502003e-04, 6.60502003e-04,
       1.98150612e-03, 1.98150612e-03, 9.90753062e-04, 3.30251001e-04,
       3.30251001e-04, 6.60502003e-04, 0., 6.60502003e-04,
       1.32100401e-03, 3.30251001e-04, 0., 3.30251001e-04,
       1.98150612e-03, 1.65125495e-03, 1.98150612e-03, 1.32100401e-03,
       2.31175707e-03, 2.64200801e-03, 9.90753062e-04, 9.90753062e-04,
       1.65125495e-03, 3.96301225e-03, 1.65125495e-03, 1.65125495e-03,
       3.30250990e-03, 3.30251001e-04, 1.65125495e-03, 1.65125495e-03,
       0., 9.90753062e-04, 9.90753062e-04, 9.90753062e-04,
       1.98150612e-03, 9.90753062e-04, 0., 2.97225895e-03,
       4.62351413e-03, 1.32100401e-03, 4.29326296e-03, 6.60502003e-04,
       3.30251001e-04, 1.98150612e-03, 3.30251001e-04, 0., 0.,
       9.90753062e-04, 2.64200801e-03, 1.32100401e-03, 1.32100401e-03,
       1.65125495e-03, 9.90753062e-04, 1.98150612e-03, 9.90753062e-04,
       1.32100401e-03, 6.60502003e-04, 2.31175707e-03, 1.65125495e-03,
       9.90753062e-04, 1.65125495e-03, 2.97225895e-03, 2.64200801e-03,
       4.29326296e-03, 6.60502003e-04, 3.30251001e-04, 2.31175707e-03,
       3.30251001e-04, 3.30251001e-04, 3.30251001e-04, 1.98150612e-03,
       1.65125495e-03, 3.30251001e-04, 3.30251001e-04, 1.32100401e-03,
       2.97225895e-03, 3.30251001e-04, 2.31175707e-03, 0.,
       1.32100401e-03, 1.32100401e-03, 1.65125495e-03, 1.98150612e-03,
       1.65125495e-03, 1.65125495e-03, 9.90753062e-04, 1.98150612e-03,
       9.90753062e-04, 6.60502003e-04, 1.32100401e-03, 1.32100401e-03,
       4.62351413e-03, 6.60502003e-04, 3.30251001e-04, 1.98150612e-03,
       6.60502003e-04, 3.30251001e-04, 9.90753062e-04, 4.62351413e-03,
       3.30251001e-04, 6.60502003e-04, 6.60502003e-04, 9.90753062e-04,
       1.32100401e-03, 3.30250990e-03, 3.30251001e-04, 9.90753062e-04,
       1.32100401e-03, 3.30251001e-04, 1.32100401e-03, 1.65125495e-03,
       1.32100401e-03, 1.32100401e-03, 2.97225895e-03, 1.98150612e-03,
       1.65125495e-03, 1.32100401e-03, 1.98150612e-03, 1.32100401e-03,
       9.90753062e-04, 2.31175707e-03, 9.90753062e-04, 2.31175707e-03,
       2.31175707e-03, 1.32100401e-03, 1.65125495e-03, 3.30251001e-04,
       3.30251001e-04, 6.60502003e-04, 6.60502003e-04, 9.90753062e-04,
       6.60502003e-04, 3.30251001e-04, 1.32100401e-03, 2.31175707e-03,
       3.30251001e-04, 9.90753062e-04, 9.90753062e-04, 1.32100401e-03,
       6.60502003e-04, 3.63276107e-03, 1.32100401e-03, 3.30251001e-04,
       1.32100401e-03, 6.60502003e-04, 1.98150612e-03, 1.32100401e-03,
       9.90753062e-04, 4.29326296e-03, 9.90753062e-04, 9.90753062e-04,
       1.32100401e-03, 3.30251001e-04, 3.30251001e-04, 1.65125495e-03,
       6.60502003e-04, 6.60502003e-04, 3.30251001e-04, 7.59577285e-03,
       2.64200801e-03, 0., 1.65125495e-03, 9.90753062e-04,
       6.60502003e-04, 1.32100401e-03, 9.90753062e-04, 1.98150612e-03,
       1.32100401e-03, 3.30251001e-04, 9.90753062e-04, 1.65125495e-03,
       1.65125495e-03, 3.30251001e-04, 6.60502003e-04, 6.60502003e-04,
       6.60502003e-04, 0., 9.90753062e-04, 9.90753062e-04,
       2.97225895e-03, 1.65125495e-03, 1.98150612e-03, 6.60502003e-04,
       1.32100401e-03, 1.32100401e-03, 9.90753062e-04, 4.62351413e-03,
       2.31175707e-03, 9.90753062e-04, 1.65125495e-03, 1.65125495e-03,
       6.60502003e-04, 1.32100401e-03, 6.60502003e-04, 1.32100401e-03,
