%YAML:1.0
m10f: !!opencv-matrix
   rows: 1
   cols: 800
   dt: f
   data: [ 1.12930546e-03, 1.69395818e-03, 1.12930546e-03,
       2.25861091e-03, 1.12930546e-03, 0., 3.95256933e-03,
       1.69395818e-03, 2.25861091e-03, 2.25861091e-03, 0., 0.,
       5.64652728e-04, 5.64652728e-04, 2.25861091e-03, 5.64652728e-04,
       0., 2.25861091e-03, 5.64652728e-04, 1.69395818e-03,
       1.69395818e-03, 0., 0., 0., 2.25861091e-03, 5.64652728e-04,
       5.64652728e-04, 1.12930546e-03, 5.64652728e-04, 0.,
       1.12930546e-03, 5.64652728e-04, 0., 2.25861091e-03, 0.,
       2.25861091e-03, 5.64652728e-04, 2.82326364e-03, 1.69395818e-03,
       5.64652728e-04, 2.25861091e-03, 5.64652728e-04, 5.64652728e-04,
       2.25861091e-03, 2.25861091e-03, 5.64652728e-04, 1.69395818e-03,
       1.69395818e-03, 0., 0., 5.64652728e-04, 0., 5.64652728e-04,
       5.64652728e-04, 5.64652728e-04, 1.69395818e-03, 3.95256933e-03,
       1.12930546e-03, 5.64652728e-04, 5.64652728e-04, 0.,
       5.08187432e-03, 0., 3.38791637e-03, 5.64652728e-04,
       1.69395818e-03, 0., 1.12930546e-03, 0., 5.64652728e-04, 0.,
       1.12930546e-03, 5.64652728e-04, 2.82326364e-03, 0.,
       1.69395818e-03, 0., 1.12930546e-03, 5.64652728e-04,
       1.12930546e-03, 1.69395818e-03, 0., 0., 0., 5.64652728e-04,
       5.64652728e-04, 1.12930546e-03, 5.64652728e-04, 1.69395818e-03,
       5.64652728e-04, 1.12930546e-03, 2.82326364e-03, 0.,
       6.21118024e-03, 1.69395818e-03, 1.69395818e-03, 1.12930546e-03,
       5.64652728e-04, 1.69395818e-03, 0., 5.64652728e-04,
       3.38791637e-03, 5.64652728e-03, 0., 0., 0., 0., 0., 0., 0.,
       1.12930546e-03, 2.25861091e-03, 5.64652728e-04, 2.25861091e-03,
       5.64652728e-03, 1.12930546e-03, 5.64652728e-04, 3.38791637e-03,
       5.64652728e-04, 3.38791637e-03, 5.64652728e-04, 2.25861091e-03,
       1.12930546e-03, 3.38791637e-03, 5.64652728e-04, 5.64652728e-04,
       0., 0., 0., 1.12930546e-03, 0., 5.64652728e-04, 2.82326364e-03,
       0., 0., 1.69395818e-03, 2.25861091e-03, 2.82326364e-03, 0.,
       1.12930546e-03, 5.64652728e-04, 2.25861091e-03, 7.90513866e-03,
       5.64652728e-04, 0., 3.38791637e-03, 1.69395818e-03,
       5.64652728e-04, 5.64652728e-04, 0., 1.69395818e-03, 0., 0.,
       1.12930546e-03, 1.12930546e-03, 0., 5.64652728e-04,
       2.25861091e-03, 5.08187432e-03, 1.12930546e-03, 0.,
       1.12930546e-03, 1.12930546e-03, 1.69395818e-03, 2.25861091e-03,
       2.82326364e-03, 5.64652728e-04, 3.95256933e-03, 1.12930546e-03,
       2.82326364e-03, 1.69395818e-03, 0., 1.69395818e-03,
       2.82326364e-03, 2.25861091e-03, 0., 5.64652728e-04,
       1.69395818e-03, 0., 5.64652728e-04, 5.64652728e-04, 0.,
       5.64652728e-04, 5.64652728e-04, 5.64652728e-04, 1.69395818e-03,
       5.64652728e-04, 0., 0., 4.51722182e-03, 0., 2.25861091e-03,
       5.64652728e-04, 5.64652728e-04, 2.25861091e-03, 1.12930546e-03,
       0., 2.25861091e-03, 5.64652728e-04, 0., 2.82326364e-03,
       2.82326364e-03, 5.64652728e-04, 5.64652728e-04, 1.12930546e-03,
       1.69395818e-03, 0., 2.25861091e-03, 3.95256933e-03,
       1.12930546e-03, 1.69395818e-03, 0., 0., 5.08187432e-03,
       2.25861091e-03, 0., 5.64652728e-04, 0., 5.64652728e-04,
       3.38791637e-03, 1.69395818e-03, 0., 1.69395818e-03,
       1.69395818e-03, 5.64652728e-04, 1.12930546e-03, 1.12930546e-03,
       5.64652728e-04, 3.38791637e-03, 1.12930546e-03, 5.64652728e-04,
       5.64652728e-04, 0., 0., 1.12930546e-03, 1.12930546e-03,
       5.64652728e-04, 5.64652728e-04, 2.25861091e-03, 1.12930546e-03,
       1.69395818e-03, 0., 4.51722182e-03, 0., 5.64652728e-04,
       2.25861091e-03, 6.21118024e-03, 0., 0., 2.25861091e-03,
       4.51722182e-03, 2.25861091e-03, 5.64652728e-04, 3.38791637e-03,
       0., 1.12930546e-03, 0., 5.64652728e-04, 0., 0., 2.25861091e-03,
       1.12930546e-03, 1.12930546e-03, 1.12930546e-03, 1.69395818e-03,
       0., 1.12930546e-03, 1.12930546e-03, 4.51722182e-03,
       2.82326364e-03, 5.64652728e-04, 0., 5.64652728e-04,
       1.12930546e-03, 0., 1.12930546e-03, 1.12930546e-03,
       4.51722182e-03, 5.64652728e-04, 2.25861091e-03, 5.64652728e-04,
       1.12930546e-03, 1.12930546e-03, 3.38791637e-03, 1.12930546e-03,
       1.12930546e-03, 5.64652728e-04, 1.69395818e-03, 5.64652728e-04,
       3.38791637e-03, 5.64652728e-04, 3.95256933e-03, 0.,
       5.64652728e-04, 0., 5.64652728e-04, 0., 0., 3.38791637e-03,
       3.38791637e-03, 1.69395818e-03, 1.69395818e-03, 2.25861091e-03,
       0., 3.38791637e-03, 2.25861091e-03, 2.82326364e-03,
       3.38791637e-03, 0., 2.82326364e-03, 5.64652728e-04,
       5.64652728e-04, 0., 5.64652728e-04, 1.12930546e-03, 0.,
       3.38791637e-03, 5.64652728e-04, 3.38791637e-03, 5.64652728e-04,
       3.38791637e-03, 1.12930546e-03, 1.69395818e-03, 5.08187432e-03,
       0., 5.64652728e-04, 0., 1.12930546e-03, 1.12930546e-03,
       5.64652728e-04, 5.64652728e-04, 0., 1.12930546e-03,
       5.64652728e-04, 0., 0., 2.25861091e-03, 5.64652728e-04,
       2.25861091e-03, 1.12930546e-03, 5.64652728e-04, 0.,
       2.25861091e-03, 5.64652728e-04, 2.25861091e-03, 2.82326364e-03,
       4.51722182e-03, 2.82326364e-03, 2.25861091e-03, 0.,
       5.64652728e-04, 5.64652728e-04, 5.64652728e-04, 2.25861091e-03,
       1.69395818e-03, 5.64652728e-04, 1.12930546e-03, 5.64652728e-04,
       1.12930546e-03, 1.69395818e-03, 5.64652728e-04, 5.64652728e-04,
       1.12930546e-03, 3.38791637e-03, 1.69395818e-03, 0.,
       1.12930546e-03, 3.38791637e-03, 5.64652728e-04, 1.12930546e-03,
       5.64652728e-04, 5.64652728e-04, 1.69395818e-03, 1.69395818e-03,
       0., 0., 1.69395818e-03, 2.25861091e-03, 2.82326364e-03,
       1.12930546e-03, 5.64652728e-04, 5.64652728e-04, 5.64652728e-04,
       0., 5.64652728e-04, 5.64652728e-04, 0., 1.69395818e-03, 0.,
       5.64652728e-04, 0., 0., 2.25861091e-03, 0., 2.25861091e-03,
       3.95256933e-03, 0., 0., 0., 0., 1.69395818e-03, 0., 0.,
       5.64652728e-04, 0., 5.64652728e-04, 2.25861091e-03,
       1.12930546e-03, 1.12930546e-03, 2.25861091e-03, 5.64652728e-04,
       1.69395818e-03, 5.64652728e-04, 5.64652728e-04, 2.25861091e-03,
       5.64652728e-04, 0., 1.69395818e-03, 1.12930546e-03, 0.,
       1.69395818e-03, 1.69395818e-03, 1.69395818e-03, 1.12930546e-03,
       2.82326364e-03, 5.64652728e-04, 1.12930546e-03, 0.,
       5.64652728e-04, 5.64652728e-04, 5.64652728e-04, 1.12930546e-03,
       5.64652728e-04, 0., 0., 1.12930546e-03, 0., 1.12930546e-03,
       2.25861091e-03, 5.64652728e-04, 5.64652728e-04, 1.69395818e-03,
       1.12930546e-03, 0., 1.69395818e-03, 5.64652728e-03,
       5.64652728e-04, 1.69395818e-03, 2.25861091e-03, 1.12930546e-03,
       0., 1.69395818e-03, 1.69395818e-03, 2.25861091e-03, 0., 0.,
       5.64652728e-04, 0., 3.38791637e-03, 2.25861091e-03,
       1.12930546e-03, 2.25861091e-03, 0., 1.12930546e-03,
       5.64652728e-04, 5.64652728e-04, 5.64652728e-04, 5.64652728e-04,
       3.38791637e-03, 1.12930546e-03, 3.95256933e-03, 1.69395818e-03,
       1.69395818e-03, 1.12930546e-03, 1.12930546e-03, 0.,
       5.64652728e-04, 1.12930546e-03, 2.82326364e-03, 1.69395818e-03,
       1.69395818e-03, 5.64652728e-04, 3.38791637e-03, 1.69395818e-03,
       1.12930546e-03, 3.38791637e-03, 5.64652728e-04, 0., 0., 0.,
       1.69395818e-03, 2.25861091e-03, 0., 2.82326364e-03, 0., 0.,
       2.82326364e-03, 1.12930546e-03, 3.95256933e-03, 0.,
       3.95256933e-03, 0., 5.64652728e-04, 3.95256933e-03,
       5.64652728e-04, 2.82326364e-03, 1.12930546e-03, 0.,
       1.69395818e-03, 5.64652728e-04, 5.64652728e-04, 5.64652728e-04,
       5.64652728e-04, 5.64652728e-04, 5.64652728e-04, 2.25861091e-03,
       1.12930546e-03, 0., 1.69395818e-03, 3.95256933e-03,
       1.69395818e-03, 1.69395818e-03, 1.12930546e-03, 0.,
       5.64652728e-04, 1.69395818e-03, 3.38791637e-03, 2.25861091e-03,
       1.12930546e-03, 2.25861091e-03, 1.12930546e-03, 2.25861091e-03,
       0., 0., 1.12930546e-03, 1.12930546e-03, 2.25861091e-03,
       5.64652728e-04, 5.64652728e-04, 0., 2.25861091e-03,
