%YAML:1.0
m10f: !!opencv-matrix
   rows: 1
   cols: 800
   dt: f
   data: [ 0., 2.63157906e-03, 0., 2.63157906e-03, 2.63157906e-03,
       2.63157906e-03, 0., 1.57894753e-02, 0., 2.63157906e-03,
       5.26315812e-03, 2.63157906e-03, 2.63157906e-03, 0., 0.,
       5.26315812e-03, 0., 0., 0., 0., 0., 2.63157906e-03,
       5.26315812e-03, 0., 2.63157906e-03, 2.63157906e-03, 0., 0., 0.,
       0., 2.63157906e-03, 2.63157906e-03, 0., 0., 0., 0., 0., 0., 0.,
       2.63157906e-03, 0., 0., 0., 2.63157906e-03, 0., 5.26315812e-03,
       2.63157906e-03, 0., 5.26315812e-03, 2.63157906e-03, 0.,
       2.63157906e-03, 2.63157906e-03, 0., 0., 7.89473765e-03, 0., 0.,
       2.63157906e-03, 0., 2.63157906e-03, 2.63157906e-03, 0., 0.,
       2.63157906e-03, 5.26315812e-03, 5.26315812e-03, 0.,
       5.26315812e-03, 0., 0., 0., 5.26315812e-03, 0., 0., 0., 0., 0.,
       0., 0., 2.63157906e-03, 0., 0., 0., 2.63157906e-03,
       2.63157906e-03, 0., 0., 2.63157906e-03, 0., 0., 0., 0., 0., 0.,
       2.63157906e-03, 0., 2.63157906e-03, 7.89473765e-03, 0.,
       2.63157906e-03, 0., 0., 0., 0., 0., 0., 0., 0., 0.,
       2.63157906e-03, 0., 0., 0., 2.63157906e-03, 0., 0.,
       2.63157906e-03, 0., 0., 2.63157906e-03, 0., 0., 0., 0., 0.,
       2.63157906e-03, 0., 0., 2.63157906e-03, 7.89473765e-03,
       5.26315812e-03, 0., 2.63157906e-03, 2.63157906e-03,
       2.63157906e-03, 0., 0., 0., 0., 0., 0., 2.63157906e-03,
       2.63157906e-03, 2.63157906e-03, 2.63157906e-03, 0.,
       5.26315812e-03, 2.63157906e-03, 0., 0., 2.63157906e-03, 0.,
       5.26315812e-03, 0., 2.63157906e-03, 0., 5.26315812e-03,
       2.63157906e-03, 0., 0., 2.63157906e-03, 0., 0., 0.,
       2.63157906e-03, 2.63157906e-03, 0., 0., 2.63157906e-03, 0., 0.,
       5.26315812e-03, 2.63157906e-03, 0., 2.63157906e-03,
       2.63157906e-03, 7.89473765e-03, 0., 2.63157906e-03, 0., 0., 0.,
       2.63157906e-03, 0., 5.26315812e-03, 0., 0., 2.63157906e-03, 0.,
       0., 0., 0., 0., 0., 0., 0., 0., 0., 0., 0., 0., 0., 0.,
       2.63157906e-03, 0., 0., 2.63157906e-03, 0., 0., 0., 0., 0., 0.,
       2.63157906e-03, 0., 0., 0., 5.26315812e-03, 0., 0.,
       1.05263162e-02, 0., 7.89473765e-03, 2.63157906e-03, 0., 0., 0.,
       0., 2.63157906e-03, 0., 0., 0., 0., 0., 0., 0., 5.26315812e-03,
       0., 0., 0., 0., 0., 0., 0., 0., 0., 2.63157906e-03, 0.,
       2.63157906e-03, 0., 2.63157906e-03, 2.63157906e-03,
       7.89473765e-03, 5.26315812e-03, 0., 2.63157906e-03, 0., 0.,
       2.63157906e-03, 0., 0., 0., 2.63157906e-03, 0., 0., 0.,
       7.89473765e-03, 0., 0., 0., 0., 0., 2.63157906e-03,
       5.26315812e-03, 2.63157906e-03, 0., 0., 0., 0., 0., 0.,
       2.63157906e-03, 2.63157906e-03, 0., 0., 0., 0., 0.,
       2.63157906e-03, 0., 0., 0., 0., 0., 0., 7.89473765e-03, 0., 0.,
       2.63157906e-03, 2.63157906e-03, 0., 0., 0., 0., 0.,
       2.63157906e-03, 0., 5.26315812e-03, 0., 1.84210539e-02,
       5.26315812e-03, 0., 2.63157906e-03, 5.26315812e-03, 0., 0., 0.,
       5.26315812e-03, 0., 0., 2.63157906e-03, 0., 0., 2.63157906e-03,
       0., 0., 0., 0., 0., 5.26315812e-03, 0., 0., 0., 0.,
       2.63157906e-03, 2.63157906e-03, 0., 0., 2.63157906e-03,
       2.63157906e-03, 2.63157906e-03, 0., 5.26315812e-03, 0., 0., 0.,
       0., 0., 0., 0., 0., 0., 0., 0., 0., 0., 0., 0., 5.26315812e-03,
       0., 2.63157906e-03, 2.63157906e-03, 0., 0., 0., 0.,
       2.63157906e-03, 0., 0., 5.26315812e-03, 2.63157906e-03,
       5.26315812e-03, 0., 0., 0., 2.63157906e-03, 5.26315812e-03,
       2.63157906e-03, 5.26315812e-03, 0., 0., 1.31578948e-02, 0.,
       2.63157906e-03, 5.26315812e-03, 2.63157906e-03, 5.26315812e-03,
       0., 5.26315812e-03, 0., 2.63157906e-03, 2.63157906e-03,
       2.63157906e-03, 2.63157906e-03, 0., 0., 0., 1.05263162e-02,
       2.63157906e-03, 0., 0., 5.26315812e-03, 0., 0., 7.89473765e-03,
       2.63157906e-03, 2.63157906e-03, 2.63157906e-03, 0.,
       2.63157906e-03, 0., 0., 2.63157906e-03, 0., 0., 0., 0.,
       2.63157906e-03, 0., 0., 0., 2.63157906e-03, 0., 0.,
       2.63157906e-03, 0., 0., 0., 0., 5.26315812e-03, 0., 0., 0., 0.,
       5.26315812e-03, 0., 0., 0., 0., 2.63157906e-03, 0., 0., 0., 0.,
       2.63157906e-03, 0., 2.63157906e-03, 0., 0., 0., 0.,
       7.89473765e-03, 0., 0., 0., 0., 0., 5.26315812e-03, 0., 0.,
       2.63157906e-03, 0., 2.63157906e-03, 2.63157906e-03,
       5.26315812e-03, 0., 0., 0., 0., 0., 0., 0., 0., 0., 0., 0.,
       2.63157906e-03, 0., 7.89473765e-03, 0., 2.63157906e-03, 0., 0.,
       0., 0., 2.63157906e-03, 0., 0., 0., 0., 0., 0., 0.,
       2.63157906e-03, 0., 2.63157906e-03, 2.63157906e-03, 0.,
       2.63157906e-03, 0., 0., 0., 0., 0., 0., 0., 2.63157906e-03, 0.,
       2.63157906e-03, 0., 7.89473765e-03, 2.63157906e-03, 0., 0.,
       5.26315812e-03, 0., 5.26315812e-03, 5.26315812e-03, 0., 0., 0.,
       0., 0., 2.63157906e-03, 0., 0., 2.63157906e-03, 0.,
       5.26315812e-03, 0., 2.63157906e-03, 0., 0., 0., 0.,
       2.63157906e-03, 0., 0., 0., 0., 2.63157906e-03, 0., 0.,
       2.63157906e-03, 0., 0., 0., 0., 0., 0., 0., 0., 2.63157906e-03,
       0., 2.63157906e-03, 2.63157906e-03, 0., 5.26315812e-03, 0., 0.,
       0., 0., 0., 0., 0., 2.63157906e-03, 0., 0., 0., 0., 0., 0., 0.,
       0., 0., 0., 0., 2.63157906e-03, 0., 0., 2.63157906e-03, 0.,
       2.63157906e-03, 7.89473765e-03, 0., 0., 0., 0., 0., 0., 0., 0.,
       0., 0., 5.26315812e-03, 2.63157906e-03, 0., 0., 0.,
       2.63157906e-03, 0., 2.63157906e-03, 2.63157906e-03, 0., 0., 0.,
       0., 0., 0., 2.63157906e-03, 1.05263162e-02, 0., 0.,
       2.63157906e-03, 2.63157906e-03, 0., 2.63157906e-03, 0., 0., 0.,
       0., 5.26315812e-03, 2.63157906e-03, 0., 5.26315812e-03, 0., 0.,
       0., 0., 0., 2.63157906e-03, 0., 2.63157906e-03, 0., 0., 0., 0.,
       0., 0., 0., 5.26315812e-03, 0., 0., 0., 0., 2.63157906e-03, 0.,
       2.63157906e-03, 2.63157906e-03, 2.63157906e-03, 0., 0., 0., 0.,
       5.26315812e-03, 0., 0., 2.63157906e-03, 0., 0., 0., 0.,
       2.63157906e-03, 0., 2.89473701e-02, 5.26315812e-03, 0.,
       2.63157906e-03, 0., 0., 0., 0., 0., 0., 0., 0., 0., 0., 0., 0.,
       2.63157906e-03, 5.26315812e-03, 0., 0., 0., 0., 5.26315812e-03,
       0., 0., 0., 0., 0., 0., 0., 0., 0., 0., 2.63157906e-03, 0., 0.,
       0., 0., 0., 0., 0., 0., 0., 0., 5.26315812e-03, 2.63157906e-03,
       2.63157906e-03, 0., 2.63157906e-03, 5.26315812e-03, 0., 0.,
       2.63157906e-03, 2.63157906e-03, 2.63157906e-03, 2.63157906e-03,
       0., 2.63157906e-03, 0., 0., 7.89473765e-03, 0., 0., 0.,
       2.63157906e-03, 0., 0., 0., 0., 5.26315812e-03, 0., 0., 0., 0.,
       2.63157906e-03, 2.63157906e-03, 2.63157906e-03, 0.,
       7.89473765e-03, 5.26315812e-03, 2.63157906e-03, 0., 0., 0., 0.,
       2.63157906e-03, 0., 0., 0., 0., 0., 0., 2.63157906e-03, 0., 0.,
       0., 0., 0., 7.89473765e-03, 2.63157906e-03, 0., 0.,
       5.26315812e-03, 0., 0., 0., 0., 0., 0., 0., 0., 2.63157906e-03,
       0., 0., 0., 0., 0., 2.63157906e-03, 0., 0., 0., 2.63157906e-03,
       0., 0., 0., 0., 0., 2.63157906e-03, 2.63157906e-03,
       2.63157906e-03, 0., 5.26315812e-03, 2.63157906e-03, 0., 0. ]
