%YAML:1.0
m10f: !!opencv-matrix
   rows: 1
   cols: 800
   dt: f
   data: [ 6.39999984e-04, 9.59999976e-04, 3.19999992e-04,
       1.91999995e-03, 3.19999992e-04, 1.91999995e-03, 6.39999984e-04,
       6.39999984e-04, 1.59999996e-03, 9.59999976e-04, 0.,
       9.59999976e-04, 2.88000004e-03, 1.91999995e-03, 1.27999997e-03,
       1.27999997e-03, 1.27999997e-03, 6.39999984e-04, 3.19999992e-04,
       1.91999995e-03, 2.23999983e-03, 1.91999995e-03, 2.55999994e-03,
       1.59999996e-03, 3.19999992e-04, 9.59999976e-04, 1.27999997e-03,
       0., 9.59999976e-04, 1.27999997e-03, 1.27999997e-03,
       2.23999983e-03, 1.27999997e-03, 1.27999997e-03, 1.91999995e-03,
       6.39999984e-04, 2.23999983e-03, 1.59999996e-03, 1.27999997e-03,
       1.59999996e-03, 6.39999984e-04, 3.19999992e-04, 9.59999976e-04,
       1.91999995e-03, 3.19999992e-04, 1.27999997e-03, 1.59999996e-03,
       1.27999997e-03, 6.39999984e-04, 3.19999992e-03, 9.59999976e-04,
       6.39999984e-04, 9.59999976e-04, 1.59999996e-03, 6.39999984e-04,
       1.27999997e-03, 1.91999995e-03, 2.88000004e-03, 3.19999992e-04,
       9.59999976e-04, 2.23999983e-03, 1.91999995e-03, 6.39999984e-04,
       6.39999984e-04, 1.59999996e-03, 9.59999976e-04, 2.23999983e-03,
       2.23999983e-03, 1.91999995e-03, 1.59999996e-03, 3.19999992e-03,
       9.59999976e-04, 9.59999976e-04, 6.39999984e-04, 4.16000001e-03,
       6.39999984e-04, 2.88000004e-03, 1.59999996e-03, 6.39999984e-04,
       9.59999976e-04, 1.59999996e-03, 6.39999984e-04, 1.91999995e-03,
       3.19999992e-04, 1.59999996e-03, 9.59999976e-04, 9.59999976e-04,
       5.11999987e-03, 6.39999984e-04, 1.27999997e-03, 0., 0.,
       1.91999995e-03, 1.59999996e-03, 2.55999994e-03, 2.23999983e-03,
       2.23999983e-03, 9.59999976e-04, 9.59999976e-04, 9.59999976e-04,
       3.19999992e-04, 1.27999997e-03, 3.19999992e-04, 6.39999984e-04,
       2.23999983e-03, 9.59999976e-04, 1.27999997e-03, 2.55999994e-03,
       1.59999996e-03, 3.19999992e-04, 3.19999992e-04, 1.27999997e-03,
       2.23999983e-03, 1.27999997e-03, 6.39999984e-04, 1.91999995e-03,
       3.19999992e-04, 6.39999984e-04, 1.59999996e-03, 3.51999979e-03,
       0., 6.39999984e-04, 6.39999984e-04, 6.39999984e-04,
       9.59999976e-04, 9.59999976e-04, 6.39999984e-04, 2.23999983e-03,
       9.59999976e-04, 9.59999976e-04, 2.23999983e-03, 9.59999976e-04,
       1.27999997e-03, 1.91999995e-03, 1.59999996e-03, 9.59999976e-04,
       9.59999976e-04, 9.59999976e-04, 1.59999996e-03, 6.39999984e-04,
       6.39999984e-04, 1.27999997e-03, 3.19999992e-04, 2.23999983e-03,
       3.19999992e-04, 2.23999983e-03, 1.91999995e-03, 1.59999996e-03,
       1.59999996e-03, 9.59999976e-04, 1.27999997e-03, 3.51999979e-03,
       1.59999996e-03, 6.39999984e-04, 3.19999992e-04, 1.59999996e-03,
       9.59999976e-04, 2.55999994e-03, 1.27999997e-03, 9.59999976e-04,
       6.39999984e-04, 1.27999997e-03, 6.39999984e-04, 9.59999976e-04,
       6.39999984e-04, 1.91999995e-03, 6.39999984e-04, 3.19999992e-04,
       1.27999997e-03, 9.59999976e-04, 1.27999997e-03, 1.59999996e-03,
       1.91999995e-03, 9.59999976e-04, 3.19999992e-04, 2.23999983e-03,
       0., 6.39999984e-04, 9.59999976e-04, 1.27999997e-03,
       1.27999997e-03, 2.55999994e-03, 2.88000004e-03, 9.59999976e-04,
       9.59999976e-04, 1.59999996e-03, 9.59999976e-04, 1.27999997e-03,
       9.59999976e-04, 0., 2.55999994e-03, 9.59999976e-04,
       1.27999997e-03, 2.23999983e-03, 3.19999992e-04, 9.59999976e-04,
       9.59999976e-04, 1.27999997e-03, 1.27999997e-03, 1.27999997e-03,
       2.88000004e-03, 6.39999984e-04, 1.91999995e-03, 9.59999976e-04,
       1.59999996e-03, 2.23999983e-03, 1.27999997e-03, 1.27999997e-03,
       9.59999976e-04, 0., 3.19999992e-04, 6.39999984e-04,
       3.19999992e-04, 6.39999984e-04, 1.27999997e-03, 1.27999997e-03,
       6.39999984e-04, 1.91999995e-03, 1.27999997e-03, 1.91999995e-03,
       2.23999983e-03, 6.39999984e-04, 3.19999992e-04, 6.39999984e-04,
       1.27999997e-03, 1.27999997e-03, 2.88000004e-03, 3.19999992e-03,
       3.19999992e-04, 3.19999992e-04, 1.27999997e-03, 2.23999983e-03,
       3.19999992e-04, 2.23999983e-03, 1.27999997e-03, 9.59999976e-04,
       1.27999997e-03, 9.59999976e-04, 9.59999976e-04, 1.91999995e-03,
       1.91999995e-03, 1.27999997e-03, 9.59999976e-04, 3.19999992e-04,
       1.27999997e-03, 9.59999976e-04, 4.79999976e-03, 1.91999995e-03,
       3.19999992e-04, 9.59999976e-04, 1.27999997e-03, 1.91999995e-03,
       2.88000004e-03, 1.59999996e-03, 3.19999992e-04, 1.91999995e-03,
       6.39999984e-04, 1.27999997e-03, 6.39999984e-04, 2.55999994e-03,
       3.19999992e-04, 6.39999984e-04, 6.39999984e-04, 3.19999992e-04,
       2.23999983e-03, 6.39999984e-04, 9.59999976e-04, 6.39999984e-04,
       3.19999992e-04, 1.27999997e-03, 1.27999997e-03, 9.59999976e-04,
       3.19999992e-04, 1.27999997e-03, 9.59999976e-04, 9.59999976e-04,
       1.91999995e-03, 3.19999992e-03, 6.39999984e-04, 6.39999984e-04,
       1.91999995e-03, 2.55999994e-03, 9.59999976e-04, 3.19999992e-04,
       9.59999976e-04, 1.91999995e-03, 9.59999976e-04, 6.39999984e-04,
       3.19999992e-04, 1.27999997e-03, 9.59999976e-04, 1.27999997e-03,
       9.59999976e-04, 9.59999976e-04, 3.19999992e-04, 1.27999997e-03,
       9.59999976e-04, 1.59999996e-03, 0., 3.19999992e-03,
       9.59999976e-04, 3.19999992e-04, 9.59999976e-04, 6.39999984e-04,
       9.59999976e-04, 9.59999976e-04, 9.59999976e-04, 6.39999984e-04,
       9.59999976e-04, 3.83999990e-03, 1.27999997e-03, 1.27999997e-03,
       1.27999997e-03, 2.55999994e-03, 1.27999997e-03, 9.59999976e-04,
       6.39999984e-04, 6.39999984e-04, 2.55999994e-03, 9.59999976e-04,
       3.19999992e-04, 2.23999983e-03, 9.59999976e-04, 1.59999996e-03,
       3.19999992e-04, 1.59999996e-03, 6.39999984e-04, 1.91999995e-03,
       9.59999976e-04, 6.39999984e-04, 1.27999997e-03, 9.59999976e-04,
       2.88000004e-03, 1.59999996e-03, 6.39999984e-04, 1.59999996e-03,
       2.23999983e-03, 1.59999996e-03, 9.59999976e-04, 6.39999984e-04,
       3.19999992e-04, 1.27999997e-03, 2.23999983e-03, 6.39999984e-04,
       1.27999997e-03, 1.91999995e-03, 1.27999997e-03, 6.39999984e-04,
       1.27999997e-03, 1.59999996e-03, 2.23999983e-03, 3.19999992e-04,
       1.91999995e-03, 1.59999996e-03, 1.91999995e-03, 6.39999984e-04,
       9.59999976e-04, 3.19999992e-04, 2.23999983e-03, 1.27999997e-03,
       2.55999994e-03, 9.59999976e-04, 1.91999995e-03, 1.59999996e-03,
       1.59999996e-03, 1.59999996e-03, 9.59999976e-04, 6.39999984e-04,
       6.39999984e-04, 1.59999996e-03, 2.23999983e-03, 2.55999994e-03,
       2.55999994e-03, 1.59999996e-03, 3.19999992e-04, 1.59999996e-03,
       6.39999984e-04, 2.23999983e-03, 2.23999983e-03, 1.27999997e-03,
       1.27999997e-03, 6.39999984e-04, 1.27999997e-03, 1.59999996e-03,
       6.39999984e-04, 2.23999983e-03, 2.55999994e-03, 0.,
       1.27999997e-03, 6.39999984e-04, 0., 2.55999994e-03,
       9.59999976e-04, 6.39999984e-04, 6.39999984e-04, 9.59999976e-04,
       1.59999996e-03, 0., 3.19999992e-03, 6.39999984e-04,
       9.59999976e-04, 9.59999976e-04, 2.23999983e-03, 6.39999984e-04,
       3.19999992e-04, 1.91999995e-03, 1.91999995e-03, 2.23999983e-03,
       1.27999997e-03, 3.19999992e-04, 1.27999997e-03, 3.19999992e-03,
       9.59999976e-04, 6.39999984e-04, 1.91999995e-03, 2.88000004e-03,
       3.19999992e-03, 0., 9.59999976e-04, 9.59999976e-04,
       6.39999984e-04, 3.19999992e-04, 2.55999994e-03, 1.27999997e-03,
       3.19999992e-03, 3.19999992e-04, 6.39999984e-04, 1.91999995e-03,
       3.19999992e-04, 3.83999990e-03, 9.59999976e-04, 1.59999996e-03,
       1.91999995e-03, 3.19999992e-04, 9.59999976e-04, 1.91999995e-03,
       6.39999984e-04, 3.19999992e-04, 1.59999996e-03, 3.19999992e-04,
       6.39999984e-04, 9.59999976e-04, 9.59999976e-04, 2.23999983e-03,
       0., 9.59999976e-04, 3.19999992e-03, 2.23999983e-03,
       1.27999997e-03, 0., 9.59999976e-04, 6.39999984e-04,
       3.19999992e-04, 6.39999984e-04, 1.91999995e-03, 9.59999976e-04,
