%YAML:1.0
m10f: !!opencv-matrix
   rows: 1
   cols: 800
   dt: f
   data: [ 0., 1.98216061e-03, 0., 0., 1.98216061e-03, 4.95540164e-03,
       1.98216061e-03, 9.91080306e-04, 0., 1.98216061e-03,
       9.91080306e-04, 1.98216061e-03, 0., 0., 0., 4.95540164e-03, 0.,
       9.91080306e-04, 9.91080306e-04, 9.91080306e-04, 0.,
       1.98216061e-03, 9.91080306e-04, 9.91080306e-04, 9.91080306e-04,
       9.91080306e-04, 2.97324080e-03, 0., 9.91080306e-04, 0.,
       2.97324080e-03, 1.98216061e-03, 9.91080306e-04, 0.,
       9.91080306e-04, 0., 1.98216061e-03, 0., 7.92864244e-03,
       9.91080306e-04, 0., 0., 1.98216061e-03, 7.92864244e-03, 0., 0.,
       1.98216061e-03, 1.98216061e-03, 9.91080306e-04, 0.,
       1.98216061e-03, 0., 9.91080306e-04, 9.91080306e-04, 0.,
       2.97324080e-03, 9.91080306e-04, 3.96432122e-03, 9.91080306e-04,
       1.98216061e-03, 0., 1.98216061e-03, 9.91080306e-04,
       9.91080306e-04, 0., 2.97324080e-03, 9.91080306e-04,
       3.96432122e-03, 9.91080306e-04, 4.95540164e-03, 9.91080329e-03,
       9.91080306e-04, 1.98216061e-03, 2.97324080e-03, 9.91080306e-04,
       0., 1.98216061e-03, 3.96432122e-03, 9.91080306e-04, 0.,
       9.91080306e-04, 0., 1.98216061e-03, 0., 0., 9.91080306e-04, 0.,
       9.91080306e-04, 9.91080306e-04, 0., 0., 0., 0., 0.,
       1.98216061e-03, 0., 9.91080306e-04, 2.97324080e-03, 0.,
       9.91080306e-04, 1.98216061e-03, 2.97324080e-03, 0.,
       9.91080306e-04, 9.91080306e-04, 0., 9.91080306e-04,
       1.98216061e-03, 9.91080306e-04, 9.91080306e-04, 2.97324080e-03,
       0., 0., 3.96432122e-03, 0., 1.98216061e-03, 3.96432122e-03,
       9.91080306e-04, 0., 1.98216061e-03, 0., 0., 9.91080306e-04,
       9.91080306e-04, 2.97324080e-03, 0., 1.98216061e-03,
       2.97324080e-03, 1.98216061e-03, 5.94648160e-03, 2.97324080e-03,
       3.96432122e-03, 2.97324080e-03, 0., 0., 0., 0., 9.91080306e-04,
       9.91080306e-04, 0., 0., 1.98216061e-03, 0., 0., 2.97324080e-03,
       0., 9.91080306e-04, 9.91080306e-04, 9.91080306e-04,
       1.98216061e-03, 0., 1.98216061e-03, 2.97324080e-03,
       9.91080306e-04, 9.91080306e-04, 0., 0., 1.98216061e-03,
       1.98216061e-03, 4.95540164e-03, 2.97324080e-03, 0., 0., 0.,
       9.91080306e-04, 0., 0., 3.96432122e-03, 0., 9.91080306e-04,
       9.91080306e-04, 9.91080306e-04, 9.91080306e-04, 4.95540164e-03,
       0., 0., 0., 1.98216061e-03, 0., 3.96432122e-03, 9.91080306e-04,
       9.91080306e-04, 0., 9.91080306e-04, 0., 2.97324080e-03, 0.,
       1.98216061e-03, 0., 9.91080306e-04, 0., 0., 0., 0., 0.,
       9.91080306e-04, 0., 1.98216061e-03, 1.98216061e-03,
       5.94648160e-03, 0., 0., 0., 0., 0., 0., 1.98216061e-03, 0.,
       1.98216061e-03, 9.91080306e-04, 1.98216061e-03, 0., 0., 0., 0.,
       0., 5.94648160e-03, 0., 0., 0., 0., 1.98216061e-03, 0.,
       9.91080306e-04, 2.97324080e-03, 1.98216061e-03, 9.91080306e-04,
       9.91080306e-04, 9.91080306e-04, 9.91080306e-04, 0., 0., 0., 0.,
       2.97324080e-03, 9.91080306e-04, 9.91080306e-04, 1.98216061e-03,
       0., 0., 0., 0., 0., 9.91080306e-04, 9.91080306e-04,
       9.91080306e-04, 6.93756202e-03, 0., 0., 1.98216061e-03, 0.,
       1.98216061e-03, 9.91080306e-04, 1.98216061e-03, 0.,
       2.97324080e-03, 0., 1.98216061e-03, 0., 9.91080306e-04, 0.,
       9.91080306e-04, 0., 0., 0., 9.91080306e-04, 9.91080306e-04, 0.,
       9.91080306e-04, 0., 9.91080306e-04, 0., 0., 2.97324080e-03,
       2.97324080e-03, 0., 0., 0., 0., 9.91080306e-04, 1.98216061e-03,
       9.91080306e-04, 0., 0., 9.91080306e-04, 6.93756202e-03,
       9.91080306e-04, 0., 0., 0., 1.98216061e-03, 1.98216061e-03,
       3.96432122e-03, 1.98216061e-03, 1.98216061e-03, 4.95540164e-03,
       1.98216061e-03, 0., 0., 9.91080306e-04, 4.95540164e-03,
       1.98216061e-03, 2.97324080e-03, 0., 0., 0., 2.97324080e-03,
       1.98216061e-03, 1.98216061e-03, 4.95540164e-03, 1.88305266e-02,
       0., 9.91080306e-04, 1.98216061e-03, 0., 0., 9.91080306e-04, 0.,
       0., 0., 0., 9.91080306e-04, 0., 9.91080306e-04, 1.98216061e-03,
       9.91080306e-04, 0., 0., 1.98216061e-03, 1.98216061e-03, 0., 0.,
       9.91080306e-04, 9.91080306e-04, 9.91080306e-04, 4.95540164e-03,
       9.91080306e-04, 3.96432122e-03, 1.98216061e-03, 9.91080306e-04,
       9.91080306e-04, 9.91080306e-04, 9.91080306e-04, 0.,
       9.91080306e-04, 0., 9.91080306e-04, 0., 2.97324080e-03,
       2.97324080e-03, 0., 9.91080306e-04, 0., 0., 0., 0.,
       9.91080306e-04, 3.96432122e-03, 5.94648160e-03, 0., 0., 0.,
       1.98216061e-03, 0., 1.98216061e-03, 0., 9.91080306e-04, 0.,
       1.98216061e-03, 0., 7.92864244e-03, 9.91080306e-04,
       1.98216061e-03, 0., 9.91080306e-04, 9.91080306e-04, 0., 0., 0.,
       1.98216061e-03, 0., 9.91080306e-04, 3.96432122e-03,
       9.91080306e-04, 0., 9.91080306e-04, 0., 9.91080306e-04,
       9.91080306e-04, 0., 0., 9.91080306e-04, 9.91080306e-04, 0., 0.,
       9.91080306e-04, 1.98216061e-03, 9.91080306e-04, 0.,
       1.98216061e-03, 1.98216061e-03, 0., 9.91080306e-04, 0.,
       9.91080306e-04, 1.28840441e-02, 0., 1.98216061e-03,
       9.91080306e-04, 9.91080306e-04, 9.91080306e-04, 2.97324080e-03,
       9.91080306e-04, 0., 0., 0., 9.91080306e-04, 0., 0.,
       9.91080306e-04, 1.98216061e-03, 0., 1.98216061e-03,
       2.97324080e-03, 0., 0., 9.91080306e-04, 9.91080306e-04, 0., 0.,
       1.98216061e-03, 9.91080306e-04, 6.93756202e-03, 0.,
       9.91080306e-04, 0., 9.91080306e-04, 0., 9.91080306e-04,
       2.97324080e-03, 0., 0., 9.91080306e-04, 0., 1.98216061e-03,
       9.91080306e-04, 1.98216061e-03, 0., 0., 9.91080306e-04, 0.,
       3.96432122e-03, 1.98216061e-03, 0., 0., 1.98216061e-03, 0.,
       2.97324080e-03, 9.91080306e-04, 0., 9.91080306e-04, 0.,
       3.96432122e-03, 0., 9.91080306e-04, 1.98216061e-03, 0.,
       3.96432122e-03, 3.96432122e-03, 1.98216061e-03, 9.91080306e-04,
       0., 1.98216061e-03, 9.91080306e-04, 9.91080306e-04, 0.,
       1.98216061e-03, 9.91080306e-04, 0., 9.91080306e-04,
       9.91080306e-04, 3.96432122e-03, 0., 0., 9.91080306e-04, 0.,
       9.91080306e-04, 9.91080306e-04, 9.91080306e-04, 0.,
       9.91080306e-04, 0., 9.91080306e-04, 3.96432122e-03,
       9.91080306e-04, 0., 5.94648160e-03, 1.98216061e-03,
       2.97324080e-03, 0., 0., 1.98216061e-03, 9.91080306e-04, 0.,
       9.91080306e-04, 1.28840441e-02, 9.91080306e-04, 0., 0.,
       1.98216061e-03, 0., 1.78394448e-02, 9.91080306e-04, 0., 0., 0.,
       9.91080306e-04, 1.09018832e-02, 1.98216061e-03, 3.96432122e-03,
       0., 3.96432122e-03, 9.91080306e-04, 7.92864244e-03, 0.,
       9.91080306e-04, 0., 2.97324080e-03, 0., 0., 9.91080306e-04,
       9.91080306e-04, 0., 0., 0., 9.91080306e-04, 3.96432122e-03, 0.,
       0., 9.91080306e-04, 9.91080306e-04, 0., 9.91080306e-04,
       9.91080306e-04, 7.92864244e-03, 0., 0., 2.97324080e-03, 0.,
       9.91080306e-04, 0., 1.98216061e-03, 0., 9.91080306e-04, 0.,
       2.97324080e-03, 9.91080306e-04, 1.98216061e-03, 0.,
       3.96432122e-03, 2.97324080e-03, 9.91080306e-04, 0.,
       9.91080306e-04, 0., 0., 0., 0., 0., 0., 0., 9.91080306e-04, 0.,
       0., 0., 1.98216061e-03, 4.95540164e-03, 9.91080306e-04,
       5.94648160e-03, 0., 0., 0., 9.91080306e-04, 2.97324080e-03,
       2.97324080e-03, 9.91080306e-04, 9.91080306e-04, 9.91080306e-04,
       0., 9.91080306e-04, 9.91080306e-04, 9.91080306e-04,
       9.91080306e-04, 0., 0., 1.98216061e-03, 2.97324080e-03, 0., 0.,
       2.97324080e-03, 0., 0., 0., 0., 3.96432122e-03, 9.91080306e-04,
       0., 9.91080306e-04, 0., 0., 9.91080306e-04, 0., 9.91080306e-04,
       0., 9.91080306e-04, 9.91080306e-04, 2.97324080e-03,
       2.97324080e-03, 0., 9.91080306e-04, 9.91080306e-04, 0., 0.,
       1.98216061e-03, 2.97324080e-03, 0., 0., 0., 0., 0.,
       1.98216061e-03, 1.98216061e-03, 0., 0., 1.98216061e-03, 0.,
       2.97324080e-03, 9.91080306e-04, 2.97324080e-03, 1.98216061e-03,
       0., 3.96432122e-03, 0., 9.91080306e-04, 9.91080306e-04,
       2.97324080e-03, 9.91080306e-04, 0., 0., 9.91080306e-04, 0.,
