%YAML:1.0
m10f: !!opencv-matrix
   rows: 1
   cols: 800
   dt: f
   data: [ 2.58620689e-03, 2.15517241e-03, 3.44827585e-03,
       2.15517241e-03, 1.72413792e-03, 0., 0., 1.29310344e-03,
       2.15517241e-03, 1.72413792e-03, 1.29310344e-03, 1.72413792e-03,
       3.87931033e-03, 2.15517241e-03, 4.31034481e-04, 4.31034481e-04,
       3.44827585e-03, 3.44827585e-03, 0., 4.31034481e-04, 0.,
       4.31034481e-04, 8.62068962e-04, 0., 1.72413792e-03,
       2.15517241e-03, 4.31034481e-04, 1.72413792e-03, 8.62068962e-04,
       4.31034481e-04, 8.62068962e-04, 0., 2.15517241e-03,
       4.74137906e-03, 1.72413792e-03, 4.31034481e-04, 0., 0., 0.,
       4.31034481e-04, 3.87931033e-03, 2.15517241e-03, 0.,
       1.72413792e-03, 1.72413792e-03, 0., 0., 8.62068962e-04,
       2.15517241e-03, 0., 2.15517241e-03, 2.58620689e-03,
       1.29310344e-03, 4.31034481e-03, 8.62068962e-04, 1.29310344e-03,
       2.58620689e-03, 1.72413792e-03, 4.31034481e-04, 1.72413792e-03,
       0., 4.31034481e-04, 1.72413792e-03, 8.62068962e-04,
       8.62068962e-03, 4.31034481e-04, 0., 4.31034481e-04,
       4.31034481e-04, 0., 1.29310344e-03, 8.62068962e-04, 0.,
       8.62068962e-04, 1.29310344e-03, 1.29310344e-03, 0.,
       8.62068962e-04, 2.58620689e-03, 1.72413792e-03, 4.31034481e-04,
       1.29310344e-03, 4.31034481e-04, 4.31034481e-04, 3.01724137e-03,
       2.58620689e-03, 0., 4.31034481e-04, 2.58620689e-03,
       1.72413792e-03, 8.62068962e-04, 1.29310344e-03, 1.72413792e-03,
       1.72413792e-03, 1.29310344e-03, 8.62068962e-04, 1.29310344e-03,
       3.01724137e-03, 1.29310344e-03, 1.72413792e-03, 1.29310344e-03,
       2.15517241e-03, 1.72413792e-03, 8.62068962e-04, 8.62068962e-04,
       1.29310344e-03, 8.62068962e-04, 4.31034481e-04, 8.62068962e-04,
       4.31034481e-04, 8.62068962e-04, 2.58620689e-03, 0.,
       2.15517241e-03, 2.58620689e-03, 4.31034481e-04, 0.,
       4.31034481e-04, 8.62068962e-04, 2.58620689e-03, 4.31034481e-04,
       1.72413792e-03, 0., 4.31034481e-03, 0., 0., 2.58620689e-03,
       1.29310344e-03, 3.01724137e-03, 3.44827585e-03, 0.,
       4.31034481e-04, 5.60344849e-03, 0., 1.29310344e-03,
       4.31034481e-04, 1.29310344e-03, 4.31034481e-04, 4.31034481e-04,
       4.31034481e-04, 1.29310344e-03, 8.62068962e-04, 2.58620689e-03,
       3.44827585e-03, 4.31034481e-04, 8.62068962e-04, 8.62068962e-04,
       0., 4.31034481e-04, 2.15517241e-03, 2.58620689e-03, 0.,
       8.62068962e-04, 2.15517241e-03, 8.62068962e-04, 0., 0.,
       2.15517241e-03, 1.72413792e-03, 4.31034481e-04, 8.62068962e-04,
       0., 1.72413792e-03, 3.01724137e-03, 4.31034481e-04,
       8.62068962e-04, 0., 2.15517241e-03, 2.15517241e-03,
       1.72413792e-03, 1.72413792e-03, 0., 1.29310344e-03,
       8.62068962e-04, 1.29310344e-03, 0., 2.15517241e-03,
       4.31034481e-04, 3.44827585e-03, 0., 1.72413792e-03,
       8.62068962e-04, 4.31034481e-04, 1.72413792e-03, 2.15517241e-03,
       4.31034481e-04, 0., 3.01724137e-03, 0., 1.72413792e-03,
       4.31034481e-04, 8.62068962e-04, 1.29310344e-03, 1.29310344e-03,
       2.15517241e-03, 2.58620689e-03, 8.62068962e-04, 1.29310344e-03,
       8.62068962e-04, 0., 2.58620689e-03, 3.01724137e-03,
       3.01724137e-03, 3.01724137e-03, 4.31034481e-04, 0., 0.,
       1.72413792e-03, 2.15517241e-03, 1.72413792e-03, 2.15517241e-03,
       2.58620689e-03, 1.29310344e-03, 2.15517241e-03, 2.58620689e-03,
       0., 2.15517241e-03, 1.72413792e-03, 0., 1.72413792e-03,
       8.62068962e-04, 0., 1.29310344e-03, 3.44827585e-03,
       1.72413792e-03, 2.15517241e-03, 0., 3.01724137e-03,
       4.31034481e-04, 2.58620689e-03, 4.31034481e-04, 3.44827585e-03,
       1.29310344e-03, 8.62068962e-04, 1.29310344e-03, 4.31034481e-04,
       3.01724137e-03, 1.29310344e-03, 3.01724137e-03, 4.31034481e-04,
       3.44827585e-03, 1.29310344e-03, 1.29310344e-03, 0.,
       4.31034481e-04, 4.31034481e-04, 3.01724137e-03, 4.31034481e-04,
       4.31034481e-04, 2.58620689e-03, 5.17241377e-03, 1.72413792e-03,
       2.15517241e-03, 2.58620689e-03, 8.62068962e-04, 2.15517241e-03,
       1.72413792e-03, 8.62068962e-04, 1.72413792e-03, 4.31034481e-04,
       2.15517241e-03, 4.31034481e-04, 0., 0., 1.29310344e-03,
       1.29310344e-03, 1.29310344e-03, 0., 8.62068962e-04,
       1.29310344e-03, 4.31034481e-04, 4.31034481e-04, 2.58620689e-03,
       3.01724137e-03, 8.62068962e-04, 1.29310344e-03, 1.72413792e-03,
       4.31034481e-04, 1.72413792e-03, 1.29310344e-03, 1.72413792e-03,
       1.72413792e-03, 3.01724137e-03, 2.58620689e-03, 8.62068962e-04,
       4.31034481e-04, 8.62068962e-04, 1.72413792e-03, 8.62068962e-04,
       3.44827585e-03, 3.44827585e-03, 3.44827585e-03, 2.15517241e-03,
       1.72413792e-03, 8.62068962e-04, 0., 2.15517241e-03,
       1.72413792e-03, 1.29310344e-03, 8.62068962e-04, 4.31034481e-04,
       1.72413792e-03, 8.62068962e-04, 8.62068962e-04, 3.44827585e-03,
       1.29310344e-03, 1.29310344e-03, 4.31034481e-04, 0.,
       2.15517241e-03, 8.62068962e-04, 0., 3.87931033e-03, 0.,
       2.58620689e-03, 8.62068962e-04, 8.62068962e-04, 1.29310344e-03,
       0., 4.31034481e-04, 2.15517241e-03, 1.29310344e-03,
       1.72413792e-03, 8.62068962e-04, 1.29310344e-03, 1.72413792e-03,
       4.31034481e-04, 1.72413792e-03, 4.31034481e-04, 1.29310344e-03,
       1.72413792e-03, 0., 8.62068962e-04, 8.62068962e-04,
       4.31034481e-04, 8.62068962e-04, 2.58620689e-03, 2.15517241e-03,
       8.62068962e-04, 0., 4.31034481e-04, 4.31034481e-04,
       3.01724137e-03, 2.15517241e-03, 8.62068962e-04, 1.72413792e-03,
       1.29310344e-03, 0., 2.15517241e-03, 1.29310344e-03,
       8.62068962e-04, 8.62068962e-04, 0., 1.29310344e-03, 0., 0., 0.,
       2.15517241e-03, 3.87931033e-03, 2.58620689e-03, 8.62068962e-04,
       2.15517241e-03, 8.62068962e-04, 1.29310344e-03, 4.31034481e-04,
       0., 1.29310344e-03, 2.15517241e-03, 8.62068962e-04, 0.,
       1.72413792e-03, 3.01724137e-03, 8.62068962e-04, 4.31034481e-04,
       8.62068962e-04, 0., 1.72413792e-03, 1.72413792e-03,
       1.72413792e-03, 3.44827585e-03, 4.31034481e-04, 4.31034481e-04,
       2.58620689e-03, 1.72413792e-03, 4.31034481e-04, 2.15517241e-03,
       0., 4.31034481e-03, 2.15517241e-03, 4.31034481e-04,
       4.31034481e-04, 1.29310344e-03, 4.31034481e-04, 4.31034481e-04,
       8.62068962e-04, 2.15517241e-03, 4.31034481e-04, 0.,
       4.31034481e-04, 1.29310344e-03, 0., 5.17241377e-03,
       8.62068962e-04, 4.31034481e-04, 0., 8.62068962e-04,
       8.62068962e-04, 1.72413792e-03, 0., 8.62068962e-04, 0.,
       2.58620689e-03, 8.62068962e-04, 8.62068962e-04, 8.62068962e-04,
       0., 0., 0., 0., 0., 8.62068962e-04, 2.15517241e-03,
       3.44827585e-03, 8.62068962e-04, 2.58620689e-03, 0.,
       1.72413792e-03, 0., 0., 0., 1.72413792e-03, 1.29310344e-03,
       1.29310344e-03, 4.31034481e-04, 1.29310344e-03, 2.58620689e-03,
       4.31034481e-04, 0., 0., 0., 4.31034481e-04, 8.62068962e-04,
       1.72413792e-03, 4.31034481e-04, 8.62068962e-04, 4.31034481e-04,
       0., 2.15517241e-03, 1.29310344e-03, 4.31034481e-03,
       1.29310344e-03, 2.58620689e-03, 1.29310344e-03, 4.31034481e-04,
       4.31034481e-04, 0., 0., 0., 3.01724137e-03, 2.15517241e-03,
       4.31034481e-04, 1.29310344e-03, 4.31034481e-04, 8.62068962e-04,
       1.72413792e-03, 2.15517241e-03, 4.31034481e-04, 2.58620689e-03,
       2.15517241e-03, 1.29310344e-03, 8.62068962e-04, 4.31034481e-04,
       6.03448274e-03, 1.72413792e-03, 8.62068962e-04, 0.,
       1.29310344e-03, 1.72413792e-03, 4.31034481e-04, 8.62068962e-04,
       1.29310344e-03, 2.15517241e-03, 1.29310344e-03, 4.31034481e-04,
       0., 4.31034481e-04, 4.31034481e-04, 4.31034481e-04, 0.,
       2.15517241e-03, 2.58620689e-03, 0., 0., 4.31034481e-04,
       4.31034481e-04, 1.72413792e-03, 4.31034481e-03, 4.31034481e-04,
       2.15517241e-03, 0., 1.29310344e-03, 4.31034481e-04, 0.,
       8.62068962e-04, 1.72413792e-03, 1.72413792e-03, 1.72413792e-03,
       1.72413792e-03, 1.72413792e-03, 4.31034481e-04, 1.29310344e-03,
