%YAML:1.0
m10f: !!opencv-matrix
   rows: 1
   cols: 800
   dt: f
   data: [ 0., 0., 4.43131477e-03, 9.84736602e-04, 4.92368301e-04, 0.,
       9.84736602e-04, 1.96947320e-03, 2.95420969e-03, 1.47710484e-03,
       4.92368301e-04, 4.92368301e-04, 0., 2.46184156e-03,
       1.96947320e-03, 4.92368301e-04, 0., 9.84736602e-04, 0.,
       1.96947320e-03, 5.41605148e-03, 9.84736602e-04, 9.84736602e-04,
       0., 1.96947320e-03, 9.84736602e-04, 9.84736602e-04,
       4.43131477e-03, 0., 4.92368301e-04, 0., 1.47710484e-03,
       2.95420969e-03, 3.93894641e-03, 4.92368301e-04, 9.84736602e-04,
       4.92368301e-04, 2.95420969e-03, 2.46184156e-03, 1.96947320e-03,
       9.84736602e-04, 4.92368301e-04, 9.84736602e-04, 2.46184156e-03,
       9.84736602e-04, 4.92368301e-04, 0., 0., 0., 0., 9.84736602e-04,
       9.84736602e-04, 9.84736602e-04, 9.84736602e-04, 0., 0.,
       2.95420969e-03, 0., 4.92368301e-04, 2.46184156e-03,
       4.92368301e-04, 1.47710484e-03, 0., 2.95420969e-03,
       2.95420969e-03, 2.46184156e-03, 1.96947320e-03, 1.47710484e-03,
       0., 4.92368301e-04, 4.92368301e-04, 1.96947320e-03,
       4.92368301e-04, 9.84736602e-04, 0., 1.47710484e-03, 0.,
       4.92368301e-04, 2.46184156e-03, 9.84736602e-04, 4.92368301e-04,
       0., 4.92368301e-04, 4.92368301e-04, 2.46184156e-03,
       2.46184156e-03, 2.46184156e-03, 4.92368301e-04, 1.47710484e-03,
       9.84736602e-04, 4.92368301e-04, 0., 0., 2.95420969e-03,
       2.95420969e-03, 1.47710484e-03, 9.84736602e-04, 9.84736602e-04,
       0., 4.92368301e-04, 4.92368301e-04, 0., 2.46184156e-03, 0.,
       4.92368301e-04, 9.84736602e-04, 4.92368301e-04, 4.92368301e-04,
       4.92368301e-04, 4.92368301e-04, 1.47710484e-03, 1.96947320e-03,
       0., 0., 3.93894641e-03, 9.84736602e-04, 4.92368301e-04,
       1.47710484e-03, 4.92368301e-04, 2.46184156e-03, 9.84736602e-04,
       0., 1.47710484e-03, 5.90841938e-03, 4.92368301e-04,
       9.84736602e-04, 1.47710484e-03, 1.47710484e-03, 1.47710484e-03,
       2.46184156e-03, 0., 4.92368301e-04, 4.43131477e-03, 0.,
       1.47710484e-03, 0., 1.96947320e-03, 2.95420969e-03,
       4.92368301e-04, 9.84736602e-04, 4.92368301e-04, 4.92368301e-04,
       1.96947320e-03, 0., 0., 4.92368313e-03, 9.84736602e-04,
       4.92368301e-04, 0., 4.92368301e-04, 1.47710484e-03,
       9.84736602e-04, 0., 3.44657805e-03, 4.92368301e-04, 0., 0.,
       3.93894641e-03, 2.95420969e-03, 1.47710484e-03, 0.,
       4.92368301e-04, 9.84736602e-04, 1.47710484e-03, 0.,
       1.47710484e-03, 2.46184156e-03, 1.47710484e-03, 2.46184156e-03,
       4.43131477e-03, 1.47710484e-03, 0., 9.84736602e-04,
       3.93894641e-03, 2.95420969e-03, 0., 9.84736602e-04,
       1.47710484e-03, 4.92368301e-04, 9.84736602e-04, 2.46184156e-03,
       1.96947320e-03, 4.92368301e-04, 4.92368301e-04, 4.92368301e-04,
       9.84736602e-04, 0., 2.95420969e-03, 0., 2.46184156e-03,
       4.92368301e-04, 4.92368301e-04, 0., 0., 1.96947320e-03,
       4.92368313e-03, 4.92368301e-04, 4.92368301e-04, 0., 0.,
       2.95420969e-03, 1.47710484e-03, 4.92368301e-04, 4.43131477e-03,
       1.96947320e-03, 4.92368301e-04, 4.92368301e-04, 4.92368301e-04,
       4.92368301e-04, 1.96947320e-03, 9.84736602e-04, 0., 0.,
       9.84736625e-03, 4.92368301e-04, 1.96947320e-03, 0.,
       4.92368301e-04, 9.84736602e-04, 4.92368301e-04, 0.,
       9.84736602e-04, 9.84736602e-04, 4.92368313e-03, 4.92368301e-04,
       2.95420969e-03, 4.92368301e-04, 1.47710484e-03, 2.46184156e-03,
       1.47710484e-03, 0., 9.84736602e-04, 9.84736602e-04, 0.,
       1.47710484e-03, 0., 1.47710484e-03, 4.92368301e-04, 0.,
       4.92368313e-03, 1.47710484e-03, 2.95420969e-03, 1.96947320e-03,
       4.92368301e-04, 4.92368301e-04, 2.46184156e-03, 3.93894641e-03,
       4.92368301e-04, 4.92368301e-04, 9.84736602e-04, 4.43131477e-03,
       9.84736602e-04, 9.84736602e-04, 1.96947320e-03, 4.92368301e-04,
       4.92368301e-04, 0., 2.95420969e-03, 4.92368301e-04,
       9.84736602e-04, 0., 1.96947320e-03, 1.47710484e-03, 0.,
       9.84736602e-04, 0., 4.92368301e-04, 1.96947320e-03,
       2.46184156e-03, 1.96947320e-03, 9.84736602e-04, 0., 0.,
       4.92368301e-04, 0., 9.84736602e-04, 1.47710484e-03,
       2.46184156e-03, 4.92368301e-04, 1.47710484e-03, 3.44657805e-03,
       1.47710484e-03, 9.84736602e-04, 9.84736602e-04, 0.,
       1.47710484e-03, 0., 1.47710484e-03, 0., 1.47710484e-03,
       1.96947320e-03, 3.44657805e-03, 0., 1.96947320e-03,
       1.47710484e-03, 9.84736602e-04, 1.96947320e-03, 2.46184156e-03,
       1.96947320e-03, 1.96947320e-03, 9.84736602e-04, 0.,
       2.95420969e-03, 0., 1.47710484e-03, 4.92368301e-04,
       4.92368301e-04, 9.84736602e-04, 2.46184156e-03, 0.,
       4.92368301e-04, 0., 9.84736602e-04, 1.47710484e-03,
       2.46184156e-03, 4.92368301e-04, 3.44657805e-03, 1.96947320e-03,
       0., 4.43131477e-03, 4.92368301e-04, 0., 9.84736602e-04,
       2.95420969e-03, 0., 1.47710484e-03, 4.92368301e-04,
       4.92368313e-03, 3.44657805e-03, 4.92368301e-04, 1.47710484e-03,
       0., 4.92368301e-04, 9.84736602e-04, 0., 1.47710484e-03,
       2.46184156e-03, 4.92368301e-04, 1.96947320e-03, 9.84736602e-04,
       9.84736602e-04, 0., 4.92368301e-04, 9.84736602e-04,
       2.95420969e-03, 9.84736602e-04, 3.44657805e-03, 1.47710484e-03,
       1.96947320e-03, 9.84736602e-04, 4.92368301e-04, 0., 0., 0.,
       3.44657805e-03, 0., 1.47710484e-03, 1.47710484e-03,
       4.92368301e-04, 2.46184156e-03, 1.47710484e-03, 1.47710484e-03,
       4.92368301e-04, 3.44657805e-03, 4.92368301e-04, 0.,
       2.95420969e-03, 0., 1.47710484e-03, 1.96947320e-03, 0.,
       1.47710484e-03, 1.47710484e-03, 4.92368301e-04, 4.92368301e-04,
       0., 4.92368313e-03, 1.96947320e-03, 4.92368301e-04,
       1.96947320e-03, 0., 0., 9.84736602e-04, 4.92368301e-04, 0.,
       2.46184156e-03, 0., 3.93894641e-03, 1.47710484e-03,
       4.92368301e-04, 3.93894641e-03, 0., 1.47710484e-03, 0.,
       1.96947320e-03, 3.44657805e-03, 0., 0., 0., 2.46184156e-03,
       9.84736602e-04, 2.46184156e-03, 4.92368301e-04, 0.,
       1.47710484e-03, 0., 0., 4.92368301e-04, 4.92368301e-04,
       3.44657805e-03, 4.92368301e-04, 3.93894641e-03, 2.46184156e-03,
       2.95420969e-03, 9.84736602e-04, 0., 9.84736602e-04,
       4.92368301e-04, 1.47710484e-03, 0., 9.84736602e-04,
       1.47710484e-03, 4.92368301e-04, 4.92368301e-04, 4.92368301e-04,
       9.84736602e-04, 1.47710484e-03, 4.92368301e-04, 0.,
       4.92368301e-04, 0., 9.84736602e-04, 4.92368301e-04, 0., 0.,
       9.84736602e-04, 5.41605148e-03, 2.46184156e-03, 9.84736602e-04,
       0., 1.47710484e-03, 0., 0., 4.92368301e-04, 1.47710484e-03,
       9.84736602e-04, 9.84736602e-04, 1.47710484e-03, 9.84736602e-04,
       4.92368301e-04, 4.92368301e-04, 1.96947320e-03, 1.96947320e-03,
       1.47710484e-03, 9.84736602e-04, 4.92368301e-04, 1.96947320e-03,
       9.84736602e-04, 2.95420969e-03, 9.84736602e-04, 4.92368301e-04,
       2.46184156e-03, 4.92368301e-04, 4.92368301e-04, 4.92368301e-04,
       4.92368301e-04, 1.96947320e-03, 0., 2.46184156e-03,
       4.43131477e-03, 4.92368313e-03, 9.84736602e-04, 5.41605148e-03,
       4.92368301e-04, 9.84736602e-04, 4.92368301e-04, 9.84736602e-04,
       2.46184156e-03, 4.92368301e-04, 4.92368301e-04, 9.84736602e-04,
       4.92368301e-04, 4.92368301e-04, 4.92368301e-04, 0.,
       2.46184156e-03, 1.47710484e-03, 9.84736602e-04, 3.44657805e-03,
       1.96947320e-03, 1.47710484e-03, 1.47710484e-03, 1.47710484e-03,
       3.93894641e-03, 1.96947320e-03, 1.96947320e-03, 9.84736602e-04,
       2.95420969e-03, 9.84736602e-04, 0., 1.96947320e-03,
       4.92368301e-04, 1.96947320e-03, 3.93894641e-03, 9.84736602e-04,
       4.92368301e-04, 9.84736602e-04, 1.96947320e-03, 0., 0.,
       9.84736602e-04, 9.84736602e-04, 1.47710484e-03, 4.92368301e-04,
       3.93894641e-03, 3.93894641e-03, 2.46184156e-03, 1.47710484e-03,
       9.84736602e-04, 3.44657805e-03, 2.95420969e-03, 2.46184156e-03,
       0., 1.96947320e-03, 9.84736602e-04, 4.43131477e-03,
