%YAML:1.0
m10f: !!opencv-matrix
   rows: 1
   cols: 800
   dt: f
   data: [ 1.35409611e-03, 4.40081256e-03, 3.38524027e-04,
       3.38524027e-04, 1.01557211e-03, 1.01557211e-03, 1.69262011e-03,
       6.77048054e-04, 1.69262011e-03, 3.38524027e-04, 3.38524027e-04,
       0., 2.03114422e-03, 1.35409611e-03, 6.77048054e-04,
       2.36966810e-03, 1.01557211e-03, 6.77048054e-04, 0.,
       1.69262011e-03, 1.35409611e-03, 3.38524027e-04, 1.35409611e-03,
       3.38524027e-04, 1.01557211e-03, 3.04671633e-03, 1.01557211e-03,
       6.77048054e-04, 1.01557211e-03, 1.69262011e-03, 6.77048054e-04,
       4.06228844e-03, 3.38524027e-04, 6.77048054e-04, 3.04671633e-03,
       0., 6.77048054e-04, 6.77048054e-04, 1.69262011e-03,
       3.38524027e-04, 0., 2.36966810e-03, 0., 3.38524027e-04,
       2.70819222e-03, 1.01557211e-03, 1.01557211e-03, 1.01557211e-03,
       3.04671633e-03, 1.01557211e-03, 3.38524027e-04, 1.01557211e-03,
       1.35409611e-03, 6.77048054e-04, 6.77048054e-04, 2.36966810e-03,
       2.36966810e-03, 1.01557211e-03, 3.38524027e-04, 1.69262011e-03,
       2.03114422e-03, 2.03114422e-03, 2.03114422e-03, 2.03114422e-03,
       6.77048054e-04, 1.35409611e-03, 6.77048054e-04, 3.38524027e-04,
       0., 6.77048054e-04, 1.01557211e-03, 6.77048054e-04,
       3.38524021e-03, 1.35409611e-03, 1.35409611e-03, 1.69262011e-03,
       1.69262011e-03, 6.77048054e-04, 1.35409611e-03, 3.38524027e-04,
       6.77048054e-04, 1.35409611e-03, 1.35409611e-03, 6.77048054e-04,
       1.69262011e-03, 2.03114422e-03, 1.01557211e-03, 6.77048042e-03,
       2.03114422e-03, 1.69262011e-03, 6.77048054e-04, 3.38524027e-04,
       0., 3.04671633e-03, 1.01557211e-03, 3.38524027e-04,
       3.38524027e-04, 6.77048054e-04, 2.36966810e-03, 6.77048054e-04,
       1.35409611e-03, 1.69262011e-03, 1.69262011e-03, 3.38524027e-04,
       3.04671633e-03, 3.38524027e-04, 3.04671633e-03, 3.38524027e-04,
       1.01557211e-03, 1.01557211e-03, 1.69262011e-03, 2.03114422e-03,
       1.35409611e-03, 6.77048054e-04, 1.35409611e-03, 1.01557211e-03,
       3.38524027e-04, 1.35409611e-03, 1.35409611e-03, 3.38524027e-04,
       1.01557211e-03, 3.38524027e-04, 2.03114422e-03, 1.35409611e-03,
       2.03114422e-03, 1.01557211e-03, 0., 3.38524027e-04,
       2.03114422e-03, 1.01557211e-03, 1.01557211e-03, 1.35409611e-03,
       1.01557211e-03, 2.70819222e-03, 6.77048054e-04, 6.77048054e-04,
       3.38524027e-04, 2.03114422e-03, 1.69262011e-03, 1.69262011e-03,
       3.38524027e-04, 0., 1.35409611e-03, 1.35409611e-03,
       6.77048054e-04, 6.77048054e-04, 6.77048054e-04, 1.01557211e-03,
       6.77048054e-04, 6.77048054e-04, 2.70819222e-03, 2.03114422e-03,
       1.69262011e-03, 0., 1.35409611e-03, 1.01557211e-03,
       2.36966810e-03, 1.35409611e-03, 2.70819222e-03, 6.77048054e-04,
       6.77048054e-04, 3.38524027e-04, 3.38524027e-04, 1.69262011e-03,
       1.01557211e-03, 1.01557211e-03, 1.35409611e-03, 6.77048054e-04,
       2.03114422e-03, 3.38524027e-04, 2.03114422e-03, 6.77048054e-04,
       2.03114422e-03, 3.38524027e-04, 1.01557211e-03, 6.77048054e-04,
       0., 0., 6.77048054e-04, 2.03114422e-03, 2.70819222e-03,
       1.01557211e-03, 1.01557211e-03, 1.01557211e-03, 1.35409611e-03,
       1.01557211e-03, 6.77048054e-04, 6.77048054e-04, 1.01557211e-03,
       6.77048054e-04, 1.35409611e-03, 1.35409611e-03, 3.38524027e-04,
       1.35409611e-03, 6.77048054e-04, 1.69262011e-03, 1.01557211e-03,
       1.69262011e-03, 6.77048054e-04, 1.69262011e-03, 2.70819222e-03,
       6.77048054e-04, 3.38524027e-04, 0., 1.35409611e-03,
       2.36966810e-03, 3.38524027e-04, 3.38524027e-04, 1.35409611e-03,
       6.77048054e-04, 1.01557211e-03, 1.35409611e-03, 3.38524027e-04,
       1.01557211e-03, 3.38524027e-04, 1.35409611e-03, 1.69262011e-03,
       3.38524027e-04, 3.38524027e-04, 2.70819222e-03, 2.70819222e-03,
       3.38524027e-04, 2.03114422e-03, 6.77048054e-04, 1.35409611e-03,
       3.38524027e-04, 1.69262011e-03, 1.35409611e-03, 3.38524027e-04,
       0., 6.77048054e-04, 1.35409611e-03, 1.01557211e-03,
       6.77048054e-04, 3.04671633e-03, 1.01557211e-03, 2.70819222e-03,
       2.03114422e-03, 1.01557211e-03, 2.36966810e-03, 1.35409611e-03,
       0., 1.69262011e-03, 3.38524021e-03, 2.36966810e-03,
       6.77048054e-04, 2.70819222e-03, 1.35409611e-03, 1.01557211e-03,
       6.77048054e-04, 1.35409611e-03, 1.69262011e-03, 1.69262011e-03,
       3.38524027e-04, 3.38524027e-04, 6.77048054e-04, 0.,
       1.01557211e-03, 6.77048054e-04, 2.03114422e-03, 0.,
       6.77048054e-04, 1.35409611e-03, 1.35409611e-03, 6.77048054e-04,
       6.77048054e-04, 3.72376433e-03, 3.38524027e-04, 2.03114422e-03,
       1.01557211e-03, 1.35409611e-03, 1.35409611e-03, 2.70819222e-03,
       2.36966810e-03, 1.01557211e-03, 1.01557211e-03, 2.36966810e-03,
       6.77048054e-04, 6.77048054e-04, 6.77048054e-04, 2.36966810e-03,
       3.04671633e-03, 1.01557211e-03, 3.38524027e-04, 2.03114422e-03,
       1.35409611e-03, 2.03114422e-03, 1.01557211e-03, 0.,
       1.69262011e-03, 2.03114422e-03, 6.77048054e-04, 6.77048054e-04,
       0., 3.04671633e-03, 2.03114422e-03, 6.77048054e-04,
       5.07786032e-03, 3.38524027e-04, 6.77048054e-04, 1.01557211e-03,
       0., 2.36966810e-03, 2.03114422e-03, 1.01557211e-03,
       2.36966810e-03, 3.38524027e-04, 6.77048054e-04, 6.77048054e-04,
       4.73933620e-03, 1.35409611e-03, 1.69262011e-03, 1.01557211e-03,
       2.36966810e-03, 1.35409611e-03, 1.01557211e-03, 3.38524027e-04,
       3.38524027e-04, 1.35409611e-03, 6.77048054e-04, 1.69262011e-03,
       0., 6.77048054e-04, 1.69262011e-03, 1.69262011e-03,
       3.38524027e-04, 6.77048054e-04, 6.77048054e-04, 1.69262011e-03,
       1.01557211e-03, 1.35409611e-03, 1.69262011e-03, 1.01557211e-03,
       3.38524027e-04, 6.77048054e-04, 0., 1.69262011e-03,
       1.01557211e-03, 2.03114422e-03, 1.01557211e-03, 1.35409611e-03,
       1.35409611e-03, 1.35409611e-03, 6.77048054e-04, 1.01557211e-03,
       1.01557211e-03, 1.01557211e-03, 2.03114422e-03, 6.77048054e-04,
       1.35409611e-03, 3.04671633e-03, 2.36966810e-03, 1.35409611e-03,
       1.35409611e-03, 2.03114422e-03, 1.01557211e-03, 3.38524027e-04,
       1.35409611e-03, 2.03114422e-03, 1.35409611e-03, 1.35409611e-03,
       2.03114422e-03, 2.36966810e-03, 1.35409611e-03, 1.01557211e-03,
       3.38524027e-04, 6.77048054e-04, 3.38524027e-04, 6.77048054e-04,
       2.03114422e-03, 1.69262011e-03, 6.77048054e-04, 1.35409611e-03,
       3.38524027e-04, 1.35409611e-03, 1.01557211e-03, 3.38524027e-04,
       6.77048054e-04, 1.35409611e-03, 3.38524027e-04, 1.69262011e-03,
       1.69262011e-03, 2.03114422e-03, 1.01557211e-03, 1.35409611e-03,
       3.72376433e-03, 1.69262011e-03, 0., 2.36966810e-03,
       6.77048054e-04, 3.72376433e-03, 3.38524027e-04, 1.01557211e-03,
       2.03114422e-03, 1.35409611e-03, 6.77048054e-04, 3.38524021e-03,
       6.77048054e-04, 1.01557211e-03, 0., 2.03114422e-03,
       2.36966810e-03, 1.69262011e-03, 6.77048054e-04, 2.03114422e-03,
       3.38524021e-03, 6.77048054e-04, 1.69262011e-03, 6.77048054e-04,
       3.38524027e-04, 6.77048054e-04, 2.03114422e-03, 2.03114422e-03,
       0., 1.01557211e-03, 3.38524027e-04, 1.69262011e-03,
       1.01557211e-03, 1.69262011e-03, 1.35409611e-03, 6.77048054e-04,
       1.01557211e-03, 3.38524027e-04, 1.01557211e-03, 2.36966810e-03,
       1.01557211e-03, 3.38524027e-04, 1.69262011e-03, 1.01557211e-03,
       1.35409611e-03, 0., 1.01557211e-03, 3.72376433e-03,
       1.69262011e-03, 6.77048054e-04, 6.77048054e-04, 1.01557211e-03,
       1.01557211e-03, 6.77048054e-04, 0., 2.03114422e-03,
       1.69262011e-03, 1.01557211e-03, 1.35409611e-03, 1.01557211e-03,
       6.77048054e-04, 3.38524027e-04, 1.35409611e-03, 3.38524027e-04,
       3.38524027e-04, 1.01557211e-03, 2.36966810e-03, 6.77048054e-04,
       2.36966810e-03, 1.35409611e-03, 1.69262011e-03, 1.69262011e-03,
       6.77048054e-04, 6.77048054e-04, 6.77048054e-04, 2.03114422e-03,
       1.35409611e-03, 3.38524027e-04, 2.03114422e-03, 1.01557211e-03,
