%YAML:1.0
m10f: !!opencv-matrix
   rows: 1
   cols: 800
   dt: f
   data: [ 0., 2.90275761e-03, 0., 0., 0., 0., 1.45137880e-03,
       2.75761969e-02, 0., 0., 4.35413653e-03, 0., 2.90275761e-03, 0.,
       0., 0., 0., 0., 0., 0., 2.90275761e-03, 5.80551522e-03, 0., 0.,
       1.45137880e-03, 0., 2.90275761e-03, 1.45137880e-03, 0.,
       1.45137880e-03, 2.90275761e-03, 4.35413653e-03, 0., 0.,
       1.45137880e-03, 0., 0., 0., 1.45137880e-03, 0., 0., 0., 0.,
       8.70827306e-03, 0., 0., 1.45137880e-03, 2.90275761e-03,
       1.45137880e-03, 0., 0., 0., 4.35413653e-03, 0., 1.45137880e-03,
       1.45137878e-02, 5.80551522e-03, 1.45137880e-03, 1.45137880e-03,
       1.45137880e-03, 0., 0., 0., 0., 0., 0., 0., 1.45137880e-03,
       1.45137880e-03, 2.90275761e-03, 1.45137880e-03, 0., 0., 0.,
       2.90275761e-03, 0., 0., 2.90275761e-03, 0., 0., 5.80551522e-03,
       1.45137880e-03, 0., 0., 1.45137880e-03, 2.90275761e-03,
       1.45137880e-03, 0., 1.45137880e-03, 0., 0., 1.45137880e-03,
       1.45137880e-03, 2.90275761e-03, 0., 0., 0., 2.90275761e-03,
       1.45137880e-03, 0., 0., 1.45137880e-03, 1.45137880e-03, 0., 0.,
       1.45137880e-03, 0., 1.45137880e-03, 0., 0., 1.45137880e-03, 0.,
       1.45137880e-03, 0., 0., 0., 0., 1.45137880e-03, 0.,
       2.90275761e-03, 1.45137880e-03, 0., 0., 0., 5.80551522e-03,
       1.45137880e-03, 8.70827306e-03, 8.70827306e-03, 0.,
       1.45137880e-03, 1.45137880e-03, 2.90275761e-03, 0., 0., 0., 0.,
       1.45137880e-03, 0., 0., 0., 1.45137880e-03, 4.35413653e-03,
       1.45137880e-03, 1.45137880e-03, 2.90275761e-03, 0.,
       1.45137880e-03, 0., 0., 1.45137880e-03, 0., 1.45137880e-03,
       2.90275761e-03, 0., 0., 1.45137880e-03, 0., 0., 1.45137880e-03,
       5.80551522e-03, 1.45137880e-03, 0., 5.80551522e-03, 0., 0.,
       1.45137880e-03, 0., 0., 0., 0., 0., 1.45137880e-03, 0., 0., 0.,
       2.90275761e-03, 1.45137880e-03, 2.90275761e-03, 1.45137880e-03,
       1.45137880e-03, 0., 0., 0., 2.90275761e-03, 0., 2.90275761e-03,
       0., 0., 0., 0., 1.45137880e-03, 1.45137880e-03, 0., 0., 0., 0.,
       0., 1.45137880e-03, 0., 0., 0., 0., 0., 4.35413653e-03, 0.,
       1.45137880e-03, 1.45137880e-03, 2.90275761e-03, 5.80551522e-03,
       0., 0., 4.35413653e-03, 0., 0., 0., 0., 1.45137880e-03, 0.,
       1.45137880e-03, 0., 4.35413653e-03, 0., 2.90275761e-03,
       2.90275761e-03, 0., 1.45137880e-03, 1.45137880e-03,
       1.45137880e-03, 1.45137880e-03, 0., 1.45137880e-03, 0., 0., 0.,
       2.90275761e-03, 0., 2.90275761e-03, 0., 0., 1.45137880e-03,
       1.45137880e-03, 0., 1.45137880e-03, 0., 1.45137880e-03,
       1.45137880e-03, 0., 0., 0., 0., 0., 0., 1.45137880e-03, 0., 0.,
       0., 1.45137880e-03, 0., 1.45137880e-03, 0., 0., 0.,
       2.90275761e-03, 0., 0., 0., 1.45137880e-03, 0., 0.,
       1.45137880e-03, 0., 1.45137880e-03, 4.35413653e-03,
       4.35413653e-03, 4.35413653e-03, 0., 0., 0., 1.45137880e-03,
       1.45137880e-03, 0., 0., 1.45137880e-03, 0., 1.45137880e-03,
       1.45137880e-03, 7.25689391e-03, 2.90275761e-03, 0.,
       1.45137880e-03, 1.45137880e-03, 8.70827306e-03, 2.90275761e-03,
       0., 0., 2.90275761e-03, 2.90275761e-03, 0., 0., 0.,
       1.45137880e-03, 1.45137880e-03, 2.90275761e-03, 0., 0., 0., 0.,
       1.45137880e-03, 1.45137880e-03, 0., 1.16110304e-02, 0., 0.,
       7.25689391e-03, 0., 1.45137880e-03, 0., 0., 0., 0.,
       1.45137880e-03, 0., 1.45137880e-03, 0., 2.90275761e-03,
       1.45137880e-03, 0., 0., 0., 1.45137880e-03, 0., 1.45137880e-03,
       0., 0., 2.90275761e-03, 0., 4.35413653e-03, 2.90275761e-03, 0.,
       1.45137880e-03, 0., 0., 0., 0., 1.45137880e-03, 0., 0.,
       1.45137880e-03, 0., 1.45137880e-03, 1.45137880e-03,
       1.45137880e-03, 0., 1.45137880e-03, 0., 0., 2.90275761e-03,
       1.45137880e-03, 1.45137880e-03, 5.80551522e-03, 0.,
       1.45137880e-03, 2.90275761e-03, 0., 0., 1.45137880e-03,
       2.90275761e-03, 0., 0., 1.45137880e-03, 1.45137880e-03, 0.,
       4.35413653e-03, 0., 1.45137880e-03, 0., 0., 1.45137880e-03,
       1.45137880e-03, 1.45137880e-03, 0., 0., 0., 0., 1.45137880e-03,
       0., 0., 0., 4.35413653e-03, 0., 0., 1.45137880e-03,
       1.45137880e-03, 2.90275761e-03, 0., 1.45137880e-03, 0.,
       1.45137880e-03, 2.90275761e-03, 0., 0., 0., 0., 1.45137880e-03,
       1.45137880e-03, 2.90275761e-03, 0., 2.90275761e-03,
       1.45137880e-03, 0., 0., 2.90275761e-03, 1.45137880e-03, 0., 0.,
       0., 0., 0., 0., 1.45137880e-03, 1.45137880e-03, 1.45137880e-03,
       2.90275761e-03, 2.90275761e-03, 0., 0., 0., 0., 0.,
       1.45137880e-03, 0., 2.90275761e-03, 1.45137880e-03, 0., 0.,
       2.90275761e-03, 0., 1.01596517e-02, 0., 0., 1.45137880e-03, 0.,
       1.30624091e-02, 0., 0., 1.45137880e-03, 5.80551522e-03, 0., 0.,
       0., 0., 0., 1.45137880e-03, 1.45137880e-03, 1.45137880e-03, 0.,
       1.45137880e-03, 0., 2.90275761e-03, 0., 0., 1.45137880e-03,
       1.45137880e-03, 0., 0., 2.90275761e-03, 1.45137880e-03,
       1.45137880e-03, 1.45137880e-03, 1.45137880e-03, 4.35413653e-03,
       0., 0., 0., 0., 2.90275761e-03, 1.45137880e-03, 1.45137880e-03,
       0., 1.45137880e-03, 1.45137880e-03, 0., 1.45137880e-03,
       2.90275761e-03, 1.45137880e-03, 0., 2.90275761e-03,
       2.90275761e-03, 1.45137880e-03, 0., 0., 0., 1.45137880e-03, 0.,
       1.45137880e-03, 1.45137880e-03, 0., 0., 0., 1.45137880e-03, 0.,
       0., 7.25689391e-03, 1.45137880e-03, 2.90275761e-03,
       1.45137880e-03, 0., 1.45137880e-03, 2.90275761e-03,
       8.70827306e-03, 0., 2.90275761e-03, 0., 0., 1.45137880e-03,
       1.45137880e-03, 1.45137880e-03, 2.90275761e-03, 0.,
       2.90275761e-03, 0., 5.80551522e-03, 0., 5.80551522e-03,
       2.90275761e-03, 0., 0., 2.90275761e-03, 0., 1.45137880e-03, 0.,
       0., 2.90275761e-03, 0., 4.35413653e-03, 2.90275761e-03,
       1.45137880e-03, 2.90275761e-03, 0., 4.35413653e-03, 0., 0., 0.,
       1.45137880e-03, 1.45137880e-03, 0., 0., 0., 1.45137880e-03,
       2.90275761e-03, 1.45137880e-03, 1.45137880e-03, 1.45137880e-03,
       1.45137880e-03, 0., 2.90275761e-03, 1.45137880e-03, 0., 0., 0.,
       0., 2.90275761e-03, 4.35413653e-03, 1.45137880e-03,
       1.45137880e-03, 1.45137880e-03, 2.90275761e-03, 0.,
       1.45137880e-03, 0., 0., 0., 0., 0., 1.45137880e-03,
       1.45137880e-03, 0., 1.45137880e-03, 4.35413653e-03,
       1.45137880e-03, 1.45137880e-03, 1.45137880e-03, 1.45137880e-03,
       2.90275761e-03, 2.90275761e-03, 0., 2.90275761e-03,
       4.35413653e-03, 0., 2.90275761e-03, 1.45137880e-03, 0.,
       1.45137880e-03, 0., 1.45137880e-03, 2.90275761e-03,
       2.90275761e-03, 0., 0., 2.90275761e-03, 5.80551522e-03, 0.,
       4.35413653e-03, 0., 0., 1.45137880e-03, 0., 1.45137880e-03, 0.,
       1.45137880e-03, 0., 2.90275761e-03, 1.45137880e-03,
       2.90275761e-03, 4.35413653e-03, 0., 0., 0., 0., 0., 0., 0., 0.,
       0., 1.45137880e-03, 0., 0., 1.45137880e-03, 0., 0.,
       2.90275761e-03, 1.45137880e-03, 0., 0., 0., 0., 5.80551522e-03,
       0., 0., 0., 0., 0., 1.45137880e-03, 1.45137880e-03, 0., 0.,
       1.45137880e-03, 0., 1.45137880e-03, 0., 1.45137880e-03,
       5.80551522e-03, 0., 0., 2.90275761e-03, 0., 0., 0.,
       5.80551522e-03, 1.45137880e-03, 0., 0., 1.45137880e-03, 0., 0.,
       8.70827306e-03, 1.45137880e-03, 1.45137880e-03, 0.,
       2.90275761e-03, 0., 1.01596517e-02, 0., 1.45137880e-03, 0.,
       2.90275761e-03, 2.90275761e-03, 0., 0., 0., 0., 1.45137880e-03,
       1.45137880e-03, 2.90275761e-03, 2.90275761e-03, 1.45137880e-03,
       4.35413653e-03, 0., 0., 4.35413653e-03, 1.45137880e-03, 0., 0.,
       1.45137880e-03, 0., 0., 2.90275761e-03, 0., 2.90275761e-03,
       8.70827306e-03, 1.45137880e-03, 1.45137880e-03, 1.45137880e-03,
       1.45137880e-03, 0., 1.01596517e-02, 0., 4.35413653e-03,
       2.90275761e-03, 0., 1.45137880e-03, 0., 0., 0., 0., 0., 0., 0.,
       0., 2.90275761e-03, 1.45137880e-03, 1.45137880e-03, 0., 0.,
       1.45137880e-03, 1.45137880e-03, 2.90275761e-03, 0.,
