%YAML:1.0
m10f: !!opencv-matrix
   rows: 1
   cols: 800
   dt: f
   data: [ 1.13507384e-03, 0., 0., 0., 1.13507384e-03, 1.13507384e-03,
       2.27014767e-03, 1.92962550e-02, 3.40522151e-03, 3.40522151e-03,
       1.13507384e-03, 3.40522151e-03, 0., 0., 0., 2.27014767e-03, 0.,
       0., 0., 1.13507384e-03, 1.13507384e-03, 1.13507384e-03,
       3.40522151e-03, 1.13507384e-03, 0., 1.13507384e-03,
       1.13507384e-03, 2.27014767e-03, 0., 3.40522151e-03, 0.,
       1.13507384e-03, 0., 0., 0., 3.40522151e-03, 0., 0.,
       2.27014767e-03, 3.40522151e-03, 0., 2.27014767e-03, 0.,
       1.13507384e-03, 1.13507384e-03, 2.27014767e-03, 1.13507384e-03,
       0., 1.13507384e-03, 2.27014767e-03, 1.13507384e-03, 0., 0.,
       1.13507384e-03, 1.13507384e-03, 4.54029534e-03, 6.81044301e-03,
       0., 1.13507384e-03, 0., 1.13507384e-03, 1.13507384e-03, 0.,
       1.13507384e-03, 3.40522151e-03, 2.27014767e-03, 1.13507384e-03,
       3.40522151e-03, 1.13507384e-03, 0., 1.13507384e-03, 0., 0.,
       1.13507384e-03, 0., 3.40522151e-03, 0., 0., 0., 0.,
       1.13507384e-03, 2.27014767e-03, 0., 1.13507384e-03, 0.,
       5.67536894e-03, 0., 0., 0., 0., 1.13507384e-03, 0.,
       1.13507384e-03, 1.13507384e-03, 1.13507384e-03, 1.13507384e-03,
       1.13507384e-03, 3.40522151e-03, 3.40522151e-03, 1.13507384e-03,
       1.13507384e-03, 1.13507384e-03, 0., 1.13507384e-03, 0., 0.,
       1.13507384e-03, 1.13507384e-03, 0., 1.13507384e-03, 0.,
       1.13507384e-03, 0., 1.13507384e-03, 2.27014767e-03,
       1.13507384e-03, 1.13507384e-03, 1.13507384e-03, 0.,
       1.13507384e-03, 1.13507384e-03, 1.13507384e-03, 0., 0., 0.,
       2.27014767e-03, 2.27014767e-03, 3.40522151e-03, 0.,
       1.13507384e-03, 1.13507384e-03, 1.13507384e-03, 0., 0., 0., 0.,
       2.27014767e-03, 0., 2.27014767e-03, 1.13507384e-03, 0., 0., 0.,
       2.27014767e-03, 3.40522151e-03, 0., 1.13507384e-03,
       2.27014767e-03, 3.40522151e-03, 1.13507384e-03, 0.,
       5.67536894e-03, 0., 1.13507384e-03, 3.40522151e-03, 0., 0.,
       1.13507384e-03, 2.27014767e-03, 0., 1.13507384e-03,
       2.27014767e-03, 0., 4.54029534e-03, 0., 0., 1.13507384e-03, 0.,
       2.27014767e-03, 1.13507384e-03, 0., 0., 1.13507384e-03,
       2.27014767e-03, 0., 0., 3.40522151e-03, 2.27014767e-03,
       1.13507384e-03, 0., 0., 0., 0., 1.13507384e-03, 0., 0.,
       1.13507384e-03, 2.27014767e-03, 0., 0., 4.54029534e-03,
       2.27014767e-03, 1.13507384e-03, 0., 2.27014767e-03, 0.,
       1.13507384e-03, 2.27014767e-03, 0., 2.27014767e-03,
       2.27014767e-03, 0., 2.27014767e-03, 1.13507384e-03, 0.,
       3.40522151e-03, 4.54029534e-03, 1.13507384e-03, 2.27014767e-03,
       1.13507384e-03, 0., 2.15664022e-02, 0., 0., 1.13507384e-03,
       1.13507384e-03, 0., 0., 1.13507384e-03, 0., 1.13507384e-03,
       2.27014767e-03, 4.54029534e-03, 4.54029534e-03, 1.13507384e-03,
       0., 0., 0., 1.13507384e-03, 2.27014767e-03, 1.13507384e-03,
       1.13507384e-03, 1.13507384e-03, 2.27014767e-03, 0.,
       1.13507384e-03, 2.27014767e-03, 1.13507384e-03, 0.,
       7.94551708e-03, 0., 2.27014767e-03, 2.27014767e-03,
       1.13507384e-03, 2.27014767e-03, 0., 0., 2.27014767e-03,
       1.13507384e-03, 1.13507384e-03, 2.27014767e-03, 1.13507384e-03,
       0., 0., 3.40522151e-03, 5.67536894e-03, 1.13507384e-03,
       2.27014767e-03, 1.13507384e-03, 0., 2.27014767e-03,
       1.13507384e-03, 1.13507384e-03, 0., 0., 0., 3.40522151e-03,
       3.40522151e-03, 0., 0., 2.27014767e-03, 0., 0., 0., 0., 0., 0.,
       1.13507384e-03, 1.13507384e-03, 0., 0., 1.13507384e-03, 0.,
       6.81044301e-03, 2.27014767e-03, 2.27014767e-03, 1.13507384e-03,
       0., 0., 2.27014767e-03, 0., 0., 1.13507384e-03, 2.27014767e-03,
       0., 0., 1.13507384e-03, 0., 1.13507384e-03, 3.40522151e-03,
       3.40522151e-03, 1.13507384e-03, 0., 0., 1.13507384e-03,
       1.13507384e-03, 1.13507384e-03, 2.27014767e-03, 0., 0.,
       2.27014767e-03, 1.13507384e-03, 0., 4.54029534e-03,
       4.54029534e-03, 1.13507384e-03, 0., 0., 2.27014767e-03, 0.,
       1.13507384e-03, 0., 1.13507384e-03, 0., 1.13507384e-03,
       1.13507384e-03, 0., 1.13507384e-03, 2.27014767e-03, 0.,
       4.54029534e-03, 2.27014767e-03, 0., 0., 0., 1.13507384e-03,
       6.81044301e-03, 1.13507384e-03, 2.27014767e-03, 2.27014767e-03,
       1.13507384e-03, 0., 1.13507384e-03, 0., 0., 0., 2.27014767e-03,
       0., 0., 2.27014767e-03, 0., 1.13507384e-03, 0., 0.,
       1.13507384e-03, 0., 0., 1.13507384e-03, 0., 0., 1.13507384e-03,
       0., 2.27014767e-03, 0., 0., 0., 0., 0., 2.27014767e-03, 0.,
       2.27014767e-03, 0., 3.40522151e-03, 1.13507384e-03,
       1.13507384e-03, 1.13507384e-03, 1.13507384e-03, 1.13507384e-03,
       1.13507384e-03, 1.13507384e-03, 0., 2.27014767e-03, 0., 0.,
       1.13507384e-03, 1.13507384e-03, 1.13507384e-03, 2.27014767e-03,
       1.13507384e-03, 1.13507384e-03, 1.13507384e-03, 3.40522151e-03,
       0., 3.40522151e-03, 0., 1.13507384e-03, 2.27014767e-03, 0.,
       2.27014767e-03, 3.40522151e-03, 0., 1.13507384e-03,
       1.13507384e-03, 0., 1.13507384e-03, 2.27014767e-03,
       1.13507384e-03, 2.27014767e-03, 2.27014767e-03, 1.13507384e-03,
       1.13507384e-03, 2.27014767e-03, 1.13507384e-03, 0., 0.,
       1.13507384e-03, 1.13507384e-03, 1.13507384e-03, 0., 0., 0.,
       2.27014767e-03, 0., 2.27014767e-03, 1.13507384e-03,
       3.40522151e-03, 0., 2.27014767e-03, 1.13507384e-03, 0.,
       6.81044301e-03, 3.40522151e-03, 0., 0., 1.13507384e-03,
       1.13507384e-03, 1.13507384e-03, 2.27014767e-03, 0., 0.,
       1.13507384e-03, 0., 3.40522151e-03, 0., 3.40522151e-03, 0.,
       4.54029534e-03, 1.13507384e-03, 3.40522151e-03, 1.13507384e-03,
       2.27014767e-03, 0., 4.54029534e-03, 2.27014767e-03,
       1.13507384e-03, 1.13507384e-03, 0., 1.13507384e-03,
       1.13507384e-03, 0., 2.27014767e-03, 1.13507384e-03, 0.,
       2.27014767e-03, 0., 3.40522151e-03, 0., 3.40522151e-03,
       2.27014767e-03, 0., 2.27014767e-03, 0., 1.13507384e-03,
       1.13507384e-03, 0., 0., 4.54029534e-03, 4.54029534e-03,
       1.13507384e-03, 1.13507384e-03, 0., 1.13507384e-03,
       1.13507384e-03, 0., 1.13507384e-03, 2.27014767e-03,
       1.13507384e-03, 2.27014767e-03, 1.13507384e-03, 2.27014767e-03,
       0., 0., 1.13507384e-03, 0., 0., 1.13507384e-03, 1.13507384e-03,
       1.13507384e-03, 1.13507384e-03, 0., 0., 1.13507384e-03,
       1.13507384e-03, 0., 0., 0., 0., 2.27014767e-03, 1.13507384e-03,
       5.67536894e-03, 0., 0., 2.27014767e-03, 0., 3.40522151e-03, 0.,
       2.27014767e-03, 1.13507384e-03, 1.13507384e-03, 0., 0., 0.,
       1.13507384e-03, 0., 2.27014767e-03, 3.40522151e-03, 0.,
       1.13507384e-03, 0., 4.54029534e-03, 2.27014767e-03, 0., 0., 0.,
       3.40522151e-03, 1.13507384e-03, 1.13507384e-03, 6.81044301e-03,
       0., 0., 1.13507384e-03, 1.13507384e-03, 0., 2.27014767e-03, 0.,
       0., 0., 0., 3.40522151e-03, 1.13507384e-03, 2.27014767e-03, 0.,
       0., 3.40522151e-03, 3.40522151e-03, 1.13507384e-03,
       2.27014767e-03, 0., 2.27014767e-03, 1.13507384e-03,
       1.13507384e-03, 1.13507384e-03, 0., 0., 0., 2.27014767e-03,
       2.27014767e-03, 0., 0., 1.13507384e-03, 0., 0., 1.13507384e-03,
       1.13507384e-03, 0., 0., 2.27014767e-03, 1.13507384e-03,
       1.13507384e-03, 1.13507384e-03, 2.27014767e-03, 0.,
       1.13507384e-03, 0., 1.13507384e-03, 0., 2.27014767e-03,
       2.27014767e-03, 0., 1.13507384e-03, 0., 0., 1.13507384e-03, 0.,
       1.13507384e-03, 0., 3.40522151e-03, 0., 1.13507384e-03, 0.,
       1.13507384e-03, 1.13507384e-03, 0., 2.27014767e-03,
       3.40522151e-03, 1.13507384e-03, 3.40522151e-03, 1.13507384e-03,
       1.13507384e-03, 2.27014767e-03, 0., 1.13507384e-03,
       1.13507384e-03, 0., 1.13507384e-03, 1.13507384e-03, 0.,
       1.13507384e-03, 1.13507384e-03, 2.27014767e-03, 1.13507384e-03,
       1.13507384e-03, 4.54029534e-03, 2.27014767e-03, 5.67536894e-03,
       1.13507384e-03, 0., 0., 0., 0., 0., 1.13507384e-03,
