%YAML:1.0
m10f: !!opencv-matrix
   rows: 1
   cols: 800
   dt: f
   data: [ 2.12201593e-03, 3.18302400e-03, 3.18302400e-03,
       3.18302400e-03, 5.30503981e-04, 1.06100796e-03, 4.24403185e-03,
       2.65251985e-03, 1.06100796e-03, 3.18302400e-03, 1.06100796e-03,
       1.06100796e-03, 0., 5.30503981e-04, 1.06100796e-03,
       5.30503981e-04, 0., 1.59151200e-03, 0., 5.30503981e-04,
       3.18302400e-03, 0., 1.06100796e-03, 0., 5.30503981e-04,
       5.30503981e-04, 1.06100796e-03, 5.30503970e-03, 0., 0.,
       5.30503981e-04, 2.12201593e-03, 1.06100796e-03, 1.59151200e-03,
       5.30503981e-04, 3.71352793e-03, 1.06100796e-03, 5.30503981e-04,
       5.30503981e-04, 5.30503981e-04, 1.59151200e-03, 1.06100796e-03,
       0., 2.65251985e-03, 5.30503981e-04, 1.59151200e-03, 0., 0.,
       1.59151200e-03, 0., 2.12201593e-03, 1.59151200e-03, 0.,
       5.30503981e-04, 0., 5.30503981e-04, 1.06100796e-03,
       5.30503981e-04, 5.30503981e-04, 1.59151200e-03, 0.,
       3.71352793e-03, 5.30503981e-04, 2.65251985e-03, 5.30503981e-04,
       5.30503981e-04, 0., 1.06100796e-03, 5.30503981e-04,
       5.30503981e-04, 5.30503981e-04, 0., 1.59151200e-03,
       1.06100796e-03, 1.06100796e-03, 3.71352793e-03, 1.06100796e-03,
       0., 5.30503981e-04, 5.30503981e-04, 1.06100796e-03, 0.,
       1.06100796e-03, 1.59151200e-03, 5.83554385e-03, 3.71352793e-03,
       1.59151200e-03, 2.12201593e-03, 5.30503981e-04, 5.30503981e-04,
       0., 0., 4.24403185e-03, 3.71352793e-03, 1.59151200e-03,
       5.30503981e-04, 5.30503981e-04, 2.12201593e-03, 5.30503981e-04,
       0., 0., 2.12201593e-03, 3.71352793e-03, 0., 5.30503981e-04, 0.,
       5.30503981e-04, 5.30503981e-04, 0., 1.06100796e-03, 0.,
       3.18302400e-03, 0., 1.59151200e-03, 6.89655170e-03,
       5.30503981e-04, 5.30503981e-04, 2.65251985e-03, 1.59151200e-03,
       3.18302400e-03, 1.06100796e-03, 5.30503981e-04, 5.30503970e-03,
       2.12201593e-03, 5.30503981e-04, 2.12201593e-03, 1.06100796e-03,
       1.06100796e-03, 2.65251985e-03, 1.59151200e-03, 5.30503981e-04,
       1.59151200e-03, 3.71352793e-03, 2.12201593e-03, 1.06100796e-03,
       5.30503981e-04, 2.12201593e-03, 0., 5.30503981e-04,
       2.12201593e-03, 5.30503981e-04, 0., 4.24403185e-03,
       1.06100796e-03, 0., 3.71352793e-03, 1.06100796e-03,
       5.30503981e-04, 5.30503981e-04, 1.59151200e-03, 2.65251985e-03,
       5.30503981e-04, 1.06100796e-03, 5.30503981e-04, 1.59151200e-03,
       0., 0., 5.30503970e-03, 2.65251985e-03, 0., 0., 5.30503981e-04,
       0., 2.65251985e-03, 0., 5.30503981e-04, 1.59151200e-03,
       1.06100796e-03, 2.12201593e-03, 3.18302400e-03, 1.59151200e-03,
       5.30503981e-04, 2.12201593e-03, 2.65251985e-03, 1.06100796e-03,
       5.30503981e-04, 1.06100796e-03, 5.30503981e-04, 0.,
       1.06100796e-03, 2.12201593e-03, 1.06100796e-03, 1.06100796e-03,
       5.30503981e-04, 5.30503981e-04, 1.06100796e-03, 1.59151200e-03,
       1.06100796e-03, 0., 6.89655170e-03, 0., 3.71352793e-03, 0.,
       1.06100796e-03, 3.71352793e-03, 2.12201593e-03, 5.30503981e-04,
       5.30503981e-04, 5.30503981e-04, 0., 1.06100796e-03,
       5.30503981e-04, 5.30503981e-04, 0., 2.65251985e-03,
       5.30503981e-04, 1.59151200e-03, 0., 5.30503981e-04,
       1.59151200e-03, 2.12201593e-03, 1.06100796e-03, 1.06100796e-03,
       4.77453601e-03, 2.65251985e-03, 2.12201593e-03, 0., 0.,
       1.59151200e-03, 3.71352793e-03, 5.30503981e-04, 0., 0.,
       2.65251985e-03, 5.30503981e-04, 3.18302400e-03, 0.,
       2.12201593e-03, 2.65251985e-03, 1.06100796e-03, 1.06100796e-03,
       5.30503981e-04, 5.30503981e-04, 0., 5.30503981e-04, 0.,
       2.65251985e-03, 0., 5.30503981e-04, 6.36604801e-03,
       3.18302400e-03, 3.71352793e-03, 2.65251985e-03, 1.06100796e-03,
       1.06100796e-03, 3.71352793e-03, 3.18302400e-03, 1.59151200e-03,
       1.06100796e-03, 2.12201593e-03, 2.12201593e-03, 2.12201593e-03,
       1.59151200e-03, 3.18302400e-03, 0., 5.30503981e-04,
       5.30503981e-04, 5.30503981e-04, 0., 0., 5.30503981e-04,
       1.06100796e-03, 1.59151200e-03, 0., 1.06100796e-03, 0.,
       5.30503981e-04, 2.65251985e-03, 3.18302400e-03, 1.59151200e-03,
       1.59151200e-03, 0., 1.59151200e-03, 1.06100796e-03,
       5.30503981e-04, 0., 0., 3.18302400e-03, 2.12201593e-03,
       2.65251985e-03, 2.12201593e-03, 1.59151200e-03, 1.59151200e-03,
       1.06100796e-03, 5.30503981e-04, 2.12201593e-03, 1.59151200e-03,
       1.06100796e-03, 5.30503981e-04, 1.06100796e-03, 1.06100796e-03,
       2.65251985e-03, 0., 1.06100796e-03, 1.59151200e-03,
       5.30503981e-04, 2.12201593e-03, 1.06100796e-03, 1.06100796e-03,
       1.59151200e-03, 0., 5.30503981e-04, 4.24403185e-03,
       3.18302400e-03, 1.59151200e-03, 5.30503981e-04, 5.30503981e-04,
       5.30503981e-04, 1.06100796e-03, 5.30503981e-04, 5.30503981e-04,
       0., 1.06100796e-03, 0., 0., 0., 5.30503970e-03, 0.,
       3.71352793e-03, 5.30503981e-04, 1.06100796e-03, 5.30503981e-04,
       1.59151200e-03, 4.77453601e-03, 0., 0., 1.06100796e-03,
       5.30503981e-04, 1.59151200e-03, 5.30503981e-04, 5.30503981e-04,
       0., 1.06100796e-03, 1.06100796e-03, 0., 1.59151200e-03,
       4.24403185e-03, 5.30503981e-04, 0., 1.06100796e-03, 0.,
       5.30503981e-04, 2.12201593e-03, 1.59151200e-03, 1.59151200e-03,
       2.12201593e-03, 4.77453601e-03, 5.30503981e-04, 1.59151200e-03,
       1.06100796e-03, 0., 5.30503981e-04, 0., 1.59151200e-03,
       1.06100796e-03, 0., 1.06100796e-03, 5.30503981e-04,
       1.06100796e-03, 1.59151200e-03, 5.30503981e-04, 5.30503981e-04,
       5.30503981e-04, 2.65251985e-03, 1.59151200e-03, 0.,
       1.59151200e-03, 5.30503981e-04, 1.59151200e-03, 0., 0.,
       1.06100796e-03, 2.12201593e-03, 0., 0., 0., 1.06100796e-03,
       2.12201593e-03, 4.24403185e-03, 3.71352793e-03, 1.59151200e-03,
       0., 2.65251985e-03, 5.30503981e-04, 0., 2.65251985e-03,
       1.06100796e-03, 1.06100796e-03, 5.30503981e-04, 5.30503981e-04,
       2.65251985e-03, 0., 3.71352793e-03, 1.06100796e-03,
       1.06100796e-03, 1.06100796e-03, 1.06100796e-03, 0.,
       1.06100796e-03, 0., 1.06100796e-03, 5.30503981e-04,
       5.30503981e-04, 1.06100796e-03, 5.30503981e-04, 0.,
       1.06100796e-03, 1.59151200e-03, 1.59151200e-03, 3.18302400e-03,
       0., 1.06100796e-03, 1.59151200e-03, 0., 4.77453601e-03, 0.,
       1.06100796e-03, 1.06100796e-03, 1.06100796e-03, 5.30503981e-04,
       1.06100796e-03, 1.59151200e-03, 5.30503981e-04, 3.71352793e-03,
       1.06100796e-03, 1.06100796e-03, 5.30503981e-04, 5.30503981e-04,
       0., 2.12201593e-03, 5.30503981e-04, 5.30503981e-04,
       2.12201593e-03, 5.30503981e-04, 0., 5.30503981e-04,
       1.59151200e-03, 2.12201593e-03, 5.30503981e-04, 0.,
       1.59151200e-03, 0., 5.30503981e-04, 1.06100796e-03,
       1.59151200e-03, 1.59151200e-03, 5.30503981e-04, 5.30503981e-04,
       0., 1.06100796e-03, 5.30503981e-04, 5.30503981e-04,
       2.65251985e-03, 0., 0., 5.30503981e-04, 4.77453601e-03,
       2.12201593e-03, 1.06100796e-03, 1.59151200e-03, 5.30503981e-04,
       4.24403185e-03, 5.30503981e-04, 5.30503981e-04, 5.30503981e-04,
       1.06100796e-03, 3.18302400e-03, 1.59151200e-03, 2.12201593e-03,
       2.12201593e-03, 4.77453601e-03, 3.18302400e-03, 0.,
       1.06100796e-03, 1.59151200e-03, 0., 1.06100796e-03,
       1.06100796e-03, 5.30503981e-04, 5.30503981e-04, 1.06100796e-03,
       1.06100796e-03, 2.12201593e-03, 5.30503981e-04, 1.59151200e-03,
       1.06100796e-03, 5.30503981e-04, 5.30503981e-04, 0.,
       1.59151200e-03, 1.59151200e-03, 1.59151200e-03, 1.06100796e-03,
       4.77453601e-03, 1.06100796e-03, 0., 3.18302400e-03,
       5.30503981e-04, 2.12201593e-03, 0., 1.59151200e-03,
       5.30503981e-04, 2.12201593e-03, 5.30503970e-03, 5.30503981e-04,
       1.06100796e-03, 0., 5.30503981e-04, 5.30503981e-04,
       1.06100796e-03, 1.59151200e-03, 1.59151200e-03, 1.59151200e-03,
       1.06100796e-03, 1.59151200e-03, 1.59151200e-03, 2.65251985e-03,
