%YAML:1.0
m10f: !!opencv-matrix
   rows: 1
   cols: 800
   dt: f
   data: [ 8.88494018e-04, 8.88494018e-04, 8.88494018e-04,
       1.77698804e-03, 0., 1.33274100e-03, 4.44247009e-04,
       4.44247015e-03, 0., 0., 4.44247009e-04, 4.44247009e-04, 0., 0.,
       1.77698804e-03, 4.44247009e-04, 1.77698804e-03, 1.33274100e-03,
       0., 4.44247009e-04, 4.44247009e-04, 4.44247009e-04,
       4.44247009e-04, 2.22123507e-03, 0., 4.44247009e-04, 0.,
       4.44247009e-04, 1.77698804e-03, 0., 2.22123507e-03,
       3.55397607e-03, 0., 4.44247009e-04, 2.22123507e-03,
       4.44247009e-04, 2.66548200e-03, 2.22123507e-03, 0.,
       5.77521091e-03, 2.22123507e-03, 1.33274100e-03, 8.88494018e-04,
       8.88494018e-04, 8.88494018e-04, 1.33274100e-03, 0.,
       4.44247009e-04, 1.33274100e-03, 2.66548200e-03, 2.22123507e-03,
       3.55397607e-03, 8.88494018e-04, 1.77698804e-03, 1.77698804e-03,
       2.66548200e-03, 1.77698804e-03, 4.44247009e-04, 8.88494018e-04,
       1.77698804e-03, 0., 8.88494018e-04, 2.66548200e-03,
       4.44247009e-04, 4.44247009e-04, 1.33274100e-03, 4.44247009e-04,
       1.33274100e-03, 2.22123507e-03, 4.44247009e-04, 1.33274100e-03,
       4.44247009e-04, 4.44247009e-04, 0., 4.44247009e-04,
       4.44247009e-04, 1.77698804e-03, 2.22123507e-03, 1.37716569e-02,
       8.88494018e-04, 1.77698804e-03, 8.88494018e-04, 4.44247009e-04,
       0., 1.33274100e-03, 4.44247009e-04, 8.88494018e-04,
       1.77698804e-03, 1.77698804e-03, 4.44247009e-04, 0.,
       4.44247009e-04, 4.44247015e-03, 1.33274100e-03, 4.44247009e-04,
       4.44247009e-04, 4.44247009e-04, 1.77698804e-03, 2.22123507e-03,
       3.10972915e-03, 4.44247009e-04, 1.33274100e-03, 4.44247009e-04,
       8.88494018e-04, 0., 1.33274100e-03, 4.44247009e-04,
       2.22123507e-03, 1.77698804e-03, 3.99822323e-03, 4.44247009e-04,
       1.33274100e-03, 2.22123507e-03, 4.44247009e-04, 8.88494018e-04,
       2.66548200e-03, 4.44247009e-04, 0., 4.44247009e-04,
       3.10972915e-03, 4.44247015e-03, 8.88494018e-04, 1.77698804e-03,
       4.44247009e-04, 0., 4.44247009e-04, 1.33274100e-03,
       8.88494018e-04, 8.88494018e-04, 2.66548200e-03, 0.,
       3.10972915e-03, 2.22123507e-03, 1.33274100e-03, 4.44247009e-04,
       8.88494018e-04, 1.33274100e-03, 8.88494018e-04, 4.44247009e-04,
       8.88494018e-04, 1.77698804e-03, 3.10972915e-03, 0.,
       3.10972915e-03, 2.22123507e-03, 3.10972915e-03, 3.10972915e-03,
       0., 1.77698804e-03, 1.33274100e-03, 0., 1.33274100e-03,
       4.44247009e-04, 0., 3.10972915e-03, 2.66548200e-03,
       4.44247009e-04, 1.77698804e-03, 0., 4.44247009e-04,
       8.88494018e-04, 4.44247009e-04, 8.88494018e-04, 2.22123507e-03,
       1.33274100e-03, 2.66548200e-03, 4.44247009e-04, 1.33274100e-03,
       0., 4.44247009e-04, 8.88494018e-04, 2.22123507e-03, 0.,
       4.44247009e-04, 4.44247009e-04, 4.44247009e-04, 8.88494018e-04,
       0., 1.33274100e-03, 4.44247009e-04, 2.22123507e-03,
       1.33274100e-03, 4.44247009e-04, 1.33274100e-03, 8.88494018e-04,
       2.66548200e-03, 8.88494018e-04, 0., 2.66548200e-03, 0.,
       3.55397607e-03, 4.44247009e-04, 1.33274100e-03, 3.10972915e-03,
       4.44247009e-04, 2.22123507e-03, 1.77698804e-03, 0.,
       4.44247009e-04, 1.33274100e-03, 1.33274100e-03, 1.77698804e-03,
       4.44247009e-04, 1.77698804e-03, 4.44247009e-04, 4.44247009e-04,
       1.77698804e-03, 4.44247009e-04, 8.88494018e-04, 8.88494018e-04,
       8.88494018e-04, 8.88494030e-03, 4.44247009e-04, 8.88494018e-04,
       3.10972915e-03, 3.10972915e-03, 1.77698804e-03, 1.33274100e-03,
       0., 8.88494018e-04, 8.88494018e-04, 0., 9.32918675e-03, 0., 0.,
       0., 4.44247009e-04, 8.88494018e-04, 2.66548200e-03,
       4.44247009e-04, 9.32918675e-03, 3.99822323e-03, 0.,
       2.66548200e-03, 0., 4.44247009e-04, 1.33274100e-03,
       4.44247009e-04, 4.44247009e-04, 8.88494018e-04, 3.10972915e-03,
       1.33274100e-03, 1.33274100e-03, 2.22123507e-03, 4.44247009e-04,
       4.44247009e-04, 8.88494018e-04, 4.44247009e-04, 1.77698804e-03,
       8.88494018e-04, 4.44247009e-04, 0., 4.44247015e-03,
       1.33274100e-03, 4.44247009e-04, 1.33274100e-03, 0.,
       4.44247009e-04, 4.44247009e-04, 8.88494018e-04, 3.55397607e-03,
       4.44247009e-04, 3.10972915e-03, 4.44247009e-04, 0.,
       4.44247009e-04, 0., 1.77698804e-03, 2.22123507e-03,
       4.44247009e-04, 4.44247009e-04, 0., 8.88494018e-04,
       4.44247009e-04, 0., 3.10972915e-03, 4.44247009e-04,
       8.88494018e-04, 2.66548200e-03, 1.77698804e-03, 8.88494018e-04,
       0., 3.10972915e-03, 8.88494018e-04, 1.77698804e-03,
       4.44247009e-04, 4.44247009e-04, 0., 2.22123507e-03,
       1.33274100e-03, 2.22123507e-03, 4.44247009e-04, 4.44247009e-04,
       8.88494018e-04, 4.44247015e-03, 4.44247015e-03, 4.44247009e-04,
       3.99822323e-03, 8.88494018e-04, 0., 0., 1.77698804e-03,
       1.33274100e-03, 4.44247009e-04, 4.44247009e-04, 4.44247009e-04,
       8.88494018e-04, 1.77698804e-03, 2.22123507e-03, 2.66548200e-03,
       2.22123507e-03, 4.44247009e-04, 3.10972915e-03, 4.44247009e-04,
       1.77698804e-03, 4.44247009e-04, 8.88494018e-04, 8.88494018e-04,
       4.44247009e-04, 1.77698804e-03, 8.88494018e-04, 1.33274100e-03,
       8.88494018e-04, 3.10972915e-03, 0., 4.44247009e-04,
       1.33274100e-03, 4.44247009e-04, 1.77698804e-03, 4.44247009e-04,
       1.77698804e-03, 1.77698804e-03, 8.88494018e-04, 1.77698804e-03,
       2.66548200e-03, 4.44247009e-04, 1.33274100e-03, 1.33274100e-03,
       8.88494018e-04, 0., 2.22123507e-03, 0., 4.44247015e-03,
       1.77698804e-03, 8.88494018e-04, 0., 4.44247015e-03,
       1.33274100e-03, 1.33274100e-03, 1.33274100e-03, 0.,
       8.88494018e-04, 1.77698804e-03, 1.33274100e-03, 4.44247009e-04,
       8.88494018e-04, 1.33274100e-03, 0., 1.77698804e-03,
       8.88494018e-04, 1.33274100e-03, 4.44247009e-04, 0.,
       1.77698804e-03, 3.10972915e-03, 1.33274100e-03, 1.33274100e-03,
       1.33274100e-03, 4.44247009e-04, 4.44247009e-04, 4.44247015e-03,
       8.88494018e-04, 1.33274100e-03, 1.77698804e-03, 1.77698804e-03,
       4.44247009e-04, 1.33274100e-03, 0., 1.77698804e-03,
       8.88494018e-04, 4.44247009e-04, 1.33274100e-03, 0.,
       1.77698804e-03, 8.88494018e-04, 1.33274100e-03, 8.88494018e-04,
       0., 8.88494018e-04, 1.33274100e-03, 0., 1.33274100e-03, 0.,
       4.44247009e-04, 1.77698804e-03, 2.22123507e-03, 8.88494018e-04,
       2.66548200e-03, 8.88494018e-04, 1.77698804e-03, 2.66548200e-03,
       3.10972915e-03, 4.44247009e-04, 1.33274100e-03, 8.88494018e-04,
       1.33274100e-03, 4.44247009e-04, 1.33274100e-03, 8.88494018e-04,
       8.88494018e-04, 4.44247009e-04, 8.88494018e-04, 3.10972915e-03,
       0., 1.33274100e-03, 1.33274100e-03, 0., 8.88494018e-04,
       8.88494018e-04, 4.44247009e-04, 4.44247009e-04, 2.22123507e-03,
       2.22123507e-03, 1.33274100e-03, 8.88494018e-04, 1.77698804e-03,
       4.44247009e-04, 2.22123507e-03, 4.44247009e-04, 1.33274100e-03,
       4.44247009e-04, 4.44247009e-04, 4.44247009e-04, 8.88494018e-04,
       4.44247009e-04, 1.77698804e-03, 0., 1.33274100e-03, 0.,
       1.33274100e-03, 4.44247009e-04, 8.88494018e-04, 0.,
       8.88494018e-04, 1.33274100e-03, 0., 2.66548200e-03, 0.,
       4.44247009e-04, 4.44247009e-04, 4.44247009e-04, 8.88494018e-04,
       1.77698804e-03, 4.44247009e-04, 4.44247009e-04, 1.77698804e-03,
       2.66548200e-03, 2.66548200e-03, 3.10972915e-03, 0.,
       2.22123507e-03, 4.44247009e-04, 0., 0., 8.88494018e-04,
       8.88494018e-04, 4.44247009e-04, 3.10972915e-03, 3.99822323e-03,
       2.66548200e-03, 8.88494018e-04, 2.22123507e-03, 1.77698804e-03,
       2.22123507e-03, 0., 1.77698804e-03, 1.33274100e-03,
       4.44247009e-04, 1.33274100e-03, 4.44247009e-04, 8.88494018e-04,
       1.77698804e-03, 1.77698804e-03, 0., 8.88494018e-04,
       1.33274100e-03, 1.77698804e-03, 3.10972915e-03, 4.44247009e-04,
       3.10972915e-03, 0., 1.77698804e-03, 1.77698804e-03,
       4.44247009e-04, 4.44247009e-04, 2.22123507e-03, 8.88494018e-04,
