%YAML:1.0
m10f: !!opencv-matrix
   rows: 1
   cols: 800
   dt: f
   data: [ 1.20663655e-03, 2.11161398e-03, 3.01659136e-04,
       2.41327309e-03, 6.03318273e-04, 3.01659130e-03, 1.80995488e-03,
       1.20663655e-03, 1.20663655e-03, 6.03318273e-04, 6.03318273e-04,
       6.03318273e-04, 6.03318273e-04, 6.03318273e-04, 3.01659136e-04,
       6.03318273e-04, 9.04977438e-04, 2.11161398e-03, 3.01659136e-04,
       6.03318273e-04, 3.01659130e-03, 9.04977438e-04, 9.04977438e-04,
       3.01659136e-04, 1.20663655e-03, 3.01659136e-04, 1.80995488e-03,
       3.01659136e-04, 3.01659136e-04, 9.04977438e-04, 2.41327309e-03,
       2.11161398e-03, 9.04977438e-04, 3.01659136e-04, 4.52488707e-03,
       6.03318273e-04, 0., 1.80995488e-03, 1.50829565e-03,
       9.04977438e-04, 0., 9.04977438e-04, 9.04977438e-04,
       9.04977438e-04, 2.41327309e-03, 1.20663655e-03, 1.20663655e-03,
       1.20663655e-03, 9.04977438e-04, 3.01659136e-04, 3.01659136e-04,
       9.04977438e-04, 6.03318273e-04, 2.11161398e-03, 3.01659136e-04,
       1.20663655e-03, 4.52488707e-03, 9.04977438e-04, 2.41327309e-03,
       3.01659130e-03, 1.50829565e-03, 9.04977438e-04, 9.04977438e-04,
       6.03318273e-04, 9.04977438e-04, 3.01659136e-04, 9.04977438e-04,
       6.03318273e-04, 6.03318273e-04, 9.04977438e-04, 1.20663655e-03,
       6.03318273e-04, 6.03318273e-04, 1.80995488e-03, 1.50829565e-03,
       2.11161398e-03, 1.20663655e-03, 9.04977438e-04, 3.01659136e-04,
       9.04977438e-04, 6.03318273e-04, 1.50829565e-03, 1.20663655e-03,
       1.20663655e-03, 1.50829565e-03, 4.22322797e-03, 1.20663655e-03,
       1.80995488e-03, 6.03318273e-04, 9.04977438e-04, 1.80995488e-03,
       9.04977438e-04, 6.03318273e-04, 1.50829565e-03, 1.20663655e-03,
       9.04977438e-04, 3.01659136e-04, 3.01659136e-04, 2.11161398e-03,
       6.03318273e-04, 1.20663655e-03, 6.03318273e-04, 3.01659136e-04,
       1.80995488e-03, 1.50829565e-03, 9.04977438e-04, 1.50829565e-03,
       1.20663655e-03, 9.04977438e-04, 3.31825041e-03, 1.20663655e-03,
       3.92156886e-03, 3.01659130e-03, 1.50829565e-03, 9.04977438e-04,
       1.80995488e-03, 9.04977438e-04, 1.20663655e-03, 4.52488707e-03,
       1.20663655e-03, 1.50829565e-03, 0., 1.80995488e-03,
       1.20663655e-03, 1.20663655e-03, 9.04977438e-04, 1.20663655e-03,
       9.04977438e-04, 9.04977438e-04, 2.11161398e-03, 1.20663655e-03,
       1.50829565e-03, 9.04977438e-04, 9.04977438e-04, 6.03318273e-04,
       1.80995488e-03, 1.20663655e-03, 9.04977438e-04, 1.80995488e-03,
       1.20663655e-03, 9.04977438e-04, 3.01659136e-04, 3.31825041e-03,
       3.01659136e-04, 1.50829565e-03, 1.50829565e-03, 6.03318273e-04,
       9.04977438e-04, 1.80995488e-03, 1.80995488e-03, 1.50829565e-03,
       2.11161398e-03, 1.80995488e-03, 1.50829565e-03, 3.31825041e-03,
       1.80995488e-03, 8.14479683e-03, 3.92156886e-03, 1.20663655e-03,
       3.01659136e-04, 1.20663655e-03, 1.80995488e-03, 3.01659130e-03,
       9.04977438e-04, 1.80995488e-03, 6.03318273e-04, 1.20663655e-03,
       0., 3.31825041e-03, 2.41327309e-03, 9.04977438e-04,
       1.80995488e-03, 6.03318273e-04, 2.41327309e-03, 0.,
       3.01659136e-04, 9.04977438e-04, 0., 9.04977438e-04,
       6.03318273e-04, 3.01659130e-03, 6.03318273e-04, 1.20663655e-03,
       6.03318273e-04, 6.03318273e-04, 1.50829565e-03, 1.20663655e-03,
       9.04977438e-04, 9.04977438e-04, 3.01659136e-04, 1.50829565e-03,
       1.50829565e-03, 9.04977438e-04, 3.01659136e-04, 9.04977438e-04,
       6.03318273e-04, 6.03318273e-04, 9.04977438e-04, 6.03318273e-04,
       1.80995488e-03, 6.03318273e-04, 3.01659136e-04, 6.03318273e-04,
       6.03318273e-04, 3.01659136e-04, 1.50829565e-03, 1.20663655e-03,
       9.04977438e-04, 1.50829565e-03, 1.20663655e-03, 1.80995488e-03,
       1.80995488e-03, 2.71493220e-03, 6.03318273e-04, 3.01659136e-04,
       1.80995488e-03, 1.50829565e-03, 0., 2.71493220e-03,
       1.50829565e-03, 1.50829565e-03, 6.03318273e-04, 2.41327309e-03,
       6.03318273e-04, 3.01659136e-04, 9.04977438e-04, 1.50829565e-03,
       1.20663655e-03, 2.71493220e-03, 1.20663655e-03, 9.04977438e-04,
       1.50829565e-03, 1.20663655e-03, 6.03318273e-04, 2.11161398e-03,
       3.01659136e-04, 9.04977438e-04, 1.50829565e-03, 1.80995488e-03,
       9.04977438e-04, 2.11161398e-03, 6.03318273e-04, 1.80995488e-03,
       9.04977438e-04, 9.04977438e-04, 1.20663655e-03, 3.92156886e-03,
       0., 9.04977438e-04, 1.20663655e-03, 0., 6.03318273e-04,
       1.50829565e-03, 6.03318273e-04, 9.04977438e-04, 2.41327309e-03,
       0., 1.50829565e-03, 6.03318273e-04, 3.01659136e-04,
       1.20663655e-03, 6.03318273e-04, 6.03318273e-04, 3.01659130e-03,
       1.20663655e-03, 9.04977438e-04, 6.03318273e-04, 3.01659136e-04,
       0., 3.01659136e-04, 6.03318273e-04, 1.20663655e-03,
       1.20663655e-03, 1.50829565e-03, 1.50829565e-03, 9.04977438e-04,
       2.11161398e-03, 1.50829565e-03, 1.20663655e-03, 6.03318273e-04,
       2.71493220e-03, 1.50829565e-03, 1.80995488e-03, 1.80995488e-03,
       6.03318273e-04, 0., 2.11161398e-03, 6.03318273e-04,
       3.01659136e-04, 3.61990975e-03, 1.20663655e-03, 1.80995488e-03,
       1.80995488e-03, 1.20663655e-03, 3.31825041e-03, 6.03318273e-04,
       1.80995488e-03, 2.71493220e-03, 6.03318273e-04, 3.01659130e-03,
       1.80995488e-03, 0., 0., 9.04977438e-04, 2.11161398e-03,
       3.92156886e-03, 1.20663655e-03, 1.50829565e-03, 1.20663655e-03,
       9.04977438e-04, 6.03318273e-04, 9.04977438e-04, 9.04977438e-04,
       6.03318273e-04, 1.20663655e-03, 6.03318273e-04, 0.,
       6.03318273e-04, 6.03318273e-04, 6.03318273e-04, 1.20663655e-03,
       6.03318273e-04, 9.04977438e-04, 1.50829565e-03, 3.01659136e-04,
       1.80995488e-03, 1.80995488e-03, 1.20663655e-03, 2.11161398e-03,
       1.80995488e-03, 6.03318273e-04, 6.03318273e-04, 1.50829565e-03,
       3.01659136e-04, 9.04977438e-04, 6.03318273e-04, 9.04977438e-04,
       1.20663655e-03, 1.50829565e-03, 1.50829565e-03, 0.,
       6.03318273e-04, 1.50829565e-03, 9.04977438e-04, 6.03318273e-04,
       6.03318273e-04, 3.01659136e-04, 6.03318273e-04, 6.03318273e-04,
       1.50829565e-03, 1.80995488e-03, 9.04977438e-04, 1.50829565e-03,
       1.20663655e-03, 2.11161398e-03, 2.11161398e-03, 1.80995488e-03,
       6.03318273e-04, 1.50829565e-03, 4.22322797e-03, 1.80995488e-03,
       9.04977438e-04, 3.61990975e-03, 1.50829565e-03, 1.50829565e-03,
       6.03318273e-04, 1.50829565e-03, 1.20663655e-03, 4.22322797e-03,
       2.11161398e-03, 1.50829565e-03, 6.03318273e-04, 9.04977438e-04,
       9.04977438e-04, 3.92156886e-03, 2.11161398e-03, 1.20663655e-03,
       4.52488707e-03, 4.22322797e-03, 6.03318273e-04, 2.11161398e-03,
       1.20663655e-03, 3.01659136e-04, 1.50829565e-03, 9.04977438e-04,
       1.80995488e-03, 1.20663655e-03, 3.01659136e-04, 2.71493220e-03,
       1.50829565e-03, 3.01659136e-04, 3.31825041e-03, 2.71493220e-03,
       3.92156886e-03, 6.03318273e-04, 9.04977438e-04, 1.50829565e-03,
       3.01659136e-04, 3.01659136e-04, 9.04977438e-04, 6.03318273e-04,
       6.03318273e-04, 0., 1.50829565e-03, 1.80995488e-03,
       3.92156886e-03, 6.03318273e-04, 9.04977438e-04, 3.01659136e-04,
       6.03318273e-04, 6.03318273e-04, 3.01659136e-04, 1.80995488e-03,
       3.01659136e-04, 9.04977438e-04, 2.41327309e-03, 1.20663655e-03,
       3.01659136e-04, 9.04977438e-04, 2.41327309e-03, 9.04977438e-04,
       3.01659136e-04, 6.03318273e-04, 1.80995488e-03, 3.01659136e-04,
       9.04977438e-04, 9.04977438e-04, 1.50829565e-03, 9.04977438e-04,
       1.20663655e-03, 1.20663655e-03, 9.04977438e-04, 3.92156886e-03,
       9.04977438e-04, 1.20663655e-03, 1.50829565e-03, 1.80995488e-03,
       1.50829565e-03, 6.03318273e-04, 1.50829565e-03, 1.50829565e-03,
       4.22322797e-03, 9.04977438e-04, 1.80995488e-03, 1.80995488e-03,
       1.80995488e-03, 1.20663655e-03, 9.04977438e-04, 9.04977438e-04,
       6.03318273e-04, 1.80995488e-03, 1.50829565e-03, 2.41327309e-03,
       6.03318273e-04, 1.20663655e-03, 6.03318273e-04, 1.50829565e-03,
