%YAML:1.0
m10f: !!opencv-matrix
   rows: 1
   cols: 800
   dt: f
   data: [ 0., 0., 0., 2.61780107e-03, 2.61780107e-03, 0., 0.,
       1.57068074e-02, 0., 0., 1.04712043e-02, 2.61780107e-03,
       2.61780107e-03, 0., 0., 5.23560215e-03, 0., 0., 0., 0., 0.,
       5.23560215e-03, 5.23560215e-03, 0., 2.61780107e-03,
       2.61780107e-03, 0., 0., 0., 0., 2.61780107e-03, 2.61780107e-03,
       0., 0., 0., 2.61780107e-03, 0., 0., 0., 2.61780107e-03, 0., 0.,
       0., 5.23560215e-03, 0., 5.23560215e-03, 2.61780107e-03, 0.,
       5.23560215e-03, 2.61780107e-03, 0., 2.61780107e-03,
       2.61780107e-03, 0., 2.61780107e-03, 0., 0., 0., 2.61780107e-03,
       0., 2.61780107e-03, 2.61780107e-03, 0., 2.61780107e-03,
       2.61780107e-03, 5.23560215e-03, 7.85340369e-03, 0.,
       5.23560215e-03, 0., 0., 0., 5.23560215e-03, 0., 0., 0., 0., 0.,
       0., 0., 5.23560215e-03, 0., 0., 0., 2.61780107e-03,
       2.61780107e-03, 0., 0., 0., 0., 0., 0., 0., 0., 0.,
       5.23560215e-03, 0., 2.61780107e-03, 7.85340369e-03, 0.,
       2.61780107e-03, 0., 0., 2.61780107e-03, 0., 0., 0., 0., 0., 0.,
       2.61780107e-03, 0., 0., 0., 2.61780107e-03, 0., 0.,
       2.61780107e-03, 0., 0., 0., 0., 0., 0., 0., 0., 2.61780107e-03,
       0., 0., 0., 7.85340369e-03, 5.23560215e-03, 0., 0.,
       2.61780107e-03, 2.61780107e-03, 0., 0., 0., 0., 2.61780107e-03,
       0., 2.61780107e-03, 2.61780107e-03, 2.61780107e-03,
       2.61780107e-03, 0., 5.23560215e-03, 2.61780107e-03, 0., 0., 0.,
       0., 2.61780107e-03, 0., 2.61780107e-03, 0., 5.23560215e-03,
       2.61780107e-03, 0., 0., 2.61780107e-03, 0., 2.61780107e-03, 0.,
       2.61780107e-03, 2.61780107e-03, 0., 0., 0., 0., 2.61780107e-03,
       5.23560215e-03, 2.61780107e-03, 0., 2.61780107e-03,
       2.61780107e-03, 5.23560215e-03, 0., 2.61780107e-03, 0., 0., 0.,
       2.61780107e-03, 0., 5.23560215e-03, 0., 0., 2.61780107e-03, 0.,
       0., 2.61780107e-03, 0., 0., 0., 0., 0., 0., 0., 0.,
       2.61780107e-03, 0., 0., 0., 0., 0., 0., 2.61780107e-03, 0., 0.,
       0., 0., 0., 0., 5.23560215e-03, 0., 0., 0., 5.23560215e-03, 0.,
       0., 1.04712043e-02, 0., 7.85340369e-03, 2.61780107e-03, 0., 0.,
       0., 0., 0., 0., 0., 0., 2.61780107e-03, 0., 0., 0.,
       2.61780107e-03, 0., 0., 0., 0., 0., 2.61780107e-03, 0., 0., 0.,
       1.04712043e-02, 0., 2.61780107e-03, 0., 2.61780107e-03,
       2.61780107e-03, 5.23560215e-03, 5.23560215e-03, 0.,
       2.61780107e-03, 0., 0., 2.61780107e-03, 0., 0., 0.,
       2.61780107e-03, 0., 0., 0., 1.04712043e-02, 2.61780107e-03, 0.,
       0., 0., 2.61780107e-03, 2.61780107e-03, 0., 0., 0., 0., 0., 0.,
       2.61780107e-03, 0., 0., 2.61780107e-03, 0., 0., 0., 0., 0.,
       2.61780107e-03, 0., 0., 0., 0., 0., 0., 7.85340369e-03, 0., 0.,
       5.23560215e-03, 2.61780107e-03, 0., 0., 0., 0., 0.,
       2.61780107e-03, 0., 5.23560215e-03, 0., 2.61780098e-02,
       2.61780107e-03, 0., 2.61780107e-03, 5.23560215e-03, 0., 0., 0.,
       5.23560215e-03, 0., 0., 0., 0., 0., 2.61780107e-03, 0., 0., 0.,
       0., 0., 2.61780107e-03, 0., 0., 0., 0., 2.61780107e-03,
       2.61780107e-03, 0., 0., 2.61780107e-03, 0., 2.61780107e-03, 0.,
       2.61780107e-03, 0., 0., 0., 0., 0., 0., 0., 0., 0.,
       2.61780107e-03, 2.61780107e-03, 0., 2.61780107e-03, 0., 0.,
       2.61780107e-03, 0., 0., 2.61780107e-03, 0., 0., 0., 0.,
       2.61780107e-03, 0., 0., 2.61780107e-03, 0., 5.23560215e-03, 0.,
       0., 0., 2.61780107e-03, 5.23560215e-03, 2.61780107e-03,
       5.23560215e-03, 0., 0., 7.85340369e-03, 0., 5.23560215e-03,
       5.23560215e-03, 2.61780107e-03, 5.23560215e-03, 0.,
       5.23560215e-03, 0., 2.61780107e-03, 2.61780107e-03,
       5.23560215e-03, 0., 0., 0., 0., 7.85340369e-03, 2.61780107e-03,
       0., 0., 2.61780107e-03, 0., 0., 7.85340369e-03, 2.61780107e-03,
       0., 0., 0., 2.61780107e-03, 0., 0., 0., 0., 0., 0., 0.,
       2.61780107e-03, 0., 0., 0., 2.61780107e-03, 0., 0.,
       2.61780107e-03, 0., 0., 0., 0., 5.23560215e-03, 0., 0., 0., 0.,
       5.23560215e-03, 0., 0., 0., 0., 2.61780107e-03, 0., 0., 0., 0.,
       2.61780107e-03, 0., 2.61780107e-03, 2.61780107e-03, 0.,
       2.61780107e-03, 0., 5.23560215e-03, 0., 0., 0., 0., 0.,
       2.61780107e-03, 0., 0., 2.61780107e-03, 0., 0., 0.,
       7.85340369e-03, 0., 0., 0., 0., 0., 0., 0., 0., 0., 0., 0.,
       2.61780107e-03, 0., 7.85340369e-03, 0., 2.61780107e-03, 0., 0.,
       0., 0., 2.61780107e-03, 0., 0., 0., 0., 0., 0., 0.,
       2.61780107e-03, 0., 5.23560215e-03, 2.61780107e-03, 0.,
       2.61780107e-03, 0., 0., 0., 0., 0., 0., 0., 2.61780107e-03, 0.,
       2.61780107e-03, 0., 1.30890049e-02, 2.61780107e-03, 0., 0.,
       5.23560215e-03, 0., 5.23560215e-03, 5.23560215e-03, 0.,
       2.61780107e-03, 0., 0., 0., 2.61780107e-03, 0., 0., 0., 0.,
       5.23560215e-03, 0., 2.61780107e-03, 0., 0., 0., 0.,
       2.61780107e-03, 0., 0., 0., 0., 0., 0., 0., 0., 0., 0., 0., 0.,
       0., 0., 0., 0., 2.61780107e-03, 0., 2.61780107e-03,
       2.61780107e-03, 0., 5.23560215e-03, 0., 0., 0., 2.61780107e-03,
       0., 2.61780107e-03, 0., 2.61780107e-03, 0., 0., 0., 0., 0., 0.,
       0., 2.61780107e-03, 0., 0., 0., 2.61780107e-03, 0., 0.,
       2.61780107e-03, 0., 2.61780107e-03, 7.85340369e-03, 0., 0., 0.,
       0., 0., 0., 0., 0., 0., 0., 5.23560215e-03, 5.23560215e-03, 0.,
       0., 0., 2.61780107e-03, 0., 2.61780107e-03, 2.61780107e-03, 0.,
       0., 0., 0., 0., 0., 0., 1.04712043e-02, 0., 0., 2.61780107e-03,
       2.61780107e-03, 0., 0., 0., 0., 0., 0., 5.23560215e-03,
       2.61780107e-03, 0., 5.23560215e-03, 0., 0., 0., 0., 0.,
       5.23560215e-03, 0., 2.61780107e-03, 0., 0., 0., 2.61780107e-03,
       0., 0., 0., 5.23560215e-03, 0., 0., 0., 0., 2.61780107e-03, 0.,
       2.61780107e-03, 2.61780107e-03, 2.61780107e-03, 0., 0., 0., 0.,
       5.23560215e-03, 0., 0., 0., 0., 0., 0., 0., 5.23560215e-03, 0.,
       3.40314135e-02, 5.23560215e-03, 0., 2.61780107e-03, 0., 0., 0.,
       0., 0., 0., 2.61780107e-03, 0., 0., 0., 0., 0., 2.61780107e-03,
       5.23560215e-03, 0., 0., 0., 0., 7.85340369e-03, 0., 0., 0., 0.,
       0., 0., 0., 0., 0., 0., 0., 0., 0., 0., 0., 0., 0., 0., 0., 0.,
       0., 5.23560215e-03, 2.61780107e-03, 2.61780107e-03, 0.,
       2.61780107e-03, 5.23560215e-03, 0., 0., 2.61780107e-03,
       2.61780107e-03, 2.61780107e-03, 0., 0., 2.61780107e-03, 0., 0.,
       1.04712043e-02, 0., 0., 0., 2.61780107e-03, 0., 0., 0., 0.,
       5.23560215e-03, 0., 0., 0., 0., 2.61780107e-03, 2.61780107e-03,
       5.23560215e-03, 0., 7.85340369e-03, 5.23560215e-03,
       2.61780107e-03, 0., 0., 0., 0., 2.61780107e-03, 0., 0., 0., 0.,
       0., 0., 2.61780107e-03, 0., 0., 0., 0., 0., 7.85340369e-03,
       2.61780107e-03, 0., 0., 5.23560215e-03, 0., 0., 0., 0., 0., 0.,
       0., 0., 2.61780107e-03, 0., 0., 0., 0., 0., 0., 0., 0., 0.,
       2.61780107e-03, 0., 0., 0., 0., 0., 2.61780107e-03,
       2.61780107e-03, 2.61780107e-03, 0., 2.61780107e-03,
       2.61780107e-03, 0., 0. ]
