%YAML:1.0
m10f: !!opencv-matrix
   rows: 1
   cols: 800
   dt: f
   data: [ 1.96206663e-03, 4.90516657e-03, 3.27011105e-04,
       1.30804442e-03, 0., 1.63505552e-03, 2.61608884e-03,
       1.30804442e-03, 9.81033314e-04, 3.27011105e-04, 3.27011105e-04,
       3.27011105e-04, 1.30804442e-03, 3.27011105e-04, 3.27011105e-04,
       6.54022209e-04, 3.27011105e-04, 9.81033314e-04, 1.96206663e-03,
       1.63505552e-03, 2.94309994e-03, 1.30804442e-03, 1.63505552e-03,
       1.30804442e-03, 0., 1.30804442e-03, 3.59712215e-03,
       1.30804442e-03, 0., 9.81033314e-04, 6.54022209e-04, 0.,
       1.96206663e-03, 1.63505552e-03, 2.28907773e-03, 0.,
       6.54022209e-04, 1.96206663e-03, 3.59712215e-03, 9.81033314e-04,
       6.54022209e-04, 6.54022209e-04, 6.54022209e-04, 0., 0.,
       3.27011105e-04, 3.27011105e-04, 3.27011105e-04, 1.96206663e-03,
       0., 3.27011105e-04, 0., 2.28907773e-03, 3.27011105e-04,
       6.54022209e-04, 9.81033314e-04, 3.27011105e-04, 0.,
       1.30804442e-03, 1.96206663e-03, 1.96206663e-03, 2.28907773e-03,
       1.30804442e-03, 1.30804442e-03, 6.54022209e-04, 3.27011105e-03,
       3.27011105e-03, 6.54022209e-04, 1.30804442e-03, 9.81033314e-04,
       3.27011105e-04, 6.54022209e-04, 3.27011105e-04, 1.63505552e-03,
       9.81033314e-04, 1.96206663e-03, 9.81033314e-04, 1.30804442e-03,
       1.96206663e-03, 6.54022209e-04, 6.54022209e-04, 1.96206663e-03,
       9.81033314e-04, 0., 6.54022209e-04, 9.81033314e-04,
       6.54022209e-04, 3.59712215e-03, 0., 3.27011105e-04,
       1.30804442e-03, 6.54022209e-04, 1.96206663e-03, 1.30804442e-03,
       9.81033314e-04, 6.54022209e-04, 9.81033314e-04, 9.81033314e-04,
       1.63505552e-03, 6.54022209e-04, 1.30804442e-03, 9.81033314e-04,
       6.54022209e-04, 0., 9.81033314e-04, 9.81033314e-04,
       1.30804442e-03, 9.81033314e-04, 1.30804442e-03, 2.61608884e-03,
       1.63505552e-03, 1.30804442e-03, 6.54022209e-04, 1.30804442e-03,
       1.63505552e-03, 6.54022209e-04, 6.54022209e-04, 1.63505552e-03,
       9.81033314e-04, 1.96206663e-03, 3.27011105e-04, 3.27011105e-04,
       1.96206663e-03, 9.81033314e-04, 1.30804442e-03, 6.54022209e-04,
       6.54022209e-04, 9.81033314e-04, 9.81033314e-04, 0.,
       9.81033314e-04, 9.81033314e-04, 3.27011105e-04, 1.30804442e-03,
       3.59712215e-03, 2.28907773e-03, 3.27011105e-04, 6.54022209e-04,
       6.54022209e-04, 3.27011105e-03, 9.81033314e-04, 3.27011105e-04,
       3.27011105e-04, 3.27011105e-04, 6.54022209e-04, 6.54022209e-04,
       9.81033314e-04, 1.63505552e-03, 2.61608884e-03, 6.54022209e-04,
       2.94309994e-03, 1.30804442e-03, 1.96206663e-03, 9.81033314e-04,
       1.63505552e-03, 9.81033314e-04, 2.28907773e-03, 1.63505552e-03,
       1.30804442e-03, 3.27011105e-04, 3.27011105e-04, 2.61608884e-03,
       9.81033314e-04, 3.27011105e-04, 9.81033314e-04, 2.61608884e-03,
       2.61608884e-03, 9.81033314e-04, 3.27011105e-04, 9.81033314e-04,
       6.54022209e-04, 6.54022209e-04, 9.81033314e-04, 1.96206663e-03,
       0., 1.63505552e-03, 9.81033314e-04, 0., 3.27011105e-03,
       1.30804442e-03, 9.81033314e-04, 1.30804442e-03, 6.54022209e-04,
       3.27011105e-04, 6.54022209e-04, 1.63505552e-03, 3.27011105e-04,
       6.54022209e-04, 9.81033314e-04, 3.27011105e-04, 6.54022209e-04,
       3.27011105e-04, 3.27011105e-04, 6.54022209e-04, 6.54022209e-04,
       1.63505552e-03, 3.27011105e-04, 9.81033314e-04, 6.54022209e-04,
       6.54022209e-04, 9.81033314e-04, 3.27011105e-04, 0., 0.,
       1.96206663e-03, 3.27011105e-04, 3.27011105e-04, 1.30804442e-03,
       3.27011105e-04, 3.27011105e-04, 1.96206663e-03, 1.30804442e-03,
       3.92413326e-03, 1.30804442e-03, 9.81033314e-04, 6.54022209e-04,
       6.54022209e-04, 6.54022209e-04, 2.94309994e-03, 3.27011105e-04,
       1.96206663e-03, 0., 9.81033314e-04, 6.54022209e-04,
       9.81033314e-04, 3.27011105e-04, 2.28907773e-03, 9.81033314e-04,
       1.30804442e-03, 0., 9.81033314e-04, 1.63505552e-03,
       9.81033314e-04, 1.96206663e-03, 9.81033314e-04, 6.54022209e-04,
       1.63505552e-03, 1.63505552e-03, 3.27011105e-04, 1.96206663e-03,
       2.94309994e-03, 1.30804442e-03, 1.63505552e-03, 2.28907773e-03,
       6.54022209e-04, 3.27011105e-04, 1.30804442e-03, 1.96206663e-03,
       9.81033314e-04, 0., 1.30804442e-03, 2.61608884e-03,
       1.63505552e-03, 1.96206663e-03, 1.63505552e-03, 5.23217767e-03,
       6.54022209e-04, 1.30804442e-03, 3.27011105e-04, 1.30804442e-03,
       1.30804442e-03, 3.27011105e-04, 6.54022209e-04, 0.,
       1.30804442e-03, 2.94309994e-03, 1.63505552e-03, 3.27011105e-04,
       1.63505552e-03, 1.63505552e-03, 3.27011105e-04, 9.81033314e-04,
       6.54022209e-04, 9.81033314e-04, 1.96206663e-03, 9.81033314e-04,
       6.54022209e-04, 3.27011105e-04, 3.27011105e-04, 0.,
       3.27011105e-04, 6.54022209e-04, 6.54022209e-04, 3.27011105e-04,
       6.54022209e-04, 1.63505552e-03, 1.30804442e-03, 1.63505552e-03,
       9.81033314e-04, 3.59712215e-03, 2.94309994e-03, 9.81033314e-04,
       9.81033314e-04, 1.30804442e-03, 3.92413326e-03, 1.63505552e-03,
       9.81033314e-04, 4.57815547e-03, 3.27011105e-04, 6.54022209e-04,
       6.54022209e-04, 0., 6.54022209e-04, 6.54022209e-04,
       1.63505552e-03, 1.96206663e-03, 3.27011105e-04, 0.,
       2.28907773e-03, 3.27011105e-03, 1.30804442e-03, 3.92413326e-03,
       3.27011105e-04, 3.27011105e-04, 1.30804442e-03, 6.54022209e-04,
       0., 0., 6.54022209e-04, 1.96206663e-03, 1.30804442e-03,
       6.54022209e-04, 1.63505552e-03, 9.81033314e-04, 9.81033314e-04,
       3.27011105e-04, 9.81033314e-04, 6.54022209e-04, 2.94309994e-03,
       9.81033314e-04, 0., 1.30804442e-03, 3.27011105e-03,
       2.28907773e-03, 3.59712215e-03, 9.81033314e-04, 9.81033314e-04,
       1.30804442e-03, 9.81033314e-04, 6.54022209e-04, 3.27011105e-04,
       2.61608884e-03, 1.63505552e-03, 3.27011105e-04, 3.27011105e-04,
       9.81033314e-04, 2.61608884e-03, 3.27011105e-04, 2.28907773e-03,
       0., 1.30804442e-03, 1.63505552e-03, 1.63505552e-03,
       2.28907773e-03, 1.30804442e-03, 9.81033314e-04, 6.54022209e-04,
       1.30804442e-03, 9.81033314e-04, 6.54022209e-04, 9.81033314e-04,
       6.54022209e-04, 3.59712215e-03, 6.54022209e-04, 3.27011105e-04,
       2.28907773e-03, 6.54022209e-04, 6.54022209e-04, 6.54022209e-04,
       4.57815547e-03, 3.27011105e-04, 6.54022209e-04, 9.81033314e-04,
       9.81033314e-04, 9.81033314e-04, 3.59712215e-03, 3.27011105e-04,
       6.54022209e-04, 1.30804442e-03, 3.27011105e-04, 6.54022209e-04,
       1.63505552e-03, 6.54022209e-04, 2.61608884e-03, 2.61608884e-03,
       1.30804442e-03, 2.61608884e-03, 1.30804442e-03, 2.61608884e-03,
       1.30804442e-03, 9.81033314e-04, 3.27011105e-03, 1.63505552e-03,
       1.96206663e-03, 1.96206663e-03, 9.81033314e-04, 2.28907773e-03,
       3.27011105e-04, 0., 1.63505552e-03, 1.63505552e-03,
       9.81033314e-04, 6.54022209e-04, 3.27011105e-04, 1.30804442e-03,
       3.59712215e-03, 3.27011105e-04, 9.81033314e-04, 3.27011105e-04,
       9.81033314e-04, 0., 3.27011105e-03, 1.63505552e-03,
       3.27011105e-04, 1.63505552e-03, 1.63505552e-03, 2.61608884e-03,
       9.81033314e-04, 1.30804442e-03, 2.94309994e-03, 9.81033314e-04,
       1.30804442e-03, 1.63505552e-03, 6.54022209e-04, 9.81033314e-04,
       9.81033314e-04, 3.27011105e-04, 6.54022209e-04, 3.27011105e-04,
       7.52125541e-03, 2.61608884e-03, 0., 1.30804442e-03,
       9.81033314e-04, 6.54022209e-04, 9.81033314e-04, 1.30804442e-03,
       2.61608884e-03, 1.63505552e-03, 6.54022209e-04, 1.63505552e-03,
       1.63505552e-03, 1.30804442e-03, 6.54022209e-04, 3.27011105e-04,
       9.81033314e-04, 6.54022209e-04, 9.81033314e-04, 1.30804442e-03,
       9.81033314e-04, 2.94309994e-03, 2.61608884e-03, 2.28907773e-03,
       9.81033314e-04, 9.81033314e-04, 1.30804442e-03, 9.81033314e-04,
       4.57815547e-03, 9.81033314e-04, 9.81033314e-04, 1.96206663e-03,
       2.61608884e-03, 9.81033314e-04, 1.30804442e-03, 1.63505552e-03,
