%YAML:1.0
m10f: !!opencv-matrix
   rows: 1
   cols: 800
   dt: f
   data: [ 6.48718793e-04, 9.73078189e-04, 9.73078189e-04,
       2.59487517e-03, 9.73078189e-04, 2.27051578e-03, 6.48718793e-04,
       1.62179698e-03, 1.29743759e-03, 1.29743759e-03, 3.24359396e-04,
       9.73078189e-04, 2.59487517e-03, 1.29743759e-03, 9.73078189e-04,
       1.29743759e-03, 9.73078189e-04, 3.24359396e-04, 6.48718793e-04,
       1.94615638e-03, 1.29743759e-03, 2.59487517e-03, 1.62179698e-03,
       9.73078189e-04, 3.24359396e-04, 1.29743759e-03, 1.62179698e-03,
       0., 6.48718793e-04, 9.73078189e-04, 9.73078189e-04,
       1.62179698e-03, 9.73078189e-04, 1.29743759e-03, 1.62179698e-03,
       6.48718793e-04, 1.94615638e-03, 9.73078189e-04, 1.94615638e-03,
       1.29743759e-03, 6.48718793e-04, 3.24359396e-04, 9.73078189e-04,
       2.27051578e-03, 6.48718793e-04, 1.94615638e-03, 1.94615638e-03,
       9.73078189e-04, 6.48718793e-04, 2.91923457e-03, 9.73078189e-04,
       6.48718793e-04, 9.73078189e-04, 2.27051578e-03, 6.48718793e-04,
       1.62179698e-03, 1.94615638e-03, 2.27051578e-03, 6.48718793e-04,
       6.48718793e-04, 2.27051578e-03, 2.27051578e-03, 6.48718793e-04,
       6.48718793e-04, 1.94615638e-03, 1.62179698e-03, 1.62179698e-03,
       1.29743759e-03, 6.48718793e-04, 1.94615638e-03, 2.59487517e-03,
       1.62179698e-03, 9.73078189e-04, 6.48718793e-04, 2.91923457e-03,
       3.24359396e-04, 1.94615638e-03, 9.73078189e-04, 1.29743759e-03,
       1.29743759e-03, 2.27051578e-03, 9.73078189e-04, 2.27051578e-03,
       3.24359396e-04, 9.73078189e-04, 1.29743759e-03, 9.73078189e-04,
       4.86539118e-03, 6.48718793e-04, 6.48718793e-04, 0., 0.,
       1.62179698e-03, 1.29743759e-03, 2.27051578e-03, 1.62179698e-03,
       1.94615638e-03, 6.48718793e-04, 6.48718793e-04, 9.73078189e-04,
       3.24359396e-04, 1.29743759e-03, 9.73078189e-04, 9.73078189e-04,
       2.59487517e-03, 9.73078189e-04, 1.94615638e-03, 2.27051578e-03,
       2.27051578e-03, 9.73078189e-04, 3.24359396e-04, 9.73078189e-04,
       9.73078189e-04, 1.29743759e-03, 6.48718793e-04, 1.94615638e-03,
       0., 3.24359396e-04, 1.94615638e-03, 2.59487517e-03, 0.,
       1.29743759e-03, 1.94615638e-03, 3.24359396e-04, 1.94615638e-03,
       6.48718793e-04, 6.48718793e-04, 1.62179698e-03, 6.48718793e-04,
       9.73078189e-04, 3.24359396e-03, 9.73078189e-04, 1.62179698e-03,
       2.27051578e-03, 6.48718793e-04, 1.94615638e-03, 1.29743759e-03,
       9.73078189e-04, 2.27051578e-03, 6.48718793e-04, 6.48718793e-04,
       1.29743759e-03, 3.24359396e-04, 2.59487517e-03, 1.29743759e-03,
       3.56795336e-03, 1.29743759e-03, 1.62179698e-03, 2.59487517e-03,
       1.29743759e-03, 1.29743759e-03, 3.56795336e-03, 1.29743759e-03,
       9.73078189e-04, 0., 6.48718793e-04, 0., 2.91923457e-03,
       1.62179698e-03, 9.73078189e-04, 1.29743759e-03, 1.29743759e-03,
       9.73078189e-04, 6.48718793e-04, 6.48718793e-04, 6.48718793e-04,
       9.73078189e-04, 3.24359396e-04, 1.29743759e-03, 6.48718793e-04,
       1.62179698e-03, 1.62179698e-03, 1.62179698e-03, 3.24359396e-04,
       9.73078189e-04, 1.94615638e-03, 0., 3.24359396e-04,
       1.29743759e-03, 1.29743759e-03, 1.94615638e-03, 2.27051578e-03,
       1.94615638e-03, 9.73078189e-04, 1.29743759e-03, 1.94615638e-03,
       9.73078189e-04, 1.62179698e-03, 9.73078189e-04, 6.48718793e-04,
       2.27051578e-03, 9.73078189e-04, 3.24359396e-04, 2.27051578e-03,
       6.48718793e-04, 6.48718793e-04, 9.73078189e-04, 1.29743759e-03,
       9.73078189e-04, 1.29743759e-03, 3.89231276e-03, 3.24359396e-04,
       2.59487517e-03, 6.48718793e-04, 9.73078189e-04, 1.29743759e-03,
       2.27051578e-03, 9.73078189e-04, 9.73078189e-04, 0.,
       6.48718793e-04, 6.48718793e-04, 0., 6.48718793e-04,
       9.73078189e-04, 1.29743759e-03, 9.73078189e-04, 2.27051578e-03,
       9.73078189e-04, 2.59487517e-03, 1.62179698e-03, 9.73078189e-04,
       6.48718793e-04, 3.24359396e-04, 1.29743759e-03, 9.73078189e-04,
       2.59487517e-03, 1.94615638e-03, 3.24359396e-04, 3.24359396e-04,
       9.73078189e-04, 1.94615638e-03, 0., 2.27051578e-03,
       1.29743759e-03, 6.48718793e-04, 1.29743759e-03, 1.29743759e-03,
       6.48718793e-04, 6.48718793e-04, 2.27051578e-03, 9.73078189e-04,
       6.48718793e-04, 3.24359396e-04, 9.73078189e-04, 1.62179698e-03,
       3.89231276e-03, 2.59487517e-03, 6.48718793e-04, 6.48718793e-04,
       6.48718793e-04, 2.59487517e-03, 2.91923457e-03, 1.94615638e-03,
       3.24359396e-04, 2.59487517e-03, 6.48718793e-04, 1.94615638e-03,
       1.29743759e-03, 2.27051578e-03, 3.24359396e-04, 0.,
       9.73078189e-04, 3.24359396e-04, 1.62179698e-03, 0.,
       6.48718793e-04, 3.24359396e-04, 9.73078189e-04, 1.62179698e-03,
       6.48718793e-04, 1.29743759e-03, 3.24359396e-04, 6.48718793e-04,
       1.62179698e-03, 6.48718793e-04, 1.62179698e-03, 3.56795336e-03,
       3.24359396e-04, 0., 1.94615638e-03, 2.59487517e-03,
       6.48718793e-04, 6.48718793e-04, 1.29743759e-03, 9.73078189e-04,
       1.29743759e-03, 3.24359396e-04, 3.24359396e-04, 6.48718793e-04,
       3.24359396e-04, 1.62179698e-03, 1.62179698e-03, 9.73078189e-04,
       6.48718793e-04, 9.73078189e-04, 6.48718793e-04, 1.62179698e-03,
       3.24359396e-04, 4.54103155e-03, 2.59487517e-03, 3.24359396e-04,
       9.73078189e-04, 0., 9.73078189e-04, 1.29743759e-03,
       1.62179698e-03, 1.29743759e-03, 9.73078189e-04, 5.18975034e-03,
       1.29743759e-03, 9.73078189e-04, 1.29743759e-03, 2.59487517e-03,
       1.94615638e-03, 9.73078189e-04, 6.48718793e-04, 6.48718793e-04,
       2.27051578e-03, 1.29743759e-03, 3.24359396e-04, 1.94615638e-03,
       6.48718793e-04, 2.91923457e-03, 0., 1.94615638e-03,
       1.94615638e-03, 1.29743759e-03, 1.94615638e-03, 6.48718793e-04,
       2.27051578e-03, 6.48718793e-04, 3.24359396e-03, 1.94615638e-03,
       9.73078189e-04, 1.29743759e-03, 1.29743759e-03, 1.29743759e-03,
       6.48718793e-04, 3.24359396e-04, 3.24359396e-04, 1.29743759e-03,
       2.91923457e-03, 6.48718793e-04, 1.29743759e-03, 2.59487517e-03,
       6.48718793e-04, 6.48718793e-04, 1.29743759e-03, 1.29743759e-03,
       1.94615638e-03, 6.48718793e-04, 1.62179698e-03, 1.29743759e-03,
       2.59487517e-03, 1.29743759e-03, 1.29743759e-03, 6.48718793e-04,
       1.29743759e-03, 1.29743759e-03, 2.27051578e-03, 6.48718793e-04,
       1.94615638e-03, 1.29743759e-03, 9.73078189e-04, 2.59487517e-03,
       9.73078189e-04, 1.29743759e-03, 6.48718793e-04, 1.62179698e-03,
       2.59487517e-03, 1.94615638e-03, 1.94615638e-03, 9.73078189e-04,
       3.24359396e-04, 1.62179698e-03, 1.29743759e-03, 2.27051578e-03,
       2.91923457e-03, 9.73078189e-04, 9.73078189e-04, 9.73078189e-04,
       1.62179698e-03, 9.73078189e-04, 3.24359396e-04, 1.29743759e-03,
       2.91923457e-03, 0., 1.62179698e-03, 9.73078189e-04, 0.,
       2.59487517e-03, 9.73078189e-04, 3.24359396e-04, 9.73078189e-04,
       9.73078189e-04, 1.94615638e-03, 6.48718793e-04, 1.94615638e-03,
       9.73078189e-04, 1.29743759e-03, 6.48718793e-04, 1.94615638e-03,
       6.48718793e-04, 3.24359396e-04, 1.62179698e-03, 1.62179698e-03,
       2.59487517e-03, 6.48718793e-04, 6.48718793e-04, 6.48718793e-04,
       2.27051578e-03, 1.62179698e-03, 6.48718793e-04, 1.94615638e-03,
       1.94615638e-03, 2.27051578e-03, 3.24359396e-04, 6.48718793e-04,
       9.73078189e-04, 6.48718793e-04, 6.48718793e-04, 3.24359396e-03,
       9.73078189e-04, 2.91923457e-03, 3.24359396e-04, 9.73078189e-04,
       1.94615638e-03, 3.24359396e-04, 2.91923457e-03, 6.48718793e-04,
       1.94615638e-03, 1.62179698e-03, 3.24359396e-04, 9.73078189e-04,
       2.27051578e-03, 3.24359396e-04, 6.48718793e-04, 1.62179698e-03,
       3.24359396e-04, 3.24359396e-04, 9.73078189e-04, 0.,
       1.62179698e-03, 0., 9.73078189e-04, 3.24359396e-03,
       1.94615638e-03, 1.62179698e-03, 6.48718793e-04, 6.48718793e-04,
       0., 3.24359396e-04, 6.48718793e-04, 1.62179698e-03,
       6.48718793e-04, 0., 6.48718793e-04, 1.62179698e-03,
