%YAML:1.0
m10f: !!opencv-matrix
   rows: 1
   cols: 200
   dt: f
   data: [ 3.66804213e-03, 9.17010568e-03, 2.29252642e-03,
       2.75103166e-03, 2.75103166e-03, 3.66804213e-03, 2.75103166e-03,
       1.37551583e-03, 3.20953690e-03, 8.71159974e-03, 2.29252642e-03,
       7.79458974e-03, 3.20953690e-03, 2.29252642e-03, 2.75103166e-03,
       1.00871157e-02, 5.96056832e-03, 3.66804213e-03, 4.58505284e-03,
       1.83402107e-03, 5.50206332e-03, 1.83402107e-03, 2.29252642e-03,
       1.83402107e-03, 3.20953690e-03, 3.66804213e-03, 5.04355785e-03,
       5.50206332e-03, 3.66804213e-03, 1.83402107e-03, 5.50206332e-03,
       5.50206332e-03, 5.96056832e-03, 2.29252642e-03, 5.04355785e-03,
       6.41907379e-03, 6.41907379e-03, 4.58505284e-03, 4.12654737e-03,
       3.66804213e-03, 4.58505284e-03, 5.04355785e-03, 4.12654737e-03,
       2.75103166e-03, 1.00871157e-02, 6.41907379e-03, 6.87757879e-03,
       9.17010533e-04, 1.37551583e-03, 4.12654737e-03, 2.75103166e-03,
       6.87757879e-03, 1.37551583e-03, 1.83402107e-03, 5.04355785e-03,
       4.58505284e-03, 9.17010533e-04, 2.29252642e-03, 5.96056832e-03,
       6.41907379e-03, 4.12654737e-03, 1.37551583e-03, 2.29252642e-03,
       5.04355785e-03, 1.83402107e-03, 1.00871157e-02, 3.66804213e-03,
       3.66804213e-03, 9.62861069e-03, 3.66804213e-03, 4.12654737e-03,
       3.20953690e-03, 3.20953690e-03, 9.17010533e-04, 4.58505284e-03,
       6.41907379e-03, 1.37551583e-03, 4.12654737e-03, 1.37551583e-03,
       1.05456207e-02, 1.37551583e-03, 9.17010533e-04, 5.04355785e-03,
       9.17010568e-03, 6.87757879e-03, 1.37551576e-02, 4.58505284e-03,
       2.75103166e-03, 3.66804213e-03, 7.33608427e-03, 2.29252642e-03,
       4.58505284e-03, 5.04355785e-03, 2.75103166e-03, 4.58505284e-03,
       4.12654737e-03, 2.29252642e-03, 5.96056832e-03, 9.17010533e-04,
       9.62861069e-03, 5.50206332e-03, 6.87757879e-03, 4.58505284e-03,
       2.29252642e-03, 5.04355785e-03, 1.05456207e-02, 5.50206332e-03,
       4.12654737e-03, 6.87757879e-03, 4.12654737e-03, 4.58505284e-03,
       1.10041266e-02, 4.12654737e-03, 1.69646945e-02, 9.17010568e-03,
       6.87757879e-03, 1.83402107e-03, 1.83402107e-03, 1.23796426e-02,
       3.20953690e-03, 5.96056832e-03, 9.17010568e-03, 9.17010533e-04,
       7.33608427e-03, 3.20953690e-03, 4.58505284e-03, 2.29252642e-03,
       2.75103166e-03, 4.58505284e-03, 3.66804213e-03, 8.71159974e-03,
       7.33608427e-03, 5.50206332e-03, 6.87757879e-03, 6.41907379e-03,
       4.58505284e-03, 2.75103166e-03, 6.41907379e-03, 1.46721685e-02,
       2.29252642e-03, 1.42136635e-02, 6.41907379e-03, 2.29252642e-03,
       4.58505284e-03, 6.87757879e-03, 5.04355785e-03, 5.96056832e-03,
       5.04355785e-03, 1.60476845e-02, 4.58505284e-03, 2.75103166e-03,
       5.50206332e-03, 7.33608427e-03, 6.87757879e-03, 7.33608427e-03,
       2.29252642e-03, 4.12654737e-03, 1.37551583e-03, 2.29252642e-03,
       4.58505284e-03, 8.71159974e-03, 3.66804213e-03, 6.87757879e-03,
       5.04355785e-03, 1.83402107e-03, 3.20953690e-03, 9.17010568e-03,
       4.58505284e-03, 3.20953690e-03, 1.83402107e-03, 1.14626316e-02,
       6.87757879e-03, 3.66804213e-03, 4.58505284e-03, 1.10041266e-02,
       7.33608427e-03, 7.33608427e-03, 3.20953690e-03, 2.75103166e-03,
       4.58505267e-04, 5.50206332e-03, 3.20953690e-03, 3.66804213e-03,
       5.96056832e-03, 1.51306735e-02, 4.12654737e-03, 3.66804213e-03,
       7.33608427e-03, 2.29252642e-03, 9.17010533e-04, 2.75103166e-03,
       6.41907379e-03, 5.04355785e-03, 2.75103166e-03, 8.71159974e-03,
       6.41907379e-03, 8.25309474e-03, 2.75103166e-03, 4.12654737e-03,
       5.04355785e-03 ]
