%YAML:1.0
m10f: !!opencv-matrix
   rows: 1
   cols: 800
   dt: f
   data: [ 4.41111595e-04, 0., 8.82223190e-04, 2.64666951e-03, 0.,
       1.76444638e-03, 4.41111595e-04, 4.85222740e-03, 0., 0.,
       4.41111595e-04, 8.82223190e-04, 0., 4.41111595e-04,
       1.76444638e-03, 4.41111595e-04, 1.32333476e-03, 8.82223190e-04,
       0., 4.41111595e-04, 8.82223190e-04, 0., 4.41111595e-04,
       2.20555789e-03, 0., 4.41111595e-04, 0., 4.41111595e-04,
       1.76444638e-03, 0., 1.32333476e-03, 4.41111578e-03, 0.,
       8.82223190e-04, 1.76444638e-03, 4.41111595e-04, 2.64666951e-03,
       3.52889276e-03, 0., 5.73445065e-03, 2.64666951e-03,
       1.32333476e-03, 8.82223190e-04, 8.82223190e-04, 8.82223190e-04,
       1.32333476e-03, 0., 4.41111595e-04, 8.82223190e-04,
       2.20555789e-03, 2.20555789e-03, 3.08778114e-03, 8.82223190e-04,
       1.32333476e-03, 1.76444638e-03, 2.20555789e-03, 1.32333476e-03,
       0., 1.32333476e-03, 1.76444638e-03, 0., 8.82223190e-04,
       2.20555789e-03, 4.41111595e-04, 8.82223190e-04, 4.41111595e-04,
       4.41111595e-04, 1.76444638e-03, 1.76444638e-03, 0.,
       1.32333476e-03, 4.41111595e-04, 4.41111595e-04, 4.41111595e-04,
       1.32333476e-03, 0., 1.76444638e-03, 2.20555789e-03,
       1.23511245e-02, 1.32333476e-03, 2.20555789e-03, 8.82223190e-04,
       4.41111595e-04, 0., 8.82223190e-04, 4.41111595e-04,
       4.41111595e-04, 4.41111595e-04, 1.76444638e-03, 4.41111595e-04,
       0., 8.82223190e-04, 3.08778114e-03, 1.32333476e-03,
       8.82223190e-04, 1.32333476e-03, 4.41111595e-04, 8.82223190e-04,
       2.20555789e-03, 1.76444638e-03, 4.41111595e-04, 8.82223190e-04,
       8.82223190e-04, 1.76444638e-03, 0., 1.32333476e-03, 0.,
       1.76444638e-03, 1.32333476e-03, 3.52889276e-03, 8.82223190e-04,
       8.82223190e-04, 2.20555789e-03, 0., 8.82223190e-04,
       2.64666951e-03, 8.82223190e-04, 4.41111595e-04, 8.82223190e-04,
       2.20555789e-03, 4.41111578e-03, 8.82223190e-04, 1.76444638e-03,
       4.41111595e-04, 0., 4.41111595e-04, 8.82223190e-04,
       4.41111595e-04, 1.32333476e-03, 2.64666951e-03, 0.,
       3.52889276e-03, 1.76444638e-03, 1.76444638e-03, 4.41111595e-04,
       1.76444638e-03, 8.82223190e-04, 4.41111595e-04, 8.82223190e-04,
       8.82223190e-04, 2.20555789e-03, 3.08778114e-03, 0.,
       2.64666951e-03, 2.64666951e-03, 1.76444638e-03, 2.64666951e-03,
       0., 2.64666951e-03, 1.32333476e-03, 0., 8.82223190e-04,
       4.41111595e-04, 0., 3.52889276e-03, 2.20555789e-03,
       4.41111595e-04, 2.64666951e-03, 0., 8.82223190e-04,
       4.41111595e-04, 4.41111595e-04, 8.82223190e-04, 2.20555789e-03,
       1.76444638e-03, 2.64666951e-03, 1.32333476e-03, 4.41111595e-04,
       0., 0., 1.32333476e-03, 2.20555789e-03, 0., 4.41111595e-04,
       4.41111595e-04, 0., 8.82223190e-04, 0., 1.32333476e-03,
       4.41111595e-04, 1.76444638e-03, 1.32333476e-03, 4.41111595e-04,
       1.76444638e-03, 1.76444638e-03, 2.64666951e-03, 4.41111595e-04,
       0., 3.52889276e-03, 0., 3.52889276e-03, 8.82223190e-04,
       1.32333476e-03, 3.97000415e-03, 4.41111595e-04, 2.20555789e-03,
       1.76444638e-03, 0., 4.41111595e-04, 2.20555789e-03,
       1.32333476e-03, 1.76444638e-03, 1.32333476e-03, 1.76444638e-03,
       4.41111595e-04, 8.82223190e-04, 1.76444638e-03, 4.41111595e-04,
       8.82223190e-04, 1.32333476e-03, 1.32333476e-03, 6.61667390e-03,
       8.82223190e-04, 8.82223190e-04, 2.64666951e-03, 3.08778114e-03,
       1.32333476e-03, 1.32333476e-03, 4.41111595e-04, 4.41111595e-04,
       1.32333476e-03, 4.41111595e-04, 9.26334318e-03, 0., 0., 0.,
       4.41111595e-04, 4.41111595e-04, 2.20555789e-03, 4.41111595e-04,
       8.38111993e-03, 4.41111578e-03, 0., 3.08778114e-03,
       4.41111595e-04, 4.41111595e-04, 1.32333476e-03, 4.41111595e-04,
       4.41111595e-04, 1.32333476e-03, 2.64666951e-03, 8.82223190e-04,
       1.76444638e-03, 2.64666951e-03, 8.82223190e-04, 0.,
       8.82223190e-04, 4.41111595e-04, 1.76444638e-03, 8.82223190e-04,
       8.82223190e-04, 0., 4.85222740e-03, 4.41111595e-04,
       4.41111595e-04, 8.82223190e-04, 0., 0., 4.41111595e-04,
       1.32333476e-03, 3.08778114e-03, 4.41111595e-04, 3.08778114e-03,
       8.82223190e-04, 0., 4.41111595e-04, 0., 1.32333476e-03,
       3.08778114e-03, 1.32333476e-03, 4.41111595e-04, 0.,
       4.41111595e-04, 4.41111595e-04, 0., 3.52889276e-03,
       8.82223190e-04, 1.32333476e-03, 2.64666951e-03, 1.32333476e-03,
       4.41111595e-04, 0., 2.20555789e-03, 8.82223190e-04,
       1.76444638e-03, 4.41111595e-04, 0., 0., 1.76444638e-03,
       1.32333476e-03, 2.20555789e-03, 0., 1.76444638e-03,
       1.32333476e-03, 4.41111578e-03, 4.41111578e-03, 8.82223190e-04,
       3.97000415e-03, 4.41111595e-04, 0., 0., 1.76444638e-03,
       8.82223190e-04, 4.41111595e-04, 4.41111595e-04, 4.41111595e-04,
       4.41111595e-04, 2.20555789e-03, 2.20555789e-03, 2.64666951e-03,
       2.64666951e-03, 8.82223190e-04, 1.76444638e-03, 4.41111595e-04,
       1.76444638e-03, 4.41111595e-04, 8.82223190e-04, 8.82223190e-04,
       4.41111595e-04, 1.32333476e-03, 4.41111595e-04, 1.32333476e-03,
       8.82223190e-04, 3.08778114e-03, 0., 8.82223190e-04,
       1.32333476e-03, 8.82223190e-04, 1.32333476e-03, 4.41111595e-04,
       1.76444638e-03, 2.20555789e-03, 8.82223190e-04, 1.76444638e-03,
       1.32333476e-03, 4.41111595e-04, 1.32333476e-03, 1.32333476e-03,
       4.41111595e-04, 0., 2.20555789e-03, 0., 3.52889276e-03,
       1.32333476e-03, 1.76444638e-03, 4.41111595e-04, 4.85222740e-03,
       1.32333476e-03, 8.82223190e-04, 8.82223190e-04, 0.,
       1.32333476e-03, 1.76444638e-03, 2.20555789e-03, 0.,
       8.82223190e-04, 1.32333476e-03, 4.41111595e-04, 1.76444638e-03,
       1.32333476e-03, 1.32333476e-03, 4.41111595e-04, 0.,
       1.76444638e-03, 3.08778114e-03, 8.82223190e-04, 8.82223190e-04,
       1.32333476e-03, 0., 1.76444638e-03, 4.41111578e-03,
       8.82223190e-04, 1.32333476e-03, 8.82223190e-04, 1.76444638e-03,
       4.41111595e-04, 1.32333476e-03, 0., 8.82223190e-04,
       1.32333476e-03, 4.41111595e-04, 1.32333476e-03, 0.,
       1.76444638e-03, 8.82223190e-04, 2.64666951e-03, 8.82223190e-04,
       4.41111595e-04, 8.82223190e-04, 1.32333476e-03, 0.,
       8.82223190e-04, 8.82223190e-04, 4.41111595e-04, 1.76444638e-03,
       1.76444638e-03, 8.82223190e-04, 2.64666951e-03, 4.41111595e-04,
       3.08778114e-03, 1.76444638e-03, 4.41111578e-03, 8.82223190e-04,
       1.76444638e-03, 8.82223190e-04, 1.32333476e-03, 8.82223190e-04,
       1.32333476e-03, 8.82223190e-04, 8.82223190e-04, 4.41111595e-04,
       8.82223190e-04, 3.52889276e-03, 0., 1.32333476e-03,
       1.76444638e-03, 0., 8.82223190e-04, 1.32333476e-03,
       8.82223190e-04, 4.41111595e-04, 1.76444638e-03, 2.64666951e-03,
       8.82223190e-04, 4.41111595e-04, 1.76444638e-03, 4.41111595e-04,
       1.32333476e-03, 4.41111595e-04, 1.32333476e-03, 1.76444638e-03,
       4.41111595e-04, 4.41111595e-04, 8.82223190e-04, 8.82223190e-04,
       1.76444638e-03, 0., 8.82223190e-04, 8.82223190e-04,
       4.41111595e-04, 4.41111595e-04, 8.82223190e-04, 0.,
       8.82223190e-04, 1.76444638e-03, 4.41111595e-04, 3.08778114e-03,
       0., 4.41111595e-04, 4.41111595e-04, 4.41111595e-04,
       4.41111595e-04, 1.76444638e-03, 4.41111595e-04, 4.41111595e-04,
       8.82223190e-04, 2.64666951e-03, 2.64666951e-03, 2.20555789e-03,
       0., 2.20555789e-03, 0., 0., 4.41111595e-04, 4.41111595e-04,
       8.82223190e-04, 1.76444638e-03, 2.64666951e-03, 3.97000415e-03,
       3.08778114e-03, 4.41111595e-04, 1.32333476e-03, 1.76444638e-03,
       2.20555789e-03, 0., 2.20555789e-03, 1.32333476e-03, 0.,
       8.82223190e-04, 8.82223190e-04, 8.82223190e-04, 1.76444638e-03,
       1.32333476e-03, 0., 4.41111595e-04, 1.32333476e-03,
       1.76444638e-03, 3.08778114e-03, 0., 3.52889276e-03,
       4.41111595e-04, 1.76444638e-03, 1.76444638e-03, 4.41111595e-04,
       8.82223190e-04, 2.20555789e-03, 1.76444638e-03, 1.32333476e-03,
