%YAML:1.0
m10f: !!opencv-matrix
   rows: 1
   cols: 800
   dt: f
   data: [ 4.58505267e-04, 1.83402107e-03, 4.58505267e-04,
       4.58505267e-04, 4.58505267e-04, 4.58505267e-04, 4.58505267e-04,
       9.17010533e-04, 9.17010533e-04, 9.17010533e-04, 0.,
       1.37551583e-03, 4.12654737e-03, 1.83402107e-03, 9.17010533e-04,
       1.83402107e-03, 1.83402107e-03, 1.37551583e-03, 2.29252642e-03,
       4.58505267e-04, 1.37551583e-03, 4.58505267e-04, 0., 0.,
       3.66804213e-03, 0., 3.66804213e-03, 2.29252642e-03, 0., 0.,
       9.17010533e-04, 4.58505267e-04, 4.58505267e-04, 0.,
       1.83402107e-03, 7.79458974e-03, 1.83402107e-03, 1.83402107e-03,
       1.37551583e-03, 1.37551583e-03, 2.29252642e-03, 4.58505267e-04,
       4.58505267e-04, 9.17010533e-04, 4.58505267e-04, 9.17010533e-04,
       4.58505267e-04, 1.37551583e-03, 0., 9.17010533e-04,
       1.37551583e-03, 3.20953690e-03, 0., 1.37551583e-03,
       1.37551583e-03, 4.58505267e-04, 0., 9.17010533e-04,
       9.17010533e-04, 1.83402107e-03, 2.29252642e-03, 0.,
       1.37551583e-03, 9.17010533e-04, 0., 1.83402107e-03,
       1.37551583e-03, 9.17010533e-04, 3.66804213e-03, 1.37551583e-03,
       4.58505267e-04, 4.58505267e-04, 1.37551583e-03, 4.58505267e-04,
       1.83402107e-03, 9.17010533e-04, 9.17010533e-04, 1.37551583e-03,
       0., 0., 4.58505267e-04, 0., 9.17010533e-04, 3.66804213e-03,
       9.17010533e-04, 2.29252642e-03, 0., 0., 1.37551583e-03,
       1.37551583e-03, 1.37551583e-03, 4.58505267e-04, 4.58505267e-04,
       1.37551583e-03, 2.29252642e-03, 9.17010533e-04, 3.20953690e-03,
       9.17010533e-04, 9.17010533e-04, 3.20953690e-03, 4.12654737e-03,
       3.66804213e-03, 9.17010533e-04, 4.58505267e-04, 3.66804213e-03,
       5.04355785e-03, 4.58505267e-04, 9.17010533e-04, 0., 0.,
       1.83402107e-03, 4.12654737e-03, 9.17010533e-04, 2.75103166e-03,
       1.37551583e-03, 1.83402107e-03, 4.58505267e-04, 9.17010533e-04,
       3.20953690e-03, 4.58505267e-04, 9.17010533e-04, 2.29252642e-03,
       0., 2.29252642e-03, 4.58505267e-04, 2.29252642e-03,
       4.58505267e-04, 9.17010533e-04, 1.83402107e-03, 1.37551583e-03,
       1.37551583e-03, 9.17010533e-04, 9.17010533e-04, 4.58505267e-04,
       3.20953690e-03, 4.58505267e-04, 1.83402107e-03, 1.83402107e-03,
       5.96056832e-03, 0., 9.17010533e-04, 1.37551583e-03,
       9.17010533e-04, 2.29252642e-03, 9.17010533e-04, 4.58505267e-04,
       9.17010533e-04, 1.37551583e-03, 9.17010533e-04, 0.,
       1.83402107e-03, 2.29252642e-03, 1.37551583e-03, 9.17010533e-04,
       4.58505284e-03, 4.58505267e-04, 4.58505267e-04, 9.17010533e-04,
       9.17010533e-04, 3.66804213e-03, 9.17010533e-04, 9.17010533e-04,
       1.37551583e-03, 9.17010533e-04, 9.17010533e-04, 9.17010533e-04,
       1.37551583e-03, 0., 4.58505267e-04, 4.58505267e-04,
       1.83402107e-03, 4.58505267e-04, 1.37551583e-03, 3.20953690e-03,
       2.75103166e-03, 9.17010533e-04, 9.17010533e-04, 4.58505267e-04,
       0., 4.58505267e-04, 4.58505267e-04, 1.37551583e-03,
       9.17010533e-04, 4.58505267e-04, 4.58505284e-03, 1.83402107e-03,
       4.58505267e-04, 4.58505267e-04, 4.58505267e-04, 4.58505267e-04,
       4.58505267e-04, 3.66804213e-03, 3.20953690e-03, 9.17010533e-04,
       1.37551583e-03, 9.17010533e-04, 1.37551583e-03, 4.58505267e-04,
       1.83402107e-03, 9.17010533e-04, 4.58505267e-04, 9.17010533e-04,
       2.75103166e-03, 1.37551583e-03, 1.83402107e-03, 4.58505267e-04,
       4.58505267e-04, 4.58505267e-04, 1.37551583e-03, 9.17010533e-04,
       1.83402107e-03, 4.58505267e-04, 9.17010533e-04, 4.58505267e-04,
       0., 1.37551583e-03, 9.17010533e-04, 4.12654737e-03,
       1.37551583e-03, 4.58505267e-04, 4.58505267e-04, 9.17010533e-04,
       9.17010533e-04, 1.83402107e-03, 4.58505267e-04, 2.29252642e-03,
       9.17010533e-04, 1.37551583e-03, 0., 0., 4.58505267e-04,
       4.58505267e-04, 4.58505267e-04, 9.17010533e-04, 1.83402107e-03,
       4.58505267e-04, 1.37551583e-03, 1.83402107e-03, 9.17010533e-04,
       2.29252642e-03, 0., 0., 0., 1.37551583e-03, 4.58505267e-04,
       4.58505267e-04, 0., 4.58505267e-04, 4.12654737e-03,
       9.17010533e-04, 0., 1.37551583e-03, 4.58505267e-04,
       2.29252642e-03, 1.83402107e-03, 1.83402107e-03, 1.37551583e-03,
       8.25309474e-03, 9.17010533e-04, 5.96056832e-03, 0.,
       9.17010533e-04, 4.12654737e-03, 1.83402107e-03, 0.,
       3.20953690e-03, 9.17010533e-04, 1.37551583e-03, 4.58505267e-04,
       4.58505267e-04, 1.37551583e-03, 9.17010533e-04, 4.58505267e-04,
       2.29252642e-03, 4.58505267e-04, 4.58505267e-04, 2.29252642e-03,
       4.58505267e-04, 1.37551583e-03, 4.58505267e-04, 1.83402107e-03,
       5.04355785e-03, 3.20953690e-03, 4.58505267e-04, 9.17010533e-04,
       1.83402107e-03, 0., 0., 9.17010533e-04, 4.58505267e-04,
       4.58505267e-04, 9.17010533e-04, 1.83402107e-03, 9.17010533e-04,
       1.83402107e-03, 1.83402107e-03, 3.20953690e-03, 9.17010533e-04,
       1.37551583e-03, 1.83402107e-03, 0., 3.20953690e-03, 0.,
       2.29252642e-03, 9.17010533e-04, 1.37551583e-03, 3.66804213e-03,
       9.17010533e-04, 4.58505267e-04, 9.17010533e-04, 9.17010533e-04,
       1.83402107e-03, 2.75103166e-03, 4.58505267e-04, 0.,
       1.37551583e-03, 1.37551583e-03, 4.58505267e-04, 0.,
       1.83402107e-03, 9.17010533e-04, 1.37551583e-03, 2.29252642e-03,
       5.04355785e-03, 4.58505267e-04, 3.66804213e-03, 1.83402107e-03,
       9.17010533e-04, 9.17010533e-04, 2.29252642e-03, 4.58505267e-04,
       1.37551583e-03, 1.83402107e-03, 2.29252642e-03, 9.17010533e-04,
       4.58505267e-04, 1.83402107e-03, 2.75103166e-03, 0.,
       4.58505267e-04, 4.58505267e-04, 4.58505267e-04, 1.83402107e-03,
       2.75103166e-03, 1.37551583e-03, 1.83402107e-03, 9.17010533e-04,
       4.58505267e-04, 1.37551583e-03, 2.29252642e-03, 1.37551583e-03,
       1.83402107e-03, 4.12654737e-03, 1.83402107e-03, 9.17010533e-04,
       4.58505267e-04, 1.83402107e-03, 9.17010533e-04, 2.75103166e-03,
       2.29252642e-03, 0., 4.58505267e-04, 4.58505267e-04,
       2.29252642e-03, 0., 9.17010533e-04, 1.37551583e-03,
       1.37551583e-03, 1.83402107e-03, 0., 4.58505267e-04,
       1.37551583e-03, 4.58505267e-04, 9.17010533e-04, 0.,
       9.17010533e-04, 4.58505267e-04, 0., 0., 1.83402107e-03,
       1.37551583e-03, 9.17010533e-04, 1.37551583e-03, 3.66804213e-03,
       0., 4.58505267e-04, 0., 1.37551583e-03, 0., 0., 0.,
       4.58505267e-04, 9.17010533e-04, 1.37551583e-03, 4.58505267e-04,
       0., 7.79458974e-03, 0., 4.58505267e-04, 9.17010533e-04,
       4.58505267e-04, 1.37551583e-03, 3.66804213e-03, 2.75103166e-03,
       9.17010533e-04, 0., 1.83402107e-03, 1.83402107e-03,
       4.58505267e-04, 4.58505267e-04, 9.17010533e-04, 0.,
       9.17010533e-04, 4.58505267e-04, 9.17010533e-04, 9.17010533e-04,
       9.17010533e-04, 1.37551583e-03, 1.83402107e-03, 1.83402107e-03,
       2.29252642e-03, 9.17010533e-04, 0., 9.17010533e-04,
       1.37551583e-03, 1.83402107e-03, 0., 5.04355785e-03,
       9.17010533e-04, 9.17010533e-04, 1.37551583e-03, 4.58505267e-04,
       0., 9.17010533e-04, 0., 1.83402107e-03, 1.83402107e-03, 0., 0.,
       4.58505267e-04, 2.75103166e-03, 1.83402107e-03, 2.75103166e-03,
       2.75103166e-03, 0., 0., 0., 2.29252642e-03, 4.58505267e-04,
       9.17010533e-04, 2.29252642e-03, 2.29252642e-03, 4.58505267e-04,
       3.66804213e-03, 2.29252642e-03, 9.17010533e-04, 0., 0.,
       4.58505267e-04, 0., 4.58505267e-04, 4.58505267e-04,
       1.83402107e-03, 0., 1.83402107e-03, 9.17010533e-04,
       5.96056832e-03, 4.58505267e-04, 2.75103166e-03, 0.,
       4.58505267e-04, 4.58505267e-04, 4.58505267e-04, 2.75103166e-03,
       3.20953690e-03, 0., 4.58505267e-04, 9.17010533e-04,
       9.17010533e-04, 2.29252642e-03, 4.58505267e-04, 0.,
       2.29252642e-03, 0., 4.58505267e-04, 1.83402107e-03,
       4.58505267e-04, 9.17010533e-04, 4.58505267e-04, 0.,
       4.58505267e-04, 4.58505267e-04, 9.17010533e-04, 1.37551583e-03,
       1.37551583e-03, 2.29252642e-03, 1.83402107e-03, 0.,
