%YAML:1.0
m10f: !!opencv-matrix
   rows: 1
   cols: 800
   dt: f
   data: [ 2.39463593e-03, 2.87356321e-03, 1.43678160e-03, 0.,
       1.91570877e-03, 9.57854383e-04, 2.87356321e-03, 4.78927192e-04,
       2.87356321e-03, 2.39463593e-03, 9.57854383e-04, 9.57854383e-04,
       4.78927192e-04, 0., 2.39463593e-03, 4.78927192e-04, 0.,
       1.91570877e-03, 2.39463593e-03, 2.39463593e-03, 1.43678160e-03,
       1.43678160e-03, 4.78927192e-04, 4.78927192e-04, 2.87356321e-03,
       4.78927192e-04, 4.78927192e-04, 9.57854383e-04, 0.,
       4.78927192e-04, 0., 0., 3.83141753e-03, 1.91570877e-03, 0.,
       3.35249025e-03, 9.57854383e-04, 2.39463593e-03, 4.78927192e-04,
       4.78927192e-04, 1.43678160e-03, 2.39463593e-03, 1.43678160e-03,
       1.91570877e-03, 4.78927192e-04, 0., 4.78927192e-04,
       4.78927192e-04, 1.91570877e-03, 0., 9.57854383e-04,
       9.57854383e-04, 1.43678160e-03, 1.43678160e-03, 1.43678160e-03,
       9.57854383e-04, 1.91570877e-03, 0., 0., 1.43678160e-03,
       4.78927192e-04, 2.87356321e-03, 0., 1.43678160e-03,
       5.26819890e-03, 4.78927192e-04, 9.57854383e-04, 1.91570877e-03,
       0., 0., 4.78927192e-04, 4.78927192e-04, 0., 0., 9.57854383e-04,
       3.35249025e-03, 0., 0., 4.78927192e-04, 9.57854383e-04,
       1.43678160e-03, 0., 9.57854383e-04, 0., 1.91570877e-03,
       4.78927192e-04, 1.91570877e-03, 1.91570877e-03, 1.91570877e-03,
       4.78927192e-04, 4.78927192e-04, 0., 0., 2.87356321e-03,
       2.39463593e-03, 2.39463593e-03, 2.87356321e-03, 1.43678160e-03,
       4.78927192e-04, 0., 4.78927192e-04, 2.39463593e-03,
       4.31034481e-03, 9.57854383e-04, 0., 9.57854383e-04,
       1.43678160e-03, 0., 4.78927192e-04, 0., 5.26819890e-03,
       1.91570877e-03, 4.78927192e-04, 2.39463593e-03, 9.57854383e-04,
       4.78927192e-04, 2.39463593e-03, 2.39463593e-03, 1.43678160e-03,
       3.35249025e-03, 1.43678160e-03, 4.78927192e-04, 2.87356321e-03,
       9.57854383e-04, 0., 4.78927192e-04, 1.43678160e-03, 0.,
       3.83141753e-03, 3.83141753e-03, 0., 2.87356321e-03,
       9.57854383e-04, 0., 9.57854383e-04, 0., 2.39463593e-03,
       1.43678160e-03, 1.43678160e-03, 4.31034481e-03, 0.,
       4.78927192e-04, 1.91570877e-03, 2.39463593e-03, 0.,
       3.83141753e-03, 0., 4.78927192e-04, 4.78927192e-04,
       3.35249025e-03, 4.78927192e-04, 4.78927192e-04, 9.57854383e-04,
       1.91570877e-03, 9.57854383e-04, 0., 0., 4.31034481e-03,
       1.43678160e-03, 3.35249025e-03, 4.78927192e-04, 1.91570877e-03,
       9.57854383e-04, 9.57854383e-04, 9.57854383e-04, 0.,
       9.57854383e-04, 0., 1.43678160e-03, 2.87356321e-03,
       9.57854383e-04, 1.43678160e-03, 2.87356321e-03, 3.83141753e-03,
       4.78927192e-04, 0., 9.57854383e-04, 9.57854383e-04,
       1.43678160e-03, 4.78927192e-04, 3.35249025e-03, 2.39463593e-03,
       0., 0., 9.57854383e-04, 1.43678160e-03, 1.43678160e-03,
       1.91570877e-03, 4.78927192e-04, 4.78927192e-04, 0.,
       2.39463593e-03, 1.91570877e-03, 4.78927192e-04, 9.57854383e-04,
       4.78927192e-04, 4.78927192e-04, 1.43678160e-03, 4.78927192e-04,
       0., 0., 4.78927192e-04, 1.43678160e-03, 4.31034481e-03,
       1.43678160e-03, 2.87356321e-03, 1.91570877e-03, 4.78927192e-04,
       1.91570877e-03, 0., 3.35249025e-03, 4.78927192e-04, 0.,
       9.57854383e-04, 9.57854383e-04, 4.78927192e-04, 2.39463593e-03,
       0., 1.43678160e-03, 4.78927192e-04, 4.78927192e-04,
       5.26819890e-03, 3.35249025e-03, 2.39463593e-03, 1.91570877e-03,
       1.43678160e-03, 2.39463593e-03, 1.91570877e-03, 9.57854383e-04,
       0., 2.39463593e-03, 9.57854383e-04, 1.43678160e-03,
       4.78927192e-04, 1.91570877e-03, 0., 1.91570877e-03,
       4.78927192e-04, 1.91570877e-03, 0., 2.87356321e-03,
       2.39463593e-03, 2.39463593e-03, 0., 0., 0., 2.87356321e-03,
       4.78927192e-04, 0., 9.57854383e-04, 2.39463593e-03,
       3.35249025e-03, 1.43678160e-03, 4.78927192e-04, 1.43678160e-03,
       1.91570877e-03, 1.43678160e-03, 1.43678160e-03, 9.57854383e-04,
       4.78927192e-04, 4.78927192e-04, 1.43678160e-03, 4.78927186e-03,
       9.57854383e-04, 1.43678160e-03, 0., 1.43678160e-03,
       9.57854383e-04, 1.91570877e-03, 1.91570877e-03, 9.57854383e-04,
       0., 0., 4.78927192e-04, 9.57854383e-04, 4.78927192e-04,
       9.57854383e-04, 1.43678160e-03, 9.57854383e-04, 1.43678160e-03,
       9.57854383e-04, 2.87356321e-03, 1.43678160e-03, 1.43678160e-03,
       0., 4.78927192e-04, 4.78927186e-03, 2.39463593e-03, 0.,
       4.78927192e-04, 1.43678160e-03, 4.78927192e-04, 9.57854383e-04,
       1.91570877e-03, 2.39463593e-03, 4.78927192e-04, 2.87356321e-03,
       2.39463593e-03, 4.78927192e-04, 9.57854383e-04, 0.,
       4.78927192e-04, 4.78927192e-04, 1.43678160e-03, 2.39463593e-03,
       4.78927192e-04, 4.78927192e-04, 3.35249025e-03, 1.43678160e-03,
       4.78927192e-04, 0., 4.78927192e-04, 2.87356321e-03,
       3.35249025e-03, 1.43678160e-03, 4.78927192e-04, 6.22605346e-03,
       9.57854383e-04, 1.43678160e-03, 1.43678160e-03, 4.78927192e-04,
       4.78927192e-04, 9.57854383e-04, 1.43678160e-03, 4.78927192e-04,
       4.78927192e-04, 2.39463593e-03, 2.87356321e-03, 9.57854383e-04,
       1.43678160e-03, 2.39463593e-03, 0., 0., 9.57854383e-04,
       4.78927192e-04, 0., 4.78927192e-04, 0., 2.87356321e-03, 0.,
       4.78927192e-04, 0., 1.91570877e-03, 1.43678160e-03,
       9.57854383e-04, 2.39463593e-03, 6.70498051e-03, 9.57854383e-04,
       2.87356321e-03, 1.43678160e-03, 0., 0., 0., 9.57854383e-04,
       9.57854383e-04, 0., 9.57854383e-04, 1.91570877e-03, 0.,
       1.43678160e-03, 4.78927192e-04, 0., 9.57854383e-04,
       1.43678160e-03, 4.31034481e-03, 1.43678160e-03, 1.91570877e-03,
       3.83141753e-03, 4.78927192e-04, 3.83141753e-03, 4.78927192e-04,
       9.57854383e-04, 2.39463593e-03, 9.57854383e-04, 0.,
       1.43678160e-03, 6.70498051e-03, 9.57854383e-04, 1.43678160e-03,
       1.91570877e-03, 9.57854383e-04, 1.43678160e-03, 1.43678160e-03,
       2.39463593e-03, 0., 2.87356321e-03, 0., 4.78927192e-04,
       9.57854383e-04, 1.91570877e-03, 1.91570877e-03, 2.39463593e-03,
       1.43678160e-03, 4.78927192e-04, 1.43678160e-03, 3.83141753e-03,
       0., 4.78927192e-04, 1.91570877e-03, 2.39463593e-03,
       9.57854383e-04, 4.78927192e-04, 9.57854383e-04, 4.78927192e-04,
       4.78927192e-04, 9.57854383e-04, 1.91570877e-03, 9.57854383e-04,
       0., 1.43678160e-03, 4.78927192e-04, 1.91570877e-03,
       9.57854383e-04, 9.57854383e-04, 4.78927192e-04, 9.57854383e-04,
       9.57854383e-04, 4.78927192e-04, 1.91570877e-03, 9.57854383e-04,
       1.91570877e-03, 1.43678160e-03, 4.78927192e-04, 1.91570877e-03,
       4.78927192e-04, 9.57854383e-04, 9.57854383e-04, 0., 0., 0.,
       9.57854383e-04, 9.57854383e-04, 4.78927192e-04, 0.,
       9.57854383e-04, 0., 0., 1.43678160e-03, 1.43678160e-03, 0.,
       1.43678160e-03, 4.78927192e-04, 9.57854383e-04, 4.78927192e-04,
       0., 9.57854383e-04, 4.78927192e-04, 1.91570877e-03,
       9.57854383e-04, 9.57854383e-04, 9.57854383e-04, 1.43678160e-03,
       9.57854383e-04, 2.87356321e-03, 0., 9.57854383e-04,
       4.78927192e-04, 2.87356321e-03, 9.57854383e-04, 1.91570877e-03,
       9.57854383e-04, 1.91570877e-03, 4.78927192e-04, 1.43678160e-03,
       3.83141753e-03, 2.39463593e-03, 9.57854383e-04, 0.,
       9.57854383e-04, 4.31034481e-03, 2.39463593e-03, 3.35249025e-03,
       3.35249025e-03, 1.43678160e-03, 4.78927192e-04, 1.43678160e-03,
       1.43678160e-03, 2.87356321e-03, 4.78927192e-04, 0., 0.,
       1.43678160e-03, 9.57854383e-04, 1.43678160e-03, 4.78927192e-04,
       3.83141753e-03, 9.57854383e-04, 0., 4.78927192e-04,
       2.39463593e-03, 4.78927192e-04, 2.39463593e-03, 4.78927192e-04,
       4.78927192e-04, 1.91570877e-03, 9.57854383e-04, 1.43678160e-03,
       3.83141753e-03, 1.91570877e-03, 9.57854383e-04, 3.35249025e-03,
       3.83141753e-03, 2.39463593e-03, 1.91570877e-03, 1.91570877e-03,
       1.91570877e-03, 1.43678160e-03, 9.57854383e-04, 1.43678160e-03,
