%YAML:1.0
m10f: !!opencv-matrix
   rows: 1
   cols: 800
   dt: f
   data: [ 1.03806227e-03, 4.84429067e-03, 6.92041533e-04,
       1.03806227e-03, 1.03806227e-03, 6.92041533e-04, 1.38408307e-03,
       1.03806227e-03, 2.07612454e-03, 3.46020766e-04, 0., 0.,
       2.42214534e-03, 2.42214534e-03, 6.92041533e-04, 1.38408307e-03,
       1.03806227e-03, 6.92041533e-04, 3.46020766e-04, 1.03806227e-03,
       1.03806227e-03, 0., 1.73010386e-03, 1.03806227e-03,
       6.92041533e-04, 2.76816613e-03, 3.46020766e-04, 3.46020766e-04,
       6.92041533e-04, 6.92041533e-04, 1.38408307e-03, 3.11418693e-03,
       3.46020766e-04, 6.92041533e-04, 2.07612454e-03, 3.46020766e-04,
       1.03806227e-03, 1.03806227e-03, 1.38408307e-03, 6.92041533e-04,
       0., 2.76816613e-03, 3.46020766e-04, 1.03806227e-03,
       2.42214534e-03, 1.38408307e-03, 6.92041533e-04, 1.73010386e-03,
       1.73010386e-03, 1.03806227e-03, 3.46020766e-04, 1.03806227e-03,
       1.03806227e-03, 1.03806227e-03, 6.92041533e-04, 1.73010386e-03,
       2.07612454e-03, 6.92041533e-04, 1.38408307e-03, 2.07612454e-03,
       2.42214534e-03, 2.42214534e-03, 2.07612454e-03, 1.38408307e-03,
       3.46020766e-04, 1.38408307e-03, 3.46020766e-04, 3.46020766e-04,
       6.92041533e-04, 1.03806227e-03, 2.76816613e-03, 6.92041533e-04,
       2.42214534e-03, 1.38408307e-03, 1.38408307e-03, 1.03806227e-03,
       6.92041533e-04, 3.46020766e-04, 6.92041533e-04, 3.46020766e-04,
       1.03806227e-03, 2.42214534e-03, 1.03806227e-03, 6.92041533e-04,
       1.38408307e-03, 3.11418693e-03, 1.38408307e-03, 6.22837385e-03,
       1.73010386e-03, 2.07612454e-03, 1.03806227e-03, 0.,
       6.92041533e-04, 2.76816613e-03, 1.38408307e-03, 0.,
       6.92041533e-04, 3.46020766e-04, 3.46020772e-03, 1.03806227e-03,
       1.03806227e-03, 6.92041533e-04, 1.38408307e-03, 3.46020766e-04,
       3.11418693e-03, 6.92041533e-04, 3.80622852e-03, 3.46020766e-04,
       1.38408307e-03, 6.92041533e-04, 1.73010386e-03, 2.76816613e-03,
       1.73010386e-03, 1.03806227e-03, 1.38408307e-03, 1.38408307e-03,
       6.92041533e-04, 1.73010386e-03, 3.46020766e-04, 3.46020766e-04,
       0., 1.03806227e-03, 2.07612454e-03, 1.03806227e-03,
       1.03806227e-03, 6.92041533e-04, 0., 1.38408307e-03,
       1.03806227e-03, 6.92041533e-04, 2.07612454e-03, 6.92041533e-04,
       3.46020766e-04, 2.76816613e-03, 1.03806227e-03, 6.92041533e-04,
       3.46020766e-04, 2.07612454e-03, 1.38408307e-03, 2.07612454e-03,
       3.46020766e-04, 3.46020766e-04, 6.92041533e-04, 1.73010386e-03,
       6.92041533e-04, 1.73010386e-03, 6.92041533e-04, 1.38408307e-03,
       3.46020766e-04, 1.03806227e-03, 2.07612454e-03, 1.73010386e-03,
       2.42214534e-03, 0., 2.07612454e-03, 1.03806227e-03,
       2.76816613e-03, 1.03806227e-03, 2.76816613e-03, 3.46020766e-04,
       6.92041533e-04, 3.46020766e-04, 3.46020766e-04, 1.03806227e-03,
       1.38408307e-03, 1.03806227e-03, 1.38408307e-03, 6.92041533e-04,
       1.73010386e-03, 6.92041533e-04, 1.38408307e-03, 1.03806227e-03,
       6.92041533e-04, 0., 6.92041533e-04, 6.92041533e-04,
       3.46020766e-04, 0., 3.46020766e-04, 1.73010386e-03,
       1.73010386e-03, 1.03806227e-03, 6.92041533e-04, 1.03806227e-03,
       6.92041533e-04, 1.38408307e-03, 2.07612454e-03, 1.03806227e-03,
       6.92041533e-04, 3.46020766e-04, 1.38408307e-03, 1.03806227e-03,
       3.46020766e-04, 2.07612454e-03, 1.38408307e-03, 2.42214534e-03,
       6.92041533e-04, 1.38408307e-03, 6.92041533e-04, 1.38408307e-03,
       1.73010386e-03, 6.92041533e-04, 3.46020766e-04, 0.,
       1.38408307e-03, 2.76816613e-03, 3.46020766e-04, 3.46020766e-04,
       1.73010386e-03, 1.03806227e-03, 6.92041533e-04, 1.38408307e-03,
       3.46020766e-04, 1.38408307e-03, 3.46020766e-04, 1.03806227e-03,
       1.03806227e-03, 3.46020766e-04, 6.92041533e-04, 3.46020772e-03,
       2.42214534e-03, 6.92041533e-04, 2.07612454e-03, 3.46020766e-04,
       2.42214534e-03, 3.46020766e-04, 2.42214534e-03, 1.38408307e-03,
       1.03806227e-03, 0., 6.92041533e-04, 1.03806227e-03,
       3.46020766e-04, 1.73010386e-03, 3.46020772e-03, 3.46020766e-04,
       2.76816613e-03, 1.38408307e-03, 1.38408307e-03, 2.42214534e-03,
       2.07612454e-03, 0., 1.73010386e-03, 3.11418693e-03,
       6.92041533e-04, 6.92041533e-04, 2.07612454e-03, 1.38408307e-03,
       1.03806227e-03, 0., 6.92041533e-04, 1.73010386e-03,
       2.42214534e-03, 3.46020766e-04, 6.92041533e-04, 6.92041533e-04,
       0., 3.46020766e-04, 3.46020766e-04, 1.38408307e-03, 0.,
       3.46020766e-04, 1.03806227e-03, 1.38408307e-03, 6.92041533e-04,
       1.03806227e-03, 3.11418693e-03, 3.46020766e-04, 2.07612454e-03,
       1.03806227e-03, 1.03806227e-03, 1.38408307e-03, 2.76816613e-03,
       1.03806227e-03, 1.03806227e-03, 6.92041533e-04, 1.73010386e-03,
       6.92041533e-04, 1.03806227e-03, 1.73010386e-03, 2.42214534e-03,
       1.03806227e-03, 1.73010386e-03, 6.92041533e-04, 1.38408307e-03,
       1.03806227e-03, 2.42214534e-03, 1.03806227e-03, 0.,
       1.73010386e-03, 0., 1.38408307e-03, 3.46020766e-04, 0.,
       2.76816613e-03, 1.03806227e-03, 0., 3.11418693e-03,
       3.46020766e-04, 1.03806227e-03, 1.03806227e-03, 0.,
       2.76816613e-03, 1.03806227e-03, 6.92041533e-04, 1.73010386e-03,
       6.92041533e-04, 6.92041533e-04, 1.03806227e-03, 4.15224908e-03,
       1.03806227e-03, 1.38408307e-03, 6.92041533e-04, 2.42214534e-03,
       1.73010386e-03, 6.92041533e-04, 3.46020766e-04, 6.92041533e-04,
       1.38408307e-03, 6.92041533e-04, 1.73010386e-03, 3.46020766e-04,
       1.38408307e-03, 1.38408307e-03, 1.03806227e-03, 6.92041533e-04,
       3.46020766e-04, 1.03806227e-03, 1.73010386e-03, 3.46020766e-04,
       3.46020766e-04, 1.03806227e-03, 1.38408307e-03, 3.46020766e-04,
       1.73010386e-03, 3.46020766e-04, 2.42214534e-03, 1.38408307e-03,
       6.92041533e-04, 6.92041533e-04, 1.38408307e-03, 6.92041533e-04,
       1.38408307e-03, 6.92041533e-04, 3.46020766e-04, 2.07612454e-03,
       6.92041533e-04, 2.07612454e-03, 1.03806227e-03, 1.73010386e-03,
       3.11418693e-03, 1.38408307e-03, 1.03806227e-03, 2.07612454e-03,
       3.11418693e-03, 2.07612454e-03, 1.03806227e-03, 1.38408307e-03,
       2.42214534e-03, 1.38408307e-03, 1.73010386e-03, 1.38408307e-03,
       3.11418693e-03, 1.03806227e-03, 1.03806227e-03, 3.46020766e-04,
       6.92041533e-04, 6.92041533e-04, 6.92041533e-04, 1.38408307e-03,
       1.03806227e-03, 6.92041533e-04, 1.03806227e-03, 3.46020766e-04,
       1.38408307e-03, 1.03806227e-03, 1.03806227e-03, 1.03806227e-03,
       6.92041533e-04, 1.03806227e-03, 1.03806227e-03, 1.73010386e-03,
       2.07612454e-03, 1.38408307e-03, 1.03806227e-03, 3.46020772e-03,
       1.73010386e-03, 0., 3.11418693e-03, 6.92041533e-04,
       4.15224908e-03, 3.46020766e-04, 1.38408307e-03, 2.42214534e-03,
       1.73010386e-03, 1.73010386e-03, 3.11418693e-03, 1.03806227e-03,
       6.92041533e-04, 3.46020766e-04, 2.42214534e-03, 1.73010386e-03,
       2.07612454e-03, 3.46020766e-04, 1.38408307e-03, 3.11418693e-03,
       1.38408307e-03, 1.73010386e-03, 6.92041533e-04, 3.46020766e-04,
       1.38408307e-03, 2.07612454e-03, 1.73010386e-03, 0.,
       1.03806227e-03, 3.46020766e-04, 3.11418693e-03, 3.46020766e-04,
       1.73010386e-03, 1.03806227e-03, 3.46020766e-04, 1.38408307e-03,
       3.46020766e-04, 1.03806227e-03, 2.42214534e-03, 0.,
       6.92041533e-04, 1.38408307e-03, 1.38408307e-03, 1.38408307e-03,
       3.46020766e-04, 1.03806227e-03, 2.42214534e-03, 1.38408307e-03,
       1.03806227e-03, 6.92041533e-04, 1.03806227e-03, 1.03806227e-03,
       1.03806227e-03, 0., 1.03806227e-03, 2.42214534e-03,
       1.03806227e-03, 1.03806227e-03, 1.03806227e-03, 3.46020766e-04,
       3.46020766e-04, 1.38408307e-03, 1.03806227e-03, 6.92041533e-04,
       1.03806227e-03, 3.11418693e-03, 1.03806227e-03, 2.42214534e-03,
       1.73010386e-03, 2.42214534e-03, 1.38408307e-03, 3.46020766e-04,
       1.38408307e-03, 1.38408307e-03, 1.73010386e-03, 1.03806227e-03,
