%YAML:1.0
m10f: !!opencv-matrix
   rows: 1
   cols: 800
   dt: f
   data: [ 0., 0., 2.91120820e-03, 1.94080546e-03, 4.85201366e-04,
       4.85201366e-04, 4.85201366e-04, 2.91120820e-03, 1.94080546e-03,
       1.45560410e-03, 0., 4.85201366e-04, 0., 3.39640956e-03,
       1.94080546e-03, 0., 0., 9.70402732e-04, 0., 1.94080546e-03,
       5.33721503e-03, 4.85201366e-04, 9.70402732e-04, 0.,
       1.94080546e-03, 4.85201366e-04, 9.70402732e-04, 4.36681230e-03,
       0., 4.85201366e-04, 0., 1.45560410e-03, 2.91120820e-03,
       4.36681230e-03, 0., 9.70402732e-04, 4.85201366e-04,
       1.94080546e-03, 1.94080546e-03, 1.94080546e-03, 1.45560410e-03,
       4.85201366e-04, 9.70402732e-04, 2.91120820e-03, 9.70402732e-04,
       4.85201366e-04, 0., 0., 0., 0., 9.70402732e-04, 1.94080546e-03,
       4.85201366e-04, 9.70402732e-04, 0., 0., 2.91120820e-03, 0.,
       9.70402732e-04, 1.94080546e-03, 4.85201366e-04, 1.94080546e-03,
       0., 2.91120820e-03, 2.91120820e-03, 1.94080546e-03,
       2.42600683e-03, 1.45560410e-03, 0., 9.70402732e-04,
       4.85201366e-04, 1.94080546e-03, 4.85201366e-04, 1.45560410e-03,
       0., 1.45560410e-03, 0., 4.85201366e-04, 1.45560410e-03,
       9.70402732e-04, 9.70402732e-04, 0., 4.85201366e-04, 0.,
       1.45560410e-03, 2.42600683e-03, 2.42600683e-03, 9.70402732e-04,
       1.45560410e-03, 4.85201366e-04, 9.70402732e-04, 4.85201366e-04,
       1.45560410e-03, 3.39640956e-03, 2.91120820e-03, 9.70402732e-04,
       9.70402732e-04, 9.70402732e-04, 0., 4.85201366e-04,
       4.85201366e-04, 0., 1.94080546e-03, 0., 4.85201366e-04,
       1.45560410e-03, 1.45560410e-03, 4.85201366e-04, 4.85201366e-04,
       4.85201366e-04, 4.85201366e-04, 1.94080546e-03, 0., 0.,
       3.39640956e-03, 1.45560410e-03, 0., 2.91120820e-03,
       4.85201366e-04, 2.42600683e-03, 9.70402732e-04, 0.,
       1.45560410e-03, 5.33721503e-03, 9.70402732e-04, 9.70402732e-04,
       1.94080546e-03, 1.94080546e-03, 1.94080546e-03, 2.42600683e-03,
       0., 0., 3.88161093e-03, 0., 2.42600683e-03, 0., 1.45560410e-03,
       2.91120820e-03, 4.85201366e-04, 1.45560410e-03, 4.85201366e-04,
       4.85201366e-04, 1.94080546e-03, 0., 0., 2.91120820e-03,
       4.85201366e-04, 4.85201366e-04, 0., 4.85201366e-04,
       1.45560410e-03, 9.70402732e-04, 4.85201366e-04, 2.91120820e-03,
       1.45560410e-03, 0., 0., 3.39640956e-03, 3.39640956e-03,
       1.94080546e-03, 0., 4.85201366e-04, 9.70402732e-04,
       1.94080546e-03, 0., 1.94080546e-03, 1.94080546e-03,
       2.42600683e-03, 2.42600683e-03, 3.39640956e-03, 9.70402732e-04,
       0., 1.45560410e-03, 3.88161093e-03, 2.42600683e-03, 0.,
       4.85201366e-04, 1.94080546e-03, 9.70402732e-04, 9.70402732e-04,
       2.91120820e-03, 1.94080546e-03, 4.85201366e-04, 4.85201366e-04,
       4.85201366e-04, 9.70402732e-04, 0., 2.91120820e-03, 0.,
       2.42600683e-03, 0., 9.70402732e-04, 0., 0., 9.70402732e-04,
       5.33721503e-03, 9.70402732e-04, 9.70402732e-04, 0., 0.,
       2.42600683e-03, 1.45560410e-03, 9.70402732e-04, 4.36681230e-03,
       9.70402732e-04, 4.85201366e-04, 0., 4.85201366e-04,
       4.85201366e-04, 1.45560410e-03, 2.42600683e-03, 0., 0.,
       9.21882596e-03, 1.94080546e-03, 2.42600683e-03, 4.85201366e-04,
       4.85201366e-04, 9.70402732e-04, 0., 9.70402732e-04,
       1.45560410e-03, 9.70402732e-04, 5.33721503e-03, 4.85201366e-04,
       2.42600683e-03, 0., 1.45560410e-03, 1.94080546e-03,
       1.45560410e-03, 0., 1.45560410e-03, 9.70402732e-04, 0., 0., 0.,
       1.45560410e-03, 0., 1.45560410e-03, 5.82241639e-03,
       1.45560410e-03, 2.91120820e-03, 1.94080546e-03, 9.70402732e-04,
       4.85201366e-04, 1.94080546e-03, 3.88161093e-03, 4.85201366e-04,
       4.85201366e-04, 9.70402732e-04, 4.85201366e-03, 9.70402732e-04,
       1.45560410e-03, 2.42600683e-03, 4.85201366e-04, 9.70402732e-04,
       0., 2.91120820e-03, 4.85201366e-04, 9.70402732e-04,
       4.85201366e-04, 9.70402732e-04, 1.45560410e-03, 0.,
       9.70402732e-04, 4.85201366e-04, 4.85201366e-04, 2.42600683e-03,
       2.42600683e-03, 2.42600683e-03, 9.70402732e-04, 0.,
       9.70402732e-04, 9.70402732e-04, 0., 9.70402732e-04,
       9.70402732e-04, 1.94080546e-03, 9.70402732e-04, 9.70402732e-04,
       4.85201366e-03, 4.85201366e-04, 2.42600683e-03, 1.45560410e-03,
       0., 1.94080546e-03, 4.85201366e-04, 2.42600683e-03, 0.,
       9.70402732e-04, 1.45560410e-03, 3.88161093e-03, 0.,
       1.94080546e-03, 1.45560410e-03, 9.70402732e-04, 1.94080546e-03,
       2.91120820e-03, 9.70402732e-04, 1.94080546e-03, 0., 0.,
       2.42600683e-03, 0., 9.70402732e-04, 4.85201366e-04,
       9.70402732e-04, 4.85201366e-04, 9.70402732e-04, 0.,
       9.70402732e-04, 0., 1.45560410e-03, 4.85201366e-04,
       2.91120820e-03, 0., 3.88161093e-03, 2.42600683e-03,
       4.85201366e-04, 4.36681230e-03, 1.45560410e-03, 4.85201366e-04,
       9.70402732e-04, 2.42600683e-03, 0., 1.45560410e-03,
       4.85201366e-04, 4.36681230e-03, 3.39640956e-03, 9.70402732e-04,
       1.94080546e-03, 0., 4.85201366e-04, 1.45560410e-03, 0.,
       1.45560410e-03, 2.42600683e-03, 9.70402732e-04, 2.91120820e-03,
       9.70402732e-04, 1.45560410e-03, 0., 4.85201366e-04,
       9.70402732e-04, 3.39640956e-03, 1.45560410e-03, 4.36681230e-03,
       9.70402732e-04, 1.94080546e-03, 9.70402732e-04, 9.70402732e-04,
       0., 0., 0., 3.39640956e-03, 0., 1.45560410e-03, 1.94080546e-03,
       0., 1.45560410e-03, 9.70402732e-04, 4.85201366e-04,
       4.85201366e-04, 2.91120820e-03, 4.85201366e-04, 0.,
       2.91120820e-03, 0., 9.70402732e-04, 1.94080546e-03,
       9.70402732e-04, 9.70402732e-04, 1.94080546e-03, 4.85201366e-04,
       0., 0., 4.36681230e-03, 1.94080546e-03, 4.85201366e-04,
       1.94080546e-03, 0., 0., 9.70402732e-04, 0., 0., 2.42600683e-03,
       0., 4.85201366e-03, 4.85201366e-04, 9.70402732e-04,
       3.39640956e-03, 0., 9.70402732e-04, 0., 1.94080546e-03,
       1.45560410e-03, 0., 0., 0., 1.45560410e-03, 9.70402732e-04,
       2.42600683e-03, 4.85201366e-04, 0., 9.70402732e-04, 0., 0.,
       9.70402732e-04, 1.45560410e-03, 3.39640956e-03, 0.,
       4.36681230e-03, 3.88161093e-03, 2.42600683e-03, 9.70402732e-04,
       0., 9.70402732e-04, 0., 9.70402732e-04, 0., 9.70402732e-04,
       1.45560410e-03, 9.70402732e-04, 9.70402732e-04, 0.,
       1.45560410e-03, 9.70402732e-04, 4.85201366e-04, 0.,
       4.85201366e-04, 0., 9.70402732e-04, 9.70402732e-04, 0.,
       4.85201366e-04, 0., 4.85201366e-03, 2.42600683e-03,
       1.45560410e-03, 4.85201366e-04, 1.45560410e-03, 0., 0.,
       4.85201366e-04, 1.45560410e-03, 4.85201366e-04, 4.85201366e-04,
       1.45560410e-03, 9.70402732e-04, 0., 4.85201366e-04,
       1.45560410e-03, 1.94080546e-03, 1.45560410e-03, 9.70402732e-04,
       4.85201366e-04, 1.45560410e-03, 2.42600683e-03, 3.39640956e-03,
       9.70402732e-04, 4.85201366e-04, 2.42600683e-03, 4.85201366e-04,
       4.85201366e-04, 9.70402732e-04, 9.70402732e-04, 1.94080546e-03,
       0., 2.42600683e-03, 4.36681230e-03, 4.85201366e-03,
       4.85201366e-04, 5.82241639e-03, 4.85201366e-04, 9.70402732e-04,
       4.85201366e-04, 4.85201366e-04, 2.42600683e-03, 9.70402732e-04,
       9.70402732e-04, 4.85201366e-04, 1.45560410e-03, 4.85201366e-04,
       0., 0., 2.91120820e-03, 1.94080546e-03, 9.70402732e-04,
       2.91120820e-03, 1.94080546e-03, 4.85201366e-04, 1.94080546e-03,
       9.70402732e-04, 2.91120820e-03, 1.45560410e-03, 1.94080546e-03,
       9.70402732e-04, 2.91120820e-03, 9.70402732e-04, 4.85201366e-04,
       1.94080546e-03, 4.85201366e-04, 2.91120820e-03, 2.91120820e-03,
       9.70402732e-04, 4.85201366e-04, 1.45560410e-03, 1.94080546e-03,
       0., 0., 9.70402732e-04, 9.70402732e-04, 1.45560410e-03,
       4.85201366e-04, 2.91120820e-03, 2.42600683e-03, 1.94080546e-03,
       1.45560410e-03, 9.70402732e-04, 2.91120820e-03, 2.91120820e-03,
       9.70402732e-04, 0., 2.42600683e-03, 9.70402732e-04,
       5.33721503e-03, 1.45560410e-03, 9.70402732e-04, 9.70402732e-04,
