%YAML:1.0
m10f: !!opencv-matrix
   rows: 1
   cols: 800
   dt: f
   data: [ 0., 2.81690131e-03, 0., 0., 0., 1.40845065e-03,
       1.40845065e-03, 2.11267602e-02, 0., 1.40845065e-03,
       4.22535185e-03, 1.40845065e-03, 2.81690131e-03, 0., 0., 0., 0.,
       0., 0., 0., 1.40845065e-03, 5.63380262e-03, 0., 0.,
       1.40845065e-03, 0., 2.81690131e-03, 1.40845065e-03, 0.,
       2.81690131e-03, 2.81690131e-03, 5.63380262e-03, 0.,
       1.40845065e-03, 1.40845065e-03, 0., 0., 0., 1.40845065e-03, 0.,
       0., 0., 0., 9.85915493e-03, 0., 0., 1.40845065e-03,
       4.22535185e-03, 1.40845065e-03, 0., 0., 0., 2.81690131e-03,
       1.40845065e-03, 1.40845065e-03, 1.54929571e-02, 5.63380262e-03,
       1.40845065e-03, 1.40845065e-03, 0., 0., 1.40845065e-03, 0., 0.,
       0., 1.40845065e-03, 0., 1.40845065e-03, 2.81690131e-03,
       2.81690131e-03, 2.81690131e-03, 0., 0., 0., 2.81690131e-03, 0.,
       0., 2.81690131e-03, 0., 1.40845065e-03, 5.63380262e-03,
       1.40845065e-03, 0., 0., 0., 4.22535185e-03, 1.40845065e-03, 0.,
       1.40845065e-03, 0., 0., 1.40845065e-03, 1.40845065e-03,
       2.81690131e-03, 0., 1.40845065e-03, 1.40845065e-03,
       2.81690131e-03, 1.40845065e-03, 0., 0., 0., 1.40845065e-03, 0.,
       0., 1.40845065e-03, 0., 1.40845065e-03, 0., 0., 1.40845065e-03,
       0., 1.40845065e-03, 0., 0., 1.40845065e-03, 0., 1.40845065e-03,
       0., 2.81690131e-03, 1.40845065e-03, 1.40845065e-03, 0.,
       1.40845065e-03, 4.22535185e-03, 1.40845065e-03, 4.22535185e-03,
       5.63380262e-03, 0., 0., 1.40845065e-03, 2.81690131e-03, 0., 0.,
       0., 0., 1.40845065e-03, 0., 0., 0., 1.40845065e-03,
       2.81690131e-03, 1.40845065e-03, 1.40845065e-03, 1.40845065e-03,
       0., 2.81690131e-03, 0., 1.40845065e-03, 0., 0., 1.40845065e-03,
       2.81690131e-03, 0., 1.40845065e-03, 1.40845065e-03, 0., 0.,
       1.40845065e-03, 5.63380262e-03, 1.40845065e-03, 0.,
       2.81690131e-03, 1.40845065e-03, 0., 0., 0., 0., 0.,
       1.40845065e-03, 1.40845065e-03, 1.40845065e-03, 0., 0., 0.,
       1.40845065e-03, 1.40845065e-03, 2.81690131e-03, 0., 0.,
       1.40845065e-03, 0., 0., 1.40845065e-03, 0., 1.40845065e-03, 0.,
       0., 0., 0., 1.40845065e-03, 1.40845065e-03, 0., 0., 0., 0., 0.,
       1.40845065e-03, 0., 1.40845065e-03, 0., 0., 0., 4.22535185e-03,
       0., 0., 1.40845065e-03, 1.40845065e-03, 4.22535185e-03, 0.,
       1.40845065e-03, 8.45070370e-03, 0., 0., 0., 0., 2.81690131e-03,
       0., 0., 0., 4.22535185e-03, 0., 1.40845065e-03, 2.81690131e-03,
       0., 1.40845065e-03, 1.40845065e-03, 1.40845065e-03,
       1.40845065e-03, 0., 1.40845065e-03, 0., 0., 0., 2.81690131e-03,
       0., 1.40845065e-03, 0., 0., 0., 1.40845065e-03, 0.,
       1.40845065e-03, 4.22535185e-03, 1.40845065e-03, 2.81690131e-03,
       0., 0., 1.40845065e-03, 0., 0., 1.40845065e-03, 0.,
       1.40845065e-03, 0., 0., 0., 0., 1.40845065e-03, 0., 0., 0.,
       2.81690131e-03, 0., 0., 0., 1.40845065e-03, 1.40845065e-03,
       2.81690131e-03, 1.40845065e-03, 0., 1.40845065e-03,
       4.22535185e-03, 4.22535185e-03, 2.81690131e-03, 0., 0., 0.,
       1.40845065e-03, 1.40845065e-03, 1.40845065e-03, 1.40845065e-03,
       1.40845065e-03, 0., 1.40845065e-03, 1.40845065e-03,
       9.85915493e-03, 2.81690131e-03, 0., 1.40845065e-03,
       1.40845065e-03, 8.45070370e-03, 2.81690131e-03, 0., 0.,
       5.63380262e-03, 2.81690131e-03, 0., 0., 0., 1.40845065e-03,
       1.40845065e-03, 1.40845065e-03, 0., 0., 0., 0., 1.40845065e-03,
       1.40845065e-03, 0., 1.12676052e-02, 0., 0., 5.63380262e-03, 0.,
       1.40845065e-03, 0., 0., 0., 0., 0., 1.40845065e-03,
       2.81690131e-03, 0., 2.81690131e-03, 1.40845065e-03, 0., 0.,
       1.40845065e-03, 1.40845065e-03, 0., 1.40845065e-03, 0., 0.,
       2.81690131e-03, 0., 5.63380262e-03, 1.40845065e-03, 0.,
       1.40845065e-03, 0., 0., 0., 0., 1.40845065e-03, 0., 0.,
       1.40845065e-03, 0., 1.40845065e-03, 1.40845065e-03,
       1.40845065e-03, 0., 0., 0., 0., 2.81690131e-03, 1.40845065e-03,
       2.81690131e-03, 5.63380262e-03, 0., 1.40845065e-03,
       2.81690131e-03, 0., 0., 1.40845065e-03, 2.81690131e-03, 0., 0.,
       1.40845065e-03, 1.40845065e-03, 0., 4.22535185e-03, 0.,
       1.40845065e-03, 0., 0., 1.40845065e-03, 1.40845065e-03,
       2.81690131e-03, 0., 0., 0., 0., 1.40845065e-03, 0., 0., 0.,
       4.22535185e-03, 0., 0., 2.81690131e-03, 1.40845065e-03,
       2.81690131e-03, 0., 1.40845065e-03, 0., 1.40845065e-03,
       2.81690131e-03, 1.40845065e-03, 0., 1.40845065e-03, 0.,
       1.40845065e-03, 0., 2.81690131e-03, 0., 2.81690131e-03,
       1.40845065e-03, 0., 0., 2.81690131e-03, 1.40845065e-03, 0., 0.,
       0., 1.40845065e-03, 0., 0., 0., 1.40845065e-03, 1.40845065e-03,
       2.81690131e-03, 2.81690131e-03, 0., 0., 0., 0., 0., 0., 0.,
       2.81690131e-03, 1.40845065e-03, 0., 0., 2.81690131e-03, 0.,
       9.85915493e-03, 2.81690131e-03, 0., 1.40845065e-03, 0.,
       1.40845068e-02, 0., 0., 0., 7.04225339e-03, 0., 0., 0., 0., 0.,
       1.40845065e-03, 1.40845065e-03, 1.40845065e-03, 0.,
       1.40845065e-03, 0., 1.40845065e-03, 0., 0., 1.40845065e-03,
       1.40845065e-03, 0., 0., 2.81690131e-03, 1.40845065e-03,
       1.40845065e-03, 0., 1.40845065e-03, 2.81690131e-03, 0., 0., 0.,
       0., 2.81690131e-03, 1.40845065e-03, 1.40845065e-03, 0.,
       1.40845065e-03, 0., 0., 0., 1.40845065e-03, 1.40845065e-03, 0.,
       4.22535185e-03, 2.81690131e-03, 1.40845065e-03, 0.,
       1.40845065e-03, 0., 1.40845065e-03, 0., 0., 1.40845065e-03, 0.,
       0., 0., 2.81690131e-03, 0., 0., 1.12676052e-02, 1.40845065e-03,
       2.81690131e-03, 1.40845065e-03, 1.40845065e-03, 1.40845065e-03,
       1.40845065e-03, 7.04225339e-03, 0., 1.40845065e-03, 0., 0.,
       1.40845065e-03, 1.40845065e-03, 1.40845065e-03, 2.81690131e-03,
       0., 2.81690131e-03, 0., 4.22535185e-03, 1.40845065e-03,
       4.22535185e-03, 1.40845065e-03, 0., 0., 2.81690131e-03, 0.,
       1.40845065e-03, 0., 0., 2.81690131e-03, 0., 4.22535185e-03,
       2.81690131e-03, 1.40845065e-03, 2.81690131e-03, 0.,
       4.22535185e-03, 0., 0., 0., 1.40845065e-03, 1.40845065e-03, 0.,
       0., 1.40845065e-03, 1.40845065e-03, 1.40845065e-03,
       1.40845065e-03, 1.40845065e-03, 0., 1.40845065e-03, 0.,
       2.81690131e-03, 1.40845065e-03, 0., 0., 0., 1.40845065e-03,
       2.81690131e-03, 2.81690131e-03, 0., 1.40845065e-03,
       2.81690131e-03, 1.40845065e-03, 0., 1.40845065e-03,
       1.40845065e-03, 0., 0., 0., 0., 1.40845065e-03, 2.81690131e-03,
       0., 1.40845065e-03, 4.22535185e-03, 1.40845065e-03,
       1.40845065e-03, 1.40845065e-03, 0., 4.22535185e-03,
       2.81690131e-03, 1.40845065e-03, 2.81690131e-03, 4.22535185e-03,
       0., 2.81690131e-03, 1.40845065e-03, 0., 1.40845065e-03, 0.,
       1.40845065e-03, 1.40845065e-03, 2.81690131e-03, 0., 0.,
       2.81690131e-03, 5.63380262e-03, 0., 5.63380262e-03, 0., 0.,
       1.40845065e-03, 0., 1.40845065e-03, 0., 1.40845065e-03,
       1.40845065e-03, 2.81690131e-03, 0., 1.40845065e-03,
       4.22535185e-03, 0., 0., 0., 0., 0., 0., 0., 0., 0.,
       1.40845065e-03, 0., 0., 1.40845065e-03, 0., 0., 2.81690131e-03,
       1.40845065e-03, 0., 1.40845065e-03, 0., 0., 2.81690131e-03, 0.,
       0., 1.40845065e-03, 0., 2.81690131e-03, 0., 1.40845065e-03, 0.,
       0., 4.22535185e-03, 0., 1.40845065e-03, 0., 1.40845065e-03,
       5.63380262e-03, 0., 0., 4.22535185e-03, 0., 0., 0.,
       4.22535185e-03, 1.40845065e-03, 0., 0., 0., 0., 0.,
       9.85915493e-03, 1.40845065e-03, 1.40845065e-03, 1.40845065e-03,
       2.81690131e-03, 0., 1.12676052e-02, 1.40845065e-03,
       1.40845065e-03, 0., 2.81690131e-03, 2.81690131e-03, 0.,
       1.40845065e-03, 0., 0., 0., 1.40845065e-03, 1.40845065e-03,
       1.40845065e-03, 1.40845065e-03, 7.04225339e-03, 0., 0.,
       4.22535185e-03, 1.40845065e-03, 0., 0., 0., 0., 0.,
       2.81690131e-03, 0., 2.81690131e-03, 8.45070370e-03,
       1.40845065e-03, 1.40845065e-03, 1.40845065e-03, 0., 0.,
