%YAML:1.0
m10f: !!opencv-matrix
   rows: 1
   cols: 800
   dt: f
   data: [ 0., 0., 3.46878101e-03, 1.48662040e-03, 4.95540153e-04,
       4.95540153e-04, 2.47770082e-03, 3.46878101e-03, 1.98216061e-03,
       1.98216061e-03, 1.48662040e-03, 4.95540153e-04, 0.,
       9.91080306e-04, 1.48662040e-03, 0., 0., 9.91080306e-04, 0.,
       1.98216061e-03, 6.93756202e-03, 1.98216061e-03, 9.91080306e-04,
       0., 1.48662040e-03, 1.48662040e-03, 0., 3.96432122e-03, 0.,
       9.91080306e-04, 0., 1.48662040e-03, 2.97324080e-03,
       3.46878101e-03, 4.95540153e-04, 4.95540153e-04, 4.95540153e-04,
       1.48662040e-03, 9.91080306e-04, 1.48662040e-03, 4.95540153e-04,
       1.98216061e-03, 1.48662040e-03, 3.46878101e-03, 4.95540153e-04,
       4.95540153e-04, 0., 0., 0., 0., 9.91080306e-04, 4.95540153e-04,
       4.95540153e-04, 9.91080306e-04, 0., 4.95540153e-04,
       1.98216061e-03, 4.95540153e-04, 4.95540153e-04, 2.47770082e-03,
       0., 1.98216061e-03, 0., 3.96432122e-03, 2.47770082e-03,
       1.98216061e-03, 9.91080306e-04, 9.91080306e-04, 4.95540153e-04,
       4.95540153e-04, 4.95540153e-04, 2.47770082e-03, 0.,
       1.98216061e-03, 0., 1.98216061e-03, 0., 0., 1.48662040e-03,
       9.91080306e-04, 0., 0., 9.91080306e-04, 1.48662040e-03,
       1.98216061e-03, 2.47770082e-03, 9.91080306e-04, 1.98216061e-03,
       4.95540153e-04, 9.91080306e-04, 4.95540153e-04, 4.95540153e-04,
       4.95540153e-04, 3.46878101e-03, 2.97324080e-03, 1.48662040e-03,
       1.98216061e-03, 1.48662040e-03, 0., 0., 0., 4.95540153e-04,
       1.98216061e-03, 4.95540153e-04, 4.95540153e-04, 1.48662040e-03,
       4.95540153e-04, 4.95540153e-04, 9.91080306e-04, 9.91080306e-04,
       9.91080306e-04, 4.95540153e-04, 0., 4.95540153e-04,
       4.45986120e-03, 1.48662040e-03, 0., 2.97324080e-03,
       1.98216061e-03, 1.98216061e-03, 0., 4.95540153e-04,
       1.48662040e-03, 6.44202204e-03, 4.95540153e-04, 9.91080306e-04,
       1.48662040e-03, 9.91080306e-04, 9.91080306e-04, 1.48662040e-03,
       0., 9.91080306e-04, 5.45094162e-03, 0., 1.48662040e-03, 0.,
       2.47770082e-03, 3.46878101e-03, 4.95540153e-04, 2.47770082e-03,
       4.95540153e-04, 4.95540153e-04, 2.47770082e-03, 0., 0.,
       3.46878101e-03, 0., 0., 9.91080306e-04, 9.91080306e-04,
       9.91080306e-04, 0., 0., 3.96432122e-03, 1.48662040e-03, 0., 0.,
       1.48662040e-03, 2.47770082e-03, 9.91080306e-04, 0.,
       9.91080306e-04, 1.48662040e-03, 4.95540153e-04, 0.,
       1.98216061e-03, 1.98216061e-03, 4.95540153e-04, 1.98216061e-03,
       2.97324080e-03, 9.91080306e-04, 0., 4.95540153e-04,
       3.96432122e-03, 1.98216061e-03, 0., 4.95540153e-04,
       1.98216061e-03, 4.95540153e-04, 9.91080306e-04, 2.47770082e-03,
       1.48662040e-03, 4.95540153e-04, 1.48662040e-03, 4.95540153e-04,
       9.91080306e-04, 4.95540153e-04, 1.48662040e-03, 0.,
       2.47770082e-03, 0., 9.91080306e-04, 4.95540153e-04,
       4.95540153e-04, 1.48662040e-03, 4.45986120e-03, 1.48662040e-03,
       0., 4.95540153e-04, 0., 1.98216061e-03, 9.91080306e-04,
       4.95540153e-04, 5.94648160e-03, 9.91080306e-04, 4.95540153e-04,
       9.91080306e-04, 4.95540153e-04, 9.91080306e-04, 1.98216061e-03,
       4.95540153e-04, 4.95540153e-04, 0., 9.91080329e-03,
       1.98216061e-03, 1.98216061e-03, 0., 4.95540153e-04,
       1.48662040e-03, 4.95540153e-04, 0., 9.91080306e-04,
       4.95540153e-04, 4.45986120e-03, 4.95540153e-04, 2.47770082e-03,
       4.95540153e-04, 9.91080306e-04, 1.98216061e-03, 9.91080306e-04,
       9.91080306e-04, 1.48662040e-03, 9.91080306e-04, 0., 0.,
       4.95540153e-04, 1.48662040e-03, 0., 4.95540153e-04,
       4.95540164e-03, 4.95540153e-04, 2.47770082e-03, 2.47770082e-03,
       4.95540153e-04, 4.95540153e-04, 1.98216061e-03, 4.95540164e-03,
       4.95540153e-04, 4.95540153e-04, 1.98216061e-03, 3.46878101e-03,
       1.48662040e-03, 9.91080306e-04, 2.47770082e-03, 1.48662040e-03,
       4.95540153e-04, 0., 4.45986120e-03, 0., 9.91080306e-04,
       4.95540153e-04, 1.48662040e-03, 9.91080306e-04, 0.,
       1.48662040e-03, 0., 4.95540153e-04, 1.98216061e-03,
       2.97324080e-03, 1.48662040e-03, 0., 0., 0., 9.91080306e-04,
       4.95540153e-04, 1.48662040e-03, 1.48662040e-03, 1.98216061e-03,
       9.91080306e-04, 1.48662040e-03, 3.46878101e-03, 9.91080306e-04,
       1.98216061e-03, 1.48662040e-03, 4.95540153e-04, 1.98216061e-03,
       4.95540153e-04, 1.98216061e-03, 0., 1.98216061e-03,
       9.91080306e-04, 3.96432122e-03, 4.95540153e-04, 2.47770082e-03,
       4.95540153e-04, 9.91080306e-04, 1.98216061e-03, 2.47770082e-03,
       1.48662040e-03, 1.48662040e-03, 0., 4.95540153e-04,
       1.98216061e-03, 0., 1.48662040e-03, 1.48662040e-03,
       9.91080306e-04, 4.95540153e-04, 9.91080306e-04, 0.,
       1.48662040e-03, 0., 1.98216061e-03, 9.91080306e-04,
       2.97324080e-03, 0., 3.96432122e-03, 2.47770082e-03, 0.,
       5.45094162e-03, 1.48662040e-03, 0., 1.48662040e-03,
       1.98216061e-03, 0., 1.48662040e-03, 4.95540153e-04,
       3.96432122e-03, 4.45986120e-03, 0., 1.98216061e-03, 0.,
       4.95540153e-04, 1.98216061e-03, 0., 1.98216061e-03,
       1.48662040e-03, 4.95540153e-04, 9.91080306e-04, 9.91080306e-04,
       9.91080306e-04, 0., 0., 4.95540153e-04, 2.97324080e-03,
       9.91080306e-04, 4.95540164e-03, 1.48662040e-03, 2.47770082e-03,
       4.95540153e-04, 4.95540153e-04, 0., 0., 0., 1.98216061e-03, 0.,
       9.91080306e-04, 1.48662040e-03, 1.48662040e-03, 9.91080306e-04,
       9.91080306e-04, 4.95540153e-04, 4.95540153e-04, 2.97324080e-03,
       9.91080306e-04, 0., 2.47770082e-03, 4.95540153e-04,
       1.98216061e-03, 2.47770082e-03, 9.91080306e-04, 9.91080306e-04,
       2.97324080e-03, 0., 4.95540153e-04, 0., 4.45986120e-03,
       4.95540153e-04, 9.91080306e-04, 1.98216061e-03, 0., 0.,
       4.95540153e-04, 4.95540153e-04, 0., 3.46878101e-03, 0.,
       3.96432122e-03, 9.91080306e-04, 1.48662040e-03, 2.47770082e-03,
       0., 1.48662040e-03, 0., 2.97324080e-03, 3.46878101e-03, 0., 0.,
       0., 2.97324080e-03, 9.91080306e-04, 1.48662040e-03,
       9.91080306e-04, 0., 1.48662040e-03, 0., 0., 4.95540153e-04,
       9.91080306e-04, 3.46878101e-03, 0., 3.96432122e-03,
       3.46878101e-03, 1.98216061e-03, 9.91080306e-04, 0.,
       9.91080306e-04, 4.95540153e-04, 9.91080306e-04, 4.95540153e-04,
       4.95540153e-04, 1.98216061e-03, 9.91080306e-04, 9.91080306e-04,
       1.48662040e-03, 4.95540153e-04, 1.48662040e-03, 1.48662040e-03,
       0., 4.95540153e-04, 0., 4.95540153e-04, 9.91080306e-04, 0.,
       4.95540153e-04, 0., 3.46878101e-03, 2.47770082e-03,
       1.48662040e-03, 9.91080306e-04, 1.48662040e-03, 0.,
       4.95540153e-04, 4.95540153e-04, 1.98216061e-03, 4.95540153e-04,
       0., 4.95540153e-04, 9.91080306e-04, 9.91080306e-04, 0.,
       9.91080306e-04, 1.48662040e-03, 1.48662040e-03, 9.91080306e-04,
       4.95540153e-04, 9.91080306e-04, 1.48662040e-03, 3.46878101e-03,
       1.98216061e-03, 4.95540153e-04, 1.98216061e-03, 4.95540153e-04,
       9.91080306e-04, 4.95540153e-04, 9.91080306e-04, 1.98216061e-03,
       0., 1.98216061e-03, 4.95540164e-03, 4.95540164e-03,
       4.95540153e-04, 4.45986120e-03, 4.95540153e-04, 9.91080306e-04,
       4.95540153e-04, 3.46878101e-03, 1.98216061e-03, 4.95540153e-04,
       9.91080306e-04, 1.48662040e-03, 4.95540153e-04, 9.91080306e-04,
       9.91080306e-04, 4.95540153e-04, 2.97324080e-03, 1.48662040e-03,
       4.95540153e-04, 2.47770082e-03, 1.48662040e-03, 9.91080306e-04,
       1.48662040e-03, 9.91080306e-04, 2.47770082e-03, 1.98216061e-03,
       9.91080306e-04, 2.47770082e-03, 2.47770082e-03, 9.91080306e-04,
       0., 2.47770082e-03, 4.95540153e-04, 1.98216061e-03,
       3.96432122e-03, 1.98216061e-03, 1.48662040e-03, 0.,
       1.48662040e-03, 0., 0., 9.91080306e-04, 4.95540153e-04,
       1.48662040e-03, 4.95540153e-04, 1.98216061e-03, 2.47770082e-03,
       9.91080306e-04, 2.97324080e-03, 1.98216061e-03, 2.47770082e-03,
       3.46878101e-03, 1.98216061e-03, 4.95540153e-04, 1.48662040e-03,
