%YAML:1.0
m10f: !!opencv-matrix
   rows: 1
   cols: 800
   dt: f
   data: [ 2.20022001e-03, 2.20022001e-03, 2.20022001e-03,
       4.40044003e-03, 5.50055003e-04, 1.10011001e-03, 3.30033014e-03,
       1.10011001e-03, 2.20022001e-03, 2.20022001e-03, 1.10011001e-03,
       5.50055003e-04, 0., 0., 1.65016507e-03, 5.50055003e-04, 0.,
       2.20022001e-03, 0., 5.50055003e-04, 3.30033014e-03, 0.,
       5.50055003e-04, 0., 5.50055003e-04, 0., 1.10011001e-03,
       4.40044003e-03, 5.50055003e-04, 0., 5.50055003e-04,
       1.65016507e-03, 1.65016507e-03, 0., 1.10011001e-03,
       3.85038508e-03, 2.20022001e-03, 5.50055003e-04, 1.10011001e-03,
       5.50055003e-04, 1.10011001e-03, 1.10011001e-03, 5.50055003e-04,
       2.20022001e-03, 0., 1.65016507e-03, 1.10011001e-03, 0.,
       2.20022001e-03, 0., 5.50055003e-04, 5.50055003e-04,
       5.50055003e-04, 5.50055003e-04, 0., 1.10011001e-03,
       1.10011001e-03, 5.50055003e-04, 5.50055003e-04, 5.50055003e-04,
       0., 3.30033014e-03, 0., 2.75027496e-03, 1.65016507e-03,
       5.50055003e-04, 5.50055003e-04, 1.65016507e-03, 5.50055003e-04,
       0., 5.50055003e-04, 0., 1.65016507e-03, 1.65016507e-03,
       1.10011001e-03, 3.85038508e-03, 1.65016507e-03, 0.,
       1.65016507e-03, 5.50055003e-04, 1.65016507e-03, 0.,
       1.65016507e-03, 1.10011001e-03, 6.05060486e-03, 4.40044003e-03,
       5.50055003e-04, 2.75027496e-03, 0., 5.50055003e-04, 0., 0.,
       3.85038508e-03, 2.75027496e-03, 2.75027496e-03, 1.10011001e-03,
       5.50055003e-04, 2.75027496e-03, 1.10011001e-03, 0.,
       5.50055003e-04, 2.75027496e-03, 3.85038508e-03, 0., 0., 0.,
       1.10011001e-03, 5.50055003e-04, 0., 5.50055003e-04,
       5.50055003e-04, 3.30033014e-03, 0., 1.65016507e-03,
       7.70077016e-03, 0., 5.50055003e-04, 4.40044003e-03,
       5.50055003e-04, 2.75027496e-03, 2.20022001e-03, 5.50055003e-04,
       4.40044003e-03, 5.50055003e-04, 0., 1.10011001e-03,
       1.10011001e-03, 1.10011001e-03, 2.20022001e-03, 1.65016507e-03,
       5.50055003e-04, 0., 1.65016507e-03, 1.65016507e-03,
       1.10011001e-03, 0., 1.65016507e-03, 0., 5.50055003e-04,
       1.65016507e-03, 1.10011001e-03, 0., 4.40044003e-03,
       5.50055003e-04, 5.50055003e-04, 3.85038508e-03, 2.20022001e-03,
       0., 0., 5.50055003e-04, 1.65016507e-03, 0., 1.10011001e-03,
       5.50055003e-04, 1.10011001e-03, 0., 0., 6.60066027e-03,
       3.85038508e-03, 5.50055003e-04, 0., 5.50055003e-04, 0.,
       5.50055003e-04, 0., 5.50055003e-04, 2.20022001e-03,
       1.65016507e-03, 1.65016507e-03, 3.85038508e-03, 1.65016507e-03,
       0., 3.85038508e-03, 2.20022001e-03, 1.10011001e-03, 0.,
       1.10011001e-03, 0., 0., 1.10011001e-03, 1.65016507e-03,
       1.10011001e-03, 1.10011001e-03, 5.50055003e-04, 5.50055003e-04,
       1.10011001e-03, 1.65016507e-03, 2.20022001e-03, 0.,
       6.60066027e-03, 0., 2.20022001e-03, 0., 1.10011001e-03,
       3.85038508e-03, 5.50055003e-04, 5.50055003e-04, 5.50055003e-04,
       0., 0., 1.10011001e-03, 1.10011001e-03, 0., 0., 3.30033014e-03,
       0., 1.10011001e-03, 0., 5.50055003e-04, 2.20022001e-03,
       1.10011001e-03, 0., 0., 4.95049497e-03, 2.20022001e-03,
       2.20022001e-03, 5.50055003e-04, 0., 5.50055003e-04,
       2.75027496e-03, 5.50055003e-04, 0., 5.50055003e-04,
       2.75027496e-03, 5.50055003e-04, 2.20022001e-03, 0.,
       2.75027496e-03, 3.30033014e-03, 0., 1.10011001e-03,
       1.10011001e-03, 1.10011001e-03, 0., 1.10011001e-03, 0.,
       2.20022001e-03, 0., 1.10011001e-03, 6.60066027e-03,
       2.75027496e-03, 5.50054992e-03, 3.30033014e-03, 5.50055003e-04,
       1.10011001e-03, 3.30033014e-03, 3.30033014e-03, 1.10011001e-03,
       0., 1.65016507e-03, 2.75027496e-03, 2.75027496e-03,
       1.65016507e-03, 2.20022001e-03, 5.50055003e-04, 5.50055003e-04,
       5.50055003e-04, 5.50055003e-04, 0., 5.50055003e-04,
       5.50055003e-04, 0., 1.65016507e-03, 0., 1.10011001e-03,
       1.10011001e-03, 5.50055003e-04, 3.30033014e-03, 4.40044003e-03,
       2.20022001e-03, 2.20022001e-03, 0., 2.75027496e-03,
       5.50055003e-04, 5.50055003e-04, 0., 5.50055003e-04,
       4.95049497e-03, 1.10011001e-03, 1.65016507e-03, 1.65016507e-03,
       1.10011001e-03, 0., 2.20022001e-03, 1.10011001e-03,
       2.20022001e-03, 5.50055003e-04, 5.50055003e-04, 5.50055003e-04,
       1.65016507e-03, 2.20022001e-03, 1.65016507e-03, 0., 0.,
       2.75027496e-03, 5.50055003e-04, 2.20022001e-03, 1.10011001e-03,
       1.65016507e-03, 5.50055003e-04, 5.50055003e-04, 5.50055003e-04,
       2.75027496e-03, 5.50055003e-04, 3.30033014e-03, 0., 0.,
       1.10011001e-03, 1.10011001e-03, 5.50055003e-04, 5.50055003e-04,
       0., 5.50055003e-04, 0., 0., 0., 7.15071522e-03, 1.65016507e-03,
       3.85038508e-03, 0., 1.10011001e-03, 1.10011001e-03,
       2.20022001e-03, 4.95049497e-03, 0., 5.50055003e-04,
       1.10011001e-03, 1.10011001e-03, 1.10011001e-03, 0.,
       5.50055003e-04, 0., 1.10011001e-03, 1.10011001e-03, 0.,
       1.65016507e-03, 3.30033014e-03, 0., 5.50055003e-04,
       2.20022001e-03, 0., 5.50055003e-04, 2.20022001e-03,
       1.65016507e-03, 5.50055003e-04, 5.50055003e-04, 5.50054992e-03,
       1.10011001e-03, 1.65016507e-03, 5.50055003e-04, 0.,
       5.50055003e-04, 0., 1.65016507e-03, 0., 0., 5.50055003e-04,
       5.50055003e-04, 3.30033014e-03, 1.10011001e-03, 5.50055003e-04,
       0., 1.10011001e-03, 1.65016507e-03, 3.85038508e-03,
       5.50055003e-04, 1.65016507e-03, 5.50055003e-04, 5.50055003e-04,
       5.50055003e-04, 5.50055003e-04, 5.50055003e-04, 2.20022001e-03,
       0., 5.50055003e-04, 0., 5.50055003e-04, 1.65016507e-03,
       4.40044003e-03, 4.40044003e-03, 3.30033014e-03, 5.50055003e-04,
       3.30033014e-03, 0., 0., 2.75027496e-03, 1.10011001e-03,
       1.10011001e-03, 1.65016507e-03, 5.50055003e-04, 3.85038508e-03,
       5.50055003e-04, 3.85038508e-03, 5.50055003e-04, 1.10011001e-03,
       2.20022001e-03, 1.65016507e-03, 0., 5.50055003e-04, 0.,
       1.10011001e-03, 0., 5.50055003e-04, 1.65016507e-03,
       5.50055003e-04, 0., 1.10011001e-03, 1.10011001e-03,
       1.10011001e-03, 2.20022001e-03, 0., 1.10011001e-03,
       1.10011001e-03, 0., 3.30033014e-03, 0., 1.10011001e-03,
       5.50055003e-04, 1.65016507e-03, 5.50055003e-04, 1.65016507e-03,
       1.65016507e-03, 0., 4.40044003e-03, 5.50055003e-04,
       1.10011001e-03, 5.50055003e-04, 0., 0., 1.65016507e-03,
       5.50055003e-04, 1.10011001e-03, 1.10011001e-03, 5.50055003e-04,
       0., 5.50055003e-04, 2.20022001e-03, 2.75027496e-03,
       1.10011001e-03, 0., 1.65016507e-03, 0., 1.65016507e-03,
       5.50055003e-04, 2.75027496e-03, 2.20022001e-03, 1.10011001e-03,
       5.50055003e-04, 0., 1.10011001e-03, 5.50055003e-04,
       2.75027496e-03, 2.20022001e-03, 0., 0., 5.50055003e-04,
       5.50054992e-03, 3.85038508e-03, 1.65016507e-03, 1.65016507e-03,
       1.10011001e-03, 4.40044003e-03, 5.50055003e-04, 0.,
       1.10011001e-03, 2.20022001e-03, 1.65016507e-03, 1.65016507e-03,
       3.30033014e-03, 2.20022001e-03, 3.85038508e-03, 3.30033014e-03,
       0., 0., 5.50055003e-04, 0., 1.10011001e-03, 1.65016507e-03,
       5.50055003e-04, 5.50055003e-04, 5.50055003e-04, 5.50055003e-04,
       1.65016507e-03, 5.50055003e-04, 1.10011001e-03, 0.,
       5.50055003e-04, 1.10011001e-03, 0., 1.65016507e-03,
       5.50055003e-04, 1.65016507e-03, 5.50055003e-04, 4.40044003e-03,
       1.10011001e-03, 0., 3.30033014e-03, 5.50055003e-04,
       1.65016507e-03, 5.50055003e-04, 2.20022001e-03, 1.65016507e-03,
       3.85038508e-03, 3.30033014e-03, 5.50055003e-04, 0., 0., 0.,
       5.50055003e-04, 1.10011001e-03, 1.65016507e-03, 1.65016507e-03,
       2.20022001e-03, 5.50055003e-04, 3.30033014e-03, 2.20022001e-03,
       2.20022001e-03, 5.50055003e-04, 1.65016507e-03, 1.10011001e-03,
       2.75027496e-03, 1.65016507e-03, 0., 3.30033014e-03,
       1.10011001e-03, 3.30033014e-03, 1.65016507e-03, 1.10011001e-03,
       1.10011001e-03, 0., 0., 1.65016507e-03, 1.10011001e-03,
