%YAML:1.0
m10f: !!opencv-matrix
   rows: 1
   cols: 800
   dt: f
   data: [ 2.18459847e-03, 3.82304727e-03, 2.73074815e-03,
       4.36919695e-03, 5.46149618e-04, 5.46149618e-04, 3.82304727e-03,
       2.73074815e-03, 1.63844880e-03, 2.18459847e-03, 1.09229924e-03,
       1.09229924e-03, 0., 5.46149618e-04, 1.63844880e-03,
       1.09229924e-03, 0., 1.63844880e-03, 0., 5.46149618e-04,
       2.73074815e-03, 0., 5.46149618e-04, 0., 5.46149618e-04, 0.,
       1.09229924e-03, 4.91534639e-03, 5.46149618e-04, 0.,
       5.46149618e-04, 2.73074815e-03, 1.63844880e-03, 5.46149618e-04,
       0., 4.36919695e-03, 1.63844880e-03, 5.46149618e-04,
       5.46149618e-04, 0., 1.63844880e-03, 5.46149618e-04, 0.,
       1.63844880e-03, 5.46149618e-04, 1.63844880e-03, 0., 0.,
       2.18459847e-03, 0., 1.63844880e-03, 1.09229924e-03, 0., 0., 0.,
       5.46149618e-04, 1.09229924e-03, 5.46149618e-04, 5.46149618e-04,
       1.09229924e-03, 0., 3.27689759e-03, 0., 2.73074815e-03,
       2.73074815e-03, 5.46149618e-04, 5.46149618e-04, 1.09229924e-03,
       1.09229924e-03, 5.46149618e-04, 1.09229924e-03, 0.,
       2.73074815e-03, 1.63844880e-03, 5.46149618e-04, 3.82304727e-03,
       1.63844880e-03, 0., 2.18459847e-03, 5.46149618e-04,
       1.09229924e-03, 0., 2.18459847e-03, 1.09229924e-03,
       7.09994510e-03, 4.91534639e-03, 2.73074815e-03, 2.73074815e-03,
       5.46149618e-04, 1.09229924e-03, 5.46149618e-04, 0.,
       4.36919695e-03, 2.18459847e-03, 2.18459847e-03, 1.09229924e-03,
       5.46149618e-04, 2.73074815e-03, 1.09229924e-03, 0., 0.,
       2.18459847e-03, 4.36919695e-03, 0., 0., 0., 1.09229924e-03, 0.,
       0., 5.46149618e-04, 5.46149618e-04, 3.27689759e-03, 0.,
       1.09229924e-03, 6.55379519e-03, 1.09229924e-03, 1.09229924e-03,
       2.18459847e-03, 1.09229924e-03, 2.73074815e-03, 2.18459847e-03,
       5.46149618e-04, 4.91534639e-03, 1.63844880e-03, 0.,
       1.09229924e-03, 5.46149618e-04, 1.09229924e-03, 1.63844880e-03,
       1.63844880e-03, 5.46149618e-04, 0., 1.09229924e-03,
       1.63844880e-03, 5.46149618e-04, 0., 2.18459847e-03, 0.,
       5.46149618e-04, 1.63844880e-03, 1.09229924e-03, 5.46149618e-04,
       3.82304727e-03, 5.46149618e-04, 0., 4.36919695e-03,
       2.18459847e-03, 5.46149618e-04, 0., 5.46149618e-04,
       2.18459847e-03, 0., 1.09229924e-03, 5.46149618e-04,
       1.63844880e-03, 0., 0., 4.91534639e-03, 2.73074815e-03,
       5.46149618e-04, 0., 5.46149618e-04, 0., 1.63844880e-03, 0.,
       5.46149618e-04, 2.18459847e-03, 1.63844880e-03, 1.63844880e-03,
       3.27689759e-03, 2.18459847e-03, 0., 2.73074815e-03,
       2.73074815e-03, 1.09229924e-03, 0., 1.63844880e-03, 0., 0.,
       5.46149618e-04, 1.63844880e-03, 1.09229924e-03, 5.46149618e-04,
       5.46149618e-04, 0., 1.63844880e-03, 2.18459847e-03,
       2.18459847e-03, 0., 5.46149630e-03, 0., 2.18459847e-03, 0.,
       5.46149618e-04, 2.73074815e-03, 1.63844880e-03, 1.09229924e-03,
       1.09229924e-03, 0., 0., 1.09229924e-03, 1.09229924e-03,
       5.46149618e-04, 0., 2.18459847e-03, 5.46149618e-04,
       1.09229924e-03, 5.46149618e-04, 5.46149618e-04, 2.18459847e-03,
       1.63844880e-03, 0., 1.09229924e-03, 4.91534639e-03,
       2.73074815e-03, 3.27689759e-03, 0., 0., 1.09229924e-03,
       4.36919695e-03, 5.46149618e-04, 5.46149618e-04, 1.09229924e-03,
       2.18459847e-03, 5.46149618e-04, 3.27689759e-03, 0.,
       2.73074815e-03, 2.73074815e-03, 1.09229924e-03, 1.63844880e-03,
       5.46149618e-04, 1.09229924e-03, 0., 1.09229924e-03,
       5.46149618e-04, 2.18459847e-03, 0., 1.09229924e-03,
       8.73839390e-03, 3.27689759e-03, 3.82304727e-03, 2.73074815e-03,
       1.09229924e-03, 5.46149618e-04, 3.27689759e-03, 3.27689759e-03,
       1.09229924e-03, 1.09229924e-03, 1.63844880e-03, 2.73074815e-03,
       2.73074815e-03, 1.09229924e-03, 3.27689759e-03, 0.,
       5.46149618e-04, 0., 5.46149618e-04, 0., 0., 0., 5.46149618e-04,
       2.18459847e-03, 0., 1.63844880e-03, 1.09229924e-03,
       5.46149618e-04, 3.82304727e-03, 3.27689759e-03, 1.63844880e-03,
       2.18459847e-03, 0., 2.18459847e-03, 2.18459847e-03,
       1.09229924e-03, 0., 5.46149618e-04, 2.73074815e-03,
       1.63844880e-03, 2.73074815e-03, 1.63844880e-03, 5.46149618e-04,
       1.09229924e-03, 5.46149618e-04, 5.46149618e-04, 2.73074815e-03,
       1.09229924e-03, 5.46149618e-04, 0., 1.09229924e-03,
       1.63844880e-03, 2.18459847e-03, 0., 0., 2.73074815e-03,
       5.46149618e-04, 3.27689759e-03, 5.46149618e-04, 1.09229924e-03,
       5.46149618e-04, 0., 5.46149618e-04, 3.27689759e-03,
       5.46149618e-04, 2.73074815e-03, 5.46149618e-04, 1.09229924e-03,
       1.63844880e-03, 1.09229924e-03, 5.46149618e-04, 5.46149618e-04,
       5.46149618e-04, 1.09229924e-03, 0., 0., 0., 7.09994510e-03,
       5.46149618e-04, 3.82304727e-03, 5.46149618e-04, 5.46149618e-04,
       1.09229924e-03, 2.18459847e-03, 4.91534639e-03, 5.46149618e-04,
       5.46149618e-04, 1.09229924e-03, 1.09229924e-03, 1.63844880e-03,
       0., 5.46149618e-04, 0., 1.09229924e-03, 1.09229924e-03, 0.,
       1.63844880e-03, 3.27689759e-03, 5.46149618e-04, 5.46149618e-04,
       1.63844880e-03, 5.46149618e-04, 5.46149618e-04, 2.18459847e-03,
       1.09229924e-03, 5.46149618e-04, 2.18459847e-03, 5.46149630e-03,
       1.09229924e-03, 1.63844880e-03, 5.46149618e-04, 0., 0., 0.,
       2.18459847e-03, 0., 0., 5.46149618e-04, 5.46149618e-04,
       2.18459847e-03, 1.09229924e-03, 5.46149618e-04, 5.46149618e-04,
       0., 2.18459847e-03, 1.63844880e-03, 5.46149618e-04,
       1.09229924e-03, 5.46149618e-04, 1.63844880e-03, 0., 0.,
       5.46149618e-04, 2.18459847e-03, 5.46149618e-04, 0., 0.,
       1.09229924e-03, 1.63844880e-03, 4.36919695e-03, 3.82304727e-03,
       2.73074815e-03, 1.09229924e-03, 3.27689759e-03, 0., 0.,
       3.27689759e-03, 1.09229924e-03, 1.09229924e-03, 1.09229924e-03,
       5.46149618e-04, 2.73074815e-03, 5.46149618e-04, 3.82304727e-03,
       5.46149618e-04, 5.46149618e-04, 1.09229924e-03, 1.63844880e-03,
       0., 5.46149618e-04, 0., 1.09229924e-03, 0., 1.09229924e-03,
       1.63844880e-03, 5.46149618e-04, 0., 1.09229924e-03,
       1.09229924e-03, 1.63844880e-03, 2.73074815e-03, 0.,
       1.09229924e-03, 1.09229924e-03, 0., 3.27689759e-03, 0.,
       1.09229924e-03, 1.09229924e-03, 1.09229924e-03, 5.46149618e-04,
       1.09229924e-03, 2.18459847e-03, 0., 4.36919695e-03,
       5.46149618e-04, 1.09229924e-03, 5.46149618e-04, 0., 0.,
       1.63844880e-03, 1.09229924e-03, 1.09229924e-03, 1.09229924e-03,
       5.46149618e-04, 0., 0., 1.63844880e-03, 2.18459847e-03,
       5.46149618e-04, 1.09229924e-03, 1.09229924e-03, 0.,
       5.46149618e-04, 5.46149618e-04, 1.63844880e-03, 1.63844880e-03,
       1.09229924e-03, 5.46149618e-04, 0., 1.63844880e-03,
       5.46149618e-04, 1.63844880e-03, 2.73074815e-03, 0., 0.,
       5.46149618e-04, 4.91534639e-03, 3.82304727e-03, 1.09229924e-03,
       1.63844880e-03, 1.09229924e-03, 3.82304727e-03, 5.46149618e-04,
       5.46149618e-04, 1.09229924e-03, 2.18459847e-03, 2.73074815e-03,
       1.09229924e-03, 2.73074815e-03, 2.18459847e-03, 3.82304727e-03,
       3.27689759e-03, 0., 0., 1.63844880e-03, 0., 5.46149618e-04,
       2.73074815e-03, 5.46149618e-04, 5.46149618e-04, 5.46149618e-04,
       0., 2.18459847e-03, 0., 1.09229924e-03, 5.46149618e-04,
       5.46149618e-04, 1.09229924e-03, 0., 1.09229924e-03,
       5.46149618e-04, 1.63844880e-03, 5.46149618e-04, 4.91534639e-03,
       1.09229924e-03, 0., 2.73074815e-03, 5.46149618e-04,
       2.18459847e-03, 0., 1.63844880e-03, 1.09229924e-03,
       3.27689759e-03, 6.00764574e-03, 5.46149618e-04, 5.46149618e-04,
       0., 0., 5.46149618e-04, 1.09229924e-03, 1.09229924e-03,
       2.18459847e-03, 1.63844880e-03, 5.46149618e-04, 3.82304727e-03,
       1.63844880e-03, 2.73074815e-03, 0., 2.73074815e-03,
       5.46149618e-04, 2.73074815e-03, 1.63844880e-03, 1.09229924e-03,
       2.73074815e-03, 1.63844880e-03, 3.82304727e-03, 1.63844880e-03,
