%YAML:1.0
m10f: !!opencv-matrix
   rows: 1
   cols: 800
   dt: f
   data: [ 1.46986765e-03, 4.89955861e-03, 4.89955884e-04, 0.,
       4.89955884e-04, 0., 2.44977931e-03, 4.89955884e-04,
       2.93973531e-03, 1.46986765e-03, 4.89955884e-04, 4.89955884e-04,
       0., 9.79911769e-04, 3.42969131e-03, 0., 4.89955884e-04,
       1.46986765e-03, 9.79911769e-04, 1.95982354e-03, 2.93973531e-03,
       2.44977931e-03, 4.89955884e-04, 0., 1.95982354e-03,
       4.89955884e-04, 4.89955884e-04, 9.79911769e-04, 0., 0.,
       4.89955884e-04, 0., 2.93973531e-03, 1.95982354e-03,
       4.89955884e-04, 2.44977931e-03, 9.79911769e-04, 2.44977931e-03,
       1.95982354e-03, 4.89955884e-04, 1.95982354e-03, 1.95982354e-03,
       4.89955884e-04, 2.44977931e-03, 9.79911769e-04, 0.,
       4.89955884e-04, 4.89955884e-04, 2.44977931e-03, 0.,
       4.89955884e-04, 4.89955884e-04, 0., 1.46986765e-03,
       9.79911769e-04, 9.79911769e-04, 1.95982354e-03, 0., 0.,
       1.46986765e-03, 4.89955884e-04, 2.93973531e-03, 0.,
       1.46986765e-03, 3.42969131e-03, 4.89955884e-04, 9.79911769e-04,
       1.46986765e-03, 0., 0., 0., 9.79911769e-04, 9.79911769e-04, 0.,
       1.95982354e-03, 3.42969131e-03, 0., 0., 9.79911769e-04,
       9.79911769e-04, 2.44977931e-03, 9.79911769e-04, 4.89955884e-04,
       0., 2.44977931e-03, 9.79911769e-04, 9.79911769e-04,
       1.46986765e-03, 1.95982354e-03, 0., 4.89955884e-04, 0., 0.,
       3.42969131e-03, 1.95982354e-03, 2.93973531e-03, 1.46986765e-03,
       4.89955884e-04, 9.79911769e-04, 0., 0., 1.95982354e-03,
       4.89955861e-03, 0., 0., 4.89955884e-04, 1.95982354e-03, 0., 0.,
       0., 2.44977931e-03, 1.95982354e-03, 1.95982354e-03,
       1.95982354e-03, 0., 1.95982354e-03, 1.95982354e-03,
       1.95982354e-03, 2.93973531e-03, 2.93973531e-03, 1.46986765e-03,
       4.89955884e-04, 2.44977931e-03, 1.46986765e-03, 0.,
       9.79911769e-04, 3.42969131e-03, 4.89955884e-04, 2.93973531e-03,
       3.91964708e-03, 0., 2.93973531e-03, 1.95982354e-03, 0.,
       1.46986765e-03, 0., 2.93973531e-03, 1.95982354e-03,
       4.89955884e-04, 3.42969131e-03, 0., 9.79911769e-04,
       4.89955884e-04, 1.46986765e-03, 4.89955884e-04, 4.89955861e-03,
       0., 9.79911769e-04, 4.89955884e-04, 1.46986765e-03,
       4.89955884e-04, 4.89955884e-04, 4.89955884e-04, 2.93973531e-03,
       9.79911769e-04, 0., 0., 3.42969131e-03, 1.46986765e-03,
       2.44977931e-03, 9.79911769e-04, 9.79911769e-04, 0., 0., 0.,
       9.79911769e-04, 9.79911769e-04, 9.79911769e-04, 9.79911769e-04,
       4.89955861e-03, 1.46986765e-03, 1.46986765e-03, 9.79911769e-04,
       4.89955861e-03, 4.89955884e-04, 0., 1.46986765e-03, 0.,
       4.89955884e-04, 1.46986765e-03, 3.42969131e-03, 9.79911769e-04,
       0., 9.79911769e-04, 4.89955884e-04, 1.95982354e-03,
       4.89955884e-04, 1.46986765e-03, 0., 1.46986765e-03,
       4.89955884e-04, 9.79911769e-04, 1.95982354e-03, 4.89955884e-04,
       0., 4.89955884e-04, 4.89955884e-04, 9.79911769e-04,
       4.89955884e-04, 0., 0., 4.89955884e-04, 9.79911769e-04,
       3.42969131e-03, 2.93973531e-03, 2.93973531e-03, 1.46986765e-03,
       1.46986765e-03, 1.46986765e-03, 9.79911769e-04, 4.40960284e-03,
       4.89955884e-04, 0., 9.79911769e-04, 1.46986765e-03,
       1.46986765e-03, 9.79911769e-04, 0., 4.89955884e-04,
       9.79911769e-04, 1.46986765e-03, 6.85938261e-03, 4.40960284e-03,
       3.42969131e-03, 1.46986765e-03, 1.46986765e-03, 1.95982354e-03,
       9.79911769e-04, 4.89955884e-04, 1.46986765e-03, 2.93973531e-03,
       1.95982354e-03, 1.46986765e-03, 4.89955884e-04, 2.44977931e-03,
       0., 2.93973531e-03, 0., 1.95982354e-03, 4.89955884e-04,
       9.79911769e-04, 9.79911769e-04, 1.95982354e-03, 0.,
       4.89955884e-04, 0., 3.42969131e-03, 4.89955884e-04, 0., 0.,
       1.46986765e-03, 2.44977931e-03, 1.46986765e-03, 1.46986765e-03,
       1.95982354e-03, 1.95982354e-03, 4.89955884e-04, 0.,
       1.46986765e-03, 0., 4.89955884e-04, 1.95982354e-03,
       5.38951484e-03, 9.79911769e-04, 1.95982354e-03, 4.89955884e-04,
       1.95982354e-03, 1.46986765e-03, 1.46986765e-03, 1.46986765e-03,
       2.44977931e-03, 0., 0., 9.79911769e-04, 4.89955884e-04, 0.,
       1.95982354e-03, 1.95982354e-03, 9.79911769e-04, 2.44977931e-03,
       1.46986765e-03, 2.44977931e-03, 1.46986765e-03, 1.46986765e-03,
       0., 4.89955884e-04, 2.93973531e-03, 9.79911769e-04, 0.,
       4.89955884e-04, 1.46986765e-03, 2.93973531e-03, 1.46986765e-03,
       2.93973531e-03, 3.91964708e-03, 4.89955884e-04, 1.46986765e-03,
       9.79911769e-04, 9.79911769e-04, 1.46986765e-03, 9.79911769e-04,
       4.89955884e-04, 0., 4.89955884e-04, 1.95982354e-03,
       4.89955884e-04, 9.79911769e-04, 2.44977931e-03, 2.44977931e-03,
       0., 0., 0., 9.79911769e-04, 9.79911769e-04, 9.79911769e-04,
       4.89955884e-04, 6.36942638e-03, 4.89955884e-04, 4.89955884e-04,
       1.95982354e-03, 9.79911769e-04, 1.46986765e-03, 1.46986765e-03,
       2.44977931e-03, 4.89955884e-04, 9.79911769e-04, 2.93973531e-03,
       2.93973531e-03, 1.46986765e-03, 4.89955884e-04, 1.46986765e-03,
       0., 0., 4.89955884e-04, 4.89955884e-04, 4.89955884e-04,
       4.89955884e-04, 4.89955884e-04, 1.46986765e-03, 0., 0., 0.,
       9.79911769e-04, 1.46986765e-03, 4.89955884e-04, 3.42969131e-03,
       6.85938261e-03, 9.79911769e-04, 2.44977931e-03, 4.89955884e-04,
       0., 0., 0., 4.89955884e-04, 0., 4.89955884e-04, 1.95982354e-03,
       2.44977931e-03, 9.79911769e-04, 0., 0., 2.44977931e-03,
       1.46986765e-03, 9.79911769e-04, 5.38951484e-03, 9.79911769e-04,
       9.79911769e-04, 2.44977931e-03, 0., 3.91964708e-03,
       4.89955884e-04, 1.46986765e-03, 2.93973531e-03, 4.89955884e-04,
       0., 1.46986765e-03, 5.38951484e-03, 9.79911769e-04,
       2.44977931e-03, 1.46986765e-03, 1.46986765e-03, 9.79911769e-04,
       4.89955884e-04, 2.44977931e-03, 4.89955884e-04, 2.44977931e-03,
       4.89955884e-04, 4.89955884e-04, 9.79911769e-04, 9.79911769e-04,
       9.79911769e-04, 9.79911769e-04, 1.46986765e-03, 0.,
       9.79911769e-04, 2.93973531e-03, 0., 0., 9.79911769e-04,
       4.89955884e-04, 1.46986765e-03, 0., 4.89955884e-04,
       4.89955884e-04, 4.89955884e-04, 1.95982354e-03, 1.95982354e-03,
       4.89955884e-04, 9.79911769e-04, 1.46986765e-03, 4.89955884e-04,
       1.46986765e-03, 9.79911769e-04, 4.89955884e-04, 4.89955884e-04,
       0., 4.89955884e-04, 4.89955884e-04, 9.79911769e-04,
       9.79911769e-04, 1.95982354e-03, 4.89955884e-04, 2.44977931e-03,
       3.42969131e-03, 0., 9.79911769e-04, 4.89955884e-04,
       4.89955884e-04, 0., 0., 1.95982354e-03, 2.44977931e-03,
       9.79911769e-04, 0., 4.89955884e-04, 0., 0., 2.44977931e-03,
       1.46986765e-03, 0., 1.46986765e-03, 0., 4.89955884e-04,
       4.89955884e-04, 0., 1.95982354e-03, 4.89955884e-04,
       1.95982354e-03, 4.89955884e-04, 9.79911769e-04, 1.46986765e-03,
       9.79911769e-04, 9.79911769e-04, 2.44977931e-03, 9.79911769e-04,
       1.46986765e-03, 1.46986765e-03, 2.93973531e-03, 1.95982354e-03,
       9.79911769e-04, 4.89955884e-04, 1.46986765e-03, 4.89955884e-04,
       1.46986765e-03, 2.44977931e-03, 1.46986765e-03, 9.79911769e-04,
       4.89955884e-04, 4.89955884e-04, 4.89955861e-03, 1.95982354e-03,
       2.93973531e-03, 1.95982354e-03, 2.44977931e-03, 4.89955884e-04,
       1.46986765e-03, 9.79911769e-04, 3.91964708e-03, 9.79911769e-04,
       0., 9.79911769e-04, 9.79911769e-04, 9.79911769e-04,
       4.89955884e-04, 0., 4.40960284e-03, 1.46986765e-03, 0.,
       4.89955884e-04, 2.44977931e-03, 4.89955884e-04, 3.91964708e-03,
       9.79911769e-04, 1.46986765e-03, 1.46986765e-03, 0.,
       1.46986765e-03, 3.91964708e-03, 2.44977931e-03, 0.,
       2.93973531e-03, 3.91964708e-03, 9.79911769e-04, 3.42969131e-03,
       2.44977931e-03, 0., 1.46986765e-03, 1.46986765e-03,
       2.44977931e-03, 4.89955884e-04, 0., 1.46986765e-03,
       1.46986765e-03, 0., 1.95982354e-03, 9.79911769e-04,
       9.79911769e-04, 1.46986765e-03, 1.46986765e-03, 2.93973531e-03,
