%YAML:1.0
m10f: !!opencv-matrix
   rows: 1
   cols: 800
   dt: f
   data: [ 1.73913036e-03, 1.73913036e-03, 3.47826071e-03,
       2.89855059e-03, 1.15942024e-03, 5.79710118e-04, 2.31884047e-03,
       2.89855059e-03, 2.89855059e-03, 1.15942024e-03, 1.15942024e-03,
       5.79710118e-04, 1.15942024e-03, 5.79710118e-04, 3.47826071e-03,
       1.15942024e-03, 0., 4.05797083e-03, 0., 5.79710118e-04,
       2.89855059e-03, 5.79710118e-04, 5.79710118e-04, 0.,
       3.47826071e-03, 1.15942024e-03, 5.79710118e-04, 1.15942024e-03,
       1.15942024e-03, 0., 1.15942024e-03, 1.73913036e-03, 0.,
       1.15942024e-03, 2.31884047e-03, 1.15942024e-03, 1.73913036e-03,
       2.31884047e-03, 2.89855059e-03, 5.79710118e-04, 1.73913036e-03,
       0., 1.15942024e-03, 2.89855059e-03, 5.79710118e-04,
       1.15942024e-03, 5.79710118e-04, 1.73913036e-03, 0., 0.,
       1.15942024e-03, 1.73913036e-03, 2.31884047e-03, 5.79710118e-04,
       0., 1.15942024e-03, 2.89855059e-03, 1.15942024e-03,
       1.73913036e-03, 0., 0., 5.21739107e-03, 5.79710118e-04,
       3.47826071e-03, 1.73913036e-03, 1.15942024e-03, 0.,
       1.15942024e-03, 1.15942024e-03, 0., 0., 5.79710118e-04,
       5.79710118e-04, 2.31884047e-03, 0., 1.15942024e-03, 0.,
       1.73913036e-03, 5.79710118e-04, 5.79710118e-04, 1.73913036e-03,
       0., 0., 0., 5.79710118e-04, 1.15942024e-03, 5.79710118e-04,
       1.15942024e-03, 5.79710118e-04, 5.79710118e-04, 5.79710118e-04,
       1.73913036e-03, 1.73913036e-03, 6.37681130e-03, 1.73913036e-03,
       0., 1.15942024e-03, 0., 5.79710118e-04, 0., 5.79710118e-04,
       4.63768095e-03, 4.63768095e-03, 0., 0., 5.79710118e-04, 0., 0.,
       0., 0., 1.15942024e-03, 1.73913036e-03, 5.79710118e-04,
       2.89855059e-03, 4.05797083e-03, 1.15942024e-03, 1.15942024e-03,
       2.31884047e-03, 0., 4.05797083e-03, 1.73913036e-03,
       2.89855059e-03, 1.73913036e-03, 4.05797083e-03, 5.79710118e-04,
       0., 1.73913036e-03, 0., 0., 1.15942024e-03, 0., 0.,
       1.15942024e-03, 0., 5.79710118e-04, 5.79710118e-04,
       5.79710118e-04, 1.15942024e-03, 5.79710118e-04, 1.73913036e-03,
       1.15942024e-03, 1.73913036e-03, 6.95652142e-03, 0.,
       5.79710118e-04, 3.47826071e-03, 0., 1.15942024e-03, 0.,
       5.79710118e-04, 1.73913036e-03, 1.15942024e-03, 0.,
       5.79710118e-04, 1.15942024e-03, 0., 5.79710118e-04,
       4.05797083e-03, 4.05797083e-03, 1.15942024e-03, 0.,
       5.79710118e-04, 5.79710118e-04, 1.15942024e-03, 1.73913036e-03,
       1.73913036e-03, 1.15942024e-03, 2.89855059e-03, 5.79710118e-04,
       3.47826071e-03, 1.15942024e-03, 0., 1.73913036e-03,
       4.63768095e-03, 2.31884047e-03, 5.79710118e-04, 1.15942024e-03,
       1.15942024e-03, 0., 5.79710118e-04, 5.79710118e-04, 0., 0., 0.,
       5.79710118e-04, 2.31884047e-03, 0., 0., 1.15942024e-03,
       4.05797083e-03, 0., 1.15942024e-03, 0., 1.73913036e-03, 0.,
       5.79710118e-04, 1.15942024e-03, 1.73913036e-03, 1.15942024e-03,
       0., 1.73913036e-03, 2.89855059e-03, 1.15942024e-03, 0.,
       1.15942024e-03, 1.73913036e-03, 0., 0., 2.89855059e-03,
       1.73913036e-03, 1.15942024e-03, 0., 0., 5.21739107e-03,
       2.89855059e-03, 0., 5.79710118e-04, 5.79710118e-04,
       5.79710118e-04, 2.31884047e-03, 5.79710118e-04, 5.79710118e-04,
       2.31884047e-03, 2.31884047e-03, 5.79710118e-04, 2.31884047e-03,
       1.73913036e-03, 1.15942024e-03, 1.73913036e-03, 0.,
       5.79710118e-04, 0., 5.79710118e-04, 1.15942024e-03,
       5.79710118e-04, 0., 5.79710118e-04, 0., 2.31884047e-03,
       3.47826071e-03, 2.31884047e-03, 5.79710118e-04, 2.31884047e-03,
       0., 5.79710118e-04, 2.89855059e-03, 5.21739107e-03, 0., 0.,
       1.15942024e-03, 6.37681130e-03, 2.31884047e-03, 1.15942024e-03,
       2.89855059e-03, 5.79710118e-04, 0., 0., 1.73913036e-03, 0., 0.,
       1.73913036e-03, 5.79710118e-04, 2.89855059e-03, 5.79710118e-04,
       2.31884047e-03, 5.79710118e-04, 2.31884047e-03, 1.15942024e-03,
       4.63768095e-03, 1.15942024e-03, 5.79710118e-04, 5.79710118e-04,
       5.79710118e-04, 0., 0., 5.79710118e-04, 1.15942024e-03,
       4.63768095e-03, 1.15942024e-03, 5.79710118e-04, 5.79710118e-04,
       1.73913036e-03, 5.79710118e-04, 3.47826071e-03, 1.15942024e-03,
       5.79710118e-04, 5.79710118e-04, 1.73913036e-03, 1.15942024e-03,
       5.21739107e-03, 1.15942024e-03, 5.21739107e-03, 0.,
       1.73913036e-03, 5.79710118e-04, 5.79710118e-04, 5.79710118e-04,
       0., 2.31884047e-03, 4.05797083e-03, 1.15942024e-03,
       5.79710118e-04, 5.79710118e-04, 0., 5.21739107e-03,
       2.31884047e-03, 1.73913036e-03, 2.31884047e-03, 1.15942024e-03,
       1.73913036e-03, 5.79710118e-04, 5.79710118e-04, 5.79710118e-04,
       0., 0., 1.15942024e-03, 1.73913036e-03, 5.79710118e-04,
       2.89855059e-03, 0., 2.31884047e-03, 0., 5.79710118e-04,
       5.79710118e-03, 0., 0., 5.79710118e-04, 1.15942024e-03,
       1.15942024e-03, 0., 5.79710118e-04, 0., 5.79710118e-04,
       5.79710118e-04, 0., 0., 0., 5.79710118e-04, 2.31884047e-03,
       2.89855059e-03, 0., 0., 4.05797083e-03, 1.15942024e-03,
       2.31884047e-03, 1.15942024e-03, 5.79710118e-03, 1.73913036e-03,
       2.31884047e-03, 1.15942024e-03, 5.79710118e-04, 1.15942024e-03,
       5.79710118e-04, 5.79710118e-04, 2.31884047e-03, 0.,
       1.73913036e-03, 1.15942024e-03, 1.15942024e-03, 1.15942024e-03,
       5.79710118e-04, 5.79710118e-04, 5.79710118e-04, 2.89855059e-03,
       2.31884047e-03, 0., 1.73913036e-03, 2.31884047e-03,
       2.31884047e-03, 1.73913036e-03, 5.79710118e-04, 0.,
       1.73913036e-03, 0., 0., 0., 2.31884047e-03, 2.31884047e-03,
       3.47826071e-03, 1.73913036e-03, 2.31884047e-03, 5.79710118e-04,
       0., 1.15942024e-03, 0., 2.89855059e-03, 0., 5.79710118e-04,
       1.73913036e-03, 5.79710118e-04, 0., 0., 2.89855059e-03,
       5.79710118e-04, 1.15942024e-03, 2.31884047e-03, 0.,
       5.79710118e-04, 0., 1.15942024e-03, 1.73913036e-03, 0., 0.,
       1.15942024e-03, 0., 1.15942024e-03, 1.15942024e-03,
       5.79710118e-04, 1.15942024e-03, 2.89855059e-03, 0.,
       5.79710118e-04, 2.31884047e-03, 1.15942024e-03, 5.21739107e-03,
       2.31884047e-03, 5.79710118e-04, 1.73913036e-03, 1.15942024e-03,
       5.79710118e-04, 1.15942024e-03, 1.15942024e-03, 1.15942024e-03,
       2.89855059e-03, 1.73913036e-03, 0., 5.79710118e-04, 0., 0., 0.,
       5.79710118e-04, 5.79710118e-04, 1.15942024e-03, 1.15942024e-03,
       1.15942024e-03, 0., 0., 5.79710118e-04, 1.73913036e-03, 0., 0.,
       1.73913036e-03, 0., 0., 1.73913036e-03, 5.79710118e-03,
       5.79710118e-04, 5.79710118e-04, 5.79710118e-04, 5.79710118e-04,
       0., 2.89855059e-03, 0., 5.79710118e-04, 1.15942024e-03, 0.,
       5.79710118e-04, 0., 4.05797083e-03, 1.73913036e-03,
       1.73913036e-03, 2.89855059e-03, 0., 1.15942024e-03,
       1.15942024e-03, 5.79710118e-04, 1.73913036e-03, 0.,
       2.31884047e-03, 5.79710118e-04, 3.47826071e-03, 5.79710118e-04,
       3.47826071e-03, 5.79710118e-04, 0., 0., 1.15942024e-03,
       2.89855059e-03, 2.89855059e-03, 5.79710118e-04, 2.31884047e-03,
       1.15942024e-03, 3.47826071e-03, 1.73913036e-03, 1.73913036e-03,
       3.47826071e-03, 5.79710118e-04, 5.79710118e-04, 5.79710118e-04,
       5.79710118e-04, 1.15942024e-03, 2.89855059e-03, 0.,
       1.73913036e-03, 0., 0., 1.15942024e-03, 1.73913036e-03,
       3.47826071e-03, 5.79710118e-04, 4.63768095e-03, 0.,
       1.15942024e-03, 6.95652142e-03, 5.79710118e-04, 1.15942024e-03,
       2.31884047e-03, 1.15942024e-03, 1.15942024e-03, 0.,
       5.79710118e-04, 1.15942024e-03, 0., 1.15942024e-03,
       1.73913036e-03, 2.31884047e-03, 1.15942024e-03, 0.,
       1.15942024e-03, 1.73913036e-03, 4.05797083e-03, 1.73913036e-03,
       5.79710118e-04, 5.79710118e-04, 1.73913036e-03, 1.15942024e-03,
       4.63768095e-03, 1.15942024e-03, 1.15942024e-03, 1.73913036e-03,
       1.15942024e-03, 2.31884047e-03, 0., 1.15942024e-03,
       1.73913036e-03, 5.79710118e-04, 0., 1.15942024e-03, 0.,
