%YAML:1.0
m10f: !!opencv-matrix
   rows: 1
   cols: 200
   dt: f
   data: [ 8.03212821e-03, 3.01204808e-03, 3.01204808e-03,
       5.02008013e-03, 0., 0., 5.02008013e-03, 7.02811219e-03,
       2.00803205e-03, 1.70682725e-02, 3.01204808e-03, 6.02409616e-03,
       8.03212821e-03, 1.40562244e-02, 3.01204808e-03, 2.00803205e-03,
       8.03212821e-03, 9.03614424e-03, 0., 7.02811219e-03,
       8.03212821e-03, 9.03614424e-03, 1.00401603e-03, 8.03212821e-03,
       3.01204808e-03, 1.20481923e-02, 2.00803205e-03, 4.01606411e-03,
       6.02409616e-03, 5.02008013e-03, 4.01606411e-03, 1.40562244e-02,
       2.00803205e-03, 4.01606411e-03, 8.03212821e-03, 6.02409616e-03,
       3.01204808e-03, 7.02811219e-03, 2.00803205e-03, 1.10441763e-02,
       4.01606411e-03, 3.01204808e-03, 4.01606411e-03, 2.00803205e-03,
       3.01204808e-03, 3.01204808e-03, 5.02008013e-03, 0.,
       1.00401603e-02, 7.02811219e-03, 4.01606411e-03, 1.00401603e-02,
       1.00401603e-03, 1.00401603e-03, 1.20481923e-02, 7.02811219e-03,
       4.01606411e-03, 0., 4.01606411e-03, 6.02409616e-03,
       2.00803205e-03, 5.02008013e-03, 7.02811219e-03, 7.02811219e-03,
       9.03614424e-03, 2.00803205e-03, 0., 4.01606411e-03,
       7.02811219e-03, 3.01204808e-03, 3.01204808e-03, 9.03614424e-03,
       5.02008013e-03, 0., 5.02008013e-03, 2.00803205e-03,
       3.31325307e-02, 7.02811219e-03, 9.03614424e-03, 6.02409616e-03,
       2.00803205e-03, 2.00803205e-03, 1.10441763e-02, 4.01606411e-03,
       4.01606411e-03, 1.20481923e-02, 1.10441763e-02, 4.01606411e-03,
       8.03212821e-03, 6.02409616e-03, 4.01606411e-03, 5.02008013e-03,
       4.01606411e-03, 2.00803205e-03, 6.02409616e-03, 3.01204808e-03,
       4.01606411e-03, 8.03212821e-03, 1.20481923e-02, 6.02409616e-03,
       5.02008013e-03, 9.03614424e-03, 5.02008013e-03, 4.01606411e-03,
       7.02811219e-03, 2.00803205e-03, 6.02409616e-03, 0.,
       7.02811219e-03, 1.00401603e-03, 5.02008013e-03, 6.02409616e-03,
       9.03614424e-03, 1.00401603e-03, 7.02811219e-03, 1.40562244e-02,
       9.03614424e-03, 7.02811219e-03, 1.00401603e-03, 2.00803205e-03,
       0., 7.02811219e-03, 8.03212821e-03, 2.00803205e-03,
       5.02008013e-03, 4.01606411e-03, 7.02811219e-03, 3.01204808e-03,
       6.02409616e-03, 4.01606411e-03, 4.01606411e-03, 3.01204808e-03,
       1.00401603e-03, 1.00401603e-03, 3.01204808e-03, 6.02409616e-03,
       1.90763045e-02, 2.00803205e-03, 0., 1.00401603e-03,
       5.02008013e-03, 6.02409616e-03, 1.00401603e-03, 1.00401603e-03,
       7.02811219e-03, 5.02008013e-03, 2.00803205e-03, 4.01606411e-03,
       3.01204808e-03, 1.20481923e-02, 3.01204808e-03, 1.00401603e-03,
       5.02008013e-03, 1.00401603e-02, 2.00803205e-03, 4.01606411e-03,
       4.01606411e-03, 1.40562244e-02, 1.00401603e-03, 1.00401603e-03,
       2.00803205e-03, 5.02008013e-03, 5.02008013e-03, 5.02008013e-03,
       6.02409616e-03, 7.02811219e-03, 3.01204808e-03, 7.02811219e-03,
       4.01606411e-03, 5.02008013e-03, 2.00803205e-03, 2.00803205e-03,
       2.00803205e-03, 4.01606411e-03, 2.00803205e-03, 1.00401603e-03,
       4.01606411e-03, 5.02008013e-03, 8.03212821e-03, 2.00803205e-03,
       4.01606411e-03, 1.00401603e-03, 2.00803205e-03, 8.03212821e-03,
       1.00401603e-03, 3.01204808e-03, 6.02409616e-03, 4.01606411e-03,
       1.00401603e-03, 0., 3.01204808e-03, 4.01606411e-03,
       2.00803205e-03, 5.02008013e-03, 6.02409616e-03, 2.00803205e-03,
       2.00803205e-03, 6.02409616e-03, 5.02008013e-03, 4.01606411e-03 ]
