%YAML:1.0
m10f: !!opencv-matrix
   rows: 1
   cols: 800
   dt: f
   data: [ 0., 0., 0., 0., 0., 0., 0., 0., 5.37634408e-03,
       2.68817204e-03, 0., 0., 2.68817204e-03, 0., 0., 0., 0.,
       2.68817204e-03, 0., 0., 5.37634408e-03, 0., 0., 0., 0., 0., 0.,
       0., 5.37634408e-03, 0., 0., 0., 0., 0., 0., 0., 5.37634408e-03,
       0., 0., 0., 0., 0., 2.68817204e-03, 5.37634408e-03, 0.,
       5.37634408e-03, 0., 2.68817204e-03, 2.68817204e-03, 0.,
       2.68817204e-03, 2.68817204e-03, 0., 2.68817204e-03, 0.,
       2.68817204e-03, 0., 2.68817204e-03, 2.68817204e-03, 0., 0.,
       2.68817204e-03, 0., 2.68817204e-03, 2.68817204e-03, 0., 0., 0.,
       0., 2.68817204e-03, 0., 0., 0., 0., 0., 0., 0., 2.68817204e-03,
       0., 2.68817204e-03, 2.68817204e-03, 0., 0., 0., 2.68817204e-03,
       0., 2.68817204e-03, 2.68817204e-03, 0., 0., 5.37634408e-03, 0.,
       2.68817204e-03, 2.68817204e-03, 0., 0., 0., 0., 2.68817204e-03,
       0., 2.68817204e-03, 0., 2.68817204e-03, 0., 0., 1.07526882e-02,
       2.68817204e-03, 2.68817204e-03, 0., 5.37634408e-03,
       2.68817204e-03, 0., 0., 5.37634408e-03, 0., 0., 2.68817204e-03,
       0., 0., 0., 2.95698922e-02, 0., 0., 0., 0., 2.68817204e-03, 0.,
       0., 2.68817204e-03, 0., 2.68817204e-03, 2.68817204e-03, 0.,
       2.68817204e-03, 2.68817204e-03, 0., 0., 2.68817204e-03,
       2.68817204e-03, 2.68817204e-03, 2.68817204e-03, 0.,
       2.68817204e-03, 0., 0., 0., 0., 8.06451589e-03, 0.,
       2.68817204e-03, 2.68817204e-03, 0., 0., 0., 2.68817204e-03, 0.,
       0., 2.68817204e-03, 0., 0., 0., 0., 0., 0., 0., 0., 0.,
       2.68817204e-03, 0., 0., 0., 0., 0., 2.68817204e-03, 0., 0., 0.,
       0., 2.68817204e-03, 0., 0., 0., 0., 0., 0., 2.68817204e-03, 0.,
       2.68817204e-03, 0., 0., 0., 2.68817204e-03, 0., 0.,
       8.06451589e-03, 0., 0., 5.37634408e-03, 0., 0., 5.37634408e-03,
       0., 0., 0., 0., 0., 5.37634408e-03, 2.68817204e-03, 0., 0., 0.,
       5.37634408e-03, 0., 5.37634408e-03, 0., 0., 0., 2.68817204e-03,
       1.88172050e-02, 0., 0., 0., 0., 2.68817204e-03, 0., 0., 0.,
       2.68817204e-03, 0., 0., 0., 0., 2.68817204e-03, 2.68817204e-03,
       2.68817204e-03, 5.37634408e-03, 0., 0., 2.68817204e-03,
       5.37634408e-03, 2.68817204e-03, 0., 0., 0., 0., 2.68817204e-03,
       2.68817204e-03, 5.37634408e-03, 5.37634408e-03, 0., 0.,
       2.68817204e-03, 0., 0., 0., 2.68817204e-03, 5.37634408e-03,
       2.68817204e-03, 2.68817204e-03, 0., 5.37634408e-03,
       8.06451589e-03, 0., 0., 0., 0., 0., 0., 0., 5.37634408e-03, 0.,
       0., 2.68817204e-03, 0., 2.68817204e-03, 5.37634408e-03, 0., 0.,
       2.68817204e-03, 0., 8.06451589e-03, 0., 0., 0., 0., 0.,
       2.68817204e-03, 0., 2.68817204e-03, 0., 0., 8.06451589e-03, 0.,
       2.68817204e-03, 2.68817204e-03, 0., 0., 0., 0., 5.37634408e-03,
       5.37634408e-03, 2.68817204e-03, 0., 2.68817204e-03,
       2.68817204e-03, 0., 2.68817204e-03, 0., 0., 0., 0.,
       8.06451589e-03, 0., 5.37634408e-03, 0., 0., 0., 0., 0., 0., 0.,
       0., 0., 0., 0., 0., 2.68817204e-03, 0., 0., 8.06451589e-03,
       5.37634408e-03, 2.68817204e-03, 5.37634408e-03, 2.68817204e-03,
       0., 0., 0., 0., 2.68817204e-03, 0., 0., 0., 0., 0., 0., 0., 0.,
       2.68817204e-03, 2.68817204e-03, 0., 0., 0., 0., 0., 0., 0.,
       2.68817204e-03, 0., 0., 0., 0., 0., 0., 2.68817204e-03, 0.,
       2.68817204e-03, 0., 2.68817204e-03, 5.37634408e-03, 0., 0.,
       2.68817204e-03, 5.37634408e-03, 0., 2.68817204e-03, 0., 0., 0.,
       0., 0., 0., 2.68817204e-03, 8.06451589e-03, 0., 0., 0., 0., 0.,
       0., 0., 5.37634408e-03, 0., 0., 0., 5.37634408e-03, 0., 0., 0.,
       0., 2.68817204e-03, 0., 0., 2.68817204e-03, 0., 0., 0., 0.,
       2.68817204e-03, 2.68817204e-03, 0., 0., 0., 0., 0., 0., 0., 0.,
       0., 0., 0., 2.68817204e-03, 0., 2.68817204e-03, 0., 0., 0., 0.,
       0., 0., 0., 0., 0., 0., 0., 2.68817204e-03, 5.37634408e-03, 0.,
       2.68817204e-03, 0., 0., 2.68817204e-03, 5.37634408e-03, 0.,
       5.37634408e-03, 0., 5.37634408e-03, 0., 0., 2.68817204e-03,
       2.68817204e-03, 2.68817204e-03, 0., 0., 2.68817204e-03,
       5.37634408e-03, 2.68817204e-03, 0., 0., 5.37634408e-03, 0.,
       2.68817204e-03, 0., 0., 5.37634408e-03, 5.37634408e-03,
       2.68817204e-03, 2.68817204e-03, 0., 2.68817204e-03, 0., 0., 0.,
       0., 0., 0., 0., 0., 0., 2.68817204e-03, 0., 0., 0., 0., 0.,
       2.68817204e-03, 2.68817204e-03, 0., 0., 2.68817204e-03, 0., 0.,
       0., 0., 0., 2.68817204e-03, 0., 0., 2.68817204e-03, 0.,
       2.68817204e-03, 0., 0., 0., 0., 0., 2.68817204e-03,
       2.68817204e-03, 0., 0., 0., 0., 2.68817204e-03, 2.68817204e-03,
       2.68817204e-03, 0., 0., 0., 8.06451589e-03, 0., 2.68817204e-03,
       0., 8.06451589e-03, 0., 0., 2.68817204e-03, 0., 5.37634408e-03,
       0., 0., 0., 0., 0., 0., 2.68817204e-03, 0., 8.06451589e-03, 0.,
       2.68817204e-03, 0., 2.68817204e-03, 0., 2.68817204e-03, 0.,
       2.68817204e-03, 5.37634408e-03, 2.68817204e-03, 0.,
       5.37634408e-03, 0., 2.68817204e-03, 0., 2.68817204e-03,
       2.68817204e-03, 2.68817204e-03, 0., 0., 2.68817204e-03,
       2.68817204e-03, 2.68817204e-03, 0., 0., 0., 0., 0., 0.,
       5.37634408e-03, 0., 0., 0., 0., 5.37634408e-03, 0., 0.,
       2.68817204e-03, 0., 0., 2.68817204e-03, 0., 0., 0.,
       5.37634408e-03, 0., 0., 2.68817204e-03, 0., 0., 2.68817204e-03,
       2.68817204e-03, 0., 0., 2.68817204e-03, 0., 0., 5.37634408e-03,
       0., 2.68817204e-03, 2.68817204e-03, 0., 0., 0., 0.,
       5.37634408e-03, 0., 2.68817204e-03, 2.68817204e-03,
       5.37634408e-03, 0., 0., 0., 0., 0., 0., 0., 2.68817204e-03,
       5.37634408e-03, 0., 0., 0., 0., 0., 2.68817204e-03, 0., 0., 0.,
       0., 2.68817204e-03, 1.34408604e-02, 0., 0., 0., 0., 0., 0.,
       2.68817204e-03, 0., 0., 2.68817204e-03, 0., 0., 0.,
       2.68817204e-03, 0., 0., 0., 0., 0., 0., 0., 0., 2.68817204e-03,
       0., 0., 0., 2.68817204e-03, 0., 2.68817204e-03, 0.,
       2.68817204e-03, 0., 2.68817204e-03, 2.68817204e-03,
       2.68817204e-03, 2.68817204e-03, 0., 0., 0., 0., 0.,
       8.06451589e-03, 0., 2.68817204e-03, 0., 0., 2.68817204e-03, 0.,
       0., 0., 2.68817204e-03, 2.68817204e-03, 0., 5.37634408e-03, 0.,
       0., 0., 2.68817204e-03, 0., 0., 2.68817204e-03, 0., 0., 0., 0.,
       0., 0., 2.68817204e-03, 0., 0., 0., 0., 0., 2.68817204e-03, 0.,
       2.68817204e-03, 0., 0., 2.68817204e-03, 0., 0., 0.,
       2.68817204e-03, 0., 0., 0., 2.68817204e-03, 2.68817204e-03, 0.,
       0., 0., 0., 0., 0., 0., 0., 1.34408604e-02, 0., 0., 0., 0., 0.,
       0., 5.37634408e-03, 5.37634408e-03, 2.68817204e-03, 0.,
       2.68817204e-03, 0., 0., 0., 0., 0., 0., 0., 2.68817204e-03,
       5.37634408e-03, 0., 0., 0., 0., 0., 0., 0., 0., 0., 0., 0.,
       2.68817204e-03, 0., 2.68817204e-03, 0., 2.68817204e-03, 0.,
       2.68817204e-03, 0., 8.06451589e-03, 0., 2.68817204e-03,
       2.68817204e-03, 0., 0., 0., 0., 5.37634408e-03, 0.,
       2.68817204e-03, 0., 0., 2.68817204e-03, 0., 0., 2.68817204e-03,
       0., 0., 2.68817204e-03, 0., 2.68817204e-03, 0., 2.68817204e-03,
       0., 0., 0., 0., 0., 0., 0., 5.37634408e-03, 8.06451589e-03, 0.,
       0., 0., 0. ]
