%YAML:1.0
m10f: !!opencv-matrix
   rows: 1
   cols: 800
   dt: f
   data: [ 1.12549239e-03, 2.81373085e-03, 1.12549239e-03,
       2.25098478e-03, 1.12549239e-03, 0., 3.37647717e-03,
       2.25098478e-03, 2.25098478e-03, 2.25098478e-03, 5.62746194e-04,
       0., 5.62746194e-04, 5.62746194e-04, 2.25098478e-03,
       1.12549239e-03, 0., 3.37647717e-03, 5.62746194e-04,
       1.12549239e-03, 1.12549239e-03, 0., 0., 0., 2.25098478e-03,
       5.62746194e-04, 5.62746194e-04, 1.12549239e-03, 5.62746194e-04,
       0., 1.12549239e-03, 5.62746194e-04, 0., 2.25098478e-03, 0.,
       1.68823858e-03, 5.62746194e-04, 1.68823858e-03, 5.62746194e-04,
       5.62746194e-04, 2.81373085e-03, 0., 5.62746194e-04,
       1.68823858e-03, 2.25098478e-03, 5.62746194e-04, 1.68823858e-03,
       1.68823858e-03, 0., 0., 5.62746194e-04, 5.62746194e-04,
       5.62746194e-04, 1.12549239e-03, 5.62746194e-04, 2.25098478e-03,
       3.37647717e-03, 1.12549239e-03, 5.62746194e-04, 5.62746194e-04,
       0., 5.06471563e-03, 0., 3.37647717e-03, 5.62746194e-04,
       1.68823858e-03, 0., 1.68823858e-03, 0., 0., 0., 5.62746194e-04,
       1.12549239e-03, 2.81373085e-03, 0., 1.12549239e-03, 0.,
       1.12549239e-03, 1.68823858e-03, 1.12549239e-03, 2.25098478e-03,
       0., 0., 5.62746194e-04, 1.12549239e-03, 5.62746194e-04,
       1.12549239e-03, 5.62746194e-04, 1.12549239e-03, 0.,
       5.62746194e-04, 2.81373085e-03, 5.62746194e-04, 5.62746171e-03,
       2.25098478e-03, 1.68823858e-03, 1.12549239e-03, 5.62746194e-04,
       1.12549239e-03, 0., 5.62746194e-04, 3.37647717e-03,
       4.50196955e-03, 0., 0., 0., 5.62746194e-04, 0., 0., 0.,
       1.12549239e-03, 1.68823858e-03, 1.12549239e-03, 2.81373085e-03,
       5.62746171e-03, 1.12549239e-03, 5.62746194e-04, 3.93922348e-03,
       5.62746194e-04, 3.93922348e-03, 1.12549239e-03, 2.25098478e-03,
       1.12549239e-03, 3.37647717e-03, 5.62746194e-04, 5.62746194e-04,
       0., 5.62746194e-04, 5.62746194e-04, 1.12549239e-03, 0.,
       1.12549239e-03, 2.81373085e-03, 0., 0., 1.12549239e-03,
       2.25098478e-03, 2.25098478e-03, 5.62746194e-04, 1.12549239e-03,
       5.62746194e-04, 2.25098478e-03, 7.87844695e-03, 5.62746194e-04,
       5.62746194e-04, 3.37647717e-03, 2.25098478e-03, 5.62746194e-04,
       5.62746194e-04, 0., 1.68823858e-03, 0., 0., 0., 1.12549239e-03,
       0., 5.62746194e-04, 2.81373085e-03, 5.06471563e-03,
       1.12549239e-03, 0., 1.12549239e-03, 5.62746194e-04,
       2.25098478e-03, 3.37647717e-03, 2.81373085e-03, 5.62746194e-04,
       3.93922348e-03, 1.12549239e-03, 2.81373085e-03, 1.12549239e-03,
       0., 1.68823858e-03, 2.81373085e-03, 2.25098478e-03, 0.,
       1.12549239e-03, 1.68823858e-03, 0., 5.62746194e-04,
       5.62746194e-04, 0., 5.62746194e-04, 5.62746194e-04, 0.,
       1.68823858e-03, 5.62746194e-04, 0., 5.62746194e-04,
       5.06471563e-03, 0., 1.68823858e-03, 0., 5.62746194e-04,
       1.12549239e-03, 1.12549239e-03, 0., 1.68823858e-03,
       5.62746194e-04, 0., 2.81373085e-03, 2.25098478e-03, 0.,
       5.62746194e-04, 1.12549239e-03, 1.68823858e-03, 0.,
       1.68823858e-03, 3.93922348e-03, 1.12549239e-03, 1.12549239e-03,
       0., 0., 3.93922348e-03, 2.25098478e-03, 0., 5.62746194e-04, 0.,
       5.62746194e-04, 3.93922348e-03, 2.25098478e-03, 0.,
       2.25098478e-03, 2.81373085e-03, 5.62746194e-04, 5.62746194e-04,
       1.68823858e-03, 5.62746194e-04, 2.81373085e-03, 5.62746194e-04,
       5.62746194e-04, 1.12549239e-03, 0., 0., 1.12549239e-03,
       1.12549239e-03, 5.62746194e-04, 5.62746194e-04, 1.68823858e-03,
       1.68823858e-03, 2.25098478e-03, 0., 3.93922348e-03, 0.,
       5.62746194e-04, 2.25098478e-03, 6.19020825e-03, 0., 0.,
       1.68823858e-03, 6.19020825e-03, 3.37647717e-03, 5.62746194e-04,
       3.93922348e-03, 0., 1.12549239e-03, 0., 1.12549239e-03,
       5.62746194e-04, 0., 2.25098478e-03, 1.12549239e-03,
       1.12549239e-03, 1.12549239e-03, 1.68823858e-03, 0.,
       1.12549239e-03, 1.12549239e-03, 3.93922348e-03, 2.81373085e-03,
       5.62746194e-04, 0., 5.62746194e-04, 1.12549239e-03, 0.,
       1.12549239e-03, 1.12549239e-03, 4.50196955e-03, 1.12549239e-03,
       1.68823858e-03, 5.62746194e-04, 1.12549239e-03, 1.12549239e-03,
       3.37647717e-03, 1.12549239e-03, 1.12549239e-03, 5.62746194e-04,
       1.12549239e-03, 5.62746194e-04, 2.81373085e-03, 5.62746194e-04,
       3.37647717e-03, 0., 5.62746194e-04, 0., 5.62746194e-04, 0., 0.,
       3.37647717e-03, 3.37647717e-03, 1.12549239e-03, 2.25098478e-03,
       2.81373085e-03, 0., 3.93922348e-03, 2.25098478e-03,
       2.81373085e-03, 3.37647717e-03, 0., 3.37647717e-03, 0.,
       5.62746194e-04, 0., 5.62746194e-04, 2.25098478e-03,
       5.62746194e-04, 3.37647717e-03, 1.12549239e-03, 3.37647717e-03,
       5.62746194e-04, 3.37647717e-03, 2.25098478e-03, 1.12549239e-03,
       5.06471563e-03, 0., 1.68823858e-03, 0., 1.12549239e-03,
       1.68823858e-03, 5.62746194e-04, 5.62746194e-04, 0.,
       5.62746194e-04, 5.62746194e-04, 0., 0., 2.25098478e-03,
       5.62746194e-04, 2.25098478e-03, 5.62746194e-04, 2.25098478e-03,
       0., 2.25098478e-03, 0., 2.25098478e-03, 2.25098478e-03,
       3.93922348e-03, 2.81373085e-03, 1.68823858e-03, 0.,
       5.62746194e-04, 0., 1.12549239e-03, 1.68823858e-03,
       1.68823858e-03, 5.62746194e-04, 1.68823858e-03, 1.12549239e-03,
       1.12549239e-03, 2.25098478e-03, 5.62746194e-04, 5.62746194e-04,
       1.12549239e-03, 3.37647717e-03, 1.68823858e-03, 0.,
       2.81373085e-03, 3.37647717e-03, 1.12549239e-03, 1.68823858e-03,
       0., 0., 1.68823858e-03, 1.12549239e-03, 0., 0., 2.25098478e-03,
       2.25098478e-03, 3.37647717e-03, 1.12549239e-03, 1.68823858e-03,
       5.62746194e-04, 5.62746194e-04, 0., 0., 1.68823858e-03, 0.,
       5.62746194e-04, 5.62746194e-04, 5.62746194e-04, 0., 0.,
       2.81373085e-03, 0., 2.25098478e-03, 1.68823858e-03, 0., 0., 0.,
       5.62746194e-04, 1.68823858e-03, 0., 0., 1.12549239e-03, 0.,
       5.62746194e-04, 2.25098478e-03, 1.12549239e-03, 1.12549239e-03,
       2.25098478e-03, 5.62746194e-04, 1.12549239e-03, 1.12549239e-03,
       5.62746194e-04, 2.25098478e-03, 1.12549239e-03, 0.,
       5.62746194e-04, 1.12549239e-03, 5.62746194e-04, 1.68823858e-03,
       2.25098478e-03, 1.12549239e-03, 1.68823858e-03, 2.25098478e-03,
       0., 1.68823858e-03, 0., 5.62746194e-04, 5.62746194e-04,
       5.62746194e-04, 5.62746194e-04, 5.62746194e-04, 0., 0., 0., 0.,
       1.68823858e-03, 2.25098478e-03, 0., 5.62746194e-04,
       1.68823858e-03, 5.62746194e-04, 0., 1.12549239e-03,
       5.62746171e-03, 5.62746194e-04, 1.68823858e-03, 1.12549239e-03,
       1.12549239e-03, 0., 1.68823858e-03, 0., 1.68823858e-03, 0., 0.,
       5.62746194e-04, 0., 3.93922348e-03, 1.68823858e-03,
       5.62746194e-04, 2.25098478e-03, 0., 1.12549239e-03,
       5.62746194e-04, 1.12549239e-03, 1.12549239e-03, 5.62746194e-04,
       3.37647717e-03, 1.12549239e-03, 3.37647717e-03, 1.68823858e-03,
       2.25098478e-03, 1.12549239e-03, 5.62746194e-04, 0.,
       5.62746194e-04, 1.12549239e-03, 2.81373085e-03, 1.68823858e-03,
       1.68823858e-03, 5.62746194e-04, 2.81373085e-03, 1.12549239e-03,
       1.12549239e-03, 3.37647717e-03, 1.12549239e-03, 5.62746194e-04,
       0., 5.62746194e-04, 2.25098478e-03, 1.68823858e-03, 0.,
       2.81373085e-03, 0., 0., 3.37647717e-03, 1.12549239e-03,
       3.37647717e-03, 0., 4.50196955e-03, 0., 5.62746194e-04,
       3.93922348e-03, 5.62746194e-04, 2.25098478e-03, 1.12549239e-03,
       1.12549239e-03, 5.62746194e-04, 5.62746194e-04, 5.62746194e-04,
       5.62746194e-04, 5.62746194e-04, 5.62746194e-04, 5.62746194e-04,
       1.68823858e-03, 1.12549239e-03, 0., 1.68823858e-03,
       3.37647717e-03, 2.25098478e-03, 1.68823858e-03, 1.12549239e-03,
       0., 1.12549239e-03, 1.12549239e-03, 3.93922348e-03,
       2.25098478e-03, 1.12549239e-03, 2.25098478e-03, 1.12549239e-03,
       3.37647717e-03, 0., 0., 1.12549239e-03, 1.12549239e-03,
       2.25098478e-03, 1.68823858e-03, 5.62746194e-04, 0.,
