%YAML:1.0
m10f: !!opencv-matrix
   rows: 1
   cols: 800
   dt: f
   data: [ 6.65335974e-04, 4.32468392e-03, 3.32667987e-04,
       1.99600798e-03, 0., 1.33067195e-03, 1.33067195e-03,
       6.65335974e-04, 6.65335974e-04, 3.32667987e-04, 3.32667987e-04,
       3.32667987e-04, 6.65335974e-04, 3.32667987e-04, 6.65335974e-04,
       6.65335974e-04, 6.65335974e-04, 1.33067195e-03, 1.66333991e-03,
       2.32867594e-03, 2.66134390e-03, 1.33067195e-03, 6.65335974e-04,
       1.99600798e-03, 0., 9.98003990e-04, 2.66134390e-03,
       1.33067195e-03, 0., 6.65335974e-04, 6.65335974e-04,
       6.65335974e-04, 1.33067195e-03, 1.66333991e-03, 2.66134390e-03,
       0., 1.66333991e-03, 1.66333991e-03, 4.32468392e-03,
       9.98003990e-04, 3.32667987e-04, 6.65335974e-04, 6.65335974e-04,
       0., 0., 3.32667987e-04, 3.32667987e-04, 3.32667987e-04,
       2.32867594e-03, 0., 3.32667987e-04, 3.32667987e-04,
       1.66333991e-03, 3.32667987e-04, 6.65335974e-04, 6.65335974e-04,
       3.32667987e-04, 0., 9.98003990e-04, 1.99600798e-03,
       1.66333991e-03, 2.32867594e-03, 1.66333991e-03, 1.66333991e-03,
       3.32667987e-04, 3.32667981e-03, 3.65934777e-03, 9.98003990e-04,
       1.33067195e-03, 6.65335974e-04, 0., 9.98003990e-04,
       6.65335974e-04, 6.65335974e-04, 1.33067195e-03, 1.99600798e-03,
       6.65335974e-04, 1.99600798e-03, 1.66333991e-03, 9.98003990e-04,
       6.65335974e-04, 1.66333991e-03, 9.98003990e-04, 0.,
       3.32667987e-04, 3.32667987e-04, 6.65335974e-04, 3.65934777e-03,
       0., 6.65335974e-04, 1.99600798e-03, 1.33067195e-03,
       1.66333991e-03, 1.33067195e-03, 1.33067195e-03, 3.32667987e-04,
       9.98003990e-04, 3.32667987e-04, 1.99600798e-03, 6.65335974e-04,
       6.65335974e-04, 6.65335974e-04, 6.65335974e-04, 0.,
       1.66333991e-03, 9.98003990e-04, 1.33067195e-03, 9.98003990e-04,
       9.98003990e-04, 1.66333991e-03, 9.98003990e-04, 1.33067195e-03,
       9.98003990e-04, 9.98003990e-04, 9.98003990e-04, 3.32667987e-04,
       6.65335974e-04, 6.65335974e-04, 1.33067195e-03, 1.99600798e-03,
       9.98003990e-04, 3.32667987e-04, 9.98003990e-04, 1.99600798e-03,
       9.98003990e-04, 6.65335974e-04, 3.32667987e-04, 6.65335974e-04,
       9.98003990e-04, 3.32667987e-04, 1.66333991e-03, 6.65335974e-04,
       9.98003990e-04, 1.66333991e-03, 3.65934777e-03, 1.99600798e-03,
       6.65335974e-04, 1.33067195e-03, 0., 3.32667981e-03,
       6.65335974e-04, 3.32667987e-04, 3.32667987e-04, 3.32667987e-04,
       9.98003990e-04, 1.33067195e-03, 6.65335974e-04, 1.33067195e-03,
       2.66134390e-03, 6.65335974e-04, 4.65735188e-03, 1.33067195e-03,
       1.33067195e-03, 3.32667987e-04, 1.66333991e-03, 1.66333991e-03,
       2.99401185e-03, 9.98003990e-04, 6.65335974e-04, 9.98003990e-04,
       6.65335974e-04, 2.99401185e-03, 9.98003990e-04, 3.32667987e-04,
       9.98003990e-04, 2.66134390e-03, 3.65934777e-03, 9.98003990e-04,
       6.65335974e-04, 3.32667987e-04, 3.32667987e-04, 6.65335974e-04,
       3.32667987e-04, 1.66333991e-03, 0., 1.33067195e-03,
       6.65335974e-04, 0., 2.32867594e-03, 6.65335974e-04,
       9.98003990e-04, 6.65335974e-04, 6.65335974e-04, 0.,
       6.65335974e-04, 9.98003990e-04, 3.32667987e-04, 9.98003990e-04,
       1.33067195e-03, 3.32667987e-04, 1.33067195e-03, 6.65335974e-04,
       6.65335974e-04, 6.65335974e-04, 3.32667987e-04, 9.98003990e-04,
       9.98003990e-04, 1.66333991e-03, 9.98003990e-04, 6.65335974e-04,
       1.33067195e-03, 3.32667987e-04, 0., 0., 1.66333991e-03,
       3.32667987e-04, 0., 1.66333991e-03, 3.32667987e-04,
       3.32667987e-04, 1.99600798e-03, 6.65335974e-04, 3.65934777e-03,
       9.98003990e-04, 6.65335974e-04, 9.98003990e-04, 3.32667987e-04,
       6.65335974e-04, 2.32867594e-03, 3.32667987e-04, 2.32867594e-03,
       0., 1.66333991e-03, 6.65335974e-04, 9.98003990e-04,
       9.98003990e-04, 1.33067195e-03, 9.98003990e-04, 3.32667987e-04,
       6.65335974e-04, 1.33067195e-03, 1.66333991e-03, 1.33067195e-03,
       1.99600798e-03, 9.98003990e-04, 9.98003990e-04, 1.33067195e-03,
       1.33067195e-03, 6.65335974e-04, 1.99600798e-03, 2.32867594e-03,
       9.98003990e-04, 1.33067195e-03, 9.98003990e-04, 3.32667987e-04,
       9.98003990e-04, 1.33067195e-03, 2.66134390e-03, 1.99600798e-03,
       0., 1.66333991e-03, 3.32667981e-03, 1.99600798e-03,
       1.99600798e-03, 1.66333991e-03, 4.99001984e-03, 9.98003990e-04,
       1.66333991e-03, 9.98003990e-04, 6.65335974e-04, 3.32667987e-04,
       9.98003990e-04, 3.32667987e-04, 0., 1.33067195e-03,
       3.32667981e-03, 9.98003990e-04, 3.32667987e-04, 1.33067195e-03,
       1.99600798e-03, 3.32667987e-04, 9.98003990e-04, 6.65335974e-04,
       1.99600798e-03, 1.99600798e-03, 9.98003990e-04, 6.65335974e-04,
       3.32667987e-04, 3.32667987e-04, 0., 9.98003990e-04,
       1.33067195e-03, 6.65335974e-04, 3.32667987e-04, 6.65335974e-04,
       1.99600798e-03, 1.33067195e-03, 1.99600798e-03, 1.66333991e-03,
       2.99401185e-03, 2.99401185e-03, 1.66333991e-03, 9.98003990e-04,
       1.66333991e-03, 3.65934777e-03, 1.33067195e-03, 9.98003990e-04,
       3.65934777e-03, 3.32667987e-04, 1.66333991e-03, 2.32867594e-03,
       3.32667987e-04, 9.98003990e-04, 6.65335974e-04, 1.99600798e-03,
       2.32867594e-03, 6.65335974e-04, 0., 2.32867594e-03,
       3.99201596e-03, 1.33067195e-03, 3.65934777e-03, 3.32667987e-04,
       3.32667987e-04, 1.99600798e-03, 6.65335974e-04, 0., 0.,
       1.66333991e-03, 2.66134390e-03, 1.66333991e-03, 1.33067195e-03,
       1.33067195e-03, 9.98003990e-04, 1.66333991e-03, 9.98003990e-04,
       1.66333991e-03, 6.65335974e-04, 2.66134390e-03, 1.33067195e-03,
       9.98003990e-04, 9.98003990e-04, 2.32867594e-03, 2.66134390e-03,
       3.65934777e-03, 1.33067195e-03, 3.32667987e-04, 2.32867594e-03,
       6.65335974e-04, 3.32667987e-04, 3.32667987e-04, 1.66333991e-03,
       1.66333991e-03, 6.65335974e-04, 3.32667987e-04, 9.98003990e-04,
       2.66134390e-03, 3.32667987e-04, 1.66333991e-03, 6.65335974e-04,
       1.33067195e-03, 1.33067195e-03, 1.66333991e-03, 1.99600798e-03,
       1.33067195e-03, 9.98003990e-04, 3.32667987e-04, 1.33067195e-03,
       6.65335974e-04, 9.98003990e-04, 3.32667987e-04, 9.98003990e-04,
       3.65934777e-03, 0., 0., 2.32867594e-03, 6.65335974e-04,
       6.65335974e-04, 6.65335974e-04, 3.99201596e-03, 3.32667987e-04,
       6.65335974e-04, 6.65335974e-04, 9.98003990e-04, 1.33067195e-03,
       3.65934777e-03, 3.32667987e-04, 6.65335974e-04, 1.33067195e-03,
       3.32667987e-04, 6.65335974e-04, 9.98003990e-04, 1.33067195e-03,
       1.33067195e-03, 2.66134390e-03, 1.33067195e-03, 1.99600798e-03,
       1.66333991e-03, 1.66333991e-03, 1.33067195e-03, 1.33067195e-03,
       2.32867594e-03, 3.32667987e-04, 2.99401185e-03, 2.32867594e-03,
       6.65335974e-04, 1.66333991e-03, 3.32667987e-04, 0.,
       3.32667987e-04, 9.98003990e-04, 6.65335974e-04, 3.32667987e-04,
       3.32667987e-04, 6.65335974e-04, 3.99201596e-03, 0.,
       1.99600798e-03, 6.65335974e-04, 1.33067195e-03, 3.32667987e-04,
       2.99401185e-03, 9.98003990e-04, 3.32667987e-04, 1.33067195e-03,
       6.65335974e-04, 2.32867594e-03, 9.98003990e-04, 6.65335974e-04,
       4.32468392e-03, 9.98003990e-04, 1.33067195e-03, 1.33067195e-03,
       3.32667987e-04, 3.32667987e-04, 1.99600798e-03, 0.,
       3.32667987e-04, 6.65335974e-04, 6.65335963e-03, 2.32867594e-03,
       0., 1.66333991e-03, 1.66333991e-03, 6.65335974e-04,
       1.66333991e-03, 9.98003990e-04, 1.66333991e-03, 1.99600798e-03,
       3.32667987e-04, 9.98003990e-04, 1.66333991e-03, 1.66333991e-03,
       3.32667987e-04, 9.98003990e-04, 9.98003990e-04, 3.32667987e-04,
       0., 1.66333991e-03, 1.33067195e-03, 2.99401185e-03,
       1.33067195e-03, 1.99600798e-03, 6.65335974e-04, 1.66333991e-03,
       1.33067195e-03, 9.98003990e-04, 5.32268779e-03, 2.32867594e-03,
       9.98003990e-04, 2.32867594e-03, 2.32867594e-03, 1.33067195e-03,
       1.33067195e-03, 1.33067195e-03, 1.33067195e-03, 9.98003990e-04,
