%YAML:1.0
m10f: !!opencv-matrix
   rows: 1
   cols: 800
   dt: f
   data: [ 1.77147915e-03, 6.64304662e-03, 2.21434887e-03,
       3.10008856e-03, 1.32860942e-03, 0., 1.32860942e-03,
       2.21434887e-03, 3.10008856e-03, 8.85739573e-04, 2.65721884e-03,
       0., 4.42869775e-03, 8.85739573e-04, 0., 1.77147915e-03,
       1.77147915e-03, 3.98582825e-03, 8.85739573e-04, 4.42869787e-04,
       8.85739573e-04, 4.42869787e-04, 4.42869787e-04, 0.,
       2.21434887e-03, 4.42869787e-04, 0., 2.65721884e-03,
       4.42869787e-04, 0., 4.42869787e-04, 0., 2.21434887e-03,
       3.54295829e-03, 8.85739573e-04, 0., 4.42869787e-04, 0., 0.,
       4.42869787e-04, 4.42869775e-03, 2.21434887e-03, 8.85739573e-04,
       1.77147915e-03, 2.21434887e-03, 4.42869787e-04, 0.,
       8.85739573e-04, 2.21434887e-03, 0., 1.77147915e-03,
       2.21434887e-03, 8.85739573e-04, 2.65721884e-03, 1.32860942e-03,
       4.42869787e-04, 3.10008856e-03, 3.54295829e-03, 4.42869787e-04,
       8.85739573e-04, 0., 1.32860942e-03, 4.42869787e-04,
       1.32860942e-03, 6.20017713e-03, 8.85739573e-04, 4.42869787e-04,
       1.32860942e-03, 1.32860942e-03, 0., 2.21434887e-03,
       2.65721884e-03, 0., 1.32860942e-03, 1.77147915e-03,
       4.42869787e-04, 0., 0., 3.10008856e-03, 1.77147915e-03,
       4.42869787e-04, 1.32860942e-03, 4.42869787e-04, 1.32860942e-03,
       5.31443767e-03, 4.42869775e-03, 0., 1.32860942e-03,
       2.65721884e-03, 2.65721884e-03, 4.42869787e-04, 8.85739573e-04,
       2.21434887e-03, 1.32860942e-03, 1.77147915e-03, 1.32860942e-03,
       4.42869787e-04, 4.42869787e-04, 8.85739573e-04, 1.77147915e-03,
       1.32860942e-03, 2.65721884e-03, 4.87156771e-03, 8.85739573e-04,
       0., 1.77147915e-03, 1.32860942e-03, 4.42869787e-04,
       8.85739573e-04, 4.42869787e-04, 8.85739573e-04, 2.65721884e-03,
       8.85739573e-04, 4.42869787e-04, 1.32860942e-03, 0., 0.,
       1.77147915e-03, 8.85739573e-04, 1.32860942e-03, 0.,
       2.21434887e-03, 0., 4.42869775e-03, 0., 8.85739573e-04,
       2.21434887e-03, 8.85739573e-04, 3.10008856e-03, 1.77147915e-03,
       0., 1.77147915e-03, 3.10008856e-03, 0., 1.32860942e-03,
       4.42869787e-04, 1.77147915e-03, 0., 1.32860942e-03,
       8.85739573e-04, 4.42869787e-04, 1.32860942e-03, 2.21434887e-03,
       8.85739573e-04, 8.85739573e-04, 1.77147915e-03, 4.42869787e-04,
       4.42869787e-04, 1.32860942e-03, 1.32860942e-03, 1.77147915e-03,
       0., 4.42869787e-04, 1.32860942e-03, 1.32860942e-03, 0., 0.,
       2.21434887e-03, 1.77147915e-03, 4.42869787e-04, 8.85739573e-04,
       0., 0., 1.32860942e-03, 0., 1.77147915e-03, 0., 1.77147915e-03,
       1.77147915e-03, 2.21434887e-03, 1.32860942e-03, 0.,
       3.10008856e-03, 1.32860942e-03, 8.85739573e-04, 0.,
       1.77147915e-03, 4.42869787e-04, 3.10008856e-03, 8.85739573e-04,
       1.77147915e-03, 4.42869787e-04, 1.32860942e-03, 8.85739573e-04,
       3.10008856e-03, 4.42869787e-04, 0., 3.10008856e-03, 0.,
       2.65721884e-03, 0., 2.21434887e-03, 1.32860942e-03,
       8.85739573e-04, 2.21434887e-03, 2.21434887e-03, 8.85739573e-04,
       4.42869787e-04, 8.85739573e-04, 0., 2.21434887e-03,
       3.54295829e-03, 8.85739573e-04, 1.77147915e-03, 1.32860942e-03,
       1.32860942e-03, 4.42869787e-04, 2.65721884e-03, 4.42869787e-04,
       3.10008856e-03, 3.54295829e-03, 1.32860942e-03, 8.85739573e-04,
       2.65721884e-03, 2.21434887e-03, 0., 2.21434887e-03,
       1.32860942e-03, 4.42869787e-04, 2.65721884e-03, 8.85739573e-04,
       4.42869787e-04, 4.42869787e-04, 1.77147915e-03, 8.85739573e-04,
       4.42869775e-03, 4.42869787e-04, 3.10008856e-03, 0.,
       3.54295829e-03, 4.42869787e-04, 3.10008856e-03, 8.85739573e-04,
       8.85739573e-04, 1.32860942e-03, 4.42869787e-04, 8.85739573e-04,
       8.85739573e-04, 3.54295829e-03, 8.85739573e-04, 2.21434887e-03,
       1.32860942e-03, 2.21434887e-03, 4.42869787e-04, 1.77147915e-03,
       4.42869787e-04, 2.65721884e-03, 8.85739573e-04, 0.,
       2.21434887e-03, 3.98582825e-03, 2.65721884e-03, 1.77147915e-03,
       2.21434887e-03, 4.42869787e-04, 3.98582825e-03, 8.85739573e-04,
       1.77147915e-03, 1.32860942e-03, 0., 2.65721884e-03,
       1.32860942e-03, 0., 0., 8.85739573e-04, 4.42869787e-04,
       8.85739573e-04, 0., 4.42869787e-04, 8.85739573e-04,
       4.42869787e-04, 1.32860942e-03, 2.65721884e-03, 3.54295829e-03,
       4.42869787e-04, 1.32860942e-03, 1.77147915e-03, 2.21434887e-03,
       1.77147915e-03, 8.85739573e-04, 1.32860942e-03, 4.42869787e-04,
       3.54295829e-03, 1.77147915e-03, 8.85739573e-04, 8.85739573e-04,
       8.85739573e-04, 1.32860942e-03, 4.42869787e-04, 3.54295829e-03,
       1.77147915e-03, 3.98582825e-03, 1.77147915e-03, 4.42869787e-04,
       4.42869787e-04, 0., 0., 1.32860942e-03, 1.77147915e-03, 0.,
       4.42869787e-04, 1.32860942e-03, 4.42869787e-04, 4.42869787e-04,
       2.65721884e-03, 0., 4.42869787e-04, 4.42869787e-04, 0.,
       2.65721884e-03, 8.85739573e-04, 0., 3.10008856e-03, 0.,
       2.21434887e-03, 8.85739573e-04, 8.85739573e-04, 1.32860942e-03,
       0., 4.42869787e-04, 1.77147915e-03, 2.21434887e-03,
       2.21434887e-03, 4.42869787e-04, 2.21434887e-03, 3.54295829e-03,
       4.42869787e-04, 2.21434887e-03, 8.85739573e-04, 1.77147915e-03,
       2.21434887e-03, 0., 1.77147915e-03, 4.42869787e-04, 0.,
       1.77147915e-03, 8.85739573e-04, 1.77147915e-03, 1.77147915e-03,
       0., 0., 4.42869787e-04, 1.77147915e-03, 4.42869787e-04,
       8.85739573e-04, 2.21434887e-03, 3.10008856e-03, 2.21434887e-03,
       8.85739573e-04, 1.32860942e-03, 8.85739573e-04, 4.42869787e-04,
       0., 1.32860942e-03, 4.42869787e-04, 0., 1.77147915e-03,
       1.32860942e-03, 2.21434887e-03, 2.21434887e-03, 1.32860942e-03,
       3.10008856e-03, 4.42869787e-04, 2.21434887e-03, 8.85739573e-04,
       0., 1.32860942e-03, 3.10008856e-03, 4.42869787e-04, 0., 0.,
       2.21434887e-03, 8.85739573e-04, 4.42869787e-04, 8.85739573e-04,
       0., 1.32860942e-03, 8.85739573e-04, 2.21434887e-03,
       2.65721884e-03, 8.85739573e-04, 4.42869787e-04, 4.42869787e-04,
       0., 1.32860942e-03, 3.10008856e-03, 4.42869787e-04,
       3.10008856e-03, 2.21434887e-03, 4.42869787e-04, 8.85739573e-04,
       0., 8.85739573e-04, 4.42869787e-04, 1.32860942e-03,
       1.77147915e-03, 4.42869787e-04, 1.77147915e-03, 0.,
       2.21434887e-03, 0., 2.21434887e-03, 4.42869787e-04,
       4.42869787e-04, 0., 8.85739573e-04, 0., 0., 4.42869787e-04,
       2.21434887e-03, 0., 1.32860942e-03, 8.85739573e-04,
       1.32860942e-03, 4.42869787e-04, 8.85739573e-04, 4.42869787e-04,
       4.42869787e-04, 4.42869787e-04, 4.42869787e-04, 4.42869787e-04,
       8.85739573e-04, 3.54295829e-03, 1.32860942e-03, 8.85739573e-04,
       2.21434887e-03, 1.32860942e-03, 0., 0., 0., 2.21434887e-03,
       1.32860942e-03, 4.42869787e-04, 8.85739573e-04, 4.42869787e-04,
       1.32860942e-03, 0., 1.77147915e-03, 4.42869787e-04,
       4.42869787e-04, 0., 4.42869787e-04, 1.77147915e-03, 0.,
       8.85739573e-04, 4.42869787e-04, 0., 2.65721884e-03,
       8.85739573e-04, 2.21434887e-03, 8.85739573e-04, 2.21434887e-03,
       8.85739573e-04, 4.42869787e-04, 0., 8.85739573e-04, 0., 0.,
       2.65721884e-03, 2.65721884e-03, 8.85739573e-04, 8.85739573e-04,
       0., 4.42869787e-04, 1.32860942e-03, 1.77147915e-03,
       1.32860942e-03, 2.65721884e-03, 2.65721884e-03, 2.21434887e-03,
       4.42869787e-04, 0., 4.87156771e-03, 1.32860942e-03,
       1.77147915e-03, 0., 2.65721884e-03, 2.21434887e-03,
       4.42869787e-04, 8.85739573e-04, 1.32860942e-03, 2.21434887e-03,
       1.32860942e-03, 0., 0., 4.42869787e-04, 1.32860942e-03, 0.,
       8.85739573e-04, 1.32860942e-03, 1.77147915e-03, 8.85739573e-04,
       0., 1.32860942e-03, 0., 2.21434887e-03, 6.20017713e-03,
       8.85739573e-04, 3.54295829e-03, 0., 1.77147915e-03, 0., 0.,
       1.32860942e-03, 1.32860942e-03, 1.32860942e-03, 8.85739573e-04,
       1.77147915e-03, 0., 4.42869787e-04, 3.10008856e-03,
