%YAML:1.0
m10f: !!opencv-matrix
   rows: 1
   cols: 800
   dt: f
   data: [ 0., 0., 2.98359012e-03, 9.94530041e-04, 4.97265020e-04,
       4.97265020e-04, 1.98906008e-03, 2.98359012e-03, 2.48632510e-03,
       1.98906008e-03, 1.49179506e-03, 4.97265020e-04, 0.,
       1.49179506e-03, 9.94530041e-04, 0., 0., 9.94530041e-04, 0.,
       1.49179506e-03, 7.45897554e-03, 9.94530041e-04, 1.49179506e-03,
       0., 1.49179506e-03, 1.49179506e-03, 0., 2.98359012e-03, 0.,
       9.94530041e-04, 0., 1.98906008e-03, 3.48085514e-03,
       3.48085514e-03, 4.97265020e-04, 4.97265020e-04, 4.97265020e-04,
       9.94530041e-04, 1.49179506e-03, 1.98906008e-03, 1.49179506e-03,
       1.98906008e-03, 1.98906008e-03, 2.48632510e-03, 4.97265020e-04,
       4.97265020e-04, 4.97265020e-04, 4.97265020e-04, 0., 0.,
       9.94530041e-04, 4.97265020e-04, 4.97265020e-04, 4.97265020e-04,
       0., 9.94530041e-04, 2.48632510e-03, 4.97265020e-04, 0.,
       1.98906008e-03, 0., 1.98906008e-03, 0., 3.97812016e-03,
       2.48632510e-03, 1.98906008e-03, 1.98906008e-03, 9.94530041e-04,
       9.94530041e-04, 0., 4.97265020e-04, 2.98359012e-03,
       4.97265020e-04, 1.49179506e-03, 4.97265020e-04, 1.98906008e-03,
       0., 0., 1.49179506e-03, 9.94530041e-04, 0., 0., 9.94530041e-04,
       4.97265020e-04, 9.94530041e-04, 2.48632510e-03, 1.49179506e-03,
       1.98906008e-03, 4.97265020e-04, 9.94530041e-04, 4.97265020e-04,
       0., 4.97265020e-04, 2.48632510e-03, 2.98359012e-03,
       1.49179506e-03, 1.49179506e-03, 1.49179506e-03, 4.97265020e-04,
       0., 0., 0., 1.98906008e-03, 9.94530041e-04, 4.97265020e-04,
       1.49179506e-03, 4.97265020e-04, 4.97265020e-04, 4.97265020e-04,
       9.94530041e-04, 9.94530041e-04, 4.97265020e-04, 0.,
       4.97265020e-04, 5.46991546e-03, 1.98906008e-03, 0.,
       2.48632510e-03, 9.94530041e-04, 1.98906008e-03, 0.,
       4.97265020e-04, 1.49179506e-03, 5.46991546e-03, 4.97265020e-04,
       9.94530041e-04, 1.49179506e-03, 9.94530041e-04, 1.98906008e-03,
       1.98906008e-03, 0., 1.49179506e-03, 5.96718024e-03, 0.,
       1.49179506e-03, 0., 3.97812016e-03, 3.48085514e-03,
       4.97265020e-04, 1.98906008e-03, 4.97265020e-04, 4.97265020e-04,
       2.48632510e-03, 0., 0., 2.98359012e-03, 0., 0., 9.94530041e-04,
       9.94530041e-04, 9.94530041e-04, 0., 0., 3.48085514e-03,
       1.49179506e-03, 0., 0., 2.48632510e-03, 2.98359012e-03,
       9.94530041e-04, 0., 0., 1.49179506e-03, 4.97265020e-04, 0.,
       1.49179506e-03, 1.49179506e-03, 4.97265020e-04, 2.48632510e-03,
       3.48085514e-03, 1.98906008e-03, 0., 4.97265020e-04,
       4.97265020e-03, 1.98906008e-03, 0., 0., 1.98906008e-03,
       4.97265020e-04, 1.49179506e-03, 2.98359012e-03, 2.48632510e-03,
       4.97265020e-04, 1.49179506e-03, 9.94530041e-04, 1.49179506e-03,
       0., 1.98906008e-03, 0., 2.48632510e-03, 0., 4.97265020e-04, 0.,
       4.97265020e-04, 1.49179506e-03, 4.97265020e-03, 1.49179506e-03,
       9.94530041e-04, 4.97265020e-04, 0., 1.98906008e-03,
       1.49179506e-03, 4.97265020e-04, 5.46991546e-03, 9.94530041e-04,
       4.97265020e-04, 9.94530041e-04, 4.97265020e-04, 9.94530041e-04,
       1.98906008e-03, 9.94530041e-04, 4.97265020e-04, 0.,
       9.44803562e-03, 1.98906008e-03, 1.49179506e-03, 0.,
       4.97265020e-04, 9.94530041e-04, 0., 0., 4.97265020e-04,
       4.97265020e-04, 3.97812016e-03, 4.97265020e-04, 2.48632510e-03,
       4.97265020e-04, 9.94530041e-04, 2.98359012e-03, 1.49179506e-03,
       9.94530041e-04, 1.49179506e-03, 9.94530041e-04, 0.,
       4.97265020e-04, 4.97265020e-04, 1.49179506e-03, 0.,
       4.97265020e-04, 6.46444503e-03, 1.49179506e-03, 1.49179506e-03,
       2.98359012e-03, 4.97265020e-04, 4.97265020e-04, 1.49179506e-03,
       5.96718024e-03, 4.97265020e-04, 4.97265020e-04, 1.98906008e-03,
       4.47538495e-03, 4.97265020e-04, 9.94530041e-04, 2.98359012e-03,
       9.94530041e-04, 4.97265020e-04, 0., 3.97812016e-03,
       4.97265020e-04, 9.94530041e-04, 4.97265020e-04, 9.94530041e-04,
       9.94530041e-04, 0., 1.98906008e-03, 4.97265020e-04,
       4.97265020e-04, 2.48632510e-03, 3.97812016e-03, 2.48632510e-03,
       9.94530041e-04, 0., 0., 9.94530041e-04, 4.97265020e-04,
       4.97265020e-04, 9.94530041e-04, 1.98906008e-03, 9.94530041e-04,
       1.49179506e-03, 3.48085514e-03, 9.94530041e-04, 9.94530041e-04,
       1.49179506e-03, 0., 1.49179506e-03, 0., 1.49179506e-03,
       4.97265020e-04, 1.98906008e-03, 1.98906008e-03, 3.97812016e-03,
       4.97265020e-04, 1.98906008e-03, 9.94530041e-04, 1.98906008e-03,
       2.48632510e-03, 1.49179506e-03, 9.94530041e-04, 1.98906008e-03,
       0., 9.94530041e-04, 1.49179506e-03, 0., 1.49179506e-03,
       4.97265020e-04, 4.97265020e-04, 9.94530041e-04, 1.98906008e-03,
       0., 1.49179506e-03, 0., 1.98906008e-03, 9.94530041e-04,
       2.98359012e-03, 0., 4.97265020e-03, 2.98359012e-03, 0.,
       4.97265020e-03, 9.94530041e-04, 0., 1.49179506e-03,
       2.48632510e-03, 0., 1.49179506e-03, 4.97265020e-04,
       3.97812016e-03, 3.97812016e-03, 0., 1.98906008e-03, 0., 0.,
       9.94530041e-04, 0., 1.98906008e-03, 1.98906008e-03,
       4.97265020e-04, 1.49179506e-03, 9.94530041e-04, 9.94530041e-04,
       0., 4.97265020e-04, 9.94530041e-04, 2.98359012e-03,
       9.94530041e-04, 3.97812016e-03, 1.49179506e-03, 1.98906008e-03,
       4.97265020e-04, 4.97265020e-04, 0., 0., 9.94530041e-04,
       3.48085514e-03, 0., 9.94530041e-04, 1.49179506e-03,
       4.97265020e-04, 1.49179506e-03, 9.94530041e-04, 4.97265020e-04,
       0., 2.98359012e-03, 1.49179506e-03, 0., 2.98359012e-03,
       4.97265020e-04, 1.98906008e-03, 2.98359012e-03, 4.97265020e-04,
       9.94530041e-04, 1.49179506e-03, 0., 4.97265020e-04, 0.,
       3.97812016e-03, 9.94530041e-04, 9.94530041e-04, 1.98906008e-03,
       0., 0., 4.97265020e-04, 0., 0., 3.97812016e-03, 0.,
       3.48085514e-03, 9.94530041e-04, 1.49179506e-03, 1.98906008e-03,
       0., 9.94530041e-04, 0., 2.48632510e-03, 4.47538495e-03, 0., 0.,
       0., 2.98359012e-03, 9.94530041e-04, 1.98906008e-03,
       9.94530041e-04, 0., 9.94530041e-04, 0., 0., 9.94530041e-04,
       1.49179506e-03, 3.48085514e-03, 0., 3.97812016e-03,
       4.97265020e-03, 1.49179506e-03, 1.49179506e-03, 0.,
       9.94530041e-04, 9.94530041e-04, 9.94530041e-04, 4.97265020e-04,
       4.97265020e-04, 1.98906008e-03, 4.97265020e-04, 9.94530041e-04,
       9.94530041e-04, 4.97265020e-04, 1.49179506e-03, 1.49179506e-03,
       0., 0., 0., 4.97265020e-04, 4.97265020e-04, 0., 4.97265020e-04,
       0., 5.46991546e-03, 1.98906008e-03, 1.98906008e-03,
       4.97265020e-04, 1.49179506e-03, 0., 0., 4.97265020e-04,
       1.49179506e-03, 4.97265020e-04, 0., 4.97265020e-04,
       9.94530041e-04, 4.97265020e-04, 0., 9.94530041e-04,
       1.49179506e-03, 1.49179506e-03, 9.94530041e-04, 4.97265020e-04,
       9.94530041e-04, 9.94530041e-04, 3.48085514e-03, 1.49179506e-03,
       9.94530041e-04, 1.49179506e-03, 4.97265020e-04, 9.94530041e-04,
       4.97265020e-04, 9.94530041e-04, 2.48632510e-03, 0.,
       1.49179506e-03, 4.97265020e-03, 5.96718024e-03, 4.97265020e-04,
       4.47538495e-03, 4.97265020e-04, 9.94530041e-04, 4.97265020e-04,
       2.98359012e-03, 1.49179506e-03, 4.97265020e-04, 4.97265020e-04,
       9.94530041e-04, 4.97265020e-04, 9.94530041e-04, 9.94530041e-04,
       4.97265020e-04, 2.48632510e-03, 9.94530041e-04, 0.,
       2.48632510e-03, 9.94530041e-04, 9.94530041e-04, 9.94530041e-04,
       9.94530041e-04, 2.48632510e-03, 1.49179506e-03, 9.94530041e-04,
       1.49179506e-03, 1.98906008e-03, 9.94530041e-04, 0.,
       2.48632510e-03, 4.97265020e-04, 1.49179506e-03, 3.97812016e-03,
       1.98906008e-03, 9.94530041e-04, 0., 1.98906008e-03,
       4.97265020e-04, 0., 9.94530041e-04, 4.97265020e-04,
       1.49179506e-03, 4.97265020e-04, 1.98906008e-03, 1.49179506e-03,
       1.98906008e-03, 2.98359012e-03, 1.49179506e-03, 2.98359012e-03,
       3.48085514e-03, 1.98906008e-03, 4.97265020e-04, 1.98906008e-03,
