%YAML:1.0
m10f: !!opencv-matrix
   rows: 1
   cols: 800
   dt: f
   data: [ 1.45489816e-03, 3.87972849e-03, 9.69932124e-04,
       4.84966062e-04, 9.69932124e-04, 0., 1.45489816e-03,
       4.84966062e-04, 3.39476252e-03, 1.45489816e-03, 2.42483034e-03,
       1.45489816e-03, 0., 9.69932124e-04, 3.39476252e-03,
       4.84966062e-04, 4.84966062e-04, 2.42483034e-03, 1.45489816e-03,
       4.84966062e-04, 2.90979631e-03, 1.93986425e-03, 4.84966062e-04,
       0., 1.93986425e-03, 0., 4.84966062e-04, 9.69932124e-04, 0., 0.,
       4.84966062e-04, 0., 2.42483034e-03, 1.93986425e-03, 0.,
       2.90979631e-03, 4.84966062e-04, 2.42483034e-03, 1.93986425e-03,
       4.84966062e-04, 1.93986425e-03, 2.42483034e-03, 9.69932124e-04,
       1.93986425e-03, 0., 4.84966062e-04, 4.84966062e-04,
       4.84966062e-04, 1.93986425e-03, 0., 4.84966062e-04,
       9.69932124e-04, 0., 1.45489816e-03, 9.69932124e-04,
       4.84966062e-04, 1.93986425e-03, 4.84966062e-04, 4.84966062e-04,
       9.69932124e-04, 4.84966062e-04, 2.90979631e-03, 0.,
       1.93986425e-03, 3.87972849e-03, 0., 4.84966062e-04,
       9.69932124e-04, 0., 0., 0., 1.45489816e-03, 0., 0.,
       1.45489816e-03, 3.39476252e-03, 0., 0., 9.69932124e-04,
       4.84966062e-04, 2.42483034e-03, 9.69932124e-04, 0., 0.,
       1.45489816e-03, 9.69932124e-04, 9.69932124e-04, 1.45489816e-03,
       1.45489816e-03, 0., 4.84966062e-04, 4.84966062e-04, 0.,
       3.87972849e-03, 2.42483034e-03, 2.42483034e-03, 1.93986425e-03,
       0., 9.69932124e-04, 0., 0., 1.93986425e-03, 5.33462688e-03,
       4.84966062e-04, 0., 9.69932124e-04, 1.45489816e-03, 0.,
       4.84966062e-04, 0., 1.93986425e-03, 9.69932124e-04,
       9.69932124e-04, 1.93986425e-03, 4.84966062e-04, 1.45489816e-03,
       1.93986425e-03, 1.45489816e-03, 2.90979631e-03, 4.36469447e-03,
       9.69932124e-04, 9.69932124e-04, 3.39476252e-03, 9.69932124e-04,
       4.84966062e-04, 1.45489816e-03, 1.93986425e-03, 4.84966062e-04,
       2.42483034e-03, 4.36469447e-03, 0., 1.93986425e-03,
       2.42483034e-03, 0., 9.69932124e-04, 0., 3.87972849e-03,
       1.93986425e-03, 9.69932124e-04, 2.42483034e-03, 4.84966062e-04,
       4.84966062e-04, 1.45489816e-03, 1.45489816e-03, 4.84966062e-04,
       3.87972849e-03, 0., 9.69932124e-04, 4.84966062e-04,
       2.42483034e-03, 4.84966062e-04, 4.84966062e-04, 4.84966062e-04,
       1.45489816e-03, 9.69932124e-04, 0., 4.84966062e-04,
       3.39476252e-03, 2.42483034e-03, 3.87972849e-03, 1.45489816e-03,
       9.69932124e-04, 4.84966062e-04, 0., 1.45489816e-03,
       9.69932124e-04, 4.84966062e-04, 4.84966062e-04, 9.69932124e-04,
       5.81959262e-03, 1.45489816e-03, 2.42483034e-03, 1.45489816e-03,
       3.87972849e-03, 1.45489816e-03, 0., 9.69932124e-04, 0.,
       4.84966062e-04, 4.84966062e-04, 2.90979631e-03, 1.45489816e-03,
       0., 4.84966062e-04, 9.69932124e-04, 1.45489816e-03,
       4.84966062e-04, 9.69932124e-04, 4.84966062e-04, 2.90979631e-03,
       9.69932124e-04, 9.69932124e-04, 1.45489816e-03, 4.84966062e-04,
       0., 4.84966062e-04, 4.84966062e-04, 9.69932124e-04,
       4.84966062e-04, 0., 0., 4.84966062e-04, 1.45489816e-03,
       2.90979631e-03, 2.42483034e-03, 2.42483034e-03, 9.69932124e-04,
       9.69932124e-04, 1.93986425e-03, 9.69932124e-04, 3.39476252e-03,
       4.84966062e-04, 0., 9.69932124e-04, 1.93986425e-03,
       1.45489816e-03, 4.84966062e-04, 0., 1.45489816e-03,
       4.84966062e-04, 1.93986425e-03, 4.84966068e-03, 3.39476252e-03,
       4.36469447e-03, 1.45489816e-03, 1.93986425e-03, 2.42483034e-03,
       9.69932124e-04, 1.93986425e-03, 9.69932124e-04, 2.90979631e-03,
       4.84966062e-04, 1.45489816e-03, 9.69932124e-04, 2.42483034e-03,
       0., 2.42483034e-03, 4.84966062e-04, 1.93986425e-03,
       4.84966062e-04, 9.69932124e-04, 1.45489816e-03, 2.42483034e-03,
       0., 4.84966062e-04, 0., 2.42483034e-03, 9.69932124e-04, 0., 0.,
       9.69932124e-04, 1.93986425e-03, 9.69932124e-04, 1.45489816e-03,
       1.45489816e-03, 1.45489816e-03, 9.69932124e-04, 4.84966062e-04,
       9.69932124e-04, 4.84966062e-04, 4.84966062e-04, 1.93986425e-03,
       5.81959262e-03, 1.93986425e-03, 1.93986425e-03, 0.,
       2.42483034e-03, 1.45489816e-03, 1.93986425e-03, 9.69932124e-04,
       1.45489816e-03, 0., 0., 9.69932124e-04, 4.84966062e-04, 0.,
       9.69932124e-04, 1.93986425e-03, 9.69932124e-04, 9.69932124e-04,
       1.45489816e-03, 2.90979631e-03, 2.42483034e-03, 1.93986425e-03,
       0., 0., 3.87972849e-03, 1.45489816e-03, 0., 9.69932124e-04,
       1.93986425e-03, 2.42483034e-03, 9.69932124e-04, 1.93986425e-03,
       3.39476252e-03, 0., 1.45489816e-03, 1.45489816e-03,
       9.69932124e-04, 9.69932124e-04, 4.84966062e-04, 0.,
       4.84966062e-04, 9.69932124e-04, 2.42483034e-03, 0.,
       9.69932124e-04, 2.90979631e-03, 2.90979631e-03, 0.,
       4.84966062e-04, 4.84966062e-04, 1.45489816e-03, 4.84966062e-04,
       9.69932124e-04, 4.84966062e-04, 7.27449078e-03, 4.84966062e-04,
       0., 2.42483034e-03, 4.84966062e-04, 9.69932124e-04,
       1.93986425e-03, 1.93986425e-03, 0., 9.69932124e-04,
       2.90979631e-03, 2.90979631e-03, 0., 4.84966062e-04,
       1.93986425e-03, 0., 4.84966062e-04, 9.69932124e-04,
       9.69932124e-04, 9.69932124e-04, 4.84966062e-04, 4.84966062e-04,
       1.93986425e-03, 0., 9.69932124e-04, 0., 9.69932124e-04,
       1.45489816e-03, 4.84966062e-04, 3.39476252e-03, 6.78952504e-03,
       9.69932124e-04, 1.93986425e-03, 1.45489816e-03, 9.69932124e-04,
       4.84966062e-04, 0., 0., 4.84966062e-04, 0., 1.93986425e-03,
       2.90979631e-03, 0., 4.84966062e-04, 0., 9.69932124e-04,
       2.42483034e-03, 1.45489816e-03, 4.84966068e-03, 9.69932124e-04,
       1.45489816e-03, 2.42483034e-03, 0., 3.39476252e-03, 0.,
       9.69932124e-04, 2.42483034e-03, 4.84966062e-04, 0.,
       9.69932124e-04, 5.33462688e-03, 4.84966062e-04, 2.42483034e-03,
       1.93986425e-03, 1.45489816e-03, 1.45489816e-03, 4.84966062e-04,
       2.90979631e-03, 4.84966062e-04, 3.39476252e-03, 4.84966062e-04,
       4.84966062e-04, 9.69932124e-04, 9.69932124e-04, 9.69932124e-04,
       9.69932124e-04, 1.93986425e-03, 0., 9.69932124e-04,
       2.42483034e-03, 0., 0., 9.69932124e-04, 1.45489816e-03,
       1.45489816e-03, 0., 9.69932124e-04, 9.69932124e-04,
       4.84966062e-04, 1.45489816e-03, 1.93986425e-03, 4.84966062e-04,
       4.84966062e-04, 9.69932124e-04, 9.69932124e-04, 1.45489816e-03,
       1.45489816e-03, 0., 0., 0., 4.84966062e-04, 9.69932124e-04,
       4.84966062e-04, 9.69932124e-04, 1.93986425e-03, 9.69932124e-04,
       2.42483034e-03, 3.39476252e-03, 4.84966062e-04, 9.69932124e-04,
       4.84966062e-04, 4.84966062e-04, 0., 4.84966062e-04,
       4.84966062e-04, 2.42483034e-03, 4.84966062e-04, 0.,
       4.84966062e-04, 0., 0., 2.42483034e-03, 1.45489816e-03, 0.,
       1.45489816e-03, 4.84966062e-04, 4.84966062e-04, 4.84966062e-04,
       9.69932124e-04, 1.93986425e-03, 4.84966062e-04, 2.42483034e-03,
       4.84966062e-04, 4.84966062e-04, 1.45489816e-03, 1.93986425e-03,
       4.84966062e-04, 1.93986425e-03, 9.69932124e-04, 9.69932124e-04,
       9.69932124e-04, 3.39476252e-03, 1.45489816e-03, 1.93986425e-03,
       4.84966062e-04, 1.93986425e-03, 4.84966062e-04, 1.45489816e-03,
       3.39476252e-03, 1.93986425e-03, 9.69932124e-04, 0., 0.,
       5.81959262e-03, 1.93986425e-03, 2.90979631e-03, 3.87972849e-03,
       1.45489816e-03, 4.84966062e-04, 1.45489816e-03, 1.93986425e-03,
       2.90979631e-03, 4.84966062e-04, 0., 9.69932124e-04,
       9.69932124e-04, 9.69932124e-04, 9.69932124e-04, 9.69932124e-04,
       3.87972849e-03, 1.45489816e-03, 0., 4.84966062e-04,
       3.39476252e-03, 1.93986425e-03, 3.39476252e-03, 4.84966062e-04,
       1.45489816e-03, 2.42483034e-03, 0., 2.42483034e-03,
       4.36469447e-03, 1.45489816e-03, 4.84966062e-04, 3.39476252e-03,
       3.87972849e-03, 9.69932124e-04, 4.84966068e-03, 9.69932124e-04,
       4.84966062e-04, 4.84966062e-04, 1.93986425e-03, 2.42483034e-03,
