%YAML:1.0
m10f: !!opencv-matrix
   rows: 1
   cols: 800
   dt: f
   data: [ 1.74216018e-03, 1.74216018e-03, 2.90360046e-03,
       2.32288032e-03, 1.16144016e-03, 5.80720080e-04, 2.90360046e-03,
       1.16144016e-03, 1.74216018e-03, 2.32288032e-03, 0., 0.,
       1.16144016e-03, 5.80720080e-04, 4.06504050e-03, 5.80720080e-04,
       0., 1.74216018e-03, 0., 5.80720080e-04, 4.06504050e-03, 0., 0.,
       0., 2.90360046e-03, 5.80720080e-04, 5.80720080e-04,
       5.80720080e-04, 1.16144016e-03, 0., 5.80720080e-04,
       2.32288032e-03, 0., 0., 2.32288032e-03, 5.80720080e-04,
       2.32288032e-03, 2.32288032e-03, 1.74216018e-03, 0.,
       1.74216018e-03, 0., 1.74216018e-03, 2.32288032e-03,
       1.74216018e-03, 1.16144016e-03, 1.16144016e-03, 1.74216018e-03,
       0., 0., 5.80720080e-04, 5.80720080e-04, 1.16144016e-03,
       5.80720080e-04, 0., 1.74216018e-03, 3.48432036e-03,
       1.74216018e-03, 5.80720080e-04, 0., 0., 4.64576064e-03,
       5.80720080e-04, 2.90360046e-03, 1.16144016e-03, 1.16144016e-03,
       5.80720080e-04, 1.16144016e-03, 0., 0., 0., 1.74216018e-03,
       2.32288032e-03, 2.90360046e-03, 5.80720080e-04, 1.16144016e-03,
       0., 5.80720080e-04, 0., 5.80720080e-04, 1.16144016e-03, 0., 0.,
       0., 1.74216018e-03, 1.74216018e-03, 1.16144016e-03,
       5.80720080e-04, 1.74216018e-03, 0., 5.80720080e-04,
       2.32288032e-03, 1.16144016e-03, 7.54936086e-03, 3.48432036e-03,
       1.74216018e-03, 3.48432036e-03, 5.80720080e-04, 5.80720080e-04,
       5.80720080e-04, 0., 2.90360046e-03, 1.74216018e-03, 0., 0., 0.,
       5.80720080e-04, 5.80720080e-04, 5.80720080e-04, 0., 0.,
       1.74216018e-03, 0., 1.16144016e-03, 4.64576064e-03,
       1.16144016e-03, 1.16144016e-03, 1.74216018e-03, 5.80720080e-04,
       2.90360046e-03, 1.74216018e-03, 2.90360046e-03, 1.74216018e-03,
       3.48432036e-03, 5.80720080e-04, 5.80720080e-04, 5.80720080e-04,
       0., 5.80720080e-04, 1.16144016e-03, 0., 0., 5.80720080e-04,
       5.80720080e-04, 1.16144016e-03, 5.80720080e-04, 5.80720080e-04,
       2.90360046e-03, 0., 5.80720080e-04, 1.16144016e-03,
       2.32288032e-03, 6.38792105e-03, 0., 5.80720080e-04,
       3.48432036e-03, 0., 0., 0., 0., 1.74216018e-03, 5.80720080e-04,
       0., 5.80720080e-04, 1.16144016e-03, 0., 5.80720080e-04,
       2.90360046e-03, 4.64576064e-03, 1.16144016e-03, 0., 0.,
       5.80720080e-04, 1.74216018e-03, 1.16144016e-03, 2.90360046e-03,
       5.80720080e-04, 2.90360046e-03, 1.16144016e-03, 1.16144016e-03,
       1.74216018e-03, 0., 2.32288032e-03, 4.06504050e-03,
       1.16144016e-03, 5.80720080e-04, 0., 1.16144016e-03, 0.,
       5.80720080e-04, 5.80720080e-04, 0., 0., 5.80720080e-04, 0.,
       1.74216018e-03, 0., 5.80720080e-04, 1.16144016e-03,
       2.90360046e-03, 5.80720080e-04, 1.74216018e-03, 5.80720080e-04,
       2.32288032e-03, 5.80720080e-04, 1.16144016e-03, 5.80720080e-04,
       1.16144016e-03, 1.16144016e-03, 0., 2.32288032e-03,
       2.32288032e-03, 0., 0., 2.90360046e-03, 1.74216018e-03, 0., 0.,
       2.32288032e-03, 1.16144016e-03, 1.16144016e-03, 0., 0.,
       5.80720091e-03, 2.90360046e-03, 0., 0., 5.80720080e-04,
       1.16144016e-03, 2.32288032e-03, 5.80720080e-04, 5.80720080e-04,
       1.74216018e-03, 2.32288032e-03, 5.80720080e-04, 2.32288032e-03,
       1.74216018e-03, 1.16144016e-03, 2.90360046e-03, 0.,
       5.80720080e-04, 1.74216018e-03, 1.16144016e-03, 1.74216018e-03,
       5.80720080e-04, 0., 5.80720080e-04, 5.80720080e-04,
       1.74216018e-03, 5.22648077e-03, 1.74216018e-03, 5.80720080e-04,
       2.32288032e-03, 0., 5.80720080e-04, 2.90360046e-03,
       5.80720091e-03, 0., 0., 1.16144016e-03, 6.38792105e-03,
       2.90360046e-03, 1.16144016e-03, 1.74216018e-03, 1.16144016e-03,
       0., 0., 2.32288032e-03, 5.80720080e-04, 0., 2.32288032e-03,
       1.16144016e-03, 2.90360046e-03, 0., 2.32288032e-03, 0.,
       1.74216018e-03, 1.74216018e-03, 4.06504050e-03, 2.32288032e-03,
       5.80720080e-04, 1.16144016e-03, 5.80720080e-04, 5.80720080e-04,
       0., 0., 1.16144016e-03, 4.64576064e-03, 1.16144016e-03,
       1.16144016e-03, 5.80720080e-04, 2.90360046e-03, 5.80720080e-04,
       4.06504050e-03, 1.16144016e-03, 5.80720080e-04, 5.80720080e-04,
       1.74216018e-03, 1.74216018e-03, 3.48432036e-03, 1.16144016e-03,
       3.48432036e-03, 0., 5.80720080e-04, 0., 5.80720080e-04,
       5.80720080e-04, 1.16144016e-03, 2.32288032e-03, 3.48432036e-03,
       1.16144016e-03, 5.80720080e-04, 5.80720080e-04, 5.80720080e-04,
       3.48432036e-03, 2.32288032e-03, 1.74216018e-03, 2.32288032e-03,
       1.16144016e-03, 1.74216018e-03, 5.80720080e-04, 5.80720080e-04,
       5.80720080e-04, 0., 5.80720080e-04, 1.16144016e-03,
       1.16144016e-03, 5.80720080e-04, 2.32288032e-03, 0.,
       2.90360046e-03, 0., 0., 4.64576064e-03, 5.80720080e-04, 0., 0.,
       1.16144016e-03, 1.16144016e-03, 0., 5.80720080e-04, 0.,
       5.80720080e-04, 5.80720080e-04, 0., 0., 0., 0., 1.16144016e-03,
       2.32288032e-03, 5.80720080e-04, 0., 2.90360046e-03,
       1.74216018e-03, 2.32288032e-03, 2.90360046e-03, 6.96864072e-03,
       2.32288032e-03, 2.90360046e-03, 1.16144016e-03, 0.,
       5.80720080e-04, 0., 5.80720080e-04, 1.16144016e-03,
       5.80720080e-04, 1.16144016e-03, 1.74216018e-03, 1.74216018e-03,
       1.16144016e-03, 5.80720080e-04, 1.16144016e-03, 1.16144016e-03,
       2.90360046e-03, 2.32288032e-03, 0., 2.32288032e-03,
       3.48432036e-03, 1.74216018e-03, 5.80720080e-04, 0.,
       5.80720080e-04, 1.16144016e-03, 0., 0., 0., 3.48432036e-03,
       1.74216018e-03, 4.06504050e-03, 1.74216018e-03, 3.48432036e-03,
       5.80720080e-04, 0., 5.80720080e-04, 0., 1.74216018e-03,
       1.16144016e-03, 1.16144016e-03, 1.16144016e-03, 1.16144016e-03,
       0., 0., 1.74216018e-03, 0., 1.16144016e-03, 5.80720080e-04,
       5.80720080e-04, 0., 0., 5.80720080e-04, 1.74216018e-03,
       2.32288032e-03, 0., 5.80720080e-04, 0., 5.80720080e-04,
       1.16144016e-03, 1.16144016e-03, 1.16144016e-03, 2.90360046e-03,
       0., 5.80720080e-04, 2.90360046e-03, 1.74216018e-03,
       5.22648077e-03, 2.90360046e-03, 0., 1.74216018e-03,
       1.74216018e-03, 1.16144016e-03, 1.16144016e-03, 2.32288032e-03,
       2.32288032e-03, 3.48432036e-03, 3.48432036e-03, 0.,
       5.80720080e-04, 5.80720080e-04, 0., 1.16144016e-03,
       5.80720080e-04, 5.80720080e-04, 1.16144016e-03, 1.16144016e-03,
       1.16144016e-03, 0., 0., 1.16144016e-03, 1.16144016e-03,
       1.16144016e-03, 0., 5.80720080e-04, 1.16144016e-03, 0.,
       1.74216018e-03, 4.64576064e-03, 5.80720080e-04, 5.80720080e-04,
       0., 5.80720080e-04, 5.80720080e-04, 1.74216018e-03, 0., 0.,
       5.80720080e-04, 0., 5.80720080e-04, 0., 5.22648077e-03,
       1.16144016e-03, 5.80720080e-04, 2.90360046e-03, 0.,
       2.90360046e-03, 1.74216018e-03, 5.80720080e-04, 1.74216018e-03,
       0., 3.48432036e-03, 5.80720080e-04, 4.06504050e-03,
       5.80720080e-04, 3.48432036e-03, 5.80720080e-04, 0., 0.,
       5.80720080e-04, 1.74216018e-03, 2.90360046e-03, 1.16144016e-03,
       3.48432036e-03, 1.16144016e-03, 2.90360046e-03, 1.16144016e-03,
       0., 2.90360046e-03, 1.74216018e-03, 1.16144016e-03,
       5.80720080e-04, 5.80720080e-04, 1.74216018e-03, 2.90360046e-03,
       0., 1.74216018e-03, 0., 0., 4.06504050e-03, 1.16144016e-03,
       3.48432036e-03, 5.80720080e-04, 3.48432036e-03, 1.16144016e-03,
       5.80720080e-04, 5.22648077e-03, 0., 1.16144016e-03,
       2.32288032e-03, 1.74216018e-03, 0., 0., 1.16144016e-03,
       1.16144016e-03, 5.80720080e-04, 1.16144016e-03, 1.16144016e-03,
       1.74216018e-03, 1.16144016e-03, 5.80720080e-04, 1.16144016e-03,
       1.16144016e-03, 4.06504050e-03, 1.16144016e-03, 0.,
       1.74216018e-03, 1.74216018e-03, 1.16144016e-03, 4.06504050e-03,
       1.74216018e-03, 5.80720080e-04, 2.32288032e-03, 1.74216018e-03,
       2.90360046e-03, 0., 1.16144016e-03, 1.16144016e-03,
       5.80720080e-04, 0., 0., 0., 1.74216018e-03, 1.16144016e-03,
