%YAML:1.0
m10f: !!opencv-matrix
   rows: 1
   cols: 800
   dt: f
   data: [ 8.91662959e-04, 4.90414631e-03, 2.22915737e-03,
       2.67498894e-03, 1.33749447e-03, 4.45831480e-04, 1.33749447e-03,
       1.78332592e-03, 2.22915737e-03, 1.33749447e-03, 8.91662959e-04,
       8.91662959e-04, 4.45831474e-03, 1.33749447e-03, 0.,
       1.33749447e-03, 3.56665184e-03, 2.67498894e-03, 4.45831480e-04,
       4.45831480e-04, 8.91662959e-04, 8.91662959e-04, 4.45831480e-04,
       0., 3.56665184e-03, 4.45831480e-04, 0., 3.12082027e-03, 0., 0.,
       1.78332592e-03, 0., 2.67498894e-03, 4.01248317e-03,
       4.45831480e-04, 0., 8.91662959e-04, 0., 8.91662959e-04,
       1.33749447e-03, 3.56665184e-03, 8.91662959e-04, 0.,
       1.33749447e-03, 2.22915737e-03, 4.45831480e-04, 0.,
       4.45831480e-04, 2.67498894e-03, 0., 2.22915737e-03,
       2.67498894e-03, 4.45831480e-04, 1.78332592e-03, 8.91662959e-04,
       1.33749447e-03, 2.22915737e-03, 2.22915737e-03, 0.,
       1.33749447e-03, 0., 8.91662959e-04, 1.33749447e-03,
       1.78332592e-03, 4.45831474e-03, 4.45831480e-04, 4.45831480e-04,
       8.91662959e-04, 1.78332592e-03, 0., 1.33749447e-03,
       1.78332592e-03, 0., 1.33749447e-03, 1.33749447e-03,
       8.91662959e-04, 0., 4.45831480e-04, 3.56665184e-03,
       1.78332592e-03, 0., 0., 8.91662959e-04, 2.67498894e-03,
       6.68747211e-03, 4.45831474e-03, 0., 8.91662959e-04,
       2.22915737e-03, 1.33749447e-03, 8.91662959e-04, 8.91662959e-04,
       1.78332592e-03, 1.78332592e-03, 3.56665184e-03, 4.45831480e-04,
       1.33749447e-03, 8.91662959e-04, 1.33749447e-03, 2.67498894e-03,
       4.45831480e-04, 2.67498894e-03, 4.90414631e-03, 1.33749447e-03,
       4.45831480e-04, 8.91662959e-04, 4.45831480e-04, 4.45831480e-04,
       8.91662959e-04, 0., 8.91662959e-04, 2.67498894e-03,
       4.45831480e-04, 8.91662959e-04, 1.33749447e-03, 4.45831480e-04,
       0., 1.78332592e-03, 8.91662959e-04, 2.67498894e-03, 0.,
       2.22915737e-03, 0., 4.45831474e-03, 4.45831480e-04,
       4.45831480e-04, 1.33749447e-03, 1.33749447e-03, 2.22915737e-03,
       2.22915737e-03, 0., 1.78332592e-03, 1.78332592e-03, 0.,
       4.45831480e-04, 0., 2.22915737e-03, 0., 1.78332592e-03,
       8.91662959e-04, 4.45831480e-04, 8.91662959e-04, 1.78332592e-03,
       0., 1.78332592e-03, 2.22915737e-03, 1.33749447e-03,
       4.45831480e-04, 4.45831480e-04, 1.33749447e-03, 1.78332592e-03,
       0., 8.91662959e-04, 1.33749447e-03, 1.33749447e-03, 0., 0.,
       3.56665184e-03, 2.67498894e-03, 1.33749447e-03, 8.91662959e-04,
       0., 0., 2.22915737e-03, 0., 1.33749447e-03, 0., 1.33749447e-03,
       1.78332592e-03, 2.22915737e-03, 8.91662959e-04, 0.,
       2.22915737e-03, 8.91662959e-04, 2.22915737e-03, 0.,
       2.22915737e-03, 4.45831480e-04, 3.12082027e-03, 1.78332592e-03,
       1.33749447e-03, 4.45831480e-04, 8.91662959e-04, 4.45831480e-04,
       4.01248317e-03, 0., 0., 4.01248317e-03, 0., 3.12082027e-03, 0.,
       3.12082027e-03, 1.33749447e-03, 1.78332592e-03, 2.67498894e-03,
       2.67498894e-03, 4.45831480e-04, 8.91662959e-04, 1.33749447e-03,
       0., 3.12082027e-03, 3.56665184e-03, 2.22915737e-03,
       1.78332592e-03, 1.33749447e-03, 1.78332592e-03, 8.91662959e-04,
       1.78332592e-03, 1.33749447e-03, 3.12082027e-03, 1.33749447e-03,
       8.91662959e-04, 4.45831480e-04, 3.56665184e-03, 2.67498894e-03,
       4.45831480e-04, 1.78332592e-03, 8.91662959e-04, 0.,
       4.01248317e-03, 8.91662959e-04, 0., 4.45831480e-04,
       2.67498894e-03, 8.91662959e-04, 3.56665184e-03, 0.,
       2.22915737e-03, 4.45831480e-04, 3.12082027e-03, 0.,
       2.67498894e-03, 4.45831480e-04, 8.91662959e-04, 1.33749447e-03,
       8.91662959e-04, 1.33749447e-03, 1.33749447e-03, 3.56665184e-03,
       1.33749447e-03, 2.22915737e-03, 1.33749447e-03, 2.22915737e-03,
       4.45831480e-04, 8.91662959e-04, 8.91662959e-04, 3.12082027e-03,
       8.91662959e-04, 0., 2.22915737e-03, 3.56665184e-03,
       2.67498894e-03, 1.78332592e-03, 2.67498894e-03, 0.,
       3.56665184e-03, 8.91662959e-04, 2.22915737e-03, 1.78332592e-03,
       4.45831480e-04, 2.67498894e-03, 1.78332592e-03, 4.45831480e-04,
       0., 4.45831480e-04, 4.45831480e-04, 4.45831480e-04, 0.,
       4.45831480e-04, 8.91662959e-04, 1.33749447e-03, 4.45831480e-04,
       2.22915737e-03, 2.67498894e-03, 4.45831480e-04, 8.91662959e-04,
       1.78332592e-03, 1.33749447e-03, 3.12082027e-03, 1.78332592e-03,
       1.33749447e-03, 1.33749447e-03, 2.67498894e-03, 3.12082027e-03,
       1.33749447e-03, 8.91662959e-04, 4.45831480e-04, 1.78332592e-03,
       4.45831480e-04, 3.56665184e-03, 2.22915737e-03, 3.12082027e-03,
       1.33749447e-03, 1.78332592e-03, 4.45831480e-04, 0., 0.,
       1.78332592e-03, 2.67498894e-03, 0., 0., 1.33749447e-03,
       1.33749447e-03, 8.91662959e-04, 3.12082027e-03, 0.,
       1.33749447e-03, 4.45831480e-04, 0., 2.67498894e-03,
       8.91662959e-04, 0., 3.56665184e-03, 0., 2.67498894e-03,
       1.33749447e-03, 1.33749447e-03, 1.33749447e-03, 4.45831480e-04,
       4.45831480e-04, 1.33749447e-03, 8.91662959e-04, 1.78332592e-03,
       4.45831480e-04, 2.22915737e-03, 2.67498894e-03, 8.91662959e-04,
       2.22915737e-03, 1.33749447e-03, 1.33749447e-03, 2.22915737e-03,
       0., 4.45831480e-04, 4.45831480e-04, 0., 2.22915737e-03,
       1.33749447e-03, 1.78332592e-03, 2.67498894e-03, 4.45831480e-04,
       8.91662959e-04, 1.33749447e-03, 1.78332592e-03, 0.,
       1.33749447e-03, 2.22915737e-03, 3.56665184e-03, 1.78332592e-03,
       1.78332592e-03, 2.22915737e-03, 8.91662959e-04, 1.33749447e-03,
       0., 1.78332592e-03, 4.45831480e-04, 0., 8.91662959e-04,
       8.91662959e-04, 3.12082027e-03, 8.91662959e-04, 1.33749447e-03,
       1.33749447e-03, 1.33749447e-03, 1.78332592e-03, 4.45831480e-04,
       0., 2.22915737e-03, 2.67498894e-03, 4.45831480e-04, 0., 0.,
       1.78332592e-03, 8.91662959e-04, 8.91662959e-04, 4.45831480e-04,
       0., 1.78332592e-03, 2.22915737e-03, 1.78332592e-03,
       2.67498894e-03, 4.45831480e-04, 4.45831480e-04, 1.33749447e-03,
       4.45831480e-04, 1.78332592e-03, 2.67498894e-03, 8.91662959e-04,
       3.56665184e-03, 1.33749447e-03, 4.45831480e-04, 1.78332592e-03,
       0., 4.45831480e-04, 4.45831480e-04, 8.91662959e-04,
       2.67498894e-03, 4.45831480e-04, 1.33749447e-03, 4.45831480e-04,
       1.33749447e-03, 0., 1.33749447e-03, 4.45831480e-04, 0., 0.,
       4.45831480e-04, 4.45831480e-04, 4.45831480e-04, 1.33749447e-03,
       1.78332592e-03, 0., 1.33749447e-03, 8.91662959e-04,
       4.45831480e-04, 8.91662959e-04, 8.91662959e-04, 1.33749447e-03,
       4.45831480e-04, 4.45831480e-04, 4.45831480e-04, 0.,
       1.78332592e-03, 2.67498894e-03, 1.33749447e-03, 4.45831480e-04,
       4.45831480e-04, 4.45831480e-04, 0., 0., 4.45831480e-04,
       3.12082027e-03, 1.33749447e-03, 8.91662959e-04, 4.45831480e-04,
       1.33749447e-03, 1.78332592e-03, 0., 8.91662959e-04,
       4.45831480e-04, 8.91662959e-04, 0., 0., 1.33749447e-03, 0.,
       4.45831480e-04, 4.45831480e-04, 0., 3.12082027e-03,
       1.33749447e-03, 1.78332592e-03, 4.45831480e-04, 3.12082027e-03,
       8.91662959e-04, 0., 4.45831480e-04, 4.45831480e-04, 0., 0.,
       3.56665184e-03, 2.22915737e-03, 4.45831480e-04, 4.45831480e-04,
       4.45831480e-04, 4.45831480e-04, 1.33749447e-03, 1.33749447e-03,
       8.91662959e-04, 1.33749447e-03, 2.22915737e-03, 2.22915737e-03,
       4.45831480e-04, 0., 2.67498894e-03, 4.45831480e-04,
       8.91662959e-04, 0., 1.78332592e-03, 1.33749447e-03,
       4.45831480e-04, 8.91662959e-04, 2.22915737e-03, 2.67498894e-03,
       1.33749447e-03, 0., 4.45831480e-04, 8.91662959e-04,
       1.33749447e-03, 0., 4.45831480e-04, 8.91662959e-04,
       3.12082027e-03, 0., 0., 8.91662959e-04, 0., 1.78332592e-03,
       3.12082027e-03, 8.91662959e-04, 3.12082027e-03, 0.,
       2.67498894e-03, 0., 0., 1.33749447e-03, 1.33749447e-03,
       8.91662959e-04, 1.78332592e-03, 1.78332592e-03, 1.33749447e-03,
