%YAML:1.0
m10f: !!opencv-matrix
   rows: 1
   cols: 800
   dt: f
   data: [ 0., 4.93339903e-04, 3.94671923e-03, 4.93339903e-04,
       9.86679806e-04, 0., 1.97335961e-03, 2.46669957e-03,
       2.96003930e-03, 1.97335961e-03, 4.93339903e-04, 0., 0.,
       4.93339903e-04, 9.86679806e-04, 0., 0., 9.86679806e-04, 0.,
       1.97335961e-03, 6.90675853e-03, 9.86679806e-04, 9.86679806e-04,
       0., 1.48001965e-03, 1.48001965e-03, 0., 4.44005895e-03, 0.,
       9.86679806e-04, 0., 1.48001965e-03, 3.45337926e-03,
       3.94671923e-03, 4.93339903e-04, 4.93339903e-04, 4.93339903e-04,
       1.97335961e-03, 1.97335961e-03, 1.48001965e-03, 1.48001965e-03,
       1.97335961e-03, 1.48001965e-03, 2.46669957e-03, 4.93339903e-04,
       4.93339903e-04, 0., 0., 0., 0., 9.86679806e-04, 9.86679806e-04,
       4.93339903e-04, 9.86679806e-04, 0., 4.93339903e-04,
       2.96003930e-03, 4.93339903e-04, 9.86679806e-04, 2.46669957e-03,
       0., 2.46669957e-03, 0., 3.45337926e-03, 3.94671923e-03,
       4.93339903e-04, 1.48001965e-03, 1.48001965e-03, 0.,
       4.93339903e-04, 4.93339903e-04, 1.97335961e-03, 4.93339903e-04,
       4.93339903e-04, 0., 9.86679806e-04, 0., 4.93339903e-04,
       3.45337926e-03, 9.86679806e-04, 0., 0., 4.93339903e-04,
       4.93339903e-04, 2.46669957e-03, 2.46669957e-03, 1.48001965e-03,
       9.86679806e-04, 0., 4.93339903e-04, 4.93339903e-04,
       4.93339903e-04, 1.48001965e-03, 2.96003930e-03, 3.45337926e-03,
       9.86679806e-04, 1.48001965e-03, 1.48001965e-03, 0., 0.,
       4.93339903e-04, 0., 1.97335961e-03, 9.86679806e-04,
       4.93339903e-04, 4.93339903e-04, 4.93339903e-04, 9.86679806e-04,
       9.86679806e-04, 4.93339903e-04, 1.48001965e-03, 9.86679806e-04,
       0., 4.93339903e-04, 5.42673888e-03, 1.48001965e-03, 0.,
       1.97335961e-03, 1.48001965e-03, 2.46669957e-03, 4.93339903e-04,
       1.48001965e-03, 1.48001965e-03, 4.44005895e-03, 4.93339903e-04,
       4.93339903e-04, 2.96003930e-03, 9.86679806e-04, 1.97335961e-03,
       1.97335961e-03, 0., 1.48001965e-03, 4.93339915e-03, 0.,
       9.86679806e-04, 0., 1.97335961e-03, 1.97335961e-03,
       4.93339903e-04, 9.86679806e-04, 9.86679806e-04, 9.86679806e-04,
       9.86679806e-04, 0., 4.93339903e-04, 3.45337926e-03,
       4.93339903e-04, 0., 4.93339903e-04, 4.93339903e-04,
       1.48001965e-03, 1.48001965e-03, 0., 2.96003930e-03,
       9.86679806e-04, 0., 0., 2.46669957e-03, 1.48001965e-03,
       1.48001965e-03, 4.93339903e-04, 4.93339903e-04, 4.93339903e-04,
       1.48001965e-03, 0., 1.97335961e-03, 1.48001965e-03,
       9.86679806e-04, 1.48001965e-03, 2.46669957e-03, 1.48001965e-03,
       0., 9.86679806e-04, 3.94671923e-03, 2.96003930e-03, 0.,
       4.93339903e-04, 2.46669957e-03, 4.93339903e-04, 9.86679806e-04,
       1.97335961e-03, 1.97335961e-03, 4.93339903e-04, 0.,
       4.93339903e-04, 9.86679806e-04, 0., 1.48001965e-03, 0.,
       3.45337926e-03, 0., 1.97335961e-03, 0., 0., 1.48001965e-03,
       4.44005895e-03, 2.96003930e-03, 0., 0., 0., 1.97335961e-03,
       1.97335961e-03, 9.86679806e-04, 4.93339915e-03, 1.48001965e-03,
       0., 1.48001965e-03, 4.93339903e-04, 9.86679806e-04,
       2.46669957e-03, 9.86679806e-04, 4.93339903e-04, 0.,
       7.40009872e-03, 1.48001965e-03, 1.48001965e-03, 0.,
       4.93339903e-04, 1.48001965e-03, 0., 0., 9.86679806e-04,
       1.48001965e-03, 4.44005895e-03, 4.93339903e-04, 2.46669957e-03,
       4.93339903e-04, 9.86679806e-04, 2.46669957e-03, 9.86679806e-04,
       9.86679806e-04, 4.93339903e-04, 9.86679806e-04, 0.,
       9.86679806e-04, 0., 2.46669957e-03, 4.93339903e-04,
       9.86679806e-04, 5.92007861e-03, 1.48001965e-03, 2.46669957e-03,
       9.86679806e-04, 4.93339903e-04, 9.86679806e-04, 1.48001965e-03,
       5.42673888e-03, 9.86679806e-04, 4.93339903e-04, 1.97335961e-03,
       4.44005895e-03, 1.48001965e-03, 1.48001965e-03, 2.46669957e-03,
       1.48001965e-03, 9.86679806e-04, 0., 3.94671923e-03,
       4.93339903e-04, 1.97335961e-03, 0., 1.48001965e-03,
       1.97335961e-03, 0., 9.86679806e-04, 4.93339903e-04,
       9.86679806e-04, 1.97335961e-03, 2.46669957e-03, 2.46669957e-03,
       9.86679806e-04, 4.93339903e-04, 0., 9.86679806e-04, 0.,
       1.48001965e-03, 1.48001965e-03, 1.48001965e-03, 4.93339903e-04,
       4.93339903e-04, 2.96003930e-03, 9.86679806e-04, 9.86679806e-04,
       9.86679806e-04, 0., 1.48001965e-03, 0., 1.97335961e-03, 0.,
       1.48001965e-03, 2.46669957e-03, 2.96003930e-03, 0.,
       2.96003930e-03, 4.93339903e-04, 1.48001965e-03, 2.96003930e-03,
       2.96003930e-03, 9.86679806e-04, 1.48001965e-03, 9.86679806e-04,
       0., 9.86679806e-04, 0., 9.86679806e-04, 2.96003930e-03,
       9.86679806e-04, 4.93339903e-04, 9.86679806e-04, 0.,
       9.86679806e-04, 0., 2.46669957e-03, 4.93339903e-04,
       2.96003930e-03, 0., 4.44005895e-03, 1.97335961e-03, 0.,
       4.93339915e-03, 9.86679806e-04, 0., 1.48001965e-03,
       1.97335961e-03, 0., 2.46669957e-03, 4.93339903e-04,
       3.94671923e-03, 3.45337926e-03, 4.93339903e-04, 1.48001965e-03,
       0., 4.93339903e-04, 9.86679806e-04, 0., 1.48001965e-03,
       1.48001965e-03, 4.93339903e-04, 1.97335961e-03, 9.86679806e-04,
       9.86679806e-04, 0., 4.93339903e-04, 4.93339903e-04,
       3.45337926e-03, 1.48001965e-03, 3.94671923e-03, 9.86679806e-04,
       2.46669957e-03, 9.86679806e-04, 4.93339903e-04, 4.93339903e-04,
       0., 9.86679806e-04, 3.45337926e-03, 0., 4.93339903e-04,
       9.86679806e-04, 0., 1.97335961e-03, 1.48001965e-03,
       1.48001965e-03, 9.86679806e-04, 2.46669957e-03, 9.86679806e-04,
       0., 2.46669957e-03, 9.86679806e-04, 9.86679806e-04,
       1.97335961e-03, 4.93339903e-04, 4.93339903e-04, 9.86679806e-04,
       0., 0., 0., 4.93339915e-03, 1.48001965e-03, 4.93339903e-04,
       1.48001965e-03, 0., 0., 4.93339903e-04, 4.93339903e-04, 0.,
       2.96003930e-03, 0., 3.45337926e-03, 1.48001965e-03,
       9.86679806e-04, 3.45337926e-03, 0., 1.48001965e-03,
       4.93339903e-04, 2.46669957e-03, 2.96003930e-03, 0., 0., 0.,
       2.96003930e-03, 9.86679806e-04, 1.97335961e-03, 1.48001965e-03,
       0., 9.86679806e-04, 0., 0., 9.86679806e-04, 9.86679806e-04,
       3.45337926e-03, 4.93339903e-04, 3.45337926e-03, 2.46669957e-03,
       3.45337926e-03, 1.48001965e-03, 0., 9.86679806e-04,
       9.86679806e-04, 9.86679806e-04, 4.93339903e-04, 9.86679806e-04,
       1.97335961e-03, 4.93339903e-04, 9.86679806e-04, 9.86679806e-04,
       4.93339903e-04, 9.86679806e-04, 0., 0., 4.93339903e-04, 0., 0.,
       4.93339903e-04, 4.93339903e-04, 0., 0., 3.94671923e-03,
       2.46669957e-03, 2.96003930e-03, 0., 1.48001965e-03, 0., 0.,
       4.93339903e-04, 1.48001965e-03, 4.93339903e-04, 4.93339903e-04,
       4.93339903e-04, 9.86679806e-04, 4.93339903e-04, 4.93339903e-04,
       1.97335961e-03, 1.97335961e-03, 1.48001965e-03, 9.86679806e-04,
       4.93339903e-04, 1.48001965e-03, 1.48001965e-03, 3.45337926e-03,
       1.48001965e-03, 4.93339903e-04, 2.46669957e-03, 4.93339903e-04,
       4.93339903e-04, 0., 4.93339903e-04, 1.97335961e-03, 0.,
       2.96003930e-03, 4.93339915e-03, 4.93339915e-03, 4.93339903e-04,
       4.93339915e-03, 4.93339903e-04, 9.86679806e-04, 9.86679806e-04,
       1.48001965e-03, 1.97335961e-03, 4.93339903e-04, 9.86679806e-04,
       1.97335961e-03, 4.93339903e-04, 4.93339903e-04, 0.,
       9.86679806e-04, 3.45337926e-03, 9.86679806e-04, 4.93339903e-04,
       2.46669957e-03, 1.48001965e-03, 9.86679806e-04, 9.86679806e-04,
       9.86679806e-04, 3.45337926e-03, 1.97335961e-03, 4.93339903e-04,
       9.86679806e-04, 3.94671923e-03, 1.48001965e-03, 0.,
       1.97335961e-03, 1.48001965e-03, 1.97335961e-03, 3.94671923e-03,
       1.97335961e-03, 0., 4.93339903e-04, 1.97335961e-03, 0., 0.,
       9.86679806e-04, 4.93339903e-04, 1.97335961e-03, 9.86679806e-04,
       1.97335961e-03, 2.96003930e-03, 1.48001965e-03, 1.48001965e-03,
       4.93339903e-04, 1.97335961e-03, 2.96003930e-03, 1.97335961e-03,
       4.93339903e-04, 9.86679806e-04, 0., 6.90675853e-03,
