%YAML:1.0
m10f: !!opencv-matrix
   rows: 1
   cols: 800
   dt: f
   data: [ 2.16802163e-03, 3.79403774e-03, 2.16802163e-03,
       4.33604326e-03, 5.42005408e-04, 0., 4.33604326e-03,
       1.62601622e-03, 1.08401082e-03, 2.16802163e-03, 1.62601622e-03,
       1.08401082e-03, 0., 5.42005408e-04, 1.62601622e-03,
       1.08401082e-03, 0., 1.08401082e-03, 0., 5.42005408e-04,
       3.25203245e-03, 0., 5.42005408e-04, 0., 5.42005408e-04, 0.,
       1.08401082e-03, 5.42005431e-03, 1.08401082e-03, 0.,
       5.42005408e-04, 2.16802163e-03, 1.62601622e-03, 1.08401082e-03,
       5.42005408e-04, 4.87804879e-03, 1.62601622e-03, 1.08401082e-03,
       5.42005408e-04, 1.08401082e-03, 5.42005408e-04, 5.42005408e-04,
       0., 1.62601622e-03, 0., 1.62601622e-03, 5.42005408e-04, 0.,
       2.16802163e-03, 0., 1.62601622e-03, 1.62601622e-03, 0.,
       5.42005408e-04, 0., 1.08401082e-03, 1.08401082e-03,
       5.42005408e-04, 5.42005408e-04, 1.08401082e-03, 0.,
       3.79403774e-03, 0., 2.71002715e-03, 2.16802163e-03,
       5.42005408e-04, 0., 1.62601622e-03, 1.08401082e-03, 0.,
       1.08401082e-03, 5.42005408e-04, 2.16802163e-03, 1.62601622e-03,
       1.08401082e-03, 3.79403774e-03, 1.62601622e-03, 0.,
       1.62601622e-03, 5.42005408e-04, 1.08401082e-03, 0.,
       2.16802163e-03, 1.08401082e-03, 6.50406489e-03, 4.87804879e-03,
       2.16802163e-03, 2.16802163e-03, 0., 1.08401082e-03,
       1.08401082e-03, 0., 4.33604326e-03, 1.62601622e-03,
       1.62601622e-03, 1.08401082e-03, 5.42005408e-04, 2.71002715e-03,
       1.08401082e-03, 5.42005408e-04, 0., 2.16802163e-03,
       4.33604326e-03, 0., 0., 0., 1.08401082e-03, 0., 5.42005408e-04,
       5.42005408e-04, 5.42005408e-04, 3.25203245e-03, 0.,
       1.08401082e-03, 6.50406489e-03, 1.08401082e-03, 5.42005408e-04,
       3.79403774e-03, 1.08401082e-03, 3.25203245e-03, 1.62601622e-03,
       5.42005408e-04, 5.42005431e-03, 1.62601622e-03, 0.,
       1.08401082e-03, 1.08401082e-03, 1.08401082e-03, 1.08401082e-03,
       1.62601622e-03, 5.42005408e-04, 1.08401082e-03, 2.16802163e-03,
       1.62601622e-03, 1.08401082e-03, 0., 1.62601622e-03, 0.,
       5.42005408e-04, 1.62601622e-03, 5.42005408e-04, 5.42005408e-04,
       3.79403774e-03, 5.42005408e-04, 5.42005408e-04, 3.25203245e-03,
       1.08401082e-03, 5.42005408e-04, 0., 1.08401082e-03,
       2.71002715e-03, 5.42005408e-04, 1.62601622e-03, 5.42005408e-04,
       1.08401082e-03, 0., 0., 5.42005431e-03, 3.25203245e-03,
       5.42005408e-04, 0., 5.42005408e-04, 5.42005408e-04,
       1.62601622e-03, 5.42005408e-04, 0., 2.16802163e-03,
       1.62601622e-03, 1.62601622e-03, 3.25203245e-03, 1.62601622e-03,
       0., 3.25203245e-03, 2.16802163e-03, 2.16802163e-03, 0.,
       1.08401082e-03, 0., 0., 1.08401082e-03, 1.62601622e-03,
       1.08401082e-03, 1.08401082e-03, 5.42005408e-04, 0.,
       1.62601622e-03, 2.16802163e-03, 2.16802163e-03, 0.,
       5.96205937e-03, 0., 2.16802163e-03, 0., 5.42005408e-04,
       2.71002715e-03, 5.42005408e-04, 5.42005408e-04, 1.62601622e-03,
       0., 0., 5.42005408e-04, 1.62601622e-03, 0., 0., 2.16802163e-03,
       0., 1.08401082e-03, 0., 5.42005408e-04, 2.71002715e-03,
       1.08401082e-03, 0., 5.42005408e-04, 4.87804879e-03,
       2.71002715e-03, 2.16802163e-03, 0., 0., 0., 3.79403774e-03,
       5.42005408e-04, 0., 1.08401082e-03, 2.71002715e-03,
       5.42005408e-04, 3.25203245e-03, 0., 2.16802163e-03,
       2.71002715e-03, 1.08401082e-03, 1.08401082e-03, 1.08401082e-03,
       1.08401082e-03, 0., 1.08401082e-03, 5.42005408e-04,
       3.25203245e-03, 0., 1.08401082e-03, 9.21409205e-03,
       2.71002715e-03, 5.42005431e-03, 3.25203245e-03, 1.08401082e-03,
       1.62601622e-03, 3.25203245e-03, 2.71002715e-03, 1.08401082e-03,
       1.08401082e-03, 2.16802163e-03, 3.79403774e-03, 3.25203245e-03,
       1.08401082e-03, 2.71002715e-03, 0., 5.42005408e-04, 0.,
       5.42005408e-04, 0., 0., 5.42005408e-04, 0., 1.08401082e-03, 0.,
       1.62601622e-03, 5.42005408e-04, 5.42005408e-04, 3.25203245e-03,
       3.25203245e-03, 1.08401082e-03, 2.71002715e-03, 5.42005408e-04,
       2.71002715e-03, 1.62601622e-03, 5.42005408e-04, 0.,
       5.42005408e-04, 2.71002715e-03, 1.62601622e-03, 2.16802163e-03,
       1.62601622e-03, 1.08401082e-03, 1.62601622e-03, 1.08401082e-03,
       0., 2.71002715e-03, 5.42005408e-04, 5.42005408e-04,
       5.42005408e-04, 1.08401082e-03, 1.08401082e-03, 1.62601622e-03,
       0., 0., 3.25203245e-03, 5.42005408e-04, 3.25203245e-03,
       5.42005408e-04, 5.42005408e-04, 5.42005408e-04, 5.42005408e-04,
       5.42005408e-04, 2.71002715e-03, 5.42005408e-04, 2.71002715e-03,
       0., 0., 5.42005408e-04, 1.08401082e-03, 5.42005408e-04,
       5.42005408e-04, 0., 5.42005408e-04, 0., 0., 0., 7.04607042e-03,
       5.42005408e-04, 3.25203245e-03, 0., 1.08401082e-03,
       5.42005408e-04, 2.71002715e-03, 4.87804879e-03, 5.42005408e-04,
       5.42005408e-04, 1.08401082e-03, 1.62601622e-03, 1.08401082e-03,
       0., 1.08401082e-03, 0., 1.08401082e-03, 1.08401082e-03, 0.,
       2.16802163e-03, 2.71002715e-03, 5.42005408e-04, 0.,
       1.08401082e-03, 5.42005408e-04, 5.42005408e-04, 2.16802163e-03,
       2.16802163e-03, 5.42005408e-04, 2.16802163e-03, 4.87804879e-03,
       1.08401082e-03, 1.62601622e-03, 1.08401082e-03, 0., 0., 0.,
       1.08401082e-03, 0., 0., 1.08401082e-03, 5.42005408e-04,
       1.62601622e-03, 1.08401082e-03, 5.42005408e-04, 5.42005408e-04,
       5.42005408e-04, 1.62601622e-03, 2.16802163e-03, 1.08401082e-03,
       5.42005408e-04, 5.42005408e-04, 1.62601622e-03, 1.08401082e-03,
       0., 5.42005408e-04, 2.16802163e-03, 0., 0., 0., 1.62601622e-03,
       2.16802163e-03, 4.33604326e-03, 4.33604326e-03, 3.25203245e-03,
       5.42005408e-04, 3.25203245e-03, 0., 0., 3.79403774e-03,
       2.16802163e-03, 2.16802163e-03, 1.08401082e-03, 1.08401082e-03,
       3.25203245e-03, 5.42005408e-04, 4.33604326e-03, 0.,
       1.62601622e-03, 1.08401082e-03, 1.62601622e-03, 0.,
       5.42005408e-04, 0., 1.08401082e-03, 0., 1.08401082e-03,
       1.08401082e-03, 5.42005408e-04, 0., 1.62601622e-03,
       1.08401082e-03, 1.62601622e-03, 2.71002715e-03, 0.,
       1.08401082e-03, 1.62601622e-03, 0., 3.79403774e-03, 0.,
       1.08401082e-03, 5.42005408e-04, 1.08401082e-03, 5.42005408e-04,
       5.42005408e-04, 1.62601622e-03, 0., 4.33604326e-03,
       5.42005408e-04, 1.08401082e-03, 5.42005408e-04, 0., 0.,
       1.62601622e-03, 1.08401082e-03, 1.08401082e-03, 1.62601622e-03,
       5.42005408e-04, 0., 5.42005408e-04, 1.62601622e-03,
       2.71002715e-03, 1.08401082e-03, 1.08401082e-03, 1.08401082e-03,
       0., 1.08401082e-03, 1.08401082e-03, 1.62601622e-03,
       1.62601622e-03, 1.08401082e-03, 5.42005408e-04, 0.,
       1.62601622e-03, 5.42005408e-04, 3.25203245e-03, 2.16802163e-03,
       0., 0., 0., 4.87804879e-03, 3.79403774e-03, 1.08401082e-03,
       1.62601622e-03, 1.08401082e-03, 4.33604326e-03, 5.42005408e-04,
       5.42005408e-04, 1.08401082e-03, 2.16802163e-03, 2.71002715e-03,
       1.62601622e-03, 2.71002715e-03, 2.16802163e-03, 4.33604326e-03,
       3.25203245e-03, 0., 0., 1.08401082e-03, 0., 1.08401082e-03,
       2.71002715e-03, 1.08401082e-03, 5.42005408e-04, 5.42005408e-04,
       0., 2.16802163e-03, 0., 1.62601622e-03, 5.42005408e-04,
       5.42005408e-04, 1.08401082e-03, 0., 1.08401082e-03,
       1.08401082e-03, 1.08401082e-03, 5.42005408e-04, 4.87804879e-03,
       1.08401082e-03, 0., 2.71002715e-03, 5.42005408e-04,
       3.25203245e-03, 0., 2.16802163e-03, 1.08401082e-03,
       3.25203245e-03, 4.33604326e-03, 5.42005408e-04, 0., 0.,
       5.42005408e-04, 5.42005408e-04, 1.08401082e-03, 1.08401082e-03,
       1.62601622e-03, 1.62601622e-03, 5.42005408e-04, 3.25203245e-03,
       1.62601622e-03, 2.71002715e-03, 0., 2.71002715e-03,
       5.42005408e-04, 3.25203245e-03, 2.16802163e-03, 0.,
       2.71002715e-03, 1.08401082e-03, 3.25203245e-03, 2.16802163e-03,
       1.08401082e-03, 5.42005408e-04, 1.08401082e-03, 0.,
