%YAML:1.0
m10f: !!opencv-matrix
   rows: 1
   cols: 800
   dt: f
   data: [ 1.71821308e-03, 2.29095086e-03, 2.29095086e-03,
       1.71821308e-03, 0., 5.72737714e-04, 2.29095086e-03,
       3.43642617e-03, 2.86368863e-03, 1.71821308e-03, 1.71821308e-03,
       5.72737714e-04, 1.14547543e-03, 5.72737714e-04, 2.86368863e-03,
       5.72737714e-04, 0., 2.29095086e-03, 5.72737714e-04,
       1.14547543e-03, 2.86368863e-03, 0., 5.72737714e-04,
       5.72737714e-04, 1.71821308e-03, 1.14547543e-03, 5.72737714e-04,
       1.14547543e-03, 1.71821308e-03, 0., 0., 1.71821308e-03, 0.,
       5.72737714e-04, 2.29095086e-03, 1.71821308e-03, 1.71821308e-03,
       2.29095086e-03, 2.86368863e-03, 5.72737714e-04, 1.71821308e-03,
       0., 1.14547543e-03, 3.43642617e-03, 1.71821308e-03,
       1.14547543e-03, 5.72737714e-04, 5.72737714e-04, 0., 0.,
       5.72737714e-04, 1.14547543e-03, 5.72737714e-04, 5.72737714e-04,
       0., 1.14547543e-03, 3.43642617e-03, 1.14547543e-03,
       1.14547543e-03, 1.14547543e-03, 0., 5.15463948e-03,
       5.72737714e-04, 4.00916394e-03, 5.72737714e-04, 5.72737714e-04,
       0., 2.86368863e-03, 1.14547543e-03, 0., 0., 5.72737714e-04,
       5.72737714e-04, 2.29095086e-03, 5.72737714e-04, 1.14547543e-03,
       0., 1.71821308e-03, 0., 5.72737714e-04, 1.71821308e-03, 0., 0.,
       0., 5.72737714e-04, 1.71821308e-03, 1.14547543e-03,
       1.71821308e-03, 5.72737714e-04, 0., 5.72737714e-04,
       1.71821308e-03, 1.14547543e-03, 4.00916394e-03, 1.71821308e-03,
       0., 2.29095086e-03, 5.72737714e-04, 5.72737714e-04,
       1.14547543e-03, 5.72737714e-04, 5.15463948e-03, 5.15463948e-03,
       0., 0., 1.14547543e-03, 5.72737714e-04, 0., 5.72737714e-04, 0.,
       1.14547543e-03, 2.29095086e-03, 5.72737714e-04, 2.86368863e-03,
       4.58190171e-03, 1.14547543e-03, 1.14547543e-03, 2.86368863e-03,
       5.72737714e-04, 4.58190171e-03, 1.71821308e-03, 3.43642617e-03,
       1.71821308e-03, 4.00916394e-03, 5.72737714e-04, 0.,
       1.14547543e-03, 0., 0., 1.71821308e-03, 0., 0., 1.14547543e-03,
       0., 1.14547543e-03, 5.72737714e-04, 1.71821308e-03,
       1.14547543e-03, 1.14547543e-03, 1.14547543e-03, 1.14547543e-03,
       1.14547543e-03, 7.44559010e-03, 0., 5.72737714e-04,
       3.43642617e-03, 0., 1.14547543e-03, 1.14547543e-03, 0.,
       1.71821308e-03, 1.14547543e-03, 0., 5.72737714e-04,
       1.71821308e-03, 0., 5.72737714e-04, 4.00916394e-03,
       2.29095086e-03, 1.14547543e-03, 0., 5.72737714e-04,
       5.72737714e-04, 1.14547543e-03, 1.71821308e-03, 1.71821308e-03,
       1.14547543e-03, 2.86368863e-03, 1.14547543e-03, 2.86368863e-03,
       2.29095086e-03, 0., 2.29095086e-03, 3.43642617e-03,
       1.71821308e-03, 0., 5.72737714e-04, 1.14547543e-03, 0.,
       5.72737714e-04, 5.72737714e-04, 0., 0., 0., 0., 2.29095086e-03,
       0., 0., 1.14547543e-03, 4.00916394e-03, 0., 1.14547543e-03,
       1.14547543e-03, 2.29095086e-03, 0., 1.14547543e-03,
       5.72737714e-04, 1.71821308e-03, 1.14547543e-03, 0.,
       1.71821308e-03, 2.29095086e-03, 1.14547543e-03, 5.72737714e-04,
       1.14547543e-03, 2.29095086e-03, 0., 0., 3.43642617e-03,
       1.71821308e-03, 1.14547543e-03, 0., 0., 5.15463948e-03,
       2.86368863e-03, 1.14547543e-03, 5.72737714e-04, 1.14547543e-03,
       5.72737714e-04, 3.43642617e-03, 5.72737714e-04, 5.72737714e-04,
       1.71821308e-03, 2.29095086e-03, 5.72737714e-04, 3.43642617e-03,
       1.71821308e-03, 5.72737714e-04, 1.71821308e-03, 0.,
       5.72737714e-04, 1.14547543e-03, 1.14547543e-03, 1.71821308e-03,
       0., 5.72737714e-04, 5.72737714e-04, 5.72737714e-04,
       1.71821308e-03, 4.00916394e-03, 2.86368863e-03, 5.72737714e-04,
       3.43642617e-03, 5.72737714e-04, 5.72737714e-04, 2.86368863e-03,
       5.15463948e-03, 0., 0., 1.14547543e-03, 6.30011503e-03,
       2.29095086e-03, 1.14547543e-03, 2.86368863e-03, 5.72737714e-04,
       5.72737714e-04, 0., 1.14547543e-03, 0., 0., 2.29095086e-03,
       5.72737714e-04, 2.29095086e-03, 0., 2.86368863e-03,
       5.72737714e-04, 1.14547543e-03, 1.71821308e-03, 6.30011503e-03,
       1.14547543e-03, 5.72737714e-04, 1.71821308e-03, 5.72737714e-04,
       5.72737714e-04, 0., 5.72737714e-04, 1.14547543e-03,
       6.30011503e-03, 1.14547543e-03, 5.72737714e-04, 5.72737714e-04,
       2.86368863e-03, 1.14547543e-03, 2.29095086e-03, 1.71821308e-03,
       5.72737714e-04, 5.72737714e-04, 1.14547543e-03, 2.29095086e-03,
       4.58190171e-03, 1.14547543e-03, 4.58190171e-03, 0.,
       5.72737714e-04, 0., 5.72737714e-04, 0., 5.72737714e-04,
       1.71821308e-03, 3.43642617e-03, 1.14547543e-03, 5.72737714e-04,
       2.29095086e-03, 0., 2.86368863e-03, 2.29095086e-03,
       1.71821308e-03, 2.29095086e-03, 1.71821308e-03, 2.29095086e-03,
       5.72737714e-04, 0., 5.72737714e-04, 0., 0., 1.14547543e-03,
       1.71821308e-03, 5.72737714e-04, 2.86368863e-03, 5.72737714e-04,
       3.43642617e-03, 0., 1.14547543e-03, 6.30011503e-03, 0., 0., 0.,
       1.14547543e-03, 1.14547543e-03, 5.72737714e-04, 1.14547543e-03,
       0., 1.14547543e-03, 5.72737714e-04, 5.72737714e-04, 0.,
       5.72737714e-04, 0., 5.72737714e-04, 2.29095086e-03, 0.,
       5.72737714e-04, 3.43642617e-03, 1.71821308e-03, 2.86368863e-03,
       1.71821308e-03, 6.87285233e-03, 2.29095086e-03, 2.29095086e-03,
       1.71821308e-03, 5.72737714e-04, 5.72737714e-04, 1.14547543e-03,
       5.72737714e-04, 1.71821308e-03, 0., 1.71821308e-03,
       1.14547543e-03, 2.29095086e-03, 1.14547543e-03, 5.72737714e-04,
       0., 1.14547543e-03, 2.86368863e-03, 1.71821308e-03, 0.,
       1.14547543e-03, 2.86368863e-03, 1.14547543e-03, 1.14547543e-03,
       1.14547543e-03, 0., 1.71821308e-03, 0., 0., 0., 2.86368863e-03,
       1.71821308e-03, 4.00916394e-03, 5.72737714e-04, 2.86368863e-03,
       5.72737714e-04, 0., 5.72737714e-04, 0., 2.29095086e-03, 0.,
       5.72737714e-04, 1.71821308e-03, 5.72737714e-04, 0., 0.,
       1.14547543e-03, 0., 1.71821308e-03, 2.29095086e-03, 0.,
       5.72737714e-04, 0., 5.72737714e-04, 1.71821308e-03,
       5.72737714e-04, 0., 0., 0., 1.14547543e-03, 1.14547543e-03,
       5.72737714e-04, 1.14547543e-03, 1.71821308e-03, 0.,
       5.72737714e-04, 1.71821308e-03, 1.14547543e-03, 4.58190171e-03,
       2.86368863e-03, 1.14547543e-03, 1.71821308e-03, 1.14547543e-03,
       5.72737714e-04, 1.14547543e-03, 1.14547543e-03, 1.14547543e-03,
       3.43642617e-03, 1.14547543e-03, 0., 5.72737714e-04, 0.,
       5.72737714e-04, 5.72737714e-04, 5.72737714e-04, 5.72737714e-04,
       1.14547543e-03, 1.14547543e-03, 1.71821308e-03, 5.72737714e-04,
       0., 1.14547543e-03, 1.14547543e-03, 5.72737714e-04, 0.,
       2.29095086e-03, 5.72737714e-04, 0., 1.14547543e-03,
       5.15463948e-03, 5.72737714e-04, 5.72737714e-04, 5.72737714e-04,
       5.72737714e-04, 0., 2.86368863e-03, 0., 0., 1.14547543e-03, 0.,
       5.72737714e-04, 0., 3.43642617e-03, 1.71821308e-03,
       1.14547543e-03, 2.86368863e-03, 0., 1.14547543e-03,
       1.14547543e-03, 5.72737714e-04, 1.71821308e-03, 0.,
       1.71821308e-03, 5.72737714e-04, 2.86368863e-03, 5.72737714e-04,
       2.86368863e-03, 5.72737714e-04, 0., 0., 0., 1.71821308e-03,
       2.86368863e-03, 5.72737714e-04, 2.29095086e-03, 1.14547543e-03,
       2.86368863e-03, 1.71821308e-03, 1.71821308e-03, 2.86368863e-03,
       1.71821308e-03, 0., 5.72737714e-04, 1.14547543e-03,
       1.14547543e-03, 2.29095086e-03, 0., 1.14547543e-03, 0., 0.,
       2.29095086e-03, 1.14547543e-03, 2.86368863e-03, 5.72737714e-04,
       3.43642617e-03, 5.72737714e-04, 1.14547543e-03, 5.72737725e-03,
       5.72737714e-04, 1.71821308e-03, 2.86368863e-03, 1.14547543e-03,
       1.14547543e-03, 0., 5.72737714e-04, 1.14547543e-03, 0.,
       1.71821308e-03, 1.71821308e-03, 2.29095086e-03, 1.14547543e-03,
       0., 1.14547543e-03, 1.71821308e-03, 5.15463948e-03,
       2.86368863e-03, 0., 5.72737714e-04, 2.29095086e-03,
       1.14547543e-03, 3.43642617e-03, 1.14547543e-03, 5.72737714e-04,
       2.29095086e-03, 1.71821308e-03, 2.86368863e-03, 0.,
