%YAML:1.0
m10f: !!opencv-matrix
   rows: 1
   cols: 800
   dt: f
   data: [ 6.48088113e-04, 1.29617623e-03, 3.24044056e-04,
       2.26830831e-03, 6.48088113e-04, 1.62022025e-03, 3.24044056e-04,
       9.72132199e-04, 1.62022025e-03, 9.72132199e-04, 0.,
       9.72132199e-04, 2.59235245e-03, 1.29617623e-03, 1.29617623e-03,
       6.48088113e-04, 9.72132199e-04, 6.48088113e-04, 9.72132199e-04,
       1.62022025e-03, 1.94426440e-03, 2.26830831e-03, 2.59235245e-03,
       9.72132199e-04, 3.24044056e-04, 1.29617623e-03, 9.72132199e-04,
       0., 9.72132199e-04, 1.29617623e-03, 1.29617623e-03,
       1.94426440e-03, 1.62022025e-03, 1.62022025e-03, 2.26830831e-03,
       6.48088113e-04, 2.26830831e-03, 1.29617623e-03, 2.59235245e-03,
       1.29617623e-03, 9.72132199e-04, 3.24044056e-04, 1.29617623e-03,
       1.62022025e-03, 6.48088113e-04, 1.62022025e-03, 1.62022025e-03,
       1.29617623e-03, 6.48088113e-04, 3.24044051e-03, 1.29617623e-03,
       6.48088113e-04, 6.48088113e-04, 1.29617623e-03, 6.48088113e-04,
       1.29617623e-03, 1.94426440e-03, 3.24044051e-03, 3.24044056e-04,
       1.29617623e-03, 2.26830831e-03, 1.94426440e-03, 6.48088113e-04,
       1.29617623e-03, 1.62022025e-03, 6.48088113e-04, 2.59235245e-03,
       1.94426440e-03, 2.26830831e-03, 1.94426440e-03, 3.24044051e-03,
       1.29617623e-03, 9.72132199e-04, 1.62022025e-03, 3.24044051e-03,
       6.48088113e-04, 3.24044051e-03, 1.94426440e-03, 9.72132199e-04,
       1.94426440e-03, 1.94426440e-03, 6.48088113e-04, 1.94426440e-03,
       3.24044056e-04, 1.62022025e-03, 1.62022025e-03, 9.72132199e-04,
       5.18470490e-03, 1.29617623e-03, 1.29617623e-03, 6.48088113e-04,
       0., 1.94426440e-03, 1.29617623e-03, 2.59235245e-03,
       1.94426440e-03, 2.59235245e-03, 6.48088113e-04, 3.24044056e-04,
       6.48088113e-04, 0., 1.29617623e-03, 9.72132199e-04,
       1.29617623e-03, 2.59235245e-03, 6.48088113e-04, 1.62022025e-03,
       2.26830831e-03, 1.62022025e-03, 6.48088113e-04, 3.24044056e-04,
       1.62022025e-03, 2.59235245e-03, 9.72132199e-04, 6.48088113e-04,
       1.94426440e-03, 3.24044056e-04, 9.72132199e-04, 1.29617623e-03,
       2.91639660e-03, 0., 1.29617623e-03, 1.29617623e-03,
       6.48088113e-04, 6.48088113e-04, 6.48088113e-04, 6.48088113e-04,
       1.62022025e-03, 9.72132199e-04, 1.29617623e-03, 2.26830831e-03,
       1.29617623e-03, 1.62022025e-03, 1.62022025e-03, 1.29617623e-03,
       9.72132199e-04, 9.72132199e-04, 9.72132199e-04, 1.62022025e-03,
       6.48088113e-04, 1.29617623e-03, 1.29617623e-03, 9.72132199e-04,
       2.26830831e-03, 3.24044056e-04, 2.59235245e-03, 1.29617623e-03,
       1.62022025e-03, 1.29617623e-03, 1.29617623e-03, 9.72132199e-04,
       3.24044051e-03, 1.62022025e-03, 9.72132199e-04, 3.24044056e-04,
       1.29617623e-03, 3.24044056e-04, 1.62022025e-03, 6.48088113e-04,
       1.29617623e-03, 1.29617623e-03, 1.29617623e-03, 0.,
       9.72132199e-04, 6.48088113e-04, 1.62022025e-03, 3.24044056e-04,
       3.24044056e-04, 9.72132199e-04, 9.72132199e-04, 1.29617623e-03,
       1.94426440e-03, 1.29617623e-03, 6.48088113e-04, 3.24044056e-04,
       2.26830831e-03, 0., 9.72132199e-04, 6.48088113e-04,
       2.26830831e-03, 1.62022025e-03, 2.59235245e-03, 2.59235245e-03,
       6.48088113e-04, 9.72132199e-04, 1.62022025e-03, 6.48088113e-04,
       1.94426440e-03, 1.29617623e-03, 3.24044056e-04, 2.59235245e-03,
       9.72132199e-04, 6.48088113e-04, 2.59235245e-03, 3.24044056e-04,
       9.72132199e-04, 3.24044056e-04, 3.24044056e-04, 1.29617623e-03,
       1.62022025e-03, 3.24044051e-03, 6.48088113e-04, 1.94426440e-03,
       9.72132199e-04, 1.62022025e-03, 2.59235245e-03, 9.72132199e-04,
       1.62022025e-03, 9.72132199e-04, 0., 3.24044056e-04,
       9.72132199e-04, 3.24044056e-04, 6.48088113e-04, 1.29617623e-03,
       9.72132199e-04, 6.48088113e-04, 1.62022025e-03, 1.29617623e-03,
       2.59235245e-03, 1.94426440e-03, 9.72132199e-04, 3.24044056e-04,
       3.24044056e-04, 1.29617623e-03, 1.62022025e-03, 3.56448465e-03,
       1.62022025e-03, 6.48088113e-04, 3.24044056e-04, 9.72132199e-04,
       3.24044051e-03, 0., 2.26830831e-03, 1.62022025e-03,
       6.48088113e-04, 1.62022025e-03, 9.72132199e-04, 6.48088113e-04,
       1.29617623e-03, 1.94426440e-03, 6.48088113e-04, 9.72132199e-04,
       3.24044056e-04, 9.72132199e-04, 1.29617623e-03, 3.56448465e-03,
       1.62022025e-03, 3.24044056e-04, 1.29617623e-03, 1.29617623e-03,
       3.24044051e-03, 2.59235245e-03, 1.94426440e-03, 3.24044056e-04,
       1.94426440e-03, 9.72132199e-04, 1.62022025e-03, 3.24044056e-04,
       2.91639660e-03, 6.48088113e-04, 6.48088113e-04, 9.72132199e-04,
       3.24044056e-04, 1.29617623e-03, 6.48088113e-04, 9.72132199e-04,
       6.48088113e-04, 0., 9.72132199e-04, 6.48088113e-04,
       6.48088113e-04, 6.48088113e-04, 1.29617623e-03, 1.62022025e-03,
       1.29617623e-03, 9.72132199e-04, 2.59235245e-03, 3.24044056e-04,
       6.48088113e-04, 1.29617623e-03, 2.59235245e-03, 1.29617623e-03,
       6.48088113e-04, 6.48088113e-04, 1.62022025e-03, 1.29617623e-03,
       6.48088113e-04, 6.48088113e-04, 1.62022025e-03, 1.29617623e-03,
       1.62022025e-03, 1.29617623e-03, 6.48088113e-04, 9.72132199e-04,
       6.48088113e-04, 3.24044056e-04, 1.62022025e-03, 0.,
       3.24044051e-03, 6.48088113e-04, 3.24044056e-04, 6.48088113e-04,
       3.24044056e-04, 6.48088113e-04, 6.48088113e-04, 9.72132199e-04,
       1.29617623e-03, 1.62022025e-03, 4.21257271e-03, 1.29617623e-03,
       1.62022025e-03, 2.26830831e-03, 2.26830831e-03, 1.29617623e-03,
       3.24044056e-04, 9.72132199e-04, 6.48088113e-04, 2.26830831e-03,
       6.48088113e-04, 3.24044056e-04, 2.26830831e-03, 9.72132199e-04,
       1.62022025e-03, 3.24044056e-04, 1.29617623e-03, 9.72132199e-04,
       1.29617623e-03, 1.29617623e-03, 9.72132199e-04, 1.94426440e-03,
       9.72132199e-04, 2.91639660e-03, 1.29617623e-03, 6.48088113e-04,
       1.62022025e-03, 2.26830831e-03, 1.62022025e-03, 9.72132199e-04,
       6.48088113e-04, 3.24044056e-04, 1.62022025e-03, 2.26830831e-03,
       6.48088113e-04, 1.29617623e-03, 1.94426440e-03, 1.29617623e-03,
       6.48088113e-04, 1.94426440e-03, 1.62022025e-03, 2.59235245e-03,
       6.48088113e-04, 1.94426440e-03, 6.48088113e-04, 2.26830831e-03,
       3.24044056e-04, 9.72132199e-04, 3.24044056e-04, 1.94426440e-03,
       1.29617623e-03, 2.59235245e-03, 6.48088113e-04, 2.26830831e-03,
       1.29617623e-03, 1.94426440e-03, 1.29617623e-03, 9.72132199e-04,
       3.24044056e-04, 6.48088113e-04, 1.62022025e-03, 2.26830831e-03,
       2.59235245e-03, 2.26830831e-03, 6.48088113e-04, 3.24044056e-04,
       1.29617623e-03, 9.72132199e-04, 2.26830831e-03, 1.62022025e-03,
       1.29617623e-03, 0., 6.48088113e-04, 9.72132199e-04,
       1.29617623e-03, 6.48088113e-04, 1.62022025e-03, 2.91639660e-03,
       3.24044056e-04, 1.29617623e-03, 9.72132199e-04, 0.,
       1.62022025e-03, 6.48088113e-04, 6.48088113e-04, 6.48088113e-04,
       1.29617623e-03, 1.29617623e-03, 3.24044056e-04, 2.26830831e-03,
       6.48088113e-04, 1.29617623e-03, 1.29617623e-03, 1.94426440e-03,
       6.48088113e-04, 3.24044056e-04, 1.94426440e-03, 1.62022025e-03,
       2.26830831e-03, 1.29617623e-03, 3.24044056e-04, 1.29617623e-03,
       3.56448465e-03, 1.29617623e-03, 9.72132199e-04, 2.26830831e-03,
       2.26830831e-03, 2.91639660e-03, 3.24044056e-04, 3.24044056e-04,
       1.29617623e-03, 3.24044056e-04, 3.24044056e-04, 2.91639660e-03,
       1.29617623e-03, 2.26830831e-03, 3.24044056e-04, 9.72132199e-04,
       2.26830831e-03, 3.24044056e-04, 3.56448465e-03, 9.72132199e-04,
       9.72132199e-04, 9.72132199e-04, 6.48088113e-04, 9.72132199e-04,
       2.26830831e-03, 6.48088113e-04, 6.48088113e-04, 9.72132199e-04,
       3.24044056e-04, 3.24044056e-04, 1.29617623e-03, 6.48088113e-04,
       2.26830831e-03, 0., 6.48088113e-04, 3.56448465e-03,
       1.94426440e-03, 1.29617623e-03, 3.24044056e-04, 1.29617623e-03,
       0., 3.24044056e-04, 6.48088113e-04, 2.26830831e-03,
