%YAML:1.0
m10f: !!opencv-matrix
   rows: 1
   cols: 800
   dt: f
   data: [ 1.98807148e-03, 9.94035741e-04, 3.97614297e-03, 0.,
       1.98807148e-03, 0., 0., 9.94035741e-04, 1.98807148e-03,
       1.98807148e-03, 0., 9.94035741e-04, 0., 0., 9.94035741e-04,
       1.98807148e-03, 3.97614297e-03, 2.98210722e-03, 0.,
       6.95824996e-03, 0., 0., 0., 1.98807148e-03, 2.98210722e-03, 0.,
       0., 0., 3.97614297e-03, 9.94035741e-04, 0., 3.97614297e-03, 0.,
       8.94632190e-03, 1.98807148e-03, 0., 0., 9.94035741e-04,
       9.94035741e-04, 2.98210722e-03, 9.94035741e-04, 0.,
       9.94035741e-04, 1.98807148e-03, 0., 0., 9.94035741e-04,
       9.94035741e-04, 9.94035741e-04, 0., 9.94035741e-04,
       4.97017894e-03, 9.94035741e-04, 0., 2.98210722e-03, 0.,
       9.94035741e-04, 9.94035741e-04, 2.98210722e-03, 9.94035741e-04,
       9.94035741e-04, 0., 9.94035741e-04, 9.94035741e-04, 0.,
       9.94035741e-04, 0., 0., 9.94035741e-04, 0., 9.94035741e-04, 0.,
       9.94035741e-04, 0., 0., 9.94035741e-04, 6.95824996e-03,
       3.97614297e-03, 9.94035741e-04, 0., 0., 0., 2.98210722e-03,
       9.94035741e-04, 3.97614297e-03, 2.98210722e-03, 2.98210722e-03,
       9.94035741e-04, 2.98210722e-03, 9.94035741e-04, 0., 0.,
       1.98807148e-03, 0., 9.94035741e-04, 1.98807148e-03,
       2.98210722e-03, 2.98210722e-03, 9.94035741e-04, 9.94035741e-04,
       6.95824996e-03, 9.94035741e-04, 3.97614297e-03, 9.94035741e-04,
       0., 0., 0., 0., 0., 1.98807148e-03, 0., 9.94035741e-04,
       9.94035741e-04, 0., 9.94035741e-04, 9.94035741e-04,
       1.98807148e-03, 9.94035741e-04, 0., 1.98807148e-03,
       1.98807148e-03, 9.94035741e-04, 1.98807148e-03, 1.98807148e-03,
       3.97614297e-03, 2.98210722e-03, 4.97017894e-03, 1.98807148e-03,
       5.96421445e-03, 1.98807148e-03, 9.94035741e-04, 1.98807148e-03,
       0., 9.94035741e-04, 0., 2.98210722e-03, 7.95228593e-03, 0., 0.,
       9.94035741e-04, 9.94035741e-04, 1.98807148e-03, 9.94035741e-04,
       0., 0., 0., 9.94035741e-04, 0., 1.98807148e-03, 0.,
       9.94035741e-04, 0., 0., 2.98210722e-03, 0., 9.94035741e-04,
       9.94035741e-04, 9.94035741e-04, 0., 0., 1.98807148e-03,
       1.98807148e-03, 1.98807148e-03, 9.94035741e-04, 0.,
       9.94035741e-04, 0., 9.94035741e-04, 0., 9.94035741e-04, 0.,
       3.97614297e-03, 0., 0., 0., 0., 9.94035741e-04, 9.94035741e-04,
       9.94035741e-04, 9.94035741e-04, 2.98210722e-03, 9.94035741e-04,
       0., 9.94035741e-04, 0., 9.94035741e-04, 6.95824996e-03, 0., 0.,
       9.94035741e-04, 0., 9.94035741e-04, 0., 9.94035741e-04,
       1.98807148e-03, 3.97614297e-03, 1.98807148e-03, 2.98210722e-03,
       0., 0., 2.98210722e-03, 9.94035741e-04, 1.98807148e-03,
       9.94035741e-04, 2.98210722e-03, 0., 1.98807148e-03, 0.,
       9.94035741e-04, 0., 0., 0., 1.98807148e-03, 0., 1.98807148e-03,
       0., 0., 9.94035741e-04, 9.94035741e-04, 0., 3.97614297e-03, 0.,
       0., 2.98210722e-03, 1.98807148e-03, 0., 1.98807148e-03, 0., 0.,
       0., 2.98210722e-03, 2.98210722e-03, 0., 5.96421445e-03, 0.,
       9.94035741e-04, 3.97614297e-03, 0., 0., 1.98807148e-03,
       9.94035741e-04, 1.59045719e-02, 0., 9.94035741e-04,
       1.98807148e-03, 0., 1.98807148e-03, 0., 0., 1.98807148e-03,
       9.94035741e-04, 0., 0., 2.98210722e-03, 9.94035741e-04,
       9.94035741e-04, 2.98210722e-03, 0., 3.97614297e-03, 0., 0., 0.,
       9.94035788e-03, 0., 0., 0., 9.94035741e-04, 0., 9.94035741e-04,
       0., 0., 1.98807148e-03, 0., 9.94035741e-04, 9.94035741e-04, 0.,
       0., 1.98807148e-03, 0., 9.94035741e-04, 1.98807148e-03, 0., 0.,
       1.98807148e-03, 2.98210722e-03, 1.98807148e-03, 1.98807148e-03,
       1.98807148e-03, 0., 9.94035741e-04, 0., 0., 0., 6.95824996e-03,
       1.98807148e-03, 3.97614297e-03, 1.98807148e-03, 0.,
       3.97614297e-03, 0., 0., 0., 1.98807148e-03, 0., 9.94035741e-04,
       1.98807148e-03, 0., 9.94035741e-04, 9.94035741e-04, 0.,
       3.97614297e-03, 1.98807148e-03, 0., 9.94035741e-04,
       1.98807148e-03, 0., 0., 2.98210722e-03, 9.94035741e-04,
       1.98807148e-03, 2.98210722e-03, 0., 0., 0., 0., 1.98807148e-03,
       0., 9.94035741e-04, 3.97614297e-03, 0., 1.98807148e-03,
       9.94035741e-04, 9.94035741e-04, 3.97614297e-03, 0., 0., 0.,
       2.98210722e-03, 1.98807148e-03, 0., 9.94035741e-04, 0.,
       1.98807148e-03, 1.98807148e-03, 1.98807148e-03, 1.98807148e-03,
       2.98210722e-03, 0., 0., 1.98807148e-03, 9.94035741e-04,
       9.94035741e-04, 1.98807148e-03, 1.98807148e-03, 9.94035741e-04,
       5.96421445e-03, 1.98807148e-03, 9.94035741e-04, 9.94035741e-04,
       4.97017894e-03, 0., 0., 1.98807148e-03, 5.96421445e-03, 0.,
       1.98807148e-03, 2.98210722e-03, 0., 6.95824996e-03, 0., 0.,
       1.98807148e-03, 0., 0., 0., 9.94035741e-04, 0., 0.,
       9.94035741e-04, 9.94035741e-04, 9.94035741e-04, 1.98807148e-03,
       0., 9.94035741e-04, 0., 9.94035788e-03, 0., 9.94035741e-04, 0.,
       0., 3.97614297e-03, 0., 9.94035741e-04, 0., 2.98210722e-03,
       9.94035741e-04, 9.94035741e-04, 4.97017894e-03, 2.98210722e-03,
       9.94035741e-04, 1.98807148e-03, 0., 9.94035741e-04,
       9.94035741e-04, 1.98807148e-03, 1.98807148e-03, 9.94035741e-04,
       1.98807148e-03, 0., 9.94035741e-04, 0., 0., 0., 1.98807148e-03,
       1.98807148e-03, 0., 0., 1.98807148e-03, 6.95824996e-03,
       9.94035741e-04, 0., 0., 0., 0., 1.98807148e-03, 0., 0., 0., 0.,
       0., 0., 1.98807148e-03, 1.98807148e-03, 9.94035741e-04, 0.,
       9.94035741e-04, 2.98210722e-03, 1.98807148e-03, 1.98807148e-03,
       1.98807148e-03, 9.94035741e-04, 9.94035741e-04, 9.94035741e-04,
       2.98210722e-03, 3.97614297e-03, 0., 0., 9.94035741e-04,
       1.98807148e-03, 0., 9.94035741e-04, 0., 0., 9.94035741e-04,
       2.98210722e-03, 9.94035741e-04, 1.98807148e-03, 9.94035741e-04,
       1.98807148e-03, 0., 9.94035741e-04, 0., 0., 0., 0.,
       9.94035741e-04, 0., 0., 0., 2.98210722e-03, 1.98807148e-03,
       9.94035741e-04, 1.98807148e-03, 1.98807148e-03, 0.,
       2.98210722e-03, 2.98210722e-03, 0., 0., 3.97614297e-03, 0.,
       9.94035741e-04, 2.98210722e-03, 0., 9.94035741e-04, 0.,
       1.98807148e-03, 9.94035741e-04, 0., 9.94035741e-04,
       2.98210722e-03, 1.98807148e-03, 0., 0., 9.94035741e-04,
       9.94035741e-04, 0., 0., 3.97614297e-03, 3.97614297e-03,
       9.94035741e-04, 9.94035741e-04, 9.94035741e-04, 9.94035741e-04,
       4.97017894e-03, 9.94035741e-04, 3.97614297e-03, 1.98807148e-03,
       9.94035741e-04, 1.98807148e-03, 0., 0., 9.94035741e-04,
       9.94035741e-04, 5.96421445e-03, 0., 2.98210722e-03,
       9.94035741e-04, 0., 1.98807148e-03, 0., 0., 9.94035741e-04, 0.,
       0., 1.98807148e-03, 9.94035741e-04, 1.98807148e-03,
       1.98807148e-03, 9.94035741e-04, 0., 3.97614297e-03, 0.,
       1.98807148e-03, 2.98210722e-03, 0., 0., 9.94035741e-04, 0., 0.,
       9.94035741e-04, 0., 9.94035741e-04, 0., 0., 9.94035741e-04, 0.,
       0., 0., 1.98807148e-03, 0., 9.94035741e-04, 0., 1.98807148e-03,
       0., 1.98807148e-03, 0., 9.94035741e-04, 0., 3.97614297e-03, 0.,
       0., 9.94035741e-04, 2.98210722e-03, 0., 1.98807148e-03,
       9.94035741e-04, 9.94035741e-04, 0., 0., 1.98807148e-03,
       1.98807148e-03, 9.94035741e-04, 9.94035741e-04, 9.94035741e-04,
       0., 9.94035741e-04, 0., 0., 0., 9.94035741e-04, 2.98210722e-03,
       0., 9.94035741e-04, 9.94035741e-04, 0., 0., 0., 9.94035741e-04,
       3.97614297e-03, 0., 1.98807148e-03, 0., 0., 9.94035741e-04, 0.,
       0., 6.95824996e-03, 9.94035741e-04, 0., 0., 2.98210722e-03,
       1.98807148e-03, 2.98210722e-03, 1.78926438e-02, 1.98807148e-03,
       2.98210722e-03, 9.94035741e-04, 0., 0., 0., 9.94035741e-04, 0.,
       9.94035741e-04, 9.94035741e-04, 0., 1.98807148e-03,
       9.94035741e-04, 0., 1.98807148e-03, 7.95228593e-03,
       1.98807148e-03, 0., 1.98807148e-03, 9.94035741e-04,
       2.98210722e-03, 9.94035741e-04, 0., 9.94035741e-04,
       9.94035741e-04, 0., 9.94035741e-04, 9.94035741e-04, 0.,
