%YAML:1.0
m10f: !!opencv-matrix
   rows: 1
   cols: 800
   dt: f
   data: [ 0., 9.82318306e-04, 0., 0., 1.96463661e-03, 5.89390984e-03,
       2.94695492e-03, 2.94695492e-03, 0., 9.82318306e-04,
       9.82318306e-04, 1.96463661e-03, 0., 0., 0., 4.91159130e-03, 0.,
       9.82318306e-04, 1.96463661e-03, 9.82318306e-04, 0.,
       1.96463661e-03, 9.82318306e-04, 9.82318306e-04, 9.82318306e-04,
       9.82318306e-04, 2.94695492e-03, 0., 9.82318306e-04, 0.,
       2.94695492e-03, 1.96463661e-03, 9.82318306e-04, 0.,
       9.82318306e-04, 9.82318306e-04, 1.96463661e-03, 0.,
       9.82318260e-03, 1.96463661e-03, 0., 0., 1.96463661e-03,
       7.85854645e-03, 9.82318306e-04, 0., 9.82318306e-04,
       1.96463661e-03, 9.82318306e-04, 0., 1.96463661e-03, 0.,
       9.82318306e-04, 9.82318306e-04, 0., 3.92927323e-03,
       1.96463661e-03, 1.96463661e-03, 9.82318306e-04, 9.82318306e-04,
       0., 2.94695492e-03, 9.82318306e-04, 9.82318306e-04, 0.,
       2.94695492e-03, 9.82318306e-04, 9.82318306e-04, 9.82318306e-04,
       3.92927323e-03, 1.17878197e-02, 9.82318306e-04, 9.82318306e-04,
       1.96463661e-03, 9.82318306e-04, 0., 1.96463661e-03,
       2.94695492e-03, 9.82318306e-04, 0., 1.96463661e-03, 0.,
       2.94695492e-03, 0., 1.96463661e-03, 9.82318306e-04, 0.,
       9.82318306e-04, 9.82318306e-04, 0., 9.82318306e-04, 0.,
       9.82318306e-04, 0., 1.96463661e-03, 0., 1.96463661e-03,
       2.94695492e-03, 0., 9.82318306e-04, 2.94695492e-03,
       1.96463661e-03, 0., 9.82318306e-04, 9.82318306e-04, 0.,
       9.82318306e-04, 1.96463661e-03, 0., 0., 2.94695492e-03, 0., 0.,
       5.89390984e-03, 0., 1.96463661e-03, 4.91159130e-03, 0.,
       9.82318306e-04, 1.96463661e-03, 0., 0., 9.82318306e-04,
       9.82318306e-04, 9.82318306e-04, 0., 1.96463661e-03,
       2.94695492e-03, 1.96463661e-03, 4.91159130e-03, 2.94695492e-03,
       2.94695492e-03, 2.94695492e-03, 0., 0., 0., 0., 9.82318306e-04,
       0., 0., 0., 2.94695492e-03, 0., 0., 2.94695492e-03, 0.,
       9.82318306e-04, 0., 9.82318306e-04, 1.96463661e-03, 0.,
       1.96463661e-03, 1.96463661e-03, 9.82318306e-04, 9.82318306e-04,
       0., 0., 1.96463661e-03, 1.96463661e-03, 4.91159130e-03,
       2.94695492e-03, 0., 0., 0., 9.82318306e-04, 0., 0.,
       3.92927323e-03, 0., 9.82318306e-04, 9.82318306e-04,
       9.82318306e-04, 0., 4.91159130e-03, 0., 0., 0., 1.96463661e-03,
       0., 3.92927323e-03, 9.82318306e-04, 0., 0., 9.82318306e-04, 0.,
       2.94695492e-03, 0., 1.96463661e-03, 0., 9.82318306e-04, 0., 0.,
       0., 9.82318306e-04, 0., 9.82318306e-04, 0., 1.96463661e-03,
       9.82318306e-04, 5.89390984e-03, 0., 0., 9.82318306e-04, 0., 0.,
       0., 1.96463661e-03, 0., 1.96463661e-03, 9.82318306e-04,
       1.96463661e-03, 9.82318306e-04, 0., 0., 0., 0., 5.89390984e-03,
       0., 0., 0., 9.82318306e-04, 1.96463661e-03, 0., 0.,
       9.82318306e-04, 1.96463661e-03, 9.82318306e-04, 9.82318306e-04,
       9.82318306e-04, 9.82318306e-04, 0., 0., 0., 0., 2.94695492e-03,
       1.96463661e-03, 9.82318306e-04, 9.82318306e-04, 0., 0., 0., 0.,
       0., 1.96463661e-03, 9.82318306e-04, 9.82318306e-04,
       7.85854645e-03, 0., 0., 1.96463661e-03, 0., 2.94695492e-03,
       9.82318306e-04, 9.82318306e-04, 0., 3.92927323e-03, 0.,
       1.96463661e-03, 0., 9.82318306e-04, 0., 9.82318306e-04, 0., 0.,
       0., 0., 9.82318306e-04, 0., 9.82318306e-04, 0., 9.82318306e-04,
       0., 0., 2.94695492e-03, 2.94695492e-03, 0., 0., 0., 0.,
       9.82318306e-04, 1.96463661e-03, 9.82318306e-04, 0., 0.,
       9.82318306e-04, 6.87622838e-03, 9.82318306e-04, 0., 0., 0.,
       1.96463661e-03, 1.96463661e-03, 1.96463661e-03, 9.82318306e-04,
       9.82318306e-04, 5.89390984e-03, 9.82318306e-04, 0., 0.,
       9.82318306e-04, 4.91159130e-03, 1.96463661e-03, 2.94695492e-03,
       0., 0., 0., 2.94695492e-03, 2.94695492e-03, 1.96463661e-03,
       4.91159130e-03, 2.25933213e-02, 0., 9.82318306e-04,
       1.96463661e-03, 0., 0., 9.82318306e-04, 0., 0., 0., 0.,
       9.82318306e-04, 0., 9.82318306e-04, 1.96463661e-03,
       9.82318306e-04, 0., 0., 2.94695492e-03, 9.82318306e-04, 0., 0.,
       9.82318306e-04, 9.82318306e-04, 9.82318306e-04, 4.91159130e-03,
       9.82318306e-04, 3.92927323e-03, 1.96463661e-03, 9.82318306e-04,
       9.82318306e-04, 9.82318306e-04, 9.82318306e-04, 0.,
       9.82318306e-04, 9.82318306e-04, 9.82318306e-04, 0.,
       1.96463661e-03, 2.94695492e-03, 0., 9.82318306e-04, 0., 0., 0.,
       0., 9.82318306e-04, 4.91159130e-03, 4.91159130e-03, 0., 0., 0.,
       1.96463661e-03, 0., 1.96463661e-03, 0., 0., 0., 9.82318306e-04,
       0., 9.82318260e-03, 9.82318306e-04, 1.96463661e-03, 0.,
       9.82318306e-04, 0., 0., 0., 0., 1.96463661e-03, 0.,
       9.82318306e-04, 0., 9.82318306e-04, 0., 1.96463661e-03, 0.,
       9.82318306e-04, 9.82318306e-04, 0., 0., 9.82318306e-04,
       9.82318306e-04, 0., 0., 1.96463661e-03, 1.96463661e-03,
       9.82318306e-04, 0., 2.94695492e-03, 2.94695492e-03,
       9.82318306e-04, 9.82318306e-04, 0., 9.82318306e-04,
       1.17878197e-02, 9.82318306e-04, 1.96463661e-03, 9.82318306e-04,
       9.82318306e-04, 9.82318306e-04, 2.94695492e-03, 9.82318306e-04,
       0., 0., 0., 9.82318306e-04, 0., 0., 9.82318306e-04,
       1.96463661e-03, 0., 1.96463661e-03, 2.94695492e-03, 0., 0.,
       9.82318306e-04, 9.82318306e-04, 9.82318306e-04, 0.,
       9.82318306e-04, 9.82318306e-04, 5.89390984e-03, 0.,
       1.96463661e-03, 0., 9.82318306e-04, 0., 9.82318306e-04,
       2.94695492e-03, 0., 0., 9.82318306e-04, 0., 1.96463661e-03,
       9.82318306e-04, 3.92927323e-03, 0., 9.82318306e-04,
       9.82318306e-04, 0., 5.89390984e-03, 2.94695492e-03, 0., 0.,
       3.92927323e-03, 0., 1.96463661e-03, 9.82318306e-04, 0.,
       9.82318306e-04, 9.82318306e-04, 3.92927323e-03, 0., 0.,
       9.82318306e-04, 0., 3.92927323e-03, 2.94695492e-03,
       1.96463661e-03, 9.82318306e-04, 0., 1.96463661e-03,
       9.82318306e-04, 0., 0., 1.96463661e-03, 9.82318306e-04, 0.,
       1.96463661e-03, 9.82318306e-04, 3.92927323e-03, 0., 0.,
       1.96463661e-03, 0., 9.82318306e-04, 9.82318306e-04,
       9.82318306e-04, 0., 9.82318306e-04, 0., 9.82318306e-04,
       3.92927323e-03, 9.82318306e-04, 0., 6.87622838e-03,
       9.82318306e-04, 2.94695492e-03, 1.96463661e-03, 0.,
       9.82318306e-04, 9.82318306e-04, 0., 9.82318306e-04,
       1.47347748e-02, 9.82318306e-04, 0., 0., 1.96463661e-03,
       9.82318306e-04, 2.06286851e-02, 9.82318306e-04, 9.82318306e-04,
       0., 0., 0., 9.82318260e-03, 1.96463661e-03, 3.92927323e-03,
       9.82318306e-04, 2.94695492e-03, 9.82318306e-04, 8.84086452e-03,
       0., 0., 0., 2.94695492e-03, 0., 0., 9.82318306e-04, 0., 0., 0.,
       0., 9.82318306e-04, 1.96463661e-03, 0., 0., 9.82318306e-04,
       9.82318306e-04, 0., 9.82318306e-04, 9.82318306e-04,
       8.84086452e-03, 0., 0., 9.82318306e-04, 0., 0., 0.,
       9.82318306e-04, 0., 9.82318306e-04, 0., 3.92927323e-03,
       9.82318306e-04, 1.96463661e-03, 0., 2.94695492e-03,
       2.94695492e-03, 9.82318306e-04, 0., 9.82318306e-04, 0., 0.,
       9.82318306e-04, 0., 0., 0., 0., 9.82318306e-04, 0., 0., 0.,
       1.96463661e-03, 3.92927323e-03, 9.82318306e-04, 3.92927323e-03,
       0., 0., 0., 9.82318306e-04, 2.94695492e-03, 3.92927323e-03,
       9.82318306e-04, 9.82318306e-04, 9.82318306e-04, 0.,
       9.82318306e-04, 1.96463661e-03, 9.82318306e-04, 1.96463661e-03,
       0., 0., 9.82318306e-04, 2.94695492e-03, 0., 0., 2.94695492e-03,
       0., 0., 0., 0., 2.94695492e-03, 9.82318306e-04, 0.,
       9.82318306e-04, 0., 0., 0., 0., 9.82318306e-04, 0.,
       9.82318306e-04, 0., 1.96463661e-03, 2.94695492e-03,
       9.82318306e-04, 9.82318306e-04, 9.82318306e-04, 0., 0.,
       1.96463661e-03, 1.96463661e-03, 0., 0., 0., 0., 0.,
       1.96463661e-03, 1.96463661e-03, 0., 0., 1.96463661e-03, 0.,
       1.96463661e-03, 9.82318306e-04, 1.96463661e-03, 9.82318306e-04,
       0., 3.92927323e-03, 0., 9.82318306e-04, 9.82318306e-04,
