%YAML:1.0
m10f: !!opencv-matrix
   rows: 1
   cols: 200
   dt: f
   data: [ 1.29224649e-02, 9.94035741e-04, 9.94035788e-03,
       9.94035741e-04, 6.95824996e-03, 0., 2.98210722e-03,
       1.98807148e-03, 2.98210722e-03, 6.95824996e-03, 2.98210722e-03,
       8.94632190e-03, 9.94035741e-04, 1.19284289e-02, 0.,
       5.96421445e-03, 7.95228593e-03, 6.95824996e-03, 2.98210722e-03,
       1.09343929e-02, 2.98210722e-03, 2.98210722e-03, 3.97614297e-03,
       2.98210722e-03, 2.98210722e-03, 3.97614297e-03, 3.97614297e-03,
       3.97614297e-03, 7.95228593e-03, 2.98210722e-03, 9.94035741e-04,
       6.95824996e-03, 9.94035741e-04, 2.18687858e-02, 8.94632190e-03,
       2.98210722e-03, 0., 1.09343929e-02, 7.95228593e-03,
       8.94632190e-03, 7.95228593e-03, 3.97614297e-03, 4.97017894e-03,
       1.98807148e-03, 9.94035741e-04, 1.98807148e-03, 1.98807148e-03,
       1.98807148e-03, 6.95824996e-03, 5.96421445e-03, 1.98807148e-03,
       9.94035788e-03, 1.98807148e-03, 9.94035741e-04, 1.49105359e-02,
       3.97614297e-03, 1.98807148e-03, 3.97614297e-03, 1.29224649e-02,
       1.49105359e-02, 5.96421445e-03, 3.97614297e-03, 4.97017894e-03,
       2.98210722e-03, 4.97017894e-03, 9.94035741e-04, 4.97017894e-03,
       4.97017894e-03, 5.96421445e-03, 0., 1.98807148e-03, 0.,
       8.94632190e-03, 0., 0., 8.94632190e-03, 1.19284289e-02,
       1.09343929e-02, 5.96421445e-03, 1.98807148e-03, 7.95228593e-03,
       0., 4.97017894e-03, 2.98210722e-03, 2.58449297e-02,
       9.94035788e-03, 1.09343929e-02, 9.94035741e-04, 1.29224649e-02,
       1.19284289e-02, 3.97614297e-03, 3.97614297e-03, 8.94632190e-03,
       7.95228593e-03, 8.94632190e-03, 2.98210722e-03, 1.59045719e-02,
       3.97614297e-03, 4.97017894e-03, 9.94035741e-04, 6.95824996e-03,
       7.95228593e-03, 6.95824996e-03, 2.98210722e-03, 5.96421445e-03,
       1.98807148e-03, 2.98210722e-03, 9.94035741e-04, 7.95228593e-03,
       0., 4.97017894e-03, 5.96421445e-03, 5.96421445e-03,
       9.94035741e-04, 3.97614297e-03, 5.96421445e-03, 9.94035788e-03,
       2.98210722e-03, 0., 9.94035741e-04, 9.94035741e-04,
       5.96421445e-03, 2.98210722e-03, 1.98807148e-03, 4.97017894e-03,
       3.97614297e-03, 3.97614297e-03, 3.97614297e-03, 5.96421445e-03,
       1.98807148e-03, 9.94035741e-04, 4.97017894e-03, 9.94035741e-04,
       1.98807148e-03, 9.94035741e-04, 1.68986078e-02, 3.77733596e-02,
       1.98807148e-03, 0., 2.98210722e-03, 0., 4.97017894e-03,
       4.97017894e-03, 9.94035741e-04, 1.09343929e-02, 4.97017894e-03,
       5.96421445e-03, 8.94632190e-03, 0., 2.98210722e-03,
       9.94035741e-04, 2.98210722e-03, 3.97614297e-03, 3.97614297e-03,
       3.97614297e-03, 1.98807148e-03, 2.98210722e-03, 5.96421445e-03,
       9.94035741e-04, 9.94035741e-04, 3.97614297e-03, 8.94632190e-03,
       6.95824996e-03, 3.97614297e-03, 4.97017894e-03, 4.97017894e-03,
       1.98807148e-03, 8.94632190e-03, 2.98210722e-03, 4.97017894e-03,
       0., 0., 9.94035741e-04, 4.97017894e-03, 2.98210722e-03, 0.,
       3.97614297e-03, 2.98210722e-03, 4.97017894e-03, 0.,
       1.98807148e-03, 0., 9.94035788e-03, 5.96421445e-03,
       9.94035741e-04, 4.97017894e-03, 2.78329998e-02, 1.98807148e-03,
       9.94035741e-04, 9.94035741e-04, 9.94035741e-04, 4.97017894e-03,
       0., 5.96421445e-03, 5.96421445e-03, 2.98210722e-03, 0.,
       7.95228593e-03, 6.95824996e-03, 4.97017894e-03 ]
