%YAML:1.0
m10f: !!opencv-matrix
   rows: 1
   cols: 800
   dt: f
   data: [ 0., 0., 2.10084044e-03, 1.05042022e-03, 5.25210111e-04, 0.,
       1.57563039e-03, 2.62605050e-03, 2.10084044e-03, 1.57563039e-03,
       0., 0., 0., 1.05042022e-03, 1.57563039e-03, 0., 0.,
       1.05042022e-03, 0., 2.10084044e-03, 8.40336177e-03,
       5.25210111e-04, 1.05042022e-03, 0., 2.10084044e-03,
       2.10084044e-03, 5.25210111e-04, 4.72689094e-03, 5.25210111e-04,
       5.25210111e-04, 0., 1.05042022e-03, 2.10084044e-03,
       3.15126078e-03, 5.25210111e-04, 0., 5.25210111e-04,
       2.62605050e-03, 1.05042022e-03, 5.25210111e-04, 1.57563039e-03,
       1.57563039e-03, 1.57563039e-03, 3.15126078e-03, 0.,
       5.25210111e-04, 0., 0., 0., 0., 5.25210111e-04, 5.25210111e-04,
       1.05042022e-03, 3.67647083e-03, 0., 1.05042022e-03,
       3.67647083e-03, 0., 0., 1.57563039e-03, 5.25210111e-04,
       2.10084044e-03, 5.25210111e-04, 3.67647083e-03, 5.25210099e-03,
       5.25210111e-04, 1.05042022e-03, 5.25210111e-04, 5.25210111e-04,
       1.05042022e-03, 1.05042022e-03, 1.57563039e-03, 0.,
       5.25210111e-04, 0., 1.57563039e-03, 0., 3.15126078e-03,
       5.25210111e-04, 1.05042022e-03, 5.25210111e-04, 0.,
       5.25210111e-04, 1.57563039e-03, 2.62605050e-03, 2.62605050e-03,
       1.57563039e-03, 0., 1.05042022e-03, 0., 1.05042022e-03,
       2.10084044e-03, 2.10084044e-03, 2.10084044e-03, 2.10084044e-03,
       0., 1.05042022e-03, 1.05042022e-03, 0., 1.57563039e-03,
       5.25210111e-04, 0., 2.10084044e-03, 5.25210111e-04,
       5.25210111e-04, 1.05042022e-03, 5.25210111e-04, 5.25210111e-04,
       0., 5.25210111e-04, 5.25210111e-04, 5.25210111e-04, 0., 0.,
       1.52310934e-02, 1.57563039e-03, 5.25210111e-04, 2.62605050e-03,
       5.25210111e-04, 2.62605050e-03, 0., 0., 5.25210111e-04,
       4.20168089e-03, 0., 1.05042022e-03, 1.05042022e-03,
       1.57563039e-03, 1.57563039e-03, 1.05042022e-03, 0., 0.,
       6.30252156e-03, 0., 2.10084044e-03, 0., 2.10084044e-03,
       2.10084044e-03, 0., 2.62605050e-03, 1.05042022e-03,
       5.25210111e-04, 2.10084044e-03, 0., 0., 2.10084044e-03,
       5.25210111e-04, 0., 5.25210111e-04, 5.25210111e-04,
       2.10084044e-03, 5.25210111e-04, 0., 2.10084044e-03,
       1.57563039e-03, 8.92857183e-03, 0., 3.15126078e-03,
       4.72689094e-03, 1.57563039e-03, 5.25210111e-04, 5.25210111e-04,
       1.57563039e-03, 5.25210111e-04, 0., 1.57563039e-03,
       2.10084044e-03, 1.05042022e-03, 2.10084044e-03, 3.15126078e-03,
       1.05042022e-03, 0., 0., 6.30252156e-03, 2.10084044e-03, 0., 0.,
       2.10084044e-03, 5.25210111e-04, 1.05042022e-03, 2.62605050e-03,
       2.62605050e-03, 5.25210111e-04, 1.05042022e-03, 0.,
       1.57563039e-03, 0., 2.62605050e-03, 0., 1.57563039e-03,
       5.25210111e-04, 1.57563039e-03, 0., 0., 2.10084044e-03,
       2.62605050e-03, 1.05042022e-03, 1.05042022e-03, 5.25210111e-04,
       5.25210111e-04, 2.10084044e-03, 2.10084044e-03, 0.,
       1.05042022e-03, 1.05042022e-03, 0., 5.25210111e-04,
       5.25210111e-04, 1.05042022e-03, 2.62605050e-03, 1.57563039e-03,
       5.25210111e-04, 0., 9.97899193e-03, 1.57563039e-03,
       2.10084044e-03, 5.25210111e-04, 5.25210111e-04, 1.05042022e-03,
       0., 5.25210111e-04, 1.05042022e-03, 5.25210111e-04,
       4.20168089e-03, 0., 3.67647083e-03, 0., 1.05042022e-03,
       2.10084044e-03, 2.10084044e-03, 0., 5.25210111e-04,
       5.25210111e-04, 0., 5.25210111e-04, 0., 5.25210111e-04, 0.,
       5.25210111e-04, 5.25210099e-03, 5.25210111e-04, 3.15126078e-03,
       1.57563039e-03, 0., 5.25210111e-04, 1.57563039e-03,
       5.77731105e-03, 5.25210111e-04, 0., 1.05042022e-03,
       2.10084044e-03, 1.57563039e-03, 1.05042022e-03, 3.15126078e-03,
       5.25210111e-04, 5.25210111e-04, 0., 2.62605050e-03,
       5.25210111e-04, 1.57563039e-03, 0., 5.25210111e-04,
       1.57563039e-03, 0., 1.05042022e-03, 5.25210111e-04,
       5.25210111e-04, 2.10084044e-03, 3.15126078e-03, 1.57563039e-03,
       1.05042022e-03, 0., 5.25210111e-04, 1.05042022e-03,
       5.25210111e-04, 5.25210111e-04, 2.10084044e-03, 2.10084044e-03,
       1.57563039e-03, 0., 3.67647083e-03, 5.25210111e-04,
       1.05042022e-03, 1.57563039e-03, 1.05042022e-03, 2.10084044e-03,
       5.25210111e-04, 2.10084044e-03, 1.05042022e-03, 4.20168089e-03,
       2.62605050e-03, 3.67647083e-03, 5.25210111e-04, 3.15126078e-03,
       1.57563039e-03, 5.25210111e-04, 1.57563039e-03, 1.05042022e-03,
       1.05042022e-03, 1.05042022e-03, 0., 1.05042022e-03,
       1.05042022e-03, 0., 1.05042022e-03, 7.87815172e-03,
       1.05042022e-03, 1.57563039e-03, 1.57563039e-03, 0.,
       1.57563039e-03, 0., 2.10084044e-03, 1.05042022e-03,
       2.62605050e-03, 0., 7.35294167e-03, 1.57563039e-03,
       1.05042022e-03, 3.67647083e-03, 5.25210111e-04, 0.,
       2.10084044e-03, 1.57563039e-03, 0., 1.05042022e-03,
       5.25210111e-04, 5.25210099e-03, 3.67647083e-03, 0.,
       1.57563039e-03, 0., 5.25210111e-04, 1.57563039e-03, 0.,
       1.57563039e-03, 2.10084044e-03, 0., 1.57563039e-03,
       1.05042022e-03, 1.05042022e-03, 0., 5.25210111e-04, 0.,
       3.67647083e-03, 1.05042022e-03, 4.20168089e-03, 1.57563039e-03,
       1.57563039e-03, 2.62605050e-03, 5.25210111e-04, 0., 0., 0.,
       3.67647083e-03, 0., 0., 1.05042022e-03, 1.05042022e-03, 0.,
       1.05042022e-03, 5.25210111e-04, 5.25210111e-04, 3.15126078e-03,
       0., 0., 2.10084044e-03, 5.25210111e-04, 1.05042022e-03,
       2.10084044e-03, 0., 5.25210111e-04, 1.57563039e-03,
       5.25210111e-04, 5.25210111e-04, 0., 5.77731105e-03,
       1.05042022e-03, 5.25210111e-04, 1.05042022e-03, 0., 0.,
       5.25210111e-04, 0., 0., 2.62605050e-03, 5.25210111e-04,
       1.05042022e-03, 5.25210111e-04, 0., 2.62605050e-03, 0.,
       1.05042022e-03, 5.25210111e-04, 1.57563039e-03, 1.57563039e-03,
       0., 0., 0., 1.05042022e-03, 1.05042022e-03, 1.57563039e-03,
       5.25210111e-04, 1.05042022e-03, 5.25210111e-04, 0., 0.,
       5.25210111e-04, 1.57563039e-03, 3.15126078e-03, 5.25210111e-04,
       3.67647083e-03, 3.67647083e-03, 1.57563039e-03, 1.57563039e-03,
       0., 5.25210111e-04, 0., 1.05042022e-03, 5.25210111e-04,
       1.57563039e-03, 2.10084044e-03, 1.57563039e-03, 1.05042022e-03,
       0., 5.25210111e-04, 0., 1.05042022e-03, 3.15126078e-03,
       5.25210111e-04, 0., 1.05042022e-03, 5.25210111e-04, 0., 0., 0.,
       1.57563039e-03, 2.62605050e-03, 5.25210111e-04, 5.25210111e-04,
       1.57563039e-03, 0., 5.25210111e-04, 0., 2.10084044e-03,
       1.05042022e-03, 0., 1.57563039e-03, 1.05042022e-03, 0., 0.,
       5.25210111e-04, 1.57563039e-03, 1.57563039e-03, 5.25210111e-04,
       5.25210111e-04, 1.57563039e-03, 1.05042022e-03, 4.20168089e-03,
       1.57563039e-03, 0., 2.62605050e-03, 5.25210111e-04,
       5.25210111e-04, 0., 0., 2.10084044e-03, 0., 2.62605050e-03,
       4.72689094e-03, 6.30252156e-03, 1.05042022e-03, 7.35294167e-03,
       5.25210111e-04, 1.05042022e-03, 5.25210111e-04, 1.05042022e-03,
       2.62605050e-03, 1.05042022e-03, 0., 1.05042022e-03,
       1.05042022e-03, 1.05042022e-03, 0., 0., 3.15126078e-03,
       1.05042022e-03, 1.05042022e-03, 8.40336177e-03, 3.15126078e-03,
       1.05042022e-03, 1.57563039e-03, 1.05042022e-03, 3.67647083e-03,
       1.57563039e-03, 5.25210111e-04, 1.05042022e-03, 3.15126078e-03,
       1.05042022e-03, 0., 1.57563039e-03, 5.25210111e-04, 0.,
       3.15126078e-03, 5.25210111e-04, 0., 1.05042022e-03,
       2.10084044e-03, 0., 0., 1.05042022e-03, 1.05042022e-03,
       1.57563039e-03, 5.25210111e-04, 2.10084044e-03, 3.15126078e-03,
       2.62605050e-03, 1.05042022e-03, 1.05042022e-03, 2.10084044e-03,
       4.20168089e-03, 1.05042022e-03, 0., 2.10084044e-03, 0.,
       1.05042022e-03, 2.10084044e-03, 2.10084044e-03, 1.05042022e-03,
       2.10084044e-03, 1.57563039e-03, 5.25210111e-04, 1.05042022e-03,
       1.57563039e-03, 1.57563039e-03, 5.25210111e-04, 1.05042022e-03,
       1.57563039e-03, 0., 1.05042022e-03, 3.15126078e-03,
