%YAML:1.0
m10f: !!opencv-matrix
   rows: 1
   cols: 800
   dt: f
   data: [ 1.10741972e-03, 3.32225906e-03, 4.42967890e-03,
       3.32225906e-03, 0., 1.10741972e-03, 4.42967890e-03,
       1.10741972e-03, 1.10741972e-03, 3.32225906e-03, 1.10741972e-03,
       1.10741972e-03, 0., 0., 1.66112953e-03, 5.53709862e-04, 0.,
       1.66112953e-03, 0., 5.53709862e-04, 2.76854937e-03, 0.,
       5.53709862e-04, 0., 1.66112953e-03, 0., 1.10741972e-03,
       4.98338882e-03, 5.53709862e-04, 0., 5.53709862e-04,
       1.66112953e-03, 1.10741972e-03, 5.53709862e-04, 0.,
       1.66112953e-03, 1.10741972e-03, 1.66112953e-03, 5.53709862e-04,
       5.53709862e-04, 1.10741972e-03, 1.10741972e-03, 0.,
       1.10741972e-03, 5.53709862e-04, 1.66112953e-03, 0., 0.,
       1.66112953e-03, 0., 1.10741972e-03, 1.66112953e-03, 0., 0., 0.,
       1.10741972e-03, 1.10741972e-03, 5.53709862e-04, 5.53709862e-04,
       5.53709862e-04, 0., 6.64451811e-03, 5.53709862e-04,
       3.32225906e-03, 5.53709862e-04, 1.10741972e-03, 0.,
       1.10741972e-03, 1.10741972e-03, 0., 5.53709862e-04, 0.,
       1.10741972e-03, 1.10741972e-03, 1.10741972e-03, 3.32225906e-03,
       1.10741972e-03, 5.53709862e-04, 1.10741972e-03, 5.53709862e-04,
       1.66112953e-03, 0., 1.66112953e-03, 1.10741972e-03,
       6.64451811e-03, 4.42967890e-03, 1.66112953e-03, 2.21483945e-03,
       0., 0., 5.53709862e-04, 0., 3.32225906e-03, 2.76854937e-03,
       2.76854937e-03, 5.53709862e-04, 5.53709862e-04, 1.66112953e-03,
       1.66112953e-03, 0., 0., 2.21483945e-03, 3.32225906e-03, 0., 0.,
       0., 1.10741972e-03, 5.53709862e-04, 5.53709862e-04,
       1.10741972e-03, 0., 3.87596898e-03, 0., 1.66112953e-03,
       8.85935780e-03, 5.53709862e-04, 1.10741972e-03, 1.66112953e-03,
       1.10741972e-03, 2.76854937e-03, 1.66112953e-03, 1.10741972e-03,
       1.66112953e-03, 2.21483945e-03, 0., 1.66112953e-03,
       1.10741972e-03, 1.10741972e-03, 1.66112953e-03, 1.66112953e-03,
       5.53709862e-04, 1.10741972e-03, 5.53709874e-03, 2.21483945e-03,
       1.10741972e-03, 5.53709862e-04, 2.76854937e-03, 0.,
       5.53709862e-04, 1.66112953e-03, 5.53709862e-04, 0.,
       3.32225906e-03, 5.53709862e-04, 5.53709862e-04, 3.32225906e-03,
       2.21483945e-03, 5.53709862e-04, 5.53709862e-04, 5.53709862e-04,
       2.76854937e-03, 0., 1.10741972e-03, 0., 1.66112953e-03,
       6.64451811e-03, 0., 5.53709874e-03, 4.42967890e-03, 0.,
       5.53709862e-04, 5.53709862e-04, 5.53709862e-04, 2.21483945e-03,
       0., 1.66112953e-03, 0., 1.10741972e-03, 1.10741972e-03,
       4.42967890e-03, 2.21483945e-03, 0., 2.21483945e-03,
       2.21483945e-03, 1.10741972e-03, 0., 5.53709862e-04, 0., 0.,
       1.10741972e-03, 2.21483945e-03, 1.66112953e-03, 1.10741972e-03,
       1.10741972e-03, 5.53709862e-04, 1.10741972e-03, 1.66112953e-03,
       1.66112953e-03, 0., 7.75193796e-03, 0., 4.42967890e-03, 0.,
       1.10741972e-03, 2.21483945e-03, 2.21483945e-03, 5.53709862e-04,
       1.10741972e-03, 0., 0., 1.10741972e-03, 5.53709862e-04, 0.,
       2.21483945e-03, 2.76854937e-03, 0., 1.10741972e-03, 0.,
       1.10741972e-03, 2.76854937e-03, 1.10741972e-03, 0.,
       1.10741972e-03, 4.98338882e-03, 2.21483945e-03, 1.66112953e-03,
       0., 0., 1.10741972e-03, 3.32225906e-03, 5.53709862e-04,
       5.53709862e-04, 0., 1.66112953e-03, 0., 2.76854937e-03,
       5.53709862e-04, 2.21483945e-03, 2.76854937e-03, 5.53709862e-04,
       5.53709862e-04, 5.53709862e-04, 5.53709862e-04, 0.,
       5.53709862e-04, 0., 1.66112953e-03, 0., 5.53709862e-04,
       8.85935780e-03, 2.76854937e-03, 5.53709874e-03, 2.76854937e-03,
       5.53709862e-04, 1.10741972e-03, 4.42967890e-03, 3.87596898e-03,
       1.10741972e-03, 1.10741972e-03, 2.21483945e-03, 0.,
       2.76854937e-03, 1.10741972e-03, 1.66112953e-03, 0.,
       5.53709862e-04, 5.53709862e-04, 5.53709862e-04, 0., 0., 0.,
       1.10741972e-03, 1.10741972e-03, 0., 2.21483945e-03,
       5.53709862e-04, 1.10741972e-03, 2.21483945e-03, 3.87596898e-03,
       1.10741972e-03, 1.10741972e-03, 0., 2.76854937e-03,
       1.10741972e-03, 1.10741972e-03, 5.53709862e-04, 5.53709862e-04,
       3.87596898e-03, 1.66112953e-03, 2.21483945e-03, 2.76854937e-03,
       1.10741972e-03, 5.53709862e-04, 1.10741972e-03, 5.53709862e-04,
       1.10741972e-03, 1.66112953e-03, 1.10741972e-03, 0.,
       5.53709862e-04, 1.66112953e-03, 2.21483945e-03, 0.,
       5.53709862e-04, 2.21483945e-03, 1.10741972e-03, 2.21483945e-03,
       1.10741972e-03, 5.53709862e-04, 1.66112953e-03, 5.53709862e-04,
       1.10741972e-03, 5.53709874e-03, 2.76854937e-03, 1.66112953e-03,
       1.66112953e-03, 1.10741972e-03, 1.10741972e-03, 5.53709862e-04,
       5.53709862e-04, 5.53709862e-04, 0., 5.53709862e-04, 0.,
       5.53709862e-04, 0., 1.10741975e-02, 0., 2.76854937e-03,
       5.53709862e-04, 1.66112953e-03, 5.53709862e-04, 1.10741972e-03,
       3.32225906e-03, 0., 5.53709862e-04, 1.10741972e-03,
       5.53709862e-04, 5.53709862e-04, 5.53709862e-04, 5.53709862e-04,
       0., 1.10741972e-03, 1.10741972e-03, 0., 1.66112953e-03,
       4.98338882e-03, 5.53709862e-04, 1.10741972e-03, 1.10741972e-03,
       0., 0., 2.21483945e-03, 1.10741972e-03, 5.53709862e-04,
       1.66112953e-03, 3.87596898e-03, 1.66112953e-03, 2.21483945e-03,
       1.10741972e-03, 0., 0., 0., 5.53709862e-04, 0., 0.,
       5.53709862e-04, 5.53709862e-04, 1.10741972e-03, 1.10741972e-03,
       5.53709862e-04, 0., 5.53709862e-04, 1.66112953e-03,
       2.76854937e-03, 5.53709862e-04, 2.21483945e-03, 5.53709862e-04,
       1.10741972e-03, 0., 0., 1.66112953e-03, 2.76854937e-03, 0., 0.,
       0., 5.53709862e-04, 1.66112953e-03, 3.32225906e-03,
       3.32225906e-03, 1.66112953e-03, 5.53709862e-04, 3.87596898e-03,
       5.53709862e-04, 0., 2.76854937e-03, 1.66112953e-03,
       1.10741972e-03, 1.10741972e-03, 0., 2.76854937e-03,
       1.10741972e-03, 3.87596898e-03, 1.10741972e-03, 1.66112953e-03,
       5.53709862e-04, 1.66112953e-03, 0., 5.53709862e-04, 0.,
       5.53709862e-04, 0., 5.53709862e-04, 5.53709862e-04,
       5.53709862e-04, 0., 5.53709862e-04, 1.10741972e-03,
       1.10741972e-03, 1.66112953e-03, 0., 5.53709862e-04,
       1.10741972e-03, 0., 4.42967890e-03, 0., 5.53709862e-04,
       5.53709862e-04, 1.10741972e-03, 5.53709862e-04, 1.10741972e-03,
       1.66112953e-03, 1.10741972e-03, 3.32225906e-03, 5.53709862e-04,
       5.53709862e-04, 5.53709862e-04, 0., 0., 2.21483945e-03,
       1.10741972e-03, 1.10741972e-03, 2.21483945e-03, 5.53709862e-04,
       0., 5.53709862e-04, 1.66112953e-03, 1.66112953e-03,
       5.53709862e-04, 0., 2.21483945e-03, 0., 5.53709862e-04,
       1.10741972e-03, 1.66112953e-03, 1.66112953e-03, 1.10741972e-03,
       0., 0., 1.10741972e-03, 5.53709862e-04, 5.53709862e-04,
       3.32225906e-03, 0., 0., 5.53709862e-04, 4.42967890e-03, 0.,
       1.66112953e-03, 1.66112953e-03, 1.10741972e-03, 3.32225906e-03,
       5.53709862e-04, 1.10741972e-03, 1.66112953e-03, 2.21483945e-03,
       2.76854937e-03, 1.66112953e-03, 1.66112953e-03, 2.21483945e-03,
       3.87596898e-03, 2.76854937e-03, 5.53709862e-04, 0., 0., 0.,
       1.10741972e-03, 1.10741972e-03, 5.53709862e-04, 5.53709862e-04,
       1.10741972e-03, 1.10741972e-03, 1.66112953e-03, 5.53709862e-04,
       1.10741972e-03, 5.53709862e-04, 0., 5.53709862e-04,
       2.76854937e-03, 1.66112953e-03, 5.53709862e-04, 5.53709862e-04,
       5.53709862e-04, 4.42967890e-03, 1.10741972e-03, 0.,
       2.21483945e-03, 5.53709862e-04, 3.32225906e-03, 0.,
       5.53709862e-04, 0., 2.21483945e-03, 4.42967890e-03,
       5.53709862e-04, 1.10741972e-03, 0., 5.53709862e-04,
       5.53709862e-04, 1.10741972e-03, 1.66112953e-03, 5.53709862e-04,
       2.21483945e-03, 1.10741972e-03, 3.32225906e-03, 1.66112953e-03,
       3.32225906e-03, 5.53709862e-04, 2.21483945e-03, 1.10741972e-03,
       5.53709874e-03, 1.66112953e-03, 0., 2.21483945e-03,
       1.10741972e-03, 1.66112953e-03, 1.10741972e-03, 1.66112953e-03,
