%YAML:1.0
m10f: !!opencv-matrix
   rows: 1
   cols: 800
   dt: f
   data: [ 1.14678894e-03, 1.72018341e-03, 5.73394471e-04,
       2.29357788e-03, 1.14678894e-03, 0., 2.29357788e-03,
       1.14678894e-03, 1.72018341e-03, 2.86697224e-03, 0., 0.,
       5.73394471e-04, 1.14678894e-03, 2.29357788e-03, 5.73394471e-04,
       0., 2.86697224e-03, 5.73394471e-04, 1.72018341e-03,
       2.29357788e-03, 0., 0., 5.73394471e-04, 2.86697224e-03,
       5.73394471e-04, 5.73394471e-04, 1.72018341e-03, 5.73394471e-04,
       0., 1.14678894e-03, 5.73394471e-04, 0., 1.14678894e-03, 0.,
       1.72018341e-03, 5.73394471e-04, 1.72018341e-03, 2.29357788e-03,
       0., 2.86697224e-03, 5.73394471e-04, 5.73394471e-04,
       2.86697224e-03, 2.86697224e-03, 1.14678894e-03, 1.72018341e-03,
       1.14678894e-03, 0., 0., 5.73394471e-04, 1.14678894e-03,
       1.14678894e-03, 1.72018341e-03, 0., 2.29357788e-03,
       2.29357788e-03, 1.14678894e-03, 1.14678894e-03, 1.72018341e-03,
       0., 5.16055012e-03, 5.73394471e-04, 2.86697224e-03,
       1.72018341e-03, 5.73394471e-04, 0., 1.72018341e-03, 0., 0., 0.,
       1.14678894e-03, 5.73394471e-04, 2.86697224e-03, 0.,
       1.14678894e-03, 0., 4.58715577e-03, 0., 1.14678894e-03,
       2.29357788e-03, 0., 5.73394471e-04, 5.73394471e-04,
       5.73394471e-04, 5.73394471e-04, 1.14678894e-03, 5.73394471e-04,
       5.73394471e-04, 5.73394471e-04, 5.73394471e-04, 1.72018341e-03,
       1.72018341e-03, 5.73394448e-03, 2.29357788e-03, 1.72018341e-03,
       2.29357788e-03, 5.73394471e-04, 1.72018341e-03, 0.,
       5.73394471e-04, 4.01376141e-03, 4.58715577e-03, 0., 0., 0., 0.,
       0., 5.73394471e-04, 0., 5.73394471e-04, 2.86697224e-03,
       5.73394471e-04, 3.44036683e-03, 8.02752282e-03, 1.14678894e-03,
       5.73394471e-04, 4.01376141e-03, 5.73394471e-04, 4.58715577e-03,
       1.14678894e-03, 3.44036683e-03, 5.73394471e-04, 3.44036683e-03,
       0., 5.73394471e-04, 0., 5.73394471e-04, 0., 1.72018341e-03, 0.,
       5.73394471e-04, 1.72018341e-03, 0., 5.73394471e-04,
       1.14678894e-03, 1.72018341e-03, 2.29357788e-03, 0.,
       1.72018341e-03, 5.73394471e-04, 2.86697224e-03, 6.88073365e-03,
       5.73394471e-04, 5.73394471e-04, 3.44036683e-03, 5.73394471e-04,
       5.73394471e-04, 5.73394471e-04, 0., 1.72018341e-03, 0., 0., 0.,
       1.14678894e-03, 1.72018341e-03, 5.73394471e-04, 3.44036683e-03,
       4.58715577e-03, 5.73394471e-04, 0., 1.14678894e-03,
       5.73394471e-04, 3.44036683e-03, 1.72018341e-03, 3.44036683e-03,
       0., 1.72018341e-03, 1.14678894e-03, 1.72018341e-03,
       2.29357788e-03, 0., 2.86697224e-03, 2.29357788e-03,
       2.29357788e-03, 0., 1.14678894e-03, 1.14678894e-03, 0.,
       5.73394471e-04, 5.73394471e-04, 0., 0., 1.14678894e-03, 0.,
       1.72018341e-03, 0., 5.73394471e-04, 0., 1.72018341e-03, 0.,
       2.29357788e-03, 0., 5.73394471e-04, 2.29357788e-03,
       1.72018341e-03, 0., 1.14678894e-03, 1.14678894e-03, 0.,
       2.29357788e-03, 2.29357788e-03, 0., 1.14678894e-03,
       1.72018341e-03, 1.14678894e-03, 0., 2.86697224e-03,
       3.44036683e-03, 1.72018341e-03, 1.72018341e-03, 0., 0.,
       5.16055012e-03, 2.29357788e-03, 0., 0., 1.14678894e-03,
       5.73394471e-04, 2.29357788e-03, 1.72018341e-03, 0.,
       1.14678894e-03, 2.29357788e-03, 0., 1.14678894e-03,
       1.14678894e-03, 5.73394471e-04, 2.29357788e-03, 0.,
       5.73394471e-04, 1.72018341e-03, 5.73394471e-04, 1.14678894e-03,
       5.73394471e-04, 5.73394471e-04, 5.73394471e-04, 5.73394471e-04,
       1.72018341e-03, 2.29357788e-03, 2.29357788e-03, 0.,
       4.58715577e-03, 5.73394471e-04, 5.73394471e-04, 1.72018341e-03,
       5.73394448e-03, 5.73394471e-04, 0., 1.72018341e-03, 0.,
       4.01376141e-03, 1.14678894e-03, 1.72018341e-03, 5.73394471e-04,
       5.73394471e-04, 5.73394471e-04, 1.14678894e-03, 0., 0.,
       2.29357788e-03, 0., 1.14678894e-03, 5.73394471e-04,
       1.72018341e-03, 5.73394471e-04, 1.72018341e-03, 1.14678894e-03,
       4.58715577e-03, 2.29357788e-03, 1.14678894e-03, 0.,
       5.73394471e-04, 1.72018341e-03, 5.73394471e-04, 1.14678894e-03,
       1.72018341e-03, 5.16055012e-03, 1.14678894e-03, 1.14678894e-03,
       5.73394471e-04, 1.14678894e-03, 5.73394471e-04, 3.44036683e-03,
       1.14678894e-03, 5.73394471e-04, 5.73394471e-04, 5.73394471e-04,
       5.73394471e-04, 3.44036683e-03, 1.14678894e-03, 4.01376141e-03,
       0., 5.73394471e-04, 0., 1.14678894e-03, 0., 1.72018341e-03,
       1.14678894e-03, 3.44036683e-03, 1.14678894e-03, 1.14678894e-03,
       1.72018341e-03, 0., 5.16055012e-03, 1.72018341e-03,
       2.29357788e-03, 1.72018341e-03, 5.73394471e-04, 2.86697224e-03,
       0., 5.73394471e-04, 5.73394471e-04, 0., 1.14678894e-03,
       5.73394471e-04, 4.58715577e-03, 1.14678894e-03, 3.44036683e-03,
       1.14678894e-03, 2.29357788e-03, 1.14678894e-03, 1.72018341e-03,
       5.16055012e-03, 0., 1.72018341e-03, 5.73394471e-04,
       1.72018341e-03, 1.14678894e-03, 1.14678894e-03, 1.14678894e-03,
       0., 5.73394471e-04, 5.73394471e-04, 0., 1.14678894e-03,
       1.14678894e-03, 5.73394471e-04, 2.86697224e-03, 1.14678894e-03,
       1.14678894e-03, 0., 2.29357788e-03, 1.72018341e-03,
       2.86697224e-03, 2.29357788e-03, 6.30733930e-03, 2.29357788e-03,
       1.72018341e-03, 1.72018341e-03, 0., 0., 5.73394471e-04,
       1.72018341e-03, 2.29357788e-03, 0., 5.73394471e-04,
       1.14678894e-03, 1.14678894e-03, 1.14678894e-03, 5.73394471e-04,
       0., 1.14678894e-03, 2.86697224e-03, 2.29357788e-03, 0.,
       1.72018341e-03, 2.86697224e-03, 5.73394471e-04, 1.14678894e-03,
       0., 1.72018341e-03, 1.72018341e-03, 0., 0., 5.73394471e-04,
       4.58715577e-03, 2.29357788e-03, 4.01376141e-03, 1.14678894e-03,
       0., 0., 5.73394471e-04, 0., 0., 2.29357788e-03, 0.,
       5.73394471e-04, 5.73394471e-04, 1.14678894e-03, 0., 0.,
       1.72018341e-03, 5.73394471e-04, 2.29357788e-03, 2.86697224e-03,
       0., 0., 0., 5.73394471e-04, 1.72018341e-03, 0., 0.,
       5.73394471e-04, 0., 5.73394471e-04, 1.72018341e-03,
       2.86697224e-03, 5.73394471e-04, 2.29357788e-03, 0.,
       1.72018341e-03, 1.72018341e-03, 5.73394471e-04, 2.29357788e-03,
       1.14678894e-03, 5.73394471e-04, 5.73394471e-04, 1.14678894e-03,
       5.73394471e-04, 1.72018341e-03, 1.14678894e-03, 2.29357788e-03,
       1.14678894e-03, 2.29357788e-03, 5.73394471e-04, 1.72018341e-03,
       0., 0., 5.73394471e-04, 5.73394471e-04, 1.14678894e-03,
       1.14678894e-03, 0., 0., 5.73394471e-04, 0., 1.72018341e-03,
       1.14678894e-03, 0., 5.73394471e-04, 0., 1.14678894e-03, 0.,
       1.14678894e-03, 5.73394448e-03, 5.73394471e-04, 1.72018341e-03,
       5.73394471e-04, 5.73394471e-04, 0., 1.14678894e-03,
       5.73394471e-04, 1.14678894e-03, 5.73394471e-04, 0.,
       5.73394471e-04, 0., 3.44036683e-03, 5.73394471e-04, 0.,
       2.29357788e-03, 0., 1.14678894e-03, 5.73394471e-04,
       5.73394471e-04, 5.73394471e-04, 5.73394471e-04, 3.44036683e-03,
       1.14678894e-03, 4.01376141e-03, 1.72018341e-03, 2.86697224e-03,
       0., 1.14678894e-03, 0., 0., 1.14678894e-03, 3.44036683e-03,
       1.14678894e-03, 1.72018341e-03, 0., 2.86697224e-03,
       1.72018341e-03, 0., 4.58715577e-03, 1.14678894e-03,
       5.73394471e-04, 3.44036683e-03, 5.73394471e-04, 5.73394471e-04,
       2.29357788e-03, 0., 2.29357788e-03, 0., 0., 3.44036683e-03,
       1.14678894e-03, 3.44036683e-03, 1.14678894e-03, 5.73394448e-03,
       0., 5.73394471e-04, 2.86697224e-03, 0., 1.14678894e-03,
       1.14678894e-03, 1.72018341e-03, 1.14678894e-03, 0.,
       5.73394471e-04, 1.14678894e-03, 5.73394471e-04, 5.73394471e-04,
       5.73394471e-04, 2.29357788e-03, 1.14678894e-03, 5.73394471e-04,
       1.14678894e-03, 2.29357788e-03, 2.86697224e-03, 5.73394471e-04,
       5.73394471e-04, 5.73394471e-04, 1.14678894e-03, 0.,
       2.86697224e-03, 2.29357788e-03, 5.73394471e-04, 3.44036683e-03,
       1.72018341e-03, 1.72018341e-03, 0., 0., 0., 5.73394471e-04,
