%YAML:1.0
m10f: !!opencv-matrix
   rows: 1
   cols: 800
   dt: f
   data: [ 1.69635285e-03, 2.54452927e-03, 4.66497056e-03,
       3.39270569e-03, 1.27226464e-03, 0., 4.24088212e-04,
       2.54452927e-03, 2.96861748e-03, 8.48176423e-04, 8.48176423e-04,
       4.24088212e-04, 3.39270569e-03, 2.54452927e-03, 4.24088212e-04,
       8.48176423e-04, 1.27226464e-03, 2.96861748e-03, 0., 0.,
       1.69635285e-03, 4.24088212e-04, 4.24088212e-04, 0.,
       2.54452927e-03, 4.24088212e-04, 0., 2.54452927e-03,
       4.24088212e-04, 4.24088212e-04, 4.24088212e-04, 4.24088212e-04,
       2.12044106e-03, 4.66497056e-03, 1.27226464e-03, 4.24088212e-04,
       0., 0., 4.24088212e-04, 4.24088212e-04, 4.66497056e-03,
       1.69635285e-03, 4.24088212e-04, 2.12044106e-03, 1.69635285e-03,
       4.24088212e-04, 0., 1.27226464e-03, 2.12044106e-03, 0.,
       2.12044106e-03, 1.69635285e-03, 8.48176423e-04, 5.93723496e-03,
       8.48176423e-04, 1.27226464e-03, 2.96861748e-03, 2.12044106e-03,
       0., 1.27226464e-03, 0., 2.54452927e-03, 8.48176423e-04,
       4.24088212e-04, 7.20949937e-03, 0., 0., 4.24088212e-04,
       8.48176423e-04, 8.48176423e-04, 1.27226464e-03, 1.27226464e-03,
       0., 4.24088212e-04, 8.48176423e-04, 1.27226464e-03, 0.,
       2.54452927e-03, 2.54452927e-03, 2.12044106e-03, 4.24088212e-04,
       1.27226464e-03, 4.24088212e-04, 8.48176423e-04, 2.12044106e-03,
       2.54452927e-03, 0., 4.24088212e-04, 1.27226464e-03,
       4.24088212e-04, 1.27226464e-03, 8.48176423e-04, 2.54452927e-03,
       1.27226464e-03, 2.54452927e-03, 8.48176423e-04, 8.48176423e-04,
       2.12044106e-03, 1.27226464e-03, 1.69635285e-03, 1.69635285e-03,
       2.12044106e-03, 1.69635285e-03, 4.24088212e-04, 4.24088212e-04,
       1.69635285e-03, 4.24088212e-04, 4.24088212e-04, 8.48176423e-04,
       8.48176423e-04, 0., 3.81679391e-03, 0., 2.12044106e-03,
       2.96861748e-03, 8.48176423e-04, 0., 8.48176423e-04,
       8.48176423e-04, 2.12044106e-03, 8.48176423e-04, 2.96861748e-03,
       0., 2.96861748e-03, 4.24088212e-04, 4.24088212e-04,
       2.54452927e-03, 1.69635285e-03, 4.24088212e-04, 4.66497056e-03,
       0., 8.48176423e-04, 5.08905854e-03, 4.24088212e-04,
       1.69635285e-03, 4.24088212e-04, 2.54452927e-03, 0.,
       8.48176423e-04, 1.27226464e-03, 1.69635285e-03, 8.48176423e-04,
       2.96861748e-03, 3.39270569e-03, 0., 1.69635285e-03,
       8.48176423e-04, 0., 4.24088212e-04, 2.96861748e-03,
       1.69635285e-03, 0., 8.48176423e-04, 1.69635285e-03,
       8.48176423e-04, 2.96861748e-03, 0., 2.54452927e-03,
       2.54452927e-03, 1.27226464e-03, 8.48176423e-04, 0.,
       1.69635285e-03, 2.54452927e-03, 8.48176423e-04, 8.48176423e-04,
       4.24088212e-04, 1.69635285e-03, 2.12044106e-03, 1.27226464e-03,
       1.69635285e-03, 0., 2.12044106e-03, 4.24088212e-04,
       1.27226464e-03, 0., 1.27226464e-03, 4.24088212e-04,
       3.39270569e-03, 0., 1.69635285e-03, 1.69635285e-03,
       4.24088212e-04, 2.12044106e-03, 4.66497056e-03, 4.24088212e-04,
       4.24088212e-04, 1.27226464e-03, 0., 2.54452927e-03,
       8.48176423e-04, 2.12044106e-03, 8.48176423e-04, 1.27226464e-03,
       1.27226464e-03, 2.12044106e-03, 4.24088212e-04, 4.24088212e-04,
       1.27226464e-03, 0., 2.54452927e-03, 3.39270569e-03,
       1.27226464e-03, 1.69635285e-03, 1.27226464e-03, 4.24088212e-04,
       0., 8.48176423e-04, 8.48176423e-04, 1.69635285e-03,
       2.54452927e-03, 2.96861748e-03, 1.27226464e-03, 1.27226464e-03,
       2.12044106e-03, 4.24088212e-04, 1.69635285e-03, 2.54452927e-03,
       0., 1.69635285e-03, 8.48176423e-04, 0., 2.12044106e-03,
       2.96861748e-03, 1.27226464e-03, 1.27226464e-03, 0.,
       2.12044106e-03, 8.48176423e-04, 2.12044106e-03, 4.24088212e-04,
       2.12044106e-03, 1.27226464e-03, 8.48176423e-04, 8.48176423e-04,
       8.48176423e-04, 2.54452927e-03, 1.27226464e-03, 2.54452927e-03,
       8.48176423e-04, 1.69635285e-03, 1.27226464e-03, 1.27226464e-03,
       0., 4.24088212e-04, 0., 3.81679391e-03, 8.48176423e-04, 0.,
       2.54452927e-03, 2.54452927e-03, 2.54452927e-03, 2.12044106e-03,
       1.27226464e-03, 1.27226464e-03, 2.12044106e-03, 2.12044106e-03,
       8.48176423e-04, 2.12044106e-03, 8.48176423e-04, 1.69635285e-03,
       8.48176423e-04, 0., 0., 1.27226464e-03, 8.48176423e-04,
       1.27226464e-03, 0., 2.12044106e-03, 4.24088212e-04,
       8.48176423e-04, 0., 1.69635285e-03, 2.12044106e-03,
       4.24088212e-04, 1.27226464e-03, 1.69635285e-03, 8.48176423e-04,
       1.27226464e-03, 8.48176423e-04, 1.27226464e-03, 1.27226464e-03,
       2.54452927e-03, 2.96861748e-03, 8.48176423e-04, 8.48176423e-04,
       0., 8.48176423e-04, 8.48176423e-04, 2.12044106e-03,
       3.81679391e-03, 3.81679391e-03, 1.69635285e-03, 1.27226464e-03,
       4.24088212e-04, 0., 2.12044106e-03, 1.69635285e-03,
       1.27226464e-03, 4.24088212e-04, 4.24088212e-04, 3.39270569e-03,
       1.27226464e-03, 4.24088212e-04, 2.54452927e-03, 3.81679391e-03,
       1.27226464e-03, 4.24088212e-04, 0., 2.54452927e-03,
       4.24088212e-04, 0., 2.96861748e-03, 0., 2.12044106e-03,
       8.48176423e-04, 4.24088212e-03, 1.27226464e-03, 0.,
       4.24088212e-04, 1.69635285e-03, 1.27226464e-03, 1.27226464e-03,
       1.27226464e-03, 1.27226464e-03, 2.96861748e-03, 4.24088212e-04,
       1.69635285e-03, 1.69635285e-03, 1.27226464e-03, 2.12044106e-03,
       0., 8.48176423e-04, 8.48176423e-04, 4.24088212e-04,
       8.48176423e-04, 2.12044106e-03, 1.69635285e-03, 1.69635285e-03,
       4.24088212e-04, 8.48176423e-04, 8.48176423e-04, 2.96861748e-03,
       1.27226464e-03, 8.48176423e-04, 2.12044106e-03, 3.39270569e-03,
       0., 1.69635285e-03, 8.48176423e-04, 1.27226464e-03, 0., 0.,
       2.12044106e-03, 4.24088212e-04, 0., 4.24088212e-04,
       2.12044106e-03, 2.54452927e-03, 2.12044106e-03, 8.48176423e-04,
       2.12044106e-03, 1.27226464e-03, 1.69635285e-03, 4.24088212e-04,
       4.24088212e-04, 3.39270569e-03, 2.54452927e-03, 8.48176423e-04,
       4.24088212e-04, 8.48176423e-04, 2.96861748e-03, 4.24088212e-04,
       4.24088212e-04, 8.48176423e-04, 0., 1.69635285e-03,
       1.27226464e-03, 2.12044106e-03, 3.39270569e-03, 4.24088212e-04,
       4.24088212e-04, 1.69635285e-03, 1.27226464e-03, 4.24088212e-04,
       1.69635285e-03, 4.24088212e-04, 4.66497056e-03, 1.27226464e-03,
       8.48176423e-04, 0., 8.48176423e-04, 8.48176423e-04,
       4.24088212e-04, 8.48176423e-04, 3.81679391e-03, 4.24088212e-04,
       4.24088212e-04, 0., 1.27226464e-03, 0., 3.81679391e-03,
       1.69635285e-03, 4.24088212e-04, 0., 8.48176423e-04,
       4.24088212e-04, 8.48176423e-04, 0., 1.27226464e-03, 0.,
       2.96861748e-03, 1.27226464e-03, 1.27226464e-03, 8.48176423e-04,
       0., 0., 0., 8.48176423e-04, 8.48176423e-04, 1.27226464e-03,
       1.27226464e-03, 2.96861748e-03, 4.24088212e-04, 2.54452927e-03,
       4.24088212e-04, 4.24088212e-04, 0., 2.96861748e-03, 0.,
       1.69635285e-03, 1.27226464e-03, 8.48176423e-04, 4.24088212e-04,
       4.24088212e-04, 2.96861748e-03, 4.24088212e-04, 4.24088212e-04,
       0., 0., 0., 4.24088212e-04, 1.69635285e-03, 0., 0.,
       4.24088212e-04, 0., 3.39270569e-03, 1.27226464e-03,
       1.27226464e-03, 1.27226464e-03, 2.12044106e-03, 4.24088212e-04,
       0., 4.24088212e-04, 0., 0., 4.24088212e-04, 1.69635285e-03,
       1.69635285e-03, 8.48176423e-04, 1.27226464e-03, 8.48176423e-04,
       0., 1.69635285e-03, 1.69635285e-03, 8.48176423e-04,
       1.27226464e-03, 2.12044106e-03, 1.27226464e-03, 8.48176423e-04,
       4.24088212e-04, 7.20949937e-03, 8.48176423e-04, 4.24088212e-04,
       0., 4.24088212e-04, 2.54452927e-03, 4.24088212e-04,
       1.27226464e-03, 1.27226464e-03, 2.54452927e-03, 1.69635285e-03,
       4.24088212e-04, 0., 4.24088212e-04, 1.27226464e-03,
       8.48176423e-04, 1.27226464e-03, 2.54452927e-03, 2.54452927e-03,
       0., 0., 8.48176423e-04, 4.24088212e-04, 1.27226464e-03,
       4.66497056e-03, 4.24088212e-04, 2.54452927e-03, 0.,
       2.12044106e-03, 0., 8.48176423e-04, 8.48176423e-04,
