%YAML:1.0
m10f: !!opencv-matrix
   rows: 1
   cols: 800
   dt: f
   data: [ 1.64925784e-03, 3.29851569e-03, 3.29851569e-03,
       2.74876319e-03, 5.49752614e-04, 1.09950523e-03, 3.29851569e-03,
       1.64925784e-03, 1.09950523e-03, 3.84826818e-03, 1.09950523e-03,
       1.09950523e-03, 0., 0., 1.09950523e-03, 5.49752614e-04, 0.,
       2.19901046e-03, 0., 5.49752614e-04, 3.29851569e-03, 0., 0., 0.,
       1.09950523e-03, 0., 1.09950523e-03, 4.94777365e-03,
       5.49752614e-04, 0., 5.49752614e-04, 5.49752614e-04,
       1.09950523e-03, 1.09950523e-03, 1.09950523e-03, 1.09950523e-03,
       1.09950523e-03, 1.09950523e-03, 5.49752614e-04, 0.,
       2.19901046e-03, 1.64925784e-03, 0., 1.64925784e-03,
       5.49752614e-04, 1.09950523e-03, 0., 0., 1.64925784e-03, 0.,
       1.64925784e-03, 1.64925784e-03, 0., 5.49752614e-04, 0.,
       2.19901046e-03, 2.19901046e-03, 5.49752614e-04, 0.,
       1.09950523e-03, 0., 5.49752638e-03, 5.49752614e-04,
       3.29851569e-03, 5.49752614e-04, 5.49752614e-04, 0.,
       1.09950523e-03, 5.49752614e-04, 5.49752614e-04, 5.49752614e-04,
       0., 1.09950523e-03, 1.09950523e-03, 1.09950523e-03,
       3.84826818e-03, 1.64925784e-03, 5.49752614e-04, 5.49752614e-04,
       0., 1.09950523e-03, 0., 1.64925784e-03, 1.09950523e-03,
       7.14678410e-03, 3.84826818e-03, 1.09950523e-03, 3.29851569e-03,
       0., 5.49752614e-04, 5.49752614e-04, 0., 3.29851569e-03,
       2.74876319e-03, 2.19901046e-03, 5.49752614e-04, 5.49752614e-04,
       1.64925784e-03, 1.64925784e-03, 0., 0., 1.64925784e-03,
       3.29851569e-03, 0., 0., 0., 5.49752614e-04, 5.49752614e-04, 0.,
       1.09950523e-03, 5.49752614e-04, 4.39802092e-03, 0.,
       1.64925784e-03, 7.14678410e-03, 5.49752614e-04, 5.49752614e-04,
       1.09950523e-03, 2.19901046e-03, 2.74876319e-03, 2.19901046e-03,
       5.49752614e-04, 5.49752614e-04, 1.09950523e-03, 0.,
       1.64925784e-03, 1.64925784e-03, 1.09950523e-03, 2.74876319e-03,
       1.64925784e-03, 5.49752614e-04, 1.09950523e-03, 2.74876319e-03,
       2.19901046e-03, 1.09950523e-03, 5.49752614e-04, 1.64925784e-03,
       0., 5.49752614e-04, 1.64925784e-03, 5.49752614e-04, 0.,
       3.29851569e-03, 5.49752614e-04, 0., 4.39802092e-03,
       1.64925784e-03, 0., 5.49752614e-04, 1.09950523e-03,
       2.19901046e-03, 0., 1.09950523e-03, 0., 1.64925784e-03,
       1.04452996e-02, 0., 6.04727864e-03, 3.29851569e-03,
       5.49752614e-04, 0., 5.49752614e-04, 5.49752614e-04,
       2.19901046e-03, 0., 1.64925784e-03, 0., 1.09950523e-03,
       1.64925784e-03, 2.74876319e-03, 1.09950523e-03, 0.,
       2.74876319e-03, 2.19901046e-03, 1.64925784e-03, 5.49752614e-04,
       5.49752614e-04, 0., 0., 5.49752614e-04, 2.74876319e-03,
       1.09950523e-03, 1.09950523e-03, 5.49752614e-04, 1.09950523e-03,
       1.09950523e-03, 1.64925784e-03, 1.09950523e-03, 0.,
       8.24628957e-03, 0., 2.74876319e-03, 0., 5.49752614e-04,
       2.19901046e-03, 2.74876319e-03, 5.49752614e-04, 1.09950523e-03,
       5.49752614e-04, 0., 1.09950523e-03, 5.49752614e-04, 0.,
       2.19901046e-03, 2.74876319e-03, 0., 1.09950523e-03, 0.,
       5.49752614e-04, 2.19901046e-03, 1.09950523e-03, 0.,
       1.09950523e-03, 3.84826818e-03, 3.29851569e-03, 1.64925784e-03,
       5.49752614e-04, 0., 1.64925784e-03, 2.74876319e-03,
       1.09950523e-03, 0., 5.49752614e-04, 1.64925784e-03,
       5.49752614e-04, 3.29851569e-03, 0., 1.64925784e-03,
       2.74876319e-03, 1.09950523e-03, 5.49752614e-04, 5.49752614e-04,
       5.49752614e-04, 0., 0., 0., 1.64925784e-03, 0., 5.49752614e-04,
       7.14678410e-03, 2.74876319e-03, 4.39802092e-03, 3.29851569e-03,
       1.09950523e-03, 1.09950523e-03, 3.84826818e-03, 2.74876319e-03,
       1.09950523e-03, 1.09950523e-03, 2.19901046e-03, 0.,
       2.19901046e-03, 1.09950523e-03, 1.64925784e-03, 0.,
       5.49752614e-04, 5.49752614e-04, 0., 0., 5.49752614e-04, 0., 0.,
       1.64925784e-03, 0., 2.19901046e-03, 5.49752614e-04,
       5.49752614e-04, 2.19901046e-03, 3.84826818e-03, 1.09950523e-03,
       1.09950523e-03, 0., 3.84826818e-03, 1.09950523e-03,
       5.49752614e-04, 0., 0., 4.39802092e-03, 2.19901046e-03,
       2.19901046e-03, 2.19901046e-03, 1.64925784e-03, 5.49752614e-04,
       5.49752614e-04, 1.09950523e-03, 2.19901046e-03, 1.64925784e-03,
       5.49752614e-04, 0., 1.09950523e-03, 1.64925784e-03,
       1.64925784e-03, 0., 5.49752614e-04, 3.29851569e-03,
       1.09950523e-03, 3.29851569e-03, 1.09950523e-03, 1.09950523e-03,
       1.64925784e-03, 0., 1.09950523e-03, 3.84826818e-03,
       2.19901046e-03, 1.64925784e-03, 4.94777365e-03, 1.64925784e-03,
       1.64925784e-03, 1.09950523e-03, 5.49752614e-04, 1.09950523e-03,
       5.49752614e-04, 1.64925784e-03, 0., 0., 0., 1.04452996e-02, 0.,
       2.74876319e-03, 5.49752614e-04, 1.64925784e-03, 0.,
       1.64925784e-03, 3.84826818e-03, 0., 5.49752614e-04,
       1.09950523e-03, 1.09950523e-03, 1.09950523e-03, 5.49752614e-04,
       5.49752614e-04, 0., 1.09950523e-03, 1.09950523e-03, 0.,
       1.64925784e-03, 5.49752638e-03, 5.49752614e-04, 0.,
       1.09950523e-03, 0., 0., 1.64925784e-03, 1.64925784e-03,
       1.09950523e-03, 2.74876319e-03, 2.19901046e-03, 1.09950523e-03,
       1.64925784e-03, 1.09950523e-03, 0., 0., 0., 1.09950523e-03, 0.,
       0., 1.09950523e-03, 5.49752614e-04, 2.19901046e-03,
       5.49752614e-04, 5.49752614e-04, 5.49752614e-04, 1.09950523e-03,
       2.19901046e-03, 3.84826818e-03, 0., 5.49752614e-04,
       5.49752614e-04, 1.64925784e-03, 5.49752614e-04, 0.,
       1.09950523e-03, 2.74876319e-03, 0., 0., 0., 5.49752614e-04,
       2.19901046e-03, 4.39802092e-03, 3.29851569e-03, 1.64925784e-03,
       1.09950523e-03, 3.29851569e-03, 5.49752614e-04, 0.,
       2.74876319e-03, 1.09950523e-03, 1.09950523e-03, 0., 0.,
       3.84826818e-03, 1.09950523e-03, 3.84826818e-03, 1.09950523e-03,
       1.09950523e-03, 5.49752614e-04, 1.64925784e-03, 0.,
       1.09950523e-03, 0., 1.09950523e-03, 0., 5.49752614e-04,
       1.09950523e-03, 0., 0., 1.09950523e-03, 1.09950523e-03,
       1.09950523e-03, 3.29851569e-03, 0., 1.09950523e-03,
       1.09950523e-03, 0., 3.84826818e-03, 0., 1.09950523e-03,
       5.49752614e-04, 1.64925784e-03, 5.49752614e-04, 5.49752614e-04,
       2.19901046e-03, 1.09950523e-03, 3.29851569e-03, 5.49752614e-04,
       1.09950523e-03, 5.49752614e-04, 0., 0., 2.19901046e-03,
       1.09950523e-03, 1.09950523e-03, 2.19901046e-03, 0., 0.,
       5.49752614e-04, 2.19901046e-03, 1.64925784e-03, 0., 0.,
       1.64925784e-03, 0., 5.49752614e-04, 5.49752614e-04,
       2.74876319e-03, 1.64925784e-03, 5.49752614e-04, 0., 0.,
       5.49752614e-04, 5.49752614e-04, 1.09950523e-03, 2.19901046e-03,
       0., 0., 5.49752614e-04, 6.04727864e-03, 0., 1.09950523e-03,
       2.74876319e-03, 5.49752614e-04, 3.84826818e-03, 5.49752614e-04,
       5.49752614e-04, 1.09950523e-03, 1.09950523e-03, 2.19901046e-03,
       1.09950523e-03, 2.19901046e-03, 2.19901046e-03, 4.39802092e-03,
       2.74876319e-03, 5.49752614e-04, 0., 5.49752614e-04, 0.,
       1.09950523e-03, 1.09950523e-03, 5.49752614e-04, 5.49752614e-04,
       1.09950523e-03, 0., 2.19901046e-03, 5.49752614e-04,
       1.09950523e-03, 1.09950523e-03, 0., 5.49752614e-04,
       1.64925784e-03, 1.64925784e-03, 1.64925784e-03, 1.09950523e-03,
       5.49752614e-04, 3.84826818e-03, 1.09950523e-03, 0.,
       2.19901046e-03, 5.49752614e-04, 2.19901046e-03, 0.,
       1.09950523e-03, 5.49752614e-04, 2.19901046e-03, 4.39802092e-03,
       5.49752614e-04, 5.49752614e-04, 0., 5.49752614e-04, 0.,
       1.09950523e-03, 1.64925784e-03, 1.64925784e-03, 1.64925784e-03,
       5.49752614e-04, 3.84826818e-03, 1.09950523e-03, 2.74876319e-03,
       5.49752614e-04, 2.74876319e-03, 1.09950523e-03, 6.04727864e-03,
       1.64925784e-03, 0., 2.19901046e-03, 1.09950523e-03,
       1.64925784e-03, 5.49752614e-04, 2.19901046e-03, 1.09950523e-03,
       1.64925784e-03, 1.09950523e-03, 1.09950523e-03, 0.,
       2.19901046e-03, 5.49752614e-04, 5.49752614e-04, 0.,
