%YAML:1.0
m10f: !!opencv-matrix
   rows: 1
   cols: 800
   dt: f
   data: [ 1.12803164e-03, 3.38409492e-03, 1.69204746e-03,
       2.82007921e-03, 5.64015820e-04, 0., 3.38409492e-03,
       2.25606328e-03, 2.25606328e-03, 2.82007921e-03, 0., 0.,
       5.64015820e-04, 1.12803164e-03, 2.25606328e-03, 5.64015820e-04,
       0., 1.12803164e-03, 5.64015820e-04, 1.69204746e-03,
       1.12803164e-03, 0., 5.64015820e-04, 0., 2.25606328e-03,
       1.12803164e-03, 5.64015820e-04, 0., 0., 0., 1.12803164e-03,
       5.64015820e-04, 0., 1.69204746e-03, 0., 2.82007921e-03,
       5.64015820e-04, 1.69204746e-03, 2.25606328e-03, 0.,
       3.38409492e-03, 1.12803164e-03, 1.12803164e-03, 1.69204746e-03,
       1.69204746e-03, 5.64015820e-04, 1.69204746e-03, 1.69204746e-03,
       0., 0., 0., 5.64015820e-04, 5.64015820e-04, 5.64015820e-04, 0.,
       1.69204746e-03, 2.82007921e-03, 1.12803164e-03, 1.69204746e-03,
       5.64015820e-04, 0., 5.64015843e-03, 5.64015820e-04,
       3.94811062e-03, 2.25606328e-03, 1.12803164e-03, 0.,
       1.12803164e-03, 0., 0., 0., 1.12803164e-03, 5.64015820e-04,
       2.82007921e-03, 1.12803164e-03, 1.12803164e-03, 0.,
       3.38409492e-03, 0., 1.12803164e-03, 1.69204746e-03, 0.,
       5.64015820e-04, 5.64015820e-04, 5.64015820e-04, 5.64015820e-04,
       0., 5.64015820e-04, 5.64015820e-04, 1.12803164e-03,
       5.64015820e-04, 2.82007921e-03, 1.69204746e-03, 7.33220577e-03,
       2.82007921e-03, 1.12803164e-03, 2.25606328e-03, 5.64015820e-04,
       1.69204746e-03, 5.64015820e-04, 5.64015820e-04, 3.38409492e-03,
       5.64015843e-03, 0., 0., 5.64015820e-04, 0., 0., 1.12803164e-03,
       5.64015820e-04, 1.12803164e-03, 1.69204746e-03, 5.64015820e-04,
       2.82007921e-03, 8.46023764e-03, 5.64015820e-04, 5.64015820e-04,
       2.82007921e-03, 5.64015820e-04, 3.94811062e-03, 1.12803164e-03,
       3.94811062e-03, 1.12803164e-03, 1.69204746e-03, 0.,
       1.12803164e-03, 0., 5.64015820e-04, 0., 1.12803164e-03, 0.,
       1.12803164e-03, 1.69204746e-03, 0., 5.64015820e-04,
       1.12803164e-03, 1.69204746e-03, 3.94811062e-03, 0.,
       1.69204746e-03, 1.12803164e-03, 1.69204746e-03, 7.33220577e-03,
       1.12803164e-03, 1.12803164e-03, 2.82007921e-03, 5.64015820e-04,
       0., 0., 0., 2.25606328e-03, 0., 0., 0., 1.69204746e-03,
       2.82007921e-03, 5.64015820e-04, 3.94811062e-03, 3.94811062e-03,
       1.69204746e-03, 0., 5.64015820e-04, 5.64015820e-04,
       1.69204746e-03, 2.25606328e-03, 2.82007921e-03, 0.,
       2.82007921e-03, 1.12803164e-03, 2.25606328e-03, 2.25606328e-03,
       0., 1.69204746e-03, 3.94811062e-03, 2.82007921e-03, 0.,
       5.64015820e-04, 1.12803164e-03, 0., 5.64015820e-04,
       5.64015820e-04, 0., 5.64015820e-04, 5.64015820e-04, 0.,
       1.69204746e-03, 0., 1.12803164e-03, 5.64015820e-04,
       3.94811062e-03, 0., 2.82007921e-03, 5.64015820e-04,
       5.64015820e-04, 2.82007921e-03, 2.25606328e-03, 5.64015820e-04,
       1.12803164e-03, 2.25606328e-03, 0., 2.82007921e-03,
       2.25606328e-03, 1.12803164e-03, 1.12803164e-03, 1.69204746e-03,
       1.69204746e-03, 0., 2.25606328e-03, 2.25606328e-03,
       5.64015820e-04, 1.69204746e-03, 0., 0., 5.07614249e-03,
       2.82007921e-03, 0., 5.64015820e-04, 5.64015820e-04,
       5.64015820e-04, 2.25606328e-03, 1.12803164e-03, 0.,
       1.12803164e-03, 2.25606328e-03, 0., 5.64015820e-04,
       1.69204746e-03, 5.64015820e-04, 2.82007921e-03, 5.64015820e-04,
       0., 1.69204746e-03, 0., 1.69204746e-03, 1.12803164e-03,
       1.12803164e-03, 0., 1.12803164e-03, 2.25606328e-03,
       1.69204746e-03, 1.69204746e-03, 0., 3.38409492e-03,
       5.64015820e-04, 5.64015820e-04, 2.25606328e-03, 6.76818984e-03,
       0., 0., 1.12803164e-03, 0., 2.25606328e-03, 5.64015820e-04,
       2.25606328e-03, 0., 0., 0., 5.64015820e-04, 5.64015820e-04, 0.,
       1.69204746e-03, 5.64015820e-04, 5.64015820e-04, 1.12803164e-03,
       1.69204746e-03, 0., 1.12803164e-03, 1.12803164e-03,
       5.64015843e-03, 3.38409492e-03, 1.69204746e-03, 0.,
       1.12803164e-03, 1.69204746e-03, 0., 1.12803164e-03,
       1.69204746e-03, 4.51212656e-03, 1.12803164e-03, 1.12803164e-03,
       5.64015820e-04, 1.12803164e-03, 5.64015820e-04, 3.38409492e-03,
       2.82007921e-03, 5.64015820e-04, 5.64015820e-04, 5.64015820e-04,
       5.64015820e-04, 2.25606328e-03, 1.12803164e-03, 4.51212656e-03,
       0., 5.64015820e-04, 0., 5.64015820e-04, 0., 0., 1.69204746e-03,
       3.94811062e-03, 1.12803164e-03, 1.69204746e-03, 1.69204746e-03,
       0., 4.51212656e-03, 2.82007921e-03, 2.25606328e-03,
       2.82007921e-03, 5.64015820e-04, 1.69204746e-03, 0.,
       5.64015820e-04, 1.12803164e-03, 0., 5.64015820e-04,
       1.69204746e-03, 6.20417390e-03, 1.69204746e-03, 3.38409492e-03,
       1.12803164e-03, 1.12803164e-03, 5.64015820e-04, 5.64015820e-04,
       5.64015843e-03, 0., 5.64015820e-04, 0., 1.12803164e-03,
       1.12803164e-03, 5.64015820e-04, 1.12803164e-03, 0.,
       5.64015820e-04, 5.64015820e-04, 0., 1.12803164e-03,
       1.69204746e-03, 5.64015820e-04, 3.38409492e-03, 1.12803164e-03,
       5.64015820e-04, 0., 2.82007921e-03, 1.12803164e-03,
       1.69204746e-03, 2.25606328e-03, 6.20417390e-03, 2.82007921e-03,
       1.12803164e-03, 5.64015820e-04, 5.64015820e-04, 0.,
       1.12803164e-03, 1.69204746e-03, 2.82007921e-03, 0.,
       1.12803164e-03, 5.64015820e-04, 1.69204746e-03, 1.69204746e-03,
       5.64015820e-04, 0., 1.12803164e-03, 3.38409492e-03,
       1.69204746e-03, 0., 1.12803164e-03, 2.82007921e-03,
       5.64015820e-04, 1.12803164e-03, 0., 0., 2.82007921e-03,
       5.64015820e-04, 0., 0., 2.82007921e-03, 3.38409492e-03,
       3.38409492e-03, 5.64015820e-04, 1.12803164e-03, 5.64015820e-04,
       5.64015820e-04, 5.64015820e-04, 0., 1.69204746e-03,
       1.12803164e-03, 1.12803164e-03, 1.12803164e-03, 5.64015820e-04,
       0., 0., 1.69204746e-03, 5.64015820e-04, 1.69204746e-03,
       1.69204746e-03, 5.64015820e-04, 0., 0., 5.64015820e-04,
       1.69204746e-03, 1.12803164e-03, 0., 0., 0., 5.64015820e-04,
       2.25606328e-03, 2.25606328e-03, 5.64015820e-04, 2.82007921e-03,
       0., 1.69204746e-03, 1.69204746e-03, 5.64015820e-04,
       2.82007921e-03, 1.69204746e-03, 0., 1.12803164e-03,
       1.12803164e-03, 5.64015820e-04, 1.69204746e-03, 5.64015820e-04,
       1.69204746e-03, 1.12803164e-03, 2.82007921e-03, 5.64015820e-04,
       1.69204746e-03, 5.64015820e-04, 0., 1.69204746e-03,
       5.64015820e-04, 0., 5.64015820e-04, 5.64015820e-04,
       5.64015820e-04, 0., 0., 1.69204746e-03, 5.64015820e-04, 0.,
       5.64015820e-04, 1.69204746e-03, 1.12803164e-03, 0.,
       1.12803164e-03, 3.94811062e-03, 5.64015820e-04, 1.12803164e-03,
       1.12803164e-03, 0., 5.64015820e-04, 1.69204746e-03,
       5.64015820e-04, 1.69204746e-03, 5.64015820e-04, 5.64015820e-04,
       5.64015820e-04, 0., 3.94811062e-03, 5.64015820e-04, 0.,
       2.82007921e-03, 0., 1.12803164e-03, 1.69204746e-03,
       5.64015820e-04, 2.25606328e-03, 5.64015820e-04, 2.82007921e-03,
       5.64015820e-04, 2.82007921e-03, 1.69204746e-03, 2.25606328e-03,
       1.12803164e-03, 0., 0., 5.64015820e-04, 1.12803164e-03,
       3.38409492e-03, 5.64015820e-04, 2.25606328e-03, 0.,
       2.25606328e-03, 1.12803164e-03, 0., 2.25606328e-03,
       1.12803164e-03, 5.64015820e-04, 2.82007921e-03, 0.,
       5.64015820e-04, 1.69204746e-03, 0., 2.25606328e-03, 0., 0.,
       1.69204746e-03, 1.12803164e-03, 3.38409492e-03, 5.64015820e-04,
       4.51212656e-03, 0., 1.12803164e-03, 2.82007921e-03, 0.,
       5.64015820e-04, 1.12803164e-03, 1.12803164e-03, 1.12803164e-03,
       0., 5.64015820e-04, 5.64015820e-04, 5.64015820e-04,
       1.69204746e-03, 5.64015820e-04, 2.25606328e-03, 2.25606328e-03,
       0., 5.64015820e-04, 2.82007921e-03, 1.12803164e-03,
       1.69204746e-03, 0., 5.64015820e-04, 1.69204746e-03,
       5.64015820e-04, 2.25606328e-03, 2.25606328e-03, 5.64015820e-04,
       2.82007921e-03, 2.82007921e-03, 1.69204746e-03, 0., 0., 0.,
