%YAML:1.0
m10f: !!opencv-matrix
   rows: 1
   cols: 800
   dt: f
   data: [ 0., 4.92125982e-04, 3.44488188e-03, 1.47637795e-03,
       4.92125982e-04, 0., 9.84251965e-04, 1.96850393e-03,
       2.46062991e-03, 1.47637795e-03, 1.47637795e-03, 4.92125982e-04,
       0., 2.46062991e-03, 1.96850393e-03, 0., 0., 9.84251965e-04, 0.,
       2.46062991e-03, 5.90551179e-03, 9.84251965e-04, 9.84251965e-04,
       0., 1.47637795e-03, 9.84251965e-04, 4.92125982e-04,
       3.93700786e-03, 0., 4.92125982e-04, 0., 1.47637795e-03,
       2.95275589e-03, 4.92125982e-03, 0., 9.84251965e-04,
       4.92125982e-04, 2.95275589e-03, 1.96850393e-03, 1.96850393e-03,
       9.84251965e-04, 1.96850393e-03, 1.47637795e-03, 2.95275589e-03,
       4.92125982e-04, 4.92125982e-04, 0., 0., 0., 0., 4.92125982e-04,
       4.92125982e-04, 9.84251965e-04, 9.84251965e-04, 0., 0.,
       2.46062991e-03, 4.92125982e-04, 4.92125982e-04, 2.46062991e-03,
       4.92125982e-04, 1.47637795e-03, 4.92125982e-04, 3.44488188e-03,
       2.95275589e-03, 9.84251965e-04, 2.46062991e-03, 1.47637795e-03,
       0., 4.92125982e-04, 4.92125982e-04, 1.96850393e-03,
       4.92125982e-04, 9.84251965e-04, 0., 1.47637795e-03, 0.,
       4.92125982e-04, 1.47637795e-03, 9.84251965e-04, 4.92125982e-04,
       0., 4.92125982e-04, 4.92125982e-04, 2.46062991e-03,
       2.46062991e-03, 1.96850393e-03, 9.84251965e-04, 1.47637795e-03,
       4.92125982e-04, 4.92125982e-04, 4.92125982e-04, 4.92125982e-04,
       2.95275589e-03, 2.46062991e-03, 1.47637795e-03, 1.47637795e-03,
       9.84251965e-04, 4.92125982e-04, 4.92125982e-04, 4.92125982e-04,
       4.92125982e-04, 2.46062991e-03, 0., 4.92125982e-04,
       9.84251965e-04, 9.84251965e-04, 4.92125982e-04, 4.92125982e-04,
       0., 9.84251965e-04, 4.92125982e-04, 0., 0., 3.44488188e-03,
       9.84251965e-04, 4.92125982e-04, 1.96850393e-03, 4.92125982e-04,
       1.96850393e-03, 9.84251965e-04, 0., 9.84251965e-04,
       5.41338604e-03, 4.92125982e-04, 9.84251965e-04, 9.84251965e-04,
       1.96850393e-03, 9.84251965e-04, 2.46062991e-03, 0.,
       9.84251965e-04, 3.93700786e-03, 0., 1.47637795e-03, 0.,
       1.96850393e-03, 1.96850393e-03, 4.92125982e-04, 1.47637795e-03,
       4.92125982e-04, 4.92125982e-04, 1.96850393e-03, 0., 0.,
       4.92125982e-03, 9.84251965e-04, 4.92125982e-04, 0.,
       4.92125982e-04, 1.47637795e-03, 9.84251965e-04, 4.92125982e-04,
       3.44488188e-03, 9.84251965e-04, 0., 0., 2.95275589e-03,
       2.95275589e-03, 1.96850393e-03, 0., 4.92125982e-04,
       1.47637795e-03, 4.92125982e-04, 0., 1.47637795e-03,
       1.96850393e-03, 9.84251965e-04, 2.46062991e-03, 3.93700786e-03,
       1.47637795e-03, 0., 9.84251965e-04, 3.93700786e-03,
       2.46062991e-03, 0., 4.92125982e-04, 1.47637795e-03,
       4.92125982e-04, 9.84251965e-04, 2.46062991e-03, 1.96850393e-03,
       4.92125982e-04, 4.92125982e-04, 4.92125982e-04, 9.84251965e-04,
       0., 2.46062991e-03, 0., 3.44488188e-03, 4.92125982e-04,
       4.92125982e-04, 0., 0., 2.95275589e-03, 4.92125982e-03,
       9.84251965e-04, 1.47637795e-03, 0., 0., 2.95275589e-03,
       1.47637795e-03, 4.92125982e-04, 4.42913361e-03, 1.47637795e-03,
       4.92125982e-04, 4.92125982e-04, 4.92125982e-04, 4.92125982e-04,
       2.46062991e-03, 2.46062991e-03, 0., 0., 1.03346454e-02, 0.,
       1.96850393e-03, 4.92125982e-04, 4.92125982e-04, 9.84251965e-04,
       0., 9.84251965e-04, 9.84251965e-04, 1.47637795e-03,
       4.42913361e-03, 4.92125982e-04, 2.46062991e-03, 4.92125982e-04,
       1.47637795e-03, 2.95275589e-03, 1.47637795e-03, 0.,
       4.92125982e-04, 0., 0., 1.47637795e-03, 0., 1.47637795e-03,
       1.47637795e-03, 4.92125982e-04, 4.92125982e-03, 2.46062991e-03,
       2.95275589e-03, 1.47637795e-03, 0., 4.92125982e-04,
       2.46062991e-03, 3.93700786e-03, 4.92125982e-04, 0.,
       9.84251965e-04, 4.42913361e-03, 9.84251965e-04, 9.84251965e-04,
       1.96850393e-03, 4.92125982e-04, 4.92125982e-04, 0.,
       2.95275589e-03, 4.92125982e-04, 9.84251965e-04, 9.84251965e-04,
       9.84251965e-04, 1.96850393e-03, 0., 9.84251965e-04, 0.,
       4.92125982e-04, 1.96850393e-03, 2.46062991e-03, 1.96850393e-03,
       4.92125982e-04, 0., 0., 4.92125982e-04, 0., 9.84251965e-04,
       1.47637795e-03, 2.46062991e-03, 4.92125982e-04, 1.47637795e-03,
       3.44488188e-03, 9.84251965e-04, 9.84251965e-04, 9.84251965e-04,
       0., 1.47637795e-03, 0., 2.46062991e-03, 0., 1.47637795e-03,
       1.96850393e-03, 3.44488188e-03, 0., 2.46062991e-03,
       1.47637795e-03, 4.92125982e-04, 1.96850393e-03, 2.46062991e-03,
       1.47637795e-03, 1.96850393e-03, 9.84251965e-04, 0.,
       3.93700786e-03, 0., 1.47637795e-03, 4.92125982e-04,
       4.92125982e-04, 4.92125982e-04, 1.47637795e-03, 0.,
       4.92125982e-04, 0., 1.47637795e-03, 4.92125982e-04,
       2.46062991e-03, 0., 3.44488188e-03, 1.47637795e-03, 0.,
       4.42913361e-03, 4.92125982e-04, 0., 1.47637795e-03,
       2.46062991e-03, 0., 1.47637795e-03, 4.92125982e-04,
       4.92125982e-03, 3.93700786e-03, 4.92125982e-04, 1.96850393e-03,
       0., 0., 1.47637795e-03, 0., 1.47637795e-03, 1.96850393e-03,
       4.92125982e-04, 1.96850393e-03, 9.84251965e-04, 9.84251965e-04,
       0., 4.92125982e-04, 9.84251965e-04, 3.44488188e-03,
       9.84251965e-04, 3.44488188e-03, 9.84251965e-04, 1.96850393e-03,
       9.84251965e-04, 4.92125982e-04, 0., 0., 0., 3.44488188e-03, 0.,
       1.47637795e-03, 9.84251965e-04, 4.92125982e-04, 9.84251965e-04,
       1.47637795e-03, 9.84251965e-04, 9.84251965e-04, 3.44488188e-03,
       4.92125982e-04, 0., 3.93700786e-03, 0., 1.47637795e-03,
       1.96850393e-03, 0., 9.84251965e-04, 1.47637795e-03,
       4.92125982e-04, 4.92125982e-04, 0., 4.42913361e-03,
       1.47637795e-03, 4.92125982e-04, 1.47637795e-03, 0., 0.,
       1.47637795e-03, 0., 0., 2.95275589e-03, 0., 3.44488188e-03,
       9.84251965e-04, 4.92125982e-04, 3.93700786e-03, 0.,
       9.84251965e-04, 0., 1.96850393e-03, 2.46062991e-03, 0., 0., 0.,
       2.95275589e-03, 1.47637795e-03, 2.95275589e-03, 4.92125982e-04,
       0., 9.84251965e-04, 0., 0., 4.92125982e-04, 9.84251965e-04,
       4.42913361e-03, 4.92125982e-04, 3.44488188e-03, 2.95275589e-03,
       2.95275589e-03, 9.84251965e-04, 0., 9.84251965e-04,
       4.92125982e-04, 9.84251965e-04, 0., 9.84251965e-04,
       1.47637795e-03, 4.92125982e-04, 9.84251965e-04, 4.92125982e-04,
       9.84251965e-04, 1.96850393e-03, 4.92125982e-04, 0., 0., 0.,
       9.84251965e-04, 4.92125982e-04, 0., 0., 9.84251965e-04,
       6.39763754e-03, 2.95275589e-03, 1.47637795e-03, 4.92125982e-04,
       1.47637795e-03, 0., 4.92125982e-04, 4.92125982e-04,
       9.84251965e-04, 4.92125982e-04, 9.84251965e-04, 1.96850393e-03,
       9.84251965e-04, 4.92125982e-04, 4.92125982e-04, 1.96850393e-03,
       1.47637795e-03, 1.96850393e-03, 9.84251965e-04, 4.92125982e-04,
       1.47637795e-03, 9.84251965e-04, 3.44488188e-03, 1.47637795e-03,
       4.92125982e-04, 2.95275589e-03, 4.92125982e-04, 4.92125982e-04,
       4.92125982e-04, 0., 1.96850393e-03, 0., 1.96850393e-03,
       4.42913361e-03, 4.92125982e-03, 4.92125982e-04, 5.90551179e-03,
       4.92125982e-04, 9.84251965e-04, 4.92125982e-04, 9.84251965e-04,
       2.46062991e-03, 4.92125982e-04, 9.84251965e-04, 9.84251965e-04,
       4.92125982e-04, 4.92125982e-04, 0., 0., 3.44488188e-03,
       9.84251965e-04, 4.92125982e-04, 2.95275589e-03, 2.46062991e-03,
       1.47637795e-03, 9.84251965e-04, 9.84251965e-04, 3.93700786e-03,
       2.46062991e-03, 1.47637795e-03, 4.92125982e-04, 2.95275589e-03,
       9.84251965e-04, 0., 1.96850393e-03, 4.92125982e-04,
       1.96850393e-03, 3.44488188e-03, 9.84251965e-04, 0.,
       9.84251965e-04, 1.47637795e-03, 4.92125982e-04, 0.,
       9.84251965e-04, 9.84251965e-04, 1.47637795e-03, 4.92125982e-04,
       3.93700786e-03, 2.95275589e-03, 2.46062991e-03, 1.47637795e-03,
       9.84251965e-04, 3.44488188e-03, 2.95275589e-03, 1.96850393e-03,
       0., 2.46062991e-03, 9.84251965e-04, 4.92125982e-03,
