%YAML:1.0
m10f: !!opencv-matrix
   rows: 1
   cols: 800
   dt: f
   data: [ 2.02634232e-03, 3.71496100e-03, 3.37723730e-04,
       6.75447460e-04, 6.75447460e-04, 6.75447460e-04, 1.68861868e-03,
       6.75447460e-04, 1.01317116e-03, 3.37723730e-04, 3.37723730e-04,
       0., 1.68861868e-03, 1.68861868e-03, 1.01317116e-03,
       2.02634232e-03, 1.01317116e-03, 6.75447460e-04, 3.37723730e-04,
       1.68861868e-03, 6.75447460e-04, 6.75447460e-04, 1.68861868e-03,
       1.35089492e-03, 6.75447460e-04, 3.37723736e-03, 1.01317116e-03,
       3.37723730e-04, 1.01317116e-03, 2.02634232e-03, 1.01317116e-03,
       3.71496100e-03, 1.01317116e-03, 6.75447460e-04, 2.36406620e-03,
       0., 1.01317116e-03, 6.75447460e-04, 1.68861868e-03,
       3.37723730e-04, 3.37723730e-04, 2.02634232e-03, 3.37723730e-04,
       3.37723730e-04, 2.02634232e-03, 1.01317116e-03, 1.01317116e-03,
       1.35089492e-03, 2.70178984e-03, 1.01317116e-03, 6.75447460e-04,
       6.75447460e-04, 6.75447460e-04, 3.37723730e-04, 6.75447460e-04,
       2.36406620e-03, 2.70178984e-03, 1.35089492e-03, 6.75447460e-04,
       2.36406620e-03, 1.35089492e-03, 2.36406620e-03, 2.70178984e-03,
       1.35089492e-03, 6.75447460e-04, 2.02634232e-03, 3.37723730e-04,
       3.37723730e-04, 6.75447460e-04, 1.01317116e-03, 2.02634232e-03,
       6.75447460e-04, 3.03951348e-03, 1.68861868e-03, 1.35089492e-03,
       2.02634232e-03, 1.68861868e-03, 3.37723730e-04, 1.01317116e-03,
       3.37723730e-04, 6.75447460e-04, 2.36406620e-03, 1.68861868e-03,
       6.75447460e-04, 1.68861868e-03, 2.02634232e-03, 1.01317116e-03,
       5.74130332e-03, 1.68861868e-03, 2.02634232e-03, 6.75447460e-04,
       0., 3.37723730e-04, 3.71496100e-03, 1.01317116e-03,
       6.75447460e-04, 6.75447460e-04, 6.75447460e-04, 3.37723736e-03,
       1.01317116e-03, 1.68861868e-03, 1.35089492e-03, 1.68861868e-03,
       3.37723730e-04, 3.37723736e-03, 3.37723730e-04, 2.70178984e-03,
       0., 1.01317116e-03, 1.01317116e-03, 2.02634232e-03,
       3.03951348e-03, 1.68861868e-03, 6.75447460e-04, 1.35089492e-03,
       2.02634232e-03, 1.01317116e-03, 1.35089492e-03, 1.01317116e-03,
       3.37723730e-04, 3.37723730e-04, 6.75447460e-04, 3.03951348e-03,
       1.35089492e-03, 1.68861868e-03, 6.75447460e-04, 3.37723730e-04,
       1.01317116e-03, 2.02634232e-03, 1.01317116e-03, 1.35089492e-03,
       1.68861868e-03, 1.01317116e-03, 2.70178984e-03, 6.75447460e-04,
       6.75447460e-04, 6.75447460e-04, 1.68861868e-03, 1.68861868e-03,
       2.02634232e-03, 3.37723730e-04, 0., 1.01317116e-03,
       1.01317116e-03, 6.75447460e-04, 6.75447460e-04, 1.68861868e-03,
       1.01317116e-03, 6.75447460e-04, 6.75447460e-04, 2.70178984e-03,
       2.02634232e-03, 1.68861868e-03, 6.75447460e-04, 2.02634232e-03,
       1.01317116e-03, 2.36406620e-03, 6.75447460e-04, 3.37723736e-03,
       6.75447460e-04, 3.37723730e-04, 1.01317116e-03, 3.37723730e-04,
       1.35089492e-03, 1.35089492e-03, 1.01317116e-03, 1.35089492e-03,
       3.37723730e-04, 3.03951348e-03, 3.37723730e-04, 1.68861868e-03,
       6.75447460e-04, 1.68861868e-03, 0., 6.75447460e-04,
       6.75447460e-04, 3.37723730e-04, 0., 3.37723730e-04,
       1.35089492e-03, 2.70178984e-03, 1.01317116e-03, 1.01317116e-03,
       1.01317116e-03, 1.35089492e-03, 1.01317116e-03, 6.75447460e-04,
       3.37723730e-04, 6.75447460e-04, 3.37723730e-04, 1.68861868e-03,
       1.01317116e-03, 0., 2.02634232e-03, 6.75447460e-04,
       1.68861868e-03, 6.75447460e-04, 1.01317116e-03, 1.68861868e-03,
       2.36406620e-03, 2.02634232e-03, 1.01317116e-03, 3.37723730e-04,
       0., 2.02634232e-03, 2.36406620e-03, 3.37723730e-04,
       3.37723730e-04, 1.01317116e-03, 6.75447460e-04, 1.35089492e-03,
       1.68861868e-03, 6.75447460e-04, 1.35089492e-03, 6.75447460e-04,
       1.01317116e-03, 1.35089492e-03, 3.37723730e-04, 6.75447460e-04,
       2.02634232e-03, 2.70178984e-03, 3.37723730e-04, 2.36406620e-03,
       3.37723730e-04, 1.68861868e-03, 6.75447460e-04, 1.68861868e-03,
       1.01317116e-03, 6.75447460e-04, 0., 3.37723730e-04,
       1.35089492e-03, 6.75447460e-04, 3.37723730e-04, 2.70178984e-03,
       3.37723730e-04, 2.02634232e-03, 1.35089492e-03, 1.68861868e-03,
       1.68861868e-03, 2.02634232e-03, 0., 1.35089492e-03,
       3.03951348e-03, 2.36406620e-03, 0., 2.36406620e-03,
       1.35089492e-03, 1.01317116e-03, 1.01317116e-03, 1.35089492e-03,
       2.36406620e-03, 2.02634232e-03, 6.75447460e-04, 3.37723730e-04,
       6.75447460e-04, 0., 1.35089492e-03, 3.37723730e-04,
       1.68861868e-03, 0., 6.75447460e-04, 1.01317116e-03,
       1.01317116e-03, 1.01317116e-03, 1.01317116e-03, 3.71496100e-03,
       0., 1.68861868e-03, 6.75447460e-04, 1.35089492e-03,
       1.01317116e-03, 2.36406620e-03, 1.68861868e-03, 1.35089492e-03,
       3.37723730e-04, 2.36406620e-03, 6.75447460e-04, 6.75447460e-04,
       1.68861868e-03, 1.35089492e-03, 2.70178984e-03, 1.01317116e-03,
       3.37723730e-04, 1.68861868e-03, 1.01317116e-03, 1.68861868e-03,
       6.75447460e-04, 3.37723730e-04, 1.68861868e-03, 2.02634232e-03,
       6.75447460e-04, 1.01317116e-03, 0., 3.03951348e-03,
       1.01317116e-03, 6.75447460e-04, 4.05268464e-03, 3.37723730e-04,
       6.75447460e-04, 1.35089492e-03, 0., 2.02634232e-03,
       1.68861868e-03, 3.37723730e-04, 2.36406620e-03, 3.37723730e-04,
       1.01317116e-03, 1.68861868e-03, 4.39040828e-03, 1.35089492e-03,
       1.35089492e-03, 6.75447460e-04, 2.70178984e-03, 1.68861868e-03,
       1.01317116e-03, 0., 1.01317116e-03, 1.68861868e-03,
       1.01317116e-03, 1.68861868e-03, 0., 1.35089492e-03,
       1.68861868e-03, 1.68861868e-03, 3.37723730e-04, 3.37723730e-04,
       6.75447460e-04, 1.35089492e-03, 3.37723730e-04, 6.75447460e-04,
       1.68861868e-03, 1.01317116e-03, 3.37723730e-04, 6.75447460e-04,
       6.75447460e-04, 2.02634232e-03, 1.01317116e-03, 1.68861868e-03,
       1.01317116e-03, 6.75447460e-04, 3.37723730e-04, 1.68861868e-03,
       3.37723730e-04, 3.37723730e-04, 1.68861868e-03, 1.35089492e-03,
       1.68861868e-03, 1.35089492e-03, 1.01317116e-03, 3.37723736e-03,
       2.36406620e-03, 1.01317116e-03, 1.01317116e-03, 2.36406620e-03,
       1.35089492e-03, 0., 1.35089492e-03, 1.68861868e-03,
       1.35089492e-03, 1.68861868e-03, 1.01317116e-03, 2.36406620e-03,
       1.01317116e-03, 6.75447460e-04, 6.75447460e-04, 6.75447460e-04,
       3.37723730e-04, 3.37723730e-04, 2.36406620e-03, 1.68861868e-03,
       1.01317116e-03, 1.35089492e-03, 3.37723730e-04, 1.35089492e-03,
       1.68861868e-03, 1.01317116e-03, 1.01317116e-03, 6.75447460e-04,
       1.01317116e-03, 1.35089492e-03, 1.68861868e-03, 1.35089492e-03,
       1.35089492e-03, 1.01317116e-03, 3.03951348e-03, 2.36406620e-03,
       0., 3.37723736e-03, 6.75447460e-04, 3.37723736e-03,
       6.75447460e-04, 1.01317116e-03, 2.36406620e-03, 1.01317116e-03,
       3.37723730e-04, 3.71496100e-03, 6.75447460e-04, 1.01317116e-03,
       3.37723730e-04, 2.02634232e-03, 1.35089492e-03, 1.68861868e-03,
       3.37723730e-04, 2.36406620e-03, 2.36406620e-03, 1.01317116e-03,
       2.02634232e-03, 6.75447460e-04, 6.75447460e-04, 1.01317116e-03,
       2.70178984e-03, 2.02634232e-03, 0., 1.01317116e-03,
       3.37723730e-04, 2.36406620e-03, 1.01317116e-03, 2.02634232e-03,
       1.68861868e-03, 3.37723730e-04, 1.01317116e-03, 3.37723730e-04,
       6.75447460e-04, 1.68861868e-03, 3.37723730e-04, 6.75447460e-04,
       2.02634232e-03, 1.01317116e-03, 1.35089492e-03, 3.37723730e-04,
       1.35089492e-03, 3.71496100e-03, 1.35089492e-03, 3.37723730e-04,
       6.75447460e-04, 1.01317116e-03, 1.35089492e-03, 6.75447460e-04,
       0., 2.02634232e-03, 1.68861868e-03, 1.01317116e-03,
       1.35089492e-03, 1.35089492e-03, 3.37723730e-04, 3.37723730e-04,
       6.75447460e-04, 6.75447460e-04, 3.37723730e-04, 1.68861868e-03,
       2.70178984e-03, 6.75447460e-04, 2.36406620e-03, 1.01317116e-03,
       1.68861868e-03, 1.35089492e-03, 6.75447460e-04, 0.,
