%YAML:1.0
m10f: !!opencv-matrix
   rows: 1
   cols: 200
   dt: f
   data: [ 6.95410278e-03, 1.39082060e-03, 2.78164120e-03,
       2.78164120e-03, 2.78164120e-03, 4.17246204e-03, 0.,
       6.95410278e-03, 2.78164120e-03, 6.95410278e-03, 0.,
       4.17246204e-03, 2.78164120e-03, 5.56328241e-03, 1.39082060e-03,
       1.39082060e-03, 2.78164120e-03, 6.95410278e-03, 1.39082060e-03,
       8.34492408e-03, 5.56328241e-03, 4.17246204e-03, 0.,
       6.95410278e-03, 1.39082060e-03, 6.95410278e-03, 4.17246204e-03,
       2.78164120e-03, 5.56328241e-03, 2.78164120e-03, 6.95410278e-03,
       1.80806685e-02, 0., 4.17246204e-03, 6.95410278e-03,
       1.39082060e-03, 4.17246204e-03, 2.78164120e-03, 2.78164120e-03,
       2.78164120e-03, 6.95410278e-03, 1.52990269e-02, 5.56328241e-03,
       2.78164120e-03, 0., 5.56328241e-03, 1.39082060e-03, 0.,
       8.34492408e-03, 2.78164120e-03, 5.56328241e-03, 1.11265648e-02,
       1.39082060e-03, 8.34492408e-03, 4.17246204e-03, 1.39082060e-03,
       5.56328241e-03, 1.39082060e-03, 1.80806685e-02, 1.66898482e-02,
       6.95410278e-03, 5.56328241e-03, 1.39082060e-03, 4.17246204e-03,
       4.17246204e-03, 6.95410278e-03, 4.17246204e-03, 4.17246204e-03,
       5.56328241e-03, 4.17246204e-03, 1.39082060e-03, 9.73574445e-03,
       4.17246204e-03, 4.17246204e-03, 0., 2.78164120e-03,
       6.95410278e-03, 1.39082060e-03, 8.34492408e-03, 2.78164120e-03,
       9.73574445e-03, 5.56328241e-03, 8.34492408e-03, 6.95410278e-03,
       1.94714889e-02, 2.78164120e-03, 2.78164120e-03, 2.78164120e-03,
       8.34492408e-03, 9.73574445e-03, 1.25173852e-02, 6.95410278e-03,
       9.73574445e-03, 6.95410278e-03, 6.95410278e-03, 2.78164120e-03,
       1.39082056e-02, 6.95410278e-03, 2.78164120e-03, 1.39082060e-03,
       8.34492408e-03, 5.56328241e-03, 2.78164120e-03, 0.,
       9.73574445e-03, 8.34492408e-03, 9.73574445e-03, 1.39082060e-03,
       1.39082060e-03, 2.78164120e-03, 6.95410278e-03, 5.56328241e-03,
       9.73574445e-03, 1.39082060e-03, 4.17246204e-03, 4.17246204e-03,
       9.73574445e-03, 0., 5.56328241e-03, 1.39082060e-03,
       1.39082060e-03, 6.95410278e-03, 6.95410278e-03, 0.,
       2.78164120e-03, 2.78164120e-03, 9.73574445e-03, 6.95410278e-03,
       1.39082060e-03, 1.39082060e-03, 8.34492408e-03, 0.,
       5.56328241e-03, 1.39082060e-03, 5.56328241e-03, 1.11265648e-02,
       4.17246204e-03, 1.39082060e-03, 5.56328241e-03, 5.56328241e-03,
       5.56328241e-03, 2.78164120e-03, 0., 0., 2.78164120e-03,
       1.39082060e-03, 4.17246204e-03, 2.78164120e-03, 1.39082060e-03,
       1.11265648e-02, 1.39082060e-03, 5.56328241e-03, 5.56328241e-03,
       2.78164120e-03, 1.66898482e-02, 6.95410278e-03, 5.56328241e-03,
       5.56328241e-03, 1.39082060e-03, 8.34492408e-03, 2.78164120e-03,
       0., 9.73574445e-03, 5.56328241e-03, 6.95410278e-03,
       8.34492408e-03, 6.95410278e-03, 8.34492408e-03, 4.17246204e-03,
       5.56328241e-03, 1.39082060e-03, 0., 0., 1.11265648e-02,
       5.56328241e-03, 1.39082060e-03, 2.78164120e-03, 8.34492408e-03,
       6.95410278e-03, 2.78164120e-03, 2.78164120e-03, 0.,
       8.34492408e-03, 8.34492408e-03, 2.78164120e-03, 6.95410278e-03,
       1.80806685e-02, 5.56328241e-03, 0., 8.34492408e-03,
       4.17246204e-03, 1.39082060e-03, 2.78164120e-03, 4.17246204e-03,
       4.17246204e-03, 1.39082060e-03, 2.78164120e-03, 9.73574445e-03,
       4.17246204e-03, 4.17246204e-03 ]
