%YAML:1.0
m10f: !!opencv-matrix
   rows: 1
   cols: 800
   dt: f
   data: [ 0., 2.86123040e-03, 1.43061520e-03, 1.43061520e-03, 0., 0.,
       1.43061520e-03, 0., 2.86123040e-03, 4.29184549e-03, 0.,
       1.43061520e-03, 2.86123040e-03, 0., 1.43061520e-03,
       2.86123040e-03, 0., 2.86123040e-03, 0., 2.86123040e-03, 0.,
       1.43061520e-03, 2.86123040e-03, 2.86123040e-03, 0., 0., 0.,
       1.43061520e-03, 0., 0., 1.43061520e-03, 0., 1.43061520e-03,
       1.43061520e-03, 0., 0., 1.43061520e-03, 0., 4.29184549e-03,
       4.29184549e-03, 1.43061520e-03, 0., 1.43061520e-03,
       2.86123040e-03, 4.29184549e-03, 2.86123040e-03, 0., 0., 0., 0.,
       0., 0., 5.72246080e-03, 1.43061520e-03, 0., 4.29184549e-03,
       1.43061520e-03, 0., 2.86123040e-03, 1.43061520e-03, 0.,
       2.86123040e-03, 0., 0., 0., 4.29184549e-03, 0., 1.43061520e-03,
       1.43061520e-03, 1.43061520e-03, 2.86123040e-03, 2.86123040e-03,
       0., 0., 0., 1.43061520e-03, 2.86123040e-03, 0., 0., 0., 0., 0.,
       0., 1.43061520e-03, 0., 2.86123040e-03, 2.86123040e-03, 0., 0.,
       0., 1.43061520e-03, 0., 0., 0., 2.86123040e-03, 0.,
       1.43061520e-03, 0., 1.43061520e-03, 0., 2.86123040e-03,
       1.43061520e-03, 0., 1.43061520e-03, 1.43061520e-03,
       1.43061520e-03, 1.43061520e-03, 4.29184549e-03, 0.,
       1.43061520e-03, 1.43061520e-03, 2.86123040e-03, 4.29184549e-03,
       0., 1.43061520e-03, 1.43061520e-03, 0., 1.28755365e-02,
       4.29184549e-03, 1.43061520e-03, 1.28755365e-02, 2.86123040e-03,
       4.29184549e-03, 0., 0., 1.43061520e-03, 0., 1.43061520e-03, 0.,
       1.43061520e-03, 1.43061520e-03, 1.43061520e-03, 1.43061520e-03,
       0., 4.29184549e-03, 1.43061520e-03, 2.86123040e-03, 0., 0., 0.,
       1.43061520e-03, 1.43061520e-03, 0., 0., 4.29184549e-03, 0., 0.,
       1.43061520e-03, 1.43061520e-03, 2.86123040e-03, 0.,
       1.43061520e-03, 1.43061520e-03, 0., 1.43061520e-03, 0.,
       2.86123040e-03, 1.43061520e-03, 1.43061520e-03, 2.86123040e-03,
       0., 1.00143068e-02, 0., 0., 1.43061520e-03, 0., 0.,
       1.43061520e-03, 1.43061520e-03, 1.43061520e-03, 0.,
       2.86123040e-03, 1.43061520e-03, 2.86123040e-03, 0., 0.,
       2.86123040e-03, 2.86123040e-03, 1.43061520e-03, 1.43061520e-03,
       0., 0., 1.43061520e-03, 1.43061520e-03, 0., 1.43061520e-03,
       1.43061520e-03, 4.29184549e-03, 0., 0., 0., 0., 1.43061520e-03,
       0., 2.86123040e-03, 0., 0., 1.43061520e-03, 2.86123040e-03, 0.,
       4.29184549e-03, 0., 1.43061520e-03, 0., 1.43061520e-03,
       2.86123040e-03, 2.86123040e-03, 0., 0., 0., 0., 0., 0.,
       2.86123040e-03, 0., 0., 5.72246080e-03, 0., 7.15307612e-03, 0.,
       1.43061520e-03, 2.86123040e-03, 2.86123040e-03, 0.,
       1.43061520e-03, 1.43061520e-03, 0., 2.86123040e-03,
       2.86123040e-03, 0., 2.86123040e-03, 0., 2.86123040e-03,
       5.72246080e-03, 0., 0., 0., 0., 0., 1.43061520e-03,
       2.86123040e-03, 0., 0., 0., 1.43061520e-03, 0., 0., 0.,
       2.86123040e-03, 1.43061520e-03, 0., 0., 2.86123040e-03,
       1.43061520e-03, 0., 0., 2.86123040e-03, 1.43061520e-03,
       4.29184549e-03, 1.43061520e-03, 4.29184549e-03, 4.29184549e-03,
       0., 0., 0., 1.43061520e-03, 0., 0., 0., 0., 0., 1.43061520e-03,
       0., 0., 0., 1.43061520e-03, 1.43061520e-03, 0., 1.43061520e-03,
       0., 2.86123040e-03, 1.43061520e-03, 1.43061520e-03, 0., 0., 0.,
       1.43061520e-03, 0., 0., 2.86123040e-03, 0., 1.43061520e-03, 0.,
       2.86123040e-03, 1.43061520e-03, 0., 0., 2.86123040e-03,
       1.43061520e-03, 0., 0., 2.86123040e-03, 0., 1.43061520e-03,
       4.29184549e-03, 1.43061520e-03, 1.43061520e-03, 0.,
       1.43061520e-03, 0., 4.29184549e-03, 1.43061520e-03, 0.,
       1.43061520e-03, 0., 2.86123040e-03, 0., 4.29184549e-03, 0., 0.,
       1.43061520e-03, 4.29184549e-03, 0., 0., 1.43061520e-03,
       4.29184549e-03, 2.86123040e-03, 0., 0., 4.29184549e-03,
       4.29184549e-03, 0., 1.43061520e-03, 1.43061520e-03,
       1.43061520e-03, 0., 0., 0., 7.15307612e-03, 0., 1.43061520e-03,
       2.86123040e-03, 2.86123040e-03, 1.43061520e-03, 0.,
       1.43061520e-03, 2.86123040e-03, 1.43061520e-03, 0.,
       1.43061520e-03, 0., 1.43061520e-03, 0., 0., 0., 0., 0., 0., 0.,
       0., 0., 1.43061520e-03, 1.43061520e-03, 2.86123040e-03,
       2.86123040e-03, 0., 1.43061520e-03, 7.15307612e-03,
       1.43061520e-03, 0., 2.86123040e-03, 0., 0., 0., 2.86123040e-03,
       0., 0., 1.43061520e-03, 1.43061520e-03, 0., 0., 1.43061520e-03,
       0., 5.72246080e-03, 0., 2.86123040e-03, 4.29184549e-03, 0., 0.,
       0., 1.43061520e-03, 1.43061520e-03, 1.43061520e-03, 0., 0.,
       1.43061520e-03, 0., 0., 0., 0., 2.86123040e-03, 1.43061520e-03,
       1.43061520e-03, 1.43061520e-03, 4.29184549e-03, 0.,
       1.43061520e-03, 0., 0., 0., 0., 0., 1.43061520e-03,
       1.43061520e-03, 0., 0., 1.43061520e-03, 1.43061520e-03, 0., 0.,
       4.29184549e-03, 0., 1.43061520e-03, 1.43061520e-03, 0., 0.,
       1.43061520e-03, 0., 1.43061520e-03, 0., 2.86123040e-03, 0.,
       1.43061520e-03, 2.86123040e-03, 0., 0., 2.86123040e-03, 0., 0.,
       0., 2.86123040e-03, 0., 2.86123040e-03, 0., 0., 0., 0., 0.,
       1.43061520e-03, 0., 0., 0., 8.58369097e-03, 1.43061520e-03,
       2.86123040e-03, 0., 4.29184549e-03, 1.43061520e-03, 0., 0., 0.,
       1.43061520e-03, 0., 0., 1.43061520e-03, 5.72246080e-03, 0., 0.,
       0., 7.15307612e-03, 1.43061520e-03, 2.86123040e-03,
       1.43061520e-03, 0., 0., 0., 2.86123040e-03, 0., 1.43061520e-03,
       0., 2.86123040e-03, 0., 2.86123040e-03, 1.43061520e-03, 0., 0.,
       0., 1.43061520e-03, 0., 1.00143068e-02, 1.43061520e-03,
       1.43061520e-03, 0., 1.43061520e-03, 0., 0., 0., 1.43061520e-03,
       1.43061520e-03, 0., 1.43061520e-03, 2.86123040e-03,
       1.43061520e-03, 0., 0., 0., 0., 1.43061520e-03, 1.43061520e-03,
       5.72246080e-03, 0., 1.43061520e-03, 1.43061520e-03, 0., 0., 0.,
       0., 1.43061520e-03, 0., 2.86123040e-03, 0., 2.86123040e-03,
       8.58369097e-03, 0., 0., 0., 0., 0., 0., 2.86123040e-03,
       2.86123040e-03, 0., 2.86123040e-03, 0., 0., 0., 1.43061520e-03,
       1.43061520e-03, 1.43061520e-03, 0., 0., 4.29184549e-03, 0.,
       1.43061520e-03, 0., 1.43061520e-03, 1.43061520e-03, 0.,
       4.29184549e-03, 0., 0., 0., 1.43061520e-03, 0., 4.29184549e-03,
       0., 2.86123040e-03, 1.43061520e-03, 2.86123040e-03, 0.,
       1.43061520e-03, 0., 2.86123040e-03, 1.43061520e-03, 0.,
       1.43061520e-03, 0., 0., 0., 5.72246080e-03, 1.43061520e-03,
       2.86123040e-03, 2.86123040e-03, 2.86123040e-03, 0.,
       1.43061520e-03, 0., 0., 1.43061520e-03, 1.43061520e-03, 0., 0.,
       1.43061520e-03, 4.29184549e-03, 0., 5.72246080e-03, 0., 0., 0.,
       0., 0., 1.43061520e-03, 1.00143068e-02, 1.43061520e-03,
       1.43061520e-03, 0., 0., 1.43061520e-03, 0., 0., 0., 0., 0.,
       1.43061520e-03, 1.43061520e-03, 0., 1.43061520e-03, 0., 0., 0.,
       0., 0., 0., 1.43061520e-03, 1.43061520e-03, 0., 2.86123040e-03,
       0., 0., 1.43061520e-03, 1.43061520e-03, 0., 0., 1.43061520e-03,
       0., 0., 2.43204590e-02, 0., 2.86123040e-03, 4.29184549e-03,
       1.43061520e-03, 0., 1.43061520e-03, 1.43061520e-03, 0., 0., 0.,
       0., 2.86123040e-03, 1.43061520e-03, 0., 0., 0., 0.,
       2.86123040e-03, 0., 0., 0., 1.43061520e-03, 2.86123040e-03,
       4.29184549e-03, 1.43061520e-03, 0., 1.43061520e-03,
       1.43061520e-03, 0., 0., 0., 0., 0., 0., 1.43061520e-03, 0.,
       2.86123040e-03, 0., 2.86123040e-03, 2.86123040e-03,
       1.43061520e-03, 1.43061520e-03, 0., 1.43061520e-03, 0., 0.,
       5.72246080e-03, 1.43061520e-03, 4.29184549e-03, 0.,
       5.72246080e-03, 0., 1.43061520e-03, 1.43061520e-03, 0.,
       1.43061520e-03, 1.43061520e-03, 2.86123040e-03, 1.43061520e-03,
       1.43061520e-03, 0., 2.86123040e-03, 2.86123040e-03, 0.,
       1.43061520e-03, 0., 0., 2.86123040e-03, 0., 0., 5.72246080e-03,
       1.43061520e-03, 0., 0., 1.43061520e-03, 1.43061520e-03, 0.,
       1.43061520e-03, 0., 0., 1.43061520e-03, 0., 0., 0.,
