%YAML:1.0
m10f: !!opencv-matrix
   rows: 1
   cols: 800
   dt: f
   data: [ 2.11237860e-03, 2.11237860e-03, 3.37980571e-03,
       1.68990286e-03, 1.68990286e-03, 0., 0., 1.26742711e-03,
       2.95733009e-03, 8.44951428e-04, 8.44951428e-04, 1.26742711e-03,
       3.37980571e-03, 1.68990286e-03, 4.22475714e-04, 8.44951428e-04,
       2.95733009e-03, 3.80228134e-03, 4.22475714e-04, 0.,
       1.68990286e-03, 1.68990286e-03, 4.22475714e-04, 4.22475714e-04,
       8.44951428e-04, 8.44951428e-04, 0., 2.53485423e-03,
       8.44951428e-04, 4.22475714e-04, 4.22475714e-04, 0.,
       2.11237860e-03, 5.49218431e-03, 4.22475714e-04, 8.44951428e-04,
       0., 0., 8.44951428e-04, 8.44951428e-04, 5.06970845e-03,
       1.68990286e-03, 4.22475714e-04, 1.26742711e-03, 1.26742711e-03,
       0., 0., 8.44951428e-04, 1.68990286e-03, 0., 1.68990286e-03,
       2.11237860e-03, 1.26742711e-03, 4.22475720e-03, 4.22475714e-04,
       8.44951428e-04, 2.11237860e-03, 2.53485423e-03, 4.22475714e-04,
       2.11237860e-03, 0., 2.53485423e-03, 4.22475714e-04,
       4.22475714e-04, 6.75961142e-03, 0., 0., 8.44951428e-04,
       8.44951428e-04, 4.22475714e-04, 1.26742711e-03, 8.44951428e-04,
       0., 4.22475714e-04, 1.26742711e-03, 4.22475714e-04, 0.,
       2.53485423e-03, 2.53485423e-03, 2.11237860e-03, 4.22475714e-04,
       8.44951428e-04, 0., 4.22475714e-04, 2.11237860e-03,
       2.53485423e-03, 0., 0., 1.68990286e-03, 2.11237860e-03,
       1.26742711e-03, 8.44951428e-04, 1.68990286e-03, 1.26742711e-03,
       3.37980571e-03, 1.26742711e-03, 4.22475714e-04, 2.11237860e-03,
       1.26742711e-03, 1.68990286e-03, 1.68990286e-03, 2.53485423e-03,
       2.11237860e-03, 0., 4.22475714e-04, 1.68990286e-03,
       1.68990286e-03, 4.22475714e-04, 8.44951428e-04, 4.22475714e-04,
       0., 2.95733009e-03, 0., 2.11237860e-03, 2.53485423e-03,
       8.44951428e-04, 0., 4.22475714e-04, 8.44951428e-04,
       1.26742711e-03, 4.22475714e-04, 2.95733009e-03, 0.,
       5.49218431e-03, 4.22475714e-04, 0., 2.53485423e-03,
       1.68990286e-03, 1.26742711e-03, 3.80228134e-03, 0.,
       8.44951428e-04, 5.91466017e-03, 4.22475714e-04, 1.26742711e-03,
       0., 1.68990286e-03, 0., 1.68990286e-03, 8.44951428e-04,
       1.68990286e-03, 4.22475714e-04, 2.53485423e-03, 2.95733009e-03,
       8.44951428e-04, 8.44951428e-04, 8.44951428e-04, 0.,
       4.22475714e-04, 2.95733009e-03, 1.68990286e-03, 0.,
       8.44951428e-04, 1.68990286e-03, 1.68990286e-03, 1.26742711e-03,
       0., 1.26742711e-03, 1.68990286e-03, 4.22475714e-04,
       8.44951428e-04, 0., 2.11237860e-03, 2.53485423e-03,
       4.22475714e-04, 8.44951428e-04, 4.22475714e-04, 8.44951428e-04,
       2.11237860e-03, 8.44951428e-04, 1.26742711e-03, 4.22475714e-04,
       2.11237860e-03, 1.68990286e-03, 1.26742711e-03, 0.,
       2.95733009e-03, 4.22475714e-04, 3.80228134e-03, 0.,
       2.11237860e-03, 0., 8.44951428e-04, 4.22475714e-04,
       2.53485423e-03, 4.22475714e-04, 4.22475714e-04, 2.11237860e-03,
       0., 2.95733009e-03, 4.22475714e-04, 1.68990286e-03,
       1.68990286e-03, 8.44951428e-04, 1.68990286e-03, 2.11237860e-03,
       8.44951428e-04, 4.22475714e-04, 4.22475714e-04, 4.22475714e-04,
       2.11237860e-03, 3.37980571e-03, 2.11237860e-03, 2.53485423e-03,
       4.22475714e-04, 0., 0., 1.68990286e-03, 1.68990286e-03,
       1.68990286e-03, 2.95733009e-03, 2.11237860e-03, 8.44951428e-04,
       2.53485423e-03, 2.11237860e-03, 4.22475714e-04, 2.53485423e-03,
       2.53485423e-03, 4.22475714e-04, 1.68990286e-03, 1.26742711e-03,
       0., 2.11237860e-03, 1.26742711e-03, 1.68990286e-03,
       8.44951428e-04, 0., 2.11237860e-03, 4.22475714e-04,
       1.68990286e-03, 4.22475714e-04, 1.68990286e-03, 8.44951428e-04,
       4.22475714e-04, 1.26742711e-03, 8.44951428e-04, 1.26742711e-03,
       1.68990286e-03, 3.37980571e-03, 4.22475714e-04, 2.53485423e-03,
       4.22475714e-04, 1.26742711e-03, 4.22475714e-04, 4.22475714e-04,
       4.22475714e-04, 2.53485423e-03, 1.26742711e-03, 4.22475714e-04,
       2.11237860e-03, 2.53485423e-03, 2.11237860e-03, 2.11237860e-03,
       2.11237860e-03, 1.26742711e-03, 3.80228134e-03, 2.95733009e-03,
       8.44951428e-04, 3.37980571e-03, 4.22475714e-04, 1.68990286e-03,
       8.44951428e-04, 0., 0., 8.44951428e-04, 1.26742711e-03,
       1.68990286e-03, 4.22475714e-04, 8.44951428e-04, 1.26742711e-03,
       1.26742711e-03, 4.22475714e-04, 8.44951428e-04, 2.11237860e-03,
       4.22475714e-04, 3.37980571e-03, 1.26742711e-03, 8.44951428e-04,
       1.68990286e-03, 1.26742711e-03, 1.26742711e-03, 1.26742711e-03,
       3.37980571e-03, 3.37980571e-03, 8.44951428e-04, 4.22475714e-04,
       4.22475714e-04, 8.44951428e-04, 8.44951428e-04, 2.53485423e-03,
       3.80228134e-03, 2.95733009e-03, 1.68990286e-03, 1.68990286e-03,
       4.22475714e-04, 0., 1.68990286e-03, 1.26742711e-03,
       2.11237860e-03, 4.22475714e-04, 4.22475714e-04, 2.95733009e-03,
       2.53485423e-03, 4.22475714e-04, 2.95733009e-03, 4.22475720e-03,
       1.68990286e-03, 4.22475714e-04, 0., 3.37980571e-03,
       4.22475714e-04, 0., 2.95733009e-03, 4.22475714e-04,
       2.11237860e-03, 8.44951428e-04, 2.95733009e-03, 0.,
       4.22475714e-04, 8.44951428e-04, 3.37980571e-03, 1.26742711e-03,
       1.68990286e-03, 1.68990286e-03, 8.44951428e-04, 2.11237860e-03,
       4.22475714e-04, 1.68990286e-03, 2.11237860e-03, 8.44951428e-04,
       1.26742711e-03, 0., 8.44951428e-04, 8.44951428e-04,
       4.22475714e-04, 1.26742711e-03, 2.95733009e-03, 2.11237860e-03,
       2.11237860e-03, 0., 8.44951428e-04, 4.22475714e-04,
       3.80228134e-03, 4.22475714e-04, 1.26742711e-03, 1.68990286e-03,
       2.11237860e-03, 8.44951428e-04, 2.95733009e-03, 1.68990286e-03,
       1.26742711e-03, 4.22475714e-04, 0., 1.68990286e-03, 0., 0.,
       8.44951428e-04, 1.26742711e-03, 2.95733009e-03, 2.11237860e-03,
       1.26742711e-03, 2.95733009e-03, 4.22475714e-04, 1.68990286e-03,
       4.22475714e-04, 4.22475714e-04, 2.53485423e-03, 2.95733009e-03,
       4.22475714e-04, 0., 4.22475714e-04, 2.53485423e-03,
       4.22475714e-04, 4.22475714e-04, 1.26742711e-03, 0.,
       1.68990286e-03, 1.26742711e-03, 8.44951428e-04, 3.37980571e-03,
       4.22475714e-04, 8.44951428e-04, 2.53485423e-03, 8.44951428e-04,
       4.22475714e-04, 8.44951428e-04, 8.44951428e-04, 4.64723306e-03,
       2.53485423e-03, 4.22475714e-04, 0., 0., 8.44951428e-04,
       4.22475714e-04, 1.68990286e-03, 3.37980571e-03, 4.22475714e-04,
       4.22475714e-04, 8.44951428e-04, 1.26742711e-03, 0.,
       2.53485423e-03, 1.26742711e-03, 4.22475714e-04, 0.,
       8.44951428e-04, 8.44951428e-04, 8.44951428e-04, 4.22475714e-04,
       1.26742711e-03, 0., 2.95733009e-03, 1.26742711e-03,
       8.44951428e-04, 1.26742711e-03, 0., 4.22475714e-04, 0., 0.,
       8.44951428e-04, 8.44951428e-04, 2.11237860e-03, 2.53485423e-03,
       4.22475714e-04, 8.44951428e-04, 8.44951428e-04, 4.22475714e-04,
       0., 1.26742711e-03, 4.22475714e-04, 2.53485423e-03,
       1.68990286e-03, 2.11237860e-03, 4.22475714e-04, 4.22475714e-04,
       2.53485423e-03, 4.22475714e-04, 4.22475714e-04, 4.22475714e-04,
       0., 4.22475714e-04, 1.26742711e-03, 8.44951428e-04,
       4.22475714e-04, 4.22475714e-04, 4.22475714e-04, 0.,
       2.11237860e-03, 4.22475714e-04, 2.11237860e-03, 1.26742711e-03,
       2.95733009e-03, 1.68990286e-03, 8.44951428e-04, 0., 0., 0., 0.,
       2.53485423e-03, 1.68990286e-03, 8.44951428e-04, 1.26742711e-03,
       4.22475714e-04, 0., 1.26742711e-03, 2.11237860e-03,
       4.22475714e-04, 2.11237860e-03, 2.95733009e-03, 1.26742711e-03,
       8.44951428e-04, 4.22475714e-04, 6.33713556e-03, 8.44951428e-04,
       4.22475714e-04, 0., 1.26742711e-03, 2.11237860e-03,
       4.22475714e-04, 1.26742711e-03, 1.68990286e-03, 1.68990286e-03,
       4.22475714e-04, 0., 0., 8.44951428e-04, 1.68990286e-03,
       8.44951428e-04, 2.11237860e-03, 2.11237860e-03, 2.95733009e-03,
       0., 4.22475714e-04, 8.44951428e-04, 4.22475714e-04,
