%YAML:1.0
m10f: !!opencv-matrix
   rows: 1
   cols: 800
   dt: f
   data: [ 1.67691451e-03, 2.79485737e-03, 3.91280046e-03,
       3.91280046e-03, 0., 1.11794297e-03, 3.35382903e-03,
       1.11794297e-03, 1.67691451e-03, 3.35382903e-03, 1.11794297e-03,
       0., 0., 0., 1.67691451e-03, 5.58971486e-04, 0., 2.79485737e-03,
       0., 5.58971486e-04, 2.23588594e-03, 0., 0., 0., 1.67691451e-03,
       0., 1.11794297e-03, 5.58971474e-03, 5.58971486e-04, 0.,
       5.58971486e-04, 5.58971486e-04, 1.11794297e-03, 5.58971486e-04,
       5.58971486e-04, 5.58971486e-04, 1.11794297e-03, 1.11794297e-03,
       5.58971486e-04, 5.58971486e-04, 1.67691451e-03, 1.11794297e-03,
       0., 1.11794297e-03, 5.58971486e-04, 1.67691451e-03, 0., 0.,
       1.67691451e-03, 0., 1.67691451e-03, 1.67691451e-03, 0., 0., 0.,
       1.11794297e-03, 3.35382903e-03, 5.58971486e-04, 5.58971486e-04,
       1.11794297e-03, 0., 5.03074331e-03, 1.11794297e-03,
       3.35382903e-03, 0., 5.58971486e-04, 0., 1.67691451e-03,
       5.58971486e-04, 0., 5.58971486e-04, 0., 1.11794297e-03,
       1.11794297e-03, 1.11794297e-03, 3.35382903e-03, 1.11794297e-03,
       5.58971486e-04, 1.67691451e-03, 0., 2.23588594e-03, 0.,
       2.23588594e-03, 1.11794297e-03, 6.70765806e-03, 3.91280046e-03,
       1.11794297e-03, 2.23588594e-03, 0., 5.58971486e-04,
       1.11794297e-03, 0., 3.35382903e-03, 2.23588594e-03,
       2.23588594e-03, 5.58971486e-04, 5.58971486e-04, 1.67691451e-03,
       1.11794297e-03, 0., 0., 2.23588594e-03, 5.03074331e-03, 0., 0.,
       0., 1.11794297e-03, 5.58971486e-04, 0., 1.11794297e-03,
       5.58971486e-04, 5.03074331e-03, 0., 1.11794297e-03,
       1.06204581e-02, 5.58971486e-04, 1.11794297e-03, 1.11794297e-03,
       1.67691451e-03, 1.67691451e-03, 1.11794297e-03, 5.58971486e-04,
       1.11794297e-03, 1.11794297e-03, 0., 1.67691451e-03,
       1.11794297e-03, 1.67691451e-03, 2.23588594e-03, 1.11794297e-03,
       5.58971486e-04, 1.11794297e-03, 5.03074331e-03, 2.23588594e-03,
       5.58971486e-04, 5.58971486e-04, 2.23588594e-03, 0.,
       5.58971486e-04, 1.11794297e-03, 5.58971486e-04, 0.,
       2.79485737e-03, 5.58971486e-04, 0., 4.47177188e-03,
       1.11794297e-03, 5.58971486e-04, 5.58971486e-04, 5.58971486e-04,
       3.35382903e-03, 0., 1.11794297e-03, 0., 1.67691451e-03,
       8.94354377e-03, 0., 6.14868617e-03, 3.35382903e-03, 0., 0.,
       5.58971486e-04, 5.58971486e-04, 1.67691451e-03, 0.,
       1.67691451e-03, 0., 1.11794297e-03, 1.67691451e-03,
       3.91280046e-03, 1.67691451e-03, 0., 2.23588594e-03,
       2.23588594e-03, 1.11794297e-03, 5.58971486e-04, 5.58971486e-04,
       0., 0., 5.58971486e-04, 1.67691451e-03, 1.11794297e-03,
       1.11794297e-03, 5.58971486e-04, 1.11794297e-03, 5.58971486e-04,
       1.67691451e-03, 1.67691451e-03, 0., 6.70765806e-03, 0.,
       3.91280046e-03, 0., 5.58971486e-04, 1.11794297e-03,
       2.23588594e-03, 0., 1.11794297e-03, 0., 0., 1.11794297e-03,
       5.58971486e-04, 0., 2.79485737e-03, 3.35382903e-03, 0.,
       1.11794297e-03, 0., 1.11794297e-03, 2.79485737e-03,
       3.35382903e-03, 0., 1.11794297e-03, 5.03074331e-03,
       2.23588594e-03, 1.67691451e-03, 5.58971486e-04, 0.,
       1.11794297e-03, 2.23588594e-03, 5.58971486e-04, 0.,
       5.58971486e-04, 1.67691451e-03, 5.58971486e-04, 2.79485737e-03,
       0., 2.79485737e-03, 2.79485737e-03, 5.58971486e-04,
       5.58971486e-04, 5.58971486e-04, 5.58971486e-04, 0.,
       5.58971486e-04, 0., 1.67691451e-03, 0., 5.58971486e-04,
       6.14868617e-03, 1.67691451e-03, 3.91280046e-03, 2.79485737e-03,
       1.11794297e-03, 5.58971486e-04, 3.91280046e-03, 3.91280046e-03,
       1.11794297e-03, 1.11794297e-03, 2.23588594e-03, 0.,
       2.23588594e-03, 1.11794297e-03, 2.23588594e-03, 0.,
       5.58971486e-04, 0., 5.58971486e-04, 5.58971486e-04, 0., 0., 0.,
       1.11794297e-03, 0., 2.23588594e-03, 5.58971486e-04,
       1.11794297e-03, 2.23588594e-03, 3.35382903e-03, 1.67691451e-03,
       1.11794297e-03, 0., 2.23588594e-03, 1.11794297e-03,
       1.11794297e-03, 0., 5.58971486e-04, 5.03074331e-03,
       1.11794297e-03, 2.23588594e-03, 2.23588594e-03, 1.67691451e-03,
       1.11794297e-03, 1.67691451e-03, 1.11794297e-03, 1.11794297e-03,
       1.11794297e-03, 5.58971486e-04, 5.58971486e-04, 1.11794297e-03,
       1.67691451e-03, 2.23588594e-03, 0., 0., 2.79485737e-03,
       1.11794297e-03, 2.79485737e-03, 1.11794297e-03, 5.58971486e-04,
       1.67691451e-03, 0., 1.11794297e-03, 5.03074331e-03,
       2.79485737e-03, 1.67691451e-03, 1.11794297e-03, 1.11794297e-03,
       1.11794297e-03, 1.11794297e-03, 5.58971486e-04, 5.58971486e-04,
       0., 1.11794297e-03, 0., 5.58971486e-04, 0., 1.11794295e-02, 0.,
       2.79485737e-03, 5.58971486e-04, 1.67691451e-03, 5.58971486e-04,
       2.23588594e-03, 3.91280046e-03, 0., 5.58971486e-04,
       1.11794297e-03, 5.58971486e-04, 5.58971486e-04, 5.58971486e-04,
       5.58971486e-04, 0., 1.11794297e-03, 1.11794297e-03, 0.,
       1.67691451e-03, 5.03074331e-03, 5.58971486e-04, 5.58971486e-04,
       1.11794297e-03, 0., 0., 1.67691451e-03, 5.58971486e-04,
       5.58971486e-04, 2.23588594e-03, 4.47177188e-03, 1.11794297e-03,
       2.79485737e-03, 1.11794297e-03, 0., 0., 0., 1.11794297e-03, 0.,
       0., 5.58971486e-04, 5.58971486e-04, 5.58971486e-04,
       5.58971486e-04, 5.58971486e-04, 0., 1.11794297e-03,
       2.79485737e-03, 3.35382903e-03, 0., 2.23588594e-03,
       5.58971486e-04, 1.11794297e-03, 5.58971486e-04, 0.,
       1.11794297e-03, 3.35382903e-03, 0., 0., 0., 5.58971486e-04,
       1.67691451e-03, 3.91280046e-03, 2.79485737e-03, 1.67691451e-03,
       5.58971486e-04, 3.35382903e-03, 0., 0., 2.79485737e-03,
       1.67691451e-03, 1.67691451e-03, 1.11794297e-03, 5.58971486e-04,
       2.23588594e-03, 1.11794297e-03, 3.35382903e-03, 1.11794297e-03,
       1.67691451e-03, 1.11794297e-03, 5.58971486e-04, 0.,
       1.11794297e-03, 0., 5.58971486e-04, 0., 5.58971486e-04,
       1.11794297e-03, 5.58971486e-04, 0., 1.67691451e-03,
       1.11794297e-03, 1.67691451e-03, 2.23588594e-03, 0.,
       1.11794297e-03, 5.58971486e-04, 0., 4.47177188e-03, 0.,
       1.11794297e-03, 1.11794297e-03, 1.11794297e-03, 5.58971486e-04,
       5.58971486e-04, 2.23588594e-03, 1.67691451e-03, 3.91280046e-03,
       0., 1.11794297e-03, 5.58971486e-04, 0., 0., 2.23588594e-03,
       1.11794297e-03, 1.11794297e-03, 2.23588594e-03, 0., 0.,
       5.58971486e-04, 1.11794297e-03, 2.23588594e-03, 0., 0.,
       1.67691451e-03, 0., 5.58971486e-04, 1.11794297e-03,
       1.67691451e-03, 1.67691451e-03, 1.11794297e-03, 0., 0.,
       1.67691451e-03, 5.58971486e-04, 1.67691451e-03, 2.79485737e-03,
       0., 0., 0., 6.14868617e-03, 0., 1.11794297e-03, 1.11794297e-03,
       1.11794297e-03, 4.47177188e-03, 5.58971486e-04, 5.58971486e-04,
       5.58971486e-04, 1.67691451e-03, 2.79485737e-03, 1.67691451e-03,
       1.67691451e-03, 2.23588594e-03, 3.91280046e-03, 3.35382903e-03,
       1.67691451e-03, 0., 5.58971486e-04, 0., 5.58971486e-04,
       5.58971486e-04, 5.58971486e-04, 5.58971486e-04, 5.58971486e-04,
       5.58971486e-04, 1.67691451e-03, 5.58971486e-04, 1.67691451e-03,
       1.11794297e-03, 0., 0., 2.79485737e-03, 1.67691451e-03,
       1.11794297e-03, 1.11794297e-03, 5.58971486e-04, 4.47177188e-03,
       1.11794297e-03, 0., 1.67691451e-03, 5.58971486e-04,
       1.11794297e-03, 0., 1.11794297e-03, 0., 1.67691451e-03,
       5.03074331e-03, 0., 1.11794297e-03, 0., 5.58971486e-04,
       5.58971486e-04, 1.11794297e-03, 1.67691451e-03, 1.11794297e-03,
       1.67691451e-03, 1.11794297e-03, 3.35382903e-03, 2.23588594e-03,
       3.35382903e-03, 5.58971486e-04, 1.67691451e-03, 1.67691451e-03,
       3.35382903e-03, 2.23588594e-03, 0., 2.23588594e-03,
       1.67691451e-03, 1.67691451e-03, 5.58971486e-04, 2.23588594e-03,
       1.11794297e-03, 1.67691451e-03, 0., 5.58971486e-04, 0.,
       1.11794297e-03, 5.58971486e-04, 1.11794297e-03, 5.58971486e-04,
       5.58971486e-04, 1.11794297e-03, 5.58971486e-04, 2.23588594e-03,
