%YAML:1.0
m10f: !!opencv-matrix
   rows: 1
   cols: 800
   dt: f
   data: [ 0., 5.30222722e-04, 3.18133645e-03, 1.59066822e-03,
       5.30222722e-04, 0., 1.06044544e-03, 2.12089089e-03,
       2.65111355e-03, 1.59066822e-03, 0., 5.30222722e-04, 0.,
       1.59066822e-03, 1.06044544e-03, 0., 0., 1.59066822e-03, 0.,
       2.12089089e-03, 7.42311822e-03, 5.30222722e-04, 1.06044544e-03,
       0., 2.12089089e-03, 1.59066822e-03, 5.30222722e-04,
       3.18133645e-03, 0., 0., 0., 1.59066822e-03, 2.65111355e-03,
       3.18133645e-03, 0., 0., 5.30222722e-04, 3.18133645e-03,
       1.06044544e-03, 1.06044544e-03, 1.59066822e-03, 1.59066822e-03,
       1.59066822e-03, 3.18133645e-03, 0., 5.30222722e-04, 0., 0., 0.,
       0., 5.30222722e-04, 5.30222722e-04, 5.30222722e-04,
       3.71155911e-03, 5.30222722e-04, 1.06044544e-03, 3.71155911e-03,
       0., 5.30222722e-04, 2.65111355e-03, 5.30222722e-04,
       2.12089089e-03, 0., 3.71155911e-03, 6.89289533e-03,
       1.06044544e-03, 0., 5.30222722e-04, 5.30222722e-04,
       5.30222722e-04, 5.30222722e-04, 1.59066822e-03, 0.,
       5.30222722e-04, 0., 1.59066822e-03, 0., 3.18133645e-03,
       5.30222722e-04, 1.06044544e-03, 5.30222722e-04, 0.,
       5.30222722e-04, 2.12089089e-03, 2.12089089e-03, 2.65111355e-03,
       1.06044544e-03, 5.30222722e-04, 1.06044544e-03, 5.30222722e-04,
       1.06044544e-03, 1.59066822e-03, 2.12089089e-03, 2.65111355e-03,
       2.65111355e-03, 5.30222722e-04, 1.06044544e-03, 1.06044544e-03,
       0., 1.59066822e-03, 0., 0., 2.65111355e-03, 5.30222722e-04,
       5.30222722e-04, 1.06044544e-03, 5.30222722e-04, 5.30222722e-04,
       0., 1.06044544e-03, 5.30222722e-04, 5.30222722e-04, 0., 0.,
       1.37857907e-02, 1.59066822e-03, 0., 2.65111355e-03,
       5.30222722e-04, 2.12089089e-03, 1.59066822e-03, 5.30222722e-04,
       5.30222722e-04, 6.89289533e-03, 0., 1.06044544e-03,
       1.06044544e-03, 1.59066822e-03, 1.59066822e-03, 1.06044544e-03,
       0., 0., 3.18133645e-03, 0., 2.12089089e-03, 0., 1.06044544e-03,
       2.65111355e-03, 0., 2.12089089e-03, 1.06044544e-03,
       5.30222722e-04, 2.12089089e-03, 0., 0., 2.12089089e-03,
       1.06044544e-03, 0., 5.30222722e-04, 5.30222722e-04,
       2.12089089e-03, 5.30222722e-04, 0., 2.12089089e-03,
       1.59066822e-03, 9.54400934e-03, 0., 3.18133645e-03,
       3.71155911e-03, 1.59066822e-03, 0., 5.30222722e-04,
       2.65111355e-03, 5.30222722e-04, 0., 1.06044544e-03,
       1.59066822e-03, 1.06044544e-03, 2.65111355e-03, 3.71155911e-03,
       0., 0., 0., 6.36267290e-03, 2.65111355e-03, 0., 1.06044544e-03,
       2.65111355e-03, 5.30222722e-04, 5.30222722e-04, 3.18133645e-03,
       2.65111355e-03, 5.30222722e-04, 1.06044544e-03, 0.,
       5.30222722e-04, 0., 2.65111355e-03, 0., 1.59066822e-03, 0.,
       1.59066822e-03, 0., 0., 2.12089089e-03, 2.12089089e-03,
       1.06044544e-03, 1.06044544e-03, 5.30222722e-04, 0.,
       2.65111355e-03, 1.59066822e-03, 0., 3.18133645e-03,
       5.30222722e-04, 5.30222722e-04, 5.30222722e-04, 5.30222722e-04,
       5.30222722e-04, 2.65111355e-03, 1.06044544e-03, 0., 0.,
       1.32555682e-02, 1.59066822e-03, 2.12089089e-03, 5.30222722e-04,
       1.06044544e-03, 1.06044544e-03, 0., 0., 1.06044544e-03,
       5.30222722e-04, 4.24178177e-03, 0., 4.24178177e-03, 0.,
       1.59066822e-03, 2.65111355e-03, 1.06044544e-03, 0.,
       5.30222722e-04, 1.59066822e-03, 0., 0., 0., 5.30222722e-04, 0.,
       5.30222722e-04, 6.36267290e-03, 1.06044544e-03, 2.65111355e-03,
       2.12089089e-03, 0., 1.06044544e-03, 2.65111355e-03,
       5.83245000e-03, 5.30222722e-04, 0., 5.30222722e-04,
       2.12089089e-03, 1.59066822e-03, 1.06044544e-03, 3.71155911e-03,
       5.30222722e-04, 5.30222722e-04, 0., 2.12089089e-03,
       5.30222722e-04, 1.06044544e-03, 0., 0., 2.12089089e-03, 0.,
       1.06044544e-03, 5.30222722e-04, 5.30222722e-04, 1.59066822e-03,
       3.18133645e-03, 1.59066822e-03, 5.30222722e-04, 0.,
       5.30222722e-04, 0., 0., 5.30222722e-04, 2.12089089e-03,
       2.12089089e-03, 1.59066822e-03, 0., 4.24178177e-03,
       1.06044544e-03, 1.06044544e-03, 1.59066822e-03, 5.30222722e-04,
       1.59066822e-03, 5.30222722e-04, 2.12089089e-03, 1.06044544e-03,
       3.18133645e-03, 2.12089089e-03, 3.18133645e-03, 0.,
       3.18133645e-03, 1.59066822e-03, 5.30222722e-04, 2.12089089e-03,
       1.06044544e-03, 1.06044544e-03, 2.12089089e-03, 0.,
       5.30222722e-04, 2.12089089e-03, 0., 1.06044544e-03,
       7.95334112e-03, 1.59066822e-03, 2.12089089e-03, 5.30222722e-04,
       0., 1.06044544e-03, 0., 2.12089089e-03, 5.30222722e-04,
       2.12089089e-03, 0., 7.42311822e-03, 1.59066822e-03,
       1.06044544e-03, 4.77200467e-03, 5.30222722e-04, 0.,
       1.59066822e-03, 1.59066822e-03, 0., 1.06044544e-03,
       5.30222722e-04, 5.30222710e-03, 4.24178177e-03, 0.,
       1.06044544e-03, 0., 5.30222722e-04, 1.59066822e-03, 0.,
       1.59066822e-03, 2.12089089e-03, 0., 1.59066822e-03,
       1.06044544e-03, 1.06044544e-03, 0., 5.30222722e-04,
       5.30222722e-04, 3.71155911e-03, 5.30222722e-04, 3.71155911e-03,
       1.06044544e-03, 1.59066822e-03, 2.12089089e-03, 5.30222722e-04,
       0., 0., 0., 3.71155911e-03, 0., 0., 1.06044544e-03,
       5.30222722e-04, 1.06044544e-03, 1.06044544e-03, 5.30222722e-04,
       1.06044544e-03, 3.18133645e-03, 0., 0., 1.59066822e-03,
       5.30222722e-04, 1.06044544e-03, 1.59066822e-03, 5.30222722e-04,
       5.30222722e-04, 1.59066822e-03, 1.06044544e-03, 0., 0.,
       4.77200467e-03, 1.59066822e-03, 5.30222722e-04, 1.59066822e-03,
       0., 0., 1.06044544e-03, 0., 0., 1.59066822e-03, 0.,
       1.59066822e-03, 5.30222722e-04, 0., 3.18133645e-03, 0.,
       1.06044544e-03, 0., 1.06044544e-03, 5.30222722e-04, 0., 0., 0.,
       2.65111355e-03, 1.06044544e-03, 1.59066822e-03, 5.30222722e-04,
       1.06044544e-03, 1.06044544e-03, 0., 0., 1.06044544e-03,
       5.30222722e-04, 3.18133645e-03, 0., 3.71155911e-03,
       2.65111355e-03, 1.59066822e-03, 1.59066822e-03, 0.,
       1.06044544e-03, 0., 1.59066822e-03, 0., 1.59066822e-03,
       2.65111355e-03, 1.59066822e-03, 1.06044544e-03, 5.30222722e-04,
       5.30222722e-04, 0., 1.06044544e-03, 3.18133645e-03, 0., 0.,
       1.06044544e-03, 0., 0., 0., 0., 2.65111355e-03, 3.18133645e-03,
       5.30222722e-04, 0., 1.59066822e-03, 0., 0., 0., 1.59066822e-03,
       5.30222722e-04, 0., 1.59066822e-03, 1.06044544e-03, 0., 0.,
       5.30222722e-04, 1.59066822e-03, 1.59066822e-03, 5.30222722e-04,
       5.30222722e-04, 1.06044544e-03, 2.65111355e-03, 4.24178177e-03,
       1.59066822e-03, 0., 2.12089089e-03, 0., 0., 5.30222722e-04,
       5.30222722e-04, 1.59066822e-03, 0., 3.18133645e-03,
       5.30222710e-03, 7.42311822e-03, 5.30222722e-04, 7.42311822e-03,
       5.30222722e-04, 1.06044544e-03, 5.30222722e-04, 1.59066822e-03,
       3.71155911e-03, 5.30222722e-04, 0., 1.59066822e-03,
       1.06044544e-03, 1.06044544e-03, 0., 5.30222722e-04,
       3.18133645e-03, 1.06044544e-03, 1.06044544e-03, 7.42311822e-03,
       2.65111355e-03, 1.59066822e-03, 1.06044544e-03, 1.06044544e-03,
       4.24178177e-03, 2.12089089e-03, 5.30222722e-04, 0.,
       2.65111355e-03, 1.06044544e-03, 0., 1.59066822e-03,
       5.30222722e-04, 5.30222722e-04, 3.71155911e-03, 1.06044544e-03,
       0., 5.30222722e-04, 1.59066822e-03, 0., 0., 1.06044544e-03,
       1.06044544e-03, 1.06044544e-03, 1.06044544e-03, 2.12089089e-03,
       2.65111355e-03, 2.12089089e-03, 1.06044544e-03, 1.06044544e-03,
       3.18133645e-03, 3.71155911e-03, 1.06044544e-03, 5.30222722e-04,
       2.65111355e-03, 5.30222722e-04, 1.06044544e-03, 1.59066822e-03,
       2.65111355e-03, 1.06044544e-03, 1.59066822e-03, 1.06044544e-03,
       0., 5.30222722e-04, 1.59066822e-03, 1.59066822e-03,
       1.06044544e-03, 5.30222722e-04, 1.59066822e-03, 0.,
       5.30222722e-04, 2.12089089e-03, 5.30222722e-04, 5.30222722e-04,
       5.83245000e-03, 5.30222722e-04, 1.06044544e-03, 1.59066822e-03,
