%YAML:1.0
m10f: !!opencv-matrix
   rows: 1
   cols: 800
   dt: f
   data: [ 1.89035921e-03, 3.30812857e-03, 1.89035921e-03, 0.,
       1.41776935e-03, 9.45179607e-04, 2.83553870e-03, 4.72589803e-04,
       2.83553870e-03, 2.36294908e-03, 9.45179607e-04, 9.45179607e-04,
       4.72589803e-04, 0., 2.83553870e-03, 0., 9.45179607e-04,
       1.89035921e-03, 1.89035921e-03, 9.45179607e-04, 2.36294908e-03,
       1.41776935e-03, 4.72589803e-04, 4.72589803e-04, 3.78071843e-03,
       4.72589803e-04, 9.45179607e-04, 9.45179607e-04, 0., 0., 0., 0.,
       2.36294908e-03, 3.30812857e-03, 0., 4.25330829e-03,
       4.72589803e-04, 3.30812857e-03, 4.72589803e-04, 0.,
       1.41776935e-03, 2.83553870e-03, 1.41776935e-03, 1.89035921e-03,
       0., 4.72589803e-04, 4.72589803e-04, 4.72589803e-04,
       1.41776935e-03, 0., 9.45179607e-04, 9.45179607e-04,
       1.89035921e-03, 1.41776935e-03, 1.41776935e-03, 9.45179607e-04,
       1.89035921e-03, 0., 0., 9.45179607e-04, 4.72589803e-04,
       4.25330829e-03, 0., 1.41776935e-03, 2.36294908e-03,
       4.72589803e-04, 1.41776935e-03, 1.89035921e-03, 0.,
       9.45179607e-04, 0., 4.72589803e-04, 0., 4.72589803e-04,
       1.89035921e-03, 3.78071843e-03, 0., 4.72589803e-04,
       9.45179607e-04, 9.45179607e-04, 1.89035921e-03, 0.,
       1.89035921e-03, 0., 1.89035921e-03, 9.45179607e-04,
       1.89035921e-03, 2.83553870e-03, 1.41776935e-03, 4.72589803e-04,
       0., 0., 0., 3.30812857e-03, 1.41776935e-03, 2.83553870e-03,
       2.36294908e-03, 1.89035921e-03, 4.72589803e-04, 0., 0.,
       1.41776935e-03, 3.30812857e-03, 9.45179607e-04, 0.,
       4.72589803e-04, 9.45179607e-04, 0., 4.72589803e-04,
       4.72589803e-04, 5.67107741e-03, 2.36294908e-03, 4.72589803e-04,
       2.36294908e-03, 2.83553870e-03, 4.72589803e-04, 1.89035921e-03,
       3.30812857e-03, 1.89035921e-03, 3.78071843e-03, 9.45179607e-04,
       4.72589803e-04, 2.36294908e-03, 1.89035921e-03, 9.45179607e-04,
       4.72589803e-04, 9.45179607e-04, 4.72589803e-04, 3.30812857e-03,
       4.25330829e-03, 0., 2.83553870e-03, 4.72589803e-04, 0.,
       9.45179607e-04, 0., 2.36294908e-03, 1.41776935e-03,
       9.45179607e-04, 5.19848801e-03, 9.45179607e-04, 4.72589803e-04,
       1.41776935e-03, 1.41776935e-03, 0., 4.25330829e-03, 0.,
       9.45179607e-04, 1.41776935e-03, 3.78071843e-03, 4.72589803e-04,
       0., 1.41776935e-03, 2.36294908e-03, 1.41776935e-03,
       5.67107741e-03, 0., 3.78071843e-03, 1.41776935e-03,
       3.78071843e-03, 4.72589803e-04, 1.89035921e-03, 9.45179607e-04,
       4.72589803e-04, 9.45179607e-04, 0., 9.45179607e-04, 0.,
       1.41776935e-03, 3.78071843e-03, 0., 9.45179607e-04,
       3.30812857e-03, 4.25330829e-03, 4.72589803e-04, 0.,
       9.45179607e-04, 4.72589803e-04, 1.41776935e-03, 4.72589803e-04,
       2.83553870e-03, 2.83553870e-03, 0., 0., 4.72589803e-04,
       1.89035921e-03, 1.41776935e-03, 2.36294908e-03, 0.,
       4.72589803e-04, 0., 1.89035921e-03, 1.89035921e-03,
       4.72589803e-04, 9.45179607e-04, 4.72589803e-04, 4.72589803e-04,
       9.45179607e-04, 9.45179607e-04, 0., 4.72589803e-04,
       1.41776935e-03, 9.45179607e-04, 2.83553870e-03, 2.36294908e-03,
       2.83553870e-03, 1.89035921e-03, 1.41776935e-03, 1.89035921e-03,
       0., 4.25330829e-03, 4.72589803e-04, 0., 9.45179607e-04,
       1.41776935e-03, 4.72589803e-04, 1.89035921e-03, 0.,
       9.45179607e-04, 9.45179607e-04, 4.72589803e-04, 4.72589815e-03,
       3.78071843e-03, 2.36294908e-03, 1.41776935e-03, 1.41776935e-03,
       1.89035921e-03, 2.83553870e-03, 1.41776935e-03, 4.72589803e-04,
       2.83553870e-03, 4.72589803e-04, 1.41776935e-03, 4.72589803e-04,
       1.89035921e-03, 0., 2.36294908e-03, 4.72589803e-04,
       2.36294908e-03, 0., 2.36294908e-03, 1.89035921e-03,
       1.89035921e-03, 4.72589803e-04, 4.72589803e-04, 0.,
       3.30812857e-03, 4.72589803e-04, 0., 4.72589803e-04,
       4.72589803e-04, 1.41776935e-03, 1.41776935e-03, 9.45179607e-04,
       1.41776935e-03, 1.89035921e-03, 1.41776935e-03, 9.45179607e-04,
       9.45179607e-04, 4.72589803e-04, 9.45179607e-04, 1.41776935e-03,
       4.25330829e-03, 9.45179607e-04, 1.41776935e-03, 0.,
       1.41776935e-03, 9.45179607e-04, 1.41776935e-03, 1.89035921e-03,
       9.45179607e-04, 0., 0., 4.72589803e-04, 9.45179607e-04,
       9.45179607e-04, 1.41776935e-03, 9.45179607e-04, 9.45179607e-04,
       1.41776935e-03, 9.45179607e-04, 1.89035921e-03, 1.89035921e-03,
       2.36294908e-03, 0., 4.72589803e-04, 1.89035921e-03,
       2.36294908e-03, 0., 0., 1.41776935e-03, 9.45179607e-04,
       1.41776935e-03, 1.89035921e-03, 1.89035921e-03, 4.72589803e-04,
       2.36294908e-03, 1.89035921e-03, 9.45179607e-04, 9.45179607e-04,
       0., 4.72589803e-04, 4.72589803e-04, 9.45179607e-04,
       1.89035921e-03, 2.83553870e-03, 4.72589803e-04, 3.78071843e-03,
       4.72589803e-04, 4.72589803e-04, 0., 9.45179607e-04,
       3.78071843e-03, 2.83553870e-03, 1.41776935e-03, 4.72589803e-04,
       6.14366727e-03, 9.45179607e-04, 1.41776935e-03, 9.45179607e-04,
       9.45179607e-04, 4.72589803e-04, 1.41776935e-03, 1.89035921e-03,
       4.72589803e-04, 9.45179607e-04, 2.83553870e-03, 2.83553870e-03,
       1.89035921e-03, 4.72589803e-04, 1.89035921e-03, 4.72589803e-04,
       0., 9.45179607e-04, 0., 4.72589803e-04, 9.45179607e-04,
       4.72589803e-04, 2.83553870e-03, 0., 9.45179607e-04, 0.,
       1.89035921e-03, 1.41776935e-03, 1.41776935e-03, 1.89035921e-03,
       7.56143685e-03, 1.41776935e-03, 4.72589803e-04, 1.41776935e-03,
       0., 0., 0., 9.45179607e-04, 1.89035921e-03, 0., 1.89035921e-03,
       1.41776935e-03, 0., 0., 4.72589803e-04, 4.72589803e-04,
       1.41776935e-03, 4.72589803e-04, 3.30812857e-03, 1.41776935e-03,
       1.41776935e-03, 2.83553870e-03, 4.72589803e-04, 2.36294908e-03,
       4.72589803e-04, 1.41776935e-03, 2.36294908e-03, 9.45179607e-04,
       4.72589803e-04, 9.45179607e-04, 5.67107741e-03, 9.45179607e-04,
       1.41776935e-03, 1.89035921e-03, 9.45179607e-04, 1.41776935e-03,
       1.41776935e-03, 1.89035921e-03, 4.72589803e-04, 2.83553870e-03,
       0., 0., 1.41776935e-03, 1.41776935e-03, 9.45179607e-04,
       2.83553870e-03, 1.41776935e-03, 4.72589803e-04, 4.72589803e-04,
       3.30812857e-03, 0., 9.45179607e-04, 1.41776935e-03,
       2.36294908e-03, 1.89035921e-03, 4.72589803e-04, 4.72589803e-04,
       4.72589803e-04, 4.72589803e-04, 9.45179607e-04, 2.36294908e-03,
       9.45179607e-04, 0., 1.89035921e-03, 4.72589803e-04,
       1.89035921e-03, 9.45179607e-04, 9.45179607e-04, 4.72589803e-04,
       4.72589803e-04, 4.72589803e-04, 9.45179607e-04, 1.89035921e-03,
       1.41776935e-03, 2.36294908e-03, 1.41776935e-03, 2.83553870e-03,
       1.89035921e-03, 4.72589803e-04, 9.45179607e-04, 9.45179607e-04,
       0., 2.36294908e-03, 0., 4.72589803e-04, 1.41776935e-03,
       4.72589803e-04, 0., 9.45179607e-04, 0., 4.72589803e-04,
       1.89035921e-03, 9.45179607e-04, 0., 1.41776935e-03,
       9.45179607e-04, 9.45179607e-04, 0., 0., 2.36294908e-03, 0.,
       1.89035921e-03, 9.45179607e-04, 9.45179607e-04, 4.72589803e-04,
       1.41776935e-03, 9.45179607e-04, 2.83553870e-03, 0.,
       4.72589803e-04, 4.72589803e-04, 1.41776935e-03, 1.89035921e-03,
       1.89035921e-03, 9.45179607e-04, 1.89035921e-03, 4.72589803e-04,
       1.41776935e-03, 3.30812857e-03, 1.41776935e-03, 1.41776935e-03,
       0., 4.72589803e-04, 4.25330829e-03, 2.83553870e-03,
       3.78071843e-03, 4.72589815e-03, 0., 0., 9.45179607e-04,
       9.45179607e-04, 2.36294908e-03, 4.72589803e-04, 0., 0.,
       9.45179607e-04, 9.45179607e-04, 1.41776935e-03, 4.72589803e-04,
       3.78071843e-03, 2.36294908e-03, 0., 5.19848801e-03,
       2.36294908e-03, 9.45179607e-04, 2.83553870e-03, 9.45179607e-04,
       4.72589803e-04, 1.89035921e-03, 9.45179607e-04, 1.41776935e-03,
       3.30812857e-03, 2.36294908e-03, 4.72589803e-04, 3.78071843e-03,
       3.30812857e-03, 4.72589815e-03, 4.72589803e-04, 9.45179607e-04,
