%YAML:1.0
m10f: !!opencv-matrix
   rows: 1
   cols: 800
   dt: f
   data: [ 1.69300230e-03, 2.25733640e-03, 1.12866820e-03,
       2.82167038e-03, 1.12866820e-03, 0., 1.69300230e-03,
       2.25733640e-03, 1.12866820e-03, 2.82167038e-03, 0., 0.,
       5.64334099e-04, 5.64334099e-04, 2.25733640e-03, 5.64334099e-04,
       5.64334099e-04, 2.25733640e-03, 0., 1.69300230e-03,
       2.25733640e-03, 0., 0., 5.64334099e-04, 3.38600460e-03,
       1.12866820e-03, 5.64334099e-04, 5.64334099e-04, 5.64334099e-04,
       0., 1.12866820e-03, 5.64334099e-04, 0., 2.25733640e-03, 0.,
       2.25733640e-03, 5.64334099e-04, 1.69300230e-03, 1.69300230e-03,
       0., 2.82167038e-03, 1.12866820e-03, 5.64334099e-04,
       2.82167038e-03, 2.25733640e-03, 1.12866820e-03, 1.12866820e-03,
       1.12866820e-03, 0., 0., 0., 5.64334099e-04, 5.64334099e-04,
       1.69300230e-03, 5.64334099e-04, 1.69300230e-03, 2.82167038e-03,
       1.12866820e-03, 1.12866820e-03, 0., 0., 4.51467279e-03,
       5.64334099e-04, 4.51467279e-03, 1.69300230e-03, 5.64334099e-04,
       0., 2.25733640e-03, 0., 0., 0., 5.64334099e-04, 5.64334099e-04,
       2.82167038e-03, 0., 5.64334099e-04, 0., 3.95033881e-03,
       1.12866820e-03, 1.12866820e-03, 2.25733640e-03, 0., 0.,
       1.12866820e-03, 0., 5.64334099e-04, 0., 5.64334099e-04,
       5.64334099e-04, 0., 5.64334099e-04, 2.82167038e-03,
       1.69300230e-03, 6.77200919e-03, 2.25733640e-03, 2.25733640e-03,
       1.69300230e-03, 5.64334099e-04, 1.69300230e-03, 0.,
       1.69300230e-03, 3.95033881e-03, 5.64334076e-03, 0., 0.,
       5.64334099e-04, 0., 0., 5.64334099e-04, 0., 1.12866820e-03,
       2.82167038e-03, 5.64334099e-04, 3.95033881e-03, 7.33634317e-03,
       5.64334099e-04, 5.64334099e-04, 3.95033881e-03, 5.64334099e-04,
       3.38600460e-03, 1.12866820e-03, 2.82167038e-03, 1.12866820e-03,
       3.38600460e-03, 0., 5.64334099e-04, 0., 0., 0., 1.69300230e-03,
       0., 1.12866820e-03, 1.69300230e-03, 0., 5.64334099e-04,
       1.12866820e-03, 1.69300230e-03, 2.82167038e-03, 0.,
       1.12866820e-03, 1.69300230e-03, 2.82167038e-03, 6.20767521e-03,
       5.64334099e-04, 5.64334099e-04, 2.82167038e-03, 5.64334099e-04,
       0., 0., 5.64334099e-04, 1.69300230e-03, 0., 0., 5.64334099e-04,
       1.12866820e-03, 3.95033881e-03, 5.64334099e-04, 3.95033881e-03,
       5.07900678e-03, 5.64334099e-04, 0., 1.12866820e-03,
       1.12866820e-03, 1.69300230e-03, 1.12866820e-03, 2.82167038e-03,
       0., 2.82167038e-03, 1.12866820e-03, 2.25733640e-03,
       2.25733640e-03, 0., 2.82167038e-03, 3.38600460e-03,
       2.25733640e-03, 0., 5.64334099e-04, 1.12866820e-03, 0.,
       5.64334099e-04, 5.64334099e-04, 0., 0., 5.64334099e-04, 0.,
       1.69300230e-03, 5.64334099e-04, 0., 5.64334099e-04,
       2.82167038e-03, 0., 3.38600460e-03, 5.64334099e-04,
       5.64334099e-04, 2.25733640e-03, 5.64334099e-04, 0.,
       1.12866820e-03, 1.69300230e-03, 0., 2.82167038e-03,
       2.25733640e-03, 5.64334099e-04, 5.64334099e-04, 2.82167038e-03,
       1.12866820e-03, 0., 2.25733640e-03, 3.95033881e-03,
       2.82167038e-03, 5.64334099e-04, 0., 0., 3.95033881e-03,
       2.82167038e-03, 0., 0., 5.64334099e-04, 5.64334099e-04,
       2.82167038e-03, 1.12866820e-03, 0., 2.25733640e-03,
       2.82167038e-03, 0., 5.64334099e-04, 1.69300230e-03,
       5.64334099e-04, 5.64334099e-04, 1.12866820e-03, 5.64334099e-04,
       2.82167038e-03, 0., 5.64334099e-04, 1.12866820e-03,
       1.12866820e-03, 5.64334099e-04, 5.64334099e-04, 2.25733640e-03,
       2.25733640e-03, 1.69300230e-03, 0., 2.82167038e-03, 0.,
       5.64334099e-04, 2.25733640e-03, 5.64334076e-03, 5.64334099e-04,
       0., 2.25733640e-03, 1.12866820e-03, 2.25733640e-03,
       1.12866820e-03, 2.25733640e-03, 5.64334099e-04, 0.,
       5.64334099e-04, 5.64334099e-04, 0., 0., 1.69300230e-03, 0.,
       5.64334099e-04, 1.69300230e-03, 1.69300230e-03, 1.12866820e-03,
       1.12866820e-03, 1.12866820e-03, 4.51467279e-03, 3.38600460e-03,
       1.12866820e-03, 0., 5.64334099e-04, 1.69300230e-03, 0.,
       5.64334099e-04, 1.12866820e-03, 6.20767521e-03, 5.64334099e-04,
       1.12866820e-03, 1.12866820e-03, 1.12866820e-03, 5.64334099e-04,
       3.38600460e-03, 1.69300230e-03, 5.64334099e-04, 5.64334099e-04,
       5.64334099e-04, 5.64334099e-04, 2.25733640e-03, 5.64334099e-04,
       3.95033881e-03, 0., 5.64334099e-04, 0., 5.64334099e-04, 0.,
       5.64334099e-04, 1.12866820e-03, 3.95033881e-03, 1.12866820e-03,
       0., 2.82167038e-03, 5.64334099e-04, 3.95033881e-03,
       2.25733640e-03, 2.82167038e-03, 2.25733640e-03, 5.64334099e-04,
       2.82167038e-03, 0., 5.64334099e-04, 5.64334099e-04, 0.,
       1.12866820e-03, 0., 6.20767521e-03, 1.12866820e-03,
       3.38600460e-03, 1.69300230e-03, 1.12866820e-03, 1.12866820e-03,
       3.38600460e-03, 5.07900678e-03, 0., 1.12866820e-03,
       5.64334099e-04, 1.12866820e-03, 1.12866820e-03, 1.12866820e-03,
       1.12866820e-03, 0., 5.64334099e-04, 5.64334099e-04, 0.,
       1.12866820e-03, 5.64334099e-04, 1.12866820e-03, 1.12866820e-03,
       1.12866820e-03, 5.64334099e-04, 0., 3.38600460e-03,
       5.64334099e-04, 2.25733640e-03, 3.95033881e-03, 6.77200919e-03,
       1.69300230e-03, 1.69300230e-03, 1.12866820e-03, 5.64334099e-04,
       0., 5.64334099e-04, 2.25733640e-03, 2.82167038e-03, 0., 0.,
       1.12866820e-03, 1.12866820e-03, 1.69300230e-03, 5.64334099e-04,
       0., 1.69300230e-03, 2.25733640e-03, 2.25733640e-03, 0.,
       1.69300230e-03, 2.82167038e-03, 1.12866820e-03, 1.12866820e-03,
       0., 0., 2.25733640e-03, 5.64334099e-04, 5.64334099e-04, 0.,
       2.82167038e-03, 2.82167038e-03, 4.51467279e-03, 1.12866820e-03,
       1.12866820e-03, 5.64334099e-04, 5.64334099e-04, 5.64334099e-04,
       0., 1.69300230e-03, 0., 1.12866820e-03, 5.64334099e-04,
       5.64334099e-04, 0., 0., 2.82167038e-03, 0., 1.12866820e-03,
       3.38600460e-03, 0., 0., 0., 0., 1.69300230e-03, 0., 0., 0., 0.,
       5.64334099e-04, 1.69300230e-03, 1.69300230e-03, 1.12866820e-03,
       3.38600460e-03, 0., 1.69300230e-03, 2.25733640e-03,
       5.64334099e-04, 2.82167038e-03, 2.25733640e-03, 0.,
       5.64334099e-04, 1.12866820e-03, 0., 1.69300230e-03,
       1.69300230e-03, 2.82167038e-03, 1.12866820e-03, 2.25733640e-03,
       1.12866820e-03, 1.12866820e-03, 0., 0., 1.12866820e-03,
       5.64334099e-04, 0., 1.12866820e-03, 5.64334099e-04,
       5.64334099e-04, 0., 0., 1.12866820e-03, 1.69300230e-03, 0.,
       5.64334099e-04, 1.12866820e-03, 5.64334099e-04, 0.,
       1.69300230e-03, 4.51467279e-03, 5.64334099e-04, 1.69300230e-03,
       1.69300230e-03, 0., 5.64334099e-04, 1.69300230e-03, 0.,
       1.69300230e-03, 0., 5.64334099e-04, 5.64334099e-04, 0.,
       2.82167038e-03, 5.64334099e-04, 0., 2.82167038e-03, 0.,
       1.69300230e-03, 5.64334099e-04, 1.69300230e-03, 1.12866820e-03,
       5.64334099e-04, 2.82167038e-03, 5.64334099e-04, 1.69300230e-03,
       1.69300230e-03, 2.82167038e-03, 5.64334099e-04, 5.64334099e-04,
       0., 0., 0., 2.82167038e-03, 5.64334099e-04, 1.69300230e-03, 0.,
       2.82167038e-03, 1.69300230e-03, 0., 2.82167038e-03,
       1.12866820e-03, 5.64334099e-04, 2.82167038e-03, 5.64334099e-04,
       5.64334099e-04, 1.69300230e-03, 0., 2.25733640e-03, 0., 0.,
       2.25733640e-03, 1.12866820e-03, 3.38600460e-03, 0.,
       2.82167038e-03, 0., 5.64334099e-04, 1.69300230e-03,
       1.12866820e-03, 1.12866820e-03, 2.25733640e-03, 2.25733640e-03,
       5.64334099e-04, 0., 5.64334099e-04, 1.12866820e-03, 0.,
       1.12866820e-03, 1.12866820e-03, 1.69300230e-03, 2.25733640e-03,
       0., 5.64334099e-04, 2.25733640e-03, 2.82167038e-03,
       1.12866820e-03, 5.64334099e-04, 5.64334099e-04, 2.25733640e-03,
       5.64334099e-04, 3.38600460e-03, 3.38600460e-03, 1.12866820e-03,
       2.82167038e-03, 1.69300230e-03, 3.38600460e-03, 0., 0., 0.,
       5.64334099e-04, 1.69300230e-03, 5.64334099e-04, 5.64334099e-04,
       1.12866820e-03, 1.12866820e-03, 4.51467279e-03, 0.,
