%YAML:1.0
m10f: !!opencv-matrix
   rows: 1
   cols: 800
   dt: f
   data: [ 1.27064809e-03, 2.11774674e-03, 5.08259237e-03,
       2.96484539e-03, 1.27064809e-03, 0., 0., 1.69419742e-03,
       2.54129618e-03, 8.47098709e-04, 8.47098709e-04, 0.,
       3.38839483e-03, 2.54129618e-03, 4.23549354e-04, 1.27064809e-03,
       1.69419742e-03, 2.96484539e-03, 4.23549354e-04, 0.,
       1.69419742e-03, 1.27064809e-03, 4.23549354e-04, 4.23549354e-04,
       1.69419742e-03, 1.27064809e-03, 4.23549354e-04, 2.11774674e-03,
       8.47098709e-04, 4.23549354e-04, 4.23549354e-04, 4.23549354e-04,
       2.11774674e-03, 5.08259237e-03, 1.69419742e-03, 4.23549354e-04,
       0., 0., 0., 4.23549354e-04, 4.65904269e-03, 2.11774674e-03,
       8.47098709e-04, 1.69419742e-03, 1.27064809e-03, 8.47098709e-04,
       0., 8.47098709e-04, 1.69419742e-03, 0., 2.54129618e-03,
       2.54129618e-03, 1.27064809e-03, 3.81194428e-03, 8.47098709e-04,
       1.69419742e-03, 2.96484539e-03, 1.69419742e-03, 4.23549354e-04,
       1.69419742e-03, 0., 3.81194428e-03, 8.47098709e-04,
       4.23549354e-04, 6.77678967e-03, 4.23549354e-04, 0.,
       4.23549354e-04, 8.47098709e-04, 8.47098709e-04, 8.47098709e-04,
       0., 0., 0., 1.27064809e-03, 8.47098709e-04, 0., 2.96484539e-03,
       2.11774674e-03, 2.11774674e-03, 4.23549354e-04, 8.47098709e-04,
       0., 8.47098709e-04, 2.11774674e-03, 2.54129618e-03, 0.,
       8.47098709e-04, 2.54129618e-03, 1.27064809e-03, 8.47098709e-04,
       1.27064809e-03, 2.11774674e-03, 1.27064809e-03, 2.54129618e-03,
       8.47098709e-04, 8.47098709e-04, 2.54129618e-03, 1.27064809e-03,
       2.11774674e-03, 2.11774674e-03, 2.11774674e-03, 2.11774674e-03,
       4.23549354e-04, 4.23549354e-04, 1.69419742e-03, 1.27064809e-03,
       4.23549354e-04, 1.27064809e-03, 4.23549354e-04, 4.23549354e-04,
       4.65904269e-03, 0., 2.54129618e-03, 1.69419742e-03,
       8.47098709e-04, 0., 1.27064809e-03, 8.47098709e-04,
       2.54129618e-03, 0., 1.27064809e-03, 0., 4.23549348e-03,
       4.23549354e-04, 4.23549354e-04, 1.69419742e-03, 1.69419742e-03,
       1.69419742e-03, 3.38839483e-03, 0., 1.27064809e-03,
       5.92969079e-03, 0., 8.47098709e-04, 4.23549354e-04,
       2.11774674e-03, 4.23549354e-04, 8.47098709e-04, 4.23549354e-04,
       1.69419742e-03, 8.47098709e-04, 2.11774674e-03, 3.38839483e-03,
       1.27064809e-03, 8.47098709e-04, 4.23549354e-04, 0.,
       4.23549354e-04, 2.96484539e-03, 1.69419742e-03, 0.,
       1.27064809e-03, 1.69419742e-03, 8.47098709e-04, 1.69419742e-03,
       0., 2.54129618e-03, 2.54129618e-03, 8.47098709e-04,
       8.47098709e-04, 4.23549354e-04, 2.54129618e-03, 2.54129618e-03,
       4.23549354e-04, 8.47098709e-04, 0., 1.69419742e-03,
       2.11774674e-03, 8.47098709e-04, 1.27064809e-03, 0.,
       1.69419742e-03, 1.27064809e-03, 1.27064809e-03, 0.,
       2.96484539e-03, 4.23549354e-04, 2.96484539e-03, 0.,
       1.69419742e-03, 1.27064809e-03, 0., 8.47098709e-04,
       3.38839483e-03, 4.23549354e-04, 0., 2.11774674e-03, 0.,
       1.69419742e-03, 1.27064809e-03, 1.27064809e-03, 8.47098709e-04,
       8.47098709e-04, 8.47098709e-04, 2.11774674e-03, 0.,
       8.47098709e-04, 8.47098709e-04, 0., 1.69419742e-03,
       3.81194428e-03, 8.47098709e-04, 2.54129618e-03, 8.47098709e-04,
       0., 0., 1.27064809e-03, 4.23549354e-04, 2.11774674e-03,
       2.11774674e-03, 8.47098709e-04, 1.27064809e-03, 2.54129618e-03,
       2.54129618e-03, 4.23549354e-04, 1.69419742e-03, 2.11774674e-03,
       0., 1.69419742e-03, 1.69419742e-03, 0., 2.11774674e-03,
       8.47098709e-04, 1.69419742e-03, 1.69419742e-03, 8.47098709e-04,
       2.96484539e-03, 0., 2.11774674e-03, 0., 1.27064809e-03,
       4.23549354e-04, 8.47098709e-04, 8.47098709e-04, 4.23549354e-04,
       2.54129618e-03, 4.23549354e-04, 2.11774674e-03, 4.23549354e-04,
       2.11774674e-03, 1.27064809e-03, 1.27064809e-03, 0.,
       4.23549354e-04, 0., 3.81194428e-03, 1.27064809e-03,
       4.23549354e-04, 3.38839483e-03, 2.11774674e-03, 2.11774674e-03,
       2.11774674e-03, 2.54129618e-03, 8.47098709e-04, 2.96484539e-03,
       2.11774674e-03, 1.27064809e-03, 1.69419742e-03, 4.23549354e-04,
       2.11774674e-03, 4.23549354e-04, 0., 0., 1.69419742e-03,
       8.47098709e-04, 1.27064809e-03, 0., 1.27064809e-03,
       4.23549354e-04, 4.23549354e-04, 4.23549354e-04, 1.69419742e-03,
       3.38839483e-03, 4.23549354e-04, 1.69419742e-03, 1.27064809e-03,
       8.47098709e-04, 1.69419742e-03, 1.27064809e-03, 1.69419742e-03,
       2.54129618e-03, 2.11774674e-03, 2.11774674e-03, 4.23549354e-04,
       4.23549354e-04, 0., 8.47098709e-04, 8.47098709e-04,
       3.38839483e-03, 2.96484539e-03, 2.54129618e-03, 1.69419742e-03,
       8.47098709e-04, 4.23549354e-04, 4.23549354e-04, 2.11774674e-03,
       1.69419742e-03, 1.69419742e-03, 4.23549354e-04, 8.47098709e-04,
       2.96484539e-03, 8.47098709e-04, 8.47098709e-04, 2.96484539e-03,
       2.96484539e-03, 2.11774674e-03, 8.47098709e-04, 0.,
       1.69419742e-03, 4.23549354e-04, 0., 2.96484539e-03, 0.,
       2.11774674e-03, 8.47098709e-04, 3.81194428e-03, 2.11774674e-03,
       0., 4.23549354e-04, 2.11774674e-03, 1.27064809e-03,
       1.69419742e-03, 8.47098709e-04, 1.27064809e-03, 2.96484539e-03,
       8.47098709e-04, 1.69419742e-03, 3.38839483e-03, 8.47098709e-04,
       1.27064809e-03, 0., 8.47098709e-04, 8.47098709e-04,
       8.47098709e-04, 8.47098709e-04, 3.38839483e-03, 2.54129618e-03,
       1.69419742e-03, 4.23549354e-04, 8.47098709e-04, 4.23549354e-04,
       2.96484539e-03, 8.47098709e-04, 8.47098709e-04, 2.11774674e-03,
       2.54129618e-03, 8.47098709e-04, 1.27064809e-03, 8.47098709e-04,
       1.27064809e-03, 4.23549354e-04, 0., 1.27064809e-03,
       4.23549354e-04, 0., 1.69419742e-03, 1.27064809e-03,
       2.54129618e-03, 1.69419742e-03, 1.27064809e-03, 1.69419742e-03,
       8.47098709e-04, 4.23549354e-04, 4.23549354e-04, 0.,
       1.27064809e-03, 2.54129618e-03, 4.23549354e-04, 0.,
       1.69419742e-03, 2.96484539e-03, 4.23549354e-04, 0.,
       8.47098709e-04, 0., 2.11774674e-03, 1.27064809e-03,
       1.69419742e-03, 3.81194428e-03, 4.23549354e-04, 4.23549354e-04,
       1.27064809e-03, 1.27064809e-03, 4.23549354e-04, 1.27064809e-03,
       4.23549354e-04, 5.08259237e-03, 1.69419742e-03, 4.23549354e-04,
       4.23549354e-04, 4.23549354e-04, 8.47098709e-04, 4.23549354e-04,
       1.69419742e-03, 2.96484539e-03, 4.23549354e-04, 0., 0.,
       1.27064809e-03, 0., 4.65904269e-03, 1.27064809e-03,
       4.23549354e-04, 0., 4.23549354e-04, 4.23549354e-04,
       1.27064809e-03, 0., 1.27064809e-03, 0., 2.96484539e-03,
       1.27064809e-03, 8.47098709e-04, 8.47098709e-04, 0.,
       4.23549354e-04, 4.23549354e-04, 1.27064809e-03, 4.23549354e-04,
       1.27064809e-03, 2.54129618e-03, 2.11774674e-03, 4.23549354e-04,
       1.69419742e-03, 4.23549354e-04, 1.27064809e-03, 4.23549354e-04,
       2.11774674e-03, 8.47098709e-04, 1.69419742e-03, 8.47098709e-04,
       8.47098709e-04, 8.47098709e-04, 8.47098709e-04, 2.11774674e-03,
       4.23549354e-04, 4.23549354e-04, 0., 0., 4.23549354e-04,
       8.47098709e-04, 4.23549354e-04, 8.47098709e-04, 0.,
       4.23549354e-04, 0., 2.96484539e-03, 8.47098709e-04,
       1.69419742e-03, 1.27064809e-03, 1.69419742e-03, 8.47098709e-04,
       0., 4.23549354e-04, 0., 0., 4.23549354e-04, 1.69419742e-03,
       2.11774674e-03, 4.23549354e-04, 1.27064809e-03, 8.47098709e-04,
       8.47098709e-04, 1.69419742e-03, 2.96484539e-03, 4.23549354e-04,
       1.27064809e-03, 2.54129618e-03, 1.27064809e-03, 1.27064809e-03,
       4.23549354e-04, 5.92969079e-03, 8.47098709e-04, 8.47098709e-04,
       0., 1.69419742e-03, 1.69419742e-03, 4.23549354e-04,
       1.27064809e-03, 1.69419742e-03, 2.54129618e-03, 1.27064809e-03,
       4.23549354e-04, 0., 4.23549354e-04, 1.27064809e-03,
       4.23549354e-04, 2.11774674e-03, 1.27064809e-03, 2.54129618e-03,
       8.47098709e-04, 0., 8.47098709e-04, 4.23549354e-04,
       1.27064809e-03, 5.50614158e-03, 4.23549354e-04, 2.11774674e-03,
