%YAML:1.0
m10f: !!opencv-matrix
   rows: 1
   cols: 800
   dt: f
   data: [ 0., 0., 3.64963501e-03, 1.04275288e-03, 1.04275288e-03,
       5.21376438e-04, 1.04275288e-03, 1.56412926e-03, 2.08550575e-03,
       1.56412926e-03, 5.21376438e-04, 0., 0., 1.56412926e-03,
       1.56412926e-03, 0., 0., 2.60688225e-03, 0., 1.56412926e-03,
       5.73514076e-03, 5.21376438e-04, 1.04275288e-03, 0.,
       2.08550575e-03, 1.56412926e-03, 5.21376438e-04, 4.69238777e-03,
       0., 5.21376438e-04, 0., 5.21376438e-04, 2.08550575e-03,
       3.64963501e-03, 0., 0., 5.21376438e-04, 3.12825851e-03,
       1.04275288e-03, 1.04275288e-03, 1.04275288e-03, 1.04275288e-03,
       1.56412926e-03, 3.12825851e-03, 0., 5.21376438e-04, 0., 0., 0.,
       0., 5.21376438e-04, 5.21376438e-04, 1.04275288e-03,
       2.60688225e-03, 0., 0., 3.64963501e-03, 0., 0., 1.56412926e-03,
       5.21376438e-04, 4.69238777e-03, 5.21376438e-04, 3.12825851e-03,
       5.73514076e-03, 5.21376438e-04, 1.04275288e-03, 5.21376438e-04,
       5.21376438e-04, 5.21376438e-04, 1.04275288e-03, 1.04275288e-03,
       0., 1.04275288e-03, 5.21376438e-04, 2.08550575e-03, 0.,
       2.60688225e-03, 1.04275288e-03, 1.04275288e-03, 5.21376438e-04,
       0., 5.21376438e-04, 1.04275288e-03, 2.08550575e-03,
       2.60688225e-03, 1.04275288e-03, 1.04275288e-03, 5.21376438e-04,
       5.21376438e-04, 5.21376438e-04, 1.04275288e-03, 5.21376438e-04,
       4.69238777e-03, 3.12825851e-03, 5.21376438e-04, 2.08550575e-03,
       1.04275288e-03, 0., 1.56412926e-03, 0., 5.21376438e-04,
       2.08550575e-03, 5.21376438e-04, 5.21376438e-04, 5.21376438e-04,
       0., 5.21376438e-04, 0., 5.21376438e-04, 1.04275288e-03,
       5.21376438e-04, 0., 0., 1.77267995e-02, 1.56412926e-03, 0.,
       2.08550575e-03, 5.21376438e-04, 2.60688225e-03, 5.21376438e-04,
       0., 5.21376438e-04, 7.29927002e-03, 5.21376438e-04,
       1.04275288e-03, 1.04275288e-03, 1.56412926e-03, 5.21376438e-04,
       1.04275288e-03, 0., 1.04275288e-03, 6.77789375e-03, 0.,
       2.08550575e-03, 0., 5.21376438e-04, 2.60688225e-03, 0.,
       2.60688225e-03, 1.04275288e-03, 0., 2.08550575e-03, 0., 0.,
       3.64963501e-03, 5.21376438e-04, 0., 1.04275288e-03,
       5.21376438e-04, 1.04275288e-03, 5.21376438e-04, 0.,
       2.08550575e-03, 1.56412926e-03, 1.61626693e-02, 0.,
       1.56412926e-03, 5.21376450e-03, 2.08550575e-03, 5.21376438e-04,
       5.21376438e-04, 1.04275288e-03, 5.21376438e-04, 0.,
       1.04275288e-03, 1.56412926e-03, 5.21376438e-04, 2.60688225e-03,
       4.69238777e-03, 1.04275288e-03, 0., 5.21376438e-04,
       6.25651702e-03, 3.12825851e-03, 0., 2.08550575e-03,
       2.08550575e-03, 0., 1.56412926e-03, 3.12825851e-03,
       2.60688225e-03, 5.21376438e-04, 5.21376438e-04, 5.21376438e-04,
       2.08550575e-03, 0., 2.60688225e-03, 0., 2.08550575e-03, 0.,
       1.04275288e-03, 0., 0., 1.04275288e-03, 3.12825851e-03,
       1.04275288e-03, 5.21376438e-04, 0., 0., 2.60688225e-03,
       1.56412926e-03, 5.21376438e-04, 1.56412926e-03, 1.56412926e-03,
       0., 1.04275288e-03, 5.21376438e-04, 5.21376438e-04,
       2.60688225e-03, 1.04275288e-03, 0., 0., 1.04275290e-02,
       5.21376438e-04, 2.60688225e-03, 0., 1.04275288e-03,
       1.56412926e-03, 5.21376438e-04, 0., 0., 0., 4.17101150e-03,
       5.21376438e-04, 3.12825851e-03, 0., 1.04275288e-03,
       2.60688225e-03, 1.56412926e-03, 0., 1.56412926e-03,
       1.04275288e-03, 5.21376438e-04, 1.56412926e-03, 0.,
       1.04275288e-03, 1.04275288e-03, 0., 6.25651702e-03,
       1.04275288e-03, 4.17101150e-03, 2.08550575e-03, 0.,
       1.04275288e-03, 2.60688225e-03, 5.73514076e-03, 5.21376438e-04,
       0., 1.04275288e-03, 2.60688225e-03, 1.56412926e-03,
       1.04275288e-03, 3.12825851e-03, 5.21376438e-04, 5.21376438e-04,
       0., 2.60688225e-03, 5.21376438e-04, 1.04275288e-03, 0., 0.,
       1.04275288e-03, 0., 1.04275288e-03, 5.21376438e-04,
       5.21376438e-04, 1.56412926e-03, 2.08550575e-03, 1.56412926e-03,
       5.21376438e-04, 0., 0., 1.04275288e-03, 0., 5.21376438e-04,
       2.08550575e-03, 2.60688225e-03, 1.56412926e-03, 0.,
       3.12825851e-03, 5.21376438e-04, 1.04275288e-03, 1.04275288e-03,
       0., 1.56412926e-03, 5.21376438e-04, 5.21376438e-04,
       1.04275288e-03, 3.64963501e-03, 2.08550575e-03, 2.60688225e-03,
       5.21376438e-04, 3.12825851e-03, 2.08550575e-03, 1.56412926e-03,
       1.56412926e-03, 1.04275288e-03, 1.04275288e-03, 2.08550575e-03,
       5.21376438e-04, 5.21376438e-04, 2.60688225e-03, 0.,
       5.21376438e-04, 6.25651702e-03, 2.08550575e-03, 2.60688225e-03,
       5.21376438e-04, 0., 1.04275288e-03, 0., 1.56412926e-03,
       1.04275288e-03, 2.60688225e-03, 0., 5.73514076e-03,
       2.08550575e-03, 1.56412926e-03, 4.69238777e-03, 5.21376438e-04,
       0., 1.04275288e-03, 1.56412926e-03, 0., 2.08550575e-03,
       5.21376438e-04, 4.17101150e-03, 2.60688225e-03, 0.,
       1.56412926e-03, 0., 5.21376438e-04, 1.56412926e-03, 0.,
       1.56412926e-03, 2.60688225e-03, 0., 1.56412926e-03,
       1.04275288e-03, 5.21376438e-04, 0., 5.21376438e-04,
       5.21376438e-04, 4.17101150e-03, 1.04275288e-03, 4.17101150e-03,
       1.56412926e-03, 1.56412926e-03, 2.60688225e-03, 5.21376438e-04,
       5.21376438e-04, 0., 0., 4.17101150e-03, 0., 0., 1.04275288e-03,
       2.08550575e-03, 5.21376438e-04, 1.56412926e-03, 5.21376438e-04,
       5.21376438e-04, 3.64963501e-03, 5.21376438e-04, 0.,
       1.56412926e-03, 5.21376438e-04, 1.04275288e-03, 2.08550575e-03,
       0., 5.21376438e-04, 1.04275288e-03, 1.04275288e-03,
       5.21376438e-04, 0., 4.69238777e-03, 1.56412926e-03,
       5.21376438e-04, 1.04275288e-03, 0., 0., 2.08550575e-03,
       5.21376438e-04, 0., 2.08550575e-03, 0., 1.04275288e-03,
       5.21376438e-04, 0., 3.64963501e-03, 0., 1.04275288e-03, 0.,
       1.56412926e-03, 5.21376438e-04, 0., 0., 0., 2.08550575e-03,
       1.04275288e-03, 1.56412926e-03, 5.21376438e-04, 1.04275288e-03,
       5.21376438e-04, 0., 0., 0., 0., 4.17101150e-03, 5.21376438e-04,
       4.17101150e-03, 2.60688225e-03, 1.56412926e-03, 1.56412926e-03,
       0., 5.21376438e-04, 0., 1.04275288e-03, 0., 1.56412926e-03,
       1.56412926e-03, 1.04275288e-03, 1.04275288e-03, 0., 0., 0.,
       1.04275288e-03, 5.21376450e-03, 0., 0., 5.21376438e-04,
       5.21376438e-04, 0., 5.21376438e-04, 0., 2.08550575e-03,
       3.12825851e-03, 5.21376438e-04, 0., 1.56412926e-03, 0.,
       5.21376438e-04, 0., 1.56412926e-03, 1.04275288e-03, 0.,
       1.56412926e-03, 1.04275288e-03, 0., 0., 1.04275288e-03,
       1.56412926e-03, 1.56412926e-03, 5.21376438e-04, 5.21376438e-04,
       1.04275288e-03, 3.64963501e-03, 4.17101150e-03, 1.56412926e-03,
       0., 1.56412926e-03, 5.21376438e-04, 0., 5.21376438e-04,
       1.04275288e-03, 2.08550575e-03, 0., 2.60688225e-03,
       4.69238777e-03, 5.21376450e-03, 5.21376438e-04, 7.29927002e-03,
       5.21376438e-04, 1.04275288e-03, 5.21376438e-04, 2.60688225e-03,
       2.60688225e-03, 5.21376438e-04, 0., 1.04275288e-03,
       5.21376438e-04, 1.04275288e-03, 0., 0., 2.60688225e-03,
       1.56412926e-03, 1.04275288e-03, 6.77789375e-03, 1.56412926e-03,
       1.56412926e-03, 1.56412926e-03, 1.04275288e-03, 4.17101150e-03,
       1.56412926e-03, 5.21376438e-04, 1.04275288e-03, 3.12825851e-03,
       1.04275288e-03, 0., 2.08550575e-03, 5.21376438e-04, 0.,
       3.12825851e-03, 1.04275288e-03, 0., 1.04275288e-03,
       1.56412926e-03, 0., 0., 5.21376438e-04, 1.56412926e-03,
       1.56412926e-03, 5.21376438e-04, 1.56412926e-03, 5.73514076e-03,
       1.04275288e-03, 0., 1.04275288e-03, 2.08550575e-03,
       3.64963501e-03, 5.21376438e-04, 0., 1.04275288e-03,
       5.21376438e-04, 1.56412926e-03, 2.08550575e-03, 1.56412926e-03,
       1.04275288e-03, 2.08550575e-03, 1.56412926e-03, 5.21376438e-04,
       0., 1.56412926e-03, 1.04275288e-03, 5.21376438e-04, 0.,
       1.04275288e-03, 5.21376438e-04, 0., 2.60688225e-03,
       1.04275288e-03, 5.21376438e-04, 5.73514076e-03, 1.04275288e-03,
