%YAML:1.0
m10f: !!opencv-matrix
   rows: 1
   cols: 800
   dt: f
   data: [ 1.63043477e-03, 3.26086953e-03, 4.34782589e-03,
       3.26086953e-03, 1.08695647e-03, 5.43478236e-04, 4.34782589e-03,
       1.08695647e-03, 1.08695647e-03, 3.26086953e-03, 1.63043477e-03,
       5.43478236e-04, 0., 0., 1.08695647e-03, 5.43478236e-04, 0.,
       2.17391294e-03, 0., 5.43478236e-04, 3.80434771e-03, 0., 0., 0.,
       1.63043477e-03, 0., 1.08695647e-03, 4.89130430e-03,
       5.43478236e-04, 0., 5.43478236e-04, 1.08695647e-03,
       1.08695647e-03, 1.08695647e-03, 5.43478236e-04, 2.71739112e-03,
       1.08695647e-03, 1.63043477e-03, 5.43478236e-04, 1.08695647e-03,
       1.08695647e-03, 5.43478236e-04, 0., 1.08695647e-03,
       5.43478236e-04, 1.63043477e-03, 0., 0., 1.08695647e-03, 0.,
       1.63043477e-03, 5.43478236e-04, 0., 0., 0., 2.17391294e-03,
       2.17391294e-03, 5.43478236e-04, 0., 5.43478236e-04, 0.,
       4.34782589e-03, 5.43478236e-04, 2.71739112e-03, 1.08695647e-03,
       5.43478236e-04, 0., 1.08695647e-03, 1.08695647e-03,
       5.43478236e-04, 1.08695647e-03, 5.43478236e-04, 5.43478236e-04,
       1.08695647e-03, 1.08695647e-03, 3.26086953e-03, 1.08695647e-03,
       1.08695647e-03, 5.43478236e-04, 5.43478236e-04, 1.08695647e-03,
       0., 1.63043477e-03, 1.08695647e-03, 5.97826065e-03,
       3.26086953e-03, 1.08695647e-03, 2.71739112e-03, 5.43478236e-04,
       1.08695647e-03, 0., 0., 3.26086953e-03, 2.17391294e-03,
       1.63043477e-03, 5.43478236e-04, 0., 1.63043477e-03,
       1.08695647e-03, 0., 0., 1.63043477e-03, 3.80434771e-03, 0.,
       5.43478236e-04, 0., 5.43478236e-04, 5.43478236e-04, 0.,
       5.43478236e-04, 5.43478236e-04, 3.80434771e-03, 0.,
       1.08695647e-03, 8.69565178e-03, 0., 1.08695647e-03,
       1.08695647e-03, 1.08695647e-03, 2.17391294e-03, 2.17391294e-03,
       5.43478236e-04, 1.63043477e-03, 0., 0., 1.63043477e-03,
       5.43478236e-04, 1.08695647e-03, 2.71739112e-03, 2.17391294e-03,
       5.43478236e-04, 1.63043477e-03, 4.89130430e-03, 2.17391294e-03,
       5.43478236e-04, 5.43478236e-04, 1.08695647e-03, 0.,
       5.43478236e-04, 1.63043477e-03, 5.43478236e-04, 0.,
       3.80434771e-03, 5.43478236e-04, 5.43478236e-04, 3.80434771e-03,
       1.63043477e-03, 0., 5.43478236e-04, 5.43478236e-04,
       2.17391294e-03, 0., 1.08695647e-03, 0., 1.63043477e-03,
       9.78260860e-03, 0., 5.97826065e-03, 3.26086953e-03, 0., 0.,
       5.43478236e-04, 0., 1.63043477e-03, 5.43478236e-04,
       1.08695647e-03, 0., 1.08695647e-03, 1.63043477e-03,
       2.71739112e-03, 1.08695647e-03, 0., 3.26086953e-03,
       2.71739112e-03, 2.17391294e-03, 0., 1.08695647e-03, 0., 0.,
       5.43478236e-04, 2.17391294e-03, 1.08695647e-03, 1.08695647e-03,
       5.43478236e-04, 5.43478236e-04, 1.08695647e-03, 2.17391294e-03,
       1.08695647e-03, 0., 7.06521701e-03, 0., 2.17391294e-03, 0.,
       5.43478236e-04, 2.71739112e-03, 2.71739112e-03, 0.,
       1.08695647e-03, 5.43478236e-04, 0., 5.43478236e-04,
       5.43478236e-04, 0., 1.63043477e-03, 2.71739112e-03,
       5.43478236e-04, 1.63043477e-03, 0., 1.08695647e-03,
       1.63043477e-03, 2.71739112e-03, 0., 1.08695647e-03,
       4.89130430e-03, 3.26086953e-03, 1.63043477e-03, 5.43478236e-04,
       0., 1.08695647e-03, 2.17391294e-03, 5.43478236e-04,
       5.43478236e-04, 5.43478236e-04, 1.63043477e-03, 5.43478236e-04,
       2.17391294e-03, 5.43478236e-04, 3.26086953e-03, 2.71739112e-03,
       1.08695647e-03, 1.08695647e-03, 1.08695647e-03, 1.08695647e-03,
       0., 0., 0., 1.63043477e-03, 0., 5.43478236e-04, 7.60869542e-03,
       2.71739112e-03, 5.43478224e-03, 2.71739112e-03, 1.08695647e-03,
       1.08695647e-03, 3.26086953e-03, 4.34782589e-03, 1.08695647e-03,
       1.63043477e-03, 2.17391294e-03, 0., 2.17391294e-03,
       5.43478236e-04, 2.17391294e-03, 0., 0., 5.43478236e-04, 0., 0.,
       0., 0., 0., 1.08695647e-03, 0., 2.17391294e-03, 5.43478236e-04,
       1.08695647e-03, 2.17391294e-03, 4.34782589e-03, 1.08695647e-03,
       1.08695647e-03, 0., 2.17391294e-03, 5.43478236e-04,
       1.08695647e-03, 0., 5.43478236e-04, 4.34782589e-03,
       1.63043477e-03, 2.17391294e-03, 2.17391294e-03, 1.08695647e-03,
       1.63043477e-03, 5.43478236e-04, 5.43478236e-04, 5.43478236e-04,
       1.63043477e-03, 5.43478236e-04, 5.43478236e-04, 1.08695647e-03,
       1.63043477e-03, 2.71739112e-03, 0., 5.43478236e-04,
       3.26086953e-03, 1.08695647e-03, 3.26086953e-03, 1.08695647e-03,
       5.43478236e-04, 1.63043477e-03, 5.43478236e-04, 1.08695647e-03,
       3.80434771e-03, 2.17391294e-03, 1.63043477e-03, 3.26086953e-03,
       1.63043477e-03, 1.63043477e-03, 1.08695647e-03, 5.43478236e-04,
       1.08695647e-03, 5.43478236e-04, 5.43478236e-04, 0., 0., 0.,
       1.24999993e-02, 0., 2.71739112e-03, 5.43478236e-04,
       1.08695647e-03, 1.08695647e-03, 1.63043477e-03, 4.34782589e-03,
       0., 5.43478236e-04, 1.08695647e-03, 1.08695647e-03,
       1.08695647e-03, 5.43478236e-04, 5.43478236e-04, 0.,
       1.08695647e-03, 1.08695647e-03, 0., 1.63043477e-03,
       4.34782589e-03, 5.43478236e-04, 0., 1.08695647e-03, 0., 0.,
       1.63043477e-03, 1.63043477e-03, 1.08695647e-03, 2.71739112e-03,
       3.26086953e-03, 5.43478236e-04, 2.17391294e-03, 1.08695647e-03,
       0., 0., 0., 5.43478236e-04, 0., 0., 5.43478236e-04,
       5.43478236e-04, 2.17391294e-03, 1.08695647e-03, 5.43478236e-04,
       1.08695647e-03, 1.08695647e-03, 2.17391294e-03, 2.71739112e-03,
       5.43478236e-04, 5.43478236e-04, 5.43478236e-04, 1.63043477e-03,
       1.08695647e-03, 0., 1.08695647e-03, 2.71739112e-03, 0., 0., 0.,
       1.08695647e-03, 2.71739112e-03, 4.89130430e-03, 3.26086953e-03,
       1.63043477e-03, 5.43478236e-04, 3.26086953e-03, 5.43478236e-04,
       0., 2.71739112e-03, 1.63043477e-03, 5.43478236e-04, 0., 0.,
       3.26086953e-03, 0., 3.26086953e-03, 1.08695647e-03,
       1.08695647e-03, 5.43478236e-04, 1.63043477e-03, 0.,
       1.08695647e-03, 0., 1.63043477e-03, 0., 5.43478236e-04,
       1.08695647e-03, 0., 0., 1.08695647e-03, 5.43478236e-04,
       1.08695647e-03, 3.26086953e-03, 0., 1.08695647e-03,
       1.08695647e-03, 0., 3.80434771e-03, 0., 1.08695647e-03,
       5.43478236e-04, 1.08695647e-03, 0., 5.43478236e-04,
       1.63043477e-03, 1.08695647e-03, 3.80434771e-03, 5.43478236e-04,
       1.08695647e-03, 5.43478236e-04, 5.43478236e-04, 0.,
       2.17391294e-03, 5.43478236e-04, 1.08695647e-03, 2.17391294e-03,
       0., 0., 5.43478236e-04, 1.63043477e-03, 2.17391294e-03,
       5.43478236e-04, 0., 1.63043477e-03, 0., 5.43478236e-04,
       1.08695647e-03, 2.17391294e-03, 1.63043477e-03, 5.43478236e-04,
       0., 0., 5.43478236e-04, 5.43478236e-04, 1.63043477e-03,
       2.17391294e-03, 0., 0., 5.43478236e-04, 4.89130430e-03, 0.,
       1.63043477e-03, 3.26086953e-03, 5.43478236e-04, 4.89130430e-03,
       5.43478236e-04, 5.43478236e-04, 1.08695647e-03, 1.08695647e-03,
       1.63043477e-03, 1.63043477e-03, 1.63043477e-03, 2.17391294e-03,
       4.34782589e-03, 3.26086953e-03, 0., 0., 5.43478236e-04, 0.,
       5.43478236e-04, 1.08695647e-03, 5.43478236e-04, 5.43478236e-04,
       1.08695647e-03, 5.43478236e-04, 2.17391294e-03, 5.43478236e-04,
       1.63043477e-03, 1.08695647e-03, 0., 5.43478236e-04,
       2.17391294e-03, 1.63043477e-03, 1.08695647e-03, 1.08695647e-03,
       5.43478236e-04, 4.34782589e-03, 1.08695647e-03, 0.,
       2.17391294e-03, 5.43478236e-04, 2.17391294e-03, 5.43478236e-04,
       1.08695647e-03, 1.08695647e-03, 2.17391294e-03, 4.34782589e-03,
       0., 1.08695647e-03, 0., 5.43478236e-04, 5.43478236e-04,
       1.08695647e-03, 1.63043477e-03, 1.08695647e-03, 1.63043477e-03,
       1.08695647e-03, 3.80434771e-03, 2.17391294e-03, 2.71739112e-03,
       5.43478236e-04, 2.17391294e-03, 1.08695647e-03, 6.52173907e-03,
       1.63043477e-03, 0., 2.17391294e-03, 1.08695647e-03,
       1.63043477e-03, 5.43478236e-04, 2.17391294e-03, 1.08695647e-03,
       2.17391294e-03, 5.43478236e-04, 1.63043477e-03, 0.,
