%YAML:1.0
m10f: !!opencv-matrix
   rows: 1
   cols: 800
   dt: f
   data: [ 2.37304228e-03, 3.32225906e-03, 2.37304228e-03, 0.,
       1.89843378e-03, 9.49216890e-04, 2.84765055e-03, 0.,
       3.32225906e-03, 2.37304228e-03, 4.74608445e-04, 9.49216890e-04,
       4.74608445e-04, 0., 2.84765055e-03, 0., 4.74608445e-04,
       2.37304228e-03, 1.89843378e-03, 1.42382528e-03, 3.32225906e-03,
       1.89843378e-03, 9.49216890e-04, 4.74608445e-04, 3.32225906e-03,
       9.49216890e-04, 9.49216890e-04, 9.49216890e-04, 0.,
       4.74608445e-04, 0., 0., 2.84765055e-03, 2.37304228e-03,
       4.74608445e-04, 4.27147606e-03, 9.49216890e-04, 3.32225906e-03,
       0., 0., 1.42382528e-03, 1.89843378e-03, 1.89843378e-03,
       2.37304228e-03, 0., 4.74608445e-04, 4.74608445e-04,
       4.74608445e-04, 1.42382528e-03, 0., 1.42382528e-03,
       4.74608445e-04, 1.42382528e-03, 1.89843378e-03, 9.49216890e-04,
       9.49216890e-04, 1.89843378e-03, 0., 0., 4.74608445e-04,
       4.74608445e-04, 3.32225906e-03, 0., 9.49216890e-04,
       4.74608445e-04, 4.74608445e-04, 2.84765055e-03, 2.37304228e-03,
       0., 0., 0., 4.74608445e-04, 0., 0., 1.89843378e-03,
       3.32225906e-03, 0., 0., 4.74608445e-04, 9.49216890e-04,
       2.84765055e-03, 0., 9.49216890e-04, 0., 1.42382528e-03,
       9.49216890e-04, 2.84765055e-03, 2.37304228e-03, 1.42382528e-03,
       4.74608445e-04, 4.74608445e-04, 0., 0., 3.79686756e-03,
       1.42382528e-03, 2.37304228e-03, 2.84765055e-03, 1.89843378e-03,
       4.74608445e-04, 4.74608445e-04, 4.74608445e-04, 1.42382528e-03,
       4.27147606e-03, 4.74608445e-04, 0., 9.49216890e-04,
       9.49216890e-04, 0., 4.74608445e-04, 4.74608445e-04,
       4.74608457e-03, 1.89843378e-03, 9.49216890e-04, 1.89843378e-03,
       2.37304228e-03, 9.49216890e-04, 2.37304228e-03, 1.42382528e-03,
       1.89843378e-03, 2.84765055e-03, 1.42382528e-03, 4.74608445e-04,
       1.42382528e-03, 9.49216890e-04, 4.74608445e-04, 9.49216890e-04,
       4.74608445e-04, 0., 2.37304228e-03, 3.79686756e-03, 0.,
       2.37304228e-03, 1.42382528e-03, 0., 9.49216890e-04, 0.,
       2.37304228e-03, 1.89843378e-03, 9.49216890e-04, 5.22069307e-03,
       9.49216890e-04, 4.74608445e-04, 1.42382528e-03, 1.89843378e-03,
       4.74608445e-04, 4.74608457e-03, 0., 9.49216890e-04,
       9.49216890e-04, 3.32225906e-03, 4.74608445e-04, 0.,
       1.42382528e-03, 1.89843378e-03, 9.49216890e-04, 3.79686756e-03,
       0., 4.27147606e-03, 9.49216890e-04, 3.79686756e-03,
       4.74608445e-04, 1.89843378e-03, 4.74608445e-04, 9.49216890e-04,
       4.74608445e-04, 0., 4.74608445e-04, 0., 9.49216890e-04,
       3.32225906e-03, 9.49216890e-04, 9.49216890e-04, 3.79686756e-03,
       4.27147606e-03, 4.74608445e-04, 0., 9.49216890e-04,
       4.74608445e-04, 1.42382528e-03, 4.74608445e-04, 2.84765055e-03,
       2.84765055e-03, 4.74608445e-04, 0., 4.74608445e-04,
       9.49216890e-04, 1.89843378e-03, 1.89843378e-03, 0.,
       4.74608445e-04, 0., 1.42382528e-03, 1.89843378e-03,
       4.74608445e-04, 1.42382528e-03, 0., 4.74608445e-04,
       4.74608445e-04, 9.49216890e-04, 0., 0., 9.49216890e-04,
       9.49216890e-04, 2.37304228e-03, 1.89843378e-03, 2.84765055e-03,
       1.89843378e-03, 9.49216890e-04, 1.89843378e-03, 0.,
       3.32225906e-03, 4.74608445e-04, 0., 1.89843378e-03,
       1.42382528e-03, 4.74608445e-04, 1.89843378e-03, 0.,
       1.42382528e-03, 9.49216890e-04, 4.74608445e-04, 3.79686756e-03,
       4.27147606e-03, 2.84765055e-03, 1.42382528e-03, 1.89843378e-03,
       2.37304228e-03, 2.37304228e-03, 9.49216890e-04, 4.74608445e-04,
       3.32225906e-03, 4.74608445e-04, 1.42382528e-03, 4.74608445e-04,
       2.37304228e-03, 0., 1.42382528e-03, 0., 2.84765055e-03, 0.,
       2.37304228e-03, 1.89843378e-03, 2.37304228e-03, 0., 0., 0.,
       2.37304228e-03, 4.74608445e-04, 0., 9.49216890e-04, 0.,
       2.37304228e-03, 1.42382528e-03, 9.49216890e-04, 1.89843378e-03,
       1.89843378e-03, 9.49216890e-04, 1.42382528e-03, 9.49216890e-04,
       4.74608445e-04, 9.49216890e-04, 1.89843378e-03, 5.22069307e-03,
       9.49216890e-04, 9.49216890e-04, 0., 9.49216890e-04,
       1.42382528e-03, 1.42382528e-03, 1.89843378e-03, 1.42382528e-03,
       0., 0., 4.74608445e-04, 9.49216890e-04, 9.49216890e-04,
       9.49216890e-04, 1.42382528e-03, 4.74608445e-04, 1.42382528e-03,
       9.49216890e-04, 1.42382528e-03, 1.89843378e-03, 1.42382528e-03,
       4.74608445e-04, 4.74608445e-04, 1.89843378e-03, 1.89843378e-03,
       0., 1.42382528e-03, 1.89843378e-03, 1.42382528e-03,
       9.49216890e-04, 2.84765055e-03, 2.37304228e-03, 4.74608445e-04,
       2.37304228e-03, 1.89843378e-03, 9.49216890e-04, 9.49216890e-04,
       0., 4.74608445e-04, 0., 9.49216890e-04, 2.37304228e-03,
       2.37304228e-03, 0., 3.32225906e-03, 1.89843378e-03,
       4.74608445e-04, 0., 4.74608445e-04, 2.84765055e-03,
       2.84765055e-03, 1.42382528e-03, 4.74608445e-04, 7.11912662e-03,
       9.49216890e-04, 4.74608445e-04, 1.42382528e-03, 9.49216890e-04,
       4.74608445e-04, 1.42382528e-03, 1.42382528e-03, 0.,
       9.49216890e-04, 2.84765055e-03, 3.32225906e-03, 9.49216890e-04,
       9.49216890e-04, 1.42382528e-03, 0., 0., 9.49216890e-04, 0.,
       4.74608445e-04, 4.74608445e-04, 9.49216890e-04, 2.84765055e-03,
       0., 9.49216890e-04, 0., 1.89843378e-03, 1.42382528e-03,
       9.49216890e-04, 1.89843378e-03, 7.11912662e-03, 9.49216890e-04,
       4.74608445e-04, 1.42382528e-03, 0., 4.74608445e-04, 0.,
       9.49216890e-04, 1.42382528e-03, 0., 2.37304228e-03,
       1.89843378e-03, 0., 9.49216890e-04, 4.74608445e-04, 0.,
       1.42382528e-03, 9.49216890e-04, 3.79686756e-03, 9.49216890e-04,
       1.42382528e-03, 3.32225906e-03, 4.74608445e-04, 3.79686756e-03,
       4.74608445e-04, 1.89843378e-03, 3.32225906e-03, 1.42382528e-03,
       0., 4.74608445e-04, 5.69530111e-03, 9.49216890e-04,
       2.37304228e-03, 1.89843378e-03, 9.49216890e-04, 1.89843378e-03,
       1.42382528e-03, 2.37304228e-03, 0., 2.84765055e-03, 0., 0.,
       9.49216890e-04, 1.42382528e-03, 9.49216890e-04, 1.89843378e-03,
       1.42382528e-03, 4.74608445e-04, 4.74608445e-04, 3.32225906e-03,
       0., 4.74608445e-04, 1.89843378e-03, 1.42382528e-03,
       9.49216890e-04, 4.74608445e-04, 1.42382528e-03, 4.74608445e-04,
       4.74608445e-04, 9.49216890e-04, 1.89843378e-03, 9.49216890e-04,
       0., 1.42382528e-03, 4.74608445e-04, 1.42382528e-03,
       9.49216890e-04, 9.49216890e-04, 4.74608445e-04, 9.49216890e-04,
       4.74608445e-04, 4.74608445e-04, 9.49216890e-04, 9.49216890e-04,
       2.37304228e-03, 1.89843378e-03, 2.84765055e-03, 2.37304228e-03,
       0., 9.49216890e-04, 4.74608445e-04, 0., 1.42382528e-03,
       4.74608445e-04, 9.49216890e-04, 9.49216890e-04, 4.74608445e-04,
       0., 1.42382528e-03, 4.74608445e-04, 4.74608445e-04,
       1.42382528e-03, 9.49216890e-04, 0., 1.42382528e-03,
       4.74608445e-04, 9.49216890e-04, 1.42382528e-03, 0.,
       1.42382528e-03, 4.74608445e-04, 1.42382528e-03, 9.49216890e-04,
       1.42382528e-03, 4.74608445e-04, 9.49216890e-04, 9.49216890e-04,
       2.37304228e-03, 0., 4.74608445e-04, 4.74608445e-04,
       9.49216890e-04, 1.89843378e-03, 1.42382528e-03, 1.42382528e-03,
       1.42382528e-03, 4.74608445e-04, 1.89843378e-03, 3.32225906e-03,
       1.89843378e-03, 1.42382528e-03, 0., 4.74608445e-04,
       4.74608457e-03, 1.42382528e-03, 3.79686756e-03, 5.69530111e-03,
       4.74608445e-04, 0., 4.74608445e-04, 9.49216890e-04,
       2.37304228e-03, 4.74608445e-04, 0., 4.74608445e-04,
       1.42382528e-03, 9.49216890e-04, 1.42382528e-03, 4.74608445e-04,
       3.79686756e-03, 9.49216890e-04, 0., 3.79686756e-03,
       3.32225906e-03, 9.49216890e-04, 2.37304228e-03, 4.74608445e-04,
       9.49216890e-04, 1.89843378e-03, 9.49216890e-04, 1.42382528e-03,
       3.32225906e-03, 2.37304228e-03, 0., 3.32225906e-03,
       3.79686756e-03, 1.89843378e-03, 9.49216890e-04, 1.89843378e-03,
       4.74608445e-04, 9.49216890e-04, 9.49216890e-04, 1.42382528e-03,
