%YAML:1.0
m10f: !!opencv-matrix
   rows: 1
   cols: 800
   dt: f
   data: [ 1.07991358e-03, 0., 0., 1.07991358e-03, 1.07991358e-03,
       1.07991358e-03, 1.07991358e-03, 1.83585305e-02, 3.23974062e-03,
       3.23974062e-03, 1.07991358e-03, 6.47948124e-03, 0., 0., 0.,
       4.31965431e-03, 0., 0., 0., 1.07991358e-03, 1.07991358e-03, 0.,
       1.07991358e-03, 0., 1.07991358e-03, 1.07991358e-03,
       1.07991358e-03, 2.15982716e-03, 0., 2.15982716e-03, 0.,
       1.07991358e-03, 0., 0., 0., 2.15982716e-03, 0., 0.,
       2.15982716e-03, 2.15982716e-03, 0., 3.23974062e-03, 0.,
       2.15982716e-03, 2.15982716e-03, 1.07991358e-03, 1.07991358e-03,
       0., 1.07991358e-03, 2.15982716e-03, 1.07991358e-03, 0., 0.,
       1.07991358e-03, 1.07991358e-03, 5.39956801e-03, 5.39956801e-03,
       0., 2.15982716e-03, 0., 1.07991358e-03, 1.07991358e-03, 0.,
       1.07991358e-03, 4.31965431e-03, 1.07991358e-03, 1.07991358e-03,
       2.15982716e-03, 0., 1.07991358e-03, 1.07991358e-03, 0., 0.,
       1.07991358e-03, 0., 3.23974062e-03, 0., 0., 0., 0.,
       1.07991358e-03, 2.15982716e-03, 0., 1.07991358e-03, 0.,
       4.31965431e-03, 0., 0., 0., 0., 1.07991358e-03, 0.,
       1.07991358e-03, 2.15982716e-03, 1.07991358e-03, 1.07991358e-03,
       1.07991358e-03, 1.07991358e-03, 2.15982716e-03, 1.07991358e-03,
       1.07991358e-03, 1.07991358e-03, 0., 1.07991358e-03, 0., 0.,
       3.23974062e-03, 1.07991358e-03, 0., 1.07991358e-03, 0.,
       1.07991358e-03, 0., 1.07991358e-03, 2.15982716e-03,
       1.07991358e-03, 1.07991358e-03, 1.07991358e-03, 0.,
       1.07991358e-03, 2.15982716e-03, 1.07991358e-03, 1.07991358e-03,
       0., 0., 3.23974062e-03, 2.15982716e-03, 3.23974062e-03,
       2.15982716e-03, 2.15982716e-03, 2.15982716e-03, 3.23974062e-03,
       0., 0., 0., 0., 2.15982716e-03, 0., 2.15982716e-03,
       2.15982716e-03, 0., 0., 0., 2.15982716e-03, 3.23974062e-03,
       1.07991358e-03, 1.07991358e-03, 3.23974062e-03, 3.23974062e-03,
       0., 1.07991358e-03, 5.39956801e-03, 0., 2.15982716e-03,
       3.23974062e-03, 0., 0., 1.07991358e-03, 3.23974062e-03, 0., 0.,
       1.07991358e-03, 0., 5.39956801e-03, 0., 0., 1.07991358e-03, 0.,
       1.07991358e-03, 1.07991358e-03, 0., 0., 1.07991358e-03,
       2.15982716e-03, 0., 0., 3.23974062e-03, 2.15982716e-03,
       1.07991358e-03, 0., 1.07991358e-03, 1.07991358e-03, 0., 0., 0.,
       0., 1.07991358e-03, 2.15982716e-03, 0., 0., 4.31965431e-03,
       2.15982716e-03, 1.07991358e-03, 0., 2.15982716e-03, 0., 0.,
       1.07991358e-03, 0., 2.15982716e-03, 1.07991358e-03, 0.,
       2.15982716e-03, 1.07991358e-03, 0., 2.15982716e-03,
       1.07991358e-03, 1.07991358e-03, 2.15982716e-03, 0., 0.,
       2.15982720e-02, 0., 1.07991358e-03, 1.07991358e-03,
       1.07991358e-03, 0., 0., 1.07991358e-03, 0., 1.07991358e-03,
       2.15982716e-03, 5.39956801e-03, 4.31965431e-03, 2.15982716e-03,
       0., 0., 0., 1.07991358e-03, 2.15982716e-03, 1.07991358e-03, 0.,
       1.07991358e-03, 3.23974062e-03, 0., 1.07991358e-03,
       1.07991358e-03, 3.23974062e-03, 0., 7.55939493e-03, 0.,
       2.15982716e-03, 2.15982716e-03, 1.07991358e-03, 4.31965431e-03,
       0., 0., 2.15982716e-03, 0., 1.07991358e-03, 1.07991358e-03,
       1.07991358e-03, 0., 0., 3.23974062e-03, 6.47948124e-03,
       2.15982716e-03, 2.15982716e-03, 1.07991358e-03, 0.,
       3.23974062e-03, 1.07991358e-03, 1.07991358e-03, 0., 0.,
       1.07991358e-03, 4.31965431e-03, 4.31965431e-03, 0., 0.,
       2.15982716e-03, 0., 0., 0., 1.07991358e-03, 0., 0.,
       2.15982716e-03, 1.07991358e-03, 0., 0., 1.07991358e-03, 0.,
       6.47948124e-03, 2.15982716e-03, 2.15982716e-03, 2.15982716e-03,
       0., 0., 2.15982716e-03, 0., 0., 1.07991358e-03, 2.15982716e-03,
       1.07991358e-03, 0., 1.07991358e-03, 0., 2.15982716e-03,
       3.23974062e-03, 3.23974062e-03, 2.15982716e-03, 0., 0.,
       1.07991358e-03, 1.07991358e-03, 1.07991358e-03, 2.15982716e-03,
       0., 0., 2.15982716e-03, 1.07991358e-03, 2.15982716e-03,
       3.23974062e-03, 3.23974062e-03, 0., 0., 0., 2.15982716e-03, 0.,
       1.07991358e-03, 0., 1.07991358e-03, 0., 1.07991358e-03,
       2.15982716e-03, 0., 0., 2.15982716e-03, 0., 4.31965431e-03,
       1.07991358e-03, 0., 1.07991358e-03, 0., 1.07991358e-03,
       7.55939493e-03, 2.15982716e-03, 2.15982716e-03, 2.15982716e-03,
       2.15982716e-03, 0., 1.07991358e-03, 0., 0., 1.07991358e-03,
       1.07991358e-03, 1.07991358e-03, 0., 2.15982716e-03,
       1.07991358e-03, 1.07991358e-03, 0., 1.07991358e-03,
       1.07991358e-03, 0., 1.07991358e-03, 1.07991358e-03, 0., 0.,
       1.07991358e-03, 0., 2.15982716e-03, 0., 0., 0., 0., 0.,
       2.15982716e-03, 0., 3.23974062e-03, 0., 3.23974062e-03,
       1.07991358e-03, 1.07991358e-03, 1.07991358e-03, 1.07991358e-03,
       0., 1.07991358e-03, 3.23974062e-03, 0., 2.15982716e-03, 0.,
       1.07991358e-03, 1.07991358e-03, 0., 2.15982716e-03,
       3.23974062e-03, 1.07991358e-03, 1.07991358e-03, 1.07991358e-03,
       3.23974062e-03, 0., 3.23974062e-03, 0., 1.07991358e-03,
       2.15982716e-03, 0., 4.31965431e-03, 3.23974062e-03, 0.,
       1.07991358e-03, 0., 0., 0., 2.15982716e-03, 1.07991358e-03,
       3.23974062e-03, 2.15982716e-03, 1.07991358e-03, 1.07991358e-03,
       2.15982716e-03, 0., 0., 0., 1.07991358e-03, 2.15982716e-03,
       1.07991358e-03, 2.15982716e-03, 0., 1.07991358e-03,
       2.15982716e-03, 0., 1.07991358e-03, 1.07991358e-03,
       2.15982716e-03, 1.07991358e-03, 2.15982716e-03, 1.07991358e-03,
       0., 5.39956801e-03, 3.23974062e-03, 0., 0., 2.15982716e-03,
       1.07991358e-03, 2.15982716e-03, 1.07991358e-03, 0., 0.,
       1.07991358e-03, 0., 3.23974062e-03, 0., 2.15982716e-03, 0.,
       5.39956801e-03, 1.07991358e-03, 2.15982716e-03, 1.07991358e-03,
       2.15982716e-03, 1.07991358e-03, 4.31965431e-03, 2.15982716e-03,
       1.07991358e-03, 0., 0., 1.07991358e-03, 2.15982716e-03, 0.,
       2.15982716e-03, 1.07991358e-03, 0., 2.15982716e-03, 0.,
       2.15982716e-03, 0., 2.15982716e-03, 2.15982716e-03, 0.,
       1.07991358e-03, 0., 1.07991358e-03, 1.07991358e-03, 0.,
       1.07991358e-03, 4.31965431e-03, 2.15982716e-03, 1.07991358e-03,
       2.15982716e-03, 0., 1.07991358e-03, 2.15982716e-03, 0.,
       2.15982716e-03, 2.15982716e-03, 2.15982716e-03, 2.15982716e-03,
       1.07991358e-03, 4.31965431e-03, 0., 0., 1.07991358e-03, 0., 0.,
       1.07991358e-03, 1.07991358e-03, 2.15982716e-03, 1.07991358e-03,
       1.07991358e-03, 0., 1.07991358e-03, 2.15982716e-03,
       2.15982716e-03, 0., 1.07991358e-03, 0., 4.31965431e-03, 0.,
       5.39956801e-03, 0., 2.15982716e-03, 2.15982716e-03, 0.,
       3.23974062e-03, 0., 2.15982716e-03, 0., 2.15982716e-03, 0., 0.,
       0., 1.07991358e-03, 0., 2.15982716e-03, 3.23974062e-03, 0.,
       1.07991358e-03, 0., 5.39956801e-03, 2.15982716e-03, 0., 0., 0.,
       2.15982716e-03, 1.07991358e-03, 1.07991358e-03, 5.39956801e-03,
       0., 0., 1.07991358e-03, 0., 0., 1.07991358e-03, 2.15982716e-03,
       0., 0., 2.15982716e-03, 2.15982716e-03, 1.07991358e-03,
       2.15982716e-03, 0., 0., 0., 3.23974062e-03, 1.07991358e-03,
       3.23974062e-03, 0., 2.15982716e-03, 1.07991358e-03,
       1.07991358e-03, 1.07991358e-03, 2.15982716e-03, 0., 0., 0.,
       3.23974062e-03, 0., 0., 1.07991358e-03, 0., 0., 2.15982716e-03,
       0., 0., 0., 3.23974062e-03, 2.15982716e-03, 0., 1.07991358e-03,
       2.15982716e-03, 0., 0., 3.23974062e-03, 1.07991358e-03, 0.,
       1.07991358e-03, 0., 0., 1.07991358e-03, 0., 0., 0., 0.,
       1.07991358e-03, 0., 3.23974062e-03, 0., 1.07991358e-03, 0.,
       1.07991358e-03, 1.07991358e-03, 0., 2.15982716e-03,
       3.23974062e-03, 1.07991358e-03, 3.23974062e-03, 1.07991358e-03,
       1.07991358e-03, 2.15982716e-03, 0., 1.07991358e-03,
       1.07991358e-03, 0., 1.07991358e-03, 2.15982716e-03, 0.,
       1.07991358e-03, 2.15982716e-03, 1.07991358e-03, 1.07991358e-03,
       1.07991358e-03, 6.47948124e-03, 1.07991358e-03, 4.31965431e-03,
