%YAML:1.0
m10f: !!opencv-matrix
   rows: 1
   cols: 800
   dt: f
   data: [ 2.54237279e-03, 2.11864407e-03, 2.54237279e-03,
       2.96610175e-03, 2.11864407e-03, 0., 4.23728809e-04,
       1.27118640e-03, 2.96610175e-03, 8.47457617e-04, 2.11864407e-03,
       4.23728809e-04, 4.23728814e-03, 2.54237279e-03, 4.23728809e-04,
       1.27118640e-03, 2.96610175e-03, 2.96610175e-03, 4.23728809e-04,
       4.23728809e-04, 1.69491523e-03, 4.23728809e-04, 4.23728809e-04,
       4.23728809e-04, 1.27118640e-03, 8.47457617e-04, 0.,
       1.69491523e-03, 8.47457617e-04, 4.23728809e-04, 4.23728809e-04,
       4.23728809e-04, 2.11864407e-03, 5.50847454e-03, 1.27118640e-03,
       8.47457617e-04, 0., 0., 8.47457617e-04, 4.23728809e-04,
       4.66101710e-03, 2.11864407e-03, 4.23728809e-04, 1.27118640e-03,
       1.27118640e-03, 4.23728809e-04, 0., 1.27118640e-03,
       2.11864407e-03, 0., 1.69491523e-03, 2.54237279e-03,
       1.27118640e-03, 3.81355919e-03, 8.47457617e-04, 1.69491523e-03,
       2.11864407e-03, 2.11864407e-03, 4.23728809e-04, 1.69491523e-03,
       0., 1.69491523e-03, 8.47457617e-04, 4.23728809e-04,
       1.01694912e-02, 4.23728809e-04, 0., 1.27118640e-03,
       8.47457617e-04, 4.23728809e-04, 8.47457617e-04, 1.69491523e-03,
       0., 8.47457617e-04, 1.27118640e-03, 8.47457617e-04, 0.,
       2.54237279e-03, 2.96610175e-03, 2.11864407e-03, 4.23728809e-04,
       1.27118640e-03, 8.47457617e-04, 4.23728809e-04, 2.96610175e-03,
       2.11864407e-03, 0., 8.47457617e-04, 1.69491523e-03,
       1.69491523e-03, 1.69491523e-03, 1.27118640e-03, 1.69491523e-03,
       1.27118640e-03, 2.54237279e-03, 8.47457617e-04, 1.27118640e-03,
       2.96610175e-03, 2.11864407e-03, 2.54237279e-03, 1.69491523e-03,
       2.54237279e-03, 1.69491523e-03, 4.23728809e-04, 4.23728809e-04,
       1.27118640e-03, 1.27118640e-03, 4.23728809e-04, 4.23728809e-04,
       0., 0., 3.38983047e-03, 8.47457617e-04, 2.11864407e-03,
       2.54237279e-03, 8.47457617e-04, 0., 8.47457617e-04,
       8.47457617e-04, 2.54237279e-03, 4.23728809e-04, 3.38983047e-03,
       0., 4.23728814e-03, 4.23728809e-04, 4.23728809e-04,
       4.23728814e-03, 1.69491523e-03, 1.69491523e-03, 2.54237279e-03,
       0., 8.47457617e-04, 5.08474559e-03, 4.23728809e-04,
       1.69491523e-03, 0., 1.69491523e-03, 0., 1.69491523e-03,
       8.47457617e-04, 1.69491523e-03, 8.47457617e-04, 2.96610175e-03,
       3.38983047e-03, 4.23728809e-04, 1.27118640e-03, 4.23728809e-04,
       0., 0., 2.96610175e-03, 1.27118640e-03, 0., 1.27118640e-03,
       2.11864407e-03, 1.27118640e-03, 1.69491523e-03, 0.,
       2.11864407e-03, 2.11864407e-03, 1.27118640e-03, 8.47457617e-04,
       0., 1.27118640e-03, 2.96610175e-03, 8.47457617e-04,
       4.23728809e-04, 4.23728809e-04, 1.27118640e-03, 2.11864407e-03,
       1.27118640e-03, 1.27118640e-03, 4.23728809e-04, 2.96610175e-03,
       2.11864407e-03, 1.27118640e-03, 0., 2.54237279e-03,
       4.23728809e-04, 3.38983047e-03, 0., 2.54237279e-03,
       4.23728809e-04, 4.23728809e-04, 1.27118640e-03, 2.96610175e-03,
       0., 4.23728809e-04, 1.69491523e-03, 0., 2.54237279e-03, 0.,
       1.69491523e-03, 1.69491523e-03, 8.47457617e-04, 1.27118640e-03,
       8.47457617e-04, 8.47457617e-04, 1.27118640e-03, 4.23728809e-04,
       4.23728809e-04, 2.54237279e-03, 2.96610175e-03, 2.11864407e-03,
       2.96610175e-03, 0., 0., 0., 1.27118640e-03, 1.27118640e-03,
       1.69491523e-03, 2.11864407e-03, 2.11864407e-03, 4.23728809e-04,
       1.69491523e-03, 1.69491523e-03, 0., 1.69491523e-03,
       1.69491523e-03, 4.23728809e-04, 1.69491523e-03, 8.47457617e-04,
       0., 2.11864407e-03, 1.69491523e-03, 1.27118640e-03,
       8.47457617e-04, 0., 1.69491523e-03, 0., 2.11864407e-03,
       4.23728809e-04, 2.11864407e-03, 8.47457617e-04, 8.47457617e-04,
       4.23728809e-04, 8.47457617e-04, 1.69491523e-03, 4.23728809e-04,
       2.54237279e-03, 4.23728809e-04, 2.54237279e-03, 8.47457617e-04,
       4.23728809e-04, 0., 8.47457617e-04, 8.47457617e-04,
       2.96610175e-03, 4.23728809e-04, 0., 4.23728814e-03,
       4.23728809e-04, 2.11864407e-03, 1.69491523e-03, 2.11864407e-03,
       8.47457617e-04, 3.81355919e-03, 2.54237279e-03, 8.47457617e-04,
       2.96610175e-03, 8.47457617e-04, 1.27118640e-03, 0., 0.,
       4.23728809e-04, 1.27118640e-03, 2.11864407e-03, 8.47457617e-04,
       4.23728809e-04, 8.47457617e-04, 8.47457617e-04, 4.23728809e-04,
       8.47457617e-04, 8.47457617e-04, 1.27118640e-03, 4.23728809e-04,
       2.54237279e-03, 1.27118640e-03, 1.27118640e-03, 1.27118640e-03,
       1.27118640e-03, 1.27118640e-03, 1.69491523e-03, 2.96610175e-03,
       2.54237279e-03, 8.47457617e-04, 4.23728809e-04, 8.47457617e-04,
       1.69491523e-03, 8.47457617e-04, 1.27118640e-03, 3.81355919e-03,
       2.96610175e-03, 2.11864407e-03, 1.69491523e-03, 4.23728809e-04,
       0., 1.27118640e-03, 1.69491523e-03, 2.11864407e-03,
       4.23728809e-04, 4.23728809e-04, 2.96610175e-03, 1.69491523e-03,
       4.23728809e-04, 2.54237279e-03, 3.38983047e-03, 1.27118640e-03,
       4.23728809e-04, 0., 2.11864407e-03, 0., 0., 2.96610175e-03,
       4.23728809e-04, 1.69491523e-03, 4.23728809e-04, 4.66101710e-03,
       0., 4.23728809e-04, 8.47457617e-04, 2.11864407e-03,
       1.69491523e-03, 1.69491523e-03, 1.27118640e-03, 1.27118640e-03,
       1.27118640e-03, 4.23728809e-04, 1.69491523e-03, 2.11864407e-03,
       8.47457617e-04, 1.69491523e-03, 0., 1.27118640e-03,
       8.47457617e-04, 4.23728809e-04, 1.27118640e-03, 1.69491523e-03,
       2.96610175e-03, 2.11864407e-03, 4.23728809e-04, 4.23728809e-04,
       4.23728809e-04, 3.38983047e-03, 1.27118640e-03, 1.27118640e-03,
       2.11864407e-03, 2.96610175e-03, 8.47457617e-04, 8.47457617e-04,
       2.11864407e-03, 4.23728809e-04, 4.23728809e-04, 4.23728809e-04,
       1.69491523e-03, 0., 0., 1.69491523e-03, 1.27118640e-03,
       2.96610175e-03, 2.54237279e-03, 1.27118640e-03, 1.69491523e-03,
       8.47457617e-04, 1.27118640e-03, 4.23728809e-04, 4.23728809e-04,
       3.38983047e-03, 2.11864407e-03, 4.23728809e-04, 0.,
       2.11864407e-03, 2.96610175e-03, 4.23728809e-04, 0.,
       8.47457617e-04, 0., 2.96610175e-03, 1.69491523e-03,
       1.27118640e-03, 3.81355919e-03, 4.23728809e-04, 8.47457617e-04,
       1.69491523e-03, 2.54237279e-03, 4.23728809e-04, 1.27118640e-03,
       1.27118640e-03, 3.81355919e-03, 2.54237279e-03, 4.23728809e-04,
       4.23728809e-04, 8.47457617e-04, 8.47457617e-04, 4.23728809e-04,
       1.69491523e-03, 2.54237279e-03, 4.23728809e-04, 4.23728809e-04,
       4.23728809e-04, 8.47457617e-04, 0., 2.96610175e-03,
       1.69491523e-03, 4.23728809e-04, 0., 8.47457617e-04,
       4.23728809e-04, 8.47457617e-04, 0., 1.27118640e-03, 0.,
       2.54237279e-03, 2.11864407e-03, 4.23728809e-04, 8.47457617e-04,
       0., 0., 0., 0., 0., 1.27118640e-03, 2.11864407e-03,
       3.38983047e-03, 4.23728809e-04, 1.27118640e-03, 8.47457617e-04,
       8.47457617e-04, 0., 2.11864407e-03, 4.23728809e-04,
       2.54237279e-03, 1.69491523e-03, 1.69491523e-03, 0.,
       4.23728809e-04, 2.11864407e-03, 8.47457617e-04, 4.23728809e-04,
       8.47457617e-04, 0., 4.23728809e-04, 1.27118640e-03,
       1.27118640e-03, 8.47457617e-04, 0., 4.23728809e-04, 0.,
       2.11864407e-03, 4.23728809e-04, 1.69491523e-03, 1.27118640e-03,
       2.11864407e-03, 1.69491523e-03, 4.23728809e-04, 4.23728809e-04,
       0., 0., 4.23728809e-04, 2.96610175e-03, 2.54237279e-03,
       8.47457617e-04, 1.27118640e-03, 4.23728809e-04, 0.,
       1.27118640e-03, 2.54237279e-03, 4.23728809e-04, 2.54237279e-03,
       2.54237279e-03, 1.27118640e-03, 8.47457617e-04, 4.23728809e-04,
       5.93220349e-03, 8.47457617e-04, 8.47457617e-04, 0.,
       1.69491523e-03, 1.69491523e-03, 4.23728809e-04, 1.27118640e-03,
       1.69491523e-03, 2.11864407e-03, 4.23728809e-04, 0.,
       8.47457617e-04, 4.23728809e-04, 8.47457617e-04, 4.23728809e-04,
       1.27118640e-03, 2.54237279e-03, 2.54237279e-03, 0.,
       4.23728809e-04, 8.47457617e-04, 4.23728809e-04, 1.27118640e-03,
