%YAML:1.0
m10f: !!opencv-matrix
   rows: 1
   cols: 800
   dt: f
   data: [ 8.87705304e-04, 4.43852652e-04, 8.87705304e-04,
       2.66311597e-03, 0., 1.77541061e-03, 4.43852652e-04,
       4.43852646e-03, 4.43852652e-04, 0., 4.43852652e-04,
       4.43852652e-04, 0., 0., 2.21926323e-03, 4.43852652e-04,
       1.77541061e-03, 1.33155799e-03, 0., 4.43852652e-04,
       4.43852652e-04, 0., 4.43852652e-04, 2.21926323e-03, 0.,
       8.87705304e-04, 4.43852652e-04, 4.43852652e-04, 1.77541061e-03,
       0., 1.77541061e-03, 3.55082122e-03, 0., 8.87705304e-04,
       1.77541061e-03, 4.43852652e-04, 2.66311597e-03, 2.66311597e-03,
       0., 5.77008445e-03, 2.21926323e-03, 1.33155799e-03,
       8.87705304e-04, 8.87705304e-04, 8.87705304e-04, 8.87705304e-04,
       0., 4.43852652e-04, 1.33155799e-03, 2.66311597e-03,
       1.33155799e-03, 3.55082122e-03, 8.87705304e-04, 1.77541061e-03,
       2.21926323e-03, 3.10696848e-03, 1.77541061e-03, 4.43852652e-04,
       8.87705304e-04, 1.77541061e-03, 0., 8.87705304e-04,
       2.21926323e-03, 4.43852652e-04, 8.87705304e-04, 4.43852652e-04,
       4.43852652e-04, 1.33155799e-03, 2.21926323e-03, 4.43852652e-04,
       8.87705304e-04, 4.43852652e-04, 4.43852652e-04, 0.,
       8.87705304e-04, 4.43852652e-04, 1.77541061e-03, 2.21926323e-03,
       1.33155799e-02, 1.33155799e-03, 2.21926323e-03, 8.87705304e-04,
       8.87705304e-04, 0., 1.33155799e-03, 0., 8.87705304e-04,
       2.21926323e-03, 1.77541061e-03, 4.43852652e-04, 0., 0.,
       3.10696848e-03, 1.77541061e-03, 8.87705304e-04, 1.33155799e-03,
       4.43852652e-04, 1.33155799e-03, 1.77541061e-03, 2.66311597e-03,
       4.43852652e-04, 1.77541061e-03, 4.43852652e-04, 8.87705304e-04,
       0., 1.33155799e-03, 4.43852652e-04, 2.66311597e-03,
       1.77541061e-03, 3.99467396e-03, 8.87705304e-04, 1.33155799e-03,
       2.66311597e-03, 0., 8.87705304e-04, 2.66311597e-03,
       8.87705304e-04, 4.43852652e-04, 8.87705304e-04, 1.33155799e-03,
       4.43852646e-03, 4.43852652e-04, 1.77541061e-03, 4.43852652e-04,
       0., 8.87705304e-04, 1.33155799e-03, 8.87705304e-04,
       8.87705304e-04, 3.10696848e-03, 0., 3.55082122e-03,
       1.77541061e-03, 1.33155799e-03, 0., 8.87705304e-04,
       8.87705304e-04, 4.43852652e-04, 4.43852652e-04, 8.87705304e-04,
       2.21926323e-03, 3.10696848e-03, 4.43852652e-04, 2.66311597e-03,
       1.77541061e-03, 2.21926323e-03, 2.66311597e-03, 0.,
       1.77541061e-03, 1.33155799e-03, 0., 8.87705304e-04,
       4.43852652e-04, 0., 3.10696848e-03, 1.77541061e-03,
       4.43852652e-04, 1.33155799e-03, 0., 8.87705304e-04,
       8.87705304e-04, 4.43852652e-04, 8.87705304e-04, 2.21926323e-03,
       1.77541061e-03, 3.10696848e-03, 4.43852652e-04, 8.87705304e-04,
       0., 4.43852652e-04, 8.87705304e-04, 2.21926323e-03, 0.,
       4.43852652e-04, 4.43852652e-04, 4.43852652e-04, 8.87705304e-04,
       0., 1.33155799e-03, 4.43852652e-04, 2.21926323e-03,
       1.33155799e-03, 4.43852652e-04, 1.33155799e-03, 8.87705304e-04,
       2.66311597e-03, 4.43852652e-04, 0., 3.10696848e-03, 0.,
       3.99467396e-03, 4.43852652e-04, 4.43852652e-04, 3.55082122e-03,
       8.87705304e-04, 2.21926323e-03, 1.77541061e-03, 0.,
       8.87705304e-04, 8.87705304e-04, 1.77541061e-03, 1.77541061e-03,
       4.43852652e-04, 2.21926323e-03, 4.43852652e-04, 4.43852652e-04,
       1.77541061e-03, 4.43852652e-04, 8.87705304e-04, 8.87705304e-04,
       8.87705304e-04, 7.10164243e-03, 8.87705304e-04, 8.87705304e-04,
       3.10696848e-03, 3.10696848e-03, 8.87705304e-04, 1.33155799e-03,
       8.87705304e-04, 4.43852652e-04, 4.43852652e-04, 0.,
       8.87705293e-03, 0., 0., 0., 8.87705304e-04, 8.87705304e-04,
       2.66311597e-03, 4.43852652e-04, 1.02086114e-02, 3.55082122e-03,
       0., 3.55082122e-03, 0., 4.43852652e-04, 8.87705304e-04,
       4.43852652e-04, 8.87705304e-04, 8.87705304e-04, 2.21926323e-03,
       1.33155799e-03, 1.77541061e-03, 2.21926323e-03, 4.43852652e-04,
       0., 8.87705304e-04, 0., 1.77541061e-03, 8.87705304e-04,
       8.87705304e-04, 0., 4.43852646e-03, 2.21926323e-03, 0.,
       8.87705304e-04, 0., 0., 4.43852652e-04, 4.43852652e-04,
       3.55082122e-03, 4.43852652e-04, 3.10696848e-03, 8.87705304e-04,
       0., 4.43852652e-04, 0., 1.77541061e-03, 1.77541061e-03,
       4.43852652e-04, 0., 0., 4.43852652e-04, 4.43852652e-04, 0.,
       3.55082122e-03, 0., 8.87705304e-04, 2.21926323e-03,
       1.77541061e-03, 8.87705304e-04, 0., 2.21926323e-03,
       1.33155799e-03, 1.77541061e-03, 4.43852652e-04, 4.43852652e-04,
       0., 1.77541061e-03, 1.33155799e-03, 1.77541061e-03,
       4.43852652e-04, 4.43852652e-04, 8.87705304e-04, 4.88237897e-03,
       4.43852646e-03, 8.87705304e-04, 4.43852646e-03, 8.87705304e-04,
       0., 0., 1.33155799e-03, 1.33155799e-03, 4.43852652e-04,
       4.43852652e-04, 4.43852652e-04, 4.43852652e-04, 1.77541061e-03,
       2.21926323e-03, 2.21926323e-03, 1.77541061e-03, 4.43852652e-04,
       2.21926323e-03, 4.43852652e-04, 1.77541061e-03, 4.43852652e-04,
       1.33155799e-03, 8.87705304e-04, 4.43852652e-04, 1.77541061e-03,
       8.87705304e-04, 1.77541061e-03, 1.77541061e-03, 2.21926323e-03,
       0., 4.43852652e-04, 1.33155799e-03, 4.43852652e-04,
       1.77541061e-03, 4.43852652e-04, 1.33155799e-03, 2.21926323e-03,
       8.87705304e-04, 1.33155799e-03, 2.66311597e-03, 4.43852652e-04,
       1.33155799e-03, 1.33155799e-03, 8.87705304e-04, 0.,
       2.21926323e-03, 0., 4.88237897e-03, 1.33155799e-03,
       8.87705304e-04, 0., 3.99467396e-03, 1.33155799e-03,
       1.33155799e-03, 1.33155799e-03, 0., 8.87705304e-04,
       1.77541061e-03, 1.77541061e-03, 4.43852652e-04, 8.87705304e-04,
       1.33155799e-03, 0., 1.77541061e-03, 1.33155799e-03,
       1.33155799e-03, 4.43852652e-04, 0., 1.77541061e-03,
       3.10696848e-03, 8.87705304e-04, 1.33155799e-03, 1.33155799e-03,
       4.43852652e-04, 8.87705304e-04, 4.43852646e-03, 8.87705304e-04,
       8.87705304e-04, 1.33155799e-03, 2.21926323e-03, 4.43852652e-04,
       1.33155799e-03, 0., 1.77541061e-03, 1.33155799e-03,
       4.43852652e-04, 1.33155799e-03, 0., 1.77541061e-03,
       1.33155799e-03, 1.33155799e-03, 8.87705304e-04, 0.,
       8.87705304e-04, 1.77541061e-03, 0., 1.33155799e-03,
       4.43852652e-04, 4.43852652e-04, 1.77541061e-03, 2.21926323e-03,
       8.87705304e-04, 2.66311597e-03, 4.43852652e-04, 1.77541061e-03,
       2.66311597e-03, 3.10696848e-03, 8.87705304e-04, 8.87705304e-04,
       8.87705304e-04, 8.87705304e-04, 4.43852652e-04, 1.33155799e-03,
       8.87705304e-04, 1.77541061e-03, 4.43852652e-04, 8.87705304e-04,
       3.10696848e-03, 0., 2.21926323e-03, 1.33155799e-03, 0.,
       8.87705304e-04, 8.87705304e-04, 4.43852652e-04, 4.43852652e-04,
       2.21926323e-03, 2.66311597e-03, 1.33155799e-03, 4.43852652e-04,
       1.77541061e-03, 4.43852652e-04, 2.21926323e-03, 4.43852652e-04,
       1.33155799e-03, 2.21926323e-03, 8.87705304e-04, 4.43852652e-04,
       8.87705304e-04, 8.87705304e-04, 1.77541061e-03, 0.,
       1.33155799e-03, 0., 4.43852652e-04, 4.43852652e-04,
       8.87705304e-04, 0., 8.87705304e-04, 1.77541061e-03, 0.,
       3.10696848e-03, 0., 4.43852652e-04, 4.43852652e-04,
       4.43852652e-04, 8.87705304e-04, 1.77541061e-03, 4.43852652e-04,
       4.43852652e-04, 1.77541061e-03, 2.66311597e-03, 2.66311597e-03,
       2.66311597e-03, 0., 3.10696848e-03, 4.43852652e-04,
       4.43852652e-04, 0., 4.43852652e-04, 8.87705304e-04,
       4.43852652e-04, 2.66311597e-03, 3.55082122e-03, 3.10696848e-03,
       4.43852652e-04, 8.87705304e-04, 1.33155799e-03, 2.21926323e-03,
       0., 2.21926323e-03, 1.77541061e-03, 4.43852652e-04,
       8.87705304e-04, 8.87705304e-04, 8.87705304e-04, 1.77541061e-03,
       8.87705304e-04, 0., 8.87705304e-04, 1.33155799e-03,
       1.77541061e-03, 3.10696848e-03, 4.43852652e-04, 3.10696848e-03,
       0., 1.77541061e-03, 1.77541061e-03, 4.43852652e-04,
       8.87705304e-04, 2.66311597e-03, 8.87705304e-04, 8.87705304e-04,
