%YAML:1.0
m10f: !!opencv-matrix
   rows: 1
   cols: 800
   dt: f
   data: [ 1.63345307e-03, 5.22704981e-03, 3.26690613e-04,
       1.30676245e-03, 0., 1.63345307e-03, 2.28683418e-03,
       1.30676245e-03, 9.80071840e-04, 3.26690613e-04, 3.26690613e-04,
       3.26690613e-04, 3.26690613e-04, 3.26690613e-04, 3.26690613e-04,
       6.53381227e-04, 6.53381227e-04, 9.80071840e-04, 1.63345307e-03,
       1.63345307e-03, 2.28683418e-03, 9.80071840e-04, 1.63345307e-03,
       1.30676245e-03, 0., 2.28683418e-03, 3.59359663e-03,
       1.30676245e-03, 0., 1.30676245e-03, 6.53381227e-04, 0.,
       1.63345307e-03, 9.80071840e-04, 2.94021564e-03, 3.26690613e-04,
       9.80071840e-04, 2.28683418e-03, 3.59359663e-03, 9.80071840e-04,
       6.53381227e-04, 6.53381227e-04, 6.53381227e-04, 0., 0.,
       6.53381227e-04, 0., 6.53381227e-04, 1.96014368e-03, 0.,
       3.26690613e-04, 3.26690613e-04, 1.63345307e-03, 3.26690613e-04,
       6.53381227e-04, 9.80071840e-04, 3.26690613e-04, 3.26690613e-04,
       9.80071840e-04, 1.96014368e-03, 1.96014368e-03, 1.96014368e-03,
       1.96014368e-03, 1.30676245e-03, 0., 2.94021564e-03,
       3.26690613e-03, 1.30676245e-03, 9.80071840e-04, 9.80071840e-04,
       3.26690613e-04, 0., 3.26690613e-04, 1.96014368e-03,
       9.80071840e-04, 1.96014368e-03, 1.30676245e-03, 1.30676245e-03,
       1.96014368e-03, 0., 3.26690613e-04, 2.28683418e-03,
       9.80071840e-04, 0., 6.53381227e-04, 3.26690613e-04,
       6.53381227e-04, 4.24697809e-03, 0., 3.26690613e-04,
       1.63345307e-03, 6.53381227e-04, 1.63345307e-03, 1.63345307e-03,
       9.80071840e-04, 9.80071840e-04, 1.30676245e-03, 9.80071840e-04,
       2.28683418e-03, 6.53381227e-04, 1.30676245e-03, 6.53381227e-04,
       6.53381227e-04, 0., 9.80071840e-04, 9.80071840e-04,
       9.80071840e-04, 9.80071840e-04, 1.30676245e-03, 2.61352491e-03,
       1.30676245e-03, 1.30676245e-03, 6.53381227e-04, 9.80071840e-04,
       1.30676245e-03, 6.53381227e-04, 6.53381227e-04, 1.30676245e-03,
       9.80071840e-04, 1.96014368e-03, 6.53381227e-04, 3.26690613e-04,
       1.63345307e-03, 9.80071840e-04, 9.80071840e-04, 6.53381227e-04,
       9.80071840e-04, 6.53381227e-04, 6.53381227e-04, 0.,
       1.30676245e-03, 9.80071840e-04, 9.80071840e-04, 1.96014368e-03,
       3.59359663e-03, 2.28683418e-03, 3.26690613e-04, 6.53381227e-04,
       6.53381227e-04, 3.26690613e-03, 9.80071840e-04, 3.26690613e-04,
       3.26690613e-04, 3.26690613e-04, 6.53381227e-04, 6.53381227e-04,
       9.80071840e-04, 1.63345307e-03, 2.61352491e-03, 6.53381227e-04,
       3.26690613e-03, 1.63345307e-03, 1.63345307e-03, 6.53381227e-04,
       1.30676245e-03, 1.30676245e-03, 2.28683418e-03, 1.30676245e-03,
       9.80071840e-04, 0., 3.26690613e-04, 2.94021564e-03,
       9.80071840e-04, 0., 9.80071840e-04, 1.96014368e-03,
       2.61352491e-03, 9.80071840e-04, 6.53381227e-04, 6.53381227e-04,
       3.26690613e-04, 6.53381227e-04, 6.53381227e-04, 1.63345307e-03,
       0., 1.63345307e-03, 6.53381227e-04, 0., 3.26690613e-03,
       9.80071840e-04, 6.53381227e-04, 9.80071840e-04, 6.53381227e-04,
       3.26690613e-04, 6.53381227e-04, 1.63345307e-03, 3.26690613e-04,
       6.53381227e-04, 1.63345307e-03, 9.80071840e-04, 6.53381227e-04,
       3.26690613e-04, 6.53381227e-04, 6.53381227e-04, 3.26690613e-04,
       1.63345307e-03, 0., 9.80071840e-04, 6.53381227e-04,
       3.26690613e-04, 9.80071840e-04, 0., 0., 0., 1.63345307e-03,
       3.26690613e-04, 0., 1.30676245e-03, 3.26690613e-04,
       3.26690613e-04, 1.63345307e-03, 9.80071840e-04, 3.92028736e-03,
       1.63345307e-03, 9.80071840e-04, 6.53381227e-04, 6.53381227e-04,
       6.53381227e-04, 1.96014368e-03, 3.26690613e-04, 2.28683418e-03,
       0., 9.80071840e-04, 3.26690613e-04, 9.80071840e-04,
       6.53381227e-04, 1.96014368e-03, 6.53381227e-04, 6.53381227e-04,
       0., 1.63345307e-03, 1.63345307e-03, 9.80071840e-04,
       1.96014368e-03, 6.53381227e-04, 9.80071840e-04, 1.63345307e-03,
       1.30676245e-03, 6.53381227e-04, 1.96014368e-03, 2.94021564e-03,
       9.80071840e-04, 1.30676245e-03, 1.96014368e-03, 6.53381227e-04,
       6.53381227e-04, 1.30676245e-03, 2.94021564e-03, 6.53381227e-04,
       0., 1.30676245e-03, 3.26690613e-03, 1.96014368e-03,
       1.63345307e-03, 1.63345307e-03, 5.55374054e-03, 1.30676245e-03,
       1.63345307e-03, 3.26690613e-04, 1.30676245e-03, 1.30676245e-03,
       3.26690613e-04, 3.26690613e-04, 0., 1.30676245e-03,
       2.94021564e-03, 1.63345307e-03, 3.26690613e-04, 1.30676245e-03,
       1.63345307e-03, 3.26690613e-04, 3.26690613e-04, 3.26690613e-04,
       1.63345307e-03, 1.96014368e-03, 9.80071840e-04, 6.53381227e-04,
       6.53381227e-04, 3.26690613e-04, 0., 6.53381227e-04,
       9.80071840e-04, 6.53381227e-04, 0., 6.53381227e-04,
       1.30676245e-03, 1.63345307e-03, 1.63345307e-03, 9.80071840e-04,
       3.59359663e-03, 2.94021564e-03, 6.53381227e-04, 9.80071840e-04,
       9.80071840e-04, 3.59359663e-03, 1.30676245e-03, 6.53381227e-04,
       3.92028736e-03, 3.26690613e-04, 6.53381227e-04, 6.53381227e-04,
       0., 6.53381227e-04, 9.80071840e-04, 6.53381227e-04,
       1.96014368e-03, 6.53381227e-04, 0., 2.28683418e-03,
       3.92028736e-03, 1.30676245e-03, 4.24697809e-03, 3.26690613e-04,
       3.26690613e-04, 1.63345307e-03, 3.26690613e-04, 0., 0.,
       1.30676245e-03, 3.26690613e-03, 1.30676245e-03, 6.53381227e-04,
       1.63345307e-03, 1.30676245e-03, 9.80071840e-04, 6.53381227e-04,
       9.80071840e-04, 9.80071840e-04, 2.94021564e-03, 9.80071840e-04,
       9.80071840e-04, 9.80071840e-04, 2.94021564e-03, 2.61352491e-03,
       2.94021564e-03, 1.30676245e-03, 3.26690613e-04, 1.96014368e-03,
       9.80071840e-04, 6.53381227e-04, 3.26690613e-04, 2.61352491e-03,
       1.63345307e-03, 3.26690613e-04, 3.26690613e-04, 1.30676245e-03,
       2.94021564e-03, 3.26690613e-04, 1.63345307e-03, 0.,
       1.30676245e-03, 1.30676245e-03, 1.96014368e-03, 2.28683418e-03,
       1.63345307e-03, 9.80071840e-04, 6.53381227e-04, 9.80071840e-04,
       9.80071840e-04, 1.30676245e-03, 9.80071840e-04, 9.80071840e-04,
       3.92028736e-03, 3.26690613e-04, 6.53381227e-04, 2.28683418e-03,
       9.80071840e-04, 6.53381227e-04, 6.53381227e-04, 4.24697809e-03,
       3.26690613e-04, 6.53381227e-04, 1.30676245e-03, 9.80071840e-04,
       9.80071840e-04, 3.92028736e-03, 3.26690613e-04, 9.80071840e-04,
       1.63345307e-03, 3.26690613e-04, 6.53381227e-04, 1.96014368e-03,
       6.53381227e-04, 2.61352491e-03, 2.94021564e-03, 1.30676245e-03,
       1.63345307e-03, 9.80071840e-04, 2.61352491e-03, 1.63345307e-03,
       1.30676245e-03, 2.94021564e-03, 1.63345307e-03, 2.61352491e-03,
       1.96014368e-03, 1.30676245e-03, 2.61352491e-03, 6.53381227e-04,
       0., 9.80071840e-04, 1.63345307e-03, 9.80071840e-04,
       6.53381227e-04, 3.26690613e-04, 1.30676245e-03, 3.59359663e-03,
       3.26690613e-04, 9.80071840e-04, 3.26690613e-04, 9.80071840e-04,
       3.26690613e-04, 3.26690613e-03, 9.80071840e-04, 3.26690613e-04,
       1.63345307e-03, 1.30676245e-03, 1.96014368e-03, 6.53381227e-04,
       6.53381227e-04, 3.26690613e-03, 1.30676245e-03, 9.80071840e-04,
       1.63345307e-03, 3.26690613e-04, 9.80071840e-04, 9.80071840e-04,
       3.26690613e-04, 3.26690613e-04, 6.53381227e-04, 7.84057472e-03,
       2.94021564e-03, 0., 1.63345307e-03, 1.30676245e-03,
       6.53381227e-04, 1.63345307e-03, 1.30676245e-03, 2.28683418e-03,
       9.80071840e-04, 6.53381227e-04, 1.63345307e-03, 1.63345307e-03,
       1.63345307e-03, 6.53381227e-04, 3.26690613e-04, 9.80071840e-04,
       6.53381227e-04, 9.80071840e-04, 9.80071840e-04, 9.80071840e-04,
       2.94021564e-03, 2.61352491e-03, 2.28683418e-03, 9.80071840e-04,
       1.63345307e-03, 1.63345307e-03, 9.80071840e-04, 4.57366835e-03,
       1.30676245e-03, 9.80071840e-04, 1.96014368e-03, 2.61352491e-03,
       6.53381227e-04, 1.63345307e-03, 1.63345307e-03, 1.63345307e-03,
       1.30676245e-03, 3.26690613e-04, 1.63345307e-03, 3.26690613e-04,
