%YAML:1.0
m10f: !!opencv-matrix
   rows: 1
   cols: 800
   dt: f
   data: [ 1.13186194e-03, 2.82965484e-03, 1.13186194e-03,
       2.26372387e-03, 1.13186194e-03, 5.65930968e-04, 2.26372387e-03,
       2.26372387e-03, 2.26372387e-03, 2.82965484e-03, 0., 0.,
       5.65930968e-04, 5.65930968e-04, 2.26372387e-03, 5.65930968e-04,
       0., 2.82965484e-03, 1.13186194e-03, 1.69779290e-03,
       1.13186194e-03, 0., 1.13186194e-03, 5.65930968e-04,
       2.26372387e-03, 5.65930968e-04, 5.65930968e-04, 1.13186194e-03,
       5.65930968e-04, 0., 1.13186194e-03, 5.65930968e-04, 0.,
       2.26372387e-03, 0., 2.26372387e-03, 5.65930968e-04,
       2.82965484e-03, 2.26372387e-03, 5.65930968e-04, 1.13186194e-03,
       5.65930968e-04, 5.65930968e-04, 1.69779290e-03, 2.26372387e-03,
       5.65930968e-04, 1.13186194e-03, 1.13186194e-03, 0., 0.,
       5.65930968e-04, 5.65930968e-04, 5.65930968e-04, 1.13186194e-03,
       0., 1.69779290e-03, 3.96151654e-03, 1.13186194e-03,
       5.65930968e-04, 1.13186194e-03, 0., 3.96151654e-03,
       5.65930968e-04, 4.52744775e-03, 5.65930968e-04, 1.13186194e-03,
       0., 5.65930968e-04, 0., 0., 0., 5.65930968e-04, 2.26372387e-03,
       2.82965484e-03, 0., 1.13186194e-03, 0., 1.13186194e-03,
       1.13186194e-03, 1.13186194e-03, 1.69779290e-03, 0., 0., 0.,
       5.65930968e-04, 5.65930968e-04, 1.69779290e-03, 5.65930968e-04,
       5.65930968e-04, 1.69779290e-03, 5.65930968e-04, 2.26372387e-03,
       0., 7.35710282e-03, 2.82965484e-03, 2.26372387e-03,
       5.65930968e-04, 5.65930968e-04, 1.13186194e-03, 0.,
       5.65930968e-04, 2.82965484e-03, 5.65930968e-03, 0.,
       5.65930968e-04, 0., 0., 0., 0., 0., 1.13186194e-03,
       1.69779290e-03, 1.13186194e-03, 3.39558581e-03, 5.09337895e-03,
       5.65930968e-04, 5.65930968e-04, 3.96151654e-03, 5.65930968e-04,
       3.39558581e-03, 5.65930968e-04, 2.82965484e-03, 1.13186194e-03,
       2.82965484e-03, 5.65930968e-04, 5.65930968e-04, 5.65930968e-04,
       5.65930968e-04, 0., 1.13186194e-03, 0., 5.65930968e-04,
       2.82965484e-03, 0., 5.65930968e-04, 1.13186194e-03,
       1.69779290e-03, 2.26372387e-03, 5.65930968e-04, 5.65930968e-04,
       5.65930968e-04, 1.69779290e-03, 6.22524042e-03, 5.65930968e-04,
       5.65930968e-04, 2.82965484e-03, 5.65930968e-04, 1.13186194e-03,
       1.13186194e-03, 5.65930968e-04, 1.69779290e-03, 0., 0.,
       1.13186194e-03, 1.13186194e-03, 0., 5.65930968e-04,
       2.26372387e-03, 4.52744775e-03, 1.13186194e-03, 0.,
       1.13186194e-03, 5.65930968e-04, 1.13186194e-03, 1.69779290e-03,
       2.26372387e-03, 5.65930968e-04, 2.82965484e-03, 1.13186194e-03,
       2.26372387e-03, 1.69779290e-03, 0., 2.82965484e-03,
       2.82965484e-03, 1.69779290e-03, 0., 1.13186194e-03,
       1.69779290e-03, 5.65930968e-04, 5.65930968e-04, 5.65930968e-04,
       0., 1.13186194e-03, 0., 0., 1.69779290e-03, 5.65930968e-04,
       5.65930968e-04, 0., 5.09337895e-03, 0., 1.69779290e-03, 0.,
       5.65930968e-04, 2.26372387e-03, 1.13186194e-03, 0.,
       1.69779290e-03, 5.65930968e-04, 0., 2.82965484e-03,
       2.82965484e-03, 1.13186194e-03, 5.65930968e-04, 1.13186194e-03,
       1.69779290e-03, 0., 2.26372387e-03, 2.82965484e-03,
       1.69779290e-03, 1.13186194e-03, 0., 0., 6.22524042e-03,
       2.26372387e-03, 0., 0., 5.65930968e-04, 5.65930968e-04,
       3.96151654e-03, 2.26372387e-03, 0., 5.65930968e-04,
       2.26372387e-03, 0., 1.13186194e-03, 1.13186194e-03,
       5.65930968e-04, 3.96151654e-03, 5.65930968e-04, 5.65930968e-04,
       1.13186194e-03, 0., 5.65930968e-04, 1.13186194e-03,
       5.65930968e-04, 5.65930968e-04, 5.65930968e-04, 2.26372387e-03,
       1.69779290e-03, 2.82965484e-03, 0., 4.52744775e-03,
       5.65930968e-04, 5.65930968e-04, 2.26372387e-03, 6.22524042e-03,
       0., 0., 1.69779290e-03, 6.79117162e-03, 1.69779290e-03,
       5.65930968e-04, 3.39558581e-03, 5.65930968e-04, 1.13186194e-03,
       0., 5.65930968e-04, 0., 5.65930968e-04, 2.26372387e-03,
       1.13186194e-03, 1.69779290e-03, 1.13186194e-03, 1.69779290e-03,
       5.65930968e-04, 1.13186194e-03, 1.13186194e-03, 3.96151654e-03,
       3.39558581e-03, 5.65930968e-04, 5.65930968e-04, 5.65930968e-04,
       1.13186194e-03, 0., 1.13186194e-03, 1.69779290e-03,
       4.52744775e-03, 1.13186194e-03, 1.69779290e-03, 5.65930968e-04,
       5.65930968e-04, 5.65930968e-04, 3.39558581e-03, 1.69779290e-03,
       5.65930968e-04, 5.65930968e-04, 1.13186194e-03, 5.65930968e-04,
       3.39558581e-03, 1.13186194e-03, 4.52744775e-03, 0.,
       5.65930968e-04, 0., 5.65930968e-04, 0., 0., 5.65930968e-04,
       3.39558581e-03, 1.13186194e-03, 1.69779290e-03, 2.26372387e-03,
       0., 3.39558581e-03, 2.26372387e-03, 2.82965484e-03,
       3.39558581e-03, 5.65930968e-04, 3.39558581e-03, 0.,
       5.65930968e-04, 0., 5.65930968e-04, 1.13186194e-03,
       5.65930968e-04, 4.52744775e-03, 1.13186194e-03, 4.52744775e-03,
       0., 3.39558581e-03, 1.69779290e-03, 5.65930968e-04,
       5.09337895e-03, 0., 5.65930968e-04, 0., 1.13186194e-03,
       1.69779290e-03, 5.65930968e-04, 5.65930968e-04, 0.,
       5.65930968e-04, 5.65930968e-04, 0., 0., 2.82965484e-03,
       5.65930968e-04, 2.26372387e-03, 1.13186194e-03, 5.65930968e-04,
       0., 3.39558581e-03, 0., 2.26372387e-03, 1.69779290e-03,
       4.52744775e-03, 2.26372387e-03, 2.26372387e-03, 5.65930968e-04,
       5.65930968e-04, 0., 1.13186194e-03, 2.26372387e-03,
       2.26372387e-03, 5.65930968e-04, 1.13186194e-03, 1.13186194e-03,
       2.82965484e-03, 1.69779290e-03, 5.65930968e-04, 5.65930968e-04,
       1.13186194e-03, 1.69779290e-03, 1.13186194e-03, 0.,
       1.69779290e-03, 3.39558581e-03, 5.65930968e-04, 1.13186194e-03,
       5.65930968e-04, 5.65930968e-04, 1.69779290e-03, 1.13186194e-03,
       0., 0., 2.82965484e-03, 2.26372387e-03, 3.39558581e-03,
       5.65930968e-04, 1.13186194e-03, 5.65930968e-04, 5.65930968e-04,
       5.65930968e-04, 0., 5.65930968e-04, 0., 5.65930968e-04,
       5.65930968e-04, 5.65930968e-04, 0., 0., 2.82965484e-03, 0.,
       1.69779290e-03, 2.82965484e-03, 0., 0., 0., 0., 1.69779290e-03,
       0., 0., 1.13186194e-03, 0., 5.65930968e-04, 2.26372387e-03,
       1.13186194e-03, 5.65930968e-04, 2.26372387e-03, 0.,
       1.13186194e-03, 5.65930968e-04, 5.65930968e-04, 2.26372387e-03,
       2.26372387e-03, 0., 1.13186194e-03, 1.13186194e-03, 0.,
       1.69779290e-03, 1.69779290e-03, 2.26372387e-03, 5.65930968e-04,
       2.26372387e-03, 0., 1.69779290e-03, 0., 1.13186194e-03,
       1.13186194e-03, 5.65930968e-04, 5.65930968e-04, 1.13186194e-03,
       0., 1.13186194e-03, 0., 0., 1.13186194e-03, 1.69779290e-03, 0.,
       5.65930968e-04, 2.26372387e-03, 1.13186194e-03, 0.,
       1.69779290e-03, 4.52744775e-03, 5.65930968e-04, 1.69779290e-03,
       1.69779290e-03, 5.65930968e-04, 0., 1.69779290e-03,
       1.13186194e-03, 1.69779290e-03, 0., 5.65930968e-04,
       5.65930968e-04, 0., 3.39558581e-03, 1.69779290e-03,
       5.65930968e-04, 3.39558581e-03, 0., 1.13186194e-03,
       5.65930968e-04, 1.13186194e-03, 1.13186194e-03, 5.65930968e-04,
       3.39558581e-03, 1.13186194e-03, 3.96151654e-03, 1.69779290e-03,
       2.26372387e-03, 1.13186194e-03, 1.13186194e-03, 0.,
       1.13186194e-03, 1.69779290e-03, 3.39558581e-03, 1.13186194e-03,
       1.69779290e-03, 1.69779290e-03, 2.82965484e-03, 1.69779290e-03,
       2.26372387e-03, 2.82965484e-03, 1.13186194e-03, 0., 0.,
       1.13186194e-03, 1.13186194e-03, 2.26372387e-03, 0.,
       2.26372387e-03, 0., 0., 1.69779290e-03, 1.13186194e-03,
       3.39558581e-03, 5.65930968e-04, 4.52744775e-03, 0.,
       1.13186194e-03, 3.96151654e-03, 0., 1.69779290e-03,
       1.13186194e-03, 0., 5.65930968e-04, 5.65930968e-04,
       5.65930968e-04, 5.65930968e-04, 5.65930968e-04, 5.65930968e-04,
       5.65930968e-04, 2.82965484e-03, 1.13186194e-03, 5.65930968e-04,
       1.69779290e-03, 2.26372387e-03, 1.69779290e-03, 1.13186194e-03,
       5.65930968e-04, 0., 5.65930968e-04, 1.13186194e-03,
