%YAML:1.0
m10f: !!opencv-matrix
   rows: 1
   cols: 800
   dt: f
   data: [ 0., 0., 0., 2.59067351e-03, 2.59067351e-03, 0., 0.,
       1.29533671e-02, 0., 0., 2.59067351e-03, 2.59067351e-03,
       2.59067351e-03, 0., 0., 5.18134702e-03, 0., 0., 0., 0., 0.,
       5.18134702e-03, 5.18134702e-03, 0., 2.59067351e-03,
       2.59067351e-03, 0., 0., 0., 0., 2.59067351e-03, 2.59067351e-03,
       0., 0., 0., 2.59067351e-03, 0., 0., 0., 2.59067351e-03, 0., 0.,
       2.59067351e-03, 2.59067351e-03, 0., 5.18134702e-03,
       2.59067351e-03, 0., 5.18134702e-03, 0., 0., 2.59067351e-03,
       5.18134702e-03, 0., 0., 5.18134702e-03, 0., 0., 2.59067351e-03,
       0., 2.59067351e-03, 2.59067351e-03, 0., 2.59067351e-03, 0.,
       5.18134702e-03, 7.77202053e-03, 0., 5.18134702e-03,
       2.59067351e-03, 0., 0., 5.18134702e-03, 0., 0., 0., 0., 0., 0.,
       0., 5.18134702e-03, 0., 0., 0., 2.59067351e-03, 5.18134702e-03,
       0., 0., 2.59067351e-03, 0., 0., 0., 0., 0., 0., 5.18134702e-03,
       0., 0., 7.77202053e-03, 0., 2.59067351e-03, 0., 0., 0., 0., 0.,
       0., 0., 0., 0., 2.59067351e-03, 0., 0., 0., 2.59067351e-03, 0.,
       0., 2.59067351e-03, 0., 0., 2.59067351e-03, 0., 0., 0., 0., 0.,
       2.59067351e-03, 0., 0., 5.18134702e-03, 7.77202053e-03,
       7.77202053e-03, 0., 0., 2.59067351e-03, 0., 0., 0., 0., 0., 0.,
       0., 2.59067351e-03, 0., 2.59067351e-03, 2.59067351e-03, 0.,
       7.77202053e-03, 2.59067351e-03, 0., 0., 2.59067351e-03, 0.,
       2.59067351e-03, 0., 0., 0., 5.18134702e-03, 2.59067351e-03, 0.,
       0., 2.59067351e-03, 0., 0., 0., 2.59067351e-03, 2.59067351e-03,
       2.59067351e-03, 0., 0., 0., 2.59067351e-03, 2.59067351e-03, 0.,
       0., 2.59067351e-03, 2.59067351e-03, 5.18134702e-03, 0.,
       2.59067351e-03, 0., 0., 0., 2.59067351e-03, 0., 5.18134702e-03,
       2.59067351e-03, 0., 2.59067351e-03, 0., 0., 0., 0., 0.,
       2.59067351e-03, 0., 0., 0., 0., 0., 2.59067351e-03, 0., 0., 0.,
       2.59067351e-03, 0., 0., 2.59067351e-03, 0., 0., 0., 0., 0., 0.,
       5.18134702e-03, 0., 0., 0., 5.18134702e-03, 0., 0.,
       1.29533671e-02, 0., 7.77202053e-03, 2.59067351e-03, 0., 0., 0.,
       0., 2.59067351e-03, 0., 0., 0., 2.59067351e-03, 0., 0., 0.,
       5.18134702e-03, 0., 0., 0., 0., 0., 0., 0., 0., 0.,
       5.18134702e-03, 0., 2.59067351e-03, 0., 5.18134702e-03,
       2.59067351e-03, 1.03626940e-02, 5.18134702e-03, 2.59067351e-03,
       2.59067351e-03, 0., 0., 2.59067351e-03, 0., 0., 0.,
       2.59067351e-03, 0., 0., 0., 7.77202053e-03, 0., 0., 0., 0.,
       2.59067351e-03, 2.59067351e-03, 0., 0., 0., 0., 2.59067351e-03,
       0., 0., 0., 0., 2.59067351e-03, 0., 0., 0., 0., 0.,
       2.59067351e-03, 0., 0., 0., 0., 0., 0., 7.77202053e-03,
       2.59067351e-03, 0., 2.59067351e-03, 0., 0., 0., 0., 0., 0.,
       5.18134702e-03, 0., 2.59067351e-03, 0., 2.59067342e-02,
       5.18134702e-03, 0., 2.59067351e-03, 5.18134702e-03, 0., 0., 0.,
       5.18134702e-03, 0., 0., 0., 0., 0., 5.18134702e-03, 0., 0., 0.,
       0., 0., 2.59067351e-03, 2.59067351e-03, 0., 0., 0.,
       2.59067351e-03, 2.59067351e-03, 0., 0., 2.59067351e-03, 0.,
       2.59067351e-03, 0., 5.18134702e-03, 0., 0., 0., 0., 0., 0., 0.,
       2.59067351e-03, 0., 0., 2.59067351e-03, 0., 0., 0., 0.,
       2.59067351e-03, 0., 2.59067351e-03, 2.59067351e-03, 0., 0.,
       2.59067351e-03, 0., 2.59067351e-03, 0., 0., 2.59067351e-03, 0.,
       5.18134702e-03, 0., 0., 0., 2.59067351e-03, 5.18134702e-03,
       2.59067351e-03, 2.59067351e-03, 0., 0., 7.77202053e-03, 0.,
       2.59067351e-03, 2.59067351e-03, 2.59067351e-03, 5.18134702e-03,
       0., 0., 0., 2.59067351e-03, 2.59067351e-03, 2.59067351e-03,
       2.59067351e-03, 0., 0., 0., 5.18134702e-03, 2.59067351e-03, 0.,
       0., 5.18134702e-03, 0., 0., 7.77202053e-03, 2.59067351e-03, 0.,
       2.59067351e-03, 0., 2.59067351e-03, 0., 0., 2.59067351e-03, 0.,
       0., 0., 0., 2.59067351e-03, 0., 0., 0., 2.59067351e-03, 0., 0.,
       2.59067351e-03, 0., 0., 2.59067351e-03, 0., 5.18134702e-03, 0.,
       0., 0., 0., 5.18134702e-03, 0., 0., 5.18134702e-03, 0.,
       2.59067351e-03, 0., 0., 0., 0., 2.59067351e-03, 0.,
       2.59067351e-03, 2.59067351e-03, 0., 0., 0., 5.18134702e-03, 0.,
       0., 0., 0., 0., 2.59067351e-03, 0., 0., 5.18134702e-03, 0., 0.,
       2.59067351e-03, 5.18134702e-03, 0., 0., 0., 0., 0., 0., 0., 0.,
       0., 0., 0., 2.59067351e-03, 0., 1.03626940e-02, 0.,
       2.59067351e-03, 0., 0., 2.59067351e-03, 0., 2.59067351e-03, 0.,
       0., 0., 0., 0., 0., 0., 2.59067351e-03, 0., 2.59067351e-03,
       5.18134702e-03, 0., 2.59067351e-03, 0., 0., 0., 0., 0., 0., 0.,
       2.59067351e-03, 0., 2.59067351e-03, 0., 1.03626940e-02,
       2.59067351e-03, 0., 0., 1.03626940e-02, 0., 7.77202053e-03,
       2.59067351e-03, 0., 0., 2.59067351e-03, 0., 0., 2.59067351e-03,
       0., 0., 0., 0., 5.18134702e-03, 0., 5.18134702e-03, 0., 0., 0.,
       0., 2.59067351e-03, 0., 0., 0., 0., 0., 0., 0., 2.59067351e-03,
       0., 0., 0., 0., 0., 2.59067351e-03, 0., 0., 0., 0.,
       2.59067351e-03, 2.59067351e-03, 0., 5.18134702e-03, 0., 0.,
       2.59067351e-03, 2.59067351e-03, 0., 0., 0., 2.59067351e-03, 0.,
       0., 0., 0., 0., 0., 2.59067351e-03, 2.59067351e-03, 0., 0., 0.,
       2.59067351e-03, 0., 0., 2.59067351e-03, 0., 2.59067351e-03,
       7.77202053e-03, 0., 0., 0., 0., 0., 0., 0., 0., 0., 0.,
       5.18134702e-03, 0., 0., 0., 0., 2.59067351e-03, 0.,
       2.59067351e-03, 2.59067351e-03, 0., 0., 0., 0., 0., 0.,
       2.59067351e-03, 1.03626940e-02, 0., 0., 2.59067351e-03,
       2.59067351e-03, 0., 2.59067351e-03, 0., 2.59067351e-03, 0., 0.,
       5.18134702e-03, 2.59067351e-03, 0., 7.77202053e-03, 0., 0., 0.,
       0., 0., 0., 0., 2.59067351e-03, 2.59067351e-03, 0., 0., 0., 0.,
       0., 0., 2.59067351e-03, 0., 2.59067351e-03, 0., 0.,
       2.59067351e-03, 0., 2.59067351e-03, 2.59067351e-03,
       2.59067351e-03, 0., 0., 0., 0., 5.18134702e-03, 0., 0., 0., 0.,
       0., 0., 0., 2.59067351e-03, 0., 2.59067342e-02, 0., 0.,
       2.59067351e-03, 0., 0., 0., 0., 0., 0., 0., 0., 0., 0., 0., 0.,
       2.59067351e-03, 5.18134702e-03, 0., 0., 0., 0., 7.77202053e-03,
       0., 0., 0., 0., 0., 0., 0., 0., 0., 0., 2.59067351e-03, 0., 0.,
       0., 0., 0., 0., 0., 0., 0., 0., 2.59067351e-03, 2.59067351e-03,
       2.59067351e-03, 0., 0., 5.18134702e-03, 0., 0., 2.59067351e-03,
       2.59067351e-03, 2.59067351e-03, 0., 0., 2.59067351e-03, 0., 0.,
       5.18134702e-03, 0., 0., 0., 2.59067351e-03, 0., 0., 0., 0.,
       5.18134702e-03, 0., 0., 0., 0., 2.59067351e-03, 2.59067351e-03,
       2.59067351e-03, 0., 5.18134702e-03, 5.18134702e-03,
       2.59067351e-03, 0., 0., 0., 0., 2.59067351e-03, 2.59067351e-03,
       0., 0., 0., 0., 0., 2.59067351e-03, 0., 0., 0., 0., 0.,
       1.03626940e-02, 2.59067351e-03, 0., 0., 5.18134702e-03, 0., 0.,
       0., 0., 0., 0., 0., 0., 2.59067351e-03, 0., 0., 0., 0., 0.,
       2.59067351e-03, 0., 0., 2.59067351e-03, 2.59067351e-03,
       2.59067351e-03, 0., 0., 0., 0., 2.59067351e-03, 2.59067351e-03,
       2.59067351e-03, 0., 2.59067351e-03, 2.59067351e-03, 0., 0. ]
