%YAML:1.0
m10f: !!opencv-matrix
   rows: 1
   cols: 800
   dt: f
   data: [ 0., 1.02040812e-03, 0., 0., 2.04081624e-03, 5.10204071e-03,
       2.04081624e-03, 2.04081624e-03, 1.02040812e-03, 0.,
       1.02040812e-03, 2.04081624e-03, 0., 0., 0., 5.10204071e-03, 0.,
       1.02040812e-03, 3.06122424e-03, 1.02040812e-03, 0.,
       1.02040812e-03, 1.02040812e-03, 1.02040812e-03, 1.02040812e-03,
       1.02040812e-03, 3.06122424e-03, 0., 1.02040812e-03, 0.,
       3.06122424e-03, 2.04081624e-03, 1.02040812e-03, 0.,
       1.02040812e-03, 1.02040812e-03, 2.04081624e-03, 0.,
       8.16326495e-03, 1.02040812e-03, 0., 0., 0., 7.14285672e-03, 0.,
       0., 0., 2.04081624e-03, 1.02040812e-03, 0., 0., 0., 0.,
       1.02040812e-03, 0., 5.10204071e-03, 1.02040812e-03,
       1.02040812e-03, 1.02040812e-03, 1.02040812e-03, 0.,
       3.06122424e-03, 1.02040812e-03, 1.02040812e-03, 0.,
       2.04081624e-03, 1.02040812e-03, 1.02040812e-03, 1.02040812e-03,
       4.08163248e-03, 1.32653052e-02, 1.02040812e-03, 1.02040812e-03,
       3.06122424e-03, 1.02040812e-03, 0., 2.04081624e-03,
       3.06122424e-03, 1.02040812e-03, 0., 2.04081624e-03, 0.,
       2.04081624e-03, 0., 2.04081624e-03, 1.02040812e-03, 0.,
       1.02040812e-03, 1.02040812e-03, 0., 1.02040812e-03, 0.,
       1.02040812e-03, 0., 2.04081624e-03, 0., 1.02040812e-03,
       3.06122424e-03, 0., 0., 3.06122424e-03, 2.04081624e-03,
       1.02040812e-03, 1.02040812e-03, 0., 0., 0., 2.04081624e-03, 0.,
       1.02040812e-03, 4.08163248e-03, 0., 0., 4.08163248e-03, 0.,
       1.02040812e-03, 4.08163248e-03, 0., 2.04081624e-03,
       2.04081624e-03, 0., 0., 2.04081624e-03, 1.02040812e-03,
       2.04081624e-03, 0., 3.06122424e-03, 4.08163248e-03,
       3.06122424e-03, 7.14285672e-03, 3.06122424e-03, 1.02040812e-03,
       4.08163248e-03, 1.02040812e-03, 0., 0., 0., 0., 1.02040812e-03,
       0., 0., 2.04081624e-03, 0., 0., 3.06122424e-03, 0., 0., 0.,
       1.02040812e-03, 2.04081624e-03, 0., 2.04081624e-03,
       2.04081624e-03, 1.02040812e-03, 1.02040812e-03, 0.,
       1.02040812e-03, 2.04081624e-03, 2.04081624e-03, 4.08163248e-03,
       2.04081624e-03, 0., 0., 0., 1.02040812e-03, 0., 0.,
       4.08163248e-03, 0., 2.04081624e-03, 1.02040812e-03,
       1.02040812e-03, 0., 4.08163248e-03, 0., 0., 0., 2.04081624e-03,
       0., 3.06122424e-03, 1.02040812e-03, 1.02040812e-03, 0., 0., 0.,
       2.04081624e-03, 0., 2.04081624e-03, 0., 1.02040812e-03,
       1.02040812e-03, 0., 0., 1.02040812e-03, 0., 1.02040812e-03, 0.,
       2.04081624e-03, 2.04081624e-03, 5.10204071e-03, 0., 0.,
       1.02040812e-03, 0., 0., 0., 2.04081624e-03, 0., 2.04081624e-03,
       1.02040812e-03, 2.04081624e-03, 0., 0., 0., 0., 0.,
       7.14285672e-03, 0., 0., 0., 1.02040812e-03, 2.04081624e-03, 0.,
       3.06122424e-03, 2.04081624e-03, 2.04081624e-03, 1.02040812e-03,
       0., 1.02040812e-03, 1.02040812e-03, 0., 0., 0., 1.02040812e-03,
       3.06122424e-03, 1.02040812e-03, 2.04081624e-03, 1.02040812e-03,
       0., 0., 0., 0., 0., 2.04081624e-03, 1.02040812e-03,
       1.02040812e-03, 8.16326495e-03, 0., 0., 2.04081624e-03, 0.,
       4.08163248e-03, 1.02040812e-03, 1.02040812e-03, 0.,
       3.06122424e-03, 0., 1.02040812e-03, 0., 1.02040812e-03, 0.,
       1.02040812e-03, 0., 0., 0., 0., 1.02040812e-03, 0., 0., 0.,
       1.02040812e-03, 0., 0., 3.06122424e-03, 2.04081624e-03, 0., 0.,
       0., 0., 1.02040812e-03, 3.06122424e-03, 1.02040812e-03, 0., 0.,
       1.02040812e-03, 8.16326495e-03, 1.02040812e-03, 0., 0.,
       1.02040812e-03, 2.04081624e-03, 2.04081624e-03, 2.04081624e-03,
       1.02040812e-03, 2.04081624e-03, 6.12244848e-03, 1.02040812e-03,
       0., 0., 1.02040812e-03, 5.10204071e-03, 2.04081624e-03,
       2.04081624e-03, 0., 0., 1.02040812e-03, 3.06122424e-03,
       2.04081624e-03, 1.02040812e-03, 5.10204071e-03, 2.24489793e-02,
       1.02040812e-03, 1.02040812e-03, 1.02040812e-03, 0., 0.,
       1.02040812e-03, 0., 0., 0., 0., 1.02040812e-03, 0.,
       1.02040812e-03, 2.04081624e-03, 1.02040812e-03, 0., 0.,
       2.04081624e-03, 2.04081624e-03, 1.02040812e-03, 0.,
       1.02040812e-03, 1.02040812e-03, 1.02040812e-03, 5.10204071e-03,
       1.02040812e-03, 4.08163248e-03, 1.02040812e-03, 1.02040812e-03,
       1.02040812e-03, 1.02040812e-03, 1.02040812e-03, 0., 0.,
       1.02040812e-03, 1.02040812e-03, 0., 3.06122424e-03,
       3.06122424e-03, 0., 1.02040812e-03, 1.02040812e-03, 0., 0., 0.,
       1.02040812e-03, 4.08163248e-03, 4.08163248e-03, 1.02040812e-03,
       0., 0., 2.04081624e-03, 0., 3.06122424e-03, 0., 1.02040812e-03,
       0., 2.04081624e-03, 0., 8.16326495e-03, 1.02040812e-03,
       2.04081624e-03, 0., 1.02040812e-03, 0., 0., 0., 0.,
       2.04081624e-03, 0., 1.02040812e-03, 1.02040812e-03,
       1.02040812e-03, 0., 2.04081624e-03, 0., 1.02040812e-03,
       1.02040812e-03, 0., 0., 1.02040812e-03, 1.02040812e-03,
       1.02040812e-03, 0., 3.06122424e-03, 2.04081624e-03,
       1.02040812e-03, 0., 4.08163248e-03, 2.04081624e-03, 0.,
       1.02040812e-03, 0., 1.02040812e-03, 1.22448970e-02, 0.,
       2.04081624e-03, 2.04081624e-03, 1.02040812e-03, 1.02040812e-03,
       3.06122424e-03, 1.02040812e-03, 0., 0., 0., 1.02040812e-03, 0.,
       0., 1.02040812e-03, 2.04081624e-03, 1.02040812e-03,
       2.04081624e-03, 3.06122424e-03, 0., 0., 0., 1.02040812e-03, 0.,
       1.02040812e-03, 2.04081624e-03, 1.02040812e-03, 7.14285672e-03,
       0., 1.02040812e-03, 1.02040812e-03, 0., 0., 0., 3.06122424e-03,
       0., 0., 0., 0., 2.04081624e-03, 1.02040812e-03, 3.06122424e-03,
       0., 1.02040812e-03, 1.02040812e-03, 0., 6.12244848e-03,
       3.06122424e-03, 0., 0., 3.06122424e-03, 0., 2.04081624e-03,
       1.02040812e-03, 0., 1.02040812e-03, 0., 4.08163248e-03, 0., 0.,
       1.02040812e-03, 0., 4.08163248e-03, 4.08163248e-03,
       1.02040812e-03, 1.02040812e-03, 0., 1.02040812e-03,
       1.02040812e-03, 1.02040812e-03, 0., 2.04081624e-03,
       1.02040812e-03, 0., 1.02040812e-03, 1.02040812e-03,
       4.08163248e-03, 0., 0., 1.02040812e-03, 1.02040812e-03, 0.,
       1.02040812e-03, 1.02040812e-03, 0., 0., 0., 2.04081624e-03,
       2.04081624e-03, 1.02040812e-03, 0., 5.10204071e-03,
       2.04081624e-03, 3.06122424e-03, 1.02040812e-03, 0.,
       1.02040812e-03, 1.02040812e-03, 0., 1.02040812e-03,
       1.42857134e-02, 1.02040812e-03, 0., 0., 2.04081624e-03,
       1.02040812e-03, 1.93877537e-02, 0., 0., 0., 0., 2.04081624e-03,
       1.02040814e-02, 1.02040812e-03, 2.04081624e-03, 0.,
       3.06122424e-03, 1.02040812e-03, 7.14285672e-03, 0., 0., 0.,
       4.08163248e-03, 0., 1.02040812e-03, 1.02040812e-03, 0., 0., 0.,
       0., 1.02040812e-03, 1.02040812e-03, 1.02040812e-03, 0.,
       2.04081624e-03, 1.02040812e-03, 0., 2.04081624e-03,
       2.04081624e-03, 8.16326495e-03, 0., 0., 1.02040812e-03, 0., 0.,
       0., 1.02040812e-03, 0., 1.02040812e-03, 0., 4.08163248e-03,
       1.02040812e-03, 2.04081624e-03, 0., 3.06122424e-03,
       2.04081624e-03, 1.02040812e-03, 0., 0., 0., 0., 0., 0.,
       2.04081624e-03, 0., 0., 1.02040812e-03, 0., 0., 0.,
       2.04081624e-03, 6.12244848e-03, 1.02040812e-03, 4.08163248e-03,
       0., 0., 0., 3.06122424e-03, 2.04081624e-03, 3.06122424e-03, 0.,
       1.02040812e-03, 1.02040812e-03, 0., 1.02040812e-03,
       1.02040812e-03, 0., 2.04081624e-03, 0., 0., 1.02040812e-03,
       3.06122424e-03, 0., 0., 2.04081624e-03, 1.02040812e-03, 0., 0.,
       0., 3.06122424e-03, 1.02040812e-03, 0., 0., 0., 0., 0., 0., 0.,
       0., 1.02040812e-03, 0., 3.06122424e-03, 3.06122424e-03, 0.,
       1.02040812e-03, 1.02040812e-03, 0., 0., 2.04081624e-03,
       3.06122424e-03, 0., 0., 0., 0., 0., 3.06122424e-03,
       3.06122424e-03, 0., 0., 0., 0., 2.04081624e-03, 2.04081624e-03,
       2.04081624e-03, 0., 0., 3.06122424e-03, 0., 1.02040812e-03,
       1.02040812e-03, 5.10204071e-03, 2.04081624e-03, 1.02040812e-03,
       0., 2.04081624e-03, 0., 6.12244848e-03, 0., 1.02040812e-03, 0.,
