%YAML:1.0
m25n: !!opencv-matrix
   rows: 1
   cols: 800
   dt: f
   data: [ 1.04275288e-03, 0., 2.08550575e-03, 1.04275288e-03, 0.,
       1.04275288e-03, 0., 4.17101150e-03, 1.04275288e-03,
       7.29927002e-03, 1.04275288e-03, 2.08550575e-03, 1.04275288e-03,
       2.08550575e-03, 1.04275288e-03, 1.04275288e-03, 0., 0., 0., 0.,
       0., 3.12825851e-03, 0., 0., 0., 3.12825851e-03, 2.08550575e-03,
       1.04275288e-03, 0., 1.04275288e-03, 1.04275288e-03,
       6.25651702e-03, 1.04275288e-03, 5.21376450e-03, 1.04275288e-03,
       0., 1.04275288e-03, 1.04275288e-03, 1.04275288e-03,
       1.04275288e-03, 0., 0., 1.04275288e-03, 2.08550575e-03, 0., 0.,
       2.08550575e-03, 1.04275288e-03, 3.12825851e-03, 0., 0.,
       2.08550575e-03, 1.04275288e-03, 0., 1.04275288e-03, 0.,
       2.08550575e-03, 0., 3.12825851e-03, 0., 0., 1.04275288e-03, 0.,
       2.08550575e-03, 1.04275288e-03, 2.08550575e-03, 3.12825851e-03,
       0., 6.25651702e-03, 0., 2.08550575e-03, 0., 1.04275288e-03, 0.,
       0., 0., 2.29405630e-02, 0., 5.21376450e-03, 0., 2.08550575e-03,
       1.04275288e-03, 0., 0., 0., 0., 2.08550575e-03, 1.04275288e-03,
       2.08550575e-03, 2.08550575e-03, 0., 0., 4.17101150e-03, 0.,
       6.25651702e-03, 0., 0., 5.21376450e-03, 5.21376450e-03,
       1.04275288e-03, 4.17101150e-03, 0., 1.04275288e-03,
       3.12825851e-03, 2.08550575e-03, 0., 1.04275288e-03,
       1.04275288e-03, 3.12825851e-03, 0., 0., 0., 6.25651702e-03, 0.,
       0., 0., 3.12825851e-03, 1.04275288e-03, 0., 3.12825851e-03, 0.,
       0., 0., 0., 0., 1.04275288e-03, 2.08550575e-03, 0.,
       2.08550575e-03, 2.08550575e-03, 1.04275288e-03, 2.08550575e-03,
       1.04275288e-03, 0., 0., 3.12825851e-03, 3.12825851e-03,
       1.04275288e-03, 0., 0., 0., 2.08550575e-03, 3.12825851e-03, 0.,
       1.04275288e-03, 0., 0., 0., 4.17101150e-03, 4.17101150e-03,
       1.04275288e-03, 1.04275288e-03, 0., 1.04275288e-03, 0., 0.,
       3.12825851e-03, 3.12825851e-03, 0., 0., 1.04275288e-03, 0.,
       1.04275288e-03, 0., 0., 0., 0., 1.04275288e-03, 2.08550575e-03,
       2.08550575e-03, 0., 1.04275288e-03, 2.08550575e-03, 0., 0., 0.,
       0., 0., 1.04275288e-03, 1.04275288e-03, 0., 1.04275288e-03, 0.,
       0., 0., 0., 8.34202301e-03, 3.12825851e-03, 0., 0., 0.,
       1.04275288e-03, 2.08550575e-03, 2.08550575e-03, 3.12825851e-03,
       0., 0., 0., 1.04275288e-03, 1.04275288e-03, 0., 0.,
       2.08550575e-03, 2.08550575e-03, 2.08550575e-03, 3.12825851e-03,
       1.04275288e-03, 0., 0., 0., 5.21376450e-03, 0., 0.,
       1.04275288e-03, 0., 2.08550575e-03, 0., 0., 0., 0.,
       2.08550575e-03, 0., 0., 2.08550575e-03, 1.04275288e-03, 0., 0.,
       0., 1.56412926e-02, 1.04275288e-03, 0., 4.17101150e-03,
       1.04275288e-03, 5.21376450e-03, 0., 0., 3.12825851e-03, 0., 0.,
       0., 6.25651702e-03, 1.04275288e-03, 0., 1.04275288e-03,
       7.29927002e-03, 3.12825851e-03, 4.17101150e-03, 1.04275288e-03,
       0., 3.12825851e-03, 0., 0., 0., 0., 0., 0., 1.04275288e-03,
       4.17101150e-03, 0., 0., 0., 0., 6.25651702e-03, 1.04275288e-03,
       2.08550575e-03, 6.25651702e-03, 3.12825851e-03, 1.04275288e-03,
       7.29927002e-03, 0., 1.04275288e-03, 0., 1.04275288e-03,
       1.04275288e-03, 0., 0., 0., 1.04275288e-03, 0., 0.,
       2.08550575e-03, 5.21376450e-03, 0., 2.08550575e-03,
       1.04275288e-03, 1.04275288e-03, 0., 2.08550575e-03, 0.,
       1.04275288e-03, 0., 0., 3.12825851e-03, 7.29927002e-03,
       1.04275288e-03, 1.04275288e-03, 1.04275288e-03, 0.,
       2.08550575e-03, 0., 0., 0., 1.04275288e-03, 0., 0., 0., 0.,
       1.04275288e-03, 2.08550575e-03, 0., 1.04275288e-03, 0.,
       1.04275288e-03, 1.04275288e-03, 1.04275288e-03, 0., 0.,
       2.08550575e-03, 2.08550575e-03, 0., 6.25651702e-03, 0.,
       1.04275288e-03, 0., 1.04275288e-03, 0., 1.04275288e-03,
       1.04275288e-03, 1.04275288e-03, 2.08550575e-03, 1.04275288e-03,
       2.08550575e-03, 0., 0., 0., 0., 2.08550575e-03, 0., 0., 0.,
       1.04275288e-03, 1.04275288e-03, 0., 0., 2.08550575e-03, 0.,
       1.04275288e-03, 1.04275288e-03, 0., 0., 0., 3.12825851e-03, 0.,
       8.34202301e-03, 0., 1.04275288e-03, 0., 1.04275288e-03,
       1.04275288e-03, 3.12825851e-03, 0., 0., 1.04275288e-03, 0.,
       1.04275288e-03, 0., 3.12825851e-03, 3.12825851e-03, 0.,
       2.08550575e-03, 2.08550575e-03, 1.04275288e-03, 4.17101150e-03,
       0., 0., 0., 1.04275288e-03, 0., 0., 6.25651702e-03, 0., 0., 0.,
       1.04275288e-03, 0., 5.21376450e-03, 0., 0., 0., 0., 0., 0.,
       1.04275288e-03, 0., 3.12825851e-03, 2.08550575e-03,
       2.08550575e-03, 1.04275288e-03, 0., 0., 9.38477553e-03, 0., 0.,
       0., 1.04275288e-03, 3.12825851e-03, 4.17101150e-03,
       1.04275288e-03, 0., 3.12825851e-03, 0., 0., 0., 0., 0., 0.,
       2.08550575e-03, 1.04275288e-03, 2.08550575e-03, 1.04275288e-03,
       1.04275288e-03, 0., 0., 0., 0., 0., 0., 0., 1.04275288e-03, 0.,
       2.08550575e-03, 3.12825851e-03, 0., 1.04275288e-03, 0., 0.,
       1.04275288e-03, 2.08550575e-03, 1.04275288e-03, 1.04275288e-03,
       2.08550575e-03, 0., 1.04275288e-03, 1.04275288e-03,
       2.08550575e-03, 0., 0., 3.12825851e-03, 0., 0., 3.12825851e-03,
       0., 0., 2.08550575e-03, 2.08550575e-03, 2.08550575e-03, 0.,
       1.04275288e-03, 0., 1.04275288e-03, 0., 1.04275288e-03, 0., 0.,
       0., 0., 0., 0., 0., 0., 1.04275288e-03, 0., 0., 0.,
       1.04275288e-03, 1.04275288e-03, 6.25651702e-03, 0., 0., 0.,
       1.04275288e-03, 1.04275288e-03, 2.08550575e-03, 0., 0., 0.,
       1.04275288e-03, 1.04275288e-03, 1.04275288e-03, 0.,
       2.08550575e-03, 1.04275288e-03, 0., 0., 0., 4.17101150e-03, 0.,
       0., 0., 1.98123045e-02, 0., 2.08550575e-03, 0., 6.25651702e-03,
       4.17101150e-03, 0., 6.25651702e-03, 0., 8.34202301e-03,
       3.12825851e-03, 0., 0., 0., 1.04275288e-03, 1.04275288e-03, 0.,
       0., 2.08550575e-03, 0., 1.04275288e-03, 2.08550575e-03, 0., 0.,
       0., 1.04275288e-03, 1.04275288e-03, 6.25651702e-03,
       6.25651702e-03, 0., 2.08550575e-03, 0., 5.21376450e-03, 0., 0.,
       1.35557875e-02, 0., 1.04275288e-03, 5.21376450e-03,
       1.04275288e-03, 0., 0., 0., 0., 0., 4.17101150e-03, 0.,
       1.04275288e-03, 0., 3.12825851e-03, 3.12825851e-03,
       1.04275288e-03, 1.04275288e-03, 1.04275288e-03, 1.04275288e-03,
       1.04275288e-03, 1.04275288e-03, 0., 0., 0., 0., 0., 0.,
       1.04275288e-03, 0., 0., 1.04275288e-03, 3.12825851e-03,
       1.04275288e-03, 3.12825851e-03, 0., 2.08550575e-03, 0.,
       3.12825851e-03, 3.12825851e-03, 2.08550575e-03, 0., 0., 0.,
       1.04275288e-03, 1.04275288e-03, 1.04275288e-03, 2.08550575e-03,
       0., 3.12825851e-03, 1.04275288e-03, 1.04275288e-03, 0., 0., 0.,
       1.56412926e-02, 1.04275288e-03, 0., 1.04275288e-03, 0.,
       1.04275288e-03, 0., 1.04275288e-03, 1.04275290e-02,
       2.08550575e-03, 1.04275288e-03, 0., 2.08550575e-03, 0., 0.,
       1.04275290e-02, 4.17101150e-03, 1.04275288e-03, 0., 0., 0., 0.,
       0., 3.12825851e-03, 1.04275288e-03, 1.04275288e-03, 0., 0.,
       1.04275288e-03, 0., 1.04275288e-03, 7.29927002e-03, 0., 0., 0.,
       5.21376450e-03, 0., 0., 1.04275288e-03, 4.17101150e-03, 0., 0.,
       0., 0., 0., 0., 0., 0., 1.04275288e-03, 0., 1.04275288e-03,
       1.04275288e-03, 3.12825851e-03, 0., 1.04275288e-03,
       6.25651702e-03, 0., 1.04275288e-03, 1.04275288e-03,
       4.17101150e-03, 1.04275288e-03, 1.04275288e-03, 0.,
       1.04275288e-03, 1.04275288e-03, 0., 0., 1.04275288e-03, 0., 0.,
       3.12825851e-03, 2.08550575e-03, 1.04275288e-03, 1.04275288e-03,
       0., 1.04275288e-03, 1.04275288e-03, 2.08550575e-03, 0., 0.,
       1.04275288e-03, 1.04275288e-03, 0., 0., 8.34202301e-03, 0.,
       1.04275290e-02, 0., 0., 0., 0., 0., 0., 0., 2.08550575e-03,
       4.17101150e-03, 1.04275288e-03, 0., 1.04275288e-03,
       1.04275288e-03, 4.17101150e-03, 7.29927002e-03, 2.08550575e-03,
       2.08550575e-03, 0., 0., 1.04275288e-03, 0., 0., 0., 0., 0., 0.,
