%YAML:1.0
m25n: !!opencv-matrix
   rows: 1
   cols: 800
   dt: f
   data: [ 0., 0., 4.18235053e-04, 4.18235053e-04, 2.09117518e-03, 0.,
       0., 0., 8.36470106e-04, 6.69176085e-03, 2.92764534e-03,
       1.67294021e-03, 0., 1.67294021e-03, 0., 8.36470106e-04,
       1.25470513e-03, 1.25470513e-03, 8.36470106e-04, 3.34588042e-03,
       0., 2.09117518e-03, 2.09117518e-03, 4.18235053e-04,
       1.67294021e-03, 1.67294021e-03, 5.01882052e-03, 8.36470106e-04,
       5.85529068e-03, 0., 8.36470106e-04, 2.50941026e-03,
       4.18235036e-03, 1.67294021e-03, 4.18235053e-04, 4.18235053e-04,
       8.36470106e-04, 8.36470106e-04, 3.34588042e-03, 0., 0.,
       3.34588042e-03, 8.36470106e-04, 1.67294021e-03, 1.25470513e-03,
       8.36470106e-04, 0., 2.09117518e-03, 0., 0., 2.92764534e-03,
       8.36470106e-04, 2.50941026e-03, 4.18235053e-04, 1.67294021e-03,
       1.25470513e-03, 2.09117518e-03, 4.18235036e-03, 1.25470513e-03,
       4.18235053e-04, 4.18235053e-04, 0., 2.09117518e-03,
       2.09117518e-03, 1.67294021e-03, 8.36470106e-04, 0.,
       2.50941026e-03, 0., 1.25470513e-03, 1.67294021e-03, 0.,
       4.18235053e-04, 8.36470106e-04, 8.36470106e-04, 1.25470513e-03,
       0., 0., 2.50941026e-03, 2.50941026e-03, 8.36470106e-04,
       4.18235053e-04, 1.25470513e-03, 8.36470106e-04, 0.,
       2.92764534e-03, 8.36470106e-04, 4.18235053e-04, 1.67294021e-03,
       4.18235053e-04, 0., 1.25470513e-03, 1.25470513e-03, 0.,
       8.36470106e-04, 2.09117518e-03, 1.67294021e-03, 2.50941026e-03,
       1.67294021e-03, 1.67294021e-03, 4.18235053e-04, 3.34588042e-03,
       8.36470106e-04, 8.36470106e-04, 4.18235053e-04, 4.18235053e-04,
       2.50941026e-03, 2.09117518e-03, 0., 4.18235053e-04,
       8.36470106e-04, 2.92764534e-03, 1.25470513e-03, 1.67294021e-03,
       1.25470513e-03, 0., 0., 8.36470106e-04, 2.09117518e-03,
       1.25470513e-03, 0., 4.18235053e-04, 7.10999593e-03,
       2.50941026e-03, 0., 4.18235053e-04, 1.67294021e-03,
       1.67294021e-03, 8.36470106e-04, 1.67294021e-03, 1.67294021e-03,
       8.36470106e-04, 2.50941026e-03, 2.50941026e-03, 3.34588042e-03,
       4.18235053e-04, 2.50941026e-03, 0., 2.09117518e-03,
       8.36470106e-04, 6.27352577e-03, 1.25470513e-03, 0.,
       1.25470513e-03, 4.18235053e-04, 4.18235053e-04, 1.67294021e-03,
       2.09117518e-03, 4.18235053e-04, 0., 1.67294021e-03, 0.,
       1.25470513e-03, 2.50941026e-03, 2.50941026e-03, 0., 0.,
       2.92764534e-03, 0., 8.36470106e-04, 4.18235053e-04,
       4.60058544e-03, 1.25470513e-03, 1.25470513e-03, 4.18235053e-04,
       1.25470513e-03, 0., 2.09117518e-03, 2.09117518e-03,
       4.18235053e-04, 1.25470513e-03, 9.61940642e-03, 1.25470513e-03,
       4.18235053e-04, 0., 0., 8.36470106e-04, 8.36470106e-04,
       2.92764534e-03, 0., 1.67294021e-03, 8.36470106e-04,
       2.09117518e-03, 8.36470106e-04, 8.36470106e-04, 2.09117518e-03,
       4.18235036e-03, 8.36470106e-04, 0., 2.92764534e-03,
       4.18235053e-04, 8.36470106e-04, 3.76411551e-03, 0.,
       2.09117518e-03, 1.25470513e-03, 4.18235053e-04, 1.25470513e-03,
       4.18235053e-04, 8.36470106e-04, 1.25470513e-03, 4.18235053e-04,
       8.36470106e-04, 8.36470106e-04, 1.67294021e-03, 3.34588042e-03,
       1.25470513e-03, 8.36470071e-03, 2.92764534e-03, 8.36470106e-04,
       3.76411551e-03, 8.36470106e-04, 0., 4.18235053e-04,
       4.18235053e-04, 0., 1.67294021e-03, 4.18235053e-04,
       2.09117518e-03, 1.25470513e-03, 2.09117518e-03, 0., 0.,
       2.50941026e-03, 8.36470106e-04, 1.67294021e-03, 2.92764534e-03,
       8.36470106e-04, 1.25470513e-03, 4.18235053e-04, 2.50941026e-03,
       1.67294021e-03, 4.18235053e-04, 1.25470513e-03, 4.18235053e-04,
       3.34588042e-03, 2.50941026e-03, 4.18235053e-04, 2.09117518e-03,
       0., 0., 2.50941026e-03, 0., 4.60058544e-03, 4.18235053e-04, 0.,
       3.76411551e-03, 1.25470513e-03, 0., 8.36470106e-04,
       4.18235053e-04, 8.36470106e-04, 1.67294021e-03, 1.25470513e-03,
       4.18235053e-04, 8.36470106e-04, 1.25470513e-03, 2.09117518e-03,
       4.18235053e-04, 6.69176085e-03, 2.09117518e-03, 1.67294021e-03,
       4.18235053e-04, 0., 2.09117518e-03, 4.18235053e-04,
       1.25470513e-03, 8.36470106e-04, 4.18235053e-04, 2.92764534e-03,
       1.25470513e-03, 4.18235053e-04, 8.36470106e-04, 0.,
       4.18235053e-04, 0., 1.67294021e-03, 8.36470106e-04,
       5.43705560e-03, 8.36470106e-04, 2.92764534e-03, 1.67294021e-03,
       2.09117518e-03, 0., 8.36470106e-04, 6.27352577e-03,
       1.25470513e-03, 6.27352577e-03, 0., 8.36470106e-04,
       2.09117518e-03, 1.25470513e-03, 0., 4.18235053e-04,
       2.92764534e-03, 1.25470513e-03, 1.67294021e-03, 4.18235053e-04,
       2.92764534e-03, 4.18235053e-04, 2.09117518e-03, 0.,
       2.09117518e-03, 3.34588042e-03, 1.25470513e-03, 0., 0.,
       1.25470513e-03, 8.36470106e-04, 4.18235053e-04, 2.50941026e-03,
       0., 2.92764534e-03, 4.18235053e-04, 4.18235053e-04,
       4.18235036e-03, 0., 8.36470106e-04, 1.25470513e-03,
       4.60058544e-03, 1.67294021e-03, 0., 1.25470513e-03,
       2.09117518e-03, 8.36470106e-04, 8.36470106e-04, 1.25470513e-03,
       4.18235053e-04, 1.67294021e-03, 2.92764534e-03, 4.18235053e-04,
       4.18235053e-04, 1.25470513e-03, 1.25470513e-03, 1.67294021e-03,
       4.18235053e-04, 0., 0., 4.18235053e-04, 4.18235053e-04,
       3.76411551e-03, 1.67294021e-03, 4.18235053e-04, 8.36470106e-04,
       2.09117518e-03, 2.09117518e-03, 0., 2.09117518e-03,
       8.36470106e-04, 8.36470106e-04, 4.18235053e-04, 4.18235053e-04,
       0., 8.36470106e-04, 1.25470513e-03, 0., 3.34588042e-03,
       4.18235053e-04, 1.67294021e-03, 0., 2.09117518e-03,
       1.25470513e-03, 1.67294021e-03, 8.36470106e-04, 8.36470106e-04,
       1.25470513e-03, 2.50941026e-03, 4.18235053e-04, 2.09117518e-03,
       8.36470106e-04, 6.27352577e-03, 3.76411551e-03, 1.25470513e-03,
       1.67294021e-03, 4.18235036e-03, 0., 1.25470513e-03, 0.,
       1.67294021e-03, 2.09117518e-03, 4.18235053e-04, 8.36470106e-04,
       2.09117518e-03, 8.36470106e-04, 4.18235053e-04, 1.25470513e-03,
       1.25470513e-03, 1.67294021e-03, 8.36470106e-04, 2.50941026e-03,
       1.67294021e-03, 1.67294021e-03, 4.18235053e-04, 1.67294021e-03,
       2.09117518e-03, 4.18235053e-04, 2.09117518e-03, 4.18235053e-04,
       2.09117518e-03, 1.25470513e-03, 4.18235053e-04, 2.09117518e-03,
       1.25470513e-03, 1.25470513e-03, 2.09117518e-03, 4.18235053e-04,
       1.67294021e-03, 8.36470106e-04, 4.18235053e-04, 2.50941026e-03,
       4.18235053e-04, 2.09117518e-03, 8.36470106e-04, 5.43705560e-03,
       8.36470106e-04, 0., 8.36470106e-04, 4.18235053e-04,
       1.25470513e-03, 4.18235053e-04, 1.67294021e-03, 1.67294021e-03,
       1.25470513e-03, 4.18235053e-04, 2.09117518e-03, 4.18235053e-04,
       8.36470106e-04, 4.18235053e-04, 0., 2.09117518e-03,
       4.18235053e-04, 1.25470513e-03, 2.50941026e-03, 0.,
       4.18235053e-04, 2.09117518e-03, 0., 8.36470106e-04,
       2.09117518e-03, 4.18235053e-04, 4.18235053e-04, 1.25470513e-03,
       4.18235053e-04, 4.18235053e-04, 8.36470106e-04, 4.18235053e-04,
       0., 4.18235053e-04, 1.67294021e-03, 1.25470513e-03,
       4.18235053e-04, 1.25470513e-03, 0., 2.09117518e-03,
       2.92764534e-03, 0., 4.18235053e-04, 4.18235053e-04,
       2.09117518e-03, 1.67294021e-03, 2.50941026e-03, 1.25470513e-03,
       3.34588042e-03, 1.25470513e-03, 8.36470106e-04, 8.36470106e-04,
       8.36470106e-04, 4.18235053e-04, 1.67294021e-03, 1.25470513e-03,
       8.36470106e-04, 2.09117518e-03, 1.25470513e-03, 2.50941026e-03,
       1.25470513e-03, 0., 0., 4.18235053e-04, 8.36470106e-04,
       2.50941026e-03, 1.67294021e-03, 4.18235053e-04, 1.67294021e-03,
       4.18235053e-04, 8.36470106e-04, 0., 1.67294021e-03,
       8.36470106e-04, 4.18235053e-04, 2.50941026e-03, 1.67294021e-03,
       1.25470513e-03, 1.67294021e-03, 1.25470513e-03, 1.25470513e-03,
       2.50941026e-03, 4.18235053e-04, 0., 1.25470513e-03, 0.,
       1.25470513e-03, 0., 1.67294021e-03, 4.18235053e-04,
