%YAML:1.0
m25n: !!opencv-matrix
   rows: 1
   cols: 800
   dt: f
   data: [ 1.42005109e-03, 5.68020449e-04, 1.70406140e-03,
       2.27208179e-03, 1.42005109e-03, 1.42005109e-03, 1.70406140e-03,
       8.52030702e-04, 1.42005109e-03, 1.70406140e-03, 5.68020449e-04,
       1.13604090e-03, 0., 1.42005109e-03, 6.53223507e-03,
       1.13604090e-03, 1.70406140e-03, 5.68020449e-04, 8.52030702e-04,
       8.52030702e-04, 1.42005109e-03, 5.68020449e-04, 4.54416359e-03,
       1.70406140e-03, 8.52030702e-04, 2.84010218e-03, 1.13604090e-03,
       5.68020449e-04, 2.84010224e-04, 8.52030702e-04, 4.54416359e-03,
       1.42005109e-03, 1.42005109e-03, 2.84010224e-04, 5.68020449e-04,
       1.42005109e-03, 1.13604090e-03, 2.84010224e-04, 1.13604090e-03,
       5.68020449e-04, 0., 2.27208179e-03, 5.68020449e-04,
       1.42005109e-03, 1.70406140e-03, 5.68020449e-04, 1.13604090e-03,
       1.42005109e-03, 1.70406140e-03, 2.55609211e-03, 1.70406140e-03,
       3.97614297e-03, 1.70406140e-03, 2.84010224e-04, 5.68020449e-04,
       8.52030702e-04, 1.70406140e-03, 1.98807148e-03, 0.,
       5.68020449e-04, 1.13604090e-03, 2.27208179e-03, 8.52030702e-04,
       8.52030702e-04, 5.68020449e-04, 1.13604090e-03, 8.52030702e-04,
       2.84010224e-04, 5.68020449e-04, 2.84010218e-03, 1.42005109e-03,
       0., 3.12411250e-03, 8.52030702e-04, 3.40812281e-03,
       5.68020449e-04, 8.52030702e-04, 1.13604090e-03, 5.68020449e-04,
       1.13604090e-03, 1.13604090e-03, 5.68020449e-04, 0.,
       8.52030702e-04, 1.70406140e-03, 1.70406140e-03, 0.,
       1.70406140e-03, 5.68020449e-04, 1.13604090e-03, 1.42005109e-03,
       8.52030702e-04, 1.98807148e-03, 8.52030702e-04, 2.84010224e-04,
       1.13604090e-03, 8.52030702e-04, 2.27208179e-03, 1.42005109e-03,
       8.52030702e-04, 1.13604090e-03, 5.68020449e-04, 3.97614297e-03,
       3.97614297e-03, 5.68020449e-04, 1.42005109e-03, 1.13604090e-03,
       1.70406140e-03, 2.84010224e-04, 1.13604090e-03, 2.27208179e-03,
       1.70406140e-03, 1.42005109e-03, 5.68020449e-04, 1.98807148e-03,
       1.13604090e-03, 8.52030702e-04, 1.70406140e-03, 1.70406140e-03,
       2.84010218e-03, 1.98807148e-03, 2.84010224e-04, 1.42005109e-03,
       2.84010224e-04, 1.13604090e-03, 1.13604090e-03, 1.13604090e-03,
       8.52030702e-04, 1.42005109e-03, 3.12411250e-03, 2.84010224e-04,
       3.40812281e-03, 0., 3.69213289e-03, 2.84010224e-04,
       2.27208179e-03, 1.13604090e-03, 1.70406140e-03, 3.12411250e-03,
       1.13604090e-03, 1.13604090e-03, 2.27208179e-03, 2.27208179e-03,
       1.98807148e-03, 5.68020449e-04, 1.13604090e-03, 2.27208179e-03,
       0., 2.84010224e-04, 1.13604090e-03, 5.68020449e-04,
       1.13604090e-03, 1.13604090e-03, 2.27208179e-03, 1.42005109e-03,
       1.42005109e-03, 5.68020449e-04, 2.27208179e-03, 8.52030702e-04,
       2.84010224e-04, 2.84010224e-04, 8.52030702e-04, 5.68020449e-04,
       1.70406140e-03, 8.52030702e-04, 8.52030702e-04, 1.42005109e-03,
       8.52030702e-04, 0., 8.52030702e-04, 0., 2.84010218e-03,
       2.84010224e-04, 5.68020449e-04, 2.27208179e-03, 8.52030702e-04,
       5.68020449e-04, 2.84010224e-04, 2.84010224e-04, 1.13604090e-03,
       1.70406140e-03, 3.12411250e-03, 2.84010218e-03, 1.13604090e-03,
       2.84010224e-04, 8.52030702e-04, 1.42005109e-03, 1.42005109e-03,
       5.68020449e-04, 0., 1.13604090e-03, 2.27208179e-03,
       2.84010224e-04, 2.84010224e-04, 5.68020449e-04, 2.84010224e-04,
       8.52030702e-04, 1.42005109e-03, 1.13604090e-03, 1.42005109e-03,
       1.42005109e-03, 0., 3.69213289e-03, 0., 2.27208179e-03,
       8.52030702e-04, 1.70406140e-03, 3.12411250e-03, 2.84010224e-04,
       2.55609211e-03, 5.68020449e-04, 5.68020449e-04, 5.68020449e-04,
       8.52030702e-04, 2.27208179e-03, 1.98807148e-03, 5.68020449e-04,
       0., 1.42005109e-03, 2.84010218e-03, 2.84010224e-04,
       1.13604090e-03, 8.52030702e-04, 0., 2.84010224e-04,
       5.68020449e-04, 1.98807148e-03, 1.42005109e-03, 2.84010224e-04,
       1.70406140e-03, 1.13604090e-03, 1.13604090e-03, 3.12411250e-03,
       1.98807148e-03, 1.98807148e-03, 2.84010224e-04, 1.13604090e-03,
       5.68020449e-04, 1.13604090e-03, 8.52030702e-04, 1.42005109e-03,
       0., 5.68020449e-04, 1.98807148e-03, 0., 1.98807148e-03,
       3.97614297e-03, 1.70406140e-03, 8.52030702e-04, 1.98807148e-03,
       1.70406140e-03, 3.69213289e-03, 1.98807148e-03, 5.68020449e-04,
       1.70406140e-03, 8.52030702e-04, 3.12411250e-03, 8.52030702e-04,
       1.13604090e-03, 1.42005109e-03, 2.27208179e-03, 1.42005109e-03,
       1.13604090e-03, 0., 1.13604090e-03, 0., 1.98807148e-03,
       2.27208179e-03, 2.84010224e-04, 8.52030702e-04, 1.13604090e-03,
       3.69213289e-03, 5.68020449e-04, 1.98807148e-03, 5.68020449e-04,
       1.13604090e-03, 8.52030702e-04, 1.70406140e-03, 2.55609211e-03,
       2.84010224e-04, 4.26015351e-03, 1.98807148e-03, 5.68020449e-04,
       1.42005109e-03, 2.84010224e-04, 8.52030702e-04, 1.13604090e-03,
       8.52030702e-04, 1.70406140e-03, 1.70406140e-03, 2.27208179e-03,
       2.84010224e-04, 5.68020449e-04, 1.42005109e-03, 1.42005109e-03,
       2.84010224e-04, 1.98807148e-03, 8.52030702e-04, 1.13604090e-03,
       5.68020449e-04, 1.70406140e-03, 5.68020449e-04, 1.42005109e-03,
       5.68020449e-04, 1.42005109e-03, 1.13604090e-03, 8.52030702e-04,
       4.26015351e-03, 1.13604090e-03, 8.52030702e-04, 3.40812281e-03,
       0., 5.68020449e-04, 1.13604090e-03, 5.68020449e-04, 0.,
       1.70406140e-03, 5.68020449e-04, 2.84010224e-04, 2.27208179e-03,
       2.84010224e-04, 1.98807148e-03, 2.84010224e-04, 8.52030702e-04,
       1.70406140e-03, 1.98807148e-03, 8.52030702e-04, 8.52030702e-04,
       1.70406140e-03, 2.27208179e-03, 5.68020449e-04, 1.13604090e-03,
       1.70406140e-03, 1.98807148e-03, 1.13604090e-03, 0.,
       1.42005109e-03, 1.98807148e-03, 1.42005109e-03, 1.13604090e-03,
       1.98807148e-03, 0., 2.84010224e-04, 5.68020449e-04,
       8.52030702e-04, 1.13604090e-03, 8.52030702e-04, 1.42005109e-03,
       2.84010224e-04, 8.52030702e-04, 5.68020449e-04, 8.52030702e-04,
       1.98807148e-03, 1.13604090e-03, 2.84010218e-03, 0.,
       2.84010224e-04, 1.13604090e-03, 1.98807148e-03, 1.42005109e-03,
       1.13604090e-03, 8.52030702e-04, 1.42005109e-03, 1.13604090e-03,
       5.68020449e-04, 2.27208179e-03, 8.52030702e-04, 5.68020449e-04,
       2.27208179e-03, 2.84010218e-03, 5.68020437e-03, 1.42005109e-03,
       2.84010224e-04, 1.42005109e-03, 5.68020449e-04, 2.84010224e-04,
       4.26015351e-03, 2.84010224e-04, 2.27208179e-03, 1.42005109e-03,
       5.68020449e-04, 8.52030702e-04, 1.13604090e-03, 1.42005109e-03,
       5.68020449e-04, 1.42005109e-03, 5.68020449e-04, 0.,
       1.13604090e-03, 2.84010224e-04, 1.98807148e-03, 3.12411250e-03,
       8.52030702e-04, 5.11218421e-03, 2.84010224e-04, 1.13604090e-03,
       0., 8.52030702e-04, 2.84010224e-04, 5.96421491e-03,
       1.13604090e-03, 1.98807148e-03, 8.52030702e-04, 2.84010224e-04,
       0., 2.84010224e-04, 8.52030702e-04, 1.70406140e-03,
       1.42005109e-03, 8.52030702e-04, 3.12411250e-03, 2.55609211e-03,
       1.98807148e-03, 1.13604090e-03, 1.42005109e-03, 3.12411250e-03,
       0., 1.42005109e-03, 8.52030702e-04, 5.68020449e-04,
       2.84010224e-04, 1.42005109e-03, 8.52030702e-04, 8.52030702e-04,
       1.98807148e-03, 0., 1.13604090e-03, 5.68020449e-04,
       3.12411250e-03, 1.42005109e-03, 1.13604090e-03, 8.52030702e-04,
       1.13604090e-03, 2.84010224e-04, 1.42005109e-03, 2.84010224e-04,
       1.70406140e-03, 1.98807148e-03, 0., 2.84010224e-04,
       5.68020449e-04, 1.13604090e-03, 1.13604090e-03, 2.27208179e-03,
       5.68020449e-04, 1.42005109e-03, 5.68020437e-03, 2.84010224e-04,
       1.13604090e-03, 2.84010224e-04, 2.84010224e-04, 3.69213289e-03,
       8.52030702e-04, 2.27208179e-03, 2.84010224e-04, 1.42005109e-03,
       1.13604090e-03, 1.42005109e-03, 1.13604090e-03, 8.52030702e-04,
       0., 8.52030702e-04, 2.84010224e-04, 1.13604090e-03,
       1.13604090e-03, 1.13604090e-03, 2.84010218e-03, 2.27208179e-03,
