%YAML:1.0
m25n: !!opencv-matrix
   rows: 1
   cols: 800
   dt: f
   data: [ 0., 2.13447167e-03, 0., 0., 1.06723583e-03, 1.06723583e-03,
       3.20170750e-03, 0., 0., 4.26894333e-03, 5.33617940e-03,
       2.13447167e-03, 2.13447167e-03, 1.06723583e-03, 0.,
       1.70757733e-02, 0., 0., 0., 0., 1.06723583e-03, 1.06723583e-03,
       1.06723583e-03, 0., 0., 1.06723583e-03, 2.13447167e-03,
       2.13447167e-03, 2.13447167e-03, 1.06723583e-03, 9.60512273e-03,
       0., 0., 1.06723583e-03, 0., 1.06723583e-03, 8.53788666e-03,
       2.13447167e-03, 1.17395939e-02, 0., 1.06723583e-03, 0., 0.,
       5.33617940e-03, 0., 1.06723583e-03, 0., 3.20170750e-03,
       1.06723583e-03, 1.06723583e-03, 0., 5.33617940e-03,
       3.20170750e-03, 1.06723583e-03, 2.13447167e-03, 0.,
       3.20170750e-03, 1.06723583e-03, 1.06723583e-03, 0.,
       1.06723583e-03, 1.06723583e-03, 0., 8.53788666e-03, 0., 0.,
       6.40341500e-03, 7.47065060e-03, 0., 2.13447167e-03,
       7.47065060e-03, 1.06723583e-03, 0., 1.06723583e-03, 0.,
       2.13447167e-03, 4.26894333e-03, 3.20170750e-03, 2.13447167e-03,
       2.13447167e-03, 1.06723583e-03, 2.13447167e-03, 0.,
       2.13447167e-03, 2.13447167e-03, 0., 0., 2.13447167e-03,
       1.06723583e-03, 0., 1.06723583e-03, 0., 0., 3.20170750e-03, 0.,
       3.20170750e-03, 3.20170750e-03, 5.33617940e-03, 2.13447167e-03,
       2.13447167e-03, 0., 1.06723583e-03, 0., 0., 1.06723583e-03, 0.,
       0., 3.20170750e-03, 0., 0., 1.06723583e-03, 2.13447167e-03, 0.,
       1.06723583e-03, 0., 0., 1.06723583e-03, 1.06723583e-03, 0.,
       1.06723583e-03, 0., 0., 0., 0., 1.06723583e-03, 2.13447167e-03,
       0., 0., 0., 4.26894333e-03, 5.33617940e-03, 3.20170750e-03, 0.,
       2.13447167e-03, 1.06723583e-03, 0., 0., 1.06723583e-03,
       4.26894333e-03, 0., 0., 2.13447167e-03, 0., 0., 1.06723583e-03,
       0., 0., 0., 0., 2.13447167e-03, 0., 1.06723583e-03,
       7.47065060e-03, 2.13447167e-03, 0., 0., 1.06723583e-03,
       4.26894333e-03, 0., 2.13447167e-03, 1.17395939e-02, 0., 0., 0.,
       0., 0., 1.06723583e-03, 5.33617940e-03, 0., 0., 0., 0., 0., 0.,
       2.13447167e-03, 2.13447167e-03, 0., 4.26894333e-03,
       1.06723583e-03, 3.20170750e-03, 1.06723583e-03, 0., 0.,
       3.20170750e-03, 2.13447167e-03, 0., 0., 1.06723583e-03,
       1.06723583e-03, 1.06723583e-03, 0., 0., 0., 0., 0.,
       2.13447167e-03, 0., 2.13447167e-03, 0., 0., 0., 0., 0., 0., 0.,
       0., 0., 1.06723583e-03, 0., 0., 1.06723583e-03, 0., 0., 0., 0.,
       0., 1.06723583e-03, 0., 0., 0., 1.06723583e-03, 7.47065060e-03,
       0., 2.13447167e-03, 3.20170750e-03, 2.13447167e-03, 0., 0., 0.,
       2.13447167e-03, 0., 0., 0., 0., 1.06723583e-03, 1.06723583e-03,
       4.26894333e-03, 0., 0., 0., 1.06723583e-03, 0., 3.20170750e-03,
       2.13447167e-03, 2.13447167e-03, 0., 1.06723583e-03, 0., 0.,
       4.26894333e-03, 4.26894333e-03, 0., 0., 2.13447167e-03, 0.,
       1.06723583e-03, 0., 0., 0., 1.06723583e-03, 0., 0.,
       3.20170750e-03, 1.06723583e-03, 0., 1.06723583e-03,
       6.40341500e-03, 0., 1.06723583e-03, 0., 0., 1.06723583e-03, 0.,
       0., 1.06723583e-03, 0., 0., 0., 2.13447167e-03, 1.06723583e-03,
       4.26894333e-03, 0., 0., 0., 3.20170750e-03, 0., 3.20170750e-03,
       0., 0., 1.06723583e-03, 2.13447167e-03, 0., 0., 0.,
       7.47065060e-03, 1.06723583e-03, 2.13447167e-03, 0., 0.,
       2.13447167e-03, 1.06723583e-03, 2.13447167e-03, 0.,
       1.06723583e-03, 0., 0., 0., 3.20170750e-03, 0., 4.26894333e-03,
       2.02774815e-02, 1.06723583e-03, 0., 1.06723583e-03, 0., 0., 0.,
       1.06723583e-03, 1.06723583e-03, 0., 0., 0., 1.06723583e-03,
       1.06723583e-03, 9.60512273e-03, 1.06723583e-03, 0., 0.,
       2.13447167e-03, 3.20170750e-03, 0., 4.26894333e-03, 0.,
       2.13447167e-03, 0., 2.13447167e-03, 9.60512273e-03,
       7.47065060e-03, 0., 0., 0., 0., 0., 3.20170750e-03, 0., 0., 0.,
       0., 0., 2.13447167e-03, 0., 0., 0., 0., 0., 0., 3.20170750e-03,
       1.06723583e-03, 0., 1.06723583e-03, 0., 0., 1.06723583e-03, 0.,
       0., 1.06723583e-03, 0., 1.06723583e-03, 0., 0., 0., 0.,
       2.13447167e-03, 0., 0., 0., 0., 0., 0., 4.26894333e-03,
       2.13447167e-03, 2.13447167e-03, 1.38740661e-02, 1.06723583e-03,
       1.06723583e-03, 0., 1.06723583e-03, 5.33617940e-03,
       1.06723583e-03, 0., 0., 0., 1.49413012e-02, 4.26894333e-03, 0.,
       0., 0., 1.06723583e-03, 0., 1.06723583e-03, 2.13447167e-03, 0.,
       0., 2.13447167e-03, 0., 2.13447167e-03, 0., 1.06723583e-03,
       1.06723583e-03, 1.06723583e-03, 0., 1.06723583e-03, 0., 0., 0.,
       1.06723583e-03, 0., 0., 3.20170750e-03, 1.06723583e-03, 0., 0.,
       1.06723583e-03, 1.06723583e-03, 1.06723583e-03, 1.06723583e-03,
       2.13447167e-03, 0., 1.06723583e-03, 1.06723583e-03, 0.,
       1.06723583e-03, 5.33617940e-03, 1.06723583e-03, 0.,
       2.13447167e-03, 0., 0., 0., 1.06723583e-03, 3.20170750e-03, 0.,
       0., 0., 1.06723583e-03, 1.06723583e-03, 1.06723583e-03,
       5.33617940e-03, 0., 1.06723583e-03, 0., 0., 1.06723583e-03, 0.,
       1.06723583e-03, 1.06723583e-03, 0., 0., 0., 0., 0.,
       3.20170750e-03, 0., 0., 0., 5.33617940e-03, 1.06723583e-03, 0.,
       0., 0., 0., 0., 0., 0., 0., 1.06723583e-03, 0., 0., 0.,
       3.20170750e-03, 2.13447167e-03, 0., 0., 0., 3.20170750e-03,
       3.20170750e-03, 0., 0., 0., 0., 0., 0., 1.06723583e-03, 0.,
       4.26894333e-03, 0., 0., 3.20170750e-03, 1.06723583e-03, 0.,
       2.13447167e-03, 1.06723583e-03, 0., 0., 2.13447167e-03,
       9.60512273e-03, 0., 0., 9.60512273e-03, 3.20170750e-03,
       1.06723583e-03, 6.40341500e-03, 0., 1.06723583e-03,
       2.13447167e-03, 0., 0., 7.47065060e-03, 0., 0., 0.,
       2.13447167e-03, 2.13447167e-03, 9.60512273e-03, 0., 0., 0.,
       3.20170750e-03, 2.13447167e-03, 1.06723583e-03, 0., 0., 0., 0.,
       0., 0., 1.06723583e-03, 1.06723583e-03, 1.06723583e-03, 0.,
       1.06723583e-03, 1.06723583e-03, 2.13447167e-03, 0.,
       5.33617940e-03, 0., 1.06723583e-03, 0., 0., 0., 0.,
       5.33617940e-03, 1.06723583e-03, 0., 0., 0., 0., 2.13447167e-03,
       0., 1.06723583e-03, 0., 1.06723583e-03, 0., 0., 3.20170750e-03,
       0., 0., 0., 4.26894333e-03, 1.06723583e-03, 0., 0., 0.,
       3.20170750e-03, 0., 1.06723583e-03, 9.60512273e-03,
       3.20170750e-03, 2.13447167e-03, 0., 1.06723583e-03, 0., 0.,
       1.06723583e-03, 1.06723588e-02, 0., 0., 3.20170750e-03, 0., 0.,
       0., 0., 2.13447167e-03, 2.13447167e-03, 0., 0., 4.26894333e-03,
       5.33617940e-03, 0., 0., 4.26894333e-03, 0., 1.06723583e-03, 0.,
       1.06723583e-03, 0., 1.06723583e-03, 0., 0., 4.26894333e-03, 0.,
       0., 2.13447167e-03, 4.26894333e-03, 0., 1.06723583e-03,
       4.26894333e-03, 2.13447167e-03, 0., 1.06723583e-03,
       1.06723583e-03, 0., 0., 0., 1.06723583e-03, 0., 1.06723583e-03,
       0., 0., 1.06723583e-03, 0., 4.26894333e-03, 0., 0.,
       3.20170750e-03, 0., 0., 0., 3.20170750e-03, 2.13447167e-03,
       1.06723583e-03, 7.47065060e-03, 2.13447167e-03, 1.06723583e-03,
       0., 2.13447167e-03, 4.26894333e-03, 0., 0., 0., 0.,
       3.20170750e-03, 0., 1.06723583e-03, 0., 0., 0., 1.06723583e-03,
       4.26894333e-03, 0., 0., 0., 0., 0., 1.06723583e-03,
       3.20170750e-03, 0., 1.06723583e-03, 0., 1.06723583e-03,
       1.06723583e-03, 6.40341500e-03, 2.13447167e-03, 0.,
       3.20170750e-03, 0., 0., 0., 1.06723583e-03, 0., 1.06723583e-03,
       2.13447167e-03, 3.20170750e-03, 1.06723583e-03, 0.,
       1.06723583e-03, 0., 4.26894333e-03, 4.26894333e-03,
       6.40341500e-03, 1.06723583e-03, 0., 0., 0., 3.20170750e-03,
       1.06723583e-03, 0., 1.06723583e-03, 3.20170750e-03,
       3.20170750e-03, 0., 0., 0., 5.33617940e-03, 2.13447167e-03, 0.,
       1.06723583e-03, 0., 0., 0., 0., 0., 1.06723583e-03,
       2.13447167e-03, 0., 0., 1.06723583e-03, 1.06723583e-03,
       2.13447167e-03, 0., 1.06723583e-03, 3.20170750e-03,
       3.20170750e-03, 1.06723583e-03, 2.13447167e-03, 0., 0.,
