%YAML:1.0
m25n: !!opencv-matrix
   rows: 1
   cols: 800
   dt: f
   data: [ 0., 2.30414746e-03, 0., 7.68049154e-04, 7.68049154e-04,
       1.07526882e-02, 7.68049154e-04, 7.68049154e-03, 1.53609831e-03,
       7.68049154e-04, 7.68049154e-04, 0., 0., 0., 7.68049154e-04,
       9.21658985e-03, 0., 7.68049154e-04, 7.68049154e-04, 0.,
       7.68049154e-04, 7.68049154e-04, 0., 7.68049154e-04,
       7.68049154e-04, 0., 7.68049154e-04, 0., 8.44854116e-03, 0.,
       1.53609831e-03, 1.53609831e-03, 7.68049154e-04, 0., 0.,
       7.68049154e-04, 0., 0., 7.68049154e-03, 0., 0., 7.68049154e-04,
       3.07219662e-03, 7.68049154e-04, 0., 2.30414746e-03,
       3.84024577e-03, 2.30414746e-03, 0., 0., 0., 0., 2.30414746e-03,
       1.53609831e-03, 0., 7.68049154e-04, 3.07219662e-03,
       7.68049154e-04, 0., 0., 0., 7.68049154e-04, 0., 3.84024577e-03,
       0., 0., 7.68049154e-03, 4.60829493e-03, 7.68049154e-04, 0.,
       1.38248848e-02, 7.68049154e-04, 7.68049154e-04, 9.21658985e-03,
       0., 0., 7.68049154e-04, 2.30414746e-03, 0., 7.68049154e-04, 0.,
       0., 1.53609831e-03, 0., 7.68049154e-04, 7.68049154e-04, 0.,
       2.22734250e-02, 0., 7.68049154e-04, 1.53609831e-03,
       7.68049154e-04, 0., 0., 0., 0., 4.60829493e-03, 7.68049154e-04,
       1.53609831e-03, 3.07219662e-03, 0., 1.53609831e-03, 0.,
       7.68049154e-04, 1.53609831e-03, 7.68049154e-04, 2.30414746e-03,
       0., 0., 3.07219662e-03, 7.68049154e-04, 0., 0., 7.68049154e-04,
       1.53609831e-03, 0., 5.37634408e-03, 0., 4.60829493e-03,
       2.30414746e-03, 0., 0., 0., 0., 7.68049154e-04, 0.,
       7.68049154e-04, 2.30414746e-03, 2.30414746e-03, 5.37634408e-03,
       3.07219662e-03, 1.53609831e-03, 7.68049154e-04, 1.53609831e-03,
       7.68049154e-04, 7.68049154e-04, 0., 2.30414746e-03,
       3.07219662e-03, 0., 0., 2.30414746e-03, 1.53609831e-03,
       2.30414746e-03, 3.07219662e-03, 0., 0., 0., 1.53609831e-03,
       7.68049154e-04, 0., 7.68049154e-04, 0., 2.30414746e-03, 0., 0.,
       0., 7.68049154e-04, 0., 1.22887865e-02, 0., 0., 7.68049154e-04,
       0., 3.07219662e-03, 1.53609831e-03, 0., 0., 7.68049154e-04,
       7.68049154e-04, 0., 1.53609831e-03, 7.68049154e-04,
       7.68049154e-04, 0., 0., 0., 0., 0., 7.68049154e-04, 0., 0., 0.,
       1.53609831e-03, 0., 0., 7.68049154e-04, 1.53609831e-03,
       1.53609831e-03, 0., 7.68049154e-04, 2.30414746e-03, 0., 0.,
       7.68049154e-04, 1.53609831e-03, 0., 1.53609831e-03, 0., 0.,
       1.53609831e-03, 7.68049154e-04, 0., 7.68049154e-04,
       7.68049154e-04, 7.68049154e-04, 7.68049154e-04, 2.30414746e-03,
       7.68049154e-04, 0., 1.53609831e-03, 7.68049154e-04,
       7.68049154e-04, 0., 1.53609831e-03, 0., 2.30414746e-03, 0.,
       7.68049154e-04, 0., 7.68049154e-04, 5.37634408e-03,
       2.30414746e-03, 0., 7.68049154e-04, 7.68049154e-04,
       7.68049154e-04, 0., 0., 3.84024577e-03, 7.68049154e-04, 0., 0.,
       7.68049154e-04, 1.53609831e-03, 5.37634408e-03, 4.60829493e-03,
       7.68049154e-04, 0., 0., 0., 0., 2.30414746e-03, 1.53609831e-03,
       0., 0., 1.53609831e-03, 7.68049154e-04, 0., 0., 7.68049154e-04,
       0., 0., 3.84024577e-03, 0., 1.53609831e-03, 0., 0., 0., 0., 0.,
       0., 3.84024577e-03, 0., 0., 1.53609831e-03, 5.37634408e-03,
       7.68049154e-04, 7.68049154e-04, 2.30414746e-03, 0.,
       3.07219662e-03, 0., 3.84024577e-03, 0., 0., 0., 0.,
       7.68049154e-04, 7.68049154e-04, 2.30414746e-03, 0.,
       1.53609831e-03, 7.68049154e-04, 0., 1.53609831e-03,
       1.53609831e-03, 7.68049154e-04, 0., 1.53609831e-03, 0., 0.,
       7.68049154e-04, 0., 0., 4.60829493e-03, 1.53609831e-03, 0., 0.,
       6.91244239e-03, 1.53609831e-03, 1.53609831e-03, 7.68049154e-04,
       0., 0., 0., 7.68049154e-04, 7.68049154e-04, 0., 7.68049154e-04,
       7.68049154e-03, 0., 7.68049154e-04, 1.53609831e-03,
       3.84024577e-03, 7.68049154e-04, 7.68049154e-04, 0.,
       7.68049154e-04, 0., 7.68049154e-04, 0., 1.53609831e-03, 0.,
       2.30414746e-03, 7.68049154e-04, 1.53609831e-03, 0.,
       1.53609831e-03, 4.60829493e-03, 7.68049154e-04, 3.07219662e-03,
       7.68049154e-04, 0., 0., 2.30414746e-03, 2.30414746e-03,
       1.53609831e-02, 0., 0., 0., 0., 0., 0., 7.68049154e-04,
       7.68049154e-04, 0., 0., 0., 1.53609831e-03, 0., 0.,
       7.68049154e-04, 7.68049154e-04, 0., 7.68049154e-04,
       7.68049154e-04, 7.68049154e-04, 1.53609831e-03, 7.68049154e-04,
       0., 1.53609831e-03, 4.60829493e-03, 0., 0., 0., 0., 0., 0., 0.,
       1.53609831e-03, 3.07219662e-03, 0., 0., 1.53609831e-03,
       7.68049154e-04, 0., 2.30414746e-03, 7.68049154e-04,
       1.53609831e-03, 0., 0., 1.15207378e-02, 0., 7.68049154e-04,
       7.68049154e-04, 7.68049154e-04, 5.37634408e-03, 1.53609831e-03,
       0., 7.68049154e-04, 0., 1.07526882e-02, 1.53609831e-03, 0.,
       1.53609831e-03, 3.84024577e-03, 0., 7.68049154e-04,
       3.07219662e-03, 7.68049154e-04, 1.53609831e-03, 0., 0.,
       7.68049154e-04, 7.68049154e-04, 0., 2.30414746e-03, 0., 0., 0.,
       1.53609831e-03, 4.60829493e-03, 1.53609831e-03, 0.,
       7.68049154e-04, 7.68049154e-04, 0., 0., 0., 0., 0., 0.,
       2.30414746e-03, 1.53609831e-03, 7.68049154e-04, 7.68049154e-04,
       0., 7.68049154e-04, 0., 0., 7.68049154e-04, 2.53456216e-02, 0.,
       0., 6.14439324e-03, 0., 1.53609831e-03, 0., 7.68049154e-04, 0.,
       0., 1.53609831e-03, 0., 0., 1.53609831e-03, 0., 7.68049154e-04,
       0., 0., 0., 0., 0., 0., 1.53609831e-03, 7.68049154e-04,
       7.68049154e-04, 0., 7.68049154e-04, 7.68049154e-04,
       7.68049154e-04, 7.68049154e-04, 3.07219662e-03, 0., 0.,
       2.30414746e-03, 7.68049154e-04, 1.53609831e-03, 2.30414746e-03,
       0., 3.84024577e-03, 0., 7.68049154e-04, 0., 7.68049154e-04,
       7.68049154e-04, 7.68049154e-04, 7.68049154e-04, 3.07219662e-03,
       7.68049154e-04, 0., 1.53609831e-03, 0., 0., 1.53609831e-03, 0.,
       1.53609831e-03, 7.68049154e-04, 0., 0., 1.53609831e-03, 0., 0.,
       0., 0., 7.68049154e-04, 7.68049154e-04, 1.53609831e-03, 0., 0.,
       0., 0., 0., 0., 3.07219662e-03, 1.92012284e-02, 7.68049154e-04,
       0., 6.14439324e-03, 0., 1.53609831e-03, 0., 0., 7.68049154e-04,
       7.68049154e-04, 0., 0., 2.22734250e-02, 1.53609831e-03,
       1.53609831e-03, 0., 3.07219662e-03, 0., 1.53609831e-03, 0.,
       2.30414746e-03, 0., 1.30568352e-02, 0., 0., 0., 1.53609831e-03,
       0., 0., 7.68049154e-04, 1.53609831e-03, 7.68049154e-04, 0.,
       7.68049154e-04, 3.84024577e-03, 7.68049154e-04, 7.68049154e-04,
       0., 0., 1.53609831e-03, 0., 7.68049154e-04, 7.68049154e-04, 0.,
       0., 7.68049154e-04, 4.60829493e-03, 0., 7.68049154e-04, 0., 0.,
       2.30414746e-03, 2.30414746e-03, 0., 1.53609831e-03,
       3.07219662e-03, 7.68049154e-04, 7.68049154e-04, 0., 0.,
       7.68049154e-04, 7.68049154e-04, 0., 7.68049154e-04, 0., 0.,
       7.68049154e-04, 0., 7.68049154e-04, 0., 6.14439324e-03,
       7.68049154e-03, 7.68049154e-04, 2.30414746e-03, 5.37634408e-03,
       0., 0., 7.68049154e-04, 1.53609831e-03, 1.30568352e-02, 0.,
       7.68049154e-04, 1.53609831e-03, 0., 0., 0., 0., 4.60829493e-03,
       1.53609831e-03, 3.07219662e-03, 7.68049154e-04, 7.68049154e-04,
       0., 1.53609831e-03, 5.37634408e-03, 0., 7.68049154e-04,
       7.68049154e-04, 7.68049154e-04, 0., 3.84024577e-03,
       7.68049154e-04, 1.53609831e-03, 0., 0., 0., 2.30414746e-03, 0.,
       1.07526882e-02, 0., 0., 7.68049154e-04, 7.68049154e-04, 0.,
       7.68049154e-04, 0., 7.68049154e-04, 7.68049154e-04, 0., 0., 0.,
       0., 0., 0., 3.84024577e-03, 7.68049154e-04, 0., 0., 0.,
       1.53609831e-03, 0., 3.84024577e-03, 7.68049154e-04, 0.,
       7.68049154e-04, 0., 5.37634408e-03, 1.53609831e-03,
       1.53609831e-03, 7.68049154e-04, 0., 1.53609831e-03,
       7.68049154e-04, 7.68049154e-04, 0., 0., 6.14439324e-03, 0.,
       7.68049154e-04, 1.53609831e-03, 0., 0., 0., 1.53609831e-03, 0.,
       0., 0., 0., 2.30414746e-03, 0., 3.07219662e-03, 7.68049154e-04,
