%YAML:1.0
m25n: !!opencv-matrix
   rows: 1
   cols: 800
   dt: f
   data: [ 1.39518664e-03, 3.83676332e-03, 1.39518664e-03,
       6.97593321e-04, 1.74398324e-03, 3.48796661e-04, 1.04639004e-03,
       6.97593321e-04, 6.97593321e-04, 1.74398324e-03, 1.74398324e-03,
       3.13916989e-03, 6.97593321e-04, 1.39518664e-03, 2.44157668e-03,
       1.04639004e-03, 6.97593321e-04, 6.97593321e-04, 1.04639004e-03,
       1.39518664e-03, 6.97593321e-04, 2.09278008e-03, 3.48796649e-03,
       3.48796661e-04, 1.56958494e-02, 1.39518664e-03, 0.,
       1.74398324e-03, 1.04639004e-03, 1.04639004e-03, 3.48796649e-03,
       3.48796661e-04, 3.48796661e-04, 1.04639004e-03, 2.44157668e-03,
       6.97593321e-04, 1.04639004e-03, 1.39518664e-03, 1.39518664e-03,
       1.74398324e-03, 3.48796661e-04, 4.88315336e-03, 3.48796661e-04,
       2.79037328e-03, 0., 1.04639004e-03, 1.39518664e-03,
       2.09278008e-03, 6.97593321e-04, 6.97593321e-04, 1.04639004e-03,
       1.39518664e-03, 1.04639004e-03, 2.09278008e-03, 1.04639004e-03,
       6.97593321e-04, 4.88315336e-03, 3.48796661e-04, 3.48796661e-04,
       1.74398324e-03, 6.97593321e-04, 1.39518664e-03, 1.74398324e-03,
       1.04639004e-03, 1.39518664e-03, 1.04639004e-03, 1.74398324e-03,
       3.48796661e-04, 1.04639004e-03, 1.39518664e-03, 3.48796661e-04,
       6.97593321e-04, 6.97593321e-04, 3.48796661e-04, 1.04639004e-03,
       3.48796661e-04, 1.04639004e-03, 1.74398324e-03, 1.39518664e-03,
       3.48796661e-04, 2.09278008e-03, 6.97593321e-04, 0.,
       1.74398324e-03, 1.04639004e-03, 0., 2.44157668e-03,
       3.13916989e-03, 0., 1.04639004e-03, 2.44157668e-03,
       3.48796661e-04, 6.97593321e-04, 1.04639004e-03, 3.48796661e-04,
       3.13916989e-03, 3.48796661e-04, 3.48796661e-04, 2.09278008e-03,
       1.04639004e-03, 0., 3.48796661e-04, 2.79037328e-03,
       1.74398324e-03, 6.97593321e-04, 0., 1.04639004e-03,
       6.97593321e-04, 0., 3.48796661e-04, 2.09278008e-03,
       1.39518664e-03, 1.39518664e-03, 1.39518664e-03, 6.97593321e-04,
       2.09278008e-03, 3.48796661e-04, 3.48796661e-04, 2.09278008e-03,
       6.97593321e-04, 1.04639004e-03, 6.97593321e-04, 1.74398324e-03,
       1.74398324e-03, 3.48796661e-04, 3.48796661e-04, 1.74398324e-03,
       1.04639004e-03, 1.04639004e-03, 2.44157668e-03, 2.09278008e-03,
       1.04639004e-03, 1.04639004e-03, 1.74398324e-03, 1.39518664e-03,
       9.76630673e-03, 6.97593321e-04, 1.39518664e-03, 1.39518664e-03,
       6.97593321e-04, 3.48796661e-04, 1.39518664e-03, 1.39518664e-03,
       1.39518664e-03, 3.48796661e-04, 6.97593321e-04, 1.39518664e-03,
       6.97593321e-04, 1.04639004e-03, 0., 6.97593321e-04,
       6.97593321e-04, 6.97593321e-04, 1.39518664e-03, 1.39518664e-03,
       3.48796661e-04, 6.97593321e-04, 1.74398324e-03, 1.39518664e-03,
       1.04639004e-03, 1.04639004e-03, 1.39518664e-03, 0.,
       3.48796661e-04, 3.48796661e-04, 6.97593321e-04, 0.,
       3.48796661e-04, 1.39518664e-03, 3.48796661e-04, 1.04639004e-03,
       1.04639004e-03, 3.48796661e-04, 1.04639004e-03, 2.44157668e-03,
       1.39518664e-03, 1.04639004e-03, 1.36030698e-02, 3.48796661e-04,
       1.74398324e-03, 3.13916989e-03, 1.74398324e-03, 1.04639004e-03,
       6.97593321e-04, 6.97593321e-04, 1.04639004e-03, 3.48796661e-04,
       6.97593321e-04, 1.04639004e-03, 6.97593321e-04, 1.74398324e-03,
       3.83676332e-03, 4.88315336e-03, 3.48796661e-04, 6.97593321e-04,
       1.39518664e-03, 1.74398324e-03, 3.48796661e-04, 1.04639004e-03,
       1.04639004e-03, 6.97593321e-04, 6.97593321e-04, 4.18556016e-03,
       7.32473005e-03, 1.39518664e-03, 1.39518664e-03, 1.74398324e-03,
       6.97593321e-04, 6.97593321e-04, 3.48796661e-04, 1.39518664e-03,
       3.48796661e-04, 3.48796661e-04, 6.97593321e-04, 1.39518664e-03,
       1.74398324e-03, 6.97593321e-04, 3.48796661e-04, 6.97593321e-04,
       6.97593321e-04, 3.48796661e-04, 3.48796661e-04, 6.97593321e-04,
       6.97593321e-04, 1.04639004e-03, 6.97593321e-04, 1.39518664e-03,
       1.04639004e-03, 2.09278008e-03, 3.48796661e-04, 3.13916989e-03,
       2.09278008e-03, 0., 1.74398324e-03, 3.48796661e-04,
       2.79037328e-03, 2.09278008e-03, 0., 1.39518664e-03,
       1.39518664e-03, 6.97593321e-04, 6.97593321e-04, 0.,
       3.83676332e-03, 1.04639004e-03, 0., 2.79037328e-03,
       1.04639004e-03, 3.48796661e-04, 1.04639004e-03, 2.09278008e-03,
       3.48796661e-04, 2.79037328e-03, 3.48796661e-04, 1.04639004e-03,
       1.04639004e-03, 3.83676332e-03, 1.04639004e-03, 6.97593321e-04,
       1.74398324e-03, 1.39518664e-03, 3.48796661e-04, 3.48796661e-04,
       6.97593321e-04, 6.97593321e-04, 6.97593321e-04, 3.48796661e-04,
       1.39518664e-03, 0., 3.48796661e-04, 1.74398324e-03,
       3.48796661e-04, 0., 6.97593321e-04, 1.74398324e-03, 0.,
       2.09278008e-03, 1.04639004e-03, 3.48796661e-04, 6.97593321e-04,
       2.09278008e-03, 1.04639004e-03, 1.04639004e-03, 3.48796661e-04,
       0., 1.04639004e-03, 6.97593321e-04, 6.97593321e-04,
       1.39518664e-03, 6.97593321e-04, 0., 3.48796661e-04,
       1.04639004e-03, 0., 3.48796661e-04, 1.74398324e-03,
       3.48796661e-04, 1.39518664e-03, 6.97593321e-04, 6.97593321e-04,
       1.39518664e-03, 0., 1.04639004e-03, 3.48796661e-04,
       1.04639004e-03, 3.48796661e-04, 6.97593321e-04, 2.79037328e-03,
       3.48796661e-04, 3.83676332e-03, 0., 3.48796661e-04,
       3.48796661e-04, 3.48796661e-04, 3.48796661e-04, 1.74398324e-03,
       3.48796661e-04, 6.97593321e-04, 6.97593321e-04, 1.04639004e-03,
       1.04639004e-03, 2.09278008e-03, 1.04639004e-03, 1.04639004e-03,
       1.74398324e-03, 1.39518664e-03, 1.74398324e-03, 2.79037328e-03,
       3.48796661e-04, 2.44157668e-03, 6.97593321e-04, 6.97593321e-04,
       6.97593298e-03, 3.13916989e-03, 1.04639004e-03, 6.97593321e-04,
       1.74398324e-03, 0., 3.48796661e-04, 3.48796661e-04,
       4.18556016e-03, 6.97593321e-04, 0., 2.09278008e-03,
       3.48796661e-04, 1.39518664e-03, 3.48796661e-04, 3.48796661e-04,
       1.04639004e-03, 6.97593321e-04, 1.74398324e-03, 2.09278008e-03,
       1.04639004e-03, 3.48796661e-04, 3.83676332e-03, 1.04639004e-03,
       0., 1.04639004e-03, 6.97593321e-04, 1.04639004e-03,
       6.97593321e-04, 1.04639004e-03, 2.79037328e-03, 3.48796661e-04,
       6.97593321e-04, 1.39518664e-03, 1.04639004e-03, 1.39518664e-03,
       6.97593298e-03, 6.97593321e-04, 1.74398324e-03, 1.04639004e-03,
       3.48796661e-04, 1.39518664e-03, 6.97593321e-04, 1.74398324e-03,
       3.48796649e-03, 2.79037328e-03, 2.09278008e-03, 6.97593321e-04,
       1.04639004e-03, 1.04639004e-03, 1.04639004e-03, 3.48796661e-04,
       3.48796661e-04, 0., 6.97593321e-04, 1.39518664e-03,
       6.27833977e-03, 1.04639004e-03, 4.53435676e-03, 6.62713638e-03,
       1.39518664e-03, 1.39518664e-03, 3.48796661e-04, 0.,
       4.53435676e-03, 1.39518664e-03, 3.48796661e-04, 3.13916989e-03,
       6.97593321e-04, 3.48796661e-04, 6.97593321e-04, 3.48796661e-04,
       3.48796661e-04, 3.48796661e-04, 2.44157668e-03, 1.04639004e-03,
       2.44157668e-03, 0., 6.97593298e-03, 2.44157668e-03,
       1.39518664e-03, 1.04639004e-03, 2.09278008e-03, 6.97593321e-04,
       6.97593321e-04, 6.97593321e-04, 3.48796661e-04, 3.48796661e-04,
       6.97593321e-04, 1.39518664e-03, 1.04639004e-03, 2.09278008e-03,
       1.04639004e-03, 3.48796661e-04, 6.97593321e-04, 0.,
       1.39518664e-03, 3.48796661e-04, 1.39518664e-03, 1.04639004e-03,
       1.39518664e-03, 0., 1.39518664e-03, 6.97593321e-04,
       3.48796661e-04, 1.04639004e-03, 6.97593321e-04, 3.48796661e-04,
       0., 6.97593321e-04, 3.48796661e-04, 2.09278008e-03,
       6.97593321e-04, 1.39518664e-03, 2.79037328e-03, 1.04639004e-03,
       3.48796661e-04, 1.39518664e-03, 1.04639004e-03, 6.97593321e-04,
       6.97593321e-04, 6.97593321e-04, 1.04639004e-03, 1.04639004e-03,
       3.48796661e-04, 0., 1.39518664e-03, 3.48796661e-04,
       1.04639004e-03, 3.48796661e-04, 0., 1.04639004e-03,
       1.39518664e-03, 3.48796661e-04, 6.97593321e-04, 6.97593321e-04,
