%YAML:1.0
m25n: !!opencv-matrix
   rows: 1
   cols: 800
   dt: f
   data: [ 1.13668654e-03, 5.68343268e-04, 1.70502975e-03,
       2.27337307e-03, 1.42085820e-03, 1.42085820e-03, 1.70502975e-03,
       5.68343268e-04, 1.42085820e-03, 1.42085820e-03, 2.84171634e-04,
       1.13668654e-03, 2.84171634e-04, 1.70502975e-03, 7.10429065e-03,
       1.13668654e-03, 1.13668654e-03, 8.52514873e-04, 5.68343268e-04,
       2.84171634e-04, 1.70502975e-03, 8.52514873e-04, 4.54674615e-03,
       1.13668654e-03, 5.68343268e-04, 2.55754474e-03, 1.42085820e-03,
       8.52514873e-04, 5.68343268e-04, 1.70502975e-03, 4.83091781e-03,
       2.27337307e-03, 1.13668654e-03, 2.84171634e-04, 5.68343268e-04,
       1.70502975e-03, 1.70502975e-03, 2.84171634e-04, 1.42085820e-03,
       5.68343268e-04, 2.84171634e-04, 2.27337307e-03, 2.84171634e-04,
       1.70502975e-03, 1.42085820e-03, 1.13668654e-03, 1.42085820e-03,
       1.98920141e-03, 1.42085820e-03, 2.27337307e-03, 8.52514873e-04,
       4.54674615e-03, 2.27337307e-03, 5.68343268e-04, 5.68343268e-04,
       8.52514873e-04, 1.13668654e-03, 2.27337307e-03, 2.84171634e-04,
       8.52514873e-04, 1.13668654e-03, 1.70502975e-03, 1.13668654e-03,
       8.52514873e-04, 8.52514873e-04, 1.42085820e-03, 1.13668654e-03,
       0., 5.68343268e-04, 3.12588806e-03, 2.84171640e-03,
       5.68343268e-04, 2.55754474e-03, 5.68343268e-04, 3.12588806e-03,
       1.13668654e-03, 5.68343268e-04, 1.42085820e-03, 1.70502975e-03,
       5.68343268e-04, 8.52514873e-04, 8.52514873e-04, 0.,
       8.52514873e-04, 1.42085820e-03, 1.70502975e-03, 0.,
       1.70502975e-03, 8.52514873e-04, 8.52514873e-04, 1.42085820e-03,
       8.52514873e-04, 1.70502975e-03, 2.84171634e-04, 5.68343268e-04,
       8.52514873e-04, 8.52514873e-04, 1.70502975e-03, 1.13668654e-03,
       8.52514873e-04, 8.52514873e-04, 5.68343268e-04, 3.97840282e-03,
       4.26257448e-03, 2.84171634e-04, 1.70502975e-03, 1.42085820e-03,
       1.98920141e-03, 2.84171634e-04, 1.13668654e-03, 1.70502975e-03,
       1.98920141e-03, 1.13668654e-03, 5.68343268e-04, 1.70502975e-03,
       1.42085820e-03, 1.13668654e-03, 1.70502975e-03, 1.98920141e-03,
       2.84171640e-03, 1.70502975e-03, 0., 1.42085820e-03,
       5.68343268e-04, 8.52514873e-04, 1.13668654e-03, 1.70502975e-03,
       5.68343268e-04, 1.13668654e-03, 3.12588806e-03, 5.68343268e-04,
       3.97840282e-03, 2.84171634e-04, 3.69423116e-03, 5.68343268e-04,
       1.42085820e-03, 1.13668654e-03, 1.98920141e-03, 2.84171640e-03,
       1.13668654e-03, 5.68343268e-04, 1.98920141e-03, 2.84171640e-03,
       2.55754474e-03, 5.68343268e-04, 1.13668654e-03, 1.98920141e-03,
       0., 2.84171634e-04, 8.52514873e-04, 5.68343268e-04,
       8.52514873e-04, 2.55754474e-03, 1.42085820e-03, 1.70502975e-03,
       1.13668654e-03, 5.68343268e-04, 1.70502975e-03, 1.13668654e-03,
       5.68343268e-04, 2.84171634e-04, 1.42085820e-03, 2.84171634e-04,
       1.13668654e-03, 2.84171634e-04, 8.52514873e-04, 1.13668654e-03,
       8.52514873e-04, 0., 5.68343268e-04, 0., 2.27337307e-03,
       5.68343268e-04, 2.84171634e-04, 1.98920141e-03, 1.42085820e-03,
       5.68343268e-04, 1.42085820e-03, 2.84171634e-04, 8.52514873e-04,
       2.27337307e-03, 3.69423116e-03, 2.55754474e-03, 1.13668654e-03,
       2.84171634e-04, 1.13668654e-03, 1.98920141e-03, 1.13668654e-03,
       8.52514873e-04, 0., 8.52514873e-04, 2.55754474e-03,
       2.84171634e-04, 2.84171634e-04, 5.68343268e-04, 2.84171634e-04,
       8.52514873e-04, 1.13668654e-03, 5.68343268e-04, 1.42085820e-03,
       1.42085820e-03, 0., 2.84171640e-03, 0., 2.55754474e-03,
       8.52514873e-04, 1.70502975e-03, 3.69423116e-03, 5.68343268e-04,
       2.27337307e-03, 5.68343268e-04, 2.84171634e-04, 5.68343268e-04,
       1.13668654e-03, 1.70502975e-03, 2.27337307e-03, 5.68343268e-04,
       2.84171634e-04, 1.42085820e-03, 3.97840282e-03, 2.84171634e-04,
       1.42085820e-03, 8.52514873e-04, 0., 2.84171634e-04,
       5.68343268e-04, 1.70502975e-03, 1.42085820e-03, 2.84171634e-04,
       1.70502975e-03, 1.13668654e-03, 1.13668654e-03, 2.84171640e-03,
       1.42085820e-03, 1.70502975e-03, 5.68343268e-04, 1.13668654e-03,
       5.68343268e-04, 1.13668654e-03, 1.42085820e-03, 1.13668654e-03,
       0., 8.52514873e-04, 2.27337307e-03, 2.84171634e-04,
       1.42085820e-03, 3.12588806e-03, 1.70502975e-03, 1.42085820e-03,
       2.55754474e-03, 2.27337307e-03, 3.69423116e-03, 1.70502975e-03,
       8.52514873e-04, 1.42085820e-03, 8.52514873e-04, 1.42085820e-03,
       1.42085820e-03, 5.68343268e-04, 1.13668654e-03, 1.98920141e-03,
       1.13668654e-03, 1.13668654e-03, 2.84171634e-04, 1.13668654e-03,
       0., 1.13668654e-03, 2.27337307e-03, 2.84171634e-04,
       8.52514873e-04, 8.52514873e-04, 2.84171640e-03, 1.13668654e-03,
       1.98920141e-03, 2.84171634e-04, 1.13668654e-03, 2.84171634e-04,
       2.27337307e-03, 1.98920141e-03, 2.84171634e-04, 3.97840282e-03,
       2.27337307e-03, 5.68343268e-04, 1.13668654e-03, 2.84171634e-04,
       8.52514873e-04, 8.52514873e-04, 8.52514873e-04, 1.70502975e-03,
       1.70502975e-03, 1.98920141e-03, 5.68343268e-04, 5.68343268e-04,
       8.52514873e-04, 1.42085820e-03, 2.84171634e-04, 1.70502975e-03,
       5.68343268e-04, 1.13668654e-03, 5.68343268e-04, 1.13668654e-03,
       5.68343268e-04, 1.42085820e-03, 5.68343268e-04, 1.42085820e-03,
       1.70502975e-03, 1.13668654e-03, 2.84171640e-03, 1.13668654e-03,
       8.52514873e-04, 3.41005949e-03, 0., 8.52514873e-04,
       8.52514873e-04, 8.52514873e-04, 0., 1.70502975e-03,
       2.84171634e-04, 5.68343268e-04, 1.98920141e-03, 5.68343268e-04,
       1.98920141e-03, 2.84171634e-04, 1.13668654e-03, 1.70502975e-03,
       1.70502975e-03, 1.13668654e-03, 8.52514873e-04, 1.70502975e-03,
       2.84171640e-03, 5.68343268e-04, 8.52514873e-04, 5.68343268e-04,
       1.70502975e-03, 8.52514873e-04, 2.84171634e-04, 1.13668654e-03,
       1.98920141e-03, 1.42085820e-03, 1.13668654e-03, 1.70502975e-03,
       0., 5.68343268e-04, 5.68343268e-04, 8.52514873e-04,
       1.42085820e-03, 8.52514873e-04, 1.13668654e-03, 2.84171634e-04,
       8.52514873e-04, 0., 8.52514873e-04, 2.55754474e-03,
       1.70502975e-03, 1.98920141e-03, 2.84171634e-04, 5.68343268e-04,
       1.70502975e-03, 2.27337307e-03, 1.13668654e-03, 1.13668654e-03,
       1.13668654e-03, 1.13668654e-03, 5.68343268e-04, 2.84171634e-04,
       2.27337307e-03, 1.13668654e-03, 5.68343268e-04, 2.27337307e-03,
       2.84171640e-03, 5.11508947e-03, 1.42085820e-03, 5.68343268e-04,
       1.70502975e-03, 2.84171634e-04, 8.52514873e-04, 4.26257448e-03,
       2.84171634e-04, 1.42085820e-03, 1.13668654e-03, 0.,
       5.68343268e-04, 1.70502975e-03, 1.42085820e-03, 5.68343268e-04,
       1.13668654e-03, 5.68343268e-04, 0., 1.13668654e-03,
       5.68343268e-04, 1.13668654e-03, 1.98920141e-03, 1.13668654e-03,
       5.68343280e-03, 2.84171634e-04, 1.13668654e-03, 0.,
       8.52514873e-04, 2.84171634e-04, 4.83091781e-03, 1.42085820e-03,
       1.98920141e-03, 1.13668654e-03, 5.68343268e-04, 0.,
       5.68343268e-04, 8.52514873e-04, 1.42085820e-03, 1.70502975e-03,
       8.52514873e-04, 2.84171640e-03, 2.84171640e-03, 2.27337307e-03,
       1.13668654e-03, 1.70502975e-03, 3.69423116e-03, 0.,
       1.13668654e-03, 1.42085820e-03, 5.68343268e-04, 2.84171634e-04,
       1.42085820e-03, 5.68343268e-04, 1.13668654e-03, 8.52514873e-04,
       2.84171634e-04, 1.13668654e-03, 2.84171634e-04, 3.41005949e-03,
       5.68343268e-04, 1.13668654e-03, 8.52514873e-04, 5.68343268e-04,
       5.68343268e-04, 1.42085820e-03, 5.68343268e-04, 1.98920141e-03,
       2.27337307e-03, 0., 2.84171634e-04, 2.84171634e-04,
       8.52514873e-04, 1.13668654e-03, 2.55754474e-03, 5.68343268e-04,
       1.13668654e-03, 4.26257448e-03, 2.84171634e-04, 8.52514873e-04,
       5.68343268e-04, 2.84171634e-04, 3.12588806e-03, 1.13668654e-03,
       2.27337307e-03, 2.84171634e-04, 1.13668654e-03, 1.13668654e-03,
       1.13668654e-03, 5.68343268e-04, 2.84171634e-04, 0.,
