%YAML:1.0
m25n: !!opencv-matrix
   rows: 1
   cols: 800
   dt: f
   data: [ 0., 2.11193250e-03, 0., 0., 1.05596625e-03, 1.05596625e-03,
       3.16789886e-03, 1.05596625e-03, 0., 3.16789886e-03,
       5.27983112e-03, 2.11193250e-03, 2.11193250e-03, 1.05596625e-03,
       0., 1.79514270e-02, 0., 0., 0., 0., 1.05596625e-03,
       2.11193250e-03, 1.05596625e-03, 0., 0., 1.05596625e-03,
       2.11193250e-03, 2.11193250e-03, 3.16789886e-03, 1.05596625e-03,
       1.05596622e-02, 0., 0., 1.05596625e-03, 0., 0., 8.44772998e-03,
       2.11193250e-03, 1.16156284e-02, 1.05596625e-03, 1.05596625e-03,
       1.05596625e-03, 0., 6.33579772e-03, 0., 1.05596625e-03, 0.,
       3.16789886e-03, 1.05596625e-03, 1.05596625e-03, 0.,
       4.22386499e-03, 3.16789886e-03, 1.05596625e-03, 2.11193250e-03,
       0., 3.16789886e-03, 1.05596625e-03, 1.05596625e-03, 0.,
       1.05596625e-03, 1.05596625e-03, 2.11193250e-03, 7.39176385e-03,
       0., 0., 6.33579772e-03, 8.44772998e-03, 0., 1.05596625e-03,
       7.39176385e-03, 0., 0., 1.05596625e-03, 0., 2.11193250e-03,
       4.22386499e-03, 3.16789886e-03, 1.05596625e-03, 2.11193250e-03,
       1.05596625e-03, 2.11193250e-03, 0., 2.11193250e-03,
       2.11193250e-03, 0., 0., 2.11193250e-03, 1.05596625e-03, 0., 0.,
       0., 0., 2.11193250e-03, 0., 3.16789886e-03, 4.22386499e-03,
       5.27983112e-03, 3.16789886e-03, 2.11193250e-03, 0.,
       1.05596625e-03, 1.05596625e-03, 0., 1.05596625e-03, 0., 0.,
       3.16789886e-03, 0., 0., 1.05596625e-03, 2.11193250e-03, 0.,
       2.11193250e-03, 1.05596625e-03, 0., 0., 1.05596625e-03, 0.,
       1.05596625e-03, 0., 0., 0., 0., 1.05596625e-03, 2.11193250e-03,
       0., 0., 0., 4.22386499e-03, 5.27983112e-03, 5.27983112e-03, 0.,
       2.11193250e-03, 1.05596625e-03, 0., 0., 1.05596625e-03,
       5.27983112e-03, 0., 0., 2.11193250e-03, 0., 0., 1.05596625e-03,
       0., 0., 0., 0., 2.11193250e-03, 0., 0., 6.33579772e-03,
       2.11193250e-03, 0., 0., 1.05596625e-03, 5.27983112e-03, 0.,
       2.11193250e-03, 1.26715954e-02, 0., 0., 0., 0., 0.,
       1.05596625e-03, 5.27983112e-03, 0., 0., 0., 0., 0., 0.,
       2.11193250e-03, 2.11193250e-03, 0., 4.22386499e-03,
       1.05596625e-03, 4.22386499e-03, 1.05596625e-03, 0., 0.,
       2.11193250e-03, 1.05596625e-03, 0., 0., 1.05596625e-03,
       1.05596625e-03, 1.05596625e-03, 0., 0., 0., 1.05596625e-03,
       1.05596625e-03, 1.05596625e-03, 0., 2.11193250e-03, 0., 0., 0.,
       0., 0., 0., 0., 0., 0., 1.05596625e-03, 0., 0., 1.05596625e-03,
       0., 0., 0., 0., 0., 2.11193250e-03, 0., 1.05596625e-03, 0.,
       1.05596625e-03, 5.27983112e-03, 0., 2.11193250e-03,
       2.11193250e-03, 2.11193250e-03, 0., 0., 0., 3.16789886e-03, 0.,
       0., 0., 0., 1.05596625e-03, 1.05596625e-03, 4.22386499e-03, 0.,
       0., 0., 1.05596625e-03, 0., 3.16789886e-03, 2.11193250e-03,
       2.11193250e-03, 0., 1.05596625e-03, 0., 0., 3.16789886e-03,
       3.16789886e-03, 0., 0., 3.16789886e-03, 0., 1.05596625e-03, 0.,
       0., 0., 2.11193250e-03, 0., 1.05596625e-03, 3.16789886e-03,
       1.05596625e-03, 0., 1.05596625e-03, 9.50369611e-03, 0.,
       1.05596625e-03, 0., 0., 1.05596625e-03, 1.05596625e-03, 0.,
       1.05596625e-03, 0., 0., 0., 2.11193250e-03, 2.11193250e-03,
       4.22386499e-03, 0., 0., 0., 3.16789886e-03, 0., 2.11193250e-03,
       0., 0., 1.05596625e-03, 2.11193250e-03, 0., 0., 0.,
       8.44772998e-03, 1.05596625e-03, 3.16789886e-03, 0., 0.,
       2.11193250e-03, 1.05596625e-03, 1.05596625e-03, 0.,
       1.05596625e-03, 0., 0., 0., 5.27983112e-03, 0., 4.22386499e-03,
       2.11193245e-02, 1.05596625e-03, 0., 1.05596625e-03, 0., 0., 0.,
       1.05596625e-03, 1.05596625e-03, 0., 0., 0., 1.05596625e-03,
       1.05596625e-03, 1.05596622e-02, 1.05596625e-03, 0., 0.,
       2.11193250e-03, 4.22386499e-03, 0., 4.22386499e-03, 0.,
       2.11193250e-03, 2.11193250e-03, 3.16789886e-03, 6.33579772e-03,
       7.39176385e-03, 0., 0., 0., 0., 0., 3.16789886e-03, 0., 0., 0.,
       0., 0., 2.11193250e-03, 0., 0., 0., 0., 0., 0., 4.22386499e-03,
       2.11193250e-03, 0., 1.05596625e-03, 0., 0., 1.05596625e-03, 0.,
       0., 1.05596625e-03, 1.05596625e-03, 1.05596625e-03, 0., 0., 0.,
       0., 2.11193250e-03, 0., 0., 0., 0., 0., 0., 4.22386499e-03,
       2.11193250e-03, 2.11193250e-03, 1.37275616e-02, 1.05596625e-03,
       1.05596625e-03, 0., 1.05596625e-03, 3.16789886e-03,
       1.05596625e-03, 0., 0., 1.05596625e-03, 1.47835277e-02,
       4.22386499e-03, 0., 0., 0., 1.05596625e-03, 0., 1.05596625e-03,
       2.11193250e-03, 0., 0., 2.11193250e-03, 0., 3.16789886e-03, 0.,
       1.05596625e-03, 0., 1.05596625e-03, 0., 0., 0., 0., 0.,
       1.05596625e-03, 0., 0., 2.11193250e-03, 1.05596625e-03, 0., 0.,
       1.05596625e-03, 1.05596625e-03, 1.05596625e-03, 1.05596625e-03,
       2.11193250e-03, 0., 1.05596625e-03, 1.05596625e-03, 0.,
       1.05596625e-03, 4.22386499e-03, 1.05596625e-03, 0.,
       1.05596625e-03, 0., 1.05596625e-03, 0., 1.05596625e-03,
       3.16789886e-03, 0., 0., 0., 2.11193250e-03, 1.05596625e-03, 0.,
       5.27983112e-03, 0., 1.05596625e-03, 0., 0., 1.05596625e-03, 0.,
       1.05596625e-03, 1.05596625e-03, 0., 0., 0., 0., 0.,
       2.11193250e-03, 0., 0., 0., 5.27983112e-03, 1.05596625e-03, 0.,
       0., 0., 0., 0., 0., 0., 0., 1.05596625e-03, 0., 0., 0.,
       3.16789886e-03, 2.11193250e-03, 0., 0., 0., 3.16789886e-03,
       3.16789886e-03, 0., 0., 0., 0., 0., 0., 1.05596625e-03, 0.,
       3.16789886e-03, 0., 0., 4.22386499e-03, 1.05596625e-03, 0.,
       2.11193250e-03, 1.05596625e-03, 0., 0., 2.11193250e-03,
       9.50369611e-03, 0., 0., 9.50369611e-03, 3.16789886e-03,
       1.05596625e-03, 9.50369611e-03, 0., 2.11193250e-03,
       2.11193250e-03, 0., 0., 7.39176385e-03, 0., 1.05596625e-03, 0.,
       2.11193250e-03, 2.11193250e-03, 5.27983112e-03, 0., 0., 0.,
       3.16789886e-03, 1.05596625e-03, 1.05596625e-03, 0., 0., 0., 0.,
       0., 0., 1.05596625e-03, 1.05596625e-03, 1.05596625e-03, 0.,
       1.05596625e-03, 1.05596625e-03, 1.05596625e-03, 0.,
       4.22386499e-03, 0., 1.05596625e-03, 0., 0., 0., 0.,
       5.27983112e-03, 1.05596625e-03, 1.05596625e-03, 0., 0., 0.,
       2.11193250e-03, 0., 1.05596625e-03, 1.05596625e-03,
       1.05596625e-03, 0., 0., 3.16789886e-03, 0., 0., 0.,
       4.22386499e-03, 1.05596625e-03, 0., 0., 0., 2.11193250e-03, 0.,
       1.05596625e-03, 8.44772998e-03, 2.11193250e-03, 2.11193250e-03,
       0., 1.05596625e-03, 0., 1.05596625e-03, 1.05596625e-03,
       1.26715954e-02, 0., 0., 3.16789886e-03, 0., 0., 0., 0.,
       3.16789886e-03, 2.11193250e-03, 0., 0., 3.16789886e-03,
       5.27983112e-03, 0., 0., 4.22386499e-03, 0., 1.05596625e-03, 0.,
       0., 0., 0., 0., 0., 4.22386499e-03, 0., 0., 2.11193250e-03,
       4.22386499e-03, 0., 1.05596625e-03, 4.22386499e-03,
       2.11193250e-03, 0., 1.05596625e-03, 1.05596625e-03, 0., 0., 0.,
       0., 0., 1.05596625e-03, 0., 0., 1.05596625e-03, 0.,
       3.16789886e-03, 0., 0., 2.11193250e-03, 0., 0., 0.,
       3.16789886e-03, 2.11193250e-03, 1.05596625e-03, 7.39176385e-03,
       2.11193250e-03, 1.05596625e-03, 0., 2.11193250e-03,
       5.27983112e-03, 0., 0., 0., 0., 3.16789886e-03, 0.,
       1.05596625e-03, 0., 0., 0., 1.05596625e-03, 4.22386499e-03, 0.,
       1.05596625e-03, 0., 0., 0., 1.05596625e-03, 1.05596625e-03, 0.,
       1.05596625e-03, 0., 1.05596625e-03, 1.05596625e-03,
       5.27983112e-03, 2.11193250e-03, 0., 3.16789886e-03, 0., 0., 0.,
       1.05596625e-03, 0., 1.05596625e-03, 2.11193250e-03,
       2.11193250e-03, 1.05596625e-03, 0., 1.05596625e-03, 0.,
       4.22386499e-03, 4.22386499e-03, 5.27983112e-03, 1.05596625e-03,
       0., 0., 0., 3.16789886e-03, 1.05596625e-03, 0., 1.05596625e-03,
       3.16789886e-03, 5.27983112e-03, 0., 0., 0., 5.27983112e-03,
       2.11193250e-03, 0., 1.05596625e-03, 0., 0., 0., 0., 0.,
       1.05596625e-03, 2.11193250e-03, 0., 0., 1.05596625e-03,
       1.05596625e-03, 1.05596625e-03, 0., 1.05596625e-03,
