%YAML:1.0
m25n: !!opencv-matrix
   rows: 1
   cols: 800
   dt: f
   data: [ 0., 9.94318165e-03, 4.73484863e-04, 0., 4.73484863e-04,
       1.89393945e-03, 1.89393945e-03, 3.31439404e-03, 6.15530321e-03,
       0., 0., 0., 0., 7.10227294e-03, 0., 9.46969725e-04,
       4.73484863e-04, 0., 1.42045459e-03, 0., 4.73484863e-04, 0.,
       1.89393945e-03, 7.10227294e-03, 0., 0., 2.36742431e-03,
       9.46969725e-04, 0., 0., 1.42045459e-03, 9.46969725e-04,
       1.89393945e-03, 4.73484863e-04, 9.46969725e-04, 0., 0.,
       4.73484863e-04, 1.89393945e-03, 1.42045459e-03, 0., 0.,
       6.15530321e-03, 2.36742431e-03, 4.73484863e-04, 4.73484863e-04,
       9.46969725e-04, 3.78787890e-03, 0., 0., 0., 2.84090918e-03,
       4.73484863e-04, 4.73484863e-04, 4.73484863e-04, 1.04166670e-02,
       0., 9.46969725e-04, 1.89393945e-03, 0., 0., 1.42045459e-03,
       9.46969725e-04, 1.89393945e-03, 3.31439404e-03, 0., 0.,
       3.31439404e-03, 9.46969725e-04, 4.73484863e-04, 4.73484863e-04,
       0., 0., 1.42045459e-03, 0., 4.73484863e-04, 4.73484863e-04,
       2.84090918e-03, 0., 1.42045459e-03, 0., 0., 2.36742431e-03,
       9.46969725e-04, 9.46969725e-04, 0., 0., 3.59848514e-02, 0., 0.,
       0., 9.46969725e-04, 0., 2.84090918e-03, 4.73484863e-04, 0.,
       9.46969725e-04, 9.46969725e-04, 4.73484863e-04, 4.73484863e-04,
       1.89393945e-03, 1.42045459e-03, 0., 1.89393945e-03, 0.,
       4.73484863e-04, 0., 1.89393945e-03, 4.73484863e-04,
       2.36742431e-03, 9.46969725e-04, 4.73484863e-04, 0.,
       4.73484863e-04, 0., 4.73484863e-04, 9.46969725e-03,
       4.73484863e-04, 9.94318165e-03, 4.73484863e-03, 2.84090918e-03,
       4.73484863e-04, 0., 0., 4.73484863e-04, 4.73484863e-04,
       3.31439404e-03, 5.20833349e-03, 1.42045459e-03, 2.36742431e-03,
       0., 2.36742431e-03, 1.89393945e-03, 4.73484863e-03, 0.,
       4.73484863e-04, 4.73484863e-04, 2.84090918e-03, 0., 0.,
       3.31439404e-03, 9.46969725e-04, 0., 4.73484863e-04,
       2.84090918e-03, 4.73484863e-04, 9.46969725e-04, 2.84090918e-03,
       1.42045459e-03, 1.89393945e-03, 0., 4.73484863e-04, 0., 0.,
       4.73484863e-04, 0., 9.46969725e-04, 3.31439404e-03, 0.,
       1.89393945e-03, 4.73484863e-04, 0., 0., 4.73484863e-04,
       1.89393945e-03, 4.73484863e-04, 4.73484863e-04, 0.,
       4.73484863e-04, 0., 9.46969725e-04, 2.36742431e-03,
       4.73484863e-04, 1.42045459e-03, 0., 0., 4.73484863e-04,
       1.42045459e-03, 0., 4.73484863e-04, 4.73484863e-04,
       1.89393945e-03, 7.10227294e-03, 1.42045459e-03, 0.,
       1.42045459e-03, 9.46969725e-04, 0., 4.73484863e-04,
       9.46969725e-04, 0., 0., 9.46969725e-04, 3.31439404e-03, 0.,
       4.73484863e-04, 1.89393945e-03, 0., 9.46969725e-04,
       1.89393945e-03, 9.46969725e-04, 9.46969725e-04, 1.42045459e-03,
       9.46969725e-04, 3.31439404e-03, 0., 1.89393945e-03, 0., 0., 0.,
       4.73484863e-04, 4.73484863e-04, 0., 4.73484863e-04,
       4.73484863e-04, 2.36742431e-03, 4.73484863e-04, 3.78787890e-03,
       4.73484863e-04, 0., 4.73484863e-04, 4.73484863e-04,
       1.42045459e-03, 4.73484863e-04, 9.46969725e-04, 2.84090918e-03,
       4.73484863e-04, 1.42045459e-03, 4.73484863e-04, 0.,
       4.73484863e-04, 0., 0., 6.15530321e-03, 2.36742431e-03,
       9.46969725e-04, 4.73484863e-04, 1.42045459e-03, 4.73484863e-04,
       0., 4.73484863e-04, 0., 0., 1.89393945e-03, 4.73484863e-04,
       4.73484863e-04, 1.42045459e-03, 2.36742431e-03, 0., 0., 0., 0.,
       0., 0., 4.73484863e-04, 4.73484863e-04, 0., 4.73484863e-04, 0.,
       4.73484863e-04, 4.73484863e-04, 3.78787890e-03, 1.42045459e-03,
       0., 4.73484863e-04, 0., 0., 2.84090918e-03, 3.31439404e-03, 0.,
       9.46969725e-04, 0., 0., 2.84090918e-03, 0., 9.46969725e-04,
       9.46969725e-04, 0., 0., 0., 9.46969725e-04, 4.73484863e-04,
       4.73484863e-04, 1.89393945e-03, 4.73484863e-04, 9.46969725e-04,
       4.26136376e-03, 9.46969725e-04, 4.73484863e-04, 0.,
       2.84090918e-03, 0., 2.36742431e-03, 0., 4.26136376e-03,
       4.73484863e-03, 4.26136376e-03, 0., 0., 9.46969725e-04,
       9.46969725e-04, 4.73484863e-04, 4.73484863e-04, 4.73484863e-04,
       0., 0., 2.84090918e-03, 9.46969725e-04, 9.46969725e-04,
       9.46969725e-04, 8.04924220e-03, 0., 0., 0., 1.89393945e-03, 0.,
       9.46969725e-04, 4.73484863e-04, 0., 0., 4.26136376e-03, 0.,
       4.26136376e-03, 4.73484863e-04, 0., 4.73484863e-04,
       2.84090918e-03, 1.42045459e-03, 0., 4.73484863e-04,
       1.42045459e-03, 1.42045459e-03, 0., 0., 2.84090918e-03,
       1.89393945e-03, 2.36742431e-03, 4.26136376e-03, 1.89393945e-03,
       3.78787890e-03, 4.73484863e-04, 0., 9.46969725e-04, 0.,
       9.46969725e-04, 4.73484863e-04, 4.73484863e-04, 3.78787890e-03,
       0., 2.36742431e-03, 9.46969725e-04, 0., 0., 4.73484863e-04, 0.,
       0., 4.73484863e-04, 4.73484863e-04, 4.73484863e-04,
       2.84090918e-03, 9.46969725e-04, 2.36742431e-03, 0.,
       6.62878808e-03, 1.42045459e-03, 0., 1.42045459e-03,
       1.42045459e-03, 0., 0., 1.89393945e-03, 2.84090918e-03,
       2.36742431e-03, 9.46969725e-04, 9.46969725e-04, 0.,
       4.73484863e-04, 0., 4.73484863e-04, 0., 0., 1.42045459e-03,
       9.46969725e-04, 4.73484863e-03, 0., 1.42045459e-03,
       4.73484863e-04, 1.42045459e-03, 4.73484863e-04, 4.73484863e-04,
       4.73484863e-04, 9.46969725e-04, 9.46969725e-04, 0., 0.,
       9.46969725e-04, 4.73484863e-03, 9.46969725e-04, 0.,
       5.68181835e-03, 0., 9.46969725e-04, 4.73484863e-04,
       4.73484863e-04, 1.42045459e-03, 4.73484863e-04, 4.73484863e-04,
       9.46969725e-04, 0., 0., 4.73484863e-04, 4.73484863e-04,
       1.08901523e-02, 7.10227294e-03, 9.46969725e-04, 4.73484863e-04,
       3.31439404e-03, 4.73484863e-04, 0., 4.73484863e-04, 0.,
       4.73484863e-04, 9.46969725e-04, 9.46969725e-04, 9.46969725e-04,
       0., 1.89393945e-03, 0., 0., 0., 1.89393945e-03, 4.73484863e-04,
       1.42045459e-03, 4.73484863e-04, 9.46969725e-04, 4.73484863e-03,
       4.73484863e-04, 1.42045459e-03, 0., 4.73484863e-04,
       1.42045459e-03, 0., 0., 9.46969725e-04, 1.89393945e-03,
       4.73484863e-04, 9.46969725e-04, 0., 0., 4.73484863e-04,
       4.73484863e-04, 1.42045459e-03, 4.73484863e-04, 1.42045459e-03,
       9.46969725e-04, 1.42045459e-03, 1.89393945e-03, 2.84090918e-03,
       2.36742431e-03, 4.73484863e-04, 1.89393945e-03, 4.73484863e-04,
       4.73484863e-04, 4.73484863e-04, 0., 0., 0., 4.26136376e-03,
       1.42045459e-03, 1.42045459e-03, 0., 9.46969725e-04,
       1.42045459e-03, 9.46969725e-04, 9.46969725e-04, 1.89393945e-03,
       6.62878808e-03, 0., 9.46969725e-04, 4.73484863e-04,
       3.31439404e-03, 1.42045459e-03, 1.89393945e-03, 0., 0., 0., 0.,
       4.73484863e-04, 0., 0., 1.42045459e-03, 9.46969725e-04,
       4.73484863e-04, 3.78787890e-03, 4.73484863e-04, 0.,
       4.73484863e-04, 3.78787890e-03, 2.36742431e-03, 3.31439404e-03,
       0., 1.42045459e-03, 4.73484863e-04, 2.36742431e-03, 0.,
       1.89393945e-03, 0., 0., 4.73484863e-04, 9.46969725e-04,
       5.20833349e-03, 1.89393945e-03, 4.73484863e-04, 4.73484863e-04,
       0., 9.46969725e-04, 0., 9.46969725e-04, 0., 1.89393945e-03,
       1.89393945e-03, 2.84090918e-03, 1.89393945e-03, 1.42045459e-03,
       0., 0., 4.73484863e-04, 1.56250000e-02, 9.46969725e-04,
       4.73484863e-04, 4.73484863e-04, 9.46969725e-04, 9.46969725e-04,
       4.73484863e-04, 1.42045459e-03, 2.36742431e-03, 2.36742431e-03,
       4.73484863e-04, 4.73484863e-04, 6.62878808e-03, 2.84090918e-03,
       9.46969725e-04, 4.73484863e-04, 0., 2.84090918e-03,
       9.46969725e-04, 0., 0., 1.89393945e-03, 0., 9.46969725e-04,
       1.42045459e-03, 0., 9.46969725e-04, 0., 1.42045459e-03,
       4.73484863e-04, 3.78787890e-03, 2.36742431e-03, 9.46969725e-04,
       1.18371211e-02, 9.46969725e-04, 9.46969725e-04, 4.73484863e-04,
       0., 3.78787890e-03, 0., 0., 0., 4.73484863e-04, 0.,
       1.42045459e-03, 1.42045459e-03, 0., 2.84090918e-03,
       5.68181835e-03, 4.73484863e-04, 1.42045459e-03, 4.73484863e-04,
