%YAML:1.0
m25n: !!opencv-matrix
   rows: 1
   cols: 800
   dt: f
   data: [ 4.11522633e-04, 8.23045266e-04, 8.23045266e-04, 0.,
       1.23456796e-03, 0., 0., 1.23456796e-03, 1.64609053e-03,
       2.05761311e-03, 8.23045266e-04, 1.64609053e-03, 1.64609053e-03,
       8.23045266e-04, 2.46913591e-03, 1.64609053e-03, 0.,
       2.05761311e-03, 4.11522633e-04, 1.23456796e-03, 4.11522633e-04,
       1.64609053e-03, 8.23045266e-04, 0., 5.76131698e-03,
       1.23456796e-03, 8.23045266e-04, 0., 8.23045266e-04,
       2.05761311e-03, 0., 0., 4.52674879e-03, 2.05761311e-03, 0.,
       1.64609053e-03, 4.11522633e-04, 1.64609053e-03, 1.64609053e-03,
       0., 1.23456796e-03, 8.23045266e-04, 8.23045266e-04,
       2.46913591e-03, 8.23045266e-04, 0., 4.11522633e-04,
       2.88065849e-03, 2.88065849e-03, 0., 8.23045266e-04,
       8.23045266e-04, 0., 2.05761311e-03, 8.23045266e-04,
       1.64609053e-03, 4.11522633e-04, 3.70370364e-03, 4.11522633e-04,
       2.88065849e-03, 3.29218106e-03, 0., 1.23456796e-03,
       3.29218106e-03, 3.29218106e-03, 0., 1.23456796e-03,
       2.05761311e-03, 0., 4.11522633e-04, 4.11522633e-04, 0., 0.,
       8.23045266e-04, 2.88065849e-03, 8.23045266e-04, 0., 0.,
       2.88065849e-03, 1.64609053e-03, 4.11522633e-04, 0.,
       1.64609053e-03, 1.23456796e-03, 8.23045266e-04, 0.,
       4.11522633e-04, 2.46913591e-03, 8.23045266e-04, 1.64609053e-03,
       4.11522633e-04, 1.23456796e-03, 2.88065849e-03, 1.23456796e-03,
       4.11522633e-04, 4.11522633e-04, 8.23045266e-04, 8.23045266e-04,
       1.64609053e-03, 8.23045266e-04, 8.23045266e-04, 1.64609053e-03,
       1.23456796e-03, 2.05761311e-03, 8.23045266e-04, 5.76131698e-03,
       1.64609053e-03, 1.23456796e-03, 1.23456796e-03, 8.23045266e-04,
       4.11522633e-04, 2.05761311e-03, 0., 1.23456796e-03,
       4.11522633e-04, 0., 0., 1.23456796e-03, 4.11522633e-04,
       1.23456796e-03, 4.11522633e-04, 2.88065849e-03, 0.,
       1.23456796e-03, 0., 1.64609053e-03, 1.23456796e-03,
       3.29218106e-03, 1.19341565e-02, 8.23045266e-04, 3.70370364e-03,
       1.64609053e-03, 4.11522621e-03, 4.11522633e-04, 1.23456796e-03,
       4.11522633e-04, 1.23456796e-03, 8.23045266e-04, 1.23456796e-03,
       8.23045266e-04, 1.23456796e-03, 2.46913591e-03, 0.,
       2.46913591e-03, 4.11522633e-04, 1.64609053e-03, 0.,
       2.05761311e-03, 1.23456796e-03, 2.46913591e-03, 0., 0.,
       2.46913591e-03, 3.70370364e-03, 8.23045266e-04, 0., 0.,
       8.23045266e-04, 4.11522633e-04, 1.23456796e-03, 0.,
       4.11522633e-04, 1.64609053e-03, 1.64609053e-03, 4.11522633e-04,
       0., 1.23456796e-03, 2.46913591e-03, 1.64609053e-03,
       1.64609053e-03, 1.64609053e-03, 1.64609053e-03, 2.05761311e-03,
       0., 8.23045266e-04, 4.11522633e-04, 4.11522621e-03,
       8.23045266e-04, 2.05761311e-03, 0., 4.11522633e-04,
       2.05761311e-03, 1.64609053e-03, 1.23456796e-03, 2.46913591e-03,
       5.34979440e-03, 0., 1.64609053e-03, 0., 8.23045266e-04,
       4.11522633e-04, 1.23456796e-03, 2.05761311e-03, 0.,
       8.23045266e-04, 8.23045266e-04, 8.23045266e-04, 1.23456796e-03,
       1.23456796e-03, 3.29218106e-03, 8.23045266e-04, 1.64609053e-03,
       1.23456796e-03, 8.23045266e-04, 0., 4.11522633e-04,
       3.70370364e-03, 8.23045266e-04, 8.23045266e-04, 4.11522633e-04,
       4.93827183e-03, 1.23456796e-03, 2.46913591e-03, 4.11522633e-04,
       0., 0., 2.05761311e-03, 4.11522633e-04, 2.05761311e-03,
       1.23456796e-03, 2.46913591e-03, 4.11522633e-04, 4.11522633e-04,
       1.23456796e-03, 0., 2.05761311e-03, 4.11522621e-03, 0., 0.,
       8.23045266e-04, 8.23045266e-04, 1.64609053e-03, 8.23045266e-04,
       1.23456796e-03, 1.23456796e-03, 4.11522633e-04, 4.93827183e-03,
       1.23456796e-03, 1.64609053e-03, 0., 2.46913591e-03,
       4.11522633e-04, 4.11522633e-04, 3.70370364e-03, 1.23456796e-03,
       4.11522633e-04, 1.23456796e-03, 1.64609053e-03, 0.,
       1.23456796e-03, 6.17283955e-03, 2.05761311e-03, 8.23045266e-04,
       4.11522633e-04, 4.11522633e-04, 1.23456796e-03, 1.64609053e-03,
       1.23456796e-03, 8.23045266e-04, 2.05761311e-03, 1.23456796e-03,
       1.23456796e-03, 8.23045266e-04, 1.64609053e-03, 8.23045266e-04,
       1.64609053e-03, 8.23045266e-04, 8.23045266e-04, 0.,
       4.11522633e-04, 1.23456796e-03, 4.11522633e-04, 8.23045266e-04,
       2.05761311e-03, 1.23456796e-03, 2.05761311e-03, 8.23045266e-04,
       0., 1.64609053e-03, 1.23456796e-03, 1.64609053e-03, 0.,
       4.11522633e-04, 8.23045266e-04, 1.64609053e-03, 8.23045266e-04,
       8.23045266e-04, 2.05761311e-03, 0., 2.05761311e-03,
       2.05761311e-03, 1.64609053e-03, 0., 1.23456796e-03,
       1.64609053e-03, 2.05761311e-03, 4.11522633e-04, 2.05761311e-03,
       0., 4.11522633e-04, 1.64609053e-03, 2.46913591e-03,
       1.23456796e-03, 1.23456796e-03, 8.23045266e-04, 1.23456796e-03,
       4.11522633e-04, 7.40740728e-03, 1.64609053e-03, 4.11522633e-04,
       1.23456796e-03, 8.23045243e-03, 8.23045266e-04, 8.23045266e-04,
       1.64609053e-03, 8.23045266e-04, 0., 3.29218106e-03,
       4.11522633e-04, 8.23045266e-04, 2.88065849e-03, 1.23456796e-03,
       0., 8.23045266e-04, 0., 3.29218106e-03, 4.11522633e-04,
       2.88065849e-03, 1.64609053e-03, 1.23456796e-03, 2.05761311e-03,
       4.11522633e-04, 0., 8.23045266e-04, 1.23456796e-03,
       2.05761311e-03, 2.46913591e-03, 0., 2.05761311e-03,
       1.64609053e-03, 4.11522633e-04, 2.05761311e-03, 1.23456796e-03,
       2.46913591e-03, 1.23456796e-03, 3.29218106e-03, 8.23045266e-04,
       4.11522633e-04, 1.64609053e-03, 8.23045266e-04, 0.,
       1.23456796e-03, 0., 1.64609053e-03, 0., 4.11522633e-04,
       5.76131698e-03, 2.05761311e-03, 1.23456796e-03, 4.11522633e-04,
       1.64609053e-03, 4.93827183e-03, 1.23456796e-03, 4.11522633e-04,
       0., 4.11522633e-04, 1.64609053e-03, 0., 4.11522633e-04,
       8.23045266e-04, 2.88065849e-03, 1.23456796e-03, 0.,
       1.64609053e-03, 2.05761311e-03, 4.11522633e-04, 1.64609053e-03,
       0., 2.05761311e-03, 8.23045266e-04, 0., 1.23456796e-03,
       2.05761311e-03, 1.23456796e-03, 0., 1.64609053e-03, 0.,
       1.23456796e-03, 1.64609053e-03, 1.23456796e-03, 4.11522633e-04,
       1.23456796e-03, 4.11522621e-03, 9.87654366e-03, 2.46913591e-03,
       1.23456796e-03, 8.23045266e-04, 4.11522633e-04, 2.88065849e-03,
       1.23456796e-03, 1.23456796e-03, 2.05761311e-03, 0.,
       6.17283955e-03, 0., 8.23045266e-04, 1.23456796e-03, 0.,
       4.11522621e-03, 4.11522633e-04, 0., 2.05761311e-03, 0.,
       1.23456796e-03, 0., 0., 0., 8.23045266e-04, 6.17283955e-03, 0.,
       8.23045266e-04, 8.23045266e-04, 1.64609053e-03, 4.11522633e-04,
       4.11522633e-04, 8.23045266e-04, 4.11522633e-04, 8.23045266e-04,
       3.29218106e-03, 2.88065849e-03, 1.23456796e-03, 4.11522633e-04,
       1.31687243e-02, 0., 1.64609053e-03, 3.70370364e-03, 0.,
       8.23045266e-04, 1.23456796e-03, 0., 1.64609053e-03,
       1.23456796e-03, 8.23045266e-04, 1.23456796e-03, 4.11522633e-04,
       4.11522633e-04, 0., 1.64609053e-03, 8.23045266e-04,
       2.88065849e-03, 1.64609053e-03, 4.11522633e-04, 1.64609053e-03,
       1.23456796e-03, 4.11522633e-04, 1.64609053e-03, 0., 0.,
       8.23045266e-04, 8.23045266e-04, 8.23045266e-04, 0.,
       4.11522633e-04, 8.23045266e-04, 2.88065849e-03, 2.88065849e-03,
       8.23045266e-04, 8.23045266e-04, 1.64609053e-03, 1.23456796e-03,
       8.23045266e-04, 8.23045266e-04, 4.11522633e-04, 8.23045266e-04,
       4.11522633e-04, 0., 8.23045266e-04, 1.23456796e-03,
       8.23045266e-04, 1.64609053e-03, 1.64609053e-03, 1.23456796e-03,
       0., 8.23045266e-04, 0., 0., 2.05761311e-03, 0., 8.23045266e-04,
       0., 5.34979440e-03, 8.23045266e-04, 4.11522633e-04, 0.,
       2.46913591e-03, 2.88065849e-03, 0., 8.23045266e-04,
       4.11522633e-04, 0., 2.05761311e-03, 1.23456796e-03,
       1.23456796e-03, 0., 8.23045266e-04, 1.15226340e-02, 0., 0.,
       1.64609053e-03, 1.23456796e-03, 0., 4.11522633e-04,
       4.11522633e-04, 0., 2.46913591e-03, 4.11522633e-04,
