%YAML:1.0
m25n: !!opencv-matrix
   rows: 1
   cols: 800
   dt: f
   data: [ 0., 1.55078829e-03, 7.75394146e-04, 5.16929431e-04, 0.,
       1.55078829e-03, 2.84311175e-03, 2.58464715e-04, 2.58464715e-04,
       1.03385886e-03, 5.16929431e-04, 1.55078829e-03, 1.03385886e-03,
       2.58464715e-04, 1.29232358e-03, 1.03385886e-03, 1.80925301e-03,
       7.75394146e-04, 0., 1.55078829e-03, 1.55078829e-03,
       7.75394146e-04, 1.55078829e-03, 7.75394146e-04, 2.40372177e-02,
       7.75394146e-04, 5.16929431e-04, 5.16929431e-04, 2.58464715e-04,
       1.29232358e-03, 6.46161800e-03, 3.61850602e-03, 2.58464715e-04,
       1.55078829e-03, 1.29232358e-03, 1.55078829e-03, 2.32618256e-03,
       1.55078829e-03, 5.16929431e-04, 7.75394146e-04, 2.58464715e-04,
       2.06771772e-03, 2.58464715e-04, 4.39390028e-03, 1.03385886e-03,
       1.55078829e-03, 1.03385886e-03, 7.75394146e-04, 1.29232358e-03,
       2.06771772e-03, 7.75394146e-04, 1.29232358e-03, 7.75394146e-04,
       1.55078829e-03, 2.58464715e-04, 1.29232358e-03, 1.29232358e-03,
       1.80925301e-03, 3.61850602e-03, 1.29232358e-03, 1.03385886e-03,
       1.29232358e-03, 1.03385886e-03, 5.16929431e-04, 2.58464715e-03,
       7.75394146e-04, 2.58464715e-04, 1.80925301e-03, 2.58464715e-04,
       2.06771772e-03, 1.29232358e-03, 1.29232358e-03, 2.06771772e-03,
       7.75394146e-04, 1.80925301e-03, 1.03385886e-03, 7.75394146e-04,
       1.55078829e-03, 7.75394146e-04, 5.16929431e-04, 1.03385886e-03,
       1.03385886e-03, 1.03385886e-03, 1.80925301e-03, 5.16929431e-04,
       2.58464715e-04, 1.55078829e-03, 4.65236511e-03, 1.55078829e-03,
       2.58464715e-04, 1.29232358e-03, 7.75394146e-04, 0.,
       2.58464715e-04, 5.16929431e-04, 5.16929431e-04, 1.80925301e-03,
       1.03385886e-03, 1.29232358e-03, 1.55078829e-03, 5.16929431e-04,
       5.16929431e-04, 1.03385886e-03, 1.80925301e-03, 7.75394146e-04,
       2.58464715e-04, 1.55078829e-03, 2.58464715e-04, 1.29232358e-03,
       1.29232358e-03, 1.55078829e-03, 7.75394146e-04, 5.16929431e-04,
       5.16929431e-04, 7.75394146e-04, 7.75394146e-04, 2.58464715e-04,
       7.75394146e-04, 2.58464715e-04, 2.58464715e-04, 5.16929431e-04,
       7.75394146e-04, 7.75394146e-04, 2.58464715e-04, 1.80925301e-03,
       5.16929431e-04, 5.16929431e-04, 7.75394146e-04, 0.,
       1.29232358e-03, 2.58464715e-03, 3.87697062e-03, 2.58464715e-04,
       2.06771772e-03, 1.29232358e-03, 5.94468834e-03, 7.75394146e-04,
       1.03385886e-03, 2.58464715e-03, 7.75394146e-04, 5.16929431e-04,
       2.32618256e-03, 1.80925301e-03, 1.80925301e-03, 7.75394146e-04,
       1.29232358e-03, 5.16929431e-04, 7.75394146e-04, 1.03385886e-03,
       7.75394146e-04, 5.16929431e-04, 7.75394146e-04, 1.29232358e-03,
       0., 1.03385886e-03, 7.75394146e-04, 1.03385886e-03,
       7.75394146e-04, 2.58464715e-04, 2.58464715e-04, 1.03385886e-03,
       5.16929431e-04, 1.03385886e-03, 5.16929431e-04, 1.55078829e-03,
       7.75394146e-04, 5.16929431e-04, 0., 5.16929431e-04,
       7.75394146e-04, 7.75394146e-04, 1.55078829e-03, 7.75394146e-04,
       2.32618256e-03, 3.36004142e-03, 2.58464715e-04, 7.75394146e-04,
       2.01602485e-02, 1.03385886e-03, 3.10157659e-03, 2.06771772e-03,
       1.29232358e-03, 2.32618256e-03, 7.75394146e-04, 7.75394146e-04,
       2.58464715e-04, 1.29232358e-03, 1.03385886e-03, 1.03385886e-03,
       3.10157659e-03, 2.84311175e-03, 2.32618256e-03, 4.39390028e-03,
       7.75394146e-04, 7.75394146e-04, 7.75394146e-04, 1.80925301e-03,
       1.03385886e-03, 1.55078829e-03, 5.16929431e-04, 5.16929431e-04,
       7.75394146e-04, 2.06771772e-03, 5.68622351e-03, 1.29232358e-03,
       3.10157659e-03, 0., 7.75394146e-04, 7.75394146e-04,
       2.58464715e-04, 2.58464715e-04, 2.84311175e-03, 5.16929431e-04,
       7.75394146e-04, 1.80925301e-03, 1.55078829e-03, 2.58464715e-04,
       5.16929431e-04, 7.75394146e-04, 2.58464715e-04, 2.58464715e-04,
       1.29232358e-03, 1.55078829e-03, 2.58464715e-04, 1.80925301e-03,
       1.29232358e-03, 2.06771772e-03, 1.29232358e-03, 1.03385886e-03,
       2.58464715e-04, 2.58464715e-04, 1.29232358e-03, 7.75394146e-04,
       2.06771772e-03, 1.29232358e-03, 5.16929431e-04, 1.29232358e-03,
       1.29232358e-03, 1.80925301e-03, 7.75394146e-04, 1.03385886e-03,
       0., 2.58464715e-04, 2.58464715e-04, 2.58464715e-04,
       1.29232358e-03, 3.10157659e-03, 1.80925301e-03, 5.16929431e-04,
       5.16929431e-04, 5.16929431e-04, 7.75394146e-04, 1.03385886e-03,
       1.03385886e-03, 2.58464715e-04, 1.29232358e-03, 1.29232358e-03,
       5.16929431e-04, 1.29232358e-03, 1.80925301e-03, 2.84311175e-03,
       2.58464715e-04, 1.29232358e-03, 1.55078829e-03, 2.06771772e-03,
       5.16929431e-04, 7.75394146e-04, 2.84311175e-03, 1.29232358e-03,
       1.29232358e-03, 1.03385886e-03, 1.29232358e-03, 5.16929431e-04,
       2.58464715e-03, 1.29232358e-03, 2.58464715e-04, 1.80925301e-03,
       7.75394146e-04, 1.29232358e-03, 2.58464715e-04, 1.03385886e-03,
       1.80925301e-03, 1.80925301e-03, 2.58464715e-04, 7.75394146e-04,
       1.03385886e-03, 1.29232358e-03, 2.58464715e-04, 3.10157659e-03,
       1.29232358e-03, 1.29232358e-03, 5.16929431e-04, 1.29232358e-03,
       1.55078829e-03, 1.80925301e-03, 1.29232358e-03, 1.55078829e-03,
       1.03385886e-03, 1.29232358e-03, 1.03385886e-03, 5.16929431e-04,
       0., 1.03385886e-03, 2.58464715e-04, 2.32618256e-03, 0.,
       1.29232358e-03, 2.32618256e-03, 2.06771772e-03, 1.29232358e-03,
       2.58464715e-04, 1.29232358e-03, 7.75394146e-04, 1.80925301e-03,
       1.55078829e-03, 5.16929431e-04, 2.58464715e-04, 0.,
       1.03385886e-03, 1.29232358e-03, 1.03385886e-03, 1.29232358e-03,
       1.55078829e-03, 2.58464715e-03, 1.29232358e-03, 1.03385886e-03,
       1.29232358e-03, 5.68622351e-03, 1.80925301e-03, 2.06771772e-03,
       1.80925301e-03, 1.29232358e-03, 3.10157659e-03, 4.13543545e-03,
       1.55078829e-03, 2.84311175e-03, 1.55078829e-03, 7.75394146e-04,
       0., 5.16929431e-04, 2.58464715e-03, 1.03385886e-03,
       1.29232358e-03, 7.75394146e-04, 1.03385886e-03, 5.16929431e-04,
       5.16929431e-04, 5.16929431e-04, 7.75394146e-04, 2.58464715e-04,
       1.03385886e-03, 1.29232358e-03, 7.75394146e-04, 5.16929431e-04,
       1.80925301e-03, 2.58464715e-04, 0., 1.29232358e-03,
       1.03385886e-03, 3.87697062e-03, 5.16929431e-04, 5.16929431e-04,
       5.16929431e-04, 1.55078829e-03, 1.03385886e-03, 5.16929431e-04,
       1.29232358e-03, 5.16929431e-04, 6.97854720e-03, 7.75394146e-04,
       2.58464715e-04, 2.58464715e-03, 1.80925301e-03, 2.06771772e-03,
       7.75394146e-04, 7.75394146e-04, 3.36004142e-03, 1.55078829e-03,
       2.32618256e-03, 1.80925301e-03, 5.16929431e-04, 5.16929431e-04,
       7.75394146e-04, 1.80925301e-03, 2.06771772e-03, 7.75394146e-04,
       1.29232358e-03, 1.29232358e-03, 7.75394146e-04, 2.06771772e-03,
       7.75394146e-04, 4.39390028e-03, 2.06771772e-03, 7.75394146e-04,
       0., 2.58464715e-04, 2.84311175e-03, 5.16929431e-04,
       1.03385886e-03, 4.65236511e-03, 1.55078829e-03, 1.80925301e-03,
       5.16929431e-04, 7.75394146e-04, 1.55078829e-03, 1.03385886e-03,
       1.03385886e-03, 7.75394146e-04, 1.03385886e-03, 5.16929431e-04,
       3.87697062e-03, 7.75394146e-04, 2.58464715e-04, 1.29232358e-03,
       2.06771772e-03, 2.32618256e-03, 7.75394146e-04, 2.58464715e-04,
       2.58464715e-04, 7.75394146e-04, 7.75394146e-04, 7.75394146e-04,
       1.29232358e-03, 1.80925301e-03, 7.75394146e-04, 7.75394146e-04,
       7.75394146e-04, 7.75394146e-04, 1.29232358e-03, 2.06771772e-03,
       5.16929431e-04, 1.55078829e-03, 1.55078829e-03, 2.58464715e-03,
       1.80925301e-03, 2.06771772e-03, 1.03385886e-03, 5.16929431e-04,
       7.75394146e-04, 2.84311175e-03, 0., 2.58464715e-04, 0.,
       7.75394146e-04, 1.29232358e-03, 5.16929431e-04, 2.32618256e-03,
       5.16929431e-04, 5.16929431e-04, 1.29232358e-03, 2.06771772e-03,
       3.61850602e-03, 7.75394146e-04, 2.32618256e-03, 5.16929431e-04,
