%YAML:1.0
m25n: !!opencv-matrix
   rows: 1
   cols: 800
   dt: f
   data: [ 3.59453639e-04, 0., 5.03235077e-03, 1.43781456e-03,
       1.43781456e-03, 3.59453639e-04, 7.18907278e-04, 0.,
       3.59453639e-04, 1.43781456e-03, 1.43781456e-03, 2.51617539e-03,
       1.07836095e-03, 1.79726817e-03, 7.18907278e-04, 3.59453639e-04,
       5.03235077e-03, 3.59453639e-04, 3.59453639e-04, 1.07836095e-03,
       3.59453639e-04, 1.43781456e-03, 1.07836095e-03, 1.86915901e-02,
       0., 0., 1.79726817e-03, 1.79726817e-03, 1.54565061e-02,
       1.40186921e-02, 2.15672189e-03, 1.43781456e-03, 0.,
       7.18907278e-04, 3.59453639e-04, 0., 0., 0., 7.18907278e-04,
       3.59453639e-04, 1.07836095e-03, 7.18907278e-04, 3.59453639e-04,
       0., 7.18907278e-04, 2.51617539e-03, 3.59453639e-04,
       4.31344379e-03, 0., 0., 3.59453639e-04, 1.43781456e-03,
       3.59453639e-04, 0., 2.51617539e-03, 3.59453639e-04,
       1.79726817e-03, 1.79726817e-03, 1.07836095e-03, 3.59453639e-04,
       3.59453639e-04, 0., 1.43781456e-03, 1.43781456e-03,
       1.79726817e-03, 0., 3.59453639e-04, 1.43781456e-03,
       2.15672189e-03, 0., 2.15672189e-03, 0., 3.59453639e-04,
       2.15672189e-03, 7.18907278e-04, 3.59453639e-04, 4.31344379e-03,
       0., 1.43781456e-03, 3.95399006e-03, 0., 1.07836095e-03, 0.,
       7.18907278e-04, 3.59453639e-04, 3.59453639e-04, 1.43781456e-03,
       3.23508284e-03, 2.51617539e-03, 2.51617539e-03, 1.43781456e-03,
       2.15672189e-03, 7.18907278e-04, 0., 3.59453639e-04, 0.,
       3.59453639e-04, 4.67289751e-03, 3.59453639e-04, 0.,
       1.07836095e-03, 1.07836095e-03, 1.07836095e-03, 1.43781456e-03,
       3.59453639e-04, 3.59453633e-03, 2.15672189e-03, 3.59453639e-04,
       5.39180450e-03, 3.95399006e-03, 7.18907278e-04, 1.07836095e-03,
       1.79726817e-03, 3.59453639e-04, 7.18907278e-04, 0.,
       1.07836095e-03, 1.07836095e-03, 7.18907278e-04, 0.,
       3.59453639e-04, 7.18907278e-04, 3.59453639e-04, 1.43781456e-03,
       1.43781456e-03, 2.15672189e-03, 2.51617539e-03, 1.07836095e-03,
       1.43781456e-03, 0., 3.59453639e-04, 3.59453639e-04,
       2.87562911e-03, 0., 7.18907278e-04, 0., 3.59453639e-04,
       7.18907278e-04, 1.43781456e-03, 2.15672189e-03, 1.07836095e-03,
       7.18907278e-04, 3.59453639e-04, 3.59453639e-04, 3.59453639e-04,
       7.18907278e-04, 1.79726817e-03, 7.18907278e-04, 7.18907278e-04,
       7.18907278e-04, 1.07836095e-03, 7.18907278e-04, 1.07836095e-03,
       3.59453639e-04, 2.51617539e-03, 0., 2.51617539e-03,
       3.59453639e-04, 3.59453639e-04, 0., 3.59453639e-04,
       2.87562911e-03, 3.23508284e-03, 7.18907278e-04, 0.,
       3.59453639e-04, 3.59453639e-04, 1.43781456e-03, 0., 0.,
       1.07836095e-03, 3.95399006e-03, 7.18907278e-04, 0.,
       7.18907278e-04, 7.18907278e-04, 1.43781456e-03, 2.87562911e-03,
       2.51617539e-03, 7.18907278e-04, 5.39180450e-03, 1.43781456e-03,
       7.18907278e-04, 1.43781456e-03, 0., 7.18907278e-04, 0.,
       3.59453639e-04, 0., 3.59453639e-04, 3.23508284e-03,
       7.18907278e-04, 1.07836095e-03, 0., 1.79726817e-03, 0.,
       1.07836095e-03, 7.18907278e-04, 7.18907278e-04, 2.51617539e-03,
       3.95399006e-03, 1.43781456e-03, 7.18907278e-04, 3.59453639e-04,
       0., 7.18907278e-04, 3.59453633e-03, 4.31344379e-03, 0.,
       3.59453639e-04, 7.18907278e-04, 3.23508284e-03, 3.59453639e-04,
       3.59453639e-04, 3.59453639e-04, 0., 7.18907278e-04,
       2.51617539e-03, 1.79726817e-03, 2.51617539e-03, 7.18907278e-04,
       2.51617539e-03, 1.43781456e-03, 7.18907278e-04, 3.59453639e-04,
       3.59453639e-04, 1.07836095e-03, 1.07836095e-03, 0.,
       2.51617539e-03, 3.59453639e-04, 1.43781456e-03, 0.,
       1.79726817e-03, 7.18907278e-04, 1.07836095e-03, 3.59453639e-04,
       2.15672189e-03, 7.18907278e-04, 1.07836095e-03, 7.18907278e-04,
       2.15672189e-03, 7.18907278e-04, 2.15672189e-03, 0.,
       3.23508284e-03, 3.95399006e-03, 1.79726817e-03, 3.59453639e-04,
       2.51617539e-03, 3.59453639e-04, 3.59453639e-04, 1.07836095e-03,
       7.18907278e-04, 7.18907278e-04, 0., 1.79726817e-03,
       1.79726817e-03, 1.43781456e-03, 2.51617539e-03, 1.07836095e-03,
       0., 3.59453639e-04, 2.51617539e-03, 3.59453639e-04,
       1.43781456e-03, 0., 0., 0., 1.79726817e-03, 7.18907278e-04,
       3.59453639e-04, 7.18907278e-04, 1.07836095e-03, 0.,
       1.43781456e-03, 0., 0., 7.18907278e-04, 7.18907278e-04, 0.,
       3.59453639e-04, 1.07836095e-03, 1.07836095e-03, 7.18907278e-04,
       0., 2.15672189e-03, 0., 0., 7.18907278e-04, 2.15672189e-03,
       1.07836095e-03, 1.07836095e-03, 1.07836095e-03, 1.43781456e-03,
       1.43781456e-03, 0., 1.07836095e-03, 1.43781456e-03, 0.,
       7.18907278e-04, 7.18907278e-04, 1.79726817e-03, 2.51617539e-03,
       7.18907278e-04, 7.18907278e-04, 1.07836095e-03, 1.43781456e-03,
       1.43781456e-03, 2.15672189e-03, 1.43781456e-03, 1.40186921e-02,
       6.47016568e-03, 7.18907278e-04, 3.59453639e-04, 1.18619697e-02,
       1.07836095e-03, 1.07836095e-03, 0., 0., 1.43781456e-03,
       2.87562911e-03, 0., 7.18907278e-04, 7.18907278e-04,
       2.15672189e-03, 3.59453639e-04, 3.59453639e-04, 0.,
       1.79726817e-03, 1.07836095e-03, 0., 3.23508284e-03,
       1.43781456e-03, 1.07836095e-03, 1.79726817e-03, 0.,
       2.51617539e-03, 0., 3.59453639e-04, 7.18907278e-04,
       7.54852640e-03, 3.59453639e-04, 7.18907278e-04, 0.,
       3.59453639e-04, 0., 0., 0., 2.15672189e-03, 1.43781456e-03,
       3.59453639e-04, 0., 3.23508284e-03, 3.59453639e-04, 0.,
       4.31344379e-03, 7.18907278e-04, 1.07836095e-03, 1.07836095e-03,
       7.18907278e-04, 1.43781456e-03, 3.59453639e-04, 0.,
       7.18907278e-04, 2.15672189e-03, 1.43781456e-03, 3.59453639e-04,
       7.18907278e-04, 7.18907278e-04, 3.23508284e-03, 4.31344379e-03,
       0., 3.59453639e-04, 2.15672189e-03, 7.18907278e-04,
       3.59453639e-04, 7.18907278e-04, 3.59453639e-04, 2.87562911e-03,
       0., 7.18907278e-04, 1.07836095e-03, 3.59453639e-04,
       7.18907278e-04, 0., 1.43781456e-03, 3.59453639e-04,
       2.87562911e-03, 7.18907278e-04, 0., 1.43781456e-03, 0.,
       1.07836095e-03, 1.79726817e-03, 3.59453639e-04, 7.18907278e-04,
       1.43781456e-03, 4.67289751e-03, 1.79726817e-03, 3.59453639e-04,
       3.59453639e-04, 1.79726817e-03, 2.51617539e-03, 0.,
       1.07836095e-03, 0., 3.59453639e-04, 2.15672189e-03, 0., 0.,
       3.59453639e-04, 3.59453639e-04, 1.43781456e-03, 0.,
       1.07836095e-03, 3.59453639e-04, 3.59453639e-04, 0.,
       1.07836095e-03, 3.59453639e-04, 1.43781456e-03, 1.79726817e-03,
       0., 0., 3.59453639e-04, 2.51617539e-03, 7.18907267e-03,
       3.59453639e-04, 1.07836095e-03, 2.87562911e-03, 3.59453639e-04,
       3.59453639e-04, 1.07836095e-03, 7.18907278e-04, 3.59453633e-03,
       7.18907278e-04, 3.59453639e-04, 7.18907278e-04, 0., 0.,
       7.18907278e-04, 3.59453639e-04, 1.79726817e-03, 3.59453639e-04,
       0., 0., 1.43781456e-03, 3.59453639e-04, 7.18907278e-04,
       3.23508284e-03, 0., 7.18907278e-04, 3.95399006e-03,
       1.07836095e-03, 7.18907278e-04, 0., 1.07836095e-03,
       1.43781456e-03, 0., 0., 3.59453639e-04, 2.15672189e-03,
       7.18907278e-04, 7.18907278e-04, 1.79726817e-03, 1.79726817e-03,
       3.59453639e-04, 3.59453639e-04, 0., 0., 7.18907278e-04,
       3.95399006e-03, 7.18907278e-04, 0., 3.59453639e-04,
       3.59453639e-04, 3.59453639e-04, 7.18907278e-04, 7.18907278e-04,
       3.59453639e-04, 0., 2.51617539e-03, 3.59453639e-04, 0., 0.,
       1.79726817e-03, 1.07836095e-03, 0., 1.07836095e-03,
       3.59453639e-04, 3.59453639e-04, 3.59453639e-04, 3.59453639e-04,
       3.59453639e-04, 7.18907278e-04, 7.18907278e-04, 7.18907278e-04,
       0., 7.18907278e-04, 0., 0., 1.79726817e-03, 1.79726817e-03, 0.,
       2.15672189e-03, 0., 1.43781456e-03, 7.18907278e-04,
       3.59453639e-04, 3.59453639e-04, 1.07836095e-03, 7.18907278e-04,
       0., 1.07836095e-03, 7.18907278e-04, 3.59453639e-04,
       7.18907278e-04, 3.59453639e-04, 1.07836095e-03, 3.59453639e-04,
