%YAML:1.0
m25n: !!opencv-matrix
   rows: 1
   cols: 800
   dt: f
   data: [ 0., 5.88928175e-04, 1.17785635e-03, 0., 5.88928175e-04,
       1.17785635e-03, 2.94464082e-03, 6.47820998e-03, 1.17785635e-03,
       0., 5.88928175e-04, 1.17785635e-03, 1.76678458e-03,
       5.88928175e-04, 1.17785635e-03, 4.12249705e-03, 5.88928175e-04,
       0., 2.35571270e-03, 5.88928175e-04, 1.17785635e-03,
       1.17785635e-03, 0., 6.47820998e-03, 1.76678458e-03,
       1.76678458e-03, 1.17785635e-03, 2.35571270e-03, 0.,
       1.76678458e-03, 1.00117791e-02, 1.76678458e-03, 1.17785633e-02,
       5.88928175e-04, 0., 0., 1.76678458e-03, 5.88928175e-04,
       1.17785635e-03, 5.88928175e-04, 1.17785635e-03, 2.35571270e-03,
       0., 3.53356916e-03, 5.88928175e-04, 0., 0., 5.88928175e-04, 0.,
       1.17785635e-03, 0., 2.35571270e-03, 2.94464082e-03,
       1.17785635e-03, 1.17785635e-03, 9.42285080e-03, 1.76678458e-03,
       5.88928175e-04, 0., 0., 0., 1.17785635e-03, 3.53356916e-03, 0.,
       0., 1.76678458e-03, 2.94464082e-03, 2.35571270e-03,
       5.88928175e-04, 1.76678458e-03, 1.76678458e-03, 1.17785635e-03,
       0., 1.17785635e-03, 0., 5.30035375e-03, 2.94464082e-03,
       1.76678458e-03, 5.88928175e-04, 2.12014150e-02, 0.,
       3.53356916e-03, 0., 0., 3.53356916e-03, 0., 5.88928175e-04,
       5.88928175e-04, 0., 2.17903424e-02, 1.17785635e-03, 0., 0.,
       1.17785635e-03, 0., 0., 1.17785635e-03, 1.17785635e-03,
       5.88928175e-04, 0., 0., 2.94464082e-03, 0., 0., 5.88928175e-04,
       5.88928175e-04, 0., 0., 0., 0., 0., 5.88928175e-04,
       5.88928175e-04, 5.88928175e-04, 5.88928175e-04, 7.65606621e-03,
       0., 2.94464082e-03, 5.88928175e-04, 8.24499410e-03, 0., 0., 0.,
       1.17785635e-03, 5.88928175e-04, 5.88928175e-04, 0.,
       2.35571270e-03, 1.17785635e-03, 2.35571270e-03, 1.76678458e-03,
       5.88928175e-04, 5.88928175e-04, 0., 5.88928175e-04, 0., 0., 0.,
       1.17785635e-03, 0., 1.17785635e-03, 2.35571270e-03,
       2.94464082e-03, 1.76678458e-03, 5.88928175e-04, 0., 0.,
       3.53356916e-03, 1.17785635e-03, 2.35571270e-03, 5.88928175e-04,
       1.76678458e-03, 2.35571270e-03, 3.53356916e-03, 0., 0.,
       1.17785635e-03, 1.17785635e-03, 0., 2.35571270e-03,
       1.23674916e-02, 0., 2.35571270e-03, 0., 0., 0., 0., 0.,
       2.94464082e-03, 5.88928175e-04, 1.17785635e-03, 5.88928175e-04,
       0., 1.17785635e-03, 0., 5.88928175e-04, 5.88928175e-04,
       4.12249705e-03, 2.94464082e-03, 1.76678458e-03, 5.88928175e-04,
       0., 1.17785635e-03, 2.35571270e-03, 5.88928175e-04,
       3.53356916e-03, 0., 0., 0., 0., 0., 0., 2.35571270e-03, 0.,
       5.88928175e-04, 0., 0., 5.88928175e-04, 1.17785635e-03,
       5.88928175e-04, 0., 2.35571270e-03, 1.17785635e-03, 0.,
       1.17785635e-03, 1.76678458e-03, 5.88928175e-04, 1.17785635e-03,
       5.88928175e-04, 5.88928175e-04, 0., 4.12249705e-03,
       2.35571270e-03, 2.35571270e-03, 0., 0., 1.17785635e-03, 0.,
       2.94464082e-03, 0., 5.88928175e-04, 1.17785635e-03,
       1.17785635e-03, 5.88928175e-04, 5.88928175e-04, 1.17785635e-03,
       1.17785635e-03, 0., 5.88928175e-04, 0., 5.88928175e-04, 0.,
       1.17785635e-03, 5.88928175e-04, 5.88928175e-04, 0., 0., 0.,
       1.17785635e-03, 1.17785635e-03, 0., 0., 0., 0., 5.88928175e-04,
       5.30035375e-03, 4.12249705e-03, 5.88928175e-04, 1.76678458e-03,
       0., 0., 0., 0., 1.17785635e-03, 0., 0., 1.17785635e-03,
       5.88928175e-04, 5.88928175e-04, 0., 0., 2.94464082e-03, 0.,
       2.94464082e-03, 5.88928175e-04, 0., 5.30035375e-03, 0.,
       1.76678458e-03, 5.88928175e-04, 1.76678458e-03, 5.88928175e-04,
       5.88928175e-04, 0., 0., 0., 0., 5.88928175e-04, 1.17785635e-03,
       5.88928175e-04, 5.88928175e-04, 0., 0., 7.06713833e-03,
       1.17785635e-03, 3.53356916e-03, 3.53356916e-03, 5.88928175e-04,
       1.17785635e-03, 0., 1.17785635e-03, 5.88928175e-04,
       1.17785635e-03, 0., 3.53356916e-03, 1.17785635e-03,
       1.17785635e-03, 0., 5.88928175e-04, 3.53356916e-03,
       2.35571270e-03, 5.88928175e-04, 0., 1.76678458e-03,
       1.17785635e-03, 5.88928175e-04, 1.64899882e-02, 2.35571270e-03,
       1.06007075e-02, 5.88928175e-04, 0., 0., 0., 5.88928175e-04,
       5.88928175e-04, 5.88928175e-04, 5.88928175e-04, 4.12249705e-03,
       1.17785635e-03, 0., 0., 0., 1.17785635e-03, 0., 0.,
       2.94464082e-03, 0., 5.88928175e-04, 0., 5.88928175e-04,
       5.88928175e-04, 5.88928175e-04, 0., 1.17785635e-03,
       1.17785635e-03, 1.17785635e-03, 8.83392245e-03, 1.17785635e-03,
       0., 5.88928175e-04, 0., 0., 0., 5.88928175e-04, 1.17785635e-03,
       5.88928175e-04, 0., 2.35571270e-03, 1.17785635e-03,
       1.17785635e-03, 1.17785635e-03, 5.88928175e-04, 0., 0.,
       2.94464082e-03, 3.53356916e-03, 1.76678458e-03, 0.,
       2.35571270e-03, 1.76678458e-03, 1.17785635e-03, 0.,
       1.76678458e-03, 2.94464082e-03, 1.17785635e-03, 2.35571270e-03,
       1.17785635e-03, 0., 0., 0., 2.35571270e-03, 0., 1.76678458e-03,
       1.17785635e-03, 0., 1.17785635e-03, 1.17785635e-03, 0.,
       5.88928175e-04, 0., 5.88928175e-04, 2.94464082e-03,
       2.35571270e-03, 5.88928175e-04, 0., 0., 0., 1.17785635e-03, 0.,
       0., 5.88928175e-04, 0., 4.71142540e-03, 2.35571270e-03,
       1.17785635e-03, 1.17785635e-03, 2.35571270e-03, 1.17785635e-03,
       5.88928175e-04, 0., 0., 0., 0., 5.88928175e-04, 5.88928175e-04,
       0., 0., 1.17785635e-03, 0., 1.76678458e-03, 1.35453483e-02,
       1.17785635e-03, 5.88928175e-04, 5.88928175e-04, 5.88928175e-04,
       5.88928175e-04, 0., 5.88928175e-04, 0., 3.53356916e-03, 0.,
       5.88928175e-04, 5.88928175e-04, 0., 3.53356916e-03, 0.,
       1.76678458e-03, 0., 0., 1.17785635e-03, 2.94464082e-03,
       1.17785635e-03, 5.88928175e-04, 2.94464082e-03, 1.17785635e-03,
       5.30035375e-03, 5.88928175e-04, 1.17785635e-03, 0., 0.,
       1.17785635e-03, 0., 0., 5.88928175e-04, 1.17785635e-03,
       1.76678458e-03, 2.35571270e-03, 0., 0., 5.88928175e-04,
       3.53356916e-03, 1.17785635e-03, 6.47820998e-03, 4.71142540e-03,
       5.88928175e-04, 0., 5.88928175e-04, 1.17785635e-03, 0.,
       5.88928175e-04, 5.88928175e-04, 1.17785635e-03, 5.88928175e-04,
       0., 0., 1.17785635e-03, 4.12249705e-03, 5.88928175e-04, 0., 0.,
       2.35571270e-03, 0., 5.88928175e-04, 2.35571270e-03,
       2.35571270e-03, 0., 5.88928175e-04, 1.17785635e-03, 0., 0.,
       4.71142540e-03, 0., 0., 5.88928175e-04, 0., 0., 1.17785635e-03,
       5.88928175e-04, 5.88928175e-04, 1.17785635e-03, 1.17785635e-03,
       0., 0., 1.17785635e-03, 1.17785635e-03, 1.76678458e-03, 0.,
       1.17785635e-03, 1.76678458e-03, 0., 2.94464082e-03, 0.,
       5.88928175e-04, 1.76678458e-03, 1.76678458e-03, 1.06007075e-02,
       1.17785635e-03, 5.88928175e-04, 3.53356916e-03, 1.17785635e-03,
       0., 1.06007075e-02, 5.88928175e-04, 0., 0., 0., 0.,
       5.88928163e-03, 2.35571270e-03, 7.65606621e-03, 0.,
       2.94464082e-03, 5.88928175e-04, 9.42285080e-03, 5.88928175e-04,
       5.88928175e-04, 5.88928175e-04, 0., 0., 1.17785635e-03, 0.,
       1.17785635e-03, 0., 4.71142540e-03, 1.17785635e-03,
       2.35571270e-03, 0., 1.17785635e-03, 0., 0., 1.76678458e-03, 0.,
       5.88928175e-04, 1.17785635e-03, 1.17785635e-03, 1.76678458e-03,
       5.88928175e-04, 5.88928175e-04, 5.88928175e-04, 0., 0.,
       1.76678458e-03, 5.88928175e-04, 0., 2.94464082e-03,
       1.76678458e-03, 0., 5.88928175e-04, 2.35571270e-03, 0., 0.,
       1.17785635e-03, 1.17785635e-03, 0., 0., 2.35571270e-03,
       1.17785635e-03, 4.71142540e-03, 1.17785635e-03, 5.88928175e-04,
       0., 5.88928175e-04, 0., 0., 5.88928175e-04, 4.71142540e-03,
       5.88928175e-04, 2.35571270e-03, 0., 0., 5.88928175e-04, 0.,
       1.17785635e-03, 0., 1.76678458e-03, 5.88928175e-04, 0.,
       5.88928175e-04, 3.53356916e-03, 0., 5.88928175e-04,
       7.65606621e-03, 2.70906966e-02, 5.88928175e-04, 5.88928175e-04,
       0., 0., 1.17785635e-03, 0., 1.17785635e-03, 0., 1.17785635e-03,
