%YAML:1.0
m25n: !!opencv-matrix
   rows: 1
   cols: 800
   dt: f
   data: [ 1.28700130e-03, 2.89575290e-03, 2.89575290e-03,
       3.21750325e-04, 9.65251005e-04, 0., 4.18275408e-03, 0.,
       3.21750325e-04, 6.43500651e-04, 0., 1.28700130e-03,
       1.60875160e-03, 1.60875160e-03, 1.28700130e-03, 1.93050201e-03,
       9.65251005e-04, 1.93050201e-03, 6.43500651e-04, 1.60875160e-03,
       3.21750325e-04, 3.21750325e-04, 9.65251005e-04, 6.43500651e-04,
       9.65251005e-04, 3.21750325e-04, 1.60875160e-03, 6.43500651e-04,
       2.25225231e-03, 9.65251005e-04, 1.28700130e-03, 1.28700130e-03,
       1.60875160e-03, 0., 0., 1.93050201e-03, 1.60875160e-03,
       1.28700130e-03, 0., 0., 9.65251005e-04, 2.89575290e-03,
       1.28700130e-03, 1.60875160e-03, 1.93050201e-03, 9.65251005e-04,
       9.65251005e-04, 1.93050201e-03, 3.21750325e-04, 1.60875160e-03,
       2.25225231e-03, 6.43500651e-04, 3.21750325e-04, 6.43500651e-04,
       6.43500651e-04, 2.25225231e-03, 7.40025751e-03, 1.28700130e-03,
       1.93050201e-03, 0., 2.25225231e-03, 6.43500651e-04,
       2.89575290e-03, 9.65251005e-04, 0., 9.65251005e-04,
       9.65251005e-04, 6.43500651e-04, 3.21750325e-04, 9.65251005e-04,
       9.65251005e-04, 1.60875160e-03, 2.57400260e-03, 3.21750325e-04,
       2.25225231e-03, 0., 1.60875160e-03, 9.65251005e-04,
       9.65251005e-04, 9.65251005e-04, 2.25225231e-03, 6.43500651e-04,
       6.43500651e-04, 9.65251005e-04, 1.28700130e-03, 6.43500651e-04,
       3.21750325e-04, 2.57400260e-03, 9.65251005e-04, 4.82625468e-03,
       9.65251005e-04, 3.21750325e-04, 0., 0., 6.43500651e-04,
       1.28700130e-03, 9.65251005e-04, 1.60875160e-03, 0.,
       2.57400260e-03, 1.93050201e-03, 6.43500651e-04, 2.89575290e-03,
       1.60875160e-03, 3.21750325e-04, 1.93050201e-03, 9.65251005e-04,
       1.28700130e-03, 1.93050201e-03, 6.43500651e-04, 9.65251005e-04,
       3.21750325e-04, 9.65251005e-04, 3.53925349e-03, 3.21750325e-04,
       9.65251005e-04, 1.93050201e-03, 3.21750325e-04, 3.21750320e-03,
       3.86100402e-03, 1.93050201e-03, 1.28700130e-03, 9.65251005e-04,
       1.28700130e-03, 3.86100402e-03, 9.65251005e-04, 1.28700130e-03,
       9.65251005e-04, 3.21750325e-04, 1.28700130e-03, 9.65251005e-04,
       1.28700130e-03, 1.93050201e-03, 1.93050201e-03, 1.28700130e-03,
       8.36550817e-03, 9.65251005e-04, 3.21750325e-04, 0.,
       6.43500651e-04, 9.65251005e-04, 3.86100402e-03, 9.65251005e-04,
       9.65251005e-04, 6.43500651e-04, 9.65251005e-04, 9.65251005e-04,
       6.43500651e-04, 1.28700130e-03, 3.21750325e-04, 9.65251005e-04,
       2.25225231e-03, 2.57400260e-03, 6.43500651e-04, 9.65251005e-04,
       9.65251005e-04, 0., 9.65251005e-04, 6.43500651e-04,
       1.60875160e-03, 3.21750325e-04, 3.21750325e-04, 3.21750325e-04,
       3.21750325e-04, 0., 9.65251005e-04, 6.43500651e-04,
       9.65251005e-04, 6.43500651e-04, 1.28700130e-03, 6.43500651e-04,
       3.21750325e-04, 1.60875160e-03, 2.25225231e-03, 3.21750325e-04,
       1.28700130e-03, 9.65251005e-04, 1.60875160e-03, 1.28700130e-03,
       2.57400260e-03, 4.82625468e-03, 6.43500651e-04, 1.60875160e-03,
       0., 2.25225231e-03, 3.21750325e-04, 3.21750325e-04,
       3.21750325e-04, 1.93050201e-03, 1.93050201e-03, 1.93050201e-03,
       1.28700130e-03, 9.65251005e-04, 1.28700130e-03, 1.60875160e-03,
       9.65251005e-04, 6.43500651e-04, 9.65251005e-04, 3.21750325e-04,
       6.43500651e-04, 6.43500651e-04, 1.60875160e-03, 6.43500639e-03,
       3.53925349e-03, 1.28700130e-03, 6.43500651e-04, 1.93050201e-03,
       9.65251005e-04, 9.65251005e-04, 2.25225231e-03, 2.57400260e-03,
       1.60875160e-03, 2.57400260e-03, 1.60875160e-03, 1.28700130e-03,
       1.60875160e-03, 0., 2.57400260e-03, 0., 1.60875160e-03,
       3.21750325e-04, 1.60875160e-03, 9.65251005e-04, 1.28700130e-03,
       1.93050201e-03, 1.60875160e-03, 1.28700130e-03, 2.89575290e-03,
       2.57400260e-03, 7.72200804e-03, 1.28700130e-03, 6.43500651e-04,
       1.93050201e-03, 9.65251005e-04, 1.93050201e-03, 6.43500651e-04,
       3.86100402e-03, 9.65251005e-04, 1.60875160e-03, 0.,
       3.53925349e-03, 0., 2.25225231e-03, 2.57400260e-03,
       1.93050201e-03, 6.43500651e-04, 2.25225231e-03, 9.65251005e-04,
       6.43500651e-04, 6.43500651e-04, 9.65251005e-04, 0.,
       6.43500651e-04, 2.25225231e-03, 3.21750325e-04, 0.,
       9.65251005e-04, 6.43500651e-04, 6.43500651e-04, 1.28700130e-03,
       1.93050201e-03, 6.43500651e-04, 1.28700130e-03, 6.43500651e-04,
       1.60875160e-03, 3.21750325e-04, 0., 9.65251005e-04,
       9.65251005e-04, 9.65251005e-04, 1.28700130e-03, 3.21750325e-04,
       0., 0., 9.65251005e-04, 3.21750325e-04, 1.28700130e-03,
       2.57400260e-03, 2.25225231e-03, 3.21750325e-04, 4.82625468e-03,
       1.93050201e-03, 1.60875160e-03, 2.25225231e-03, 1.60875160e-03,
       1.93050201e-03, 9.65251005e-04, 1.28700130e-03, 3.21750325e-04,
       6.43500651e-04, 0., 9.65251005e-04, 0., 2.89575290e-03, 0.,
       9.65251005e-04, 3.21750325e-04, 3.21750325e-04, 0.,
       9.65251005e-04, 1.93050201e-03, 1.28700130e-03, 1.60875160e-03,
       3.21750325e-04, 0., 3.21750325e-04, 3.21750325e-04,
       3.21750325e-04, 3.21750325e-04, 2.89575290e-03, 2.25225231e-03,
       1.28700130e-03, 3.21750325e-04, 3.53925349e-03, 9.65251005e-04,
       2.25225231e-03, 2.25225231e-03, 6.43500651e-04, 6.43500651e-04,
       6.43500651e-04, 6.43500651e-04, 1.28700130e-03, 6.43500651e-04,
       6.43500651e-04, 3.21750325e-04, 1.60875160e-03, 0.,
       2.57400260e-03, 3.21750320e-03, 9.65251005e-04, 2.89575290e-03,
       1.28700130e-03, 9.65251005e-04, 1.28700130e-03, 6.43500651e-04,
       4.82625468e-03, 1.28700130e-03, 0., 2.25225231e-03,
       1.28700130e-03, 0., 1.93050201e-03, 1.60875160e-03,
       6.43500651e-04, 1.60875160e-03, 1.28700130e-03, 3.21750325e-04,
       6.43500651e-04, 6.43500651e-04, 2.89575290e-03, 9.65251005e-04,
       1.60875160e-03, 9.65251005e-04, 6.43500651e-04, 3.53925349e-03,
       6.43500651e-04, 0., 3.21750325e-04, 9.65251005e-04,
       6.43500651e-04, 6.43500651e-04, 3.21750325e-04, 1.93050201e-03,
       3.21750325e-04, 6.43500651e-04, 1.28700130e-03, 3.21750325e-04,
       1.60875160e-03, 2.25225231e-03, 3.21750320e-03, 9.65251005e-04,
       9.65251005e-04, 1.60875160e-03, 3.21750325e-04, 9.65251005e-04,
       0., 1.60875160e-03, 0., 1.60875160e-03, 6.43500651e-04,
       2.25225231e-03, 3.21750325e-04, 0., 9.65251005e-04,
       1.93050201e-03, 9.65251005e-04, 1.28700130e-03, 1.28700130e-03,
       2.89575290e-03, 1.60875160e-03, 1.93050201e-03, 2.57400260e-03,
       6.43500651e-04, 1.60875160e-03, 1.60875160e-03, 6.43500651e-04,
       1.60875160e-03, 6.43500651e-04, 6.43500651e-04, 9.65251005e-04,
       0., 1.60875160e-03, 1.60875160e-03, 1.28700130e-03,
       6.43500651e-04, 9.65251005e-04, 9.65251005e-04, 6.43500651e-04,
       1.93050201e-03, 3.21750325e-04, 3.21750325e-04, 2.57400260e-03,
       9.65251005e-04, 9.65251005e-04, 2.89575290e-03, 6.11325633e-03,
       3.21750325e-04, 6.43500651e-04, 2.89575290e-03, 9.65251005e-04,
       6.43500651e-04, 9.65251005e-04, 9.65251005e-04, 9.65251005e-04,
       6.43500651e-04, 9.65251005e-04, 9.65251005e-04, 3.21750325e-04,
       9.65251005e-04, 9.65251005e-04, 1.28700130e-03, 6.43500651e-04,
       6.43500651e-04, 3.21750325e-04, 2.25225231e-03, 9.65251005e-04,
       3.21750325e-04, 0., 1.28700130e-03, 3.53925349e-03,
       2.25225231e-03, 0., 1.28700130e-03, 1.60875160e-03,
       1.28700130e-03, 6.43500651e-04, 1.22265127e-02, 1.28700130e-03,
       1.28700130e-03, 6.43500651e-04, 0., 1.60875160e-03,
       1.60875160e-03, 1.93050201e-03, 3.21750320e-03, 2.57400260e-03,
       3.21750325e-04, 9.65251005e-04, 3.21750325e-04, 1.93050201e-03,
       6.43500651e-04, 9.65251005e-04, 1.60875160e-03, 0., 0., 0.,
       3.21750325e-04, 2.25225231e-03, 0., 2.25225231e-03,
       2.25225231e-03, 9.65251005e-04, 3.21750325e-04, 1.28700130e-03,
       2.25225231e-03, 6.43500651e-04, 3.21750325e-04, 6.43500651e-04,
