%YAML:1.0
m25n: !!opencv-matrix
   rows: 1
   cols: 800
   dt: f
   data: [ 4.11805091e-03, 3.20292846e-03, 3.66048957e-03,
       6.86341780e-04, 1.14390301e-03, 2.28780601e-03, 3.88927013e-03,
       9.15122393e-04, 9.15122393e-04, 9.15122393e-04, 2.28780598e-04,
       1.37268356e-03, 6.86341780e-04, 1.14390301e-03, 3.43170902e-03,
       2.51658657e-03, 1.14390301e-03, 2.28780598e-04, 9.15122393e-04,
       9.15122393e-04, 2.28780598e-04, 9.15122393e-04, 2.51658657e-03,
       1.14390301e-03, 6.86341780e-04, 6.86341780e-04, 6.86341780e-04,
       2.28780598e-04, 2.51658657e-03, 6.86341780e-04, 2.28780601e-03,
       3.43170902e-03, 1.37268356e-03, 1.60146423e-03, 6.86341780e-04,
       5.71951503e-03, 6.86341780e-04, 1.37268356e-03, 1.83024479e-03,
       6.86341780e-04, 4.11805091e-03, 6.86341804e-03, 4.57561197e-04,
       6.86341780e-04, 2.05902546e-03, 1.14390301e-03, 2.05902546e-03,
       4.34683124e-03, 1.37268356e-03, 4.34683124e-03, 1.14390301e-03,
       2.51658657e-03, 2.28780598e-04, 1.14390301e-03, 2.28780598e-04,
       4.57561197e-04, 2.74536712e-03, 2.74536712e-03, 1.14390301e-03,
       4.57561197e-04, 1.60146423e-03, 1.83024479e-03, 6.86341780e-04,
       1.37268356e-03, 6.86341780e-04, 6.86341780e-04, 4.57561197e-04,
       9.15122393e-04, 1.37268356e-03, 1.60146423e-03, 9.15122393e-04,
       6.86341780e-04, 2.28780601e-03, 1.60146423e-03, 2.51658657e-03,
       1.14390301e-03, 1.60146423e-03, 1.14390301e-03, 2.05902546e-03,
       1.60146423e-03, 9.15122393e-04, 0., 1.14390301e-03,
       2.28780601e-03, 2.28780601e-03, 1.37268356e-03, 1.14390301e-03,
       4.11805091e-03, 4.57561197e-04, 2.28780598e-04, 4.57561197e-04,
       2.28780598e-04, 0., 9.15122393e-04, 9.15122393e-04,
       1.60146423e-03, 2.51658657e-03, 1.14390301e-03, 2.28780598e-04,
       1.14390301e-03, 0., 2.74536712e-03, 2.74536712e-03,
       4.57561202e-03, 1.37268356e-03, 1.60146423e-03, 1.14390301e-03,
       2.05902546e-03, 1.37268356e-03, 2.28780598e-04, 1.60146423e-03,
       9.15122393e-04, 2.28780598e-04, 1.37268356e-03, 1.60146423e-03,
       6.86341780e-04, 9.15122393e-04, 1.14390301e-03, 1.60146423e-03,
       6.86341780e-04, 2.28780598e-04, 9.15122393e-04, 4.57561197e-04,
       1.60146423e-03, 1.83024479e-03, 4.57561197e-04, 1.37268356e-03,
       1.83024479e-03, 2.28780598e-04, 2.28780601e-03, 1.60146423e-03,
       3.88927013e-03, 4.57561197e-04, 2.05902546e-03, 9.15122393e-04,
       4.80439235e-03, 4.57561197e-04, 4.57561197e-04, 1.83024479e-03,
       4.57561197e-04, 2.28780598e-04, 3.20292846e-03, 6.86341780e-04,
       1.14390301e-03, 6.86341780e-04, 0., 2.05902546e-03, 0.,
       3.43170902e-03, 1.60146423e-03, 2.28780598e-04, 4.57561197e-04,
       1.14390301e-03, 1.37268356e-03, 2.28780598e-04, 6.86341780e-04,
       0., 4.57561197e-04, 2.28780598e-04, 9.15122393e-04,
       1.14390301e-03, 1.14390301e-03, 4.57561197e-04, 1.14390301e-03,
       2.28780598e-04, 2.28780598e-04, 4.57561197e-04, 1.37268356e-03,
       2.28780598e-04, 4.57561197e-04, 2.05902546e-03, 1.60146423e-03,
       2.05902546e-03, 6.86341780e-04, 9.15122393e-04, 1.14390301e-03,
       4.57561197e-04, 4.57561197e-04, 4.57561197e-04, 1.83024479e-03,
       3.20292846e-03, 4.57561202e-03, 2.74536712e-03, 2.97414768e-03,
       2.28780598e-04, 1.37268356e-03, 1.37268356e-03, 1.37268356e-03,
       9.15122393e-04, 2.28780598e-04, 4.57561197e-04, 6.86341780e-04,
       1.37268356e-03, 2.28780598e-04, 4.57561197e-04, 1.14390301e-03,
       6.86341780e-04, 6.86341780e-04, 1.14390301e-03, 6.86341780e-04,
       6.86341780e-04, 6.86341780e-04, 1.32692745e-02, 9.15122393e-04,
       9.15122393e-04, 1.37268356e-03, 2.51658657e-03, 2.74536712e-03,
       2.28780598e-04, 2.28780601e-03, 2.28780598e-04, 9.15122393e-04,
       2.74536712e-03, 1.83024479e-03, 2.97414768e-03, 1.83024479e-03,
       9.15122393e-04, 6.86341780e-04, 6.86341780e-04, 1.83024479e-03,
       2.28780598e-04, 1.37268356e-03, 9.15122393e-04, 9.15122393e-04,
       6.86341780e-04, 4.57561197e-04, 9.15122393e-04, 6.86341780e-04,
       9.15122393e-04, 3.88927013e-03, 1.14390301e-03, 9.15122393e-04,
       4.57561197e-04, 6.86341780e-04, 6.86341780e-04, 1.14390301e-03,
       1.83024479e-03, 1.37268356e-03, 1.60146423e-03, 2.28780598e-04,
       1.14390301e-03, 1.37268356e-03, 6.86341780e-04, 1.14390301e-03,
       2.05902546e-03, 1.14390301e-03, 2.97414768e-03, 1.37268356e-03,
       6.86341780e-04, 9.15122393e-04, 1.14390301e-03, 6.86341780e-04,
       9.15122393e-04, 2.28780601e-03, 9.15122393e-04, 0.,
       2.51658657e-03, 2.05902546e-03, 4.57561197e-04, 1.83024479e-03,
       1.60146423e-03, 0., 2.28780598e-04, 1.37268356e-03,
       9.15122393e-04, 6.86341780e-04, 9.15122393e-04, 2.05902546e-03,
       9.15122393e-04, 4.57561197e-04, 1.37268356e-03, 9.15122393e-04,
       4.57561197e-04, 0., 4.57561197e-04, 9.15122393e-04, 0.,
       5.49073424e-03, 1.14390301e-03, 6.86341780e-04, 4.57561202e-03,
       2.28780601e-03, 9.15122393e-04, 1.60146423e-03, 2.28780598e-04,
       9.15122393e-04, 9.15122393e-04, 2.28780598e-04, 2.28780598e-04,
       1.83024479e-03, 2.28780598e-04, 2.28780598e-04, 4.57561197e-04,
       0., 4.57561197e-04, 6.86341780e-04, 9.15122393e-04,
       6.86341780e-04, 6.86341780e-04, 4.57561197e-04, 3.20292846e-03,
       2.28780598e-04, 4.57561197e-04, 1.37268356e-03, 4.57561197e-04,
       1.14390301e-03, 4.57561197e-04, 2.05902546e-03, 2.28780598e-04,
       3.43170902e-03, 1.83024479e-03, 9.15122393e-04, 1.37268356e-03,
       1.14390301e-03, 1.14390301e-03, 6.86341780e-04, 2.28780598e-04,
       9.15122393e-04, 1.14390301e-03, 1.60146423e-03, 0.,
       2.05902546e-03, 4.57561197e-04, 1.37268356e-03, 6.86341780e-04,
       3.20292846e-03, 4.57561197e-04, 1.14390301e-03, 6.86341780e-04,
       2.28780598e-04, 1.14390301e-03, 1.14390301e-03, 2.28780601e-03,
       1.37268356e-03, 1.37268356e-03, 2.28780598e-04, 6.86341780e-04,
       6.86341780e-04, 6.86341780e-04, 1.37268356e-03, 1.60146423e-03,
       4.57561197e-04, 1.37268356e-03, 2.28780601e-03, 4.57561197e-04,
       4.57561197e-04, 9.15122393e-04, 1.37268356e-03, 0.,
       1.14390301e-03, 9.15122393e-04, 6.86341780e-04, 1.60146423e-03,
       4.57561197e-04, 3.88927013e-03, 1.14390301e-03, 2.28780598e-04,
       9.15122393e-04, 4.57561197e-04, 1.14390301e-03, 6.86341780e-04,
       6.86341780e-04, 1.14390301e-03, 2.51658657e-03, 1.14390301e-03,
       1.83024479e-03, 4.57561197e-04, 6.86341780e-04, 4.57561197e-04,
       2.28780601e-03, 4.80439235e-03, 2.28780598e-04, 2.51658657e-03,
       9.15122393e-04, 6.86341780e-04, 4.57561197e-04, 4.11805091e-03,
       1.37268356e-03, 3.43170902e-03, 2.28780598e-04, 9.15122393e-04,
       1.83024479e-03, 9.15122393e-04, 6.86341780e-04, 6.86341780e-04,
       6.86341780e-04, 1.60146423e-03, 2.28780598e-04, 2.74536712e-03,
       9.15122393e-04, 6.86341780e-04, 1.60146423e-03, 1.37268356e-03,
       1.83024479e-03, 1.14390301e-03, 2.51658657e-03, 1.60146423e-03,
       1.14390301e-03, 2.28780601e-03, 2.97414768e-03, 1.14390301e-03,
       1.37268356e-03, 6.86341780e-04, 1.60146423e-03, 6.86341780e-04,
       4.57561197e-04, 2.74536712e-03, 1.14390301e-03, 1.83024479e-03,
       9.15122393e-04, 1.37268356e-03, 1.60146423e-03, 1.37268356e-03,
       2.74536712e-03, 6.86341780e-04, 6.86341804e-03, 2.28780598e-04,
       1.14390301e-03, 2.05902546e-03, 6.86341780e-04, 9.15122393e-04,
       1.14390301e-03, 4.57561197e-04, 2.51658657e-03, 9.15122393e-04,
       6.86341780e-04, 1.83024479e-03, 6.86341780e-04, 1.83024479e-03,
       0., 6.86341780e-04, 9.15122393e-04, 6.86341780e-04,
       9.15122393e-04, 9.15122393e-04, 6.86341780e-04, 9.15122393e-04,
       6.86341780e-04, 1.14390301e-03, 0., 0., 0., 6.86341780e-04,
       1.37268356e-03, 4.57561197e-04, 2.28780598e-04, 6.17707614e-03,
       1.60146423e-03, 1.14390301e-03, 1.37268356e-03, 0.,
       4.57561197e-04, 9.15122393e-04, 4.57561197e-04, 3.88927013e-03,
       1.60146423e-03, 6.86341780e-04, 4.57561197e-04, 1.60146423e-03,
