%YAML:1.0
m25n: !!opencv-matrix
   rows: 1
   cols: 800
   dt: f
   data: [ 3.85653693e-04, 2.31392216e-03, 4.24219063e-03,
       3.85653693e-04, 3.85653693e-04, 3.47088324e-03, 1.92826847e-03,
       4.62784432e-03, 1.15696108e-03, 7.71307386e-04, 7.71307386e-04,
       1.15696108e-03, 1.54261477e-03, 7.71307386e-03, 0.,
       1.15696108e-03, 7.71307386e-04, 0., 3.85653693e-04,
       1.92826847e-03, 7.71307386e-04, 7.71307386e-04, 7.71307386e-04,
       2.69957585e-03, 7.71307386e-04, 3.85653693e-04, 0.,
       3.85653693e-04, 1.54261477e-03, 0., 2.31392216e-03,
       2.31392216e-03, 2.69957585e-03, 1.15696108e-03, 1.54261477e-03,
       7.71307386e-04, 3.85653693e-04, 3.85653693e-04, 4.24219063e-03,
       4.24219063e-03, 0., 3.85653693e-04, 3.85653693e-04,
       5.39915171e-03, 3.85653693e-04, 1.15696108e-03, 0.,
       1.15696108e-03, 0., 1.15696108e-03, 0., 1.15696108e-03,
       3.85653693e-04, 1.54261477e-03, 0., 7.32742017e-03,
       1.15696108e-03, 1.15696108e-03, 7.71307386e-04, 7.71307386e-04,
       0., 4.24219063e-03, 3.08522955e-03, 1.15696108e-03, 0.,
       1.15696108e-03, 3.85653693e-04, 1.54261477e-03, 1.15696108e-03,
       1.92826847e-03, 2.31392216e-03, 3.85653693e-04, 3.85653693e-04,
       3.47088324e-03, 0., 0., 4.62784432e-03, 5.01349801e-03,
       3.85653693e-04, 3.85653693e-03, 3.85653693e-04, 7.71307386e-04,
       0., 2.31392216e-03, 7.71307386e-04, 1.15696108e-03,
       1.15696108e-03, 0., 1.92826847e-03, 3.85653693e-04,
       3.85653693e-04, 0., 3.85653693e-04, 1.54261477e-03, 0.,
       7.71307386e-04, 1.15696108e-03, 5.39915171e-03, 1.15696108e-03,
       1.54261477e-03, 1.54261477e-03, 1.58118010e-02, 7.71307386e-04,
       0., 0., 0., 2.69957585e-03, 1.54261477e-03, 1.15696108e-03,
       3.85653693e-04, 0., 0., 1.15696108e-03, 5.78480540e-03,
       3.85653693e-04, 6.17045909e-03, 2.69957585e-03, 3.85653693e-03,
       0., 8.48438125e-03, 2.31392216e-03, 0., 0., 7.71307386e-04,
       3.85653693e-04, 7.71307386e-04, 7.32742017e-03, 0.,
       3.85653693e-04, 2.31392216e-03, 3.85653693e-04, 3.85653693e-04,
       3.85653693e-04, 3.85653693e-03, 0., 0., 1.92826847e-03,
       1.92826847e-03, 6.94176648e-03, 0., 1.54261477e-03,
       1.54261477e-03, 1.54261477e-03, 1.54261477e-03, 1.15696108e-03,
       3.85653693e-04, 1.15696108e-03, 3.85653693e-04, 7.71307386e-04,
       1.54261477e-03, 3.85653693e-04, 1.92826847e-03, 1.15696108e-03,
       3.85653693e-04, 0., 1.54261477e-03, 3.47088324e-03,
       1.04126502e-02, 3.85653693e-04, 5.78480540e-03, 1.54261477e-03,
       0., 0., 3.85653693e-04, 1.92826847e-03, 3.85653693e-04,
       7.71307386e-04, 1.15696108e-03, 4.24219063e-03, 1.15696108e-03,
       2.31392216e-03, 1.92826847e-03, 3.85653693e-04, 2.69957585e-03,
       3.85653693e-04, 3.08522955e-03, 3.85653693e-04, 7.71307386e-04,
       3.85653693e-04, 1.15696108e-03, 7.71307386e-04, 0.,
       1.15696108e-03, 7.71307386e-04, 0., 1.54261477e-03,
       7.71307386e-04, 1.54261477e-03, 0., 0., 2.31392216e-03,
       3.85653693e-04, 0., 3.85653693e-04, 7.71307386e-04,
       2.69957585e-03, 3.85653693e-03, 0., 0., 7.71307386e-04, 0.,
       2.69957585e-03, 1.15696108e-03, 1.54261477e-03, 3.85653693e-04,
       3.85653693e-04, 1.54261477e-03, 3.85653693e-04, 1.92826847e-03,
       7.71307386e-04, 2.69957585e-03, 1.54261477e-03, 0.,
       2.31392216e-03, 7.71307386e-04, 3.85653693e-04, 3.85653693e-04,
       7.71307386e-04, 3.85653693e-04, 7.71307386e-04, 3.85653693e-04,
       3.85653693e-04, 4.24219063e-03, 0., 1.54261477e-03,
       3.85653693e-04, 0., 2.31392216e-03, 3.85653693e-04,
       1.15696108e-03, 2.31392216e-03, 1.15696108e-03, 3.85653693e-04,
       0., 1.92826847e-03, 1.54261477e-03, 2.31392216e-03,
       7.71307386e-04, 7.71307386e-04, 7.71307386e-04, 3.85653693e-04,
       7.71307386e-04, 0., 3.85653693e-04, 1.54261477e-03, 0.,
       8.87003541e-03, 1.15696108e-03, 0., 1.54261477e-03,
       3.85653693e-04, 0., 7.71307386e-04, 7.71307386e-04,
       3.85653693e-04, 1.15696108e-03, 1.54261477e-03, 1.54261477e-03,
       7.71307386e-04, 0., 1.54261477e-03, 3.85653693e-04,
       2.31392216e-03, 7.71307386e-04, 0., 0., 1.54261477e-03,
       5.39915171e-03, 1.92826847e-03, 1.15696108e-03, 0., 0., 0.,
       3.85653693e-04, 1.15696108e-03, 3.85653693e-04, 1.15696108e-03,
       0., 1.15696108e-03, 1.15696108e-03, 7.71307386e-04,
       3.85653693e-04, 1.15696108e-03, 3.85653693e-04, 3.85653693e-04,
       5.01349801e-03, 3.47088324e-03, 7.71307386e-04, 0., 0.,
       7.71307386e-04, 3.85653693e-04, 3.85653693e-04, 0.,
       7.71307386e-04, 1.07983034e-02, 1.15696108e-03, 1.15696108e-03,
       7.71307386e-04, 1.15696108e-03, 2.31392216e-03, 1.92826847e-03,
       2.31392216e-03, 0., 1.54261477e-03, 0., 1.92826847e-03,
       2.69957585e-03, 1.15696108e-03, 1.15696108e-03, 1.54261477e-03,
       0., 3.85653693e-04, 1.15696108e-03, 1.15696108e-03,
       7.71307386e-04, 3.85653693e-04, 0., 3.85653693e-04,
       3.85653693e-04, 1.15696108e-03, 1.54261477e-03, 1.15696108e-03,
       1.15696108e-03, 0., 7.71307386e-04, 4.24219063e-03,
       3.85653693e-04, 7.71307386e-04, 7.71307386e-04, 0.,
       1.15696108e-03, 3.85653693e-04, 3.85653693e-04, 1.15696108e-03,
       3.85653693e-04, 1.92826847e-03, 1.11839566e-02, 7.71307386e-04,
       1.15696108e-03, 7.71307386e-04, 0., 0., 2.31392216e-03,
       1.54261477e-03, 7.71307386e-04, 0., 7.71307386e-04,
       7.71307386e-04, 5.01349801e-03, 0., 3.08522955e-03,
       6.55611278e-03, 1.15696108e-03, 3.85653693e-04, 3.85653693e-04,
       0., 7.71307386e-04, 1.92826847e-03, 1.15696108e-03,
       1.54261477e-03, 1.92826847e-03, 3.85653693e-04, 1.54261477e-03,
       4.62784432e-03, 7.71307386e-04, 1.92826847e-03, 3.85653693e-04,
       3.85653693e-04, 0., 7.71307386e-04, 3.85653693e-04,
       3.85653693e-04, 1.15696108e-03, 3.85653693e-04, 1.15696108e-03,
       0., 0., 0., 1.54261477e-03, 0., 3.08522955e-03, 2.31392216e-03,
       3.85653693e-04, 3.85653693e-04, 1.15696108e-03, 1.15696108e-03,
       1.42691862e-02, 3.85653693e-04, 0., 3.85653693e-04,
       7.71307386e-04, 2.31392216e-03, 0., 1.15696108e-03,
       1.54261477e-03, 1.92826847e-03, 3.85653693e-04, 3.85653693e-04,
       3.08522955e-03, 7.71307386e-04, 3.85653693e-04, 7.71307386e-04,
       0., 7.71307386e-04, 0., 1.15696108e-03, 2.31392216e-03,
       7.71307386e-04, 7.71307386e-04, 7.71307386e-04, 3.85653693e-04,
       2.31392216e-03, 7.71307386e-04, 0., 1.54261477e-03, 0.,
       3.85653693e-04, 3.85653693e-04, 3.85653693e-03, 1.15696108e-03,
       7.71307386e-04, 3.85653693e-04, 3.85653693e-04, 2.31392216e-03,
       7.71307386e-04, 3.08522955e-03, 1.54261477e-03, 3.85653693e-04,
       7.71307386e-04, 3.85653693e-04, 0., 2.31392216e-03,
       1.54261477e-03, 0., 1.54261477e-03, 3.85653693e-04,
       1.92826847e-03, 3.85653693e-04, 3.85653693e-04, 7.71307386e-04,
       0., 0., 1.92826847e-03, 7.71307386e-04, 7.71307386e-04,
       1.15696108e-03, 0., 7.71307386e-04, 1.15696108e-03,
       3.85653693e-04, 3.08522955e-03, 7.71307386e-04, 7.71307386e-04,
       7.71307386e-04, 1.15696108e-03, 0., 7.71307386e-04,
       1.15696108e-03, 7.71307386e-04, 1.92826847e-03, 0.,
       7.71307386e-04, 0., 0., 0., 2.69957585e-03, 2.31392216e-03, 0.,
       7.71307386e-04, 2.31392216e-03, 3.85653693e-04, 1.54261477e-03,
       1.54261477e-03, 1.54261477e-03, 1.92826847e-03, 3.85653693e-04,
       3.85653693e-04, 3.85653693e-04, 1.15696108e-03, 6.17045909e-03,
       3.08522955e-03, 0., 3.85653693e-04, 1.15696108e-03,
       7.71307386e-04, 1.15696108e-03, 1.54261477e-03, 0.,
       1.15696108e-03, 2.69957585e-03, 0., 1.54261477e-03,
       1.92826847e-03, 1.15696108e-03, 0., 3.85653693e-04,
       5.78480540e-03, 2.31392216e-03, 1.92826847e-03, 1.15696108e-03,
       7.71307386e-04, 3.85653693e-04, 0., 0., 4.62784432e-03, 0.,
       7.71307386e-04, 2.69957585e-03, 7.71307386e-04, 0.,
       5.78480540e-03, 7.71307386e-04, 1.54261477e-03, 0.,
