%YAML:1.0
m25n: !!opencv-matrix
   rows: 1
   cols: 800
   dt: f
   data: [ 0., 3.92773002e-03, 0., 7.85545970e-04, 7.85545970e-04,
       7.85546005e-03, 7.85545970e-04, 7.85546005e-03, 1.57109194e-03,
       7.85545970e-04, 1.57109194e-03, 0., 0., 0., 0., 1.09976437e-02,
       0., 7.85545970e-04, 7.85545970e-04, 0., 1.57109194e-03, 0., 0.,
       0., 7.85545970e-04, 0., 7.85545970e-04, 0., 7.06991367e-03, 0.,
       1.57109194e-03, 2.35663797e-03, 7.85545970e-04, 0., 0.,
       7.85545970e-04, 7.85545970e-04, 0., 7.06991367e-03, 0., 0.,
       7.85545970e-04, 2.35663797e-03, 7.85545970e-04, 0.,
       1.57109194e-03, 2.35663797e-03, 2.35663797e-03, 0., 0., 0., 0.,
       2.35663797e-03, 1.57109194e-03, 0., 3.92773002e-03,
       1.57109194e-03, 1.57109194e-03, 0., 0., 0., 7.85545970e-04, 0.,
       4.71327594e-03, 0., 0., 7.06991367e-03, 6.28436776e-03,
       7.85545970e-04, 0., 1.25687355e-02, 0., 1.57109194e-03,
       7.85546005e-03, 0., 0., 7.85545970e-04, 2.35663797e-03,
       7.85545970e-04, 7.85545970e-04, 0., 0., 7.85545970e-04, 0.,
       1.57109194e-03, 7.85545970e-04, 0., 2.04241946e-02, 0., 0.,
       1.57109194e-03, 7.85545970e-04, 0., 0., 0., 0., 4.71327594e-03,
       1.57109194e-03, 1.57109194e-03, 2.35663797e-03, 0.,
       7.85545970e-04, 0., 7.85545970e-04, 1.57109194e-03, 0.,
       2.35663797e-03, 0., 0., 2.35663797e-03, 0., 0., 0.,
       7.85545970e-04, 7.85545970e-04, 0., 4.71327594e-03, 0.,
       6.28436776e-03, 1.57109194e-03, 0., 0., 0., 0., 7.85545970e-04,
       0., 3.14218388e-03, 2.35663797e-03, 2.35663797e-03,
       5.49882185e-03, 3.14218388e-03, 1.57109194e-03, 7.85545970e-04,
       1.57109194e-03, 1.57109194e-03, 7.85545970e-04, 0.,
       2.35663797e-03, 3.14218388e-03, 0., 0., 2.35663797e-03,
       7.85545970e-04, 2.35663797e-03, 3.92773002e-03, 0.,
       7.85545970e-04, 0., 1.57109194e-03, 7.85545970e-04, 0.,
       1.57109194e-03, 7.85545970e-04, 2.35663797e-03, 0., 0., 0., 0.,
       0., 1.17831891e-02, 0., 0., 7.85545970e-04, 0., 2.35663797e-03,
       1.57109194e-03, 0., 0., 0., 7.85545970e-04, 0., 1.57109194e-03,
       7.85545970e-04, 7.85545970e-04, 0., 0., 0., 0., 0., 0., 0., 0.,
       7.85545970e-04, 1.57109194e-03, 0., 0., 7.85545970e-04,
       1.57109194e-03, 1.57109194e-03, 7.85545970e-04, 7.85545970e-04,
       3.14218388e-03, 7.85545970e-04, 0., 7.85545970e-04,
       7.85545970e-04, 0., 2.35663797e-03, 0., 0., 1.57109194e-03,
       7.85545970e-04, 0., 7.85545970e-04, 7.85545970e-04,
       7.85545970e-04, 7.85545970e-04, 1.57109194e-03, 1.57109194e-03,
       0., 7.85545970e-04, 7.85545970e-04, 7.85545970e-04, 0.,
       1.57109194e-03, 0., 2.35663797e-03, 0., 7.85545970e-04, 0.,
       7.85545970e-04, 4.71327594e-03, 2.35663797e-03, 0., 0.,
       7.85545970e-04, 0., 0., 0., 3.14218388e-03, 7.85545970e-04, 0.,
       0., 7.85545970e-04, 1.57109194e-03, 5.49882185e-03,
       7.06991367e-03, 7.85545970e-04, 0., 0., 0., 0., 2.35663797e-03,
       1.57109194e-03, 0., 0., 7.85545970e-04, 0., 0., 0., 0.,
       7.85545970e-04, 0., 3.92773002e-03, 0., 7.85545970e-04, 0., 0.,
       0., 7.85545970e-04, 0., 0., 3.14218388e-03, 0., 0.,
       7.85545970e-04, 3.14218388e-03, 1.57109194e-03, 7.85545970e-04,
       7.85545970e-04, 0., 2.35663797e-03, 0., 4.71327594e-03, 0., 0.,
       0., 0., 0., 7.85545970e-04, 1.57109194e-03, 0., 1.57109194e-03,
       7.85545970e-04, 0., 7.85545970e-04, 7.85545970e-04,
       7.85545970e-04, 0., 1.57109194e-03, 0., 0., 0., 0., 0.,
       3.14218388e-03, 2.35663797e-03, 0., 0., 7.06991367e-03,
       1.57109194e-03, 1.57109194e-03, 0., 0., 0., 0., 7.85545970e-04,
       7.85545970e-04, 0., 1.57109194e-03, 7.85546005e-03, 0.,
       7.85545970e-04, 1.57109194e-03, 3.14218388e-03, 7.85545970e-04,
       7.85545970e-04, 0., 1.57109194e-03, 0., 7.85545970e-04, 0.,
       1.57109194e-03, 0., 2.35663797e-03, 7.85545970e-04,
       1.57109194e-03, 0., 1.57109194e-03, 3.92773002e-03,
       7.85545970e-04, 3.14218388e-03, 0., 0., 0., 1.57109194e-03,
       1.57109194e-03, 1.57109201e-02, 0., 0., 0., 0., 0., 0.,
       1.57109194e-03, 7.85545970e-04, 0., 7.85545970e-04, 0.,
       1.57109194e-03, 0., 0., 7.85545970e-04, 7.85545970e-04, 0., 0.,
       7.85545970e-04, 7.85545970e-04, 7.85545970e-04, 7.85545970e-04,
       0., 1.57109194e-03, 4.71327594e-03, 0., 0., 0., 0., 0., 0., 0.,
       1.57109194e-03, 2.35663797e-03, 0., 0., 1.57109194e-03,
       7.85545970e-04, 0., 7.85545970e-04, 7.85545970e-04,
       1.57109194e-03, 0., 0., 1.57109201e-02, 0., 7.85545970e-04,
       7.85545970e-04, 7.85545970e-04, 5.49882185e-03, 1.57109194e-03,
       0., 1.57109194e-03, 0., 1.02120973e-02, 1.57109194e-03, 0.,
       1.57109194e-03, 2.35663797e-03, 0., 0., 3.14218388e-03,
       7.85545970e-04, 1.57109194e-03, 0., 0., 0., 7.85545970e-04, 0.,
       2.35663797e-03, 0., 0., 0., 1.57109194e-03, 7.06991367e-03,
       1.57109194e-03, 7.85545970e-04, 0., 7.85545970e-04, 0., 0., 0.,
       0., 0., 0., 2.35663797e-03, 1.57109194e-03, 7.85545970e-04,
       7.85545970e-04, 0., 7.85545970e-04, 0., 7.85545970e-04,
       7.85545970e-04, 2.27808338e-02, 0., 0., 5.49882185e-03, 0.,
       1.57109194e-03, 0., 7.85545970e-04, 0., 0., 1.57109194e-03, 0.,
       7.85545970e-04, 1.57109194e-03, 0., 7.85545970e-04, 0., 0.,
       7.85545970e-04, 1.57109194e-03, 7.85545970e-04, 0.,
       1.57109194e-03, 7.85545970e-04, 7.85545970e-04, 0., 0.,
       1.57109194e-03, 7.85545970e-04, 7.85545970e-04, 3.14218388e-03,
       0., 0., 2.35663797e-03, 7.85545970e-04, 3.14218388e-03,
       1.57109194e-03, 0., 3.14218388e-03, 0., 7.85545970e-04, 0.,
       7.85545970e-04, 7.85545970e-04, 1.57109194e-03, 0.,
       2.35663797e-03, 7.85545970e-04, 7.85545970e-04, 7.85545970e-04,
       0., 0., 7.85545970e-04, 0., 1.57109194e-03, 1.57109194e-03,
       7.85545970e-04, 0., 1.57109194e-03, 0., 0., 7.85545970e-04, 0.,
       7.85545970e-04, 0., 1.57109194e-03, 0., 0., 0., 0., 0., 0.,
       4.71327594e-03, 1.88531037e-02, 0., 0., 3.92773002e-03, 0.,
       7.85545970e-04, 7.85545970e-04, 0., 7.85545970e-04,
       7.85545970e-04, 0., 0., 2.27808338e-02, 2.35663797e-03,
       2.35663797e-03, 7.85545970e-04, 3.14218388e-03, 0.,
       2.35663797e-03, 0., 2.35663797e-03, 0., 1.33542819e-02, 0., 0.,
       7.85545970e-04, 1.57109194e-03, 0., 0., 7.85545970e-04,
       1.57109194e-03, 7.85545970e-04, 0., 0., 3.92773002e-03,
       7.85545970e-04, 7.85545970e-04, 0., 0., 1.57109194e-03, 0.,
       7.85545970e-04, 7.85545970e-04, 0., 7.85545970e-04,
       7.85545970e-04, 4.71327594e-03, 0., 7.85545970e-04, 0., 0.,
       3.14218388e-03, 2.35663797e-03, 0., 1.57109194e-03,
       1.57109194e-03, 7.85545970e-04, 7.85545970e-04, 7.85545970e-04,
       0., 7.85545970e-04, 7.85545970e-04, 0., 1.57109194e-03, 0., 0.,
       7.85545970e-04, 0., 7.85545970e-04, 0., 5.49882185e-03,
       7.06991367e-03, 7.85545970e-04, 2.35663797e-03, 5.49882185e-03,
       0., 0., 0., 1.57109194e-03, 1.17831891e-02, 0., 7.85545970e-04,
       1.57109194e-03, 0., 0., 0., 0., 3.92773002e-03, 1.57109194e-03,
       2.35663797e-03, 1.57109194e-03, 7.85545970e-04, 0.,
       1.57109194e-03, 4.71327594e-03, 0., 7.85545970e-04,
       7.85545970e-04, 7.85545970e-04, 0., 3.14218388e-03,
       7.85545970e-04, 1.57109194e-03, 0., 0., 7.85545970e-04,
       2.35663797e-03, 0., 1.09976437e-02, 0., 0., 7.85545970e-04,
       7.85545970e-04, 0., 7.85545970e-04, 7.85545970e-04, 0., 0.,
       7.85545970e-04, 7.85545970e-04, 0., 0., 0., 0., 3.92773002e-03,
       0., 0., 0., 0., 1.57109194e-03, 0., 3.14218388e-03, 0.,
       7.85545970e-04, 7.85545970e-04, 0., 4.71327594e-03,
       2.35663797e-03, 1.57109194e-03, 7.85545970e-04, 0.,
       1.57109194e-03, 0., 0., 0., 7.85545970e-04, 6.28436776e-03, 0.,
       7.85545970e-04, 1.57109194e-03, 0., 7.85545970e-04, 0.,
       2.35663797e-03, 0., 0., 0., 0., 2.35663797e-03, 0.,
       4.71327594e-03, 7.85545970e-04, 0., 2.35663797e-03, 0.,
