%YAML:1.0
m25n: !!opencv-matrix
   rows: 1
   cols: 800
   dt: f
   data: [ 1.02424040e-03, 3.41413449e-03, 2.04848079e-03,
       6.82826911e-04, 1.36565382e-03, 6.82826911e-04, 3.41413455e-04,
       1.36565382e-03, 1.02424040e-03, 1.70706725e-03, 1.36565382e-03,
       2.73130764e-03, 3.41413455e-04, 1.02424040e-03, 3.07272119e-03,
       1.36565382e-03, 0., 6.82826911e-04, 6.82826911e-04,
       1.70706725e-03, 0., 1.70706725e-03, 3.75554804e-03,
       6.82826911e-04, 1.26322983e-02, 1.70706725e-03, 0.,
       1.70706725e-03, 1.36565382e-03, 6.82826911e-04, 3.07272119e-03,
       1.36565382e-03, 3.41413455e-04, 1.02424040e-03, 2.38989410e-03,
       3.41413455e-04, 1.02424040e-03, 6.82826911e-04, 1.02424040e-03,
       1.36565382e-03, 6.82826911e-04, 2.73130764e-03, 3.41413455e-04,
       2.38989410e-03, 0., 6.82826911e-04, 6.82826911e-04,
       2.73130764e-03, 1.02424040e-03, 2.04848079e-03, 1.36565382e-03,
       3.41413455e-04, 1.02424040e-03, 2.38989410e-03, 1.02424040e-03,
       3.41413455e-04, 5.46261529e-03, 3.41413455e-04, 0.,
       1.70706725e-03, 1.02424040e-03, 1.02424040e-03, 1.70706725e-03,
       6.82826911e-04, 6.82826911e-04, 1.70706725e-03, 2.38989410e-03,
       3.41413455e-04, 3.41413455e-04, 1.70706725e-03, 0.,
       6.82826911e-04, 1.02424040e-03, 1.36565382e-03, 6.82826911e-04,
       3.41413455e-04, 3.41413455e-04, 2.04848079e-03, 2.73130764e-03,
       3.41413455e-04, 1.36565382e-03, 1.70706725e-03, 3.41413455e-04,
       2.04848079e-03, 1.02424040e-03, 0., 1.70706725e-03,
       3.07272119e-03, 6.82826911e-04, 1.02424040e-03, 2.04848079e-03,
       3.41413455e-04, 0., 1.36565382e-03, 3.41413455e-04,
       3.41413449e-03, 3.41413455e-04, 3.41413455e-04, 1.36565382e-03,
       1.02424040e-03, 0., 3.41413455e-04, 3.75554804e-03,
       1.70706725e-03, 1.70706725e-03, 3.41413455e-04, 1.02424040e-03,
       1.02424040e-03, 3.41413455e-04, 3.41413455e-04, 1.36565382e-03,
       1.70706725e-03, 1.02424040e-03, 1.02424040e-03, 1.36565382e-03,
       1.70706725e-03, 0., 3.41413455e-04, 2.38989410e-03,
       3.41413455e-04, 1.02424040e-03, 3.41413455e-04, 2.04848079e-03,
       1.70706725e-03, 3.41413455e-04, 0., 1.70706725e-03,
       3.41413455e-04, 1.02424040e-03, 2.38989410e-03, 3.41413455e-04,
       1.02424040e-03, 1.36565382e-03, 2.38989410e-03, 1.70706725e-03,
       1.39979515e-02, 6.82826911e-04, 1.02424040e-03, 1.70706725e-03,
       6.82826911e-04, 3.41413455e-04, 2.04848079e-03, 1.70706725e-03,
       2.04848079e-03, 0., 6.82826911e-04, 1.36565382e-03,
       1.02424040e-03, 1.36565382e-03, 6.82826911e-04, 3.41413455e-04,
       3.41413455e-04, 6.82826911e-04, 1.70706725e-03, 3.41413455e-04,
       1.70706725e-03, 0., 1.70706725e-03, 1.02424040e-03,
       1.02424040e-03, 6.82826911e-04, 1.36565382e-03, 0.,
       3.41413455e-04, 1.02424040e-03, 1.70706725e-03, 6.82826911e-04,
       6.82826911e-04, 1.02424040e-03, 6.82826911e-04, 1.02424040e-03,
       6.82826911e-04, 0., 6.82826911e-04, 2.73130764e-03,
       1.36565382e-03, 6.82826911e-04, 1.36565380e-02, 1.02424040e-03,
       2.04848079e-03, 3.07272119e-03, 3.07272119e-03, 6.82826911e-04,
       6.82826911e-04, 0., 3.41413455e-04, 3.41413455e-04,
       6.82826911e-04, 6.82826911e-04, 6.82826911e-04, 1.70706725e-03,
       3.41413449e-03, 4.77978820e-03, 3.41413455e-04, 1.36565382e-03,
       1.02424040e-03, 2.04848079e-03, 6.82826911e-04, 1.36565382e-03,
       3.41413455e-04, 6.82826911e-04, 6.82826911e-04, 5.12120174e-03,
       7.85250962e-03, 1.02424040e-03, 2.38989410e-03, 1.36565382e-03,
       3.41413455e-04, 3.41413455e-04, 0., 1.70706725e-03,
       3.41413455e-04, 6.82826911e-04, 1.36565382e-03, 1.36565382e-03,
       1.70706725e-03, 6.82826911e-04, 3.41413455e-04, 6.82826911e-04,
       1.02424040e-03, 3.41413455e-04, 3.41413455e-04, 1.02424040e-03,
       6.82826911e-04, 3.41413455e-04, 6.82826911e-04, 1.02424040e-03,
       1.70706725e-03, 6.82826911e-04, 1.02424040e-03, 3.07272119e-03,
       3.07272119e-03, 0., 2.04848079e-03, 1.02424040e-03,
       2.38989410e-03, 2.04848079e-03, 3.41413455e-04, 1.36565382e-03,
       1.70706725e-03, 3.41413455e-04, 1.36565382e-03, 6.82826911e-04,
       3.07272119e-03, 6.82826911e-04, 3.41413455e-04, 3.07272119e-03,
       2.04848079e-03, 3.41413455e-04, 3.41413455e-04, 1.36565382e-03,
       3.41413455e-04, 3.07272119e-03, 3.41413455e-04, 6.82826911e-04,
       6.82826911e-04, 3.41413449e-03, 1.02424040e-03, 6.82826911e-04,
       1.02424040e-03, 1.36565382e-03, 0., 0., 6.82826911e-04,
       6.82826911e-04, 6.82826911e-04, 0., 6.82826911e-04, 0.,
       3.41413455e-04, 2.73130764e-03, 3.41413455e-04, 0.,
       6.82826911e-04, 1.02424040e-03, 6.82826911e-04, 1.02424040e-03,
       6.82826911e-04, 6.82826911e-04, 1.70706725e-03, 2.73130764e-03,
       6.82826911e-04, 1.36565382e-03, 3.41413455e-04, 6.82826911e-04,
       1.36565382e-03, 1.36565382e-03, 1.02424040e-03, 2.73130764e-03,
       6.82826911e-04, 1.02424040e-03, 3.41413455e-04, 1.02424040e-03,
       3.41413455e-04, 6.82826911e-04, 1.02424040e-03, 6.82826911e-04,
       1.02424040e-03, 3.41413455e-04, 1.02424040e-03, 1.36565382e-03,
       3.41413455e-04, 6.82826911e-04, 3.41413455e-04, 2.04848079e-03,
       1.02424040e-03, 3.41413455e-04, 1.36565382e-03, 6.82826911e-04,
       2.73130764e-03, 3.41413455e-04, 6.82826911e-04, 3.41413455e-04,
       6.82826911e-04, 3.41413455e-04, 1.70706725e-03, 6.82826911e-04,
       1.02424040e-03, 1.02424040e-03, 6.82826911e-04, 6.82826911e-04,
       2.73130764e-03, 1.36565382e-03, 1.36565382e-03, 1.36565382e-03,
       1.36565382e-03, 1.02424040e-03, 2.73130764e-03, 1.02424040e-03,
       3.41413449e-03, 6.82826911e-04, 3.41413455e-04, 7.51109608e-03,
       3.07272119e-03, 1.02424040e-03, 1.02424040e-03, 1.02424040e-03,
       0., 0., 0., 3.07272119e-03, 1.36565382e-03, 1.36565382e-03,
       2.04848079e-03, 3.41413455e-04, 1.02424040e-03, 3.41413455e-04,
       3.41413455e-04, 1.36565382e-03, 1.02424040e-03, 1.36565382e-03,
       1.70706725e-03, 6.82826911e-04, 1.02424040e-03, 3.75554804e-03,
       1.02424040e-03, 0., 1.36565382e-03, 6.82826911e-04,
       1.36565382e-03, 2.04848079e-03, 1.36565382e-03, 1.70706725e-03,
       6.82826911e-04, 6.82826911e-04, 1.70706725e-03, 1.02424040e-03,
       1.02424040e-03, 7.16968253e-03, 6.82826911e-04, 2.73130764e-03,
       0., 3.41413455e-04, 1.02424040e-03, 6.82826911e-04,
       1.02424040e-03, 3.41413449e-03, 2.38989410e-03, 2.04848079e-03,
       6.82826911e-04, 1.36565382e-03, 6.82826911e-04, 1.02424040e-03,
       1.02424040e-03, 3.41413455e-04, 3.41413455e-04, 1.02424040e-03,
       1.02424040e-03, 6.14544237e-03, 6.82826911e-04, 2.04848079e-03,
       6.82826899e-03, 6.82826911e-04, 1.70706725e-03, 1.02424040e-03,
       0., 4.43837512e-03, 1.36565382e-03, 3.41413455e-04,
       2.38989410e-03, 3.41413455e-04, 6.82826911e-04, 3.41413455e-04,
       3.41413455e-04, 3.41413455e-04, 3.41413455e-04, 2.04848079e-03,
       3.41413455e-04, 2.04848079e-03, 3.41413455e-04, 5.80402883e-03,
       6.82826911e-04, 2.38989410e-03, 3.41413455e-04, 2.73130764e-03,
       3.41413455e-04, 1.02424040e-03, 6.82826911e-04, 6.82826911e-04,
       3.41413455e-04, 1.36565382e-03, 1.70706725e-03, 1.70706725e-03,
       2.38989410e-03, 1.02424040e-03, 3.41413455e-04, 1.36565382e-03,
       0., 6.82826911e-04, 3.41413455e-04, 1.70706725e-03,
       1.02424040e-03, 1.36565382e-03, 3.41413455e-04, 1.70706725e-03,
       1.02424040e-03, 0., 6.82826911e-04, 3.41413455e-04,
       3.41413455e-04, 0., 1.02424040e-03, 3.41413455e-04,
       1.70706725e-03, 6.82826911e-04, 1.36565382e-03, 2.04848079e-03,
       2.04848079e-03, 0., 1.02424040e-03, 6.82826911e-04,
       6.82826911e-04, 6.82826911e-04, 6.82826911e-04, 3.41413455e-04,
       1.70706725e-03, 1.02424040e-03, 0., 3.41413455e-04,
       3.41413455e-04, 6.82826911e-04, 3.41413455e-04, 3.41413455e-04,
       1.36565382e-03, 1.36565382e-03, 3.41413455e-04, 6.82826911e-04,
