%YAML:1.0
m25n: !!opencv-matrix
   rows: 1
   cols: 800
   dt: f
   data: [ 0., 2.10748147e-03, 0., 0., 1.05374074e-03, 1.05374074e-03,
       2.10748147e-03, 1.05374074e-03, 0., 4.21496294e-03,
       6.32244442e-03, 2.10748147e-03, 2.10748147e-03, 1.05374074e-03,
       0., 1.47523703e-02, 0., 0., 0., 0., 0., 1.05374074e-03,
       1.05374074e-03, 0., 0., 1.05374074e-03, 1.05374074e-03,
       2.10748147e-03, 3.16122221e-03, 1.05374074e-03, 9.48366709e-03,
       0., 0., 1.05374074e-03, 0., 1.05374074e-03, 6.32244442e-03,
       1.05374074e-03, 1.15911476e-02, 0., 1.05374074e-03,
       1.05374074e-03, 0., 6.32244442e-03, 0., 1.05374074e-03, 0.,
       3.16122221e-03, 2.10748147e-03, 1.05374074e-03, 0.,
       6.32244442e-03, 3.16122221e-03, 0., 3.16122221e-03, 0.,
       1.05374074e-03, 1.05374074e-03, 1.05374074e-03, 0., 0., 0.,
       2.10748147e-03, 6.32244442e-03, 0., 0., 5.26870368e-03,
       5.26870368e-03, 0., 1.05374074e-03, 7.37618515e-03, 0., 0.,
       2.10748147e-03, 1.05374074e-03, 2.10748147e-03, 3.16122221e-03,
       4.21496294e-03, 2.10748147e-03, 2.10748147e-03, 1.05374074e-03,
       1.05374074e-03, 0., 1.05374074e-03, 2.10748147e-03, 0., 0.,
       1.05374074e-03, 1.05374074e-03, 0., 1.05374074e-03, 0., 0.,
       2.10748147e-03, 1.05374074e-03, 2.10748147e-03, 3.16122221e-03,
       5.26870368e-03, 2.10748147e-03, 2.10748147e-03, 0.,
       2.10748147e-03, 0., 0., 1.05374074e-03, 0., 1.05374074e-03,
       2.10748147e-03, 1.05374074e-03, 0., 1.05374074e-03,
       2.10748147e-03, 0., 2.10748147e-03, 0., 0., 1.05374074e-03,
       1.05374074e-03, 0., 1.05374074e-03, 0., 0., 0., 0., 0.,
       2.10748147e-03, 0., 0., 0., 4.21496294e-03, 5.26870368e-03,
       4.21496294e-03, 0., 1.05374074e-03, 1.05374074e-03, 0., 0.,
       1.05374074e-03, 6.32244442e-03, 0., 0., 2.10748147e-03, 0., 0.,
       1.05374074e-03, 0., 0., 0., 0., 2.10748147e-03, 0.,
       2.10748147e-03, 7.37618515e-03, 2.10748147e-03, 0., 0.,
       1.05374074e-03, 4.21496294e-03, 0., 1.05374074e-03,
       1.26448888e-02, 0., 0., 0., 0., 0., 1.05374074e-03,
       5.26870368e-03, 0., 0., 0., 0., 0., 0., 2.10748147e-03,
       2.10748147e-03, 0., 5.26870368e-03, 1.05374074e-03,
       4.21496294e-03, 1.05374074e-03, 0., 0., 2.10748147e-03,
       1.05374074e-03, 0., 0., 1.05374074e-03, 1.05374074e-03,
       1.05374074e-03, 0., 0., 0., 0., 1.05374074e-03, 1.05374074e-03,
       0., 3.16122221e-03, 0., 0., 0., 0., 0., 0., 0., 0., 0.,
       1.05374074e-03, 1.05374074e-03, 0., 1.05374074e-03, 0., 0., 0.,
       0., 0., 1.05374074e-03, 0., 0., 0., 1.05374074e-03,
       6.32244442e-03, 0., 2.10748147e-03, 2.10748147e-03,
       2.10748147e-03, 0., 0., 0., 2.10748147e-03, 0., 0., 0., 0.,
       1.05374074e-03, 1.05374074e-03, 4.21496294e-03, 0., 0., 0.,
       1.05374074e-03, 0., 3.16122221e-03, 1.05374074e-03,
       1.05374074e-03, 0., 1.05374074e-03, 1.05374074e-03, 0.,
       4.21496294e-03, 3.16122221e-03, 0., 0., 5.26870368e-03, 0.,
       1.05374074e-03, 0., 0., 0., 1.05374074e-03, 0., 1.05374074e-03,
       3.16122221e-03, 1.05374074e-03, 0., 1.05374074e-03,
       7.37618515e-03, 0., 1.05374074e-03, 0., 0., 1.05374074e-03, 0.,
       0., 1.05374074e-03, 0., 0., 0., 2.10748147e-03, 1.05374074e-03,
       2.10748147e-03, 0., 0., 0., 3.16122221e-03, 0., 3.16122221e-03,
       0., 0., 1.05374074e-03, 2.10748147e-03, 0., 0., 0.,
       7.37618515e-03, 2.10748147e-03, 2.10748147e-03, 0., 0.,
       3.16122221e-03, 3.16122221e-03, 1.05374074e-03, 0.,
       1.05374074e-03, 0., 0., 1.05374074e-03, 2.10748147e-03,
       1.05374074e-03, 6.32244442e-03, 2.31822953e-02, 1.05374074e-03,
       0., 2.10748147e-03, 0., 0., 0., 1.05374074e-03, 1.05374074e-03,
       0., 1.05374074e-03, 0., 1.05374074e-03, 1.05374074e-03,
       9.48366709e-03, 1.05374074e-03, 0., 0., 2.10748147e-03,
       4.21496294e-03, 0., 4.21496294e-03, 0., 2.10748147e-03,
       1.05374074e-03, 3.16122221e-03, 6.32244442e-03, 7.37618515e-03,
       0., 0., 0., 0., 0., 3.16122221e-03, 0., 0., 0., 1.05374074e-03,
       0., 2.10748147e-03, 0., 0., 0., 0., 0., 0., 4.21496294e-03,
       1.05374074e-03, 0., 1.05374074e-03, 0., 0., 1.05374074e-03, 0.,
       0., 1.05374074e-03, 0., 0., 0., 0., 0., 0., 1.05374074e-03, 0.,
       0., 0., 0., 0., 0., 4.21496294e-03, 1.05374074e-03,
       2.10748147e-03, 1.47523703e-02, 1.05374074e-03, 1.05374074e-03,
       0., 1.05374074e-03, 6.32244442e-03, 1.05374074e-03, 0., 0.,
       1.05374074e-03, 1.58061106e-02, 3.16122221e-03, 0., 0.,
       1.05374074e-03, 1.05374074e-03, 0., 1.05374074e-03,
       2.10748147e-03, 0., 0., 2.10748147e-03, 0., 3.16122221e-03, 0.,
       1.05374074e-03, 0., 1.05374074e-03, 0., 0., 0., 0., 0.,
       1.05374074e-03, 0., 1.05374074e-03, 2.10748147e-03,
       1.05374074e-03, 0., 0., 1.05374074e-03, 0., 0., 2.10748147e-03,
       3.16122221e-03, 0., 0., 1.05374074e-03, 0., 1.05374074e-03,
       4.21496294e-03, 0., 0., 2.10748147e-03, 0., 1.05374074e-03,
       1.05374074e-03, 1.05374074e-03, 3.16122221e-03, 0., 0., 0.,
       1.05374074e-03, 1.05374074e-03, 0., 5.26870368e-03, 0.,
       1.05374074e-03, 0., 2.10748147e-03, 1.05374074e-03, 0.,
       1.05374074e-03, 1.05374074e-03, 0., 0., 0., 1.05374074e-03, 0.,
       1.05374074e-03, 0., 0., 0., 4.21496294e-03, 1.05374074e-03, 0.,
       0., 0., 0., 0., 0., 0., 0., 1.05374074e-03, 0., 0., 0.,
       3.16122221e-03, 1.05374074e-03, 0., 0., 0., 3.16122221e-03,
       3.16122221e-03, 0., 0., 0., 0., 0., 0., 1.05374074e-03,
       1.05374074e-03, 3.16122221e-03, 0., 0., 5.26870368e-03,
       1.05374074e-03, 0., 2.10748147e-03, 2.10748147e-03, 0., 0.,
       3.16122221e-03, 8.42992589e-03, 0., 0., 9.48366709e-03,
       3.16122221e-03, 2.10748147e-03, 8.42992589e-03, 0.,
       2.10748147e-03, 2.10748147e-03, 0., 0., 7.37618515e-03,
       1.05374074e-03, 1.05374074e-03, 0., 3.16122221e-03,
       1.05374074e-03, 7.37618515e-03, 0., 0., 0., 2.10748147e-03,
       1.05374074e-03, 1.05374074e-03, 0., 0., 0., 0., 0., 0.,
       1.05374074e-03, 1.05374074e-03, 1.05374074e-03, 0.,
       1.05374074e-03, 1.05374074e-03, 1.05374074e-03, 0.,
       4.21496294e-03, 0., 1.05374074e-03, 0., 0., 0., 0.,
       5.26870368e-03, 1.05374074e-03, 0., 0., 0., 0., 4.21496294e-03,
       0., 2.10748147e-03, 0., 0., 0., 0., 3.16122221e-03, 0., 0., 0.,
       4.21496294e-03, 1.05374074e-03, 0., 0., 0., 2.10748147e-03, 0.,
       1.05374074e-03, 9.48366709e-03, 4.21496294e-03, 1.05374074e-03,
       0., 1.05374074e-03, 0., 0., 1.05374074e-03, 1.15911476e-02, 0.,
       0., 3.16122221e-03, 0., 0., 0., 0., 4.21496294e-03,
       2.10748147e-03, 0., 0., 4.21496294e-03, 5.26870368e-03, 0.,
       1.05374074e-03, 4.21496294e-03, 0., 1.05374074e-03, 0., 0., 0.,
       1.05374074e-03, 0., 0., 3.16122221e-03, 0., 0., 1.05374074e-03,
       5.26870368e-03, 1.05374074e-03, 1.05374074e-03, 4.21496294e-03,
       1.05374074e-03, 0., 0., 1.05374074e-03, 0., 0., 0., 0., 0., 0.,
       0., 0., 1.05374074e-03, 0., 5.26870368e-03, 0., 0.,
       2.10748147e-03, 0., 0., 1.05374074e-03, 1.05374074e-03,
       2.10748147e-03, 1.05374074e-03, 7.37618515e-03, 1.05374074e-03,
       1.05374074e-03, 0., 3.16122221e-03, 4.21496294e-03, 0., 0., 0.,
       0., 3.16122221e-03, 0., 1.05374074e-03, 0., 0., 0.,
       1.05374074e-03, 3.16122221e-03, 0., 0., 0., 0., 0.,
       1.05374074e-03, 4.21496294e-03, 0., 1.05374074e-03, 0.,
       1.05374074e-03, 1.05374074e-03, 6.32244442e-03, 2.10748147e-03,
       0., 2.10748147e-03, 0., 0., 0., 1.05374074e-03, 1.05374074e-03,
       1.05374074e-03, 3.16122221e-03, 3.16122221e-03, 1.05374074e-03,
       0., 1.05374074e-03, 0., 3.16122221e-03, 5.26870368e-03,
       6.32244442e-03, 1.05374074e-03, 0., 0., 0., 3.16122221e-03,
       1.05374074e-03, 0., 1.05374074e-03, 3.16122221e-03,
       3.16122221e-03, 0., 0., 0., 5.26870368e-03, 2.10748147e-03, 0.,
       0., 0., 0., 0., 0., 0., 1.05374074e-03, 4.21496294e-03, 0., 0.,
       0., 2.10748147e-03, 2.10748147e-03, 0., 3.16122221e-03,
