%YAML:1.0
m25n: !!opencv-matrix
   rows: 1
   cols: 800
   dt: f
   data: [ 1.43102463e-03, 8.58614745e-04, 1.43102463e-03,
       1.14481966e-03, 1.43102463e-03, 1.71722949e-03, 2.00343435e-03,
       5.72409830e-04, 1.14481966e-03, 1.71722949e-03, 1.43102463e-03,
       1.14481966e-03, 5.72409830e-04, 1.71722949e-03, 6.86891796e-03,
       8.58614745e-04, 1.43102463e-03, 8.58614745e-04, 5.72409830e-04,
       1.14481966e-03, 1.14481966e-03, 1.43102463e-03, 3.72066395e-03,
       1.71722949e-03, 8.58614745e-04, 3.14825401e-03, 2.00343435e-03,
       8.58614745e-04, 8.58614745e-04, 1.43102463e-03, 3.43445898e-03,
       2.00343435e-03, 1.14481966e-03, 2.86204915e-04, 2.86204915e-04,
       1.43102463e-03, 8.58614745e-04, 2.86204915e-04, 1.14481966e-03,
       5.72409830e-04, 5.72409830e-04, 2.86204927e-03, 5.72409830e-04,
       1.14481966e-03, 5.72409830e-04, 5.72409830e-04, 1.71722949e-03,
       1.71722949e-03, 1.14481966e-03, 2.57584429e-03, 1.43102463e-03,
       2.86204927e-03, 2.00343435e-03, 5.72409830e-04, 2.86204915e-04,
       5.72409830e-04, 8.58614745e-04, 2.00343435e-03, 5.72409830e-04,
       5.72409830e-04, 8.58614745e-04, 1.71722949e-03, 8.58614745e-04,
       1.14481966e-03, 8.58614745e-04, 5.72409830e-04, 1.14481966e-03,
       0., 5.72409830e-04, 2.00343435e-03, 1.14481966e-03,
       2.86204915e-04, 2.57584429e-03, 0., 3.14825401e-03,
       1.14481966e-03, 1.14481966e-03, 1.43102463e-03, 1.43102463e-03,
       5.72409830e-04, 1.14481966e-03, 2.86204915e-04, 2.86204915e-04,
       1.14481966e-03, 2.00343435e-03, 1.71722949e-03, 0.,
       1.71722949e-03, 8.58614745e-04, 5.72409830e-04, 1.43102463e-03,
       8.58614745e-04, 1.43102463e-03, 0., 8.58614745e-04,
       1.14481966e-03, 1.71722949e-03, 1.14481966e-03, 2.00343435e-03,
       8.58614745e-04, 5.72409830e-04, 2.86204915e-04, 3.43445898e-03,
       3.72066395e-03, 2.86204915e-04, 1.43102463e-03, 1.14481966e-03,
       1.14481966e-03, 2.86204915e-04, 8.58614745e-04, 2.00343435e-03,
       2.00343435e-03, 8.58614745e-04, 5.72409830e-04, 2.00343435e-03,
       5.72409830e-04, 8.58614745e-04, 1.14481966e-03, 1.71722949e-03,
       2.57584429e-03, 2.00343435e-03, 5.72409830e-04, 1.14481966e-03,
       1.14481966e-03, 1.43102463e-03, 8.58614745e-04, 8.58614745e-04,
       8.58614745e-04, 1.71722949e-03, 2.57584429e-03, 0.,
       3.14825401e-03, 0., 3.14825401e-03, 8.58614745e-04,
       2.28963932e-03, 1.43102463e-03, 2.28963932e-03, 2.57584429e-03,
       1.14481966e-03, 8.58614745e-04, 2.28963932e-03, 2.86204927e-03,
       2.00343435e-03, 8.58614745e-04, 1.14481966e-03, 2.28963932e-03,
       0., 0., 1.43102463e-03, 2.86204915e-04, 2.00343435e-03,
       2.57584429e-03, 1.14481966e-03, 1.43102463e-03, 1.43102463e-03,
       1.14481966e-03, 1.71722949e-03, 1.14481966e-03, 1.14481966e-03,
       5.72409830e-04, 5.72409830e-04, 8.58614745e-04, 2.00343435e-03,
       2.86204915e-04, 8.58614745e-04, 1.71722949e-03, 1.14481966e-03,
       0., 2.86204915e-04, 1.43102463e-03, 1.43102463e-03,
       2.86204915e-04, 5.72409830e-04, 2.28963932e-03, 8.58614745e-04,
       2.86204915e-04, 5.72409830e-04, 5.72409830e-04, 1.14481966e-03,
       1.71722949e-03, 3.14825401e-03, 3.72066395e-03, 1.43102463e-03,
       2.86204915e-04, 8.58614745e-04, 5.72409830e-04, 1.43102463e-03,
       5.72409830e-04, 0., 1.14481966e-03, 4.00686869e-03,
       2.86204915e-04, 2.86204915e-04, 5.72409830e-04, 2.86204915e-04,
       5.72409830e-04, 1.43102463e-03, 8.58614745e-04, 1.14481966e-03,
       8.58614745e-04, 2.86204915e-04, 4.00686869e-03, 0.,
       2.57584429e-03, 1.71722949e-03, 2.00343435e-03, 3.72066395e-03,
       2.86204915e-04, 2.00343435e-03, 5.72409830e-04, 1.14481966e-03,
       5.72409830e-04, 1.71722949e-03, 1.43102463e-03, 2.28963932e-03,
       5.72409830e-04, 0., 1.43102463e-03, 3.14825401e-03, 0.,
       1.43102463e-03, 8.58614745e-04, 0., 0., 5.72409830e-04,
       2.28963932e-03, 8.58614745e-04, 8.58614745e-04, 1.71722949e-03,
       8.58614745e-04, 1.71722949e-03, 2.28963932e-03, 2.00343435e-03,
       1.14481966e-03, 2.86204915e-04, 2.86204915e-04, 5.72409830e-04,
       1.43102463e-03, 1.43102463e-03, 1.71722949e-03, 0.,
       2.86204915e-04, 1.43102463e-03, 0., 1.71722949e-03,
       4.00686869e-03, 2.00343435e-03, 5.72409830e-04, 1.71722949e-03,
       2.57584429e-03, 3.43445898e-03, 1.71722949e-03, 8.58614745e-04,
       1.71722949e-03, 1.43102463e-03, 1.43102463e-03, 8.58614745e-04,
       8.58614745e-04, 1.43102463e-03, 1.43102463e-03, 8.58614745e-04,
       1.14481966e-03, 2.86204915e-04, 1.43102463e-03, 2.86204915e-04,
       2.00343435e-03, 1.71722949e-03, 5.72409830e-04, 1.14481966e-03,
       5.72409830e-04, 2.28963932e-03, 8.58614745e-04, 1.43102463e-03,
       1.14481966e-03, 1.14481966e-03, 1.14481966e-03, 1.71722949e-03,
       2.00343435e-03, 1.43102463e-03, 3.72066395e-03, 2.00343435e-03,
       0., 8.58614745e-04, 2.86204915e-04, 8.58614745e-04,
       1.43102463e-03, 8.58614745e-04, 1.71722949e-03, 1.71722949e-03,
       2.57584429e-03, 2.86204915e-04, 2.86204915e-04, 1.14481966e-03,
       1.43102463e-03, 5.72409830e-04, 1.14481966e-03, 1.14481966e-03,
       1.14481966e-03, 5.72409830e-04, 1.43102463e-03, 5.72409830e-04,
       1.14481966e-03, 5.72409830e-04, 2.00343435e-03, 8.58614745e-04,
       1.71722949e-03, 4.29307390e-03, 8.58614745e-04, 5.72409830e-04,
       3.72066395e-03, 0., 8.58614745e-04, 1.14481966e-03,
       1.43102463e-03, 0., 2.28963932e-03, 8.58614745e-04,
       5.72409830e-04, 5.72409830e-04, 0., 2.57584429e-03,
       5.72409830e-04, 5.72409830e-04, 1.14481966e-03, 1.71722949e-03,
       8.58614745e-04, 8.58614745e-04, 1.71722949e-03, 2.28963932e-03,
       5.72409830e-04, 1.14481966e-03, 1.43102463e-03, 1.43102463e-03,
       8.58614745e-04, 0., 1.14481966e-03, 2.28963932e-03,
       1.43102463e-03, 5.72409830e-04, 1.71722949e-03, 2.86204915e-04,
       5.72409830e-04, 5.72409830e-04, 8.58614745e-04, 1.71722949e-03,
       8.58614745e-04, 2.00343435e-03, 2.86204915e-04, 8.58614745e-04,
       1.14481966e-03, 0., 1.71722949e-03, 1.14481966e-03,
       2.00343435e-03, 5.72409830e-04, 5.72409830e-04, 8.58614745e-04,
       1.43102463e-03, 1.71722949e-03, 1.14481966e-03, 2.00343435e-03,
       1.71722949e-03, 8.58614745e-04, 8.58614745e-04, 2.00343435e-03,
       8.58614745e-04, 1.14481966e-03, 2.28963932e-03, 2.57584429e-03,
       7.44132791e-03, 1.14481966e-03, 5.72409830e-04, 5.72409830e-04,
       2.86204915e-04, 1.14481966e-03, 5.43789333e-03, 0.,
       1.14481966e-03, 8.58614745e-04, 5.72409830e-04, 2.86204915e-04,
       2.86204915e-04, 5.72409830e-04, 2.86204915e-04, 1.71722949e-03,
       5.72409830e-04, 0., 1.43102463e-03, 8.58614745e-04,
       2.28963932e-03, 2.57584429e-03, 8.58614745e-04, 6.86891796e-03,
       2.86204915e-04, 8.58614745e-04, 0., 8.58614745e-04, 0.,
       6.58271322e-03, 8.58614745e-04, 2.00343435e-03, 1.43102463e-03,
       2.86204915e-04, 5.72409830e-04, 5.72409830e-04, 1.14481966e-03,
       1.43102463e-03, 1.71722949e-03, 8.58614745e-04, 2.86204927e-03,
       2.86204927e-03, 2.28963932e-03, 8.58614745e-04, 8.58614745e-04,
       4.29307390e-03, 2.86204915e-04, 8.58614745e-04, 8.58614745e-04,
       2.86204915e-04, 2.86204915e-04, 1.43102463e-03, 5.72409830e-04,
       1.14481966e-03, 1.43102463e-03, 5.72409830e-04, 1.14481966e-03,
       5.72409830e-04, 2.57584429e-03, 5.72409830e-04, 5.72409830e-04,
       8.58614745e-04, 5.72409830e-04, 0., 8.58614745e-04,
       2.86204915e-04, 2.28963932e-03, 1.71722949e-03, 0.,
       2.86204915e-04, 0., 2.00343435e-03, 8.58614745e-04,
       2.86204927e-03, 5.72409830e-04, 1.43102463e-03, 5.43789333e-03,
       0., 1.43102463e-03, 2.86204915e-04, 2.86204915e-04,
       3.14825401e-03, 1.14481966e-03, 2.00343435e-03, 5.72409830e-04,
       1.14481966e-03, 1.14481966e-03, 8.58614745e-04, 8.58614745e-04,
       8.58614745e-04, 0., 2.86204915e-04, 2.86204915e-04,
       2.86204915e-04, 1.43102463e-03, 1.14481966e-03, 2.57584429e-03,
