%YAML:1.0
m25n: !!opencv-matrix
   rows: 1
   cols: 800
   dt: f
   data: [ 8.31946731e-04, 4.15973365e-04, 4.15973365e-04, 0.,
       1.24792010e-03, 0., 8.31946731e-04, 4.15973365e-04,
       8.31946731e-04, 4.99168038e-03, 2.07986683e-03, 2.07986683e-03,
       0., 2.07986683e-03, 0., 8.31946731e-04, 1.24792010e-03,
       8.31946731e-04, 8.31946731e-04, 2.49584019e-03, 4.15973365e-04,
       2.49584019e-03, 1.66389346e-03, 4.15973365e-04, 1.24792010e-03,
       8.31946731e-04, 4.99168038e-03, 8.31946731e-04, 6.23960048e-03,
       4.15973365e-04, 1.66389346e-03, 2.91181356e-03, 3.74376029e-03,
       1.66389346e-03, 4.15973365e-04, 4.15973365e-04, 8.31946731e-04,
       8.31946731e-04, 3.32778692e-03, 0., 0., 2.49584019e-03,
       2.07986683e-03, 1.24792010e-03, 1.66389346e-03, 1.24792010e-03,
       0., 2.07986683e-03, 0., 0., 3.74376029e-03, 8.31946731e-04,
       2.91181356e-03, 4.15973365e-04, 1.66389346e-03, 1.24792010e-03,
       1.66389346e-03, 3.32778692e-03, 2.49584019e-03, 8.31946731e-04,
       1.24792010e-03, 0., 1.24792010e-03, 2.07986683e-03,
       1.66389346e-03, 1.24792010e-03, 8.31946731e-04, 2.49584019e-03,
       0., 8.31946731e-04, 2.07986683e-03, 0., 4.15973365e-04,
       8.31946731e-04, 8.31946731e-04, 8.31946731e-04, 0., 0.,
       1.66389346e-03, 2.49584019e-03, 4.15973365e-04, 4.15973365e-04,
       1.66389346e-03, 8.31946731e-04, 0., 3.32778692e-03,
       8.31946731e-04, 8.31946731e-04, 1.66389346e-03, 4.15973365e-04,
       0., 8.31946731e-04, 0., 0., 8.31946731e-04, 2.07986683e-03,
       2.91181356e-03, 2.91181356e-03, 2.07986683e-03, 0.,
       8.31946731e-04, 2.91181356e-03, 8.31946731e-04, 1.24792010e-03,
       8.31946731e-04, 1.24792010e-03, 2.91181356e-03, 2.49584019e-03,
       0., 8.31946731e-04, 8.31946731e-04, 3.32778692e-03,
       1.66389346e-03, 2.91181356e-03, 1.24792010e-03, 0., 0.,
       8.31946731e-04, 2.49584019e-03, 1.66389346e-03, 0.,
       8.31946731e-04, 7.48752058e-03, 2.07986683e-03, 4.15973365e-04,
       4.15973365e-04, 1.66389346e-03, 2.49584019e-03, 1.24792010e-03,
       2.49584019e-03, 1.66389346e-03, 4.15973365e-04, 2.49584019e-03,
       1.66389346e-03, 2.91181356e-03, 4.15973365e-04, 2.49584019e-03,
       4.15973365e-04, 2.07986683e-03, 8.31946731e-04, 6.23960048e-03,
       8.31946731e-04, 0., 8.31946731e-04, 4.15973365e-04,
       4.15973365e-04, 2.49584019e-03, 2.49584019e-03, 8.31946731e-04,
       4.15973365e-04, 1.66389346e-03, 0., 1.24792010e-03,
       2.07986683e-03, 2.49584019e-03, 0., 0., 3.32778692e-03, 0.,
       8.31946731e-04, 1.24792010e-03, 3.74376029e-03, 3.32778692e-03,
       4.15973365e-04, 0., 1.24792010e-03, 0., 1.24792010e-03,
       2.07986683e-03, 4.15973365e-04, 1.66389346e-03, 8.31946731e-03,
       1.24792010e-03, 0., 4.15973365e-04, 0., 8.31946731e-04,
       8.31946731e-04, 4.15973365e-03, 0., 2.91181356e-03,
       8.31946731e-04, 1.24792010e-03, 0., 1.24792010e-03,
       8.31946731e-04, 3.74376029e-03, 8.31946731e-04, 0.,
       4.15973365e-03, 8.31946731e-04, 8.31946731e-04, 3.74376029e-03,
       0., 1.66389346e-03, 1.66389346e-03, 8.31946731e-04,
       1.66389346e-03, 4.15973365e-04, 4.15973365e-04, 1.66389346e-03,
       4.15973365e-04, 1.24792010e-03, 8.31946731e-04, 2.07986683e-03,
       3.32778692e-03, 2.07986683e-03, 7.48752058e-03, 2.07986683e-03,
       8.31946731e-04, 1.66389346e-03, 1.24792010e-03, 4.15973365e-04,
       8.31946731e-04, 4.15973365e-04, 0., 8.31946731e-04,
       8.31946731e-04, 2.91181356e-03, 2.07986683e-03, 1.66389346e-03,
       0., 0., 3.32778692e-03, 4.15973365e-04, 1.24792010e-03,
       2.91181356e-03, 8.31946731e-04, 1.24792010e-03, 8.31946731e-04,
       2.49584019e-03, 1.66389346e-03, 8.31946731e-04, 1.24792010e-03,
       0., 3.32778692e-03, 1.66389346e-03, 0., 1.24792010e-03, 0.,
       1.24792010e-03, 2.07986683e-03, 4.15973365e-04, 4.57570702e-03,
       4.15973365e-04, 4.15973365e-04, 4.57570702e-03, 1.24792010e-03,
       0., 1.24792010e-03, 4.15973365e-04, 1.66389346e-03,
       2.49584019e-03, 1.66389346e-03, 4.15973365e-04, 1.66389346e-03,
       1.66389346e-03, 1.66389346e-03, 4.15973365e-04, 4.99168038e-03,
       2.07986683e-03, 8.31946731e-04, 4.15973365e-04, 0.,
       1.66389346e-03, 4.15973365e-04, 1.24792010e-03, 1.24792010e-03,
       8.31946731e-04, 2.49584019e-03, 0., 4.15973365e-04,
       1.24792010e-03, 4.15973365e-04, 0., 4.15973365e-04,
       8.31946731e-04, 8.31946731e-04, 5.40765375e-03, 1.24792010e-03,
       2.91181356e-03, 2.07986683e-03, 2.07986683e-03, 0.,
       1.66389346e-03, 6.65557384e-03, 1.24792010e-03, 6.23960048e-03,
       0., 1.24792010e-03, 2.49584019e-03, 8.31946731e-04, 0.,
       8.31946731e-04, 3.74376029e-03, 2.07986683e-03, 1.24792010e-03,
       8.31946731e-04, 1.24792010e-03, 8.31946731e-04, 1.66389346e-03,
       0., 2.07986683e-03, 2.91181356e-03, 2.07986683e-03, 0., 0.,
       1.24792010e-03, 1.24792010e-03, 0., 4.15973365e-03, 0.,
       2.91181356e-03, 4.15973365e-04, 0., 2.91181356e-03, 0.,
       1.66389346e-03, 1.66389346e-03, 3.74376029e-03, 8.31946731e-04,
       4.15973365e-04, 2.07986683e-03, 2.07986683e-03, 8.31946731e-04,
       4.15973365e-04, 2.07986683e-03, 4.15973365e-04, 1.66389346e-03,
       2.07986683e-03, 1.24792010e-03, 4.15973365e-04, 8.31946731e-04,
       1.24792010e-03, 8.31946731e-04, 4.15973365e-04, 0., 0.,
       4.15973365e-04, 4.15973365e-04, 4.57570702e-03, 2.07986683e-03,
       4.15973365e-04, 1.24792010e-03, 2.07986683e-03, 2.07986683e-03,
       0., 1.66389346e-03, 8.31946731e-04, 8.31946731e-04,
       8.31946731e-04, 4.15973365e-04, 0., 1.24792010e-03,
       4.15973365e-04, 0., 3.32778692e-03, 4.15973365e-04,
       1.66389346e-03, 0., 2.07986683e-03, 1.24792010e-03,
       2.07986683e-03, 8.31946731e-04, 4.15973365e-04, 1.24792010e-03,
       2.07986683e-03, 4.15973365e-04, 2.49584019e-03, 1.66389346e-03,
       6.65557384e-03, 4.15973365e-03, 8.31946731e-04, 1.24792010e-03,
       2.91181356e-03, 0., 1.24792010e-03, 4.15973365e-04,
       1.24792010e-03, 1.66389346e-03, 4.15973365e-04, 8.31946731e-04,
       2.49584019e-03, 8.31946731e-04, 4.15973365e-04, 1.66389346e-03,
       8.31946731e-04, 2.49584019e-03, 1.66389346e-03, 2.07986683e-03,
       1.24792010e-03, 2.91181356e-03, 4.15973365e-04, 8.31946731e-04,
       2.49584019e-03, 4.15973365e-04, 1.24792010e-03, 4.15973365e-04,
       1.66389346e-03, 8.31946731e-04, 4.15973365e-04, 2.91181356e-03,
       8.31946731e-04, 1.24792010e-03, 1.66389346e-03, 4.15973365e-04,
       1.66389346e-03, 8.31946731e-04, 1.24792010e-03, 1.66389346e-03,
       4.15973365e-04, 1.66389346e-03, 1.24792010e-03, 4.15973365e-03,
       1.24792010e-03, 0., 4.15973365e-04, 4.15973365e-04,
       2.07986683e-03, 4.15973365e-04, 8.31946731e-04, 2.07986683e-03,
       1.66389346e-03, 4.15973365e-04, 2.49584019e-03, 4.15973365e-04,
       8.31946731e-04, 4.15973365e-04, 0., 1.66389346e-03,
       4.15973365e-04, 1.24792010e-03, 3.32778692e-03, 0.,
       4.15973365e-04, 2.91181356e-03, 0., 8.31946731e-04,
       2.07986683e-03, 8.31946731e-04, 0., 1.24792010e-03,
       1.66389346e-03, 8.31946731e-04, 8.31946731e-04, 0., 0.,
       8.31946731e-04, 1.66389346e-03, 8.31946731e-04, 1.24792010e-03,
       4.15973365e-04, 0., 1.24792010e-03, 1.66389346e-03, 0., 0.,
       4.15973365e-04, 2.07986683e-03, 8.31946731e-04, 2.91181356e-03,
       1.66389346e-03, 3.32778692e-03, 1.66389346e-03, 1.66389346e-03,
       8.31946731e-04, 8.31946731e-04, 4.15973365e-04, 3.32778692e-03,
       8.31946731e-04, 4.15973365e-04, 2.07986683e-03, 1.24792010e-03,
       3.32778692e-03, 8.31946731e-04, 0., 0., 4.15973365e-04,
       4.15973365e-04, 2.91181356e-03, 1.66389346e-03, 4.15973365e-04,
       4.15973365e-04, 0., 4.15973365e-04, 0., 1.66389346e-03,
       8.31946731e-04, 4.15973365e-04, 1.24792010e-03, 1.24792010e-03,
       2.07986683e-03, 1.66389346e-03, 8.31946731e-04, 1.24792010e-03,
       1.24792010e-03, 8.31946731e-04, 0., 1.24792010e-03, 0.,
