%YAML:1.0
m25n: !!opencv-matrix
   rows: 1
   cols: 800
   dt: f
   data: [ 7.72200816e-04, 1.28700142e-03, 1.02960109e-03,
       1.02960109e-03, 5.14800544e-04, 1.28700142e-03, 2.57400284e-03,
       2.57400272e-04, 5.14800544e-04, 1.02960109e-03, 5.14800544e-04,
       1.54440163e-03, 1.28700142e-03, 5.14800544e-04, 1.54440163e-03,
       1.80180185e-03, 1.54440163e-03, 5.14800544e-04, 2.57400272e-04,
       1.54440163e-03, 1.54440163e-03, 5.14800544e-04, 1.54440163e-03,
       5.14800544e-04, 2.47104261e-02, 1.02960109e-03, 5.14800544e-04,
       7.72200816e-04, 0., 1.02960109e-03, 5.40540554e-03,
       2.05920218e-03, 5.14800544e-04, 1.80180185e-03, 1.54440163e-03,
       1.54440163e-03, 2.31660251e-03, 2.05920218e-03, 5.14800544e-04,
       1.54440163e-03, 2.57400272e-04, 2.05920218e-03, 2.57400272e-04,
       3.86100402e-03, 1.02960109e-03, 1.54440163e-03, 1.02960109e-03,
       7.72200816e-04, 1.28700142e-03, 2.57400284e-03, 5.14800544e-04,
       1.54440163e-03, 7.72200816e-04, 1.54440163e-03, 2.57400272e-04,
       7.72200816e-04, 1.80180185e-03, 1.02960109e-03, 3.60360369e-03,
       5.14800544e-04, 1.28700142e-03, 1.02960109e-03, 1.54440163e-03,
       0., 3.34620359e-03, 5.14800544e-04, 5.14800544e-04,
       1.80180185e-03, 5.14800544e-04, 3.08880326e-03, 7.72200816e-04,
       1.54440163e-03, 1.80180185e-03, 1.28700142e-03, 1.28700142e-03,
       1.02960109e-03, 1.02960109e-03, 1.54440163e-03, 1.02960109e-03,
       1.02960109e-03, 1.28700142e-03, 1.28700142e-03, 1.28700142e-03,
       2.05920218e-03, 2.57400272e-04, 5.14800544e-04, 1.28700142e-03,
       5.14800567e-03, 1.02960109e-03, 5.14800544e-04, 7.72200816e-04,
       5.14800544e-04, 0., 5.14800544e-04, 5.14800544e-04,
       1.02960109e-03, 1.80180185e-03, 1.02960109e-03, 1.28700142e-03,
       1.28700142e-03, 5.14800544e-04, 1.02960109e-03, 1.28700142e-03,
       1.28700142e-03, 1.02960109e-03, 2.57400272e-04, 1.02960109e-03,
       5.14800544e-04, 7.72200816e-04, 1.02960109e-03, 2.31660251e-03,
       7.72200816e-04, 5.14800544e-04, 5.14800544e-04, 5.14800544e-04,
       5.14800544e-04, 0., 7.72200816e-04, 0., 5.14800544e-04,
       7.72200816e-04, 5.14800544e-04, 7.72200816e-04, 0.,
       7.72200816e-04, 2.57400272e-04, 2.57400272e-04, 1.02960109e-03,
       0., 1.28700142e-03, 2.05920218e-03, 3.86100402e-03,
       2.57400272e-04, 1.54440163e-03, 1.02960109e-03, 6.69240719e-03,
       5.14800544e-04, 1.02960109e-03, 2.83140293e-03, 5.14800544e-04,
       5.14800544e-04, 1.02960109e-03, 1.28700142e-03, 1.54440163e-03,
       1.02960109e-03, 1.80180185e-03, 5.14800544e-04, 1.02960109e-03,
       1.02960109e-03, 7.72200816e-04, 7.72200816e-04, 1.02960109e-03,
       1.02960109e-03, 0., 1.54440163e-03, 1.02960109e-03,
       7.72200816e-04, 5.14800544e-04, 2.57400272e-04, 5.14800544e-04,
       1.54440163e-03, 1.28700142e-03, 1.28700142e-03, 7.72200816e-04,
       1.28700142e-03, 1.54440163e-03, 5.14800544e-04, 5.14800544e-04,
       7.72200816e-04, 7.72200816e-04, 1.28700142e-03, 2.05920218e-03,
       7.72200816e-04, 1.80180185e-03, 3.34620359e-03, 2.57400272e-04,
       1.28700142e-03, 1.93050206e-02, 1.28700142e-03, 2.31660251e-03,
       2.31660251e-03, 7.72200816e-04, 2.05920218e-03, 5.14800544e-04,
       1.02960109e-03, 5.14800544e-04, 1.54440163e-03, 7.72200816e-04,
       1.02960109e-03, 2.57400284e-03, 2.57400284e-03, 2.31660251e-03,
       5.14800567e-03, 2.57400272e-04, 2.57400272e-04, 1.02960109e-03,
       1.28700142e-03, 7.72200816e-04, 1.02960109e-03, 5.14800544e-04,
       7.72200816e-04, 7.72200816e-04, 2.05920218e-03, 6.94980752e-03,
       1.80180185e-03, 3.34620359e-03, 5.14800544e-04, 7.72200816e-04,
       7.72200816e-04, 2.57400272e-04, 1.02960109e-03, 3.08880326e-03,
       7.72200816e-04, 7.72200816e-04, 2.05920218e-03, 1.28700142e-03,
       5.14800544e-04, 5.14800544e-04, 1.54440163e-03, 0.,
       2.57400272e-04, 1.28700142e-03, 1.80180185e-03, 5.14800544e-04,
       1.28700142e-03, 1.02960109e-03, 2.31660251e-03, 1.02960109e-03,
       2.57400272e-04, 2.57400272e-04, 2.57400272e-04, 1.28700142e-03,
       7.72200816e-04, 2.05920218e-03, 1.80180185e-03, 5.14800544e-04,
       1.02960109e-03, 1.80180185e-03, 1.54440163e-03, 1.02960109e-03,
       1.28700142e-03, 2.57400272e-04, 7.72200816e-04, 2.57400272e-04,
       2.57400272e-04, 1.54440163e-03, 3.86100402e-03, 1.80180185e-03,
       1.02960109e-03, 7.72200816e-04, 2.57400272e-04, 7.72200816e-04,
       1.28700142e-03, 2.05920218e-03, 0., 1.28700142e-03,
       1.02960109e-03, 7.72200816e-04, 7.72200816e-04, 1.54440163e-03,
       1.80180185e-03, 2.57400272e-04, 1.28700142e-03, 1.02960109e-03,
       1.28700142e-03, 7.72200816e-04, 7.72200816e-04, 2.83140293e-03,
       1.28700142e-03, 7.72200816e-04, 1.02960109e-03, 1.54440163e-03,
       5.14800544e-04, 1.54440163e-03, 1.80180185e-03, 0.,
       2.05920218e-03, 1.28700142e-03, 7.72200816e-04, 7.72200816e-04,
       7.72200816e-04, 2.05920218e-03, 1.80180185e-03, 7.72200816e-04,
       1.02960109e-03, 7.72200816e-04, 1.28700142e-03, 5.14800544e-04,
       2.57400284e-03, 1.28700142e-03, 1.02960109e-03, 2.57400272e-04,
       1.54440163e-03, 1.02960109e-03, 1.54440163e-03, 1.02960109e-03,
       1.54440163e-03, 1.80180185e-03, 1.02960109e-03, 1.28700142e-03,
       1.02960109e-03, 0., 1.02960109e-03, 5.14800544e-04,
       2.83140293e-03, 2.57400272e-04, 1.28700142e-03, 1.80180185e-03,
       2.05920218e-03, 1.54440163e-03, 2.57400272e-04, 1.28700142e-03,
       5.14800544e-04, 2.31660251e-03, 1.28700142e-03, 7.72200816e-04,
       7.72200816e-04, 0., 1.28700142e-03, 1.02960109e-03,
       1.02960109e-03, 1.80180185e-03, 1.02960109e-03, 2.57400284e-03,
       7.72200816e-04, 2.57400272e-04, 1.02960109e-03, 5.66280587e-03,
       2.31660251e-03, 2.05920218e-03, 1.28700142e-03, 1.28700142e-03,
       3.08880326e-03, 4.11840435e-03, 1.28700142e-03, 2.31660251e-03,
       7.72200816e-04, 0., 2.57400272e-04, 2.57400272e-04,
       3.08880326e-03, 5.14800544e-04, 2.05920218e-03, 7.72200816e-04,
       1.02960109e-03, 2.57400272e-04, 2.57400272e-04, 5.14800544e-04,
       1.02960109e-03, 2.57400272e-04, 1.02960109e-03, 1.28700142e-03,
       5.14800544e-04, 7.72200816e-04, 1.02960109e-03, 2.57400272e-04,
       5.14800544e-04, 1.02960109e-03, 5.14800544e-04, 3.34620359e-03,
       5.14800544e-04, 7.72200816e-04, 7.72200816e-04, 1.02960109e-03,
       5.14800544e-04, 5.14800544e-04, 1.80180185e-03, 2.57400272e-04,
       6.94980752e-03, 7.72200816e-04, 0., 1.54440163e-03,
       1.80180185e-03, 2.31660251e-03, 1.28700142e-03, 5.14800544e-04,
       4.63320501e-03, 1.02960109e-03, 2.83140293e-03, 1.54440163e-03,
       1.02960109e-03, 5.14800544e-04, 5.14800544e-04, 2.05920218e-03,
       1.28700142e-03, 7.72200816e-04, 1.28700142e-03, 1.80180185e-03,
       5.14800544e-04, 1.54440163e-03, 1.28700142e-03, 4.63320501e-03,
       1.28700142e-03, 1.02960109e-03, 0., 7.72200816e-04,
       3.60360369e-03, 7.72200816e-04, 1.28700142e-03, 4.11840435e-03,
       2.05920218e-03, 2.05920218e-03, 2.57400272e-04, 1.02960109e-03,
       1.02960109e-03, 5.14800544e-04, 1.02960109e-03, 1.28700142e-03,
       5.14800544e-04, 7.72200816e-04, 3.34620359e-03, 1.02960109e-03,
       2.57400272e-04, 7.72200816e-04, 1.54440163e-03, 2.83140293e-03,
       7.72200816e-04, 0., 7.72200816e-04, 5.14800544e-04,
       5.14800544e-04, 7.72200816e-04, 7.72200816e-04, 7.72200816e-04,
       1.02960109e-03, 2.57400272e-04, 1.02960109e-03, 2.57400272e-04,
       1.54440163e-03, 2.05920218e-03, 2.57400272e-04, 1.54440163e-03,
       1.28700142e-03, 2.57400284e-03, 1.80180185e-03, 2.05920218e-03,
       1.28700142e-03, 5.14800544e-04, 7.72200816e-04, 2.57400284e-03,
       0., 0., 5.14800544e-04, 1.28700142e-03, 5.14800544e-04,
       1.28700142e-03, 2.31660251e-03, 7.72200816e-04, 5.14800544e-04,
       1.02960109e-03, 1.80180185e-03, 3.08880326e-03, 7.72200816e-04,
       2.57400284e-03, 1.02960109e-03, 2.05920218e-03, 0.,
