%YAML:1.0
m25n: !!opencv-matrix
   rows: 1
   cols: 800
   dt: f
   data: [ 0., 1.06692538e-02, 4.84966062e-04, 0., 4.84966062e-04,
       4.84966062e-04, 2.42483034e-03, 3.39476252e-03, 4.36469447e-03,
       0., 0., 4.84966062e-04, 0., 6.30455883e-03, 0., 9.69932124e-04,
       4.84966062e-04, 0., 1.93986425e-03, 0., 1.45489816e-03, 0.,
       1.93986425e-03, 6.30455883e-03, 0., 0., 1.45489816e-03,
       9.69932124e-04, 4.84966062e-04, 0., 4.84966062e-04,
       9.69932124e-04, 2.90979631e-03, 4.84966062e-04, 0.,
       9.69932124e-04, 0., 4.84966062e-04, 1.93986425e-03,
       1.45489816e-03, 0., 0., 5.81959262e-03, 2.42483034e-03,
       4.84966062e-04, 4.84966062e-04, 1.93986425e-03, 3.39476252e-03,
       0., 0., 0., 3.87972849e-03, 4.84966062e-04, 4.84966062e-04, 0.,
       9.21435561e-03, 0., 9.69932124e-04, 1.93986425e-03, 0.,
       1.45489816e-03, 1.45489816e-03, 9.69932124e-04, 1.45489816e-03,
       2.90979631e-03, 4.84966062e-04, 0., 3.39476252e-03,
       9.69932124e-04, 9.69932124e-04, 4.84966062e-04, 0., 0.,
       9.69932124e-04, 0., 4.84966062e-04, 4.84966062e-04,
       2.90979631e-03, 4.84966062e-04, 9.69932124e-04, 4.84966062e-04,
       0., 2.42483034e-03, 9.69932124e-04, 1.45489816e-03, 0.,
       4.84966062e-04, 3.34626585e-02, 4.84966062e-04, 0., 0.,
       4.84966062e-04, 0., 3.39476252e-03, 9.69932124e-04, 0.,
       2.42483034e-03, 1.45489816e-03, 0., 4.84966062e-04,
       9.69932124e-04, 1.45489816e-03, 0., 1.93986425e-03, 0., 0., 0.,
       1.45489816e-03, 0., 1.93986425e-03, 4.84966062e-04,
       4.84966062e-04, 0., 4.84966062e-04, 0., 4.84966062e-04,
       9.21435561e-03, 4.84966062e-04, 9.69932135e-03, 4.36469447e-03,
       1.93986425e-03, 0., 4.84966062e-04, 0., 0., 4.84966062e-04,
       2.90979631e-03, 6.30455883e-03, 1.45489816e-03, 2.42483034e-03,
       0., 9.69932124e-04, 1.45489816e-03, 6.30455883e-03,
       4.84966062e-04, 4.84966062e-04, 4.84966062e-04, 1.93986425e-03,
       4.84966062e-04, 0., 2.90979631e-03, 9.69932124e-04, 0.,
       1.45489816e-03, 1.93986425e-03, 4.84966062e-04, 9.69932124e-04,
       2.90979631e-03, 9.69932124e-04, 9.69932124e-04, 0.,
       4.84966062e-04, 0., 0., 4.84966062e-04, 0., 9.69932124e-04,
       2.90979631e-03, 0., 1.45489816e-03, 4.84966062e-04, 0., 0.,
       4.84966062e-04, 1.93986425e-03, 4.84966062e-04, 4.84966062e-04,
       0., 4.84966062e-04, 4.84966062e-04, 1.45489816e-03,
       2.42483034e-03, 4.84966062e-04, 1.45489816e-03, 4.84966062e-04,
       0., 0., 9.69932124e-04, 4.84966062e-04, 9.69932124e-04, 0.,
       1.93986425e-03, 7.75945699e-03, 9.69932124e-04, 0.,
       1.45489816e-03, 9.69932124e-04, 0., 0., 9.69932124e-04,
       4.84966062e-04, 0., 9.69932124e-04, 3.39476252e-03, 0.,
       4.84966062e-04, 9.69932124e-04, 0., 4.84966062e-04,
       1.45489816e-03, 1.45489816e-03, 9.69932124e-04, 1.45489816e-03,
       9.69932124e-04, 3.39476252e-03, 4.84966062e-04, 1.93986425e-03,
       0., 0., 0., 4.84966062e-04, 4.84966062e-04, 0., 4.84966062e-04,
       4.84966062e-04, 2.42483034e-03, 4.84966062e-04, 4.84966068e-03,
       4.84966062e-04, 0., 4.84966062e-04, 4.84966062e-04,
       9.69932124e-04, 4.84966062e-04, 9.69932124e-04, 2.42483034e-03,
       4.84966062e-04, 9.69932124e-04, 4.84966062e-04, 0.,
       4.84966062e-04, 0., 0., 4.84966068e-03, 1.93986425e-03,
       1.45489816e-03, 9.69932124e-04, 1.93986425e-03, 4.84966062e-04,
       4.84966062e-04, 4.84966062e-04, 0., 0., 1.45489816e-03,
       4.84966062e-04, 4.84966062e-04, 1.45489816e-03, 2.90979631e-03,
       0., 0., 0., 4.84966062e-04, 0., 0., 0., 0., 0., 9.69932124e-04,
       0., 4.84966062e-04, 0., 3.87972849e-03, 4.84966062e-04, 0.,
       4.84966062e-04, 0., 0., 2.42483034e-03, 2.42483034e-03, 0.,
       4.84966062e-04, 4.84966062e-04, 0., 2.42483034e-03, 0.,
       4.84966062e-04, 9.69932124e-04, 4.84966062e-04, 4.84966062e-04,
       0., 9.69932124e-04, 4.84966062e-04, 4.84966062e-04,
       1.45489816e-03, 0., 9.69932124e-04, 4.36469447e-03,
       9.69932124e-04, 4.84966062e-04, 0., 3.39476252e-03, 0.,
       2.42483034e-03, 9.69932124e-04, 4.36469447e-03, 3.87972849e-03,
       4.84966068e-03, 0., 0., 4.84966062e-04, 9.69932124e-04,
       9.69932124e-04, 4.84966062e-04, 4.84966062e-04, 0., 0.,
       2.90979631e-03, 9.69932124e-04, 4.84966062e-04, 4.84966062e-04,
       8.24442320e-03, 0., 0., 0., 9.69932124e-04, 0., 9.69932124e-04,
       9.69932124e-04, 0., 4.84966062e-04, 3.87972849e-03, 0.,
       3.39476252e-03, 4.84966062e-04, 0., 4.84966062e-04,
       2.90979631e-03, 9.69932124e-04, 0., 0., 9.69932124e-04,
       1.45489816e-03, 0., 0., 2.42483034e-03, 1.45489816e-03,
       2.42483034e-03, 4.84966068e-03, 1.93986425e-03, 3.87972849e-03,
       9.69932124e-04, 0., 4.84966062e-04, 4.84966062e-04,
       4.84966062e-04, 4.84966062e-04, 4.84966062e-04, 3.39476252e-03,
       0., 2.42483034e-03, 4.84966062e-04, 4.84966062e-04,
       4.84966062e-04, 4.84966062e-04, 0., 0., 0., 9.69932124e-04,
       4.84966062e-04, 2.90979631e-03, 9.69932124e-04, 1.45489816e-03,
       0., 8.24442320e-03, 9.69932124e-04, 0., 1.45489816e-03,
       1.93986425e-03, 4.84966062e-04, 0., 1.93986425e-03,
       2.42483034e-03, 1.93986425e-03, 1.45489816e-03, 9.69932124e-04,
       0., 4.84966062e-04, 4.84966062e-04, 4.84966062e-04,
       4.84966062e-04, 0., 1.45489816e-03, 9.69932124e-04,
       5.33462688e-03, 0., 9.69932124e-04, 0., 9.69932124e-04,
       4.84966062e-04, 4.84966062e-04, 4.84966062e-04, 4.84966062e-04,
       9.69932124e-04, 0., 0., 9.69932124e-04, 4.36469447e-03,
       4.84966062e-04, 0., 3.87972849e-03, 4.84966062e-04,
       9.69932124e-04, 4.84966062e-04, 4.84966062e-04, 9.69932124e-04,
       9.69932124e-04, 4.84966062e-04, 1.93986425e-03, 0., 0.,
       4.84966062e-04, 4.84966062e-04, 1.11542195e-02, 6.30455883e-03,
       1.45489816e-03, 9.69932124e-04, 2.90979631e-03, 4.84966062e-04,
       0., 4.84966062e-04, 0., 4.84966062e-04, 4.84966062e-04,
       1.93986425e-03, 4.84966062e-04, 0., 1.93986425e-03, 0., 0., 0.,
       9.69932124e-04, 4.84966062e-04, 2.42483034e-03, 0.,
       9.69932124e-04, 4.36469447e-03, 4.84966062e-04, 1.93986425e-03,
       4.84966062e-04, 1.45489816e-03, 1.93986425e-03, 0., 0.,
       9.69932124e-04, 2.42483034e-03, 4.84966062e-04, 1.45489816e-03,
       0., 0., 4.84966062e-04, 4.84966062e-04, 1.45489816e-03,
       4.84966062e-04, 1.93986425e-03, 4.84966062e-04, 1.45489816e-03,
       1.45489816e-03, 4.36469447e-03, 1.45489816e-03, 4.84966062e-04,
       1.45489816e-03, 9.69932124e-04, 4.84966062e-04, 0., 0., 0., 0.,
       5.33462688e-03, 1.93986425e-03, 1.45489816e-03, 0.,
       4.84966062e-04, 1.93986425e-03, 9.69932124e-04, 4.84966062e-04,
       1.93986425e-03, 7.27449078e-03, 0., 9.69932124e-04,
       4.84966062e-04, 3.87972849e-03, 1.93986425e-03, 2.90979631e-03,
       0., 0., 4.84966062e-04, 0., 4.84966062e-04, 0., 9.69932124e-04,
       9.69932124e-04, 4.84966062e-04, 9.69932124e-04, 4.36469447e-03,
       4.84966062e-04, 0., 1.45489816e-03, 3.39476252e-03,
       1.45489816e-03, 2.42483034e-03, 0., 9.69932124e-04,
       4.84966062e-04, 2.90979631e-03, 0., 9.69932124e-04,
       4.84966062e-04, 0., 4.84966062e-04, 9.69932124e-04,
       3.87972849e-03, 3.87972849e-03, 4.84966062e-04, 4.84966062e-04,
       4.84966062e-04, 9.69932124e-04, 4.84966062e-04, 4.84966062e-04,
       0., 2.42483034e-03, 2.42483034e-03, 3.39476252e-03,
       1.93986425e-03, 1.45489816e-03, 0., 0., 4.84966062e-04,
       1.64888464e-02, 9.69932124e-04, 2.42483034e-03, 9.69932124e-04,
       4.84966062e-04, 4.84966062e-04, 9.69932124e-04, 9.69932124e-04,
       1.93986425e-03, 1.45489816e-03, 4.84966062e-04, 4.84966062e-04,
       6.30455883e-03, 2.90979631e-03, 9.69932124e-04, 0.,
       4.84966062e-04, 2.42483034e-03, 1.45489816e-03, 0., 0.,
       9.69932124e-04, 0., 9.69932124e-04, 1.45489816e-03, 0.,
       4.84966062e-04, 0., 1.45489816e-03, 4.84966062e-04,
       3.87972849e-03, 2.90979631e-03, 9.69932124e-04, 1.06692538e-02,
