%YAML:1.0
m25n: !!opencv-matrix
   rows: 1
   cols: 800
   dt: f
   data: [ 0., 5.94177051e-04, 1.78253115e-03, 0., 1.18835410e-03,
       5.94177051e-04, 2.97088525e-03, 7.13012461e-03, 1.78253115e-03,
       0., 5.94177051e-04, 1.78253115e-03, 1.78253115e-03,
       5.94177051e-04, 1.18835410e-03, 3.56506230e-03, 5.94177051e-04,
       0., 5.94177051e-04, 5.94177051e-04, 5.94177051e-04,
       1.18835410e-03, 0., 7.13012461e-03, 2.37670820e-03,
       2.37670820e-03, 5.94177051e-04, 2.37670820e-03, 0.,
       1.18835410e-03, 8.31847824e-03, 1.78253115e-03, 1.06951874e-02,
       5.94177051e-04, 0., 0., 1.78253115e-03, 5.94177051e-04,
       1.78253115e-03, 1.18835410e-03, 1.18835410e-03, 1.18835410e-03,
       0., 3.56506230e-03, 0., 0., 0., 5.94177051e-04, 0.,
       5.94177051e-04, 0., 1.18835410e-03, 3.56506230e-03,
       1.78253115e-03, 1.78253115e-03, 7.72430189e-03, 1.78253115e-03,
       5.94177051e-04, 0., 0., 0., 5.94177051e-04, 4.15923912e-03, 0.,
       0., 1.78253115e-03, 2.37670820e-03, 2.37670820e-03, 0.,
       1.78253115e-03, 1.18835410e-03, 5.94177051e-04, 0.,
       1.78253115e-03, 0., 5.94177051e-03, 3.56506230e-03,
       1.18835410e-03, 5.94177051e-04, 2.19845511e-02, 0.,
       3.56506230e-03, 0., 1.18835410e-03, 3.56506230e-03, 0.,
       5.94177051e-04, 5.94177051e-04, 0., 2.25787275e-02,
       2.97088525e-03, 0., 5.94177051e-04, 5.94177051e-04, 0., 0.,
       1.78253115e-03, 1.18835410e-03, 5.94177051e-04, 0., 0.,
       2.97088525e-03, 0., 5.94177051e-04, 5.94177051e-04, 0., 0., 0.,
       0., 0., 0., 5.94177051e-04, 5.94177051e-04, 5.94177051e-04,
       5.94177051e-04, 5.94177051e-03, 0., 4.15923912e-03, 0.,
       7.72430189e-03, 0., 0., 0., 1.78253115e-03, 5.94177051e-04,
       5.94177051e-04, 0., 2.37670820e-03, 5.94177051e-04,
       2.37670820e-03, 1.78253115e-03, 5.94177051e-04, 5.94177051e-04,
       0., 5.94177051e-04, 5.94177051e-04, 5.94177051e-04,
       5.94177051e-04, 5.94177051e-04, 0., 1.18835410e-03,
       2.97088525e-03, 2.37670820e-03, 5.94177051e-04, 0., 0., 0.,
       4.75341640e-03, 1.18835410e-03, 2.37670820e-03, 5.94177051e-04,
       1.78253115e-03, 1.78253115e-03, 2.97088525e-03, 0.,
       5.94177051e-04, 1.18835410e-03, 1.18835410e-03, 0.,
       1.78253115e-03, 1.30718946e-02, 0., 2.97088525e-03,
       5.94177051e-04, 1.18835410e-03, 0., 0., 0., 2.97088525e-03,
       5.94177051e-04, 5.94177051e-04, 1.18835410e-03, 0.,
       5.94177051e-04, 0., 5.94177051e-04, 5.94177051e-04,
       3.56506230e-03, 3.56506230e-03, 1.78253115e-03, 5.94177051e-04,
       0., 0., 2.37670820e-03, 0., 2.37670820e-03, 0., 0., 0., 0., 0.,
       0., 1.78253115e-03, 0., 5.94177051e-04, 0., 0., 5.94177051e-04,
       5.94177051e-04, 5.94177051e-04, 0., 2.97088525e-03,
       1.78253115e-03, 0., 5.94177051e-04, 2.37670820e-03,
       5.94177051e-04, 1.18835410e-03, 5.94177051e-04, 5.94177051e-04,
       0., 3.56506230e-03, 2.37670820e-03, 1.78253115e-03, 0., 0.,
       1.78253115e-03, 0., 2.97088525e-03, 0., 5.94177051e-04,
       1.78253115e-03, 1.18835410e-03, 5.94177051e-04, 5.94177051e-04,
       1.18835410e-03, 1.18835410e-03, 0., 5.94177051e-04, 0.,
       1.18835410e-03, 0., 1.18835410e-03, 0., 5.94177051e-04,
       5.94177051e-04, 0., 0., 1.18835410e-03, 5.94177051e-04, 0., 0.,
       0., 5.94177051e-04, 5.94177051e-04, 4.15923912e-03,
       4.15923912e-03, 5.94177051e-04, 1.78253115e-03, 0., 0., 0., 0.,
       5.94177051e-04, 0., 0., 5.94177051e-04, 5.94177051e-04,
       5.94177051e-04, 5.94177051e-04, 0., 2.37670820e-03, 0.,
       2.97088525e-03, 5.94177051e-04, 0., 4.75341640e-03, 0.,
       5.94177051e-04, 5.94177051e-04, 1.18835410e-03, 5.94177051e-04,
       5.94177051e-04, 0., 0., 0., 0., 5.94177051e-04, 1.18835410e-03,
       0., 5.94177051e-04, 0., 0., 8.91265552e-03, 1.18835410e-03,
       4.15923912e-03, 3.56506230e-03, 5.94177051e-04, 1.18835410e-03,
       0., 1.18835410e-03, 5.94177051e-04, 1.18835410e-03, 0.,
       4.75341640e-03, 2.37670820e-03, 1.18835410e-03, 0.,
       5.94177051e-04, 3.56506230e-03, 1.78253115e-03, 1.18835410e-03,
       0., 1.18835410e-03, 1.18835410e-03, 5.94177051e-04,
       1.42602492e-02, 1.18835410e-03, 1.06951874e-02, 5.94177051e-04,
       0., 0., 0., 5.94177051e-04, 5.94177051e-04, 5.94177051e-04,
       5.94177051e-04, 4.15923912e-03, 1.18835410e-03, 0.,
       5.94177051e-04, 0., 5.94177051e-04, 0., 0., 2.37670820e-03, 0.,
       1.18835410e-03, 0., 1.18835410e-03, 5.94177051e-04,
       5.94177051e-04, 0., 1.18835410e-03, 1.18835410e-03,
       1.18835410e-03, 1.01010101e-02, 1.18835410e-03, 0.,
       5.94177051e-04, 5.94177051e-04, 0., 0., 5.94177051e-04,
       1.18835410e-03, 5.94177051e-04, 0., 2.37670820e-03,
       2.37670820e-03, 5.94177051e-04, 1.18835410e-03, 5.94177051e-04,
       0., 0., 4.15923912e-03, 3.56506230e-03, 1.78253115e-03, 0.,
       2.97088525e-03, 1.78253115e-03, 1.18835410e-03, 0.,
       1.78253115e-03, 2.97088525e-03, 5.94177051e-04, 2.37670820e-03,
       2.37670820e-03, 0., 0., 0., 1.18835410e-03, 0., 2.37670820e-03,
       1.18835410e-03, 0., 1.18835410e-03, 1.18835410e-03, 0.,
       5.94177051e-04, 0., 1.18835410e-03, 2.97088525e-03,
       1.78253115e-03, 5.94177051e-04, 0., 5.94177051e-04, 0.,
       2.37670820e-03, 0., 0., 5.94177051e-04, 0., 4.75341640e-03,
       2.37670820e-03, 1.18835410e-03, 1.78253115e-03, 2.37670820e-03,
       1.18835410e-03, 5.94177051e-04, 0., 0., 5.94177051e-04, 0.,
       5.94177051e-04, 0., 0., 0., 5.94177051e-04, 0., 1.78253115e-03,
       1.18835410e-02, 5.94177051e-04, 5.94177051e-04, 5.94177051e-04,
       5.94177051e-04, 5.94177051e-04, 0., 5.94177051e-04, 0.,
       3.56506230e-03, 0., 0., 5.94177051e-04, 0., 3.56506230e-03, 0.,
       1.78253115e-03, 0., 0., 1.18835410e-03, 3.56506230e-03,
       5.94177051e-04, 5.94177051e-04, 3.56506230e-03, 1.78253115e-03,
       4.75341640e-03, 5.94177051e-04, 1.78253115e-03, 0., 0.,
       2.37670820e-03, 0., 0., 1.18835410e-03, 1.18835410e-03,
       1.18835410e-03, 2.37670820e-03, 0., 0., 5.94177051e-04,
       4.15923912e-03, 1.18835410e-03, 5.94177051e-03, 5.34759369e-03,
       5.94177051e-04, 0., 5.94177051e-04, 5.94177051e-04, 0.,
       5.94177051e-04, 1.18835410e-03, 1.18835410e-03, 5.94177051e-04,
       0., 0., 1.18835410e-03, 3.56506230e-03, 5.94177051e-04, 0., 0.,
       1.78253115e-03, 0., 5.94177051e-04, 1.78253115e-03,
       2.37670820e-03, 0., 5.94177051e-04, 1.18835410e-03, 0., 0.,
       4.75341640e-03, 0., 0., 5.94177051e-04, 0., 0., 1.18835410e-03,
       5.94177051e-04, 5.94177051e-04, 5.94177051e-04, 1.18835410e-03,
       0., 5.94177051e-04, 1.78253115e-03, 5.94177051e-04,
       1.78253115e-03, 0., 5.94177051e-04, 1.78253115e-03, 0.,
       2.37670820e-03, 0., 5.94177051e-04, 1.18835410e-03,
       1.18835410e-03, 1.06951874e-02, 1.78253115e-03, 1.18835410e-03,
       4.15923912e-03, 1.18835410e-03, 0., 1.06951874e-02,
       1.18835410e-03, 0., 0., 0., 0., 4.15923912e-03, 2.37670820e-03,
       4.75341640e-03, 0., 2.97088525e-03, 5.94177051e-04,
       1.12893637e-02, 5.94177051e-04, 5.94177051e-04, 5.94177051e-04,
       0., 0., 5.94177051e-04, 0., 1.18835410e-03, 0., 4.75341640e-03,
       1.18835410e-03, 2.97088525e-03, 0., 1.18835410e-03, 0., 0.,
       1.18835410e-03, 0., 5.94177051e-04, 1.18835410e-03,
       5.94177051e-04, 2.97088525e-03, 5.94177051e-04, 5.94177051e-04,
       5.94177051e-04, 0., 0., 1.78253115e-03, 0., 0., 1.78253115e-03,
       1.78253115e-03, 0., 5.94177051e-04, 1.78253115e-03, 0.,
       5.94177051e-04, 1.18835410e-03, 1.18835410e-03, 0., 0.,
       2.37670820e-03, 1.18835410e-03, 4.75341640e-03, 1.18835410e-03,
       5.94177051e-04, 0., 5.94177051e-04, 0., 0., 5.94177051e-04,
       4.15923912e-03, 1.18835410e-03, 2.37670820e-03, 0., 0., 0., 0.,
       1.18835410e-03, 0., 2.37670820e-03, 0., 0., 5.94177051e-04,
       4.15923912e-03, 0., 5.94177051e-04, 7.13012461e-03,
       2.79263221e-02, 0., 5.94177051e-04, 5.94177051e-04, 0.,
