%YAML:1.0
m25n: !!opencv-matrix
   rows: 1
   cols: 800
   dt: f
   data: [ 6.42673520e-04, 2.89203087e-03, 2.89203087e-03,
       6.42673520e-04, 1.28534704e-03, 1.28534704e-03, 4.17737802e-03,
       0., 3.21336760e-04, 9.64010251e-04, 3.21336760e-04,
       9.64010251e-04, 1.28534704e-03, 1.92802050e-03, 9.64010251e-04,
       1.60668383e-03, 6.42673520e-04, 2.24935729e-03, 3.21336760e-04,
       1.28534704e-03, 0., 9.64010251e-04, 9.64010251e-04,
       2.24935729e-03, 6.42673520e-04, 6.42673520e-04, 1.60668383e-03,
       6.42673520e-04, 1.28534704e-03, 9.64010251e-04, 1.60668383e-03,
       9.64010251e-04, 6.42673520e-04, 3.21336760e-04, 0.,
       1.92802050e-03, 1.92802050e-03, 9.64010251e-04, 3.21336760e-04,
       3.21336760e-04, 1.28534704e-03, 4.17737802e-03, 9.64010251e-04,
       1.92802050e-03, 2.24935729e-03, 6.42673520e-04, 3.21336760e-04,
       2.24935729e-03, 6.42673520e-04, 1.28534704e-03, 1.92802050e-03,
       6.42673520e-04, 3.21336760e-04, 6.42673520e-04, 6.42673520e-04,
       2.57069408e-03, 6.74807187e-03, 1.60668383e-03, 2.24935729e-03,
       0., 1.92802050e-03, 1.92802050e-03, 3.21336766e-03,
       6.42673520e-04, 0., 1.60668383e-03, 6.42673520e-04,
       6.42673520e-04, 3.21336760e-04, 9.64010251e-04, 9.64010251e-04,
       1.60668383e-03, 2.57069408e-03, 0., 2.24935729e-03,
       3.21336760e-04, 2.24935729e-03, 9.64010251e-04, 1.28534704e-03,
       9.64010251e-04, 1.28534704e-03, 6.42673520e-04, 9.64010251e-04,
       9.64010251e-04, 1.60668383e-03, 0., 3.21336760e-04,
       2.89203087e-03, 6.42673520e-04, 5.46272472e-03, 6.42673520e-04,
       6.42673520e-04, 6.42673520e-04, 6.42673520e-04, 3.21336760e-04,
       1.28534704e-03, 9.64010251e-04, 1.60668383e-03, 0.,
       2.89203087e-03, 2.89203087e-03, 1.28534704e-03, 4.17737802e-03,
       6.42673520e-04, 3.21336760e-04, 1.60668383e-03, 9.64010251e-04,
       6.42673520e-04, 1.92802050e-03, 9.64010251e-04, 9.64010251e-04,
       6.42673520e-04, 1.28534704e-03, 3.21336766e-03, 0.,
       1.92802050e-03, 2.57069408e-03, 9.64010251e-04, 3.53470445e-03,
       2.57069408e-03, 1.92802050e-03, 1.92802050e-03, 6.42673520e-04,
       9.64010251e-04, 3.21336766e-03, 9.64010251e-04, 1.28534704e-03,
       1.28534704e-03, 3.21336760e-04, 1.28534704e-03, 1.60668383e-03,
       1.60668383e-03, 1.92802050e-03, 2.57069408e-03, 9.64010251e-04,
       9.31876618e-03, 9.64010251e-04, 6.42673520e-04, 0.,
       6.42673520e-04, 6.42673520e-04, 3.85604100e-03, 9.64010251e-04,
       6.42673520e-04, 6.42673520e-04, 6.42673520e-04, 9.64010251e-04,
       9.64010251e-04, 6.42673520e-04, 3.21336760e-04, 9.64010251e-04,
       1.92802050e-03, 2.24935729e-03, 6.42673520e-04, 9.64010251e-04,
       9.64010251e-04, 0., 9.64010251e-04, 3.21336760e-04,
       2.89203087e-03, 3.21336760e-04, 6.42673520e-04, 3.21336760e-04,
       6.42673520e-04, 0., 6.42673520e-04, 6.42673520e-04,
       1.28534704e-03, 2.24935729e-03, 1.28534704e-03, 9.64010251e-04,
       3.21336760e-04, 1.28534704e-03, 1.28534704e-03, 0.,
       1.28534704e-03, 3.21336760e-04, 1.28534704e-03, 9.64010251e-04,
       2.57069408e-03, 4.82005160e-03, 9.64010251e-04, 9.64010251e-04,
       6.42673520e-04, 2.24935729e-03, 3.21336760e-04, 9.64010251e-04,
       6.42673520e-04, 2.24935729e-03, 1.92802050e-03, 1.92802050e-03,
       1.28534704e-03, 1.28534704e-03, 9.64010251e-04, 2.24935729e-03,
       1.28534704e-03, 3.21336760e-04, 6.42673520e-04, 6.42673520e-04,
       6.42673520e-04, 6.42673520e-04, 1.28534704e-03, 7.39074545e-03,
       3.21336766e-03, 6.42673520e-04, 3.21336760e-04, 1.28534704e-03,
       9.64010251e-04, 3.21336760e-04, 2.24935729e-03, 2.57069408e-03,
       1.28534704e-03, 1.92802050e-03, 1.28534704e-03, 9.64010251e-04,
       1.92802050e-03, 6.42673520e-04, 2.24935729e-03, 0.,
       1.92802050e-03, 6.42673520e-04, 2.57069408e-03, 9.64010251e-04,
       1.28534704e-03, 2.57069408e-03, 9.64010251e-04, 6.42673520e-04,
       1.92802050e-03, 2.89203087e-03, 7.71208201e-03, 1.28534704e-03,
       1.28534704e-03, 1.92802050e-03, 9.64010251e-04, 1.60668383e-03,
       6.42673520e-04, 3.21336766e-03, 9.64010251e-04, 6.42673520e-04,
       0., 2.89203087e-03, 3.21336760e-04, 1.92802050e-03,
       2.57069408e-03, 1.60668383e-03, 9.64010251e-04, 2.57069408e-03,
       1.60668383e-03, 0., 6.42673520e-04, 6.42673520e-04,
       3.21336760e-04, 9.64010251e-04, 1.28534704e-03, 3.21336760e-04,
       0., 9.64010251e-04, 6.42673520e-04, 9.64010251e-04,
       1.92802050e-03, 1.28534704e-03, 6.42673520e-04, 9.64010251e-04,
       9.64010251e-04, 1.60668383e-03, 3.21336760e-04, 3.21336760e-04,
       1.28534704e-03, 9.64010251e-04, 9.64010251e-04, 9.64010251e-04,
       9.64010251e-04, 6.42673520e-04, 0., 9.64010251e-04,
       6.42673520e-04, 9.64010251e-04, 2.89203087e-03, 1.92802050e-03,
       0., 4.17737802e-03, 1.60668383e-03, 1.60668383e-03,
       1.92802050e-03, 9.64010251e-04, 2.24935729e-03, 6.42673520e-04,
       9.64010251e-04, 6.42673520e-04, 6.42673520e-04, 0.,
       6.42673520e-04, 0., 2.57069408e-03, 0., 9.64010251e-04,
       3.21336760e-04, 3.21336760e-04, 0., 6.42673520e-04,
       1.92802050e-03, 1.28534704e-03, 9.64010251e-04, 3.21336760e-04,
       0., 0., 3.21336760e-04, 9.64010251e-04, 9.64010251e-04,
       3.21336766e-03, 1.92802050e-03, 6.42673520e-04, 3.21336760e-04,
       3.53470445e-03, 6.42673520e-04, 1.92802050e-03, 2.57069408e-03,
       3.21336760e-04, 3.21336760e-04, 9.64010251e-04, 6.42673520e-04,
       1.60668383e-03, 6.42673520e-04, 9.64010251e-04, 6.42673520e-04,
       1.28534704e-03, 0., 2.57069408e-03, 2.24935729e-03,
       6.42673520e-04, 2.24935729e-03, 1.28534704e-03, 9.64010251e-04,
       1.92802050e-03, 0., 5.14138816e-03, 1.28534704e-03,
       3.21336760e-04, 1.92802050e-03, 1.92802050e-03, 0.,
       1.28534704e-03, 9.64010251e-04, 6.42673520e-04, 1.60668383e-03,
       1.28534704e-03, 3.21336760e-04, 6.42673520e-04, 6.42673520e-04,
       2.89203087e-03, 6.42673520e-04, 1.60668383e-03, 9.64010251e-04,
       6.42673520e-04, 2.89203087e-03, 9.64010251e-04, 3.21336760e-04,
       3.21336760e-04, 6.42673520e-04, 6.42673520e-04, 6.42673520e-04,
       6.42673520e-04, 1.92802050e-03, 3.21336760e-04, 1.28534704e-03,
       1.28534704e-03, 6.42673520e-04, 6.42673520e-04, 2.24935729e-03,
       2.57069408e-03, 1.28534704e-03, 9.64010251e-04, 2.57069408e-03,
       3.21336760e-04, 9.64010251e-04, 0., 9.64010251e-04, 0.,
       1.60668383e-03, 3.21336760e-04, 3.53470445e-03, 6.42673520e-04,
       3.21336760e-04, 6.42673520e-04, 1.28534704e-03, 9.64010251e-04,
       6.42673520e-04, 9.64010251e-04, 2.24935729e-03, 6.42673520e-04,
       2.24935729e-03, 3.21336766e-03, 6.42673520e-04, 1.60668383e-03,
       9.64010251e-04, 6.42673520e-04, 2.57069408e-03, 9.64010251e-04,
       6.42673520e-04, 1.28534704e-03, 0., 1.92802050e-03,
       2.24935729e-03, 1.60668383e-03, 6.42673520e-04, 9.64010251e-04,
       6.42673520e-04, 6.42673520e-04, 1.60668383e-03, 3.21336760e-04,
       9.64010251e-04, 1.28534704e-03, 9.64010251e-04, 1.28534704e-03,
       2.24935729e-03, 7.06940889e-03, 0., 9.64010251e-04,
       3.21336766e-03, 6.42673520e-04, 6.42673520e-04, 3.21336760e-04,
       9.64010251e-04, 6.42673520e-04, 1.60668383e-03, 6.42673520e-04,
       9.64010251e-04, 3.21336760e-04, 6.42673520e-04, 6.42673520e-04,
       9.64010251e-04, 9.64010251e-04, 6.42673520e-04, 3.21336760e-04,
       1.28534704e-03, 9.64010251e-04, 6.42673520e-04, 0.,
       1.28534704e-03, 3.85604100e-03, 2.24935729e-03, 0.,
       1.60668383e-03, 1.60668383e-03, 1.60668383e-03, 6.42673520e-04,
       1.28534706e-02, 9.64010251e-04, 9.64010251e-04, 1.28534704e-03,
       3.21336760e-04, 1.28534704e-03, 9.64010251e-04, 1.28534704e-03,
       2.24935729e-03, 3.21336766e-03, 3.21336760e-04, 1.28534704e-03,
       0., 2.24935729e-03, 3.21336760e-04, 6.42673520e-04,
       1.28534704e-03, 0., 0., 0., 0., 1.60668383e-03, 0.,
       2.57069408e-03, 2.24935729e-03, 1.60668383e-03, 3.21336760e-04,
