%YAML:1.0
m25n: !!opencv-matrix
   rows: 1
   cols: 800
   dt: f
   data: [ 3.58937541e-04, 0., 5.02512557e-03, 1.07681262e-03,
       1.07681262e-03, 3.58937541e-04, 3.58937541e-04, 0., 0.,
       1.07681262e-03, 1.43575016e-03, 2.15362525e-03, 1.43575016e-03,
       2.51256279e-03, 7.17875082e-04, 3.58937541e-04, 4.66618780e-03,
       3.58937541e-04, 3.58937541e-04, 1.43575016e-03, 3.58937541e-04,
       2.15362525e-03, 1.07681262e-03, 1.72290020e-02, 0., 0.,
       1.79468771e-03, 1.79468771e-03, 1.57932527e-02, 1.32806888e-02,
       2.51256279e-03, 1.43575016e-03, 3.58937541e-04, 7.17875082e-04,
       3.58937541e-04, 3.58937541e-04, 0., 0., 1.43575016e-03,
       3.58937541e-04, 1.43575016e-03, 1.07681262e-03, 3.58937541e-04,
       3.58937541e-04, 7.17875082e-04, 2.51256279e-03, 3.58937541e-04,
       3.94831318e-03, 0., 0., 3.58937541e-04, 1.79468771e-03, 0., 0.,
       1.43575016e-03, 3.58937541e-04, 1.43575016e-03, 1.79468771e-03,
       1.07681262e-03, 3.58937541e-04, 0., 0., 1.43575016e-03,
       1.43575016e-03, 1.79468771e-03, 3.58937541e-04, 3.58937541e-04,
       1.43575016e-03, 2.15362525e-03, 0., 2.51256279e-03, 0., 0.,
       3.23043787e-03, 3.58937541e-04, 7.17875082e-04, 3.58937541e-03,
       0., 1.79468771e-03, 4.30725049e-03, 0., 1.07681262e-03,
       7.17875082e-04, 7.17875082e-04, 7.17875082e-04, 7.17875082e-04,
       2.15362525e-03, 2.15362525e-03, 1.79468771e-03, 2.15362525e-03,
       1.79468771e-03, 1.79468771e-03, 7.17875082e-04, 0.,
       3.58937541e-04, 0., 3.58937541e-04, 4.66618780e-03,
       3.58937541e-04, 0., 7.17875082e-04, 1.07681262e-03,
       1.07681262e-03, 1.79468771e-03, 3.58937541e-04, 2.51256279e-03,
       2.15362525e-03, 0., 5.38406335e-03, 3.94831318e-03,
       7.17875082e-04, 7.17875082e-04, 2.15362525e-03, 0.,
       7.17875082e-04, 0., 1.07681262e-03, 1.43575016e-03,
       1.07681262e-03, 0., 3.58937541e-04, 2.87150033e-03,
       3.58937541e-04, 1.43575016e-03, 1.79468771e-03, 1.79468771e-03,
       2.51256279e-03, 1.43575016e-03, 1.79468771e-03, 0.,
       3.58937541e-04, 3.58937541e-04, 2.87150033e-03, 0.,
       1.07681262e-03, 0., 3.58937541e-04, 7.17875082e-04,
       1.43575016e-03, 2.51256279e-03, 1.43575016e-03, 7.17875082e-04,
       3.58937541e-04, 3.58937541e-04, 3.58937541e-04, 3.58937541e-04,
       1.43575016e-03, 7.17875082e-04, 0., 7.17875082e-04,
       1.07681262e-03, 3.58937541e-04, 1.79468771e-03, 3.58937541e-04,
       2.15362525e-03, 0., 2.51256279e-03, 7.17875082e-04, 0.,
       3.58937541e-04, 1.43575016e-03, 2.51256279e-03, 2.51256279e-03,
       1.07681262e-03, 0., 0., 3.58937541e-04, 1.79468771e-03, 0., 0.,
       1.43575016e-03, 3.58937541e-03, 7.17875082e-04, 0.,
       7.17875082e-04, 7.17875082e-04, 1.07681262e-03, 2.15362525e-03,
       2.15362525e-03, 7.17875082e-04, 5.74300066e-03, 2.15362525e-03,
       1.07681262e-03, 1.07681262e-03, 0., 7.17875082e-04, 0.,
       3.58937541e-04, 0., 3.58937541e-04, 3.23043787e-03,
       7.17875082e-04, 1.07681262e-03, 0., 1.43575016e-03,
       3.58937541e-04, 1.43575016e-03, 7.17875082e-04, 7.17875082e-04,
       2.15362525e-03, 5.02512557e-03, 1.43575016e-03, 3.58937541e-04,
       3.58937541e-04, 0., 7.17875082e-04, 3.58937541e-03,
       4.30725049e-03, 0., 3.58937541e-04, 1.07681262e-03,
       3.58937541e-03, 3.58937541e-04, 3.58937541e-04, 3.58937541e-04,
       0., 7.17875082e-04, 2.51256279e-03, 1.43575016e-03,
       1.79468771e-03, 1.43575016e-03, 3.94831318e-03, 1.43575016e-03,
       3.58937541e-04, 0., 3.58937541e-04, 1.07681262e-03,
       1.43575016e-03, 0., 2.87150033e-03, 3.58937541e-04,
       7.17875082e-04, 3.58937541e-04, 2.15362525e-03, 0.,
       7.17875082e-04, 3.58937541e-04, 3.94831318e-03, 7.17875082e-04,
       7.17875082e-04, 1.43575016e-03, 2.15362525e-03, 7.17875082e-04,
       3.23043787e-03, 0., 3.23043787e-03, 4.30725049e-03,
       1.43575016e-03, 3.58937541e-04, 3.58937541e-03, 3.58937541e-04,
       3.58937541e-04, 1.07681262e-03, 3.58937541e-04, 7.17875082e-04,
       0., 1.79468771e-03, 1.79468771e-03, 7.17875082e-04,
       3.23043787e-03, 1.07681262e-03, 0., 3.58937541e-04,
       2.87150033e-03, 3.58937541e-04, 1.79468771e-03, 0., 0., 0.,
       1.79468771e-03, 7.17875082e-04, 0., 7.17875082e-04,
       3.58937541e-04, 0., 1.79468771e-03, 0., 0., 7.17875082e-04,
       1.07681262e-03, 0., 3.58937541e-04, 3.58937541e-04,
       1.07681262e-03, 1.07681262e-03, 3.58937541e-04, 1.79468771e-03,
       0., 0., 3.58937541e-04, 2.15362525e-03, 3.58937541e-04,
       1.07681262e-03, 1.07681262e-03, 1.43575016e-03, 1.79468771e-03,
       0., 3.58937541e-04, 7.17875082e-04, 0., 1.07681262e-03, 0.,
       1.79468771e-03, 2.51256279e-03, 7.17875082e-04, 7.17875082e-04,
       3.58937541e-04, 1.07681262e-03, 1.43575016e-03, 2.15362525e-03,
       1.07681262e-03, 1.43575016e-02, 6.10193796e-03, 7.17875082e-04,
       3.58937541e-04, 1.00502511e-02, 1.07681262e-03, 3.58937541e-04,
       0., 0., 1.43575016e-03, 2.87150033e-03, 3.58937541e-04,
       7.17875082e-04, 3.58937541e-04, 1.43575016e-03, 3.58937541e-04,
       3.58937541e-04, 0., 2.15362525e-03, 1.79468771e-03, 0.,
       2.87150033e-03, 1.43575016e-03, 0., 1.79468771e-03, 0.,
       2.51256279e-03, 3.58937541e-04, 3.58937541e-04, 7.17875082e-04,
       8.25556368e-03, 3.58937541e-04, 7.17875082e-04, 0.,
       7.17875082e-04, 0., 0., 0., 2.15362525e-03, 1.07681262e-03,
       3.58937541e-04, 0., 2.51256279e-03, 3.58937541e-04, 0.,
       3.58937541e-03, 1.07681262e-03, 7.17875082e-04, 1.43575016e-03,
       7.17875082e-04, 1.43575016e-03, 7.17875082e-04, 0.,
       1.07681262e-03, 2.51256279e-03, 1.43575016e-03, 3.58937541e-04,
       7.17875082e-04, 7.17875082e-04, 3.58937541e-03, 4.66618780e-03,
       0., 7.17875082e-04, 1.43575016e-03, 1.07681262e-03,
       3.58937541e-04, 1.07681262e-03, 3.58937541e-04, 2.87150033e-03,
       0., 0., 1.07681262e-03, 7.17875082e-04, 7.17875082e-04, 0.,
       2.15362525e-03, 3.58937541e-04, 2.87150033e-03, 1.07681262e-03,
       0., 1.07681262e-03, 0., 1.43575016e-03, 1.79468771e-03,
       3.58937541e-04, 7.17875082e-04, 1.79468771e-03, 3.23043787e-03,
       1.07681262e-03, 3.58937541e-04, 3.58937541e-04, 1.43575016e-03,
       2.87150033e-03, 0., 1.07681262e-03, 0., 3.58937541e-04,
       1.79468771e-03, 0., 0., 3.58937541e-04, 7.17875082e-04,
       2.15362525e-03, 0., 7.17875082e-04, 0., 7.17875082e-04, 0.,
       1.43575016e-03, 3.58937541e-04, 1.07681262e-03, 1.79468771e-03,
       0., 0., 0., 2.15362525e-03, 7.17875082e-03, 0., 1.07681262e-03,
       2.15362525e-03, 3.58937541e-04, 0., 1.07681262e-03,
       2.15362525e-03, 2.87150033e-03, 1.43575016e-03, 3.58937541e-04,
       3.58937541e-04, 0., 0., 1.07681262e-03, 0., 1.79468771e-03, 0.,
       0., 0., 1.43575016e-03, 3.58937541e-04, 0., 2.51256279e-03,
       3.58937541e-04, 7.17875082e-04, 4.30725049e-03, 1.43575016e-03,
       3.58937541e-04, 0., 1.07681262e-03, 7.17875082e-04, 0., 0., 0.,
       2.15362525e-03, 7.17875082e-04, 1.43575016e-03, 1.79468771e-03,
       1.79468771e-03, 3.58937541e-04, 3.58937541e-04, 0.,
       3.58937541e-04, 3.58937541e-04, 4.66618780e-03, 7.17875082e-04,
       0., 3.58937541e-04, 7.17875082e-04, 0., 7.17875082e-04,
       3.58937541e-04, 3.58937541e-04, 0., 2.87150033e-03,
       7.17875082e-04, 3.58937541e-04, 0., 7.17875082e-04,
       1.07681262e-03, 0., 1.07681262e-03, 3.58937541e-04,
       3.58937541e-04, 0., 3.58937541e-04, 0., 3.58937541e-04,
       7.17875082e-04, 1.07681262e-03, 3.58937541e-04, 1.07681262e-03,
       0., 0., 1.79468771e-03, 1.79468771e-03, 3.58937541e-04,
       1.79468771e-03, 0., 1.07681262e-03, 1.07681262e-03,
       3.58937541e-04, 7.17875082e-04, 7.17875082e-04, 7.17875082e-04,
       0., 1.07681262e-03, 1.07681262e-03, 7.17875082e-04,
       7.17875082e-04, 3.58937541e-04, 1.43575016e-03, 1.07681262e-03,
       3.58937541e-04, 3.23043787e-03, 7.17875082e-04, 7.17875082e-04,
       1.00502511e-02, 3.58937541e-04, 0., 0., 1.07681262e-03,
