%YAML:1.0
m25n: !!opencv-matrix
   rows: 1
   cols: 800
   dt: f
   data: [ 3.72578244e-04, 0., 1.49031298e-03, 3.72578244e-04,
       1.49031298e-03, 0., 3.72578244e-04, 0., 0., 3.72578244e-04,
       2.98062596e-03, 1.49031298e-03, 0., 2.98062596e-03, 0.,
       4.09836089e-03, 2.60804780e-03, 3.72578244e-04, 3.72578244e-04,
       1.86289125e-03, 0., 2.23546941e-03, 1.86289125e-03,
       1.49031298e-03, 3.72578244e-04, 1.11773470e-03, 2.60804780e-03,
       1.11773470e-03, 5.96125191e-03, 2.60804780e-03, 1.11773470e-03,
       7.45156489e-04, 1.86289125e-03, 7.45156489e-04, 0.,
       2.98062596e-03, 0., 7.45156489e-04, 1.49031298e-03,
       3.72578244e-04, 7.45156489e-04, 7.45156489e-04, 0., 0.,
       1.49031298e-03, 2.98062596e-03, 0., 3.72578250e-03,
       7.45156489e-04, 0., 1.49031298e-03, 1.49031298e-03,
       1.11773470e-03, 2.23546941e-03, 1.11773470e-03, 7.45156489e-04,
       0., 1.49031298e-03, 2.98062596e-03, 3.72578244e-04,
       1.11773470e-03, 0., 2.23546941e-03, 7.45156489e-04,
       1.49031298e-03, 3.72578244e-04, 1.11773470e-03, 3.72578244e-04,
       4.47093882e-03, 1.11773470e-03, 2.60804780e-03, 3.72578244e-04,
       7.45156489e-04, 1.49031298e-03, 1.11773470e-03, 7.45156489e-04,
       0., 0., 4.09836089e-03, 1.49031298e-03, 0., 1.11773470e-03,
       2.98062596e-03, 3.72578244e-04, 1.49031298e-03, 1.49031298e-03,
       7.45156489e-04, 1.86289125e-03, 4.47093882e-03, 1.49031298e-03,
       0., 3.72578244e-04, 3.72578244e-04, 0., 1.86289125e-03,
       3.72578244e-04, 1.86289125e-03, 2.98062596e-03, 1.11773470e-03,
       3.35320411e-03, 1.86289125e-03, 0., 3.72578244e-04,
       3.72578244e-04, 0., 4.84351721e-03, 6.33383030e-03,
       1.49031298e-03, 2.23546941e-03, 1.11773470e-03, 1.86289125e-03,
       1.86289125e-03, 6.33383030e-03, 1.11773470e-03, 4.47093882e-03,
       7.45156489e-04, 0., 7.45156489e-04, 1.11773470e-03, 0.,
       1.11773470e-03, 1.11773470e-03, 0., 7.45156489e-04, 0.,
       2.23546941e-03, 1.86289125e-03, 3.72578244e-04, 4.47093882e-03,
       1.86289125e-03, 0., 7.45156489e-04, 4.09836089e-03,
       7.45156489e-04, 2.23546941e-03, 0., 3.72578244e-04,
       3.72578244e-04, 2.23546941e-03, 7.45156489e-04, 1.86289125e-03,
       3.72578244e-04, 0., 1.86289125e-03, 3.72578244e-04, 0.,
       7.45156489e-04, 1.86289125e-03, 0., 3.72578244e-04,
       1.11773470e-03, 3.72578244e-04, 1.49031298e-03, 1.86289125e-03,
       7.45156489e-04, 0., 0., 1.11773470e-03, 3.72578244e-04,
       2.60804780e-03, 0., 3.72578250e-03, 2.23546941e-03,
       1.86289125e-03, 1.11773470e-03, 7.45156489e-04, 7.45156489e-04,
       7.45156489e-04, 0., 0., 1.49031298e-03, 1.86289125e-03,
       1.86289125e-03, 3.72578244e-04, 0., 3.72578244e-04,
       1.49031298e-03, 3.72578244e-04, 6.70640822e-03, 0., 0.,
       5.58867352e-03, 1.11773470e-03, 7.45156489e-04, 7.45156489e-04,
       0., 0., 1.49031298e-03, 0., 7.45156489e-04, 0., 1.11773470e-03,
       7.45156489e-04, 0., 2.60804780e-03, 1.11773470e-03,
       2.23546941e-03, 1.86289125e-03, 1.11773470e-03, 1.49031298e-03,
       7.82414339e-03, 1.86289125e-03, 4.47093882e-03, 1.49031298e-03,
       3.72578244e-04, 3.72578244e-04, 1.49031298e-03, 1.49031298e-03,
       1.11773470e-03, 0., 4.84351721e-03, 7.45156489e-04, 0.,
       1.49031298e-03, 2.23546941e-03, 7.45156489e-04, 2.60804780e-03,
       1.49031298e-03, 1.49031298e-03, 1.49031298e-03, 2.23546941e-03,
       1.86289125e-03, 1.11773470e-03, 1.49031298e-03, 7.45156489e-04,
       7.45156489e-04, 2.23546941e-03, 1.11773470e-03, 0.,
       1.11773470e-03, 1.49031298e-03, 1.11773470e-03, 1.86289125e-03,
       1.49031298e-03, 0., 2.23546941e-03, 2.60804780e-03,
       7.45156489e-04, 1.11773470e-03, 2.23546941e-03, 2.23546941e-03,
       7.45156489e-04, 0., 2.60804780e-03, 0., 3.72578244e-04,
       7.45156489e-04, 2.60804780e-03, 0., 3.72578250e-03,
       3.35320411e-03, 1.86289125e-03, 3.72578244e-04, 3.72578244e-04,
       7.45156489e-04, 1.49031298e-03, 3.72578250e-03, 1.49031298e-03,
       3.72578250e-03, 6.33383030e-03, 1.11773470e-03, 1.11773470e-03,
       3.72578244e-04, 0., 3.72578244e-04, 7.45156489e-04,
       3.72578244e-04, 3.72578244e-04, 3.72578244e-04, 2.23546941e-03,
       1.86289125e-03, 7.45156489e-04, 1.11773470e-03, 1.11773470e-03,
       3.72578244e-04, 1.49031298e-03, 7.45156489e-04, 0.,
       1.86289125e-03, 1.49031298e-03, 7.45156489e-04, 7.45156489e-04,
       3.72578250e-03, 1.86289125e-03, 2.60804780e-03, 2.23546941e-03,
       7.45156489e-04, 4.09836089e-03, 0., 1.49031298e-03,
       1.86289125e-03, 0., 0., 1.49031298e-03, 1.86289125e-03,
       1.11773470e-03, 0., 3.72578244e-04, 3.35320411e-03, 0.,
       2.98062596e-03, 1.11773470e-03, 2.98062596e-03, 0., 0., 0.,
       3.72578244e-04, 0., 2.23546941e-03, 7.45156489e-04,
       1.49031298e-03, 1.86289125e-03, 3.72578250e-03, 1.11773470e-03,
       3.72578244e-04, 2.60804780e-03, 3.72578250e-03, 7.45156489e-04,
       0., 3.72578244e-04, 1.49031298e-03, 1.11773470e-03,
       1.11773470e-03, 7.45156489e-04, 1.11773470e-03, 3.35320411e-03,
       1.11773470e-03, 3.72578244e-04, 7.45156489e-04, 3.72578244e-04,
       2.23546941e-03, 0., 1.49031298e-03, 0., 7.45156489e-04,
       1.11773470e-03, 1.49031298e-03, 3.72578244e-04, 1.49031298e-03,
       7.45156489e-04, 1.11773470e-03, 7.45156489e-04, 7.45156489e-04,
       1.86289125e-03, 1.11773470e-03, 1.49031298e-03, 0.,
       7.45156489e-04, 0., 7.45156489e-04, 2.60804780e-03,
       1.86289125e-03, 3.72578244e-04, 4.09836089e-03, 7.45156489e-04,
       3.72578244e-04, 2.60804780e-03, 1.86289125e-03, 7.45156489e-04,
       1.49031298e-03, 1.11773470e-03, 2.98062596e-03, 7.45156489e-04,
       3.72578244e-04, 1.49031298e-03, 3.72578244e-04, 1.49031298e-03,
       3.72578244e-04, 1.11773470e-03, 7.45156489e-04, 5.58867352e-03,
       1.11773470e-03, 7.45156489e-04, 7.45156489e-04, 1.41579732e-02,
       1.11773470e-03, 0., 0., 1.11773470e-03, 1.86289125e-03,
       1.49031298e-03, 3.72578244e-04, 7.45156489e-04, 3.72578244e-04,
       0., 1.86289125e-03, 1.11773470e-03, 7.45156489e-04,
       1.49031298e-03, 2.98062596e-03, 1.49031298e-03, 1.11773470e-03,
       7.45156489e-04, 3.35320411e-03, 1.86289125e-03, 3.72578244e-04,
       7.45156489e-04, 0., 2.23546941e-03, 1.49031298e-03, 0.,
       2.60804780e-03, 1.86289125e-03, 1.49031298e-03, 7.45156489e-04,
       7.45156489e-04, 3.72578244e-04, 1.49031298e-03, 3.72578244e-04,
       7.45156489e-04, 3.72578244e-04, 7.45156489e-04, 7.45156489e-04,
       4.09836089e-03, 0., 7.45156489e-04, 1.11773470e-03,
       2.60804780e-03, 0., 3.35320411e-03, 7.45156489e-04,
       3.72578244e-04, 1.49031298e-03, 0., 0., 0., 3.35320411e-03, 0.,
       0., 3.72578244e-04, 7.45156489e-04, 1.11773470e-03,
       5.21609560e-03, 3.72578244e-04, 2.23546941e-03, 2.98062596e-03,
       3.72578244e-04, 7.45156489e-04, 7.45156489e-04, 1.11773470e-03,
       1.49031298e-03, 1.11773470e-03, 1.86289125e-03, 1.11773470e-03,
       0., 3.72578244e-04, 0., 7.45156489e-04, 3.72578244e-04,
       1.11773470e-03, 1.11773470e-03, 3.72578244e-04, 7.45156489e-04,
       3.35320411e-03, 2.98062596e-03, 1.49031298e-03, 0.,
       1.11773470e-03, 1.11773470e-03, 7.45156489e-04, 7.45156489e-04,
       0., 3.72578244e-04, 3.72578244e-04, 2.98062596e-03,
       2.23546941e-03, 0., 0., 7.45156489e-04, 1.49031298e-03,
       7.45156489e-04, 0., 1.11773470e-03, 1.11773470e-03,
       3.72578244e-04, 0., 1.86289125e-03, 3.72578244e-04, 0.,
       3.35320411e-03, 3.72578244e-04, 0., 7.45156489e-04,
       1.11773470e-03, 0., 3.72578244e-04, 7.45156489e-04, 0., 0.,
       1.11773470e-03, 7.45156489e-04, 3.72578244e-04, 3.72578244e-04,
       4.47093882e-03, 1.49031298e-03, 1.49031298e-03, 3.72578244e-04,
       3.72578244e-04, 1.86289125e-03, 3.72578244e-04, 7.45156489e-04,
       0., 5.96125191e-03, 1.86289125e-03, 2.23546941e-03,
       2.60804780e-03, 0., 1.49031298e-03, 1.86289125e-03,
       1.11773470e-03, 2.23546941e-03, 7.45156489e-04, 1.49031298e-03,
