%YAML:1.0
m25n: !!opencv-matrix
   rows: 1
   cols: 800
   dt: f
   data: [ 3.89559806e-04, 2.72691855e-03, 3.50603834e-03,
       3.89559806e-04, 3.89559806e-04, 3.89559800e-03, 1.55823922e-03,
       3.50603834e-03, 7.79119611e-04, 7.79119611e-04, 3.89559806e-04,
       1.16867945e-03, 1.55823922e-03, 6.62251655e-03, 0.,
       3.89559806e-04, 7.79119611e-04, 0., 3.89559806e-04,
       1.94779900e-03, 7.79119611e-04, 7.79119611e-04, 3.89559806e-04,
       3.11647845e-03, 7.79119611e-04, 3.89559806e-04, 3.89559806e-04,
       3.89559806e-04, 1.94779900e-03, 0., 2.33735889e-03,
       2.33735889e-03, 2.33735889e-03, 1.16867945e-03, 1.16867945e-03,
       7.79119611e-04, 3.89559806e-04, 3.89559806e-04, 4.67471778e-03,
       3.89559800e-03, 0., 3.89559806e-04, 3.89559806e-04,
       5.84339723e-03, 3.89559806e-04, 1.16867945e-03, 0.,
       1.16867945e-03, 0., 7.79119611e-04, 0., 3.89559806e-04, 0.,
       1.55823922e-03, 3.89559806e-04, 7.01207668e-03, 1.55823922e-03,
       1.16867945e-03, 0., 7.79119611e-04, 0., 3.11647845e-03,
       1.94779900e-03, 7.79119611e-04, 0., 7.79119611e-04, 0.,
       1.94779900e-03, 1.16867945e-03, 3.50603834e-03, 2.33735889e-03,
       3.89559806e-04, 3.89559806e-04, 2.72691855e-03, 0., 0.,
       4.28515766e-03, 5.84339723e-03, 0., 3.89559800e-03,
       3.89559806e-04, 7.79119611e-04, 0., 2.33735889e-03,
       1.16867945e-03, 7.79119611e-04, 3.89559806e-04, 0.,
       1.94779900e-03, 3.89559806e-04, 1.16867945e-03, 3.89559806e-04,
       3.89559806e-04, 1.94779900e-03, 0., 0., 7.79119611e-04,
       4.67471778e-03, 1.55823922e-03, 1.55823922e-03, 1.55823922e-03,
       1.32450331e-02, 7.79119611e-04, 0., 0., 3.89559806e-04,
       1.94779900e-03, 1.16867945e-03, 1.55823922e-03, 0.,
       1.16867945e-03, 0., 1.16867945e-03, 4.67471778e-03,
       3.89559806e-04, 4.67471778e-03, 2.72691855e-03, 3.50603834e-03,
       0., 9.73899476e-03, 1.16867945e-03, 0., 0., 7.79119611e-04,
       3.89559806e-04, 3.89559806e-04, 7.40163634e-03, 0.,
       7.79119611e-04, 3.11647845e-03, 0., 3.89559806e-04,
       7.79119611e-04, 5.06427744e-03, 0., 0., 1.55823922e-03,
       1.55823922e-03, 5.84339723e-03, 0., 1.55823922e-03,
       1.16867945e-03, 1.55823922e-03, 1.16867945e-03, 1.16867945e-03,
       3.89559806e-04, 1.16867945e-03, 3.89559806e-04, 7.79119611e-04,
       1.55823922e-03, 3.89559806e-04, 2.33735889e-03, 1.16867945e-03,
       3.89559806e-04, 0., 1.94779900e-03, 3.50603834e-03,
       1.20763537e-02, 0., 6.23295689e-03, 7.79119611e-04, 0.,
       3.89559806e-04, 3.89559806e-04, 1.94779900e-03, 7.79119611e-04,
       7.79119611e-04, 7.79119611e-04, 3.50603834e-03, 1.16867945e-03,
       1.94779900e-03, 1.94779900e-03, 3.89559806e-04, 4.28515766e-03,
       3.89559806e-04, 2.72691855e-03, 3.89559806e-04, 1.94779900e-03,
       7.79119611e-04, 1.16867945e-03, 7.79119611e-04, 0.,
       7.79119611e-04, 7.79119611e-04, 3.89559806e-04, 2.33735889e-03,
       1.16867945e-03, 1.94779900e-03, 0., 0., 2.33735889e-03,
       7.79119611e-04, 0., 3.89559806e-04, 7.79119611e-04,
       2.72691855e-03, 3.89559800e-03, 3.89559806e-04, 0.,
       3.89559806e-04, 0., 1.94779900e-03, 3.89559806e-04,
       1.94779900e-03, 3.89559806e-04, 3.89559806e-04, 1.55823922e-03,
       3.89559806e-04, 1.94779900e-03, 3.89559806e-04, 2.72691855e-03,
       1.55823922e-03, 0., 2.33735889e-03, 1.16867945e-03,
       3.89559806e-04, 3.89559806e-04, 0., 3.89559806e-04,
       3.89559806e-04, 3.89559806e-04, 3.89559806e-04, 4.67471778e-03,
       0., 1.94779900e-03, 3.89559806e-04, 0., 2.33735889e-03,
       3.89559806e-04, 1.55823922e-03, 1.94779900e-03, 1.16867945e-03,
       3.89559806e-04, 0., 2.33735889e-03, 1.16867945e-03,
       2.72691855e-03, 7.79119611e-04, 7.79119611e-04, 7.79119611e-04,
       3.89559806e-04, 3.89559806e-04, 0., 0., 1.55823922e-03, 0.,
       8.95987544e-03, 1.55823922e-03, 0., 1.55823922e-03,
       3.89559806e-04, 0., 0., 7.79119611e-04, 0., 7.79119611e-04,
       7.79119611e-04, 7.79119611e-04, 3.89559806e-04, 0.,
       1.55823922e-03, 3.89559806e-04, 1.94779900e-03, 7.79119611e-04,
       0., 3.89559806e-04, 1.55823922e-03, 5.84339723e-03,
       2.33735889e-03, 7.79119611e-04, 0., 0., 0., 0., 1.16867945e-03,
       3.89559806e-04, 1.16867945e-03, 0., 7.79119611e-04,
       1.16867945e-03, 1.55823922e-03, 3.89559806e-04, 1.16867945e-03,
       3.89559806e-04, 3.89559806e-04, 5.45383710e-03, 3.50603834e-03,
       7.79119611e-04, 0., 0., 1.16867945e-03, 3.89559806e-04,
       7.79119611e-04, 0., 1.16867945e-03, 1.05181150e-02,
       1.55823922e-03, 7.79119611e-04, 7.79119611e-04, 1.55823922e-03,
       1.16867945e-03, 2.33735889e-03, 2.72691855e-03, 0.,
       7.79119611e-04, 0., 1.16867945e-03, 2.72691855e-03,
       7.79119611e-04, 1.16867945e-03, 1.94779900e-03, 0.,
       3.89559806e-04, 1.16867945e-03, 1.16867945e-03, 1.16867945e-03,
       3.89559806e-04, 0., 7.79119611e-04, 3.89559806e-04,
       1.94779900e-03, 1.16867945e-03, 7.79119611e-04, 7.79119611e-04,
       0., 7.79119611e-04, 4.67471778e-03, 3.89559806e-04,
       7.79119611e-04, 7.79119611e-04, 0., 7.79119611e-04,
       3.89559806e-04, 1.55823922e-03, 1.55823922e-03, 3.89559806e-04,
       1.94779900e-03, 1.09076742e-02, 7.79119611e-04, 1.16867945e-03,
       1.16867945e-03, 0., 0., 1.94779900e-03, 1.55823922e-03,
       3.89559806e-04, 0., 3.89559806e-04, 2.33735889e-03,
       4.28515766e-03, 0., 2.72691855e-03, 5.84339723e-03,
       1.55823922e-03, 7.79119611e-04, 7.79119611e-04, 0.,
       7.79119611e-04, 2.33735889e-03, 1.16867945e-03, 1.55823922e-03,
       1.55823922e-03, 0., 1.16867945e-03, 6.23295689e-03,
       1.16867945e-03, 2.72691855e-03, 3.89559806e-04, 7.79119611e-04,
       0., 1.16867945e-03, 3.89559806e-04, 3.89559806e-04,
       7.79119611e-04, 7.79119611e-04, 3.89559806e-04, 0., 0., 0.,
       1.16867945e-03, 0., 3.50603834e-03, 1.55823922e-03,
       3.89559806e-04, 3.89559806e-04, 7.79119611e-04, 1.16867945e-03,
       1.40241534e-02, 3.89559806e-04, 0., 3.89559806e-04,
       1.16867945e-03, 2.33735889e-03, 0., 1.16867945e-03,
       2.72691855e-03, 3.11647845e-03, 3.89559806e-04, 3.89559806e-04,
       2.72691855e-03, 7.79119611e-04, 3.89559806e-04, 7.79119611e-04,
       0., 0., 3.89559806e-04, 1.16867945e-03, 1.94779900e-03,
       3.89559806e-04, 7.79119611e-04, 1.16867945e-03, 3.89559806e-04,
       1.94779900e-03, 3.89559806e-04, 0., 1.55823922e-03, 0., 0.,
       7.79119611e-04, 4.28515766e-03, 1.16867945e-03, 7.79119611e-04,
       3.89559806e-04, 1.16867945e-03, 2.33735889e-03, 3.89559806e-04,
       3.11647845e-03, 1.94779900e-03, 7.79119611e-04, 7.79119611e-04,
       3.89559806e-04, 3.89559806e-04, 2.33735889e-03, 1.16867945e-03,
       0., 1.16867945e-03, 3.89559806e-04, 1.94779900e-03, 0.,
       7.79119611e-04, 7.79119611e-04, 0., 0., 1.94779900e-03,
       1.16867945e-03, 3.89559806e-04, 1.16867945e-03, 0.,
       1.16867945e-03, 1.16867945e-03, 0., 3.50603834e-03,
       7.79119611e-04, 7.79119611e-04, 3.89559806e-04, 7.79119611e-04,
       0., 7.79119611e-04, 1.16867945e-03, 7.79119611e-04,
       1.55823922e-03, 0., 7.79119611e-04, 0., 0., 0., 3.11647845e-03,
       1.94779900e-03, 0., 7.79119611e-04, 1.94779900e-03,
       7.79119611e-04, 1.94779900e-03, 7.79119611e-04, 2.72691855e-03,
       1.94779900e-03, 3.89559806e-04, 3.89559806e-04, 7.79119611e-04,
       1.55823922e-03, 5.06427744e-03, 2.72691855e-03, 0., 0.,
       7.79119611e-04, 1.16867945e-03, 1.16867945e-03, 1.55823922e-03,
       0., 1.16867945e-03, 2.33735889e-03, 0., 1.55823922e-03,
       1.94779900e-03, 1.16867945e-03, 0., 3.89559806e-04,
       5.84339723e-03, 2.33735889e-03, 1.94779900e-03, 7.79119611e-04,
       3.89559806e-04, 3.89559806e-04, 0., 0., 4.67471778e-03,
       3.89559806e-04, 1.16867945e-03, 2.33735889e-03, 3.89559806e-04,
       0., 7.40163634e-03, 7.79119611e-04, 1.16867945e-03, 0., 0.,
       7.79119611e-04, 3.11647845e-03, 1.16867945e-03, 3.11647845e-03,
       7.79119611e-04, 7.79119611e-04, 0., 5.06427744e-03,
