%YAML:1.0
m25n: !!opencv-matrix
   rows: 1
   cols: 800
   dt: f
   data: [ 3.98406386e-03, 2.57792347e-03, 3.98406386e-03,
       7.03070080e-04, 1.17178343e-03, 2.10921024e-03, 4.45277710e-03,
       9.37426754e-04, 7.03070080e-04, 2.34356688e-04, 4.68713377e-04,
       9.37426754e-04, 9.37426754e-04, 1.40614016e-03, 3.51535040e-03,
       2.10921024e-03, 9.37426754e-04, 2.34356688e-04, 9.37426754e-04,
       7.03070080e-04, 7.03070080e-04, 7.03070080e-04, 2.34356686e-03,
       1.17178343e-03, 9.37426754e-04, 4.68713377e-04, 2.34356688e-04,
       2.34356688e-04, 1.64049678e-03, 4.68713377e-04, 2.57792347e-03,
       2.81228032e-03, 1.87485351e-03, 1.87485351e-03, 9.37426754e-04,
       5.62456064e-03, 9.37426754e-04, 1.64049678e-03, 1.64049678e-03,
       9.37426754e-04, 4.45277710e-03, 5.85891725e-03, 7.03070080e-04,
       9.37426754e-04, 1.87485351e-03, 1.64049678e-03, 1.64049678e-03,
       4.92149033e-03, 9.37426754e-04, 4.68713371e-03, 7.03070080e-04,
       1.87485351e-03, 2.34356688e-04, 1.40614016e-03, 2.34356688e-04,
       4.68713377e-04, 3.51535040e-03, 2.34356686e-03, 9.37426754e-04,
       4.68713377e-04, 1.17178343e-03, 1.17178343e-03, 9.37426754e-04,
       1.40614016e-03, 4.68713377e-04, 4.68713377e-04, 2.34356688e-04,
       4.68713377e-04, 1.17178343e-03, 1.64049678e-03, 1.40614016e-03,
       1.40614016e-03, 2.34356686e-03, 9.37426754e-04, 2.34356686e-03,
       7.03070080e-04, 1.64049678e-03, 7.03070080e-04, 1.40614016e-03,
       1.87485351e-03, 1.64049678e-03, 0., 1.17178343e-03,
       2.10921024e-03, 2.34356686e-03, 1.64049678e-03, 9.37426754e-04,
       3.98406386e-03, 4.68713377e-04, 2.34356688e-04, 4.68713377e-04,
       4.68713377e-04, 2.34356688e-04, 9.37426754e-04, 7.03070080e-04,
       1.40614016e-03, 2.10921024e-03, 9.37426754e-04, 4.68713377e-04,
       7.03070080e-04, 0., 2.57792347e-03, 2.57792347e-03,
       4.45277710e-03, 1.17178343e-03, 1.17178343e-03, 2.10921024e-03,
       2.57792347e-03, 1.64049678e-03, 7.03070080e-04, 1.64049678e-03,
       1.17178343e-03, 2.34356688e-04, 1.40614016e-03, 1.17178343e-03,
       7.03070080e-04, 1.40614016e-03, 9.37426754e-04, 1.64049678e-03,
       1.17178343e-03, 2.34356688e-04, 1.17178343e-03, 7.03070080e-04,
       1.40614016e-03, 1.64049678e-03, 2.34356688e-04, 1.40614016e-03,
       9.37426754e-04, 2.34356688e-04, 3.04663694e-03, 1.64049678e-03,
       3.04663694e-03, 7.03070080e-04, 1.17178343e-03, 7.03070080e-04,
       5.15584694e-03, 2.34356688e-04, 7.03070080e-04, 2.34356686e-03,
       7.03070080e-04, 2.34356688e-04, 3.04663694e-03, 4.68713377e-04,
       1.40614016e-03, 9.37426754e-04, 0., 2.10921024e-03, 0.,
       3.74970702e-03, 1.17178343e-03, 4.68713377e-04, 1.40614016e-03,
       7.03070080e-04, 2.10921024e-03, 2.34356688e-04, 7.03070080e-04,
       2.34356688e-04, 7.03070080e-04, 2.34356688e-04, 1.17178343e-03,
       1.17178343e-03, 4.68713377e-04, 7.03070080e-04, 1.17178343e-03,
       2.34356688e-04, 7.03070080e-04, 2.34356688e-04, 1.64049678e-03,
       4.68713377e-04, 4.68713377e-04, 1.64049678e-03, 1.64049678e-03,
       1.17178343e-03, 7.03070080e-04, 7.03070080e-04, 1.17178343e-03,
       9.37426754e-04, 0., 4.68713377e-04, 1.87485351e-03,
       3.28099355e-03, 3.98406386e-03, 3.28099355e-03, 3.51535040e-03,
       2.34356688e-04, 1.17178343e-03, 1.40614016e-03, 1.64049678e-03,
       1.17178343e-03, 0., 4.68713377e-04, 4.68713377e-04,
       1.17178343e-03, 7.03070080e-04, 7.03070080e-04, 7.03070080e-04,
       7.03070080e-04, 7.03070080e-04, 1.40614016e-03, 1.17178343e-03,
       1.17178343e-03, 9.37426754e-04, 1.35926884e-02, 9.37426754e-04,
       9.37426754e-04, 1.17178343e-03, 2.10921024e-03, 3.28099355e-03,
       4.68713377e-04, 2.57792347e-03, 4.68713377e-04, 2.34356688e-04,
       3.74970702e-03, 2.10921024e-03, 2.81228032e-03, 2.10921024e-03,
       7.03070080e-04, 7.03070080e-04, 4.68713377e-04, 1.64049678e-03,
       0., 1.40614016e-03, 9.37426754e-04, 1.17178343e-03,
       7.03070080e-04, 0., 9.37426754e-04, 1.17178343e-03,
       7.03070080e-04, 4.68713371e-03, 1.40614016e-03, 1.17178343e-03,
       7.03070080e-04, 7.03070080e-04, 4.68713377e-04, 9.37426754e-04,
       1.40614016e-03, 1.17178343e-03, 1.64049678e-03, 2.34356688e-04,
       9.37426754e-04, 9.37426754e-04, 7.03070080e-04, 1.40614016e-03,
       1.64049678e-03, 1.17178343e-03, 2.57792347e-03, 1.87485351e-03,
       4.68713377e-04, 9.37426754e-04, 1.64049678e-03, 4.68713377e-04,
       4.68713377e-04, 1.40614016e-03, 1.40614016e-03, 0.,
       2.34356686e-03, 2.10921024e-03, 7.03070080e-04, 1.87485351e-03,
       2.10921024e-03, 2.34356688e-04, 7.03070080e-04, 1.87485351e-03,
       1.17178343e-03, 7.03070080e-04, 1.17178343e-03, 1.87485351e-03,
       4.68713377e-04, 7.03070080e-04, 1.64049678e-03, 1.17178343e-03,
       7.03070080e-04, 0., 7.03070080e-04, 1.17178343e-03,
       2.34356688e-04, 6.32763049e-03, 7.03070080e-04, 1.17178343e-03,
       4.45277710e-03, 3.28099355e-03, 4.68713377e-04, 1.17178343e-03,
       2.34356688e-04, 9.37426754e-04, 9.37426754e-04, 2.34356688e-04,
       2.34356688e-04, 9.37426754e-04, 4.68713377e-04, 4.68713377e-04,
       7.03070080e-04, 0., 7.03070080e-04, 7.03070080e-04,
       7.03070080e-04, 1.40614016e-03, 0., 7.03070080e-04,
       3.74970702e-03, 4.68713377e-04, 1.17178343e-03, 1.17178343e-03,
       9.37426754e-04, 1.17178343e-03, 9.37426754e-04, 1.17178343e-03,
       0., 3.04663694e-03, 1.40614016e-03, 7.03070080e-04,
       1.40614016e-03, 7.03070080e-04, 9.37426754e-04, 7.03070080e-04,
       7.03070080e-04, 9.37426754e-04, 9.37426754e-04, 1.40614016e-03,
       0., 1.64049678e-03, 7.03070080e-04, 1.40614016e-03,
       7.03070080e-04, 2.81228032e-03, 2.34356688e-04, 9.37426754e-04,
       4.68713377e-04, 4.68713377e-04, 9.37426754e-04, 1.40614016e-03,
       2.34356686e-03, 9.37426754e-04, 9.37426754e-04, 2.34356688e-04,
       2.34356688e-04, 9.37426754e-04, 9.37426754e-04, 1.17178343e-03,
       1.87485351e-03, 7.03070080e-04, 1.40614016e-03, 1.87485351e-03,
       2.34356688e-04, 9.37426754e-04, 4.68713377e-04, 1.40614016e-03,
       0., 1.17178343e-03, 4.68713377e-04, 7.03070080e-04,
       1.64049678e-03, 4.68713377e-04, 2.57792347e-03, 9.37426754e-04,
       7.03070080e-04, 7.03070080e-04, 1.17178343e-03, 1.87485351e-03,
       4.68713377e-04, 1.17178343e-03, 1.17178343e-03, 3.74970702e-03,
       9.37426754e-04, 1.87485351e-03, 4.68713377e-04, 7.03070080e-04,
       0., 1.64049678e-03, 4.21842048e-03, 0., 2.34356686e-03, 0.,
       4.68713377e-04, 7.03070080e-04, 3.98406386e-03, 1.64049678e-03,
       3.98406386e-03, 7.03070080e-04, 1.17178343e-03, 1.64049678e-03,
       9.37426754e-04, 4.68713377e-04, 9.37426754e-04, 7.03070080e-04,
       1.64049678e-03, 2.34356688e-04, 3.04663694e-03, 7.03070080e-04,
       4.68713377e-04, 1.64049678e-03, 9.37426754e-04, 2.10921024e-03,
       1.17178343e-03, 2.57792347e-03, 1.40614016e-03, 1.40614016e-03,
       3.04663694e-03, 2.10921024e-03, 9.37426754e-04, 1.17178343e-03,
       4.68713377e-04, 1.64049678e-03, 4.68713377e-04, 4.68713377e-04,
       2.10921024e-03, 9.37426754e-04, 2.10921024e-03, 9.37426754e-04,
       1.64049678e-03, 1.40614016e-03, 7.03070080e-04, 2.10921024e-03,
       7.03070080e-04, 7.26505741e-03, 4.68713377e-04, 1.64049678e-03,
       1.87485351e-03, 4.68713377e-04, 9.37426754e-04, 2.34356686e-03,
       4.68713377e-04, 2.10921024e-03, 1.40614016e-03, 4.68713377e-04,
       1.17178343e-03, 4.68713377e-04, 1.17178343e-03, 0.,
       4.68713377e-04, 9.37426754e-04, 1.17178343e-03, 4.68713377e-04,
       1.17178343e-03, 9.37426754e-04, 1.17178343e-03, 7.03070080e-04,
       9.37426754e-04, 0., 0., 0., 2.34356688e-04, 1.87485351e-03,
       4.68713377e-04, 4.68713377e-04, 6.09327387e-03, 1.64049678e-03,
       7.03070080e-04, 1.40614016e-03, 0., 0., 9.37426754e-04,
       4.68713377e-04, 3.04663694e-03, 1.64049678e-03, 4.68713377e-04,
       7.03070080e-04, 2.10921024e-03, 7.03070080e-04, 4.68713377e-04,
