%YAML:1.0
m25n: !!opencv-matrix
   rows: 1
   cols: 800
   dt: f
   data: [ 0., 9.39849671e-03, 4.69924824e-04, 0., 4.69924824e-04,
       1.87969930e-03, 1.87969930e-03, 3.28947371e-03, 4.69924835e-03,
       0., 0., 0., 0., 5.63909765e-03, 0., 9.39849648e-04, 0.,
       4.69924824e-04, 1.40977441e-03, 4.69924824e-04, 9.39849648e-04,
       0., 1.40977441e-03, 7.04887230e-03, 0., 0., 1.40977441e-03,
       1.40977441e-03, 4.69924824e-04, 0., 1.40977441e-03,
       9.39849648e-04, 2.34962418e-03, 4.69924824e-04, 0.,
       4.69924824e-04, 0., 4.69924824e-04, 1.87969930e-03,
       1.40977441e-03, 0., 0., 6.10902254e-03, 2.34962418e-03,
       4.69924824e-04, 4.69924824e-04, 4.69924824e-04, 3.75939859e-03,
       0., 0., 0., 2.81954883e-03, 4.69924824e-04, 4.69924824e-04, 0.,
       8.92857183e-03, 0., 9.39849648e-04, 1.87969930e-03,
       4.69924824e-04, 9.39849648e-04, 1.87969930e-03, 9.39849648e-04,
       9.39849648e-04, 2.34962418e-03, 0., 0., 6.10902254e-03,
       9.39849648e-04, 4.69924824e-04, 4.69924824e-04, 0., 0.,
       1.87969930e-03, 0., 4.69924824e-04, 4.69924824e-04,
       3.28947371e-03, 4.69924824e-04, 1.40977441e-03, 0., 0.,
       3.28947371e-03, 9.39849648e-04, 9.39849648e-04, 0., 0.,
       3.71240601e-02, 4.69924824e-04, 0., 0., 4.69924824e-04, 0.,
       2.81954883e-03, 4.69924824e-04, 0., 2.34962418e-03,
       1.40977441e-03, 4.69924824e-04, 4.69924824e-04, 1.40977441e-03,
       1.40977441e-03, 0., 1.87969930e-03, 0., 4.69924824e-04, 0.,
       1.87969930e-03, 0., 2.34962418e-03, 4.69924824e-04,
       4.69924824e-04, 0., 4.69924824e-04, 0., 4.69924824e-04,
       1.26879700e-02, 4.69924824e-04, 1.55075192e-02, 4.22932347e-03,
       2.81954883e-03, 0., 0., 0., 4.69924824e-04, 4.69924824e-04,
       3.75939859e-03, 5.63909765e-03, 9.39849648e-04, 1.87969930e-03,
       0., 1.40977441e-03, 1.87969930e-03, 4.69924835e-03,
       4.69924824e-04, 4.69924824e-04, 4.69924824e-04, 3.75939859e-03,
       0., 0., 3.28947371e-03, 9.39849648e-04, 0., 9.39849648e-04,
       1.40977441e-03, 4.69924824e-04, 9.39849648e-04, 2.81954883e-03,
       4.69924824e-04, 1.87969930e-03, 0., 4.69924824e-04, 0., 0.,
       4.69924824e-04, 0., 9.39849648e-04, 2.34962418e-03, 0.,
       1.40977441e-03, 4.69924824e-04, 0., 0., 4.69924824e-04,
       1.87969930e-03, 4.69924824e-04, 4.69924824e-04, 0.,
       4.69924824e-04, 0., 9.39849648e-04, 2.34962418e-03, 0.,
       1.40977441e-03, 0., 0., 4.69924824e-04, 1.40977441e-03,
       4.69924824e-04, 4.69924824e-04, 9.39849648e-04, 1.87969930e-03,
       8.45864695e-03, 1.40977441e-03, 0., 4.69924824e-04,
       9.39849648e-04, 0., 4.69924824e-04, 4.69924824e-04, 0., 0.,
       9.39849648e-04, 3.28947371e-03, 0., 4.69924824e-04,
       1.87969930e-03, 0., 9.39849648e-04, 2.81954883e-03,
       9.39849648e-04, 9.39849648e-04, 1.40977441e-03, 4.69924824e-04,
       2.34962418e-03, 4.69924824e-04, 1.87969930e-03, 0., 0., 0.,
       4.69924824e-04, 4.69924824e-04, 0., 4.69924824e-04,
       4.69924824e-04, 1.87969930e-03, 4.69924824e-04, 4.69924835e-03,
       0., 0., 0., 4.69924824e-04, 9.39849648e-04, 4.69924824e-04,
       4.69924824e-04, 3.28947371e-03, 4.69924824e-04, 1.40977441e-03,
       4.69924824e-04, 0., 9.39849648e-04, 0., 0., 5.63909765e-03,
       2.34962418e-03, 1.40977441e-03, 9.39849648e-04, 9.39849648e-04,
       4.69924824e-04, 0., 4.69924824e-04, 0., 0., 2.34962418e-03,
       9.39849648e-04, 4.69924824e-04, 1.40977441e-03, 2.81954883e-03,
       0., 0., 0., 0., 0., 0., 4.69924824e-04, 4.69924824e-04, 0.,
       1.40977441e-03, 0., 4.69924824e-04, 4.69924824e-04,
       3.75939859e-03, 1.40977441e-03, 0., 4.69924824e-04, 0., 0.,
       2.81954883e-03, 2.81954883e-03, 0., 9.39849648e-04, 0., 0.,
       2.81954883e-03, 4.69924824e-04, 4.69924824e-04, 9.39849648e-04,
       0., 0., 0., 9.39849648e-04, 4.69924824e-04, 4.69924824e-04,
       1.40977441e-03, 0., 9.39849648e-04, 4.22932347e-03,
       9.39849648e-04, 4.69924824e-04, 0., 3.28947371e-03, 0.,
       1.87969930e-03, 0., 4.22932347e-03, 5.63909765e-03,
       4.22932347e-03, 0., 0., 4.69924824e-04, 9.39849648e-04,
       4.69924824e-04, 0., 4.69924824e-04, 0., 0., 1.40977441e-03,
       9.39849648e-04, 9.39849648e-04, 4.69924824e-04, 8.45864695e-03,
       4.69924824e-04, 0., 0., 2.34962418e-03, 0., 9.39849648e-04,
       4.69924824e-04, 0., 4.69924824e-04, 4.22932347e-03, 0.,
       2.81954883e-03, 9.39849648e-04, 0., 4.69924824e-04,
       2.81954883e-03, 1.40977441e-03, 0., 4.69924824e-04,
       9.39849648e-04, 9.39849648e-04, 0., 0., 2.34962418e-03,
       1.87969930e-03, 2.34962418e-03, 4.22932347e-03, 1.87969930e-03,
       3.75939859e-03, 4.69924824e-04, 0., 4.69924824e-04, 0.,
       4.69924824e-04, 0., 4.69924824e-04, 4.22932347e-03, 0.,
       2.34962418e-03, 9.39849648e-04, 4.69924824e-04, 0.,
       9.39849648e-04, 0., 0., 4.69924824e-04, 4.69924824e-04,
       4.69924824e-04, 3.28947371e-03, 9.39849648e-04, 2.34962418e-03,
       0., 7.51879718e-03, 9.39849648e-04, 0., 9.39849648e-04,
       1.40977441e-03, 0., 0., 1.87969930e-03, 4.22932347e-03,
       1.87969930e-03, 9.39849648e-04, 4.69924824e-04, 0.,
       4.69924824e-04, 0., 4.69924824e-04, 4.69924824e-04, 0.,
       1.40977441e-03, 9.39849648e-04, 4.69924835e-03, 0.,
       9.39849648e-04, 4.69924824e-04, 1.40977441e-03, 9.39849648e-04,
       4.69924824e-04, 4.69924824e-04, 9.39849648e-04, 9.39849648e-04,
       0., 0., 9.39849648e-04, 4.69924835e-03, 1.40977441e-03, 0.,
       5.63909765e-03, 0., 9.39849648e-04, 4.69924824e-04,
       4.69924824e-04, 9.39849648e-04, 1.40977441e-03, 4.69924824e-04,
       1.40977441e-03, 0., 0., 4.69924824e-04, 4.69924824e-04,
       1.08082714e-02, 6.57894742e-03, 9.39849648e-04, 4.69924824e-04,
       3.28947371e-03, 4.69924824e-04, 0., 4.69924824e-04, 0.,
       4.69924824e-04, 4.69924824e-04, 1.40977441e-03, 9.39849648e-04,
       4.69924824e-04, 2.34962418e-03, 0., 0., 0., 1.40977441e-03,
       4.69924824e-04, 1.87969930e-03, 4.69924824e-04, 1.40977441e-03,
       5.16917324e-03, 9.39849648e-04, 1.40977441e-03, 0.,
       9.39849648e-04, 1.87969930e-03, 0., 0., 9.39849648e-04,
       1.40977441e-03, 4.69924824e-04, 1.40977441e-03, 0., 0.,
       4.69924824e-04, 4.69924824e-04, 1.87969930e-03, 4.69924824e-04,
       1.40977441e-03, 9.39849648e-04, 9.39849648e-04, 1.40977441e-03,
       3.28947371e-03, 1.87969930e-03, 4.69924824e-04, 9.39849648e-04,
       4.69924824e-04, 9.39849648e-04, 0., 0., 0., 0., 4.69924835e-03,
       1.40977441e-03, 1.40977441e-03, 0., 9.39849648e-04,
       1.40977441e-03, 9.39849648e-04, 4.69924824e-04, 2.81954883e-03,
       9.39849671e-03, 0., 4.69924824e-04, 9.39849648e-04,
       2.81954883e-03, 1.40977441e-03, 2.34962418e-03, 0., 0., 0., 0.,
       9.39849648e-04, 0., 0., 1.40977441e-03, 4.69924824e-04,
       9.39849648e-04, 3.75939859e-03, 4.69924824e-04, 0., 0.,
       3.75939859e-03, 1.87969930e-03, 2.81954883e-03, 0.,
       9.39849648e-04, 4.69924824e-04, 2.81954883e-03, 0.,
       1.87969930e-03, 4.69924824e-04, 0., 9.39849648e-04,
       9.39849648e-04, 3.75939859e-03, 1.87969930e-03, 4.69924824e-04,
       4.69924824e-04, 0., 9.39849648e-04, 0., 9.39849648e-04,
       4.69924824e-04, 1.87969930e-03, 1.87969930e-03, 1.87969930e-03,
       1.87969930e-03, 9.39849648e-04, 0., 0., 4.69924824e-04,
       1.50375944e-02, 9.39849648e-04, 1.40977441e-03, 0.,
       9.39849648e-04, 9.39849648e-04, 4.69924824e-04, 1.40977441e-03,
       3.28947371e-03, 9.39849648e-04, 4.69924824e-04, 4.69924824e-04,
       6.57894742e-03, 2.34962418e-03, 9.39849648e-04, 4.69924824e-04,
       4.69924824e-04, 2.34962418e-03, 4.69924824e-04, 0., 0.,
       9.39849648e-04, 0., 9.39849648e-04, 1.40977441e-03, 0.,
       1.40977441e-03, 0., 1.40977441e-03, 4.69924824e-04,
       2.81954883e-03, 2.34962418e-03, 9.39849648e-04, 1.17481202e-02,
       4.69924824e-04, 9.39849648e-04, 4.69924824e-04, 0.,
       3.28947371e-03, 0., 0., 0., 4.69924824e-04, 0., 9.39849648e-04,
