%YAML:1.0
m25n: !!opencv-matrix
   rows: 1
   cols: 800
   dt: f
   data: [ 8.20344547e-04, 4.10172273e-04, 8.20344547e-04, 0.,
       1.23051682e-03, 0., 0., 1.64068909e-03, 1.64068909e-03,
       2.05086125e-03, 4.10172273e-04, 1.23051682e-03, 1.64068909e-03,
       1.23051682e-03, 2.05086125e-03, 2.87120603e-03, 0.,
       2.87120603e-03, 4.10172273e-04, 1.23051682e-03, 4.10172273e-04,
       1.64068909e-03, 1.23051682e-03, 0., 5.74241206e-03,
       1.23051682e-03, 8.20344547e-04, 4.10172273e-04, 1.64068909e-03,
       2.05086125e-03, 4.10172273e-04, 0., 4.10172250e-03,
       1.64068909e-03, 0., 1.64068909e-03, 4.10172273e-04,
       1.64068909e-03, 2.05086125e-03, 0., 1.23051682e-03,
       1.23051682e-03, 4.10172273e-04, 3.28137819e-03, 8.20344547e-04,
       0., 4.10172273e-04, 2.87120603e-03, 2.87120603e-03, 0.,
       4.10172273e-04, 8.20344547e-04, 0., 2.05086125e-03, 0.,
       2.05086125e-03, 4.10172273e-04, 4.51189512e-03, 4.10172273e-04,
       2.87120603e-03, 2.05086125e-03, 0., 1.23051682e-03,
       3.69155034e-03, 3.28137819e-03, 0., 1.23051682e-03,
       2.05086125e-03, 0., 4.10172273e-04, 4.10172273e-04, 0., 0.,
       8.20344547e-04, 2.87120603e-03, 8.20344547e-04, 0., 0.,
       2.46103364e-03, 1.64068909e-03, 4.10172273e-04, 0.,
       1.64068909e-03, 1.23051682e-03, 8.20344547e-04, 0.,
       4.10172273e-04, 1.64068909e-03, 8.20344547e-04, 1.64068909e-03,
       4.10172273e-04, 1.23051682e-03, 2.46103364e-03, 4.10172273e-04,
       4.10172273e-04, 4.10172273e-04, 4.10172273e-04, 4.10172273e-04,
       2.05086125e-03, 1.23051682e-03, 4.10172273e-04, 1.64068909e-03,
       1.23051682e-03, 2.05086125e-03, 8.20344547e-04, 6.56275637e-03,
       1.64068909e-03, 1.23051682e-03, 1.23051682e-03, 4.10172273e-04,
       4.10172273e-04, 2.05086125e-03, 0., 8.20344547e-04,
       4.10172273e-04, 0., 0., 1.23051682e-03, 4.10172273e-04,
       1.23051682e-03, 4.10172273e-04, 2.87120603e-03, 0.,
       1.23051682e-03, 0., 1.23051682e-03, 1.64068909e-03,
       3.28137819e-03, 9.84413456e-03, 8.20344547e-04, 3.69155034e-03,
       2.05086125e-03, 4.10172250e-03, 4.10172273e-04, 8.20344547e-04,
       4.10172273e-04, 1.23051682e-03, 8.20344547e-04, 1.23051682e-03,
       8.20344547e-04, 1.23051682e-03, 2.46103364e-03, 0.,
       2.46103364e-03, 4.10172273e-04, 1.64068909e-03, 0.,
       2.05086125e-03, 8.20344547e-04, 2.46103364e-03, 0., 0.,
       2.46103364e-03, 3.69155034e-03, 4.10172273e-04, 0.,
       4.10172273e-04, 8.20344547e-04, 4.10172273e-04, 8.20344547e-04,
       0., 4.10172273e-04, 8.20344547e-04, 2.05086125e-03, 0., 0.,
       1.23051682e-03, 2.87120603e-03, 1.23051682e-03, 1.64068909e-03,
       2.46103364e-03, 2.05086125e-03, 2.05086125e-03, 0.,
       8.20344547e-04, 4.10172273e-04, 3.69155034e-03, 8.20344547e-04,
       1.64068909e-03, 0., 4.10172273e-04, 1.23051682e-03,
       2.46103364e-03, 1.64068909e-03, 2.46103364e-03, 5.33223944e-03,
       0., 1.64068909e-03, 0., 4.10172273e-04, 4.10172273e-04,
       1.64068909e-03, 1.64068909e-03, 0., 8.20344547e-04,
       4.10172273e-04, 1.23051682e-03, 1.64068909e-03, 1.23051682e-03,
       3.28137819e-03, 8.20344547e-04, 1.23051682e-03, 1.64068909e-03,
       8.20344547e-04, 0., 8.20344547e-04, 3.28137819e-03,
       8.20344547e-04, 1.23051682e-03, 4.10172273e-04, 6.56275637e-03,
       1.23051682e-03, 2.05086125e-03, 4.10172273e-04, 0., 0.,
       1.64068909e-03, 0., 2.05086125e-03, 1.23051682e-03,
       2.46103364e-03, 4.10172273e-04, 4.10172273e-04, 1.23051682e-03,
       4.10172273e-04, 2.05086125e-03, 4.10172250e-03, 0., 0.,
       1.23051682e-03, 8.20344547e-04, 1.23051682e-03, 8.20344547e-04,
       1.64068909e-03, 1.23051682e-03, 4.10172273e-04, 4.51189512e-03,
       1.23051682e-03, 1.64068909e-03, 0., 2.87120603e-03,
       8.20344547e-04, 4.10172273e-04, 3.28137819e-03, 1.23051682e-03,
       4.10172273e-04, 1.23051682e-03, 1.64068909e-03, 0.,
       1.64068909e-03, 6.15258422e-03, 2.46103364e-03, 8.20344547e-04,
       4.10172273e-04, 4.10172273e-04, 1.23051682e-03, 2.46103364e-03,
       1.23051682e-03, 4.10172273e-04, 2.46103364e-03, 1.23051682e-03,
       8.20344547e-04, 8.20344547e-04, 1.64068909e-03, 8.20344547e-04,
       1.64068909e-03, 1.23051682e-03, 8.20344547e-04, 0.,
       4.10172273e-04, 8.20344547e-04, 4.10172273e-04, 8.20344547e-04,
       2.46103364e-03, 1.23051682e-03, 1.64068909e-03, 4.10172273e-04,
       0., 1.64068909e-03, 8.20344547e-04, 2.05086125e-03, 0.,
       4.10172273e-04, 8.20344547e-04, 1.64068909e-03, 8.20344547e-04,
       8.20344547e-04, 2.05086125e-03, 0., 2.46103364e-03,
       2.05086125e-03, 1.64068909e-03, 0., 8.20344547e-04,
       1.64068909e-03, 1.64068909e-03, 4.10172273e-04, 1.23051682e-03,
       0., 4.10172273e-04, 2.05086125e-03, 3.28137819e-03,
       1.23051682e-03, 1.64068909e-03, 8.20344547e-04, 1.23051682e-03,
       4.10172273e-04, 7.79327331e-03, 1.64068909e-03, 4.10172273e-04,
       1.23051682e-03, 8.61361809e-03, 8.20344547e-04, 8.20344547e-04,
       2.05086125e-03, 8.20344547e-04, 0., 1.23051682e-03,
       4.10172273e-04, 8.20344547e-04, 2.46103364e-03, 8.20344547e-04,
       0., 8.20344547e-04, 0., 3.28137819e-03, 4.10172273e-04,
       3.28137819e-03, 1.64068909e-03, 1.23051682e-03, 2.05086125e-03,
       4.10172273e-04, 0., 8.20344547e-04, 2.05086125e-03,
       2.05086125e-03, 2.87120603e-03, 0., 2.05086125e-03,
       1.23051682e-03, 4.10172273e-04, 2.05086125e-03, 1.64068909e-03,
       2.05086125e-03, 1.23051682e-03, 3.69155034e-03, 8.20344547e-04,
       4.10172273e-04, 2.46103364e-03, 8.20344547e-04, 0.,
       1.64068909e-03, 0., 2.05086125e-03, 0., 0., 6.15258422e-03,
       2.05086125e-03, 1.23051682e-03, 4.10172273e-04, 1.64068909e-03,
       4.10172250e-03, 1.23051682e-03, 4.10172273e-04, 0., 0.,
       2.46103364e-03, 0., 4.10172273e-04, 8.20344547e-04,
       2.46103364e-03, 1.23051682e-03, 0., 1.64068909e-03,
       2.46103364e-03, 4.10172273e-04, 1.23051682e-03, 0.,
       1.64068909e-03, 8.20344547e-04, 0., 1.23051682e-03,
       2.05086125e-03, 1.23051682e-03, 0., 2.05086125e-03,
       4.10172273e-04, 1.23051682e-03, 1.64068909e-03, 8.20344547e-04,
       8.20344547e-04, 2.05086125e-03, 4.10172250e-03, 9.43396240e-03,
       2.87120603e-03, 8.20344547e-04, 8.20344547e-04, 0.,
       2.87120603e-03, 8.20344547e-04, 1.64068909e-03, 2.46103364e-03,
       0., 6.97292853e-03, 0., 8.20344547e-04, 1.23051682e-03, 0.,
       4.10172250e-03, 4.10172273e-04, 0., 2.05086125e-03, 0.,
       1.23051682e-03, 0., 0., 0., 8.20344547e-04, 6.56275637e-03, 0.,
       1.23051682e-03, 8.20344547e-04, 2.05086125e-03, 8.20344547e-04,
       4.10172273e-04, 8.20344547e-04, 4.10172273e-04, 8.20344547e-04,
       2.87120603e-03, 2.87120603e-03, 1.23051682e-03, 0.,
       1.23051684e-02, 4.10172273e-04, 1.23051682e-03, 4.10172250e-03,
       0., 8.20344547e-04, 8.20344547e-04, 0., 1.64068909e-03,
       4.10172273e-04, 1.23051682e-03, 1.23051682e-03, 0.,
       4.10172273e-04, 0., 1.23051682e-03, 8.20344547e-04,
       4.51189512e-03, 1.64068909e-03, 4.10172273e-04, 1.64068909e-03,
       1.23051682e-03, 4.10172273e-04, 1.64068909e-03, 0., 0.,
       8.20344547e-04, 8.20344547e-04, 8.20344547e-04, 0.,
       4.10172273e-04, 1.23051682e-03, 3.28137819e-03, 2.87120603e-03,
       8.20344547e-04, 8.20344547e-04, 1.64068909e-03, 1.23051682e-03,
       8.20344547e-04, 8.20344547e-04, 4.10172273e-04, 4.10172273e-04,
       0., 0., 8.20344547e-04, 1.23051682e-03, 8.20344547e-04,
       1.23051682e-03, 1.64068909e-03, 1.23051682e-03, 0.,
       1.64068909e-03, 0., 0., 2.46103364e-03, 0., 8.20344547e-04, 0.,
       5.33223944e-03, 8.20344547e-04, 8.20344547e-04, 0.,
       2.46103364e-03, 2.46103364e-03, 0., 4.10172273e-04, 0., 0.,
       2.46103364e-03, 1.23051682e-03, 1.23051682e-03, 0.,
       8.20344547e-04, 1.06644789e-02, 0., 0., 1.64068909e-03,
       1.23051682e-03, 0., 4.10172273e-04, 8.20344547e-04, 0.,
       2.46103364e-03, 4.10172273e-04, 2.87120603e-03, 1.23051682e-03,
