%YAML:1.0
m25n: !!opencv-matrix
   rows: 1
   cols: 800
   dt: f
   data: [ 0., 0., 1.56331412e-03, 5.21104725e-04, 1.98019799e-02, 0.,
       0., 0., 5.21104725e-04, 3.64773301e-03, 5.21104725e-04,
       1.04220945e-03, 5.21104725e-04, 1.56331412e-03, 1.04220945e-03,
       1.56331412e-03, 2.60552368e-03, 5.21104725e-04, 6.25325646e-03,
       2.08441890e-03, 0., 2.08441890e-03, 0., 5.21104725e-04, 0., 0.,
       5.21104725e-04, 1.56331412e-03, 1.56331412e-03, 0., 0., 0., 0.,
       1.04220945e-03, 5.21104725e-04, 1.04220945e-03, 0.,
       1.56331412e-03, 0., 5.21104725e-04, 4.68994258e-03,
       5.21104725e-04, 0., 4.68994258e-03, 1.56331412e-03,
       1.56331412e-03, 0., 1.04220945e-03, 0., 2.08441890e-03,
       5.21104725e-04, 2.08441890e-03, 2.08441890e-03, 0.,
       2.60552368e-03, 0., 0., 5.21104725e-04, 1.04220945e-03,
       5.21104725e-04, 1.56331412e-03, 4.16883780e-03, 0.,
       1.56331412e-03, 0., 5.21104725e-04, 4.68994258e-03,
       4.16883780e-03, 2.08441890e-03, 0., 5.21104725e-04,
       5.21104725e-04, 2.08441890e-03, 0., 5.21104725e-04, 0.,
       5.21104725e-04, 3.12662832e-02, 0., 0., 3.75195406e-02, 0., 0.,
       0., 0., 1.56331412e-03, 1.04220945e-03, 0., 0., 1.56331412e-03,
       0., 5.21104725e-04, 0., 5.21104725e-04, 3.12662823e-03,
       2.08441890e-03, 0., 4.68994258e-03, 5.21104725e-04,
       5.21104725e-04, 1.56331412e-03, 2.08441890e-03, 3.12662823e-03,
       5.21104725e-04, 5.21104725e-04, 3.12662823e-03, 5.21104725e-04,
       0., 1.56331412e-03, 2.08441890e-03, 0., 5.21104725e-04, 0., 0.,
       5.21104725e-04, 5.21104725e-04, 0., 5.21104725e-04,
       5.21104725e-04, 5.21104725e-04, 5.21104725e-04, 5.21104725e-04,
       5.21104725e-04, 5.21104725e-04, 2.08441890e-03, 3.12662823e-03,
       0., 0., 1.56331412e-03, 3.64773301e-03, 1.56331412e-03,
       5.21104725e-04, 0., 0., 2.08441890e-03, 1.04220945e-03,
       2.08441890e-03, 2.08441890e-03, 0., 7.81657081e-03,
       1.04220945e-03, 1.04220945e-03, 0., 0., 1.04220945e-03, 0.,
       5.21104725e-04, 1.56331412e-03, 5.21104725e-04, 0., 0., 0.,
       1.04220945e-03, 2.08441890e-03, 0., 0., 0., 1.04220945e-03, 0.,
       2.08441890e-03, 5.21104725e-04, 5.21104736e-03, 5.21104725e-04,
       1.56331412e-03, 0., 0., 5.21104725e-04, 1.04220945e-03,
       1.04220945e-03, 1.04220945e-03, 0., 2.08441890e-03,
       1.04220945e-03, 5.21104725e-04, 0., 0., 0., 5.21104725e-04, 0.,
       0., 1.56331412e-03, 0., 0., 1.56331412e-03, 0., 5.21104725e-04,
       9.37988516e-03, 0., 0., 1.04220945e-03, 5.21104725e-04,
       1.04220945e-03, 0., 1.56331412e-03, 2.60552368e-03,
       8.33767559e-03, 1.04220945e-03, 2.08441890e-03, 5.21104725e-04,
       0., 5.21104725e-04, 1.56331412e-03, 1.56331412e-03,
       1.04220945e-03, 5.21104725e-04, 0., 1.04220945e-03,
       2.08441890e-03, 5.21104725e-04, 1.04220945e-03, 1.56331412e-03,
       0., 4.16883780e-03, 0., 1.04220945e-03, 5.21104725e-04,
       5.21104725e-04, 3.12662823e-03, 1.04220945e-03, 0.,
       2.08441890e-03, 1.04220945e-03, 5.21104725e-04, 1.56331412e-03,
       5.21104736e-03, 1.04220945e-03, 8.33767559e-03, 0.,
       1.04220945e-03, 0., 5.21104725e-04, 0., 0., 0., 0.,
       2.08441890e-03, 1.56331412e-03, 5.21104725e-04, 0.,
       2.60552368e-03, 0., 1.56331412e-03, 0., 5.21104725e-04,
       1.04220945e-03, 4.68994258e-03, 0., 2.60552368e-03,
       1.04220945e-03, 0., 2.08441890e-03, 0., 1.04220945e-03,
       5.21104725e-04, 5.21104725e-04, 1.04220945e-03, 1.04220945e-03,
       0., 1.04220945e-03, 5.21104725e-04, 5.21104725e-04,
       2.60552368e-03, 1.14643043e-02, 2.08441890e-03, 0.,
       5.21104725e-04, 5.21104725e-04, 1.56331412e-03, 2.60552368e-03,
       0., 1.04220945e-03, 1.04220945e-03, 1.04220945e-03,
       1.04220945e-03, 1.04220945e-03, 1.04220945e-03, 0.,
       2.60552368e-03, 5.21104725e-04, 5.21104725e-04, 8.33767559e-03,
       5.21104725e-04, 5.21104725e-04, 5.21104725e-04, 2.60552368e-03,
       5.21104725e-04, 1.04220945e-03, 0., 1.04220945e-03,
       5.21104725e-04, 0., 2.08441890e-03, 5.21104736e-03,
       1.56331412e-03, 1.56331412e-03, 5.73215215e-03, 5.21104725e-04,
       1.04220945e-03, 1.56331412e-03, 1.04220945e-03, 0., 0.,
       5.21104725e-04, 0., 1.04220945e-03, 0., 0., 0., 0., 0.,
       1.35487225e-02, 1.04220945e-03, 5.21104725e-04, 0., 0.,
       2.60552368e-03, 1.04220945e-03, 1.04220945e-03, 2.08441890e-03,
       5.21104725e-04, 0., 1.56331412e-03, 0., 1.56331412e-03,
       1.04220945e-03, 2.60552368e-03, 1.56331412e-03, 5.21104725e-04,
       5.21104725e-04, 4.16883780e-03, 1.56331412e-03, 0.,
       5.21104725e-04, 1.56331412e-03, 0., 0., 0., 5.21104725e-04,
       5.21104725e-04, 1.04220945e-03, 1.04220945e-03, 0.,
       1.56331412e-03, 1.04220945e-03, 2.60552368e-03, 0.,
       5.21104725e-04, 0., 0., 0., 0., 5.21104725e-04, 0.,
       1.04220945e-03, 0., 0., 0., 5.21104725e-04, 5.21104725e-04,
       2.08441890e-03, 0., 0., 1.04220945e-03, 2.08441890e-03, 0.,
       2.60552368e-03, 0., 0., 2.08441890e-03, 0., 0., 0., 0.,
       5.21104725e-04, 0., 5.21104725e-04, 1.04220945e-03, 0.,
       5.21104736e-03, 5.21104725e-04, 1.56331412e-03, 0., 0., 0.,
       5.21104725e-04, 5.21104725e-04, 1.04220945e-03, 1.04220945e-03,
       5.21104725e-04, 1.04220945e-03, 2.08441890e-03, 1.56331412e-03,
       1.04220945e-03, 2.08441890e-03, 2.60552368e-03, 0.,
       1.04220945e-03, 0., 1.25065129e-02, 5.21104725e-04,
       5.21104725e-04, 5.21104725e-04, 1.04220945e-03, 3.12662823e-03,
       1.56331412e-03, 4.16883780e-03, 7.81657081e-03, 1.56331412e-03,
       0., 0., 0., 0., 0., 0., 5.21104725e-04, 1.04220945e-03,
       1.04220945e-03, 1.04220945e-03, 3.64773301e-03, 1.04220945e-03,
       5.21104725e-04, 0., 7.29546603e-03, 2.60552368e-03,
       2.60552368e-03, 1.56331412e-03, 5.21104725e-04, 5.21104725e-04,
       1.04220945e-03, 5.21104725e-04, 1.04220945e-03, 5.73215215e-03,
       0., 3.64773301e-03, 0., 0., 1.04220945e-03, 0., 1.04220945e-03,
       0., 5.21104725e-04, 5.21104725e-04, 0., 1.04220945e-03, 0.,
       1.04220945e-03, 2.08441890e-03, 0., 0., 1.04220945e-03,
       6.25325646e-03, 5.21104725e-04, 2.60552368e-03, 2.08441890e-03,
       3.64773301e-03, 1.04220945e-03, 0., 0., 0., 0., 0.,
       2.08441890e-03, 1.04220945e-03, 1.04220945e-03, 0.,
       1.56331412e-03, 0., 2.60552368e-03, 1.56331412e-03,
       5.21104725e-04, 0., 2.08441890e-03, 2.60552368e-03,
       1.04220945e-03, 1.04220945e-03, 2.60552368e-03, 2.08441890e-03,
       0., 7.81657081e-03, 0., 0., 0., 1.04220945e-03, 0.,
       5.21104725e-04, 1.56331412e-03, 1.56331412e-03, 1.04220945e-03,
       0., 5.21104725e-04, 4.16883780e-03, 5.21104725e-04, 0., 0., 0.,
       0., 5.21104725e-04, 1.56331412e-03, 2.60552368e-03,
       2.08441890e-03, 5.21104725e-04, 0., 0., 0., 2.08441890e-03,
       5.21104725e-04, 1.56331412e-03, 5.21104725e-04, 3.12662823e-03,
       5.21104725e-04, 5.21104725e-04, 2.08441890e-03, 5.21104725e-04,
       0., 0., 5.21104725e-04, 5.21104725e-04, 5.21104725e-04,
       3.64773301e-03, 1.04220945e-03, 5.21104725e-04, 5.21104725e-04,
       1.56331412e-03, 0., 1.04220945e-03, 5.21104725e-04, 0.,
       5.21104725e-04, 0., 2.08441890e-03, 5.21104725e-04,
       1.04220945e-03, 0., 1.56331412e-03, 1.56331412e-03,
       1.04220945e-03, 4.16883780e-03, 1.04220945e-03, 5.21104725e-04,
       2.60552368e-03, 1.04220945e-03, 5.21104725e-04, 5.21104725e-04,
       1.04220945e-03, 5.21104725e-04, 5.21104725e-04, 0.,
       2.08441890e-03, 0., 2.08441890e-03, 5.21104725e-04,
       3.12662823e-03, 1.04220945e-03, 0., 1.56331412e-03,
       1.04220945e-03, 5.21104725e-04, 0., 0., 2.08441890e-03,
       2.08441890e-03, 1.56331412e-03, 2.60552368e-03, 0., 0.,
       5.21104725e-04, 5.21104725e-04, 2.08441890e-03, 1.04220945e-03,
       1.04220945e-03, 1.04220945e-03, 2.08441890e-03, 0.,
       1.04220945e-03, 0., 1.56331412e-03, 0., 1.04220945e-03,
       5.21104725e-04, 0., 1.56331412e-03, 5.21104725e-04, 0.,
