%YAML:1.0
m25n: !!opencv-matrix
   rows: 1
   cols: 800
   dt: f
   data: [ 0., 1.30106683e-03, 7.80640054e-04, 2.60213361e-04, 0.,
       1.30106683e-03, 2.86234706e-03, 2.60213361e-04, 0.,
       1.04085344e-03, 5.20426722e-04, 2.08170689e-03, 1.04085344e-03,
       5.20426722e-04, 1.30106683e-03, 2.08170689e-03, 1.82149350e-03,
       7.80640054e-04, 0., 1.30106683e-03, 1.04085344e-03,
       7.80640054e-04, 1.56128011e-03, 5.20426722e-04, 2.34192032e-02,
       1.04085344e-03, 7.80640054e-04, 5.20426722e-04, 2.60213361e-04,
       1.04085344e-03, 6.50533382e-03, 2.60213367e-03, 2.60213361e-04,
       1.82149350e-03, 1.30106683e-03, 1.56128011e-03, 1.56128011e-03,
       1.82149350e-03, 2.60213361e-04, 1.30106683e-03, 2.60213361e-04,
       1.82149350e-03, 2.60213361e-04, 4.42362716e-03, 1.56128011e-03,
       1.56128011e-03, 7.80640054e-04, 2.60213361e-04, 1.30106683e-03,
       2.08170689e-03, 5.20426722e-04, 1.04085344e-03, 7.80640054e-04,
       1.56128011e-03, 2.60213361e-04, 1.30106683e-03, 1.04085344e-03,
       1.82149350e-03, 3.90320038e-03, 1.30106683e-03, 1.04085344e-03,
       7.80640054e-04, 1.04085344e-03, 5.20426722e-04, 2.60213367e-03,
       7.80640054e-04, 2.60213361e-04, 1.56128011e-03, 2.60213361e-04,
       2.86234706e-03, 1.30106683e-03, 1.30106683e-03, 1.56128011e-03,
       1.04085344e-03, 1.30106683e-03, 1.04085344e-03, 2.60213361e-04,
       1.56128011e-03, 5.20426722e-04, 5.20426722e-04, 1.04085344e-03,
       7.80640054e-04, 1.04085344e-03, 1.82149350e-03, 7.80640054e-04,
       2.60213361e-04, 1.82149350e-03, 4.42362716e-03, 1.82149350e-03,
       2.60213361e-04, 1.82149350e-03, 7.80640054e-04, 0.,
       7.80640054e-04, 5.20426722e-04, 7.80640054e-04, 2.08170689e-03,
       7.80640054e-04, 1.04085344e-03, 1.30106683e-03, 5.20426722e-04,
       7.80640054e-04, 1.04085344e-03, 1.30106683e-03, 7.80640054e-04,
       2.60213361e-04, 1.30106683e-03, 2.60213361e-04, 1.04085344e-03,
       1.30106683e-03, 2.08170689e-03, 7.80640054e-04, 5.20426722e-04,
       5.20426722e-04, 7.80640054e-04, 1.04085344e-03, 2.60213361e-04,
       7.80640054e-04, 2.60213361e-04, 2.60213361e-04, 5.20426722e-04,
       1.04085344e-03, 1.04085344e-03, 0., 1.82149350e-03,
       5.20426722e-04, 1.04085344e-03, 7.80640054e-04, 0.,
       1.30106683e-03, 2.34192028e-03, 3.90320038e-03, 5.20426722e-04,
       2.08170689e-03, 1.30106683e-03, 5.46448072e-03, 5.20426722e-04,
       1.04085344e-03, 2.60213367e-03, 7.80640054e-04, 5.20426722e-04,
       2.08170689e-03, 1.56128011e-03, 1.56128011e-03, 7.80640054e-04,
       1.56128011e-03, 5.20426722e-04, 1.04085344e-03, 1.30106683e-03,
       5.20426722e-04, 5.20426722e-04, 7.80640054e-04, 5.20426722e-04,
       2.60213361e-04, 1.04085344e-03, 7.80640054e-04, 1.04085344e-03,
       7.80640054e-04, 2.60213361e-04, 2.60213361e-04, 1.04085344e-03,
       7.80640054e-04, 1.04085344e-03, 7.80640054e-04, 1.04085344e-03,
       1.04085344e-03, 7.80640054e-04, 2.60213361e-04, 2.60213361e-04,
       1.30106683e-03, 7.80640054e-04, 1.56128011e-03, 1.30106683e-03,
       2.86234706e-03, 3.90320038e-03, 7.80640054e-04, 7.80640054e-04,
       2.02966426e-02, 1.04085344e-03, 3.38277360e-03, 2.34192028e-03,
       1.04085344e-03, 2.60213367e-03, 7.80640054e-04, 2.60213361e-04,
       5.20426722e-04, 1.30106683e-03, 1.04085344e-03, 1.04085344e-03,
       2.86234706e-03, 2.86234706e-03, 2.08170689e-03, 5.20426733e-03,
       7.80640054e-04, 5.20426722e-04, 7.80640054e-04, 1.56128011e-03,
       1.30106683e-03, 1.04085344e-03, 2.60213361e-04, 1.30106683e-03,
       7.80640054e-04, 2.60213367e-03, 7.28597399e-03, 1.56128011e-03,
       2.86234706e-03, 5.20426722e-04, 5.20426722e-04, 5.20426722e-04,
       0., 2.60213361e-04, 3.12256021e-03, 5.20426722e-04,
       7.80640054e-04, 2.08170689e-03, 1.04085344e-03, 2.60213361e-04,
       5.20426722e-04, 1.30106683e-03, 5.20426722e-04, 2.60213361e-04,
       1.04085344e-03, 1.56128011e-03, 7.80640054e-04, 2.08170689e-03,
       1.30106683e-03, 2.08170689e-03, 7.80640054e-04, 7.80640054e-04,
       2.60213361e-04, 5.20426722e-04, 1.04085344e-03, 7.80640054e-04,
       1.82149350e-03, 1.30106683e-03, 7.80640054e-04, 1.30106683e-03,
       1.30106683e-03, 2.08170689e-03, 7.80640054e-04, 1.30106683e-03,
       2.60213361e-04, 5.20426722e-04, 5.20426722e-04, 2.60213361e-04,
       7.80640054e-04, 2.34192028e-03, 2.34192028e-03, 5.20426722e-04,
       7.80640054e-04, 2.60213361e-04, 7.80640054e-04, 1.04085344e-03,
       1.30106683e-03, 2.60213361e-04, 1.30106683e-03, 7.80640054e-04,
       7.80640054e-04, 7.80640054e-04, 1.56128011e-03, 2.86234706e-03,
       2.60213361e-04, 1.04085344e-03, 2.08170689e-03, 2.08170689e-03,
       5.20426722e-04, 5.20426722e-04, 3.38277360e-03, 1.30106683e-03,
       1.30106683e-03, 7.80640054e-04, 1.82149350e-03, 2.60213361e-04,
       2.08170689e-03, 1.82149350e-03, 2.60213361e-04, 1.82149350e-03,
       1.56128011e-03, 1.56128011e-03, 2.60213361e-04, 1.04085344e-03,
       2.34192028e-03, 2.34192028e-03, 2.60213361e-04, 1.04085344e-03,
       7.80640054e-04, 1.04085344e-03, 2.60213361e-04, 3.12256021e-03,
       1.30106683e-03, 1.30106683e-03, 7.80640054e-04, 1.30106683e-03,
       1.56128011e-03, 1.82149350e-03, 1.30106683e-03, 1.30106683e-03,
       1.04085344e-03, 7.80640054e-04, 1.30106683e-03, 7.80640054e-04,
       0., 1.04085344e-03, 2.60213361e-04, 2.60213367e-03, 0.,
       1.04085344e-03, 2.34192028e-03, 2.08170689e-03, 2.34192028e-03,
       2.60213361e-04, 1.04085344e-03, 7.80640054e-04, 1.30106683e-03,
       1.82149350e-03, 5.20426722e-04, 5.20426722e-04, 2.60213361e-04,
       1.04085344e-03, 1.30106683e-03, 1.04085344e-03, 1.04085344e-03,
       1.56128011e-03, 2.60213367e-03, 1.30106683e-03, 5.20426722e-04,
       1.30106683e-03, 5.46448072e-03, 2.08170689e-03, 2.08170689e-03,
       1.30106683e-03, 1.30106683e-03, 2.34192028e-03, 4.42362716e-03,
       1.82149350e-03, 2.34192028e-03, 1.30106683e-03, 2.60213361e-04,
       5.20426722e-04, 2.60213361e-04, 2.08170689e-03, 7.80640054e-04,
       1.82149350e-03, 7.80640054e-04, 7.80640054e-04, 7.80640054e-04,
       0., 2.60213361e-04, 1.04085344e-03, 7.80640054e-04,
       7.80640054e-04, 1.04085344e-03, 7.80640054e-04, 5.20426722e-04,
       1.56128011e-03, 2.60213361e-04, 2.60213361e-04, 1.30106683e-03,
       1.56128011e-03, 3.64298699e-03, 5.20426722e-04, 7.80640054e-04,
       5.20426722e-04, 1.04085344e-03, 1.30106683e-03, 7.80640054e-04,
       1.04085344e-03, 5.20426722e-04, 7.28597399e-03, 5.20426722e-04,
       2.60213361e-04, 2.86234706e-03, 1.82149350e-03, 2.60213367e-03,
       1.30106683e-03, 2.60213361e-04, 3.64298699e-03, 1.56128011e-03,
       2.34192028e-03, 1.82149350e-03, 7.80640054e-04, 7.80640054e-04,
       7.80640054e-04, 1.56128011e-03, 1.56128011e-03, 7.80640054e-04,
       1.04085344e-03, 1.30106683e-03, 5.20426722e-04, 2.08170689e-03,
       1.04085344e-03, 5.20426733e-03, 1.82149350e-03, 7.80640054e-04,
       2.60213361e-04, 5.20426722e-04, 2.60213367e-03, 7.80640054e-04,
       1.04085344e-03, 4.42362716e-03, 1.82149350e-03, 1.56128011e-03,
       2.60213361e-04, 1.04085344e-03, 1.56128011e-03, 1.04085344e-03,
       1.04085344e-03, 7.80640054e-04, 5.20426722e-04, 5.20426722e-04,
       3.90320038e-03, 7.80640054e-04, 2.60213361e-04, 1.04085344e-03,
       1.56128011e-03, 1.82149350e-03, 7.80640054e-04, 2.60213361e-04,
       7.80640054e-04, 5.20426722e-04, 5.20426722e-04, 5.20426722e-04,
       7.80640054e-04, 1.82149350e-03, 5.20426722e-04, 1.04085344e-03,
       7.80640054e-04, 2.60213361e-04, 1.56128011e-03, 2.08170689e-03,
       2.60213361e-04, 1.82149350e-03, 1.82149350e-03, 2.60213367e-03,
       1.82149350e-03, 1.82149350e-03, 7.80640054e-04, 5.20426722e-04,
       7.80640054e-04, 3.12256021e-03, 0., 5.20426722e-04, 0.,
       1.04085344e-03, 1.30106683e-03, 1.30106683e-03, 2.08170689e-03,
       2.60213361e-04, 2.60213361e-04, 1.04085344e-03, 2.34192028e-03,
       3.64298699e-03, 5.20426722e-04, 2.60213367e-03, 1.30106683e-03,
