%YAML:1.0
m25n: !!opencv-matrix
   rows: 1
   cols: 800
   dt: f
   data: [ 0., 2.32198136e-03, 0., 7.73993786e-04, 7.73993786e-04,
       1.08359130e-02, 7.73993786e-04, 8.51393119e-03, 1.54798757e-03,
       7.73993786e-04, 1.54798757e-03, 0., 0., 0., 0., 1.08359130e-02,
       0., 7.73993786e-04, 7.73993786e-04, 0., 7.73993786e-04, 0., 0.,
       7.73993786e-04, 7.73993786e-04, 0., 7.73993786e-04, 0.,
       8.51393119e-03, 0., 1.54798757e-03, 1.54798757e-03,
       7.73993786e-04, 0., 0., 7.73993786e-04, 0., 0., 6.96594408e-03,
       0., 0., 7.73993786e-04, 3.09597515e-03, 7.73993786e-04, 0.,
       3.86996893e-03, 3.09597515e-03, 2.32198136e-03, 0., 0., 0., 0.,
       2.32198136e-03, 1.54798757e-03, 0., 1.54798757e-03,
       3.09597515e-03, 1.54798757e-03, 0., 0., 0., 7.73993786e-04, 0.,
       3.86996893e-03, 0., 0., 6.96594408e-03, 5.41795650e-03,
       7.73993786e-04, 0., 1.39318882e-02, 2.32198136e-03,
       7.73993786e-04, 9.28792544e-03, 0., 0., 7.73993786e-04,
       3.09597515e-03, 7.73993786e-04, 7.73993786e-04, 0., 0.,
       7.73993786e-04, 0., 7.73993786e-04, 7.73993786e-04, 0.,
       2.24458203e-02, 0., 7.73993786e-04, 1.54798757e-03,
       7.73993786e-04, 0., 0., 0., 0., 6.19195029e-03, 0.,
       1.54798757e-03, 3.09597515e-03, 0., 1.54798757e-03, 0.,
       7.73993786e-04, 1.54798757e-03, 7.73993786e-04, 2.32198136e-03,
       0., 0., 3.09597515e-03, 7.73993786e-04, 0., 0., 1.54798757e-03,
       7.73993786e-04, 0., 5.41795650e-03, 0., 1.54798757e-03,
       1.54798757e-03, 0., 0., 0., 0., 1.54798757e-03, 0.,
       1.54798757e-03, 2.32198136e-03, 1.54798757e-03, 5.41795650e-03,
       3.09597515e-03, 1.54798757e-03, 7.73993786e-04, 1.54798757e-03,
       1.54798757e-03, 7.73993786e-04, 0., 2.32198136e-03,
       3.09597515e-03, 0., 0., 2.32198136e-03, 1.54798757e-03, 0.,
       3.09597515e-03, 0., 0., 0., 7.73993786e-04, 7.73993786e-04, 0.,
       7.73993786e-04, 7.73993786e-04, 2.32198136e-03, 0., 0., 0.,
       7.73993786e-04, 0., 1.31578948e-02, 0., 0., 7.73993786e-04, 0.,
       2.32198136e-03, 1.54798757e-03, 0., 0., 7.73993786e-04, 0., 0.,
       1.54798757e-03, 7.73993786e-04, 7.73993786e-04, 0., 0., 0., 0.,
       0., 7.73993786e-04, 0., 0., 7.73993786e-04, 1.54798757e-03, 0.,
       0., 0., 1.54798757e-03, 1.54798757e-03, 0., 7.73993786e-04,
       3.09597515e-03, 0., 0., 7.73993786e-04, 1.54798757e-03, 0.,
       2.32198136e-03, 1.54798757e-03, 0., 1.54798757e-03,
       7.73993786e-04, 0., 7.73993786e-04, 7.73993786e-04,
       7.73993786e-04, 7.73993786e-04, 2.32198136e-03, 1.54798757e-03,
       0., 7.73993786e-04, 7.73993786e-04, 7.73993786e-04, 0.,
       1.54798757e-03, 7.73993786e-04, 2.32198136e-03, 0.,
       1.54798757e-03, 0., 7.73993786e-04, 5.41795650e-03,
       2.32198136e-03, 0., 7.73993786e-04, 7.73993786e-04,
       7.73993786e-04, 0., 0., 3.86996893e-03, 7.73993786e-04, 0., 0.,
       7.73993786e-04, 1.54798757e-03, 5.41795650e-03, 4.64396272e-03,
       7.73993786e-04, 0., 7.73993786e-04, 0., 0., 2.32198136e-03,
       1.54798757e-03, 0., 0., 2.32198136e-03, 7.73993786e-04, 0., 0.,
       7.73993786e-04, 7.73993786e-04, 0., 4.64396272e-03, 0.,
       1.54798757e-03, 0., 0., 0., 0., 0., 0., 3.09597515e-03, 0., 0.,
       1.54798757e-03, 3.86996893e-03, 1.54798757e-03, 7.73993786e-04,
       1.54798757e-03, 7.73993786e-04, 2.32198136e-03, 0.,
       3.86996893e-03, 0., 0., 0., 0., 7.73993786e-04, 7.73993786e-04,
       2.32198136e-03, 0., 7.73993786e-04, 7.73993786e-04, 0.,
       1.54798757e-03, 1.54798757e-03, 7.73993786e-04, 0.,
       1.54798757e-03, 0., 0., 7.73993786e-04, 0., 0., 4.64396272e-03,
       2.32198136e-03, 0., 0., 6.96594408e-03, 1.54798757e-03,
       1.54798757e-03, 0., 0., 0., 0., 7.73993786e-04, 0., 0.,
       7.73993786e-04, 8.51393119e-03, 0., 7.73993786e-04,
       1.54798757e-03, 3.09597515e-03, 7.73993786e-04, 7.73993786e-04,
       0., 7.73993786e-04, 0., 7.73993786e-04, 0., 1.54798757e-03, 0.,
       2.32198136e-03, 0., 1.54798757e-03, 0., 1.54798757e-03,
       3.86996893e-03, 7.73993786e-04, 3.09597515e-03, 7.73993786e-04,
       0., 0., 1.54798757e-03, 2.32198136e-03, 1.54798757e-02, 0., 0.,
       0., 0., 0., 0., 7.73993786e-04, 7.73993786e-04, 0.,
       7.73993786e-04, 0., 1.54798757e-03, 0., 0., 7.73993786e-04,
       7.73993786e-04, 0., 7.73993786e-04, 7.73993786e-04,
       7.73993786e-04, 1.54798757e-03, 7.73993786e-04, 0.,
       1.54798757e-03, 5.41795650e-03, 0., 0., 0., 0., 0., 0., 0.,
       1.54798757e-03, 3.09597515e-03, 0., 0., 1.54798757e-03,
       7.73993786e-04, 0., 1.54798757e-03, 7.73993786e-04,
       1.54798757e-03, 0., 0., 1.31578948e-02, 0., 0., 7.73993786e-04,
       7.73993786e-04, 5.41795650e-03, 1.54798757e-03, 0.,
       7.73993786e-04, 0., 1.16099063e-02, 1.54798757e-03,
       7.73993786e-04, 1.54798757e-03, 3.86996893e-03, 0., 0.,
       3.09597515e-03, 7.73993786e-04, 1.54798757e-03, 0., 0.,
       7.73993786e-04, 7.73993786e-04, 0., 2.32198136e-03, 0., 0., 0.,
       1.54798757e-03, 4.64396272e-03, 1.54798757e-03, 0., 0.,
       7.73993786e-04, 0., 0., 0., 0., 0., 0., 2.32198136e-03,
       1.54798757e-03, 7.73993786e-04, 7.73993786e-04, 0.,
       7.73993786e-04, 0., 0., 7.73993786e-04, 2.55417954e-02, 0., 0.,
       6.19195029e-03, 0., 1.54798757e-03, 7.73993786e-04,
       7.73993786e-04, 0., 0., 1.54798757e-03, 0., 0., 7.73993786e-04,
       0., 7.73993786e-04, 0., 0., 0., 7.73993786e-04, 0., 0.,
       1.54798757e-03, 7.73993786e-04, 7.73993786e-04, 0., 0.,
       1.54798757e-03, 7.73993786e-04, 7.73993786e-04, 3.09597515e-03,
       0., 0., 2.32198136e-03, 7.73993786e-04, 1.54798757e-03,
       2.32198136e-03, 0., 3.86996893e-03, 0., 7.73993786e-04, 0.,
       7.73993786e-04, 7.73993786e-04, 7.73993786e-04, 7.73993786e-04,
       2.32198136e-03, 7.73993786e-04, 7.73993786e-04, 1.54798757e-03,
       0., 0., 7.73993786e-04, 0., 1.54798757e-03, 7.73993786e-04, 0.,
       0., 1.54798757e-03, 0., 0., 0., 0., 7.73993786e-04,
       7.73993786e-04, 1.54798757e-03, 0., 0., 0., 0., 0., 0.,
       3.09597515e-03, 1.85758509e-02, 7.73993786e-04, 0.,
       6.96594408e-03, 0., 1.54798757e-03, 7.73993786e-04,
       7.73993786e-04, 0., 7.73993786e-04, 0., 0., 2.24458203e-02,
       1.54798757e-03, 2.32198136e-03, 0., 3.09597515e-03, 0.,
       1.54798757e-03, 0., 1.54798757e-03, 0., 1.16099063e-02, 0., 0.,
       0., 1.54798757e-03, 0., 0., 7.73993786e-04, 1.54798757e-03,
       7.73993786e-04, 0., 0., 4.64396272e-03, 7.73993786e-04,
       7.73993786e-04, 0., 0., 1.54798757e-03, 0., 7.73993786e-04,
       7.73993786e-04, 0., 0., 7.73993786e-04, 4.64396272e-03, 0.,
       7.73993786e-04, 0., 0., 2.32198136e-03, 2.32198136e-03, 0.,
       2.32198136e-03, 3.09597515e-03, 7.73993786e-04, 7.73993786e-04,
       0., 0., 7.73993786e-04, 1.54798757e-03, 0., 7.73993786e-04, 0.,
       0., 7.73993786e-04, 0., 1.54798757e-03, 0., 5.41795650e-03,
       6.19195029e-03, 7.73993786e-04, 3.09597515e-03, 5.41795650e-03,
       0., 0., 7.73993786e-04, 1.54798757e-03, 1.31578948e-02, 0., 0.,
       1.54798757e-03, 0., 0., 0., 0., 3.86996893e-03, 1.54798757e-03,
       3.09597515e-03, 7.73993786e-04, 7.73993786e-04, 0.,
       1.54798757e-03, 4.64396272e-03, 0., 7.73993786e-04,
       7.73993786e-04, 7.73993786e-04, 0., 3.86996893e-03,
       7.73993786e-04, 1.54798757e-03, 0., 0., 0., 2.32198136e-03, 0.,
       1.08359130e-02, 0., 0., 7.73993786e-04, 7.73993786e-04, 0.,
       1.54798757e-03, 7.73993786e-04, 0., 0., 0., 0., 0., 0., 0., 0.,
       3.86996893e-03, 7.73993786e-04, 0., 0., 0., 1.54798757e-03, 0.,
       3.86996893e-03, 7.73993786e-04, 0., 7.73993786e-04, 0.,
       4.64396272e-03, 1.54798757e-03, 1.54798757e-03, 0., 0.,
       1.54798757e-03, 7.73993786e-04, 7.73993786e-04, 0.,
       7.73993786e-04, 6.19195029e-03, 0., 7.73993786e-04,
       1.54798757e-03, 0., 0., 0., 1.54798757e-03, 0., 0., 0., 0.,
       2.32198136e-03, 0., 3.09597515e-03, 7.73993786e-04, 0.,
       3.09597515e-03, 0., 7.73993786e-04, 6.19195029e-03,
