%YAML:1.0
m25n: !!opencv-matrix
   rows: 1
   cols: 800
   dt: f
   data: [ 1.39421399e-03, 3.83408857e-03, 1.39421399e-03,
       6.97106996e-04, 1.74276752e-03, 0., 6.97106996e-04,
       1.04566047e-03, 6.97106996e-04, 1.39421399e-03, 1.39421399e-03,
       3.13698151e-03, 3.48553498e-04, 1.04566047e-03, 2.09132093e-03,
       6.97106996e-04, 3.48553498e-04, 6.97106996e-04, 1.04566047e-03,
       1.39421399e-03, 3.48553498e-04, 1.74276752e-03, 3.48553504e-03,
       6.97106996e-04, 1.46392472e-02, 2.09132093e-03, 0.,
       1.74276752e-03, 1.39421399e-03, 6.97106996e-04, 3.48553504e-03,
       6.97106996e-04, 3.48553498e-04, 1.04566047e-03, 2.43987446e-03,
       0., 1.04566047e-03, 6.97106996e-04, 1.39421399e-03,
       1.74276752e-03, 6.97106996e-04, 3.83408857e-03, 3.48553498e-04,
       2.78842798e-03, 0., 6.97106996e-04, 1.04566047e-03,
       2.09132093e-03, 6.97106996e-04, 3.48553498e-04, 6.97106996e-04,
       1.39421399e-03, 1.04566047e-03, 2.09132093e-03, 1.39421399e-03,
       6.97106996e-04, 4.87974891e-03, 3.48553498e-04, 3.48553498e-04,
       1.39421399e-03, 6.97106996e-04, 1.74276752e-03, 2.09132093e-03,
       1.04566047e-03, 2.09132093e-03, 1.04566047e-03, 2.09132093e-03,
       3.48553498e-04, 6.97106996e-04, 1.39421399e-03, 6.97106996e-04,
       3.48553498e-04, 1.04566047e-03, 3.48553498e-04, 6.97106996e-04,
       3.48553498e-04, 1.04566047e-03, 1.74276752e-03, 1.74276752e-03,
       0., 2.09132093e-03, 1.04566047e-03, 0., 2.09132093e-03,
       1.04566047e-03, 0., 2.43987446e-03, 3.13698151e-03, 0.,
       1.39421399e-03, 2.78842798e-03, 3.48553498e-04, 6.97106996e-04,
       1.04566047e-03, 3.48553498e-04, 2.43987446e-03, 3.48553498e-04,
       0., 2.43987446e-03, 6.97106996e-04, 0., 3.48553498e-04,
       2.43987446e-03, 1.74276752e-03, 1.04566047e-03, 0.,
       1.39421399e-03, 1.04566047e-03, 0., 6.97106996e-04,
       2.09132093e-03, 1.39421399e-03, 6.97106996e-04, 1.39421399e-03,
       6.97106996e-04, 2.43987446e-03, 3.48553498e-04, 3.48553498e-04,
       2.78842798e-03, 6.97106996e-04, 1.04566047e-03, 6.97106996e-04,
       1.74276752e-03, 1.74276752e-03, 3.48553498e-04, 3.48553498e-04,
       1.74276752e-03, 1.04566047e-03, 6.97106996e-04, 2.43987446e-03,
       1.74276752e-03, 1.04566047e-03, 1.04566047e-03, 1.74276752e-03,
       1.74276752e-03, 1.08051589e-02, 6.97106996e-04, 1.39421399e-03,
       1.74276752e-03, 6.97106996e-04, 3.48553498e-04, 1.74276752e-03,
       1.74276752e-03, 2.09132093e-03, 0., 6.97106996e-04,
       1.39421399e-03, 6.97106996e-04, 1.04566047e-03, 3.48553498e-04,
       1.04566047e-03, 3.48553498e-04, 6.97106996e-04, 1.39421399e-03,
       1.39421399e-03, 6.97106996e-04, 6.97106996e-04, 1.39421399e-03,
       1.39421399e-03, 1.04566047e-03, 1.39421399e-03, 1.39421399e-03,
       0., 3.48553498e-04, 3.48553498e-04, 6.97106996e-04, 0.,
       3.48553498e-04, 1.04566047e-03, 3.48553498e-04, 1.39421399e-03,
       3.48553498e-04, 6.97106996e-04, 1.04566047e-03, 1.74276752e-03,
       1.39421399e-03, 1.04566047e-03, 1.74276754e-02, 6.97106996e-04,
       1.04566047e-03, 2.78842798e-03, 1.39421399e-03, 6.97106996e-04,
       6.97106996e-04, 6.97106996e-04, 1.04566047e-03, 3.48553498e-04,
       6.97106996e-04, 1.04566047e-03, 3.48553498e-04, 1.74276752e-03,
       3.48553504e-03, 4.53119539e-03, 6.97106996e-04, 6.97106996e-04,
       1.04566047e-03, 1.74276752e-03, 3.48553498e-04, 1.39421399e-03,
       6.97106996e-04, 6.97106996e-04, 6.97106996e-04, 4.18264186e-03,
       6.27396302e-03, 1.39421399e-03, 1.39421399e-03, 1.74276752e-03,
       1.39421399e-03, 3.48553498e-04, 0., 1.39421399e-03,
       6.97106996e-04, 1.04566047e-03, 1.04566047e-03, 1.39421399e-03,
       1.74276752e-03, 6.97106996e-04, 3.48553498e-04, 1.04566047e-03,
       6.97106996e-04, 3.48553498e-04, 6.97106996e-04, 6.97106996e-04,
       6.97106996e-04, 1.39421399e-03, 6.97106996e-04, 1.39421399e-03,
       6.97106996e-04, 1.39421399e-03, 6.97106996e-04, 3.48553504e-03,
       2.09132093e-03, 0., 1.74276752e-03, 3.48553498e-04,
       2.78842798e-03, 2.09132093e-03, 0., 1.74276752e-03,
       1.39421399e-03, 6.97106996e-04, 1.04566047e-03, 3.48553498e-04,
       4.18264186e-03, 1.04566047e-03, 0., 2.43987446e-03,
       6.97106996e-04, 3.48553498e-04, 1.04566047e-03, 1.74276752e-03,
       3.48553498e-04, 2.43987446e-03, 3.48553498e-04, 1.04566047e-03,
       1.39421399e-03, 3.48553504e-03, 1.04566047e-03, 0.,
       1.74276752e-03, 1.39421399e-03, 0., 3.48553498e-04,
       6.97106996e-04, 1.04566047e-03, 6.97106996e-04, 3.48553498e-04,
       1.39421399e-03, 0., 3.48553498e-04, 2.78842798e-03,
       3.48553498e-04, 0., 6.97106996e-04, 1.39421399e-03, 0.,
       1.74276752e-03, 1.39421399e-03, 3.48553498e-04, 6.97106996e-04,
       2.43987446e-03, 6.97106996e-04, 1.04566047e-03, 3.48553498e-04,
       0., 1.04566047e-03, 1.04566047e-03, 6.97106996e-04,
       1.39421399e-03, 1.04566047e-03, 3.48553498e-04, 3.48553498e-04,
       1.04566047e-03, 0., 3.48553498e-04, 1.74276752e-03,
       3.48553498e-04, 1.04566047e-03, 6.97106996e-04, 6.97106996e-04,
       1.39421399e-03, 0., 1.39421399e-03, 3.48553498e-04,
       1.04566047e-03, 3.48553498e-04, 1.04566047e-03, 1.74276752e-03,
       3.48553498e-04, 3.83408857e-03, 0., 6.97106996e-04,
       3.48553498e-04, 6.97106996e-04, 3.48553498e-04, 1.39421399e-03,
       3.48553498e-04, 1.04566047e-03, 3.48553498e-04, 1.04566047e-03,
       1.04566047e-03, 2.09132093e-03, 6.97106996e-04, 6.97106996e-04,
       1.74276752e-03, 1.39421399e-03, 1.74276752e-03, 3.48553504e-03,
       3.48553498e-04, 2.09132093e-03, 6.97106996e-04, 6.97106996e-04,
       5.92540950e-03, 3.48553504e-03, 1.04566047e-03, 1.04566047e-03,
       1.74276752e-03, 0., 3.48553498e-04, 0., 3.13698151e-03,
       6.97106996e-04, 3.48553498e-04, 2.09132093e-03, 3.48553498e-04,
       1.39421399e-03, 3.48553498e-04, 3.48553498e-04, 1.04566047e-03,
       1.04566047e-03, 1.74276752e-03, 2.09132093e-03, 1.04566047e-03,
       3.48553498e-04, 3.83408857e-03, 1.39421399e-03, 0.,
       1.04566047e-03, 6.97106996e-04, 1.04566047e-03, 1.04566047e-03,
       1.04566047e-03, 2.43987446e-03, 3.48553498e-04, 6.97106996e-04,
       1.74276752e-03, 1.04566047e-03, 1.39421399e-03, 7.66817713e-03,
       6.97106996e-04, 2.09132093e-03, 6.97106996e-04, 3.48553498e-04,
       1.39421399e-03, 1.04566047e-03, 1.39421399e-03, 3.48553504e-03,
       3.13698151e-03, 2.43987446e-03, 6.97106996e-04, 1.04566047e-03,
       6.97106996e-04, 1.04566047e-03, 3.48553498e-04, 3.48553498e-04,
       0., 1.04566047e-03, 1.04566047e-03, 6.97107008e-03,
       1.04566047e-03, 4.53119539e-03, 6.62251655e-03, 1.39421399e-03,
       1.39421399e-03, 3.48553498e-04, 0., 5.57685597e-03,
       1.39421399e-03, 3.48553498e-04, 3.13698151e-03, 3.48553498e-04,
       3.48553498e-04, 1.04566047e-03, 3.48553498e-04, 3.48553498e-04,
       3.48553498e-04, 2.78842798e-03, 1.39421399e-03, 2.43987446e-03,
       0., 7.31962360e-03, 2.09132093e-03, 2.43987446e-03,
       1.04566047e-03, 2.43987446e-03, 6.97106996e-04, 6.97106996e-04,
       6.97106996e-04, 6.97106996e-04, 3.48553498e-04, 1.04566047e-03,
       1.39421399e-03, 1.04566047e-03, 1.04566047e-03, 1.39421399e-03,
       3.48553498e-04, 1.04566047e-03, 6.97106996e-04, 6.97106996e-04,
       3.48553498e-04, 1.39421399e-03, 6.97106996e-04, 1.39421399e-03,
       0., 1.39421399e-03, 6.97106996e-04, 0., 1.04566047e-03,
       6.97106996e-04, 3.48553498e-04, 0., 6.97106996e-04,
       3.48553498e-04, 1.74276752e-03, 6.97106996e-04, 1.04566047e-03,
       3.13698151e-03, 1.04566047e-03, 3.48553498e-04, 1.39421399e-03,
       1.04566047e-03, 6.97106996e-04, 6.97106996e-04, 1.04566047e-03,
       6.97106996e-04, 1.39421399e-03, 3.48553498e-04, 0.,
       1.39421399e-03, 6.97106996e-04, 1.04566047e-03, 3.48553498e-04,
       3.48553498e-04, 1.04566047e-03, 1.74276752e-03, 3.48553498e-04,
       6.97106996e-04, 6.97106996e-04, 1.04566047e-03, 6.97106996e-04,
