%YAML:1.0
m25n: !!opencv-matrix
   rows: 1
   cols: 800
   dt: f
   data: [ 4.28082189e-04, 8.56164377e-04, 3.42465751e-03,
       1.28424657e-03, 2.56849313e-03, 4.28082189e-04, 2.56849313e-03,
       1.28424657e-03, 1.28424657e-03, 3.85273970e-03, 1.28424657e-03,
       8.56164377e-04, 4.28082189e-04, 2.14041094e-03, 8.56164377e-04,
       1.28424657e-03, 2.56849313e-03, 8.56164377e-04, 8.56164377e-04,
       8.56164377e-04, 8.56164377e-04, 8.56164377e-04, 1.71232875e-03,
       1.28424657e-03, 4.28082189e-04, 4.28082189e-04, 1.28424657e-03,
       2.56849313e-03, 8.13356135e-03, 0., 4.28082189e-04,
       1.71232875e-03, 4.28082189e-03, 8.56164377e-04, 8.56164377e-04,
       2.14041094e-03, 0., 1.71232875e-03, 2.99657532e-03,
       4.28082189e-04, 1.71232875e-03, 8.56164377e-04, 1.28424657e-03,
       1.71232875e-03, 1.71232875e-03, 2.99657532e-03, 0.,
       4.28082189e-04, 4.28082189e-04, 0., 2.14041094e-03,
       1.28424657e-03, 2.14041094e-03, 4.28082189e-04, 3.85273970e-03,
       8.56164377e-04, 4.28082189e-04, 2.14041094e-03, 2.56849313e-03,
       0., 1.28424657e-03, 1.28424657e-03, 0., 2.14041094e-03, 0.,
       4.28082189e-04, 0., 1.28424657e-03, 4.28082189e-04,
       4.28082189e-04, 8.56164377e-04, 1.71232875e-03, 4.28082189e-04,
       8.56164377e-04, 1.71232875e-03, 4.28082189e-04, 0., 0.,
       8.56164377e-04, 0., 1.28424657e-03, 0., 1.28424657e-03,
       2.14041094e-03, 4.28082189e-04, 3.85273970e-03, 4.28082189e-04,
       2.99657532e-03, 8.56164377e-04, 4.28082189e-04, 0.,
       4.28082189e-04, 1.28424657e-03, 8.56164377e-04, 4.28082189e-04,
       0., 4.28082189e-04, 4.28082189e-04, 1.28424657e-03,
       4.28082189e-04, 8.56164377e-04, 2.14041094e-03, 4.28082189e-04,
       4.28082189e-04, 8.56164377e-04, 7.27739744e-03, 1.71232875e-03,
       8.56164377e-04, 1.71232875e-03, 4.28082189e-04, 8.56164377e-04,
       8.56164377e-04, 8.98972619e-03, 0., 1.28424657e-03, 0.,
       3.85273970e-03, 2.14041094e-03, 2.99657532e-03, 4.28082189e-04,
       8.56164377e-04, 1.71232875e-03, 4.28082189e-03, 0.,
       4.28082189e-04, 0., 1.28424657e-03, 3.85273970e-03,
       5.56506868e-03, 8.56164377e-04, 0., 8.56164377e-04,
       8.56164377e-04, 1.28424657e-03, 4.28082189e-04, 0.,
       2.56849313e-03, 4.28082189e-04, 4.28082189e-04, 0.,
       2.56849313e-03, 1.28424657e-03, 8.56164377e-04, 2.14041094e-03,
       8.56164377e-04, 1.28424657e-03, 4.28082189e-04, 1.28424657e-03,
       4.28082189e-04, 1.28424657e-03, 4.28082189e-04, 8.56164377e-04,
       1.28424657e-03, 1.28424657e-03, 8.56164377e-04, 4.28082189e-04,
       8.56164377e-04, 0., 1.28424657e-03, 2.14041094e-03,
       1.28424657e-03, 4.28082189e-04, 2.14041094e-03, 4.28082189e-04,
       0., 0., 0., 1.71232875e-03, 1.71232875e-03, 8.56164377e-04,
       8.56164377e-04, 7.70547939e-03, 4.28082189e-04, 2.14041094e-03,
       4.28082189e-04, 0., 2.56849313e-03, 8.56164377e-04,
       4.28082189e-04, 0., 1.71232875e-03, 4.28082189e-03,
       8.56164377e-04, 4.28082189e-04, 4.28082189e-04, 4.28082189e-04,
       2.14041094e-03, 0., 0., 1.71232875e-03, 8.56164377e-04,
       1.71232875e-03, 1.28424657e-03, 0., 1.28424657e-03,
       4.28082189e-04, 1.28424657e-03, 4.28082189e-04, 2.14041094e-03,
       4.28082189e-04, 1.28424657e-03, 1.28424657e-03, 8.56164377e-04,
       1.28424657e-03, 1.28424657e-03, 8.56164377e-04, 2.56849313e-03,
       4.28082189e-04, 2.14041094e-03, 8.56164377e-04, 8.56164377e-04,
       4.28082189e-04, 8.56164377e-04, 4.28082189e-04, 1.28424657e-03,
       3.85273970e-03, 8.56164377e-04, 2.99657532e-03, 8.56164377e-04,
       1.71232875e-03, 4.28082189e-04, 1.71232875e-03, 0., 0., 0.,
       4.28082189e-04, 2.14041094e-03, 4.28082189e-04, 0.,
       1.28424657e-03, 1.71232875e-03, 8.56164377e-04, 1.71232875e-03,
       4.28082189e-04, 0., 0., 2.99657532e-03, 2.14041094e-03,
       1.28424657e-03, 2.14041094e-03, 4.28082189e-04, 2.99657532e-03,
       1.28424657e-03, 8.56164377e-04, 0., 0., 1.71232875e-03,
       1.28424657e-03, 4.28082189e-04, 4.28082189e-04, 1.71232875e-03,
       8.56164377e-04, 2.56849313e-03, 4.28082189e-04, 1.71232875e-03,
       8.56164377e-04, 1.71232875e-03, 8.56164377e-04, 8.56164377e-04,
       3.85273970e-03, 0., 8.56164377e-04, 8.56164377e-04,
       1.71232875e-03, 8.56164377e-04, 1.28424657e-03, 3.85273970e-03,
       1.28424657e-03, 1.28424657e-03, 8.56164377e-04, 1.28424657e-03,
       2.14041094e-03, 2.56849313e-03, 1.28424657e-03, 0.,
       4.28082189e-04, 8.56164377e-04, 4.28082189e-04, 1.71232875e-03,
       2.56849313e-03, 2.56849313e-03, 2.14041094e-03, 1.28424657e-03,
       2.14041094e-03, 2.14041094e-03, 3.42465751e-03, 2.14041094e-03,
       1.28424657e-03, 4.28082189e-04, 4.28082189e-04, 1.28424657e-03,
       1.71232875e-03, 0., 2.14041094e-03, 4.28082189e-04,
       8.56164377e-04, 8.56164377e-04, 1.28424657e-03, 4.28082189e-04,
       5.13698626e-03, 4.28082189e-04, 8.56164377e-04, 3.42465751e-03,
       8.56164377e-04, 8.56164377e-04, 0., 1.28424657e-03,
       5.56506868e-03, 4.28082189e-03, 0., 1.28424657e-03,
       8.56164377e-04, 1.28424657e-03, 4.28082189e-04, 1.28424657e-03,
       7.27739744e-03, 2.56849313e-03, 1.28424657e-03, 1.28424657e-03,
       4.70890384e-03, 1.71232875e-03, 1.71232875e-03, 8.56164377e-04,
       4.28082189e-04, 4.28082189e-04, 1.28424657e-03, 2.56849313e-03,
       1.28424657e-03, 1.71232875e-03, 1.71232875e-03, 1.28424657e-03,
       4.28082189e-04, 8.56164377e-04, 4.28082189e-04, 8.56164377e-04,
       2.14041094e-03, 8.56164377e-04, 2.56849313e-03, 8.56164377e-04,
       1.71232875e-03, 2.56849313e-03, 4.28082189e-04, 1.28424657e-03,
       1.71232875e-03, 2.14041094e-03, 1.28424657e-03, 0., 0.,
       8.56164377e-04, 1.28424657e-03, 8.56164377e-04, 2.14041094e-03,
       4.28082189e-04, 2.14041094e-03, 0., 4.28082189e-04,
       8.56164377e-04, 1.71232875e-03, 2.14041094e-03, 1.28424657e-03,
       3.85273970e-03, 4.28082189e-04, 1.71232875e-03, 8.56164377e-04,
       1.28424657e-03, 0., 8.56164377e-04, 4.28082189e-04,
       1.71232875e-03, 1.71232875e-03, 2.56849313e-03, 3.85273970e-03,
       8.56164377e-04, 8.56164377e-04, 3.42465751e-03, 0.,
       1.71232875e-03, 8.56164377e-04, 4.28082189e-04, 1.71232875e-03,
       8.56164377e-04, 0., 8.56164377e-04, 1.71232875e-03, 0.,
       2.14041094e-03, 1.28424657e-03, 1.28424657e-03, 2.14041094e-03,
       2.56849313e-03, 8.56164377e-04, 2.56849313e-03, 3.85273970e-03,
       4.28082189e-04, 2.14041094e-03, 4.28082189e-04, 8.56164377e-04,
       2.56849313e-03, 2.56849313e-03, 2.56849313e-03, 4.28082189e-04,
       1.71232875e-03, 2.14041094e-03, 0., 8.56164377e-04,
       4.28082189e-04, 4.28082189e-04, 8.56164377e-04, 4.28082189e-04,
       2.14041094e-03, 0., 1.28424657e-03, 1.71232875e-03,
       1.71232875e-03, 8.56164377e-04, 8.56164377e-04, 4.28082189e-04,
       4.28082189e-04, 4.70890384e-03, 8.56164377e-04, 0.,
       4.28082189e-04, 1.28424657e-03, 4.28082189e-04, 4.28082189e-04,
       0., 0., 1.28424657e-03, 4.28082189e-04, 1.71232875e-03,
       1.28424657e-03, 1.28424657e-03, 6.42123260e-03, 4.28082189e-04,
       1.71232875e-03, 4.28082189e-04, 0., 0., 1.28424657e-03,
       4.28082189e-04, 2.14041094e-03, 8.56164377e-04, 8.56164377e-04,
       4.28082189e-04, 0., 4.28082189e-04, 8.56164377e-04,
       8.56164377e-04, 1.28424657e-03, 1.71232875e-03, 1.28424657e-03,
       4.28082189e-04, 4.28082189e-04, 4.28082189e-03, 1.28424657e-03,
       4.28082189e-04, 8.56164377e-04, 8.56164377e-04, 8.56164377e-04,
       1.28424657e-03, 0., 1.28424657e-03, 1.28424657e-03,
       1.71232875e-03, 1.71232875e-03, 2.14041094e-03, 4.28082189e-04,
       1.28424657e-03, 1.28424657e-03, 1.71232875e-03, 2.14041094e-03,
       2.14041094e-03, 4.28082189e-04, 8.56164377e-04, 8.56164377e-04,
       1.28424657e-03, 4.28082189e-04, 2.14041094e-03, 4.28082189e-04,
       2.56849313e-03, 2.14041094e-03, 4.28082189e-04, 4.28082189e-04,
       0., 1.28424657e-03, 0., 0., 0., 0., 1.28424657e-03,
