%YAML:1.0
m25n: !!opencv-matrix
   rows: 1
   cols: 800
   dt: f
   data: [ 8.66551127e-04, 8.66551127e-04, 3.03292903e-03,
       1.29982666e-03, 8.66551127e-04, 4.33275563e-04, 1.73310225e-03,
       1.73310225e-03, 8.66551127e-04, 1.29982666e-03, 1.29982666e-03,
       8.66551127e-04, 4.33275563e-04, 2.59965332e-03, 8.66551127e-04,
       1.29982666e-03, 2.59965332e-03, 4.33275563e-04, 8.66551127e-04,
       4.33275563e-04, 1.29982666e-03, 2.16637785e-03, 2.59965332e-03,
       4.33275563e-04, 8.66551127e-04, 0., 2.16637785e-03,
       3.89947998e-03, 7.79895997e-03, 1.73310225e-03, 8.66551127e-04,
       2.59965332e-03, 4.76603117e-03, 8.66551127e-04, 8.66551127e-04,
       1.29982666e-03, 0., 1.29982666e-03, 2.16637785e-03, 0.,
       2.59965332e-03, 8.66551127e-04, 8.66551127e-04, 1.73310225e-03,
       1.73310225e-03, 2.16637785e-03, 0., 4.33275563e-04,
       4.33275563e-04, 0., 1.73310225e-03, 1.29982666e-03,
       3.03292903e-03, 1.29982666e-03, 1.73310225e-03, 0.,
       2.59965332e-03, 1.73310225e-03, 1.29982666e-03, 0.,
       1.73310225e-03, 1.73310225e-03, 0., 2.59965332e-03, 0.,
       8.66551127e-04, 0., 8.66551127e-04, 8.66551127e-04,
       4.33275563e-04, 8.66551127e-04, 4.33275563e-04, 1.73310225e-03,
       8.66551127e-04, 2.16637785e-03, 4.33275563e-04, 4.33275563e-04,
       0., 8.66551127e-04, 0., 8.66551127e-04, 0., 0., 2.59965332e-03,
       8.66551127e-04, 5.19930664e-03, 4.33275563e-04, 2.16637785e-03,
       1.29982666e-03, 0., 0., 8.66551127e-04, 4.33275563e-04,
       8.66551127e-04, 4.33275563e-04, 0., 1.29982666e-03,
       4.33275563e-04, 1.73310225e-03, 4.33275563e-04, 1.29982666e-03,
       2.16637785e-03, 4.33275563e-04, 4.33275563e-04, 4.33275563e-04,
       9.53206234e-03, 1.73310225e-03, 4.33275563e-04, 2.16637785e-03,
       1.29982666e-03, 2.16637785e-03, 0., 9.09878686e-03,
       1.29982666e-03, 1.29982666e-03, 4.33275563e-04, 3.46620451e-03,
       1.73310225e-03, 3.89947998e-03, 8.66551127e-04, 1.73310225e-03,
       1.73310225e-03, 5.63258212e-03, 1.29982666e-03, 8.66551127e-04,
       0., 1.29982666e-03, 4.33275569e-03, 3.89947998e-03,
       1.73310225e-03, 8.66551127e-04, 8.66551127e-04, 4.33275563e-04,
       2.16637785e-03, 1.29982666e-03, 4.33275563e-04, 2.16637785e-03,
       0., 0., 0., 2.16637785e-03, 4.33275563e-04, 4.33275563e-04,
       2.16637785e-03, 8.66551127e-04, 1.29982666e-03, 2.16637785e-03,
       2.16637785e-03, 4.33275563e-04, 2.16637785e-03, 0.,
       8.66551127e-04, 2.59965332e-03, 2.16637785e-03, 8.66551127e-04,
       1.29982666e-03, 4.33275563e-04, 0., 1.29982666e-03,
       2.59965332e-03, 8.66551127e-04, 0., 3.46620451e-03,
       8.66551127e-04, 4.33275563e-04, 0., 0., 8.66551127e-04,
       2.16637785e-03, 8.66551127e-04, 8.66551127e-04, 6.93240901e-03,
       1.73310225e-03, 2.16637785e-03, 8.66551127e-04, 0.,
       3.03292903e-03, 8.66551127e-04, 1.29982666e-03, 4.33275563e-04,
       1.29982666e-03, 3.46620451e-03, 8.66551127e-04, 0.,
       4.33275563e-04, 4.33275563e-04, 2.16637785e-03, 4.33275563e-04,
       0., 1.73310225e-03, 0., 1.29982666e-03, 8.66551127e-04, 0.,
       1.29982666e-03, 4.33275563e-04, 8.66551127e-04, 4.33275563e-04,
       1.73310225e-03, 4.33275563e-04, 8.66551127e-04, 1.29982666e-03,
       8.66551127e-04, 1.29982666e-03, 1.73310225e-03, 1.29982666e-03,
       2.59965332e-03, 0., 2.16637785e-03, 1.29982666e-03,
       8.66551127e-04, 4.33275563e-04, 4.33275563e-04, 4.33275563e-04,
       8.66551127e-04, 2.59965332e-03, 8.66551127e-04, 1.29982666e-03,
       1.29982666e-03, 2.16637785e-03, 0., 8.66551127e-04,
       4.33275563e-04, 4.33275563e-04, 0., 0., 2.16637785e-03,
       1.73310225e-03, 4.33275563e-04, 1.29982666e-03, 1.73310225e-03,
       1.29982666e-03, 1.29982666e-03, 0., 8.66551127e-04, 0.,
       2.16637785e-03, 1.29982666e-03, 0., 4.33275569e-03,
       4.33275563e-04, 3.03292903e-03, 1.29982666e-03, 8.66551127e-04,
       4.33275563e-04, 0., 2.59965332e-03, 1.29982666e-03,
       4.33275563e-04, 0., 1.73310225e-03, 1.29982666e-03,
       2.59965332e-03, 1.29982666e-03, 1.29982666e-03, 4.33275563e-04,
       1.73310225e-03, 1.73310225e-03, 1.29982666e-03, 5.19930664e-03,
       1.73310225e-03, 2.16637785e-03, 8.66551127e-04, 1.29982666e-03,
       1.29982666e-03, 1.73310225e-03, 3.89947998e-03, 1.29982666e-03,
       1.73310225e-03, 1.73310225e-03, 2.59965332e-03, 1.29982666e-03,
       1.29982666e-03, 8.66551127e-04, 0., 4.33275563e-04,
       4.33275563e-04, 8.66551127e-04, 2.59965332e-03, 2.16637785e-03,
       2.16637785e-03, 1.73310225e-03, 2.16637785e-03, 4.33275569e-03,
       2.16637785e-03, 3.46620451e-03, 2.16637785e-03, 8.66551127e-04,
       0., 8.66551127e-04, 0., 2.59965332e-03, 0., 1.29982666e-03,
       4.33275563e-04, 1.29982666e-03, 8.66551127e-04, 8.66551127e-04,
       0., 6.49913354e-03, 4.33275563e-04, 1.29982666e-03,
       3.89947998e-03, 2.59965332e-03, 4.33275563e-04, 0.,
       1.29982666e-03, 5.19930664e-03, 4.76603117e-03, 0.,
       1.73310225e-03, 4.33275563e-04, 4.33275563e-04, 8.66551127e-04,
       2.16637785e-03, 8.23223591e-03, 3.03292903e-03, 1.73310225e-03,
       1.29982666e-03, 5.19930664e-03, 3.46620451e-03, 1.29982666e-03,
       4.33275563e-04, 1.29982666e-03, 0., 1.73310225e-03,
       4.33275569e-03, 8.66551127e-04, 1.29982666e-03, 8.66551127e-04,
       8.66551127e-04, 0., 4.33275563e-04, 4.33275563e-04,
       4.33275563e-04, 1.29982666e-03, 1.29982666e-03, 2.59965332e-03,
       8.66551127e-04, 1.73310225e-03, 1.73310225e-03, 4.33275563e-04,
       1.29982666e-03, 8.66551127e-04, 2.16637785e-03, 8.66551127e-04,
       8.66551127e-04, 1.29982666e-03, 1.29982666e-03, 1.73310225e-03,
       8.66551127e-04, 1.29982666e-03, 0., 3.03292903e-03,
       4.33275563e-04, 0., 8.66551127e-04, 1.73310225e-03,
       1.73310225e-03, 4.33275563e-04, 2.59965332e-03, 1.29982666e-03,
       2.59965332e-03, 8.66551127e-04, 1.29982666e-03, 4.33275563e-04,
       4.33275563e-04, 4.33275563e-04, 1.73310225e-03, 4.33275563e-04,
       3.03292903e-03, 3.89947998e-03, 0., 2.16637785e-03,
       2.16637785e-03, 0., 8.66551127e-04, 8.66551127e-04, 0.,
       2.59965332e-03, 1.29982666e-03, 0., 8.66551127e-04,
       4.33275563e-04, 0., 2.16637785e-03, 8.66551127e-04,
       8.66551127e-04, 1.29982666e-03, 1.73310225e-03, 4.33275563e-04,
       4.33275563e-04, 4.33275569e-03, 8.66551127e-04, 2.16637785e-03,
       4.33275563e-04, 1.29982666e-03, 1.29982666e-03, 2.59965332e-03,
       8.66551127e-04, 4.33275563e-04, 2.59965332e-03, 1.29982666e-03,
       0., 0., 0., 0., 8.66551127e-04, 4.33275563e-04, 2.16637785e-03,
       0., 8.66551127e-04, 4.33275563e-04, 2.59965332e-03,
       8.66551127e-04, 4.33275563e-04, 4.33275563e-04, 4.33275563e-04,
       4.33275569e-03, 4.33275563e-04, 0., 4.33275563e-04,
       2.16637785e-03, 4.33275563e-04, 4.33275563e-04, 0., 0.,
       1.29982666e-03, 4.33275563e-04, 4.33275563e-04, 1.29982666e-03,
       1.29982666e-03, 6.06585806e-03, 8.66551127e-04, 4.33275563e-04,
       4.33275563e-04, 4.33275563e-04, 4.33275563e-04, 4.33275563e-04,
       0., 2.59965332e-03, 8.66551127e-04, 1.29982666e-03,
       4.33275563e-04, 8.66551127e-04, 4.33275563e-04, 8.66551127e-04,
       2.16637785e-03, 8.66551127e-04, 1.29982666e-03, 8.66551127e-04,
       4.33275563e-04, 8.66551127e-04, 3.89947998e-03, 1.29982666e-03,
       4.33275563e-04, 2.16637785e-03, 8.66551127e-04, 4.33275563e-04,
       4.33275563e-04, 0., 8.66551127e-04, 4.33275563e-04,
       2.16637785e-03, 4.33275563e-04, 2.16637785e-03, 8.66551127e-04,
       1.73310225e-03, 1.29982666e-03, 2.16637785e-03, 1.73310225e-03,
       8.66551127e-04, 0., 8.66551127e-04, 4.33275563e-04,
       1.29982666e-03, 8.66551127e-04, 2.16637785e-03, 0.,
       1.73310225e-03, 1.29982666e-03, 8.66551127e-04, 0., 0.,
       1.29982666e-03, 0., 0., 0., 0., 1.73310225e-03, 1.29982666e-03,
       4.33275563e-04, 1.29982666e-03, 1.73310225e-03, 1.29982666e-03,
       2.16637785e-03, 1.73310225e-03, 8.66551127e-04, 2.59965332e-03,
