%YAML:1.0
m25n: !!opencv-matrix
   rows: 1
   cols: 800
   dt: f
   data: [ 1.30775943e-03, 4.35919792e-04, 0., 8.71839584e-04,
       1.74367917e-03, 0., 4.35919792e-04, 0., 8.71839584e-04,
       3.92327830e-03, 8.71839584e-04, 1.74367917e-03, 4.35919792e-04,
       2.61551887e-03, 0., 8.71839584e-04, 4.35919792e-04, 0., 0.,
       3.05143860e-03, 0., 1.30775943e-03, 0., 8.71839584e-04,
       1.30775943e-03, 0., 4.35919780e-03, 8.71839584e-04,
       5.23103774e-03, 8.71839584e-04, 8.71839584e-04, 2.17959890e-03,
       2.17959890e-03, 2.61551887e-03, 0., 4.35919792e-04,
       8.71839584e-04, 1.30775943e-03, 3.05143860e-03, 4.35919792e-04,
       1.30775943e-03, 4.35919780e-03, 8.71839584e-04, 1.74367917e-03,
       1.74367917e-03, 3.05143860e-03, 4.35919792e-04, 2.17959890e-03,
       0., 0., 4.35919792e-04, 8.71839584e-04, 3.92327830e-03, 0., 0.,
       1.30775943e-03, 1.74367917e-03, 1.30775943e-03, 2.61551887e-03,
       1.30775943e-03, 4.35919792e-04, 0., 1.30775943e-03,
       2.61551887e-03, 2.17959890e-03, 8.71839584e-04, 0.,
       2.17959890e-03, 8.71839584e-04, 0., 1.30775943e-03,
       8.71839584e-04, 4.35919792e-04, 0., 1.74367917e-03,
       1.30775943e-03, 0., 8.71839584e-04, 2.61551887e-03,
       1.74367917e-03, 0., 4.35919792e-04, 1.74367917e-03, 0., 0.,
       2.17959890e-03, 1.74367917e-03, 8.71839584e-04, 1.30775943e-03,
       4.35919792e-04, 0., 1.30775943e-03, 8.71839584e-04, 0.,
       4.35919792e-04, 8.71839584e-04, 2.61551887e-03, 1.74367917e-03,
       1.30775943e-03, 1.30775943e-03, 4.35919792e-04, 3.05143860e-03,
       8.71839584e-04, 1.30775943e-03, 4.35919792e-04, 2.17959890e-03,
       8.71839584e-04, 3.48735834e-03, 8.71839584e-04, 8.71839584e-04,
       0., 8.71839584e-04, 1.74367917e-03, 2.17959890e-03,
       1.30775943e-03, 1.74367917e-03, 0., 1.74367917e-03,
       3.92327830e-03, 1.74367917e-03, 0., 1.30775943e-03,
       6.53879670e-03, 5.23103774e-03, 0., 4.35919792e-04,
       8.71839584e-04, 1.30775943e-03, 4.35919792e-04, 8.71839584e-04,
       1.30775943e-03, 4.35919792e-04, 2.61551887e-03, 8.71839584e-04,
       1.30775943e-03, 0., 2.17959890e-03, 0., 8.71839584e-04,
       8.71839584e-04, 8.28247610e-03, 3.05143860e-03, 0.,
       1.74367917e-03, 4.35919792e-04, 1.30775943e-03, 3.05143860e-03,
       1.74367917e-03, 4.35919792e-04, 4.35919792e-04, 1.74367917e-03,
       4.35919792e-04, 4.35919792e-04, 2.61551887e-03, 4.35919792e-04,
       0., 4.35919792e-04, 1.74367917e-03, 1.30775943e-03,
       8.71839584e-04, 4.35919792e-04, 4.35919780e-03, 2.17959890e-03,
       4.35919792e-04, 0., 1.30775943e-03, 4.35919792e-04,
       2.17959890e-03, 1.30775943e-03, 1.30775943e-03, 2.17959890e-03,
       6.53879670e-03, 8.71839584e-04, 0., 4.35919792e-04, 0.,
       1.74367917e-03, 8.71839584e-04, 4.35919780e-03, 0.,
       1.74367917e-03, 4.35919792e-04, 1.74367917e-03, 4.35919792e-04,
       1.30775943e-03, 4.35919792e-04, 2.61551887e-03, 2.17959890e-03,
       0., 4.79511777e-03, 8.71839584e-04, 8.71839584e-04,
       3.05143860e-03, 0., 2.17959890e-03, 4.35919792e-04, 0.,
       1.30775943e-03, 8.71839584e-04, 0., 2.61551887e-03,
       8.71839584e-04, 4.35919792e-04, 4.35919792e-04, 4.35919792e-04,
       2.17959890e-03, 1.30775943e-03, 8.71839561e-03, 8.71839584e-04,
       0., 2.61551887e-03, 1.30775943e-03, 0., 1.30775943e-03,
       1.30775943e-03, 0., 1.30775943e-03, 8.71839584e-04,
       1.74367917e-03, 4.35919792e-04, 8.71839584e-04, 0.,
       4.35919792e-04, 3.48735834e-03, 1.74367917e-03, 8.71839584e-04,
       2.61551887e-03, 1.74367917e-03, 1.30775943e-03, 8.71839584e-04,
       8.71839584e-04, 1.74367917e-03, 1.74367917e-03, 8.71839584e-04,
       8.71839584e-04, 3.48735834e-03, 2.17959890e-03, 3.05143860e-03,
       8.71839584e-04, 4.79511777e-03, 2.17959890e-03, 1.30775943e-03,
       4.35919792e-04, 5.23103774e-03, 8.71839584e-04, 4.35919792e-04,
       2.17959890e-03, 1.30775943e-03, 4.35919792e-04, 2.17959890e-03,
       8.71839584e-04, 4.35919792e-04, 3.05143860e-03, 8.71839584e-04,
       1.30775943e-03, 4.35919792e-04, 2.17959890e-03, 2.61551887e-03,
       0., 4.35919780e-03, 1.30775943e-03, 1.30775943e-03, 0.,
       4.35919792e-04, 2.17959890e-03, 4.35919792e-04, 0.,
       2.17959890e-03, 8.71839584e-04, 1.74367917e-03, 1.74367917e-03,
       4.35919792e-04, 8.71839584e-04, 8.71839584e-04, 0., 0.,
       3.48735834e-03, 4.35919792e-04, 3.05143860e-03, 8.71839584e-04,
       2.61551887e-03, 1.30775943e-03, 1.30775943e-03, 4.35919792e-04,
       8.71839584e-04, 6.10287720e-03, 0., 5.66695724e-03, 0.,
       4.35919792e-04, 8.71839584e-04, 8.71839584e-04, 0.,
       1.30775943e-03, 1.74367917e-03, 2.17959890e-03, 1.74367917e-03,
       1.74367917e-03, 2.17959890e-03, 8.71839584e-04, 8.71839584e-04,
       1.30775943e-03, 2.17959890e-03, 3.92327830e-03, 4.35919792e-04,
       0., 4.35919792e-04, 3.92327830e-03, 1.30775943e-03,
       4.35919792e-04, 2.61551887e-03, 0., 1.74367917e-03,
       1.74367917e-03, 0., 1.74367917e-03, 0., 1.30775943e-03,
       8.71839584e-04, 6.10287720e-03, 2.17959890e-03, 0.,
       1.74367917e-03, 1.30775943e-03, 1.30775943e-03, 8.71839584e-04,
       1.30775943e-03, 0., 1.74367917e-03, 3.48735834e-03,
       4.35919792e-04, 4.35919792e-04, 1.30775943e-03, 1.74367917e-03,
       1.30775943e-03, 1.30775943e-03, 8.71839584e-04, 0.,
       8.71839584e-04, 4.35919792e-04, 3.48735834e-03, 1.74367917e-03,
       4.35919792e-04, 4.35919792e-04, 4.35919792e-04, 8.71839584e-04,
       0., 2.17959890e-03, 1.74367917e-03, 3.92327830e-03, 0.,
       1.30775943e-03, 0., 1.74367917e-03, 0., 0., 1.74367917e-03,
       8.71839584e-04, 1.74367917e-03, 4.35919792e-04, 2.61551887e-03,
       3.05143860e-03, 8.71839584e-04, 8.71839584e-04, 4.35919792e-04,
       8.71839584e-04, 1.30775943e-03, 0., 8.71839584e-04,
       8.71839584e-04, 4.35919780e-03, 1.30775943e-03, 1.30775943e-03,
       1.74367917e-03, 3.48735834e-03, 0., 4.35919792e-04,
       8.71839584e-04, 1.74367917e-03, 1.74367917e-03, 0.,
       1.74367917e-03, 1.74367917e-03, 8.71839584e-04, 4.35919792e-04,
       2.61551887e-03, 8.71839584e-04, 1.74367917e-03, 4.35919792e-04,
       2.17959890e-03, 2.17959890e-03, 8.71839584e-04, 4.35919792e-04,
       8.71839584e-04, 2.61551887e-03, 1.30775943e-03, 1.74367917e-03,
       0., 1.30775943e-03, 4.35919792e-04, 4.35919792e-04,
       1.30775943e-03, 1.30775943e-03, 1.30775943e-03, 1.30775943e-03,
       4.35919792e-04, 1.30775943e-03, 1.30775943e-03, 4.35919792e-04,
       2.61551887e-03, 0., 1.30775943e-03, 1.30775943e-03,
       3.05143860e-03, 8.71839584e-04, 0., 0., 8.71839584e-04,
       1.30775943e-03, 4.35919792e-04, 8.71839584e-04, 8.71839584e-04,
       1.74367917e-03, 8.71839584e-04, 1.30775943e-03, 4.35919792e-04,
       8.71839584e-04, 0., 4.35919792e-04, 1.74367917e-03, 0.,
       8.71839584e-04, 3.48735834e-03, 0., 1.30775943e-03,
       2.17959890e-03, 0., 1.30775943e-03, 8.71839584e-04,
       4.35919792e-04, 0., 4.35919792e-04, 8.71839584e-04,
       1.30775943e-03, 0., 8.71839584e-04, 8.71839584e-04,
       1.30775943e-03, 0., 0., 1.74367917e-03, 1.30775943e-03,
       4.35919792e-04, 3.05143860e-03, 4.35919792e-04, 8.71839584e-04,
       0., 4.35919792e-04, 2.61551887e-03, 4.35919792e-04,
       2.17959890e-03, 2.61551887e-03, 1.74367917e-03, 8.71839584e-04,
       8.71839584e-04, 2.17959890e-03, 1.74367917e-03, 8.71839584e-04,
       8.71839584e-04, 0., 8.71839584e-04, 1.74367917e-03,
       1.30775943e-03, 1.74367917e-03, 8.71839584e-04, 0.,
       4.35919792e-04, 4.35919792e-04, 1.30775943e-03, 3.05143860e-03,
       1.74367917e-03, 8.71839584e-04, 1.74367917e-03, 0.,
       4.35919792e-04, 0., 2.17959890e-03, 1.74367917e-03,
       4.35919792e-04, 4.35919792e-04, 1.30775943e-03, 2.61551887e-03,
       1.74367917e-03, 3.48735834e-03, 1.30775943e-03, 1.74367917e-03,
       4.35919792e-04, 0., 1.30775943e-03, 8.71839584e-04,
       4.35919792e-04, 8.71839584e-04, 1.30775943e-03, 8.71839584e-04,
