%YAML:1.0
m25n: !!opencv-matrix
   rows: 1
   cols: 800
   dt: f
   data: [ 0., 8.25423049e-04, 3.30169220e-03, 0., 8.25423049e-04, 0.,
       0., 4.12711524e-04, 1.23813457e-03, 1.23813457e-03,
       4.12711524e-04, 1.65084610e-03, 1.23813457e-03, 8.25423049e-04,
       2.47626915e-03, 2.47626915e-03, 0., 2.06355751e-03,
       4.12711524e-04, 4.12711524e-04, 4.12711524e-04, 2.47626915e-03,
       8.25423049e-04, 4.12711524e-04, 4.12711501e-03, 8.25423049e-04,
       0., 2.47626915e-03, 2.06355751e-03, 2.06355751e-03, 0., 0.,
       2.06355751e-03, 1.23813457e-03, 0., 4.12711524e-04,
       4.12711524e-04, 1.23813457e-03, 1.23813457e-03, 0.,
       8.25423049e-04, 0., 1.23813457e-03, 1.65084610e-03, 0.,
       4.12711524e-04, 4.12711524e-04, 2.47626915e-03, 2.06355751e-03,
       0., 4.12711524e-04, 2.06355751e-03, 0., 2.47626915e-03,
       4.12711524e-04, 1.23813457e-03, 4.12711524e-04, 6.60338439e-03,
       8.25423049e-04, 1.23813457e-03, 2.06355751e-03, 4.12711524e-04,
       4.12711524e-04, 3.71440360e-03, 2.06355751e-03, 8.25423049e-04,
       1.23813457e-03, 2.88898079e-03, 1.23813457e-03, 4.12711524e-04,
       0., 0., 0., 8.25423049e-04, 2.88898079e-03, 8.25423049e-04, 0.,
       0., 2.06355751e-03, 8.25423049e-04, 1.65084610e-03, 0.,
       8.25423049e-04, 1.23813457e-03, 2.06355751e-03, 0.,
       4.12711524e-04, 1.23813457e-03, 8.25423049e-04, 2.88898079e-03,
       8.25423049e-04, 2.47626915e-03, 2.06355751e-03, 1.23813457e-03,
       0., 8.25423049e-04, 8.25423049e-04, 8.25423049e-04,
       1.65084610e-03, 1.23813457e-03, 4.12711524e-04, 1.65084610e-03,
       8.25423049e-04, 1.23813457e-03, 4.12711524e-04, 7.01609580e-03,
       1.23813457e-03, 1.65084610e-03, 4.12711524e-04, 0.,
       1.23813457e-03, 1.23813457e-03, 8.25423049e-04, 8.25423049e-04,
       4.12711524e-04, 8.25423049e-04, 0., 1.65084610e-03, 0.,
       1.23813457e-03, 4.12711524e-04, 2.06355751e-03, 0.,
       4.53982688e-03, 0., 4.12711524e-04, 2.47626915e-03,
       1.65084610e-03, 1.03177885e-02, 1.65084610e-03, 3.30169220e-03,
       2.47626915e-03, 2.06355751e-03, 4.12711524e-04, 8.25423049e-04,
       4.12711524e-04, 1.23813457e-03, 1.23813457e-03, 0.,
       1.23813457e-03, 1.23813457e-03, 2.06355751e-03, 0.,
       2.47626915e-03, 4.12711524e-04, 8.25423049e-04, 0.,
       1.23813457e-03, 4.12711524e-04, 2.47626915e-03, 0., 0.,
       2.06355751e-03, 3.71440360e-03, 8.25423049e-04, 0.,
       1.23813457e-03, 2.47626915e-03, 0., 4.12711524e-04, 0.,
       4.12711524e-04, 1.65084610e-03, 4.12711501e-03, 0.,
       4.12711524e-04, 8.25423049e-04, 2.06355751e-03, 8.25423049e-04,
       1.23813457e-03, 1.23813457e-03, 2.47626915e-03, 1.23813457e-03,
       4.12711524e-04, 8.25423049e-04, 8.25423049e-04, 3.71440360e-03,
       1.23813457e-03, 1.65084610e-03, 8.25423049e-04, 4.12711524e-04,
       8.25423049e-04, 8.25423049e-04, 1.65084610e-03, 2.47626915e-03,
       4.53982688e-03, 4.12711524e-04, 1.65084610e-03, 0.,
       1.65084610e-03, 1.23813457e-03, 1.65084610e-03, 2.47626915e-03,
       4.12711524e-04, 1.23813457e-03, 4.12711524e-04, 8.25423049e-04,
       1.23813457e-03, 8.25423049e-04, 2.88898079e-03, 1.23813457e-03,
       1.23813457e-03, 1.23813457e-03, 4.12711524e-04, 4.12711524e-04,
       1.65084610e-03, 3.30169220e-03, 1.23813457e-03, 4.12711524e-04,
       1.23813457e-03, 4.53982688e-03, 2.47626915e-03, 2.06355751e-03,
       0., 0., 0., 4.12711524e-04, 8.25423049e-04, 1.65084610e-03,
       3.30169220e-03, 2.88898079e-03, 8.25423049e-04, 1.23813457e-03,
       8.25423049e-04, 0., 1.23813457e-03, 2.88898079e-03,
       4.12711524e-04, 0., 1.23813457e-03, 4.12711524e-04,
       1.23813457e-03, 1.23813457e-03, 2.47626915e-03, 8.25423049e-04,
       4.12711524e-04, 6.19067298e-03, 8.25423049e-04, 1.23813457e-03,
       2.47626915e-03, 2.47626915e-03, 8.25423049e-04, 4.12711524e-04,
       3.71440360e-03, 0., 4.12711524e-04, 0., 8.25423049e-04,
       8.25423049e-04, 1.65084610e-03, 4.95253829e-03, 1.65084610e-03,
       1.65084610e-03, 4.12711524e-04, 1.23813457e-03, 4.12711524e-04,
       3.71440360e-03, 8.25423049e-04, 1.65084610e-03, 2.06355751e-03,
       1.65084610e-03, 4.12711524e-04, 1.23813457e-03, 1.23813457e-03,
       4.12711524e-04, 8.25423049e-04, 4.12711524e-04, 8.25423049e-04,
       0., 1.23813457e-03, 8.25423049e-04, 0., 1.23813457e-03,
       1.65084610e-03, 4.12711524e-04, 8.25423049e-04, 4.12711524e-04,
       0., 1.65084610e-03, 1.65084610e-03, 1.23813457e-03, 0.,
       4.12711524e-04, 8.25423049e-04, 4.12711524e-04, 8.25423049e-04,
       1.23813457e-03, 2.47626915e-03, 0., 3.30169220e-03,
       2.47626915e-03, 1.65084610e-03, 4.12711524e-04, 4.12711524e-04,
       1.23813457e-03, 1.23813457e-03, 0., 1.65084610e-03,
       4.12711524e-04, 0., 1.23813457e-03, 3.30169220e-03,
       2.88898079e-03, 2.06355751e-03, 8.25423049e-04, 1.23813457e-03,
       0., 8.25423002e-03, 2.88898079e-03, 0., 1.23813457e-03,
       8.25423002e-03, 8.25423049e-04, 1.65084610e-03, 2.47626915e-03,
       1.23813457e-03, 0., 2.47626915e-03, 4.12711524e-04,
       8.25423049e-04, 2.06355751e-03, 2.06355751e-03, 0.,
       8.25423049e-04, 4.12711524e-04, 3.71440360e-03, 0.,
       2.06355751e-03, 1.23813457e-03, 2.06355751e-03, 2.47626915e-03,
       4.12711524e-04, 1.23813457e-03, 1.65084610e-03, 8.25423049e-04,
       1.23813457e-03, 1.65084610e-03, 1.23813457e-03, 8.25423049e-04,
       1.23813457e-03, 4.12711524e-04, 3.30169220e-03, 8.25423049e-04,
       3.30169220e-03, 1.23813457e-03, 3.30169220e-03, 8.25423049e-04,
       8.25423049e-04, 1.65084610e-03, 8.25423049e-04, 0.,
       1.23813457e-03, 0., 2.06355751e-03, 0., 0., 4.53982688e-03,
       1.65084610e-03, 2.06355751e-03, 8.25423049e-04, 8.25423049e-04,
       2.88898079e-03, 8.25423049e-04, 4.12711524e-04, 4.12711524e-04,
       1.23813457e-03, 2.47626915e-03, 0., 4.12711524e-04,
       1.65084610e-03, 2.06355751e-03, 1.23813457e-03, 0.,
       2.06355751e-03, 2.88898079e-03, 4.12711524e-04, 1.65084610e-03,
       0., 8.25423049e-04, 8.25423049e-04, 0., 1.23813457e-03,
       1.65084610e-03, 8.25423049e-04, 0., 2.88898079e-03,
       2.06355751e-03, 1.23813457e-03, 4.12711524e-04, 1.23813457e-03,
       1.65084610e-03, 1.23813457e-03, 4.53982688e-03, 9.49236471e-03,
       2.88898079e-03, 1.65084610e-03, 1.23813457e-03, 0.,
       1.65084610e-03, 1.65084610e-03, 1.65084610e-03, 1.23813457e-03,
       0., 4.95253829e-03, 0., 8.25423049e-04, 8.25423049e-04, 0.,
       3.71440360e-03, 4.12711524e-04, 4.12711524e-04, 1.23813457e-03,
       0., 4.12711524e-04, 0., 0., 0., 8.25423049e-04, 8.66694190e-03,
       0., 4.12711524e-04, 1.23813457e-03, 1.23813457e-03,
       8.25423049e-04, 1.23813457e-03, 8.25423049e-04, 4.12711524e-04,
       8.25423049e-04, 2.88898079e-03, 2.06355751e-03, 2.88898079e-03,
       1.23813457e-03, 9.90507659e-03, 4.12711524e-04, 2.06355751e-03,
       4.95253829e-03, 8.25423049e-04, 4.12711524e-04, 8.25423049e-04,
       0., 8.25423049e-04, 4.12711524e-04, 1.23813457e-03,
       1.65084610e-03, 0., 4.12711524e-04, 0., 1.65084610e-03,
       8.25423049e-04, 1.65084610e-03, 2.88898079e-03, 0.,
       1.65084610e-03, 2.06355751e-03, 4.12711524e-04, 2.06355751e-03,
       0., 0., 8.25423049e-04, 1.23813457e-03, 1.23813457e-03, 0.,
       4.12711524e-04, 1.65084610e-03, 2.06355751e-03, 2.88898079e-03,
       1.23813457e-03, 2.06355751e-03, 1.65084610e-03, 1.65084610e-03,
       8.25423049e-04, 8.25423049e-04, 0., 8.25423049e-04,
       4.12711524e-04, 4.12711524e-04, 4.12711524e-04, 4.12711524e-04,
       0., 2.06355751e-03, 1.65084610e-03, 4.12711524e-04,
       8.25423049e-04, 1.23813457e-03, 0., 0., 1.65084610e-03, 0., 0.,
       4.12711524e-04, 4.53982688e-03, 8.25423049e-04, 4.12711524e-04,
       4.12711524e-04, 1.23813457e-03, 4.53982688e-03, 8.25423049e-04,
       8.25423049e-04, 4.12711524e-04, 0., 4.12711524e-04,
       8.25423049e-04, 4.12711524e-04, 0., 8.25423049e-04,
       1.11432113e-02, 0., 0., 8.25423049e-04, 8.25423049e-04, 0.,
