%YAML:1.0
m25n: !!opencv-matrix
   rows: 1
   cols: 800
   dt: f
   data: [ 3.76364333e-04, 3.76364333e-04, 1.50545733e-03,
       7.52728665e-04, 1.88182166e-03, 0., 3.76364333e-04, 0.,
       3.76364333e-04, 3.76364333e-04, 4.89273621e-03, 2.63455044e-03,
       3.76364333e-04, 1.88182166e-03, 0., 4.51637199e-03,
       2.25818600e-03, 0., 1.12909300e-03, 1.50545733e-03,
       7.52728665e-04, 2.63455044e-03, 1.12909300e-03, 7.52728665e-04,
       0., 1.50545733e-03, 1.88182166e-03, 1.12909300e-03,
       4.51637199e-03, 2.63455044e-03, 1.50545733e-03, 7.52728665e-04,
       1.88182166e-03, 1.50545733e-03, 0., 1.50545733e-03,
       3.76364333e-04, 7.52728665e-04, 1.88182166e-03, 0.,
       3.76364333e-04, 1.88182166e-03, 3.76364333e-04, 0.,
       1.88182166e-03, 1.88182166e-03, 0., 3.38727888e-03,
       3.76364333e-04, 0., 1.50545733e-03, 1.88182166e-03,
       1.12909300e-03, 0., 3.76364333e-04, 1.88182166e-03, 0.,
       3.01091466e-03, 3.76364333e-03, 0., 3.76364333e-04, 0.,
       3.01091466e-03, 7.52728665e-04, 1.50545733e-03, 0.,
       2.25818600e-03, 7.52728665e-04, 1.50545733e-03, 3.76364333e-04,
       4.14000778e-03, 7.52728665e-04, 0., 2.25818600e-03,
       7.52728665e-04, 1.88182166e-03, 3.76364333e-04, 0.,
       2.25818600e-03, 7.52728665e-04, 3.76364333e-04, 1.12909300e-03,
       2.63455044e-03, 7.52728665e-04, 1.12909300e-03, 7.52728665e-04,
       3.76364333e-04, 1.50545733e-03, 1.88182166e-03, 2.25818600e-03,
       3.76364333e-04, 3.76364333e-04, 3.76364333e-04, 0.,
       1.12909300e-03, 1.12909300e-03, 3.76364333e-04, 3.01091466e-03,
       1.50545733e-03, 2.25818600e-03, 1.50545733e-03, 0., 0.,
       3.76364333e-04, 0., 4.89273621e-03, 5.64546511e-03,
       7.52728665e-04, 1.50545733e-03, 1.12909300e-03, 1.88182166e-03,
       2.25818600e-03, 8.65637977e-03, 3.76364333e-04, 3.38727888e-03,
       1.12909300e-03, 0., 7.52728665e-04, 7.52728665e-04,
       3.76364333e-04, 1.50545733e-03, 2.25818600e-03, 0.,
       1.50545733e-03, 0., 2.25818600e-03, 1.12909300e-03,
       3.76364333e-04, 3.76364333e-03, 1.50545733e-03, 0.,
       1.88182166e-03, 3.38727888e-03, 0., 1.50545733e-03, 0.,
       7.52728665e-04, 3.76364333e-04, 3.76364333e-04, 7.52728665e-04,
       2.25818600e-03, 1.50545733e-03, 0., 2.63455044e-03,
       1.12909300e-03, 3.76364333e-04, 3.76364333e-04, 1.12909300e-03,
       0., 1.50545733e-03, 1.12909300e-03, 7.52728665e-04,
       2.63455044e-03, 1.12909300e-03, 1.50545733e-03, 0., 0.,
       1.50545733e-03, 3.76364333e-04, 3.76364333e-04, 0.,
       3.01091466e-03, 7.52728665e-04, 3.01091466e-03, 3.76364333e-04,
       3.76364333e-04, 1.88182166e-03, 3.76364333e-04, 7.52728665e-04,
       0., 7.52728665e-04, 1.12909300e-03, 1.50545733e-03,
       3.76364333e-04, 0., 3.76364333e-04, 1.50545733e-03,
       3.76364333e-04, 3.01091466e-03, 0., 3.76364333e-04,
       8.65637977e-03, 7.52728665e-04, 1.12909300e-03, 3.76364333e-04,
       0., 3.76364333e-04, 1.50545733e-03, 0., 7.52728665e-04, 0.,
       1.12909300e-03, 1.88182166e-03, 0., 2.63455044e-03,
       7.52728665e-04, 1.50545733e-03, 7.52728665e-04, 3.76364333e-04,
       1.50545733e-03, 6.77455775e-03, 7.52728665e-04, 4.14000778e-03,
       1.50545733e-03, 0., 1.12909300e-03, 7.52728665e-04,
       1.50545733e-03, 1.12909300e-03, 0., 4.14000778e-03,
       2.25818600e-03, 0., 1.12909300e-03, 2.25818600e-03,
       3.76364333e-04, 2.25818600e-03, 7.52728665e-04, 3.76364333e-04,
       7.52728665e-04, 1.50545733e-03, 1.88182166e-03, 1.88182166e-03,
       2.25818600e-03, 1.50545733e-03, 3.76364333e-04, 2.63455044e-03,
       3.01091466e-03, 3.76364333e-04, 1.12909300e-03, 2.63455044e-03,
       1.50545733e-03, 2.25818600e-03, 2.25818600e-03, 2.25818600e-03,
       1.50545733e-03, 1.50545733e-03, 2.25818600e-03, 1.50545733e-03,
       5.26910089e-03, 1.12909300e-03, 3.76364333e-04, 7.52728665e-04,
       2.63455044e-03, 0., 3.76364333e-04, 1.50545733e-03,
       3.01091466e-03, 0., 3.38727888e-03, 3.01091466e-03,
       1.88182166e-03, 3.76364333e-04, 3.76364333e-04, 3.76364333e-04,
       1.88182166e-03, 4.14000778e-03, 2.25818600e-03, 3.38727888e-03,
       3.76364333e-03, 7.52728665e-04, 7.52728665e-04, 7.52728665e-04,
       0., 3.76364333e-04, 1.50545733e-03, 7.52728665e-04,
       7.52728665e-04, 0., 1.88182166e-03, 3.01091466e-03,
       7.52728665e-04, 0., 2.63455044e-03, 7.52728665e-04,
       2.63455044e-03, 7.52728665e-04, 3.76364333e-04, 7.52728665e-04,
       1.50545733e-03, 7.52728665e-04, 1.50545733e-03, 2.63455044e-03,
       1.88182166e-03, 1.50545733e-03, 2.63455044e-03, 7.52728665e-04,
       4.89273621e-03, 3.76364333e-04, 3.01091466e-03, 2.63455044e-03,
       3.76364333e-04, 3.76364333e-04, 1.50545733e-03, 1.50545733e-03,
       1.12909300e-03, 0., 7.52728665e-04, 3.01091466e-03, 0.,
       2.63455044e-03, 1.12909300e-03, 6.77455775e-03, 3.76364333e-04,
       3.76364333e-04, 0., 0., 0., 2.25818600e-03, 7.52728665e-04,
       1.12909300e-03, 7.52728665e-04, 4.51637199e-03, 7.52728665e-04,
       0., 1.88182166e-03, 2.25818600e-03, 7.52728665e-04, 0.,
       7.52728665e-04, 7.52728665e-04, 1.50545733e-03, 1.12909300e-03,
       7.52728665e-04, 1.50545733e-03, 3.01091466e-03, 1.50545733e-03,
       3.76364333e-04, 7.52728665e-04, 0., 1.12909300e-03, 0.,
       2.63455044e-03, 0., 3.76364333e-04, 3.76364333e-04,
       7.52728665e-04, 0., 2.63455044e-03, 3.76364333e-04,
       1.50545733e-03, 7.52728665e-04, 1.12909300e-03, 1.12909300e-03,
       7.52728665e-04, 1.50545733e-03, 0., 3.76364333e-04, 0.,
       1.50545733e-03, 1.12909300e-03, 2.25818600e-03, 7.52728665e-04,
       3.01091466e-03, 3.76364333e-04, 0., 2.25818600e-03,
       1.50545733e-03, 3.76364333e-04, 1.12909300e-03, 7.52728665e-04,
       7.52728665e-04, 1.50545733e-03, 3.76364333e-04, 1.12909300e-03,
       1.12909300e-03, 0., 7.52728665e-04, 7.52728665e-04,
       3.76364333e-04, 6.02182932e-03, 1.12909300e-03, 7.52728665e-04,
       1.12909300e-03, 1.43018449e-02, 7.52728665e-04, 0., 0.,
       3.76364333e-04, 2.63455044e-03, 0., 0., 1.50545733e-03,
       3.76364333e-04, 0., 1.88182166e-03, 1.88182166e-03,
       3.76364333e-04, 1.12909300e-03, 3.01091466e-03, 7.52728665e-04,
       7.52728665e-04, 1.50545733e-03, 2.25818600e-03, 2.25818600e-03,
       3.76364333e-04, 3.76364333e-04, 0., 3.38727888e-03,
       2.25818600e-03, 0., 2.63455044e-03, 1.50545733e-03,
       1.50545733e-03, 1.50545733e-03, 3.76364333e-04, 3.76364333e-04,
       1.88182166e-03, 3.76364333e-04, 3.76364333e-04, 7.52728665e-04,
       7.52728665e-04, 7.52728665e-04, 3.01091466e-03, 0.,
       1.12909300e-03, 7.52728665e-04, 1.12909300e-03, 3.76364333e-04,
       3.76364333e-03, 1.88182166e-03, 7.52728665e-04, 1.12909300e-03,
       0., 3.76364333e-04, 0., 2.63455044e-03, 3.76364333e-04, 0.,
       3.76364333e-04, 3.76364333e-04, 1.50545733e-03, 6.02182932e-03,
       3.76364333e-04, 2.63455044e-03, 3.76364333e-03, 3.76364333e-04,
       3.76364333e-04, 1.12909300e-03, 3.76364333e-04, 2.63455044e-03,
       7.52728665e-04, 1.12909300e-03, 7.52728665e-04, 3.76364333e-04,
       7.52728665e-04, 0., 7.52728665e-04, 3.76364333e-04,
       2.25818600e-03, 1.88182166e-03, 3.76364333e-04, 1.12909300e-03,
       4.89273621e-03, 1.88182166e-03, 7.52728665e-04, 1.50545733e-03,
       1.12909300e-03, 1.12909300e-03, 1.50545733e-03, 3.76364333e-04,
       0., 3.76364333e-04, 0., 1.12909300e-03, 1.88182166e-03,
       3.76364333e-04, 3.76364333e-04, 2.25818600e-03, 1.50545733e-03,
       7.52728665e-04, 0., 0., 1.50545733e-03, 0., 0., 7.52728665e-04,
       3.76364333e-04, 3.76364333e-04, 1.50545733e-03, 0.,
       3.76364333e-04, 1.12909300e-03, 1.88182166e-03, 3.76364333e-04,
       3.76364333e-04, 1.50545733e-03, 3.76364333e-04, 0.,
       1.50545733e-03, 1.50545733e-03, 3.76364333e-04, 3.76364333e-04,
       4.14000778e-03, 2.25818600e-03, 1.50545733e-03, 7.52728665e-04,
       3.76364333e-04, 1.88182166e-03, 1.12909300e-03, 7.52728665e-04,
       0., 2.63455044e-03, 7.52728665e-04, 7.52728665e-04,
