%YAML:1.0
m25n: !!opencv-matrix
   rows: 1
   cols: 800
   dt: f
   data: [ 4.36872011e-04, 4.36872011e-04, 2.18436006e-03,
       1.74748804e-03, 3.05810408e-03, 4.36872011e-04, 1.74748804e-03,
       2.18436006e-03, 1.31061603e-03, 3.05810408e-03, 1.31061603e-03,
       4.36872011e-04, 4.36872011e-04, 3.49497609e-03, 8.73744022e-04,
       1.31061603e-03, 2.18436006e-03, 4.36872011e-04, 8.73744022e-04,
       4.36872011e-04, 2.18436006e-03, 1.31061603e-03, 1.74748804e-03,
       2.18436006e-03, 4.36872011e-04, 8.73744022e-04, 2.18436006e-03,
       2.62123207e-03, 8.30056798e-03, 8.73744022e-04, 8.73744022e-04,
       2.62123207e-03, 3.93184833e-03, 1.31061603e-03, 4.36872011e-04,
       1.31061603e-03, 0., 1.74748804e-03, 1.74748804e-03, 0.,
       2.18436006e-03, 1.31061603e-03, 4.36872011e-04, 2.18436006e-03,
       1.31061603e-03, 2.62123207e-03, 0., 1.31061603e-03,
       4.36872011e-04, 0., 1.31061603e-03, 1.31061603e-03,
       2.62123207e-03, 4.36872011e-04, 2.62123207e-03, 4.36872011e-04,
       2.62123207e-03, 2.18436006e-03, 1.31061603e-03, 0.,
       1.74748804e-03, 1.31061603e-03, 0., 2.18436006e-03,
       1.31061603e-03, 0., 0., 8.73744022e-04, 4.36872011e-04,
       4.36872011e-04, 8.73744022e-04, 8.73744022e-04, 1.74748804e-03,
       8.73744022e-04, 1.74748804e-03, 1.31061603e-03, 4.36872011e-04,
       0., 8.73744022e-04, 0., 8.73744022e-04, 0., 0., 2.18436006e-03,
       1.31061603e-03, 5.67933638e-03, 4.36872011e-04, 1.74748804e-03,
       1.31061603e-03, 4.36872011e-04, 4.36872011e-04, 8.73744022e-04,
       1.31061603e-03, 8.73744022e-04, 4.36872011e-04, 0.,
       4.36872011e-04, 4.36872011e-04, 1.31061603e-03, 8.73744022e-04,
       1.31061603e-03, 2.62123207e-03, 8.73744022e-04, 0.,
       1.31061603e-03, 9.17431246e-03, 2.18436006e-03, 4.36872011e-04,
       1.31061603e-03, 4.36872011e-04, 1.31061603e-03, 1.31061603e-03,
       6.98995218e-03, 4.36872011e-04, 8.73744022e-04, 4.36872011e-04,
       3.05810408e-03, 2.18436006e-03, 2.62123207e-03, 4.36872011e-04,
       1.31061603e-03, 1.31061603e-03, 5.67933638e-03, 8.73744022e-04,
       4.36872011e-04, 0., 1.31061603e-03, 4.80559189e-03,
       4.80559189e-03, 1.74748804e-03, 4.36872011e-04, 2.18436006e-03,
       8.73744022e-04, 2.18436006e-03, 8.73744022e-04, 4.36872011e-04,
       2.62123207e-03, 0., 0., 4.36872011e-04, 1.74748804e-03,
       8.73744022e-04, 8.73744022e-04, 2.62123207e-03, 4.36872011e-04,
       8.73744022e-04, 1.74748804e-03, 1.74748804e-03, 0.,
       1.74748804e-03, 0., 4.36872011e-04, 1.74748804e-03,
       1.31061603e-03, 8.73744022e-04, 8.73744022e-04, 4.36872011e-04,
       8.73744022e-04, 1.31061603e-03, 2.62123207e-03, 8.73744022e-04,
       4.36872011e-04, 3.49497609e-03, 8.73744022e-04, 0., 0.,
       4.36872011e-04, 1.31061603e-03, 1.74748804e-03, 8.73744022e-04,
       8.73744022e-04, 5.67933638e-03, 8.73744022e-04, 1.74748804e-03,
       4.36872011e-04, 0., 2.62123207e-03, 8.73744022e-04,
       8.73744022e-04, 1.31061603e-03, 1.31061603e-03, 2.62123207e-03,
       8.73744022e-04, 0., 0., 4.36872011e-04, 2.18436006e-03,
       4.36872011e-04, 0., 1.74748804e-03, 4.36872011e-04,
       1.31061603e-03, 1.31061603e-03, 4.36872011e-04, 4.36872011e-04,
       8.73744022e-04, 8.73744022e-04, 8.73744022e-04, 1.74748804e-03,
       0., 2.18436006e-03, 8.73744022e-04, 8.73744022e-04,
       8.73744022e-04, 2.18436006e-03, 8.73744022e-04, 3.05810408e-03,
       0., 3.05810408e-03, 0., 8.73744022e-04, 4.36872011e-04,
       4.36872011e-04, 0., 8.73744022e-04, 2.62123207e-03,
       8.73744022e-04, 2.62123207e-03, 8.73744022e-04, 1.74748804e-03,
       0., 1.31061603e-03, 4.36872011e-04, 1.31061603e-03, 0.,
       4.36872011e-04, 1.74748804e-03, 1.31061603e-03, 0.,
       1.31061603e-03, 1.74748804e-03, 1.31061603e-03, 1.74748804e-03,
       4.36872011e-04, 0., 0., 3.05810408e-03, 1.31061603e-03,
       4.36872011e-04, 3.93184833e-03, 4.36872011e-04, 3.05810408e-03,
       1.31061603e-03, 4.36872011e-04, 0., 0., 1.31061603e-03,
       8.73744022e-04, 4.36872011e-04, 4.36872011e-04, 1.74748804e-03,
       1.31061603e-03, 3.49497609e-03, 8.73744022e-04, 4.36872011e-04,
       8.73744022e-04, 1.74748804e-03, 1.31061603e-03, 8.73744022e-04,
       6.11620815e-03, 1.74748804e-03, 1.31061603e-03, 4.36872011e-04,
       8.73744022e-04, 1.31061603e-03, 1.31061603e-03, 3.05810408e-03,
       2.18436006e-03, 2.18436006e-03, 2.18436006e-03, 1.31061603e-03,
       0., 1.74748804e-03, 8.73744022e-04, 0., 8.73744022e-04,
       8.73744022e-04, 8.73744022e-04, 1.31061603e-03, 1.31061603e-03,
       2.62123207e-03, 1.31061603e-03, 3.05810408e-03, 3.49497609e-03,
       1.31061603e-03, 2.18436006e-03, 2.18436006e-03, 1.31061603e-03,
       0., 1.31061603e-03, 8.73744022e-04, 1.74748804e-03,
       4.36872011e-04, 8.73744022e-04, 0., 4.36872011e-04,
       1.31061603e-03, 1.31061603e-03, 4.36872011e-04, 6.98995218e-03,
       4.36872011e-04, 1.74748804e-03, 3.49497609e-03, 1.74748804e-03,
       8.73744022e-04, 0., 8.73744022e-04, 3.93184833e-03,
       5.24246413e-03, 0., 2.18436006e-03, 8.73744022e-04,
       1.31061603e-03, 4.36872011e-04, 1.31061603e-03, 7.86369666e-03,
       2.62123207e-03, 2.62123207e-03, 1.31061603e-03, 6.11620815e-03,
       2.62123207e-03, 2.18436006e-03, 8.73744022e-04, 8.73744022e-04,
       4.36872011e-04, 1.31061603e-03, 4.36872011e-03, 4.36872011e-04,
       2.18436006e-03, 1.74748804e-03, 8.73744022e-04, 4.36872011e-04,
       0., 4.36872011e-04, 4.36872011e-04, 2.18436006e-03,
       1.31061603e-03, 2.18436006e-03, 4.36872011e-04, 1.31061603e-03,
       2.18436006e-03, 8.73744022e-04, 1.74748804e-03, 1.31061603e-03,
       1.74748804e-03, 2.18436006e-03, 4.36872011e-04, 8.73744022e-04,
       1.74748804e-03, 1.31061603e-03, 2.18436006e-03, 2.62123207e-03,
       0., 1.74748804e-03, 0., 4.36872011e-04, 1.31061603e-03,
       8.73744022e-04, 2.62123207e-03, 4.36872011e-04, 3.05810408e-03,
       1.31061603e-03, 3.05810408e-03, 4.36872011e-04, 1.74748804e-03,
       0., 1.31061603e-03, 4.36872011e-04, 1.74748804e-03,
       8.73744022e-04, 3.05810408e-03, 1.74748804e-03, 0.,
       2.62123207e-03, 1.74748804e-03, 0., 8.73744022e-04,
       1.31061603e-03, 0., 2.62123207e-03, 1.31061603e-03, 0.,
       4.36872011e-04, 4.36872011e-04, 0., 1.74748804e-03,
       4.36872011e-04, 8.73744022e-04, 2.18436006e-03, 1.74748804e-03,
       4.36872011e-04, 8.73744022e-04, 4.36872011e-03, 1.31061603e-03,
       8.73744022e-04, 8.73744022e-04, 8.73744022e-04, 1.74748804e-03,
       2.62123207e-03, 8.73744022e-04, 8.73744022e-04, 2.62123207e-03,
       1.74748804e-03, 0., 0., 0., 0., 4.36872011e-04, 4.36872011e-04,
       2.18436006e-03, 0., 8.73744022e-04, 4.36872011e-04,
       1.31061603e-03, 1.31061603e-03, 4.36872011e-04, 4.36872011e-04,
       0., 4.80559189e-03, 4.36872011e-04, 4.36872011e-04,
       8.73744022e-04, 2.18436006e-03, 8.73744022e-04, 1.31061603e-03,
       4.36872011e-04, 0., 8.73744022e-04, 4.36872011e-04,
       4.36872011e-04, 8.73744022e-04, 1.31061603e-03, 4.36872011e-03,
       4.36872011e-04, 8.73744022e-04, 1.31061603e-03, 4.36872011e-04,
       4.36872011e-04, 4.36872011e-04, 4.36872011e-04, 2.62123207e-03,
       1.31061603e-03, 4.36872011e-04, 8.73744022e-04, 8.73744022e-04,
       8.73744022e-04, 4.36872011e-04, 1.74748804e-03, 2.18436006e-03,
       0., 1.74748804e-03, 8.73744022e-04, 4.36872011e-04,
       4.80559189e-03, 8.73744022e-04, 0., 1.74748804e-03,
       4.36872011e-04, 1.31061603e-03, 1.74748804e-03, 0.,
       4.36872011e-04, 8.73744022e-04, 1.31061603e-03, 2.18436006e-03,
       2.62123207e-03, 4.36872011e-04, 8.73744022e-04, 4.36872011e-04,
       1.74748804e-03, 8.73744022e-04, 1.74748804e-03, 0.,
       1.31061603e-03, 4.36872011e-04, 8.73744022e-04, 1.31061603e-03,
       1.74748804e-03, 8.73744022e-04, 1.74748804e-03, 1.31061603e-03,
       8.73744022e-04, 0., 0., 8.73744022e-04, 4.36872011e-04, 0.,
       4.36872011e-04, 4.36872011e-04, 8.73744022e-04, 1.74748804e-03,
