%YAML:1.0
m25n: !!opencv-matrix
   rows: 1
   cols: 800
   dt: f
   data: [ 0., 0., 5.02332253e-03, 1.79404381e-03, 3.58808757e-04,
       3.58808757e-04, 1.43523503e-03, 0., 3.58808757e-04,
       1.07642624e-03, 1.43523503e-03, 1.07642624e-03, 1.07642624e-03,
       2.51166127e-03, 7.17617513e-04, 0., 3.22927884e-03, 0.,
       7.17617513e-04, 2.15285248e-03, 0., 2.51166127e-03,
       1.07642624e-03, 1.82992462e-02, 0., 0., 2.51166127e-03,
       1.79404381e-03, 1.61463935e-02, 1.39935417e-02, 2.51166127e-03,
       1.07642624e-03, 3.58808757e-04, 1.07642624e-03, 3.58808757e-04,
       3.58808757e-04, 0., 0., 7.17617513e-04, 1.43523503e-03,
       7.17617513e-04, 7.17617513e-04, 3.58808757e-04, 7.17617513e-04,
       1.07642624e-03, 2.51166127e-03, 3.58808757e-04, 3.94689618e-03,
       0., 0., 3.58808757e-04, 7.17617513e-04, 0., 0., 1.07642624e-03,
       3.58808757e-04, 1.43523503e-03, 3.22927884e-03, 7.17617513e-04,
       0., 0., 0., 7.17617513e-04, 1.43523503e-03, 2.15285248e-03,
       3.58808757e-04, 3.58808757e-04, 1.07642624e-03, 3.58808762e-03,
       0., 1.79404381e-03, 0., 3.58808757e-04, 3.22927884e-03,
       2.15285248e-03, 3.58808757e-04, 4.30570496e-03, 0.,
       2.15285248e-03, 4.30570496e-03, 0., 1.07642624e-03,
       3.58808757e-04, 7.17617513e-04, 3.58808757e-04, 7.17617513e-04,
       7.17617513e-04, 3.22927884e-03, 1.07642624e-03, 1.79404381e-03,
       1.79404381e-03, 1.43523503e-03, 7.17617513e-04, 0.,
       3.58808757e-04, 3.58808757e-04, 3.58808757e-04, 2.87047005e-03,
       3.58808757e-04, 0., 7.17617513e-04, 7.17617513e-04,
       7.17617513e-04, 1.79404381e-03, 0., 2.15285248e-03,
       3.22927884e-03, 3.58808757e-04, 4.66451375e-03, 5.38213132e-03,
       7.17617513e-04, 1.43523503e-03, 1.79404381e-03, 7.17617513e-04,
       3.58808757e-04, 3.58808757e-04, 1.43523503e-03, 1.07642624e-03,
       1.43523503e-03, 0., 7.17617513e-04, 1.79404381e-03,
       3.58808757e-04, 7.17617513e-04, 1.07642624e-03, 1.79404381e-03,
       1.43523503e-03, 1.43523503e-03, 1.43523503e-03, 7.17617513e-04,
       3.58808757e-04, 7.17617513e-04, 2.87047005e-03, 0.,
       1.43523503e-03, 3.58808757e-04, 3.58808757e-04, 0.,
       1.07642624e-03, 2.51166127e-03, 1.07642624e-03, 1.43523503e-03,
       7.17617513e-04, 3.58808757e-04, 3.58808757e-04, 3.58808757e-04,
       1.43523503e-03, 7.17617513e-04, 3.58808757e-04, 7.17617513e-04,
       1.43523503e-03, 1.43523503e-03, 1.43523503e-03, 3.58808757e-04,
       1.43523503e-03, 0., 2.51166127e-03, 0., 3.58808757e-04,
       7.17617513e-04, 7.17617513e-04, 2.87047005e-03, 4.30570496e-03,
       7.17617513e-04, 3.58808757e-04, 3.58808757e-04, 0.,
       1.07642624e-03, 0., 0., 1.43523503e-03, 5.02332253e-03,
       3.58808757e-04, 0., 7.17617513e-04, 7.17617513e-04,
       7.17617513e-04, 1.07642624e-03, 1.43523503e-03, 1.43523503e-03,
       6.45855768e-03, 2.51166127e-03, 1.07642624e-03, 7.17617513e-04,
       3.58808757e-04, 7.17617513e-04, 0., 3.58808757e-04, 0., 0.,
       3.22927884e-03, 3.58808757e-04, 7.17617513e-04, 0.,
       1.43523503e-03, 7.17617513e-04, 3.58808757e-04, 3.58808757e-04,
       1.79404381e-03, 2.15285248e-03, 5.38213132e-03, 1.07642624e-03,
       7.17617513e-04, 0., 0., 7.17617513e-04, 2.87047005e-03,
       4.30570496e-03, 0., 3.58808757e-04, 1.79404381e-03,
       3.58808762e-03, 7.17617513e-04, 7.17617513e-04, 3.58808757e-04,
       3.58808757e-04, 7.17617513e-04, 7.17617513e-04, 2.87047005e-03,
       1.07642624e-03, 7.17617513e-04, 5.02332253e-03, 1.79404381e-03,
       3.58808757e-04, 0., 0., 1.43523503e-03, 1.43523503e-03, 0.,
       3.22927884e-03, 0., 1.79404381e-03, 0., 1.43523503e-03,
       7.17617513e-04, 2.15285248e-03, 7.17617513e-04, 3.22927884e-03,
       7.17617513e-04, 1.43523503e-03, 1.43523503e-03, 1.43523503e-03,
       3.58808757e-04, 1.79404381e-03, 0., 3.22927884e-03,
       3.58808762e-03, 1.79404381e-03, 3.58808757e-04, 3.94689618e-03,
       7.17617513e-04, 3.58808757e-04, 7.17617513e-04, 1.07642624e-03,
       3.58808757e-04, 3.58808757e-04, 1.43523503e-03, 1.07642624e-03,
       7.17617513e-04, 1.79404381e-03, 1.79404381e-03, 0.,
       3.58808757e-04, 2.87047005e-03, 1.07642624e-03, 1.07642624e-03,
       3.58808757e-04, 0., 0., 1.43523503e-03, 1.07642624e-03, 0.,
       7.17617513e-04, 0., 0., 1.79404381e-03, 0., 0., 3.58808757e-04,
       7.17617513e-04, 0., 3.58808757e-04, 1.79404381e-03,
       1.43523503e-03, 1.43523503e-03, 0., 2.15285248e-03, 0., 0.,
       3.58808757e-04, 1.43523503e-03, 1.43523503e-03, 1.07642624e-03,
       3.58808757e-04, 1.79404381e-03, 1.79404381e-03, 0.,
       7.17617513e-04, 1.07642624e-03, 0., 1.07642624e-03, 0.,
       2.15285248e-03, 1.79404381e-03, 1.07642624e-03, 3.58808757e-04,
       7.17617513e-04, 1.07642624e-03, 1.07642624e-03, 2.51166127e-03,
       7.17617513e-04, 1.14818802e-02, 6.09974889e-03, 1.43523503e-03,
       0., 1.07642626e-02, 1.79404381e-03, 7.17617513e-04, 0., 0.,
       3.58808757e-04, 3.94689618e-03, 7.17617513e-04, 7.17617513e-04,
       7.17617513e-04, 1.79404381e-03, 7.17617513e-04, 3.58808757e-04,
       0., 1.79404381e-03, 1.43523503e-03, 0., 3.94689618e-03,
       1.43523503e-03, 0., 1.43523503e-03, 0., 2.15285248e-03, 0.,
       3.58808757e-04, 1.07642624e-03, 6.81736646e-03, 7.17617513e-04,
       1.43523503e-03, 3.58808757e-04, 3.58808757e-04, 0., 0., 0.,
       1.07642624e-03, 1.07642624e-03, 0., 0., 3.58808762e-03,
       3.58808757e-04, 0., 2.87047005e-03, 7.17617513e-04,
       1.07642624e-03, 2.15285248e-03, 1.07642624e-03, 1.07642624e-03,
       1.07642624e-03, 0., 1.43523503e-03, 2.15285248e-03,
       7.17617513e-04, 3.58808757e-04, 3.58808757e-04, 3.58808757e-04,
       3.94689618e-03, 3.94689618e-03, 0., 7.17617513e-04,
       1.79404381e-03, 7.17617513e-04, 1.07642624e-03, 1.07642624e-03,
       3.58808757e-04, 2.51166127e-03, 0., 0., 7.17617513e-04,
       3.58808757e-04, 1.07642624e-03, 3.58808757e-04, 2.51166127e-03,
       7.17617513e-04, 1.79404381e-03, 1.79404381e-03, 0.,
       7.17617513e-04, 0., 1.43523503e-03, 1.43523503e-03,
       3.58808757e-04, 1.07642624e-03, 2.87047005e-03, 2.87047005e-03,
       1.07642624e-03, 3.58808757e-04, 1.07642624e-03, 1.79404381e-03,
       2.87047005e-03, 0., 3.58808757e-04, 0., 7.17617513e-04,
       3.58808762e-03, 0., 0., 3.58808757e-04, 3.58808757e-04,
       1.79404381e-03, 0., 1.07642624e-03, 3.58808757e-04,
       7.17617513e-04, 0., 1.43523503e-03, 1.07642624e-03,
       1.07642624e-03, 1.79404381e-03, 0., 7.17617513e-04,
       7.17617513e-04, 1.43523503e-03, 4.30570496e-03, 3.58808757e-04,
       1.07642624e-03, 2.87047005e-03, 0., 1.07642624e-03,
       1.43523503e-03, 2.87047005e-03, 2.87047005e-03, 0.,
       3.58808757e-04, 0., 3.58808757e-04, 0., 1.79404381e-03, 0.,
       2.15285248e-03, 1.07642624e-03, 0., 0., 7.17617513e-04,
       3.58808757e-04, 0., 3.94689618e-03, 0., 1.43523503e-03,
       3.22927884e-03, 7.17617513e-04, 1.43523503e-03, 3.58808757e-04,
       1.43523503e-03, 7.17617513e-04, 3.58808757e-04, 0.,
       3.58808757e-04, 2.15285248e-03, 7.17617513e-04, 1.43523503e-03,
       1.79404381e-03, 1.43523503e-03, 1.07642624e-03, 3.58808757e-04,
       3.58808757e-04, 7.17617513e-04, 3.58808757e-04, 6.09974889e-03,
       3.58808757e-04, 0., 3.58808757e-04, 3.58808757e-04,
       7.17617513e-04, 7.17617513e-04, 3.58808757e-04, 7.17617513e-04,
       0., 2.15285248e-03, 1.07642624e-03, 3.58808757e-04, 0.,
       1.79404381e-03, 1.43523503e-03, 0., 7.17617513e-04,
       3.58808757e-04, 7.17617513e-04, 0., 3.58808757e-04,
       3.58808757e-04, 7.17617513e-04, 0., 7.17617513e-04,
       3.58808757e-04, 1.07642624e-03, 7.17617513e-04, 0.,
       1.43523503e-03, 2.51166127e-03, 1.07642624e-03, 3.58808762e-03,
       0., 1.07642624e-03, 1.43523503e-03, 3.58808757e-04,
       7.17617513e-04, 1.43523503e-03, 3.58808757e-04, 0.,
       1.43523503e-03, 7.17617513e-04, 3.58808757e-04, 1.43523503e-03,
       3.58808757e-04, 1.07642624e-03, 1.43523503e-03, 3.58808757e-04,
