%YAML:1.0
m25n: !!opencv-matrix
   rows: 1
   cols: 800
   dt: f
   data: [ 9.74975643e-04, 2.92492704e-03, 3.57491057e-03,
       3.24991881e-04, 1.29996752e-03, 3.24991881e-04, 3.57491057e-03,
       0., 3.24991881e-04, 6.49983762e-04, 6.49983762e-04,
       9.74975643e-04, 1.62495940e-03, 1.62495940e-03, 1.62495940e-03,
       1.29996752e-03, 9.74975643e-04, 1.94995129e-03, 3.24991881e-04,
       9.74975643e-04, 3.24991881e-04, 3.24991881e-04, 9.74975643e-04,
       1.29996752e-03, 6.49983762e-04, 3.24991881e-04, 1.94995129e-03,
       3.24991881e-04, 1.62495940e-03, 9.74975643e-04, 1.62495940e-03,
       1.94995129e-03, 1.62495940e-03, 0., 0., 1.94995129e-03,
       1.29996752e-03, 1.62495940e-03, 0., 0., 1.94995129e-03,
       3.57491057e-03, 1.62495940e-03, 1.29996752e-03, 1.62495940e-03,
       6.49983762e-04, 3.24991881e-04, 2.27494305e-03, 0.,
       1.94995129e-03, 2.27494305e-03, 6.49983762e-04, 3.24991881e-04,
       6.49983762e-04, 9.74975643e-04, 2.59993505e-03, 7.47481314e-03,
       1.29996752e-03, 1.94995129e-03, 0., 2.27494305e-03,
       9.74975643e-04, 3.24991881e-03, 9.74975643e-04, 0.,
       9.74975643e-04, 9.74975643e-04, 6.49983762e-04, 3.24991881e-04,
       6.49983762e-04, 9.74975643e-04, 1.94995129e-03, 2.59993505e-03,
       3.24991881e-04, 2.27494305e-03, 3.24991881e-04, 1.94995129e-03,
       9.74975643e-04, 6.49983762e-04, 9.74975643e-04, 1.94995129e-03,
       6.49983762e-04, 6.49983762e-04, 9.74975643e-04, 1.29996752e-03,
       6.49983762e-04, 3.24991881e-04, 3.57491057e-03, 9.74975643e-04,
       5.19987009e-03, 9.74975643e-04, 3.24991881e-04, 0., 0.,
       6.49983762e-04, 9.74975643e-04, 9.74975643e-04, 1.62495940e-03,
       0., 2.59993505e-03, 1.94995129e-03, 9.74975643e-04,
       2.27494305e-03, 9.74975643e-04, 3.24991881e-04, 1.94995129e-03,
       1.29996752e-03, 9.74975643e-04, 1.62495940e-03, 9.74975643e-04,
       9.74975643e-04, 3.24991881e-04, 9.74975643e-04, 3.24991881e-03,
       3.24991881e-04, 1.62495940e-03, 1.62495940e-03, 6.49983762e-04,
       3.24991881e-03, 3.24991881e-03, 1.94995129e-03, 1.29996752e-03,
       6.49983762e-04, 9.74975643e-04, 4.22489457e-03, 9.74975643e-04,
       1.29996752e-03, 9.74975643e-04, 3.24991881e-04, 1.62495940e-03,
       9.74975643e-04, 1.29996752e-03, 2.27494305e-03, 1.62495940e-03,
       1.62495940e-03, 9.09977220e-03, 6.49983762e-04, 3.24991881e-04,
       3.24991881e-04, 6.49983762e-04, 6.49983762e-04, 3.24991881e-03,
       1.62495940e-03, 6.49983762e-04, 6.49983762e-04, 6.49983762e-04,
       9.74975643e-04, 9.74975643e-04, 9.74975643e-04, 3.24991881e-04,
       9.74975643e-04, 2.27494305e-03, 2.59993505e-03, 6.49983762e-04,
       9.74975643e-04, 9.74975643e-04, 0., 6.49983762e-04,
       3.24991881e-04, 1.62495940e-03, 3.24991881e-04, 3.24991881e-04,
       3.24991881e-04, 3.24991881e-04, 0., 1.29996752e-03,
       6.49983762e-04, 9.74975643e-04, 6.49983762e-04, 1.29996752e-03,
       6.49983762e-04, 3.24991881e-04, 1.62495940e-03, 2.27494305e-03,
       3.24991881e-04, 1.29996752e-03, 9.74975643e-04, 9.74975643e-04,
       9.74975643e-04, 1.94995129e-03, 4.87487810e-03, 6.49983762e-04,
       1.29996752e-03, 6.49983762e-04, 2.27494305e-03, 3.24991881e-04,
       3.24991881e-04, 3.24991881e-04, 1.62495940e-03, 1.29996752e-03,
       2.59993505e-03, 1.29996752e-03, 1.62495940e-03, 9.74975643e-04,
       1.94995129e-03, 9.74975643e-04, 6.49983762e-04, 9.74975643e-04,
       0., 3.24991881e-04, 6.49983762e-04, 1.62495940e-03,
       6.49983762e-03, 1.62495940e-03, 9.74975643e-04, 6.49983762e-04,
       1.29996752e-03, 9.74975643e-04, 6.49983762e-04, 2.27494305e-03,
       2.27494305e-03, 1.62495940e-03, 2.27494305e-03, 1.62495940e-03,
       9.74975643e-04, 9.74975643e-04, 3.24991881e-04, 2.27494305e-03,
       0., 1.62495940e-03, 3.24991881e-04, 2.59993505e-03,
       9.74975643e-04, 1.94995129e-03, 2.92492704e-03, 1.62495940e-03,
       1.62495940e-03, 2.27494305e-03, 3.24991881e-03, 7.79980514e-03,
       1.29996752e-03, 6.49983762e-04, 1.94995129e-03, 1.62495940e-03,
       2.27494305e-03, 6.49983762e-04, 3.89990257e-03, 1.94995129e-03,
       9.74975643e-04, 0., 2.92492704e-03, 3.24991881e-04,
       1.62495940e-03, 2.27494305e-03, 1.62495940e-03, 6.49983762e-04,
       2.59993505e-03, 9.74975643e-04, 6.49983762e-04, 6.49983762e-04,
       9.74975643e-04, 0., 6.49983762e-04, 1.29996752e-03, 0.,
       3.24991881e-04, 1.62495940e-03, 9.74975643e-04, 9.74975643e-04,
       1.62495940e-03, 1.94995129e-03, 6.49983762e-04, 1.29996752e-03,
       9.74975643e-04, 1.62495940e-03, 3.24991881e-04, 0.,
       1.29996752e-03, 1.62495940e-03, 9.74975643e-04, 1.62495940e-03,
       3.24991881e-04, 0., 3.24991881e-04, 6.49983762e-04,
       3.24991881e-04, 1.62495940e-03, 2.27494305e-03, 2.27494305e-03,
       3.24991881e-04, 5.19987009e-03, 1.94995129e-03, 1.29996752e-03,
       2.27494305e-03, 1.62495940e-03, 1.62495940e-03, 9.74975643e-04,
       6.49983762e-04, 6.49983762e-04, 6.49983762e-04, 0.,
       6.49983762e-04, 0., 3.24991881e-03, 0., 9.74975643e-04,
       3.24991881e-04, 6.49983762e-04, 0., 6.49983762e-04,
       1.62495940e-03, 9.74975643e-04, 1.94995129e-03, 3.24991881e-04,
       0., 0., 3.24991881e-04, 3.24991881e-04, 3.24991881e-04,
       2.92492704e-03, 2.59993505e-03, 1.29996752e-03, 3.24991881e-04,
       3.57491057e-03, 9.74975643e-04, 2.27494305e-03, 1.94995129e-03,
       3.24991881e-04, 9.74975643e-04, 6.49983762e-04, 6.49983762e-04,
       1.29996752e-03, 6.49983762e-04, 6.49983762e-04, 3.24991881e-04,
       1.62495940e-03, 0., 1.94995129e-03, 3.24991881e-03,
       9.74975643e-04, 2.92492704e-03, 1.62495940e-03, 9.74975643e-04,
       1.62495940e-03, 3.24991881e-04, 4.54988610e-03, 1.29996752e-03,
       0., 2.27494305e-03, 1.29996752e-03, 3.24991881e-04,
       1.62495940e-03, 6.49983762e-04, 6.49983762e-04, 1.94995129e-03,
       9.74975643e-04, 3.24991881e-04, 9.74975643e-04, 6.49983762e-04,
       2.59993505e-03, 1.29996752e-03, 1.94995129e-03, 9.74975643e-04,
       6.49983762e-04, 3.24991881e-03, 1.29996752e-03, 3.24991881e-04,
       3.24991881e-04, 9.74975643e-04, 6.49983762e-04, 6.49983762e-04,
       6.49983762e-04, 1.94995129e-03, 0., 1.29996752e-03,
       9.74975643e-04, 6.49983762e-04, 1.62495940e-03, 2.59993505e-03,
       3.24991881e-03, 9.74975643e-04, 1.29996752e-03, 1.62495940e-03,
       3.24991881e-04, 1.29996752e-03, 0., 1.62495940e-03, 0.,
       1.29996752e-03, 3.24991881e-04, 2.27494305e-03, 0., 0.,
       1.62495940e-03, 1.94995129e-03, 9.74975643e-04, 9.74975643e-04,
       9.74975643e-04, 2.92492704e-03, 1.29996752e-03, 1.29996752e-03,
       2.92492704e-03, 6.49983762e-04, 1.29996752e-03, 1.62495940e-03,
       6.49983762e-04, 1.62495940e-03, 6.49983762e-04, 6.49983762e-04,
       1.29996752e-03, 6.49983762e-04, 1.62495940e-03, 1.94995129e-03,
       1.94995129e-03, 6.49983762e-04, 6.49983762e-04, 1.29996752e-03,
       6.49983762e-04, 1.94995129e-03, 6.49983762e-04, 0.,
       2.27494305e-03, 9.74975643e-04, 9.74975643e-04, 2.92492704e-03,
       6.82482962e-03, 3.24991881e-04, 6.49983762e-04, 2.92492704e-03,
       9.74975643e-04, 9.74975643e-04, 6.49983762e-04, 6.49983762e-04,
       3.24991881e-04, 6.49983762e-04, 9.74975643e-04, 9.74975643e-04,
       0., 9.74975643e-04, 9.74975643e-04, 1.29996752e-03,
       9.74975643e-04, 6.49983762e-04, 3.24991881e-04, 2.27494305e-03,
       6.49983762e-04, 3.24991881e-04, 3.24991881e-04, 9.74975643e-04,
       2.92492704e-03, 2.27494305e-03, 0., 1.29996752e-03,
       1.62495940e-03, 9.74975643e-04, 3.24991881e-04, 1.13747157e-02,
       1.94995129e-03, 9.74975643e-04, 9.74975643e-04, 0.,
       1.62495940e-03, 1.94995129e-03, 1.94995129e-03, 2.92492704e-03,
       2.27494305e-03, 0., 9.74975643e-04, 0., 2.27494305e-03,
       6.49983762e-04, 9.74975643e-04, 1.62495940e-03, 3.24991881e-04,
       0., 0., 6.49983762e-04, 2.27494305e-03, 0., 2.27494305e-03,
       2.59993505e-03, 1.29996752e-03, 0., 1.62495940e-03,
