%YAML:1.0
m25n: !!opencv-matrix
   rows: 1
   cols: 800
   dt: f
   data: [ 7.22021679e-04, 0., 5.05415164e-03, 1.08303246e-03,
       1.08303246e-03, 0., 3.61010840e-04, 0., 0., 1.08303246e-03,
       1.44404336e-03, 1.80505426e-03, 1.08303246e-03, 2.52707582e-03,
       7.22021679e-04, 7.22021679e-04, 5.05415164e-03, 3.61010840e-04,
       3.61010840e-04, 1.08303246e-03, 3.61010840e-04, 1.44404336e-03,
       1.08303246e-03, 1.73285194e-02, 0., 0., 1.80505426e-03,
       1.80505426e-03, 1.51624549e-02, 1.44404341e-02, 3.24909762e-03,
       1.08303246e-03, 0., 1.08303246e-03, 3.61010840e-04, 0., 0., 0.,
       7.22021679e-04, 3.61010840e-04, 1.08303246e-03, 7.22021679e-04,
       3.61010840e-04, 0., 3.61010840e-04, 2.52707582e-03,
       3.61010840e-04, 4.33212984e-03, 0., 0., 3.61010840e-04,
       1.80505426e-03, 0., 0., 1.80505426e-03, 3.61010840e-04,
       1.44404336e-03, 1.80505426e-03, 1.08303246e-03, 3.61010840e-04,
       7.22021679e-04, 0., 1.44404336e-03, 1.44404336e-03,
       1.80505426e-03, 3.61010840e-04, 3.61010840e-04, 1.44404336e-03,
       2.16606492e-03, 0., 2.52707582e-03, 0., 0., 2.52707582e-03,
       3.61010840e-04, 3.61010840e-04, 3.97111941e-03, 0.,
       1.44404336e-03, 3.97111941e-03, 0., 1.44404336e-03,
       7.22021679e-04, 7.22021679e-04, 7.22021679e-04, 3.61010840e-04,
       1.80505426e-03, 2.52707582e-03, 2.52707582e-03, 2.52707582e-03,
       1.44404336e-03, 1.80505426e-03, 7.22021679e-04, 0.,
       3.61010840e-04, 0., 3.61010840e-04, 3.97111941e-03,
       7.22021679e-04, 3.61010840e-04, 1.44404336e-03, 1.08303246e-03,
       1.08303246e-03, 1.44404336e-03, 3.61010840e-04, 4.69314074e-03,
       2.52707582e-03, 3.61010840e-04, 5.41516254e-03, 4.69314074e-03,
       7.22021679e-04, 7.22021679e-04, 1.80505426e-03, 3.61010840e-04,
       7.22021679e-04, 3.61010840e-04, 1.08303246e-03, 1.08303246e-03,
       7.22021679e-04, 0., 3.61010840e-04, 1.08303246e-03,
       3.61010840e-04, 1.44404336e-03, 1.44404336e-03, 2.52707582e-03,
       1.80505426e-03, 1.08303246e-03, 1.44404336e-03, 0.,
       3.61010840e-04, 3.61010840e-04, 2.88808672e-03, 0.,
       7.22021679e-04, 0., 7.22021679e-04, 7.22021679e-04,
       7.22021679e-04, 2.16606492e-03, 1.08303246e-03, 1.08303246e-03,
       3.61010840e-04, 3.61010840e-04, 3.61010840e-04, 7.22021679e-04,
       1.44404336e-03, 7.22021679e-04, 3.61010840e-04, 7.22021679e-04,
       7.22021679e-04, 7.22021679e-04, 1.44404336e-03, 7.22021679e-04,
       2.16606492e-03, 0., 2.52707582e-03, 3.61010840e-04,
       3.61010840e-04, 0., 7.22021679e-04, 3.24909762e-03,
       3.24909762e-03, 3.61010840e-04, 0., 3.61010840e-04,
       3.61010840e-04, 1.80505426e-03, 0., 0., 1.44404336e-03,
       4.33212984e-03, 7.22021679e-04, 0., 7.22021679e-04,
       7.22021679e-04, 1.44404336e-03, 2.52707582e-03, 2.52707582e-03,
       7.22021679e-04, 5.77617344e-03, 1.80505426e-03, 1.08303246e-03,
       1.08303246e-03, 3.61010840e-04, 7.22021679e-04, 0.,
       3.61010840e-04, 0., 3.61010840e-04, 3.24909762e-03,
       7.22021679e-04, 1.08303246e-03, 0., 2.16606492e-03,
       3.61010840e-04, 1.08303246e-03, 7.22021679e-04, 7.22021679e-04,
       2.52707582e-03, 4.69314074e-03, 1.44404336e-03, 7.22021679e-04,
       3.61010840e-04, 0., 7.22021679e-04, 3.24909762e-03,
       3.61010851e-03, 0., 3.61010840e-04, 7.22021679e-04,
       3.24909762e-03, 7.22021679e-04, 3.61010840e-04, 3.61010840e-04,
       0., 7.22021679e-04, 2.52707582e-03, 1.80505426e-03,
       2.88808672e-03, 1.08303246e-03, 2.88808672e-03, 1.08303246e-03,
       7.22021679e-04, 7.22021679e-04, 3.61010840e-04, 1.08303246e-03,
       1.08303246e-03, 0., 2.16606492e-03, 3.61010840e-04,
       1.44404336e-03, 0., 1.80505426e-03, 3.61010840e-04,
       1.08303246e-03, 3.61010840e-04, 2.88808672e-03, 1.08303246e-03,
       1.44404336e-03, 7.22021679e-04, 2.52707582e-03, 7.22021679e-04,
       3.97111941e-03, 0., 3.24909762e-03, 3.61010851e-03,
       1.08303246e-03, 3.61010840e-04, 3.24909762e-03, 7.22021679e-04,
       3.61010840e-04, 7.22021679e-04, 7.22021679e-04, 1.08303246e-03,
       0., 1.08303246e-03, 1.80505426e-03, 7.22021679e-04,
       2.16606492e-03, 1.08303246e-03, 0., 3.61010840e-04,
       2.52707582e-03, 3.61010840e-04, 7.22021679e-04, 0., 0., 0.,
       1.80505426e-03, 7.22021679e-04, 0., 7.22021679e-04,
       7.22021679e-04, 0., 1.08303246e-03, 0., 3.61010840e-04,
       7.22021679e-04, 1.44404336e-03, 0., 3.61010840e-04,
       1.08303246e-03, 7.22021679e-04, 1.08303246e-03, 7.22021679e-04,
       2.52707582e-03, 0., 0., 7.22021679e-04, 2.16606492e-03,
       7.22021679e-04, 1.08303246e-03, 7.22021679e-04, 1.44404336e-03,
       1.44404336e-03, 0., 1.44404336e-03, 1.08303246e-03, 0.,
       7.22021679e-04, 7.22021679e-04, 1.80505426e-03, 2.52707582e-03,
       3.61010840e-04, 3.61010840e-04, 7.22021679e-04, 1.80505426e-03,
       1.44404336e-03, 2.16606492e-03, 1.44404336e-03, 1.37184123e-02,
       6.49819523e-03, 7.22021679e-04, 0., 1.01083033e-02,
       1.08303246e-03, 7.22021679e-04, 0., 0., 1.80505426e-03,
       3.24909762e-03, 0., 7.22021679e-04, 7.22021679e-04,
       2.52707582e-03, 3.61010840e-04, 3.61010840e-04, 3.61010840e-04,
       1.80505426e-03, 1.80505426e-03, 0., 3.24909762e-03,
       1.44404336e-03, 0., 2.16606492e-03, 0., 2.16606492e-03, 0.,
       3.61010840e-04, 7.22021679e-04, 7.22021703e-03, 3.61010840e-04,
       0., 0., 3.61010840e-04, 0., 0., 0., 2.16606492e-03,
       1.08303246e-03, 3.61010840e-04, 0., 3.97111941e-03,
       3.61010840e-04, 0., 4.33212984e-03, 7.22021679e-04,
       1.44404336e-03, 1.80505426e-03, 1.08303246e-03, 1.44404336e-03,
       7.22021679e-04, 0., 7.22021679e-04, 2.16606492e-03,
       1.80505426e-03, 3.61010840e-04, 7.22021679e-04, 7.22021679e-04,
       3.61010851e-03, 4.69314074e-03, 0., 3.61010840e-04,
       2.16606492e-03, 1.08303246e-03, 0., 3.61010840e-04,
       3.61010840e-04, 2.88808672e-03, 0., 7.22021679e-04,
       1.08303246e-03, 3.61010840e-04, 7.22021679e-04, 0.,
       1.08303246e-03, 3.61010840e-04, 2.52707582e-03, 3.61010840e-04,
       0., 7.22021679e-04, 0., 1.08303246e-03, 1.44404336e-03,
       3.61010840e-04, 7.22021679e-04, 1.44404336e-03, 3.97111941e-03,
       1.80505426e-03, 3.61010840e-04, 3.61010840e-04, 1.44404336e-03,
       2.16606492e-03, 0., 7.22021679e-04, 0., 3.61010840e-04,
       1.44404336e-03, 0., 0., 3.61010840e-04, 3.61010840e-04,
       1.80505426e-03, 0., 1.08303246e-03, 3.61010840e-04,
       3.61010840e-04, 0., 1.08303246e-03, 3.61010840e-04,
       1.44404336e-03, 1.80505426e-03, 0., 0., 7.22021679e-04,
       2.52707582e-03, 7.22021703e-03, 3.61010840e-04, 1.08303246e-03,
       2.52707582e-03, 3.61010840e-04, 0., 1.08303246e-03,
       2.16606492e-03, 3.61010851e-03, 1.08303246e-03, 7.22021679e-04,
       0., 0., 0., 7.22021679e-04, 3.61010840e-04, 1.44404336e-03, 0.,
       0., 0., 1.44404336e-03, 7.22021679e-04, 3.61010840e-04,
       3.61010851e-03, 3.61010840e-04, 3.61010840e-04, 3.61010851e-03,
       3.61010840e-04, 1.80505426e-03, 0., 1.08303246e-03,
       1.08303246e-03, 0., 0., 3.61010840e-04, 2.52707582e-03,
       7.22021679e-04, 1.08303246e-03, 1.80505426e-03, 1.80505426e-03,
       3.61010840e-04, 0., 0., 0., 7.22021679e-04, 3.97111941e-03,
       7.22021679e-04, 0., 3.61010840e-04, 0., 3.61010840e-04,
       7.22021679e-04, 0., 3.61010840e-04, 0., 2.16606492e-03,
       7.22021679e-04, 0., 0., 1.08303246e-03, 1.08303246e-03, 0.,
       1.08303246e-03, 3.61010840e-04, 7.22021679e-04, 3.61010840e-04,
       3.61010840e-04, 3.61010840e-04, 7.22021679e-04, 7.22021679e-04,
       3.61010840e-04, 0., 7.22021679e-04, 3.61010840e-04, 0.,
       1.80505426e-03, 1.44404336e-03, 0., 1.80505426e-03, 0.,
       7.22021679e-04, 3.61010840e-04, 3.61010840e-04, 3.61010840e-04,
       7.22021679e-04, 7.22021679e-04, 0., 1.08303246e-03,
       7.22021679e-04, 3.61010840e-04, 7.22021679e-04, 3.61010840e-04,
       1.44404336e-03, 3.61010840e-04, 3.61010840e-04, 3.61010851e-03,
