%YAML:1.0
m25n: !!opencv-matrix
   rows: 1
   cols: 800
   dt: f
   data: [ 1.18976797e-03, 2.37953593e-03, 1.78465201e-03,
       1.18976797e-03, 5.94883983e-04, 0., 5.94883983e-04,
       5.94883983e-04, 5.94883983e-04, 1.78465201e-03, 0., 0., 0.,
       1.18976797e-03, 2.97441985e-03, 1.18976797e-03, 1.18976797e-03,
       2.97441985e-03, 5.94883983e-04, 5.94883983e-04, 2.97441985e-03,
       1.18976797e-03, 7.73349172e-03, 0., 1.18976797e-03,
       1.78465201e-03, 5.94883983e-04, 2.97441985e-03, 1.18976797e-03,
       0., 5.94883983e-04, 0., 2.37953593e-03, 1.78465201e-03,
       5.94883983e-04, 0., 5.94883983e-04, 1.18976797e-03,
       3.56930401e-03, 0., 5.94883983e-04, 0., 5.94883983e-04,
       4.75907186e-03, 4.16418770e-03, 5.94883983e-04, 0.,
       5.94883983e-04, 0., 3.56930401e-03, 2.37953593e-03,
       5.94883983e-04, 0., 0., 0., 0., 0., 5.94883983e-04,
       4.75907186e-03, 1.18976797e-03, 3.56930401e-03, 1.18976797e-03,
       0., 1.18976797e-03, 5.94883983e-04, 5.94883983e-04,
       1.18976797e-03, 3.56930401e-03, 1.18976797e-03, 1.18976797e-03,
       2.97441985e-03, 0., 7.73349172e-03, 5.94883983e-04, 0.,
       1.18976797e-03, 2.97441985e-03, 1.18976797e-03, 0., 0.,
       2.97441985e-03, 0., 5.94883983e-04, 0., 0., 0., 5.94883983e-04,
       0., 5.94883983e-04, 5.94883983e-04, 1.18976797e-03,
       5.94883983e-04, 5.94883983e-04, 2.37953593e-03, 1.78465201e-03,
       1.78465201e-03, 0., 0., 5.94883983e-04, 1.78465201e-03, 0.,
       5.94883983e-04, 1.18976797e-03, 0., 0., 0., 1.78465201e-03,
       3.56930401e-03, 5.94883983e-04, 0., 5.94883983e-04,
       5.94883983e-04, 1.18976797e-03, 1.18976797e-03, 0.,
       5.94883983e-04, 0., 0., 0., 1.78465201e-03, 5.94883983e-04, 0.,
       0., 0., 5.94883983e-04, 0., 2.26055905e-02, 0., 5.94883983e-04,
       5.94883983e-04, 0., 0., 5.94883983e-04, 0., 5.94883983e-04,
       5.94883983e-04, 1.18976797e-03, 5.94883983e-04, 1.78465201e-03,
       0., 1.78465201e-03, 0., 5.94883983e-04, 0., 0., 4.16418770e-03,
       1.18976797e-03, 5.35395602e-03, 0., 5.94883983e-04, 0., 0., 0.,
       1.18976797e-03, 0., 2.37953593e-03, 0., 2.37953593e-03,
       1.18976797e-03, 1.78465201e-03, 5.94883983e-04, 1.78465201e-03,
       5.94883983e-04, 1.18976797e-03, 0., 1.18976797e-03,
       1.18976797e-03, 1.18976794e-02, 2.97441985e-03, 5.94883983e-04,
       0., 0., 2.97441985e-03, 5.94883983e-04, 3.56930401e-03, 0.,
       1.18976797e-03, 2.97441985e-03, 1.36823319e-02, 1.18976797e-03,
       0., 0., 1.78465201e-03, 3.56930401e-03, 0., 0., 0., 0.,
       1.18976797e-03, 5.94883983e-04, 2.97441985e-03, 5.94883983e-04,
       0., 0., 2.97441985e-03, 0., 5.94883983e-04, 5.94883983e-04,
       5.94883983e-04, 0., 0., 1.78465201e-03, 1.18976797e-03,
       2.37953593e-03, 5.94883971e-03, 7.73349172e-03, 3.56930401e-03,
       1.18976797e-03, 0., 0., 0., 0., 0., 0., 5.94883983e-04, 0., 0.,
       1.72516350e-02, 0., 5.94883983e-04, 0., 5.94883983e-04,
       1.18976797e-03, 5.94883983e-04, 0., 2.97441985e-03,
       1.72516350e-02, 1.78465201e-03, 5.94883983e-04, 5.94883983e-04,
       5.94883983e-04, 2.37953593e-03, 0., 5.94883983e-04,
       5.94883983e-04, 0., 2.97441985e-03, 0., 1.18976797e-03, 0.,
       1.18976797e-03, 1.78465201e-03, 2.37953593e-03, 1.78465201e-03,
       0., 1.78465201e-03, 0., 5.94883983e-04, 0., 5.94883983e-04,
       5.94883983e-04, 0., 2.37953593e-03, 5.94883983e-04,
       2.37953593e-03, 0., 0., 3.56930401e-03, 0., 1.78465201e-03, 0.,
       8.32837541e-03, 5.94883983e-04, 0., 1.78465201e-03, 0., 0., 0.,
       0., 3.56930401e-03, 1.42772160e-02, 5.94883983e-04, 0.,
       5.35395602e-03, 1.42772160e-02, 1.18976797e-03, 0., 0.,
       5.94883983e-04, 0., 5.94883983e-04, 0., 1.78465201e-03,
       2.37953593e-03, 2.37953593e-03, 5.94883983e-04, 5.94883983e-04,
       0., 0., 1.18976797e-03, 0., 1.18976797e-03, 0., 2.97441985e-03,
       1.18976797e-03, 1.18976797e-03, 0., 1.18976797e-03,
       4.16418770e-03, 5.35395602e-03, 0., 5.94883983e-04, 0.,
       5.94883983e-04, 3.56930401e-03, 0., 1.18976797e-03,
       1.18976797e-03, 1.18976797e-03, 5.94883983e-04, 5.94883983e-04,
       5.94883983e-04, 5.94883983e-04, 5.94883983e-04, 0.,
       1.18976797e-03, 0., 5.94883983e-04, 1.78465201e-03,
       2.97441985e-03, 0., 1.18976797e-03, 0., 0., 0., 7.13860802e-03,
       0., 0., 1.18976797e-03, 0., 1.18976797e-03, 5.94883983e-04,
       5.94883983e-04, 0., 0., 5.94883983e-04, 1.18976797e-03,
       4.16418770e-03, 4.16418770e-03, 1.18976797e-03, 0., 0.,
       5.94883983e-04, 0., 0., 0., 5.94883983e-04, 0., 5.94883983e-04,
       0., 5.94883983e-04, 1.18976797e-03, 1.18976797e-03,
       2.37953593e-03, 0., 0., 5.94883983e-04, 0., 0., 2.97441985e-03,
       5.94883983e-04, 5.94883971e-03, 2.37953593e-03, 1.78465201e-03,
       1.78465201e-03, 0., 0., 5.94883983e-04, 0., 1.18976797e-03,
       5.94883983e-04, 1.18976797e-03, 3.56930401e-03, 2.37953593e-03,
       1.78465201e-03, 1.18976797e-03, 5.94883983e-04, 1.18976797e-03,
       1.18976797e-03, 0., 0., 5.94883983e-04, 2.37953593e-03, 0.,
       1.78465201e-03, 0., 0., 1.18976797e-03, 0., 5.94883983e-04,
       2.37953593e-03, 5.94883983e-04, 0., 0., 2.97441985e-03,
       1.78465201e-03, 2.97441985e-03, 0., 0., 5.94883983e-04,
       4.75907186e-03, 0., 1.18976797e-03, 0., 0., 5.94883983e-04,
       5.94883983e-04, 1.78465201e-03, 5.94883983e-04, 5.35395602e-03,
       6.54372387e-03, 1.18976797e-03, 0., 0., 1.18976797e-03, 0., 0.,
       1.18976797e-03, 1.18976797e-03, 0., 0., 0., 1.18976797e-03,
       5.94883983e-04, 1.18976797e-03, 0., 2.37953593e-03,
       1.18976797e-03, 1.78465201e-03, 5.94883971e-03, 4.75907186e-03,
       0., 0., 3.74776907e-02, 0., 2.37953593e-03, 0., 0., 0.,
       5.94883983e-04, 5.94883983e-04, 0., 5.94883983e-04,
       5.94883983e-04, 2.37953593e-03, 5.94883983e-04, 0., 0.,
       4.16418770e-03, 2.97441985e-03, 7.13860802e-03, 5.94883983e-04,
       3.56930401e-03, 2.37953593e-03, 5.94883983e-04, 0., 0.,
       1.78465201e-03, 2.97441985e-03, 5.94883983e-04, 0.,
       2.97441985e-03, 0., 5.94883983e-04, 5.94883983e-04, 0.,
       1.18976797e-03, 1.78465201e-03, 0., 1.78465201e-03,
       1.18976797e-03, 1.18976797e-03, 0., 5.94883983e-04, 0.,
       3.56930401e-03, 0., 0., 2.37953593e-03, 0., 0., 0.,
       5.94883983e-04, 1.18976797e-03, 0., 5.94883983e-04, 0., 0., 0.,
       8.32837541e-03, 0., 5.94883983e-04, 5.94883983e-04,
       1.18976797e-03, 1.18976797e-03, 0., 5.94883983e-04, 0., 0.,
       1.18976797e-03, 8.92325956e-03, 5.94883983e-04, 5.94883983e-04,
       1.18976797e-03, 0., 0., 1.18976797e-03, 0., 5.94883983e-04,
       1.78465201e-03, 0., 5.94883971e-03, 0., 5.94883983e-04, 0.,
       1.18976797e-03, 1.18976797e-03, 3.56930401e-03, 5.94883983e-04,
       5.94883983e-04, 1.18976797e-03, 2.37953593e-03, 5.94883971e-03,
       5.94883983e-04, 2.97441985e-03, 5.94883983e-04, 2.97441985e-03,
       0., 0., 1.78465201e-03, 1.18976797e-03, 2.97441985e-03,
       1.78465201e-03, 5.94883983e-04, 5.94883983e-04, 0.,
       1.18976797e-03, 0., 0., 0., 0., 0., 5.94883983e-04, 0.,
       5.94883983e-04, 0., 0., 5.94883983e-04, 1.78465201e-03, 0.,
       1.18976797e-03, 0., 5.94883983e-04, 0., 4.16418770e-03, 0., 0.,
       1.18976797e-03, 4.16418770e-03, 5.94883983e-04, 0.,
       4.75907186e-03, 0., 1.78465201e-03, 5.94883983e-04, 0.,
       3.56930401e-03, 0., 2.37953593e-03, 0., 0., 0., 0., 0., 0., 0.,
       5.94883983e-04, 1.18976797e-03, 0., 1.78465201e-03,
       5.94883983e-04, 0., 1.18976797e-03, 5.94883983e-04,
       5.94883983e-04, 2.37953593e-03, 5.94883983e-04, 1.18976797e-03,
       5.94883983e-04, 0., 0., 0., 5.94883983e-04, 6.54372387e-03,
       6.54372387e-03, 1.18976797e-03, 1.18976797e-03, 1.18976797e-03,
       2.37953593e-03, 1.18976797e-03, 0., 0., 1.18976797e-03,
       2.37953593e-03, 1.18976797e-03, 0., 5.94883983e-04, 0.,
       5.94883983e-04, 1.18976797e-03, 5.94883983e-04, 0., 0.,
