%YAML:1.0
m25n: !!opencv-matrix
   rows: 1
   cols: 800
   dt: f
   data: [ 1.10864744e-03, 5.54323720e-04, 6.09756075e-03,
       1.10864744e-03, 0., 5.54323720e-04, 0., 0., 0., 1.10864744e-03,
       2.77161854e-03, 2.77161854e-03, 0., 1.66297122e-03, 0.,
       1.66297122e-03, 6.65188488e-03, 0., 5.54323720e-04,
       1.10864744e-03, 0., 0., 0., 5.54323720e-04, 0., 5.54323720e-04,
       5.54323720e-04, 0., 5.54323720e-04, 1.10864744e-03,
       5.54323720e-04, 2.21729488e-03, 2.21729488e-03, 5.54323709e-03,
       3.88026610e-03, 0., 0., 1.44124171e-02, 1.66297122e-03,
       5.54323720e-04, 0., 1.10864744e-03, 5.54323720e-04,
       2.21729488e-03, 0., 5.54323720e-04, 0., 1.10864744e-03,
       2.77161854e-03, 0., 5.54323720e-04, 1.10864744e-03,
       1.10864744e-03, 5.54323720e-04, 0., 0., 5.54323720e-04,
       2.77161854e-03, 2.21729488e-03, 1.66297122e-03, 0., 0.,
       2.21729488e-03, 0., 0., 1.10864744e-03, 5.54323720e-04,
       1.10864744e-03, 0., 1.10864744e-03, 0., 2.77161854e-03,
       1.66297122e-03, 5.54323720e-04, 2.21729488e-03, 5.54323720e-04,
       4.43458976e-03, 0., 0., 0., 0., 1.10864744e-03, 0., 0.,
       1.33037698e-02, 0., 1.10864744e-03, 1.66297122e-03,
       3.32594244e-03, 0., 1.10864744e-03, 0., 0., 5.54323720e-04,
       1.66297122e-03, 0., 1.10864744e-03, 2.21729488e-03,
       4.43458976e-03, 3.32594244e-03, 1.66297122e-03, 3.32594244e-03,
       3.32594244e-03, 1.10864744e-03, 4.43458976e-03, 0.,
       1.66297122e-03, 0., 1.10864744e-03, 5.54323720e-04,
       1.66297122e-03, 0., 3.88026610e-03, 0., 0., 0., 5.54323720e-04,
       5.54323720e-04, 5.54323720e-04, 0., 5.54323720e-04,
       5.54323720e-04, 1.66297122e-03, 3.32594244e-03, 1.10864744e-03,
       1.10864744e-03, 0., 0., 2.21729488e-03, 2.21729483e-02, 0.,
       5.54323720e-04, 5.54323720e-04, 5.54323720e-04, 0.,
       2.21729488e-03, 1.66297122e-03, 5.54323720e-04, 0.,
       5.54323720e-04, 0., 1.10864744e-03, 0., 2.21729488e-03, 0., 0.,
       5.54323720e-04, 1.10864744e-03, 0., 0., 0., 0., 0.,
       1.10864744e-03, 1.10864744e-03, 3.32594244e-03, 1.66297122e-03,
       2.21729488e-03, 0., 1.10864744e-03, 0., 2.77161854e-03, 0., 0.,
       1.66297122e-03, 1.66297122e-03, 0., 3.88026610e-03,
       1.10864744e-03, 4.43458976e-03, 0., 0., 2.77161854e-03,
       1.10864744e-03, 1.10864744e-03, 0., 0., 5.54323720e-04,
       5.54323720e-04, 5.54323720e-04, 5.54323720e-04, 0.,
       4.43458976e-03, 5.54323720e-04, 5.54323720e-04, 0.,
       4.43458976e-03, 0., 1.66297122e-03, 3.32594244e-03, 0., 0., 0.,
       2.21729488e-03, 0., 0., 0., 3.32594244e-03, 1.33037698e-02, 0.,
       1.33037698e-02, 1.10864744e-03, 1.66297122e-03, 0.,
       1.10864744e-03, 0., 2.21729488e-03, 1.10864744e-03, 0.,
       3.32594244e-03, 5.54323720e-04, 3.32594244e-03, 0., 0.,
       5.54323720e-04, 5.54323720e-04, 5.54323720e-04, 7.76053220e-03,
       5.54323720e-04, 5.54323720e-04, 5.54323720e-04, 0.,
       7.76053220e-03, 6.65188488e-03, 1.10864744e-03, 0., 0.,
       5.54323720e-04, 7.76053220e-03, 3.88026610e-03, 5.54323720e-04,
       1.10864744e-03, 0., 2.21729488e-03, 5.54323720e-04,
       1.10864744e-03, 0., 1.10864744e-03, 0., 0., 3.32594244e-03, 0.,
       1.10864744e-03, 0., 1.10864744e-03, 8.86917952e-03,
       1.66297122e-03, 5.54323720e-04, 0., 3.88026610e-03, 0., 0.,
       1.10864744e-03, 5.54323720e-04, 0., 5.54323720e-04, 0., 0.,
       5.54323720e-04, 0., 1.66297122e-03, 0., 3.32594244e-03, 0., 0.,
       1.77383590e-02, 0., 5.54323720e-04, 5.54323720e-04,
       5.54323720e-04, 1.10864744e-03, 0., 6.09756075e-03,
       1.66297122e-03, 1.66297122e-03, 5.54323720e-04, 0.,
       1.66297122e-03, 0., 5.54323720e-04, 0., 0., 5.54323720e-04, 0.,
       1.10864742e-02, 0., 5.54323720e-04, 2.77161854e-03,
       5.54323720e-04, 5.54323720e-04, 0., 0., 5.54323720e-04,
       6.65188488e-03, 5.54323720e-04, 6.65188488e-03, 1.10864744e-03,
       1.10864744e-03, 2.77161854e-03, 5.54323720e-04, 1.66297122e-03,
       0., 0., 1.10864744e-03, 5.54323720e-04, 0., 1.10864744e-03,
       1.10864744e-03, 5.54323720e-04, 0., 0., 1.10864744e-03,
       5.54323720e-04, 5.54323720e-04, 3.32594244e-03, 1.10864744e-03,
       0., 2.21729488e-03, 3.88026610e-03, 0., 1.66297122e-03,
       1.10864744e-03, 5.54323720e-04, 5.54323720e-04, 1.10864744e-03,
       1.10864744e-03, 1.66297122e-03, 0., 0., 6.09756075e-03,
       1.10864744e-03, 5.54323720e-04, 1.10864744e-03, 5.54323720e-04,
       1.10864744e-03, 1.05321510e-02, 1.10864744e-03, 5.54323720e-04,
       5.54323720e-04, 5.54323720e-04, 5.54323720e-04, 1.10864744e-03,
       5.54323720e-04, 5.54323720e-04, 1.66297122e-03, 1.66297122e-03,
       1.66297122e-03, 2.77161854e-03, 5.54323720e-04, 5.54323720e-04,
       0., 5.54323720e-04, 1.66297122e-03, 2.21729488e-03,
       1.10864744e-03, 1.66297122e-03, 1.10864744e-03, 0.,
       1.66297122e-03, 1.66297122e-03, 2.21729488e-03, 5.54323720e-04,
       5.54323720e-04, 1.66297122e-03, 0., 1.66297122e-03,
       2.21729488e-03, 0., 0., 1.66297122e-03, 5.54323720e-04,
       5.54323720e-04, 0., 0., 0., 2.21729488e-03, 5.54323720e-04,
       1.10864744e-03, 0., 4.43458976e-03, 1.10864744e-03,
       1.10864744e-03, 1.10864744e-03, 0., 5.54323720e-04,
       2.21729488e-03, 1.10864744e-03, 5.54323720e-04, 0.,
       2.21729488e-03, 5.54323720e-04, 1.10864744e-03, 0.,
       1.66297122e-03, 0., 0., 0., 5.54323720e-04, 5.54323720e-04, 0.,
       1.66297122e-03, 0., 5.54323720e-04, 5.54323720e-04,
       1.10864744e-03, 0., 1.66297122e-03, 0., 2.77161854e-03, 0., 0.,
       0., 5.54323720e-04, 2.21729488e-03, 1.10864744e-03,
       5.54323720e-04, 1.10864744e-03, 0., 1.66297122e-03, 0., 0.,
       2.77161854e-03, 1.10864744e-03, 0., 1.10864744e-03,
       2.77161854e-03, 1.10864744e-03, 5.54323720e-04, 5.54323720e-04,
       5.54323720e-04, 1.10864744e-03, 3.88026610e-03, 1.10864744e-03,
       5.54323720e-04, 0., 1.10864744e-03, 2.21729488e-03, 0.,
       5.54323720e-04, 5.54323720e-04, 5.54323720e-04, 5.54323720e-04,
       1.10864744e-03, 3.32594244e-03, 2.77161854e-03, 5.54323720e-04,
       0., 1.10864744e-03, 1.10864744e-03, 2.21729488e-03,
       1.10864744e-03, 0., 4.98891342e-03, 0., 5.54323720e-04,
       4.43458976e-03, 1.10864744e-03, 0., 5.54323720e-04,
       5.54323720e-04, 0., 0., 0., 1.10864744e-03, 5.54323720e-04,
       5.54323720e-04, 0., 0., 2.21729488e-03, 0., 0., 1.10864744e-03,
       1.66297122e-03, 1.10864744e-03, 1.10864744e-03, 5.54323720e-04,
       1.10864744e-03, 5.54323720e-04, 5.54323720e-04, 0.,
       5.54323720e-04, 0., 2.77161854e-03, 0., 0., 1.10864744e-03,
       5.54323720e-04, 4.43458976e-03, 5.54323720e-04, 1.10864744e-03,
       5.54323720e-04, 0., 0., 1.10864744e-03, 0., 0., 1.10864744e-03,
       5.54323720e-04, 5.54323720e-04, 3.88026610e-03, 5.54323720e-04,
       5.54323720e-04, 1.10864744e-03, 1.66297122e-03, 5.54323720e-04,
       0., 1.10864744e-03, 5.54323720e-04, 1.66297122e-03,
       8.31485540e-03, 5.54323720e-04, 5.54323720e-04, 5.54323720e-04,
       2.21729488e-03, 1.10864744e-03, 5.54323720e-04, 0.,
       1.10864744e-03, 0., 0., 0., 0., 5.54323720e-04, 5.54323720e-04,
       1.10864744e-03, 1.10864744e-03, 0., 1.66297122e-03,
       1.10864742e-02, 5.54323720e-04, 2.77161854e-03, 2.21729488e-03,
       1.10864744e-03, 0., 2.21729488e-03, 0., 0., 2.77161854e-03, 0.,
       0., 5.54323720e-04, 5.54323720e-04, 2.21729488e-03,
       1.66297122e-03, 2.77161854e-03, 0., 0., 5.54323720e-04, 0.,
       5.54323720e-04, 5.54323720e-04, 0., 2.77161854e-03,
       2.77161854e-03, 5.54323720e-04, 5.54323720e-04, 1.10864744e-03,
       0., 0., 5.54323720e-04, 0., 5.54323720e-04, 3.32594244e-03, 0.,
       0., 1.66297122e-03, 0., 0., 2.21729488e-03, 1.10864744e-03,
       5.54323720e-04, 0., 0., 1.10864744e-03, 0., 0., 5.54323720e-04,
       5.54323720e-04, 5.54323720e-04, 0., 5.54323720e-04,
       1.10864744e-03, 0., 1.10864744e-03, 5.54323720e-04,
       1.10864744e-03, 0., 5.54323720e-04, 0., 3.32594244e-03,
