%YAML:1.0
m25n: !!opencv-matrix
   rows: 1
   cols: 800
   dt: f
   data: [ 0., 5.94883983e-04, 1.78465201e-03, 0., 5.94883983e-04,
       5.94883983e-04, 2.97441985e-03, 6.54372387e-03, 2.37953593e-03,
       0., 5.94883983e-04, 1.18976797e-03, 1.18976797e-03,
       5.94883983e-04, 1.18976797e-03, 4.16418770e-03, 5.94883983e-04,
       0., 0., 5.94883983e-04, 5.94883983e-04, 1.18976797e-03, 0.,
       6.54372387e-03, 1.78465201e-03, 1.18976797e-03, 5.94883983e-04,
       2.37953593e-03, 0., 1.78465201e-03, 1.01130279e-02,
       1.78465201e-03, 1.01130279e-02, 5.94883983e-04, 0., 0.,
       1.78465201e-03, 5.94883983e-04, 1.18976797e-03, 5.94883983e-04,
       1.18976797e-03, 1.78465201e-03, 0., 3.56930401e-03,
       5.94883983e-04, 0., 0., 5.94883983e-04, 0., 1.18976797e-03, 0.,
       1.18976797e-03, 2.97441985e-03, 1.78465201e-03, 1.18976797e-03,
       8.92325956e-03, 1.78465201e-03, 5.94883983e-04, 0., 0., 0.,
       1.18976797e-03, 3.56930401e-03, 0., 0., 1.78465201e-03,
       2.97441985e-03, 1.78465201e-03, 5.94883983e-04, 1.78465201e-03,
       1.18976797e-03, 1.78465201e-03, 0., 1.78465201e-03, 0.,
       5.35395602e-03, 3.56930401e-03, 1.78465201e-03, 5.94883983e-04,
       2.14158241e-02, 0., 4.16418770e-03, 0., 0., 4.16418770e-03, 0.,
       5.94883983e-04, 5.94883983e-04, 0., 2.32004747e-02,
       1.78465201e-03, 0., 0., 1.18976797e-03, 0., 0., 1.78465201e-03,
       1.18976797e-03, 5.94883983e-04, 0., 0., 2.37953593e-03, 0., 0.,
       5.94883983e-04, 5.94883983e-04, 0., 0., 0., 5.94883983e-04,
       5.94883983e-04, 5.94883983e-04, 5.94883983e-04, 5.94883983e-04,
       5.94883983e-04, 6.54372387e-03, 0., 4.16418770e-03, 0.,
       7.73349172e-03, 0., 0., 0., 1.18976797e-03, 5.94883983e-04,
       5.94883983e-04, 0., 2.37953593e-03, 1.18976797e-03,
       2.37953593e-03, 1.78465201e-03, 5.94883983e-04, 5.94883983e-04,
       0., 5.94883983e-04, 5.94883983e-04, 0., 5.94883983e-04,
       5.94883983e-04, 0., 1.18976797e-03, 2.37953593e-03,
       2.37953593e-03, 1.78465201e-03, 5.94883983e-04, 0., 0.,
       4.75907186e-03, 5.94883983e-04, 2.37953593e-03, 5.94883983e-04,
       1.78465201e-03, 1.78465201e-03, 2.97441985e-03, 0., 0.,
       1.18976797e-03, 2.37953593e-03, 0., 2.37953593e-03,
       1.18976794e-02, 0., 2.97441985e-03, 0., 0., 0., 0., 0.,
       2.37953593e-03, 5.94883983e-04, 1.18976797e-03, 5.94883983e-04,
       0., 5.94883983e-04, 5.94883983e-04, 5.94883983e-04,
       5.94883983e-04, 4.16418770e-03, 3.56930401e-03, 2.37953593e-03,
       5.94883983e-04, 0., 2.37953593e-03, 2.37953593e-03,
       5.94883983e-04, 3.56930401e-03, 0., 0., 0., 0., 0., 0.,
       1.78465201e-03, 0., 0., 0., 5.94883983e-04, 5.94883983e-04,
       5.94883983e-04, 5.94883983e-04, 0., 2.37953593e-03,
       1.18976797e-03, 0., 0., 1.18976797e-03, 5.94883983e-04,
       1.18976797e-03, 1.18976797e-03, 5.94883983e-04, 0.,
       4.16418770e-03, 2.37953593e-03, 1.78465201e-03, 0., 0.,
       1.18976797e-03, 0., 2.97441985e-03, 0., 5.94883983e-04,
       1.78465201e-03, 1.18976797e-03, 5.94883983e-04, 0.,
       1.18976797e-03, 1.18976797e-03, 0., 5.94883983e-04, 0.,
       1.18976797e-03, 0., 5.94883983e-04, 5.94883983e-04,
       5.94883983e-04, 0., 0., 0., 5.94883983e-04, 5.94883983e-04, 0.,
       0., 0., 0., 5.94883983e-04, 4.75907186e-03, 4.75907186e-03,
       5.94883983e-04, 1.78465201e-03, 0., 0., 0., 0., 1.18976797e-03,
       0., 0., 1.18976797e-03, 5.94883983e-04, 5.94883983e-04, 0., 0.,
       2.97441985e-03, 0., 2.97441985e-03, 5.94883983e-04, 0.,
       4.16418770e-03, 0., 1.18976797e-03, 5.94883983e-04,
       1.78465201e-03, 5.94883983e-04, 5.94883983e-04, 0., 0., 0., 0.,
       5.94883983e-04, 1.18976797e-03, 5.94883983e-04, 0., 0., 0.,
       7.73349172e-03, 1.18976797e-03, 3.56930401e-03, 3.56930401e-03,
       5.94883983e-04, 1.18976797e-03, 0., 1.18976797e-03,
       5.94883983e-04, 1.78465201e-03, 0., 2.97441985e-03,
       1.18976797e-03, 1.18976797e-03, 0., 5.94883983e-04,
       3.56930401e-03, 2.37953593e-03, 5.94883983e-04, 0.,
       1.18976797e-03, 1.18976797e-03, 5.94883983e-04, 1.66567508e-02,
       2.97441985e-03, 1.13027953e-02, 5.94883983e-04, 0., 0., 0.,
       5.94883983e-04, 5.94883983e-04, 5.94883983e-04, 5.94883983e-04,
       4.16418770e-03, 1.18976797e-03, 0., 0., 0., 1.18976797e-03, 0.,
       0., 2.97441985e-03, 0., 5.94883983e-04, 0., 5.94883983e-04, 0.,
       0., 0., 1.18976797e-03, 1.18976797e-03, 1.18976797e-03,
       8.92325956e-03, 1.18976797e-03, 0., 1.18976797e-03, 0., 0., 0.,
       5.94883983e-04, 1.18976797e-03, 5.94883983e-04, 0.,
       2.37953593e-03, 1.18976797e-03, 1.18976797e-03, 1.18976797e-03,
       5.94883983e-04, 0., 0., 3.56930401e-03, 3.56930401e-03,
       1.78465201e-03, 0., 2.97441985e-03, 2.37953593e-03,
       1.18976797e-03, 0., 1.78465201e-03, 2.97441985e-03,
       1.18976797e-03, 2.37953593e-03, 1.18976797e-03, 0., 0., 0.,
       2.37953593e-03, 0., 1.78465201e-03, 1.18976797e-03, 0.,
       1.18976797e-03, 1.18976797e-03, 0., 5.94883983e-04, 0.,
       5.94883983e-04, 3.56930401e-03, 2.37953593e-03, 5.94883983e-04,
       0., 0., 0., 1.18976797e-03, 0., 0., 5.94883983e-04, 0.,
       4.75907186e-03, 2.37953593e-03, 1.78465201e-03, 1.18976797e-03,
       2.37953593e-03, 1.18976797e-03, 0., 0., 0., 0., 0.,
       5.94883983e-04, 5.94883983e-04, 0., 0., 1.18976797e-03, 0.,
       1.78465201e-03, 1.30874477e-02, 1.18976797e-03, 5.94883983e-04,
       0., 5.94883983e-04, 5.94883983e-04, 5.94883983e-04,
       5.94883983e-04, 0., 2.97441985e-03, 0., 5.94883983e-04,
       5.94883983e-04, 0., 3.56930401e-03, 0., 1.78465201e-03,
       5.94883983e-04, 0., 1.18976797e-03, 2.97441985e-03,
       5.94883983e-04, 5.94883983e-04, 3.56930401e-03, 1.18976797e-03,
       5.35395602e-03, 5.94883983e-04, 1.18976797e-03, 1.18976797e-03,
       0., 1.18976797e-03, 0., 0., 5.94883983e-04, 1.18976797e-03,
       1.78465201e-03, 2.37953593e-03, 0., 0., 5.94883983e-04,
       4.16418770e-03, 1.18976797e-03, 5.94883971e-03, 4.75907186e-03,
       5.94883983e-04, 0., 5.94883983e-04, 1.18976797e-03, 0.,
       5.94883983e-04, 5.94883983e-04, 1.18976797e-03, 5.94883983e-04,
       0., 0., 1.18976797e-03, 2.97441985e-03, 5.94883983e-04, 0., 0.,
       1.78465201e-03, 0., 5.94883983e-04, 2.37953593e-03,
       2.37953593e-03, 0., 0., 1.18976797e-03, 0., 0., 5.35395602e-03,
       0., 0., 5.94883983e-04, 0., 0., 1.18976797e-03, 5.94883983e-04,
       5.94883983e-04, 1.18976797e-03, 1.18976797e-03, 0., 0.,
       1.78465201e-03, 5.94883983e-04, 1.78465201e-03, 0.,
       5.94883983e-04, 1.78465201e-03, 0., 2.97441985e-03, 0.,
       5.94883983e-04, 3.56930401e-03, 1.78465201e-03, 9.51814372e-03,
       1.78465201e-03, 5.94883983e-04, 3.56930401e-03, 1.18976797e-03,
       0., 1.01130279e-02, 1.18976797e-03, 0., 0., 0., 0.,
       7.13860802e-03, 2.37953593e-03, 6.54372387e-03, 0.,
       2.97441985e-03, 5.94883983e-04, 8.92325956e-03, 5.94883983e-04,
       0., 5.94883983e-04, 0., 0., 1.18976797e-03, 0., 5.94883983e-04,
       0., 4.75907186e-03, 1.18976797e-03, 2.37953593e-03, 0.,
       1.18976797e-03, 0., 0., 1.78465201e-03, 5.94883983e-04,
       5.94883983e-04, 1.18976797e-03, 1.18976797e-03, 1.78465201e-03,
       5.94883983e-04, 5.94883983e-04, 5.94883983e-04, 0., 0.,
       1.78465201e-03, 0., 0., 4.16418770e-03, 1.78465201e-03, 0.,
       5.94883983e-04, 1.78465201e-03, 0., 0., 5.94883983e-04,
       1.18976797e-03, 0., 0., 2.37953593e-03, 1.18976797e-03,
       4.75907186e-03, 1.18976797e-03, 5.94883983e-04, 0.,
       5.94883983e-04, 0., 0., 5.94883983e-04, 3.56930401e-03,
       5.94883983e-04, 2.97441985e-03, 0., 0., 0., 0., 1.18976797e-03,
       0., 2.37953593e-03, 5.94883983e-04, 0., 5.94883983e-04,
       3.56930401e-03, 5.94883983e-04, 0., 7.13860802e-03,
       2.67697796e-02, 5.94883983e-04, 5.94883983e-04, 5.94883983e-04,
       0., 5.94883983e-04, 0., 1.78465201e-03, 0., 1.18976797e-03,
       5.94883983e-04, 0., 0., 0., 0., 1.18976797e-03, 0.,
