%YAML:1.0
m25n: !!opencv-matrix
   rows: 1
   cols: 800
   dt: f
   data: [ 0., 0., 1.50772708e-03, 7.53863540e-04, 7.53863540e-04, 0.,
       3.76931770e-04, 0., 3.76931770e-04, 3.76931770e-04,
       5.27704461e-03, 1.50772708e-03, 0., 3.76931764e-03, 0.,
       2.26159068e-03, 2.26159068e-03, 3.76931770e-04, 1.13079534e-03,
       2.26159068e-03, 3.76931770e-04, 3.76931764e-03, 7.53863540e-04,
       1.50772708e-03, 0., 1.50772708e-03, 1.88465882e-03,
       3.01545416e-03, 5.27704461e-03, 2.63852230e-03, 1.13079534e-03,
       3.76931770e-04, 3.01545416e-03, 7.53863540e-04, 3.76931770e-04,
       1.50772708e-03, 3.76931770e-04, 7.53863540e-04, 1.50772708e-03,
       1.13079534e-03, 7.53863540e-04, 2.26159068e-03, 3.76931770e-04,
       0., 2.26159068e-03, 2.26159068e-03, 0., 3.01545416e-03, 0., 0.,
       3.76931770e-04, 2.26159068e-03, 1.13079534e-03, 3.76931770e-04,
       1.13079534e-03, 1.13079534e-03, 0., 2.63852230e-03,
       2.26159068e-03, 0., 3.76931770e-04, 0., 2.63852230e-03,
       3.76931770e-04, 1.88465882e-03, 0., 3.39238602e-03,
       7.53863540e-04, 3.76931770e-04, 3.76931770e-04, 3.76931764e-03,
       1.13079534e-03, 0., 3.76931764e-03, 7.53863540e-04,
       1.13079534e-03, 3.76931770e-04, 0., 2.26159068e-03,
       7.53863540e-04, 7.53863540e-04, 1.50772708e-03, 2.26159068e-03,
       1.13079534e-03, 1.50772708e-03, 1.50772708e-03, 3.76931770e-04,
       2.26159068e-03, 4.52318136e-03, 1.13079534e-03, 7.53863540e-04,
       3.76931770e-04, 0., 0., 1.50772708e-03, 3.76931770e-04,
       3.76931770e-04, 3.01545416e-03, 1.50772708e-03, 2.26159068e-03,
       7.53863540e-04, 0., 0., 3.76931770e-04, 0., 4.14624950e-03,
       4.90011321e-03, 7.53863540e-04, 1.50772708e-03, 1.50772708e-03,
       1.13079534e-03, 2.26159068e-03, 7.53863528e-03, 3.76931770e-04,
       3.76931764e-03, 1.13079534e-03, 0., 7.53863540e-04,
       7.53863540e-04, 0., 3.76931770e-04, 2.26159068e-03, 0.,
       1.13079534e-03, 3.76931770e-04, 2.26159068e-03, 1.88465882e-03,
       7.53863540e-04, 3.01545416e-03, 1.50772708e-03, 3.76931770e-04,
       1.13079534e-03, 3.01545416e-03, 3.76931770e-04, 1.88465882e-03,
       0., 3.76931770e-04, 3.76931770e-04, 1.88465882e-03,
       1.13079534e-03, 2.63852230e-03, 7.53863540e-04, 3.76931770e-04,
       2.26159068e-03, 3.76931770e-04, 0., 0., 1.13079534e-03, 0.,
       1.13079534e-03, 1.13079534e-03, 3.76931770e-04, 2.63852230e-03,
       1.13079534e-03, 1.13079534e-03, 0., 0., 2.26159068e-03,
       3.76931770e-04, 3.01545416e-03, 0., 4.52318136e-03,
       7.53863540e-04, 1.50772708e-03, 7.53863540e-04, 3.76931770e-04,
       1.13079534e-03, 1.13079534e-03, 0., 0., 1.13079534e-03,
       1.13079534e-03, 1.50772708e-03, 3.76931770e-04, 0., 0.,
       3.76931770e-04, 1.13079534e-03, 4.52318136e-03, 0., 0.,
       7.16170343e-03, 3.76931770e-04, 1.13079534e-03, 1.13079534e-03,
       0., 0., 1.50772708e-03, 0., 7.53863540e-04, 0., 1.88465882e-03,
       7.53863540e-04, 0., 2.63852230e-03, 1.13079534e-03,
       1.50772708e-03, 1.50772708e-03, 7.53863540e-04, 1.13079534e-03,
       7.53863528e-03, 7.53863540e-04, 3.39238602e-03, 1.50772708e-03,
       0., 1.13079534e-03, 7.53863540e-04, 1.13079534e-03,
       7.53863540e-04, 0., 3.76931764e-03, 1.88465882e-03, 0.,
       7.53863540e-04, 2.63852230e-03, 3.76931770e-04, 2.26159068e-03,
       1.88465882e-03, 1.13079534e-03, 1.88465882e-03, 1.13079534e-03,
       1.88465882e-03, 2.63852230e-03, 1.88465882e-03, 1.13079534e-03,
       0., 3.39238602e-03, 1.88465882e-03, 3.76931770e-04,
       1.13079534e-03, 1.88465882e-03, 1.88465882e-03, 1.88465882e-03,
       1.13079534e-03, 1.13079534e-03, 1.13079534e-03, 3.39238602e-03,
       3.01545416e-03, 1.88465882e-03, 4.90011321e-03, 1.13079534e-03,
       0., 7.53863540e-04, 1.88465882e-03, 0., 7.53863540e-04,
       2.26159068e-03, 3.39238602e-03, 0., 3.39238602e-03,
       3.76931764e-03, 2.26159068e-03, 3.76931770e-04, 3.76931770e-04,
       3.76931770e-04, 1.88465882e-03, 3.39238602e-03, 1.88465882e-03,
       3.76931764e-03, 4.90011321e-03, 1.50772708e-03, 1.50772708e-03,
       7.53863540e-04, 0., 0., 1.13079534e-03, 1.50772708e-03,
       3.76931770e-04, 0., 1.13079534e-03, 3.39238602e-03,
       1.50772708e-03, 0., 2.63852230e-03, 1.13079534e-03,
       1.88465882e-03, 7.53863540e-04, 3.76931770e-04, 1.50772708e-03,
       1.50772708e-03, 1.13079534e-03, 1.13079534e-03, 3.76931764e-03,
       2.26159068e-03, 1.13079534e-03, 2.26159068e-03, 7.53863540e-04,
       4.14624950e-03, 3.76931770e-04, 2.63852230e-03, 2.26159068e-03,
       3.76931770e-04, 1.13079534e-03, 1.13079534e-03, 1.50772708e-03,
       1.13079534e-03, 0., 1.13079534e-03, 2.63852230e-03, 0.,
       3.01545416e-03, 1.13079534e-03, 4.90011321e-03, 3.76931770e-04,
       3.76931770e-04, 0., 3.76931770e-04, 0., 3.39238602e-03,
       7.53863540e-04, 1.13079534e-03, 3.76931770e-04, 5.27704461e-03,
       3.76931770e-04, 3.76931770e-04, 1.50772708e-03, 1.88465882e-03,
       1.13079534e-03, 3.76931770e-04, 7.53863540e-04, 7.53863540e-04,
       1.88465882e-03, 1.88465882e-03, 7.53863540e-04, 1.13079534e-03,
       3.76931764e-03, 1.13079534e-03, 7.53863540e-04, 1.13079534e-03,
       1.50772708e-03, 1.13079534e-03, 0., 2.63852230e-03, 0.,
       3.76931770e-04, 1.50772708e-03, 3.76931770e-04, 0.,
       1.13079534e-03, 7.53863540e-04, 7.53863540e-04, 0.,
       7.53863540e-04, 2.63852230e-03, 1.13079534e-03, 1.13079534e-03,
       0., 1.13079534e-03, 0., 1.50772708e-03, 1.88465882e-03,
       2.26159068e-03, 3.76931770e-04, 3.76931770e-04, 3.76931770e-04,
       0., 3.76931764e-03, 1.13079534e-03, 0., 3.01545416e-03,
       1.13079534e-03, 1.13079534e-03, 7.53863540e-04, 7.53863540e-04,
       1.13079534e-03, 3.76931770e-04, 1.50772708e-03, 7.53863540e-04,
       1.13079534e-03, 3.76931770e-04, 5.65397646e-03, 1.13079534e-03,
       1.13079534e-03, 3.76931770e-04, 1.35695441e-02, 3.76931770e-04,
       0., 0., 7.53863540e-04, 1.50772708e-03, 0., 3.76931770e-04,
       1.13079534e-03, 3.76931770e-04, 0., 1.88465882e-03,
       1.13079534e-03, 0., 2.63852230e-03, 2.63852230e-03,
       7.53863540e-04, 7.53863540e-04, 7.53863540e-04, 2.26159068e-03,
       2.63852230e-03, 7.53863540e-04, 7.53863540e-04, 0.,
       4.14624950e-03, 1.88465882e-03, 0., 5.27704461e-03,
       1.50772708e-03, 1.13079534e-03, 1.88465882e-03, 3.76931770e-04,
       7.53863540e-04, 1.13079534e-03, 3.76931770e-04, 0.,
       3.76931770e-04, 7.53863540e-04, 3.76931770e-04, 4.14624950e-03,
       0., 1.88465882e-03, 3.76931770e-04, 1.13079534e-03, 0.,
       2.63852230e-03, 1.50772708e-03, 1.13079534e-03, 2.26159068e-03,
       0., 0., 3.76931770e-04, 1.88465882e-03, 3.76931770e-04, 0.,
       7.53863540e-04, 7.53863540e-04, 1.50772708e-03, 5.65397646e-03,
       3.76931770e-04, 1.13079534e-03, 2.26159068e-03, 3.76931770e-04,
       0., 1.50772708e-03, 3.76931770e-04, 3.01545416e-03,
       3.76931770e-04, 3.76931770e-04, 1.88465882e-03, 7.53863540e-04,
       3.76931770e-04, 0., 3.76931770e-04, 7.53863540e-04,
       7.53863540e-04, 2.26159068e-03, 3.76931770e-04, 7.53863540e-04,
       3.39238602e-03, 3.01545416e-03, 7.53863540e-04, 1.50772708e-03,
       1.88465882e-03, 1.50772708e-03, 1.50772708e-03, 7.53863540e-04,
       0., 7.53863540e-04, 3.76931770e-04, 1.88465882e-03,
       3.39238602e-03, 3.76931770e-04, 1.13079534e-03, 1.50772708e-03,
       1.50772708e-03, 7.53863540e-04, 0., 0., 1.88465882e-03, 0., 0.,
       7.53863540e-04, 3.76931770e-04, 7.53863540e-04, 2.26159068e-03,
       0., 3.76931770e-04, 1.13079534e-03, 1.13079534e-03, 0.,
       3.76931770e-04, 1.50772708e-03, 3.76931770e-04, 0.,
       1.50772708e-03, 7.53863540e-04, 7.53863540e-04, 0.,
       5.65397646e-03, 1.13079534e-03, 1.88465882e-03, 3.76931770e-04,
       3.76931770e-04, 3.01545416e-03, 3.76931770e-04, 3.76931770e-04,
       0., 3.76931764e-03, 3.76931770e-04, 1.50772708e-03,
       4.90011321e-03, 0., 1.50772708e-03, 7.53863540e-04,
