%YAML:1.0
m25n: !!opencv-matrix
   rows: 1
   cols: 800
   dt: f
   data: [ 0., 4.28816478e-04, 0., 4.28816478e-04, 3.43053183e-03,
       4.28816478e-04, 0., 4.28816478e-04, 1.28644938e-03,
       3.85934836e-03, 1.28644938e-03, 8.57632956e-04, 4.28816478e-04,
       1.71526591e-03, 0., 8.57632956e-04, 8.57632956e-04,
       4.28816478e-04, 0., 3.85934836e-03, 0., 1.28644938e-03, 0.,
       4.28816478e-04, 8.57632956e-04, 0., 4.28816490e-03,
       8.57632956e-04, 4.71698120e-03, 0., 1.28644938e-03,
       2.57289875e-03, 3.00171529e-03, 3.00171529e-03, 0.,
       4.28816478e-04, 8.57632956e-04, 1.28644938e-03, 3.43053183e-03,
       4.28816478e-04, 1.28644938e-03, 3.00171529e-03, 1.71526591e-03,
       2.14408245e-03, 1.28644938e-03, 3.00171529e-03, 4.28816478e-04,
       2.57289875e-03, 0., 0., 1.28644938e-03, 4.28816478e-04,
       3.43053183e-03, 0., 4.28816478e-04, 4.28816478e-04,
       1.71526591e-03, 8.57632956e-04, 2.14408245e-03, 8.57632956e-04,
       4.28816478e-04, 0., 1.71526591e-03, 1.71526591e-03,
       1.28644938e-03, 1.28644938e-03, 4.28816478e-04, 8.57632956e-04,
       8.57632956e-04, 0., 2.14408245e-03, 4.28816478e-04,
       8.57632956e-04, 1.71526591e-03, 1.71526591e-03, 8.57632956e-04,
       0., 8.57632956e-04, 1.28644938e-03, 4.28816478e-04, 0.,
       1.28644938e-03, 1.71526591e-03, 8.57632956e-04, 1.71526591e-03,
       1.71526591e-03, 1.28644938e-03, 8.57632956e-04, 1.28644938e-03,
       0., 4.28816478e-04, 8.57632956e-04, 8.57632956e-04,
       4.28816478e-04, 4.28816478e-04, 4.28816478e-04, 2.14408245e-03,
       2.14408245e-03, 2.57289875e-03, 2.14408245e-03, 1.71526591e-03,
       2.14408245e-03, 8.57632956e-04, 4.28816478e-04, 0.,
       3.00171529e-03, 8.57632956e-04, 2.14408245e-03, 4.28816478e-04,
       4.28816478e-04, 0., 1.28644938e-03, 1.28644938e-03,
       4.28816478e-04, 1.28644938e-03, 1.71526591e-03, 4.28816478e-04,
       4.28816478e-04, 2.57289875e-03, 1.28644938e-03, 0.,
       1.28644938e-03, 6.86106365e-03, 4.28816490e-03, 0.,
       8.57632956e-04, 0., 2.14408245e-03, 8.57632956e-04,
       8.57632956e-04, 1.71526591e-03, 1.28644938e-03, 3.00171529e-03,
       1.28644938e-03, 2.57289875e-03, 0., 2.14408245e-03, 0.,
       8.57632956e-04, 8.57632956e-04, 7.71869672e-03, 2.14408245e-03,
       8.57632956e-04, 1.71526591e-03, 4.28816478e-04, 2.57289875e-03,
       2.14408245e-03, 1.28644938e-03, 8.57632956e-04, 0.,
       1.71526591e-03, 4.28816478e-04, 4.28816478e-04, 2.14408245e-03,
       1.28644938e-03, 0., 4.28816478e-04, 1.71526591e-03,
       8.57632956e-04, 2.14408245e-03, 8.57632956e-04, 5.14579751e-03,
       1.28644938e-03, 8.57632956e-04, 0., 1.28644938e-03,
       4.28816478e-04, 2.57289875e-03, 8.57632956e-04, 4.28816478e-04,
       1.28644938e-03, 6.43224735e-03, 2.14408245e-03, 0.,
       8.57632956e-04, 0., 1.28644938e-03, 0., 5.14579751e-03, 0.,
       2.14408245e-03, 8.57632956e-04, 8.57632956e-04, 0.,
       2.14408245e-03, 0., 3.00171529e-03, 3.00171529e-03, 0.,
       3.85934836e-03, 8.57632956e-04, 8.57632956e-04, 3.00171529e-03,
       0., 2.14408245e-03, 8.57632956e-04, 4.28816478e-04, 0.,
       4.28816478e-04, 4.28816478e-04, 2.14408245e-03, 4.28816478e-04,
       8.57632956e-04, 8.57632956e-04, 8.57632956e-04, 1.71526591e-03,
       1.71526591e-03, 8.57632980e-03, 8.57632956e-04, 4.28816478e-04,
       2.14408245e-03, 2.14408245e-03, 0., 1.28644938e-03,
       4.28816478e-04, 0., 0., 4.28816478e-04, 1.71526591e-03,
       1.71526591e-03, 1.28644938e-03, 0., 4.28816478e-04,
       3.00171529e-03, 1.28644938e-03, 8.57632956e-04, 2.57289875e-03,
       2.14408245e-03, 8.57632956e-04, 2.57289875e-03, 1.28644938e-03,
       1.28644938e-03, 2.14408245e-03, 8.57632956e-04, 4.28816478e-04,
       2.57289875e-03, 1.28644938e-03, 2.14408245e-03, 1.71526591e-03,
       5.57461428e-03, 1.28644938e-03, 2.14408245e-03, 4.28816478e-04,
       3.85934836e-03, 4.28816478e-04, 4.28816478e-04, 3.43053183e-03,
       1.71526591e-03, 4.28816478e-04, 1.28644938e-03, 4.28816478e-04,
       1.28644938e-03, 2.57289875e-03, 4.28816478e-04, 1.28644938e-03,
       8.57632956e-04, 2.14408245e-03, 2.14408245e-03, 0.,
       4.71698120e-03, 3.00171529e-03, 1.28644938e-03, 4.28816478e-04,
       0., 1.71526591e-03, 1.28644938e-03, 4.28816478e-04,
       1.28644938e-03, 8.57632956e-04, 1.71526591e-03, 2.14408245e-03,
       4.28816478e-04, 4.28816478e-04, 4.28816478e-04, 0., 0.,
       2.57289875e-03, 0., 3.00171529e-03, 1.28644938e-03,
       2.57289875e-03, 4.28816478e-04, 1.71526591e-03, 1.28644938e-03,
       4.28816478e-04, 7.71869672e-03, 0., 6.43224735e-03, 0.,
       8.57632956e-04, 2.14408245e-03, 1.71526591e-03, 0.,
       1.71526591e-03, 4.28816478e-04, 2.57289875e-03, 8.57632956e-04,
       8.57632956e-04, 2.57289875e-03, 4.28816478e-04, 8.57632956e-04,
       1.28644938e-03, 1.28644938e-03, 2.57289875e-03, 2.57289875e-03,
       0., 0., 4.71698120e-03, 8.57632956e-04, 4.28816478e-04,
       3.00171529e-03, 4.28816478e-04, 1.71526591e-03, 4.28816478e-04,
       4.28816478e-04, 1.28644938e-03, 0., 1.28644938e-03,
       4.28816478e-04, 6.43224735e-03, 1.71526591e-03, 8.57632956e-04,
       1.28644938e-03, 2.14408245e-03, 1.28644938e-03, 8.57632956e-04,
       1.28644938e-03, 0., 4.28816478e-04, 2.14408245e-03,
       1.28644938e-03, 4.28816478e-04, 4.28816478e-04, 1.71526591e-03,
       8.57632956e-04, 8.57632956e-04, 1.28644938e-03, 4.28816478e-04,
       1.28644938e-03, 4.28816478e-04, 2.14408245e-03, 1.71526591e-03,
       8.57632956e-04, 1.71526591e-03, 4.28816478e-04, 8.57632956e-04,
       0., 2.14408245e-03, 1.28644938e-03, 3.43053183e-03,
       8.57632956e-04, 2.57289875e-03, 0., 2.14408245e-03,
       4.28816478e-04, 4.28816478e-04, 1.28644938e-03, 4.28816478e-04,
       2.57289875e-03, 4.28816478e-04, 2.14408245e-03, 3.00171529e-03,
       1.28644938e-03, 0., 0., 8.57632956e-04, 8.57632956e-04,
       4.28816478e-04, 3.00171529e-03, 2.57289875e-03, 3.85934836e-03,
       2.14408245e-03, 8.57632956e-04, 1.71526591e-03, 3.00171529e-03,
       4.28816478e-04, 0., 1.28644938e-03, 1.28644938e-03,
       1.28644938e-03, 0., 2.14408245e-03, 2.14408245e-03,
       8.57632956e-04, 0., 1.71526591e-03, 1.71526591e-03,
       2.14408245e-03, 4.28816478e-04, 1.71526591e-03, 2.57289875e-03,
       1.28644938e-03, 8.57632956e-04, 1.28644938e-03, 3.43053183e-03,
       1.28644938e-03, 1.28644938e-03, 4.28816478e-04, 1.28644938e-03,
       4.28816478e-04, 4.28816478e-04, 1.28644938e-03, 1.28644938e-03,
       8.57632956e-04, 2.14408245e-03, 1.28644938e-03, 1.28644938e-03,
       1.28644938e-03, 8.57632956e-04, 1.71526591e-03, 4.28816478e-04,
       2.14408245e-03, 1.28644938e-03, 3.00171529e-03, 4.28816478e-04,
       0., 4.28816478e-04, 4.28816478e-04, 1.28644938e-03,
       8.57632956e-04, 8.57632956e-04, 1.71526591e-03, 1.28644938e-03,
       1.28644938e-03, 1.28644938e-03, 4.28816478e-04, 4.28816478e-04,
       0., 8.57632956e-04, 3.00171529e-03, 4.28816478e-04,
       8.57632956e-04, 3.00171529e-03, 0., 4.28816478e-04,
       1.28644938e-03, 0., 8.57632956e-04, 4.28816478e-04,
       4.28816478e-04, 0., 8.57632956e-04, 1.71526591e-03,
       1.28644938e-03, 4.28816478e-04, 0., 4.28816478e-04,
       1.28644938e-03, 4.28816478e-04, 8.57632956e-04, 1.28644938e-03,
       1.71526591e-03, 4.28816478e-04, 3.00171529e-03, 1.28644938e-03,
       1.28644938e-03, 0., 4.28816478e-04, 2.57289875e-03,
       8.57632956e-04, 2.57289875e-03, 2.14408245e-03, 2.57289875e-03,
       1.28644938e-03, 8.57632956e-04, 1.71526591e-03, 4.28816478e-04,
       4.28816478e-04, 1.71526591e-03, 8.57632956e-04, 1.28644938e-03,
       2.57289875e-03, 1.71526591e-03, 2.57289875e-03, 8.57632956e-04,
       0., 0., 4.28816478e-04, 1.28644938e-03, 3.43053183e-03,
       8.57632956e-04, 4.28816478e-04, 2.14408245e-03, 0.,
       1.28644938e-03, 0., 1.71526591e-03, 8.57632956e-04,
       4.28816478e-04, 2.14408245e-03, 8.57632956e-04, 1.28644938e-03,
       2.14408245e-03, 3.43053183e-03, 8.57632956e-04, 2.57289875e-03,
