%YAML:1.0
m25n: !!opencv-matrix
   rows: 1
   cols: 800
   dt: f
   data: [ 1.30662019e-03, 8.71080148e-04, 2.61324039e-03,
       1.30662019e-03, 8.71080148e-04, 4.35540074e-04, 1.74216030e-03,
       1.30662019e-03, 8.71080148e-04, 3.04878061e-03, 1.30662019e-03,
       4.35540074e-04, 1.30662019e-03, 2.61324039e-03, 8.71080148e-04,
       1.30662019e-03, 1.74216030e-03, 0., 8.71080148e-04, 0.,
       2.61324039e-03, 1.30662019e-03, 2.61324039e-03, 8.71080148e-04,
       4.35540074e-04, 0., 2.17770040e-03, 2.61324039e-03,
       9.14634112e-03, 1.30662019e-03, 8.71080148e-04, 1.30662019e-03,
       4.79094079e-03, 1.74216030e-03, 8.71080148e-04, 1.30662019e-03,
       0., 1.30662019e-03, 2.61324039e-03, 0., 1.74216030e-03,
       4.35540074e-04, 8.71080148e-04, 1.74216030e-03, 1.30662019e-03,
       2.61324039e-03, 0., 1.30662019e-03, 4.35540074e-04, 0.,
       1.30662019e-03, 8.71080148e-04, 2.17770040e-03, 8.71080148e-04,
       2.61324039e-03, 4.35540074e-04, 2.17770040e-03, 1.74216030e-03,
       1.30662019e-03, 0., 2.17770040e-03, 1.74216030e-03, 0.,
       3.48432059e-03, 4.35540074e-04, 8.71080148e-04, 0.,
       8.71080148e-04, 8.71080148e-04, 4.35540074e-04, 8.71080148e-04,
       4.35540074e-04, 2.17770040e-03, 8.71080148e-04, 2.61324039e-03,
       4.35540074e-04, 4.35540074e-04, 0., 1.30662019e-03, 0.,
       8.71080148e-04, 4.35540074e-04, 8.71080148e-04, 2.61324039e-03,
       1.30662019e-03, 5.66202076e-03, 0., 2.61324039e-03,
       1.30662019e-03, 0., 0., 4.35540074e-04, 4.35540074e-04,
       1.30662019e-03, 4.35540074e-04, 8.71080148e-04, 1.30662019e-03,
       4.35540074e-04, 8.71080148e-04, 8.71080148e-04, 8.71080148e-04,
       2.61324039e-03, 4.35540074e-04, 4.35540074e-04, 8.71080148e-04,
       9.58188158e-03, 1.30662019e-03, 4.35540074e-04, 2.17770040e-03,
       1.30662019e-03, 1.74216030e-03, 0., 9.58188158e-03,
       8.71080148e-04, 1.74216030e-03, 4.35540074e-04, 3.48432059e-03,
       1.74216030e-03, 4.35540080e-03, 8.71080148e-04, 1.30662019e-03,
       1.30662019e-03, 5.22648077e-03, 4.35540074e-04, 8.71080148e-04,
       0., 8.71080148e-04, 3.91986081e-03, 3.48432059e-03,
       1.30662019e-03, 0., 1.30662019e-03, 4.35540074e-04,
       2.17770040e-03, 8.71080148e-04, 4.35540074e-04, 1.74216030e-03,
       4.35540074e-04, 0., 0., 2.17770040e-03, 4.35540074e-04,
       8.71080148e-04, 1.74216030e-03, 4.35540074e-04, 8.71080148e-04,
       1.74216030e-03, 2.61324039e-03, 0., 1.30662019e-03, 0.,
       8.71080148e-04, 1.74216030e-03, 2.61324039e-03, 4.35540074e-04,
       1.30662019e-03, 4.35540074e-04, 0., 1.74216030e-03,
       2.61324039e-03, 8.71080148e-04, 4.35540074e-04, 3.04878061e-03,
       1.74216030e-03, 4.35540074e-04, 0., 0., 1.30662019e-03,
       8.71080148e-04, 1.30662019e-03, 4.35540074e-04, 6.09756121e-03,
       2.17770040e-03, 2.17770040e-03, 8.71080148e-04, 0.,
       2.61324039e-03, 8.71080148e-04, 8.71080148e-04, 8.71080148e-04,
       8.71080148e-04, 3.04878061e-03, 8.71080148e-04, 0., 0.,
       4.35540074e-04, 2.17770040e-03, 4.35540074e-04, 0.,
       1.74216030e-03, 4.35540074e-04, 1.30662019e-03, 8.71080148e-04,
       0., 8.71080148e-04, 4.35540074e-04, 1.30662019e-03,
       4.35540074e-04, 1.30662019e-03, 8.71080148e-04, 1.30662019e-03,
       1.30662019e-03, 4.35540074e-04, 1.30662019e-03, 2.17770040e-03,
       8.71080148e-04, 3.04878061e-03, 8.71080148e-04, 2.61324039e-03,
       8.71080148e-04, 1.30662019e-03, 0., 4.35540074e-04, 0.,
       1.30662019e-03, 3.04878061e-03, 4.35540074e-04, 2.17770040e-03,
       1.30662019e-03, 1.30662019e-03, 0., 2.17770040e-03,
       4.35540074e-04, 8.71080148e-04, 0., 0., 2.17770040e-03,
       2.17770040e-03, 4.35540074e-04, 2.17770040e-03, 1.74216030e-03,
       8.71080148e-04, 2.17770040e-03, 0., 8.71080148e-04,
       4.35540074e-04, 2.17770040e-03, 8.71080148e-04, 0.,
       4.79094079e-03, 4.35540074e-04, 3.48432059e-03, 4.35540074e-04,
       4.35540074e-04, 4.35540074e-04, 0., 3.48432059e-03,
       1.74216030e-03, 4.35540074e-04, 4.35540074e-04, 1.74216030e-03,
       1.30662019e-03, 3.04878061e-03, 1.30662019e-03, 4.35540074e-04,
       4.35540074e-04, 2.61324039e-03, 1.74216030e-03, 1.74216030e-03,
       6.53310120e-03, 2.17770040e-03, 1.74216030e-03, 1.30662019e-03,
       8.71080148e-04, 2.17770040e-03, 2.17770040e-03, 4.35540080e-03,
       2.17770040e-03, 1.30662019e-03, 8.71080148e-04, 1.74216030e-03,
       1.30662019e-03, 2.17770040e-03, 8.71080148e-04, 0., 0.,
       4.35540074e-04, 4.35540074e-04, 1.74216030e-03, 2.61324039e-03,
       2.61324039e-03, 1.74216030e-03, 1.74216030e-03, 3.04878061e-03,
       2.17770040e-03, 3.48432059e-03, 1.30662019e-03, 1.30662019e-03,
       0., 0., 0., 1.74216030e-03, 0., 8.71080148e-04, 1.74216030e-03,
       4.35540074e-04, 8.71080148e-04, 1.30662019e-03, 0.,
       6.96864119e-03, 0., 1.30662019e-03, 3.48432059e-03,
       8.71080148e-04, 4.35540074e-04, 0., 1.30662019e-03,
       4.79094079e-03, 4.35540080e-03, 0., 2.17770040e-03,
       8.71080148e-04, 8.71080148e-04, 4.35540074e-04, 1.74216030e-03,
       9.14634112e-03, 3.48432059e-03, 2.17770040e-03, 1.30662019e-03,
       5.22648077e-03, 3.04878061e-03, 1.30662019e-03, 4.35540074e-04,
       8.71080148e-04, 0., 8.71080148e-04, 3.48432059e-03,
       8.71080148e-04, 1.30662019e-03, 8.71080148e-04, 8.71080148e-04,
       4.35540074e-04, 4.35540074e-04, 4.35540074e-04, 4.35540074e-04,
       2.17770040e-03, 1.30662019e-03, 2.17770040e-03, 4.35540074e-04,
       1.30662019e-03, 2.17770040e-03, 4.35540074e-04, 1.74216030e-03,
       8.71080148e-04, 2.17770040e-03, 1.30662019e-03, 4.35540074e-04,
       1.30662019e-03, 2.17770040e-03, 1.30662019e-03, 1.30662019e-03,
       1.30662019e-03, 0., 3.04878061e-03, 0., 4.35540074e-04,
       1.30662019e-03, 1.74216030e-03, 2.17770040e-03, 4.35540074e-04,
       2.61324039e-03, 1.30662019e-03, 1.74216030e-03, 4.35540074e-04,
       1.74216030e-03, 0., 0., 4.35540074e-04, 1.74216030e-03,
       4.35540074e-04, 3.04878061e-03, 3.04878061e-03, 0.,
       8.71080148e-04, 1.74216030e-03, 0., 1.30662019e-03,
       8.71080148e-04, 0., 2.17770040e-03, 1.74216030e-03, 0.,
       8.71080148e-04, 4.35540074e-04, 0., 1.74216030e-03,
       8.71080148e-04, 8.71080148e-04, 1.74216030e-03, 2.17770040e-03,
       4.35540074e-04, 8.71080148e-04, 4.79094079e-03, 8.71080148e-04,
       1.30662019e-03, 4.35540074e-04, 4.35540074e-04, 2.17770040e-03,
       1.74216030e-03, 8.71080148e-04, 4.35540074e-04, 2.61324039e-03,
       1.74216030e-03, 0., 0., 0., 0., 1.30662019e-03, 8.71080148e-04,
       1.74216030e-03, 0., 1.30662019e-03, 4.35540074e-04,
       2.17770040e-03, 1.30662019e-03, 8.71080148e-04, 4.35540074e-04,
       0., 3.91986081e-03, 4.35540074e-04, 0., 4.35540074e-04,
       1.30662019e-03, 4.35540074e-04, 4.35540074e-04, 0., 0.,
       1.30662019e-03, 4.35540074e-04, 4.35540074e-04, 8.71080148e-04,
       1.30662019e-03, 4.79094079e-03, 8.71080148e-04, 8.71080148e-04,
       1.30662019e-03, 4.35540074e-04, 4.35540074e-04, 8.71080148e-04,
       0., 2.61324039e-03, 1.30662019e-03, 8.71080148e-04,
       4.35540074e-04, 4.35540074e-04, 4.35540074e-04, 8.71080148e-04,
       2.17770040e-03, 8.71080148e-04, 8.71080148e-04, 8.71080148e-04,
       4.35540074e-04, 1.30662019e-03, 2.61324039e-03, 1.30662019e-03,
       0., 1.74216030e-03, 8.71080148e-04, 4.35540074e-04,
       4.35540074e-04, 0., 4.35540074e-04, 4.35540074e-04,
       1.30662019e-03, 4.35540074e-04, 3.04878061e-03, 8.71080148e-04,
       1.74216030e-03, 4.35540074e-04, 1.30662019e-03, 1.74216030e-03,
       1.30662019e-03, 0., 1.30662019e-03, 4.35540074e-04,
       1.30662019e-03, 8.71080148e-04, 2.17770040e-03, 0.,
       1.30662019e-03, 1.30662019e-03, 8.71080148e-04, 4.35540074e-04,
       0., 1.30662019e-03, 0., 0., 0., 0., 1.30662019e-03,
       2.17770040e-03, 4.35540074e-04, 1.30662019e-03, 1.74216030e-03,
       1.30662019e-03, 2.17770040e-03, 1.74216030e-03, 1.74216030e-03,
       2.61324039e-03, 4.35540074e-04, 1.30662019e-03, 0.,
