%YAML:1.0
m25n: !!opencv-matrix
   rows: 1
   cols: 800
   dt: f
   data: [ 0., 3.75516334e-04, 1.87758170e-03, 0., 1.87758170e-03, 0.,
       3.75516334e-04, 0., 7.51032669e-04, 3.75516334e-04,
       3.37964692e-03, 1.87758170e-03, 0., 3.37964692e-03, 0.,
       1.87758170e-03, 2.62861443e-03, 3.75516334e-04, 1.50206534e-03,
       1.87758170e-03, 3.75516334e-04, 2.62861443e-03, 1.50206534e-03,
       7.51032669e-04, 0., 1.50206534e-03, 1.87758170e-03,
       1.50206534e-03, 5.25722886e-03, 2.25309795e-03, 1.50206534e-03,
       1.50206534e-03, 2.25309795e-03, 1.12654897e-03, 3.75516334e-04,
       1.87758170e-03, 3.75516334e-04, 7.51032669e-04, 1.12654897e-03,
       7.51032669e-04, 3.75516334e-04, 1.87758170e-03, 0.,
       3.75516334e-04, 1.50206534e-03, 3.00413067e-03, 0.,
       3.37964692e-03, 3.75516334e-04, 0., 1.50206534e-03,
       1.12654897e-03, 1.12654897e-03, 3.75516334e-04, 7.51032669e-04,
       1.12654897e-03, 0., 3.37964692e-03, 2.62861443e-03,
       3.75516334e-04, 7.51032669e-04, 0., 2.62861443e-03,
       7.51032669e-04, 1.87758170e-03, 0., 2.62861443e-03,
       7.51032669e-04, 1.50206534e-03, 1.12654897e-03, 3.37964692e-03,
       7.51032669e-04, 0., 3.00413067e-03, 1.12654897e-03,
       1.50206534e-03, 0., 0., 2.62861443e-03, 3.75516334e-04,
       3.75516334e-04, 1.12654897e-03, 1.87758170e-03, 7.51032669e-04,
       1.50206534e-03, 1.12654897e-03, 3.75516334e-04, 2.25309795e-03,
       3.00413067e-03, 1.12654897e-03, 3.75516334e-04, 3.75516334e-04,
       0., 0., 7.51032669e-04, 7.51032669e-04, 3.75516334e-04,
       3.75516340e-03, 1.50206534e-03, 1.87758170e-03, 1.12654897e-03,
       0., 0., 3.75516334e-04, 3.75516334e-04, 3.37964692e-03,
       6.00826135e-03, 7.51032669e-04, 1.50206534e-03, 1.12654897e-03,
       1.12654897e-03, 1.87758170e-03, 7.88584258e-03, 3.75516334e-04,
       3.37964692e-03, 1.50206534e-03, 0., 3.75516334e-04,
       7.51032669e-04, 3.75516334e-04, 7.51032669e-04, 2.62861443e-03,
       0., 1.50206534e-03, 0., 1.87758170e-03, 1.12654897e-03,
       3.75516334e-04, 3.00413067e-03, 7.51032669e-04, 0.,
       1.50206534e-03, 3.37964692e-03, 0., 2.25309795e-03, 0.,
       1.12654897e-03, 3.75516334e-04, 3.75516334e-04, 1.12654897e-03,
       2.25309795e-03, 2.25309795e-03, 3.75516334e-04, 3.00413067e-03,
       1.12654897e-03, 0., 0., 1.50206534e-03, 0., 1.12654897e-03,
       1.12654897e-03, 7.51032669e-04, 1.50206534e-03, 1.12654897e-03,
       1.50206534e-03, 3.75516334e-04, 0., 1.12654897e-03,
       3.75516334e-04, 7.51032669e-04, 0., 3.37964692e-03,
       1.50206534e-03, 1.12654897e-03, 7.51032669e-04, 3.75516334e-04,
       1.12654897e-03, 7.51032669e-04, 3.75516334e-04, 0.,
       1.50206534e-03, 1.50206534e-03, 1.50206534e-03, 3.75516334e-04,
       0., 3.75516334e-04, 1.87758170e-03, 1.12654897e-03,
       4.88171214e-03, 0., 0., 7.13481056e-03, 7.51032669e-04,
       1.12654897e-03, 7.51032669e-04, 0., 3.75516334e-04,
       1.12654897e-03, 0., 7.51032669e-04, 0., 1.12654897e-03,
       1.12654897e-03, 3.75516334e-04, 3.37964692e-03, 1.50206534e-03,
       2.25309795e-03, 1.87758170e-03, 3.75516334e-04, 1.87758170e-03,
       6.38377760e-03, 3.75516334e-04, 3.37964692e-03, 1.12654897e-03,
       3.75516334e-04, 7.51032669e-04, 7.51032669e-04, 1.87758170e-03,
       7.51032669e-04, 0., 4.88171214e-03, 1.87758170e-03, 0.,
       1.12654897e-03, 2.62861443e-03, 0., 3.00413067e-03,
       3.75516334e-04, 1.12654897e-03, 1.50206534e-03, 1.87758170e-03,
       1.50206534e-03, 2.25309795e-03, 2.62861443e-03, 1.12654897e-03,
       0., 3.00413067e-03, 1.87758170e-03, 1.12654897e-03,
       1.12654897e-03, 2.25309795e-03, 1.50206534e-03, 1.87758170e-03,
       1.87758170e-03, 1.12654897e-03, 1.50206534e-03, 1.12654897e-03,
       3.00413067e-03, 1.87758170e-03, 5.25722886e-03, 1.12654897e-03,
       0., 3.75516334e-04, 2.62861443e-03, 0., 7.51032669e-04,
       7.51032669e-04, 2.25309795e-03, 3.75516334e-04, 4.88171214e-03,
       2.25309795e-03, 2.62861443e-03, 1.12654897e-03, 3.75516334e-04,
       7.51032669e-04, 1.50206534e-03, 4.50619590e-03, 2.62861443e-03,
       2.62861443e-03, 4.13067965e-03, 1.50206534e-03, 1.50206534e-03,
       7.51032669e-04, 0., 0., 7.51032669e-04, 1.12654897e-03,
       1.12654897e-03, 0., 2.62861443e-03, 3.37964692e-03,
       3.75516334e-04, 3.75516334e-04, 3.00413067e-03, 1.12654897e-03,
       2.25309795e-03, 1.12654897e-03, 3.75516334e-04, 7.51032669e-04,
       1.50206534e-03, 7.51032669e-04, 1.12654897e-03, 3.00413067e-03,
       2.25309795e-03, 1.87758170e-03, 2.62861443e-03, 7.51032669e-04,
       3.75516340e-03, 3.75516334e-04, 2.62861443e-03, 2.62861443e-03,
       3.75516334e-04, 7.51032669e-04, 1.12654897e-03, 2.25309795e-03,
       1.87758170e-03, 0., 7.51032669e-04, 1.87758170e-03, 0.,
       1.87758170e-03, 1.50206534e-03, 6.75929384e-03, 3.75516334e-04,
       3.75516334e-04, 0., 0., 3.75516334e-04, 2.62861443e-03,
       7.51032669e-04, 1.12654897e-03, 1.50206534e-03, 4.13067965e-03,
       3.75516334e-04, 3.75516334e-04, 1.87758170e-03, 2.62861443e-03,
       1.12654897e-03, 0., 7.51032669e-04, 1.12654897e-03,
       1.87758170e-03, 1.87758170e-03, 7.51032669e-04, 1.12654897e-03,
       3.37964692e-03, 1.50206534e-03, 7.51032669e-04, 1.12654897e-03,
       0., 1.50206534e-03, 0., 1.87758170e-03, 3.75516334e-04,
       1.12654897e-03, 1.12654897e-03, 3.75516334e-04, 0.,
       1.12654897e-03, 3.75516334e-04, 1.12654897e-03, 1.12654897e-03,
       1.50206534e-03, 1.50206534e-03, 1.87758170e-03, 1.87758170e-03,
       0., 3.75516334e-04, 0., 1.12654897e-03, 2.25309795e-03,
       1.12654897e-03, 7.51032669e-04, 2.62861443e-03, 3.75516334e-04,
       0., 2.62861443e-03, 1.50206534e-03, 7.51032669e-04,
       1.50206534e-03, 7.51032669e-04, 1.87758170e-03, 1.87758170e-03,
       3.75516334e-04, 1.12654897e-03, 7.51032669e-04, 7.51032669e-04,
       7.51032669e-04, 7.51032669e-04, 3.75516334e-04, 6.38377760e-03,
       1.50206534e-03, 1.12654897e-03, 3.75516334e-04, 1.46451369e-02,
       1.12654897e-03, 0., 0., 3.75516334e-04, 2.25309795e-03, 0.,
       3.75516334e-04, 1.87758170e-03, 1.12654897e-03, 0.,
       1.87758170e-03, 1.87758170e-03, 0., 2.62861443e-03,
       3.37964692e-03, 1.12654897e-03, 7.51032669e-04, 1.12654897e-03,
       1.12654897e-03, 2.62861443e-03, 3.75516334e-04, 3.75516334e-04,
       0., 2.25309795e-03, 1.50206534e-03, 3.75516334e-04,
       3.37964692e-03, 1.50206534e-03, 1.12654897e-03, 1.12654897e-03,
       3.75516334e-04, 3.75516334e-04, 2.25309795e-03, 3.75516334e-04,
       3.75516334e-04, 7.51032669e-04, 7.51032669e-04, 7.51032669e-04,
       3.75516340e-03, 0., 1.12654897e-03, 1.12654897e-03,
       1.12654897e-03, 3.75516334e-04, 3.75516340e-03, 1.50206534e-03,
       1.50206534e-03, 1.87758170e-03, 0., 3.75516334e-04, 0.,
       2.25309795e-03, 3.75516334e-04, 0., 3.75516334e-04,
       3.75516334e-04, 7.51032669e-04, 7.51032680e-03, 7.51032669e-04,
       1.87758170e-03, 3.00413067e-03, 3.75516334e-04, 0.,
       1.87758170e-03, 7.51032669e-04, 2.25309795e-03, 1.12654897e-03,
       1.50206534e-03, 7.51032669e-04, 1.12654897e-03, 7.51032669e-04,
       0., 1.12654897e-03, 7.51032669e-04, 1.12654897e-03,
       2.25309795e-03, 3.75516334e-04, 7.51032669e-04, 4.13067965e-03,
       1.50206534e-03, 7.51032669e-04, 1.50206534e-03, 1.50206534e-03,
       1.12654897e-03, 1.50206534e-03, 1.12654897e-03, 0.,
       3.75516334e-04, 0., 1.12654897e-03, 1.87758170e-03,
       3.75516334e-04, 3.75516334e-04, 7.51032669e-04, 1.12654897e-03,
       7.51032669e-04, 0., 0., 2.25309795e-03, 3.75516334e-04, 0.,
       3.75516334e-04, 0., 0., 2.62861443e-03, 3.75516334e-04,
       3.75516334e-04, 1.12654897e-03, 1.50206534e-03, 3.75516334e-04,
       3.75516334e-04, 1.50206534e-03, 0., 0., 1.87758170e-03,
       7.51032669e-04, 7.51032669e-04, 3.75516334e-04, 4.13067965e-03,
       1.50206534e-03, 1.50206534e-03, 3.75516334e-04, 3.75516334e-04,
       2.25309795e-03, 1.12654897e-03, 3.75516334e-04, 0.,
