%YAML:1.0
m25n: !!opencv-matrix
   rows: 1
   cols: 800
   dt: f
   data: [ 4.30107524e-04, 8.60215048e-04, 2.58064503e-03,
       2.15053768e-03, 2.58064503e-03, 4.30107524e-04, 1.72043010e-03,
       1.29032251e-03, 1.29032251e-03, 2.58064503e-03, 1.29032251e-03,
       8.60215048e-04, 4.30107524e-04, 3.87096778e-03, 8.60215048e-04,
       1.29032251e-03, 2.15053768e-03, 8.60215048e-04, 8.60215048e-04,
       4.30107524e-04, 2.15053768e-03, 1.72043010e-03, 8.60215048e-04,
       1.29032251e-03, 4.30107524e-04, 1.29032251e-03, 1.72043010e-03,
       3.01075261e-03, 7.74193555e-03, 2.15053768e-03, 8.60215048e-04,
       3.87096778e-03, 3.87096778e-03, 8.60215048e-04, 4.30107524e-04,
       1.72043010e-03, 0., 1.72043010e-03, 1.72043010e-03, 0.,
       2.15053768e-03, 8.60215048e-04, 0., 8.60215048e-04,
       2.58064503e-03, 2.58064503e-03, 0., 4.30107524e-04,
       4.30107524e-04, 0., 1.72043010e-03, 8.60215048e-04,
       2.58064503e-03, 4.30107524e-04, 2.58064503e-03, 0.,
       2.15053768e-03, 2.15053768e-03, 8.60215048e-04, 0.,
       1.72043010e-03, 1.72043010e-03, 4.30107524e-04, 2.15053768e-03,
       4.30107524e-04, 4.30107524e-04, 0., 8.60215048e-04,
       4.30107524e-04, 0., 8.60215048e-04, 8.60215048e-04,
       1.72043010e-03, 8.60215048e-04, 2.58064503e-03, 4.30107524e-04,
       0., 0., 8.60215048e-04, 0., 8.60215048e-04, 0., 0.,
       2.58064503e-03, 0., 5.16129006e-03, 4.30107524e-04,
       2.58064503e-03, 4.30107524e-04, 4.30107524e-04, 4.30107524e-04,
       4.30107524e-04, 8.60215048e-04, 1.72043010e-03, 8.60215048e-04,
       0., 0., 4.30107524e-04, 8.60215048e-04, 4.30107524e-04,
       8.60215048e-04, 2.15053768e-03, 4.30107524e-04, 4.30107524e-04,
       4.30107524e-04, 7.74193555e-03, 3.01075261e-03, 4.30107524e-04,
       4.30107524e-04, 8.60215048e-04, 1.29032251e-03, 4.30107524e-04,
       7.31182797e-03, 8.60215048e-04, 1.29032251e-03, 8.60215048e-04,
       3.44086019e-03, 2.15053768e-03, 3.44086019e-03, 4.30107524e-04,
       1.29032251e-03, 2.15053768e-03, 5.59139764e-03, 8.60215048e-04,
       0., 0., 8.60215048e-04, 3.44086019e-03, 3.87096778e-03,
       1.29032251e-03, 0., 1.29032251e-03, 8.60215048e-04,
       2.15053768e-03, 4.30107524e-04, 4.30107524e-04, 2.15053768e-03,
       0., 0., 0., 2.15053768e-03, 8.60215048e-04, 4.30107524e-04,
       2.58064503e-03, 4.30107524e-04, 8.60215048e-04, 1.29032251e-03,
       2.15053768e-03, 4.30107524e-04, 1.72043010e-03, 0.,
       8.60215048e-04, 1.29032251e-03, 2.15053768e-03, 4.30107524e-04,
       1.29032251e-03, 8.60215048e-04, 0., 1.72043010e-03,
       1.72043010e-03, 1.29032251e-03, 0., 3.87096778e-03,
       1.29032251e-03, 4.30107524e-04, 4.30107524e-04, 4.30107524e-04,
       8.60215048e-04, 1.29032251e-03, 4.30107524e-04, 1.29032251e-03,
       6.02150522e-03, 8.60215048e-04, 2.15053768e-03, 0., 0.,
       2.58064503e-03, 8.60215048e-04, 8.60215048e-04, 8.60215048e-04,
       1.29032251e-03, 2.58064503e-03, 8.60215048e-04, 0.,
       4.30107524e-04, 4.30107524e-04, 2.15053768e-03, 4.30107524e-04,
       0., 8.60215048e-04, 4.30107524e-04, 1.72043010e-03,
       1.29032251e-03, 0., 4.30107524e-04, 8.60215048e-04,
       1.29032251e-03, 1.72043010e-03, 1.72043010e-03, 0.,
       1.72043010e-03, 8.60215048e-04, 4.30107524e-04, 1.29032251e-03,
       2.15053768e-03, 8.60215048e-04, 3.44086019e-03, 0.,
       2.58064503e-03, 4.30107524e-04, 8.60215048e-04, 4.30107524e-04,
       8.60215048e-04, 4.30107524e-04, 8.60215048e-04, 2.15053768e-03,
       1.29032251e-03, 2.58064503e-03, 1.72043010e-03, 2.15053768e-03,
       4.30107524e-04, 8.60215048e-04, 0., 8.60215048e-04, 0.,
       4.30107524e-04, 1.72043010e-03, 1.29032251e-03, 4.30107524e-04,
       1.72043010e-03, 1.72043010e-03, 8.60215048e-04, 1.72043010e-03,
       4.30107524e-04, 1.29032251e-03, 4.30107524e-04, 3.01075261e-03,
       1.72043010e-03, 8.60215048e-04, 3.87096778e-03, 4.30107524e-04,
       2.58064503e-03, 8.60215048e-04, 8.60215048e-04, 4.30107524e-04,
       0., 1.72043010e-03, 1.72043010e-03, 4.30107524e-04,
       8.60215048e-04, 1.72043010e-03, 8.60215048e-04, 3.44086019e-03,
       8.60215048e-04, 4.30107524e-04, 4.30107524e-04, 1.29032251e-03,
       1.29032251e-03, 1.29032251e-03, 6.45161280e-03, 1.72043010e-03,
       4.30107524e-04, 8.60215048e-04, 1.29032251e-03, 8.60215048e-04,
       8.60215048e-04, 4.73118294e-03, 2.15053768e-03, 1.72043010e-03,
       2.58064503e-03, 1.29032251e-03, 1.29032251e-03, 1.72043010e-03,
       8.60215048e-04, 0., 8.60215048e-04, 8.60215048e-04,
       1.29032251e-03, 8.60215048e-04, 1.72043010e-03, 2.58064503e-03,
       1.72043010e-03, 1.72043010e-03, 2.58064503e-03, 8.60215048e-04,
       3.01075261e-03, 2.58064503e-03, 1.72043010e-03, 0.,
       8.60215048e-04, 1.72043010e-03, 2.15053768e-03, 4.30107524e-04,
       1.29032251e-03, 0., 4.30107524e-04, 8.60215048e-04,
       2.15053768e-03, 4.30107524e-04, 6.45161280e-03, 0.,
       1.29032251e-03, 3.44086019e-03, 2.15053768e-03, 8.60215048e-04,
       0., 1.29032251e-03, 4.30107536e-03, 5.59139764e-03,
       4.30107524e-04, 3.01075261e-03, 8.60215048e-04, 8.60215048e-04,
       4.30107524e-04, 2.15053768e-03, 7.74193555e-03, 3.44086019e-03,
       2.15053768e-03, 1.29032251e-03, 5.59139764e-03, 3.01075261e-03,
       2.15053768e-03, 8.60215048e-04, 8.60215048e-04, 4.30107524e-04,
       1.29032251e-03, 3.87096778e-03, 1.72043010e-03, 1.72043010e-03,
       1.72043010e-03, 8.60215048e-04, 4.30107524e-04, 0.,
       4.30107524e-04, 4.30107524e-04, 1.72043010e-03, 1.29032251e-03,
       1.72043010e-03, 1.29032251e-03, 1.29032251e-03, 2.15053768e-03,
       4.30107524e-04, 1.72043010e-03, 8.60215048e-04, 2.15053768e-03,
       2.15053768e-03, 8.60215048e-04, 1.29032251e-03, 1.29032251e-03,
       1.29032251e-03, 1.72043010e-03, 1.29032251e-03, 0.,
       2.58064503e-03, 4.30107524e-04, 8.60215048e-04, 8.60215048e-04,
       2.15053768e-03, 2.58064503e-03, 4.30107524e-04, 2.58064503e-03,
       8.60215048e-04, 1.29032251e-03, 4.30107524e-04, 1.72043010e-03,
       4.30107524e-04, 8.60215048e-04, 1.29032251e-03, 1.72043010e-03,
       4.30107524e-04, 2.58064503e-03, 3.01075261e-03, 0.,
       2.58064503e-03, 2.58064503e-03, 0., 1.72043010e-03,
       8.60215048e-04, 0., 1.72043010e-03, 1.29032251e-03,
       4.30107524e-04, 8.60215048e-04, 0., 0., 1.72043010e-03,
       8.60215048e-04, 8.60215048e-04, 2.15053768e-03, 1.72043010e-03,
       4.30107524e-04, 8.60215048e-04, 3.87096778e-03, 4.30107524e-04,
       8.60215048e-04, 8.60215048e-04, 8.60215048e-04, 1.29032251e-03,
       1.72043010e-03, 1.72043010e-03, 4.30107524e-04, 1.29032251e-03,
       2.15053768e-03, 0., 8.60215048e-04, 0., 4.30107524e-04,
       4.30107524e-04, 8.60215048e-04, 2.15053768e-03, 0.,
       8.60215048e-04, 1.29032251e-03, 2.15053768e-03, 1.29032251e-03,
       4.30107524e-04, 4.30107524e-04, 0., 5.16129006e-03,
       8.60215048e-04, 4.30107524e-04, 8.60215048e-04, 2.15053768e-03,
       1.29032251e-03, 0., 1.29032251e-03, 0., 8.60215048e-04,
       4.30107524e-04, 4.30107524e-04, 1.29032251e-03, 1.72043010e-03,
       3.01075261e-03, 4.30107524e-04, 1.29032251e-03, 1.72043010e-03,
       4.30107524e-04, 1.29032251e-03, 4.30107524e-04, 0.,
       2.58064503e-03, 1.72043010e-03, 8.60215048e-04, 8.60215048e-04,
       1.29032251e-03, 4.30107524e-04, 8.60215048e-04, 1.29032251e-03,
       8.60215048e-04, 8.60215048e-04, 1.29032251e-03, 8.60215048e-04,
       4.30107524e-04, 3.01075261e-03, 8.60215048e-04, 0.,
       1.29032251e-03, 4.30107524e-04, 4.30107524e-04, 8.60215048e-04,
       0., 4.30107524e-04, 4.30107524e-04, 2.15053768e-03,
       8.60215048e-04, 1.72043010e-03, 4.30107524e-04, 1.29032251e-03,
       8.60215048e-04, 1.29032251e-03, 1.29032251e-03, 2.15053768e-03,
       0., 8.60215048e-04, 4.30107524e-04, 8.60215048e-04,
       1.29032251e-03, 1.72043010e-03, 4.30107524e-04, 1.72043010e-03,
       1.29032251e-03, 4.30107524e-04, 0., 0., 1.72043010e-03, 0., 0.,
