%YAML:1.0
m25n: !!opencv-matrix
   rows: 1
   cols: 800
   dt: f
   data: [ 4.18760465e-04, 0., 0., 0., 2.51256279e-03, 0.,
       4.18760465e-04, 8.37520929e-04, 2.93132337e-03, 3.76884406e-03,
       4.18760465e-04, 2.09380221e-03, 4.18760465e-04, 2.51256279e-03,
       0., 8.37520929e-04, 8.37520929e-04, 4.18760465e-04,
       4.18760465e-04, 2.51256279e-03, 4.18760465e-04, 1.25628139e-03,
       1.25628139e-03, 0., 1.25628139e-03, 8.37520929e-04,
       5.02512557e-03, 1.25628139e-03, 4.60636523e-03, 0.,
       2.09380221e-03, 1.67504186e-03, 2.09380221e-03, 2.51256279e-03,
       0., 4.18760465e-04, 8.37520929e-04, 4.18760465e-04,
       2.93132337e-03, 4.18760465e-04, 8.37520929e-04, 4.18760441e-03,
       1.25628139e-03, 1.67504186e-03, 4.18760465e-04, 1.25628139e-03,
       0., 2.51256279e-03, 0., 0., 2.93132337e-03, 4.18760465e-04,
       3.35008372e-03, 4.18760465e-04, 4.18760465e-04, 1.67504186e-03,
       1.67504186e-03, 2.09380221e-03, 1.25628139e-03, 0.,
       1.25628139e-03, 0., 8.37520929e-04, 2.09380221e-03,
       2.51256279e-03, 4.18760465e-04, 0., 1.67504186e-03,
       1.25628139e-03, 0., 2.93132337e-03, 0., 1.67504186e-03,
       1.25628139e-03, 1.25628139e-03, 1.25628139e-03, 0.,
       8.37520929e-04, 1.67504186e-03, 1.67504186e-03, 8.37520929e-04,
       4.18760465e-04, 8.37520929e-04, 4.18760465e-04, 1.25628139e-03,
       1.25628139e-03, 1.25628139e-03, 2.09380221e-03, 8.37520929e-04,
       0., 0., 0., 4.18760465e-04, 4.18760465e-04, 0., 4.18760465e-04,
       3.76884406e-03, 1.25628139e-03, 4.18760465e-04, 1.67504186e-03,
       0., 3.35008372e-03, 1.25628139e-03, 8.37520929e-04, 0.,
       1.25628139e-03, 4.18760465e-04, 3.35008372e-03, 8.37520929e-04,
       4.18760465e-04, 0., 2.09380221e-03, 1.67504186e-03,
       1.25628139e-03, 8.37520929e-04, 8.37520929e-04, 4.18760465e-04,
       1.25628139e-03, 2.51256279e-03, 1.67504186e-03, 0.,
       8.37520929e-04, 5.02512557e-03, 5.02512557e-03, 4.18760465e-04,
       4.18760465e-04, 8.37520929e-04, 1.67504186e-03, 1.67504186e-03,
       8.37520929e-04, 8.37520929e-04, 0., 2.93132337e-03,
       1.25628139e-03, 3.35008372e-03, 0., 2.09380221e-03, 0.,
       1.67504186e-03, 8.37520929e-04, 8.37520882e-03, 2.93132337e-03,
       8.37520929e-04, 8.37520929e-04, 1.25628139e-03, 1.25628139e-03,
       1.25628139e-03, 1.67504186e-03, 8.37520929e-04, 0.,
       2.51256279e-03, 4.18760465e-04, 4.18760465e-04, 1.67504186e-03,
       1.25628139e-03, 0., 4.18760465e-04, 1.25628139e-03,
       1.25628139e-03, 1.67504186e-03, 4.18760465e-04, 2.93132337e-03,
       2.09380221e-03, 4.18760465e-04, 0., 8.37520929e-04,
       4.18760465e-04, 2.09380221e-03, 2.93132337e-03, 8.37520929e-04,
       1.25628139e-03, 9.21273045e-03, 1.67504186e-03, 0., 0., 0.,
       8.37520929e-04, 4.18760465e-04, 2.09380221e-03, 0.,
       1.67504186e-03, 0., 1.25628139e-03, 0., 8.37520929e-04,
       8.37520929e-04, 3.35008372e-03, 2.51256279e-03, 0.,
       3.35008372e-03, 8.37520929e-04, 2.09380221e-03, 2.93132337e-03,
       0., 2.51256279e-03, 1.25628139e-03, 4.18760465e-04,
       1.25628139e-03, 8.37520929e-04, 4.18760465e-04, 2.09380221e-03,
       8.37520929e-04, 4.18760465e-04, 8.37520929e-04, 8.37520929e-04,
       8.37520929e-04, 2.51256279e-03, 8.37520882e-03, 4.18760465e-04,
       1.25628139e-03, 3.35008372e-03, 2.09380221e-03, 4.18760465e-04,
       1.25628139e-03, 1.25628139e-03, 4.18760465e-04, 4.18760465e-04,
       8.37520929e-04, 1.67504186e-03, 1.25628139e-03, 1.67504186e-03,
       4.18760465e-04, 4.18760465e-04, 3.76884406e-03, 1.25628139e-03,
       1.25628139e-03, 4.60636523e-03, 1.67504186e-03, 8.37520929e-04,
       4.18760465e-04, 8.37520929e-04, 4.18760465e-04, 8.37520929e-04,
       8.37520929e-04, 8.37520929e-04, 3.76884406e-03, 1.25628139e-03,
       2.51256279e-03, 8.37520929e-04, 4.60636523e-03, 2.09380221e-03,
       1.67504186e-03, 4.18760465e-04, 5.44388592e-03, 4.18760465e-04,
       8.37520929e-04, 3.76884406e-03, 2.51256279e-03, 4.18760465e-04,
       2.93132337e-03, 4.18760465e-04, 8.37520929e-04, 1.67504186e-03,
       1.25628139e-03, 4.18760465e-04, 1.67504186e-03, 1.67504186e-03,
       2.51256279e-03, 4.18760465e-04, 2.93132337e-03, 3.76884406e-03,
       8.37520929e-04, 4.18760465e-04, 4.18760465e-04, 2.93132337e-03,
       0., 4.18760465e-04, 1.67504186e-03, 8.37520929e-04,
       2.51256279e-03, 1.67504186e-03, 4.18760465e-04, 4.18760465e-04,
       0., 0., 4.18760465e-04, 1.67504186e-03, 4.18760465e-04,
       5.44388592e-03, 1.25628139e-03, 2.51256279e-03, 1.67504186e-03,
       1.25628139e-03, 1.25628139e-03, 4.18760465e-04, 7.11892778e-03,
       4.18760465e-04, 5.02512557e-03, 0., 4.18760465e-04,
       1.67504186e-03, 1.25628139e-03, 0., 2.51256279e-03,
       2.93132337e-03, 3.35008372e-03, 4.18760465e-04, 1.25628139e-03,
       2.51256279e-03, 8.37520929e-04, 1.67504186e-03, 1.25628139e-03,
       2.09380221e-03, 2.09380221e-03, 3.76884406e-03, 0., 0.,
       3.76884406e-03, 1.67504186e-03, 4.18760465e-04, 1.67504186e-03,
       4.18760465e-04, 1.25628139e-03, 4.18760465e-04, 4.18760465e-04,
       2.93132337e-03, 0., 2.09380221e-03, 1.25628139e-03,
       5.02512557e-03, 1.67504186e-03, 4.18760465e-04, 8.37520929e-04,
       1.67504186e-03, 1.25628139e-03, 1.25628139e-03, 1.67504186e-03,
       0., 1.25628139e-03, 1.67504186e-03, 1.25628139e-03,
       4.18760465e-04, 1.25628139e-03, 1.25628139e-03, 1.67504186e-03,
       1.25628139e-03, 1.25628139e-03, 0., 8.37520929e-04, 0.,
       2.93132337e-03, 8.37520929e-04, 4.18760465e-04, 1.67504186e-03,
       8.37520929e-04, 2.51256279e-03, 4.18760465e-04, 2.09380221e-03,
       1.25628139e-03, 1.25628139e-03, 1.25628139e-03, 4.18760465e-04,
       4.18760465e-04, 1.67504186e-03, 0., 0., 3.35008372e-03,
       8.37520929e-04, 2.09380221e-03, 1.25628139e-03, 3.35008372e-03,
       1.25628139e-03, 1.25628139e-03, 4.18760465e-04, 4.18760465e-04,
       8.37520929e-04, 1.25628139e-03, 8.37520929e-04, 0.,
       8.37520929e-04, 2.51256279e-03, 2.09380221e-03, 1.25628139e-03,
       8.37520929e-04, 4.18760441e-03, 4.18760465e-04, 4.18760465e-04,
       1.25628139e-03, 1.25628139e-03, 2.09380221e-03, 1.25628139e-03,
       1.25628139e-03, 8.37520929e-04, 8.37520929e-04, 0.,
       1.25628139e-03, 4.18760465e-04, 1.25628139e-03, 8.37520929e-04,
       8.37520929e-04, 2.93132337e-03, 1.67504186e-03, 4.18760465e-04,
       1.67504186e-03, 2.51256279e-03, 1.67504186e-03, 2.09380221e-03,
       8.37520929e-04, 8.37520929e-04, 0., 0., 1.25628139e-03,
       8.37520929e-04, 4.18760465e-04, 1.25628139e-03, 4.18760465e-04,
       4.18760465e-04, 8.37520929e-04, 4.18760465e-04, 2.09380221e-03,
       0., 8.37520929e-04, 2.09380221e-03, 5.86264674e-03,
       1.67504186e-03, 0., 4.18760465e-04, 4.18760465e-04,
       2.51256279e-03, 0., 4.18760465e-04, 4.18760465e-04,
       1.67504186e-03, 1.25628139e-03, 1.25628139e-03, 8.37520929e-04,
       8.37520929e-04, 0., 4.18760465e-04, 1.25628139e-03,
       4.18760465e-04, 8.37520929e-04, 1.25628139e-03, 4.18760465e-04,
       0., 2.93132337e-03, 0., 8.37520929e-04, 1.67504186e-03,
       8.37520929e-04, 0., 1.25628139e-03, 1.67504186e-03, 0.,
       8.37520929e-04, 4.18760465e-04, 8.37520929e-04, 8.37520929e-04,
       8.37520929e-04, 4.18760465e-04, 1.25628139e-03, 4.18760465e-04,
       8.37520929e-04, 2.51256279e-03, 8.37520929e-04, 8.37520929e-04,
       0., 4.18760465e-04, 2.09380221e-03, 1.67504186e-03,
       3.76884406e-03, 1.25628139e-03, 1.67504186e-03, 1.25628139e-03,
       1.67504186e-03, 2.09380221e-03, 1.25628139e-03, 1.67504186e-03,
       1.25628139e-03, 8.37520929e-04, 8.37520929e-04, 1.67504186e-03,
       1.25628139e-03, 3.76884406e-03, 8.37520929e-04, 0.,
       4.18760465e-04, 1.25628139e-03, 2.09380221e-03, 2.93132337e-03,
       1.67504186e-03, 0., 1.25628139e-03, 4.18760465e-04,
       4.18760465e-04, 0., 2.09380221e-03, 4.18760465e-04,
       4.18760465e-04, 2.09380221e-03, 8.37520929e-04, 1.67504186e-03,
