%YAML:1.0
m25n: !!opencv-matrix
   rows: 1
   cols: 800
   dt: f
   data: [ 8.37170344e-04, 4.18585172e-04, 2.93009612e-03, 0.,
       4.18585172e-04, 0., 0., 8.37170344e-04, 1.67434069e-03,
       1.25575555e-03, 4.18585172e-04, 1.67434069e-03, 8.37170344e-04,
       1.25575555e-03, 2.09292583e-03, 1.67434069e-03, 0.,
       2.51151109e-03, 8.37170344e-04, 4.18585172e-04, 4.18585172e-04,
       1.67434069e-03, 1.25575555e-03, 1.25575555e-03, 3.34868138e-03,
       1.25575555e-03, 4.18585172e-04, 8.37170344e-04, 1.67434069e-03,
       8.37170344e-04, 4.18585172e-04, 4.18585172e-04, 2.09292583e-03,
       1.67434069e-03, 0., 4.18585172e-04, 4.18585172e-04,
       1.25575555e-03, 8.37170344e-04, 0., 4.18585172e-04, 0.,
       8.37170344e-04, 1.25575555e-03, 8.37170344e-04, 8.37170344e-04,
       4.18585172e-04, 2.09292583e-03, 2.51151109e-03, 0.,
       8.37170344e-04, 1.67434069e-03, 8.37170344e-04, 2.09292583e-03,
       4.18585172e-04, 1.25575555e-03, 4.18585172e-04, 5.02302218e-03,
       8.37170344e-04, 2.09292583e-03, 4.18585166e-03, 4.18585172e-04,
       4.18585172e-04, 2.93009612e-03, 2.51151109e-03, 0.,
       2.09292583e-03, 2.93009612e-03, 4.18585172e-04, 4.18585172e-04,
       8.37170344e-04, 0., 0., 4.18585172e-04, 2.09292583e-03,
       8.37170344e-04, 0., 0., 2.51151109e-03, 8.37170344e-04,
       1.25575555e-03, 0., 8.37170344e-04, 1.25575555e-03,
       1.67434069e-03, 0., 8.37170344e-04, 2.09292583e-03,
       4.18585172e-04, 2.09292583e-03, 4.18585172e-04, 2.09292583e-03,
       2.93009612e-03, 4.18585172e-04, 0., 8.37170344e-04,
       8.37170344e-04, 1.25575555e-03, 1.25575555e-03, 8.37170344e-04,
       4.18585172e-04, 1.25575555e-03, 1.25575555e-03, 8.37170344e-04,
       4.18585172e-04, 5.86019224e-03, 2.09292583e-03, 2.09292583e-03,
       2.09292583e-03, 4.18585172e-04, 1.25575555e-03, 1.67434069e-03,
       4.18585172e-04, 1.25575555e-03, 4.18585172e-04, 0., 0.,
       2.09292583e-03, 0., 1.67434069e-03, 4.18585172e-04,
       2.09292583e-03, 0., 5.02302218e-03, 0., 8.37170344e-04,
       1.67434069e-03, 1.67434069e-03, 9.20887385e-03, 2.09292583e-03,
       3.76726664e-03, 2.51151109e-03, 1.67434069e-03, 0.,
       1.67434069e-03, 4.18585172e-04, 1.67434069e-03, 1.25575555e-03,
       0., 8.37170344e-04, 1.25575555e-03, 1.67434069e-03, 0.,
       2.09292583e-03, 0., 1.67434069e-03, 0., 1.25575555e-03,
       4.18585172e-04, 2.09292583e-03, 4.18585172e-04, 0.,
       2.09292583e-03, 4.60443692e-03, 1.25575555e-03, 0.,
       1.25575555e-03, 8.37170344e-04, 0., 8.37170344e-04, 0.,
       4.18585172e-04, 8.37170344e-04, 3.34868138e-03, 4.18585172e-04,
       0., 1.67434069e-03, 2.09292583e-03, 0., 1.67434069e-03,
       3.34868138e-03, 2.51151109e-03, 1.25575555e-03, 0.,
       4.18585172e-04, 4.18585172e-04, 2.09292583e-03, 4.18585172e-04,
       2.09292583e-03, 0., 0., 1.67434069e-03, 1.25575555e-03,
       1.25575555e-03, 4.18585172e-04, 6.27877750e-03, 0.,
       2.09292583e-03, 0., 1.67434069e-03, 4.18585172e-04,
       8.37170344e-04, 3.34868138e-03, 8.37170344e-04, 8.37170344e-04,
       1.25575555e-03, 1.25575555e-03, 1.25575555e-03, 8.37170344e-04,
       2.93009612e-03, 2.51151109e-03, 1.25575555e-03, 1.67434069e-03,
       0., 0., 8.37170344e-04, 2.93009612e-03, 1.25575555e-03,
       8.37170344e-04, 4.18585172e-04, 3.76726664e-03, 1.25575555e-03,
       8.37170344e-04, 0., 0., 0., 8.37170344e-04, 8.37170344e-04,
       2.51151109e-03, 1.67434069e-03, 2.93009612e-03, 8.37170344e-04,
       4.18585172e-04, 1.25575555e-03, 0., 1.67434069e-03,
       3.34868138e-03, 1.25575555e-03, 0., 8.37170344e-04,
       4.18585172e-04, 4.18585172e-04, 1.25575555e-03, 1.25575555e-03,
       1.25575555e-03, 4.18585172e-04, 5.44160744e-03, 1.25575555e-03,
       1.25575555e-03, 1.67434069e-03, 2.09292583e-03, 8.37170344e-04,
       8.37170344e-04, 2.93009612e-03, 0., 0., 0., 1.25575555e-03,
       8.37170344e-04, 1.67434069e-03, 5.44160744e-03, 2.09292583e-03,
       8.37170344e-04, 8.37170344e-04, 1.25575555e-03, 0.,
       2.09292583e-03, 8.37170344e-04, 2.09292583e-03, 1.25575555e-03,
       1.67434069e-03, 0., 4.18585172e-04, 1.25575555e-03,
       1.25575555e-03, 8.37170344e-04, 4.18585172e-04, 1.25575555e-03,
       0., 8.37170344e-04, 2.09292583e-03, 0., 8.37170344e-04,
       8.37170344e-04, 8.37170344e-04, 8.37170344e-04, 4.18585172e-04,
       0., 1.25575555e-03, 2.51151109e-03, 2.09292583e-03,
       4.18585172e-04, 4.18585172e-04, 0., 4.18585172e-04,
       4.18585172e-04, 1.25575555e-03, 2.51151109e-03, 0.,
       3.34868138e-03, 1.67434069e-03, 1.67434069e-03, 0.,
       2.09292583e-03, 2.09292583e-03, 8.37170344e-04, 0.,
       1.67434069e-03, 8.37170344e-04, 0., 8.37170344e-04,
       4.60443692e-03, 2.51151109e-03, 8.37170344e-04, 1.67434069e-03,
       8.37170344e-04, 4.18585172e-04, 7.53453327e-03, 1.67434069e-03,
       4.18585172e-04, 2.51151109e-03, 1.00460444e-02, 4.18585172e-04,
       1.67434069e-03, 2.09292583e-03, 1.25575555e-03, 0.,
       2.93009612e-03, 4.18585172e-04, 1.25575555e-03, 3.76726664e-03,
       1.25575555e-03, 0., 8.37170344e-04, 4.18585172e-04,
       2.93009612e-03, 0., 2.51151109e-03, 1.67434069e-03,
       8.37170344e-04, 2.09292583e-03, 4.18585172e-04, 4.18585172e-04,
       1.25575555e-03, 8.37170344e-04, 2.09292583e-03, 2.51151109e-03,
       8.37170344e-04, 8.37170344e-04, 1.25575555e-03, 4.18585172e-04,
       3.76726664e-03, 8.37170344e-04, 3.34868138e-03, 1.25575555e-03,
       1.67434069e-03, 8.37170344e-04, 8.37170344e-04, 2.09292583e-03,
       0., 8.37170344e-04, 1.25575555e-03, 0., 1.67434069e-03, 0., 0.,
       4.60443692e-03, 3.34868138e-03, 2.51151109e-03, 1.25575555e-03,
       8.37170344e-04, 4.18585166e-03, 1.25575555e-03, 0., 0.,
       4.18585172e-04, 2.09292583e-03, 0., 1.25575555e-03,
       1.25575555e-03, 2.51151109e-03, 1.67434069e-03, 0.,
       1.67434069e-03, 2.51151109e-03, 8.37170344e-04, 1.67434069e-03,
       0., 1.25575555e-03, 8.37170344e-04, 0., 8.37170344e-04,
       2.09292583e-03, 8.37170344e-04, 0., 2.93009612e-03, 0.,
       4.18585172e-04, 1.25575555e-03, 0., 1.25575555e-03,
       8.37170344e-04, 3.34868138e-03, 1.00460444e-02, 2.51151109e-03,
       1.67434069e-03, 1.25575555e-03, 4.18585172e-04, 1.25575555e-03,
       8.37170344e-04, 8.37170344e-04, 4.18585172e-04, 0.,
       5.86019224e-03, 0., 4.18585172e-04, 8.37170344e-04, 0.,
       2.51151109e-03, 4.18585172e-04, 4.18585172e-04, 1.25575555e-03,
       0., 8.37170344e-04, 0., 0., 0., 8.37170344e-04, 8.37170333e-03,
       4.18585172e-04, 1.25575555e-03, 1.67434069e-03, 2.93009612e-03,
       8.37170344e-04, 4.18585172e-04, 8.37170344e-04, 4.18585172e-04,
       1.67434069e-03, 2.51151109e-03, 3.34868138e-03, 1.67434069e-03,
       8.37170344e-04, 1.13017997e-02, 0., 2.51151109e-03,
       5.02302218e-03, 8.37170344e-04, 0., 4.18585172e-04, 0.,
       1.67434069e-03, 8.37170344e-04, 4.18585172e-04, 1.25575555e-03,
       4.18585172e-04, 8.37170344e-04, 0., 8.37170344e-04,
       8.37170344e-04, 1.67434069e-03, 2.09292583e-03, 0.,
       1.67434069e-03, 8.37170344e-04, 0., 4.18585172e-04, 0., 0.,
       4.18585172e-04, 8.37170344e-04, 8.37170344e-04, 4.18585172e-04,
       4.18585172e-04, 1.25575555e-03, 2.09292583e-03, 2.09292583e-03,
       8.37170344e-04, 1.67434069e-03, 1.25575555e-03, 1.67434069e-03,
       8.37170344e-04, 8.37170344e-04, 0., 8.37170344e-04,
       4.18585172e-04, 0., 4.18585172e-04, 8.37170344e-04, 0.,
       2.93009612e-03, 2.93009612e-03, 1.25575555e-03, 8.37170344e-04,
       4.18585172e-04, 0., 4.18585172e-04, 1.67434069e-03, 0., 0., 0.,
       5.44160744e-03, 8.37170344e-04, 1.25575555e-03, 1.67434069e-03,
       8.37170344e-04, 4.60443692e-03, 1.67434069e-03, 8.37170344e-04,
       8.37170344e-04, 4.18585172e-04, 8.37170344e-04, 8.37170344e-04,
       8.37170344e-04, 0., 1.67434069e-03, 1.21389702e-02, 0.,
       4.18585172e-04, 4.18585172e-04, 8.37170344e-04, 0.,
       4.18585172e-04, 0., 4.18585172e-04, 1.67434069e-03,
