%YAML:1.0
m25n: !!opencv-matrix
   rows: 1
   cols: 800
   dt: f
   data: [ 3.57015349e-04, 3.57015349e-04, 5.71224559e-03,
       1.07104611e-03, 1.07104611e-03, 3.57015349e-04, 7.14030699e-04,
       0., 0., 1.07104611e-03, 1.07104611e-03, 1.07104611e-03,
       1.07104611e-03, 1.42806140e-03, 7.14030699e-04, 0.,
       2.49910750e-03, 0., 3.57015349e-04, 2.14209221e-03, 0.,
       1.78507669e-03, 7.14030699e-04, 1.78507678e-02, 0., 0.,
       1.42806140e-03, 1.78507669e-03, 1.57086756e-02, 1.28525523e-02,
       3.21313809e-03, 1.07104611e-03, 3.57015349e-04, 1.07104611e-03,
       3.57015349e-04, 3.57015349e-04, 0., 0., 3.57015349e-04,
       1.07104611e-03, 1.07104611e-03, 7.14030699e-04, 7.14030699e-04,
       3.57015349e-04, 1.07104611e-03, 2.14209221e-03, 3.57015349e-04,
       5.35523007e-03, 0., 0., 3.57015349e-04, 1.07104611e-03, 0.,
       7.14030699e-04, 1.07104611e-03, 7.14030699e-04, 1.42806140e-03,
       2.49910750e-03, 7.14030699e-04, 3.57015349e-04, 3.57015349e-04,
       0., 7.14030699e-04, 1.42806140e-03, 2.49910750e-03,
       3.57015349e-04, 3.57015349e-04, 1.07104611e-03, 3.92716890e-03,
       0., 2.14209221e-03, 3.57015349e-04, 3.57015349e-04,
       2.85612280e-03, 3.57015338e-03, 7.14030699e-04, 4.28418443e-03,
       0., 1.42806140e-03, 4.28418443e-03, 0., 1.07104611e-03,
       3.57015349e-04, 7.14030699e-04, 3.57015349e-04, 3.57015349e-04,
       1.42806140e-03, 2.85612280e-03, 1.78507669e-03, 2.49910750e-03,
       1.78507669e-03, 1.42806140e-03, 7.14030699e-04, 0.,
       7.14030699e-04, 3.57015349e-04, 3.57015349e-04, 2.85612280e-03,
       3.57015349e-04, 3.57015349e-04, 1.42806140e-03, 7.14030699e-04,
       1.07104611e-03, 1.42806140e-03, 0., 2.14209221e-03,
       2.14209221e-03, 1.07104611e-03, 4.99821501e-03, 4.28418443e-03,
       1.07104611e-03, 1.07104611e-03, 1.42806140e-03, 3.57015349e-04,
       3.57015349e-04, 3.57015349e-04, 1.42806140e-03, 1.07104611e-03,
       1.07104611e-03, 0., 7.14030699e-04, 1.42806140e-03,
       3.57015349e-04, 1.78507669e-03, 1.42806140e-03, 1.78507669e-03,
       2.49910750e-03, 1.42806140e-03, 2.14209221e-03, 1.07104611e-03,
       0., 3.57015349e-04, 2.85612280e-03, 0., 1.07104611e-03,
       3.57015349e-04, 3.57015349e-04, 0., 7.14030699e-04,
       2.49910750e-03, 1.07104611e-03, 1.42806140e-03, 7.14030699e-04,
       7.14030699e-04, 3.57015349e-04, 3.57015349e-04, 1.78507669e-03,
       7.14030699e-04, 3.57015349e-04, 1.07104611e-03, 1.78507669e-03,
       1.07104611e-03, 1.42806140e-03, 0., 1.42806140e-03, 0.,
       2.85612280e-03, 0., 0., 7.14030699e-04, 7.14030699e-04,
       2.14209221e-03, 4.28418443e-03, 3.57015349e-04, 3.57015349e-04,
       0., 3.57015349e-04, 1.07104611e-03, 0., 0., 1.07104611e-03,
       3.57015338e-03, 3.57015349e-04, 0., 7.14030699e-04,
       7.14030699e-04, 1.42806140e-03, 1.07104611e-03, 2.14209221e-03,
       1.42806140e-03, 6.78329170e-03, 3.21313809e-03, 7.14030699e-04,
       7.14030699e-04, 3.57015349e-04, 7.14030699e-04, 0.,
       3.57015349e-04, 0., 0., 3.21313809e-03, 3.57015349e-04,
       1.07104611e-03, 0., 7.14030699e-04, 3.57015349e-04,
       7.14030699e-04, 7.14030699e-04, 3.57015349e-04, 1.78507669e-03,
       4.99821501e-03, 1.42806140e-03, 1.42806140e-03, 0., 0.,
       7.14030699e-04, 2.49910750e-03, 4.64119948e-03, 0.,
       7.14030699e-04, 1.42806140e-03, 3.57015338e-03, 7.14030699e-04,
       1.07104611e-03, 3.57015349e-04, 3.57015349e-04, 3.57015349e-04,
       1.07104611e-03, 3.21313809e-03, 1.42806140e-03, 1.07104611e-03,
       4.99821501e-03, 2.14209221e-03, 7.14030699e-04, 7.14030699e-04,
       0., 1.42806140e-03, 1.42806140e-03, 0., 2.85612280e-03, 0.,
       1.78507669e-03, 0., 1.42806140e-03, 7.14030699e-04,
       2.14209221e-03, 3.57015349e-04, 3.57015338e-03, 7.14030699e-04,
       0., 1.07104611e-03, 1.78507669e-03, 3.57015349e-04,
       1.78507669e-03, 0., 2.49910750e-03, 3.57015338e-03,
       2.14209221e-03, 3.57015349e-04, 3.92716890e-03, 7.14030699e-04,
       3.57015349e-04, 1.07104611e-03, 1.07104611e-03, 1.42806140e-03,
       0., 1.78507669e-03, 1.42806140e-03, 7.14030699e-04,
       2.14209221e-03, 1.78507669e-03, 0., 3.57015349e-04,
       2.85612280e-03, 1.07104611e-03, 7.14030699e-04, 0.,
       7.14030699e-04, 0., 1.42806140e-03, 1.07104611e-03, 0.,
       7.14030699e-04, 7.14030699e-04, 0., 1.42806140e-03,
       3.57015349e-04, 0., 3.57015349e-04, 7.14030699e-04, 0.,
       3.57015349e-04, 1.78507669e-03, 7.14030699e-04, 1.07104611e-03,
       0., 2.85612280e-03, 0., 0., 0., 1.42806140e-03, 1.78507669e-03,
       1.07104611e-03, 3.57015349e-04, 1.78507669e-03, 1.07104611e-03,
       3.57015349e-04, 0., 7.14030699e-04, 0., 7.14030699e-04, 0.,
       1.78507669e-03, 2.85612280e-03, 1.07104611e-03, 3.57015349e-04,
       7.14030699e-04, 1.42806140e-03, 1.42806140e-03, 1.78507669e-03,
       7.14030699e-04, 1.35665834e-02, 6.06926112e-03, 1.07104611e-03,
       0., 1.14244912e-02, 1.78507669e-03, 1.07104611e-03, 0., 0.,
       3.57015349e-04, 3.21313809e-03, 3.57015349e-04, 7.14030699e-04,
       7.14030699e-04, 2.14209221e-03, 0., 3.57015349e-04, 0.,
       1.78507669e-03, 2.14209221e-03, 3.57015349e-04, 2.85612280e-03,
       1.42806140e-03, 0., 1.42806140e-03, 0., 2.85612280e-03,
       7.14030699e-04, 3.57015349e-04, 7.14030699e-04, 7.49732228e-03,
       3.57015349e-04, 1.42806140e-03, 3.57015349e-04, 3.57015349e-04,
       3.57015349e-04, 0., 0., 1.07104611e-03, 1.42806140e-03,
       3.57015349e-04, 0., 2.85612280e-03, 3.57015349e-04, 0.,
       3.57015338e-03, 7.14030699e-04, 1.07104611e-03, 1.78507669e-03,
       1.07104611e-03, 1.07104611e-03, 1.07104611e-03, 0.,
       1.07104611e-03, 1.78507669e-03, 1.07104611e-03, 3.57015349e-04,
       3.57015349e-04, 3.57015349e-04, 3.92716890e-03, 4.99821501e-03,
       0., 1.07104611e-03, 1.42806140e-03, 7.14030699e-04,
       7.14030699e-04, 7.14030699e-04, 3.57015349e-04, 2.85612280e-03,
       0., 0., 7.14030699e-04, 7.14030699e-04, 1.42806140e-03,
       3.57015349e-04, 2.85612280e-03, 7.14030699e-04, 2.85612280e-03,
       1.07104611e-03, 0., 7.14030699e-04, 0., 1.42806140e-03,
       1.78507669e-03, 3.57015349e-04, 1.07104611e-03, 2.14209221e-03,
       4.28418443e-03, 7.14030699e-04, 3.57015349e-04, 7.14030699e-04,
       1.07104611e-03, 3.57015338e-03, 0., 7.14030699e-04, 0.,
       7.14030699e-04, 2.14209221e-03, 0., 0., 3.57015349e-04,
       3.57015349e-04, 1.07104611e-03, 0., 7.14030699e-04, 0.,
       7.14030699e-04, 0., 1.42806140e-03, 1.07104611e-03,
       1.07104611e-03, 2.14209221e-03, 0., 3.57015349e-04,
       1.07104611e-03, 2.49910750e-03, 3.92716890e-03, 7.14030699e-04,
       1.07104611e-03, 3.21313809e-03, 0., 7.14030699e-04,
       1.78507669e-03, 1.07104611e-03, 3.21313809e-03, 0.,
       3.57015349e-04, 0., 3.57015349e-04, 0., 1.42806140e-03,
       3.57015349e-04, 1.78507669e-03, 1.07104611e-03, 3.57015349e-04,
       0., 1.07104611e-03, 0., 0., 4.28418443e-03, 0., 7.14030699e-04,
       2.85612280e-03, 7.14030699e-04, 1.07104611e-03, 0.,
       1.42806140e-03, 1.07104611e-03, 0., 0., 0., 1.78507669e-03,
       7.14030699e-04, 1.07104611e-03, 1.78507669e-03, 1.07104611e-03,
       1.07104611e-03, 3.57015349e-04, 3.57015349e-04, 7.14030699e-04,
       3.57015349e-04, 6.06926112e-03, 3.57015349e-04, 0.,
       3.57015349e-04, 3.57015349e-04, 7.14030699e-04, 7.14030699e-04,
       0., 7.14030699e-04, 0., 1.42806140e-03, 1.07104611e-03,
       7.14030699e-04, 0., 2.14209221e-03, 1.42806140e-03, 0.,
       7.14030699e-04, 0., 7.14030699e-04, 0., 3.57015349e-04,
       3.57015349e-04, 1.07104611e-03, 0., 1.07104611e-03, 0.,
       7.14030699e-04, 7.14030699e-04, 0., 1.42806140e-03,
       3.21313809e-03, 3.57015349e-04, 3.57015338e-03, 3.57015349e-04,
       1.42806140e-03, 1.07104611e-03, 0., 1.07104611e-03,
       1.42806140e-03, 7.14030699e-04, 0., 1.42806140e-03,
       7.14030699e-04, 3.57015349e-04, 1.07104611e-03, 3.57015349e-04,
       1.07104611e-03, 1.78507669e-03, 7.14030699e-04, 4.28418443e-03,
