%YAML:1.0
m25n: !!opencv-matrix
   rows: 1
   cols: 800
   dt: f
   data: [ 3.87596898e-04, 2.32558139e-03, 3.87596898e-03,
       3.87596898e-04, 3.87596898e-04, 3.10077518e-03, 2.71317828e-03,
       4.26356588e-03, 1.16279069e-03, 7.75193796e-04, 7.75193796e-04,
       1.16279069e-03, 1.55038759e-03, 7.36434106e-03, 0.,
       7.75193796e-04, 7.75193796e-04, 0., 3.87596898e-04,
       1.93798449e-03, 7.75193796e-04, 7.75193796e-04, 3.87596898e-04,
       2.71317828e-03, 3.87596898e-04, 7.75193796e-04, 0.,
       3.87596898e-04, 1.93798449e-03, 0., 1.93798449e-03,
       1.93798449e-03, 2.32558139e-03, 1.16279069e-03, 1.55038759e-03,
       3.87596898e-04, 3.87596898e-04, 3.87596898e-04, 3.87596898e-03,
       4.26356588e-03, 0., 3.87596898e-04, 3.87596898e-04,
       4.65116277e-03, 3.87596898e-04, 1.16279069e-03, 0.,
       1.16279069e-03, 0., 7.75193796e-04, 0., 3.87596898e-04,
       3.87596898e-04, 1.55038759e-03, 3.87596898e-04, 5.81395347e-03,
       1.93798449e-03, 1.16279069e-03, 3.87596898e-04, 7.75193796e-04,
       0., 3.87596898e-03, 1.93798449e-03, 1.16279069e-03, 0.,
       1.16279069e-03, 7.75193796e-04, 1.93798449e-03, 1.16279069e-03,
       1.93798449e-03, 1.93798449e-03, 3.87596898e-04, 3.87596898e-04,
       2.71317828e-03, 0., 0., 4.65116277e-03, 5.81395347e-03,
       3.87596898e-04, 3.87596898e-03, 3.87596898e-04, 7.75193796e-04,
       0., 2.32558139e-03, 1.16279069e-03, 1.16279069e-03,
       1.55038759e-03, 0., 1.93798449e-03, 3.87596898e-04,
       3.87596898e-04, 0., 3.87596898e-04, 1.93798449e-03, 0.,
       7.75193796e-04, 1.16279069e-03, 5.42635657e-03, 1.16279069e-03,
       1.16279069e-03, 1.16279069e-03, 1.55038759e-02, 7.75193796e-04,
       0., 0., 0., 2.32558139e-03, 1.55038759e-03, 1.16279069e-03,
       3.87596898e-04, 0., 0., 1.16279069e-03, 5.81395347e-03,
       3.87596898e-04, 5.42635657e-03, 2.71317828e-03, 3.87596898e-03,
       0., 9.30232555e-03, 2.32558139e-03, 3.87596898e-04, 0.,
       3.87596898e-04, 3.87596898e-04, 7.75193796e-04, 8.13953485e-03,
       0., 7.75193796e-04, 2.71317828e-03, 3.87596898e-04,
       3.87596898e-04, 0., 5.03875967e-03, 3.87596898e-04, 0.,
       1.55038759e-03, 1.55038759e-03, 7.75193796e-03, 0.,
       1.55038759e-03, 1.93798449e-03, 1.55038759e-03, 1.55038759e-03,
       1.16279069e-03, 3.87596898e-04, 1.55038759e-03, 0.,
       7.75193796e-04, 1.93798449e-03, 3.87596898e-04, 1.93798449e-03,
       1.16279069e-03, 3.87596898e-04, 0., 1.55038759e-03,
       3.48837208e-03, 1.16279069e-02, 0., 5.03875967e-03,
       1.16279069e-03, 0., 0., 3.87596898e-04, 1.93798449e-03,
       3.87596898e-04, 7.75193796e-04, 1.16279069e-03, 3.87596898e-03,
       7.75193796e-04, 1.93798449e-03, 1.93798449e-03, 3.87596898e-04,
       2.71317828e-03, 3.87596898e-04, 2.71317828e-03, 3.87596898e-04,
       7.75193796e-04, 3.87596898e-04, 1.16279069e-03, 7.75193796e-04,
       0., 1.16279069e-03, 3.87596898e-04, 0., 1.93798449e-03,
       7.75193796e-04, 1.55038759e-03, 0., 0., 1.93798449e-03, 0.,
       3.87596898e-04, 3.87596898e-04, 7.75193796e-04, 2.71317828e-03,
       3.87596898e-03, 0., 0., 1.16279069e-03, 0., 2.71317828e-03,
       1.16279069e-03, 1.93798449e-03, 3.87596898e-04, 7.75193796e-04,
       1.93798449e-03, 3.87596898e-04, 1.55038759e-03, 1.16279069e-03,
       2.71317828e-03, 1.16279069e-03, 0., 2.32558139e-03,
       1.16279069e-03, 7.75193796e-04, 3.87596898e-04, 3.87596898e-04,
       3.87596898e-04, 7.75193796e-04, 3.87596898e-04, 3.87596898e-04,
       4.26356588e-03, 0., 1.55038759e-03, 7.75193796e-04, 0.,
       2.32558139e-03, 3.87596898e-04, 1.16279069e-03, 1.93798449e-03,
       1.16279069e-03, 3.87596898e-04, 0., 1.93798449e-03,
       1.16279069e-03, 2.32558139e-03, 7.75193796e-04, 1.16279069e-03,
       3.87596898e-04, 3.87596898e-04, 7.75193796e-04, 0.,
       3.87596898e-04, 1.55038759e-03, 0., 8.91472865e-03,
       1.55038759e-03, 0., 1.16279069e-03, 3.87596898e-04, 0.,
       3.87596898e-04, 7.75193796e-04, 3.87596898e-04, 1.16279069e-03,
       1.55038759e-03, 1.55038759e-03, 3.87596898e-04, 0.,
       1.55038759e-03, 3.87596898e-04, 2.32558139e-03, 7.75193796e-04,
       0., 3.87596898e-04, 1.55038759e-03, 5.42635657e-03,
       1.55038759e-03, 7.75193796e-04, 0., 0., 0., 3.87596898e-04,
       1.16279069e-03, 3.87596898e-04, 1.16279069e-03, 0.,
       1.16279069e-03, 1.16279069e-03, 1.55038759e-03, 3.87596898e-04,
       7.75193796e-04, 3.87596898e-04, 3.87596898e-04, 5.42635657e-03,
       2.71317828e-03, 7.75193796e-04, 0., 0., 7.75193796e-04,
       3.87596898e-04, 7.75193796e-04, 0., 7.75193796e-04,
       1.04651162e-02, 7.75193796e-04, 1.16279069e-03, 3.87596898e-04,
       1.55038759e-03, 2.32558139e-03, 2.32558139e-03, 1.93798449e-03,
       0., 1.55038759e-03, 0., 1.16279069e-03, 2.71317828e-03,
       7.75193796e-04, 1.16279069e-03, 1.55038759e-03, 3.87596898e-04,
       3.87596898e-04, 1.93798449e-03, 1.16279069e-03, 1.16279069e-03,
       3.87596898e-04, 0., 3.87596898e-04, 3.87596898e-04,
       1.55038759e-03, 1.16279069e-03, 1.16279069e-03, 1.16279069e-03,
       0., 7.75193796e-04, 5.03875967e-03, 3.87596898e-04,
       7.75193796e-04, 7.75193796e-04, 0., 1.16279069e-03,
       3.87596898e-04, 7.75193796e-04, 1.55038759e-03, 3.87596898e-04,
       1.93798449e-03, 1.00775193e-02, 1.16279069e-03, 1.16279069e-03,
       7.75193796e-04, 3.87596898e-04, 0., 2.32558139e-03,
       1.16279069e-03, 3.87596898e-04, 0., 7.75193796e-04,
       3.87596898e-04, 4.65116277e-03, 0., 2.71317828e-03,
       5.81395347e-03, 1.16279069e-03, 3.87596898e-04, 3.87596898e-04,
       0., 7.75193796e-04, 1.55038759e-03, 1.16279069e-03,
       1.55038759e-03, 2.32558139e-03, 3.87596898e-04, 1.55038759e-03,
       5.42635657e-03, 7.75193796e-04, 2.71317828e-03, 3.87596898e-04,
       7.75193796e-04, 0., 7.75193796e-04, 7.75193796e-04,
       3.87596898e-04, 7.75193796e-04, 0., 3.87596898e-04, 0., 0., 0.,
       1.55038759e-03, 0., 2.71317828e-03, 1.55038759e-03,
       7.75193796e-04, 7.75193796e-04, 7.75193796e-04, 1.16279069e-03,
       1.43410852e-02, 3.87596898e-04, 0., 3.87596898e-04,
       7.75193796e-04, 2.32558139e-03, 0., 1.55038759e-03,
       1.16279069e-03, 1.93798449e-03, 3.87596898e-04, 3.87596898e-04,
       3.10077518e-03, 7.75193796e-04, 3.87596898e-04, 7.75193796e-04,
       0., 7.75193796e-04, 0., 1.16279069e-03, 2.32558139e-03,
       3.87596898e-04, 7.75193796e-04, 7.75193796e-04, 3.87596898e-04,
       1.55038759e-03, 1.16279069e-03, 0., 1.55038759e-03, 0.,
       3.87596898e-04, 7.75193796e-04, 3.87596898e-03, 1.16279069e-03,
       7.75193796e-04, 3.87596898e-04, 7.75193796e-04, 3.10077518e-03,
       0., 3.48837208e-03, 1.55038759e-03, 3.87596898e-04,
       7.75193796e-04, 3.87596898e-04, 0., 1.93798449e-03,
       1.16279069e-03, 0., 1.55038759e-03, 3.87596898e-04,
       1.55038759e-03, 0., 3.87596898e-04, 1.16279069e-03, 0., 0.,
       1.16279069e-03, 1.16279069e-03, 7.75193796e-04, 7.75193796e-04,
       0., 7.75193796e-04, 7.75193796e-04, 3.87596898e-04,
       3.87596898e-03, 7.75193796e-04, 7.75193796e-04, 7.75193796e-04,
       1.16279069e-03, 0., 7.75193796e-04, 1.16279069e-03,
       7.75193796e-04, 1.93798449e-03, 0., 7.75193796e-04, 0., 0., 0.,
       2.71317828e-03, 1.93798449e-03, 0., 7.75193796e-04,
       2.71317828e-03, 3.87596898e-04, 1.55038759e-03, 1.55038759e-03,
       1.93798449e-03, 1.55038759e-03, 3.87596898e-04, 3.87596898e-04,
       7.75193796e-04, 1.55038759e-03, 6.20155036e-03, 3.10077518e-03,
       0., 0., 1.55038759e-03, 1.55038759e-03, 1.16279069e-03,
       1.93798449e-03, 0., 7.75193796e-04, 2.71317828e-03,
       3.87596898e-04, 1.55038759e-03, 2.32558139e-03, 1.16279069e-03,
       0., 3.87596898e-04, 6.58914726e-03, 2.71317828e-03,
       1.93798449e-03, 1.16279069e-03, 7.75193796e-04, 7.75193796e-04,
       0., 0., 4.65116277e-03, 0., 7.75193796e-04, 2.71317828e-03,
       3.87596898e-04, 3.87596898e-04, 7.36434106e-03, 7.75193796e-04,
