%YAML:1.0
m25n: !!opencv-matrix
   rows: 1
   cols: 800
   dt: f
   data: [ 7.45712139e-04, 0., 1.11856824e-03, 3.72856070e-04,
       1.49142428e-03, 0., 3.72856070e-04, 0., 3.72856070e-04,
       3.72856070e-04, 4.84712888e-03, 1.86428032e-03, 0.,
       2.60999240e-03, 0., 3.72856064e-03, 2.23713648e-03, 0.,
       7.45712139e-04, 2.23713648e-03, 0., 3.35570471e-03,
       7.45712139e-04, 2.23713648e-03, 3.72856070e-04, 1.11856824e-03,
       2.23713648e-03, 1.49142428e-03, 4.10141656e-03, 2.23713648e-03,
       1.11856824e-03, 1.11856824e-03, 7.45712139e-04, 1.49142428e-03,
       0., 2.60999240e-03, 0., 3.72856070e-04, 1.11856824e-03,
       1.11856824e-03, 3.72856070e-04, 1.11856824e-03, 3.72856070e-04,
       3.72856070e-04, 1.11856824e-03, 2.98284856e-03, 0.,
       4.10141656e-03, 7.45712139e-04, 0., 1.49142428e-03,
       1.86428032e-03, 7.45712139e-04, 1.11856824e-03, 1.11856824e-03,
       7.45712139e-04, 0., 2.23713648e-03, 4.10141656e-03,
       7.45712139e-04, 1.49142428e-03, 0., 2.60999240e-03,
       7.45712139e-04, 1.11856824e-03, 3.72856070e-04, 1.11856824e-03,
       3.72856070e-04, 4.47427295e-03, 1.11856824e-03, 3.35570471e-03,
       3.72856070e-04, 1.11856824e-03, 1.86428032e-03, 7.45712139e-04,
       3.72856070e-04, 0., 0., 3.72856064e-03, 1.86428032e-03,
       3.72856070e-04, 1.86428032e-03, 1.49142428e-03, 0.,
       1.49142428e-03, 1.49142428e-03, 7.45712139e-04, 1.86428032e-03,
       4.47427295e-03, 1.11856824e-03, 3.72856070e-04, 3.72856070e-04,
       7.45712139e-04, 0., 1.49142428e-03, 3.72856070e-04,
       2.23713648e-03, 3.35570471e-03, 1.86428032e-03, 4.47427295e-03,
       1.86428032e-03, 3.72856070e-04, 3.72856070e-04, 0., 0.,
       4.47427295e-03, 8.57568998e-03, 1.86428032e-03, 2.23713648e-03,
       1.86428032e-03, 1.86428032e-03, 2.23713648e-03, 6.71140943e-03,
       7.45712139e-04, 3.35570471e-03, 7.45712139e-04, 0.,
       7.45712139e-04, 1.11856824e-03, 3.72856070e-04, 1.11856824e-03,
       1.86428032e-03, 0., 7.45712139e-04, 0., 2.23713648e-03,
       2.23713648e-03, 3.72856070e-04, 4.47427295e-03, 2.23713648e-03,
       0., 7.45712139e-04, 4.10141656e-03, 7.45712139e-04,
       2.23713648e-03, 0., 1.11856824e-03, 7.45712139e-04,
       1.86428032e-03, 3.72856070e-04, 2.60999240e-03, 3.72856070e-04,
       0., 2.23713648e-03, 7.45712139e-04, 0., 0., 7.45712139e-04, 0.,
       1.11856824e-03, 1.11856824e-03, 3.72856070e-04, 1.11856824e-03,
       2.60999240e-03, 1.11856824e-03, 0., 0., 1.11856824e-03,
       3.72856070e-04, 2.60999240e-03, 0., 3.72856064e-03,
       1.49142428e-03, 1.86428032e-03, 1.11856824e-03, 3.72856070e-04,
       1.49142428e-03, 1.11856824e-03, 3.72856070e-04, 0.,
       1.86428032e-03, 1.86428032e-03, 1.11856824e-03, 3.72856070e-04,
       0., 3.72856070e-04, 2.23713648e-03, 7.45712139e-04,
       5.59284119e-03, 0., 0., 5.96569711e-03, 7.45712139e-04,
       1.49142428e-03, 2.23713648e-03, 0., 0., 1.49142428e-03, 0.,
       7.45712139e-04, 0., 1.49142428e-03, 1.11856824e-03, 0.,
       3.35570471e-03, 1.11856824e-03, 1.49142428e-03, 1.11856824e-03,
       7.45712139e-04, 1.49142428e-03, 7.45712128e-03, 1.49142428e-03,
       2.23713648e-03, 1.49142428e-03, 3.72856070e-04, 7.45712139e-04,
       1.49142428e-03, 1.86428032e-03, 7.45712139e-04, 0.,
       5.21998480e-03, 7.45712139e-04, 0., 1.11856824e-03,
       2.60999240e-03, 3.72856070e-04, 2.98284856e-03, 1.11856824e-03,
       1.11856824e-03, 1.11856824e-03, 1.49142428e-03, 1.49142428e-03,
       1.11856824e-03, 1.49142428e-03, 0., 1.11856824e-03,
       2.60999240e-03, 1.11856824e-03, 0., 1.49142428e-03,
       1.11856824e-03, 3.72856070e-04, 2.23713648e-03, 1.49142428e-03,
       7.45712139e-04, 2.23713648e-03, 3.35570471e-03, 1.49142428e-03,
       7.45712139e-04, 2.23713648e-03, 2.60999240e-03, 3.72856070e-04,
       0., 2.23713648e-03, 0., 3.72856070e-04, 7.45712139e-04,
       1.86428032e-03, 0., 3.35570471e-03, 2.98284856e-03,
       1.86428032e-03, 3.72856070e-04, 3.72856070e-04, 3.72856070e-04,
       1.11856824e-03, 5.21998480e-03, 1.86428032e-03, 2.60999240e-03,
       7.45712128e-03, 1.86428032e-03, 1.49142428e-03, 1.11856824e-03,
       0., 7.45712139e-04, 1.11856824e-03, 0., 3.72856070e-04, 0.,
       2.23713648e-03, 2.23713648e-03, 1.11856824e-03, 7.45712139e-04,
       1.86428032e-03, 3.72856070e-04, 1.11856824e-03, 3.72856070e-04,
       0., 7.45712139e-04, 1.49142428e-03, 7.45712139e-04,
       7.45712139e-04, 3.72856064e-03, 1.86428032e-03, 2.60999240e-03,
       2.23713648e-03, 7.45712139e-04, 3.72856064e-03, 0.,
       1.86428032e-03, 1.11856824e-03, 0., 7.45712139e-04,
       1.11856824e-03, 2.23713648e-03, 3.72856070e-04, 3.72856070e-04,
       7.45712139e-04, 2.23713648e-03, 0., 2.98284856e-03,
       1.11856824e-03, 3.35570471e-03, 0., 0., 0., 0., 0.,
       2.23713648e-03, 3.72856070e-04, 1.11856824e-03, 1.49142428e-03,
       3.35570471e-03, 1.11856824e-03, 3.72856070e-04, 2.23713648e-03,
       4.10141656e-03, 7.45712139e-04, 0., 3.72856070e-04,
       1.11856824e-03, 1.49142428e-03, 1.49142428e-03, 7.45712139e-04,
       3.72856070e-04, 2.60999240e-03, 1.11856824e-03, 3.72856070e-04,
       7.45712139e-04, 0., 1.86428032e-03, 0., 2.23713648e-03, 0.,
       7.45712139e-04, 1.11856824e-03, 1.49142428e-03, 0.,
       7.45712139e-04, 7.45712139e-04, 1.11856824e-03, 7.45712139e-04,
       3.72856070e-04, 1.11856824e-03, 1.49142428e-03, 1.11856824e-03,
       0., 3.72856070e-04, 0., 1.11856824e-03, 2.23713648e-03,
       1.49142428e-03, 3.72856070e-04, 3.72856064e-03, 7.45712139e-04,
       3.72856070e-04, 2.98284856e-03, 1.11856824e-03, 7.45712139e-04,
       1.49142428e-03, 1.49142428e-03, 1.86428032e-03, 7.45712139e-04,
       3.72856070e-04, 1.49142428e-03, 3.72856070e-04, 2.23713648e-03,
       3.72856070e-04, 1.11856824e-03, 1.11856824e-03, 2.98284856e-03,
       7.45712139e-04, 3.72856070e-04, 3.72856070e-04, 1.45413866e-02,
       1.11856824e-03, 0., 0., 1.49142428e-03, 1.86428032e-03,
       1.86428032e-03, 3.72856070e-04, 7.45712139e-04, 0., 0.,
       1.11856824e-03, 1.49142428e-03, 1.11856824e-03, 1.49142428e-03,
       2.98284856e-03, 1.49142428e-03, 1.11856824e-03, 7.45712139e-04,
       4.10141656e-03, 2.60999240e-03, 3.72856070e-04, 1.11856824e-03,
       0., 3.72856064e-03, 1.86428032e-03, 0., 2.60999240e-03,
       1.86428032e-03, 1.86428032e-03, 7.45712139e-04, 3.72856070e-04,
       3.72856070e-04, 1.49142428e-03, 7.45712139e-04, 3.72856070e-04,
       3.72856070e-04, 7.45712139e-04, 7.45712139e-04, 2.98284856e-03,
       0., 7.45712139e-04, 7.45712139e-04, 2.60999240e-03, 0.,
       3.35570471e-03, 1.86428032e-03, 7.45712139e-04, 1.49142428e-03,
       0., 3.72856070e-04, 3.72856070e-04, 2.23713648e-03, 0., 0.,
       7.45712139e-04, 3.72856070e-04, 1.11856824e-03, 5.21998480e-03,
       3.72856070e-04, 1.86428032e-03, 4.10141656e-03, 0.,
       7.45712139e-04, 1.11856824e-03, 7.45712139e-04, 1.49142428e-03,
       1.49142428e-03, 3.72856070e-04, 1.49142428e-03, 0.,
       3.72856070e-04, 0., 0., 1.49142428e-03, 1.49142428e-03,
       1.11856824e-03, 3.72856070e-04, 7.45712139e-04, 3.72856064e-03,
       3.35570471e-03, 1.11856824e-03, 0., 1.11856824e-03,
       1.11856824e-03, 1.11856824e-03, 7.45712139e-04, 0.,
       3.72856070e-04, 3.72856070e-04, 2.23713648e-03, 2.23713648e-03,
       3.72856070e-04, 0., 3.72856070e-04, 1.86428032e-03,
       7.45712139e-04, 0., 1.86428032e-03, 1.11856824e-03,
       3.72856070e-04, 0., 1.86428032e-03, 0., 0., 1.49142428e-03,
       3.72856070e-04, 3.72856070e-04, 1.11856824e-03, 1.11856824e-03,
       0., 3.72856070e-04, 3.72856070e-04, 0., 0., 1.11856824e-03,
       7.45712139e-04, 3.72856070e-04, 3.72856070e-04, 4.47427295e-03,
       1.11856824e-03, 1.49142428e-03, 7.45712139e-04, 7.45712139e-04,
       1.86428032e-03, 3.72856070e-04, 1.11856824e-03, 0.,
       5.96569711e-03, 1.86428032e-03, 1.86428032e-03, 4.47427295e-03,
       0., 1.49142428e-03, 1.49142428e-03, 1.11856824e-03,
