%YAML:1.0
m25n: !!opencv-matrix
   rows: 1
   cols: 800
   dt: f
   data: [ 1.64744642e-03, 1.23558484e-03, 6.17792411e-03,
       1.64744642e-03, 0., 0., 8.23723210e-04, 0., 0., 1.35914329e-02,
       4.11861605e-04, 8.23723210e-04, 2.05930811e-03, 2.05930811e-03,
       1.23558484e-03, 0., 4.11861605e-04, 4.11861605e-04,
       1.23558484e-03, 1.64744642e-03, 4.11861605e-04, 1.23558484e-03,
       2.05930811e-03, 4.11861605e-04, 0., 1.23558484e-03,
       1.23558484e-03, 1.64744642e-03, 8.23723210e-04, 0.,
       8.23723210e-04, 8.23723210e-04, 4.11861605e-04, 1.23558484e-03,
       0., 8.23723210e-04, 0., 1.64744642e-03, 2.05930811e-03,
       8.23723210e-04, 0., 0., 4.11861605e-04, 3.70675442e-03,
       8.23723210e-04, 1.23558484e-03, 0., 1.64744642e-03,
       8.23723210e-04, 8.23723210e-04, 4.11861605e-04, 6.58978568e-03,
       0., 1.64744642e-03, 2.47116969e-03, 8.23723210e-04, 0.,
       8.23723210e-04, 0., 2.05930811e-03, 1.23558484e-03,
       1.64744642e-03, 0., 8.23723210e-04, 2.05930811e-03,
       1.23558484e-03, 9.06095561e-03, 8.23723210e-04, 4.11861605e-04,
       8.23723210e-04, 8.23723210e-04, 1.23558484e-03, 4.11861605e-04,
       0., 0., 2.05930811e-03, 8.23723210e-04, 0., 8.23723210e-04, 0.,
       0., 0., 2.88303127e-03, 2.05930811e-03, 4.11861605e-04,
       8.23723210e-04, 6.58978568e-03, 2.05930811e-03, 4.11861605e-04,
       0., 0., 0., 1.23558484e-03, 4.11861605e-04, 1.23558484e-03,
       8.23723210e-04, 5.35420096e-03, 3.29489284e-03, 1.23558484e-03,
       1.64744642e-03, 1.64744642e-03, 2.47116969e-03, 4.11861605e-04,
       0., 1.23558484e-03, 8.23723210e-04, 4.11861605e-04,
       4.11861605e-04, 2.88303127e-03, 0., 1.23558484e-03,
       4.11861605e-04, 4.11861605e-04, 8.23723210e-04, 4.11861605e-04,
       1.64744642e-03, 1.23558484e-03, 4.11861605e-04, 8.23723210e-04,
       8.23723210e-04, 4.53047780e-03, 2.47116969e-03, 0.,
       2.05930811e-03, 2.47116969e-03, 1.64744642e-03, 1.23558484e-03,
       3.29489284e-03, 7.00164726e-03, 2.47116969e-03, 8.23723210e-04,
       1.64744642e-03, 4.11861605e-04, 1.23558484e-03, 1.23558484e-03,
       3.29489284e-03, 2.47116969e-03, 1.23558484e-03, 0., 0., 0.,
       2.88303127e-03, 2.05930811e-03, 8.23723210e-04, 1.23558484e-03,
       1.23558484e-03, 8.23723210e-04, 4.53047780e-03, 2.05930811e-03,
       8.23723210e-04, 0., 8.23723210e-04, 4.11861605e-04,
       2.05930811e-03, 4.11861605e-04, 0., 8.23723210e-04,
       4.11861605e-04, 8.23723210e-04, 8.23723210e-04, 1.23558484e-03,
       2.88303127e-03, 8.23723210e-04, 2.47116969e-03, 1.23558484e-03,
       4.11861605e-04, 3.29489284e-03, 8.23723210e-04, 4.11861605e-04,
       8.23723210e-04, 4.11861605e-04, 7.00164726e-03, 4.11861605e-04,
       0., 1.64744642e-03, 0., 1.64744642e-03, 1.23558484e-03, 0., 0.,
       1.23558484e-03, 8.23723210e-04, 1.64744642e-03, 0.,
       8.23723210e-04, 4.11861605e-04, 4.53047780e-03, 4.11861605e-04,
       4.11861605e-04, 8.23723210e-04, 0., 1.23558484e-03,
       4.11861605e-04, 4.11861605e-04, 1.64744642e-03, 8.23723210e-04,
       4.11861605e-04, 2.05930811e-03, 4.11861605e-04, 4.11861605e-04,
       2.47116969e-03, 2.47116969e-03, 2.88303127e-03, 8.23723210e-04,
       8.23723210e-04, 8.23723210e-04, 2.47116969e-03, 4.11861605e-04,
       1.64744642e-03, 0., 4.11861605e-04, 2.05930811e-03,
       1.23558484e-03, 1.23558484e-03, 0., 1.64744642e-03,
       1.64744642e-03, 8.23723210e-04, 3.70675442e-03, 0.,
       1.35914329e-02, 0., 4.11861605e-04, 1.35914329e-02,
       2.47116969e-03, 1.23558484e-03, 4.11861605e-04, 0.,
       2.47116969e-03, 4.11861605e-04, 8.23723210e-04, 4.11861605e-04,
       8.23723210e-04, 1.23558484e-03, 0., 4.11861605e-04,
       1.23558484e-03, 0., 1.23558484e-03, 8.23723210e-04, 0., 0.,
       1.23558484e-03, 1.64744642e-03, 4.11861623e-03, 1.19439866e-02,
       4.11861605e-04, 4.11861605e-04, 0., 0., 1.23558484e-03,
       4.11861605e-04, 4.11861605e-04, 8.23723210e-04, 0.,
       1.23558484e-03, 8.23723210e-04, 1.23558484e-03, 2.05930811e-03,
       0., 4.11861605e-04, 4.11861605e-04, 6.58978568e-03,
       4.11861605e-04, 0., 8.23723210e-04, 0., 2.05930811e-03, 0.,
       2.88303127e-03, 8.23723210e-04, 4.11861605e-04, 4.11861605e-04,
       1.64744642e-03, 8.23723210e-04, 8.23723210e-04, 8.23723210e-04,
       2.88303127e-03, 4.11861605e-04, 8.23723210e-04, 2.47116969e-03,
       0., 0., 8.23723210e-04, 4.11861605e-04, 1.23558484e-03, 0., 0.,
       4.11861605e-04, 4.11861605e-04, 4.11861605e-04, 1.23558484e-03,
       2.88303127e-03, 3.70675442e-03, 0., 1.64744642e-03,
       4.11861605e-04, 0., 5.76606253e-03, 4.11861605e-04,
       4.11861623e-03, 0., 0., 0., 0., 1.64744642e-03, 1.23558484e-03,
       1.23558484e-03, 1.23558484e-03, 0., 4.11861605e-04,
       2.05930811e-03, 4.11861605e-04, 8.23723210e-04, 4.11861605e-04,
       8.23723210e-04, 8.23723210e-04, 0., 0., 0., 8.23723210e-04,
       8.23723210e-04, 8.23723210e-04, 0., 4.11861605e-04,
       5.76606253e-03, 1.64744642e-03, 2.88303127e-03, 4.11861605e-04,
       7.41350884e-03, 0., 4.11861623e-03, 8.23723210e-04,
       3.29489284e-03, 8.23723210e-04, 1.64744642e-03, 1.64744642e-03,
       3.29489284e-03, 4.11861605e-04, 0., 8.23723210e-04, 0.,
       8.23723210e-04, 2.88303127e-03, 0., 4.11861605e-04,
       1.23558484e-03, 0., 4.11861605e-04, 4.11861605e-04,
       1.64744642e-03, 1.23558484e-03, 1.64744642e-03, 2.05930811e-03,
       4.11861605e-04, 4.11861605e-04, 2.05930811e-03, 8.23723210e-04,
       2.47116969e-03, 1.19439866e-02, 0., 8.23723210e-04,
       3.29489284e-03, 4.11861605e-04, 1.64744642e-03, 4.11861605e-04,
       4.11861605e-04, 1.23558484e-03, 5.35420096e-03, 4.11861605e-04,
       1.64744642e-03, 0., 8.23723210e-04, 0., 0., 8.23723210e-04,
       4.11861605e-04, 4.11861605e-04, 0., 1.64744642e-03,
       2.88303127e-03, 0., 4.11861605e-04, 8.23723210e-04, 0.,
       2.05930811e-03, 0., 4.11861605e-04, 0., 8.23723210e-04,
       4.11861605e-04, 1.23558484e-03, 4.11861605e-04, 1.64744642e-03,
       2.05930811e-03, 0., 4.11861605e-04, 4.11861605e-04,
       2.05930811e-03, 8.23723210e-04, 8.23723210e-04, 8.23723210e-04,
       2.47116969e-03, 4.11861605e-04, 8.23723210e-04, 7.00164726e-03,
       1.64744642e-03, 4.11861605e-04, 1.23558484e-03, 4.11861605e-04,
       0., 8.23723210e-04, 8.23723210e-04, 5.35420096e-03,
       1.64744642e-03, 4.11861605e-04, 1.64744642e-03, 8.23723210e-04,
       1.23558484e-03, 0., 0., 8.23723210e-04, 4.11861605e-04, 0.,
       8.23723210e-04, 1.64744642e-03, 0., 0., 2.05930811e-03,
       4.11861605e-04, 0., 3.70675442e-03, 4.11861605e-04,
       4.11861623e-03, 4.11861605e-04, 1.23558484e-03, 1.23558484e-03,
       4.11861605e-04, 2.88303127e-03, 2.47116969e-03, 0.,
       1.23558484e-03, 4.11861605e-04, 4.11861605e-04, 8.23723210e-04,
       1.23558484e-03, 8.23723210e-04, 0., 4.11861605e-04, 0.,
       7.41350884e-03, 4.11861605e-04, 0., 8.23723210e-04,
       4.11861605e-04, 1.23558484e-03, 8.23723210e-04, 0.,
       1.64744642e-03, 0., 0., 8.23723210e-04, 8.23723210e-04,
       8.23723210e-04, 4.11861605e-04, 8.23723210e-04, 2.88303127e-03,
       0., 4.11861605e-04, 8.23723210e-04, 4.11861605e-04,
       8.23723210e-04, 1.23558484e-03, 8.23723210e-04, 1.23558484e-03,
       0., 1.56507418e-02, 4.11861605e-04, 4.11861605e-04,
       1.23558484e-03, 8.23723210e-04, 4.11861605e-04, 2.88303127e-03,
       4.11861605e-04, 0., 8.23723210e-04, 2.05930811e-03,
       2.05930811e-03, 0., 0., 3.70675442e-03, 8.23723210e-04, 0.,
       2.05930811e-03, 4.11861605e-04, 8.23723210e-04, 4.11861605e-04,
       1.64744642e-03, 4.11861623e-03, 4.53047780e-03, 4.11861605e-04,
       8.23723210e-04, 1.64744642e-03, 1.23558484e-03, 1.23558484e-03,
       2.05930811e-03, 2.88303127e-03, 2.47116969e-03, 1.23558484e-03,
       1.64744642e-03, 8.23723210e-04, 2.47116969e-03, 8.23723210e-04,
       8.23723210e-04, 2.05930811e-03, 4.11861605e-04, 8.23723210e-04,
       1.23558484e-03, 0., 4.11861605e-04, 8.23723210e-04,
