%YAML:1.0
m25n: !!opencv-matrix
   rows: 1
   cols: 800
   dt: f
   data: [ 3.45781469e-03, 3.45781469e-03, 3.45781469e-03,
       6.91562949e-04, 9.22083913e-04, 2.07468891e-03, 3.91885685e-03,
       9.22083913e-04, 9.22083913e-04, 4.61041956e-04, 2.30520978e-04,
       1.15260493e-03, 6.91562949e-04, 1.15260493e-03, 3.45781469e-03,
       2.53573083e-03, 9.22083913e-04, 2.30520978e-04, 6.91562949e-04,
       1.15260493e-03, 2.30520978e-04, 6.91562949e-04, 2.53573083e-03,
       1.61364686e-03, 6.91562949e-04, 4.61041956e-04, 2.30520978e-04,
       2.30520978e-04, 2.07468891e-03, 6.91562949e-04, 2.53573083e-03,
       3.22729372e-03, 1.38312590e-03, 1.61364686e-03, 6.91562949e-04,
       5.76302456e-03, 9.22083913e-04, 1.38312590e-03, 1.38312590e-03,
       6.91562949e-04, 4.37989878e-03, 5.99354552e-03, 4.61041956e-04,
       6.91562949e-04, 1.84416783e-03, 1.38312590e-03, 1.84416783e-03,
       4.37989878e-03, 1.15260493e-03, 4.37989878e-03, 1.38312590e-03,
       1.84416783e-03, 0., 1.15260493e-03, 2.30520978e-04,
       4.61041956e-04, 2.53573083e-03, 2.76625180e-03, 9.22083913e-04,
       2.30520978e-04, 1.15260493e-03, 1.84416783e-03, 1.38312590e-03,
       1.38312590e-03, 6.91562949e-04, 9.22083913e-04, 4.61041956e-04,
       6.91562949e-04, 1.38312590e-03, 1.38312590e-03, 1.15260493e-03,
       1.38312590e-03, 2.30520987e-03, 1.38312590e-03, 2.30520987e-03,
       9.22083913e-04, 1.15260493e-03, 2.07468891e-03, 2.07468891e-03,
       1.84416783e-03, 1.15260493e-03, 0., 1.15260493e-03,
       2.30520987e-03, 2.53573083e-03, 1.38312590e-03, 1.15260493e-03,
       3.68833565e-03, 6.91562949e-04, 4.61041956e-04, 4.61041956e-04,
       2.30520978e-04, 2.30520978e-04, 4.61041956e-04, 9.22083913e-04,
       1.61364686e-03, 2.07468891e-03, 1.15260493e-03, 2.30520978e-04,
       9.22083913e-04, 0., 2.53573083e-03, 2.76625180e-03,
       4.37989878e-03, 1.38312590e-03, 1.38312590e-03, 1.38312590e-03,
       1.61364686e-03, 1.61364686e-03, 4.61041956e-04, 1.61364686e-03,
       4.61041956e-04, 2.30520978e-04, 1.38312590e-03, 1.38312590e-03,
       6.91562949e-04, 6.91562949e-04, 1.15260493e-03, 1.84416783e-03,
       6.91562949e-04, 4.61041956e-04, 1.15260493e-03, 4.61041956e-04,
       1.84416783e-03, 1.84416783e-03, 4.61041956e-04, 1.38312590e-03,
       1.84416783e-03, 4.61041956e-04, 2.30520987e-03, 1.84416783e-03,
       4.37989878e-03, 6.91562949e-04, 2.07468891e-03, 9.22083913e-04,
       4.14937781e-03, 4.61041956e-04, 4.61041956e-04, 2.07468891e-03,
       2.30520978e-04, 2.30520978e-04, 3.68833565e-03, 6.91562949e-04,
       1.15260493e-03, 9.22083913e-04, 0., 2.07468891e-03, 0.,
       3.91885685e-03, 1.38312590e-03, 4.61041956e-04, 4.61041956e-04,
       1.15260493e-03, 1.15260493e-03, 0., 9.22083913e-04,
       2.30520978e-04, 4.61041956e-04, 2.30520978e-04, 6.91562949e-04,
       1.15260493e-03, 9.22083913e-04, 6.91562949e-04, 9.22083913e-04,
       2.30520978e-04, 6.91562949e-04, 2.30520978e-04, 1.38312590e-03,
       6.91562949e-04, 4.61041956e-04, 1.38312590e-03, 1.61364686e-03,
       1.84416783e-03, 9.22083913e-04, 6.91562949e-04, 1.61364686e-03,
       6.91562949e-04, 2.30520978e-04, 4.61041956e-04, 1.38312590e-03,
       3.22729372e-03, 4.37989878e-03, 2.53573083e-03, 2.99677276e-03,
       2.30520978e-04, 1.38312590e-03, 1.61364686e-03, 1.38312590e-03,
       9.22083913e-04, 2.30520978e-04, 4.61041956e-04, 6.91562949e-04,
       1.38312590e-03, 2.30520978e-04, 6.91562949e-04, 6.91562949e-04,
       6.91562949e-04, 4.61041956e-04, 1.15260493e-03, 2.30520978e-04,
       9.22083913e-04, 6.91562949e-04, 1.31396959e-02, 6.91562949e-04,
       9.22083913e-04, 1.84416783e-03, 2.76625180e-03, 2.99677276e-03,
       4.61041956e-04, 2.30520987e-03, 9.22083913e-04, 6.91562949e-04,
       2.99677276e-03, 1.84416783e-03, 2.53573083e-03, 1.84416783e-03,
       6.91562949e-04, 6.91562949e-04, 9.22083913e-04, 1.61364686e-03,
       4.61041956e-04, 1.61364686e-03, 9.22083913e-04, 9.22083913e-04,
       6.91562949e-04, 2.30520978e-04, 6.91562949e-04, 9.22083913e-04,
       9.22083913e-04, 4.14937781e-03, 9.22083913e-04, 1.15260493e-03,
       2.30520978e-04, 6.91562949e-04, 6.91562949e-04, 9.22083913e-04,
       2.30520987e-03, 9.22083913e-04, 1.38312590e-03, 2.30520978e-04,
       1.61364686e-03, 1.38312590e-03, 9.22083913e-04, 9.22083913e-04,
       2.30520987e-03, 1.15260493e-03, 3.22729372e-03, 1.38312590e-03,
       6.91562949e-04, 9.22083913e-04, 1.15260493e-03, 6.91562949e-04,
       1.15260493e-03, 1.84416783e-03, 6.91562949e-04, 0.,
       2.30520987e-03, 2.30520987e-03, 4.61041956e-04, 2.53573083e-03,
       2.53573083e-03, 0., 2.30520978e-04, 1.84416783e-03,
       9.22083913e-04, 6.91562949e-04, 1.15260493e-03, 2.30520987e-03,
       6.91562949e-04, 4.61041956e-04, 1.38312590e-03, 9.22083913e-04,
       4.61041956e-04, 2.30520978e-04, 2.30520978e-04, 9.22083913e-04,
       4.61041956e-04, 5.99354552e-03, 6.91562949e-04, 9.22083913e-04,
       4.14937781e-03, 2.30520987e-03, 6.91562949e-04, 1.61364686e-03,
       2.30520978e-04, 9.22083913e-04, 1.15260493e-03, 2.30520978e-04,
       2.30520978e-04, 1.38312590e-03, 2.30520978e-04, 2.30520978e-04,
       4.61041956e-04, 0., 6.91562949e-04, 6.91562949e-04,
       6.91562949e-04, 9.22083913e-04, 6.91562949e-04, 9.22083913e-04,
       3.68833565e-03, 1.15260493e-03, 4.61041956e-04, 6.91562949e-04,
       4.61041956e-04, 1.15260493e-03, 4.61041956e-04, 1.61364686e-03,
       2.30520978e-04, 3.45781469e-03, 2.07468891e-03, 9.22083913e-04,
       1.15260493e-03, 1.15260493e-03, 1.15260493e-03, 6.91562949e-04,
       2.30520978e-04, 6.91562949e-04, 9.22083913e-04, 1.61364686e-03,
       0., 1.84416783e-03, 4.61041956e-04, 9.22083913e-04,
       6.91562949e-04, 3.22729372e-03, 4.61041956e-04, 1.15260493e-03,
       4.61041956e-04, 2.30520978e-04, 9.22083913e-04, 1.38312590e-03,
       2.30520987e-03, 1.61364686e-03, 1.38312590e-03, 2.30520978e-04,
       9.22083913e-04, 6.91562949e-04, 9.22083913e-04, 1.84416783e-03,
       1.38312590e-03, 4.61041956e-04, 1.84416783e-03, 2.30520987e-03,
       4.61041956e-04, 6.91562949e-04, 9.22083913e-04, 1.15260493e-03,
       0., 1.15260493e-03, 6.91562949e-04, 6.91562949e-04,
       1.38312590e-03, 4.61041956e-04, 3.45781469e-03, 9.22083913e-04,
       0., 9.22083913e-04, 4.61041956e-04, 1.61364686e-03,
       9.22083913e-04, 1.15260493e-03, 1.15260493e-03, 2.53573083e-03,
       1.15260493e-03, 1.61364686e-03, 6.91562949e-04, 6.91562949e-04,
       4.61041956e-04, 1.61364686e-03, 4.37989878e-03, 4.61041956e-04,
       2.76625180e-03, 4.61041956e-04, 6.91562949e-04, 4.61041956e-04,
       3.22729372e-03, 1.38312590e-03, 2.99677276e-03, 2.30520978e-04,
       1.15260493e-03, 1.84416783e-03, 9.22083913e-04, 9.22083913e-04,
       9.22083913e-04, 1.15260493e-03, 1.61364686e-03, 2.30520978e-04,
       1.84416783e-03, 9.22083913e-04, 6.91562949e-04, 1.61364686e-03,
       1.84416783e-03, 1.84416783e-03, 1.38312590e-03, 2.76625180e-03,
       1.61364686e-03, 1.15260493e-03, 2.30520987e-03, 2.76625180e-03,
       1.15260493e-03, 9.22083913e-04, 4.61041956e-04, 1.61364686e-03,
       4.61041956e-04, 4.61041956e-04, 2.76625180e-03, 1.15260493e-03,
       1.61364686e-03, 4.61041956e-04, 1.61364686e-03, 1.61364686e-03,
       9.22083913e-04, 2.07468891e-03, 9.22083913e-04, 6.22406648e-03,
       4.61041956e-04, 1.38312590e-03, 1.61364686e-03, 6.91562949e-04,
       6.91562949e-04, 1.61364686e-03, 2.30520978e-04, 2.30520987e-03,
       1.38312590e-03, 6.91562949e-04, 1.84416783e-03, 4.61041956e-04,
       1.61364686e-03, 2.30520978e-04, 6.91562949e-04, 9.22083913e-04,
       6.91562949e-04, 4.61041956e-04, 9.22083913e-04, 1.15260493e-03,
       6.91562949e-04, 6.91562949e-04, 1.15260493e-03, 0.,
       4.61041956e-04, 0., 4.61041956e-04, 1.61364686e-03,
       4.61041956e-04, 2.30520978e-04, 5.30198263e-03, 1.61364686e-03,
       9.22083913e-04, 1.38312590e-03, 0., 2.30520978e-04,
       1.15260493e-03, 2.30520978e-04, 3.91885685e-03, 2.30520987e-03,
