%YAML:1.0
m25n: !!opencv-matrix
   rows: 1
   cols: 800
   dt: f
   data: [ 3.73831776e-04, 0., 1.12149538e-03, 3.73831776e-04,
       2.99065420e-03, 0., 3.73831776e-04, 0., 7.47663551e-04,
       7.47663551e-04, 5.23364497e-03, 1.49532710e-03, 3.73831776e-04,
       3.73831764e-03, 0., 3.36448592e-03, 1.86915882e-03, 0.,
       1.49532710e-03, 2.99065420e-03, 3.73831776e-04, 2.99065420e-03,
       1.49532710e-03, 7.47663551e-04, 0., 1.12149538e-03,
       7.47663551e-04, 2.99065420e-03, 5.98130841e-03, 2.61682249e-03,
       7.47663551e-04, 7.47663551e-04, 1.86915882e-03, 7.47663551e-04,
       3.73831776e-04, 1.12149538e-03, 7.47663551e-04, 7.47663551e-04,
       1.12149538e-03, 3.73831776e-04, 7.47663551e-04, 1.49532710e-03,
       1.12149538e-03, 3.73831776e-04, 7.47663551e-04, 2.24299077e-03,
       0., 4.11214959e-03, 3.73831776e-04, 0., 7.47663551e-04,
       1.49532710e-03, 1.49532710e-03, 3.73831776e-04, 1.49532710e-03,
       1.12149538e-03, 0., 2.99065420e-03, 2.24299077e-03,
       3.73831776e-04, 7.47663551e-04, 0., 2.61682249e-03, 0.,
       1.86915882e-03, 0., 2.99065420e-03, 3.73831776e-04,
       7.47663551e-04, 3.73831776e-04, 3.73831764e-03, 1.12149538e-03,
       0., 2.99065420e-03, 7.47663551e-04, 1.49532710e-03, 0., 0.,
       2.61682249e-03, 7.47663551e-04, 3.73831776e-04, 3.73831776e-04,
       1.49532710e-03, 1.12149538e-03, 1.86915882e-03, 1.12149538e-03,
       3.73831776e-04, 1.86915882e-03, 4.11214959e-03, 7.47663551e-04,
       7.47663551e-04, 3.73831776e-04, 0., 0., 3.73831776e-04,
       7.47663551e-04, 3.73831776e-04, 2.99065420e-03, 1.49532710e-03,
       1.49532710e-03, 1.12149538e-03, 0., 0., 3.73831776e-04, 0.,
       4.48598154e-03, 4.48598154e-03, 7.47663551e-04, 2.24299077e-03,
       1.12149538e-03, 1.12149538e-03, 2.99065420e-03, 7.85046723e-03,
       7.47663551e-04, 3.73831764e-03, 1.12149538e-03, 0.,
       7.47663551e-04, 7.47663551e-04, 3.73831776e-04, 7.47663551e-04,
       2.24299077e-03, 0., 1.49532710e-03, 3.73831776e-04,
       1.86915882e-03, 2.24299077e-03, 7.47663551e-04, 3.73831764e-03,
       1.86915882e-03, 3.73831776e-04, 1.12149538e-03, 2.24299077e-03,
       7.47663551e-04, 2.24299077e-03, 0., 3.73831776e-04,
       3.73831776e-04, 1.12149538e-03, 1.49532710e-03, 1.49532710e-03,
       7.47663551e-04, 3.73831776e-04, 2.99065420e-03, 0.,
       3.73831776e-04, 3.73831776e-04, 3.73831776e-04, 0.,
       7.47663551e-04, 1.12149538e-03, 7.47663551e-04, 1.86915882e-03,
       1.12149538e-03, 7.47663551e-04, 3.73831776e-04, 0.,
       2.61682249e-03, 3.73831776e-04, 2.99065420e-03, 0.,
       3.73831764e-03, 7.47663551e-04, 1.86915882e-03, 7.47663551e-04,
       3.73831776e-04, 1.49532710e-03, 3.73831776e-04, 0., 0.,
       1.86915882e-03, 1.12149538e-03, 1.86915882e-03, 3.73831776e-04,
       0., 3.73831776e-04, 7.47663551e-04, 7.47663551e-04,
       5.23364497e-03, 0., 0., 7.10280379e-03, 3.73831776e-04,
       1.49532710e-03, 1.49532710e-03, 0., 0., 1.86915882e-03,
       3.73831776e-04, 1.12149538e-03, 0., 1.49532710e-03,
       1.49532710e-03, 3.73831776e-04, 2.24299077e-03, 1.12149538e-03,
       1.49532710e-03, 1.49532710e-03, 7.47663551e-04, 1.12149538e-03,
       7.47663528e-03, 7.47663551e-04, 3.36448592e-03, 1.12149538e-03,
       0., 1.12149538e-03, 1.12149538e-03, 1.49532710e-03,
       1.12149538e-03, 0., 3.73831764e-03, 1.49532710e-03, 0.,
       7.47663551e-04, 2.24299077e-03, 3.73831776e-04, 3.36448592e-03,
       1.12149538e-03, 7.47663551e-04, 1.86915882e-03, 7.47663551e-04,
       2.99065420e-03, 2.99065420e-03, 1.86915882e-03, 1.12149538e-03,
       3.73831776e-04, 3.36448592e-03, 1.86915882e-03, 3.73831776e-04,
       1.49532710e-03, 2.24299077e-03, 1.86915882e-03, 2.24299077e-03,
       1.49532710e-03, 1.12149538e-03, 1.86915882e-03, 2.24299077e-03,
       2.61682249e-03, 7.47663551e-04, 3.73831764e-03, 1.86915882e-03,
       7.47663551e-04, 7.47663551e-04, 2.24299077e-03, 0.,
       3.73831776e-04, 1.12149538e-03, 2.99065420e-03, 3.73831776e-04,
       4.11214959e-03, 2.24299077e-03, 2.24299077e-03, 3.73831776e-04,
       3.73831776e-04, 3.73831776e-04, 1.12149538e-03, 2.61682249e-03,
       1.86915882e-03, 4.11214959e-03, 5.60747646e-03, 1.12149538e-03,
       7.47663551e-04, 7.47663551e-04, 0., 0., 3.73831776e-04,
       1.12149538e-03, 7.47663551e-04, 0., 2.61682249e-03,
       3.73831764e-03, 1.49532710e-03, 0., 2.24299077e-03,
       7.47663551e-04, 2.61682249e-03, 1.12149538e-03, 3.73831776e-04,
       7.47663551e-04, 1.12149538e-03, 7.47663551e-04, 1.12149538e-03,
       3.73831764e-03, 2.61682249e-03, 7.47663551e-04, 1.86915882e-03,
       1.12149538e-03, 4.48598154e-03, 0., 2.24299077e-03,
       3.36448592e-03, 3.73831776e-04, 7.47663551e-04, 1.86915882e-03,
       1.49532710e-03, 1.12149538e-03, 0., 7.47663551e-04,
       4.11214959e-03, 0., 3.36448592e-03, 1.49532710e-03,
       6.35514036e-03, 7.47663551e-04, 3.73831776e-04, 0.,
       3.73831776e-04, 3.73831776e-04, 3.73831764e-03, 7.47663551e-04,
       1.12149538e-03, 3.73831776e-04, 5.23364497e-03, 7.47663551e-04,
       0., 1.49532710e-03, 2.24299077e-03, 2.24299077e-03,
       3.73831776e-04, 7.47663551e-04, 1.12149538e-03, 1.49532710e-03,
       1.12149538e-03, 7.47663551e-04, 1.12149538e-03, 2.99065420e-03,
       1.12149538e-03, 3.73831776e-04, 7.47663551e-04, 1.86915882e-03,
       1.86915882e-03, 0., 2.99065420e-03, 0., 3.73831776e-04,
       7.47663551e-04, 7.47663551e-04, 0., 3.73831776e-04,
       3.73831776e-04, 1.49532710e-03, 3.73831776e-04, 7.47663551e-04,
       2.61682249e-03, 1.49532710e-03, 2.24299077e-03, 0.,
       7.47663551e-04, 0., 1.49532710e-03, 2.24299077e-03,
       1.86915882e-03, 7.47663551e-04, 2.24299077e-03, 3.73831776e-04,
       0., 4.48598154e-03, 1.12149538e-03, 1.12149538e-03,
       2.24299077e-03, 1.49532710e-03, 1.12149538e-03, 1.12149538e-03,
       3.73831776e-04, 7.47663551e-04, 7.47663551e-04, 1.49532710e-03,
       3.73831776e-04, 1.12149538e-03, 0., 7.10280379e-03,
       1.49532710e-03, 7.47663551e-04, 3.73831776e-04, 1.45794395e-02,
       3.73831776e-04, 0., 0., 1.12149538e-03, 2.24299077e-03, 0., 0.,
       1.86915882e-03, 1.12149538e-03, 0., 1.49532710e-03,
       1.12149538e-03, 0., 2.24299077e-03, 2.61682249e-03,
       7.47663551e-04, 3.73831776e-04, 1.12149538e-03, 2.61682249e-03,
       1.86915882e-03, 1.12149538e-03, 7.47663551e-04, 3.73831776e-04,
       2.61682249e-03, 1.49532710e-03, 3.73831776e-04, 4.48598154e-03,
       1.12149538e-03, 7.47663551e-04, 1.49532710e-03, 3.73831776e-04,
       3.73831776e-04, 2.24299077e-03, 3.73831776e-04, 0.,
       3.73831776e-04, 1.12149538e-03, 3.73831776e-04, 3.36448592e-03,
       0., 7.47663551e-04, 0., 1.49532710e-03, 0., 2.61682249e-03,
       7.47663551e-04, 7.47663551e-04, 1.86915882e-03, 0., 0.,
       3.73831776e-04, 1.86915882e-03, 7.47663551e-04, 0.,
       1.12149538e-03, 7.47663551e-04, 1.49532710e-03, 5.98130841e-03,
       7.47663551e-04, 7.47663551e-04, 1.86915882e-03, 7.47663551e-04,
       0., 1.49532710e-03, 7.47663551e-04, 2.61682249e-03,
       3.73831776e-04, 7.47663551e-04, 1.49532710e-03, 7.47663551e-04,
       7.47663551e-04, 0., 3.73831776e-04, 3.73831776e-04,
       3.73831776e-04, 1.49532710e-03, 7.47663551e-04, 7.47663551e-04,
       5.23364497e-03, 2.99065420e-03, 1.12149538e-03, 1.12149538e-03,
       1.49532710e-03, 1.12149538e-03, 1.12149538e-03, 7.47663551e-04,
       0., 3.73831776e-04, 0., 7.47663551e-04, 2.99065420e-03,
       3.73831776e-04, 7.47663551e-04, 1.12149538e-03, 1.49532710e-03,
       3.73831776e-04, 0., 3.73831776e-04, 1.86915882e-03, 0., 0.,
       3.73831776e-04, 3.73831776e-04, 3.73831776e-04, 1.86915882e-03,
       3.73831776e-04, 0., 1.12149538e-03, 7.47663551e-04, 0.,
       3.73831776e-04, 7.47663551e-04, 0., 0., 1.86915882e-03,
       1.12149538e-03, 0., 3.73831776e-04, 5.60747646e-03,
       1.49532710e-03, 1.49532710e-03, 7.47663551e-04, 3.73831776e-04,
       2.61682249e-03, 7.47663551e-04, 3.73831776e-04, 0.,
