%YAML:1.0
m25n: !!opencv-matrix
   rows: 1
   cols: 800
   dt: f
   data: [ 8.74890655e-04, 8.74890655e-04, 2.18722667e-03,
       1.31233595e-03, 2.18722667e-03, 4.37445327e-04, 1.31233595e-03,
       1.31233595e-03, 1.31233595e-03, 3.49956262e-03, 1.31233595e-03,
       8.74890655e-04, 4.37445327e-04, 3.06211738e-03, 8.74890655e-04,
       2.18722667e-03, 2.18722667e-03, 4.37445327e-04, 8.74890655e-04,
       8.74890655e-04, 1.31233595e-03, 1.74978131e-03, 2.18722667e-03,
       8.74890655e-04, 4.37445327e-04, 1.74978131e-03, 2.62467191e-03,
       3.93700786e-03, 7.43657071e-03, 0., 8.74890655e-04,
       2.62467191e-03, 3.49956262e-03, 1.31233595e-03, 8.74890655e-04,
       1.74978131e-03, 0., 1.31233595e-03, 2.62467191e-03,
       8.74890655e-04, 2.18722667e-03, 1.31233595e-03, 4.37445327e-04,
       1.74978131e-03, 1.74978131e-03, 2.18722667e-03, 0.,
       1.31233595e-03, 4.37445327e-04, 0., 2.18722667e-03,
       1.74978131e-03, 3.06211738e-03, 4.37445327e-04, 1.74978131e-03,
       8.74890655e-04, 8.74890655e-04, 2.62467191e-03, 1.74978131e-03,
       8.74890655e-04, 1.74978131e-03, 1.31233595e-03, 0.,
       1.31233595e-03, 8.74890655e-04, 4.37445327e-04, 0.,
       1.74978131e-03, 8.74890655e-04, 4.37445327e-04, 8.74890655e-04,
       1.31233595e-03, 8.74890655e-04, 8.74890655e-04, 1.74978131e-03,
       0., 0., 0., 8.74890655e-04, 0., 1.31233595e-03, 0., 0.,
       1.74978131e-03, 1.31233595e-03, 4.37445333e-03, 8.74890655e-04,
       2.18722667e-03, 4.37445327e-04, 4.37445327e-04, 1.31233595e-03,
       8.74890655e-04, 1.31233595e-03, 8.74890655e-04, 4.37445327e-04,
       0., 1.31233595e-03, 0., 1.31233595e-03, 4.37445327e-04,
       1.74978131e-03, 2.62467191e-03, 1.31233595e-03, 0.,
       4.37445327e-04, 6.99912524e-03, 2.18722667e-03, 8.74890655e-04,
       2.18722667e-03, 8.74890655e-04, 4.37445327e-04, 8.74890655e-04,
       8.31146166e-03, 0., 2.62467191e-03, 0., 3.06211738e-03,
       2.18722667e-03, 3.06211738e-03, 4.37445327e-04, 8.74890655e-04,
       1.74978131e-03, 3.49956262e-03, 3.49956262e-03, 0., 0.,
       8.74890655e-04, 3.93700786e-03, 4.81189881e-03, 1.31233595e-03,
       4.37445327e-04, 1.31233595e-03, 1.74978131e-03, 8.74890655e-04,
       8.74890655e-04, 4.37445327e-04, 1.74978131e-03, 4.37445327e-04,
       0., 4.37445327e-04, 2.18722667e-03, 4.37445327e-04,
       1.31233595e-03, 3.06211738e-03, 4.37445327e-04, 1.31233595e-03,
       8.74890655e-04, 1.74978131e-03, 4.37445327e-04, 1.74978131e-03,
       0., 0., 1.31233595e-03, 1.31233595e-03, 4.37445327e-04,
       2.18722667e-03, 4.37445327e-04, 0., 1.31233595e-03,
       2.18722667e-03, 1.31233595e-03, 0., 2.18722667e-03,
       8.74890655e-04, 4.37445327e-04, 0., 0., 1.74978131e-03,
       1.74978131e-03, 4.37445327e-04, 1.31233595e-03, 6.12423476e-03,
       1.31233595e-03, 1.74978131e-03, 4.37445327e-04, 0.,
       2.62467191e-03, 8.74890655e-04, 8.74890655e-04, 0.,
       8.74890655e-04, 3.93700786e-03, 8.74890655e-04, 0.,
       8.74890655e-04, 4.37445327e-04, 1.74978131e-03, 4.37445327e-04,
       0., 2.18722667e-03, 0., 2.18722667e-03, 1.74978131e-03, 0., 0.,
       4.37445327e-04, 4.37445327e-04, 1.31233595e-03, 3.06211738e-03,
       4.37445327e-04, 1.74978131e-03, 8.74890655e-04, 4.37445327e-04,
       2.18722667e-03, 1.74978131e-03, 8.74890655e-04, 3.93700786e-03,
       4.37445327e-04, 2.18722667e-03, 0., 8.74890655e-04,
       4.37445327e-04, 4.37445327e-04, 0., 1.74978131e-03,
       4.81189881e-03, 1.74978131e-03, 1.31233595e-03, 8.74890655e-04,
       1.31233595e-03, 4.37445327e-04, 1.31233595e-03, 4.37445327e-04,
       1.31233595e-03, 0., 8.74890655e-04, 2.62467191e-03,
       4.37445327e-04, 1.31233595e-03, 2.18722667e-03, 1.74978131e-03,
       8.74890655e-04, 2.18722667e-03, 8.74890655e-04, 8.74890655e-04,
       0., 2.18722667e-03, 2.18722667e-03, 2.18722667e-03,
       2.62467191e-03, 4.37445327e-04, 2.62467191e-03, 8.74890655e-04,
       8.74890655e-04, 0., 4.37445327e-04, 2.62467191e-03,
       1.31233595e-03, 4.37445327e-04, 0., 0., 8.74890655e-04,
       1.74978131e-03, 8.74890655e-04, 8.74890655e-04, 8.74890655e-04,
       1.74978131e-03, 4.37445327e-04, 4.37445327e-04, 4.37445333e-03,
       8.74890655e-04, 4.37445327e-04, 4.37445327e-04, 4.37445327e-04,
       8.74890655e-04, 1.31233595e-03, 3.06211738e-03, 8.74890655e-04,
       1.31233595e-03, 8.74890655e-04, 1.31233595e-03, 1.31233595e-03,
       1.74978131e-03, 1.31233595e-03, 0., 4.37445327e-04,
       8.74890655e-04, 0., 1.31233595e-03, 2.62467191e-03,
       2.62467191e-03, 1.74978131e-03, 2.62467191e-03, 8.74890655e-04,
       2.18722667e-03, 3.06211738e-03, 2.62467191e-03, 1.74978131e-03,
       0., 1.31233595e-03, 0., 1.74978131e-03, 4.37445327e-04,
       1.31233595e-03, 4.37445327e-04, 1.74978131e-03, 1.74978131e-03,
       8.74890655e-04, 4.37445327e-04, 5.68678929e-03, 1.31233595e-03,
       8.74890655e-04, 4.37445333e-03, 8.74890655e-04, 0.,
       4.37445327e-04, 1.74978131e-03, 5.24934381e-03, 3.93700786e-03,
       0., 1.31233595e-03, 8.74890655e-04, 0., 4.37445327e-04,
       1.74978131e-03, 9.18635167e-03, 3.93700786e-03, 8.74890655e-04,
       1.31233595e-03, 4.81189881e-03, 2.62467191e-03, 2.18722667e-03,
       8.74890655e-04, 0., 0., 8.74890655e-04, 2.18722667e-03, 0.,
       8.74890655e-04, 1.31233595e-03, 1.31233595e-03, 8.74890655e-04,
       8.74890655e-04, 1.31233595e-03, 4.37445327e-04, 2.18722667e-03,
       1.31233595e-03, 3.06211738e-03, 1.31233595e-03, 8.74890655e-04,
       2.62467191e-03, 4.37445327e-04, 1.31233595e-03, 8.74890655e-04,
       2.18722667e-03, 1.74978131e-03, 4.37445327e-04, 4.37445327e-04,
       1.31233595e-03, 1.31233595e-03, 8.74890655e-04, 1.31233595e-03,
       4.37445327e-04, 3.93700786e-03, 0., 4.37445327e-04,
       8.74890655e-04, 1.31233595e-03, 1.74978131e-03, 1.31233595e-03,
       2.62467191e-03, 1.74978131e-03, 1.31233595e-03, 8.74890655e-04,
       1.31233595e-03, 0., 0., 4.37445327e-04, 1.74978131e-03,
       2.18722667e-03, 3.49956262e-03, 2.62467191e-03, 0.,
       1.74978131e-03, 3.49956262e-03, 0., 8.74890655e-04,
       8.74890655e-04, 4.37445327e-04, 2.18722667e-03, 8.74890655e-04,
       0., 8.74890655e-04, 1.74978131e-03, 4.37445327e-04,
       1.74978131e-03, 8.74890655e-04, 4.37445327e-04, 2.18722667e-03,
       1.74978131e-03, 0., 1.31233595e-03, 3.93700786e-03, 0.,
       8.74890655e-04, 4.37445327e-04, 1.31233595e-03, 1.74978131e-03,
       2.62467191e-03, 2.18722667e-03, 0., 1.31233595e-03,
       2.18722667e-03, 0., 4.37445327e-04, 0., 4.37445327e-04,
       8.74890655e-04, 0., 1.74978131e-03, 0., 8.74890655e-04,
       1.74978131e-03, 1.74978131e-03, 8.74890655e-04, 8.74890655e-04,
       0., 1.31233595e-03, 5.24934381e-03, 1.31233595e-03, 0.,
       4.37445327e-04, 1.31233595e-03, 4.37445327e-04, 0., 0., 0.,
       8.74890655e-04, 4.37445327e-04, 4.37445327e-04, 8.74890655e-04,
       1.31233595e-03, 5.68678929e-03, 8.74890655e-04, 1.74978131e-03,
       8.74890655e-04, 4.37445327e-04, 8.74890655e-04, 8.74890655e-04,
       0., 2.62467191e-03, 8.74890655e-04, 8.74890655e-04,
       4.37445327e-04, 0., 8.74890655e-04, 8.74890655e-04,
       8.74890655e-04, 2.62467191e-03, 4.37445327e-04, 1.31233595e-03,
       4.37445327e-04, 4.37445327e-04, 3.93700786e-03, 8.74890655e-04,
       4.37445327e-04, 8.74890655e-04, 0., 4.37445327e-04,
       1.74978131e-03, 0., 8.74890655e-04, 1.31233595e-03,
       8.74890655e-04, 8.74890655e-04, 1.74978131e-03, 4.37445327e-04,
       1.31233595e-03, 1.74978131e-03, 2.18722667e-03, 1.31233595e-03,
       3.06211738e-03, 8.74890655e-04, 1.31233595e-03, 4.37445327e-04,
       8.74890655e-04, 8.74890655e-04, 1.31233595e-03, 4.37445327e-04,
       2.62467191e-03, 1.31233595e-03, 4.37445327e-04, 8.74890655e-04,
       4.37445327e-04, 1.31233595e-03, 4.37445327e-04, 0.,
       4.37445327e-04, 3.93700786e-03, 8.74890655e-04, 3.06211738e-03,
       4.37445327e-04, 2.18722667e-03, 1.31233595e-03, 8.74890655e-04,
