%YAML:1.0
m25n: !!opencv-matrix
   rows: 1
   cols: 800
   dt: f
   data: [ 0., 0., 0., 8.24402319e-04, 2.47320696e-03, 0.,
       8.24402319e-04, 8.24402319e-04, 4.12201160e-04, 4.53421287e-03,
       1.23660348e-03, 1.64880464e-03, 0., 2.47320696e-03,
       4.12201160e-04, 2.06100568e-03, 1.23660348e-03, 4.12201160e-04,
       1.23660348e-03, 1.64880464e-03, 2.88540823e-03, 2.06100568e-03,
       2.88540823e-03, 0., 1.23660348e-03, 1.23660348e-03,
       5.77081647e-03, 8.24402319e-04, 5.77081647e-03, 0.,
       1.23660348e-03, 2.06100568e-03, 2.88540823e-03, 1.64880464e-03,
       0., 1.23660348e-03, 8.24402319e-04, 8.24402319e-04,
       3.70981032e-03, 0., 4.12201160e-04, 2.47320696e-03,
       2.06100568e-03, 8.24402319e-04, 1.64880464e-03, 1.64880464e-03,
       0., 1.64880464e-03, 0., 0., 2.06100568e-03, 8.24402319e-04,
       2.88540823e-03, 4.12201160e-04, 1.64880464e-03, 8.24402319e-04,
       4.12201160e-04, 4.12201136e-03, 2.06100568e-03, 2.06100568e-03,
       2.06100568e-03, 4.12201160e-04, 2.88540823e-03, 4.12201160e-04,
       2.47320696e-03, 1.23660348e-03, 0., 1.64880464e-03, 0.,
       8.24402319e-04, 2.47320696e-03, 0., 4.12201160e-04,
       1.23660348e-03, 4.12201160e-04, 1.23660348e-03, 0.,
       4.12201160e-04, 1.64880464e-03, 2.88540823e-03, 8.24402319e-04,
       4.12201160e-04, 1.23660348e-03, 1.64880464e-03, 4.12201160e-04,
       3.70981032e-03, 1.23660348e-03, 4.12201160e-04, 1.23660348e-03,
       4.12201160e-04, 0., 1.64880464e-03, 1.23660348e-03,
       4.12201160e-04, 4.12201160e-04, 2.47320696e-03, 2.06100568e-03,
       3.29760928e-03, 8.24402319e-04, 1.64880464e-03, 1.23660348e-03,
       1.23660348e-03, 4.12201160e-04, 1.23660348e-03, 4.12201160e-04,
       2.06100568e-03, 2.06100568e-03, 2.47320696e-03, 4.12201160e-04,
       4.12201160e-04, 4.12201160e-04, 3.29760928e-03, 1.64880464e-03,
       1.64880464e-03, 1.64880464e-03, 0., 0., 4.12201160e-04,
       2.88540823e-03, 1.64880464e-03, 0., 4.12201160e-04,
       6.59521855e-03, 7.00741960e-03, 0., 8.24402319e-04,
       8.24402319e-04, 2.88540823e-03, 2.06100568e-03, 2.47320696e-03,
       2.06100568e-03, 4.12201160e-04, 2.06100568e-03, 2.47320696e-03,
       3.29760928e-03, 0., 1.64880464e-03, 0., 1.64880464e-03,
       8.24402319e-04, 4.94641392e-03, 1.64880464e-03, 0.,
       4.12201160e-04, 8.24402319e-04, 4.12201160e-04, 2.47320696e-03,
       2.06100568e-03, 4.12201160e-04, 0., 1.23660348e-03, 0.,
       1.23660348e-03, 2.06100568e-03, 2.47320696e-03, 1.23660348e-03,
       0., 2.06100568e-03, 4.12201160e-04, 4.12201160e-04,
       4.12201160e-04, 4.12201136e-03, 2.47320696e-03, 0.,
       4.12201160e-04, 8.24402319e-04, 0., 1.64880464e-03,
       2.06100568e-03, 4.12201160e-04, 8.24402319e-04, 9.48062632e-03,
       1.64880464e-03, 0., 8.24402319e-04, 0., 8.24402319e-04,
       8.24402319e-04, 3.29760928e-03, 0., 2.47320696e-03,
       8.24402319e-04, 1.23660348e-03, 0., 4.12201160e-04,
       4.12201160e-04, 3.29760928e-03, 1.23660348e-03, 0.,
       5.77081647e-03, 0., 4.12201160e-04, 4.53421287e-03, 0.,
       1.23660348e-03, 4.12201160e-04, 8.24402319e-04, 2.06100568e-03,
       0., 8.24402319e-04, 8.24402319e-04, 8.24402319e-04,
       2.47320696e-03, 4.12201160e-04, 4.12201160e-04, 1.64880464e-03,
       1.23660348e-03, 6.59521855e-03, 1.64880464e-03, 1.23660348e-03,
       3.29760928e-03, 2.06100568e-03, 0., 0., 4.12201160e-04, 0.,
       4.12201160e-04, 4.12201160e-04, 1.64880464e-03, 1.23660348e-03,
       1.23660348e-03, 0., 0., 3.70981032e-03, 0., 8.24402319e-04,
       2.88540823e-03, 1.23660348e-03, 1.23660348e-03, 1.23660348e-03,
       4.12201136e-03, 1.64880464e-03, 1.23660348e-03, 1.23660348e-03,
       4.12201160e-04, 4.12201136e-03, 2.88540823e-03, 4.12201160e-04,
       1.64880464e-03, 0., 4.12201160e-04, 1.23660348e-03,
       4.12201160e-04, 4.12201136e-03, 8.24402319e-04, 4.12201160e-04,
       2.06100568e-03, 1.64880464e-03, 0., 1.64880464e-03, 0.,
       2.06100568e-03, 2.06100568e-03, 8.24402319e-04, 8.24402319e-04,
       8.24402319e-04, 2.06100568e-03, 3.29760928e-03, 1.64880464e-03,
       4.53421287e-03, 1.64880464e-03, 1.64880464e-03, 4.12201160e-04,
       8.24402319e-04, 2.06100568e-03, 4.12201160e-04, 4.12201160e-04,
       4.12201160e-04, 4.12201160e-04, 3.29760928e-03, 4.12201160e-04,
       0., 1.23660348e-03, 0., 1.23660348e-03, 4.12201160e-04,
       2.06100568e-03, 8.24402319e-04, 4.94641392e-03, 4.12201160e-04,
       2.06100568e-03, 2.47320696e-03, 2.06100568e-03, 4.12201160e-04,
       8.24402319e-04, 6.18301751e-03, 1.64880464e-03, 4.94641392e-03,
       0., 1.64880464e-03, 1.64880464e-03, 8.24402319e-04,
       4.12201160e-04, 1.23660348e-03, 3.29760928e-03, 1.23660348e-03,
       2.47320696e-03, 4.12201160e-04, 2.47320696e-03, 8.24402319e-04,
       2.06100568e-03, 8.24402319e-04, 2.06100568e-03, 2.88540823e-03,
       1.23660348e-03, 4.12201160e-04, 0., 1.23660348e-03,
       1.64880464e-03, 4.12201160e-04, 1.64880464e-03, 0.,
       3.29760928e-03, 4.12201160e-04, 0., 3.29760928e-03,
       1.64880464e-03, 1.64880464e-03, 1.23660348e-03, 6.59521855e-03,
       1.23660348e-03, 1.23660348e-03, 1.23660348e-03, 1.64880464e-03,
       8.24402319e-04, 8.24402319e-04, 1.64880464e-03, 4.12201160e-04,
       2.47320696e-03, 1.23660348e-03, 0., 4.12201160e-04,
       8.24402319e-04, 1.23660348e-03, 4.12201160e-04, 8.24402319e-04,
       4.12201160e-04, 0., 8.24402319e-04, 0., 2.88540823e-03,
       2.06100568e-03, 4.12201160e-04, 8.24402319e-04, 2.47320696e-03,
       2.47320696e-03, 8.24402319e-04, 2.88540823e-03, 8.24402319e-04,
       1.64880464e-03, 8.24402319e-04, 0., 0., 4.12201160e-04,
       8.24402319e-04, 0., 2.06100568e-03, 4.12201160e-04,
       2.47320696e-03, 4.12201160e-04, 2.47320696e-03, 1.64880464e-03,
       1.64880464e-03, 8.24402319e-04, 1.23660348e-03, 1.64880464e-03,
       2.47320696e-03, 4.12201160e-04, 2.47320696e-03, 4.12201160e-04,
       5.77081647e-03, 2.88540823e-03, 4.12201160e-04, 2.06100568e-03,
       3.29760928e-03, 0., 1.23660348e-03, 0., 8.24402319e-04,
       4.12201160e-04, 4.12201160e-04, 4.12201160e-04, 2.88540823e-03,
       1.64880464e-03, 0., 1.23660348e-03, 1.64880464e-03,
       2.47320696e-03, 1.23660348e-03, 1.64880464e-03, 1.23660348e-03,
       1.64880464e-03, 4.12201160e-04, 2.47320696e-03, 2.88540823e-03,
       0., 1.23660348e-03, 4.12201160e-04, 1.64880464e-03,
       1.23660348e-03, 4.12201160e-04, 3.29760928e-03, 0.,
       4.12201160e-04, 2.06100568e-03, 4.12201160e-04, 4.12201160e-04,
       8.24402319e-04, 8.24402319e-04, 2.47320696e-03, 0.,
       1.64880464e-03, 1.23660348e-03, 5.35861496e-03, 8.24402319e-04,
       4.12201160e-04, 0., 8.24402319e-04, 2.47320696e-03,
       4.12201160e-04, 4.12201160e-04, 1.64880464e-03, 1.64880464e-03,
       4.12201160e-04, 2.06100568e-03, 8.24402319e-04, 4.12201160e-04,
       8.24402319e-04, 1.23660348e-03, 2.06100568e-03, 4.12201160e-04,
       1.23660348e-03, 4.12201160e-04, 0., 8.24402319e-04,
       2.06100568e-03, 0., 1.23660348e-03, 1.64880464e-03, 0., 0.,
       8.24402319e-04, 1.64880464e-03, 8.24402319e-04, 1.23660348e-03,
       0., 4.12201160e-04, 8.24402319e-04, 4.12201160e-04,
       4.12201160e-04, 1.64880464e-03, 0., 8.24402319e-04,
       1.64880464e-03, 4.12201160e-04, 4.12201160e-04, 0.,
       4.12201160e-04, 2.47320696e-03, 8.24402319e-04, 2.06100568e-03,
       1.23660348e-03, 2.06100568e-03, 1.23660348e-03, 2.06100568e-03,
       4.12201160e-04, 8.24402319e-04, 4.12201160e-04, 3.29760928e-03,
       2.06100568e-03, 4.12201160e-04, 2.88540823e-03, 1.23660348e-03,
       2.06100568e-03, 8.24402319e-04, 0., 0., 0., 8.24402319e-04,
       2.06100568e-03, 2.06100568e-03, 4.12201160e-04, 8.24402319e-04,
       4.12201160e-04, 4.12201160e-04, 0., 2.06100568e-03,
       8.24402319e-04, 4.12201136e-03, 1.64880464e-03, 1.23660348e-03,
       1.23660348e-03, 1.64880464e-03, 2.06100568e-03, 1.23660348e-03,
       1.64880464e-03, 8.24402319e-04, 4.12201160e-04, 1.23660348e-03,
