%YAML:1.0
m25n: !!opencv-matrix
   rows: 1
   cols: 800
   dt: f
   data: [ 1.24069478e-03, 8.27129872e-04, 1.24069478e-03, 0.,
       1.65425974e-03, 0., 0., 1.24069478e-03, 1.65425974e-03,
       2.48138956e-03, 0., 1.65425974e-03, 8.27129872e-04,
       2.48138956e-03, 3.30851949e-03, 2.89495452e-03, 0.,
       3.30851949e-03, 8.27129872e-04, 1.24069478e-03, 4.13564936e-04,
       1.24069478e-03, 8.27129872e-04, 0., 3.30851949e-03,
       1.24069478e-03, 4.13564936e-04, 8.27129872e-04, 8.27129872e-04,
       2.48138956e-03, 0., 0., 2.89495452e-03, 2.06782459e-03, 0.,
       1.24069478e-03, 4.13564936e-04, 2.48138956e-03, 1.65425974e-03,
       4.13564936e-04, 1.24069478e-03, 1.24069478e-03, 4.13564936e-04,
       2.06782459e-03, 8.27129872e-04, 4.13564936e-04, 4.13564936e-04,
       3.72208445e-03, 2.48138956e-03, 0., 4.13564936e-04,
       8.27129872e-04, 4.13564936e-04, 2.06782459e-03, 1.24069478e-03,
       1.24069478e-03, 4.13564936e-04, 5.37634408e-03, 8.27129872e-04,
       2.48138956e-03, 2.06782459e-03, 4.13564936e-04, 8.27129872e-04,
       1.24069478e-03, 2.89495452e-03, 4.13564936e-04, 1.24069478e-03,
       2.89495452e-03, 8.27129872e-04, 4.13564936e-04, 4.13564936e-04,
       0., 0., 4.13564936e-04, 2.48138956e-03, 8.27129872e-04, 0., 0.,
       1.24069478e-03, 1.65425974e-03, 4.13564936e-04, 0.,
       1.65425974e-03, 8.27129872e-04, 1.65425974e-03, 0.,
       4.13564936e-04, 1.65425974e-03, 4.13564936e-04, 1.65425974e-03,
       4.13564936e-04, 1.24069478e-03, 2.48138956e-03, 8.27129872e-04,
       4.13564936e-04, 4.13564936e-04, 4.13564936e-04, 8.27129872e-04,
       2.48138956e-03, 1.24069478e-03, 4.13564936e-04, 1.65425974e-03,
       8.27129872e-04, 2.89495452e-03, 8.27129872e-04, 7.44416891e-03,
       8.27129872e-04, 1.65425974e-03, 1.24069478e-03, 8.27129872e-04,
       4.13564936e-04, 2.89495452e-03, 8.27129872e-04, 8.27129872e-04,
       1.65425974e-03, 0., 0., 1.24069478e-03, 4.13564936e-04,
       8.27129872e-04, 4.13564936e-04, 2.06782459e-03, 0.,
       6.61703898e-03, 0., 1.24069478e-03, 1.65425974e-03,
       2.89495452e-03, 1.24069480e-02, 8.27129872e-04, 3.72208445e-03,
       2.06782459e-03, 2.48138956e-03, 4.13564936e-04, 2.06782459e-03,
       4.13564936e-04, 1.24069478e-03, 8.27129872e-04, 1.24069478e-03,
       4.13564936e-04, 1.24069478e-03, 2.48138956e-03, 4.13564936e-04,
       2.48138956e-03, 0., 1.24069478e-03, 0., 2.06782459e-03,
       1.65425974e-03, 2.48138956e-03, 0., 0., 2.06782459e-03,
       2.06782459e-03, 4.13564936e-04, 4.13564919e-03, 0.,
       1.24069478e-03, 0., 1.24069478e-03, 0., 8.27129872e-04,
       1.65425974e-03, 2.89495452e-03, 0., 0., 4.13564936e-04,
       2.06782459e-03, 1.24069478e-03, 1.65425974e-03, 1.24069478e-03,
       8.27129872e-04, 2.48138956e-03, 0., 4.13564936e-04,
       4.13564936e-04, 3.30851949e-03, 4.13564936e-04, 1.24069478e-03,
       0., 4.13564936e-04, 2.06782459e-03, 1.65425974e-03,
       1.65425974e-03, 2.48138956e-03, 5.78990905e-03, 0.,
       1.65425974e-03, 0., 8.27129872e-04, 4.13564936e-04,
       8.27129872e-04, 2.89495452e-03, 0., 8.27129872e-04,
       8.27129872e-04, 1.24069478e-03, 1.65425974e-03, 8.27129872e-04,
       2.89495452e-03, 1.24069478e-03, 2.06782459e-03, 1.24069478e-03,
       1.24069478e-03, 0., 1.24069478e-03, 2.89495452e-03,
       8.27129872e-04, 8.27129872e-04, 4.13564936e-04, 4.13564919e-03,
       1.65425974e-03, 2.06782459e-03, 4.13564936e-04, 0., 0.,
       1.24069478e-03, 0., 1.24069478e-03, 1.24069478e-03,
       1.65425974e-03, 4.13564936e-04, 0., 8.27129872e-04, 0.,
       2.06782459e-03, 2.89495452e-03, 4.13564936e-04, 4.13564936e-04,
       8.27129872e-04, 4.13564936e-04, 4.13564936e-04, 8.27129872e-04,
       2.06782459e-03, 1.24069478e-03, 4.13564936e-04, 5.78990905e-03,
       1.24069478e-03, 1.65425974e-03, 0., 2.48138956e-03,
       4.13564936e-04, 1.24069478e-03, 3.72208445e-03, 8.27129872e-04,
       4.13564936e-04, 1.65425974e-03, 1.24069478e-03, 4.13564936e-04,
       1.65425974e-03, 0., 2.06782459e-03, 4.13564936e-04,
       4.13564936e-04, 4.13564936e-04, 1.24069478e-03, 2.89495452e-03,
       1.24069478e-03, 8.27129872e-04, 2.06782459e-03, 1.65425974e-03,
       8.27129872e-04, 8.27129872e-04, 1.65425974e-03, 8.27129872e-04,
       8.27129872e-04, 8.27129872e-04, 8.27129872e-04, 0.,
       4.13564936e-04, 2.06782459e-03, 4.13564936e-04, 4.13564936e-04,
       1.65425974e-03, 8.27129872e-04, 1.65425974e-03, 8.27129872e-04,
       0., 1.24069478e-03, 1.24069478e-03, 1.65425974e-03,
       4.13564936e-04, 4.13564936e-04, 0., 8.27129872e-04,
       8.27129872e-04, 1.24069478e-03, 1.65425974e-03, 0.,
       2.06782459e-03, 1.65425974e-03, 1.65425974e-03, 0.,
       1.24069478e-03, 1.24069478e-03, 1.65425974e-03, 8.27129872e-04,
       1.24069478e-03, 1.24069478e-03, 0., 2.06782459e-03,
       2.89495452e-03, 4.13564936e-04, 1.24069478e-03, 8.27129872e-04,
       2.06782459e-03, 8.27129872e-04, 8.27129837e-03, 1.65425974e-03,
       0., 1.24069478e-03, 7.03060394e-03, 8.27129872e-04,
       8.27129872e-04, 2.06782459e-03, 8.27129872e-04, 4.13564919e-03,
       1.65425974e-03, 4.13564936e-04, 4.13564936e-04, 1.65425974e-03,
       4.13564936e-04, 0., 8.27129872e-04, 0., 3.30851949e-03, 0.,
       2.48138956e-03, 1.65425974e-03, 4.13564936e-04, 1.65425974e-03,
       4.13564936e-04, 0., 8.27129872e-04, 1.24069478e-03,
       1.65425974e-03, 2.89495452e-03, 4.13564936e-04, 1.65425974e-03,
       1.24069478e-03, 4.13564936e-04, 1.65425974e-03, 4.13564936e-04,
       3.72208445e-03, 1.65425974e-03, 2.89495452e-03, 8.27129872e-04,
       4.13564936e-04, 4.54921415e-03, 8.27129872e-04, 4.13564936e-04,
       1.65425974e-03, 0., 1.65425974e-03, 0., 4.13564936e-04,
       4.13564919e-03, 1.24069478e-03, 1.65425974e-03, 4.13564936e-04,
       1.65425974e-03, 4.13564919e-03, 1.24069478e-03, 4.13564936e-04,
       0., 4.13564936e-04, 2.06782459e-03, 0., 0., 8.27129872e-04,
       2.06782459e-03, 1.24069478e-03, 0., 2.06782459e-03,
       2.06782459e-03, 4.13564936e-04, 2.06782459e-03, 0.,
       1.65425974e-03, 4.13564936e-04, 0., 8.27129872e-04,
       1.65425974e-03, 8.27129872e-04, 0., 1.24069478e-03, 0.,
       1.65425974e-03, 1.65425974e-03, 1.65425974e-03, 8.27129872e-04,
       2.06782459e-03, 3.72208445e-03, 1.07526882e-02, 3.30851949e-03,
       4.13564936e-04, 8.27129872e-04, 0., 2.89495452e-03,
       4.13564936e-04, 4.13564936e-04, 1.24069478e-03, 0.,
       7.03060394e-03, 4.13564936e-04, 8.27129872e-04, 1.24069478e-03,
       4.13564936e-04, 4.54921415e-03, 8.27129872e-04, 0.,
       1.24069478e-03, 1.24069478e-03, 8.27129872e-04, 0., 0., 0.,
       1.24069478e-03, 6.61703898e-03, 0., 4.13564936e-04,
       1.65425974e-03, 1.65425974e-03, 4.13564936e-04, 1.24069478e-03,
       8.27129872e-04, 4.13564936e-04, 1.65425974e-03, 3.30851949e-03,
       2.48138956e-03, 1.65425974e-03, 0., 1.36476429e-02,
       4.13564936e-04, 2.89495452e-03, 3.72208445e-03, 0.,
       4.13564936e-04, 8.27129872e-04, 0., 2.06782459e-03,
       8.27129872e-04, 8.27129872e-04, 8.27129872e-04, 0.,
       4.13564936e-04, 0., 1.24069478e-03, 8.27129872e-04,
       3.30851949e-03, 1.65425974e-03, 4.13564936e-04, 1.24069478e-03,
       1.65425974e-03, 0., 1.24069478e-03, 0., 4.13564936e-04,
       8.27129872e-04, 1.24069478e-03, 0., 0., 4.13564936e-04,
       8.27129872e-04, 2.48138956e-03, 2.06782459e-03, 8.27129872e-04,
       1.24069478e-03, 2.06782459e-03, 1.65425974e-03, 4.13564936e-04,
       8.27129872e-04, 4.13564936e-04, 4.13564936e-04, 0., 0.,
       8.27129872e-04, 4.13564936e-04, 8.27129872e-04, 2.06782459e-03,
       2.06782459e-03, 1.65425974e-03, 0., 1.24069478e-03, 0., 0.,
       1.65425974e-03, 0., 3.72208445e-03, 4.13564936e-04,
       5.37634408e-03, 8.27129872e-04, 4.13564936e-04, 0.,
       1.24069478e-03, 3.30851949e-03, 4.13564936e-04, 4.13564936e-04,
       4.13564936e-04, 0., 2.06782459e-03, 8.27129872e-04,
       4.13564936e-04, 0., 8.27129872e-04, 1.07526882e-02, 0., 0.,
