%YAML:1.0
m25n: !!opencv-matrix
   rows: 1
   cols: 800
   dt: f
   data: [ 3.67647066e-04, 0., 2.94117653e-03, 1.10294123e-03,
       1.10294123e-03, 0., 0., 0., 3.67647066e-04, 1.47058826e-03,
       1.83823530e-03, 1.47058826e-03, 7.35294132e-04, 1.10294123e-03,
       1.10294123e-03, 0., 4.41176491e-03, 3.67647066e-04, 0.,
       1.10294123e-03, 3.67647066e-04, 1.10294123e-03, 1.47058826e-03,
       1.80147067e-02, 0., 0., 2.20588245e-03, 1.83823530e-03,
       1.36029413e-02, 1.39705883e-02, 2.20588245e-03, 1.10294123e-03,
       7.35294132e-04, 1.10294123e-03, 7.35294132e-04, 0., 0., 0.,
       7.35294132e-04, 7.35294132e-04, 1.10294123e-03, 7.35294132e-04,
       3.67647066e-04, 3.67647066e-04, 7.35294132e-04, 1.47058826e-03,
       0., 4.04411787e-03, 0., 0., 3.67647066e-04, 1.83823530e-03, 0.,
       0., 1.83823530e-03, 7.35294132e-04, 1.10294123e-03,
       1.83823530e-03, 1.47058826e-03, 0., 3.67647066e-04, 0.,
       7.35294132e-04, 1.10294123e-03, 5.51470602e-03, 7.35294132e-04,
       0., 1.10294123e-03, 1.83823530e-03, 0., 2.20588245e-03, 0., 0.,
       3.30882357e-03, 2.20588245e-03, 3.67647066e-04, 3.67647060e-03,
       0., 3.67647066e-04, 8.82352982e-03, 0., 7.35294132e-04,
       7.35294132e-04, 7.35294132e-04, 1.10294123e-03, 1.10294123e-03,
       1.83823530e-03, 2.94117653e-03, 1.83823530e-03, 2.20588245e-03,
       1.83823530e-03, 2.94117653e-03, 7.35294132e-04, 0.,
       3.67647066e-04, 3.67647066e-04, 3.67647066e-04, 1.83823530e-03,
       7.35294132e-04, 7.35294132e-04, 7.35294132e-04, 1.10294123e-03,
       3.67647066e-04, 1.83823530e-03, 0., 1.10294123e-03,
       1.83823530e-03, 7.35294132e-04, 5.51470602e-03, 5.88235306e-03,
       1.47058826e-03, 1.47058826e-03, 1.10294123e-03, 0.,
       8.08823574e-03, 3.67647066e-04, 7.35294132e-04, 1.10294123e-03,
       7.35294132e-04, 3.67647066e-04, 3.67647066e-04, 1.83823530e-03,
       0., 1.02941180e-02, 0., 1.83823530e-03, 1.83823530e-03,
       1.47058826e-03, 1.10294123e-03, 1.10294123e-03, 7.35294132e-04,
       0., 4.04411787e-03, 0., 1.10294123e-03, 0., 3.67647066e-04,
       3.67647066e-04, 0., 2.94117653e-03, 3.67647066e-04,
       7.35294132e-04, 3.67647066e-04, 3.67647066e-04, 3.67647066e-04,
       3.67647066e-04, 1.47058826e-03, 7.35294132e-04, 3.67647066e-04,
       1.10294123e-03, 7.35294132e-04, 0., 2.94117653e-03, 0.,
       2.57352949e-03, 5.51470602e-03, 2.94117653e-03, 1.10294123e-03,
       3.67647066e-04, 3.67647066e-04, 3.67647066e-04, 2.57352949e-03,
       3.30882357e-03, 3.67647066e-04, 0., 0., 0., 2.57352949e-03, 0.,
       0., 1.10294123e-03, 5.88235306e-03, 3.67647066e-04, 0.,
       7.35294132e-04, 7.35294132e-04, 7.35294132e-04, 2.57352949e-03,
       4.04411787e-03, 7.35294132e-04, 4.41176491e-03, 2.20588245e-03,
       1.10294123e-03, 1.10294123e-03, 7.35294132e-04, 7.35294132e-04,
       0., 7.35294132e-04, 0., 0., 3.67647060e-03, 7.35294132e-04,
       1.10294123e-03, 0., 1.47058826e-03, 0., 1.10294123e-03,
       3.67647066e-04, 7.35294132e-04, 2.94117653e-03, 4.41176491e-03,
       1.10294123e-03, 3.67647066e-04, 7.35294132e-04, 0., 0.,
       2.20588245e-03, 3.67647060e-03, 0., 7.35294132e-04,
       1.47058826e-03, 4.04411787e-03, 1.10294123e-03, 1.10294123e-03,
       3.67647066e-04, 0., 1.83823530e-03, 2.57352949e-03,
       1.83823530e-03, 1.47058826e-03, 7.35294132e-04, 1.47058826e-03,
       2.20588245e-03, 3.67647066e-04, 7.35294132e-04, 3.67647066e-04,
       1.10294123e-03, 1.10294123e-03, 0., 2.57352949e-03, 0.,
       1.10294123e-03, 3.67647066e-04, 1.83823530e-03, 3.67647066e-04,
       1.47058826e-03, 7.35294132e-04, 2.57352949e-03, 3.67647066e-04,
       1.47058826e-03, 7.35294132e-04, 2.57352949e-03, 7.35294132e-04,
       2.57352949e-03, 1.10294123e-03, 2.20588245e-03, 2.94117653e-03,
       1.47058826e-03, 3.67647066e-04, 1.83823530e-03, 0.,
       3.67647066e-04, 1.47058826e-03, 7.35294132e-04, 1.47058826e-03,
       3.67647066e-04, 1.47058826e-03, 1.47058826e-03, 1.47058826e-03,
       2.57352949e-03, 3.67647066e-04, 0., 3.67647066e-04,
       2.57352949e-03, 7.35294132e-04, 1.10294123e-03, 0., 0., 0.,
       1.83823530e-03, 2.20588245e-03, 0., 7.35294132e-04,
       7.35294132e-04, 0., 1.47058826e-03, 0., 0., 7.35294132e-04,
       7.35294132e-04, 3.67647066e-04, 1.10294123e-03, 7.35294132e-04,
       1.10294123e-03, 1.10294123e-03, 0., 1.47058826e-03,
       7.35294132e-04, 0., 1.83823530e-03, 1.10294123e-03,
       7.35294132e-04, 3.67647066e-04, 0., 1.47058826e-03,
       2.20588245e-03, 3.67647066e-04, 1.47058826e-03, 7.35294132e-04,
       3.67647066e-04, 1.47058826e-03, 0., 1.83823530e-03,
       1.83823530e-03, 3.67647066e-04, 3.67647066e-04, 7.35294132e-04,
       1.83823530e-03, 7.35294132e-04, 1.83823530e-03, 1.83823530e-03,
       1.36029413e-02, 6.25000009e-03, 3.67647066e-04, 3.67647066e-04,
       1.17647061e-02, 1.10294123e-03, 7.35294132e-04, 0., 0.,
       1.10294123e-03, 3.30882357e-03, 3.67647066e-04, 7.35294132e-04,
       1.83823530e-03, 1.10294123e-03, 3.67647066e-04, 7.35294132e-04,
       0., 1.10294123e-03, 1.83823530e-03, 0., 2.20588245e-03,
       1.47058826e-03, 3.67647066e-04, 1.83823530e-03, 0.,
       1.47058826e-03, 0., 7.35294132e-04, 1.10294123e-03,
       6.25000009e-03, 1.10294123e-03, 1.10294123e-03, 0.,
       3.67647066e-04, 0., 0., 0., 1.10294123e-03, 1.47058826e-03,
       3.67647066e-04, 0., 2.20588245e-03, 3.67647066e-04, 0.,
       1.83823530e-03, 3.67647066e-04, 7.35294132e-04, 1.47058826e-03,
       1.10294123e-03, 3.67647066e-04, 7.35294132e-04, 0.,
       7.35294132e-04, 2.94117653e-03, 1.10294123e-03, 3.67647066e-04,
       1.10294123e-03, 3.67647066e-04, 3.67647060e-03, 3.67647060e-03,
       0., 3.67647066e-04, 1.47058826e-03, 1.47058826e-03,
       3.67647066e-04, 3.67647066e-04, 3.67647066e-04, 2.20588245e-03,
       0., 0., 1.47058826e-03, 3.67647066e-04, 7.35294132e-04, 0.,
       2.57352949e-03, 0., 2.57352949e-03, 3.67647066e-04, 0.,
       1.10294123e-03, 0., 1.47058826e-03, 1.83823530e-03, 0.,
       7.35294132e-04, 1.10294123e-03, 2.94117653e-03, 7.35294132e-04,
       3.67647066e-04, 3.67647066e-04, 1.47058826e-03, 3.67647060e-03,
       0., 7.35294132e-04, 0., 3.67647066e-04, 1.47058826e-03, 0., 0.,
       0., 1.10294123e-03, 1.10294123e-03, 0., 1.47058826e-03,
       7.35294132e-04, 0., 3.67647066e-04, 1.10294123e-03,
       3.67647066e-04, 1.10294123e-03, 2.94117653e-03, 0.,
       3.67647066e-04, 3.67647066e-04, 3.67647060e-03, 4.77941195e-03,
       0., 3.67647066e-04, 2.94117653e-03, 0., 1.10294123e-03,
       1.47058826e-03, 1.83823530e-03, 2.57352949e-03, 3.67647066e-04,
       3.67647066e-04, 0., 0., 0., 1.10294123e-03, 0., 7.35294132e-04,
       0., 0., 0., 1.47058826e-03, 7.35294132e-04, 0., 3.30882357e-03,
       0., 3.67647066e-04, 2.20588245e-03, 7.35294132e-04,
       3.67647066e-04, 0., 0., 1.47058826e-03, 3.67647066e-04, 0.,
       3.67647066e-04, 2.57352949e-03, 7.35294132e-04, 7.35294132e-04,
       1.47058826e-03, 1.10294123e-03, 1.10294123e-03, 0.,
       3.67647066e-04, 3.67647066e-04, 7.35294132e-04, 5.88235306e-03,
       3.67647066e-04, 0., 3.67647066e-04, 3.67647066e-04,
       3.67647066e-04, 3.67647066e-04, 1.10294123e-03, 3.67647066e-04,
       0., 2.20588245e-03, 7.35294132e-04, 3.67647066e-04, 0.,
       2.20588245e-03, 1.10294123e-03, 3.67647066e-04, 7.35294132e-04,
       7.35294132e-04, 7.35294132e-04, 0., 7.35294132e-04,
       3.67647066e-04, 7.35294132e-04, 0., 7.35294132e-04,
       3.67647066e-04, 7.35294132e-04, 7.35294132e-04, 0.,
       3.67647066e-04, 1.83823530e-03, 0., 3.30882357e-03, 0.,
       1.47058826e-03, 3.67647066e-04, 0., 0., 1.10294123e-03,
       3.67647066e-04, 0., 1.47058826e-03, 7.35294132e-04,
       3.67647066e-04, 1.47058826e-03, 7.35294132e-04, 1.83823530e-03,
       2.20588245e-03, 7.35294132e-04, 5.14705898e-03, 7.35294132e-04,
       7.35294132e-04, 0., 3.67647066e-04, 0., 3.67647066e-04,
       7.35294132e-04, 3.67647066e-04, 7.35294132e-04, 0., 0., 0.,
