%YAML:1.0
m25n: !!opencv-matrix
   rows: 1
   cols: 800
   dt: f
   data: [ 3.80083628e-04, 0., 3.80083639e-03, 7.60167255e-04,
       1.90041820e-03, 0., 3.80083628e-04, 0., 3.80083628e-04,
       3.80083628e-04, 2.66058533e-03, 2.28050165e-03, 0.,
       2.28050165e-03, 0., 3.42075271e-03, 2.28050165e-03, 0.,
       1.14025082e-03, 7.60167255e-04, 0., 4.18091984e-03,
       1.52033451e-03, 1.52033451e-03, 0., 1.52033451e-03,
       3.04066902e-03, 1.90041820e-03, 5.70125459e-03, 2.66058533e-03,
       1.14025082e-03, 7.60167255e-04, 1.90041820e-03, 1.52033451e-03,
       0., 0., 3.80083628e-04, 7.60167255e-04, 1.52033451e-03,
       3.80083628e-04, 1.14025082e-03, 1.14025082e-03, 0.,
       3.80083628e-04, 1.90041820e-03, 3.42075271e-03, 0.,
       4.18091984e-03, 3.80083628e-04, 0., 1.52033451e-03,
       1.14025082e-03, 1.14025082e-03, 7.60167255e-04, 1.14025082e-03,
       7.60167255e-04, 0., 3.04066902e-03, 3.80083639e-03,
       7.60167255e-04, 7.60167255e-04, 0., 1.90041820e-03,
       1.14025082e-03, 1.90041820e-03, 7.60167255e-04, 1.14025082e-03,
       3.80083628e-04, 4.18091984e-03, 1.14025082e-03, 3.42075271e-03,
       0., 0., 1.52033451e-03, 7.60167255e-04, 7.60167255e-04, 0., 0.,
       2.28050165e-03, 3.42075271e-03, 0., 1.52033451e-03,
       2.66058533e-03, 7.60167255e-04, 7.60167255e-04, 1.52033451e-03,
       1.14025082e-03, 7.60167255e-04, 3.80083639e-03, 1.14025082e-03,
       0., 3.80083628e-04, 7.60167255e-04, 0., 1.14025082e-03, 0.,
       7.60167255e-04, 1.14025082e-03, 1.14025082e-03, 2.66058533e-03,
       7.60167255e-04, 0., 3.80083628e-04, 3.80083628e-04, 0.,
       3.04066902e-03, 7.60167278e-03, 1.14025082e-03, 2.66058533e-03,
       2.28050165e-03, 1.90041820e-03, 3.04066902e-03, 6.08133804e-03,
       7.60167255e-04, 9.50209051e-03, 7.60167255e-04, 0.,
       1.14025082e-03, 1.14025082e-03, 0., 1.52033451e-03,
       1.90041820e-03, 0., 1.90041820e-03, 0., 1.52033451e-03,
       1.14025082e-03, 7.60167255e-04, 3.42075271e-03, 1.52033451e-03,
       0., 7.60167255e-04, 4.18091984e-03, 7.60167255e-04,
       2.28050165e-03, 0., 1.14025082e-03, 7.60167255e-04,
       1.52033451e-03, 3.80083628e-04, 2.28050165e-03, 3.80083628e-04,
       0., 2.28050165e-03, 7.60167255e-04, 3.80083628e-04, 0.,
       1.90041820e-03, 0., 1.14025082e-03, 7.60167255e-04, 0.,
       2.28050165e-03, 2.28050165e-03, 1.52033451e-03, 6.46142149e-03,
       0., 7.60167255e-04, 7.60167255e-04, 1.52033451e-03, 0.,
       4.56100330e-03, 1.90041820e-03, 1.90041820e-03, 1.14025082e-03,
       3.80083628e-04, 0., 7.60167255e-04, 0., 0., 7.60167255e-04,
       1.52033451e-03, 7.60167255e-04, 3.80083628e-04, 0.,
       3.80083628e-04, 1.52033451e-03, 1.14025082e-03, 5.32117067e-03,
       0., 0., 6.46142149e-03, 7.60167255e-04, 7.60167255e-04,
       1.90041820e-03, 0., 0., 1.52033451e-03, 0., 7.60167255e-04, 0.,
       1.14025082e-03, 7.60167255e-04, 0., 3.42075271e-03,
       7.60167255e-04, 2.28050165e-03, 7.60167255e-04, 1.14025082e-03,
       7.60167255e-04, 7.60167278e-03, 1.14025082e-03, 2.28050165e-03,
       3.42075271e-03, 0., 3.80083628e-04, 1.52033451e-03,
       1.14025082e-03, 1.52033451e-03, 0., 6.08133804e-03,
       1.52033451e-03, 0., 1.14025082e-03, 1.90041820e-03,
       3.80083628e-04, 3.04066902e-03, 1.14025082e-03, 1.14025082e-03,
       1.14025082e-03, 2.28050165e-03, 3.80083628e-04, 1.14025082e-03,
       2.28050165e-03, 7.60167255e-04, 7.60167255e-04, 1.90041820e-03,
       1.52033451e-03, 0., 7.60167255e-04, 2.28050165e-03,
       1.90041820e-03, 2.66058533e-03, 1.14025082e-03, 7.60167255e-04,
       1.52033451e-03, 3.04066902e-03, 3.80083628e-04, 1.14025082e-03,
       2.28050165e-03, 1.90041820e-03, 7.60167255e-04, 3.80083628e-04,
       2.28050165e-03, 0., 7.60167255e-04, 3.80083628e-04,
       1.90041820e-03, 0., 4.18091984e-03, 0., 2.66058533e-03,
       1.52033451e-03, 3.80083628e-04, 3.80083628e-04, 1.14025082e-03,
       3.80083639e-03, 1.90041820e-03, 3.04066902e-03, 4.56100330e-03,
       1.14025082e-03, 7.60167255e-04, 3.80083628e-04, 0.,
       3.80083628e-04, 1.14025082e-03, 3.80083628e-04, 3.80083628e-04,
       0., 2.66058533e-03, 1.90041820e-03, 1.14025082e-03,
       3.80083628e-04, 2.28050165e-03, 3.80083628e-04, 1.52033451e-03,
       7.60167255e-04, 0., 3.80083628e-04, 1.14025082e-03,
       1.14025082e-03, 7.60167255e-04, 3.04066902e-03, 1.52033451e-03,
       2.28050165e-03, 1.90041820e-03, 7.60167255e-04, 3.04066902e-03,
       0., 2.66058533e-03, 2.66058533e-03, 3.80083628e-04, 0.,
       1.14025082e-03, 2.28050165e-03, 7.60167255e-04, 0.,
       3.80083628e-04, 2.66058533e-03, 0., 2.28050165e-03,
       1.52033451e-03, 3.80083639e-03, 0., 0., 1.14025082e-03, 0., 0.,
       1.52033451e-03, 3.80083628e-04, 1.14025082e-03, 1.52033451e-03,
       3.80083639e-03, 7.60167255e-04, 0., 2.28050165e-03,
       7.22158886e-03, 3.80083628e-04, 0., 3.80083628e-04,
       7.60167255e-04, 1.14025082e-03, 1.90041820e-03, 1.14025082e-03,
       3.80083628e-04, 2.66058533e-03, 1.52033451e-03, 7.60167255e-04,
       1.52033451e-03, 7.60167255e-04, 2.28050165e-03, 0.,
       3.04066902e-03, 0., 7.60167255e-04, 7.60167255e-04,
       7.60167255e-04, 3.80083628e-04, 1.14025082e-03, 3.80083628e-04,
       1.90041820e-03, 7.60167255e-04, 3.80083628e-04, 1.52033451e-03,
       1.52033451e-03, 1.90041820e-03, 0., 3.80083628e-04,
       3.80083628e-04, 7.60167255e-04, 3.04066902e-03, 1.90041820e-03,
       1.14025082e-03, 3.04066902e-03, 7.60167255e-04, 3.80083628e-04,
       2.66058533e-03, 1.14025082e-03, 7.60167255e-04, 1.90041820e-03,
       1.14025082e-03, 2.28050165e-03, 1.14025082e-03, 3.80083628e-04,
       1.52033451e-03, 0., 2.66058533e-03, 0., 1.14025082e-03,
       7.60167255e-04, 6.08133804e-03, 1.14025082e-03, 3.80083628e-04,
       3.80083628e-04, 1.63435955e-02, 0., 0., 3.80083628e-04,
       1.14025082e-03, 1.90041820e-03, 1.52033451e-03, 3.80083628e-04,
       7.60167255e-04, 0., 0., 1.90041820e-03, 1.90041820e-03,
       3.80083628e-04, 1.14025082e-03, 3.42075271e-03, 1.52033451e-03,
       1.90041820e-03, 3.80083628e-04, 3.04066902e-03, 1.90041820e-03,
       1.14025082e-03, 7.60167255e-04, 0., 3.80083639e-03,
       1.14025082e-03, 3.80083628e-04, 2.28050165e-03, 2.28050165e-03,
       1.14025082e-03, 7.60167255e-04, 3.80083628e-04, 3.80083628e-04,
       1.14025082e-03, 1.52033451e-03, 3.80083628e-04, 3.80083628e-04,
       7.60167255e-04, 3.80083628e-04, 2.28050165e-03, 0.,
       1.14025082e-03, 1.14025082e-03, 1.90041820e-03, 0.,
       2.66058533e-03, 7.60167255e-04, 7.60167255e-04, 2.28050165e-03,
       0., 3.80083628e-04, 3.80083628e-04, 3.04066902e-03, 0.,
       7.60167255e-04, 3.80083628e-04, 0., 1.14025082e-03,
       3.80083639e-03, 3.80083628e-04, 1.90041820e-03, 3.80083639e-03,
       0., 7.60167255e-04, 3.80083628e-04, 0., 2.66058533e-03,
       7.60167255e-04, 3.80083628e-04, 1.52033451e-03, 7.60167255e-04,
       3.80083628e-04, 0., 7.60167255e-04, 1.52033451e-03,
       1.90041820e-03, 1.90041820e-03, 3.80083628e-04, 3.80083628e-04,
       3.80083639e-03, 1.52033451e-03, 1.14025082e-03, 0.,
       3.80083628e-04, 1.52033451e-03, 1.14025082e-03, 7.60167255e-04,
       0., 7.60167255e-04, 3.80083628e-04, 1.90041820e-03,
       2.66058533e-03, 3.80083628e-04, 0., 7.60167255e-04,
       1.52033451e-03, 1.14025082e-03, 0., 1.52033451e-03,
       1.14025082e-03, 0., 0., 1.14025082e-03, 0., 0., 7.60167255e-04,
       3.80083628e-04, 3.80083628e-04, 1.14025082e-03, 1.52033451e-03,
       3.80083628e-04, 3.80083628e-04, 3.80083628e-04, 3.80083628e-04,
       3.42075271e-03, 1.52033451e-03, 7.60167255e-04, 3.80083628e-04,
       3.80083628e-04, 4.56100330e-03, 1.14025082e-03, 1.52033451e-03,
       7.60167255e-04, 3.80083628e-04, 1.52033451e-03, 3.80083628e-04,
       3.80083628e-04, 0., 3.04066902e-03, 1.90041820e-03,
       1.52033451e-03, 3.04066902e-03, 0., 1.14025082e-03,
       1.14025082e-03, 1.90041820e-03, 1.52033451e-03, 3.80083628e-04,
