%YAML:1.0
m25n: !!opencv-matrix
   rows: 1
   cols: 800
   dt: f
   data: [ 1.73913047e-03, 8.69565236e-04, 2.60869577e-03,
       4.34782618e-04, 3.04347835e-03, 0., 8.69565236e-04,
       1.73913047e-03, 8.69565236e-04, 4.34782635e-03, 1.73913047e-03,
       4.34782618e-04, 4.34782618e-04, 1.73913047e-03, 8.69565236e-04,
       1.73913047e-03, 2.17391318e-03, 8.69565236e-04, 8.69565236e-04,
       1.73913047e-03, 1.73913047e-03, 1.73913047e-03, 1.73913047e-03,
       8.69565236e-04, 4.34782618e-04, 8.69565236e-04, 1.73913047e-03,
       3.91304353e-03, 7.82608707e-03, 4.34782618e-04, 4.34782618e-04,
       1.73913047e-03, 2.60869577e-03, 1.30434788e-03, 4.34782618e-04,
       2.17391318e-03, 0., 1.30434788e-03, 2.17391318e-03,
       4.34782618e-04, 8.69565236e-04, 8.69565236e-04, 4.34782618e-04,
       8.69565236e-04, 1.73913047e-03, 1.73913047e-03, 0., 0.,
       4.34782618e-04, 0., 1.30434788e-03, 1.30434788e-03,
       3.04347835e-03, 8.69565236e-04, 1.73913047e-03, 1.30434788e-03,
       1.73913047e-03, 1.30434788e-03, 1.30434788e-03, 4.34782618e-04,
       2.17391318e-03, 1.30434788e-03, 4.34782618e-04, 1.30434788e-03,
       1.30434788e-03, 0., 0., 1.30434788e-03, 1.30434788e-03,
       4.34782618e-04, 1.30434788e-03, 8.69565236e-04, 2.17391318e-03,
       1.73913047e-03, 3.04347835e-03, 4.34782618e-04, 0., 0.,
       8.69565236e-04, 0., 1.30434788e-03, 4.34782618e-04,
       8.69565236e-04, 2.60869577e-03, 1.30434788e-03, 4.34782635e-03,
       4.34782618e-04, 1.73913047e-03, 1.73913047e-03, 0.,
       4.34782618e-04, 1.30434788e-03, 8.69565236e-04, 1.73913047e-03,
       4.34782618e-04, 0., 8.69565236e-04, 0., 1.73913047e-03, 0.,
       1.30434788e-03, 2.60869577e-03, 4.34782618e-04, 4.34782618e-04,
       4.34782618e-04, 7.39130471e-03, 1.73913047e-03, 8.69565236e-04,
       1.30434788e-03, 8.69565236e-04, 4.34782618e-04, 1.30434788e-03,
       1.04347831e-02, 4.34782618e-04, 1.73913047e-03, 0.,
       3.47826094e-03, 1.73913047e-03, 3.04347835e-03, 4.34782618e-04,
       1.73913047e-03, 3.04347835e-03, 4.78260871e-03, 3.47826094e-03,
       0., 0., 8.69565236e-04, 4.78260871e-03, 3.91304353e-03,
       8.69565236e-04, 0., 2.17391318e-03, 2.17391318e-03,
       8.69565236e-04, 1.30434788e-03, 4.34782618e-04, 1.30434788e-03,
       0., 0., 8.69565236e-04, 1.73913047e-03, 1.30434788e-03,
       4.34782618e-04, 3.04347835e-03, 0., 8.69565236e-04,
       4.34782618e-04, 8.69565236e-04, 0., 1.30434788e-03, 0., 0.,
       1.73913047e-03, 2.17391318e-03, 8.69565236e-04, 2.17391318e-03,
       8.69565236e-04, 1.30434788e-03, 1.30434788e-03, 2.17391318e-03,
       8.69565236e-04, 0., 2.17391318e-03, 4.34782618e-04,
       4.34782618e-04, 0., 0., 1.30434788e-03, 1.30434788e-03,
       4.34782618e-04, 4.34782618e-04, 6.52173907e-03, 8.69565236e-04,
       1.73913047e-03, 4.34782618e-04, 4.34782618e-04, 3.47826094e-03,
       8.69565236e-04, 1.30434788e-03, 0., 1.30434788e-03,
       3.47826094e-03, 4.34782618e-04, 4.34782618e-04, 4.34782618e-04,
       4.34782618e-04, 1.73913047e-03, 4.34782618e-04, 0.,
       1.30434788e-03, 0., 1.73913047e-03, 2.17391318e-03, 0.,
       4.34782618e-04, 0., 4.34782618e-04, 4.34782618e-04,
       2.17391318e-03, 8.69565236e-04, 1.73913047e-03, 1.30434788e-03,
       8.69565236e-04, 2.17391318e-03, 1.73913047e-03, 1.30434788e-03,
       3.47826094e-03, 0., 2.17391318e-03, 4.34782618e-04,
       1.30434788e-03, 0., 4.34782618e-04, 4.34782618e-04,
       1.30434788e-03, 4.78260871e-03, 2.17391318e-03, 2.17391318e-03,
       8.69565236e-04, 1.30434788e-03, 1.30434788e-03, 1.30434788e-03,
       4.34782618e-04, 4.34782618e-04, 0., 4.34782618e-04,
       2.17391318e-03, 8.69565236e-04, 4.34782618e-04, 8.69565236e-04,
       3.04347835e-03, 1.30434788e-03, 1.73913047e-03, 4.34782618e-04,
       4.34782618e-04, 4.34782618e-04, 2.60869577e-03, 2.60869577e-03,
       1.30434788e-03, 3.04347835e-03, 8.69565236e-04, 3.04347835e-03,
       4.34782618e-04, 8.69565236e-04, 0., 4.34782618e-04,
       1.73913047e-03, 1.73913047e-03, 4.34782618e-04, 4.34782618e-04,
       0., 4.34782618e-04, 2.60869577e-03, 1.30434788e-03,
       8.69565236e-04, 8.69565236e-04, 1.30434788e-03, 8.69565236e-04,
       8.69565236e-04, 5.65217389e-03, 2.17391318e-03, 4.34782618e-04,
       8.69565236e-04, 0., 8.69565236e-04, 1.30434788e-03,
       3.91304353e-03, 1.73913047e-03, 1.73913047e-03, 8.69565236e-04,
       4.34782618e-04, 0., 3.47826094e-03, 8.69565236e-04, 0.,
       4.34782618e-04, 1.30434788e-03, 4.34782618e-04, 1.30434788e-03,
       3.04347835e-03, 3.04347835e-03, 4.34782618e-04, 2.17391318e-03,
       1.73913047e-03, 1.30434788e-03, 2.17391318e-03, 1.73913047e-03,
       1.73913047e-03, 0., 8.69565236e-04, 4.34782618e-04,
       2.60869577e-03, 4.34782618e-04, 2.17391318e-03, 4.34782618e-04,
       1.73913047e-03, 1.73913047e-03, 1.30434788e-03, 4.34782618e-04,
       5.65217389e-03, 1.30434788e-03, 1.30434788e-03, 3.04347835e-03,
       8.69565236e-04, 0., 4.34782618e-04, 1.30434788e-03,
       4.78260871e-03, 5.21739153e-03, 0., 3.04347835e-03,
       1.30434788e-03, 4.34782618e-04, 4.34782618e-04, 1.30434788e-03,
       9.13043506e-03, 5.65217389e-03, 2.17391318e-03, 1.30434788e-03,
       5.21739153e-03, 1.73913047e-03, 3.04347835e-03, 8.69565236e-04,
       0., 4.34782618e-04, 8.69565236e-04, 2.60869577e-03,
       1.73913047e-03, 4.34782618e-04, 8.69565236e-04, 8.69565236e-04,
       4.34782618e-04, 4.34782618e-04, 1.30434788e-03, 4.34782618e-04,
       1.73913047e-03, 1.73913047e-03, 2.60869577e-03, 1.30434788e-03,
       8.69565236e-04, 1.73913047e-03, 4.34782618e-04, 1.30434788e-03,
       8.69565236e-04, 1.73913047e-03, 2.17391318e-03, 0.,
       8.69565236e-04, 1.30434788e-03, 2.60869577e-03, 2.60869577e-03,
       1.73913047e-03, 0., 3.04347835e-03, 4.34782618e-04,
       4.34782618e-04, 1.73913047e-03, 1.73913047e-03, 1.73913047e-03,
       1.30434788e-03, 3.47826094e-03, 1.73913047e-03, 1.73913047e-03,
       8.69565236e-04, 8.69565236e-04, 0., 0., 4.34782618e-04,
       1.73913047e-03, 2.17391318e-03, 2.17391318e-03, 2.17391318e-03,
       0., 8.69565236e-04, 2.60869577e-03, 0., 1.73913047e-03,
       8.69565236e-04, 4.34782618e-04, 1.73913047e-03, 1.30434788e-03,
       0., 1.30434788e-03, 1.30434788e-03, 4.34782618e-04,
       1.30434788e-03, 4.34782618e-04, 4.34782618e-04, 2.17391318e-03,
       2.17391318e-03, 4.34782618e-04, 1.73913047e-03, 4.34782635e-03,
       4.34782618e-04, 1.73913047e-03, 0., 2.17391318e-03,
       2.60869577e-03, 3.47826094e-03, 1.73913047e-03, 0.,
       1.30434788e-03, 1.73913047e-03, 8.69565236e-04, 4.34782618e-04,
       0., 4.34782618e-04, 1.30434788e-03, 4.34782618e-04,
       2.17391318e-03, 0., 1.30434788e-03, 1.73913047e-03,
       2.17391318e-03, 8.69565236e-04, 8.69565236e-04, 4.34782618e-04,
       1.30434788e-03, 4.78260871e-03, 8.69565236e-04, 0.,
       4.34782618e-04, 1.30434788e-03, 8.69565236e-04, 0., 0., 0.,
       1.30434788e-03, 4.34782618e-04, 4.34782618e-04, 8.69565236e-04,
       1.30434788e-03, 5.65217389e-03, 4.34782618e-04, 2.17391318e-03,
       1.73913047e-03, 0., 4.34782618e-04, 8.69565236e-04, 0.,
       2.17391318e-03, 4.34782618e-04, 8.69565236e-04, 1.30434788e-03,
       4.34782618e-04, 8.69565236e-04, 1.30434788e-03, 8.69565236e-04,
       2.17391318e-03, 2.60869577e-03, 1.73913047e-03, 4.34782618e-04,
       0., 3.47826094e-03, 1.30434788e-03, 8.69565236e-04,
       8.69565236e-04, 0., 4.34782618e-04, 1.30434788e-03, 0.,
       8.69565236e-04, 1.73913047e-03, 8.69565236e-04, 4.34782618e-04,
       2.60869577e-03, 4.34782618e-04, 8.69565236e-04, 1.73913047e-03,
       2.17391318e-03, 8.69565236e-04, 3.04347835e-03, 4.34782618e-04,
       1.30434788e-03, 4.34782618e-04, 1.30434788e-03, 8.69565236e-04,
       4.34782618e-04, 0., 1.73913047e-03, 1.30434788e-03,
       4.34782618e-04, 8.69565236e-04, 4.34782618e-04, 1.30434788e-03,
       0., 8.69565236e-04, 4.34782618e-04, 2.60869577e-03,
       1.30434788e-03, 2.17391318e-03, 1.30434788e-03, 0.,
