%YAML:1.0
m25n: !!opencv-matrix
   rows: 1
   cols: 800
   dt: f
   data: [ 4.13052447e-04, 0., 4.13052447e-04, 4.13052447e-04,
       2.47831456e-03, 0., 8.26104893e-04, 8.26104893e-04,
       8.26104893e-04, 4.54357686e-03, 1.23915728e-03, 1.65220979e-03,
       0., 1.65220979e-03, 0., 1.23915728e-03, 1.23915728e-03, 0.,
       1.65220979e-03, 1.65220979e-03, 3.30441957e-03, 2.47831456e-03,
       1.65220979e-03, 0., 4.13052447e-04, 1.23915728e-03,
       5.78273414e-03, 8.26104893e-04, 6.19578687e-03, 8.26104893e-04,
       1.23915728e-03, 2.47831456e-03, 2.06526229e-03, 2.06526229e-03,
       0., 1.23915728e-03, 4.13052447e-04, 8.26104893e-04,
       2.89136707e-03, 0., 4.13052447e-04, 2.47831456e-03,
       2.47831456e-03, 1.23915728e-03, 4.13052447e-04, 2.06526229e-03,
       4.13052447e-04, 2.89136707e-03, 0., 0., 2.47831456e-03,
       4.13052447e-04, 2.06526229e-03, 4.13052447e-04, 1.23915728e-03,
       1.23915728e-03, 1.23915728e-03, 2.47831456e-03, 2.47831456e-03,
       1.65220979e-03, 1.65220979e-03, 8.26104893e-04, 8.26104893e-04,
       0., 3.30441957e-03, 8.26104893e-04, 0., 1.23915728e-03, 0.,
       4.13052447e-04, 3.30441957e-03, 0., 1.23915728e-03,
       2.06526229e-03, 1.23915728e-03, 1.23915728e-03, 0.,
       8.26104893e-04, 1.65220979e-03, 2.47831456e-03, 1.23915728e-03,
       4.13052447e-04, 8.26104893e-04, 1.65220979e-03, 0.,
       2.89136707e-03, 8.26104893e-04, 4.13052447e-04, 1.23915728e-03,
       4.13052447e-04, 0., 4.13052447e-04, 0., 0., 4.13052447e-04,
       2.47831456e-03, 1.23915728e-03, 2.89136707e-03, 8.26104893e-04,
       4.13052447e-04, 4.13052447e-04, 3.30441957e-03, 8.26104893e-04,
       1.23915728e-03, 4.13052447e-04, 1.65220979e-03, 1.65220979e-03,
       2.47831456e-03, 0., 1.23915728e-03, 4.13052447e-04,
       2.47831456e-03, 1.23915728e-03, 2.47831456e-03, 1.65220979e-03,
       0., 4.13052447e-04, 4.13052447e-04, 2.47831456e-03,
       1.65220979e-03, 0., 8.26104893e-04, 6.60883915e-03,
       7.84799643e-03, 0., 4.13052447e-04, 4.13052447e-04,
       2.89136707e-03, 2.47831456e-03, 2.89136707e-03, 1.23915728e-03,
       4.13052447e-04, 2.89136707e-03, 1.65220979e-03, 2.47831456e-03,
       4.13052447e-04, 2.89136707e-03, 4.13052447e-04, 2.89136707e-03,
       8.26104893e-04, 5.36968186e-03, 1.65220979e-03, 0.,
       8.26104893e-04, 1.23915728e-03, 4.13052447e-04, 1.65220979e-03,
       2.06526229e-03, 8.26104893e-04, 8.26104893e-04, 1.23915728e-03,
       0., 8.26104893e-04, 2.89136707e-03, 2.06526229e-03,
       2.89136707e-03, 0., 2.89136707e-03, 0., 1.23915728e-03, 0.,
       4.54357686e-03, 2.06526229e-03, 8.26104893e-04, 0.,
       1.23915728e-03, 0., 1.65220979e-03, 2.06526229e-03,
       8.26104893e-04, 1.23915728e-03, 1.03263110e-02, 2.06526229e-03,
       0., 4.13052447e-04, 0., 8.26104893e-04, 8.26104893e-04,
       3.30441957e-03, 0., 2.47831456e-03, 4.13052447e-04,
       1.23915728e-03, 0., 4.13052447e-04, 4.13052447e-04,
       2.89136707e-03, 8.26104893e-04, 0., 4.95662913e-03, 0.,
       4.13052447e-04, 3.71747208e-03, 0., 1.65220979e-03,
       8.26104893e-04, 8.26104893e-04, 2.47831456e-03, 4.13052447e-04,
       4.13052447e-04, 1.23915728e-03, 1.23915728e-03, 1.23915728e-03,
       0., 4.13052447e-04, 1.65220979e-03, 1.23915728e-03,
       7.02189142e-03, 2.47831456e-03, 4.13052447e-04, 2.89136707e-03,
       2.47831456e-03, 0., 1.23915728e-03, 1.23915728e-03, 0.,
       1.23915728e-03, 4.13052447e-04, 2.06526229e-03, 1.23915728e-03,
       1.65220979e-03, 4.13052447e-04, 0., 2.47831456e-03,
       4.13052447e-04, 1.23915728e-03, 3.30441957e-03, 1.23915728e-03,
       1.65220979e-03, 1.65220979e-03, 3.30441957e-03, 1.23915728e-03,
       1.23915728e-03, 8.26104893e-04, 1.23915728e-03, 3.30441957e-03,
       2.89136707e-03, 4.13052447e-04, 1.23915728e-03, 0.,
       4.13052447e-04, 1.65220979e-03, 8.26104893e-04, 4.95662913e-03,
       8.26104893e-04, 4.13052447e-04, 2.89136707e-03, 2.06526229e-03,
       0., 1.23915728e-03, 0., 1.65220979e-03, 8.26104893e-04,
       1.23915728e-03, 0., 4.13052447e-04, 1.65220979e-03,
       2.06526229e-03, 1.23915728e-03, 3.30441957e-03, 1.23915728e-03,
       8.26104893e-04, 4.13052447e-04, 0., 1.23915728e-03,
       4.13052447e-04, 8.26104893e-04, 8.26104893e-04, 1.23915728e-03,
       2.06526229e-03, 4.13052447e-04, 0., 1.23915728e-03, 0.,
       4.13052447e-04, 0., 1.65220979e-03, 4.13052447e-04,
       4.54357686e-03, 8.26104893e-04, 2.47831456e-03, 2.06526229e-03,
       2.06526229e-03, 4.13052447e-04, 8.26104893e-04, 4.54357686e-03,
       8.26104893e-04, 6.19578687e-03, 0., 2.06526229e-03,
       1.23915728e-03, 8.26104893e-04, 0., 8.26104893e-04,
       2.47831456e-03, 3.30441957e-03, 1.65220979e-03, 8.26104893e-04,
       2.06526229e-03, 8.26104893e-04, 1.65220979e-03, 4.13052447e-04,
       2.06526229e-03, 3.30441957e-03, 2.47831456e-03, 1.23915728e-03,
       0., 1.23915728e-03, 1.23915728e-03, 0., 2.06526229e-03, 0.,
       2.89136707e-03, 4.13052447e-04, 0., 4.13052458e-03,
       1.65220979e-03, 4.13052447e-04, 8.26104893e-04, 4.54357686e-03,
       8.26104893e-04, 8.26104893e-04, 1.65220979e-03, 1.65220979e-03,
       1.23915728e-03, 1.23915728e-03, 1.65220979e-03, 4.13052447e-04,
       1.23915728e-03, 1.23915728e-03, 8.26104893e-04, 4.13052447e-04,
       8.26104893e-04, 1.23915728e-03, 8.26104893e-04, 8.26104893e-04,
       1.23915728e-03, 0., 1.23915728e-03, 4.13052447e-04,
       3.30441957e-03, 1.65220979e-03, 1.65220979e-03, 1.65220979e-03,
       2.06526229e-03, 2.89136707e-03, 4.13052447e-04, 8.26104893e-04,
       1.23915728e-03, 1.65220979e-03, 1.23915728e-03, 1.23915728e-03,
       0., 8.26104893e-04, 0., 0., 3.71747208e-03, 0., 2.47831456e-03,
       0., 2.47831456e-03, 2.47831456e-03, 2.06526229e-03,
       4.13052447e-04, 4.13052447e-04, 8.26104893e-04, 2.06526229e-03,
       8.26104893e-04, 1.65220979e-03, 1.23915728e-03, 6.60883915e-03,
       2.47831456e-03, 0., 2.06526229e-03, 3.71747208e-03,
       4.13052447e-04, 2.06526229e-03, 4.13052447e-04, 8.26104893e-04,
       8.26104893e-04, 8.26104893e-04, 8.26104893e-04, 1.65220979e-03,
       2.06526229e-03, 0., 1.23915728e-03, 1.23915728e-03,
       2.06526229e-03, 1.23915728e-03, 1.23915728e-03, 1.23915728e-03,
       1.65220979e-03, 4.13052447e-04, 1.65220979e-03, 3.30441957e-03,
       0., 1.23915728e-03, 8.26104893e-04, 8.26104893e-04,
       8.26104893e-04, 4.13052447e-04, 2.89136707e-03, 8.26104893e-04,
       8.26104893e-04, 1.65220979e-03, 1.23915728e-03, 8.26104893e-04,
       8.26104893e-04, 4.13052447e-04, 2.06526229e-03, 4.13052447e-04,
       1.23915728e-03, 1.23915728e-03, 5.36968186e-03, 8.26104893e-04,
       4.13052447e-04, 4.13052447e-04, 4.13052447e-04, 1.23915728e-03,
       4.13052447e-04, 1.65220979e-03, 1.23915728e-03, 1.23915728e-03,
       8.26104893e-04, 2.47831456e-03, 4.13052447e-04, 4.13052447e-04,
       8.26104893e-04, 4.13052447e-04, 2.06526229e-03, 4.13052447e-04,
       1.65220979e-03, 1.65220979e-03, 0., 8.26104893e-04,
       2.47831456e-03, 0., 1.23915728e-03, 2.89136707e-03, 0., 0.,
       1.65220979e-03, 1.23915728e-03, 4.13052447e-04, 8.26104893e-04,
       4.13052447e-04, 0., 8.26104893e-04, 1.65220979e-03,
       8.26104893e-04, 1.65220979e-03, 4.13052447e-04, 4.13052447e-04,
       4.13052447e-04, 1.65220979e-03, 0., 0., 1.65220979e-03,
       1.65220979e-03, 1.23915728e-03, 3.30441957e-03, 1.65220979e-03,
       2.89136707e-03, 1.23915728e-03, 1.65220979e-03, 8.26104893e-04,
       4.13052447e-04, 4.13052447e-04, 2.89136707e-03, 1.65220979e-03,
       0., 2.89136707e-03, 1.65220979e-03, 1.23915728e-03,
       8.26104893e-04, 0., 0., 0., 8.26104893e-04, 2.06526229e-03,
       1.23915728e-03, 4.13052447e-04, 4.13052447e-04, 0.,
       4.13052447e-04, 0., 2.06526229e-03, 1.23915728e-03,
       3.30441957e-03, 1.23915728e-03, 1.65220979e-03, 1.65220979e-03,
       1.65220979e-03, 2.89136707e-03, 8.26104893e-04, 1.23915728e-03,
       4.13052447e-04, 4.13052447e-04, 1.23915728e-03, 0.,
