%YAML:1.0
m25n: !!opencv-matrix
   rows: 1
   cols: 800
   dt: f
   data: [ 0., 3.69003683e-04, 2.95202946e-03, 1.10701099e-03,
       7.38007366e-04, 3.69003683e-04, 3.69003683e-04, 0., 0.,
       1.84501847e-03, 1.47601473e-03, 1.47601473e-03, 3.69003683e-04,
       1.10701099e-03, 1.10701099e-03, 1.10701099e-03, 4.79704794e-03,
       0., 3.69003683e-04, 2.58302572e-03, 7.38007366e-04,
       1.84501847e-03, 1.10701099e-03, 2.02952027e-02, 0., 0.,
       2.21402198e-03, 2.95202946e-03, 1.58671588e-02, 1.21771218e-02,
       7.38007366e-04, 1.10701099e-03, 7.38007366e-04, 3.69003683e-04,
       3.69003683e-04, 0., 0., 0., 0., 7.38007366e-04, 7.38007366e-04,
       7.38007366e-04, 0., 3.69003683e-04, 7.38007366e-04,
       1.47601473e-03, 3.69003683e-04, 4.79704794e-03, 0., 0.,
       3.69003683e-04, 1.47601473e-03, 0., 3.69003683e-04,
       1.84501847e-03, 7.38007366e-04, 1.10701099e-03, 2.95202946e-03,
       3.69003683e-04, 0., 3.69003683e-04, 0., 7.38007366e-04,
       1.10701099e-03, 4.79704794e-03, 3.69003683e-04, 0.,
       1.47601473e-03, 1.10701099e-03, 0., 2.21402198e-03,
       3.69003683e-04, 3.69003683e-04, 3.69003695e-03, 7.38007366e-04,
       7.38007366e-04, 3.32103320e-03, 0., 1.47601473e-03,
       8.85608792e-03, 0., 3.69003683e-04, 3.69003683e-04,
       7.38007366e-04, 7.38007366e-04, 2.58302572e-03, 1.10701099e-03,
       2.95202946e-03, 1.47601473e-03, 1.84501847e-03, 2.58302572e-03,
       2.58302572e-03, 7.38007366e-04, 0., 7.38007366e-04,
       3.69003683e-04, 0., 2.21402198e-03, 7.38007366e-04,
       3.69003683e-04, 7.38007366e-04, 1.10701099e-03, 2.21402198e-03,
       1.84501847e-03, 0., 2.95202946e-03, 1.84501847e-03,
       7.38007366e-04, 5.90405893e-03, 7.38007389e-03, 1.84501847e-03,
       7.38007366e-04, 1.10701099e-03, 0., 9.22509190e-03,
       7.38007366e-04, 7.38007366e-04, 1.10701099e-03, 1.10701099e-03,
       0., 3.69003683e-04, 7.38007366e-04, 0., 9.59409587e-03, 0.,
       1.47601473e-03, 2.58302572e-03, 1.47601473e-03, 7.38007366e-04,
       3.69003683e-04, 7.38007366e-04, 0., 4.05904045e-03, 0.,
       3.69003683e-04, 0., 7.38007366e-04, 3.69003683e-04,
       3.69003683e-04, 2.58302572e-03, 3.69003683e-04, 7.38007366e-04,
       0., 0., 7.38007366e-04, 3.69003683e-04, 1.47601473e-03,
       7.38007366e-04, 0., 1.10701099e-03, 1.10701099e-03, 0.,
       2.58302572e-03, 0., 1.47601473e-03, 3.32103320e-03,
       2.21402198e-03, 3.69003683e-04, 0., 3.69003683e-04,
       7.38007366e-04, 2.21402198e-03, 3.32103320e-03, 0., 0., 0., 0.,
       1.84501847e-03, 0., 3.69003683e-04, 1.47601473e-03,
       8.11808091e-03, 3.69003683e-04, 0., 7.38007366e-04,
       1.10701099e-03, 1.10701099e-03, 2.21402198e-03, 2.58302572e-03,
       7.38007366e-04, 4.79704794e-03, 2.58302572e-03, 3.69003683e-04,
       7.38007366e-04, 1.47601473e-03, 7.38007366e-04, 0.,
       3.69003683e-04, 0., 0., 2.95202946e-03, 3.69003683e-04,
       1.10701099e-03, 0., 1.47601473e-03, 0., 1.47601473e-03,
       3.69003683e-04, 7.38007366e-04, 2.58302572e-03, 5.16605144e-03,
       7.38007366e-04, 3.69003683e-04, 0., 3.69003683e-04, 0.,
       2.58302572e-03, 3.69003695e-03, 3.69003683e-04, 1.10701099e-03,
       1.84501847e-03, 3.69003695e-03, 7.38007366e-04, 1.10701099e-03,
       3.69003683e-04, 0., 1.10701099e-03, 2.21402198e-03,
       1.10701099e-03, 1.10701099e-03, 1.10701099e-03, 2.21402198e-03,
       1.84501847e-03, 0., 3.69003683e-04, 0., 1.47601473e-03,
       7.38007366e-04, 3.69003683e-04, 3.69003695e-03, 0.,
       2.21402198e-03, 3.69003683e-04, 1.47601473e-03, 3.69003683e-04,
       2.21402198e-03, 7.38007366e-04, 1.84501847e-03, 0.,
       7.38007366e-04, 1.10701099e-03, 1.84501847e-03, 3.69003683e-04,
       2.58302572e-03, 7.38007366e-04, 2.58302572e-03, 2.95202946e-03,
       1.84501847e-03, 3.69003683e-04, 3.32103320e-03, 0.,
       7.38007366e-04, 1.47601473e-03, 7.38007366e-04, 1.10701099e-03,
       3.69003683e-04, 1.84501847e-03, 2.21402198e-03, 2.58302572e-03,
       1.84501847e-03, 1.10701099e-03, 0., 3.69003683e-04,
       2.21402198e-03, 3.69003683e-04, 1.10701099e-03, 0.,
       3.69003683e-04, 0., 1.47601473e-03, 1.47601473e-03, 0.,
       1.10701099e-03, 3.69003683e-04, 0., 1.84501847e-03, 0., 0.,
       3.69003683e-04, 1.10701099e-03, 3.69003683e-04, 7.38007366e-04,
       1.10701099e-03, 3.69003683e-04, 1.10701099e-03, 0.,
       1.47601473e-03, 0., 0., 3.32103320e-03, 1.84501847e-03,
       1.10701099e-03, 3.69003683e-04, 0., 1.84501847e-03,
       1.84501847e-03, 3.69003683e-04, 3.69003683e-04, 7.38007366e-04,
       3.69003683e-04, 1.10701099e-03, 0., 1.47601473e-03,
       1.10701099e-03, 1.47601473e-03, 0., 3.69003683e-04,
       1.84501847e-03, 1.10701099e-03, 2.21402198e-03, 1.10701099e-03,
       1.58671588e-02, 6.64206641e-03, 3.69003683e-04, 3.69003683e-04,
       1.07011069e-02, 7.38007366e-04, 1.10701099e-03, 0., 0.,
       7.38007366e-04, 3.32103320e-03, 0., 1.10701099e-03,
       1.84501847e-03, 1.10701099e-03, 3.69003683e-04, 0., 0.,
       1.10701099e-03, 1.84501847e-03, 0., 3.32103320e-03,
       1.47601473e-03, 3.69003683e-04, 2.21402198e-03, 0.,
       1.47601473e-03, 3.69003683e-04, 3.69003683e-04, 1.10701099e-03,
       7.01106992e-03, 3.69003683e-04, 1.47601473e-03, 0., 0., 0., 0.,
       0., 2.21402198e-03, 1.10701099e-03, 3.69003683e-04, 0.,
       2.95202946e-03, 3.69003683e-04, 0., 1.47601473e-03,
       1.10701099e-03, 1.10701099e-03, 1.47601473e-03, 3.69003683e-04,
       1.10701099e-03, 3.69003683e-04, 0., 1.10701099e-03,
       1.47601473e-03, 1.47601473e-03, 7.38007366e-04, 7.38007366e-04,
       3.69003683e-04, 3.69003695e-03, 4.42804396e-03, 0.,
       3.69003683e-04, 1.84501847e-03, 7.38007366e-04, 3.69003683e-04,
       7.38007366e-04, 3.69003683e-04, 2.58302572e-03, 0., 0.,
       1.47601473e-03, 7.38007366e-04, 7.38007366e-04, 0.,
       2.58302572e-03, 0., 2.95202946e-03, 7.38007366e-04, 0.,
       7.38007366e-04, 3.69003683e-04, 1.84501847e-03, 1.84501847e-03,
       3.69003683e-04, 7.38007366e-04, 1.10701099e-03, 2.95202946e-03,
       7.38007366e-04, 3.69003683e-04, 1.10701099e-03, 1.84501847e-03,
       2.95202946e-03, 0., 7.38007366e-04, 0., 3.69003683e-04,
       1.10701099e-03, 0., 0., 7.38007366e-04, 7.38007366e-04,
       1.47601473e-03, 0., 0., 3.69003683e-04, 3.69003683e-04,
       3.69003683e-04, 1.47601473e-03, 3.69003683e-04, 1.47601473e-03,
       3.69003695e-03, 0., 0., 3.69003683e-04, 2.95202946e-03,
       4.05904045e-03, 0., 3.69003683e-04, 3.32103320e-03, 0.,
       3.69003683e-04, 1.47601473e-03, 2.58302572e-03, 2.95202946e-03,
       0., 3.69003683e-04, 3.69003683e-04, 0., 0., 1.47601473e-03,
       3.69003683e-04, 3.69003683e-04, 3.69003683e-04, 0., 0.,
       7.38007366e-04, 1.10701099e-03, 0., 2.95202946e-03, 0.,
       3.69003683e-04, 4.05904045e-03, 1.10701099e-03, 1.10701099e-03,
       0., 0., 1.10701099e-03, 0., 0., 3.69003683e-04, 2.21402198e-03,
       7.38007366e-04, 3.69003683e-04, 1.84501847e-03, 1.10701099e-03,
       7.38007366e-04, 0., 7.38007366e-04, 0., 7.38007366e-04,
       6.27306243e-03, 3.69003683e-04, 0., 3.69003683e-04,
       3.69003683e-04, 1.47601473e-03, 0., 7.38007366e-04,
       7.38007366e-04, 0., 2.58302572e-03, 3.69003683e-04,
       3.69003683e-04, 0., 2.21402198e-03, 1.10701099e-03,
       7.38007366e-04, 1.47601473e-03, 7.38007366e-04, 7.38007366e-04,
       0., 7.38007366e-04, 3.69003683e-04, 0., 3.69003683e-04,
       1.10701099e-03, 7.38007366e-04, 7.38007366e-04, 3.69003683e-04,
       0., 7.38007366e-04, 2.21402198e-03, 0., 1.84501847e-03, 0.,
       1.47601473e-03, 7.38007366e-04, 0., 7.38007366e-04,
       1.10701099e-03, 3.69003683e-04, 0., 1.47601473e-03,
       7.38007366e-04, 3.69003683e-04, 1.84501847e-03, 3.69003683e-04,
       1.10701099e-03, 1.84501847e-03, 3.69003683e-04, 3.69003695e-03,
       3.69003683e-04, 3.69003683e-04, 0., 0., 0., 0., 7.38007366e-04,
       7.38007366e-04, 7.38007366e-04, 0., 0., 0., 2.21402198e-03,
