%YAML:1.0
m25n: !!opencv-matrix
   rows: 1
   cols: 800
   dt: f
   data: [ 8.68809759e-04, 1.30321458e-03, 3.47523903e-03,
       1.73761952e-03, 2.60642916e-03, 4.34404879e-04, 1.30321458e-03,
       1.73761952e-03, 8.68809759e-04, 3.47523903e-03, 1.73761952e-03,
       8.68809759e-04, 4.34404879e-04, 3.04083410e-03, 8.68809759e-04,
       1.30321458e-03, 3.04083410e-03, 0., 8.68809759e-04,
       8.68809759e-04, 1.73761952e-03, 1.30321458e-03, 2.17202445e-03,
       4.34404879e-04, 4.34404879e-04, 4.34404879e-04, 1.73761952e-03,
       3.47523903e-03, 8.25369265e-03, 0., 8.68809759e-04,
       2.17202445e-03, 4.77845361e-03, 8.68809759e-04, 8.68809759e-04,
       2.17202445e-03, 0., 1.73761952e-03, 2.60642916e-03,
       4.34404879e-04, 1.73761952e-03, 4.34404879e-04, 1.30321458e-03,
       8.68809759e-04, 4.34404879e-04, 3.47523903e-03, 0.,
       4.34404879e-04, 4.34404879e-04, 0., 1.73761952e-03,
       8.68809759e-04, 2.60642916e-03, 8.68809759e-04, 2.17202445e-03,
       2.60642916e-03, 1.30321458e-03, 1.73761952e-03, 1.30321458e-03,
       0., 2.17202445e-03, 1.30321458e-03, 0., 2.60642916e-03, 0.,
       8.68809759e-04, 0., 1.30321458e-03, 4.34404879e-04,
       4.34404879e-04, 8.68809759e-04, 1.30321458e-03, 4.34404879e-04,
       1.30321458e-03, 2.60642916e-03, 0., 0., 0., 8.68809759e-04, 0.,
       4.34404879e-04, 4.34404879e-04, 8.68809759e-04, 1.73761952e-03,
       8.68809759e-04, 3.90964374e-03, 4.34404879e-04, 2.17202445e-03,
       1.73761952e-03, 8.68809759e-04, 0., 4.34404879e-04,
       1.73761952e-03, 1.30321458e-03, 4.34404879e-04, 0.,
       4.34404879e-04, 4.34404879e-04, 8.68809759e-04, 4.34404879e-04,
       8.68809759e-04, 2.17202445e-03, 8.68809759e-04, 4.34404879e-04,
       8.68809759e-04, 7.38488277e-03, 1.73761952e-03, 8.68809759e-04,
       1.30321458e-03, 8.68809759e-04, 8.68809759e-04, 2.17202445e-03,
       9.99131240e-03, 8.68809759e-04, 1.30321458e-03, 0.,
       3.47523903e-03, 2.60642916e-03, 3.04083410e-03, 4.34404879e-04,
       1.30321458e-03, 2.17202445e-03, 4.77845361e-03, 0.,
       8.68809759e-04, 4.34404879e-04, 8.68809759e-04, 4.34404891e-03,
       3.47523903e-03, 8.68809759e-04, 0., 1.30321458e-03,
       1.30321458e-03, 1.30321458e-03, 1.30321458e-03, 0.,
       2.60642916e-03, 4.34404879e-04, 0., 4.34404879e-04,
       2.60642916e-03, 4.34404879e-04, 4.34404879e-04, 2.17202445e-03,
       4.34404879e-04, 8.68809759e-04, 4.34404879e-04, 1.30321458e-03,
       4.34404879e-04, 1.30321458e-03, 0., 4.34404879e-04,
       1.30321458e-03, 1.30321458e-03, 8.68809759e-04, 8.68809759e-04,
       4.34404879e-04, 4.34404879e-04, 1.30321458e-03, 2.17202445e-03,
       8.68809759e-04, 4.34404879e-04, 1.73761952e-03, 8.68809759e-04,
       4.34404879e-04, 0., 0., 2.60642916e-03, 1.73761952e-03,
       4.34404879e-04, 4.34404879e-04, 7.38488277e-03, 1.30321458e-03,
       1.73761952e-03, 8.68809759e-04, 0., 3.04083410e-03,
       8.68809759e-04, 8.68809759e-04, 0., 3.04083410e-03,
       2.60642916e-03, 8.68809759e-04, 4.34404879e-04, 1.30321458e-03,
       8.68809759e-04, 2.17202445e-03, 0., 0., 2.17202445e-03,
       4.34404879e-04, 1.73761952e-03, 8.68809759e-04, 0.,
       1.30321458e-03, 4.34404879e-04, 1.30321458e-03, 0.,
       3.04083410e-03, 8.68809759e-04, 1.73761952e-03, 8.68809759e-04,
       4.34404879e-04, 1.30321458e-03, 1.73761952e-03, 8.68809759e-04,
       2.60642916e-03, 0., 1.73761952e-03, 4.34404879e-04,
       1.73761952e-03, 0., 8.68809759e-04, 4.34404879e-04,
       1.30321458e-03, 4.34404891e-03, 1.30321458e-03, 3.04083410e-03,
       1.30321458e-03, 1.73761952e-03, 4.34404879e-04, 1.73761952e-03,
       0., 0., 0., 4.34404879e-04, 2.17202445e-03, 4.34404879e-04,
       4.34404879e-04, 1.73761952e-03, 2.17202445e-03, 1.30321458e-03,
       2.60642916e-03, 4.34404879e-04, 0., 4.34404879e-04,
       2.60642916e-03, 2.60642916e-03, 1.30321458e-03, 2.60642916e-03,
       8.68809759e-04, 3.47523903e-03, 0., 8.68809759e-04, 0., 0.,
       1.73761952e-03, 1.30321458e-03, 4.34404879e-04, 1.30321458e-03,
       1.30321458e-03, 8.68809759e-04, 3.04083410e-03, 8.68809759e-04,
       1.30321458e-03, 1.30321458e-03, 2.60642916e-03, 1.73761952e-03,
       1.30321458e-03, 4.34404891e-03, 8.68809759e-04, 1.30321458e-03,
       8.68809759e-04, 8.68809759e-04, 1.30321458e-03, 8.68809759e-04,
       4.34404891e-03, 1.30321458e-03, 1.30321458e-03, 1.73761952e-03,
       4.34404879e-04, 1.30321458e-03, 2.60642916e-03, 1.30321458e-03,
       0., 4.34404879e-04, 4.34404879e-04, 0., 2.17202445e-03,
       2.17202445e-03, 2.60642916e-03, 1.73761952e-03, 1.30321458e-03,
       2.17202445e-03, 1.73761952e-03, 3.90964374e-03, 1.73761952e-03,
       1.73761952e-03, 0., 8.68809759e-04, 8.68809759e-04,
       2.60642916e-03, 0., 1.30321458e-03, 0., 1.73761952e-03,
       8.68809759e-04, 8.68809759e-04, 0., 6.51607336e-03,
       8.68809759e-04, 1.73761952e-03, 4.34404891e-03, 1.30321458e-03,
       1.30321458e-03, 0., 1.30321458e-03, 4.77845361e-03,
       4.77845361e-03, 0., 8.68809759e-04, 1.30321458e-03,
       4.34404879e-04, 4.34404879e-04, 2.17202445e-03, 7.38488277e-03,
       2.60642916e-03, 2.17202445e-03, 1.30321458e-03, 5.21285832e-03,
       8.68809759e-04, 2.60642916e-03, 8.68809759e-04, 8.68809759e-04,
       4.34404879e-04, 8.68809759e-04, 3.90964374e-03, 8.68809759e-04,
       1.73761952e-03, 2.17202445e-03, 8.68809759e-04, 4.34404879e-04,
       8.68809759e-04, 4.34404879e-04, 8.68809759e-04, 2.17202445e-03,
       4.34404879e-04, 1.73761952e-03, 1.30321458e-03, 1.30321458e-03,
       2.17202445e-03, 4.34404879e-04, 8.68809759e-04, 1.73761952e-03,
       1.30321458e-03, 1.73761952e-03, 4.34404879e-04, 4.34404879e-04,
       4.34404879e-04, 1.30321458e-03, 8.68809759e-04, 1.73761952e-03,
       4.34404879e-04, 2.60642916e-03, 0., 4.34404879e-04,
       8.68809759e-04, 2.17202445e-03, 2.60642916e-03, 1.73761952e-03,
       3.47523903e-03, 1.30321458e-03, 1.73761952e-03, 8.68809759e-04,
       8.68809759e-04, 0., 4.34404879e-04, 4.34404879e-04,
       1.73761952e-03, 1.73761952e-03, 3.04083410e-03, 3.90964374e-03,
       0., 1.30321458e-03, 3.90964374e-03, 0., 1.30321458e-03,
       8.68809759e-04, 4.34404879e-04, 2.17202445e-03, 1.30321458e-03,
       0., 8.68809759e-04, 1.30321458e-03, 0., 3.47523903e-03,
       1.30321458e-03, 1.30321458e-03, 2.60642916e-03, 1.73761952e-03,
       8.68809759e-04, 2.60642916e-03, 3.47523903e-03, 4.34404879e-04,
       1.73761952e-03, 1.30321458e-03, 1.73761952e-03, 2.60642916e-03,
       2.60642916e-03, 2.17202445e-03, 4.34404879e-04, 8.68809759e-04,
       1.73761952e-03, 0., 8.68809759e-04, 4.34404879e-04,
       4.34404879e-04, 4.34404879e-04, 4.34404879e-04, 1.73761952e-03,
       0., 1.73761952e-03, 1.30321458e-03, 2.17202445e-03,
       8.68809759e-04, 4.34404879e-04, 4.34404879e-04, 4.34404879e-04,
       3.90964374e-03, 4.34404879e-04, 0., 0., 1.73761952e-03,
       1.30321458e-03, 0., 4.34404879e-04, 0., 8.68809759e-04,
       4.34404879e-04, 1.30321458e-03, 1.30321458e-03, 1.73761952e-03,
       4.77845361e-03, 4.34404879e-04, 1.73761952e-03, 4.34404879e-04,
       0., 4.34404879e-04, 1.30321458e-03, 4.34404879e-04,
       2.17202445e-03, 4.34404879e-04, 8.68809759e-04, 4.34404879e-04,
       4.34404879e-04, 8.68809759e-04, 8.68809759e-04, 1.30321458e-03,
       1.73761952e-03, 1.73761952e-03, 8.68809759e-04, 4.34404879e-04,
       4.34404879e-04, 4.34404891e-03, 1.30321458e-03, 4.34404879e-04,
       8.68809759e-04, 1.30321458e-03, 8.68809759e-04, 1.30321458e-03,
       0., 4.34404879e-04, 1.30321458e-03, 1.30321458e-03,
       1.73761952e-03, 1.73761952e-03, 4.34404879e-04, 1.73761952e-03,
       1.73761952e-03, 2.60642916e-03, 2.60642916e-03, 2.17202445e-03,
       4.34404879e-04, 8.68809759e-04, 4.34404879e-04, 8.68809759e-04,
       4.34404879e-04, 1.73761952e-03, 4.34404879e-04, 3.04083410e-03,
       1.73761952e-03, 8.68809759e-04, 4.34404879e-04, 0.,
       2.17202445e-03, 0., 0., 0., 0., 1.30321458e-03, 1.73761952e-03,
