%YAML:1.0
m25n: !!opencv-matrix
   rows: 1
   cols: 800
   dt: f
   data: [ 1.01867574e-03, 3.05602723e-03, 1.35823432e-03,
       6.79117162e-04, 1.01867574e-03, 3.39558581e-04, 3.39558581e-04,
       1.01867574e-03, 1.01867574e-03, 1.35823432e-03, 1.01867574e-03,
       2.71646865e-03, 6.79117162e-04, 1.01867574e-03, 3.05602723e-03,
       1.69779290e-03, 0., 6.79117162e-04, 6.79117162e-04,
       1.69779290e-03, 0., 1.01867574e-03, 3.73514439e-03,
       6.79117162e-04, 1.32427849e-02, 2.37691007e-03, 0.,
       2.03735149e-03, 6.79117162e-04, 6.79117162e-04, 3.73514439e-03,
       1.35823432e-03, 3.39558581e-04, 1.35823432e-03, 2.03735149e-03,
       3.39558581e-04, 1.35823432e-03, 6.79117162e-04, 1.01867574e-03,
       1.35823432e-03, 6.79117162e-04, 3.73514439e-03, 3.39558581e-04,
       2.71646865e-03, 0., 6.79117162e-04, 1.01867574e-03,
       2.03735149e-03, 3.39558581e-04, 1.69779290e-03, 6.79117162e-04,
       3.39558581e-04, 1.69779290e-03, 1.01867574e-03, 1.01867574e-03,
       3.39558581e-04, 5.43293729e-03, 3.39558581e-04, 0.,
       1.69779290e-03, 1.35823432e-03, 3.39558581e-04, 2.03735149e-03,
       6.79117162e-04, 2.03735149e-03, 2.03735149e-03, 2.37691007e-03,
       3.39558581e-04, 6.79117162e-04, 2.03735149e-03, 6.79117162e-04,
       3.39558581e-04, 1.01867574e-03, 1.01867574e-03, 6.79117162e-04,
       3.39558581e-04, 3.39558581e-04, 1.69779290e-03, 2.03735149e-03,
       6.79117162e-04, 1.69779290e-03, 6.79117162e-04, 3.39558581e-04,
       2.03735149e-03, 6.79117162e-04, 0., 2.03735149e-03,
       2.71646865e-03, 3.39558581e-04, 1.01867574e-03, 2.71646865e-03,
       3.39558581e-04, 3.39558581e-04, 1.35823432e-03, 3.39558581e-04,
       4.07470297e-03, 6.79117162e-04, 3.39558581e-04, 1.69779290e-03,
       1.01867574e-03, 0., 6.79117162e-04, 3.73514439e-03,
       1.69779290e-03, 1.01867574e-03, 3.39558581e-04, 1.01867574e-03,
       1.01867574e-03, 3.39558581e-04, 3.39558581e-04, 1.69779290e-03,
       1.69779290e-03, 6.79117162e-04, 6.79117162e-04, 6.79117162e-04,
       1.69779290e-03, 3.39558581e-04, 3.39558581e-04, 2.71646865e-03,
       6.79117162e-04, 1.01867574e-03, 3.39558581e-04, 2.03735149e-03,
       2.03735149e-03, 3.39558581e-04, 0., 1.35823432e-03,
       6.79117162e-04, 1.01867574e-03, 2.71646865e-03, 1.35823432e-03,
       1.35823432e-03, 1.01867574e-03, 2.37691007e-03, 1.69779290e-03,
       9.16808192e-03, 6.79117162e-04, 1.35823432e-03, 1.69779290e-03,
       1.01867574e-03, 3.39558581e-04, 1.35823432e-03, 1.69779290e-03,
       2.03735149e-03, 3.39558581e-04, 1.01867574e-03, 1.35823432e-03,
       1.35823432e-03, 1.01867574e-03, 1.01867574e-03, 6.79117162e-04,
       1.01867574e-03, 6.79117162e-04, 1.69779290e-03, 6.79117162e-04,
       1.69779290e-03, 6.79117162e-04, 1.35823432e-03, 6.79117162e-04,
       6.79117162e-04, 1.01867574e-03, 1.35823432e-03, 3.39558581e-04,
       1.01867574e-03, 1.01867574e-03, 1.01867574e-03, 6.79117162e-04,
       6.79117162e-04, 1.01867574e-03, 6.79117162e-04, 6.79117162e-04,
       6.79117162e-04, 3.39558581e-04, 3.39558581e-04, 2.37691007e-03,
       1.35823432e-03, 1.35823432e-03, 1.42614599e-02, 6.79117162e-04,
       1.01867574e-03, 3.05602723e-03, 3.39558581e-03, 6.79117162e-04,
       6.79117162e-04, 6.79117162e-04, 6.79117162e-04, 3.39558581e-04,
       6.79117162e-04, 3.39558581e-04, 6.79117162e-04, 1.35823432e-03,
       3.39558581e-03, 4.41426132e-03, 3.39558581e-04, 1.35823432e-03,
       1.35823432e-03, 1.35823432e-03, 1.01867574e-03, 1.01867574e-03,
       3.39558581e-04, 0., 6.79117162e-04, 4.75382013e-03,
       7.13072997e-03, 6.79117162e-04, 1.69779290e-03, 1.35823432e-03,
       1.01867574e-03, 3.39558581e-04, 0., 2.03735149e-03,
       3.39558581e-04, 6.79117162e-04, 1.69779290e-03, 1.69779290e-03,
       1.69779290e-03, 6.79117162e-04, 3.39558581e-04, 6.79117162e-04,
       1.01867574e-03, 0., 3.39558581e-04, 6.79117162e-04,
       6.79117162e-04, 3.39558581e-04, 6.79117162e-04, 1.35823432e-03,
       1.69779290e-03, 1.01867574e-03, 1.01867574e-03, 4.07470297e-03,
       2.71646865e-03, 0., 1.35823432e-03, 1.01867574e-03,
       2.03735149e-03, 2.37691007e-03, 3.39558581e-04, 1.69779290e-03,
       2.03735149e-03, 3.39558581e-04, 1.01867574e-03, 6.79117162e-04,
       3.39558581e-03, 6.79117162e-04, 3.39558581e-04, 2.37691007e-03,
       1.35823432e-03, 3.39558581e-04, 1.01867574e-03, 1.01867574e-03,
       3.39558581e-04, 2.37691007e-03, 3.39558581e-04, 6.79117162e-04,
       6.79117162e-04, 3.39558581e-03, 1.01867574e-03, 3.39558581e-04,
       1.69779290e-03, 1.01867574e-03, 0., 3.39558581e-04,
       6.79117162e-04, 1.01867574e-03, 6.79117162e-04, 3.39558581e-04,
       1.01867574e-03, 0., 6.79117162e-04, 2.71646865e-03,
       6.79117162e-04, 0., 6.79117162e-04, 1.01867574e-03,
       6.79117162e-04, 1.69779290e-03, 6.79117162e-04, 6.79117162e-04,
       1.35823432e-03, 2.37691007e-03, 1.35823432e-03, 1.35823432e-03,
       3.39558581e-04, 6.79117162e-04, 1.35823432e-03, 1.35823432e-03,
       3.39558581e-04, 2.71646865e-03, 6.79117162e-04, 6.79117162e-04,
       3.39558581e-04, 1.01867574e-03, 3.39558581e-04, 1.01867574e-03,
       1.01867574e-03, 3.39558581e-04, 1.01867574e-03, 3.39558581e-04,
       6.79117162e-04, 1.69779290e-03, 0., 1.01867574e-03,
       3.39558581e-04, 1.69779290e-03, 1.01867574e-03, 3.39558581e-04,
       1.35823432e-03, 6.79117162e-04, 2.71646865e-03, 0.,
       1.01867574e-03, 6.79117162e-04, 1.01867574e-03, 3.39558581e-04,
       1.69779290e-03, 3.39558581e-04, 6.79117162e-04, 1.35823432e-03,
       1.01867574e-03, 6.79117162e-04, 2.03735149e-03, 1.01867574e-03,
       1.01867574e-03, 1.01867574e-03, 1.01867574e-03, 1.01867574e-03,
       3.05602723e-03, 1.01867574e-03, 1.35823432e-03, 6.79117162e-04,
       3.39558581e-04, 6.79117162e-03, 2.03735149e-03, 1.01867574e-03,
       1.01867574e-03, 1.01867574e-03, 0., 3.39558581e-04, 0.,
       4.41426132e-03, 1.35823432e-03, 1.01867574e-03, 2.03735149e-03,
       3.39558581e-04, 3.39558581e-04, 6.79117162e-04, 6.79117162e-04,
       1.35823432e-03, 1.35823432e-03, 1.35823432e-03, 1.69779290e-03,
       3.39558581e-04, 3.39558581e-04, 4.07470297e-03, 1.01867574e-03,
       0., 1.35823432e-03, 6.79117162e-04, 1.01867574e-03,
       1.35823432e-03, 1.35823432e-03, 1.01867574e-03, 3.39558581e-04,
       6.79117162e-04, 2.03735149e-03, 6.79117162e-04, 1.69779290e-03,
       7.13072997e-03, 3.39558581e-04, 3.05602723e-03, 3.39558581e-04,
       3.39558581e-04, 1.35823432e-03, 1.01867574e-03, 2.03735149e-03,
       3.39558581e-03, 1.35823432e-03, 1.69779290e-03, 6.79117162e-04,
       1.35823432e-03, 1.01867574e-03, 1.01867574e-03, 6.79117162e-04,
       0., 3.39558581e-04, 1.69779290e-03, 1.01867574e-03,
       6.11205446e-03, 1.35823432e-03, 1.35823432e-03, 6.79117162e-03,
       6.79117162e-04, 1.69779290e-03, 1.01867574e-03, 0.,
       6.79117162e-03, 1.35823432e-03, 3.39558581e-04, 3.39558581e-03,
       3.39558581e-04, 1.01867574e-03, 6.79117162e-04, 3.39558581e-04,
       3.39558581e-04, 3.39558581e-04, 2.71646865e-03, 3.39558581e-04,
       1.69779290e-03, 0., 6.11205446e-03, 1.69779290e-03,
       2.03735149e-03, 3.39558581e-04, 2.37691007e-03, 3.39558581e-04,
       6.79117162e-04, 6.79117162e-04, 6.79117162e-04, 3.39558581e-04,
       6.79117162e-04, 1.01867574e-03, 1.35823432e-03, 2.71646865e-03,
       3.39558581e-04, 3.39558581e-04, 1.69779290e-03, 0.,
       1.35823432e-03, 3.39558581e-04, 1.35823432e-03, 1.01867574e-03,
       1.35823432e-03, 3.39558581e-04, 1.35823432e-03, 1.01867574e-03,
       3.39558581e-04, 6.79117162e-04, 3.39558581e-04, 0., 0.,
       6.79117162e-04, 6.79117162e-04, 1.69779290e-03, 6.79117162e-04,
       1.35823432e-03, 2.03735149e-03, 1.35823432e-03, 3.39558581e-04,
       1.01867574e-03, 1.01867574e-03, 1.35823432e-03, 6.79117162e-04,
       1.35823432e-03, 1.35823432e-03, 1.01867574e-03, 1.01867574e-03,
       0., 1.01867574e-03, 6.79117162e-04, 6.79117162e-04,
       3.39558581e-04, 0., 1.01867574e-03, 1.69779290e-03,
