%YAML:1.0
m25n: !!opencv-matrix
   rows: 1
   cols: 800
   dt: f
   data: [ 0., 3.93391028e-03, 0., 7.86782068e-04, 7.86782068e-04,
       8.65460280e-03, 7.86782068e-04, 7.08103878e-03, 1.57356414e-03,
       7.86782068e-04, 1.57356414e-03, 0., 0., 0., 7.86782068e-04,
       9.44138505e-03, 0., 7.86782068e-04, 0., 0., 7.86782068e-04, 0.,
       7.86782068e-04, 0., 7.86782068e-04, 0., 7.86782068e-04, 0.,
       7.08103878e-03, 0., 1.57356414e-03, 2.36034626e-03,
       7.86782068e-04, 0., 0., 7.86782068e-04, 0., 0., 7.86782056e-03,
       0., 0., 7.86782068e-04, 2.36034626e-03, 0., 0., 4.72069252e-03,
       1.57356414e-03, 3.14712827e-03, 0., 0., 0., 0., 1.57356414e-03,
       1.57356414e-03, 0., 2.36034626e-03, 3.14712827e-03,
       1.57356414e-03, 0., 0., 0., 1.57356414e-03, 0., 4.72069252e-03,
       0., 0., 7.08103878e-03, 3.93391028e-03, 7.86782068e-04, 0.,
       1.41620776e-02, 2.36034626e-03, 7.86782068e-04, 8.65460280e-03,
       0., 0., 1.57356414e-03, 2.36034626e-03, 7.86782068e-04,
       7.86782068e-04, 0., 0., 1.57356414e-03, 0., 1.57356414e-03,
       7.86782068e-04, 0., 2.12431159e-02, 0., 7.86782068e-04,
       7.86782068e-04, 7.86782068e-04, 0., 0., 0., 0., 3.14712827e-03,
       2.36034626e-03, 1.57356414e-03, 2.36034626e-03, 0.,
       7.86782068e-04, 0., 7.86782068e-04, 1.57356414e-03,
       7.86782068e-04, 1.57356414e-03, 0., 0., 1.57356414e-03,
       7.86782068e-04, 0., 0., 7.86782068e-04, 7.86782068e-04, 0.,
       4.72069252e-03, 7.86782068e-04, 5.50747430e-03, 1.57356414e-03,
       0., 0., 0., 0., 7.86782068e-04, 0., 1.57356414e-03,
       2.36034626e-03, 1.57356414e-03, 3.93391028e-03, 3.14712827e-03,
       1.57356414e-03, 7.86782068e-04, 7.86782068e-04, 1.57356414e-03,
       7.86782068e-04, 0., 2.36034626e-03, 3.14712827e-03, 0., 0.,
       2.36034626e-03, 1.57356414e-03, 1.57356414e-03, 3.93391028e-03,
       7.86782068e-04, 0., 0., 7.86782068e-04, 7.86782068e-04, 0.,
       1.57356414e-03, 0., 2.36034626e-03, 0., 0., 0., 0., 0.,
       1.18017308e-02, 0., 0., 7.86782068e-04, 7.86782068e-04,
       3.14712827e-03, 1.57356414e-03, 0., 0., 0., 7.86782068e-04, 0.,
       1.57356414e-03, 7.86782068e-04, 7.86782068e-04, 0., 0., 0., 0.,
       0., 7.86782068e-04, 0., 0., 7.86782068e-04, 1.57356414e-03, 0.,
       0., 7.86782068e-04, 1.57356414e-03, 7.86782068e-04, 0.,
       7.86782068e-04, 2.36034626e-03, 7.86782068e-04, 0.,
       7.86782068e-04, 1.57356414e-03, 0., 1.57356414e-03, 0., 0.,
       1.57356414e-03, 7.86782068e-04, 0., 7.86782068e-04,
       7.86782068e-04, 7.86782068e-04, 7.86782068e-04, 1.57356414e-03,
       1.57356414e-03, 0., 7.86782068e-04, 7.86782068e-04,
       7.86782068e-04, 0., 1.57356414e-03, 0., 1.57356414e-03, 0.,
       7.86782068e-04, 0., 7.86782068e-04, 4.72069252e-03,
       2.36034626e-03, 7.86782068e-04, 7.86782068e-04, 7.86782068e-04,
       0., 0., 0., 3.14712827e-03, 7.86782068e-04, 0., 0.,
       1.57356414e-03, 1.57356414e-03, 5.50747430e-03, 5.50747430e-03,
       7.86782068e-04, 0., 0., 0., 0., 2.36034626e-03, 1.57356414e-03,
       0., 0., 7.86782068e-04, 0., 0., 0., 0., 1.57356414e-03, 0.,
       3.93391028e-03, 0., 7.86782068e-04, 0., 0., 0., 7.86782068e-04,
       0., 0., 3.14712827e-03, 0., 0., 1.57356414e-03, 3.93391028e-03,
       7.86782068e-04, 7.86782068e-04, 1.57356414e-03, 7.86782068e-04,
       3.14712827e-03, 0., 3.14712827e-03, 0., 0., 0., 0., 0.,
       7.86782068e-04, 1.57356414e-03, 0., 7.86782068e-04, 0., 0.,
       1.57356414e-03, 0., 7.86782068e-04, 0., 1.57356414e-03,
       7.86782068e-04, 0., 7.86782068e-04, 0., 0., 2.36034626e-03,
       2.36034626e-03, 0., 0., 8.65460280e-03, 7.86782068e-04,
       1.57356414e-03, 0., 0., 0., 0., 0., 1.57356414e-03, 0.,
       1.57356414e-03, 1.02281673e-02, 0., 7.86782068e-04,
       1.57356414e-03, 3.14712827e-03, 7.86782068e-04, 7.86782068e-04,
       0., 1.57356414e-03, 0., 7.86782068e-04, 0., 7.86782068e-04, 0.,
       2.36034626e-03, 7.86782068e-04, 1.57356414e-03, 0.,
       1.57356414e-03, 3.93391028e-03, 7.86782068e-04, 3.14712827e-03,
       0., 7.86782068e-04, 0., 1.57356414e-03, 2.36034626e-03,
       1.41620776e-02, 0., 0., 0., 0., 0., 0., 2.36034626e-03, 0., 0.,
       0., 0., 1.57356414e-03, 0., 0., 7.86782068e-04, 7.86782068e-04,
       0., 0., 1.57356414e-03, 7.86782068e-04, 7.86782068e-04,
       7.86782068e-04, 0., 1.57356414e-03, 5.50747430e-03, 0., 0., 0.,
       0., 0., 0., 0., 1.57356414e-03, 2.36034626e-03, 0., 0.,
       1.57356414e-03, 7.86782068e-04, 0., 7.86782068e-04,
       7.86782068e-04, 1.57356414e-03, 0., 0., 1.18017308e-02, 0.,
       1.57356414e-03, 7.86782068e-04, 7.86782068e-04, 6.29425654e-03,
       1.57356414e-03, 0., 7.86782068e-04, 0., 1.02281673e-02,
       7.86782068e-04, 0., 1.57356414e-03, 2.36034626e-03, 0., 0.,
       2.36034626e-03, 7.86782068e-04, 7.86782068e-04, 0., 0., 0.,
       7.86782068e-04, 0., 1.57356414e-03, 0., 0., 0., 1.57356414e-03,
       8.65460280e-03, 1.57356414e-03, 0., 0., 7.86782068e-04, 0., 0.,
       0., 0., 0., 0., 2.36034626e-03, 1.57356414e-03, 7.86782068e-04,
       7.86782068e-04, 0., 7.86782068e-04, 0., 0., 7.86782068e-04,
       2.12431159e-02, 0., 0., 5.50747430e-03, 0., 1.57356414e-03, 0.,
       7.86782068e-04, 0., 0., 1.57356414e-03, 0., 0., 7.86782068e-04,
       0., 7.86782068e-04, 0., 0., 7.86782068e-04, 0., 7.86782068e-04,
       0., 1.57356414e-03, 7.86782068e-04, 7.86782068e-04, 0.,
       7.86782068e-04, 1.57356414e-03, 7.86782068e-04, 7.86782068e-04,
       3.14712827e-03, 0., 0., 2.36034626e-03, 7.86782068e-04,
       2.36034626e-03, 2.36034626e-03, 0., 2.36034626e-03, 0.,
       7.86782068e-04, 0., 7.86782068e-04, 7.86782068e-04,
       1.57356414e-03, 0., 3.14712827e-03, 7.86782068e-04,
       1.57356414e-03, 0., 0., 0., 7.86782068e-04, 0., 1.57356414e-03,
       1.57356414e-03, 0., 0., 1.57356414e-03, 0., 0., 7.86782068e-04,
       0., 7.86782068e-04, 7.86782068e-04, 1.57356414e-03, 0., 0., 0.,
       0., 0., 7.86782068e-04, 3.93391028e-03, 1.80959869e-02,
       7.86782068e-04, 0., 4.72069252e-03, 0., 2.36034626e-03,
       1.57356414e-03, 0., 0., 7.86782068e-04, 0., 0., 2.12431159e-02,
       1.57356414e-03, 2.36034626e-03, 7.86782068e-04, 3.14712827e-03,
       0., 2.36034626e-03, 0., 1.57356414e-03, 0., 1.49488589e-02, 0.,
       0., 7.86782068e-04, 1.57356414e-03, 0., 0., 7.86782068e-04,
       1.57356414e-03, 2.36034626e-03, 0., 0., 3.14712827e-03,
       7.86782068e-04, 7.86782068e-04, 0., 0., 1.57356414e-03, 0.,
       7.86782068e-04, 7.86782068e-04, 0., 7.86782068e-04,
       7.86782068e-04, 3.93391028e-03, 0., 7.86782068e-04,
       7.86782068e-04, 0., 3.14712827e-03, 2.36034626e-03, 0.,
       1.57356414e-03, 1.57356414e-03, 7.86782068e-04, 7.86782068e-04,
       0., 0., 7.86782068e-04, 7.86782068e-04, 0., 7.86782068e-04, 0.,
       0., 0., 0., 7.86782068e-04, 0., 6.29425654e-03, 5.50747430e-03,
       7.86782068e-04, 2.36034626e-03, 5.50747430e-03, 0., 0.,
       7.86782068e-04, 1.57356414e-03, 1.33752953e-02, 0., 0.,
       1.57356414e-03, 0., 0., 0., 0., 4.72069252e-03, 1.57356414e-03,
       3.14712827e-03, 7.86782068e-04, 7.86782068e-04, 0.,
       1.57356414e-03, 4.72069252e-03, 0., 7.86782068e-04,
       7.86782068e-04, 7.86782068e-04, 7.86782068e-04, 3.14712827e-03,
       7.86782068e-04, 1.57356414e-03, 0., 0., 0., 2.36034626e-03, 0.,
       9.44138505e-03, 0., 0., 7.86782068e-04, 7.86782068e-04, 0., 0.,
       7.86782068e-04, 7.86782068e-04, 7.86782068e-04, 7.86782068e-04,
       7.86782068e-04, 0., 0., 0., 0., 3.93391028e-03, 7.86782068e-04,
       0., 0., 0., 1.57356414e-03, 0., 3.14712827e-03, 0.,
       7.86782068e-04, 7.86782068e-04, 0., 6.29425654e-03,
       2.36034626e-03, 1.57356414e-03, 7.86782068e-04, 0.,
       1.57356414e-03, 7.86782068e-04, 0., 0., 7.86782068e-04,
       7.08103878e-03, 0., 7.86782068e-04, 1.57356414e-03, 0.,
       7.86782068e-04, 0., 1.57356414e-03, 0., 0., 0., 0.,
       2.36034626e-03, 0., 4.72069252e-03, 7.86782068e-04, 0.,
