%YAML:1.0
m25n: !!opencv-matrix
   rows: 1
   cols: 200
   dt: f
   data: [ 1.08275320e-02, 7.73395179e-04, 2.32018554e-03, 0.,
       2.24284604e-02, 7.73395179e-04, 3.09358072e-03, 4.64037107e-03,
       4.64037107e-03, 3.17092016e-02, 4.64037107e-03, 4.64037107e-03,
       0., 1.70146935e-02, 0., 3.86697589e-03, 0., 1.54679036e-03, 0.,
       7.73395179e-03, 2.32018554e-03, 4.64037107e-03, 0.,
       5.41376602e-03, 3.09358072e-03, 3.09358072e-03, 7.73395179e-04,
       2.32018554e-03, 7.73395179e-04, 1.54679036e-03, 4.64037107e-03,
       1.62412990e-02, 2.32018554e-03, 2.24284604e-02, 7.73395179e-04,
       7.73395179e-04, 1.54679036e-03, 6.96055684e-03, 2.32018554e-03,
       5.41376602e-03, 0., 1.54679036e-03, 7.73395179e-04,
       1.54679036e-03, 7.73395179e-04, 7.73395179e-04, 0.,
       7.73395179e-04, 3.09358072e-03, 1.54679036e-03, 2.32018554e-03,
       1.31477183e-02, 5.41376602e-03, 1.54679036e-03, 4.64037107e-03,
       6.96055684e-03, 7.73395179e-03, 3.86697589e-03, 3.86697589e-03,
       1.08275320e-02, 1.54679036e-03, 3.86697589e-03, 1.54679036e-03,
       1.54679036e-03, 6.18716143e-03, 7.73395179e-04, 6.18716143e-03,
       1.00541376e-02, 9.28074215e-03, 0., 1.54679036e-03, 0.,
       4.64037107e-03, 7.73395179e-04, 1.54679036e-03, 3.09358072e-03,
       3.71229686e-02, 8.50734673e-03, 4.64037107e-03, 3.09358072e-03,
       4.33101282e-02, 6.96055684e-03, 3.09358072e-03, 3.86697589e-03,
       3.86697589e-03, 6.96055684e-03, 3.55761796e-02, 2.32018554e-03,
       4.64037107e-03, 5.41376602e-03, 3.86697589e-03, 1.54679036e-03,
       1.54679036e-03, 2.32018554e-03, 7.73395179e-04, 7.73395179e-04,
       1.16009274e-02, 6.18716143e-03, 3.63495722e-02, 0., 0.,
       1.54679036e-03, 3.86697589e-03, 1.54679036e-03, 9.28074215e-03,
       3.86697589e-03, 5.41376602e-03, 2.32018554e-03, 6.18716143e-03,
       3.09358072e-03, 3.86697589e-03, 2.32018554e-03, 4.64037107e-03,
       7.73395179e-04, 4.64037107e-03, 2.32018554e-03, 7.73395179e-03,
       4.64037107e-03, 7.73395179e-04, 5.41376602e-03, 3.86697589e-03,
       4.64037107e-03, 3.09358072e-03, 7.73395179e-04, 1.08275320e-02,
       7.73395179e-04, 7.73395179e-03, 7.73395179e-04, 3.86697589e-03,
       1.54679036e-03, 2.32018554e-03, 2.32018554e-03, 3.09358072e-03,
       2.32018554e-03, 1.54679036e-03, 2.47486457e-02, 5.41376621e-02,
       1.54679036e-03, 3.09358072e-03, 5.41376602e-03, 7.73395179e-04,
       8.50734673e-03, 7.73395179e-04, 7.73395179e-04, 6.96055684e-03,
       1.54679036e-03, 3.09358072e-03, 2.32018554e-03, 0.,
       4.64037107e-03, 3.86697589e-03, 0., 7.73395179e-04,
       4.64037107e-03, 1.08275320e-02, 8.50734673e-03, 3.09358072e-03,
       1.16009274e-02, 0., 4.64037107e-03, 2.32018554e-03,
       1.39211137e-02, 3.86697589e-03, 5.41376602e-03, 1.62412990e-02,
       7.73395179e-03, 1.54679036e-03, 7.73395179e-04, 1.54679036e-03,
       0., 1.54679036e-03, 6.18716143e-03, 1.54679036e-03,
       7.73395179e-04, 4.64037107e-03, 7.73395179e-04, 3.86697589e-03,
       1.54679036e-03, 6.18716143e-03, 7.73395179e-04, 7.73395179e-04,
       1.54679036e-03, 5.41376602e-03, 2.32018554e-03, 1.54679036e-03,
       3.86697589e-03, 9.28074215e-03, 7.73395179e-04, 1.54679036e-03,
       4.64037107e-03, 2.32018554e-03, 2.32018554e-03, 6.18716143e-03,
       6.96055684e-03, 2.32018554e-03, 2.32018554e-03, 7.73395179e-04,
       6.96055684e-03, 0., 7.73395179e-04 ]
