%YAML:1.0
m25n: !!opencv-matrix
   rows: 1
   cols: 800
   dt: f
   data: [ 7.73395179e-04, 0., 7.73395179e-04, 0., 5.41376602e-03, 0.,
       0., 1.54679036e-03, 0., 1.08275320e-02, 7.73395179e-04,
       1.54679036e-03, 7.73395179e-04, 0., 7.73395179e-04,
       7.73395179e-04, 1.54679036e-03, 0., 0., 2.32018554e-03, 0., 0.,
       0., 0., 7.73395179e-04, 1.54679036e-03, 7.73395179e-04, 0., 0.,
       0., 0., 7.73395179e-04, 0., 1.93348788e-02, 0., 0., 0.,
       7.73395179e-04, 0., 2.32018554e-03, 0., 0., 2.32018554e-03, 0.,
       0., 7.73395179e-04, 0., 1.54679036e-03, 0., 0., 0.,
       8.50734673e-03, 7.73395179e-04, 7.73395179e-04, 3.86697589e-03,
       7.73395179e-04, 7.73395179e-04, 0., 2.32018554e-03,
       7.73395179e-04, 0., 0., 0., 7.73395179e-04, 7.73395179e-04, 0.,
       2.32018554e-03, 3.09358072e-03, 1.54679036e-03, 0., 0.,
       2.32018554e-03, 0., 7.73395179e-04, 0., 0., 1.62412990e-02,
       1.62412990e-02, 1.54679036e-03, 1.54679036e-03, 1.62412990e-02,
       0., 7.73395179e-04, 1.54679036e-03, 0., 7.73395179e-04,
       4.64037107e-03, 7.73395179e-04, 3.09358072e-03, 7.73395179e-04,
       0., 0., 0., 7.73395179e-04, 0., 7.73395179e-04, 0.,
       6.18716143e-03, 8.50734673e-03, 0., 7.73395179e-04,
       7.73395179e-04, 2.32018554e-03, 1.54679036e-03, 2.32018554e-03,
       1.54679036e-03, 7.73395179e-04, 0., 0., 7.73395179e-04, 0., 0.,
       1.54679036e-03, 0., 7.73395179e-04, 0., 7.73395179e-04,
       7.73395179e-04, 0., 1.54679036e-03, 7.73395179e-04, 0.,
       1.54679036e-03, 0., 3.09358072e-03, 7.73395179e-04,
       7.73395179e-04, 0., 7.73395179e-04, 7.73395179e-04,
       7.73395179e-04, 7.73395179e-04, 7.73395179e-04, 0.,
       7.73395179e-04, 3.86697589e-03, 1.00541376e-02, 0., 0.,
       2.01082751e-02, 0., 3.86697589e-03, 1.54679036e-03, 0., 0., 0.,
       0., 3.86697589e-03, 0., 7.73395179e-04, 0., 0., 1.54679036e-03,
       7.73395179e-04, 7.73395179e-04, 4.64037107e-03, 7.73395179e-04,
       1.54679036e-03, 0., 0., 0., 5.41376602e-03, 7.73395179e-04,
       1.54679036e-03, 0., 3.09358072e-03, 0., 7.73395179e-04, 0., 0.,
       7.73395179e-04, 7.73395179e-04, 7.73395179e-04, 0., 0.,
       7.73395179e-04, 7.73395179e-04, 0., 7.73395179e-04,
       1.54679036e-03, 1.54679036e-03, 0., 1.54679036e-03,
       1.54679036e-03, 0., 2.32018554e-03, 6.96055684e-03, 0.,
       7.73395179e-04, 3.09358072e-03, 0., 0., 0., 7.73395179e-04, 0.,
       1.54679036e-03, 7.73395179e-04, 1.54679036e-03, 0., 0.,
       2.32018554e-03, 0., 3.86697589e-03, 0., 0., 2.32018554e-03, 0.,
       1.54679036e-03, 0., 0., 0., 0., 1.54679036e-03, 7.73395179e-04,
       7.73395179e-04, 0., 0., 1.54679036e-03, 0., 0., 1.54679036e-03,
       0., 0., 7.73395179e-04, 4.64037107e-03, 6.18716143e-03,
       1.54679036e-03, 0., 5.41376602e-03, 0., 1.54679036e-03,
       1.54679036e-03, 0., 3.09358072e-03, 0., 7.73395179e-04,
       1.54679036e-03, 0., 7.73395179e-04, 0., 1.00541376e-02,
       7.73395179e-04, 0., 0., 7.73395179e-04, 7.73395179e-04,
       1.54679036e-03, 0., 0., 2.32018554e-03, 0., 0., 0., 0.,
       7.73395179e-04, 0., 7.73395179e-04, 7.73395179e-04,
       2.32018554e-03, 0., 0., 0., 3.09358072e-03, 0., 3.86697589e-03,
       7.73395179e-04, 0., 1.54679036e-03, 0., 0., 0., 0., 0.,
       7.73395179e-04, 0., 0., 0., 2.32018554e-03, 0., 7.73395179e-04,
       7.73395179e-04, 2.32018554e-03, 0., 0., 0., 0., 0.,
       1.54679036e-03, 7.73395179e-04, 0., 0., 0., 7.73395179e-04,
       3.86697589e-03, 1.54679036e-03, 7.73395179e-04, 7.73395179e-04,
       0., 1.54679036e-03, 0., 0., 0., 0., 0., 7.73395179e-04, 0., 0.,
       3.09358072e-03, 1.54679036e-03, 0., 5.41376602e-03, 0., 0.,
       7.73395179e-04, 0., 0., 7.73395179e-04, 0., 7.73395179e-04, 0.,
       3.86697589e-03, 0., 0., 0., 1.54679036e-03, 7.73395179e-04, 0.,
       3.09358072e-03, 1.54679036e-03, 7.73395179e-04, 7.73395179e-04,
       0., 0., 0., 0., 0., 7.73395179e-04, 0., 0., 0., 2.32018554e-03,
       0., 0., 1.54679036e-03, 0., 0., 0., 3.09358072e-03, 0., 0., 0.,
       0., 1.54679036e-03, 1.54679036e-03, 0., 0., 7.73395179e-04,
       1.54679036e-03, 0., 1.70146935e-02, 0., 1.54679036e-03, 0.,
       7.73395179e-04, 7.73395179e-04, 0., 1.54679036e-03, 0.,
       3.09358072e-03, 2.32018554e-03, 7.73395179e-04, 7.73395179e-04,
       0., 1.54679036e-03, 0., 0., 0., 7.73395179e-04, 0.,
       2.32018554e-03, 7.73395179e-04, 0., 0., 0., 0., 1.70146935e-02,
       0., 7.73395179e-04, 0., 7.73395179e-04, 1.54679036e-03,
       7.73395179e-04, 7.73395179e-04, 1.54679036e-03, 0.,
       7.73395179e-04, 0., 1.54679036e-03, 8.50734673e-03, 0.,
       2.32018554e-03, 3.09358072e-03, 0., 0., 7.73395179e-04,
       4.64037107e-03, 7.73395179e-04, 0., 0., 2.32018554e-03,
       3.09358072e-03, 2.32018554e-03, 7.73395179e-04, 0.,
       5.41376602e-03, 0., 2.32018554e-03, 0., 7.73395179e-04,
       7.73395179e-04, 7.73395179e-04, 1.54679036e-03, 7.73395179e-04,
       0., 0., 0., 2.32018554e-03, 0., 3.09358072e-03, 7.73395179e-04,
       2.32018554e-03, 3.09358072e-03, 0., 0., 0., 7.73395179e-04,
       3.86697589e-03, 7.73395179e-04, 7.73395179e-04, 8.50734673e-03,
       3.09358072e-03, 7.73395179e-04, 5.41376602e-03, 0.,
       1.54679036e-03, 0., 7.73395179e-04, 1.54679036e-03,
       7.73395179e-04, 7.73395179e-04, 1.54679036e-03, 1.54679036e-03,
       7.73395179e-04, 2.32018554e-03, 7.73395179e-04, 0.,
       7.73395179e-04, 1.54679036e-03, 1.54679036e-03, 0.,
       2.32018554e-03, 0., 7.73395179e-04, 1.54679036e-03, 0.,
       2.32018554e-03, 3.86697589e-03, 0., 1.54679036e-03,
       1.54679036e-03, 7.73395179e-04, 7.73395179e-04, 0., 0., 0., 0.,
       1.08275320e-02, 0., 7.73395179e-04, 0., 0., 0., 6.18716143e-03,
       7.73395179e-04, 0., 1.54679036e-03, 1.54679036e-03,
       1.54679036e-03, 0., 1.54679036e-03, 4.64037107e-03, 0., 0.,
       2.32018554e-03, 7.73395179e-04, 0., 0., 0., 3.09358072e-03,
       1.23743229e-02, 7.73395179e-04, 1.54679036e-03, 0.,
       7.73395179e-04, 3.09358072e-03, 1.54679036e-03, 2.32018554e-03,
       0., 1.46945082e-02, 0., 0., 0., 1.54679036e-03, 1.54679036e-03,
       3.86697589e-03, 0., 1.54679036e-03, 7.73395179e-04, 0., 0., 0.,
       0., 7.73395179e-04, 0., 0., 0., 0., 9.28074215e-03, 0.,
       7.73395179e-04, 7.73395179e-04, 1.54679036e-02, 0., 0.,
       6.96055684e-03, 0., 3.09358072e-03, 0., 7.73395179e-04, 0., 0.,
       4.64037107e-03, 0., 7.73395179e-04, 2.32018554e-03, 0., 0., 0.,
       1.54679036e-03, 7.73395179e-04, 0., 1.54679036e-03,
       3.09358072e-03, 7.73395179e-04, 0., 0., 7.73395179e-04, 0., 0.,
       2.32018554e-03, 1.54679036e-03, 7.73395179e-04, 0., 0., 0., 0.,
       3.09358072e-03, 7.73395179e-04, 1.54679036e-03, 0., 0.,
       1.54679036e-03, 3.86697589e-03, 7.73395179e-04, 0., 0., 0.,
       7.73395179e-04, 0., 7.73395179e-04, 7.73395179e-04,
       7.73395179e-04, 7.73395179e-04, 3.09358072e-03, 7.73395179e-04,
       0., 2.32018554e-03, 0., 2.32018554e-03, 7.73395179e-03, 0., 0.,
       0., 7.73395179e-04, 0., 0., 0., 0., 0., 7.73395179e-04, 0.,
       2.32018554e-03, 0., 1.54679036e-03, 1.85614843e-02,
       4.64037107e-03, 0., 0., 7.73395179e-04, 0., 0., 0.,
       1.54679036e-03, 7.73395179e-04, 1.54679036e-03, 7.73395179e-04,
       3.09358072e-03, 0., 1.54679036e-03, 7.73395179e-04,
       1.46945082e-02, 0., 0., 2.32018554e-03, 0., 1.54679036e-03,
       7.73395179e-04, 0., 1.54679036e-03, 7.73395179e-04,
       7.73395179e-04, 3.86697589e-03, 7.73395179e-04, 0., 0.,
       7.73395179e-04, 7.73395179e-04, 7.73395179e-04, 0., 0.,
       7.73395179e-04, 0., 1.54679036e-03, 0., 3.09358072e-03, 0., 0.,
       0., 0., 2.32018554e-03, 0., 7.73395179e-04, 0., 0., 0., 0.,
       7.73395179e-04, 0., 0., 1.00541376e-02, 1.54679036e-03,
       1.54679036e-03, 7.73395179e-04, 2.32018554e-03, 2.32018554e-03,
       7.73395179e-04, 7.73395179e-04, 2.32018554e-03, 7.73395179e-04,
       0., 1.54679036e-03, 0., 0., 1.54679036e-03, 0., 3.86697589e-03,
