%YAML:1.0
m25n: !!opencv-matrix
   rows: 1
   cols: 800
   dt: f
   data: [ 4.14421869e-04, 4.14421869e-04, 4.14421869e-04,
       8.28843738e-04, 1.65768748e-03, 0., 4.14421869e-04,
       8.28843738e-04, 4.14421869e-04, 6.63074991e-03, 2.90095317e-03,
       2.90095317e-03, 0., 8.28843738e-04, 4.14421869e-04,
       8.28843738e-04, 4.14421869e-04, 0., 8.28843738e-04,
       1.65768748e-03, 2.48653116e-03, 2.48653116e-03, 1.24326558e-03,
       0., 1.24326558e-03, 1.65768748e-03, 5.80190634e-03,
       8.28843738e-04, 5.80190634e-03, 0., 1.24326558e-03,
       2.48653116e-03, 3.31537495e-03, 2.48653116e-03, 0.,
       1.24326558e-03, 8.28843738e-04, 4.14421869e-04, 2.90095317e-03,
       0., 4.14421869e-04, 2.90095317e-03, 1.24326558e-03,
       8.28843738e-04, 1.65768748e-03, 1.65768748e-03, 8.28843738e-04,
       1.65768748e-03, 4.14421869e-04, 0., 2.90095317e-03,
       8.28843738e-04, 2.07210938e-03, 0., 1.65768748e-03,
       8.28843738e-04, 8.28843738e-04, 4.55864053e-03, 2.48653116e-03,
       1.65768748e-03, 2.48653116e-03, 8.28843738e-04, 2.48653116e-03,
       0., 2.48653116e-03, 8.28843738e-04, 0., 8.28843738e-04, 0.,
       4.14421869e-04, 2.48653116e-03, 0., 4.14421869e-04,
       8.28843738e-04, 4.14421869e-04, 1.24326558e-03, 0.,
       8.28843738e-04, 1.24326558e-03, 2.90095317e-03, 1.24326558e-03,
       4.14421869e-04, 1.24326558e-03, 1.65768748e-03, 4.14421869e-04,
       3.31537495e-03, 8.28843738e-04, 8.28843738e-04, 1.24326558e-03,
       8.28843738e-04, 0., 8.28843738e-04, 8.28843738e-04, 0., 0.,
       2.07210938e-03, 1.24326558e-03, 3.31537495e-03, 4.14421869e-04,
       8.28843738e-04, 8.28843738e-04, 2.90095317e-03, 1.24326558e-03,
       1.24326558e-03, 4.14421869e-04, 1.24326558e-03, 1.65768748e-03,
       2.48653116e-03, 0., 0., 4.14421869e-04, 2.48653116e-03,
       8.28843738e-04, 1.65768748e-03, 2.07210938e-03, 0., 0.,
       4.14421869e-04, 2.48653116e-03, 1.24326558e-03, 0.,
       8.28843738e-04, 5.38748410e-03, 5.38748410e-03, 0.,
       4.14421869e-04, 1.24326558e-03, 1.65768748e-03, 2.07210938e-03,
       1.24326558e-03, 2.07210938e-03, 8.28843738e-04, 3.72979674e-03,
       1.65768748e-03, 2.07210938e-03, 0., 2.07210938e-03, 0.,
       1.65768748e-03, 8.28843738e-04, 5.80190634e-03, 1.24326558e-03,
       4.14421869e-04, 4.14421869e-04, 4.14421869e-04, 0.,
       1.65768748e-03, 2.07210938e-03, 4.14421869e-04, 4.14421869e-04,
       1.24326558e-03, 0., 1.65768748e-03, 1.65768748e-03,
       2.48653116e-03, 4.14421869e-04, 0., 2.07210938e-03, 0.,
       1.65768748e-03, 4.14421869e-04, 4.55864053e-03, 2.07210938e-03,
       4.14421869e-04, 0., 1.24326558e-03, 0., 1.24326558e-03,
       1.65768748e-03, 4.14421869e-04, 1.24326558e-03, 9.11728106e-03,
       2.07210938e-03, 0., 8.28843738e-04, 0., 4.14421869e-04,
       8.28843738e-04, 2.07210938e-03, 0., 2.48653116e-03,
       8.28843738e-04, 1.24326558e-03, 4.14421869e-04, 4.14421869e-04,
       2.48653116e-03, 2.48653116e-03, 1.24326558e-03, 0.,
       3.72979674e-03, 0., 4.14421869e-04, 4.14421875e-03,
       4.14421869e-04, 1.65768748e-03, 8.28843738e-04, 8.28843738e-04,
       2.07210938e-03, 1.24326558e-03, 4.14421869e-04, 1.24326558e-03,
       1.24326558e-03, 1.65768748e-03, 8.28843738e-04, 8.28843738e-04,
       2.07210938e-03, 8.28843738e-04, 6.63074991e-03, 1.65768748e-03,
       8.28843738e-04, 3.31537495e-03, 1.24326558e-03, 0., 0.,
       4.14421869e-04, 4.14421869e-04, 8.28843738e-04, 8.28843738e-04,
       2.07210938e-03, 1.24326558e-03, 8.28843738e-04, 0., 0.,
       3.31537495e-03, 0., 1.24326558e-03, 2.90095317e-03,
       1.24326558e-03, 1.65768748e-03, 1.24326558e-03, 2.90095317e-03,
       1.65768748e-03, 1.24326558e-03, 8.28843738e-04, 8.28843738e-04,
       2.48653116e-03, 1.65768748e-03, 4.14421869e-04, 1.24326558e-03,
       0., 8.28843738e-04, 1.65768748e-03, 4.14421869e-04,
       4.97306231e-03, 8.28843738e-04, 4.14421869e-04, 3.31537495e-03,
       2.07210938e-03, 4.14421869e-04, 8.28843738e-04, 0.,
       1.24326558e-03, 1.65768748e-03, 4.14421869e-04, 4.14421869e-04,
       1.24326558e-03, 2.07210938e-03, 2.90095317e-03, 2.07210938e-03,
       3.72979674e-03, 1.24326558e-03, 1.65768748e-03, 4.14421869e-04,
       4.14421869e-04, 1.65768748e-03, 4.14421869e-04, 1.24326558e-03,
       8.28843738e-04, 4.14421869e-04, 2.90095317e-03, 4.14421869e-04,
       0., 1.24326558e-03, 0., 4.14421869e-04, 4.14421869e-04,
       2.07210938e-03, 4.14421869e-04, 4.97306231e-03, 8.28843738e-04,
       2.48653116e-03, 1.65768748e-03, 2.07210938e-03, 8.28843738e-04,
       1.24326558e-03, 5.38748410e-03, 1.24326558e-03, 5.38748410e-03,
       0., 2.48653116e-03, 1.65768748e-03, 8.28843738e-04, 0.,
       8.28843738e-04, 3.31537495e-03, 2.07210938e-03, 2.48653116e-03,
       4.14421869e-04, 2.07210938e-03, 8.28843738e-04, 1.65768748e-03,
       1.65768748e-03, 2.07210938e-03, 2.48653116e-03, 2.07210938e-03,
       0., 0., 8.28843738e-04, 1.65768748e-03, 4.14421869e-04,
       1.65768748e-03, 0., 2.90095317e-03, 8.28843738e-04, 0.,
       4.14421875e-03, 1.24326558e-03, 8.28843738e-04, 1.24326558e-03,
       5.38748410e-03, 1.24326558e-03, 1.65768748e-03, 8.28843738e-04,
       2.07210938e-03, 8.28843738e-04, 8.28843738e-04, 2.07210938e-03,
       4.14421869e-04, 2.07210938e-03, 2.07210938e-03, 4.14421869e-04,
       4.14421869e-04, 8.28843738e-04, 1.24326558e-03, 1.24326558e-03,
       8.28843738e-04, 0., 0., 8.28843738e-04, 4.14421869e-04,
       2.90095317e-03, 2.07210938e-03, 8.28843738e-04, 2.07210938e-03,
       2.48653116e-03, 2.07210938e-03, 8.28843738e-04, 2.48653116e-03,
       4.14421869e-04, 1.65768748e-03, 1.24326558e-03, 1.24326558e-03,
       0., 4.14421869e-04, 4.14421869e-04, 0., 4.14421875e-03,
       4.14421869e-04, 2.48653116e-03, 0., 1.65768748e-03,
       1.65768748e-03, 1.24326558e-03, 8.28843738e-04, 4.14421869e-04,
       1.24326558e-03, 2.90095317e-03, 4.14421869e-04, 2.48653116e-03,
       4.14421869e-04, 8.28843750e-03, 2.07210938e-03, 4.14421869e-04,
       2.90095317e-03, 3.31537495e-03, 0., 2.07210938e-03, 0.,
       4.14421869e-04, 8.28843738e-04, 4.14421869e-04, 1.24326558e-03,
       2.48653116e-03, 1.24326558e-03, 0., 1.24326558e-03,
       1.65768748e-03, 2.07210938e-03, 8.28843738e-04, 1.24326558e-03,
       1.24326558e-03, 8.28843738e-04, 8.28843738e-04, 2.90095317e-03,
       2.90095317e-03, 4.14421869e-04, 1.24326558e-03, 4.14421869e-04,
       1.24326558e-03, 1.24326558e-03, 4.14421869e-04, 2.90095317e-03,
       4.14421869e-04, 1.65768748e-03, 1.65768748e-03, 4.14421869e-04,
       8.28843738e-04, 4.14421869e-04, 8.28843738e-04, 1.65768748e-03,
       0., 1.65768748e-03, 8.28843738e-04, 4.97306231e-03,
       8.28843738e-04, 0., 0., 0., 1.24326558e-03, 4.14421869e-04,
       1.65768748e-03, 1.24326558e-03, 1.24326558e-03, 4.14421869e-04,
       2.90095317e-03, 4.14421869e-04, 8.28843738e-04, 4.14421869e-04,
       1.24326558e-03, 2.48653116e-03, 4.14421869e-04, 1.24326558e-03,
       1.65768748e-03, 0., 8.28843738e-04, 2.90095317e-03, 0.,
       1.24326558e-03, 2.48653116e-03, 0., 0., 1.24326558e-03,
       2.48653116e-03, 4.14421869e-04, 8.28843738e-04, 4.14421869e-04,
       4.14421869e-04, 1.24326558e-03, 0., 0., 2.07210938e-03,
       8.28843738e-04, 0., 2.07210938e-03, 1.65768748e-03,
       4.14421869e-04, 0., 4.14421869e-04, 2.07210938e-03,
       8.28843738e-04, 2.48653116e-03, 2.07210938e-03, 1.65768748e-03,
       1.24326558e-03, 1.65768748e-03, 1.65768748e-03, 8.28843738e-04,
       4.14421869e-04, 2.90095317e-03, 8.28843738e-04, 0.,
       2.90095317e-03, 1.24326558e-03, 1.65768748e-03, 8.28843738e-04,
       0., 0., 0., 8.28843738e-04, 2.07210938e-03, 1.24326558e-03,
       4.14421869e-04, 1.24326558e-03, 4.14421869e-04, 4.14421869e-04,
       0., 1.65768748e-03, 8.28843738e-04, 4.14421875e-03,
       1.24326558e-03, 1.65768748e-03, 8.28843738e-04, 2.07210938e-03,
       2.48653116e-03, 1.24326558e-03, 1.65768748e-03, 4.14421869e-04,
       4.14421869e-04, 1.65768748e-03, 0., 1.65768748e-03, 0.,
