%YAML:1.0
m25n: !!opencv-matrix
   rows: 1
   cols: 800
   dt: f
   data: [ 8.77963146e-04, 1.31694472e-03, 2.63388944e-03,
       1.75592629e-03, 2.63388944e-03, 4.38981573e-04, 1.31694472e-03,
       1.31694472e-03, 1.31694472e-03, 3.07287090e-03, 1.75592629e-03,
       8.77963146e-04, 4.38981573e-04, 2.19490798e-03, 8.77963146e-04,
       1.31694472e-03, 1.75592629e-03, 4.38981573e-04, 8.77963146e-04,
       8.77963146e-04, 2.63388944e-03, 8.77963146e-04, 2.19490798e-03,
       8.77963146e-04, 0., 4.38981573e-04, 2.19490798e-03,
       4.38981596e-03, 7.46268686e-03, 4.38981573e-04, 4.38981573e-04,
       1.75592629e-03, 3.95083427e-03, 8.77963146e-04, 8.77963146e-04,
       1.31694472e-03, 0., 1.31694472e-03, 2.63388944e-03,
       8.77963146e-04, 1.75592629e-03, 1.31694472e-03, 4.38981573e-04,
       1.31694472e-03, 1.75592629e-03, 3.07287090e-03, 0.,
       8.77963146e-04, 4.38981573e-04, 0., 2.19490798e-03,
       8.77963146e-04, 2.63388944e-03, 4.38981573e-04, 2.19490798e-03,
       1.31694472e-03, 1.31694472e-03, 2.63388944e-03, 2.19490798e-03,
       4.38981573e-04, 1.31694472e-03, 1.75592629e-03, 4.38981573e-04,
       8.77963146e-04, 0., 4.38981573e-04, 0., 1.75592629e-03,
       8.77963146e-04, 4.38981573e-04, 8.77963146e-04, 1.31694472e-03,
       1.75592629e-03, 1.75592629e-03, 2.19490798e-03, 8.77963146e-04,
       0., 0., 8.77963146e-04, 0., 8.77963146e-04, 0., 4.38981573e-04,
       2.63388944e-03, 1.31694472e-03, 3.95083427e-03, 8.77963146e-04,
       1.31694472e-03, 0., 0., 8.77963146e-04, 4.38981573e-04,
       1.31694472e-03, 8.77963146e-04, 4.38981573e-04, 0.,
       8.77963146e-04, 0., 1.75592629e-03, 0., 4.38981573e-04,
       2.63388944e-03, 8.77963146e-04, 0., 4.38981573e-04,
       7.90166855e-03, 3.07287090e-03, 8.77963146e-04, 2.19490798e-03,
       8.77963146e-04, 4.38981573e-04, 4.38981573e-04, 9.21861269e-03,
       0., 3.95083427e-03, 0., 3.95083427e-03, 2.19490798e-03,
       3.07287090e-03, 4.38981573e-04, 1.31694472e-03, 1.31694472e-03,
       3.51185258e-03, 2.19490798e-03, 4.38981573e-04, 0.,
       1.31694472e-03, 3.51185258e-03, 2.63388944e-03, 8.77963146e-04,
       0., 1.31694472e-03, 8.77963146e-04, 8.77963146e-04,
       4.38981573e-04, 4.38981573e-04, 1.31694472e-03, 0., 0.,
       4.38981573e-04, 2.19490798e-03, 8.77963146e-04, 1.75592629e-03,
       1.31694472e-03, 8.77963146e-04, 1.31694472e-03, 8.77963146e-04,
       8.77963146e-04, 0., 8.77963146e-04, 4.38981573e-04, 0.,
       1.31694472e-03, 2.63388944e-03, 4.38981573e-04, 2.19490798e-03,
       4.38981573e-04, 0., 1.31694472e-03, 1.75592629e-03,
       8.77963146e-04, 4.38981573e-04, 3.07287090e-03, 8.77963146e-04,
       0., 0., 0., 1.75592629e-03, 1.75592629e-03, 4.38981573e-04,
       8.77963146e-04, 5.70676057e-03, 8.77963146e-04, 1.75592629e-03,
       4.38981573e-04, 0., 3.07287090e-03, 8.77963146e-04,
       1.31694472e-03, 0., 1.31694472e-03, 3.95083427e-03,
       8.77963146e-04, 8.77963146e-04, 1.31694472e-03, 4.38981573e-04,
       1.75592629e-03, 4.38981573e-04, 0., 1.31694472e-03,
       8.77963146e-04, 1.75592629e-03, 1.75592629e-03, 0., 0., 0.,
       8.77963146e-04, 8.77963146e-04, 2.63388944e-03, 4.38981573e-04,
       1.75592629e-03, 8.77963146e-04, 8.77963146e-04, 1.75592629e-03,
       1.75592629e-03, 8.77963146e-04, 3.51185258e-03, 4.38981573e-04,
       2.19490798e-03, 0., 1.31694472e-03, 4.38981573e-04,
       8.77963146e-04, 4.38981573e-04, 1.75592629e-03, 4.38981596e-03,
       2.19490798e-03, 1.75592629e-03, 8.77963146e-04, 1.31694472e-03,
       4.38981573e-04, 1.75592629e-03, 4.38981573e-04, 8.77963146e-04,
       0., 8.77963146e-04, 3.07287090e-03, 8.77963146e-04,
       4.38981573e-04, 1.75592629e-03, 3.07287090e-03, 8.77963146e-04,
       1.75592629e-03, 8.77963146e-04, 4.38981573e-04, 0.,
       3.51185258e-03, 2.19490798e-03, 1.31694472e-03, 1.75592629e-03,
       4.38981573e-04, 2.19490798e-03, 1.75592629e-03, 4.38981573e-04,
       0., 4.38981573e-04, 2.19490798e-03, 1.31694472e-03,
       4.38981573e-04, 8.77963146e-04, 0., 1.31694472e-03,
       2.63388944e-03, 1.31694472e-03, 8.77963146e-04, 8.77963146e-04,
       1.31694472e-03, 4.38981573e-04, 8.77963146e-04, 3.51185258e-03,
       8.77963146e-04, 4.38981573e-04, 4.38981573e-04, 4.38981573e-04,
       8.77963146e-04, 1.75592629e-03, 3.07287090e-03, 1.31694472e-03,
       1.31694472e-03, 8.77963146e-04, 1.75592629e-03, 1.75592629e-03,
       1.75592629e-03, 1.31694472e-03, 0., 4.38981573e-04,
       8.77963146e-04, 0., 1.31694472e-03, 2.63388944e-03,
       2.19490798e-03, 8.77963146e-04, 2.63388944e-03, 1.31694472e-03,
       1.75592629e-03, 3.51185258e-03, 2.19490798e-03, 1.31694472e-03,
       0., 1.75592629e-03, 4.38981573e-04, 1.31694472e-03, 0.,
       1.31694472e-03, 4.38981573e-04, 2.19490798e-03, 1.31694472e-03,
       8.77963146e-04, 4.38981573e-04, 5.70676057e-03, 0.,
       8.77963146e-04, 4.38981596e-03, 1.31694472e-03, 4.38981573e-04,
       4.38981573e-04, 8.77963146e-04, 5.70676057e-03, 3.51185258e-03,
       0., 1.75592629e-03, 4.38981573e-04, 0., 4.38981573e-04,
       1.31694472e-03, 9.21861269e-03, 2.19490798e-03, 1.31694472e-03,
       1.31694472e-03, 4.82879719e-03, 2.63388944e-03, 2.63388944e-03,
       8.77963146e-04, 0., 0., 4.38981573e-04, 2.63388944e-03,
       4.38981573e-04, 8.77963146e-04, 1.75592629e-03, 2.19490798e-03,
       4.38981573e-04, 8.77963146e-04, 8.77963146e-04, 4.38981573e-04,
       1.75592629e-03, 1.31694472e-03, 2.19490798e-03, 4.38981573e-04,
       8.77963146e-04, 2.63388944e-03, 8.77963146e-04, 1.31694472e-03,
       4.38981573e-04, 2.19490798e-03, 1.31694472e-03, 4.38981573e-04,
       4.38981573e-04, 1.31694472e-03, 1.75592629e-03, 1.75592629e-03,
       1.31694472e-03, 4.38981573e-04, 4.38981596e-03, 0.,
       4.38981573e-04, 1.31694472e-03, 1.31694472e-03, 1.31694472e-03,
       8.77963146e-04, 3.07287090e-03, 1.75592629e-03, 1.75592629e-03,
       8.77963146e-04, 1.31694472e-03, 0., 8.77963146e-04,
       4.38981573e-04, 1.75592629e-03, 1.75592629e-03, 2.63388944e-03,
       2.19490798e-03, 0., 8.77963146e-04, 2.63388944e-03, 0.,
       1.31694472e-03, 8.77963146e-04, 0., 2.63388944e-03,
       8.77963146e-04, 0., 8.77963146e-04, 1.75592629e-03,
       4.38981573e-04, 1.31694472e-03, 8.77963146e-04, 4.38981573e-04,
       2.19490798e-03, 1.75592629e-03, 0., 1.31694472e-03,
       3.95083427e-03, 0., 4.38981573e-04, 4.38981573e-04,
       4.38981573e-04, 2.63388944e-03, 3.07287090e-03, 3.51185258e-03,
       0., 1.31694472e-03, 2.19490798e-03, 0., 8.77963146e-04, 0.,
       4.38981573e-04, 1.31694472e-03, 0., 1.75592629e-03, 0.,
       8.77963146e-04, 1.75592629e-03, 1.31694472e-03, 8.77963146e-04,
       8.77963146e-04, 0., 1.31694472e-03, 4.82879719e-03,
       2.19490798e-03, 0., 4.38981573e-04, 1.31694472e-03,
       4.38981573e-04, 0., 0., 0., 1.75592629e-03, 4.38981573e-04,
       4.38981573e-04, 1.31694472e-03, 1.75592629e-03, 5.70676057e-03,
       8.77963146e-04, 1.75592629e-03, 8.77963146e-04, 0.,
       1.31694472e-03, 8.77963146e-04, 0., 2.63388944e-03,
       8.77963146e-04, 8.77963146e-04, 4.38981573e-04, 4.38981573e-04,
       8.77963146e-04, 8.77963146e-04, 4.38981573e-04, 2.63388944e-03,
       1.75592629e-03, 1.75592629e-03, 4.38981573e-04, 0.,
       3.07287090e-03, 1.31694472e-03, 0., 8.77963146e-04, 0.,
       8.77963146e-04, 2.19490798e-03, 0., 4.38981573e-04,
       1.31694472e-03, 1.31694472e-03, 1.75592629e-03, 2.19490798e-03,
       4.38981573e-04, 1.31694472e-03, 1.75592629e-03, 2.63388944e-03,
       1.31694472e-03, 2.19490798e-03, 0., 8.77963146e-04,
       8.77963146e-04, 1.31694472e-03, 8.77963146e-04, 1.75592629e-03,
       4.38981573e-04, 2.19490798e-03, 1.31694472e-03, 4.38981573e-04,
       4.38981573e-04, 4.38981573e-04, 1.75592629e-03, 4.38981573e-04,
       4.38981573e-04, 4.38981573e-04, 3.51185258e-03, 1.31694472e-03,
       2.19490798e-03, 4.38981573e-04, 8.77963146e-04, 1.75592629e-03,
       8.77963146e-04, 2.19490798e-03, 1.75592629e-03, 1.31694472e-03,
