%YAML:1.0
m25n: !!opencv-matrix
   rows: 1
   cols: 800
   dt: f
   data: [ 8.21018068e-04, 8.21018068e-04, 1.23152707e-03, 0.,
       1.64203614e-03, 0., 0., 1.64203614e-03, 1.64203614e-03,
       2.46305414e-03, 4.10509034e-04, 8.21018068e-04, 8.21018068e-04,
       3.28407227e-03, 1.64203614e-03, 2.87356321e-03, 0.,
       2.87356321e-03, 1.23152707e-03, 4.10509034e-04, 8.21018068e-04,
       1.23152707e-03, 8.21018068e-04, 0., 3.28407227e-03,
       1.23152707e-03, 4.10509034e-04, 4.10509034e-04, 2.05254508e-03,
       2.46305414e-03, 0., 0., 3.28407227e-03, 1.64203614e-03, 0.,
       1.23152707e-03, 0., 1.23152707e-03, 2.87356321e-03, 0.,
       1.23152707e-03, 8.21018068e-04, 4.10509034e-04, 2.05254508e-03,
       1.64203614e-03, 4.10509034e-04, 4.10509034e-04, 2.87356321e-03,
       2.46305414e-03, 0., 4.10509034e-04, 4.10509034e-04,
       4.10509034e-04, 2.05254508e-03, 8.21018068e-04, 2.05254508e-03,
       4.10509034e-04, 3.69458133e-03, 8.21018068e-04, 2.46305414e-03,
       2.87356321e-03, 4.10509034e-04, 8.21018068e-04, 8.21018068e-04,
       4.51559946e-03, 0., 1.23152707e-03, 2.46305414e-03,
       8.21018068e-04, 4.10509034e-04, 4.10509034e-04, 0., 0.,
       8.21018068e-04, 2.87356321e-03, 8.21018068e-04, 0., 0.,
       1.64203614e-03, 2.05254508e-03, 8.21018068e-04, 0.,
       1.64203614e-03, 8.21018068e-04, 2.05254508e-03, 0.,
       4.10509034e-04, 2.05254508e-03, 4.10509034e-04, 2.46305414e-03,
       4.10509034e-04, 1.64203614e-03, 1.64203614e-03, 4.10509034e-04,
       4.10509034e-04, 4.10509034e-04, 4.10509034e-04, 4.10509034e-04,
       2.46305414e-03, 1.23152707e-03, 4.10509034e-04, 1.64203614e-03,
       4.10509034e-04, 3.28407227e-03, 8.21018068e-04, 7.79967150e-03,
       1.64203614e-03, 2.05254508e-03, 2.05254508e-03, 8.21018068e-04,
       4.10509034e-04, 1.64203614e-03, 0., 1.23152707e-03,
       1.64203614e-03, 4.10509034e-04, 4.10509034e-04, 8.21018068e-04,
       4.10509034e-04, 8.21018068e-04, 4.10509034e-04, 1.64203614e-03,
       0., 5.33661759e-03, 0., 8.21018068e-04, 1.64203614e-03,
       3.69458133e-03, 1.39573067e-02, 1.23152707e-03, 3.28407227e-03,
       2.87356321e-03, 2.87356321e-03, 0., 2.05254508e-03,
       4.10509034e-04, 1.23152707e-03, 8.21018068e-04, 8.21018068e-04,
       4.10509034e-04, 1.23152707e-03, 2.46305414e-03, 4.10509034e-04,
       2.46305414e-03, 4.10509034e-04, 1.64203614e-03, 0.,
       2.05254508e-03, 1.23152707e-03, 2.46305414e-03, 4.10509034e-04,
       0., 2.05254508e-03, 3.28407227e-03, 8.21018068e-04,
       4.51559946e-03, 0., 1.64203614e-03, 0., 1.23152707e-03,
       4.10509034e-04, 8.21018068e-04, 1.64203614e-03, 2.46305414e-03,
       0., 4.10509034e-04, 4.10509034e-04, 1.64203614e-03,
       1.23152707e-03, 1.23152707e-03, 1.23152707e-03, 1.23152707e-03,
       2.05254508e-03, 0., 4.10509034e-04, 4.10509034e-04,
       3.69458133e-03, 8.21018068e-04, 1.23152707e-03, 0.,
       4.10509034e-04, 1.64203614e-03, 2.46305414e-03, 1.23152707e-03,
       1.64203614e-03, 5.74712642e-03, 0., 1.23152707e-03, 0.,
       4.10509034e-04, 4.10509034e-04, 1.64203614e-03, 2.05254508e-03,
       0., 8.21018068e-04, 4.10509034e-04, 1.64203614e-03,
       1.23152707e-03, 8.21018068e-04, 2.87356321e-03, 1.23152707e-03,
       1.23152707e-03, 1.64203614e-03, 1.23152707e-03, 0.,
       4.10509034e-04, 2.46305414e-03, 8.21018068e-04, 4.10509034e-04,
       4.10509034e-04, 4.51559946e-03, 1.64203614e-03, 2.05254508e-03,
       4.10509034e-04, 0., 0., 3.28407227e-03, 0., 1.23152707e-03,
       1.23152707e-03, 1.64203614e-03, 4.10509034e-04, 0.,
       8.21018068e-04, 4.10509034e-04, 1.64203614e-03, 2.46305414e-03,
       0., 4.10509034e-04, 1.23152707e-03, 4.10509034e-04,
       1.23152707e-03, 8.21018068e-04, 8.21018068e-04, 1.23152707e-03,
       8.21018068e-04, 4.92610829e-03, 8.21018068e-04, 1.64203614e-03,
       0., 2.87356321e-03, 1.64203614e-03, 1.23152707e-03,
       3.69458133e-03, 8.21018068e-04, 4.10509034e-04, 1.64203614e-03,
       1.23152707e-03, 4.10509034e-04, 1.64203614e-03, 0.,
       2.05254508e-03, 8.21018068e-04, 4.10509034e-04, 0.,
       1.23152707e-03, 2.46305414e-03, 8.21018068e-04, 1.23152707e-03,
       1.23152707e-03, 1.23152707e-03, 4.10509034e-04, 8.21018068e-04,
       1.64203614e-03, 1.23152707e-03, 1.64203614e-03, 8.21018068e-04,
       8.21018068e-04, 0., 0., 1.64203614e-03, 0., 4.10509034e-04,
       1.64203614e-03, 8.21018068e-04, 1.23152707e-03, 8.21018068e-04,
       0., 1.64203614e-03, 8.21018068e-04, 1.64203614e-03, 0.,
       4.10509034e-04, 8.21018068e-04, 1.23152707e-03, 4.10509034e-04,
       1.23152707e-03, 1.23152707e-03, 0., 1.64203614e-03,
       3.28407227e-03, 1.64203614e-03, 0., 8.21018068e-04,
       1.23152707e-03, 1.64203614e-03, 8.21018068e-04, 2.05254508e-03,
       0., 0., 1.23152707e-03, 2.46305414e-03, 1.23152707e-03,
       1.64203614e-03, 8.21018068e-04, 6.15763571e-03, 8.21018068e-04,
       8.21018033e-03, 1.64203614e-03, 4.10509034e-04, 1.23152707e-03,
       8.21018033e-03, 8.21018068e-04, 8.21018068e-04, 1.23152707e-03,
       8.21018068e-04, 5.33661759e-03, 1.23152707e-03, 4.10509034e-04,
       8.21018068e-04, 1.64203614e-03, 8.21018068e-04, 0.,
       8.21018068e-04, 0., 2.46305414e-03, 0., 2.46305414e-03,
       1.64203614e-03, 4.10509034e-04, 1.64203614e-03, 4.10509034e-04,
       4.10509034e-04, 8.21018068e-04, 1.64203614e-03, 1.64203614e-03,
       2.05254508e-03, 4.10509034e-04, 2.46305414e-03, 1.23152707e-03,
       0., 1.64203614e-03, 8.21018068e-04, 2.05254508e-03,
       1.23152707e-03, 2.05254508e-03, 8.21018068e-04, 4.10509034e-04,
       5.33661759e-03, 4.10509034e-04, 0., 1.23152707e-03, 0.,
       1.23152707e-03, 0., 4.10509034e-04, 3.69458133e-03,
       1.64203614e-03, 8.21018068e-04, 0., 1.64203614e-03,
       2.87356321e-03, 1.23152707e-03, 4.10509034e-04, 0.,
       4.10509034e-04, 1.64203614e-03, 0., 4.10509034e-04,
       8.21018068e-04, 2.46305414e-03, 1.23152707e-03, 0.,
       2.05254508e-03, 2.05254508e-03, 4.10509034e-04, 2.05254508e-03,
       0., 2.46305414e-03, 4.10509034e-04, 0., 8.21018068e-04,
       1.64203614e-03, 8.21018068e-04, 0., 1.23152707e-03, 0.,
       1.23152707e-03, 1.64203614e-03, 1.23152707e-03, 4.10509034e-04,
       2.05254508e-03, 3.69458133e-03, 1.02627259e-02, 3.28407227e-03,
       1.23152707e-03, 8.21018068e-04, 0., 2.87356321e-03,
       4.10509034e-04, 8.21018068e-04, 1.23152707e-03, 0.,
       7.38916267e-03, 0., 8.21018068e-04, 1.23152707e-03, 0.,
       4.92610829e-03, 4.10509034e-04, 0., 1.23152707e-03,
       8.21018068e-04, 8.21018068e-04, 0., 0., 0., 8.21018068e-04,
       8.21018033e-03, 0., 4.10509034e-04, 1.23152707e-03,
       2.46305414e-03, 1.23152707e-03, 1.23152707e-03, 1.23152707e-03,
       4.10509034e-04, 1.23152707e-03, 3.28407227e-03, 2.46305414e-03,
       2.05254508e-03, 4.10509034e-04, 1.39573067e-02, 0.,
       2.05254508e-03, 3.28407227e-03, 0., 8.21018068e-04,
       8.21018068e-04, 0., 2.05254508e-03, 8.21018068e-04,
       1.23152707e-03, 8.21018068e-04, 0., 4.10509034e-04, 0.,
       2.46305414e-03, 1.23152707e-03, 2.46305414e-03, 1.64203614e-03,
       4.10509034e-04, 1.64203614e-03, 2.05254508e-03, 4.10509034e-04,
       1.64203614e-03, 0., 4.10509034e-04, 4.10509034e-04,
       8.21018068e-04, 4.10509034e-04, 0., 4.10509034e-04,
       8.21018068e-04, 3.28407227e-03, 2.05254508e-03, 8.21018068e-04,
       1.23152707e-03, 2.87356321e-03, 2.05254508e-03, 8.21018068e-04,
       4.10509034e-04, 4.10509034e-04, 4.10509034e-04, 0., 0.,
       4.10509034e-04, 8.21018068e-04, 8.21018068e-04, 1.23152707e-03,
       1.23152707e-03, 1.23152707e-03, 4.10509034e-04, 2.46305414e-03,
       0., 0., 1.64203614e-03, 0., 2.87356321e-03, 4.10509034e-04,
       4.92610829e-03, 8.21018068e-04, 8.21018068e-04, 0.,
       2.05254508e-03, 3.69458133e-03, 0., 4.10509034e-04, 0.,
       4.10509034e-04, 2.05254508e-03, 8.21018068e-04, 4.10509034e-04,
       0., 8.21018068e-04, 1.10837435e-02, 0., 0., 8.21018068e-04,
