%YAML:1.0
m25n: !!opencv-matrix
   rows: 1
   cols: 800
   dt: f
   data: [ 7.37191294e-04, 0., 3.31736077e-03, 1.10578700e-03,
       3.68595647e-04, 3.68595647e-04, 3.68595647e-04, 0.,
       3.68595647e-04, 1.10578700e-03, 1.10578700e-03, 1.47438259e-03,
       7.37191294e-04, 1.10578700e-03, 1.10578700e-03, 7.37191294e-04,
       4.05455194e-03, 3.68595647e-04, 0., 1.47438259e-03,
       3.68595647e-04, 1.47438259e-03, 1.84297818e-03, 2.13785470e-02,
       0., 0., 2.58016959e-03, 1.84297818e-03, 1.36380391e-02,
       1.29008479e-02, 1.84297818e-03, 1.10578700e-03, 7.37191294e-04,
       7.37191294e-04, 3.68595647e-04, 0., 0., 0., 7.37191294e-04,
       3.68595647e-04, 7.37191294e-04, 7.37191294e-04, 7.37191294e-04,
       3.68595647e-04, 7.37191294e-04, 1.84297818e-03, 3.68595647e-04,
       4.79174359e-03, 0., 0., 0., 1.10578700e-03, 0., 0.,
       1.84297818e-03, 1.10578700e-03, 1.10578700e-03, 2.21157400e-03,
       1.84297818e-03, 3.68595647e-04, 3.68595647e-04, 0.,
       3.68595647e-04, 1.10578700e-03, 5.89753035e-03, 7.37191294e-04,
       0., 7.37191294e-04, 1.10578700e-03, 0., 1.84297818e-03,
       3.68595647e-04, 7.37191294e-04, 2.94876518e-03, 1.84297818e-03,
       7.37191294e-04, 4.05455194e-03, 0., 3.68595647e-04,
       9.21489112e-03, 0., 7.37191294e-04, 3.68595647e-04,
       1.10578700e-03, 7.37191294e-04, 2.21157400e-03, 1.10578700e-03,
       2.94876518e-03, 1.84297818e-03, 2.58016959e-03, 2.21157400e-03,
       2.94876518e-03, 3.68595647e-04, 0., 7.37191294e-04,
       3.68595647e-04, 3.68595647e-04, 1.84297818e-03, 7.37191294e-04,
       1.10578700e-03, 1.10578700e-03, 1.10578700e-03, 3.68595647e-04,
       1.84297818e-03, 0., 2.21157400e-03, 2.21157400e-03,
       7.37191294e-04, 4.79174359e-03, 6.26612594e-03, 1.10578700e-03,
       1.47438259e-03, 1.47438259e-03, 0., 8.84629600e-03,
       3.68595647e-04, 7.37191294e-04, 1.10578700e-03, 7.37191294e-04,
       3.68595647e-04, 3.68595647e-04, 1.47438259e-03, 0.,
       1.06892735e-02, 0., 2.21157400e-03, 1.84297818e-03,
       1.47438259e-03, 1.10578700e-03, 7.37191294e-04, 7.37191294e-04,
       7.37191294e-04, 4.05455194e-03, 0., 7.37191294e-04, 0.,
       3.68595647e-04, 3.68595647e-04, 7.37191294e-04, 2.21157400e-03,
       3.68595647e-04, 7.37191294e-04, 0., 3.68595647e-04,
       3.68595647e-04, 0., 1.47438259e-03, 7.37191294e-04,
       3.68595647e-04, 1.10578700e-03, 7.37191294e-04, 0.,
       1.47438259e-03, 0., 1.84297818e-03, 4.05455194e-03,
       2.58016959e-03, 3.68595647e-04, 0., 0., 1.10578700e-03,
       1.84297818e-03, 3.31736077e-03, 3.68595647e-04, 0., 0.,
       3.68595647e-04, 1.84297818e-03, 3.68595647e-04, 0.,
       1.10578700e-03, 5.52893477e-03, 1.10578700e-03, 0.,
       7.37191294e-04, 7.37191294e-04, 7.37191294e-04, 2.21157400e-03,
       4.05455194e-03, 7.37191294e-04, 4.05455194e-03, 2.58016959e-03,
       7.37191294e-04, 7.37191294e-04, 1.47438259e-03, 3.68595647e-04,
       0., 7.37191294e-04, 0., 0., 3.68595636e-03, 7.37191294e-04,
       1.10578700e-03, 0., 1.10578700e-03, 0., 1.10578700e-03,
       7.37191294e-04, 3.68595647e-04, 2.21157400e-03, 5.52893477e-03,
       1.10578700e-03, 0., 7.37191294e-04, 0., 0., 2.94876518e-03,
       3.31736077e-03, 0., 0., 1.47438259e-03, 3.31736077e-03,
       7.37191294e-04, 7.37191294e-04, 3.68595647e-04, 0.,
       7.37191294e-04, 2.58016959e-03, 1.47438259e-03, 1.47438259e-03,
       1.10578700e-03, 2.94876518e-03, 2.58016959e-03, 3.68595647e-04,
       3.68595647e-04, 0., 1.10578700e-03, 7.37191294e-04,
       3.68595647e-04, 2.58016959e-03, 0., 7.37191294e-04, 0.,
       2.21157400e-03, 7.37191294e-04, 1.84297818e-03, 3.68595647e-04,
       2.21157400e-03, 7.37191294e-04, 3.68595647e-04, 1.10578700e-03,
       2.58016959e-03, 7.37191294e-04, 3.68595636e-03, 7.37191294e-04,
       4.79174359e-03, 3.31736077e-03, 2.58016959e-03, 3.68595647e-04,
       2.21157400e-03, 3.68595647e-04, 0., 1.47438259e-03,
       7.37191294e-04, 1.10578700e-03, 3.68595647e-04, 1.47438259e-03,
       2.21157400e-03, 1.47438259e-03, 1.84297818e-03, 7.37191294e-04,
       0., 3.68595647e-04, 2.21157400e-03, 7.37191294e-04,
       1.47438259e-03, 0., 3.68595647e-04, 0., 1.84297818e-03,
       1.84297818e-03, 0., 7.37191294e-04, 7.37191294e-04, 0.,
       7.37191294e-04, 0., 0., 3.68595647e-04, 1.10578700e-03,
       7.37191294e-04, 1.10578700e-03, 7.37191294e-04, 7.37191294e-04,
       7.37191294e-04, 0., 2.21157400e-03, 3.68595647e-04, 0.,
       1.84297818e-03, 1.47438259e-03, 7.37191294e-04, 1.10578700e-03,
       3.68595647e-04, 1.47438259e-03, 1.47438259e-03, 0.,
       7.37191294e-04, 1.47438259e-03, 3.68595647e-04, 1.84297818e-03,
       0., 1.10578700e-03, 2.58016959e-03, 1.10578700e-03,
       3.68595647e-04, 1.10578700e-03, 2.21157400e-03, 1.10578700e-03,
       2.21157400e-03, 1.47438259e-03, 1.58496127e-02, 5.89753035e-03,
       7.37191294e-04, 0., 9.95208230e-03, 3.68595647e-04,
       1.10578700e-03, 0., 0., 1.10578700e-03, 4.42314800e-03, 0.,
       1.47438259e-03, 1.84297818e-03, 1.10578700e-03, 0.,
       3.68595647e-04, 0., 1.47438259e-03, 1.84297818e-03, 0.,
       2.58016959e-03, 1.84297818e-03, 0., 1.84297818e-03, 0.,
       1.10578700e-03, 7.37191294e-04, 3.68595647e-04, 7.37191294e-04,
       7.00331712e-03, 3.68595647e-04, 1.10578700e-03, 3.68595647e-04,
       7.37191294e-04, 0., 0., 0., 1.84297818e-03, 1.84297818e-03, 0.,
       0., 2.58016959e-03, 3.68595647e-04, 0., 1.84297818e-03,
       3.68595647e-04, 1.47438259e-03, 1.47438259e-03, 3.68595647e-04,
       1.10578700e-03, 3.68595647e-04, 0., 7.37191294e-04,
       2.58016959e-03, 7.37191294e-04, 3.68595647e-04, 1.47438259e-03,
       3.68595647e-04, 2.58016959e-03, 3.68595636e-03, 0., 0.,
       1.84297818e-03, 1.10578700e-03, 3.68595647e-04, 7.37191294e-04,
       3.68595647e-04, 2.58016959e-03, 0., 0., 1.84297818e-03,
       7.37191294e-04, 1.10578700e-03, 0., 2.21157400e-03,
       3.68595647e-04, 2.94876518e-03, 1.10578700e-03, 0.,
       3.68595647e-04, 3.68595647e-04, 2.21157400e-03, 2.58016959e-03,
       0., 7.37191294e-04, 7.37191294e-04, 3.31736077e-03,
       1.10578700e-03, 3.68595647e-04, 3.68595647e-04, 1.84297818e-03,
       3.68595636e-03, 0., 7.37191294e-04, 0., 3.68595647e-04,
       1.84297818e-03, 0., 0., 3.68595647e-04, 1.47438259e-03,
       1.10578700e-03, 0., 1.47438259e-03, 0., 7.37191294e-04,
       3.68595647e-04, 7.37191294e-04, 0., 1.10578700e-03,
       1.10578700e-03, 0., 3.68595647e-04, 3.68595647e-04,
       3.31736077e-03, 4.79174359e-03, 0., 7.37191294e-04,
       2.21157400e-03, 0., 1.10578700e-03, 1.10578700e-03,
       2.21157400e-03, 2.21157400e-03, 0., 3.68595647e-04, 0., 0., 0.,
       1.47438259e-03, 0., 3.68595647e-04, 7.37191294e-04, 0., 0.,
       1.84297818e-03, 3.68595647e-04, 0., 3.31736077e-03, 0.,
       7.37191294e-04, 2.21157400e-03, 1.10578700e-03, 1.10578700e-03,
       0., 0., 1.84297818e-03, 0., 0., 3.68595647e-04, 2.58016959e-03,
       7.37191294e-04, 7.37191294e-04, 1.84297818e-03, 1.47438259e-03,
       1.10578700e-03, 0., 7.37191294e-04, 0., 7.37191294e-04,
       5.16033918e-03, 7.37191294e-04, 0., 3.68595647e-04,
       3.68595647e-04, 3.68595647e-04, 3.68595647e-04, 3.68595647e-04,
       7.37191294e-04, 0., 2.21157400e-03, 1.47438259e-03,
       3.68595647e-04, 0., 1.84297818e-03, 1.10578700e-03,
       7.37191294e-04, 1.10578700e-03, 0., 7.37191294e-04, 0.,
       3.68595647e-04, 3.68595647e-04, 3.68595647e-04, 0.,
       7.37191294e-04, 3.68595647e-04, 0., 3.68595647e-04, 0.,
       7.37191294e-04, 1.47438259e-03, 0., 3.31736077e-03, 0.,
       1.47438259e-03, 7.37191294e-04, 3.68595647e-04, 0.,
       7.37191294e-04, 3.68595647e-04, 0., 1.47438259e-03,
       7.37191294e-04, 3.68595647e-04, 1.10578700e-03, 3.68595647e-04,
       1.10578700e-03, 1.84297818e-03, 7.37191294e-04, 3.31736077e-03,
       1.10578700e-03, 1.10578700e-03, 0., 3.68595647e-04, 0., 0.,
       7.37191294e-04, 3.68595647e-04, 7.37191294e-04, 0., 0., 0.,
