%YAML:1.0
m25n: !!opencv-matrix
   rows: 1
   cols: 800
   dt: f
   data: [ 7.56143651e-04, 0., 2.64650281e-03, 7.56143651e-04,
       2.26843101e-03, 0., 3.78071825e-04, 0., 3.78071825e-04,
       7.56143651e-04, 3.40264640e-03, 1.13421550e-03, 0.,
       2.26843101e-03, 0., 4.15879022e-03, 2.26843101e-03, 0.,
       1.13421550e-03, 2.64650281e-03, 3.78071825e-04, 4.91493382e-03,
       1.51228730e-03, 2.26843101e-03, 0., 7.56143651e-04,
       2.26843101e-03, 2.26843101e-03, 5.67107741e-03, 2.64650281e-03,
       1.13421550e-03, 1.13421550e-03, 1.51228730e-03, 7.56143651e-04,
       0., 0., 0., 3.78071825e-04, 1.13421550e-03, 0., 7.56143651e-04,
       1.51228730e-03, 3.78071825e-04, 3.78071825e-04, 2.26843101e-03,
       3.02457460e-03, 0., 2.64650281e-03, 3.78071825e-04, 0.,
       1.13421550e-03, 1.13421550e-03, 7.56143651e-04, 7.56143651e-04,
       7.56143651e-04, 7.56143651e-04, 0., 1.89035910e-03,
       4.15879022e-03, 3.78071825e-04, 3.78071825e-04, 0.,
       3.02457460e-03, 7.56143651e-04, 1.13421550e-03, 3.78071825e-04,
       1.51228730e-03, 3.78071825e-04, 4.15879022e-03, 1.51228730e-03,
       2.64650281e-03, 0., 0., 1.89035910e-03, 7.56143651e-04,
       3.78071825e-04, 0., 0., 3.78071819e-03, 3.40264640e-03, 0.,
       1.51228730e-03, 1.89035910e-03, 7.56143651e-04, 1.51228730e-03,
       1.13421550e-03, 7.56143651e-04, 1.13421550e-03, 4.53686202e-03,
       1.51228730e-03, 3.78071825e-04, 3.78071825e-04, 7.56143651e-04,
       0., 1.13421550e-03, 3.78071825e-04, 7.56143651e-04,
       1.51228730e-03, 1.13421550e-03, 3.02457460e-03, 1.13421550e-03,
       0., 7.56143651e-04, 0., 3.78071825e-04, 3.78071819e-03,
       5.67107741e-03, 1.51228730e-03, 2.26843101e-03, 1.51228730e-03,
       1.51228730e-03, 3.40264640e-03, 6.04914920e-03, 3.78071825e-04,
       1.05860112e-02, 7.56143651e-04, 3.78071825e-04, 7.56143651e-04,
       7.56143651e-04, 0., 1.13421550e-03, 1.89035910e-03, 0.,
       3.78071825e-04, 0., 2.26843101e-03, 1.13421550e-03,
       7.56143651e-04, 3.02457460e-03, 1.89035910e-03, 0.,
       7.56143651e-04, 3.78071819e-03, 7.56143651e-04, 3.40264640e-03,
       0., 1.13421550e-03, 7.56143651e-04, 1.13421550e-03,
       3.78071825e-04, 3.40264640e-03, 1.13421550e-03, 0.,
       2.64650281e-03, 1.13421550e-03, 0., 3.78071825e-04,
       1.51228730e-03, 0., 3.78071825e-04, 1.13421550e-03, 0.,
       1.89035910e-03, 2.26843101e-03, 1.51228730e-03, 6.42722100e-03,
       0., 1.13421550e-03, 7.56143651e-04, 1.89035910e-03, 0.,
       4.15879022e-03, 1.51228730e-03, 1.51228730e-03, 7.56143651e-04,
       3.78071825e-04, 0., 7.56143651e-04, 1.13421550e-03, 0.,
       1.13421550e-03, 1.89035910e-03, 1.51228730e-03, 3.78071825e-04,
       0., 3.78071825e-04, 1.89035910e-03, 1.13421550e-03,
       6.04914920e-03, 0., 0., 6.42722100e-03, 3.78071825e-04,
       3.78071825e-04, 1.51228730e-03, 0., 0., 1.13421550e-03, 0.,
       7.56143651e-04, 0., 1.13421550e-03, 7.56143651e-04, 0.,
       3.40264640e-03, 7.56143651e-04, 2.26843101e-03, 1.13421550e-03,
       3.78071825e-04, 3.78071825e-04, 6.80529280e-03, 7.56143651e-04,
       3.02457460e-03, 4.53686202e-03, 3.78071825e-04, 7.56143651e-04,
       1.51228730e-03, 1.89035910e-03, 1.13421550e-03, 0.,
       4.91493382e-03, 1.51228730e-03, 0., 7.56143651e-04,
       2.64650281e-03, 3.78071825e-04, 2.64650281e-03, 1.51228730e-03,
       1.51228730e-03, 1.51228730e-03, 2.26843101e-03, 3.78071825e-04,
       1.13421550e-03, 1.89035910e-03, 3.78071825e-04, 7.56143651e-04,
       1.89035910e-03, 1.51228730e-03, 0., 7.56143651e-04,
       1.89035910e-03, 1.89035910e-03, 3.02457460e-03, 1.13421550e-03,
       3.78071825e-04, 1.89035910e-03, 3.02457460e-03, 1.13421550e-03,
       1.51228730e-03, 2.26843101e-03, 2.26843101e-03, 7.56143651e-04,
       0., 2.64650281e-03, 0., 3.78071825e-04, 7.56143651e-04,
       2.26843101e-03, 0., 4.15879022e-03, 0., 1.89035910e-03,
       7.56143651e-04, 3.78071825e-04, 7.56143651e-04, 1.13421550e-03,
       3.78071819e-03, 2.26843101e-03, 1.89035910e-03, 5.29300561e-03,
       1.13421550e-03, 7.56143651e-04, 3.78071825e-04, 0.,
       3.78071825e-04, 1.13421550e-03, 0., 3.78071825e-04, 0.,
       1.89035910e-03, 3.40264640e-03, 1.13421550e-03, 0.,
       2.26843101e-03, 3.78071825e-04, 1.51228730e-03, 7.56143651e-04,
       0., 7.56143651e-04, 1.13421550e-03, 3.78071825e-04,
       1.13421550e-03, 1.89035910e-03, 1.89035910e-03, 2.64650281e-03,
       1.51228730e-03, 7.56143651e-04, 3.78071819e-03, 0.,
       3.02457460e-03, 3.02457460e-03, 7.56143651e-04, 0.,
       7.56143651e-04, 1.51228730e-03, 7.56143651e-04, 0.,
       1.13421550e-03, 2.64650281e-03, 0., 3.02457460e-03,
       1.89035910e-03, 4.15879022e-03, 0., 0., 3.78071825e-04, 0., 0.,
       2.26843101e-03, 3.78071825e-04, 7.56143651e-04, 1.51228730e-03,
       4.15879022e-03, 3.78071825e-04, 0., 2.26843101e-03,
       7.18336459e-03, 3.78071825e-04, 0., 3.78071825e-04,
       1.13421550e-03, 1.51228730e-03, 1.13421550e-03, 1.13421550e-03,
       1.13421550e-03, 2.64650281e-03, 1.51228730e-03, 1.13421550e-03,
       1.13421550e-03, 3.78071825e-04, 1.89035910e-03, 0.,
       2.64650281e-03, 3.78071825e-04, 7.56143651e-04, 1.13421550e-03,
       7.56143651e-04, 0., 7.56143651e-04, 3.78071825e-04,
       1.51228730e-03, 1.13421550e-03, 7.56143651e-04, 3.02457460e-03,
       1.51228730e-03, 3.78071825e-04, 0., 0., 0., 3.78071825e-04,
       2.64650281e-03, 1.13421550e-03, 1.13421550e-03, 3.78071819e-03,
       7.56143651e-04, 0., 3.02457460e-03, 1.13421550e-03,
       1.13421550e-03, 1.13421550e-03, 1.13421550e-03, 2.64650281e-03,
       7.56143651e-04, 3.78071825e-04, 1.13421550e-03, 3.78071825e-04,
       2.26843101e-03, 3.78071825e-04, 7.56143651e-04, 7.56143651e-04,
       5.67107741e-03, 1.13421550e-03, 3.78071825e-04, 7.56143651e-04,
       1.43667292e-02, 3.78071825e-04, 0., 0., 1.13421550e-03,
       1.89035910e-03, 1.51228730e-03, 3.78071825e-04, 1.89035910e-03,
       7.56143651e-04, 3.78071825e-04, 2.26843101e-03, 1.89035910e-03,
       1.13421550e-03, 3.78071825e-04, 3.02457460e-03, 1.51228730e-03,
       1.89035910e-03, 3.78071825e-04, 3.02457460e-03, 2.64650281e-03,
       3.78071825e-04, 1.13421550e-03, 0., 2.64650281e-03,
       1.51228730e-03, 0., 1.89035910e-03, 1.51228730e-03,
       1.13421550e-03, 1.13421550e-03, 3.78071825e-04, 3.78071825e-04,
       1.13421550e-03, 7.56143651e-04, 3.78071825e-04, 3.78071825e-04,
       7.56143651e-04, 7.56143651e-04, 3.40264640e-03, 0.,
       1.13421550e-03, 3.78071825e-04, 1.89035910e-03, 0.,
       3.02457460e-03, 1.51228730e-03, 3.78071825e-04, 1.89035910e-03,
       0., 0., 0., 2.26843101e-03, 0., 7.56143651e-04, 3.78071825e-04,
       1.13421550e-03, 1.13421550e-03, 4.91493382e-03, 3.78071825e-04,
       2.64650281e-03, 3.78071819e-03, 0., 7.56143651e-04,
       1.51228730e-03, 0., 2.64650281e-03, 7.56143651e-04,
       7.56143651e-04, 1.51228730e-03, 3.78071825e-04, 3.78071825e-04,
       0., 0., 1.13421550e-03, 1.89035910e-03, 1.51228730e-03,
       7.56143651e-04, 7.56143651e-04, 5.29300561e-03, 1.89035910e-03,
       7.56143651e-04, 0., 3.78071825e-04, 1.13421550e-03,
       7.56143651e-04, 7.56143651e-04, 0., 7.56143651e-04,
       3.78071825e-04, 2.26843101e-03, 2.64650281e-03, 3.78071825e-04,
       0., 7.56143651e-04, 7.56143651e-04, 7.56143651e-04, 0.,
       1.51228730e-03, 1.13421550e-03, 3.78071825e-04, 0.,
       1.13421550e-03, 0., 0., 1.89035910e-03, 3.78071825e-04,
       3.78071825e-04, 1.13421550e-03, 1.51228730e-03, 3.78071825e-04,
       3.78071825e-04, 1.13421550e-03, 3.78071825e-04, 2.26843101e-03,
       1.13421550e-03, 7.56143651e-04, 3.78071825e-04, 0.,
       4.15879022e-03, 1.51228730e-03, 1.13421550e-03, 3.78071825e-04,
       7.56143651e-04, 1.51228730e-03, 3.78071825e-04, 1.13421550e-03,
       0., 3.02457460e-03, 2.26843101e-03, 1.51228730e-03,
       3.40264640e-03, 0., 1.89035910e-03, 1.13421550e-03,
       1.51228730e-03, 1.51228730e-03, 3.78071825e-04, 1.51228730e-03,
