%YAML:1.0
m25n: !!opencv-matrix
   rows: 1
   cols: 800
   dt: f
   data: [ 4.11861605e-04, 4.11861605e-04, 4.11861605e-04,
       8.23723210e-04, 8.23723210e-04, 4.11861605e-04, 8.23723210e-04,
       4.11861605e-04, 4.11861605e-04, 5.35420096e-03, 1.64744642e-03,
       2.05930811e-03, 0., 1.64744642e-03, 0., 1.64744642e-03,
       1.23558484e-03, 4.11861605e-04, 1.23558484e-03, 2.05930811e-03,
       8.23723210e-04, 2.88303127e-03, 2.05930811e-03, 0.,
       8.23723210e-04, 1.23558484e-03, 5.35420096e-03, 4.11861605e-04,
       6.17792411e-03, 4.11861605e-04, 1.64744642e-03, 2.47116969e-03,
       3.29489284e-03, 2.05930811e-03, 0., 1.23558484e-03,
       4.11861605e-04, 8.23723210e-04, 2.05930811e-03, 0.,
       4.11861605e-04, 3.29489284e-03, 1.23558484e-03, 1.23558484e-03,
       1.23558484e-03, 1.64744642e-03, 4.11861605e-04, 2.47116969e-03,
       4.11861605e-04, 0., 2.47116969e-03, 4.11861605e-04,
       2.47116969e-03, 0., 1.23558484e-03, 2.05930811e-03,
       8.23723210e-04, 3.70675442e-03, 2.47116969e-03, 1.23558484e-03,
       4.11861605e-04, 4.11861605e-04, 4.11861605e-04, 0.,
       3.29489284e-03, 4.11861605e-04, 0., 1.23558484e-03, 0.,
       8.23723210e-04, 2.88303127e-03, 0., 8.23723210e-04,
       2.05930811e-03, 8.23723210e-04, 1.64744642e-03, 0.,
       8.23723210e-04, 2.05930811e-03, 2.47116969e-03, 1.23558484e-03,
       4.11861605e-04, 1.23558484e-03, 1.23558484e-03, 4.11861605e-04,
       3.70675442e-03, 8.23723210e-04, 4.11861605e-04, 1.23558484e-03,
       1.23558484e-03, 0., 4.11861605e-04, 0., 0., 4.11861605e-04,
       2.47116969e-03, 1.64744642e-03, 2.05930811e-03, 8.23723210e-04,
       8.23723210e-04, 1.23558484e-03, 2.88303127e-03, 4.11861605e-04,
       1.23558484e-03, 0., 8.23723210e-04, 2.47116969e-03,
       2.47116969e-03, 4.11861605e-04, 4.11861605e-04, 0.,
       2.47116969e-03, 8.23723210e-04, 1.64744642e-03, 1.64744642e-03,
       0., 0., 4.11861605e-04, 2.88303127e-03, 1.23558484e-03, 0.,
       8.23723210e-04, 6.17792411e-03, 8.23723245e-03, 0.,
       4.11861605e-04, 1.23558484e-03, 2.88303127e-03, 2.88303127e-03,
       2.05930811e-03, 2.05930811e-03, 4.11861605e-04, 3.29489284e-03,
       1.23558484e-03, 2.47116969e-03, 0., 2.88303127e-03,
       4.11861605e-04, 2.88303127e-03, 8.23723210e-04, 6.17792411e-03,
       1.64744642e-03, 0., 0., 1.23558484e-03, 8.23723210e-04,
       2.47116969e-03, 2.05930811e-03, 8.23723210e-04, 8.23723210e-04,
       1.23558484e-03, 0., 8.23723210e-04, 2.05930811e-03,
       2.05930811e-03, 2.47116969e-03, 4.11861605e-04, 2.88303127e-03,
       4.11861605e-04, 1.23558484e-03, 4.11861605e-04, 4.53047780e-03,
       2.05930811e-03, 0., 0., 8.23723210e-04, 0., 1.23558484e-03,
       2.05930811e-03, 8.23723210e-04, 1.64744642e-03, 1.07084019e-02,
       1.64744642e-03, 0., 4.11861605e-04, 0., 8.23723210e-04,
       1.23558484e-03, 2.88303127e-03, 0., 1.23558484e-03,
       8.23723210e-04, 1.23558484e-03, 0., 1.64744642e-03,
       1.23558484e-03, 3.70675442e-03, 1.23558484e-03, 0.,
       4.11861623e-03, 0., 4.11861605e-04, 3.70675442e-03, 0.,
       2.05930811e-03, 4.11861605e-04, 8.23723210e-04, 1.23558484e-03,
       4.11861605e-04, 8.23723210e-04, 1.23558484e-03, 4.11861605e-04,
       2.05930811e-03, 4.11861605e-04, 4.11861605e-04, 1.64744642e-03,
       8.23723210e-04, 6.17792411e-03, 2.05930811e-03, 4.11861605e-04,
       2.47116969e-03, 1.64744642e-03, 4.11861605e-04, 1.23558484e-03,
       1.64744642e-03, 0., 1.23558484e-03, 1.23558484e-03,
       1.64744642e-03, 1.23558484e-03, 2.47116969e-03, 0., 0.,
       2.05930811e-03, 0., 8.23723210e-04, 3.29489284e-03,
       8.23723210e-04, 1.23558484e-03, 1.64744642e-03, 3.29489284e-03,
       1.23558484e-03, 1.64744642e-03, 1.23558484e-03, 8.23723210e-04,
       2.88303127e-03, 1.64744642e-03, 8.23723210e-04, 2.05930811e-03,
       0., 0., 2.88303127e-03, 8.23723210e-04, 4.53047780e-03,
       8.23723210e-04, 4.11861605e-04, 3.29489284e-03, 2.05930811e-03,
       0., 1.23558484e-03, 4.11861605e-04, 1.64744642e-03,
       1.23558484e-03, 8.23723210e-04, 8.23723210e-04, 4.11861605e-04,
       1.64744642e-03, 2.05930811e-03, 1.23558484e-03, 4.53047780e-03,
       1.64744642e-03, 8.23723210e-04, 4.11861605e-04, 4.11861605e-04,
       1.23558484e-03, 4.11861605e-04, 8.23723210e-04, 1.23558484e-03,
       4.11861605e-04, 2.05930811e-03, 4.11861605e-04, 0.,
       1.64744642e-03, 0., 0., 4.11861605e-04, 1.23558484e-03,
       8.23723210e-04, 4.11861623e-03, 4.11861605e-04, 2.88303127e-03,
       2.05930811e-03, 2.05930811e-03, 1.23558484e-03, 4.11861605e-04,
       5.35420096e-03, 1.23558484e-03, 4.94233938e-03, 0.,
       2.47116969e-03, 8.23723210e-04, 8.23723210e-04, 0.,
       8.23723210e-04, 3.29489284e-03, 1.64744642e-03, 1.64744642e-03,
       1.64744642e-03, 1.64744642e-03, 8.23723210e-04, 2.05930811e-03,
       1.23558484e-03, 1.23558484e-03, 3.29489284e-03, 2.05930811e-03,
       1.64744642e-03, 0., 8.23723210e-04, 1.23558484e-03, 0.,
       1.64744642e-03, 0., 1.64744642e-03, 4.11861605e-04, 0.,
       4.94233938e-03, 1.23558484e-03, 8.23723210e-04, 8.23723210e-04,
       4.11861623e-03, 8.23723210e-04, 8.23723210e-04, 2.47116969e-03,
       1.64744642e-03, 8.23723210e-04, 4.11861605e-04, 1.64744642e-03,
       4.11861605e-04, 1.23558484e-03, 2.05930811e-03, 8.23723210e-04,
       4.11861605e-04, 4.11861605e-04, 1.23558484e-03, 1.23558484e-03,
       8.23723210e-04, 8.23723210e-04, 0., 8.23723210e-04,
       4.11861605e-04, 2.47116969e-03, 1.64744642e-03, 4.11861605e-04,
       8.23723210e-04, 2.47116969e-03, 2.47116969e-03, 8.23723210e-04,
       1.23558484e-03, 4.11861605e-04, 1.64744642e-03, 8.23723210e-04,
       4.11861605e-04, 0., 1.23558484e-03, 4.11861605e-04, 0.,
       2.47116969e-03, 8.23723210e-04, 2.47116969e-03, 0.,
       1.23558484e-03, 1.23558484e-03, 2.05930811e-03, 4.11861605e-04,
       4.11861605e-04, 4.11861605e-04, 2.05930811e-03, 0.,
       2.47116969e-03, 8.23723210e-04, 6.58978568e-03, 3.29489284e-03,
       1.23558484e-03, 2.05930811e-03, 3.29489284e-03, 0.,
       1.23558484e-03, 4.11861605e-04, 1.23558484e-03, 1.64744642e-03,
       8.23723210e-04, 1.64744642e-03, 2.05930811e-03, 8.23723210e-04,
       4.11861605e-04, 2.05930811e-03, 2.05930811e-03, 2.05930811e-03,
       8.23723210e-04, 2.88303127e-03, 1.64744642e-03, 1.64744642e-03,
       4.11861605e-04, 1.64744642e-03, 2.05930811e-03, 0.,
       1.64744642e-03, 4.11861605e-04, 1.23558484e-03, 1.23558484e-03,
       4.11861605e-04, 3.29489284e-03, 0., 8.23723210e-04,
       2.47116969e-03, 4.11861605e-04, 8.23723210e-04, 1.64744642e-03,
       1.23558484e-03, 2.05930811e-03, 0., 1.23558484e-03,
       1.23558484e-03, 4.11861623e-03, 8.23723210e-04, 0.,
       4.11861605e-04, 4.11861605e-04, 2.88303127e-03, 4.11861605e-04,
       1.64744642e-03, 1.23558484e-03, 1.64744642e-03, 4.11861605e-04,
       2.47116969e-03, 8.23723210e-04, 4.11861605e-04, 4.11861605e-04,
       4.11861605e-04, 1.64744642e-03, 4.11861605e-04, 1.23558484e-03,
       2.88303127e-03, 0., 8.23723210e-04, 2.47116969e-03, 0.,
       8.23723210e-04, 1.64744642e-03, 0., 0., 8.23723210e-04,
       2.05930811e-03, 8.23723210e-04, 8.23723210e-04, 0., 0.,
       8.23723210e-04, 8.23723210e-04, 1.64744642e-03, 1.64744642e-03,
       8.23723210e-04, 0., 1.23558484e-03, 2.05930811e-03, 0., 0.,
       2.47116969e-03, 1.64744642e-03, 4.11861605e-04, 2.47116969e-03,
       1.64744642e-03, 2.47116969e-03, 1.23558484e-03, 2.05930811e-03,
       4.11861605e-04, 4.11861605e-04, 4.11861605e-04, 2.88303127e-03,
       1.23558484e-03, 0., 2.88303127e-03, 2.05930811e-03,
       1.23558484e-03, 8.23723210e-04, 0., 4.11861605e-04, 0.,
       8.23723210e-04, 2.47116969e-03, 1.23558484e-03, 0.,
       1.23558484e-03, 4.11861605e-04, 4.11861605e-04, 0.,
       8.23723210e-04, 1.23558484e-03, 4.11861623e-03, 2.05930811e-03,
       1.64744642e-03, 1.23558484e-03, 1.23558484e-03, 1.64744642e-03,
       8.23723210e-04, 1.64744642e-03, 8.23723210e-04, 4.11861605e-04,
