%YAML:1.0
m25n: !!opencv-matrix
   rows: 1
   cols: 800
   dt: f
   data: [ 8.19336332e-04, 8.19336332e-04, 1.22900447e-03, 0.,
       2.45800894e-03, 0., 0., 1.22900447e-03, 1.22900447e-03,
       2.04834086e-03, 0., 1.22900447e-03, 1.22900447e-03,
       1.22900447e-03, 2.86767725e-03, 3.27734533e-03, 0.,
       3.68701341e-03, 1.22900447e-03, 8.19336332e-04, 8.19336332e-04,
       1.63867266e-03, 8.19336332e-04, 4.09668166e-04, 3.27734533e-03,
       1.22900447e-03, 4.09668166e-04, 8.19336332e-04, 8.19336332e-04,
       2.86767725e-03, 0., 0., 4.09668172e-03, 1.63867266e-03, 0.,
       1.63867266e-03, 0., 2.04834086e-03, 1.63867266e-03, 0.,
       4.09668166e-04, 1.22900447e-03, 4.09668166e-04, 2.86767725e-03,
       8.19336332e-04, 0., 0., 3.27734533e-03, 2.45800894e-03, 0.,
       4.09668166e-04, 4.09668166e-04, 4.09668166e-04, 2.04834086e-03,
       1.63867266e-03, 2.45800894e-03, 4.09668166e-04, 3.68701341e-03,
       8.19336332e-04, 2.45800894e-03, 2.86767725e-03, 8.19336332e-04,
       8.19336332e-04, 8.19336332e-04, 3.68701341e-03, 0.,
       1.22900447e-03, 3.27734533e-03, 8.19336332e-04, 4.09668166e-04,
       1.22900447e-03, 0., 0., 8.19336332e-04, 2.45800894e-03,
       1.63867266e-03, 0., 4.09668166e-04, 1.63867266e-03,
       1.63867266e-03, 4.09668166e-04, 0., 2.04834086e-03,
       1.22900447e-03, 1.63867266e-03, 0., 4.09668166e-04,
       2.04834086e-03, 4.09668166e-04, 2.45800894e-03, 4.09668166e-04,
       2.04834086e-03, 1.63867266e-03, 4.09668166e-04, 0.,
       4.09668166e-04, 4.09668166e-04, 8.19336332e-04, 2.45800894e-03,
       8.19336332e-04, 8.19336332e-04, 1.63867266e-03, 1.22900447e-03,
       2.86767725e-03, 8.19336332e-04, 7.37402681e-03, 1.63867266e-03,
       1.63867266e-03, 2.45800894e-03, 0., 0., 3.27734533e-03, 0.,
       8.19336332e-04, 1.63867266e-03, 4.09668166e-04, 0.,
       8.19336332e-04, 4.09668166e-04, 8.19336332e-04, 4.09668166e-04,
       2.04834086e-03, 0., 4.50635003e-03, 0., 8.19336332e-04,
       1.22900447e-03, 2.45800894e-03, 1.10610407e-02, 8.19336332e-04,
       4.09668172e-03, 3.27734533e-03, 2.45800894e-03, 4.09668166e-04,
       1.22900447e-03, 4.09668166e-04, 4.09668166e-04, 8.19336332e-04,
       8.19336332e-04, 4.09668166e-04, 1.22900447e-03, 2.04834086e-03,
       0., 2.45800894e-03, 8.19336332e-04, 1.22900447e-03, 0.,
       3.68701341e-03, 1.22900447e-03, 2.45800894e-03, 0., 0.,
       2.04834086e-03, 3.27734533e-03, 1.22900447e-03, 4.50635003e-03,
       0., 1.63867266e-03, 4.09668166e-04, 1.63867266e-03, 0.,
       8.19336332e-04, 1.22900447e-03, 1.63867266e-03, 0., 0., 0.,
       1.63867266e-03, 1.22900447e-03, 1.22900447e-03, 1.63867266e-03,
       1.63867266e-03, 2.45800894e-03, 0., 4.09668166e-04,
       4.09668166e-04, 4.09668172e-03, 4.09668166e-04, 4.09668166e-04,
       4.09668166e-04, 4.09668166e-04, 1.63867266e-03, 1.63867266e-03,
       1.22900447e-03, 3.27734533e-03, 4.91601788e-03, 0.,
       4.09668166e-04, 0., 4.09668166e-04, 4.09668166e-04,
       8.19336332e-04, 2.45800894e-03, 0., 8.19336332e-04,
       4.09668166e-04, 1.22900447e-03, 1.63867266e-03, 1.22900447e-03,
       3.27734533e-03, 8.19336332e-04, 1.63867266e-03, 8.19336332e-04,
       2.04834086e-03, 0., 8.19336332e-04, 3.27734533e-03,
       1.63867266e-03, 8.19336332e-04, 1.63867266e-03, 3.68701341e-03,
       1.63867266e-03, 2.45800894e-03, 1.22900447e-03, 4.09668166e-04,
       0., 1.63867266e-03, 4.09668166e-04, 8.19336332e-04,
       1.22900447e-03, 2.04834086e-03, 4.09668166e-04, 4.09668166e-04,
       1.22900447e-03, 4.09668166e-04, 1.22900447e-03, 1.63867266e-03,
       8.19336332e-04, 0., 8.19336332e-04, 8.19336332e-04, 0.,
       8.19336332e-04, 8.19336332e-04, 1.22900447e-03, 4.09668166e-04,
       6.14502234e-03, 1.22900447e-03, 8.19336332e-04, 0.,
       2.04834086e-03, 1.63867266e-03, 4.09668166e-04, 3.27734533e-03,
       1.63867266e-03, 4.09668166e-04, 4.09668166e-04, 2.04834086e-03,
       4.09668166e-04, 2.04834086e-03, 8.19336332e-04, 2.04834086e-03,
       4.09668166e-04, 8.19336332e-04, 0., 1.22900447e-03,
       2.04834086e-03, 1.22900447e-03, 1.63867266e-03, 2.45800894e-03,
       2.45800894e-03, 8.19336332e-04, 4.09668166e-04, 2.04834086e-03,
       1.22900447e-03, 8.19336332e-04, 1.22900447e-03, 8.19336332e-04,
       0., 4.09668166e-04, 2.04834086e-03, 4.09668166e-04,
       8.19336332e-04, 2.04834086e-03, 8.19336332e-04, 2.04834086e-03,
       8.19336332e-04, 4.09668166e-04, 1.22900447e-03, 1.22900447e-03,
       2.04834086e-03, 0., 4.09668166e-04, 4.09668166e-04,
       8.19336332e-04, 4.09668166e-04, 1.22900447e-03, 1.63867266e-03,
       0., 1.63867266e-03, 1.63867266e-03, 2.04834086e-03, 0.,
       4.09668166e-04, 1.22900447e-03, 1.63867266e-03, 4.09668166e-04,
       1.22900447e-03, 4.09668166e-04, 0., 2.04834086e-03,
       3.27734533e-03, 8.19336332e-04, 2.04834086e-03, 8.19336332e-04,
       2.45800894e-03, 4.09668166e-04, 7.78369512e-03, 2.04834086e-03,
       4.09668166e-04, 8.19336332e-04, 8.60303175e-03, 4.09668166e-04,
       8.19336332e-04, 2.04834086e-03, 8.19336332e-04, 3.68701341e-03,
       1.63867266e-03, 4.09668166e-04, 8.19336332e-04, 2.86767725e-03,
       1.22900447e-03, 0., 8.19336332e-04, 0., 3.68701341e-03,
       4.09668166e-04, 2.45800894e-03, 1.22900447e-03, 8.19336332e-04,
       1.63867266e-03, 4.09668166e-04, 0., 8.19336332e-04,
       1.22900447e-03, 2.04834086e-03, 3.27734533e-03, 8.19336332e-04,
       2.04834086e-03, 1.63867266e-03, 4.09668166e-04, 1.63867266e-03,
       0., 1.22900447e-03, 1.22900447e-03, 2.04834086e-03,
       1.22900447e-03, 4.09668166e-04, 4.91601788e-03, 4.09668166e-04,
       4.09668166e-04, 1.63867266e-03, 0., 1.63867266e-03, 0., 0.,
       3.27734533e-03, 2.04834086e-03, 1.63867266e-03, 8.19336332e-04,
       1.22900447e-03, 4.50635003e-03, 1.22900447e-03, 4.09668166e-04,
       0., 4.09668166e-04, 2.45800894e-03, 4.09668166e-04,
       4.09668166e-04, 8.19336332e-04, 1.63867266e-03, 1.22900447e-03,
       0., 2.04834086e-03, 2.45800894e-03, 8.19336332e-04,
       1.22900447e-03, 0., 2.45800894e-03, 4.09668166e-04, 0.,
       1.22900447e-03, 1.63867266e-03, 8.19336332e-04, 0.,
       2.45800894e-03, 1.63867266e-03, 4.09668166e-04, 1.22900447e-03,
       8.19336332e-04, 4.09668166e-04, 1.22900447e-03, 3.27734533e-03,
       1.10610407e-02, 2.45800894e-03, 1.22900447e-03, 8.19336332e-04,
       0., 2.86767725e-03, 8.19336332e-04, 4.09668166e-04,
       1.63867266e-03, 0., 6.55469066e-03, 0., 8.19336332e-04,
       8.19336332e-04, 8.19336332e-04, 3.68701341e-03, 8.19336332e-04,
       0., 1.63867266e-03, 8.19336332e-04, 1.22900447e-03, 0., 0., 0.,
       4.09668166e-04, 6.96435897e-03, 4.09668166e-04, 0.,
       1.63867266e-03, 8.19336332e-04, 8.19336332e-04, 1.22900447e-03,
       4.09668166e-04, 4.09668166e-04, 1.22900447e-03, 2.86767725e-03,
       2.45800894e-03, 1.22900447e-03, 4.09668166e-04, 1.43383862e-02,
       4.09668166e-04, 2.45800894e-03, 4.50635003e-03, 0.,
       4.09668166e-04, 8.19336332e-04, 0., 2.04834086e-03,
       4.09668166e-04, 8.19336332e-04, 8.19336332e-04, 4.09668166e-04,
       4.09668166e-04, 0., 1.22900447e-03, 4.09668166e-04,
       3.68701341e-03, 2.04834086e-03, 8.19336332e-04, 2.04834086e-03,
       1.63867266e-03, 4.09668166e-04, 1.63867266e-03, 0.,
       1.22900447e-03, 4.09668166e-04, 1.22900447e-03, 4.09668166e-04,
       0., 4.09668166e-04, 1.22900447e-03, 3.27734533e-03,
       2.45800894e-03, 4.09668166e-04, 1.22900447e-03, 2.04834086e-03,
       1.22900447e-03, 4.09668166e-04, 8.19336332e-04, 4.09668166e-04,
       4.09668166e-04, 0., 0., 4.09668166e-04, 1.22900447e-03,
       8.19336332e-04, 2.04834086e-03, 1.63867266e-03, 1.63867266e-03,
       0., 1.22900447e-03, 0., 0., 1.63867266e-03, 0., 2.86767725e-03,
       4.09668166e-04, 5.32568619e-03, 8.19336332e-04, 4.09668166e-04,
       0., 2.04834086e-03, 4.09668172e-03, 8.19336332e-04,
       1.22900447e-03, 0., 0., 1.63867266e-03, 8.19336332e-04,
       8.19336332e-04, 0., 4.09668166e-04, 1.02417041e-02, 0.,
