%YAML:1.0
m25n: !!opencv-matrix
   rows: 1
   cols: 800
   dt: f
   data: [ 7.28863000e-04, 3.64431500e-04, 5.10204118e-03,
       7.28863000e-04, 3.64431500e-04, 0., 0., 0., 0., 1.45772600e-03,
       1.82215753e-03, 1.82215753e-03, 7.28863000e-04, 1.45772600e-03,
       1.09329447e-03, 3.64431500e-04, 4.37317789e-03, 3.64431500e-04,
       0., 1.09329447e-03, 7.28863000e-04, 1.09329447e-03,
       1.45772600e-03, 2.22303215e-02, 0., 0., 2.18658894e-03,
       2.55102059e-03, 1.56705547e-02, 1.34839658e-02, 1.09329447e-03,
       7.28863000e-04, 7.28863000e-04, 7.28863000e-04, 3.64431500e-04,
       0., 0., 0., 3.64431500e-04, 7.28863000e-04, 1.09329447e-03,
       7.28863000e-04, 0., 3.64431500e-04, 3.64431500e-04,
       1.45772600e-03, 3.64431500e-04, 4.37317789e-03, 0., 0.,
       7.28863000e-04, 7.28863000e-04, 0., 3.64431500e-04,
       1.82215753e-03, 7.28863000e-04, 1.09329447e-03, 1.82215753e-03,
       7.28863000e-04, 0., 0., 0., 7.28863000e-04, 1.09329447e-03,
       6.19533565e-03, 3.64431500e-04, 0., 1.45772600e-03,
       1.82215753e-03, 0., 2.18658894e-03, 0., 3.64431500e-04,
       3.64431506e-03, 1.82215753e-03, 7.28863000e-04, 4.00874671e-03,
       0., 0., 9.47521906e-03, 0., 7.28863000e-04, 3.64431500e-04,
       3.64431500e-04, 3.64431500e-04, 2.18658894e-03, 1.82215753e-03,
       4.00874671e-03, 1.45772600e-03, 1.45772600e-03, 2.18658894e-03,
       2.91545200e-03, 1.09329447e-03, 0., 7.28863000e-04, 0.,
       3.64431500e-04, 1.45772600e-03, 7.28863000e-04, 7.28863000e-04,
       1.09329447e-03, 1.09329447e-03, 1.82215753e-03, 1.82215753e-03,
       0., 2.91545200e-03, 2.91545200e-03, 3.64431500e-04,
       5.46647236e-03, 5.10204118e-03, 1.09329447e-03, 7.28863000e-04,
       1.82215753e-03, 3.64431500e-04, 1.02040824e-02, 3.64431500e-04,
       1.09329447e-03, 7.28863000e-04, 1.09329447e-03, 0.,
       3.64431500e-04, 2.55102059e-03, 0., 9.83965024e-03, 0.,
       1.82215753e-03, 2.18658894e-03, 1.45772600e-03, 1.09329447e-03,
       3.64431500e-04, 7.28863000e-04, 7.28863000e-04, 4.00874671e-03,
       0., 3.64431500e-04, 0., 7.28863000e-04, 3.64431500e-04,
       3.64431500e-04, 2.55102059e-03, 7.28863000e-04, 7.28863000e-04,
       3.64431500e-04, 0., 3.64431500e-04, 3.64431500e-04,
       2.18658894e-03, 7.28863000e-04, 0., 1.09329447e-03,
       7.28863000e-04, 0., 1.45772600e-03, 0., 2.18658894e-03,
       4.00874671e-03, 2.55102059e-03, 0., 3.64431500e-04, 0.,
       3.64431500e-04, 1.82215753e-03, 3.64431506e-03, 0., 0., 0., 0.,
       1.82215753e-03, 0., 0., 1.09329447e-03, 6.92419847e-03, 0., 0.,
       7.28863000e-04, 1.09329447e-03, 1.09329447e-03, 1.45772600e-03,
       2.91545200e-03, 1.45772600e-03, 3.27988341e-03, 1.45772600e-03,
       7.28863000e-04, 7.28863000e-04, 1.45772600e-03, 3.64431500e-04,
       0., 7.28863000e-04, 0., 3.64431500e-04, 2.91545200e-03,
       3.64431500e-04, 1.09329447e-03, 0., 7.28863000e-04, 0.,
       1.09329447e-03, 7.28863000e-04, 1.09329447e-03, 2.55102059e-03,
       5.46647236e-03, 1.45772600e-03, 0., 3.64431500e-04, 0., 0.,
       2.55102059e-03, 4.00874671e-03, 3.64431500e-04, 7.28863000e-04,
       2.55102059e-03, 3.27988341e-03, 3.64431500e-04, 1.09329447e-03,
       7.28863000e-04, 0., 1.09329447e-03, 1.45772600e-03,
       7.28863000e-04, 1.09329447e-03, 7.28863000e-04, 2.18658894e-03,
       1.82215753e-03, 0., 3.64431500e-04, 3.64431500e-04,
       1.45772600e-03, 7.28863000e-04, 0., 2.18658894e-03, 0.,
       1.82215753e-03, 0., 1.82215753e-03, 3.64431500e-04,
       2.55102059e-03, 3.64431500e-04, 2.55102059e-03, 3.64431500e-04,
       7.28863000e-04, 7.28863000e-04, 1.82215753e-03, 7.28863000e-04,
       1.82215753e-03, 7.28863000e-04, 2.55102059e-03, 2.91545200e-03,
       2.18658894e-03, 3.64431500e-04, 2.91545200e-03, 0.,
       1.09329447e-03, 1.82215753e-03, 7.28863000e-04, 7.28863000e-04,
       7.28863000e-04, 1.82215753e-03, 1.82215753e-03, 2.55102059e-03,
       1.09329447e-03, 1.09329447e-03, 0., 3.64431500e-04,
       2.18658894e-03, 3.64431500e-04, 1.09329447e-03, 0., 0., 0.,
       1.45772600e-03, 1.45772600e-03, 0., 7.28863000e-04,
       3.64431500e-04, 0., 1.45772600e-03, 0., 0., 0., 1.09329447e-03,
       3.64431500e-04, 7.28863000e-04, 3.64431500e-04, 7.28863000e-04,
       1.45772600e-03, 3.64431500e-04, 1.82215753e-03, 0., 0.,
       2.91545200e-03, 1.82215753e-03, 1.45772600e-03, 7.28863000e-04,
       3.64431500e-04, 1.82215753e-03, 1.45772600e-03, 0.,
       3.64431500e-04, 7.28863000e-04, 3.64431500e-04, 1.09329447e-03,
       3.64431500e-04, 7.28863000e-04, 1.09329447e-03, 1.09329447e-03,
       0., 7.28863000e-04, 2.18658894e-03, 1.45772600e-03,
       2.18658894e-03, 1.82215753e-03, 1.45772602e-02, 6.55976683e-03,
       1.09329447e-03, 3.64431500e-04, 1.16618080e-02, 3.64431500e-04,
       2.18658894e-03, 0., 0., 7.28863000e-04, 2.55102059e-03,
       3.64431500e-04, 1.09329447e-03, 1.45772600e-03, 1.09329447e-03,
       3.64431500e-04, 3.64431500e-04, 3.64431500e-04, 1.45772600e-03,
       1.82215753e-03, 0., 3.64431506e-03, 1.45772600e-03, 0.,
       2.18658894e-03, 0., 2.55102059e-03, 7.28863000e-04,
       3.64431500e-04, 1.45772600e-03, 6.55976683e-03, 7.28863000e-04,
       1.09329447e-03, 3.64431500e-04, 3.64431500e-04, 0., 0., 0.,
       1.82215753e-03, 1.45772600e-03, 3.64431500e-04, 0.,
       2.18658894e-03, 3.64431500e-04, 0., 2.55102059e-03,
       7.28863000e-04, 7.28863000e-04, 1.45772600e-03, 7.28863000e-04,
       7.28863000e-04, 3.64431500e-04, 0., 1.09329447e-03,
       2.55102059e-03, 1.45772600e-03, 3.64431500e-04, 1.09329447e-03,
       3.64431500e-04, 3.27988341e-03, 4.73760953e-03, 0.,
       7.28863000e-04, 1.82215753e-03, 7.28863000e-04, 3.64431500e-04,
       7.28863000e-04, 3.64431500e-04, 2.55102059e-03, 0., 0.,
       2.18658894e-03, 7.28863000e-04, 7.28863000e-04, 0.,
       1.45772600e-03, 3.64431500e-04, 2.91545200e-03, 1.09329447e-03,
       0., 3.64431500e-04, 0., 2.18658894e-03, 1.45772600e-03,
       3.64431500e-04, 1.09329447e-03, 1.09329447e-03, 1.82215753e-03,
       7.28863000e-04, 3.64431500e-04, 3.64431500e-04, 1.82215753e-03,
       3.27988341e-03, 0., 1.09329447e-03, 0., 7.28863000e-04,
       2.18658894e-03, 0., 0., 7.28863000e-04, 1.09329447e-03,
       1.09329447e-03, 0., 7.28863000e-04, 3.64431500e-04,
       3.64431500e-04, 3.64431500e-04, 1.45772600e-03, 0.,
       2.18658894e-03, 3.64431506e-03, 0., 0., 3.64431500e-04,
       2.18658894e-03, 4.37317789e-03, 0., 3.64431500e-04,
       2.18658894e-03, 0., 3.64431500e-04, 1.09329447e-03,
       1.82215753e-03, 2.18658894e-03, 0., 3.64431500e-04, 0., 0., 0.,
       7.28863000e-04, 3.64431500e-04, 1.09329447e-03, 3.64431500e-04,
       0., 0., 1.09329447e-03, 3.64431500e-04, 0., 4.00874671e-03, 0.,
       3.64431500e-04, 2.91545200e-03, 1.09329447e-03, 1.09329447e-03,
       0., 0., 7.28863000e-04, 3.64431500e-04, 0., 3.64431500e-04,
       2.18658894e-03, 7.28863000e-04, 7.28863000e-04, 1.82215753e-03,
       1.09329447e-03, 1.09329447e-03, 0., 7.28863000e-04,
       3.64431500e-04, 7.28863000e-04, 4.37317789e-03, 3.64431500e-04,
       0., 3.64431500e-04, 7.28863000e-04, 1.09329447e-03, 0.,
       7.28863000e-04, 7.28863000e-04, 0., 2.91545200e-03,
       1.09329447e-03, 3.64431500e-04, 0., 1.45772600e-03,
       1.09329447e-03, 1.09329447e-03, 1.45772600e-03, 3.64431500e-04,
       7.28863000e-04, 0., 7.28863000e-04, 7.28863000e-04,
       3.64431500e-04, 3.64431500e-04, 1.09329447e-03, 7.28863000e-04,
       7.28863000e-04, 3.64431500e-04, 0., 7.28863000e-04,
       2.18658894e-03, 0., 1.82215753e-03, 0., 1.09329447e-03,
       3.64431500e-04, 3.64431500e-04, 3.64431500e-04, 7.28863000e-04,
       3.64431500e-04, 0., 1.45772600e-03, 7.28863000e-04,
       3.64431500e-04, 1.45772600e-03, 3.64431500e-04, 1.09329447e-03,
       1.82215753e-03, 3.64431500e-04, 3.27988341e-03, 3.64431500e-04,
       3.64431500e-04, 0., 0., 0., 0., 7.28863000e-04, 7.28863000e-04,
       7.28863000e-04, 0., 0., 0., 1.45772600e-03, 1.09329447e-03,
