%YAML:1.0
m25n: !!opencv-matrix
   rows: 1
   cols: 800
   dt: f
   data: [ 1.44592253e-03, 8.67553521e-04, 1.15673803e-03,
       1.44592253e-03, 1.15673803e-03, 1.73510704e-03, 2.31347606e-03,
       5.78369014e-04, 1.44592253e-03, 1.73510704e-03, 2.89184507e-04,
       1.15673803e-03, 1.15673803e-03, 1.73510704e-03, 6.94042817e-03,
       1.15673803e-03, 1.15673803e-03, 8.67553521e-04, 5.78369014e-04,
       1.15673803e-03, 1.15673803e-03, 1.44592253e-03, 3.75939859e-03,
       1.73510704e-03, 5.78369014e-04, 3.18102958e-03, 2.02429155e-03,
       8.67553521e-04, 5.78369014e-04, 1.44592253e-03, 3.47021408e-03,
       2.60266056e-03, 1.15673803e-03, 0., 2.89184507e-04,
       1.44592253e-03, 5.78369014e-04, 5.78369014e-04, 8.67553521e-04,
       5.78369014e-04, 5.78369014e-04, 2.31347606e-03, 2.89184507e-04,
       2.02429155e-03, 8.67553521e-04, 5.78369014e-04, 2.02429155e-03,
       1.73510704e-03, 1.15673803e-03, 2.60266056e-03, 1.44592253e-03,
       3.18102958e-03, 2.02429155e-03, 2.89184507e-04, 2.89184507e-04,
       5.78369014e-04, 1.73510704e-03, 1.73510704e-03, 5.78369014e-04,
       5.78369014e-04, 1.15673803e-03, 1.44592253e-03, 1.15673803e-03,
       8.67553521e-04, 5.78369014e-04, 5.78369014e-04, 1.15673803e-03,
       0., 5.78369014e-04, 2.02429155e-03, 2.31347606e-03,
       2.89184507e-04, 2.89184507e-03, 0., 3.18102958e-03,
       1.15673803e-03, 8.67553521e-04, 1.73510704e-03, 1.44592253e-03,
       8.67553521e-04, 1.15673803e-03, 5.78369014e-04, 2.89184507e-04,
       1.15673803e-03, 1.73510704e-03, 1.44592253e-03, 0.,
       2.60266056e-03, 8.67553521e-04, 5.78369014e-04, 1.73510704e-03,
       8.67553521e-04, 1.15673803e-03, 5.78369014e-04, 8.67553521e-04,
       1.15673803e-03, 1.15673803e-03, 8.67553521e-04, 2.60266056e-03,
       5.78369014e-04, 5.78369014e-04, 2.89184507e-04, 4.04858310e-03,
       4.04858310e-03, 0., 1.44592253e-03, 1.44592253e-03,
       1.15673803e-03, 2.89184507e-04, 8.67553521e-04, 2.31347606e-03,
       1.73510704e-03, 1.44592253e-03, 2.89184507e-04, 1.73510704e-03,
       8.67553521e-04, 1.15673803e-03, 1.15673803e-03, 1.44592253e-03,
       2.60266056e-03, 2.31347606e-03, 2.89184507e-04, 1.15673803e-03,
       1.15673803e-03, 1.44592253e-03, 5.78369014e-04, 1.44592253e-03,
       1.15673803e-03, 1.73510704e-03, 2.60266056e-03, 5.78369014e-04,
       2.89184507e-03, 0., 3.18102958e-03, 8.67553521e-04,
       2.02429155e-03, 1.44592253e-03, 2.02429155e-03, 2.31347606e-03,
       1.15673803e-03, 5.78369014e-04, 2.31347606e-03, 2.89184507e-03,
       2.02429155e-03, 8.67553521e-04, 8.67553521e-04, 2.31347606e-03,
       0., 0., 1.15673803e-03, 2.89184507e-04, 1.44592253e-03,
       2.31347606e-03, 1.15673803e-03, 1.44592253e-03, 1.44592253e-03,
       8.67553521e-04, 1.73510704e-03, 1.15673803e-03, 1.15673803e-03,
       5.78369014e-04, 5.78369014e-04, 5.78369014e-04, 1.73510704e-03,
       2.89184507e-04, 8.67553521e-04, 1.73510704e-03, 1.15673803e-03,
       0., 2.89184507e-04, 1.15673803e-03, 1.44592253e-03, 0.,
       5.78369014e-04, 2.31347606e-03, 5.78369014e-04, 2.89184507e-04,
       1.15673803e-03, 2.89184507e-04, 1.15673803e-03, 1.44592253e-03,
       3.18102958e-03, 3.18102958e-03, 1.44592253e-03, 2.89184507e-04,
       5.78369014e-04, 5.78369014e-04, 1.44592253e-03, 5.78369014e-04,
       0., 1.15673803e-03, 4.04858310e-03, 5.78369014e-04,
       2.89184507e-04, 5.78369014e-04, 5.78369014e-04, 5.78369014e-04,
       1.15673803e-03, 1.15673803e-03, 1.15673803e-03, 1.44592253e-03,
       2.89184507e-04, 3.75939859e-03, 2.89184507e-04, 2.60266056e-03,
       1.44592253e-03, 1.73510704e-03, 3.75939859e-03, 0.,
       2.02429155e-03, 5.78369014e-04, 8.67553521e-04, 5.78369014e-04,
       1.44592253e-03, 2.02429155e-03, 2.31347606e-03, 5.78369014e-04,
       2.89184507e-04, 1.44592253e-03, 3.18102958e-03, 2.89184507e-04,
       1.44592253e-03, 8.67553521e-04, 0., 0., 5.78369014e-04,
       2.31347606e-03, 8.67553521e-04, 2.89184507e-04, 1.44592253e-03,
       8.67553521e-04, 1.73510704e-03, 2.02429155e-03, 2.02429155e-03,
       1.15673803e-03, 5.78369014e-04, 2.89184507e-04, 5.78369014e-04,
       1.73510704e-03, 1.15673803e-03, 1.44592253e-03, 0.,
       5.78369014e-04, 1.44592253e-03, 0., 1.73510704e-03,
       3.18102958e-03, 1.73510704e-03, 5.78369014e-04, 1.44592253e-03,
       2.60266056e-03, 3.47021408e-03, 1.73510704e-03, 8.67553521e-04,
       2.02429155e-03, 1.44592253e-03, 1.73510704e-03, 8.67553521e-04,
       5.78369014e-04, 1.44592253e-03, 1.44592253e-03, 8.67553521e-04,
       8.67553521e-04, 0., 1.73510704e-03, 2.89184507e-04,
       2.02429155e-03, 1.73510704e-03, 5.78369014e-04, 8.67553521e-04,
       5.78369014e-04, 2.31347606e-03, 8.67553521e-04, 1.15673803e-03,
       8.67553521e-04, 1.15673803e-03, 1.15673803e-03, 2.89184507e-03,
       1.73510704e-03, 1.73510704e-03, 4.04858310e-03, 2.31347606e-03,
       0., 5.78369014e-04, 2.89184507e-04, 5.78369014e-04,
       1.15673803e-03, 1.15673803e-03, 1.73510704e-03, 1.73510704e-03,
       2.60266056e-03, 0., 2.89184507e-04, 1.15673803e-03,
       1.44592253e-03, 5.78369014e-04, 1.15673803e-03, 1.15673803e-03,
       1.15673803e-03, 5.78369014e-04, 8.67553521e-04, 2.89184507e-04,
       1.44592253e-03, 5.78369014e-04, 2.02429155e-03, 8.67553521e-04,
       1.44592253e-03, 3.47021408e-03, 8.67553521e-04, 5.78369014e-04,
       3.47021408e-03, 0., 8.67553521e-04, 8.67553521e-04,
       1.15673803e-03, 0., 1.73510704e-03, 1.15673803e-03,
       5.78369014e-04, 5.78369014e-04, 0., 2.60266056e-03,
       2.89184507e-04, 5.78369014e-04, 1.15673803e-03, 1.73510704e-03,
       8.67553521e-04, 8.67553521e-04, 1.73510704e-03, 2.02429155e-03,
       5.78369014e-04, 1.15673803e-03, 5.78369014e-04, 1.44592253e-03,
       8.67553521e-04, 0., 1.15673803e-03, 2.02429155e-03,
       1.15673803e-03, 5.78369014e-04, 2.02429155e-03, 2.89184507e-04,
       8.67553521e-04, 5.78369014e-04, 1.44592253e-03, 1.44592253e-03,
       8.67553521e-04, 1.44592253e-03, 2.89184507e-04, 8.67553521e-04,
       1.44592253e-03, 0., 1.44592253e-03, 1.15673803e-03,
       2.31347606e-03, 2.89184507e-04, 5.78369014e-04, 5.78369014e-04,
       1.44592253e-03, 1.73510704e-03, 8.67553521e-04, 1.73510704e-03,
       1.73510704e-03, 5.78369014e-04, 8.67553521e-04, 2.60266056e-03,
       1.15673803e-03, 1.15673803e-03, 2.31347606e-03, 2.60266056e-03,
       7.51879718e-03, 1.44592253e-03, 2.89184507e-04, 5.78369014e-04,
       5.78369014e-04, 8.67553521e-04, 5.49450563e-03, 0.,
       1.73510704e-03, 1.15673803e-03, 8.67553521e-04, 2.89184507e-04,
       2.89184507e-04, 8.67553521e-04, 2.89184507e-04, 2.02429155e-03,
       5.78369014e-04, 0., 1.44592253e-03, 8.67553521e-04,
       2.31347606e-03, 2.02429155e-03, 5.78369014e-04, 5.78369014e-03,
       2.89184507e-04, 8.67553521e-04, 0., 8.67553521e-04, 0.,
       6.36205915e-03, 8.67553521e-04, 2.02429155e-03, 1.73510704e-03,
       2.89184507e-04, 8.67553521e-04, 5.78369014e-04, 1.15673803e-03,
       1.44592253e-03, 1.73510704e-03, 8.67553521e-04, 2.89184507e-03,
       2.89184507e-03, 2.31347606e-03, 8.67553521e-04, 1.15673803e-03,
       3.75939859e-03, 2.89184507e-04, 1.15673803e-03, 1.44592253e-03,
       2.89184507e-04, 2.89184507e-04, 1.15673803e-03, 5.78369014e-04,
       8.67553521e-04, 8.67553521e-04, 5.78369014e-04, 1.15673803e-03,
       5.78369014e-04, 2.60266056e-03, 8.67553521e-04, 8.67553521e-04,
       8.67553521e-04, 5.78369014e-04, 0., 1.15673803e-03,
       2.89184507e-04, 2.60266056e-03, 1.73510704e-03, 0.,
       2.89184507e-04, 0., 1.73510704e-03, 8.67553521e-04,
       3.18102958e-03, 1.15673803e-03, 1.44592253e-03, 4.33776760e-03,
       0., 1.44592253e-03, 5.78369014e-04, 2.89184507e-04,
       3.47021408e-03, 1.15673803e-03, 1.73510704e-03, 5.78369014e-04,
       1.15673803e-03, 1.15673803e-03, 8.67553521e-04, 8.67553521e-04,
       8.67553521e-04, 0., 2.89184507e-04, 2.89184507e-04,
       2.89184507e-04, 1.44592253e-03, 1.15673803e-03, 2.89184507e-03,
