%YAML:1.0
m25n: !!opencv-matrix
   rows: 1
   cols: 800
   dt: f
   data: [ 0., 2.09643599e-03, 0., 0., 2.09643599e-03, 1.04821799e-03,
       3.14465398e-03, 0., 0., 4.19287197e-03, 6.28930796e-03,
       2.09643599e-03, 2.09643599e-03, 1.04821799e-03, 0.,
       1.46750519e-02, 0., 0., 0., 0., 0., 2.09643599e-03,
       1.04821799e-03, 0., 0., 1.04821799e-03, 1.04821799e-03,
       2.09643599e-03, 3.14465398e-03, 1.04821799e-03, 9.43396240e-03,
       1.04821799e-03, 0., 1.04821799e-03, 0., 1.04821799e-03,
       6.28930796e-03, 1.04821799e-03, 1.15303975e-02, 0.,
       1.04821799e-03, 1.04821799e-03, 0., 5.24108997e-03, 0.,
       1.04821799e-03, 0., 3.14465398e-03, 1.04821799e-03,
       1.04821799e-03, 0., 5.24108997e-03, 3.14465398e-03, 0.,
       3.14465398e-03, 0., 1.04821799e-03, 1.04821799e-03,
       1.04821799e-03, 0., 0., 0., 2.09643599e-03, 7.33752595e-03, 0.,
       0., 5.24108997e-03, 7.33752595e-03, 0., 1.04821799e-03,
       6.28930796e-03, 1.04821799e-03, 0., 2.09643599e-03, 0.,
       2.09643599e-03, 3.14465398e-03, 4.19287197e-03, 3.14465398e-03,
       2.09643599e-03, 1.04821799e-03, 1.04821799e-03, 0.,
       1.04821799e-03, 2.09643599e-03, 0., 0., 1.04821799e-03,
       1.04821799e-03, 0., 1.04821799e-03, 0., 0., 2.09643599e-03,
       1.04821799e-03, 2.09643599e-03, 3.14465398e-03, 5.24108997e-03,
       2.09643599e-03, 2.09643599e-03, 0., 2.09643599e-03, 0., 0.,
       1.04821799e-03, 0., 1.04821799e-03, 2.09643599e-03,
       1.04821799e-03, 0., 1.04821799e-03, 2.09643599e-03, 0.,
       2.09643599e-03, 0., 0., 0., 1.04821799e-03, 0., 1.04821799e-03,
       0., 0., 0., 0., 0., 2.09643599e-03, 0., 0., 0., 4.19287197e-03,
       5.24108997e-03, 5.24108997e-03, 0., 1.04821799e-03,
       1.04821799e-03, 0., 0., 1.04821799e-03, 6.28930796e-03, 0., 0.,
       2.09643599e-03, 0., 0., 1.04821799e-03, 0., 0., 0., 0.,
       2.09643599e-03, 0., 1.04821799e-03, 6.28930796e-03,
       2.09643599e-03, 0., 0., 1.04821799e-03, 4.19287197e-03, 0.,
       1.04821799e-03, 1.25786159e-02, 0., 0., 0., 0., 0.,
       1.04821799e-03, 5.24108997e-03, 0., 0., 0., 0., 0., 0.,
       2.09643599e-03, 2.09643599e-03, 0., 5.24108997e-03,
       1.04821799e-03, 3.14465398e-03, 1.04821799e-03, 0., 0.,
       2.09643599e-03, 1.04821799e-03, 0., 0., 1.04821799e-03,
       1.04821799e-03, 1.04821799e-03, 0., 0., 0., 0., 1.04821799e-03,
       1.04821799e-03, 0., 3.14465398e-03, 0., 0., 0., 0., 0., 0., 0.,
       0., 0., 1.04821799e-03, 1.04821799e-03, 0., 1.04821799e-03, 0.,
       0., 0., 0., 0., 0., 0., 0., 0., 1.04821799e-03, 7.33752595e-03,
       0., 2.09643599e-03, 2.09643599e-03, 2.09643599e-03, 0., 0., 0.,
       3.14465398e-03, 0., 0., 0., 0., 1.04821799e-03, 1.04821799e-03,
       4.19287197e-03, 0., 0., 0., 1.04821799e-03, 0., 3.14465398e-03,
       1.04821799e-03, 1.04821799e-03, 0., 1.04821799e-03,
       1.04821799e-03, 0., 4.19287197e-03, 3.14465398e-03, 0., 0.,
       3.14465398e-03, 0., 1.04821799e-03, 0., 0., 0., 1.04821799e-03,
       0., 0., 4.19287197e-03, 1.04821799e-03, 0., 1.04821799e-03,
       9.43396240e-03, 0., 2.09643599e-03, 0., 0., 1.04821799e-03, 0.,
       0., 1.04821799e-03, 0., 0., 0., 2.09643599e-03, 1.04821799e-03,
       2.09643599e-03, 0., 0., 0., 4.19287197e-03, 0., 4.19287197e-03,
       0., 0., 1.04821799e-03, 2.09643599e-03, 0., 0., 0.,
       6.28930796e-03, 2.09643599e-03, 2.09643599e-03, 0., 0.,
       4.19287197e-03, 3.14465398e-03, 1.04821799e-03, 0.,
       2.09643599e-03, 0., 0., 1.04821799e-03, 5.24108997e-03,
       1.04821799e-03, 6.28930796e-03, 1.88679248e-02, 1.04821799e-03,
       0., 2.09643599e-03, 0., 0., 0., 1.04821799e-03, 1.04821799e-03,
       0., 1.04821799e-03, 1.04821799e-03, 1.04821799e-03,
       1.04821799e-03, 9.43396240e-03, 1.04821799e-03, 0., 0.,
       2.09643599e-03, 4.19287197e-03, 0., 4.19287197e-03, 0.,
       2.09643599e-03, 1.04821799e-03, 3.14465398e-03, 6.28930796e-03,
       7.33752595e-03, 0., 0., 0., 0., 0., 3.14465398e-03, 0., 0., 0.,
       1.04821799e-03, 0., 2.09643599e-03, 0., 0., 0., 0.,
       1.04821799e-03, 0., 3.14465398e-03, 1.04821799e-03, 0.,
       1.04821799e-03, 0., 0., 1.04821799e-03, 0., 0., 1.04821799e-03,
       0., 0., 0., 0., 0., 0., 1.04821799e-03, 0., 0., 0., 0., 0., 0.,
       4.19287197e-03, 1.04821799e-03, 2.09643599e-03, 1.57232694e-02,
       1.04821799e-03, 1.04821799e-03, 0., 1.04821799e-03,
       6.28930796e-03, 1.04821799e-03, 0., 0., 0., 1.67714879e-02,
       3.14465398e-03, 1.04821799e-03, 0., 0., 1.04821799e-03, 0.,
       1.04821799e-03, 2.09643599e-03, 0., 0., 2.09643599e-03, 0.,
       2.09643599e-03, 0., 1.04821799e-03, 1.04821799e-03,
       1.04821799e-03, 0., 1.04821799e-03, 0., 0., 0., 1.04821799e-03,
       0., 0., 2.09643599e-03, 1.04821799e-03, 0., 0., 1.04821799e-03,
       0., 0., 1.04821799e-03, 2.09643599e-03, 0., 0., 1.04821799e-03,
       0., 1.04821799e-03, 4.19287197e-03, 0., 0., 2.09643599e-03, 0.,
       1.04821799e-03, 2.09643599e-03, 1.04821799e-03, 3.14465398e-03,
       0., 0., 0., 2.09643599e-03, 1.04821799e-03, 0., 5.24108997e-03,
       0., 1.04821799e-03, 0., 2.09643599e-03, 1.04821799e-03, 0.,
       1.04821799e-03, 1.04821799e-03, 0., 0., 0., 1.04821799e-03, 0.,
       2.09643599e-03, 0., 0., 0., 4.19287197e-03, 1.04821799e-03, 0.,
       0., 0., 0., 0., 0., 0., 0., 1.04821799e-03, 0., 0., 0.,
       3.14465398e-03, 1.04821799e-03, 0., 0., 0., 3.14465398e-03,
       3.14465398e-03, 0., 0., 0., 0., 0., 0., 1.04821799e-03, 0.,
       3.14465398e-03, 0., 0., 2.09643599e-03, 1.04821799e-03, 0.,
       2.09643599e-03, 2.09643599e-03, 0., 0., 3.14465398e-03,
       8.38574395e-03, 0., 0., 9.43396240e-03, 3.14465398e-03,
       2.09643599e-03, 8.38574395e-03, 0., 2.09643599e-03,
       2.09643599e-03, 0., 0., 7.33752595e-03, 1.04821799e-03,
       1.04821799e-03, 1.04821799e-03, 3.14465398e-03, 1.04821799e-03,
       8.38574395e-03, 0., 0., 0., 2.09643599e-03, 1.04821799e-03,
       1.04821799e-03, 0., 0., 0., 0., 0., 0., 1.04821799e-03,
       1.04821799e-03, 1.04821799e-03, 0., 1.04821799e-03,
       1.04821799e-03, 2.09643599e-03, 1.04821799e-03, 4.19287197e-03,
       0., 1.04821799e-03, 0., 0., 0., 0., 5.24108997e-03,
       1.04821799e-03, 1.04821799e-03, 0., 0., 0., 4.19287197e-03, 0.,
       2.09643599e-03, 0., 1.04821799e-03, 0., 0., 3.14465398e-03, 0.,
       0., 0., 4.19287197e-03, 1.04821799e-03, 0., 0., 0.,
       2.09643599e-03, 0., 1.04821799e-03, 8.38574395e-03,
       4.19287197e-03, 1.04821799e-03, 0., 1.04821799e-03, 0., 0.,
       1.04821799e-03, 1.15303975e-02, 0., 0., 3.14465398e-03, 0., 0.,
       0., 0., 3.14465398e-03, 2.09643599e-03, 0., 0., 5.24108997e-03,
       5.24108997e-03, 0., 2.09643599e-03, 4.19287197e-03, 0.,
       1.04821799e-03, 0., 0., 0., 0., 0., 0., 3.14465398e-03, 0., 0.,
       2.09643599e-03, 5.24108997e-03, 1.04821799e-03, 1.04821799e-03,
       5.24108997e-03, 1.04821799e-03, 0., 0., 1.04821799e-03, 0., 0.,
       0., 0., 0., 0., 0., 0., 1.04821799e-03, 0., 5.24108997e-03, 0.,
       0., 3.14465398e-03, 0., 0., 1.04821799e-03, 0., 2.09643599e-03,
       1.04821799e-03, 7.33752595e-03, 1.04821799e-03, 1.04821799e-03,
       0., 3.14465398e-03, 4.19287197e-03, 0., 0., 0., 0.,
       4.19287197e-03, 0., 1.04821799e-03, 0., 0., 0., 1.04821799e-03,
       3.14465398e-03, 0., 1.04821799e-03, 0., 0., 0., 1.04821799e-03,
       1.04821799e-03, 0., 1.04821799e-03, 0., 1.04821799e-03, 0.,
       7.33752595e-03, 1.04821799e-03, 0., 2.09643599e-03, 0., 0., 0.,
       1.04821799e-03, 1.04821799e-03, 1.04821799e-03, 3.14465398e-03,
       3.14465398e-03, 1.04821799e-03, 0., 1.04821799e-03, 0.,
       2.09643599e-03, 5.24108997e-03, 6.28930796e-03, 1.04821799e-03,
       0., 0., 0., 3.14465398e-03, 1.04821799e-03, 0., 1.04821799e-03,
       3.14465398e-03, 4.19287197e-03, 0., 0., 0., 4.19287197e-03,
       2.09643599e-03, 0., 0., 0., 0., 0., 0., 0., 1.04821799e-03,
       3.14465398e-03, 0., 0., 1.04821799e-03, 2.09643599e-03,
