%YAML:1.0
m25n: !!opencv-matrix
   rows: 1
   cols: 800
   dt: f
   data: [ 8.31255224e-04, 4.15627612e-04, 4.15627612e-04, 0.,
       1.24688284e-03, 0., 8.31255224e-04, 4.15627612e-04,
       8.31255224e-04, 4.98753134e-03, 2.07813806e-03, 2.07813806e-03,
       0., 2.07813806e-03, 0., 8.31255224e-04, 1.24688284e-03,
       8.31255224e-04, 8.31255224e-04, 2.49376567e-03, 4.15627612e-04,
       2.49376567e-03, 1.66251045e-03, 4.15627612e-04, 1.24688284e-03,
       8.31255224e-04, 4.98753134e-03, 8.31255224e-04, 6.23441394e-03,
       4.15627612e-04, 1.66251045e-03, 2.90939328e-03, 3.74064851e-03,
       1.66251045e-03, 4.15627612e-04, 4.15627612e-04, 8.31255224e-04,
       8.31255224e-04, 3.32502089e-03, 0., 0., 2.49376567e-03,
       1.66251045e-03, 1.24688284e-03, 1.66251045e-03, 1.24688284e-03,
       0., 2.07813806e-03, 0., 0., 3.74064851e-03, 8.31255224e-04,
       2.90939328e-03, 4.15627612e-04, 1.66251045e-03, 1.24688284e-03,
       1.66251045e-03, 3.32502089e-03, 2.49376567e-03, 8.31255224e-04,
       1.24688284e-03, 0., 1.24688284e-03, 2.07813806e-03,
       1.66251045e-03, 1.24688284e-03, 8.31255224e-04, 2.49376567e-03,
       0., 8.31255224e-04, 2.07813806e-03, 0., 4.15627612e-04,
       1.24688284e-03, 8.31255224e-04, 8.31255224e-04, 0., 0.,
       1.66251045e-03, 2.49376567e-03, 4.15627612e-04, 4.15627612e-04,
       1.66251045e-03, 8.31255224e-04, 0., 3.32502089e-03,
       8.31255224e-04, 8.31255224e-04, 1.66251045e-03, 4.15627612e-04,
       0., 8.31255224e-04, 0., 0., 8.31255224e-04, 2.49376567e-03,
       2.90939328e-03, 2.90939328e-03, 2.07813806e-03, 0.,
       8.31255224e-04, 2.90939328e-03, 8.31255224e-04, 1.24688284e-03,
       8.31255224e-04, 1.24688284e-03, 2.90939328e-03, 2.49376567e-03,
       0., 8.31255224e-04, 8.31255224e-04, 3.32502089e-03,
       1.66251045e-03, 2.90939328e-03, 1.24688284e-03, 0., 0.,
       8.31255224e-04, 2.49376567e-03, 1.66251045e-03, 0.,
       8.31255224e-04, 7.48129701e-03, 2.07813806e-03, 4.15627612e-04,
       4.15627612e-04, 1.66251045e-03, 2.49376567e-03, 1.24688284e-03,
       2.49376567e-03, 1.66251045e-03, 4.15627612e-04, 2.49376567e-03,
       1.66251045e-03, 2.90939328e-03, 4.15627612e-04, 2.49376567e-03,
       4.15627612e-04, 2.07813806e-03, 8.31255224e-04, 6.23441394e-03,
       8.31255224e-04, 0., 8.31255224e-04, 4.15627612e-04,
       4.15627612e-04, 2.49376567e-03, 2.49376567e-03, 8.31255224e-04,
       4.15627612e-04, 1.66251045e-03, 0., 1.24688284e-03,
       2.07813806e-03, 2.49376567e-03, 0., 0., 3.32502089e-03, 0.,
       8.31255224e-04, 1.24688284e-03, 3.74064851e-03, 3.32502089e-03,
       8.31255224e-04, 0., 1.24688284e-03, 0., 1.24688284e-03,
       2.07813806e-03, 4.15627612e-04, 1.66251045e-03, 8.31255224e-03,
       1.24688284e-03, 0., 4.15627612e-04, 0., 8.31255224e-04,
       8.31255224e-04, 4.15627612e-03, 0., 2.90939328e-03,
       8.31255224e-04, 1.24688284e-03, 0., 1.24688284e-03,
       8.31255224e-04, 3.74064851e-03, 8.31255224e-04, 0.,
       4.15627612e-03, 8.31255224e-04, 8.31255224e-04, 3.74064851e-03,
       0., 1.66251045e-03, 1.66251045e-03, 8.31255224e-04,
       1.66251045e-03, 4.15627612e-04, 4.15627612e-04, 1.66251045e-03,
       4.15627612e-04, 1.24688284e-03, 8.31255224e-04, 2.07813806e-03,
       3.32502089e-03, 2.07813806e-03, 7.48129701e-03, 2.07813806e-03,
       8.31255224e-04, 1.66251045e-03, 1.24688284e-03, 4.15627612e-04,
       8.31255224e-04, 4.15627612e-04, 0., 8.31255224e-04,
       8.31255224e-04, 2.90939328e-03, 2.07813806e-03, 1.66251045e-03,
       0., 0., 3.32502089e-03, 4.15627612e-04, 1.24688284e-03,
       2.90939328e-03, 1.24688284e-03, 1.24688284e-03, 8.31255224e-04,
       2.49376567e-03, 1.66251045e-03, 8.31255224e-04, 1.24688284e-03,
       0., 3.32502089e-03, 1.66251045e-03, 0., 1.24688284e-03, 0.,
       1.24688284e-03, 2.07813806e-03, 4.15627612e-04, 4.57190350e-03,
       4.15627612e-04, 4.15627612e-04, 4.57190350e-03, 1.24688284e-03,
       0., 1.24688284e-03, 4.15627612e-04, 1.66251045e-03,
       2.49376567e-03, 1.66251045e-03, 4.15627612e-04, 1.66251045e-03,
       1.66251045e-03, 1.66251045e-03, 4.15627612e-04, 4.98753134e-03,
       2.07813806e-03, 1.24688284e-03, 4.15627612e-04, 0.,
       1.66251045e-03, 4.15627612e-04, 1.24688284e-03, 1.24688284e-03,
       8.31255224e-04, 2.49376567e-03, 0., 4.15627612e-04,
       1.24688284e-03, 4.15627612e-04, 0., 4.15627612e-04,
       8.31255224e-04, 8.31255224e-04, 5.40315919e-03, 1.24688284e-03,
       2.90939328e-03, 2.07813806e-03, 2.07813806e-03, 0.,
       1.66251045e-03, 6.65004179e-03, 1.24688284e-03, 6.23441394e-03,
       0., 1.24688284e-03, 2.49376567e-03, 8.31255224e-04, 0.,
       8.31255224e-04, 3.74064851e-03, 2.07813806e-03, 1.24688284e-03,
       8.31255224e-04, 1.24688284e-03, 8.31255224e-04, 1.66251045e-03,
       0., 2.07813806e-03, 2.90939328e-03, 2.07813806e-03, 0., 0.,
       1.24688284e-03, 1.24688284e-03, 0., 4.15627612e-03, 0.,
       2.90939328e-03, 4.15627612e-04, 0., 2.90939328e-03, 0.,
       1.66251045e-03, 1.66251045e-03, 3.74064851e-03, 8.31255224e-04,
       4.15627612e-04, 2.07813806e-03, 2.07813806e-03, 8.31255224e-04,
       4.15627612e-04, 2.07813806e-03, 4.15627612e-04, 1.66251045e-03,
       2.07813806e-03, 1.66251045e-03, 4.15627612e-04, 8.31255224e-04,
       8.31255224e-04, 8.31255224e-04, 4.15627612e-04, 0., 0.,
       4.15627612e-04, 4.15627612e-04, 4.57190350e-03, 2.07813806e-03,
       4.15627612e-04, 1.24688284e-03, 2.07813806e-03, 2.07813806e-03,
       0., 1.66251045e-03, 8.31255224e-04, 8.31255224e-04,
       8.31255224e-04, 4.15627612e-04, 0., 1.24688284e-03,
       4.15627612e-04, 0., 3.32502089e-03, 4.15627612e-04,
       1.66251045e-03, 0., 2.07813806e-03, 1.24688284e-03,
       2.07813806e-03, 8.31255224e-04, 4.15627612e-04, 1.24688284e-03,
       2.07813806e-03, 4.15627612e-04, 2.49376567e-03, 1.66251045e-03,
       6.65004179e-03, 4.15627612e-03, 8.31255224e-04, 1.24688284e-03,
       2.90939328e-03, 0., 1.24688284e-03, 4.15627612e-04,
       1.24688284e-03, 1.66251045e-03, 4.15627612e-04, 8.31255224e-04,
       2.49376567e-03, 8.31255224e-04, 4.15627612e-04, 1.66251045e-03,
       8.31255224e-04, 2.49376567e-03, 1.66251045e-03, 2.07813806e-03,
       1.24688284e-03, 2.90939328e-03, 4.15627612e-04, 8.31255224e-04,
       2.49376567e-03, 4.15627612e-04, 1.24688284e-03, 4.15627612e-04,
       1.66251045e-03, 1.24688284e-03, 4.15627612e-04, 2.90939328e-03,
       8.31255224e-04, 1.24688284e-03, 1.66251045e-03, 4.15627612e-04,
       1.66251045e-03, 8.31255224e-04, 1.24688284e-03, 1.66251045e-03,
       4.15627612e-04, 1.66251045e-03, 1.24688284e-03, 4.15627612e-03,
       1.24688284e-03, 0., 4.15627612e-04, 4.15627612e-04,
       2.07813806e-03, 4.15627612e-04, 8.31255224e-04, 2.07813806e-03,
       1.66251045e-03, 4.15627612e-04, 2.49376567e-03, 4.15627612e-04,
       8.31255224e-04, 4.15627612e-04, 0., 1.66251045e-03,
       4.15627612e-04, 1.24688284e-03, 3.32502089e-03, 0.,
       4.15627612e-04, 2.90939328e-03, 0., 8.31255224e-04,
       2.07813806e-03, 8.31255224e-04, 0., 1.24688284e-03,
       1.66251045e-03, 8.31255224e-04, 8.31255224e-04, 0., 0.,
       8.31255224e-04, 1.66251045e-03, 8.31255224e-04, 1.24688284e-03,
       4.15627612e-04, 0., 1.24688284e-03, 1.66251045e-03, 0., 0.,
       4.15627612e-04, 2.07813806e-03, 8.31255224e-04, 2.90939328e-03,
       1.66251045e-03, 3.32502089e-03, 1.66251045e-03, 1.66251045e-03,
       8.31255224e-04, 8.31255224e-04, 4.15627612e-04, 3.32502089e-03,
       8.31255224e-04, 4.15627612e-04, 2.07813806e-03, 1.24688284e-03,
       3.32502089e-03, 8.31255224e-04, 0., 0., 4.15627612e-04,
       4.15627612e-04, 2.90939328e-03, 1.66251045e-03, 4.15627612e-04,
       4.15627612e-04, 0., 4.15627612e-04, 0., 1.24688284e-03,
       8.31255224e-04, 4.15627612e-04, 1.24688284e-03, 1.24688284e-03,
       2.07813806e-03, 1.66251045e-03, 8.31255224e-04, 1.24688284e-03,
       1.24688284e-03, 8.31255224e-04, 0., 1.24688284e-03, 0.,
