%YAML:1.0
m25n: !!opencv-matrix
   rows: 1
   cols: 800
   dt: f
   data: [ 0., 9.56937764e-03, 4.78468894e-04, 0., 4.78468894e-04,
       4.78468894e-04, 1.91387557e-03, 3.34928231e-03, 7.17703346e-03,
       0., 0., 4.78468894e-04, 0., 6.22009579e-03, 0., 9.56937787e-04,
       0., 0., 9.56937787e-04, 0., 1.91387557e-03, 0., 1.91387557e-03,
       6.22009579e-03, 0., 0., 9.56937787e-04, 9.56937787e-04,
       9.56937787e-04, 0., 4.78468894e-04, 9.56937787e-04,
       3.34928231e-03, 4.78468894e-04, 0., 1.43540674e-03, 0.,
       4.78468894e-04, 1.91387557e-03, 1.43540674e-03, 0., 0.,
       5.74162696e-03, 2.39234441e-03, 4.78468894e-04, 4.78468894e-04,
       1.43540674e-03, 3.82775115e-03, 0., 0., 0., 2.87081348e-03,
       4.78468894e-04, 4.78468894e-04, 0., 9.09090880e-03, 0.,
       9.56937787e-04, 1.91387557e-03, 4.78468894e-04, 4.78468894e-04,
       1.91387557e-03, 9.56937787e-04, 9.56937787e-04, 2.87081348e-03,
       4.78468894e-04, 0., 2.39234441e-03, 9.56937787e-04,
       4.78468894e-04, 4.78468894e-04, 4.78468894e-04, 0.,
       9.56937787e-04, 0., 4.78468894e-04, 4.78468894e-04,
       2.87081348e-03, 4.78468894e-04, 9.56937787e-04, 4.78468894e-04,
       0., 2.39234441e-03, 9.56937787e-04, 1.43540674e-03, 0.,
       4.78468894e-04, 3.87559794e-02, 4.78468894e-04, 0., 0.,
       4.78468894e-04, 0., 3.34928231e-03, 9.56937787e-04, 0.,
       1.91387557e-03, 1.43540674e-03, 4.78468894e-04, 4.78468894e-04,
       1.91387557e-03, 1.43540674e-03, 0., 2.39234441e-03, 0., 0., 0.,
       1.43540674e-03, 0., 1.91387557e-03, 0., 4.78468894e-04, 0.,
       4.78468894e-04, 0., 4.78468894e-04, 1.05263153e-02,
       4.78468894e-04, 1.33971293e-02, 4.30621998e-03, 2.39234441e-03,
       0., 4.78468894e-04, 0., 0., 4.78468894e-04, 2.87081348e-03,
       6.22009579e-03, 1.43540674e-03, 2.39234441e-03, 0.,
       1.43540674e-03, 1.43540674e-03, 6.22009579e-03, 4.78468894e-04,
       4.78468894e-04, 4.78468894e-04, 2.39234441e-03, 4.78468894e-04,
       0., 2.87081348e-03, 9.56937787e-04, 0., 1.43540674e-03,
       1.43540674e-03, 4.78468894e-04, 9.56937787e-04, 2.87081348e-03,
       4.78468894e-04, 1.43540674e-03, 0., 4.78468894e-04,
       4.78468894e-04, 0., 4.78468894e-04, 0., 9.56937787e-04,
       2.39234441e-03, 0., 1.43540674e-03, 4.78468894e-04, 0., 0.,
       4.78468894e-04, 1.43540674e-03, 4.78468894e-04, 4.78468894e-04,
       0., 0., 4.78468894e-04, 1.43540674e-03, 2.39234441e-03,
       9.56937787e-04, 1.91387557e-03, 0., 0., 0., 9.56937787e-04,
       4.78468894e-04, 9.56937787e-04, 0., 1.91387557e-03,
       7.17703346e-03, 9.56937787e-04, 0., 1.43540674e-03, 0., 0., 0.,
       9.56937787e-04, 4.78468894e-04, 0., 9.56937787e-04,
       3.34928231e-03, 0., 4.78468894e-04, 9.56937787e-04, 0.,
       9.56937787e-04, 1.43540674e-03, 1.43540674e-03, 9.56937787e-04,
       1.43540674e-03, 9.56937787e-04, 2.87081348e-03, 4.78468894e-04,
       1.91387557e-03, 0., 0., 0., 4.78468894e-04, 4.78468894e-04, 0.,
       4.78468894e-04, 4.78468894e-04, 9.56937787e-04, 4.78468894e-04,
       3.82775115e-03, 0., 0., 0., 4.78468894e-04, 9.56937787e-04,
       4.78468894e-04, 9.56937787e-04, 2.39234441e-03, 4.78468894e-04,
       1.43540674e-03, 4.78468894e-04, 0., 4.78468894e-04, 0., 0.,
       4.78468882e-03, 1.91387557e-03, 1.43540674e-03, 9.56937787e-04,
       1.43540674e-03, 4.78468894e-04, 4.78468894e-04, 4.78468894e-04,
       0., 0., 1.43540674e-03, 4.78468894e-04, 4.78468894e-04,
       1.43540674e-03, 2.87081348e-03, 0., 0., 0., 9.56937787e-04, 0.,
       0., 0., 0., 0., 9.56937787e-04, 0., 4.78468894e-04, 0.,
       3.82775115e-03, 4.78468894e-04, 0., 4.78468894e-04, 0., 0.,
       2.39234441e-03, 2.39234441e-03, 0., 4.78468894e-04,
       4.78468894e-04, 0., 1.91387557e-03, 0., 4.78468894e-04,
       9.56937787e-04, 0., 4.78468894e-04, 0., 9.56937787e-04,
       4.78468894e-04, 4.78468894e-04, 1.43540674e-03, 4.78468894e-04,
       9.56937787e-04, 4.78468882e-03, 9.56937787e-04, 4.78468894e-04,
       0., 3.34928231e-03, 0., 2.39234441e-03, 9.56937787e-04,
       3.82775115e-03, 3.82775115e-03, 4.78468882e-03, 0., 0., 0.,
       9.56937787e-04, 9.56937787e-04, 4.78468894e-04, 4.78468894e-04,
       0., 0., 2.87081348e-03, 9.56937787e-04, 4.78468894e-04,
       4.78468894e-04, 8.13397113e-03, 0., 0., 0., 9.56937787e-04, 0.,
       9.56937787e-04, 9.56937787e-04, 0., 4.78468894e-04,
       4.30621998e-03, 0., 3.34928231e-03, 9.56937787e-04, 0.,
       4.78468894e-04, 2.87081348e-03, 1.43540674e-03, 0., 0.,
       9.56937787e-04, 1.43540674e-03, 0., 0., 2.39234441e-03,
       1.43540674e-03, 2.39234441e-03, 4.78468882e-03, 1.91387557e-03,
       3.82775115e-03, 9.56937787e-04, 0., 4.78468894e-04,
       4.78468894e-04, 0., 4.78468894e-04, 4.78468894e-04,
       3.34928231e-03, 0., 2.39234441e-03, 4.78468894e-04, 0.,
       4.78468894e-04, 9.56937787e-04, 0., 0., 0., 9.56937787e-04,
       4.78468894e-04, 2.87081348e-03, 9.56937787e-04, 1.43540674e-03,
       0., 7.65550230e-03, 9.56937787e-04, 0., 1.43540674e-03,
       1.43540674e-03, 4.78468894e-04, 0., 2.39234441e-03,
       3.34928231e-03, 1.91387557e-03, 1.43540674e-03, 9.56937787e-04,
       0., 4.78468894e-04, 0., 4.78468894e-04, 4.78468894e-04, 0.,
       1.43540674e-03, 1.43540674e-03, 5.26315765e-03, 0.,
       9.56937787e-04, 0., 9.56937787e-04, 4.78468894e-04,
       4.78468894e-04, 4.78468894e-04, 9.56937787e-04, 9.56937787e-04,
       0., 0., 9.56937787e-04, 4.30621998e-03, 4.78468894e-04, 0.,
       4.78468882e-03, 4.78468894e-04, 9.56937787e-04, 4.78468894e-04,
       4.78468894e-04, 9.56937787e-04, 1.91387557e-03, 4.78468894e-04,
       1.91387557e-03, 0., 0., 4.78468894e-04, 4.78468894e-04,
       1.10047841e-02, 7.65550230e-03, 1.43540674e-03, 9.56937787e-04,
       2.87081348e-03, 4.78468894e-04, 0., 4.78468894e-04, 0.,
       4.78468894e-04, 4.78468894e-04, 1.91387557e-03, 4.78468894e-04,
       0., 1.91387557e-03, 0., 0., 0., 1.91387557e-03, 4.78468894e-04,
       2.87081348e-03, 0., 9.56937787e-04, 3.82775115e-03,
       4.78468894e-04, 1.91387557e-03, 0., 9.56937787e-04,
       1.91387557e-03, 0., 0., 9.56937787e-04, 1.91387557e-03,
       4.78468894e-04, 9.56937787e-04, 0., 0., 4.78468894e-04,
       4.78468894e-04, 1.43540674e-03, 4.78468894e-04, 1.91387557e-03,
       9.56937787e-04, 1.43540674e-03, 1.43540674e-03, 3.34928231e-03,
       2.87081348e-03, 4.78468894e-04, 1.43540674e-03, 9.56937787e-04,
       4.78468894e-04, 0., 0., 0., 0., 5.26315765e-03, 1.91387557e-03,
       1.43540674e-03, 0., 4.78468894e-04, 1.91387557e-03,
       9.56937787e-04, 4.78468894e-04, 1.91387557e-03, 8.61243997e-03,
       0., 9.56937787e-04, 0., 3.82775115e-03, 1.43540674e-03,
       3.34928231e-03, 0., 0., 4.78468894e-04, 0., 4.78468894e-04, 0.,
       9.56937787e-04, 9.56937787e-04, 4.78468894e-04, 9.56937787e-04,
       3.82775115e-03, 4.78468894e-04, 0., 9.56937787e-04,
       4.30621998e-03, 1.43540674e-03, 2.39234441e-03, 0.,
       1.43540674e-03, 4.78468894e-04, 1.91387557e-03, 0.,
       9.56937787e-04, 4.78468894e-04, 0., 9.56937787e-04,
       9.56937787e-04, 3.82775115e-03, 2.39234441e-03, 4.78468894e-04,
       9.56937787e-04, 4.78468894e-04, 9.56937787e-04, 4.78468894e-04,
       4.78468894e-04, 0., 2.39234441e-03, 2.87081348e-03,
       2.87081348e-03, 1.91387557e-03, 1.43540674e-03, 0., 0.,
       4.78468894e-04, 1.48325358e-02, 9.56937787e-04, 9.56937787e-04,
       4.78468894e-04, 9.56937787e-04, 4.78468894e-04, 9.56937787e-04,
       9.56937787e-04, 1.91387557e-03, 1.43540674e-03, 4.78468894e-04,
       4.78468894e-04, 7.17703346e-03, 2.87081348e-03, 9.56937787e-04,
       0., 4.78468894e-04, 1.91387557e-03, 9.56937787e-04, 0., 0.,
       1.43540674e-03, 0., 9.56937787e-04, 1.43540674e-03, 0.,
       1.43540674e-03, 0., 1.43540674e-03, 4.78468894e-04,
       3.82775115e-03, 2.39234441e-03, 9.56937787e-04, 1.00478465e-02,
       4.78468894e-04, 1.43540674e-03, 4.78468894e-04, 0.,
       2.87081348e-03, 0., 0., 0., 4.78468894e-04, 0., 9.56937787e-04,
