%YAML:1.0
m25n: !!opencv-matrix
   rows: 1
   cols: 800
   dt: f
   data: [ 7.71803432e-04, 1.28633913e-03, 1.02907128e-03,
       1.02907128e-03, 5.14535641e-04, 1.54360686e-03, 2.57267826e-03,
       2.57267820e-04, 5.14535641e-04, 1.02907128e-03, 0.,
       2.82994611e-03, 2.57267820e-04, 5.14535641e-04, 1.54360686e-03,
       1.80087471e-03, 1.28633913e-03, 7.71803432e-04, 2.57267820e-04,
       1.54360686e-03, 1.54360686e-03, 5.14535641e-04, 1.54360686e-03,
       5.14535641e-04, 2.23823003e-02, 1.02907128e-03, 5.14535641e-04,
       7.71803432e-04, 0., 1.54360686e-03, 5.40262414e-03,
       2.82994611e-03, 5.14535641e-04, 1.80087471e-03, 1.54360686e-03,
       1.54360686e-03, 2.31541041e-03, 2.57267826e-03, 5.14535641e-04,
       1.54360686e-03, 2.57267820e-04, 1.80087471e-03, 2.57267820e-04,
       4.11628513e-03, 1.28633913e-03, 1.80087471e-03, 7.71803432e-04,
       2.57267820e-04, 1.28633913e-03, 3.34448158e-03, 1.02907128e-03,
       1.54360686e-03, 7.71803432e-04, 1.54360686e-03, 2.57267820e-04,
       7.71803432e-04, 1.54360686e-03, 1.02907128e-03, 3.60174943e-03,
       5.14535641e-04, 1.28633913e-03, 1.02907128e-03, 1.02907128e-03,
       0., 3.08721373e-03, 2.57267820e-04, 5.14535641e-04,
       1.80087471e-03, 5.14535641e-04, 2.82994611e-03, 7.71803432e-04,
       1.54360686e-03, 1.80087471e-03, 1.28633913e-03, 1.02907128e-03,
       1.02907128e-03, 7.71803432e-04, 1.54360686e-03, 5.14535641e-04,
       7.71803432e-04, 1.28633913e-03, 1.02907128e-03, 1.28633913e-03,
       2.05814256e-03, 5.14535641e-04, 5.14535641e-04, 1.02907128e-03,
       4.63082083e-03, 7.71803432e-04, 5.14535641e-04, 1.02907128e-03,
       5.14535641e-04, 0., 5.14535641e-04, 5.14535641e-04,
       7.71803432e-04, 1.80087471e-03, 1.02907128e-03, 1.28633913e-03,
       1.80087471e-03, 5.14535641e-04, 1.02907128e-03, 1.28633913e-03,
       1.28633913e-03, 1.02907128e-03, 0., 1.02907128e-03,
       2.57267820e-04, 5.14535641e-04, 1.54360686e-03, 2.31541041e-03,
       7.71803432e-04, 5.14535641e-04, 5.14535641e-04, 5.14535641e-04,
       5.14535641e-04, 0., 7.71803432e-04, 0., 5.14535641e-04,
       5.14535641e-04, 5.14535641e-04, 1.02907128e-03, 0.,
       1.54360686e-03, 2.57267820e-04, 5.14535641e-04, 1.02907128e-03,
       0., 1.80087471e-03, 2.31541041e-03, 3.85901728e-03,
       5.14535641e-04, 1.54360686e-03, 1.02907128e-03, 5.14535652e-03,
       5.14535641e-04, 1.02907128e-03, 3.08721373e-03, 5.14535641e-04,
       5.14535641e-04, 1.54360686e-03, 1.28633913e-03, 1.80087471e-03,
       7.71803432e-04, 1.54360686e-03, 5.14535641e-04, 1.02907128e-03,
       7.71803432e-04, 7.71803432e-04, 7.71803432e-04, 7.71803432e-04,
       1.02907128e-03, 0., 1.54360686e-03, 1.02907128e-03,
       1.02907128e-03, 5.14535641e-04, 2.57267820e-04, 2.57267820e-04,
       2.05814256e-03, 1.28633913e-03, 1.02907128e-03, 7.71803432e-04,
       1.02907128e-03, 1.28633913e-03, 5.14535641e-04, 2.57267820e-04,
       7.71803432e-04, 7.71803432e-04, 1.02907128e-03, 1.80087471e-03,
       7.71803432e-04, 2.05814256e-03, 3.34448158e-03, 2.57267820e-04,
       1.02907128e-03, 2.34113708e-02, 1.54360686e-03, 2.57267826e-03,
       2.05814256e-03, 7.71803432e-04, 2.31541041e-03, 7.71803432e-04,
       5.14535641e-04, 5.14535641e-04, 1.28633913e-03, 7.71803432e-04,
       1.02907128e-03, 3.08721373e-03, 2.57267826e-03, 2.31541041e-03,
       4.63082083e-03, 5.14535641e-04, 2.57267820e-04, 7.71803432e-04,
       1.28633913e-03, 7.71803432e-04, 1.02907128e-03, 5.14535641e-04,
       7.71803432e-04, 7.71803432e-04, 2.05814256e-03, 5.14535652e-03,
       1.80087471e-03, 3.60174943e-03, 2.57267820e-04, 7.71803432e-04,
       5.14535641e-04, 2.57267820e-04, 5.14535641e-04, 3.08721373e-03,
       5.14535641e-04, 5.14535641e-04, 2.05814256e-03, 1.54360686e-03,
       5.14535641e-04, 5.14535641e-04, 1.02907128e-03, 0.,
       2.57267820e-04, 1.02907128e-03, 1.80087471e-03, 5.14535641e-04,
       1.02907128e-03, 1.02907128e-03, 2.57267826e-03, 1.02907128e-03,
       5.14535641e-04, 2.57267820e-04, 5.14535641e-04, 1.02907128e-03,
       7.71803432e-04, 2.82994611e-03, 1.80087471e-03, 7.71803432e-04,
       1.02907128e-03, 1.80087471e-03, 1.54360686e-03, 1.02907128e-03,
       1.54360686e-03, 2.57267820e-04, 5.14535641e-04, 2.57267820e-04,
       2.57267820e-04, 1.02907128e-03, 3.08721373e-03, 1.80087471e-03,
       1.02907128e-03, 7.71803432e-04, 0., 7.71803432e-04,
       1.28633913e-03, 2.05814256e-03, 0., 1.28633913e-03,
       1.54360686e-03, 7.71803432e-04, 1.28633913e-03, 1.80087471e-03,
       2.05814256e-03, 2.57267820e-04, 1.28633913e-03, 1.54360686e-03,
       1.54360686e-03, 7.71803432e-04, 1.02907128e-03, 3.08721373e-03,
       1.28633913e-03, 1.02907128e-03, 1.02907128e-03, 1.28633913e-03,
       5.14535641e-04, 1.80087471e-03, 1.80087471e-03, 2.57267820e-04,
       1.54360686e-03, 1.28633913e-03, 1.02907128e-03, 1.02907128e-03,
       7.71803432e-04, 2.57267826e-03, 1.80087471e-03, 7.71803432e-04,
       1.02907128e-03, 5.14535641e-04, 1.28633913e-03, 5.14535641e-04,
       2.82994611e-03, 1.28633913e-03, 1.54360686e-03, 2.57267820e-04,
       1.54360686e-03, 1.54360686e-03, 1.54360686e-03, 1.28633913e-03,
       1.54360686e-03, 1.80087471e-03, 1.28633913e-03, 1.28633913e-03,
       7.71803432e-04, 0., 7.71803432e-04, 2.57267820e-04,
       2.31541041e-03, 2.57267820e-04, 1.28633913e-03, 3.08721373e-03,
       1.80087471e-03, 1.28633913e-03, 2.57267820e-04, 1.28633913e-03,
       5.14535641e-04, 2.05814256e-03, 1.54360686e-03, 7.71803432e-04,
       7.71803432e-04, 0., 1.28633913e-03, 1.02907128e-03,
       1.02907128e-03, 1.80087471e-03, 1.02907128e-03, 2.82994611e-03,
       7.71803432e-04, 2.57267820e-04, 1.54360686e-03, 5.65989222e-03,
       1.54360686e-03, 2.05814256e-03, 1.28633913e-03, 1.28633913e-03,
       2.82994611e-03, 4.11628513e-03, 1.54360686e-03, 1.80087471e-03,
       7.71803432e-04, 0., 2.57267820e-04, 2.57267820e-04,
       2.82994611e-03, 5.14535641e-04, 1.80087471e-03, 7.71803432e-04,
       7.71803432e-04, 5.14535641e-04, 0., 5.14535641e-04,
       1.02907128e-03, 2.57267820e-04, 7.71803432e-04, 1.28633913e-03,
       5.14535641e-04, 7.71803432e-04, 1.02907128e-03, 2.57267820e-04,
       5.14535641e-04, 1.02907128e-03, 2.57267820e-04, 3.85901728e-03,
       5.14535641e-04, 5.14535641e-04, 7.71803432e-04, 1.02907128e-03,
       5.14535641e-04, 7.71803432e-04, 1.54360686e-03, 2.57267820e-04,
       6.68896316e-03, 1.02907128e-03, 0., 1.54360686e-03,
       1.80087471e-03, 2.31541041e-03, 1.28633913e-03, 5.14535641e-04,
       4.88808844e-03, 1.02907128e-03, 2.82994611e-03, 1.80087471e-03,
       7.71803432e-04, 1.02907128e-03, 5.14535641e-04, 2.05814256e-03,
       1.28633913e-03, 7.71803432e-04, 1.28633913e-03, 1.28633913e-03,
       5.14535641e-04, 1.54360686e-03, 7.71803432e-04, 4.88808844e-03,
       1.54360686e-03, 1.02907128e-03, 0., 7.71803432e-04,
       3.85901728e-03, 7.71803432e-04, 1.28633913e-03, 4.11628513e-03,
       2.05814256e-03, 2.05814256e-03, 2.57267820e-04, 1.02907128e-03,
       1.02907128e-03, 5.14535641e-04, 1.02907128e-03, 1.28633913e-03,
       7.71803432e-04, 7.71803432e-04, 2.82994611e-03, 7.71803432e-04,
       2.57267820e-04, 7.71803432e-04, 1.54360686e-03, 2.57267826e-03,
       5.14535641e-04, 0., 1.28633913e-03, 7.71803432e-04,
       7.71803432e-04, 7.71803432e-04, 7.71803432e-04, 1.02907128e-03,
       7.71803432e-04, 2.57267820e-04, 1.02907128e-03, 2.57267820e-04,
       1.54360686e-03, 2.05814256e-03, 5.14535641e-04, 2.05814256e-03,
       1.28633913e-03, 2.31541041e-03, 2.05814256e-03, 1.80087471e-03,
       1.02907128e-03, 5.14535641e-04, 7.71803432e-04, 2.57267826e-03,
       0., 0., 5.14535641e-04, 1.02907128e-03, 5.14535641e-04,
       1.02907128e-03, 2.05814256e-03, 7.71803432e-04, 2.57267820e-04,
       1.02907128e-03, 1.80087471e-03, 2.82994611e-03, 7.71803432e-04,
       2.82994611e-03, 7.71803432e-04, 1.80087471e-03, 0.,
       7.71803432e-04, 7.71803432e-04, 5.14535641e-04, 2.57267820e-04,
