%YAML:1.0
m25n: !!opencv-matrix
   rows: 1
   cols: 800
   dt: f
   data: [ 0., 5.98444021e-04, 1.19688804e-03, 0., 1.19688804e-03,
       5.98444021e-04, 2.99222022e-03, 7.18132826e-03, 1.79533206e-03,
       0., 5.98444021e-04, 1.79533206e-03, 1.79533206e-03,
       5.98444021e-04, 1.19688804e-03, 3.59066413e-03, 5.98444021e-04,
       0., 5.98444021e-04, 5.98444021e-04, 5.98444021e-04,
       1.19688804e-03, 0., 7.18132826e-03, 2.39377609e-03,
       1.79533206e-03, 5.98444021e-04, 2.39377609e-03, 0.,
       1.19688804e-03, 8.37821607e-03, 1.79533206e-03, 1.07719926e-02,
       5.98444021e-04, 0., 0., 1.79533206e-03, 5.98444021e-04,
       1.19688804e-03, 1.19688804e-03, 1.19688804e-03, 1.19688804e-03,
       0., 3.59066413e-03, 0., 0., 0., 5.98444021e-04, 0.,
       5.98444021e-04, 0., 1.19688804e-03, 3.59066413e-03,
       1.79533206e-03, 1.79533206e-03, 8.37821607e-03, 1.79533206e-03,
       5.98444021e-04, 0., 0., 0., 5.98444021e-04, 3.59066413e-03, 0.,
       0., 1.79533206e-03, 2.39377609e-03, 2.99222022e-03, 0.,
       1.79533206e-03, 1.19688804e-03, 1.19688804e-03, 0.,
       1.19688804e-03, 0., 5.98444045e-03, 4.18910803e-03,
       1.19688804e-03, 5.98444021e-04, 2.21424289e-02, 0.,
       3.59066413e-03, 0., 1.19688804e-03, 4.18910803e-03, 0.,
       5.98444021e-04, 5.98444021e-04, 0., 2.27408726e-02,
       2.99222022e-03, 0., 5.98444021e-04, 5.98444021e-04, 0., 0.,
       1.79533206e-03, 1.19688804e-03, 5.98444021e-04, 0., 0.,
       3.59066413e-03, 0., 0., 5.98444021e-04, 0., 0., 0., 0., 0., 0.,
       5.98444021e-04, 5.98444021e-04, 5.98444021e-04, 5.98444021e-04,
       6.58288412e-03, 0., 3.59066413e-03, 0., 7.77977239e-03, 0., 0.,
       0., 1.79533206e-03, 5.98444021e-04, 5.98444021e-04, 0.,
       2.39377609e-03, 5.98444021e-04, 2.39377609e-03, 1.79533206e-03,
       5.98444021e-04, 5.98444021e-04, 0., 5.98444021e-04, 0.,
       5.98444021e-04, 0., 1.19688804e-03, 0., 1.19688804e-03,
       3.59066413e-03, 2.39377609e-03, 5.98444021e-04, 0., 0., 0.,
       4.78755217e-03, 1.19688804e-03, 2.39377609e-03, 5.98444021e-04,
       1.79533206e-03, 2.39377609e-03, 2.99222022e-03, 0.,
       5.98444021e-04, 1.19688804e-03, 1.19688804e-03, 0.,
       1.79533206e-03, 1.31657682e-02, 0., 2.99222022e-03,
       5.98444021e-04, 1.19688804e-03, 0., 0., 0., 2.99222022e-03,
       5.98444021e-04, 5.98444021e-04, 1.19688804e-03, 0.,
       5.98444021e-04, 5.98444021e-04, 5.98444021e-04, 5.98444021e-04,
       3.59066413e-03, 3.59066413e-03, 1.79533206e-03, 5.98444021e-04,
       0., 1.19688804e-03, 2.39377609e-03, 0., 2.39377609e-03, 0., 0.,
       0., 0., 0., 0., 1.79533206e-03, 0., 5.98444021e-04, 0., 0.,
       5.98444021e-04, 5.98444021e-04, 5.98444021e-04, 0.,
       2.99222022e-03, 1.79533206e-03, 0., 5.98444021e-04,
       1.79533206e-03, 5.98444021e-04, 1.19688804e-03, 5.98444021e-04,
       5.98444021e-04, 0., 3.59066413e-03, 2.39377609e-03,
       1.79533206e-03, 0., 0., 2.39377609e-03, 0., 2.99222022e-03, 0.,
       5.98444021e-04, 1.19688804e-03, 1.19688804e-03, 5.98444021e-04,
       5.98444021e-04, 1.19688804e-03, 1.19688804e-03, 0.,
       5.98444021e-04, 0., 5.98444021e-04, 0., 1.19688804e-03, 0.,
       5.98444021e-04, 5.98444021e-04, 0., 0., 5.98444021e-04,
       5.98444021e-04, 0., 0., 0., 0., 5.98444021e-04, 4.18910803e-03,
       4.18910803e-03, 5.98444021e-04, 1.79533206e-03, 0., 0., 0., 0.,
       5.98444021e-04, 0., 0., 5.98444021e-04, 5.98444021e-04,
       5.98444021e-04, 5.98444021e-04, 0., 2.39377609e-03, 0.,
       2.99222022e-03, 5.98444021e-04, 0., 4.78755217e-03, 0.,
       5.98444021e-04, 5.98444021e-04, 1.19688804e-03, 5.98444021e-04,
       5.98444021e-04, 0., 0., 0., 0., 5.98444021e-04, 1.79533206e-03,
       0., 5.98444021e-04, 0., 0., 8.97666067e-03, 1.19688804e-03,
       4.18910803e-03, 3.59066413e-03, 5.98444021e-04, 5.98444021e-04,
       0., 1.19688804e-03, 5.98444021e-04, 1.79533206e-03, 0.,
       3.59066413e-03, 1.79533206e-03, 1.19688804e-03, 0.,
       5.98444021e-04, 3.59066413e-03, 1.79533206e-03, 1.19688804e-03,
       0., 1.79533206e-03, 5.98444021e-04, 5.98444021e-04,
       1.37642128e-02, 1.19688804e-03, 1.07719926e-02, 5.98444021e-04,
       0., 0., 0., 5.98444021e-04, 5.98444021e-04, 5.98444021e-04,
       5.98444021e-04, 4.18910803e-03, 1.19688804e-03, 0.,
       5.98444021e-04, 0., 5.98444021e-04, 0., 0., 2.99222022e-03, 0.,
       1.19688804e-03, 0., 1.19688804e-03, 0., 5.98444021e-04, 0.,
       1.19688804e-03, 1.19688804e-03, 1.19688804e-03, 1.01735480e-02,
       1.79533206e-03, 0., 5.98444021e-04, 5.98444021e-04, 0., 0.,
       5.98444021e-04, 1.19688804e-03, 5.98444021e-04, 0.,
       2.39377609e-03, 2.39377609e-03, 5.98444021e-04, 1.19688804e-03,
       5.98444021e-04, 0., 0., 4.18910803e-03, 3.59066413e-03,
       1.79533206e-03, 0., 2.39377609e-03, 1.79533206e-03,
       1.19688804e-03, 0., 1.79533206e-03, 2.99222022e-03,
       5.98444021e-04, 2.39377609e-03, 2.39377609e-03, 0., 0., 0.,
       1.19688804e-03, 0., 2.39377609e-03, 1.19688804e-03, 0.,
       1.19688804e-03, 1.19688804e-03, 0., 5.98444021e-04, 0.,
       1.19688804e-03, 2.39377609e-03, 1.79533206e-03, 5.98444021e-04,
       0., 5.98444021e-04, 0., 1.79533206e-03, 0., 0., 0., 0.,
       4.78755217e-03, 2.39377609e-03, 1.79533206e-03, 1.79533206e-03,
       2.39377609e-03, 1.19688804e-03, 5.98444021e-04, 0., 0.,
       5.98444021e-04, 0., 5.98444021e-04, 0., 0., 0., 1.19688804e-03,
       0., 1.79533206e-03, 1.13704363e-02, 5.98444021e-04,
       5.98444021e-04, 5.98444021e-04, 5.98444021e-04, 5.98444021e-04,
       0., 5.98444021e-04, 0., 3.59066413e-03, 0., 0., 5.98444021e-04,
       0., 3.59066413e-03, 0., 1.79533206e-03, 0., 0., 1.19688804e-03,
       4.18910803e-03, 5.98444021e-04, 5.98444021e-04, 2.99222022e-03,
       1.19688804e-03, 4.78755217e-03, 5.98444021e-04, 1.79533206e-03,
       0., 0., 2.39377609e-03, 5.98444021e-04, 0., 1.19688804e-03,
       1.19688804e-03, 1.19688804e-03, 2.39377609e-03, 0., 0.,
       5.98444021e-04, 2.99222022e-03, 1.19688804e-03, 5.98444045e-03,
       5.38599631e-03, 5.98444021e-04, 0., 5.98444021e-04,
       5.98444021e-04, 0., 5.98444021e-04, 1.19688804e-03,
       1.19688804e-03, 5.98444021e-04, 0., 0., 1.19688804e-03,
       2.99222022e-03, 5.98444021e-04, 0., 0., 1.79533206e-03, 0.,
       5.98444021e-04, 1.79533206e-03, 2.39377609e-03, 0., 0.,
       1.19688804e-03, 0., 0., 4.78755217e-03, 0., 0., 5.98444021e-04,
       0., 0., 1.19688804e-03, 5.98444021e-04, 5.98444021e-04,
       5.98444021e-04, 1.19688804e-03, 0., 0., 1.19688804e-03,
       5.98444021e-04, 1.79533206e-03, 0., 5.98444021e-04,
       1.79533206e-03, 0., 2.39377609e-03, 0., 1.19688804e-03,
       2.99222022e-03, 1.19688804e-03, 8.37821607e-03, 2.39377609e-03,
       1.19688804e-03, 4.18910803e-03, 1.19688804e-03, 0.,
       1.07719926e-02, 1.19688804e-03, 0., 0., 0., 0., 4.78755217e-03,
       2.39377609e-03, 4.78755217e-03, 0., 2.99222022e-03,
       5.98444021e-04, 1.01735480e-02, 5.98444021e-04, 5.98444021e-04,
       5.98444021e-04, 0., 0., 5.98444021e-04, 0., 1.19688804e-03,
       5.98444021e-04, 4.78755217e-03, 1.19688804e-03, 2.99222022e-03,
       0., 1.19688804e-03, 0., 0., 1.19688804e-03, 0., 5.98444021e-04,
       1.19688804e-03, 0., 2.99222022e-03, 5.98444021e-04,
       5.98444021e-04, 5.98444021e-04, 0., 0., 1.79533206e-03, 0., 0.,
       1.79533206e-03, 2.39377609e-03, 0., 5.98444021e-04,
       1.79533206e-03, 0., 5.98444021e-04, 1.19688804e-03,
       1.19688804e-03, 0., 0., 2.39377609e-03, 1.19688804e-03,
       4.18910803e-03, 1.19688804e-03, 5.98444021e-04, 0.,
       5.98444021e-04, 0., 0., 5.98444021e-04, 4.18910803e-03,
       1.19688804e-03, 2.39377609e-03, 0., 0., 0., 0., 1.19688804e-03,
       0., 2.39377609e-03, 0., 0., 5.98444021e-04, 3.59066413e-03, 0.,
       0., 6.58288412e-03, 2.63315365e-02, 0., 5.98444021e-04,
       5.98444021e-04, 0., 5.98444021e-04, 0., 1.19688804e-03, 0.,
       1.19688804e-03, 5.98444021e-04, 0., 0., 0., 5.98444021e-04,
