%YAML:1.0
m25n: !!opencv-matrix
   rows: 1
   cols: 800
   dt: f
   data: [ 3.89105058e-04, 2.72373529e-03, 3.50194564e-03,
       3.89105058e-04, 3.89105058e-04, 3.89105058e-03, 1.94552529e-03,
       3.50194564e-03, 7.78210117e-04, 7.78210117e-04, 3.89105058e-04,
       1.16731517e-03, 1.55642023e-03, 6.61478611e-03, 0.,
       3.89105058e-04, 7.78210117e-04, 0., 3.89105058e-04,
       1.94552529e-03, 7.78210117e-04, 7.78210117e-04, 7.78210117e-04,
       3.11284047e-03, 7.78210117e-04, 7.78210117e-04, 3.89105058e-04,
       3.89105058e-04, 1.94552529e-03, 0., 2.33463035e-03,
       2.33463035e-03, 2.33463035e-03, 1.16731517e-03, 1.16731517e-03,
       7.78210117e-04, 3.89105058e-04, 3.89105058e-04, 4.66926070e-03,
       3.89105058e-03, 0., 3.89105058e-04, 3.89105058e-04,
       4.66926070e-03, 3.89105058e-04, 1.16731517e-03, 0.,
       1.16731517e-03, 0., 7.78210117e-04, 0., 3.89105058e-04,
       3.89105058e-04, 1.55642023e-03, 3.89105058e-04, 6.61478611e-03,
       1.55642023e-03, 1.16731517e-03, 0., 7.78210117e-04, 0.,
       3.11284047e-03, 1.94552529e-03, 7.78210117e-04, 0.,
       7.78210117e-04, 0., 1.55642023e-03, 1.16731517e-03,
       3.50194564e-03, 2.72373529e-03, 3.89105058e-04, 3.89105058e-04,
       2.72373529e-03, 0., 0., 4.28015552e-03, 5.83657576e-03, 0.,
       3.89105058e-03, 3.89105058e-04, 7.78210117e-04, 0.,
       2.33463035e-03, 1.55642023e-03, 7.78210117e-04, 3.89105058e-04,
       0., 1.94552529e-03, 3.89105058e-04, 1.16731517e-03,
       3.89105058e-04, 3.89105058e-04, 1.94552529e-03, 0., 0.,
       7.78210117e-04, 4.66926070e-03, 1.55642023e-03, 1.16731517e-03,
       1.55642023e-03, 1.36186769e-02, 7.78210117e-04, 0., 0.,
       3.89105058e-04, 1.94552529e-03, 1.16731517e-03, 1.55642023e-03,
       0., 7.78210117e-04, 0., 1.16731517e-03, 4.66926070e-03,
       3.89105058e-04, 4.66926070e-03, 2.72373529e-03, 3.50194564e-03,
       0., 9.72762611e-03, 1.16731517e-03, 0., 0., 7.78210117e-04,
       3.89105058e-04, 3.89105058e-04, 7.39299599e-03, 0.,
       7.78210117e-04, 3.11284047e-03, 0., 3.89105058e-04,
       7.78210117e-04, 5.05836587e-03, 0., 0., 1.55642023e-03,
       1.94552529e-03, 6.61478611e-03, 0., 1.55642023e-03,
       1.16731517e-03, 1.16731517e-03, 1.16731517e-03, 1.16731517e-03,
       3.89105058e-04, 1.16731517e-03, 0., 7.78210117e-04,
       1.55642023e-03, 3.89105058e-04, 2.33463035e-03, 1.16731517e-03,
       3.89105058e-04, 0., 1.55642023e-03, 3.50194564e-03,
       1.32295722e-02, 0., 6.22568093e-03, 7.78210117e-04, 0., 0.,
       3.89105058e-04, 1.94552529e-03, 7.78210117e-04, 7.78210117e-04,
       7.78210117e-04, 3.50194564e-03, 1.16731517e-03, 1.94552529e-03,
       1.94552529e-03, 3.89105058e-04, 4.28015552e-03, 3.89105058e-04,
       2.72373529e-03, 3.89105058e-04, 1.94552529e-03, 7.78210117e-04,
       1.16731517e-03, 7.78210117e-04, 0., 7.78210117e-04,
       7.78210117e-04, 3.89105058e-04, 2.33463035e-03, 1.16731517e-03,
       1.94552529e-03, 0., 0., 2.33463035e-03, 7.78210117e-04, 0.,
       3.89105058e-04, 7.78210117e-04, 2.72373529e-03, 3.89105058e-03,
       3.89105058e-04, 0., 7.78210117e-04, 0., 1.94552529e-03,
       3.89105058e-04, 1.94552529e-03, 3.89105058e-04, 3.89105058e-04,
       1.94552529e-03, 3.89105058e-04, 1.94552529e-03, 7.78210117e-04,
       3.11284047e-03, 1.55642023e-03, 0., 2.33463035e-03,
       1.16731517e-03, 3.89105058e-04, 3.89105058e-04, 0.,
       3.89105058e-04, 7.78210117e-04, 3.89105058e-04, 3.89105058e-04,
       4.66926070e-03, 0., 1.94552529e-03, 3.89105058e-04, 0.,
       2.33463035e-03, 3.89105058e-04, 1.94552529e-03, 1.94552529e-03,
       1.16731517e-03, 3.89105058e-04, 0., 2.33463035e-03,
       1.16731517e-03, 2.72373529e-03, 7.78210117e-04, 7.78210117e-04,
       1.16731517e-03, 3.89105058e-04, 3.89105058e-04, 0., 0.,
       1.55642023e-03, 0., 8.94941669e-03, 1.55642023e-03, 0.,
       1.55642023e-03, 3.89105058e-04, 0., 0., 7.78210117e-04, 0.,
       7.78210117e-04, 7.78210117e-04, 7.78210117e-04, 3.89105058e-04,
       0., 1.55642023e-03, 3.89105058e-04, 1.94552529e-03,
       7.78210117e-04, 0., 3.89105058e-04, 1.55642023e-03,
       5.83657576e-03, 2.33463035e-03, 7.78210117e-04, 0., 0., 0., 0.,
       1.55642023e-03, 3.89105058e-04, 1.16731517e-03, 0.,
       7.78210117e-04, 1.16731517e-03, 1.55642023e-03, 3.89105058e-04,
       1.16731517e-03, 3.89105058e-04, 3.89105058e-04, 5.44747058e-03,
       3.50194564e-03, 7.78210117e-04, 0., 0., 1.16731517e-03,
       3.89105058e-04, 7.78210117e-04, 0., 1.16731517e-03,
       1.01167317e-02, 1.55642023e-03, 7.78210117e-04, 7.78210117e-04,
       1.16731517e-03, 1.16731517e-03, 1.94552529e-03, 2.33463035e-03,
       0., 7.78210117e-04, 0., 1.16731517e-03, 2.72373529e-03,
       1.16731517e-03, 1.16731517e-03, 1.55642023e-03, 0.,
       3.89105058e-04, 1.55642023e-03, 1.16731517e-03, 1.16731517e-03,
       3.89105058e-04, 0., 7.78210117e-04, 3.89105058e-04,
       1.55642023e-03, 7.78210117e-04, 7.78210117e-04, 7.78210117e-04,
       0., 7.78210117e-04, 4.66926070e-03, 3.89105058e-04,
       7.78210117e-04, 7.78210117e-04, 0., 1.16731517e-03,
       3.89105058e-04, 1.55642023e-03, 1.55642023e-03, 3.89105058e-04,
       1.94552529e-03, 1.05058365e-02, 7.78210117e-04, 1.16731517e-03,
       7.78210117e-04, 0., 0., 1.94552529e-03, 1.16731517e-03,
       3.89105058e-04, 0., 3.89105058e-04, 2.33463035e-03,
       3.89105058e-03, 0., 2.72373529e-03, 5.83657576e-03,
       1.55642023e-03, 7.78210117e-04, 3.89105058e-04, 0.,
       7.78210117e-04, 2.33463035e-03, 1.16731517e-03, 1.55642023e-03,
       1.55642023e-03, 0., 1.16731517e-03, 6.22568093e-03,
       1.16731517e-03, 1.94552529e-03, 3.89105058e-04, 7.78210117e-04,
       0., 1.16731517e-03, 3.89105058e-04, 3.89105058e-04,
       7.78210117e-04, 7.78210117e-04, 7.78210117e-04, 0., 0., 0.,
       1.16731517e-03, 0., 3.50194564e-03, 1.55642023e-03,
       3.89105058e-04, 3.89105058e-04, 7.78210117e-04, 7.78210117e-04,
       1.40077826e-02, 3.89105058e-04, 0., 3.89105058e-04,
       1.16731517e-03, 1.94552529e-03, 0., 1.16731517e-03,
       2.72373529e-03, 3.11284047e-03, 3.89105058e-04, 3.89105058e-04,
       2.72373529e-03, 7.78210117e-04, 3.89105058e-04, 7.78210117e-04,
       0., 0., 0., 1.16731517e-03, 1.55642023e-03, 0., 7.78210117e-04,
       1.16731517e-03, 3.89105058e-04, 1.94552529e-03, 7.78210117e-04,
       0., 1.55642023e-03, 0., 0., 7.78210117e-04, 4.28015552e-03,
       7.78210117e-04, 7.78210117e-04, 3.89105058e-04, 1.16731517e-03,
       2.33463035e-03, 3.89105058e-04, 2.72373529e-03, 1.94552529e-03,
       7.78210117e-04, 7.78210117e-04, 3.89105058e-04, 3.89105058e-04,
       1.94552529e-03, 1.55642023e-03, 0., 1.16731517e-03,
       3.89105058e-04, 1.94552529e-03, 0., 7.78210117e-04,
       1.16731517e-03, 0., 0., 1.94552529e-03, 1.16731517e-03,
       3.89105058e-04, 1.16731517e-03, 0., 1.16731517e-03,
       1.16731517e-03, 0., 3.89105058e-03, 7.78210117e-04,
       7.78210117e-04, 3.89105058e-04, 7.78210117e-04, 0.,
       7.78210117e-04, 1.16731517e-03, 7.78210117e-04, 1.55642023e-03,
       0., 7.78210117e-04, 0., 0., 0., 3.11284047e-03, 1.94552529e-03,
       0., 7.78210117e-04, 2.33463035e-03, 7.78210117e-04,
       1.94552529e-03, 1.16731517e-03, 2.33463035e-03, 2.33463035e-03,
       3.89105058e-04, 3.89105058e-04, 7.78210117e-04, 1.55642023e-03,
       5.05836587e-03, 2.72373529e-03, 0., 0., 7.78210117e-04,
       1.16731517e-03, 1.16731517e-03, 1.55642023e-03, 0.,
       1.16731517e-03, 2.33463035e-03, 0., 1.55642023e-03,
       1.94552529e-03, 1.16731517e-03, 0., 3.89105058e-04,
       5.83657576e-03, 2.33463035e-03, 1.94552529e-03, 7.78210117e-04,
       3.89105058e-04, 3.89105058e-04, 0., 0., 5.83657576e-03,
       3.89105058e-04, 1.16731517e-03, 2.33463035e-03, 3.89105058e-04,
       0., 6.61478611e-03, 7.78210117e-04, 1.16731517e-03, 0., 0.,
       7.78210117e-04, 3.11284047e-03, 1.16731517e-03, 3.11284047e-03,
       1.16731517e-03, 7.78210117e-04, 0., 4.66926070e-03,
