%YAML:1.0
m25n: !!opencv-matrix
   rows: 1
   cols: 800
   dt: f
   data: [ 3.97474878e-03, 3.03951371e-03, 3.97474878e-03,
       7.01426237e-04, 1.16904371e-03, 2.10427865e-03, 4.44236631e-03,
       9.35235003e-04, 7.01426237e-04, 0., 4.67617501e-04,
       2.10427865e-03, 9.35235003e-04, 1.63666124e-03, 3.74094001e-03,
       2.10427865e-03, 9.35235003e-04, 2.33808751e-04, 9.35235003e-04,
       7.01426237e-04, 7.01426237e-04, 7.01426237e-04, 2.57189618e-03,
       1.16904371e-03, 9.35235003e-04, 4.67617501e-04, 2.33808751e-04,
       2.33808751e-04, 1.63666124e-03, 4.67617501e-04, 2.57189618e-03,
       2.57189618e-03, 1.87047001e-03, 1.87047001e-03, 9.35235003e-04,
       5.37760137e-03, 9.35235003e-04, 1.87047001e-03, 1.63666124e-03,
       7.01426237e-04, 4.44236631e-03, 5.61140990e-03, 7.01426237e-04,
       9.35235003e-04, 1.87047001e-03, 1.63666124e-03, 1.63666124e-03,
       4.90998384e-03, 9.35235003e-04, 4.67617484e-03, 9.35235003e-04,
       1.87047001e-03, 2.33808751e-04, 1.16904371e-03, 2.33808751e-04,
       4.67617501e-04, 3.27332248e-03, 2.33808742e-03, 9.35235003e-04,
       4.67617501e-04, 1.16904371e-03, 1.16904371e-03, 9.35235003e-04,
       1.40285247e-03, 4.67617501e-04, 4.67617501e-04, 2.33808751e-04,
       7.01426237e-04, 1.16904371e-03, 1.63666124e-03, 1.40285247e-03,
       1.16904371e-03, 2.57189618e-03, 9.35235003e-04, 2.57189618e-03,
       7.01426237e-04, 1.87047001e-03, 7.01426237e-04, 1.63666124e-03,
       1.87047001e-03, 1.63666124e-03, 0., 1.16904371e-03,
       2.10427865e-03, 2.33808742e-03, 1.63666124e-03, 1.16904371e-03,
       3.74094001e-03, 4.67617501e-04, 2.33808751e-04, 4.67617501e-04,
       4.67617501e-04, 2.33808751e-04, 7.01426237e-04, 7.01426237e-04,
       1.63666124e-03, 3.03951371e-03, 9.35235003e-04, 4.67617501e-04,
       4.67617501e-04, 0., 2.57189618e-03, 2.33808742e-03,
       4.44236631e-03, 1.16904371e-03, 9.35235003e-04, 2.10427865e-03,
       3.03951371e-03, 1.63666124e-03, 4.67617501e-04, 1.63666124e-03,
       9.35235003e-04, 2.33808751e-04, 1.40285247e-03, 1.16904371e-03,
       7.01426237e-04, 1.40285247e-03, 9.35235003e-04, 1.63666124e-03,
       1.16904371e-03, 2.33808751e-04, 9.35235003e-04, 7.01426237e-04,
       1.40285247e-03, 1.40285247e-03, 2.33808751e-04, 1.16904371e-03,
       7.01426237e-04, 2.33808751e-04, 3.03951371e-03, 1.40285247e-03,
       3.97474878e-03, 9.35235003e-04, 1.16904371e-03, 7.01426237e-04,
       5.14379237e-03, 2.33808751e-04, 7.01426237e-04, 2.10427865e-03,
       4.67617501e-04, 2.33808751e-04, 3.03951371e-03, 4.67617501e-04,
       1.40285247e-03, 9.35235003e-04, 0., 1.87047001e-03, 0.,
       3.74094001e-03, 1.40285247e-03, 4.67617501e-04, 1.40285247e-03,
       7.01426237e-04, 1.87047001e-03, 2.33808751e-04, 7.01426237e-04,
       2.33808751e-04, 7.01426237e-04, 4.67617501e-04, 1.16904371e-03,
       1.16904371e-03, 4.67617501e-04, 4.67617501e-04, 1.40285247e-03,
       2.33808751e-04, 4.67617501e-04, 2.33808751e-04, 1.87047001e-03,
       2.33808751e-04, 4.67617501e-04, 1.63666124e-03, 1.63666124e-03,
       1.40285247e-03, 4.67617501e-04, 7.01426237e-04, 9.35235003e-04,
       1.16904371e-03, 0., 7.01426237e-04, 2.10427865e-03,
       3.27332248e-03, 4.20855731e-03, 3.03951371e-03, 3.27332248e-03,
       2.33808751e-04, 1.40285247e-03, 1.40285247e-03, 1.63666124e-03,
       1.16904371e-03, 0., 4.67617501e-04, 4.67617501e-04,
       9.35235003e-04, 4.67617501e-04, 7.01426237e-04, 7.01426237e-04,
       9.35235003e-04, 7.01426237e-04, 1.40285247e-03, 9.35235003e-04,
       1.40285247e-03, 7.01426237e-04, 1.30932899e-02, 9.35235003e-04,
       9.35235003e-04, 1.16904371e-03, 2.10427865e-03, 3.27332248e-03,
       4.67617501e-04, 2.57189618e-03, 9.35235003e-04, 2.33808751e-04,
       3.74094001e-03, 2.10427865e-03, 2.80570495e-03, 2.10427865e-03,
       7.01426237e-04, 7.01426237e-04, 7.01426237e-04, 1.63666124e-03,
       0., 1.63666124e-03, 9.35235003e-04, 1.16904371e-03,
       9.35235003e-04, 0., 9.35235003e-04, 1.16904371e-03,
       7.01426237e-04, 4.67617484e-03, 1.16904371e-03, 1.16904371e-03,
       7.01426237e-04, 4.67617501e-04, 7.01426237e-04, 9.35235003e-04,
       1.40285247e-03, 9.35235003e-04, 1.63666124e-03, 2.33808751e-04,
       1.16904371e-03, 9.35235003e-04, 7.01426237e-04, 1.16904371e-03,
       1.87047001e-03, 1.16904371e-03, 2.57189618e-03, 1.87047001e-03,
       4.67617501e-04, 9.35235003e-04, 1.63666124e-03, 4.67617501e-04,
       7.01426237e-04, 1.40285247e-03, 1.40285247e-03, 0.,
       2.33808742e-03, 2.10427865e-03, 4.67617501e-04, 2.10427865e-03,
       2.10427865e-03, 2.33808751e-04, 9.35235003e-04, 1.87047001e-03,
       7.01426237e-04, 7.01426237e-04, 1.40285247e-03, 2.10427865e-03,
       4.67617501e-04, 7.01426237e-04, 1.63666124e-03, 1.16904371e-03,
       7.01426237e-04, 0., 7.01426237e-04, 1.16904371e-03, 0.,
       5.14379237e-03, 1.16904371e-03, 7.01426237e-04, 4.90998384e-03,
       3.27332248e-03, 4.67617501e-04, 1.40285247e-03, 2.33808751e-04,
       9.35235003e-04, 9.35235003e-04, 2.33808751e-04, 2.33808751e-04,
       9.35235003e-04, 4.67617501e-04, 4.67617501e-04, 7.01426237e-04,
       0., 7.01426237e-04, 4.67617501e-04, 7.01426237e-04,
       1.40285247e-03, 0., 4.67617501e-04, 3.74094001e-03,
       4.67617501e-04, 1.40285247e-03, 1.40285247e-03, 4.67617501e-04,
       1.40285247e-03, 9.35235003e-04, 1.40285247e-03, 0.,
       3.03951371e-03, 1.87047001e-03, 7.01426237e-04, 9.35235003e-04,
       1.63666124e-03, 7.01426237e-04, 7.01426237e-04, 7.01426237e-04,
       7.01426237e-04, 9.35235003e-04, 1.40285247e-03, 0.,
       1.63666124e-03, 7.01426237e-04, 1.16904371e-03, 7.01426237e-04,
       3.03951371e-03, 2.33808751e-04, 9.35235003e-04, 4.67617501e-04,
       4.67617501e-04, 1.16904371e-03, 1.16904371e-03, 2.33808742e-03,
       1.16904371e-03, 9.35235003e-04, 2.33808751e-04, 2.33808751e-04,
       9.35235003e-04, 9.35235003e-04, 1.63666124e-03, 1.87047001e-03,
       7.01426237e-04, 1.40285247e-03, 1.87047001e-03, 7.01426237e-04,
       9.35235003e-04, 4.67617501e-04, 1.63666124e-03, 0.,
       7.01426237e-04, 2.33808751e-04, 7.01426237e-04, 1.63666124e-03,
       4.67617501e-04, 3.03951371e-03, 9.35235003e-04, 4.67617501e-04,
       7.01426237e-04, 1.16904371e-03, 1.40285247e-03, 4.67617501e-04,
       9.35235003e-04, 9.35235003e-04, 3.27332248e-03, 9.35235003e-04,
       1.63666124e-03, 4.67617501e-04, 7.01426237e-04, 0.,
       1.63666124e-03, 3.97474878e-03, 0., 2.10427865e-03, 0.,
       4.67617501e-04, 7.01426237e-04, 3.97474878e-03, 1.87047001e-03,
       3.74094001e-03, 7.01426237e-04, 1.16904371e-03, 1.63666124e-03,
       9.35235003e-04, 7.01426237e-04, 9.35235003e-04, 7.01426237e-04,
       1.63666124e-03, 2.33808751e-04, 2.80570495e-03, 7.01426237e-04,
       4.67617501e-04, 1.63666124e-03, 9.35235003e-04, 2.10427865e-03,
       7.01426237e-04, 2.57189618e-03, 1.40285247e-03, 1.40285247e-03,
       2.33808742e-03, 2.10427865e-03, 9.35235003e-04, 9.35235003e-04,
       4.67617501e-04, 1.63666124e-03, 2.33808751e-04, 4.67617501e-04,
       2.10427865e-03, 9.35235003e-04, 2.33808742e-03, 9.35235003e-04,
       1.87047001e-03, 1.40285247e-03, 9.35235003e-04, 2.33808742e-03,
       7.01426237e-04, 7.01426249e-03, 4.67617501e-04, 1.63666124e-03,
       1.87047001e-03, 4.67617501e-04, 9.35235003e-04, 2.10427865e-03,
       2.33808751e-04, 1.63666124e-03, 1.63666124e-03, 4.67617501e-04,
       1.16904371e-03, 9.35235003e-04, 1.16904371e-03, 0.,
       4.67617501e-04, 4.67617501e-04, 1.16904371e-03, 4.67617501e-04,
       1.16904371e-03, 4.67617501e-04, 1.16904371e-03, 4.67617501e-04,
       9.35235003e-04, 0., 0., 0., 2.33808751e-04, 1.87047001e-03,
       4.67617501e-04, 7.01426237e-04, 5.84521890e-03, 1.40285247e-03,
       9.35235003e-04, 1.16904371e-03, 0., 0., 9.35235003e-04,
       4.67617501e-04, 2.80570495e-03, 1.63666124e-03, 4.67617501e-04,
       4.67617501e-04, 1.87047001e-03, 7.01426237e-04, 4.67617501e-04,
       4.67617501e-04, 2.33808751e-04, 0., 9.35235003e-04,
