%YAML:1.0
m100n: !!opencv-matrix
   rows: 1
   cols: 800
   dt: f
   data: [ 4.06008941e-04, 0., 1.21802685e-03, 2.03004479e-03,
       1.21802685e-03, 0., 8.12017883e-04, 4.06008941e-04,
       4.06008941e-04, 8.12017883e-04, 2.43605371e-03, 1.21802685e-03,
       0., 2.03004479e-03, 8.12017883e-04, 4.06008941e-04,
       1.62403577e-03, 8.12017883e-04, 1.21802685e-03, 2.03004479e-03,
       1.21802685e-03, 2.43605371e-03, 1.21802685e-03, 5.68412524e-03,
       1.21802685e-03, 4.06008941e-04, 2.43605371e-03, 4.06008941e-04,
       1.62403577e-03, 2.84206262e-03, 2.84206262e-03, 2.03004479e-03,
       1.62403577e-03, 1.21802685e-03, 8.12017883e-04, 4.06008941e-04,
       8.12017883e-04, 8.12017883e-04, 2.03004479e-03, 0.,
       1.62403577e-03, 0., 4.06008941e-04, 8.12017883e-04,
       1.21802685e-03, 4.46609827e-03, 4.06008941e-04, 2.03004479e-03,
       0., 8.12017883e-04, 8.12017883e-04, 1.62403577e-03,
       1.62403577e-03, 4.06008941e-04, 4.06008941e-04, 4.06008941e-04,
       0., 2.43605371e-03, 1.21802685e-03, 8.12017883e-04,
       3.65408044e-03, 0., 0., 1.21802685e-03, 3.65408044e-03,
       4.06008941e-04, 8.12017883e-04, 4.06008941e-04, 8.12017883e-04,
       1.21802685e-03, 2.03004479e-03, 4.06008941e-04, 4.06008941e-04,
       8.12017883e-04, 1.62403577e-03, 1.62403577e-03, 6.90215221e-03,
       0., 1.62403577e-03, 2.43605371e-03, 1.21802685e-03,
       1.21802685e-03, 1.21802685e-03, 1.62403577e-03, 8.12017883e-04,
       4.06008941e-04, 8.12017883e-04, 1.21802685e-03, 8.12017883e-04,
       1.62403577e-03, 4.06008941e-04, 4.06008941e-04, 0., 0.,
       8.12017883e-04, 4.06008941e-04, 0., 2.03004479e-03,
       8.12017883e-04, 0., 1.21802685e-03, 8.12017883e-04,
       2.43605371e-03, 1.21802685e-03, 0., 3.24807153e-03,
       1.62403577e-03, 2.03004479e-03, 4.06008941e-04, 1.21802685e-03,
       5.68412524e-03, 1.21802685e-03, 2.43605371e-03, 0.,
       2.03004479e-03, 0., 1.62403577e-03, 1.21802685e-03,
       2.43605371e-03, 2.03004479e-03, 0., 4.06008941e-04,
       8.12017883e-04, 8.12017883e-04, 4.06008941e-04, 2.84206262e-03,
       4.06008941e-04, 4.06008941e-04, 3.24807153e-03, 0.,
       3.65408044e-03, 8.12017883e-04, 1.62403577e-03, 4.87210741e-03,
       1.21802685e-03, 1.62403577e-03, 1.21802685e-03, 1.62403577e-03,
       4.06008941e-04, 2.03004479e-03, 1.62403577e-03, 2.84206262e-03,
       8.12017883e-04, 8.12017883e-04, 8.12017883e-04, 0.,
       8.12017883e-04, 8.12017883e-04, 4.06008941e-04, 0.,
       2.43605371e-03, 0., 1.21802685e-03, 0., 3.24807153e-03, 0.,
       2.03004479e-03, 8.12017883e-04, 0., 4.06008941e-04,
       8.12017883e-04, 4.06008941e-04, 3.65408044e-03, 1.21802685e-03,
       8.12017883e-04, 4.06008941e-04, 4.06008941e-04, 1.62403577e-03,
       0., 1.21802685e-03, 4.06008941e-04, 2.03004479e-03,
       4.06008941e-04, 0., 2.84206262e-03, 4.87210741e-03,
       4.06008941e-04, 4.06008941e-04, 4.06008959e-03, 8.12017883e-04,
       1.21802685e-03, 8.12017883e-04, 0., 8.12017883e-04,
       8.12017883e-04, 0., 6.90215221e-03, 4.06008941e-04,
       4.06008959e-03, 1.21802685e-03, 2.43605371e-03, 8.12017883e-04,
       4.06008941e-04, 7.30816089e-03, 8.12017883e-04, 2.03004479e-03,
       1.21802685e-03, 1.62403577e-03, 4.06008941e-04, 7.30816089e-03,
       0., 1.21802685e-03, 0., 2.43605371e-03, 0., 8.12017883e-04,
       2.43605371e-03, 1.21802685e-03, 1.21802685e-03, 0.,
       8.12017883e-04, 2.43605371e-03, 4.06008941e-04, 3.24807153e-03,
       8.12017883e-04, 2.03004479e-03, 1.21802685e-03, 4.06008941e-04,
       1.21802685e-03, 8.12017883e-04, 4.06008941e-04, 0.,
       1.21802685e-03, 0., 8.12017883e-04, 4.06008941e-04,
       1.21802685e-03, 8.12017883e-04, 8.12017883e-04, 0.,
       1.21802685e-03, 4.06008941e-04, 4.06008941e-04, 3.24807153e-03,
       1.62403577e-03, 8.12017883e-04, 4.87210741e-03, 2.03004479e-03,
       1.21802685e-03, 0., 4.06008941e-04, 4.06008941e-04, 0.,
       1.62403577e-03, 8.12017883e-04, 1.21802685e-03, 0.,
       8.12017883e-04, 8.12017883e-04, 1.62403577e-03, 3.24807153e-03,
       8.12017883e-04, 5.27811609e-03, 4.06008941e-04, 5.68412524e-03,
       1.21802685e-03, 1.21802685e-03, 1.21802685e-03, 0.,
       2.84206262e-03, 8.12017883e-04, 4.06008941e-04, 0.,
       2.43605371e-03, 4.06008941e-04, 4.06008941e-04, 1.21802685e-03,
       0., 0., 1.62403577e-03, 2.03004479e-03, 4.06008941e-04,
       2.03004479e-03, 6.90215221e-03, 3.24807153e-03, 2.03004479e-03,
       1.21802685e-03, 8.12017883e-04, 4.06008941e-04, 2.43605371e-03,
       8.12017883e-04, 1.62403577e-03, 8.12017883e-04, 4.06008941e-04,
       1.21802685e-03, 0., 1.21802685e-03, 1.62403577e-03,
       4.06008941e-04, 4.06008959e-03, 5.68412524e-03, 8.12017883e-04,
       1.21802685e-03, 1.21802685e-03, 0., 2.43605371e-03,
       1.62403577e-03, 4.06008941e-04, 8.12017883e-04, 4.06008941e-04,
       8.12017883e-04, 0., 2.03004479e-03, 3.24807153e-03,
       1.21802685e-03, 0., 1.21802685e-03, 0., 1.21802685e-03,
       1.62403577e-03, 1.62403577e-03, 4.06008941e-04, 2.43605371e-03,
       0., 2.43605371e-03, 8.12017883e-04, 1.21802685e-03,
       2.03004479e-03, 1.21802685e-03, 0., 2.43605371e-03,
       4.06008941e-04, 4.06008941e-04, 0., 1.21802685e-03,
       4.06008941e-04, 8.12017883e-04, 0., 4.06008941e-04,
       2.03004479e-03, 1.21802685e-03, 2.03004479e-03, 1.62403577e-03,
       8.12017883e-04, 4.06008941e-04, 0., 0., 1.21802685e-03, 0.,
       1.62403577e-03, 2.43605371e-03, 1.62403577e-03, 8.12017883e-04,
       2.03004479e-03, 1.62403577e-03, 0., 0., 1.21802685e-03,
       2.03004479e-03, 0., 1.62403577e-03, 8.12017883e-04, 0.,
       2.43605371e-03, 0., 4.06008941e-04, 8.12017883e-04, 0., 0.,
       3.65408044e-03, 2.43605371e-03, 2.03004479e-03, 2.03004479e-03,
       4.06008941e-04, 2.84206262e-03, 3.65408044e-03, 1.21802685e-03,
       8.12017883e-04, 4.06008941e-04, 1.21802685e-03, 2.43605371e-03,
       8.12017883e-04, 0., 1.21802685e-03, 8.93219654e-03,
       8.12017883e-04, 4.06008941e-04, 4.46609827e-03, 1.62403577e-03,
       4.06008941e-04, 6.90215221e-03, 8.12017883e-04, 1.62403577e-03,
       1.21802685e-03, 8.12017883e-04, 4.06008941e-04, 8.12017883e-04,
       4.06008959e-03, 2.43605371e-03, 0., 8.12017883e-04,
       2.43605371e-03, 8.12017883e-04, 8.12017883e-04, 1.62403577e-03,
       0., 1.21802685e-03, 8.12017883e-04, 1.62403577e-03,
       1.21802685e-03, 8.12017883e-04, 8.12017883e-04, 1.21802685e-03,
       4.06008941e-04, 2.03004479e-03, 2.03004479e-03, 1.62403577e-03,
       8.12017883e-04, 1.21802685e-03, 0., 8.12017883e-04, 0.,
       4.06008941e-04, 1.21802685e-03, 0., 8.12017883e-04, 0.,
       3.65408044e-03, 0., 6.09013392e-03, 2.84206262e-03, 0.,
       1.62403577e-03, 4.06008941e-04, 1.21802685e-03, 2.84206262e-03,
       1.21802685e-03, 4.06008941e-04, 4.06008941e-04, 2.43605371e-03,
       1.62403577e-03, 0., 4.46609827e-03, 1.21802685e-03, 0.,
       8.12017883e-04, 4.06008941e-04, 8.12017883e-04, 8.12017883e-04,
       0., 4.06008941e-04, 0., 1.62403577e-03, 4.06008941e-04,
       2.43605371e-03, 0., 2.84206262e-03, 1.21802685e-03,
       8.12017883e-04, 2.43605371e-03, 4.06008941e-04, 8.12017883e-04,
       4.06008941e-04, 1.62403577e-03, 4.06008941e-04, 1.62403577e-03,
       0., 1.21802685e-03, 8.12017883e-04, 4.06008941e-04,
       8.12017883e-04, 0., 4.06008941e-04, 1.62403577e-03,
       8.12017883e-04, 8.12017883e-04, 0., 1.21802685e-03,
       4.06008941e-04, 3.24807153e-03, 0., 4.06008941e-04,
       3.65408044e-03, 0., 0., 1.62403577e-03, 4.06008941e-04,
       8.12017883e-04, 1.62403577e-03, 4.06008959e-03, 8.12017883e-04,
       4.06008941e-04, 0., 4.06008941e-04, 0., 0., 1.21802685e-03,
       8.12017883e-04, 0., 4.06008941e-04, 1.21802685e-03,
       2.84206262e-03, 4.06008941e-04, 0., 8.12017883e-04,
       5.68412524e-03, 4.06008941e-04, 8.12017883e-04, 0., 0.,
       1.21802685e-03, 0., 2.43605371e-03, 1.21802685e-03,
       1.21802685e-03, 5.68412524e-03, 5.27811609e-03, 8.12017883e-04,
