%YAML:1.0
m100n: !!opencv-matrix
   rows: 1
   cols: 800
   dt: f
   data: [ 6.54450268e-04, 2.94502615e-03, 4.58115200e-03,
       6.54450268e-04, 3.27225134e-04, 1.30890054e-03, 9.81675461e-04,
       3.27225134e-04, 0., 1.96335092e-03, 5.56282746e-03,
       5.23560215e-03, 9.81675461e-04, 3.27225134e-04, 1.63612561e-03,
       9.81675461e-04, 3.27225134e-04, 9.81675461e-04, 0., 0.,
       3.27225134e-04, 9.81675461e-04, 6.54450268e-04, 1.30890054e-03,
       4.74476442e-02, 1.30890054e-03, 6.54450268e-04, 6.54450268e-04,
       9.81675461e-04, 9.81675461e-04, 3.27225134e-04, 1.96335092e-03,
       1.30890054e-03, 0., 3.27225134e-04, 6.54450268e-04,
       6.54450268e-04, 9.81675461e-04, 0., 9.81675461e-04,
       1.96335092e-03, 6.54450268e-04, 9.81675461e-04, 1.96335092e-03,
       6.54450268e-04, 1.30890054e-03, 2.61780107e-03, 2.61780107e-03,
       9.81675461e-04, 2.61780107e-03, 1.30890054e-03, 6.54450268e-04,
       1.30890054e-03, 1.96335092e-03, 1.63612561e-03, 0.,
       2.61780107e-03, 0., 3.27225134e-04, 3.27225134e-04,
       3.27225134e-04, 1.63612561e-03, 1.96335092e-03, 6.54450268e-04,
       1.63612561e-03, 9.81675461e-04, 3.27225134e-04, 3.27225134e-04,
       3.27225134e-04, 3.27225123e-03, 2.61780107e-03, 9.81675461e-04,
       1.96335092e-03, 9.81675461e-04, 1.96335092e-03, 0.,
       6.54450268e-04, 9.81675461e-04, 0., 3.27225134e-04,
       6.54450268e-04, 3.27225134e-04, 3.27225134e-04, 0., 0.,
       4.25392669e-03, 9.81675461e-04, 2.29057600e-03, 1.63612561e-03,
       1.30890054e-03, 3.92670184e-03, 6.54450268e-04, 3.27225134e-04,
       9.81675461e-04, 6.54450268e-04, 9.81675461e-04, 3.27225134e-04,
       0., 3.27225134e-04, 1.63612561e-03, 9.81675461e-04,
       6.54450268e-04, 6.54450268e-04, 3.27225123e-03, 3.27225134e-04,
       6.54450268e-04, 3.27225134e-04, 6.54450268e-04, 6.54450268e-04,
       0., 1.30890054e-03, 9.81675461e-04, 9.81675461e-04, 0.,
       6.54450268e-04, 3.27225134e-04, 3.27225134e-04, 3.27225134e-04,
       8.50785337e-03, 9.81675461e-04, 1.63612561e-03, 9.81675461e-04,
       0., 6.54450268e-04, 9.81675461e-04, 9.81675461e-04,
       9.81675461e-04, 6.54450268e-04, 6.54450268e-04, 9.81675461e-04,
       1.30890054e-03, 3.92670184e-03, 1.96335092e-03, 9.81675461e-04,
       1.30890054e-03, 1.17801046e-02, 9.81675461e-04, 6.54450268e-04,
       3.27225134e-04, 1.63612561e-03, 2.61780107e-03, 2.61780107e-03,
       3.27225134e-04, 9.81675461e-04, 0., 1.96335092e-03, 0.,
       9.81675461e-04, 6.54450268e-04, 0., 3.27225134e-04,
       4.90837684e-03, 3.27225134e-04, 9.81675461e-04, 0.,
       3.27225134e-04, 0., 6.54450268e-04, 0., 0., 3.27225134e-04,
       3.27225134e-04, 6.54450268e-04, 3.27225134e-04, 9.81675461e-04,
       3.27225134e-04, 3.27225134e-04, 2.61780107e-03, 3.27225134e-04,
       6.54450268e-04, 3.27225134e-04, 0., 3.27225134e-04,
       3.27225134e-04, 9.81675461e-04, 3.27225134e-04, 1.30890054e-03,
       1.96335074e-02, 0., 2.29057600e-03, 1.30890054e-03,
       6.54450268e-04, 1.63612561e-03, 1.96335092e-03, 6.54450268e-04,
       1.30890054e-03, 3.27225134e-04, 1.30890054e-03, 3.27225134e-04,
       6.87172776e-03, 3.59947653e-03, 1.63612561e-03, 5.56282746e-03,
       3.27225134e-04, 0., 1.63612561e-03, 0., 0., 1.63612561e-03, 0.,
       1.30890054e-03, 4.58115200e-03, 9.16230399e-03, 3.92670184e-03,
       3.27225134e-04, 2.61780107e-03, 6.54450268e-04, 3.27225134e-04,
       3.59947653e-03, 1.63612561e-03, 6.54450268e-04, 3.27225134e-04,
       6.54450268e-04, 3.27225134e-04, 1.30890054e-03, 6.54450268e-04,
       6.54450268e-04, 1.30890054e-03, 1.96335092e-03, 6.54450268e-04,
       3.27225134e-04, 1.30890054e-03, 6.54450268e-04, 6.54450268e-04,
       3.27225134e-04, 3.27225134e-04, 3.27225134e-04, 6.54450268e-04,
       3.59947653e-03, 2.61780107e-03, 2.94502615e-03, 1.30890054e-03,
       6.54450268e-04, 9.81675461e-04, 2.29057600e-03, 6.54450268e-04,
       1.96335092e-03, 6.54450268e-04, 1.30890054e-03, 6.54450268e-04,
       3.27225134e-04, 5.56282746e-03, 1.30890054e-03, 5.23560215e-03,
       6.54450268e-04, 1.30890054e-03, 4.25392669e-03, 1.30890054e-03,
       1.96335092e-03, 1.30890054e-03, 1.30890054e-03, 6.54450268e-04,
       2.94502615e-03, 3.27225134e-04, 3.27225134e-04, 3.27225134e-04,
       0., 9.81675461e-04, 9.81675461e-04, 6.54450268e-04,
       3.27225134e-04, 1.30890054e-03, 0., 2.29057600e-03,
       1.30890054e-03, 3.27225134e-04, 6.54450268e-04, 5.56282746e-03,
       3.27225134e-04, 9.81675461e-04, 4.25392669e-03, 6.54450268e-04,
       9.81675461e-04, 9.81675461e-04, 3.27225134e-04, 1.30890054e-03,
       0., 4.25392669e-03, 3.27225123e-03, 6.54450268e-04,
       6.21727761e-03, 1.30890054e-03, 1.30890054e-03, 6.54450268e-04,
       9.81675461e-04, 3.27225134e-04, 2.94502615e-03, 3.27225134e-04,
       6.54450268e-04, 3.27225134e-04, 3.27225134e-04, 3.27225134e-04,
       3.27225134e-04, 9.81675461e-04, 3.27225134e-04, 9.81675461e-04,
       0., 0., 6.54450268e-04, 6.54450268e-04, 1.30890054e-03,
       2.61780107e-03, 6.54450268e-04, 3.27225134e-04, 3.27225134e-04,
       3.27225134e-04, 3.27225134e-04, 2.94502615e-03, 6.54450268e-04,
       3.27225134e-04, 1.63612561e-03, 6.54450268e-04, 4.90837684e-03,
       2.61780107e-03, 1.30890054e-03, 2.29057600e-03, 9.81675461e-04,
       3.27225134e-04, 6.54450268e-04, 9.81675461e-04, 9.81675461e-04,
       3.27225134e-04, 1.63612561e-03, 9.81675461e-04, 1.30890054e-03,
       1.30890054e-03, 0., 3.92670184e-03, 0., 3.27225134e-04,
       3.27225134e-04, 0., 5.89005230e-03, 3.59947653e-03,
       9.81675461e-04, 9.81675461e-04, 0., 3.27225134e-04,
       9.81675461e-04, 9.81675461e-04, 5.23560215e-03, 0.,
       1.63612561e-03, 9.81675461e-04, 2.61780107e-03, 3.27225134e-04,
       6.54450268e-04, 6.54450268e-04, 0., 1.30890054e-03, 0.,
       6.54450268e-04, 1.30890054e-03, 0., 9.81675461e-04,
       3.27225134e-04, 0., 9.81675461e-04, 3.27225134e-04,
       3.59947653e-03, 3.27225134e-04, 3.27225134e-04, 0.,
       6.54450268e-04, 1.30890054e-03, 9.81675461e-04, 3.27225134e-04,
       6.54450268e-04, 6.87172776e-03, 0., 2.61780107e-03,
       6.54450268e-04, 3.27225134e-04, 9.81675461e-04, 3.27225134e-04,
       3.27225134e-04, 9.81675461e-04, 6.54450268e-04, 1.30890054e-03,
       9.81675461e-04, 1.30890054e-03, 1.30890054e-03, 0.,
       3.27225134e-04, 6.54450268e-04, 1.30890054e-03, 9.81675461e-04,
       3.59947653e-03, 3.59947653e-03, 1.63612561e-03, 1.63612561e-03,
       4.25392669e-03, 3.27225134e-04, 1.63612561e-03, 0.,
       6.54450268e-04, 4.25392669e-03, 9.81675461e-04, 1.96335092e-03,
       6.54450268e-04, 0., 6.54450268e-04, 3.27225134e-04,
       1.96335092e-03, 6.54450268e-04, 3.27225134e-04, 1.96335092e-03,
       0., 2.61780107e-03, 6.54450268e-04, 6.21727761e-03,
       9.81675461e-04, 6.54450268e-04, 9.81675461e-04, 0.,
       4.25392669e-03, 6.54450268e-04, 6.54450268e-04, 1.30890054e-03,
       3.27225134e-04, 6.21727761e-03, 3.27225134e-04, 3.27225134e-04,
       3.92670184e-03, 1.63612561e-03, 6.54450268e-04, 6.54450268e-04,
       3.27225134e-04, 2.94502615e-03, 3.27225134e-04, 1.63612561e-03,
       3.27225134e-04, 1.96335092e-03, 3.27225134e-04, 6.54450268e-04,
       0., 3.27225134e-04, 6.54450268e-04, 0., 0., 3.27225134e-04,
       3.27225134e-04, 0., 9.81675461e-04, 1.63612561e-03,
       3.27225134e-04, 2.29057600e-03, 0., 0., 1.30890054e-03,
       3.27225134e-04, 3.92670184e-03, 6.54450268e-04, 2.61780107e-03,
       6.54450268e-04, 2.61780107e-03, 3.27225134e-04, 3.27225134e-04,
       3.27225134e-04, 1.30890054e-03, 3.27225134e-04, 0.,
       1.96335092e-03, 3.27225134e-04, 1.30890054e-03, 6.54450268e-04,
       0., 1.30890054e-03, 2.29057600e-03, 6.54450268e-04,
       1.96335092e-03, 3.27225134e-04, 0., 1.30890054e-03,
       6.54450268e-04, 6.54450268e-04, 6.54450268e-04, 9.81675461e-04,
       1.96335092e-03, 1.30890054e-03, 9.81675461e-04, 9.81675461e-04,
       1.96335092e-03, 1.63612561e-03, 6.54450268e-04, 1.96335092e-03,
