%YAML:1.0
m100n: !!opencv-matrix
   rows: 1
   cols: 200
   dt: f
   data: [ 3.49362916e-03, 2.46609119e-03, 1.00698723e-02,
       4.31565987e-03, 9.86436475e-03, 1.04808882e-02, 5.95972035e-03,
       2.67159892e-03, 4.31565987e-03, 9.86436475e-03, 3.08261416e-03,
       1.02753798e-03, 1.84956845e-03, 8.01479630e-03, 1.64406083e-03,
       4.72667487e-03, 1.00698723e-02, 2.67159892e-03, 2.46609119e-03,
       2.05507595e-03, 4.11015190e-03, 8.83682724e-03, 4.72667487e-03,
       5.34319784e-03, 4.52116737e-03, 4.11015190e-03, 6.16522797e-04,
       4.72667487e-03, 5.95972035e-03, 2.26058369e-03, 3.08261416e-03,
       6.16522832e-03, 3.08261416e-03, 5.75421285e-03, 6.16522832e-03,
       7.39827380e-03, 3.08261416e-03, 1.33579941e-02, 2.46609119e-03,
       8.83682724e-03, 4.31565987e-03, 1.23304559e-03, 1.23304559e-03,
       4.52116737e-03, 2.46609119e-03, 4.11015190e-03, 3.28812166e-03,
       1.33579941e-02, 1.84956845e-03, 2.46609119e-03, 2.05507595e-03,
       4.11015190e-03, 1.84956845e-03, 5.75421285e-03, 6.98725833e-03,
       3.08261416e-03, 2.87710642e-03, 1.06863957e-02, 2.26058369e-03,
       1.27414716e-02, 5.95972035e-03, 4.52116737e-03, 6.16522832e-03,
       2.05507595e-03, 5.13768988e-03, 6.16522797e-04, 6.98725833e-03,
       3.12371552e-02, 1.19194407e-02, 5.95972035e-03, 9.04233474e-03,
       4.72667487e-03, 4.11015190e-03, 3.08261416e-03, 4.11015190e-03,
       6.57624332e-03, 7.80928880e-03, 4.31565987e-03, 4.52116737e-03,
       2.05507595e-03, 1.68516226e-02, 5.13768988e-03, 2.67159892e-03,
       8.01479630e-03, 8.22030380e-03, 3.49362916e-03, 7.80928880e-03,
       1.06863957e-02, 2.26058369e-03, 3.69913690e-03, 2.87710642e-03,
       2.05507595e-03, 1.84956845e-03, 1.64406083e-03, 7.19276629e-03,
       2.87710642e-03, 1.17139332e-02, 5.75421285e-03, 4.72667487e-03,
       2.87710642e-03, 4.11015190e-03, 1.02753798e-03, 5.54870535e-03,
       2.50719283e-02, 8.63131974e-03, 6.16522797e-04, 8.42581131e-03,
       1.84956845e-03, 5.13768988e-03, 3.69913690e-03, 2.46609119e-03,
       2.87710642e-03, 8.22030380e-03, 1.84956845e-03, 4.52116737e-03,
       1.84956845e-03, 3.49362916e-03, 4.52116737e-03, 2.46609119e-03,
       4.52116737e-03, 3.08261416e-03, 1.64406083e-03, 3.49362916e-03,
       3.08261416e-03, 1.84956845e-03, 1.64406083e-03, 3.08261416e-03,
       3.08261416e-03, 8.42581131e-03, 1.29469791e-02, 2.67159892e-03,
       3.28812166e-03, 8.83682724e-03, 3.08261416e-03, 2.46609119e-03,
       7.60378130e-03, 1.37690092e-02, 1.64406083e-03, 4.72667487e-03,
       3.08261416e-03, 8.22030380e-03, 3.08261416e-03, 2.46609119e-03,
       2.67159892e-03, 5.54870535e-03, 2.87710642e-03, 4.31565987e-03,
       1.91122070e-02, 2.26058369e-03, 2.05507595e-03, 3.49362916e-03,
       3.08261416e-03, 2.87710642e-03, 1.84956845e-03, 4.52116737e-03,
       3.49362916e-03, 2.05507595e-03, 5.13768988e-03, 3.28812166e-03,
       3.49362916e-03, 1.43855321e-03, 8.83682724e-03, 2.46609119e-03,
       4.31565987e-03, 6.98725833e-03, 4.31565987e-03, 3.90464440e-03,
       3.08261416e-03, 7.39827380e-03, 4.11015190e-03, 2.26058369e-03,
       7.39827380e-03, 4.93218238e-03, 8.42581131e-03, 4.93218238e-03,
       2.87710642e-03, 3.28812166e-03, 2.26058369e-03, 4.52116737e-03,
       2.05507595e-03, 3.90464440e-03, 3.69913690e-03, 1.17139332e-02,
       4.11015190e-03, 1.64406083e-03, 2.67159892e-03, 4.31565987e-03,
       5.34319784e-03, 3.28812166e-03, 1.84956845e-03, 3.08261416e-03,
       6.16522832e-03, 3.90464440e-03, 6.98725833e-03, 8.42581131e-03,
       3.28812166e-03, 2.26058369e-03, 5.13768988e-03, 5.75421285e-03,
       2.05507595e-03 ]
