%YAML:1.0
m100n: !!opencv-matrix
   rows: 1
   cols: 800
   dt: f
   data: [ 4.11015208e-04, 1.23304559e-03, 4.52116737e-03,
       1.43855321e-03, 8.22030415e-04, 1.64406083e-03, 2.05507604e-04,
       1.02753798e-03, 2.46609119e-03, 1.84956845e-03, 1.43855321e-03,
       1.23304559e-03, 4.11015208e-04, 2.05507595e-03, 2.05507604e-04,
       6.16522797e-04, 1.02753798e-03, 0., 6.16522797e-04,
       1.02753798e-03, 8.22030415e-04, 2.46609119e-03, 1.84956845e-03,
       1.43855321e-03, 1.02753798e-03, 1.02753798e-03, 0.,
       1.02753798e-03, 4.11015208e-04, 6.16522797e-04, 1.02753798e-03,
       6.16522797e-04, 6.16522797e-04, 3.69913690e-03, 3.69913690e-03,
       1.43855321e-03, 0., 7.60378130e-03, 8.22030415e-04,
       2.46609119e-03, 1.02753798e-03, 2.05507604e-04, 4.11015208e-04,
       4.11015208e-04, 4.11015208e-04, 1.02753798e-03, 4.11015208e-04,
       1.84956845e-03, 2.05507604e-04, 4.11015208e-04, 1.02753798e-03,
       1.84956845e-03, 8.22030415e-04, 2.67159892e-03, 1.84956845e-03,
       1.02753798e-03, 1.02753798e-03, 1.43855321e-03, 0.,
       1.23304559e-03, 2.05507595e-03, 8.22030415e-04, 1.02753798e-03,
       8.22030415e-04, 1.02753798e-03, 2.05507604e-04, 3.69913690e-03,
       3.08261416e-03, 5.95972035e-03, 1.43855321e-03, 6.16522797e-04,
       2.05507595e-03, 8.22030415e-04, 4.11015208e-04, 8.22030415e-04,
       4.11015208e-04, 3.28812166e-03, 6.98725833e-03, 1.43855321e-03,
       0., 1.25359641e-02, 6.16522797e-04, 1.43855321e-03,
       1.43855321e-03, 4.11015190e-03, 8.22030415e-04, 1.84956845e-03,
       4.93218238e-03, 4.11015208e-04, 1.02753798e-03, 1.02753798e-03,
       2.05507604e-04, 0., 1.64406083e-03, 4.31565987e-03,
       1.43855321e-03, 1.23304559e-03, 1.84956845e-03, 1.43855321e-03,
       4.11015208e-04, 6.16522797e-04, 4.11015208e-04, 2.87710642e-03,
       7.60378130e-03, 8.22030415e-04, 0., 1.02753798e-03, 0.,
       1.43855321e-03, 1.84956845e-03, 6.16522797e-04, 1.43855321e-03,
       1.84956845e-03, 4.11015208e-04, 4.11015208e-04, 2.05507604e-04,
       6.16522797e-04, 1.02753798e-03, 4.11015208e-04, 4.11015208e-04,
       1.43855321e-03, 4.11015208e-04, 1.02753798e-03, 1.02753798e-03,
       8.22030415e-04, 2.05507604e-04, 2.05507604e-04, 4.11015208e-04,
       3.49362916e-03, 3.28812166e-03, 1.23304559e-03, 6.16522797e-04,
       4.11015190e-03, 1.43855321e-03, 1.02753798e-03, 3.49362916e-03,
       3.49362916e-03, 0., 8.22030415e-04, 1.64406083e-03,
       1.43855321e-03, 8.22030415e-04, 1.02753798e-03, 1.23304559e-03,
       4.11015208e-04, 2.05507604e-04, 4.11015208e-04, 4.11015208e-04,
       1.43855321e-03, 6.16522797e-04, 6.16522797e-04, 1.02753798e-03,
       4.11015208e-04, 8.22030415e-04, 1.02753798e-03, 6.16522797e-04,
       1.02753798e-03, 6.16522797e-04, 2.05507604e-04, 1.43855321e-03,
       2.05507604e-04, 4.11015190e-03, 4.11015208e-04, 1.02753798e-03,
       8.22030415e-04, 2.46609119e-03, 1.23304559e-03, 6.16522797e-04,
       8.22030415e-04, 1.23304559e-03, 1.84956845e-03, 6.16522797e-04,
       6.16522797e-04, 1.64406083e-03, 1.64406083e-03, 1.43855321e-03,
       6.16522797e-04, 6.16522797e-04, 1.23304559e-03, 8.22030415e-04,
       1.02753798e-03, 2.05507604e-04, 2.05507604e-04, 1.02753798e-03,
       0., 4.11015208e-04, 3.69913690e-03, 0., 1.43855321e-03,
       8.22030415e-04, 6.16522797e-04, 8.22030415e-04, 4.11015208e-04,
       1.23304559e-03, 3.49362916e-03, 2.05507604e-04, 4.11015208e-04,
       2.05507604e-04, 2.05507595e-03, 1.02753798e-03, 5.34319784e-03,
       2.05507604e-04, 1.43855321e-03, 6.16522797e-04, 1.43855321e-03,
       1.02753798e-03, 2.26058369e-03, 8.22030415e-04, 1.43855321e-03,
       2.05507595e-03, 0., 1.23304559e-03, 1.02753798e-03,
       6.16522797e-04, 4.11015208e-04, 4.11015208e-04, 4.11015208e-04,
       1.43855321e-03, 4.11015208e-04, 1.64406083e-03, 1.84956845e-03,
       1.43855321e-03, 2.05507604e-04, 3.08261416e-03, 1.64406083e-03,
       2.05507604e-04, 5.13768988e-03, 8.22030415e-04, 1.43855321e-03,
       0., 1.02753798e-03, 2.67159892e-03, 6.16522797e-04,
       2.05507595e-03, 2.05507604e-04, 1.23304559e-03, 1.23304559e-03,
       1.23304559e-03, 6.16522797e-04, 2.05507604e-04, 8.22030415e-04,
       4.11015208e-04, 2.67159892e-03, 1.02753798e-03, 8.22030415e-04,
       8.22030415e-04, 8.22030415e-04, 2.05507604e-04, 1.23304559e-03,
       2.26058369e-03, 4.11015208e-04, 6.16522797e-04, 6.16522797e-04,
       6.16522797e-04, 1.84956845e-03, 8.22030415e-04, 1.23304559e-03,
       2.05507604e-04, 4.11015208e-04, 8.22030415e-04, 0.,
       1.43855321e-03, 1.64406083e-03, 2.05507604e-04, 1.84956845e-03,
       3.49362916e-03, 3.28812166e-03, 4.11015208e-04, 3.08261416e-03,
       6.16522797e-04, 6.16522797e-04, 6.16522797e-04, 1.43855321e-03,
       4.11015208e-04, 1.43855321e-03, 4.11015208e-04, 1.23304559e-03,
       1.02753798e-03, 0., 6.16522797e-04, 3.69913690e-03,
       2.05507604e-04, 2.05507604e-04, 1.43855321e-03, 1.84956845e-03,
       4.11015208e-04, 0., 2.05507604e-04, 1.23304559e-03,
       4.11015208e-04, 1.23304559e-03, 1.02753798e-03, 1.43855321e-03,
       3.49362916e-03, 2.05507595e-03, 3.49362916e-03, 8.22030415e-04,
       4.11015208e-04, 6.16522832e-03, 2.05507604e-04, 1.43855321e-03,
       8.22030415e-04, 6.16522797e-04, 4.11015208e-04, 4.11015208e-04,
       0., 2.05507604e-04, 8.22030415e-04, 2.05507604e-04,
       6.16522797e-04, 1.43855321e-03, 6.16522797e-04, 4.11015208e-04,
       2.05507604e-04, 1.43855321e-03, 1.43855321e-03, 4.11015208e-04,
       2.67159892e-03, 1.64406083e-03, 4.11015208e-04, 4.11015208e-04,
       8.22030415e-04, 2.67159892e-03, 2.05507604e-04, 2.26058369e-03,
       6.16522797e-04, 6.16522797e-04, 8.22030415e-04, 8.22030415e-04,
       6.16522797e-04, 6.16522797e-04, 1.64406083e-03, 6.16522797e-04,
       1.02753798e-03, 6.16522797e-04, 2.05507595e-03, 1.43855321e-03,
       3.08261416e-03, 6.16522797e-04, 2.46609119e-03, 1.43855321e-03,
       6.16522797e-04, 8.22030415e-04, 8.22030415e-04, 1.23304559e-03,
       2.05507604e-04, 8.22030415e-04, 2.05507595e-03, 4.11015208e-04,
       2.05507604e-04, 1.43855321e-03, 8.22030415e-04, 1.64406083e-03,
       1.64406083e-03, 1.84956845e-03, 1.43855321e-03, 0.,
       1.43855321e-03, 6.16522797e-04, 3.49362916e-03, 1.43855321e-03,
       2.05507604e-04, 1.84956845e-03, 6.16522797e-04, 2.05507604e-04,
       2.05507595e-03, 8.22030415e-04, 1.43855321e-03, 1.43855321e-03,
       6.16522797e-04, 0., 4.11015208e-04, 6.16522797e-04,
       2.67159892e-03, 0., 6.16522797e-04, 8.22030415e-04,
       2.26058369e-03, 4.31565987e-03, 1.64406083e-03, 1.64406083e-03,
       6.16522797e-04, 1.43855321e-03, 4.11015208e-04, 2.05507604e-04,
       5.13768988e-03, 6.16522797e-04, 4.11015208e-04, 2.05507604e-04,
       6.16522797e-04, 1.02753798e-03, 2.05507604e-04, 4.11015208e-04,
       8.22030415e-04, 1.02753798e-03, 6.16522797e-04, 1.64406083e-03,
       6.16522797e-04, 4.11015208e-04, 8.22030415e-04, 8.22030415e-04,
       6.16522797e-04, 6.16522797e-04, 1.02753798e-03, 1.23304559e-03,
       4.11015208e-04, 4.11015208e-04, 1.84956845e-03, 1.02753798e-03,
       6.16522797e-04, 2.05507604e-04, 2.05507595e-03, 6.16522797e-04,
       2.46609119e-03, 3.49362916e-03, 6.16522797e-04, 4.11015208e-04,
       1.02753798e-03, 8.22030415e-04, 1.23304559e-03, 6.16522797e-04,
       1.02753798e-03, 1.04808882e-02, 2.05507604e-04, 1.23304559e-03,
       1.02753798e-03, 4.11015208e-04, 2.05507604e-04, 8.22030415e-04,
       2.05507604e-04, 2.67159892e-03, 2.26058369e-03, 2.05507604e-04,
       1.43855321e-03, 4.11015208e-04, 1.23304559e-03, 1.43855321e-03,
       2.05507604e-04, 8.22030415e-04, 8.22030415e-04, 4.11015208e-04,
       1.02753798e-03, 0., 1.23304559e-03, 2.26058369e-03,
       1.02753798e-03, 3.90464440e-03, 4.11015208e-04, 4.11015208e-04,
       1.23304559e-03, 2.67159892e-03, 1.43855321e-03, 1.02753798e-03,
       1.43855321e-03, 4.11015208e-04, 2.05507595e-03, 6.16522797e-04,
       4.11015208e-04, 1.02753798e-03, 2.05507604e-04, 2.26058369e-03,
