%YAML:1.0
m100n: !!opencv-matrix
   rows: 1
   cols: 800
   dt: f
   data: [ 9.09504306e-04, 4.09276923e-03, 4.54752153e-04,
       4.54752153e-04, 4.54752153e-04, 4.54752153e-04, 9.09504306e-04,
       9.09504306e-04, 0., 1.81900861e-03, 4.54752153e-04,
       4.54752153e-04, 0., 1.36425649e-03, 9.09504306e-04,
       9.09504306e-04, 0., 3.63801722e-03, 1.81900861e-03,
       9.09504306e-04, 4.54752153e-04, 4.54752153e-04, 4.54752153e-04,
       1.36425649e-03, 4.54752153e-04, 1.81900861e-03, 1.81900861e-03,
       9.09504306e-04, 3.63801722e-03, 4.54752153e-04, 4.54752153e-04,
       0., 1.81900861e-03, 3.18326498e-03, 4.54752153e-04, 0.,
       1.36425649e-03, 5.45702595e-03, 1.36425649e-03, 4.54752153e-04,
       4.54752153e-04, 0., 4.54752153e-04, 3.18326498e-03,
       1.81900861e-03, 0., 5.91177819e-03, 0., 0., 9.09504306e-04,
       1.81900861e-03, 0., 0., 1.81900861e-03, 3.18326498e-03,
       4.54752153e-04, 9.09504306e-04, 1.36425649e-03, 2.27376074e-03,
       1.81900861e-03, 1.81900861e-03, 4.54752153e-04, 1.81900861e-03,
       4.54752153e-04, 4.54752153e-04, 1.36425649e-03, 9.09504306e-04,
       0., 1.36425649e-03, 4.54752153e-04, 2.72851298e-03, 0.,
       4.54752153e-04, 4.54752153e-04, 1.81900861e-03, 9.09504306e-04,
       1.36425649e-03, 9.09504306e-04, 9.09504306e-04, 0., 0., 0.,
       3.27421539e-02, 4.54752153e-04, 0., 0., 4.54752153e-04,
       3.63801722e-03, 0., 0., 9.54979565e-03, 1.72805823e-02,
       1.36425649e-03, 0., 4.54752153e-04, 0., 0., 2.27376074e-03,
       4.09276923e-03, 0., 1.81900861e-03, 9.09504306e-04, 0., 0.,
       4.09276923e-03, 9.09504306e-04, 4.54752153e-04, 0.,
       4.54752153e-04, 9.09504306e-04, 5.91177819e-03, 4.54752153e-04,
       9.09504306e-04, 1.36425649e-03, 1.36425649e-03, 9.09504306e-04,
       0., 9.09504306e-04, 0., 9.09504306e-04, 4.09276923e-03,
       3.63801722e-03, 4.54752153e-04, 4.54752153e-04, 0.,
       9.09504306e-04, 9.09504306e-04, 0., 0., 4.54752153e-04, 0.,
       2.27376074e-03, 0., 5.91177819e-03, 9.09504306e-04,
       3.18326498e-03, 1.36425649e-03, 9.09504306e-04, 0., 0., 0.,
       3.18326498e-03, 9.09504306e-04, 0., 1.36425649e-03,
       3.63801722e-03, 0., 0., 9.09504306e-04, 9.09504306e-04,
       4.54752153e-04, 0., 9.09504306e-04, 9.09504306e-04,
       4.54752153e-04, 9.09504306e-04, 4.54752153e-04, 3.63801722e-03,
       4.54752153e-04, 0., 1.36425649e-03, 4.54752153e-04, 0., 0.,
       3.18326498e-03, 0., 1.36425649e-03, 2.27376074e-03,
       3.63801722e-03, 1.36425649e-03, 2.27376074e-03, 0.,
       4.54752153e-04, 2.27376074e-03, 1.36425649e-03, 4.54752153e-04,
       0., 1.36425649e-03, 1.81900861e-03, 2.27376074e-03,
       4.54752153e-04, 9.09504306e-04, 0., 4.54752153e-04,
       5.45702595e-03, 2.27376074e-03, 4.54752153e-04, 0., 0.,
       9.09504306e-04, 1.81900861e-03, 6.36652997e-03, 4.54752153e-04,
       0., 0., 6.82128221e-03, 0., 1.81900861e-03, 4.54752153e-04, 0.,
       1.81900861e-03, 1.81900861e-03, 4.54752153e-04, 1.81900861e-03,
       4.54752153e-04, 5.91177819e-03, 2.27376074e-03, 3.18326498e-03,
       0., 0., 0., 9.09504306e-04, 9.09504306e-04, 2.27376074e-03,
       4.54752153e-04, 1.81900861e-03, 4.54752153e-04, 2.72851298e-03,
       4.54752147e-03, 1.81900861e-03, 4.54752153e-04, 4.54752153e-04,
       2.27376074e-03, 1.36425649e-03, 4.54752153e-04, 4.54752153e-04,
       3.18326498e-03, 9.09504306e-04, 0., 0., 4.54752153e-04,
       4.09276923e-03, 4.54752153e-04, 4.54752153e-04, 1.36425649e-03,
       9.09504306e-04, 9.09504306e-04, 4.54752153e-04, 2.72851298e-03,
       4.54752153e-04, 5.45702595e-03, 0., 0., 1.36425649e-03,
       1.04592992e-02, 0., 2.27376074e-03, 4.54752153e-04,
       1.36425649e-03, 1.36425649e-03, 1.36425649e-03, 0., 0.,
       9.09504306e-04, 0., 3.63801722e-03, 5.45702595e-03,
       6.82128221e-03, 9.09504306e-04, 0., 9.09504306e-04,
       9.09504306e-04, 3.63801722e-03, 9.09504306e-04, 4.54752153e-04,
       0., 3.63801722e-03, 0., 9.09504306e-04, 1.36425649e-03,
       4.54752153e-04, 9.09504306e-04, 0., 4.54752153e-04,
       2.27376074e-03, 0., 0., 1.81900861e-03, 1.36425649e-03,
       3.63801722e-03, 0., 0., 0., 1.36425649e-03, 4.54752153e-04,
       4.54752153e-04, 6.36652997e-03, 1.36425649e-03, 2.27376074e-03,
       4.54752153e-04, 0., 1.81900861e-03, 4.54752153e-04,
       3.63801722e-03, 9.09504306e-04, 0., 4.54752153e-04,
       4.54752153e-04, 4.54752153e-04, 0., 1.36425649e-03, 0.,
       9.09504306e-04, 1.81900861e-03, 1.81900861e-03, 0., 0., 0., 0.,
       1.81900861e-03, 4.54752153e-04, 1.81900861e-03, 0.,
       5.00227371e-03, 3.18326498e-03, 1.36425649e-03, 1.81900861e-03,
       2.72851298e-03, 8.18553846e-03, 4.54752153e-04, 1.36425649e-03,
       9.09504306e-04, 9.09504306e-04, 1.36425649e-03, 4.54752153e-04,
       4.54752153e-04, 0., 0., 4.54752153e-04, 9.09504306e-04,
       4.54752153e-04, 2.72851298e-03, 0., 4.54752153e-04,
       4.54752153e-04, 4.54752153e-04, 4.54752153e-04, 4.54752153e-04,
       9.09504306e-04, 0., 4.54752153e-04, 1.36425649e-03, 0.,
       4.54752153e-04, 1.36425649e-03, 0., 9.09504306e-04,
       1.36425649e-03, 0., 0., 1.36425649e-03, 4.54752153e-04,
       3.18326498e-03, 0., 4.54752153e-04, 2.72851298e-03,
       9.09504306e-04, 9.09504306e-04, 4.54752153e-04, 2.27376074e-03,
       0., 4.54752153e-04, 0., 9.09504306e-04, 2.27376074e-03, 0.,
       9.09504306e-04, 1.36425649e-03, 1.36425649e-03, 0., 0., 0.,
       1.36425649e-03, 0., 9.09504306e-04, 0., 0., 2.27376074e-03, 0.,
       0., 1.81900861e-03, 0., 3.63801722e-03, 0., 0., 4.54752153e-04,
       0., 4.54752153e-04, 9.09504306e-04, 0., 3.18326498e-03,
       4.54752153e-04, 9.09504306e-04, 0., 9.09504306e-04, 0.,
       2.72851298e-03, 9.09504306e-04, 4.54752153e-04, 0., 0., 0.,
       1.81900861e-03, 0., 4.54752153e-04, 1.36425649e-03,
       4.54752153e-04, 0., 0., 1.36425649e-03, 4.54752153e-04,
       9.09504306e-04, 0., 4.54752153e-04, 9.09504306e-04, 0., 0.,
       9.09504306e-04, 0., 4.54752153e-04, 9.09504306e-04,
       9.09504306e-04, 0., 4.54752153e-04, 1.81900861e-03, 0., 0.,
       1.36425649e-03, 0., 4.54752153e-04, 0., 0., 0., 4.54752153e-04,
       1.36425649e-03, 1.36425649e-03, 0., 1.36425649e-03,
       4.54752153e-04, 4.54752153e-04, 2.27376074e-03, 6.36652997e-03,
       9.09504306e-04, 1.36425649e-03, 1.81900861e-03, 1.36425649e-03,
       9.09504306e-04, 9.09504306e-04, 9.09504306e-04, 9.09504306e-04,
       0., 0., 4.54752153e-04, 3.18326498e-03, 9.09504306e-04,
       4.54752153e-04, 0., 2.27376074e-03, 1.81900861e-03, 0., 0.,
       9.09504306e-04, 9.09504306e-04, 0., 4.54752153e-04,
       4.54752153e-04, 4.54752153e-04, 0., 8.18553846e-03,
       4.54752153e-04, 0., 2.72851298e-03, 4.54752153e-04,
       9.09504306e-04, 3.18326498e-03, 2.72851298e-03, 9.09504306e-04,
       9.09504306e-04, 0., 1.81900861e-03, 9.09504306e-04,
       1.81900861e-03, 4.54752153e-04, 1.36425649e-03, 0.,
       4.54752153e-04, 0., 0., 1.81900861e-03, 1.81900861e-03,
       9.09504306e-04, 1.81900861e-03, 4.54752153e-04, 9.09504306e-04,
       4.54752153e-04, 4.54752153e-04, 9.09504306e-04, 1.36425649e-03,
       9.09504306e-04, 1.36425649e-03, 9.09504306e-04, 1.81900861e-03,
       0., 4.54752153e-04, 1.81900861e-03, 1.81900861e-03,
       4.54752153e-04, 0., 0., 3.18326498e-03, 4.54752153e-04, 0.,
       4.54752153e-04, 4.54752153e-04, 1.36425649e-03, 9.54979565e-03,
       1.81900861e-03, 9.09504306e-04, 1.36425649e-03, 2.72851298e-03,
       4.54752153e-04, 1.36425649e-03, 1.36425649e-03, 9.09504306e-04,
       3.18326498e-03, 9.09504306e-04, 4.54752153e-04, 0.,
       4.54752153e-04, 4.54752153e-04, 9.09504306e-04, 1.81900861e-03,
       1.36425649e-03, 4.54752153e-04, 4.54752153e-04, 9.09504306e-04,
       4.54752153e-04, 4.54752153e-04, 0., 0., 0., 0., 4.54752153e-04,
       2.27376074e-03, 1.36425649e-03, 0., 0., 1.81900861e-03,
       4.54752153e-04, 0., 0., 1.36425649e-03, 1.36425649e-03, 0.,
       4.09276923e-03, 4.09276923e-03, 4.54752153e-04, 3.18326498e-03,
