%YAML:1.0
m100n: !!opencv-matrix
   rows: 1
   cols: 800
   dt: f
   data: [ 1.80115271e-03, 0., 5.04322769e-03, 1.08069158e-03,
       1.80115271e-03, 3.60230537e-04, 2.88184430e-03, 1.08069158e-03,
       0., 1.44092215e-03, 4.68299678e-03, 7.92507175e-03,
       1.08069158e-03, 7.20461074e-04, 7.20461074e-04, 7.20461074e-04,
       3.60230537e-04, 1.08069158e-03, 0., 0., 3.60230537e-04,
       1.08069158e-03, 1.08069158e-03, 1.08069158e-03, 1.65706053e-02,
       0., 7.20461074e-04, 7.20461074e-04, 7.20461074e-04,
       7.20461074e-04, 2.88184430e-03, 1.80115271e-03, 3.60230537e-04,
       3.60230537e-04, 3.60230537e-04, 3.60230537e-04, 7.20461074e-04,
       3.60230537e-04, 3.60230537e-04, 2.52161385e-03, 3.60230537e-04,
       1.80115271e-03, 1.80115271e-03, 1.80115271e-03, 1.08069158e-03,
       1.08069158e-03, 7.20461074e-04, 1.08069158e-03, 1.08069158e-03,
       1.80115271e-03, 0., 7.20461074e-04, 0., 2.52161385e-03,
       3.60230537e-04, 2.88184430e-03, 3.60230543e-03, 1.80115271e-03,
       3.60230537e-04, 3.60230537e-04, 1.08069158e-03, 1.80115271e-03,
       1.80115271e-03, 7.20461074e-04, 7.20461074e-04, 3.60230537e-04,
       3.60230537e-04, 0., 3.60230537e-04, 1.44092215e-03,
       3.60230537e-04, 7.20461074e-04, 7.20461074e-04, 7.20461074e-04,
       4.32276633e-03, 7.20461074e-04, 3.60230537e-04, 1.08069158e-03,
       7.20461074e-04, 3.60230537e-04, 3.60230537e-04, 7.20461074e-04,
       3.60230537e-04, 1.08069158e-03, 7.20461074e-04, 3.60230543e-03,
       1.80115271e-03, 1.44092215e-03, 7.20461074e-04, 1.44092215e-03,
       7.20461074e-04, 7.20461074e-04, 3.60230537e-04, 1.08069158e-03,
       3.60230537e-04, 1.08069158e-03, 3.60230537e-04, 3.60230537e-04,
       0., 7.20461074e-04, 1.44092215e-03, 0., 3.60230537e-04,
       2.16138316e-03, 3.60230537e-04, 1.08069158e-03, 2.16138316e-03,
       0., 7.20461074e-04, 3.60230537e-04, 1.08069158e-03, 0.,
       7.20461074e-04, 1.08069158e-03, 1.80115271e-03, 3.60230537e-04,
       1.44092215e-03, 1.08069158e-03, 7.92507175e-03, 2.16138316e-03,
       6.84438040e-03, 0., 1.08069158e-03, 3.60230537e-04,
       1.08069158e-03, 3.60230537e-04, 1.08069158e-03, 7.20461074e-04,
       3.60230537e-04, 7.20461074e-04, 7.20461074e-04, 4.68299678e-03,
       3.60230543e-03, 0., 3.60230537e-04, 1.54899135e-02,
       3.60230537e-04, 0., 7.20461074e-04, 3.60230537e-04,
       3.60230543e-03, 3.24207474e-03, 1.08069158e-03, 0.,
       7.20461074e-04, 7.20461074e-04, 1.80115271e-03, 1.80115271e-03,
       0., 0., 3.60230537e-04, 3.24207474e-03, 1.08069158e-03,
       1.44092215e-03, 0., 1.80115271e-03, 3.60230537e-04,
       1.08069158e-03, 3.60230537e-04, 0., 0., 1.08069158e-03, 0.,
       7.20461074e-04, 1.44092215e-03, 7.20461074e-04, 0.,
       1.44092215e-03, 1.80115271e-03, 1.44092215e-03, 1.44092215e-03,
       7.20461074e-04, 3.60230537e-04, 7.20461074e-04, 3.60230537e-04,
       1.08069158e-03, 0., 1.87319871e-02, 7.20461074e-04,
       1.44092215e-03, 5.04322769e-03, 1.80115271e-03, 3.60230537e-04,
       1.08069158e-03, 0., 7.20461074e-04, 7.20461074e-04,
       7.20461074e-04, 1.80115271e-03, 7.92507175e-03, 4.32276633e-03,
       2.52161385e-03, 3.96253588e-03, 1.08069158e-03, 0.,
       1.08069158e-03, 0., 0., 1.08069158e-03, 0., 7.20461074e-04,
       5.76368859e-03, 5.76368859e-03, 8.28530267e-03, 1.08069158e-03,
       1.80115271e-03, 0., 1.44092215e-03, 3.60230543e-03,
       3.60230543e-03, 3.60230537e-04, 0., 2.52161385e-03,
       1.08069158e-03, 3.24207474e-03, 1.80115271e-03, 1.08069158e-03,
       1.80115271e-03, 1.80115271e-03, 7.20461074e-04, 7.20461074e-04,
       1.08069158e-03, 1.08069158e-03, 1.08069158e-03, 0.,
       3.60230537e-04, 2.16138316e-03, 3.60230537e-04, 1.80115271e-03,
       1.08069158e-03, 3.24207474e-03, 1.08069158e-03, 2.52161385e-03,
       2.16138316e-03, 1.44092215e-03, 2.88184430e-03, 1.80115271e-03,
       3.60230537e-04, 1.08069158e-03, 7.20461074e-04, 1.44092215e-03,
       3.96253588e-03, 1.08069158e-03, 8.64553265e-03, 1.08069158e-03,
       7.20461074e-04, 4.32276633e-03, 7.20461074e-04, 7.20461074e-04,
       3.60230537e-04, 1.08069158e-03, 1.08069158e-03, 3.60230537e-04,
       3.60230537e-04, 3.60230537e-04, 7.20461074e-04, 2.16138316e-03,
       1.44092215e-03, 1.80115271e-03, 7.20461074e-04, 2.16138316e-03,
       1.80115271e-03, 1.08069158e-03, 3.60230537e-04, 0., 0.,
       1.80115271e-03, 5.04322769e-03, 2.16138316e-03, 7.20461074e-04,
       5.40345814e-03, 0., 1.44092215e-03, 1.08069158e-03, 0.,
       1.08069158e-03, 1.08069158e-03, 1.08069158e-03, 2.16138316e-03,
       7.20461074e-04, 5.76368859e-03, 0., 2.16138316e-03,
       3.60230537e-04, 7.20461074e-04, 3.60230537e-04, 1.80115271e-03,
       0., 3.60230537e-04, 7.20461074e-04, 3.60230537e-04, 0., 0.,
       3.60230537e-04, 0., 7.20461074e-04, 7.20461074e-04,
       3.60230537e-04, 7.20461074e-04, 3.60230537e-04, 1.08069158e-03,
       2.16138316e-03, 1.80115271e-03, 1.44092215e-03, 7.20461074e-04,
       3.60230537e-04, 0., 2.52161385e-03, 7.20461074e-04,
       1.08069158e-03, 3.24207474e-03, 3.60230537e-04, 3.96253588e-03,
       1.80115271e-03, 1.44092215e-03, 1.44092215e-03, 7.20461074e-04,
       7.20461074e-04, 0., 0., 1.80115271e-03, 1.08069158e-03,
       3.60230537e-04, 7.20461074e-04, 3.60230537e-04, 2.52161385e-03,
       3.60230537e-04, 2.16138316e-03, 3.60230537e-04, 1.08069158e-03,
       1.08069158e-03, 0., 2.16138316e-03, 5.04322769e-03,
       7.20461074e-04, 1.44092215e-03, 3.60230537e-04, 3.60230537e-04,
       1.80115271e-03, 3.60230537e-04, 2.52161385e-03, 0.,
       1.08069158e-03, 3.60230537e-04, 2.16138316e-03, 1.08069158e-03,
       0., 7.20461074e-04, 1.08069158e-03, 2.52161385e-03,
       3.60230537e-04, 3.60230537e-04, 1.08069158e-03, 3.60230537e-04,
       4.32276633e-03, 7.20461074e-04, 7.20461074e-04, 0.,
       3.60230537e-04, 7.20461074e-04, 3.60230537e-04, 0.,
       7.20461074e-04, 3.60230537e-04, 0., 3.60230537e-04,
       1.08069158e-03, 1.08069158e-03, 2.88184430e-03, 1.44092215e-03,
       2.52161385e-03, 1.80115271e-03, 7.20461074e-04, 3.60230537e-04,
       7.20461074e-04, 1.08069158e-03, 0., 7.20461074e-04,
       3.24207474e-03, 3.60230537e-04, 1.44092215e-03, 1.08069158e-03,
       3.60230537e-04, 0., 7.20461074e-04, 3.60230537e-04,
       1.08069158e-03, 5.40345814e-03, 3.24207474e-03, 2.52161385e-03,
       8.64553265e-03, 7.20461085e-03, 0., 1.08069158e-03,
       7.20461074e-04, 1.44092215e-03, 1.44092215e-03, 2.52161385e-03,
       2.16138316e-03, 2.16138316e-03, 0., 3.60230537e-04,
       3.60230537e-04, 1.08069158e-03, 1.08069158e-03, 1.44092215e-03,
       1.08069158e-03, 1.08069158e-03, 2.16138316e-03, 3.60230537e-04,
       2.16138316e-03, 0., 3.60230537e-04, 3.60230537e-04,
       1.08069158e-03, 5.76368859e-03, 1.08069158e-03, 1.08069158e-03,
       7.20461074e-04, 7.20461074e-04, 7.20461085e-03, 7.20461074e-04,
       3.60230537e-04, 2.16138316e-03, 1.08069158e-03, 1.08069158e-03,
       3.60230537e-04, 0., 2.16138316e-03, 1.80115271e-03,
       1.80115271e-03, 3.60230537e-04, 7.20461074e-04, 3.60230537e-04,
       4.32276633e-03, 3.60230537e-04, 7.20461074e-04, 1.44092215e-03,
       3.60230537e-04, 1.08069158e-03, 0., 0., 1.08069158e-03,
       1.08069158e-03, 4.68299678e-03, 0., 7.20461085e-03,
       7.20461074e-04, 0., 1.08069158e-03, 3.60230537e-04, 0.,
       2.88184430e-03, 3.24207474e-03, 1.08069158e-03, 1.08069158e-03,
       7.20461074e-04, 3.60230537e-04, 7.20461074e-04, 7.20461074e-04,
       0., 1.08069158e-03, 2.52161385e-03, 7.20461074e-04, 0.,
       3.60230537e-04, 1.80115271e-03, 3.24207474e-03, 2.88184430e-03,
       2.16138316e-03, 1.08069158e-03, 7.20461074e-04, 0.,
       1.44092215e-03, 0., 7.20461074e-04, 3.60230537e-04,
       3.60230537e-04, 3.60230543e-03, 1.80115271e-03, 3.60230537e-04,
       1.08069158e-03, 1.08069158e-03, 2.52161385e-03, 3.60230537e-04,
       1.08069158e-03, 2.52161385e-03, 7.20461074e-04, 1.08069158e-03,
