%YAML:1.0
m100n: !!opencv-matrix
   rows: 1
   cols: 800
   dt: f
   data: [ 3.93700786e-04, 1.18110236e-03, 7.87401572e-04, 0.,
       1.18110236e-03, 0., 0., 0., 0., 7.87401572e-04, 1.18110236e-03,
       1.18110236e-03, 2.36220472e-03, 7.87401572e-04, 0., 0.,
       7.87401572e-04, 0., 3.93700786e-03, 3.54330707e-03, 0.,
       4.33070865e-03, 1.18110236e-03, 8.26771650e-03, 1.57480314e-03,
       0., 2.36220472e-03, 7.87401572e-04, 7.87401572e-04,
       1.85039379e-02, 2.36220472e-03, 1.18110236e-03, 2.75590550e-03,
       7.87401572e-04, 1.18110236e-03, 2.36220472e-03, 0.,
       3.93700786e-04, 2.36220472e-03, 0., 0., 3.93700786e-04,
       1.96850393e-03, 0., 1.18110236e-03, 3.14960629e-03,
       3.93700786e-04, 1.57480314e-03, 1.57480314e-03, 1.18110236e-03,
       3.93700786e-04, 1.57480314e-03, 1.57480314e-03, 3.93700786e-04,
       3.93700786e-04, 7.87401572e-04, 0., 5.11811022e-03,
       1.57480314e-03, 0., 2.75590550e-03, 7.87401572e-04,
       1.18110236e-03, 3.93700786e-04, 7.87401572e-04, 0.,
       7.87401572e-04, 7.87401572e-04, 7.08661415e-03, 7.87401572e-04,
       1.96850393e-03, 0., 7.87401572e-04, 3.93700786e-04,
       7.87401572e-04, 1.57480314e-03, 1.18110236e-03, 0.,
       1.57480314e-03, 1.18110236e-03, 0., 0., 7.87401572e-04,
       1.18110236e-03, 7.87401572e-04, 3.93700786e-04, 1.57480314e-03,
       3.93700786e-04, 1.18110236e-03, 7.87401572e-04, 7.87401572e-04,
       0., 0., 0., 7.87401572e-04, 1.57480314e-03, 0., 2.36220472e-03,
       7.87401572e-04, 0., 7.87401572e-04, 3.93700786e-04,
       1.57480314e-03, 2.36220472e-03, 0., 4.72440943e-03,
       2.75590550e-03, 5.11811022e-03, 7.87401572e-04, 7.87401572e-04,
       5.11811022e-03, 7.87401572e-04, 5.90551179e-03, 1.96850393e-03,
       1.18110236e-03, 0., 2.75590550e-03, 3.93700786e-04,
       1.18110236e-03, 0., 2.36220472e-03, 1.18110236e-03,
       3.93700786e-04, 0., 0., 3.54330707e-03, 7.87401572e-04, 0.,
       5.51181100e-03, 0., 2.75590550e-03, 0., 1.57480314e-03,
       1.96850393e-03, 7.87401572e-04, 7.87401572e-04, 7.87401572e-04,
       0., 1.18110236e-03, 3.93700786e-04, 2.75590550e-03,
       1.96850393e-03, 3.93700786e-04, 3.93700786e-04, 3.93700786e-04,
       0., 0., 7.87401572e-04, 0., 1.18110236e-03, 3.93700786e-03,
       3.93700786e-04, 1.96850393e-03, 2.36220472e-03, 2.75590550e-03,
       0., 3.14960629e-03, 3.93700786e-04, 3.93700786e-04,
       1.18110236e-03, 7.87401572e-04, 3.14960629e-03, 2.75590550e-03,
       1.96850393e-03, 1.57480314e-03, 0., 0., 1.57480314e-03, 0., 0.,
       1.18110236e-03, 4.33070865e-03, 1.57480314e-03, 3.93700786e-04,
       1.57480314e-03, 4.72440943e-03, 0., 1.96850393e-03,
       2.75590550e-03, 3.93700786e-04, 1.96850393e-03, 1.18110236e-03,
       3.93700786e-04, 1.18110236e-03, 7.87401572e-04, 0.,
       1.96850393e-03, 3.93700786e-04, 3.93700786e-04, 7.87401572e-04,
       2.75590550e-03, 3.93700786e-04, 2.36220472e-03, 2.75590550e-03,
       3.93700786e-04, 3.93700786e-04, 1.57480314e-03, 1.57480314e-03,
       7.87401572e-04, 3.14960629e-03, 1.18110236e-03, 3.93700786e-04,
       2.36220472e-03, 3.14960629e-03, 0., 2.36220472e-03,
       1.57480314e-03, 7.87401572e-04, 3.93700786e-04, 3.93700786e-04,
       1.96850393e-03, 2.36220472e-03, 0., 0., 1.96850393e-03,
       1.96850393e-03, 1.18110236e-03, 3.93700786e-04, 1.18110236e-03,
       3.93700786e-04, 1.57480314e-03, 7.87401572e-04, 2.36220472e-03,
       3.93700786e-04, 3.54330707e-03, 3.93700786e-04, 1.96850393e-03,
       1.18110236e-03, 3.93700786e-04, 1.57480314e-03, 2.36220472e-03,
       7.87401572e-04, 3.93700786e-04, 2.36220472e-03, 2.36220472e-03,
       2.75590550e-03, 5.11811022e-03, 1.18110236e-03, 7.87401572e-04,
       3.14960629e-03, 7.87401572e-04, 1.57480314e-03, 1.18110236e-03,
       4.33070865e-03, 0., 1.18110236e-03, 3.93700786e-04,
       1.18110236e-03, 0., 0., 4.72440943e-03, 1.18110236e-03,
       3.93700786e-03, 3.93700786e-04, 3.54330707e-03, 1.18110236e-03,
       2.75590550e-03, 1.57480314e-03, 1.96850393e-03, 2.36220472e-03,
       7.87401572e-04, 7.87401572e-04, 0., 1.57480314e-03,
       1.96850393e-03, 7.87401572e-04, 1.57480314e-03, 7.87401572e-04,
       0., 1.18110236e-03, 4.72440943e-03, 3.93700786e-04, 0.,
       1.96850393e-03, 2.75590550e-03, 1.18110236e-03, 7.87401572e-04,
       7.87401572e-04, 0., 1.57480314e-03, 3.93700786e-04,
       1.18110236e-03, 1.18110236e-03, 0., 7.87401572e-04,
       1.57480314e-03, 2.75590550e-03, 3.93700786e-04, 0.,
       7.87401572e-04, 1.96850393e-03, 0., 7.87401572e-04,
       3.14960629e-03, 1.18110236e-03, 3.93700786e-04, 7.87401572e-04,
       0., 3.93700786e-04, 0., 7.87401572e-04, 0., 2.36220472e-03,
       1.57480314e-03, 3.93700786e-04, 3.93700786e-04, 1.57480314e-03,
       0., 7.87401572e-04, 0., 7.87401572e-04, 1.57480314e-03,
       3.54330707e-03, 1.18110236e-03, 0., 2.36220472e-03,
       1.96850393e-03, 1.96850393e-03, 1.96850393e-03, 0.,
       3.93700786e-04, 0., 1.96850393e-03, 0., 3.93700786e-04,
       3.93700786e-04, 1.18110236e-03, 3.93700786e-04, 3.93700786e-04,
       3.93700786e-04, 7.87401572e-04, 7.87401572e-04, 3.54330707e-03,
       1.57480314e-03, 3.93700786e-04, 1.96850393e-03, 1.57480314e-03,
       3.93700786e-04, 7.87401572e-04, 3.93700786e-04, 7.87401572e-04,
       1.18110236e-03, 1.18110236e-03, 3.93700786e-04, 1.57480314e-03,
       0., 7.87401572e-04, 0., 7.87401572e-04, 3.93700786e-04,
       3.14960629e-03, 0., 0., 1.57480314e-03, 0., 3.14960629e-03,
       2.75590550e-03, 7.87401572e-04, 2.36220472e-03, 2.75590550e-03,
       1.57480314e-03, 2.36220472e-03, 1.18110236e-03, 0.,
       7.87401572e-04, 4.33070865e-03, 1.18110236e-03, 7.87401572e-04,
       1.18110236e-03, 3.93700786e-04, 5.11811022e-03, 3.14960629e-03,
       3.93700786e-04, 1.57480314e-03, 5.11811022e-03, 2.75590550e-03,
       0., 7.87401572e-04, 3.93700786e-04, 1.18110236e-03,
       3.93700786e-03, 3.93700786e-04, 2.36220472e-03, 7.87401572e-04,
       7.87401572e-04, 7.87401572e-04, 7.87401572e-04, 1.18110236e-03,
       3.93700786e-04, 1.18110236e-03, 7.87401572e-04, 4.33070865e-03,
       7.87401572e-04, 5.90551179e-03, 7.87401572e-04, 3.93700786e-04,
       3.93700786e-04, 3.93700786e-04, 4.72440943e-03, 3.93700786e-04,
       3.93700786e-04, 1.18110236e-03, 1.57480314e-03, 2.36220472e-03,
       1.18110236e-03, 2.75590550e-03, 3.93700786e-04, 7.87401572e-04,
       1.96850393e-03, 0., 1.18110236e-03, 3.93700786e-04,
       3.93700786e-04, 7.87401572e-04, 3.93700786e-04, 0.,
       1.18110236e-03, 1.96850393e-03, 0., 3.93700786e-03,
       1.96850393e-03, 3.93700786e-04, 1.96850393e-03, 3.93700786e-04,
       1.18110236e-03, 3.93700786e-03, 1.18110236e-03, 7.87401572e-04,
       0., 3.14960629e-03, 1.18110236e-03, 1.57480314e-03,
       1.57480314e-03, 7.87401572e-04, 1.57480314e-03, 2.36220472e-03,
       0., 7.87401572e-04, 1.18110236e-03, 3.93700786e-04,
       3.93700786e-03, 3.93700786e-04, 7.87401572e-04, 2.36220472e-03,
       1.96850393e-03, 1.57480314e-03, 1.18110236e-03, 1.96850393e-03,
       3.93700786e-04, 3.93700786e-04, 1.18110236e-03, 3.93700786e-04,
       0., 2.36220472e-03, 1.57480314e-03, 1.57480314e-03,
       3.54330707e-03, 1.57480314e-03, 1.96850393e-03, 1.18110236e-03,
       2.36220472e-03, 7.87401572e-04, 1.18110236e-03, 1.96850393e-03,
       2.36220472e-03, 3.93700786e-04, 3.93700786e-04, 0.,
       3.93700786e-04, 1.57480314e-03, 0., 0., 7.87401572e-04,
       7.87401572e-04, 3.93700786e-04, 0., 7.87401572e-04, 0.,
       7.87401572e-04, 4.33070865e-03, 0., 7.87401572e-04,
       7.87401572e-04, 7.87401572e-04, 3.93700786e-04, 3.93700786e-04,
       7.87401572e-04, 0., 0., 3.93700786e-04, 2.36220472e-03,
       1.57480314e-03, 3.93700786e-04, 7.87401572e-04, 0.,
       4.72440943e-03, 7.87401572e-04, 7.87401572e-04, 7.87401572e-04,
       0., 1.18110236e-03, 0., 8.26771650e-03, 3.93700786e-04,
       3.93700786e-04, 7.08661415e-03, 2.75590550e-03, 2.36220472e-03,
       7.87401572e-04, 7.87401572e-04, 3.93700786e-04, 0.,
