%YAML:1.0
m100n: !!opencv-matrix
   rows: 1
   cols: 800
   dt: f
   data: [ 0., 2.73010926e-03, 1.17004686e-03, 3.90015601e-04,
       7.80031201e-04, 1.17004686e-03, 3.51014035e-03, 5.07020298e-03,
       8.97035841e-03, 7.80031201e-04, 0., 0., 7.80031201e-04,
       1.95007795e-03, 0., 1.17004686e-03, 2.34009372e-03, 0.,
       1.56006240e-03, 0., 0., 7.80031201e-04, 1.56006240e-03,
       5.07020298e-03, 2.73010926e-03, 0., 0., 3.90015601e-04,
       3.90015601e-04, 1.56006240e-03, 1.17004686e-03, 1.56006240e-03,
       8.19032732e-03, 3.90015601e-04, 3.90015601e-04, 1.17004686e-03,
       3.90015601e-04, 3.90015601e-04, 3.90015601e-04, 2.34009372e-03,
       1.17004686e-03, 3.12012481e-03, 0., 4.29017143e-03, 0.,
       1.56006240e-03, 1.95007795e-03, 3.90015601e-04, 0.,
       1.56006240e-03, 1.17004686e-03, 7.80031201e-04, 7.80031201e-04,
       1.17004686e-03, 1.17004686e-03, 1.17004686e-03, 3.90015601e-04,
       2.34009372e-03, 3.90015601e-04, 1.17004686e-03, 2.73010926e-03,
       3.51014035e-03, 7.80031201e-04, 0., 6.63026515e-03,
       7.80031201e-04, 1.95007795e-03, 7.80031201e-04, 3.90015601e-04,
       7.80031201e-04, 1.17004686e-03, 7.80031201e-04, 3.90015601e-04,
       7.80031201e-04, 1.17004686e-03, 1.17004686e-03, 2.73010926e-03,
       1.95007795e-03, 2.73010926e-03, 7.80031201e-04, 1.95007795e-03,
       1.56006240e-03, 6.24024961e-03, 1.17004686e-03, 3.90015601e-04,
       3.90015601e-04, 7.80031201e-04, 1.36505459e-02, 3.90015601e-04,
       1.17004686e-03, 1.95007795e-03, 3.90015601e-04, 3.90015601e-04,
       3.90015601e-04, 3.90015601e-04, 1.17004686e-03, 1.17004686e-03,
       7.80031201e-04, 1.17004686e-03, 7.80031201e-04, 1.56006240e-03,
       3.12012481e-03, 3.90015601e-04, 3.12012481e-03, 2.73010926e-03,
       1.17004686e-03, 3.90015601e-04, 1.17004686e-03, 3.90015601e-04,
       1.95007795e-03, 3.90015601e-04, 3.90015601e-04, 1.56006240e-03,
       2.73010926e-03, 1.17004686e-03, 5.07020298e-03, 7.80031201e-04,
       3.90015601e-04, 1.32605303e-02, 7.80031201e-04, 3.90015601e-04,
       3.90015601e-04, 3.90015601e-04, 1.56006240e-03, 3.90015601e-04,
       1.17004686e-03, 8.19032732e-03, 0., 0., 3.90015601e-04, 0.,
       1.17004686e-03, 1.17004686e-03, 2.73010926e-03, 3.90015601e-04,
       2.34009372e-03, 1.95007795e-03, 7.80031201e-04, 3.51014035e-03,
       7.80031201e-04, 1.56006240e-03, 3.90015601e-04, 1.17004686e-03,
       1.17004686e-03, 5.07020298e-03, 3.90015601e-04, 0.,
       3.12012481e-03, 2.34009372e-03, 1.95007795e-03, 0.,
       1.56006240e-03, 7.80031201e-04, 3.90015601e-04, 3.90015601e-04,
       3.51014035e-03, 0., 1.95007795e-03, 7.80031201e-04,
       7.80031201e-04, 2.34009372e-03, 1.56006240e-03, 3.90015601e-04,
       1.56006240e-03, 0., 0., 3.90015601e-04, 7.80031201e-04,
       1.17004686e-03, 1.56006240e-03, 1.17004686e-03, 0.,
       1.95007795e-03, 3.90015601e-04, 0., 1.17004686e-03,
       3.90015601e-04, 7.80031201e-04, 1.17004686e-03, 3.90015601e-04,
       3.90015589e-03, 1.95007795e-03, 8.58034287e-03, 1.56006240e-03,
       7.80031201e-04, 1.17004686e-03, 2.34009372e-03, 2.34009372e-03,
       0., 1.95007795e-03, 7.80031201e-04, 1.95007795e-03,
       1.17004686e-03, 0., 3.90015601e-04, 2.73010926e-03,
       5.46021853e-03, 0., 7.80031201e-04, 1.56006240e-03,
       3.90015601e-04, 7.80031201e-04, 1.56006240e-03, 3.90015601e-04,
       4.29017143e-03, 0., 7.80031201e-04, 0., 7.80031201e-04,
       7.80031201e-04, 7.80031201e-04, 1.09204371e-02, 7.80031201e-04,
       5.07020298e-03, 7.80031201e-04, 1.56006240e-03, 7.80031201e-04,
       1.17004686e-03, 1.56006240e-03, 2.34009372e-03, 0.,
       1.56006240e-03, 7.80031201e-04, 1.95007795e-03, 7.80031201e-04,
       0., 3.90015601e-04, 3.90015601e-04, 1.17004686e-03,
       3.90015601e-04, 2.73010926e-03, 3.90015601e-04, 3.90015601e-04,
       0., 7.80031201e-04, 3.90015601e-04, 1.17004686e-03,
       2.73010926e-03, 7.80031201e-04, 0., 7.80031201e-04,
       7.80031201e-04, 0., 0., 7.80031201e-04, 1.17004686e-03,
       3.90015589e-03, 2.34009372e-03, 3.90015601e-04, 3.90015601e-04,
       0., 1.56006240e-03, 3.90015601e-04, 3.90015601e-04,
       3.90015601e-04, 7.80031201e-04, 0., 1.56006240e-03,
       3.90015601e-04, 0., 2.34009372e-03, 0., 3.12012481e-03,
       1.95007795e-03, 2.34009372e-03, 1.17004686e-03, 7.80031201e-04,
       2.34009372e-03, 3.90015601e-04, 0., 0., 1.56006240e-03,
       3.90015601e-04, 7.80031201e-04, 7.80031201e-04, 7.80031201e-04,
       3.90015601e-04, 1.17004686e-03, 1.17004686e-03, 0.,
       1.56006240e-03, 7.80031201e-04, 7.80031201e-04, 3.90015601e-04,
       1.17004686e-03, 1.17004686e-03, 1.17004686e-03, 3.12012481e-03,
       7.80031201e-04, 7.80031201e-04, 0., 1.17004686e-03,
       1.56006240e-03, 7.80031201e-04, 5.07020298e-03, 1.95007795e-03,
       1.95007795e-03, 3.90015601e-04, 3.90015601e-04, 1.56006240e-03,
       7.80031201e-04, 7.80031201e-04, 7.80031201e-04, 4.29017143e-03,
       1.95007795e-03, 3.90015601e-04, 3.90015601e-04, 1.95007795e-03,
       0., 3.90015601e-04, 3.90015601e-04, 3.90015601e-04,
       1.95007795e-03, 0., 3.90015601e-04, 1.17004686e-03,
       1.56006240e-03, 3.90015601e-04, 0., 1.56006240e-03,
       1.17004686e-03, 1.17004686e-03, 7.80031201e-04, 1.56006240e-03,
       0., 1.56006240e-03, 1.17004686e-03, 7.80031201e-04, 0., 0., 0.,
       1.17004686e-03, 7.80031201e-04, 1.95007795e-03, 7.80031201e-04,
       0., 1.56006240e-03, 7.80031201e-04, 0., 3.90015601e-04,
       3.90015601e-04, 1.95007795e-03, 1.17004686e-03, 7.80031201e-04,
       0., 1.56006240e-03, 0., 3.90015601e-04, 7.80031201e-04,
       1.95007795e-03, 7.80031201e-04, 0., 0., 3.90015601e-04, 0.,
       2.34009372e-03, 3.90015601e-04, 2.73010926e-03, 1.56006240e-03,
       3.12012481e-03, 7.80031201e-04, 3.90015601e-04, 7.80031201e-04,
       7.80031201e-04, 3.51014035e-03, 3.90015601e-04, 3.90015589e-03,
       6.63026515e-03, 1.17004686e-03, 7.80031201e-04, 0.,
       3.90015601e-04, 3.90015601e-04, 1.17004686e-03, 1.56006240e-03,
       1.56006240e-03, 3.90015601e-04, 4.29017143e-03, 0., 0.,
       1.17004686e-03, 7.80031201e-04, 1.17004686e-03, 0.,
       1.56006240e-03, 0., 0., 3.12012481e-03, 3.90015601e-04,
       1.17004686e-03, 2.73010926e-03, 7.80031201e-04, 5.07020298e-03,
       0., 1.56006240e-03, 1.56006240e-03, 1.95007795e-03, 0.,
       1.95007795e-03, 2.34009372e-03, 7.80031201e-04, 0.,
       3.90015601e-04, 3.90015601e-04, 0., 3.90015601e-04,
       3.90015601e-04, 1.17004686e-03, 1.17004686e-03, 0.,
       2.73010926e-03, 7.80031201e-04, 6.24024961e-03, 3.51014035e-03,
       3.90015601e-04, 7.80031201e-04, 3.90015601e-04, 1.17004686e-03,
       0., 1.56006240e-03, 0., 7.80031201e-04, 1.17004686e-03,
       7.80031201e-04, 1.56006240e-03, 2.34009372e-03, 1.17004686e-03,
       1.95007795e-03, 7.80031201e-04, 0., 1.95007795e-03,
       1.17004686e-03, 2.73010926e-03, 3.90015601e-04, 2.73010926e-03,
       0., 0., 1.95007795e-03, 0., 3.90015601e-04, 3.12012481e-03,
       1.17004686e-03, 3.90015601e-04, 7.80031201e-04, 0.,
       1.17004686e-03, 7.80031201e-04, 1.17004686e-03, 7.80031201e-04,
       3.90015601e-04, 3.90015601e-04, 3.90015601e-04, 1.17004686e-03,
       3.90015601e-04, 3.51014035e-03, 1.56006240e-03, 3.90015601e-04,
       3.90015601e-04, 7.80031201e-04, 1.95007795e-03, 0.,
       1.17004686e-03, 2.34009372e-03, 2.73010926e-03, 1.56006240e-03,
       3.90015601e-04, 3.51014035e-03, 1.56006240e-03, 3.90015601e-04,
       3.90015601e-04, 4.68018744e-03, 1.17004686e-03, 3.90015601e-04,
       1.17004686e-03, 1.56006240e-03, 0., 1.17004686e-03,
       2.34009372e-03, 2.73010926e-03, 0., 5.85023407e-03,
       1.17004686e-03, 3.90015601e-04, 1.56006240e-03, 0.,
       1.17004686e-03, 0., 3.90015601e-04, 7.80031201e-04,
       7.80031201e-04, 0., 3.90015601e-04, 7.80031201e-04,
       7.80031201e-04, 3.90015601e-04, 3.90015601e-04, 7.80031201e-04,
       1.17004686e-03, 1.56006240e-03, 3.90015601e-04, 1.95007795e-03,
