%YAML:1.0
m100n: !!opencv-matrix
   rows: 1
   cols: 800
   dt: f
   data: [ 0., 3.17604351e-03, 9.07441019e-04, 9.07441019e-04, 0.,
       9.07441019e-04, 4.53720510e-04, 3.17604351e-03, 3.03992741e-02,
       1.36116147e-03, 4.53720510e-04, 0., 4.53720510e-04, 0.,
       4.53720510e-04, 4.99092555e-03, 0., 4.53720510e-04,
       6.35208702e-03, 4.53720510e-04, 9.07441019e-04, 1.36116147e-03,
       9.07441019e-04, 0., 0., 4.53720510e-04, 1.36116147e-03,
       1.36116147e-03, 0., 4.53720510e-04, 1.36116147e-03, 0.,
       2.26860261e-03, 4.53720510e-04, 4.53720510e-04, 9.07441019e-04,
       4.53720510e-04, 4.53720510e-04, 4.53720510e-04, 1.81488204e-03,
       9.07441019e-04, 0., 0., 2.26860261e-03, 0., 0., 5.44464588e-03,
       2.26860261e-03, 0., 0., 4.53720510e-04, 1.36116147e-03,
       3.17604351e-03, 4.53720510e-04, 0., 9.07441019e-04,
       9.07441019e-04, 1.36116147e-03, 1.36116147e-03, 4.53720510e-04,
       2.72232294e-03, 9.07441042e-03, 0., 9.07441019e-04,
       3.62976408e-03, 9.07441019e-04, 1.36116147e-03, 1.36116147e-03,
       0., 0., 1.81488204e-03, 4.53720510e-04, 0., 4.08348441e-03,
       1.81488204e-03, 4.53720510e-04, 1.36116147e-03, 0.,
       4.53720510e-04, 2.26860261e-03, 4.53720510e-04, 2.72232294e-03,
       7.71324849e-03, 4.53720510e-04, 1.36116147e-03, 0.,
       4.53720510e-04, 2.49546282e-02, 0., 9.07441019e-04,
       9.07441019e-04, 0., 4.53720510e-04, 4.53720510e-04, 0.,
       9.07441019e-04, 9.07441019e-04, 4.53720510e-04, 3.17604351e-03,
       4.53720510e-04, 1.36116147e-03, 9.07441019e-04, 0.,
       3.62976408e-03, 1.81488204e-03, 1.36116147e-03, 4.53720510e-04,
       4.53720510e-04, 4.53720510e-04, 1.36116147e-03, 4.53720510e-04,
       4.53720510e-04, 0., 1.36116147e-03, 0., 1.81488204e-03,
       3.17604351e-03, 4.53720510e-04, 3.35753188e-02, 4.53720510e-04,
       4.53720510e-04, 9.07441019e-04, 9.07441019e-04, 0.,
       2.26860261e-03, 0., 9.07441019e-04, 4.53720510e-04,
       1.36116147e-03, 0., 1.36116147e-03, 6.80580782e-03, 0., 0., 0.,
       1.36116147e-03, 4.53720510e-04, 1.81488204e-03, 1.36116147e-03,
       0., 9.07441019e-04, 4.53720510e-04, 4.53720510e-04,
       9.07441019e-04, 8.16696882e-03, 4.53720510e-04, 0.,
       1.81488204e-03, 4.08348441e-03, 4.53720510e-04, 4.53720510e-04,
       9.07441019e-04, 2.26860261e-03, 1.81488204e-03, 0.,
       1.81488204e-03, 4.53720510e-04, 1.81488204e-03, 1.36116147e-03,
       9.07441019e-04, 1.36116147e-03, 1.36116147e-03, 4.53720510e-04,
       4.53720510e-04, 4.53720510e-04, 0., 1.36116147e-03, 0.,
       4.53720510e-04, 9.07441019e-04, 1.36116147e-03, 1.36116147e-03,
       2.72232294e-03, 0., 4.53720510e-04, 1.36116147e-03,
       4.08348441e-03, 0., 1.36116147e-03, 0., 4.53720510e-04,
       3.62976408e-03, 2.67695095e-02, 9.07441019e-04, 9.07441019e-04,
       9.07441019e-04, 4.53720510e-04, 1.81488204e-03, 4.53720510e-04,
       1.36116147e-03, 0., 4.53720510e-04, 1.81488204e-03,
       4.53720510e-04, 3.17604351e-03, 0., 2.72232294e-03,
       9.07441019e-04, 1.81488204e-03, 0., 1.36116147e-03,
       4.53720510e-04, 0., 0., 4.53720521e-03, 1.36116147e-03,
       1.36116147e-03, 9.07441019e-04, 0., 0., 4.53720510e-04,
       4.53720510e-04, 1.36116147e-03, 4.53720510e-04, 9.07441019e-04,
       1.36116147e-03, 9.07441019e-04, 1.81488204e-03, 2.72232294e-03,
       1.36116147e-03, 9.07441019e-04, 4.53720510e-04, 9.07441019e-04,
       9.07441019e-04, 0., 4.53720510e-04, 4.53720510e-04,
       4.53720510e-04, 4.53720510e-04, 1.36116147e-03, 9.07441019e-04,
       0., 1.36116147e-03, 0., 0., 9.07441019e-04, 0., 1.81488204e-03,
       3.62976408e-03, 9.07441019e-04, 0., 9.07441019e-04,
       9.07441019e-04, 4.53720510e-04, 0., 2.72232294e-03,
       1.36116147e-03, 4.53720510e-04, 1.81488204e-03, 1.36116147e-03,
       4.53720510e-04, 9.07441019e-04, 0., 0., 0., 1.36116147e-03,
       4.53720510e-04, 0., 9.07441019e-04, 1.36116147e-03,
       4.53720510e-04, 4.53720510e-04, 3.17604351e-03, 1.81488204e-03,
       4.53720510e-04, 0., 3.17604351e-03, 0., 0., 0., 4.53720510e-04,
       0., 4.53720510e-04, 0., 1.36116147e-03, 0., 0., 4.53720510e-04,
       9.07441019e-04, 1.81488204e-03, 1.36116147e-03, 1.36116147e-03,
       9.07441019e-04, 4.53720510e-04, 2.26860261e-03, 2.26860261e-03,
       2.26860261e-03, 1.36116147e-03, 4.53720510e-04, 4.53720510e-04,
       0., 4.53720510e-04, 2.72232294e-03, 0., 8.16696882e-03,
       4.53720521e-03, 9.07441019e-04, 1.36116147e-03, 0.,
       4.08348441e-03, 1.36116147e-03, 4.53720510e-04, 1.36116147e-03,
       9.07441019e-04, 1.81488204e-03, 4.53720510e-04, 4.53720510e-04,
       1.36116147e-03, 0., 0., 4.53720521e-03, 0., 4.53720510e-04,
       4.53720510e-04, 9.07441019e-04, 4.53720510e-04, 1.36116147e-03,
       4.53720510e-04, 4.53720510e-04, 9.07441019e-04, 9.07441019e-04,
       0., 0., 0., 2.72232294e-03, 9.07441019e-04, 0., 4.53720510e-04,
       0., 9.07441019e-04, 9.07441019e-04, 2.72232294e-03,
       1.36116147e-03, 4.53720510e-04, 1.36116147e-03, 4.53720510e-04,
       4.99092555e-03, 2.72232294e-03, 0., 4.53720510e-04,
       9.07441019e-04, 3.62976408e-03, 9.07441019e-04, 9.07441019e-04,
       0., 0., 9.07441019e-04, 2.26860261e-03, 0., 4.53720510e-04,
       9.07441019e-04, 0., 4.53720510e-04, 4.53720510e-04,
       9.07441019e-04, 4.53720510e-04, 4.53720510e-04, 3.62976408e-03,
       0., 4.99092555e-03, 1.36116147e-03, 0., 9.07441019e-04, 0.,
       2.26860261e-03, 0., 1.36116147e-03, 4.53720521e-03,
       4.53720510e-04, 9.07441019e-04, 4.53720510e-04, 9.07441019e-04,
       0., 4.53720510e-04, 1.81488204e-03, 2.72232294e-03, 0.,
       6.35208702e-03, 4.53720510e-04, 4.53720510e-04, 4.53720510e-04,
       0., 1.81488204e-03, 4.53720510e-04, 4.53720510e-04,
       9.07441019e-04, 4.53720510e-04, 2.72232294e-03, 4.53720510e-04,
       1.81488204e-03, 2.26860261e-03, 0., 4.53720521e-03,
       9.07441019e-04, 1.36116147e-03, 2.26860261e-03, 4.53720510e-04,
       4.53720510e-04, 2.26860261e-03, 4.99092555e-03, 1.81488204e-03,
       0., 0., 0., 4.53720510e-04, 4.53720510e-04, 4.53720510e-04,
       2.26860261e-03, 4.53720510e-04, 0., 0., 9.07441019e-04,
       9.07441019e-04, 4.08348441e-03, 1.36116147e-03, 4.53720510e-04,
       4.53720510e-04, 9.07441019e-04, 9.07441019e-04, 0.,
       4.53720510e-04, 0., 4.53720510e-04, 0., 0., 1.81488204e-03,
       1.81488204e-03, 0., 4.53720510e-04, 0., 2.26860261e-03, 0.,
       3.17604351e-03, 2.26860261e-03, 4.53720521e-03, 2.72232294e-03,
       0., 0., 4.53720510e-04, 4.53720510e-04, 3.17604351e-03,
       3.17604351e-03, 9.07441019e-04, 9.07441019e-04, 0.,
       4.53720510e-04, 1.36116147e-03, 1.36116147e-03, 4.53720510e-04,
       1.36116147e-03, 3.17604351e-03, 1.81488204e-03, 9.07441019e-04,
       0., 1.36116147e-03, 9.07441019e-04, 0., 0., 0., 5.89836668e-03,
       9.07441019e-04, 9.07441019e-04, 9.07441019e-04, 9.07441019e-04,
       2.72232294e-03, 9.07441019e-04, 1.36116147e-03, 0., 0., 0.,
       2.72232294e-03, 9.07441019e-04, 1.81488204e-03, 0.,
       4.53720510e-04, 0., 4.53720521e-03, 3.62976408e-03,
       1.81488204e-03, 4.53720510e-04, 2.26860261e-03, 0.,
       1.36116147e-03, 4.53720510e-04, 1.81488204e-03, 1.36116147e-03,
       9.07441019e-04, 4.53720510e-04, 0., 4.53720510e-04,
       9.07441019e-04, 4.53720510e-04, 4.53720510e-04, 1.36116147e-03,
       4.53720510e-04, 0., 0., 6.80580782e-03, 1.36116147e-03, 0., 0.,
       1.36116147e-03, 1.36116147e-03, 7.71324849e-03, 9.07441019e-04,
       4.99092555e-03, 9.07441019e-04, 1.36116147e-03, 1.36116147e-03,
       4.53720510e-04, 0., 0., 4.53720510e-04, 1.36116147e-03, 0.,
       3.62976408e-03, 0., 4.53720510e-04, 0., 4.53720510e-04, 0.,
       1.36116147e-03, 0., 4.53720510e-04, 0., 4.53720510e-04,
       1.36116147e-03, 2.26860261e-03, 9.07441019e-04, 4.99092555e-03,
       0., 0., 1.81488204e-03, 2.26860261e-03, 0., 0., 0., 0.,
       9.07441019e-04, 3.17604351e-03, 0., 0., 0., 1.36116147e-03,
       9.07441019e-04, 4.53720510e-04, 0., 4.53720510e-04,
