%YAML:1.0
m100n: !!opencv-matrix
   rows: 1
   cols: 800
   dt: f
   data: [ 3.30360082e-04, 2.97324080e-03, 5.61612146e-03,
       6.60720165e-04, 3.30360082e-04, 1.32144033e-03, 1.65180047e-03,
       3.30360082e-04, 0., 1.65180047e-03, 5.94648160e-03,
       4.62504104e-03, 9.91080189e-04, 6.60720165e-04, 1.65180047e-03,
       6.60720165e-04, 3.30360082e-04, 6.60720165e-04, 0., 0.,
       6.60720165e-04, 6.60720165e-04, 6.60720165e-04, 1.32144033e-03,
       5.12058139e-02, 1.65180047e-03, 6.60720165e-04, 3.30360082e-04,
       1.32144033e-03, 9.91080189e-04, 3.30360082e-04, 1.65180047e-03,
       3.30360082e-04, 3.30360082e-04, 3.30360082e-04, 6.60720165e-04,
       6.60720165e-04, 6.60720165e-04, 0., 9.91080189e-04,
       9.91080189e-04, 0., 2.31252052e-03, 1.98216038e-03,
       6.60720165e-04, 9.91080189e-04, 1.98216038e-03, 2.97324080e-03,
       1.32144033e-03, 2.31252052e-03, 9.91080189e-04, 6.60720165e-04,
       9.91080189e-04, 3.30360094e-03, 1.65180047e-03, 0.,
       2.64288066e-03, 0., 3.30360082e-04, 3.30360082e-04,
       3.30360082e-04, 1.65180047e-03, 1.32144033e-03, 9.91080189e-04,
       1.65180047e-03, 3.30360082e-04, 3.30360082e-04, 3.30360082e-04,
       3.30360082e-04, 2.64288066e-03, 3.30360094e-03, 3.30360082e-04,
       1.65180047e-03, 9.91080189e-04, 1.98216038e-03, 0.,
       6.60720165e-04, 6.60720165e-04, 0., 6.60720165e-04,
       6.60720165e-04, 6.60720165e-04, 3.30360082e-04, 0., 0.,
       3.63396085e-03, 9.91080189e-04, 3.63396085e-03, 1.65180047e-03,
       1.32144033e-03, 3.96432076e-03, 1.32144033e-03, 3.30360082e-04,
       3.30360082e-04, 6.60720165e-04, 9.91080189e-04, 6.60720165e-04,
       3.30360082e-04, 3.30360082e-04, 1.98216038e-03, 6.60720165e-04,
       6.60720165e-04, 3.30360082e-04, 3.30360094e-03, 9.91080189e-04,
       6.60720165e-04, 3.30360082e-04, 3.30360082e-04, 6.60720165e-04,
       0., 1.32144033e-03, 9.91080189e-04, 9.91080189e-04, 0.,
       6.60720165e-04, 3.30360082e-04, 3.30360082e-04, 0.,
       8.91972240e-03, 9.91080189e-04, 1.65180047e-03, 9.91080189e-04,
       3.30360082e-04, 6.60720165e-04, 9.91080189e-04, 6.60720165e-04,
       9.91080189e-04, 1.32144033e-03, 3.30360082e-04, 9.91080189e-04,
       1.65180047e-03, 3.96432076e-03, 1.65180047e-03, 9.91080189e-04,
       1.32144033e-03, 1.22233229e-02, 9.91080189e-04, 3.30360082e-04,
       3.30360082e-04, 1.65180047e-03, 2.64288066e-03, 2.31252052e-03,
       6.60720165e-04, 9.91080189e-04, 3.30360082e-04, 1.65180047e-03,
       0., 9.91080189e-04, 6.60720165e-04, 0., 0., 4.62504104e-03,
       6.60720165e-04, 9.91080189e-04, 0., 3.30360082e-04, 0.,
       9.91080189e-04, 0., 0., 3.30360082e-04, 0., 6.60720165e-04,
       3.30360082e-04, 9.91080189e-04, 3.30360082e-04, 3.30360082e-04,
       2.97324080e-03, 6.60720165e-04, 3.30360082e-04, 0., 0.,
       3.30360082e-04, 3.30360082e-04, 6.60720165e-04, 0.,
       9.91080189e-04, 2.08126847e-02, 0., 2.97324080e-03,
       9.91080189e-04, 6.60720165e-04, 1.98216038e-03, 2.31252052e-03,
       9.91080189e-04, 1.32144033e-03, 6.60720165e-04, 1.32144033e-03,
       3.30360082e-04, 5.94648160e-03, 2.97324080e-03, 1.32144033e-03,
       6.27684174e-03, 6.60720165e-04, 0., 1.65180047e-03, 0., 0.,
       1.65180047e-03, 3.30360082e-04, 1.32144033e-03, 4.95540118e-03,
       9.58044268e-03, 3.30360094e-03, 3.30360082e-04, 2.31252052e-03,
       6.60720165e-04, 6.60720165e-04, 4.29468090e-03, 1.65180047e-03,
       6.60720165e-04, 3.30360082e-04, 6.60720165e-04, 0.,
       1.32144033e-03, 9.91080189e-04, 6.60720165e-04, 1.32144033e-03,
       1.65180047e-03, 1.32144033e-03, 3.30360082e-04, 9.91080189e-04,
       1.65180047e-03, 9.91080189e-04, 3.30360082e-04, 3.30360082e-04,
       3.30360082e-04, 1.32144033e-03, 3.96432076e-03, 2.97324080e-03,
       2.31252052e-03, 9.91080189e-04, 6.60720165e-04, 9.91080189e-04,
       2.97324080e-03, 9.91080189e-04, 1.98216038e-03, 0.,
       1.65180047e-03, 6.60720165e-04, 3.30360082e-04, 6.27684174e-03,
       1.32144033e-03, 4.62504104e-03, 6.60720165e-04, 2.31252052e-03,
       3.63396085e-03, 1.32144033e-03, 1.98216038e-03, 1.32144033e-03,
       1.65180047e-03, 3.30360082e-04, 2.64288066e-03, 3.30360082e-04,
       3.30360082e-04, 3.30360082e-04, 6.60720165e-04, 6.60720165e-04,
       6.60720165e-04, 6.60720165e-04, 3.30360082e-04, 1.98216038e-03,
       0., 2.31252052e-03, 1.32144033e-03, 0., 9.91080189e-04,
       4.95540118e-03, 3.30360082e-04, 9.91080189e-04, 4.62504104e-03,
       6.60720165e-04, 9.91080189e-04, 1.32144033e-03, 3.30360082e-04,
       1.65180047e-03, 0., 4.62504104e-03, 3.30360094e-03,
       6.60720165e-04, 6.27684174e-03, 1.32144033e-03, 6.60720165e-04,
       6.60720165e-04, 6.60720165e-04, 3.30360082e-04, 2.31252052e-03,
       3.30360082e-04, 3.30360082e-04, 3.30360082e-04, 3.30360082e-04,
       6.60720165e-04, 0., 9.91080189e-04, 3.30360082e-04,
       1.32144033e-03, 0., 0., 6.60720165e-04, 9.91080189e-04,
       1.65180047e-03, 2.64288066e-03, 3.30360082e-04, 3.30360082e-04,
       0., 3.30360082e-04, 3.30360082e-04, 3.30360094e-03,
       3.30360082e-04, 0., 1.98216038e-03, 9.91080189e-04,
       5.28576132e-03, 2.64288066e-03, 1.32144033e-03, 1.98216038e-03,
       9.91080189e-04, 3.30360082e-04, 6.60720165e-04, 9.91080189e-04,
       9.91080189e-04, 3.30360082e-04, 1.32144033e-03, 9.91080189e-04,
       9.91080189e-04, 1.32144033e-03, 0., 4.62504104e-03,
       3.30360082e-04, 6.60720165e-04, 6.60720165e-04, 0.,
       5.61612146e-03, 3.63396085e-03, 9.91080189e-04, 6.60720165e-04,
       0., 3.30360082e-04, 6.60720165e-04, 6.60720165e-04,
       5.28576132e-03, 0., 1.65180047e-03, 9.91080189e-04,
       2.64288066e-03, 3.30360082e-04, 6.60720165e-04, 6.60720165e-04,
       0., 1.32144033e-03, 3.30360082e-04, 3.30360082e-04,
       1.32144033e-03, 0., 1.65180047e-03, 3.30360082e-04, 0.,
       9.91080189e-04, 3.30360082e-04, 4.29468090e-03, 3.30360082e-04,
       0., 3.30360082e-04, 9.91080189e-04, 1.32144033e-03,
       6.60720165e-04, 3.30360082e-04, 6.60720165e-04, 6.93756156e-03,
       3.30360082e-04, 2.64288066e-03, 3.30360082e-04, 3.30360082e-04,
       9.91080189e-04, 3.30360082e-04, 6.60720165e-04, 9.91080189e-04,
       6.60720165e-04, 9.91080189e-04, 9.91080189e-04, 6.60720165e-04,
       1.32144033e-03, 0., 0., 1.32144033e-03, 9.91080189e-04,
       1.32144033e-03, 3.30360094e-03, 3.30360094e-03, 2.97324080e-03,
       1.32144033e-03, 4.29468090e-03, 6.60720165e-04, 1.98216038e-03,
       0., 6.60720165e-04, 1.98216038e-03, 9.91080189e-04,
       1.65180047e-03, 6.60720165e-04, 0., 6.60720165e-04,
       6.60720165e-04, 1.65180047e-03, 6.60720165e-04, 3.30360082e-04,
       2.97324080e-03, 0., 2.31252052e-03, 9.91080189e-04,
       5.94648160e-03, 6.60720165e-04, 3.30360082e-04, 6.60720165e-04,
       0., 4.29468090e-03, 3.30360082e-04, 9.91080189e-04,
       1.32144033e-03, 3.30360082e-04, 6.27684174e-03, 6.60720165e-04,
       3.30360082e-04, 4.29468090e-03, 1.32144033e-03, 9.91080189e-04,
       3.30360082e-04, 3.30360082e-04, 2.64288066e-03, 3.30360082e-04,
       1.65180047e-03, 0., 2.31252052e-03, 6.60720165e-04,
       1.65180047e-03, 6.60720165e-04, 3.30360082e-04, 6.60720165e-04,
       0., 0., 3.30360082e-04, 6.60720165e-04, 0., 9.91080189e-04,
       9.91080189e-04, 3.30360082e-04, 2.64288066e-03, 0., 0.,
       1.32144033e-03, 3.30360082e-04, 4.62504104e-03, 3.30360082e-04,
       1.98216038e-03, 6.60720165e-04, 2.64288066e-03, 3.30360082e-04,
       3.30360082e-04, 3.30360082e-04, 9.91080189e-04, 3.30360082e-04,
       0., 2.64288066e-03, 3.30360082e-04, 9.91080189e-04,
       6.60720165e-04, 0., 9.91080189e-04, 2.31252052e-03,
       6.60720165e-04, 1.98216038e-03, 3.30360082e-04, 3.30360082e-04,
       1.98216038e-03, 3.30360082e-04, 6.60720165e-04, 6.60720165e-04,
       9.91080189e-04, 2.31252052e-03, 1.32144033e-03, 9.91080189e-04,
       1.32144033e-03, 1.98216038e-03, 9.91080189e-04, 0.,
       9.91080189e-04, 3.30360082e-04, 6.60720165e-04, 3.30360082e-04,
