%YAML:1.0
m100n: !!opencv-matrix
   rows: 1
   cols: 800
   dt: f
   data: [ 4.04858292e-04, 0., 1.61943317e-03, 2.02429155e-03,
       1.61943317e-03, 0., 8.09716585e-04, 4.04858292e-04,
       4.04858292e-04, 1.21457491e-03, 2.02429155e-03, 1.21457491e-03,
       0., 2.02429155e-03, 8.09716585e-04, 8.09716585e-04,
       1.21457491e-03, 8.09716585e-04, 1.61943317e-03, 2.02429155e-03,
       1.21457491e-03, 2.83400808e-03, 1.21457491e-03, 6.88259117e-03,
       1.21457491e-03, 4.04858292e-04, 2.42914981e-03, 4.04858292e-04,
       2.42914981e-03, 2.42914981e-03, 2.42914981e-03, 1.61943317e-03,
       1.21457491e-03, 1.61943317e-03, 8.09716585e-04, 4.04858292e-04,
       4.04858292e-04, 8.09716585e-04, 1.61943317e-03, 0.,
       1.21457491e-03, 0., 4.04858292e-04, 8.09716585e-04,
       1.61943317e-03, 4.85829962e-03, 4.04858292e-04, 1.61943317e-03,
       0., 1.21457491e-03, 1.21457491e-03, 1.61943317e-03,
       1.21457491e-03, 4.04858292e-04, 8.09716585e-04, 4.04858292e-04,
       0., 2.42914981e-03, 1.21457491e-03, 8.09716585e-04,
       3.23886634e-03, 0., 0., 1.21457491e-03, 3.64372460e-03,
       4.04858292e-04, 4.04858292e-04, 4.04858292e-04, 1.21457491e-03,
       1.21457491e-03, 1.61943317e-03, 8.09716585e-04, 4.04858292e-04,
       8.09716585e-04, 1.61943317e-03, 1.61943317e-03, 6.47773268e-03,
       0., 1.21457491e-03, 2.42914981e-03, 1.21457491e-03,
       1.21457491e-03, 1.21457491e-03, 2.02429155e-03, 8.09716585e-04,
       4.04858292e-04, 4.04858292e-04, 1.61943317e-03, 4.04858292e-04,
       1.21457491e-03, 4.04858292e-04, 4.04858292e-04, 0.,
       4.04858292e-04, 8.09716585e-04, 0., 0., 2.02429155e-03,
       8.09716585e-04, 0., 1.21457491e-03, 4.04858292e-04,
       3.23886634e-03, 1.61943317e-03, 0., 3.64372460e-03,
       8.09716585e-04, 2.02429155e-03, 4.04858292e-04, 8.09716585e-04,
       4.85829962e-03, 1.21457491e-03, 2.42914981e-03, 0.,
       2.02429155e-03, 0., 2.02429155e-03, 8.09716585e-04,
       3.23886634e-03, 1.61943317e-03, 0., 4.04858292e-04,
       8.09716585e-04, 8.09716585e-04, 8.09716585e-04, 2.42914981e-03,
       8.09716585e-04, 8.09716585e-04, 2.83400808e-03, 0.,
       4.45344113e-03, 8.09716585e-04, 1.21457491e-03, 5.26315765e-03,
       1.21457491e-03, 1.61943317e-03, 1.21457491e-03, 1.61943317e-03,
       4.04858292e-04, 1.61943317e-03, 1.61943317e-03, 2.42914981e-03,
       4.04858292e-04, 1.21457491e-03, 8.09716585e-04, 0.,
       4.04858292e-04, 8.09716585e-04, 4.04858292e-04, 0.,
       2.02429155e-03, 0., 1.21457491e-03, 0., 3.64372460e-03, 0.,
       2.42914981e-03, 8.09716585e-04, 0., 8.09716585e-04,
       4.04858292e-04, 4.04858292e-04, 3.64372460e-03, 1.21457491e-03,
       8.09716585e-04, 1.21457491e-03, 8.09716585e-04, 2.02429155e-03,
       4.04858292e-04, 1.21457491e-03, 8.09716585e-04, 2.42914981e-03,
       4.04858292e-04, 0., 2.42914981e-03, 5.26315765e-03,
       8.09716585e-04, 4.04858292e-04, 3.64372460e-03, 4.04858292e-04,
       1.21457491e-03, 8.09716585e-04, 0., 8.09716585e-04,
       4.04858292e-04, 4.04858292e-04, 6.07287418e-03, 8.09716585e-04,
       4.45344113e-03, 1.21457491e-03, 2.42914981e-03, 8.09716585e-04,
       8.09716585e-04, 6.88259117e-03, 8.09716585e-04, 2.02429155e-03,
       1.21457491e-03, 1.61943317e-03, 8.09716585e-04, 6.88259117e-03,
       0., 8.09716585e-04, 8.09716585e-04, 2.42914981e-03, 0.,
       8.09716585e-04, 2.02429155e-03, 8.09716585e-04, 1.21457491e-03,
       0., 8.09716585e-04, 2.42914981e-03, 0., 3.23886634e-03,
       8.09716585e-04, 2.02429155e-03, 1.21457491e-03, 4.04858292e-04,
       1.21457491e-03, 8.09716585e-04, 1.61943317e-03, 0.,
       8.09716585e-04, 4.04858292e-04, 4.04858292e-04, 4.04858292e-04,
       1.21457491e-03, 8.09716585e-04, 8.09716585e-04, 4.04858292e-04,
       8.09716585e-04, 8.09716585e-04, 4.04858292e-04, 3.23886634e-03,
       2.02429155e-03, 8.09716585e-04, 6.07287418e-03, 1.61943317e-03,
       1.21457491e-03, 0., 8.09716585e-04, 8.09716585e-04, 0.,
       1.21457491e-03, 8.09716585e-04, 8.09716585e-04, 0.,
       4.04858292e-04, 8.09716585e-04, 8.09716585e-04, 3.64372460e-03,
       8.09716585e-04, 5.66801615e-03, 4.04858292e-04, 6.47773268e-03,
       1.21457491e-03, 4.04858292e-04, 1.21457491e-03, 0.,
       2.83400808e-03, 8.09716585e-04, 4.04858292e-04, 0.,
       2.42914981e-03, 4.04858292e-04, 4.04858292e-04, 8.09716585e-04,
       0., 0., 1.61943317e-03, 2.02429155e-03, 0., 1.61943317e-03,
       7.28744920e-03, 2.83400808e-03, 1.61943317e-03, 1.61943317e-03,
       1.21457491e-03, 4.04858292e-04, 2.02429155e-03, 8.09716585e-04,
       1.61943317e-03, 4.04858292e-04, 0., 4.04858292e-04, 0.,
       1.21457491e-03, 1.61943317e-03, 4.04858292e-04, 4.04858310e-03,
       5.66801615e-03, 8.09716585e-04, 1.21457491e-03, 8.09716585e-04,
       0., 2.83400808e-03, 1.61943317e-03, 4.04858292e-04,
       4.04858292e-04, 4.04858292e-04, 8.09716585e-04, 4.04858292e-04,
       2.02429155e-03, 3.23886634e-03, 8.09716585e-04, 0.,
       1.21457491e-03, 0., 1.61943317e-03, 1.61943317e-03,
       1.61943317e-03, 4.04858292e-04, 2.83400808e-03, 0.,
       2.02429155e-03, 8.09716585e-04, 8.09716585e-04, 1.21457491e-03,
       1.61943317e-03, 0., 2.42914981e-03, 4.04858292e-04,
       4.04858292e-04, 0., 1.21457491e-03, 4.04858292e-04,
       1.21457491e-03, 4.04858292e-04, 4.04858292e-04, 2.02429155e-03,
       1.21457491e-03, 1.61943317e-03, 2.42914981e-03, 8.09716585e-04,
       4.04858292e-04, 4.04858292e-04, 0., 2.02429155e-03, 0.,
       1.21457491e-03, 2.42914981e-03, 2.02429155e-03, 1.21457491e-03,
       2.02429155e-03, 1.21457491e-03, 4.04858292e-04, 0.,
       1.21457491e-03, 2.02429155e-03, 0., 2.02429155e-03,
       8.09716585e-04, 0., 2.42914981e-03, 0., 4.04858292e-04,
       8.09716585e-04, 0., 0., 3.64372460e-03, 2.42914981e-03,
       1.61943317e-03, 2.02429155e-03, 4.04858292e-04, 2.42914981e-03,
       4.04858310e-03, 1.61943317e-03, 8.09716585e-04, 4.04858292e-04,
       1.21457491e-03, 2.02429155e-03, 1.21457491e-03, 0.,
       1.21457491e-03, 9.31174029e-03, 4.04858292e-04, 4.04858292e-04,
       4.04858310e-03, 1.61943317e-03, 4.04858292e-04, 6.47773268e-03,
       8.09716585e-04, 1.61943317e-03, 8.09716585e-04, 8.09716585e-04,
       4.04858292e-04, 8.09716585e-04, 3.23886634e-03, 2.02429155e-03,
       0., 8.09716585e-04, 2.42914981e-03, 8.09716585e-04,
       8.09716585e-04, 1.61943317e-03, 0., 8.09716585e-04,
       8.09716585e-04, 1.61943317e-03, 1.21457491e-03, 4.04858292e-04,
       8.09716585e-04, 1.21457491e-03, 0., 2.02429155e-03,
       2.02429155e-03, 1.61943317e-03, 8.09716585e-04, 1.61943317e-03,
       0., 8.09716585e-04, 0., 4.04858292e-04, 1.21457491e-03, 0.,
       8.09716585e-04, 0., 3.64372460e-03, 0., 5.66801615e-03,
       2.02429155e-03, 0., 1.21457491e-03, 4.04858292e-04,
       1.21457491e-03, 2.42914981e-03, 2.02429155e-03, 8.09716585e-04,
       4.04858292e-04, 2.83400808e-03, 1.61943317e-03, 0.,
       4.85829962e-03, 1.21457491e-03, 0., 1.21457491e-03,
       8.09716585e-04, 8.09716585e-04, 8.09716585e-04, 0.,
       4.04858292e-04, 0., 1.61943317e-03, 4.04858292e-04,
       2.42914981e-03, 0., 2.83400808e-03, 8.09716585e-04,
       8.09716585e-04, 2.02429155e-03, 8.09716585e-04, 8.09716585e-04,
       4.04858292e-04, 1.61943317e-03, 8.09716585e-04, 1.61943317e-03,
       0., 8.09716585e-04, 4.04858292e-04, 8.09716585e-04,
       8.09716585e-04, 0., 4.04858292e-04, 1.61943317e-03,
       8.09716585e-04, 8.09716585e-04, 0., 1.21457491e-03,
       4.04858292e-04, 3.23886634e-03, 0., 4.04858292e-04,
       3.64372460e-03, 0., 0., 1.61943317e-03, 4.04858292e-04,
       8.09716585e-04, 2.02429155e-03, 3.64372460e-03, 8.09716585e-04,
       4.04858292e-04, 0., 4.04858292e-04, 0., 0., 1.21457491e-03,
       8.09716585e-04, 0., 4.04858292e-04, 1.21457491e-03,
       2.83400808e-03, 4.04858292e-04, 0., 8.09716585e-04,
       5.66801615e-03, 8.09716585e-04, 8.09716585e-04, 0., 0.,
       8.09716585e-04, 0., 2.42914981e-03, 1.21457491e-03,
