%YAML:1.0
m100n: !!opencv-matrix
   rows: 1
   cols: 800
   dt: f
   data: [ 0., 5.48847439e-03, 5.48847427e-04, 1.09769485e-03,
       5.48847427e-04, 2.19538971e-03, 1.09769485e-03, 2.19538971e-03,
       9.87925380e-03, 5.48847427e-04, 5.48847427e-04, 0., 0.,
       1.09769485e-03, 1.09769485e-03, 2.19538971e-03, 0.,
       1.64654222e-03, 9.33040585e-03, 5.48847427e-04, 2.19538971e-03,
       0., 2.74423719e-03, 1.09769485e-03, 0., 0., 1.09769485e-03,
       3.29308445e-03, 1.64654222e-03, 5.48847427e-04, 7.68386386e-03,
       1.09769485e-03, 9.33040585e-03, 0., 0., 1.09769485e-03,
       7.13501638e-03, 0., 0., 0., 0., 0., 0., 5.48847439e-03, 0., 0.,
       3.84193193e-03, 5.48847439e-03, 1.64654222e-03, 1.09769485e-03,
       0., 3.84193193e-03, 2.74423719e-03, 2.74423719e-03, 0., 0.,
       5.48847439e-03, 2.19538971e-03, 0., 0., 1.64654222e-03,
       5.48847427e-04, 5.48847427e-04, 1.09769485e-03, 0.,
       5.48847427e-04, 5.48847427e-04, 5.48847427e-04, 5.48847427e-04,
       5.48847427e-04, 1.09769485e-03, 1.09769485e-03, 0.,
       4.39077942e-03, 0., 0., 2.19538971e-03, 2.19538971e-03,
       5.48847427e-04, 3.84193193e-03, 5.48847427e-04, 1.09769485e-03,
       9.33040585e-03, 0., 2.19538971e-03, 5.48847427e-04, 0.,
       1.26234908e-02, 0., 1.64654222e-03, 0., 5.48847427e-04, 0.,
       5.48847427e-04, 0., 5.48847427e-04, 0., 1.09769485e-03,
       5.48847427e-04, 1.64654222e-03, 1.64654222e-03, 2.74423719e-03,
       5.48847427e-04, 1.64654222e-03, 5.48847427e-04, 1.09769485e-03,
       0., 5.48847427e-04, 0., 0., 5.48847427e-04, 0., 0.,
       5.48847427e-04, 1.64654222e-03, 0., 6.58616889e-03,
       2.74423719e-03, 1.26234908e-02, 2.74423719e-03, 1.64654222e-03,
       0., 5.48847427e-04, 5.48847427e-04, 5.48847427e-04, 0., 0.,
       5.48847427e-04, 2.19538971e-03, 5.48847427e-04, 0.,
       4.93962690e-03, 5.48847427e-04, 0., 5.48847427e-04, 0., 0.,
       2.19538971e-03, 2.74423719e-03, 0., 0., 0., 0., 5.48847427e-04,
       5.48847439e-03, 0., 0., 0., 1.64654222e-03, 1.64654222e-03, 0.,
       1.09769485e-03, 0., 2.19538971e-03, 0., 2.74423719e-03,
       5.48847427e-04, 6.03732187e-03, 5.48847427e-04, 2.74423719e-03,
       4.39077942e-03, 1.09769485e-03, 1.09769485e-03, 5.48847427e-04,
       5.48847427e-04, 5.48847427e-04, 5.48847427e-04, 5.48847427e-04,
       5.48847427e-04, 0., 5.48847427e-04, 2.19538971e-03,
       5.48847439e-03, 2.19538971e-03, 5.48847427e-04, 1.64654222e-03,
       5.48847427e-04, 0., 0., 0., 0., 0., 6.03732187e-03, 0., 0.,
       5.48847427e-04, 0., 1.64654222e-03, 0., 1.64654222e-03, 0.,
       1.09769485e-03, 0., 0., 0., 5.48847427e-04, 0., 1.64654222e-03,
       0., 5.48847427e-04, 0., 5.48847427e-04, 0., 0., 6.03732187e-03,
       0., 5.48847427e-04, 5.48847427e-04, 5.48847427e-04,
       1.09769485e-03, 5.48847427e-04, 5.48847427e-04, 1.09769485e-03,
       5.48847427e-04, 5.48847427e-04, 3.29308445e-03, 7.68386386e-03,
       5.48847427e-04, 5.48847427e-04, 3.29308445e-03, 0.,
       5.48847427e-04, 2.19538971e-03, 4.93962690e-03, 0., 0.,
       1.09769485e-03, 1.64654222e-03, 0., 5.48847427e-04,
       2.74423719e-03, 0., 1.09769485e-03, 0., 5.48847427e-04,
       1.09769485e-03, 5.48847427e-04, 2.19538971e-03, 1.09769485e-03,
       5.48847427e-04, 1.09769485e-03, 0., 1.09769485e-03,
       5.48847427e-04, 5.48847427e-04, 1.64654222e-03, 5.48847427e-04,
       1.64654222e-03, 0., 1.09769485e-03, 0., 2.19538971e-03, 0., 0.,
       5.48847427e-04, 5.48847427e-04, 5.48847427e-04, 0.,
       1.09769485e-03, 1.09769485e-03, 5.48847427e-04, 0.,
       1.09769485e-03, 2.74423719e-03, 0., 5.48847427e-04,
       2.19538971e-03, 0., 0., 5.48847427e-04, 1.09769485e-03, 0., 0.,
       2.19538971e-03, 5.48847427e-04, 0., 5.48847427e-04, 0., 0., 0.,
       0., 5.48847427e-04, 0., 0., 0., 5.48847427e-04, 9.33040585e-03,
       5.48847427e-04, 5.48847427e-04, 0., 5.48847427e-04, 0.,
       1.64654222e-03, 0., 3.84193193e-03, 3.29308445e-03,
       1.09769485e-03, 0., 5.48847427e-04, 2.74423719e-03,
       5.48847427e-04, 1.64654222e-03, 5.48847427e-04, 2.74423719e-03,
       1.09769485e-03, 0., 5.48847427e-04, 5.48847427e-04,
       5.48847427e-04, 0., 5.48847439e-03, 0., 5.48847427e-04, 0.,
       5.48847427e-04, 1.09769485e-03, 5.48847427e-04, 5.48847427e-04,
       5.48847427e-04, 0., 0., 5.48847427e-04, 0., 0., 0.,
       1.09769485e-03, 5.48847427e-04, 0., 5.48847427e-04,
       5.48847427e-04, 0., 2.74423719e-03, 1.09769485e-03,
       1.64654222e-03, 0., 5.48847427e-04, 0., 4.93962690e-03, 0.,
       5.48847427e-04, 0., 2.19538971e-03, 0., 0., 5.48847427e-04,
       1.64654222e-03, 0., 1.09769485e-03, 1.64654222e-03,
       5.48847427e-04, 1.09769485e-03, 1.09769485e-03, 5.48847427e-04,
       0., 1.09769485e-03, 1.09769485e-03, 1.09769485e-03,
       1.09769485e-03, 2.19538971e-03, 6.58616889e-03, 5.48847427e-04,
       1.09769485e-03, 2.74423719e-03, 0., 0., 0., 2.19538971e-03,
       6.03732187e-03, 0., 0., 5.48847427e-04, 1.64654222e-03,
       1.09769485e-03, 0., 3.29308445e-03, 3.29308445e-03, 0.,
       5.48847439e-03, 0., 5.48847427e-04, 5.48847427e-04, 0.,
       3.29308445e-03, 0., 5.48847427e-04, 1.09769485e-03,
       2.19538971e-03, 6.03732187e-03, 4.93962690e-03, 0.,
       3.84193193e-03, 5.48847427e-04, 6.58616889e-03, 0.,
       2.19538971e-03, 5.48847427e-04, 0., 0., 5.48847427e-04,
       6.03732187e-03, 5.48847427e-04, 0., 5.48847427e-04, 0., 0., 0.,
       1.09769485e-03, 1.09769485e-03, 4.93962690e-03, 0.,
       4.39077942e-03, 0., 1.64654222e-03, 3.29308445e-03, 0., 0., 0.,
       1.09769485e-03, 5.48847427e-04, 5.48847427e-04, 0., 0., 0., 0.,
       0., 5.48847427e-04, 1.64654222e-03, 0., 0., 0., 0., 0.,
       7.68386386e-03, 2.19538971e-03, 1.64654222e-03, 3.29308445e-03,
       0., 2.19538971e-03, 5.48847427e-04, 0., 2.74423719e-03,
       5.48847427e-04, 5.48847427e-04, 2.19538971e-03, 0., 0.,
       5.48847427e-04, 5.48847427e-04, 1.64654222e-03, 5.48847427e-04,
       2.74423719e-03, 2.74423719e-03, 1.64654222e-03, 5.48847427e-04,
       1.64654222e-03, 3.29308445e-03, 5.48847427e-04, 0.,
       1.09769485e-03, 3.84193193e-03, 0., 0., 2.19538971e-03,
       5.48847427e-04, 2.19538971e-03, 2.74423719e-03, 5.48847427e-04,
       8.23271181e-03, 0., 5.48847427e-04, 1.09769485e-03,
       5.48847427e-04, 1.09769485e-03, 0., 2.74423719e-03, 0.,
       2.19538971e-03, 2.19538971e-03, 2.19538971e-03, 1.09769485e-03,
       1.09769488e-02, 2.19538971e-03, 0., 0., 2.19538971e-03, 0., 0.,
       0., 5.48847427e-04, 0., 0., 5.48847427e-04, 5.48847427e-04,
       1.64654222e-03, 0., 0., 2.19538971e-03, 6.03732187e-03, 0., 0.,
       0., 5.48847427e-04, 1.09769485e-03, 6.03732187e-03, 0.,
       4.93962690e-03, 2.74423719e-03, 5.48847427e-04, 0.,
       5.48847427e-04, 0., 0., 5.48847427e-04, 1.09769485e-03,
       5.48847427e-04, 3.29308445e-03, 5.48847427e-04, 2.19538971e-03,
       5.48847427e-04, 5.48847427e-04, 5.48847427e-04, 1.64654222e-03,
       0., 4.39077942e-03, 5.48847427e-04, 1.09769485e-03,
       5.48847427e-04, 4.93962690e-03, 5.48847427e-04, 1.64654222e-03,
       0., 1.09769485e-03, 5.48847427e-04, 6.03732187e-03, 0., 0.,
       2.19538971e-03, 0., 1.09769485e-03, 7.68386386e-03, 0.,
       1.09769485e-03, 0., 0., 0., 5.48847427e-04, 0., 2.74423719e-03,
       5.48847427e-04, 0., 5.48847427e-04, 5.48847427e-04, 0., 0.,
       4.39077942e-03, 0., 0., 2.19538971e-03, 5.48847427e-04, 0.,
       3.84193193e-03, 5.48847427e-04, 1.09769485e-03, 1.64654222e-03,
       1.64654222e-03, 1.04281008e-02, 0., 2.74423719e-03,
       1.09769485e-03, 4.39077942e-03, 0., 6.58616889e-03, 0.,
       1.09769485e-03, 0., 4.39077942e-03, 4.93962690e-03,
       1.09769485e-03, 1.09769485e-03, 0., 0., 1.09769485e-03,
       5.48847427e-04, 2.19538971e-03, 4.39077942e-03, 0.,
       1.09769485e-03, 0., 1.09769485e-03, 0., 0., 0., 0.,
       2.74423719e-03, 0., 1.09769485e-03, 5.48847427e-04,
       8.23271181e-03, 4.39077942e-03, 7.68386386e-03, 0.,
