%YAML:1.0
m100n: !!opencv-matrix
   rows: 1
   cols: 800
   dt: f
   data: [ 4.23370017e-04, 5.08044008e-03, 1.27011002e-03,
       2.54022004e-03, 1.69348007e-03, 0., 0., 8.46740033e-04, 0.,
       4.65707015e-03, 8.46740033e-04, 8.46740033e-04, 2.11685011e-03,
       2.54022004e-03, 4.23370017e-04, 2.54022004e-03, 3.81033006e-03,
       0., 8.46740033e-04, 1.27011002e-03, 0., 8.46740033e-04,
       2.96359020e-03, 8.46740033e-04, 0., 0., 1.69348007e-03,
       8.46740033e-04, 8.46740033e-04, 8.46740033e-04, 1.69348007e-03,
       8.46740033e-04, 3.81033006e-03, 1.27011002e-03, 0.,
       8.46740033e-04, 3.81033006e-03, 0., 8.46740033e-04, 0., 0.,
       4.23370017e-04, 4.23370017e-04, 0., 1.69348007e-03,
       4.23370022e-03, 1.69348007e-03, 2.54022004e-03, 8.46740033e-04,
       0., 0., 4.23370017e-04, 8.46740033e-04, 0., 4.23370017e-04,
       4.23370017e-04, 8.46740033e-04, 2.54022004e-03, 1.27011002e-03,
       1.27011002e-03, 4.65707015e-03, 0., 8.46740033e-04,
       8.46740033e-04, 4.23370017e-04, 4.23370017e-04, 4.23370017e-04,
       1.27011002e-03, 8.46740033e-04, 4.23370017e-04, 4.23370022e-03,
       8.46740033e-04, 2.54022004e-03, 0., 4.23370017e-04,
       1.69348007e-03, 1.69348007e-03, 0., 1.27011002e-03,
       4.23370022e-03, 5.92718041e-03, 1.27011002e-03, 1.27011002e-03,
       4.23370017e-04, 1.27011002e-03, 5.92718041e-03, 1.27011002e-03,
       3.38696013e-03, 8.46740033e-04, 1.69348007e-03, 0., 0.,
       8.46740033e-04, 0., 1.27011002e-03, 0., 4.23370017e-04,
       3.38696013e-03, 0., 8.46740033e-04, 1.69348007e-03, 0.,
       1.69348007e-03, 4.23370017e-04, 0., 1.27011002e-03,
       2.54022004e-03, 1.69348007e-03, 1.27011002e-03, 4.23370017e-04,
       6.35055033e-03, 1.69348007e-03, 2.54022004e-03, 0.,
       1.27011002e-03, 0., 9.73751023e-03, 4.23370017e-04,
       6.35055033e-03, 0., 8.46740033e-04, 1.27011002e-03,
       1.27011002e-03, 8.46740033e-04, 0., 2.96359020e-03,
       8.46740033e-04, 4.23370017e-04, 1.69348007e-03, 8.46740033e-04,
       1.69348007e-03, 1.27011002e-03, 8.46740033e-04, 6.77392026e-03,
       4.23370017e-04, 4.23370017e-04, 4.23370017e-04, 1.27011002e-03,
       0., 1.27011002e-03, 3.38696013e-03, 1.27011002e-03, 0.,
       1.27011002e-03, 1.27011002e-03, 4.23370017e-04, 4.23370017e-04,
       1.27011002e-03, 0., 4.23370017e-04, 0., 0., 4.23370017e-04,
       8.46740033e-04, 1.69348007e-03, 0., 1.27011002e-03, 0., 0.,
       1.27011002e-03, 8.46740033e-04, 5.92718041e-03, 2.11685011e-03,
       4.23370017e-04, 2.54022004e-03, 2.11685011e-03, 8.46740033e-04,
       1.27011002e-03, 1.27011002e-03, 8.46740033e-04, 1.27011002e-03,
       2.11685011e-03, 4.23370017e-04, 0., 8.46740033e-04,
       2.11685011e-03, 4.23370017e-04, 3.38696013e-03, 4.23370022e-03,
       0., 4.23370022e-03, 3.81033006e-03, 1.69348007e-03,
       8.46740033e-04, 4.23370017e-04, 0., 1.27011002e-03, 0.,
       8.46740033e-04, 0., 4.23370022e-03, 1.27011002e-03,
       2.54022004e-03, 3.81033006e-03, 1.69348007e-03, 4.65707015e-03,
       4.23370017e-04, 0., 8.46740033e-04, 2.96359020e-03,
       4.23370017e-04, 8.46740033e-04, 4.23370017e-04, 4.23370017e-04,
       7.19729019e-03, 0., 6.77392026e-03, 2.11685011e-03,
       4.23370017e-04, 0., 1.27011002e-03, 1.69348007e-03,
       4.23370017e-04, 0., 8.46740033e-04, 1.69348007e-03,
       8.46740033e-04, 1.27011002e-03, 3.38696013e-03, 8.46740033e-04,
       4.23370017e-04, 8.46740033e-04, 8.46740033e-04, 8.46740033e-04,
       1.69348007e-03, 4.23370017e-04, 4.23370017e-04, 1.27011002e-03,
       0., 8.46740033e-04, 2.54022004e-03, 8.46740033e-04,
       8.46740033e-04, 2.96359020e-03, 4.23370017e-04, 1.69348007e-03,
       1.69348007e-03, 1.69348007e-03, 8.46740033e-04, 0.,
       8.46740033e-04, 8.46740033e-04, 2.11685011e-03, 2.11685011e-03,
       8.46740033e-04, 2.96359020e-03, 0., 8.46740033e-04,
       8.46740033e-04, 1.69348007e-03, 2.11685011e-03, 4.23370017e-04,
       8.46740033e-04, 0., 4.23370022e-03, 2.54022004e-03,
       8.46740033e-04, 1.27011002e-03, 8.46740033e-04, 1.27011002e-03,
       1.27011002e-03, 0., 0., 4.23370022e-03, 1.69348007e-03,
       8.46740033e-04, 1.27011002e-03, 2.54022004e-03, 0.,
       8.46740033e-04, 2.54022004e-03, 4.23370017e-04, 8.46740033e-04,
       6.77392026e-03, 3.38696013e-03, 4.23370017e-04, 2.11685011e-03,
       8.46740033e-04, 8.46740033e-04, 8.46740033e-04, 1.27011002e-03,
       1.69348007e-03, 8.46740033e-04, 0., 8.46740033e-04,
       8.46740033e-04, 3.81033006e-03, 1.27011002e-03, 8.46740033e-04,
       4.65707015e-03, 2.54022004e-03, 1.27011002e-03, 1.27011002e-03,
       4.23370017e-04, 4.23370017e-04, 8.46740033e-04, 2.54022004e-03,
       0., 1.69348007e-03, 1.27011002e-03, 0., 4.23370017e-04,
       1.27011002e-03, 2.54022004e-03, 8.46740033e-04, 0., 0.,
       4.23370017e-04, 4.65707015e-03, 8.46740033e-04, 1.69348007e-03,
       0., 2.11685011e-03, 8.46740033e-04, 4.23370017e-04,
       8.46740033e-04, 4.23370017e-04, 8.46740033e-04, 1.69348007e-03,
       0., 4.23370017e-04, 4.23370017e-04, 8.46740033e-04,
       4.23370017e-04, 8.46740033e-04, 0., 3.81033006e-03, 0., 0.,
       2.54022004e-03, 4.23370017e-04, 4.23370017e-04, 8.46740033e-04,
       1.69348007e-03, 4.23370017e-04, 0., 5.08044008e-03, 0.,
       4.23370017e-04, 0., 1.27011002e-03, 2.54022004e-03, 0.,
       1.27011002e-03, 8.46740033e-04, 1.27011002e-03, 4.23370017e-04,
       2.96359020e-03, 8.46740033e-04, 0., 2.11685011e-03,
       8.46740033e-04, 8.46740033e-04, 2.11685011e-03, 4.23370017e-04,
       2.54022004e-03, 3.38696013e-03, 4.23370017e-04, 8.46740033e-04,
       2.11685011e-03, 1.69348007e-03, 4.23370017e-04, 0., 0.,
       4.23370017e-04, 2.96359020e-03, 0., 0., 0., 2.11685011e-03,
       1.69348007e-03, 0., 4.23370017e-04, 1.69348007e-03,
       1.69348007e-03, 8.46740033e-04, 0., 0., 1.27011002e-03,
       4.23370017e-04, 4.65707015e-03, 0., 3.38696013e-03,
       1.27011002e-03, 4.23370022e-03, 0., 4.23370017e-04, 0.,
       8.46740033e-04, 8.46740033e-04, 2.11685011e-03, 2.11685011e-03,
       8.46740033e-04, 5.92718041e-03, 4.23370017e-04, 8.46740033e-04,
       3.81033006e-03, 1.27011002e-03, 2.96359020e-03, 8.46740033e-04,
       4.23370017e-04, 0., 2.11685011e-03, 2.54022004e-03,
       8.46740033e-04, 1.69348007e-03, 2.54022004e-03, 4.23370017e-04,
       1.27011002e-03, 1.27011002e-03, 0., 2.11685011e-03,
       8.46740033e-04, 4.23370017e-04, 8.46740033e-04, 0., 0.,
       3.38696013e-03, 0., 8.46740033e-04, 8.46740033e-04, 0.,
       8.46740033e-04, 0., 0., 4.23370017e-04, 1.69348007e-03,
       1.27011002e-03, 0., 8.46740033e-04, 1.69348007e-03,
       2.11685011e-03, 5.50381001e-03, 4.23370017e-04, 1.27011002e-03,
       2.54022004e-03, 4.23370017e-04, 0., 8.46740033e-04, 0.,
       2.11685011e-03, 4.23370017e-04, 4.23370017e-04, 8.46740033e-04,
       8.46740033e-04, 1.69348007e-03, 2.11685011e-03, 4.23370017e-04,
       8.46740033e-04, 0., 1.27011002e-03, 1.27011002e-03,
       4.23370017e-04, 3.81033006e-03, 1.27011002e-03, 4.23370017e-04,
       5.08044008e-03, 4.23370017e-04, 4.23370017e-04, 0.,
       5.50381001e-03, 8.46740033e-04, 0., 1.69348007e-03,
       4.23370017e-04, 4.23370017e-04, 0., 2.96359020e-03,
       4.23370017e-04, 1.27011002e-03, 1.69348007e-03, 2.54022004e-03,
       5.50381001e-03, 8.46740033e-04, 4.23370017e-04, 4.23370017e-04,
       8.46740033e-04, 4.23370017e-04, 0., 1.27011002e-03, 0.,
       1.27011002e-03, 4.23370017e-04, 1.27011002e-03, 4.23370017e-04,
       4.23370017e-04, 4.23370017e-04, 1.27011002e-03, 0.,
       4.23370017e-04, 3.38696013e-03, 4.23370017e-04, 0.,
       1.69348007e-03, 8.46740033e-04, 1.69348007e-03, 0., 0., 0.,
       4.23370017e-04, 4.23370017e-04, 4.23370017e-04, 2.96359020e-03,
       4.23370017e-04, 1.69348007e-03, 2.11685011e-03, 4.23370022e-03,
       4.23370017e-04, 4.23370017e-04, 4.23370022e-03, 1.27011002e-03,
       0., 2.54022004e-03, 8.46740033e-04, 4.23370017e-04, 0., 0., 0.,
       4.23370017e-04, 4.23370017e-04, 0., 8.46740033e-04,
