%YAML:1.0
m100n: !!opencv-matrix
   rows: 1
   cols: 800
   dt: f
   data: [ 1.00704934e-03, 1.34273246e-03, 3.35683115e-04,
       1.00704934e-03, 6.71366230e-04, 1.00704934e-03, 1.67841557e-03,
       3.35683115e-04, 6.71366230e-04, 1.00704934e-03, 6.04229607e-03,
       3.35683115e-03, 6.71366230e-04, 6.71366230e-04, 2.01409869e-03,
       2.68546492e-03, 3.35683115e-04, 6.71366230e-04, 6.71366230e-04,
       0., 0., 3.35683115e-04, 2.34978180e-03, 6.71366230e-04,
       1.81268882e-02, 6.71366230e-04, 3.35683115e-04, 6.71366230e-04,
       0., 3.35683115e-04, 2.68546492e-03, 0., 6.71366230e-04, 0.,
       3.35683115e-04, 3.35683115e-04, 6.71366230e-04, 3.35683115e-04,
       3.35683115e-04, 3.35683115e-04, 3.35683115e-04, 4.36388049e-03,
       1.34273246e-03, 4.02819738e-03, 6.71366230e-04, 0.,
       2.34978180e-03, 5.37092984e-03, 3.35683115e-04, 4.36388049e-03,
       3.35683115e-04, 3.35683115e-04, 1.00704934e-03, 2.34978180e-03,
       1.00704934e-03, 1.34273246e-03, 3.69251426e-03, 6.71366230e-04,
       0., 6.71366230e-04, 6.71366230e-04, 3.35683115e-04,
       8.39207787e-03, 6.71366230e-04, 3.02114803e-03, 0., 0., 0.,
       3.35683115e-04, 3.02114803e-03, 3.02114803e-03, 6.71366230e-04,
       2.34978180e-03, 1.00704934e-03, 3.35683115e-03, 0., 0.,
       1.34273246e-03, 3.35683115e-04, 6.71366230e-04, 1.00704934e-03,
       0., 0., 6.71366230e-04, 3.35683115e-04, 1.00704934e-03, 0.,
       3.35683115e-04, 3.35683115e-04, 3.35683115e-04, 2.68546492e-03,
       0., 0., 6.71366230e-04, 0., 6.71366230e-04, 0., 0.,
       1.34273246e-03, 1.34273246e-03, 6.71366230e-04, 1.00704934e-03,
       2.01409869e-03, 1.34273246e-03, 1.00704934e-03, 1.00704934e-03,
       3.35683115e-04, 0., 0., 0., 3.35683115e-04, 3.35683115e-04, 0.,
       1.34273246e-03, 0., 6.71366230e-04, 1.00704934e-03, 0.,
       3.02114803e-03, 2.34978180e-03, 2.34978180e-03, 3.35683115e-04,
       6.71366230e-04, 3.35683115e-04, 2.34978180e-03, 3.35683115e-04,
       1.67841557e-03, 3.35683115e-04, 6.71366230e-04, 3.35683115e-04,
       6.71366230e-04, 4.02819738e-03, 1.34273246e-03, 3.35683115e-04,
       0., 1.81268882e-02, 6.71366230e-04, 1.00704934e-03,
       1.00704934e-03, 3.35683115e-04, 1.00704934e-03, 2.01409869e-03,
       1.00704934e-03, 0., 3.35683115e-04, 6.71366230e-04,
       3.35683115e-04, 3.35683115e-04, 6.71366230e-04, 1.00704934e-03,
       0., 1.00704934e-03, 6.71366230e-04, 6.71366230e-04,
       6.71366230e-04, 3.35683115e-04, 6.71366230e-04, 6.71366230e-04,
       0., 3.35683115e-04, 0., 0., 0., 2.34978180e-03, 3.35683115e-04,
       1.00704934e-03, 0., 1.34273246e-03, 6.71366230e-04, 0.,
       1.00704934e-03, 3.35683115e-04, 3.35683115e-04, 3.35683115e-04,
       1.34273246e-03, 0., 6.71366230e-04, 1.51057402e-02, 0.,
       6.71366230e-04, 1.00704934e-03, 3.35683115e-04, 1.67841557e-03,
       1.34273246e-03, 1.00704934e-03, 1.00704934e-03, 1.34273246e-03,
       6.71366230e-04, 1.00704934e-03, 3.02114803e-03, 7.04934541e-03,
       2.34978180e-03, 6.71366230e-03, 6.71366230e-04, 0.,
       6.71366230e-04, 1.00704934e-03, 3.35683115e-04, 3.35683115e-04,
       3.35683115e-04, 6.71366230e-04, 5.03524672e-03, 7.04934541e-03,
       1.20845921e-02, 0., 2.01409869e-03, 1.34273246e-03,
       1.00704934e-03, 3.69251426e-03, 3.35683115e-04, 3.35683115e-04,
       0., 1.10775428e-02, 1.34273246e-03, 1.67841557e-03, 0.,
       1.67841557e-03, 1.34273246e-03, 6.71366230e-04, 3.35683115e-04,
       0., 6.71366230e-04, 3.35683115e-04, 1.34273246e-03, 0.,
       3.35683115e-04, 1.00704934e-03, 1.00704934e-03, 1.34273246e-03,
       3.69251426e-03, 2.68546492e-03, 0., 6.71366230e-04,
       6.71366230e-04, 0., 3.35683115e-04, 1.67841557e-03, 0.,
       6.71366230e-04, 0., 6.71366230e-04, 3.69251426e-03,
       1.34273246e-03, 7.38502853e-03, 6.71366230e-04, 0.,
       7.38502853e-03, 0., 6.71366230e-04, 6.71366230e-04,
       1.00704934e-03, 1.00704934e-03, 1.00704934e-03, 2.68546492e-03,
       6.71366230e-04, 0., 1.04061766e-02, 3.35683115e-04,
       6.71366230e-04, 0., 6.71366230e-04, 1.00704934e-03,
       6.71366230e-04, 1.67841557e-03, 0., 1.34273246e-03,
       6.71366230e-04, 1.54414233e-02, 0., 6.71366230e-04,
       4.36388049e-03, 0., 0., 0., 6.71366230e-04, 3.69251426e-03, 0.,
       6.04229607e-03, 1.34273246e-03, 3.35683115e-04, 3.35683115e-03,
       1.00704934e-03, 6.71366230e-04, 0., 6.71366230e-04, 0.,
       2.01409869e-03, 3.35683115e-04, 3.35683115e-04, 3.35683115e-04,
       1.00704934e-03, 3.35683115e-04, 1.00704934e-03, 3.35683115e-04,
       6.71366230e-04, 1.00704934e-03, 0., 0., 6.71366230e-04,
       1.00704934e-03, 6.71366230e-04, 1.34273246e-03, 0.,
       3.35683115e-04, 1.00704934e-03, 2.68546492e-03, 0.,
       8.72776099e-03, 3.35683115e-04, 3.02114803e-03, 6.71366230e-04,
       3.35683115e-04, 1.67841557e-03, 1.67841557e-03, 0.,
       1.00704934e-03, 1.00704934e-03, 6.71366230e-04, 3.35683115e-04,
       3.35683115e-04, 3.35683115e-04, 3.35683115e-04, 1.00704934e-03,
       6.71366230e-04, 6.71366230e-04, 1.00704934e-03, 0.,
       4.36388049e-03, 3.35683115e-04, 1.00704934e-03, 3.35683115e-04,
       3.35683115e-04, 6.04229607e-03, 6.71366230e-03, 0.,
       1.34273246e-03, 3.35683115e-04, 0., 3.35683115e-04,
       6.71366230e-04, 5.03524672e-03, 0., 6.71366230e-04, 0.,
       1.34273246e-03, 0., 3.35683115e-04, 0., 3.35683115e-04,
       4.02819738e-03, 6.71366230e-04, 0., 0., 3.35683115e-04,
       1.00704934e-03, 3.35683115e-04, 1.00704934e-03, 1.34273246e-03,
       6.71366230e-04, 4.02819738e-03, 6.71366230e-04, 0., 0.,
       3.35683115e-04, 3.35683115e-04, 0., 6.71366230e-04, 0.,
       6.71366230e-03, 1.00704934e-03, 2.34978180e-03, 0.,
       3.35683115e-04, 6.71366230e-04, 3.35683115e-04, 6.71366230e-04,
       2.01409869e-03, 1.00704934e-03, 1.00704934e-03, 0.,
       2.34978180e-03, 3.35683115e-04, 3.35683115e-04, 0.,
       3.02114803e-03, 0., 3.35683115e-04, 4.69956361e-03,
       4.02819738e-03, 6.37797918e-03, 1.14132259e-02, 5.03524672e-03,
       0., 1.67841557e-03, 6.71366230e-04, 3.35683115e-04,
       9.73481033e-03, 2.01409869e-03, 1.00704934e-03, 1.00704934e-03,
       0., 0., 0., 3.35683115e-03, 3.35683115e-04, 3.35683115e-04,
       4.02819738e-03, 0., 1.34273246e-03, 3.35683115e-04,
       4.69956361e-03, 2.01409869e-03, 3.35683115e-04, 0.,
       3.35683115e-04, 5.37092984e-03, 0., 6.71366230e-04, 0.,
       3.35683115e-04, 4.36388049e-03, 3.35683115e-04, 3.35683115e-04,
       3.35683115e-03, 1.67841557e-03, 0., 3.35683115e-04,
       6.71366230e-04, 2.01409869e-03, 2.01409869e-03, 1.34273246e-03,
       1.34273246e-03, 1.00704934e-03, 3.35683115e-04, 2.01409869e-03,
       3.35683115e-04, 3.35683115e-04, 0., 3.35683115e-04,
       1.00704934e-03, 1.34273246e-03, 6.71366230e-04, 6.71366230e-04,
       1.00704934e-03, 6.71366230e-04, 1.00704934e-03, 2.68546492e-03,
       3.35683115e-04, 3.35683115e-04, 1.34273246e-03, 0.,
       3.35683115e-04, 6.71366230e-04, 1.34273246e-03, 6.71366230e-04,
       2.34978180e-03, 1.00704934e-03, 1.00704934e-03, 0.,
       6.71366230e-04, 0., 0., 3.69251426e-03, 0., 6.71366230e-04, 0.,
       1.00704934e-03, 3.35683115e-04, 2.34978180e-03, 1.34273246e-03,
       2.68546492e-03, 6.71366230e-04, 0., 2.34978180e-03, 0.,
       6.71366230e-04, 0., 6.71366230e-04, 3.69251426e-03,
       2.34978180e-03, 0., 2.01409869e-03, 2.01409869e-03,
       1.67841557e-03, 0., 2.01409869e-03, 6.71366230e-04,
       3.35683115e-04, 6.71366230e-04, 0., 6.71366230e-04,
       6.71366230e-04, 3.35683115e-04, 0., 3.35683115e-04,
       3.35683115e-04, 6.71366230e-04, 0., 0., 0., 3.35683115e-04,
       3.35683115e-04, 3.35683115e-04, 0., 3.35683115e-04,
       3.35683115e-04, 3.35683115e-04, 3.35683115e-04, 1.00704934e-03,
       6.71366230e-04, 1.34273246e-03, 6.71366230e-04, 0., 0., 0., 0.,
       1.67841557e-03, 0., 3.02114803e-03, 0., 4.02819738e-03,
       1.67841557e-03, 2.34978180e-03, 0., 2.01409869e-03,
       6.71366230e-04, 0., 3.35683115e-04, 3.02114803e-03, 0.,
