%YAML:1.0
m100n: !!opencv-matrix
   rows: 1
   cols: 800
   dt: f
   data: [ 1.33600540e-03, 1.33600540e-03, 2.67201080e-03, 0.,
       6.68002700e-04, 2.67201080e-03, 1.33600540e-03, 4.67601884e-03,
       6.01202436e-03, 1.33600540e-03, 6.68002700e-04, 0., 0., 0.,
       6.68002700e-04, 2.00400804e-03, 6.68002700e-04, 2.00400804e-03,
       1.33600540e-03, 6.68002700e-04, 6.68002700e-04, 6.68002700e-04,
       6.68002700e-04, 6.68002700e-04, 0., 1.33600540e-03, 0., 0., 0.,
       4.00801608e-03, 4.00801608e-03, 6.68002700e-04, 1.33600540e-03,
       0., 0., 2.00400804e-03, 0., 1.33600540e-03, 3.34001356e-03,
       5.34402160e-03, 6.68002700e-04, 4.00801608e-03, 0.,
       4.67601884e-03, 6.68002700e-04, 1.33600540e-03, 2.00400804e-03,
       0., 0., 0., 0., 6.68002700e-04, 6.68002700e-04, 0., 0.,
       1.33600540e-03, 2.00400804e-03, 3.34001356e-03, 0., 0.,
       1.33600540e-03, 3.34001356e-03, 1.33600540e-03, 0.,
       1.67000666e-02, 0., 0., 2.67201080e-03, 0., 6.68002700e-04,
       2.00400804e-03, 2.00400804e-03, 6.68002700e-04, 2.00400804e-03,
       0., 2.67201080e-03, 3.34001356e-03, 1.33600540e-03,
       6.68002700e-04, 0., 0., 0., 4.67601884e-03, 0., 4.00801608e-03,
       4.00801608e-03, 6.68002700e-04, 4.00801608e-03, 0.,
       1.33600540e-03, 2.67201080e-03, 2.67201080e-03, 6.68002700e-04,
       6.68002700e-04, 0., 2.67201080e-03, 0., 0., 0., 0., 0.,
       2.00400804e-03, 1.33600540e-03, 1.33600540e-03, 2.00400804e-03,
       6.68002700e-04, 6.68002700e-04, 0., 0., 2.67201080e-03, 0.,
       6.68002700e-04, 0., 6.68002700e-04, 3.34001356e-03,
       2.00400804e-03, 1.33600540e-03, 6.68002700e-04, 2.53841020e-02,
       0., 2.00400804e-03, 0., 0., 0., 0., 0., 5.34402160e-03, 0.,
       6.68002700e-04, 6.68002700e-04, 0., 2.00400804e-03, 0.,
       1.33600540e-03, 0., 2.00400804e-03, 1.33600540e-03,
       4.00801608e-03, 6.68002700e-04, 6.68002700e-04, 0.,
       6.68002700e-04, 1.33600540e-03, 2.00400804e-03, 6.68002700e-04,
       0., 6.68002700e-04, 1.33600540e-03, 1.33600540e-03,
       6.68002700e-04, 2.67201080e-03, 0., 0., 0., 0., 6.68002700e-04,
       0., 1.33600540e-03, 0., 2.00400804e-03, 6.68002700e-04,
       1.33600540e-03, 0., 1.33600540e-03, 0., 0., 0., 1.33600540e-03,
       6.68002700e-04, 6.68002700e-04, 6.68002700e-04, 1.33600540e-03,
       6.68002700e-04, 0., 0., 1.33600540e-03, 6.68002700e-04,
       6.68002700e-04, 1.33600540e-03, 2.67201080e-03, 6.68002700e-04,
       0., 4.67601884e-03, 0., 0., 2.67201080e-03, 0., 1.33600540e-03,
       6.68002700e-04, 0., 6.68002700e-04, 0., 3.34001356e-03, 0.,
       6.68002700e-04, 6.68002700e-04, 1.33600540e-03, 2.67201080e-03,
       0., 0., 2.00400804e-03, 2.00400804e-03, 0., 1.33600540e-03,
       1.33600540e-03, 0., 1.33600540e-03, 1.33600540e-03,
       4.00801608e-03, 0., 0., 5.34402160e-03, 2.67201080e-03,
       1.33600540e-03, 6.68002700e-04, 2.00400804e-03, 3.34001356e-03,
       4.67601884e-03, 2.00400804e-03, 2.00400804e-03, 0., 0.,
       3.34001356e-03, 1.33600540e-03, 2.00400804e-03, 6.68002700e-04,
       0., 1.33600540e-03, 2.00400804e-03, 0., 2.67201080e-03, 0.,
       2.00400804e-03, 1.33600540e-03, 1.33600540e-03, 0.,
       2.00400804e-03, 0., 1.33600540e-03, 1.33600540e-03, 0., 0.,
       6.68002700e-04, 1.33600540e-03, 0., 0., 1.33600540e-03,
       6.68002700e-04, 1.33600540e-03, 0., 6.68002700e-04,
       1.33600540e-03, 6.68002700e-04, 0., 0., 0., 0., 6.68002700e-04,
       0., 6.68002700e-04, 6.68002700e-04, 0., 3.34001356e-03,
       5.34402160e-03, 0., 2.00400804e-03, 4.67601884e-03, 0., 0., 0.,
       0., 1.33600540e-03, 0., 1.33600540e-03, 1.33600540e-03, 0.,
       6.68002700e-04, 0., 6.68002700e-04, 0., 0., 6.68002700e-04,
       6.68002700e-04, 2.00400804e-03, 0., 2.00400804e-03, 0.,
       2.00400804e-03, 0., 0., 6.68002700e-04, 6.68002700e-04,
       1.33600540e-03, 0., 6.01202436e-03, 6.68002700e-04,
       1.33600540e-03, 0., 6.68002700e-04, 2.00400804e-03, 0.,
       2.00400804e-03, 1.33600540e-03, 2.67201080e-03, 3.34001356e-03,
       0., 2.00400804e-03, 6.68002700e-04, 6.68002700e-04,
       1.33600540e-03, 6.68002700e-04, 0., 0., 1.33600540e-03,
       6.68002700e-04, 0., 6.68002700e-04, 0., 1.33600540e-03,
       6.68002700e-04, 0., 0., 6.68002700e-04, 0., 0., 6.68002700e-04,
       0., 0., 0., 6.68002700e-04, 0., 0., 0., 6.68002700e-04,
       6.68002700e-04, 1.33600540e-03, 6.68002700e-04, 3.34001356e-03,
       1.33600540e-03, 6.68002700e-04, 6.68002700e-04, 3.34001356e-03,
       0., 6.68002700e-04, 6.68002700e-04, 0., 0., 6.68002700e-04,
       6.68002700e-04, 1.33600540e-03, 2.00400804e-03, 6.68002700e-04,
       1.33600540e-03, 0., 0., 4.67601884e-03, 0., 1.33600540e-03,
       1.33600540e-03, 3.34001356e-03, 0., 0., 6.68002700e-04, 0.,
       2.00400804e-03, 6.68002700e-04, 2.00400804e-03, 6.68002700e-04,
       0., 1.33600540e-03, 6.68002700e-04, 3.34001356e-03, 0.,
       6.68002700e-04, 0., 2.67201080e-03, 0., 2.67201080e-03, 0., 0.,
       0., 0., 4.00801608e-03, 6.68002700e-04, 1.33600540e-03,
       6.68002700e-04, 2.00400804e-03, 1.33600540e-03, 6.01202436e-03,
       0., 2.00400804e-03, 6.68002700e-04, 1.33600542e-02,
       1.33600540e-03, 1.33600540e-03, 2.00400804e-03, 1.33600540e-03,
       6.68002700e-04, 6.68002700e-04, 1.33600540e-03, 0.,
       6.68002700e-04, 0., 0., 1.33600540e-03, 0., 0., 6.68002700e-04,
       2.00400804e-03, 0., 4.67601884e-03, 0., 1.33600540e-03,
       4.00801608e-03, 0., 1.33600540e-03, 6.68002700e-04,
       6.68002700e-04, 6.68002700e-04, 1.33600540e-03, 6.68002700e-04,
       0., 0., 2.00400804e-03, 6.68002700e-04, 6.68002700e-04,
       6.68002700e-04, 6.68002700e-04, 2.00400804e-03, 0.,
       2.40480974e-02, 0., 4.67601884e-03, 1.33600540e-03,
       6.68002700e-04, 6.68002700e-04, 0., 0., 6.68002700e-04, 0.,
       3.34001356e-03, 0., 2.00400804e-03, 3.34001356e-03,
       6.68002700e-04, 6.68002700e-04, 6.68002700e-04, 0.,
       6.68002700e-04, 0., 6.68002700e-04, 4.67601884e-03, 0., 0.,
       1.33600540e-03, 0., 0., 6.68002700e-04, 6.68002700e-04,
       4.67601884e-03, 0., 0., 4.00801608e-03, 1.33600540e-03,
       8.01603217e-03, 6.68002700e-04, 2.00400804e-03, 2.00400804e-03,
       2.67201080e-03, 2.00400804e-03, 0., 2.67201080e-03,
       1.33600540e-03, 1.33600540e-03, 3.34001356e-03, 6.68002700e-04,
       2.00400804e-03, 2.67201080e-03, 8.01603217e-03, 0.,
       1.33600540e-03, 6.68002700e-04, 6.68002700e-04, 1.33600540e-03,
       0., 6.68002700e-04, 0., 6.68002700e-04, 0., 0., 6.68002700e-04,
       6.68002700e-04, 0., 2.00400804e-03, 6.68002700e-04, 0., 0.,
       6.68002700e-04, 0., 0., 6.68002700e-04, 2.00400804e-03, 0.,
       2.00400804e-03, 0., 3.34001356e-03, 3.34001356e-03,
       3.34001356e-03, 1.33600540e-03, 6.68002700e-04, 0.,
       5.34402160e-03, 0., 0., 1.33600540e-03, 6.68002700e-04, 0.,
       6.68002700e-04, 0., 6.68002700e-04, 1.33600540e-03,
       2.00400804e-03, 6.68002700e-04, 1.33600540e-03, 0.,
       6.68002700e-04, 0., 0., 0., 3.34001356e-03, 0., 2.00400804e-03,
       0., 3.34001356e-03, 6.68002700e-04, 0., 0., 6.68002700e-04,
       6.68002700e-04, 7.34802987e-03, 0., 0., 0., 0., 1.33600540e-03,
       0., 0., 0., 8.68403539e-03, 0., 0., 1.33600540e-03, 0.,
       1.33600540e-03, 0., 6.68002700e-04, 2.00400804e-03, 0.,
       3.34001356e-03, 6.68002700e-04, 6.68002700e-04, 6.68002700e-04,
       2.67201080e-03, 6.68002700e-04, 1.33600540e-03, 2.00400804e-03,
       0., 6.68002700e-04, 0., 3.34001356e-03, 1.00200409e-02,
       2.00400804e-03, 2.67201080e-03, 6.68002700e-04, 6.68002700e-04,
       6.01202436e-03, 6.01202436e-03, 0., 0., 6.68002700e-04,
       3.34001356e-03, 1.33600540e-03, 2.00400804e-03, 6.68002700e-04,
       6.68002700e-04, 6.68002700e-04, 0., 0., 0., 2.00400804e-03,
       6.68002700e-04, 2.00400804e-03, 1.73680708e-02, 1.33600540e-03,
       0., 1.33600540e-03, 1.33600540e-03, 2.00400804e-03,
       6.68002712e-03, 2.00400804e-03, 0., 1.20240487e-02, 0.,
