%YAML:1.0
m100n: !!opencv-matrix
   rows: 1
   cols: 800
   dt: f
   data: [ 6.89417415e-04, 0., 3.44708702e-03, 3.44708707e-04, 0., 0.,
       0., 0., 0., 1.03412615e-03, 6.89417415e-04, 6.89417415e-04,
       5.86004788e-03, 3.44708702e-03, 6.89417415e-04, 2.41296086e-03,
       1.72354351e-03, 3.44708707e-04, 1.03412615e-03, 6.89417415e-04,
       3.44708707e-04, 1.72354351e-03, 0., 5.17063076e-03,
       1.37883483e-03, 1.03412615e-03, 2.41296086e-03, 2.06825230e-03,
       2.41296086e-03, 4.13650461e-03, 6.89417415e-04, 1.37883483e-03,
       0., 0., 0., 3.44708707e-04, 6.89417415e-04, 6.89417415e-04,
       2.06825230e-03, 6.89417415e-04, 1.03412615e-03, 6.89417415e-04,
       3.44708707e-04, 6.89417415e-04, 1.03412615e-03, 1.03412615e-03,
       2.41296086e-03, 2.41296086e-03, 5.86004788e-03, 0., 0.,
       6.89417415e-04, 0., 6.89417415e-04, 2.75766966e-03, 0.,
       3.44708707e-04, 1.03412615e-03, 1.03412615e-03, 0.,
       7.92830065e-03, 0., 3.44708707e-04, 3.44708707e-04,
       1.03412615e-03, 3.44708707e-04, 3.44708707e-04, 6.89417415e-04,
       1.03412615e-03, 3.44708707e-04, 4.82592173e-03, 0.,
       6.89417415e-04, 6.89417415e-04, 2.06825230e-03, 2.41296086e-03,
       3.79179581e-03, 0., 6.89417415e-04, 1.03412615e-03,
       3.44708707e-04, 1.37883483e-03, 1.37883483e-03, 1.03412615e-03,
       0., 1.03412615e-03, 6.89417415e-04, 2.06825230e-03,
       3.44708707e-04, 1.03412615e-03, 1.03412615e-03, 0., 0., 0., 0.,
       6.89417415e-04, 0., 1.72354351e-03, 6.89417415e-04,
       6.89417415e-04, 3.44708707e-04, 3.44708707e-04, 3.44708707e-04,
       0., 3.44708707e-04, 3.79179581e-03, 3.10237845e-03,
       1.72354351e-03, 2.41296086e-03, 6.89417415e-04, 6.89417415e-04,
       1.72354351e-03, 8.96242633e-03, 0., 6.89417415e-04, 0.,
       5.51533932e-03, 6.89417415e-04, 2.06825230e-03, 0.,
       3.44708707e-04, 1.03412615e-03, 1.03412615e-03, 6.89417415e-04,
       0., 1.37883483e-03, 1.37883483e-03, 6.89417415e-04,
       2.41296086e-03, 6.89417415e-04, 9.30713490e-03, 6.89417415e-04,
       2.41296086e-03, 2.75766966e-03, 6.89417415e-04, 3.10237845e-03,
       3.44708707e-04, 6.89417415e-04, 1.03412615e-03, 6.89417415e-04,
       1.03412615e-03, 2.06825230e-03, 3.44708707e-04, 1.37883483e-03,
       3.44708707e-04, 3.44708707e-04, 3.44708707e-04, 3.44708707e-04,
       0., 0., 3.79179581e-03, 1.03412615e-03, 2.06825230e-03,
       3.44708707e-04, 2.06825230e-03, 0., 1.86142698e-02,
       3.44708707e-04, 3.44708707e-04, 6.89417415e-04, 0.,
       2.41296086e-03, 3.44708707e-04, 1.03412615e-03, 7.23888306e-03,
       3.44708707e-04, 6.89417415e-04, 1.37883483e-03, 3.44708707e-04,
       6.89417415e-04, 0., 3.44708702e-03, 0., 0., 1.72354351e-03,
       8.27300921e-03, 3.44708707e-04, 6.89417415e-04, 1.03412615e-03,
       3.44708707e-04, 6.20475691e-03, 3.44708707e-04, 1.72354351e-03,
       0., 6.89417415e-04, 0., 2.06825230e-03, 1.03412615e-03,
       1.03412615e-03, 0., 3.44708702e-03, 6.89417415e-04,
       1.03412615e-03, 1.72354351e-03, 1.03412615e-03, 1.03412615e-03,
       1.03412615e-03, 3.44708707e-04, 3.44708707e-04, 2.06825230e-03,
       3.44708707e-04, 6.89417415e-04, 6.89417415e-04, 1.37883483e-03,
       3.44708707e-04, 1.72354351e-03, 2.06825230e-03, 2.06825230e-03,
       0., 0., 6.89417415e-04, 0., 2.06825230e-03, 3.44708707e-04, 0.,
       3.44708707e-04, 3.44708707e-04, 6.89417415e-04, 6.89417415e-04,
       3.44708707e-04, 3.44708707e-04, 3.44708707e-04, 3.10237845e-03,
       3.44708707e-04, 2.06825230e-03, 0., 6.89417415e-04,
       3.44708707e-04, 1.03412615e-03, 1.03412615e-03, 6.89417415e-04,
       1.37883483e-03, 6.89417415e-04, 1.72354351e-03, 0.,
       3.79179581e-03, 5.51533932e-03, 4.48121317e-03, 6.89417415e-04,
       0., 3.44708707e-04, 6.89417415e-04, 6.89417415e-04,
       2.41296086e-03, 0., 1.72354351e-03, 1.72354351e-03,
       3.44708707e-04, 1.03412615e-03, 1.37883483e-03, 6.89417415e-04,
       3.44708707e-04, 1.37883483e-03, 0., 1.37883483e-03,
       1.37883483e-03, 1.37883483e-03, 6.89417415e-04, 0.,
       1.37883483e-03, 1.03412615e-03, 3.44708707e-04, 0., 0.,
       1.72354351e-03, 3.44708707e-04, 1.72354351e-03, 3.44708707e-04,
       0., 1.72354351e-03, 1.37883483e-03, 1.03412615e-03,
       1.03412615e-03, 3.44708707e-04, 5.51533932e-03, 2.41296086e-03,
       1.72354351e-03, 0., 1.37883483e-03, 6.89417415e-04, 0.,
       1.03412615e-03, 0., 0., 6.89417415e-04, 3.44708707e-04,
       2.41296086e-03, 3.44708707e-04, 0., 1.72354351e-03,
       2.75766966e-03, 1.03412615e-03, 1.03412615e-03, 1.03412615e-03,
       1.03412615e-03, 1.72354351e-03, 2.41296086e-03, 3.44708707e-04,
       3.44708707e-04, 3.44708707e-04, 0., 2.41296086e-03,
       1.72354351e-03, 2.75766966e-03, 0., 0., 3.44708707e-04,
       3.44708707e-04, 3.10237845e-03, 3.44708707e-04, 1.03412615e-03,
       2.06825230e-03, 2.41296086e-03, 6.89417415e-04, 1.72354351e-03,
       2.41296086e-03, 1.72354351e-03, 6.89417415e-04, 6.89417415e-04,
       0., 6.89417415e-04, 6.89417415e-04, 1.03412615e-03,
       3.44708707e-04, 6.89417415e-04, 3.44708707e-04, 3.10237845e-03,
       0., 3.44708707e-04, 3.79179581e-03, 3.44708707e-04,
       2.65425704e-02, 2.75766966e-03, 1.03412615e-03, 6.89417415e-04,
       6.89417415e-04, 6.89417415e-04, 1.03412615e-03, 1.03412615e-03,
       3.44708707e-04, 0., 0., 1.03412615e-03, 1.37883483e-03,
       1.03412615e-03, 3.44708707e-04, 0., 3.44708707e-04, 0.,
       6.89417415e-04, 4.82592173e-03, 0., 3.44708707e-04,
       3.44708702e-03, 0., 1.51671832e-02, 3.44708702e-03,
       3.44708707e-04, 3.44708707e-04, 2.75766966e-03, 1.03412615e-03,
       6.89417415e-04, 3.44708707e-04, 3.44708707e-04, 1.03412615e-03,
       4.13650461e-03, 0., 0., 3.44708707e-04, 3.44708707e-04,
       3.10237845e-03, 3.44708707e-04, 3.44708707e-04, 1.37883483e-03,
       4.48121317e-03, 1.72354351e-03, 3.44708707e-04, 0.,
       6.89417415e-04, 0., 4.13650461e-03, 3.44708707e-04,
       2.75766966e-03, 1.03412615e-03, 3.44708707e-04, 0.,
       1.72354351e-03, 6.89417415e-04, 1.72354351e-03, 1.72354351e-03,
       0., 2.06825230e-03, 3.44708707e-04, 1.72354351e-03, 0., 0.,
       1.37883483e-03, 1.37883483e-03, 1.72354351e-03, 2.06825230e-03,
       1.37883483e-03, 3.44708707e-04, 1.37883483e-03, 3.44708707e-04,
       0., 6.89417415e-04, 1.37883483e-03, 1.37883483e-03,
       1.72354351e-03, 6.89417415e-04, 3.44708707e-04, 3.79179581e-03,
       1.03412615e-03, 3.44708707e-04, 6.89417415e-04, 1.03412615e-03,
       6.89417415e-04, 6.89417415e-04, 0., 5.51533932e-03,
       6.89417415e-04, 6.89417415e-04, 1.37883483e-03, 3.44708707e-04,
       3.44708707e-04, 1.03412615e-03, 2.75766966e-03, 0.,
       3.44708707e-04, 6.89417415e-04, 1.72354351e-03, 1.37883483e-03,
       2.06825230e-03, 0., 1.03412615e-03, 3.44708702e-03, 0.,
       3.44708707e-04, 0., 0., 1.03412615e-03, 3.44708707e-04,
       3.44708707e-04, 3.44708702e-03, 6.89417415e-04, 0.,
       2.75766966e-03, 1.03412615e-03, 0., 1.72354351e-03,
       6.89417415e-04, 3.44708707e-04, 3.44708707e-04, 3.44708702e-03,
       6.89417415e-04, 3.10237845e-03, 2.06825230e-03, 2.41296086e-03,
       3.44708707e-04, 6.89417415e-04, 0., 1.03412615e-03,
       1.37883483e-03, 6.89417415e-04, 1.03412615e-03, 0., 0.,
       1.03412615e-03, 0., 3.44708707e-04, 6.89417415e-04,
       2.06825230e-03, 1.72354351e-03, 0., 1.03412615e-03,
       6.89417415e-04, 0., 0., 0., 4.13650461e-03, 3.44708707e-04,
       1.03412615e-03, 1.03412615e-03, 3.44708707e-04, 3.44708707e-04,
       0., 3.44708707e-04, 1.03412615e-03, 0., 3.44708707e-04,
       6.89417415e-04, 3.44708707e-04, 3.44708707e-04, 0.,
       2.41296086e-03, 8.61771777e-03, 6.89417415e-04, 0.,
       3.44708707e-04, 0., 1.03412615e-03, 6.89417415e-04,
       1.72354351e-03, 1.37883483e-03, 3.44708707e-04, 4.48121317e-03,
       1.72354351e-03, 0., 3.44708707e-04, 1.37883483e-03,
       3.44708707e-04, 3.44708707e-04, 0., 0., 0., 0., 0.,
