%YAML:1.0
m100n: !!opencv-matrix
   rows: 1
   cols: 800
   dt: f
   data: [ 1.26984122e-03, 1.26984122e-03, 1.58730149e-03,
       3.17460304e-04, 1.26984122e-03, 3.17460304e-04, 0.,
       3.17460304e-04, 0., 2.53968243e-03, 1.58730149e-03,
       9.52380942e-04, 1.90476188e-03, 3.49206338e-03, 3.17460304e-04,
       4.12698416e-03, 2.85714283e-03, 9.52380942e-04, 0.,
       1.58730149e-03, 0., 4.44444409e-03, 6.34920609e-04,
       3.17460299e-03, 0., 3.17460304e-04, 1.26984122e-03, 0.,
       2.53968243e-03, 9.52380942e-04, 1.26984122e-03, 6.34920609e-04,
       1.90476188e-03, 6.34920609e-04, 0., 9.52380942e-04, 0.,
       3.17460304e-04, 2.22222204e-03, 3.17460304e-04, 0.,
       9.52380942e-04, 3.17460304e-04, 3.17460304e-04, 1.26984122e-03,
       3.17460299e-03, 1.26984122e-03, 1.58730149e-03, 6.34920609e-04,
       0., 6.34920609e-04, 1.26984122e-03, 1.58730149e-03,
       3.17460304e-04, 1.90476188e-03, 1.26984122e-03, 0.,
       1.58730149e-03, 1.90476188e-03, 0., 2.53968243e-03, 0.,
       1.26984122e-03, 1.26984122e-03, 3.17460304e-04, 3.17460304e-04,
       1.58730149e-03, 3.17460304e-04, 2.85714283e-03, 6.34920609e-04,
       1.26984122e-03, 0., 3.17460304e-04, 9.52380942e-04,
       3.17460299e-03, 2.85714283e-03, 3.17460299e-03, 0.,
       3.17460299e-03, 1.26984122e-03, 0., 1.90476188e-03,
       1.26984122e-03, 0., 6.34920609e-04, 3.17460299e-03,
       3.17460304e-04, 2.22222204e-03, 2.53968243e-03, 4.12698416e-03,
       3.17460304e-04, 0., 6.34920609e-04, 6.34920609e-04,
       3.17460304e-04, 0., 3.17460304e-04, 2.22222204e-03,
       9.52380942e-04, 9.52380942e-04, 3.17460304e-04, 3.17460304e-04,
       3.17460304e-04, 2.85714283e-03, 0., 6.03174558e-03,
       1.26984122e-03, 8.57142825e-03, 2.53968243e-03, 6.34920609e-04,
       3.80952377e-03, 2.85714283e-03, 5.71428565e-03, 3.17460304e-04,
       0., 3.17460304e-04, 4.12698416e-03, 0., 1.26984122e-03, 0.,
       6.34920609e-04, 3.17460304e-04, 9.52380942e-04, 9.52380942e-04,
       0., 6.34920597e-03, 2.22222204e-03, 3.17460304e-04,
       4.44444409e-03, 9.52380942e-04, 1.58730149e-03, 3.17460299e-03,
       2.85714283e-03, 1.90476188e-03, 6.34920609e-04, 3.17460304e-04,
       1.58730149e-03, 0., 9.52380942e-04, 0., 1.90476188e-03,
       9.52380942e-04, 0., 3.17460304e-04, 3.17460304e-04, 0.,
       1.26984122e-03, 4.76190448e-03, 0., 0., 5.39682526e-03,
       3.17460304e-04, 2.85714283e-03, 6.34920609e-04, 2.85714283e-03,
       0., 9.52380942e-04, 9.52380942e-04, 3.17460304e-04,
       6.34920609e-04, 1.58730149e-03, 1.90476188e-03, 2.85714283e-03,
       9.52380942e-04, 3.17460304e-04, 3.17460304e-04, 9.52380942e-04,
       1.26984122e-03, 3.17460304e-04, 1.58730149e-03, 1.58730149e-03,
       2.22222204e-03, 9.52380942e-04, 0., 9.52380942e-04,
       3.49206338e-03, 3.17460304e-04, 5.71428565e-03, 5.39682526e-03,
       0., 1.58730149e-03, 7.61904754e-03, 9.52380942e-04,
       6.34920609e-04, 1.58730149e-03, 3.17460304e-04, 1.90476188e-03,
       0., 9.52380942e-04, 0., 1.26984122e-03, 3.17460304e-04,
       1.58730149e-03, 6.34920609e-04, 1.58730149e-03, 3.17460304e-04,
       6.34920609e-04, 6.34920609e-04, 6.34920609e-04, 1.58730149e-03,
       6.34920609e-04, 9.52380942e-04, 1.58730149e-03, 4.12698416e-03,
       0., 9.52380942e-04, 5.07936487e-03, 2.22222204e-03,
       3.17460304e-04, 3.17460304e-04, 2.85714283e-03, 2.53968243e-03,
       3.17460304e-04, 6.34920609e-04, 1.90476188e-03, 0.,
       1.26984122e-03, 1.58730149e-03, 1.90476188e-03, 9.52380942e-04,
       9.52380942e-04, 6.34920609e-04, 6.34920609e-04, 0.,
       9.52380942e-04, 6.34920609e-04, 1.58730149e-03, 9.52380942e-04,
       0., 6.34920609e-04, 6.34920609e-04, 1.58730149e-03, 0.,
       9.52380942e-04, 0., 3.17460299e-03, 7.30158715e-03,
       1.90476188e-03, 0., 2.22222204e-03, 9.52380942e-04,
       4.76190448e-03, 3.17460304e-04, 2.53968243e-03, 0.,
       1.58730149e-03, 1.58730149e-03, 1.26984122e-03, 2.22222204e-03,
       1.90476188e-03, 3.17460304e-04, 1.26984122e-03, 1.26984122e-03,
       0., 2.53968243e-03, 2.85714283e-03, 1.58730149e-03,
       6.34920609e-04, 9.52380942e-04, 1.26984122e-03, 9.52380942e-04,
       6.34920609e-04, 0., 9.52380942e-04, 2.53968243e-03,
       9.52380942e-04, 9.52380942e-04, 3.49206338e-03, 0.,
       3.17460304e-04, 1.26984122e-03, 9.52380942e-04, 6.34920609e-04,
       9.52380942e-04, 5.39682526e-03, 1.26984122e-03, 3.17460304e-04,
       9.52380942e-04, 6.34920609e-04, 6.34920609e-04, 1.26984122e-03,
       9.52380942e-04, 1.26984122e-03, 3.17460304e-04, 2.22222204e-03,
       4.12698416e-03, 1.90476188e-03, 1.90476188e-03, 0.,
       3.17460304e-04, 1.58730149e-03, 3.17460304e-04, 3.17460304e-04,
       1.26984122e-03, 6.34920609e-04, 6.34920609e-04, 3.17460299e-03,
       0., 1.58730149e-03, 3.17460304e-04, 1.90476188e-03,
       9.52380942e-04, 2.85714283e-03, 6.34920609e-04, 0., 0.,
       3.17460304e-04, 0., 1.58730149e-03, 3.17460304e-04,
       1.58730149e-03, 1.26984122e-03, 1.58730149e-03, 1.58730149e-03,
       9.52380942e-04, 1.90476188e-03, 2.22222204e-03, 0., 0.,
       3.17460304e-04, 3.17460304e-04, 1.58730149e-03, 9.52380942e-04,
       1.58730149e-03, 3.17460304e-04, 9.52380942e-04, 1.26984122e-03,
       0., 0., 2.53968243e-03, 6.34920609e-04, 6.34920609e-04,
       9.52380942e-04, 3.17460299e-03, 2.22222204e-03, 4.12698416e-03,
       6.34920609e-04, 9.52380942e-04, 0., 0., 1.26984122e-03,
       1.26984122e-03, 6.34920609e-04, 1.26984122e-03, 3.17460304e-04,
       3.17460304e-04, 3.17460304e-04, 1.58730149e-03, 0.,
       6.34920609e-04, 2.53968243e-03, 2.85714283e-03, 0.,
       2.85714283e-03, 6.34920609e-04, 1.58730149e-03, 2.85714283e-03,
       0., 1.26984122e-03, 3.17460304e-04, 1.58730149e-03,
       3.17460299e-03, 1.26984122e-03, 0., 6.34920609e-04,
       2.53968243e-03, 9.52380942e-04, 0., 3.17460304e-04, 0.,
       3.17460299e-03, 1.58730149e-03, 0., 9.52380942e-04,
       4.44444409e-03, 3.17460304e-04, 0., 3.17460304e-04, 0.,
       1.58730149e-03, 1.26984122e-03, 0., 1.90476188e-03, 0., 0.,
       1.26984122e-03, 3.17460304e-04, 9.52380942e-04, 2.85714283e-03,
       1.58730149e-03, 2.53968243e-03, 5.39682526e-03, 0.,
       3.49206338e-03, 6.34920609e-04, 9.52380942e-04, 2.22222204e-03,
       3.17460304e-04, 2.53968243e-03, 9.52380942e-04, 3.17460304e-04,
       1.26984122e-03, 2.85714283e-03, 2.85714283e-03, 0.,
       9.52380942e-04, 2.22222204e-03, 1.90476188e-03, 9.52380942e-04,
       1.26984122e-03, 3.17460304e-04, 0., 6.34920609e-04,
       2.85714283e-03, 3.17460304e-04, 6.34920609e-04, 1.90476188e-03,
       6.34920609e-04, 0., 4.76190448e-03, 9.52380942e-04, 0.,
       2.53968243e-03, 6.34920609e-04, 6.34920609e-04, 0.,
       2.53968243e-03, 3.17460304e-04, 0., 3.17460299e-03, 0.,
       1.26984122e-03, 3.17460299e-03, 3.17460304e-04, 1.90476188e-03,
       5.07936487e-03, 1.26984122e-03, 0., 3.17460304e-04,
       3.17460304e-04, 3.80952377e-03, 2.85714283e-03, 6.34920609e-04,
       1.58730149e-03, 6.34920609e-04, 6.34920609e-04, 0.,
       9.52380942e-04, 9.52380942e-04, 1.26984122e-03, 1.90476188e-03,
       0., 3.17460304e-04, 9.52380942e-04, 0., 1.58730149e-03,
       3.17460304e-04, 0., 9.52380942e-04, 0., 3.17460304e-04, 0.,
       1.58730149e-03, 2.22222204e-03, 3.17460304e-04, 6.34920609e-04,
       9.52380942e-04, 1.58730149e-03, 3.17460304e-04, 1.58730149e-03,
       6.34920609e-04, 0., 9.52380942e-04, 3.17460304e-04, 0.,
       6.34920609e-04, 0., 0., 9.52380942e-04, 3.17460299e-03,
       6.34920609e-04, 6.34920609e-04, 0., 1.58730149e-03,
       6.34920609e-04, 0., 6.34920609e-04, 1.26984122e-03, 0.,
       6.34920609e-04, 1.26984122e-03, 3.17460304e-04, 3.17460304e-04,
       6.34920609e-04, 4.12698416e-03, 6.03174558e-03, 0., 0.,
       3.17460304e-04, 0., 1.26984122e-03, 9.52380942e-04,
       3.49206338e-03, 2.53968243e-03, 1.90476188e-03, 2.85714283e-03,
       3.17460304e-04, 3.17460304e-04, 9.52380942e-04, 2.53968243e-03,
