%YAML:1.0
m100n: !!opencv-matrix
   rows: 1
   cols: 800
   dt: f
   data: [ 3.80228128e-04, 4.56273742e-03, 4.18250961e-03,
       3.80228128e-04, 3.04182502e-03, 0., 1.14068436e-03,
       7.60456256e-04, 4.94296569e-03, 0., 7.60456256e-04, 0., 0.,
       1.52091251e-03, 0., 3.04182502e-03, 1.14068436e-03,
       3.80228128e-04, 1.14068436e-03, 0., 7.60456256e-04,
       3.80228128e-04, 2.66159698e-03, 1.90114067e-03, 0., 0.,
       2.28136871e-03, 2.66159698e-03, 1.52091251e-03, 0.,
       1.14068436e-03, 7.60456256e-04, 4.56273742e-03, 0., 0.,
       3.80228128e-04, 2.28136871e-03, 0., 7.60456256e-04,
       1.52091251e-03, 7.60456256e-04, 1.52091251e-03, 7.60456256e-04,
       4.94296569e-03, 1.14068436e-03, 2.28136871e-03, 1.14068436e-03,
       6.84410613e-03, 7.60456256e-04, 3.80228128e-04, 3.80228128e-04,
       3.80228128e-04, 1.14068436e-03, 3.80228128e-04, 0.,
       1.14068436e-03, 2.28136871e-03, 3.80228128e-04, 3.80228128e-04,
       1.14068436e-03, 3.80228128e-04, 1.52091254e-02, 0.,
       3.80228128e-04, 3.80228128e-04, 7.60456256e-04, 1.90114067e-03,
       3.80228128e-04, 1.14068436e-03, 7.60456256e-04, 7.60456256e-04,
       1.90114067e-03, 7.60456256e-04, 1.14068436e-03, 7.60456256e-04,
       3.80228128e-04, 7.60456256e-04, 3.42205307e-03, 2.66159698e-03,
       3.04182502e-03, 3.80228128e-04, 3.80228128e-04, 4.18250961e-03,
       7.60456256e-04, 1.52091251e-03, 7.60456256e-04, 1.14068436e-03,
       3.42205307e-03, 0., 3.80228128e-04, 1.52091251e-03,
       2.66159698e-03, 7.60456256e-04, 7.60456256e-04, 3.80228128e-04,
       0., 7.60456256e-04, 1.52091251e-03, 7.60456256e-04, 0.,
       1.90114067e-03, 3.80228134e-03, 1.52091251e-03, 0.,
       3.04182502e-03, 1.52091251e-03, 7.60456256e-04, 3.80228128e-04,
       1.14068436e-03, 3.80228128e-04, 2.28136871e-03, 3.80228128e-04,
       7.60456256e-04, 1.14068436e-03, 0., 1.52091251e-03,
       3.04182502e-03, 1.14068436e-03, 3.80228134e-03, 0., 0.,
       1.90114067e-03, 3.80228128e-04, 1.14068436e-03, 0., 0.,
       3.80228134e-03, 0., 7.60456256e-04, 3.80228128e-04, 0.,
       1.52091251e-03, 1.14068436e-03, 1.52091251e-03, 3.80228128e-04,
       7.60456256e-04, 3.80228128e-04, 1.90114067e-03, 1.90114067e-03,
       3.80228128e-04, 1.14068436e-03, 1.14068436e-03, 1.14068436e-03,
       0., 4.18250961e-03, 0., 3.80228128e-04, 0., 1.14068436e-03,
       1.14068436e-03, 2.28136871e-03, 3.80228128e-04, 3.80228128e-04,
       1.14068436e-03, 7.60456256e-04, 0., 2.28136871e-03,
       4.18250961e-03, 0., 1.52091251e-03, 1.52091251e-03,
       3.42205307e-03, 3.80228128e-04, 1.90114067e-03, 1.14068436e-03,
       3.80228128e-04, 3.80228128e-04, 0., 2.28136871e-03,
       3.80228128e-04, 1.90114067e-03, 0., 0., 1.52091251e-03,
       1.14068436e-03, 2.66159698e-03, 0., 1.14068436e-03,
       7.60456256e-04, 3.80228128e-04, 3.80228128e-04, 3.80228128e-04,
       5.32319397e-03, 1.14068436e-03, 0., 1.90114067e-03,
       3.80228134e-03, 7.60456256e-04, 3.80228128e-04, 1.14068436e-03,
       3.80228128e-04, 7.60456256e-04, 3.80228128e-04, 0., 0.,
       1.52091251e-03, 2.28136871e-03, 7.60456256e-04, 3.04182502e-03,
       3.80228128e-04, 3.80228128e-04, 1.90114067e-03, 1.14068436e-03,
       0., 1.14068436e-03, 3.80228128e-04, 1.14068436e-03,
       1.52091251e-03, 3.80228128e-04, 1.14068436e-03, 7.60456256e-04,
       3.04182502e-03, 7.60456256e-04, 1.14068436e-03, 1.52091251e-03,
       1.52091251e-03, 3.80228134e-03, 1.90114067e-03, 7.60456256e-04,
       7.60456256e-04, 7.60456256e-04, 1.52091251e-03, 1.52091251e-03,
       1.14068436e-03, 3.80228128e-04, 1.14068436e-03, 3.80228128e-04,
       7.60456256e-04, 1.90114067e-03, 3.80228128e-04, 1.14068436e-03,
       0., 0., 0., 3.04182502e-03, 7.60456256e-04, 1.52091251e-03,
       1.90114067e-03, 3.04182502e-03, 3.80228128e-04, 7.60456256e-04,
       0., 3.80228128e-04, 0., 7.60456256e-04, 7.60456256e-04,
       4.18250961e-03, 0., 7.60456256e-04, 1.14068436e-03, 0.,
       7.60456256e-04, 3.80228128e-04, 7.60456256e-04, 3.80228128e-04,
       0., 1.90114067e-03, 1.52091251e-03, 3.80228128e-04,
       3.80228128e-04, 0., 0., 1.52091251e-03, 3.80228134e-03,
       1.90114067e-03, 3.80228128e-04, 7.60456268e-03, 0.,
       3.80228128e-04, 3.80228128e-04, 0., 1.14068436e-03,
       3.80228128e-04, 3.80228128e-04, 3.80228128e-04, 0., 0.,
       1.14068436e-03, 3.42205307e-03, 3.80228128e-04, 2.28136871e-03,
       3.80228128e-04, 3.80228128e-04, 3.80228128e-04, 2.66159698e-03,
       2.66159698e-03, 0., 7.60456256e-04, 0., 0., 0., 1.52091251e-03,
       1.90114067e-03, 3.80228128e-04, 4.94296569e-03, 3.42205307e-03,
       0., 0., 7.60456256e-04, 1.14068436e-03, 0., 1.14068436e-03,
       1.90114067e-03, 1.90114067e-03, 2.28136871e-03, 0.,
       1.90114067e-03, 1.52091251e-03, 0., 7.60456256e-04,
       3.80228128e-04, 0., 3.80228128e-04, 0., 7.60456256e-04,
       7.60456256e-04, 1.14068436e-03, 1.52091251e-03, 0.,
       3.80228128e-04, 1.14068436e-03, 3.80228128e-04, 7.60456256e-04,
       0., 0., 3.80228128e-04, 3.80228128e-04, 7.60456256e-04,
       1.52091251e-03, 7.60456256e-04, 3.80228128e-04, 3.04182502e-03,
       3.80228128e-04, 7.60456256e-04, 7.60456256e-04, 7.60456256e-04,
       1.90114067e-03, 3.42205307e-03, 3.80228128e-04, 3.80228128e-04,
       1.52091251e-03, 1.90114067e-03, 0., 7.60456256e-04, 0.,
       3.80228128e-04, 0., 3.80228128e-04, 7.60456256e-04,
       1.52091251e-03, 7.60456256e-04, 7.60456256e-04, 7.60456256e-04,
       0., 1.52091251e-03, 3.80228128e-04, 3.80228128e-04,
       1.14068436e-03, 1.52091251e-03, 1.82509497e-02, 7.60456256e-04,
       0., 7.60456256e-04, 0., 1.90114067e-03, 3.80228128e-04,
       1.90114067e-03, 4.18250961e-03, 0., 3.80228128e-04,
       2.28136871e-03, 2.28136871e-03, 1.52091251e-03, 0.,
       3.80228128e-04, 2.28136871e-03, 0., 1.90114067e-03,
       7.60456256e-04, 3.80228128e-04, 0., 7.60456256e-04,
       5.32319397e-03, 3.80228128e-04, 1.14068436e-03, 0.,
       2.28136871e-03, 3.04182502e-03, 1.52091251e-03, 3.80228128e-04,
       4.18250961e-03, 3.80228128e-04, 6.46387832e-03, 1.52091251e-03,
       7.60456256e-04, 1.52091251e-03, 0., 7.60456256e-04, 0.,
       1.52091251e-03, 1.90114067e-03, 0., 7.60456256e-04,
       3.80228128e-04, 7.60456256e-04, 0., 7.60456256e-04,
       1.90114067e-03, 1.90114067e-03, 0., 7.22433440e-03,
       7.60456256e-04, 5.32319397e-03, 7.60456256e-04, 1.14068436e-03,
       0., 0., 7.60456256e-04, 3.80228128e-04, 7.60456256e-04, 0., 0.,
       3.80228128e-04, 0., 0., 3.80228128e-04, 1.52091251e-03,
       1.52091251e-03, 0., 3.80228128e-04, 0., 0., 6.08365005e-03,
       1.90114067e-03, 3.80228128e-04, 0., 7.60456256e-04,
       3.80228128e-04, 0., 3.80228128e-04, 4.18250961e-03, 0.,
       2.66159698e-03, 1.90114067e-03, 3.80228128e-04, 7.60456256e-04,
       3.80228128e-04, 1.90114067e-03, 3.80228128e-04, 3.80228128e-04,
       2.66159698e-03, 3.80228134e-03, 0., 1.52091251e-03,
       3.80228128e-04, 2.66159698e-03, 3.80228128e-04, 3.80228128e-04,
       0., 4.94296569e-03, 3.80228128e-04, 7.60456256e-04, 0.,
       3.80228128e-04, 6.46387832e-03, 1.52091251e-03, 1.90114067e-03,
       3.42205307e-03, 7.60456256e-04, 3.80228128e-04, 3.42205307e-03,
       2.28136871e-03, 3.42205307e-03, 7.60456256e-04, 1.14068436e-03,
       3.80228128e-04, 1.52091251e-03, 7.60456256e-04, 3.42205307e-03,
       1.52091251e-03, 5.32319397e-03, 1.90114067e-03, 3.80228128e-04,
       0., 3.80228128e-04, 3.80228128e-04, 0., 3.80228128e-04,
       1.90114067e-03, 3.80228128e-04, 0., 3.80228128e-04,
       3.80228128e-04, 4.56273742e-03, 1.14068436e-03, 3.80228128e-04,
       7.60456256e-04, 5.70342178e-03, 2.28136871e-03, 7.60456256e-04,
       3.80228128e-04, 3.80228134e-03, 7.60456256e-04, 1.14068436e-03,
       3.80228128e-04, 0., 3.42205307e-03, 7.60456256e-04,
       2.66159698e-03, 0., 7.60456256e-04, 4.56273742e-03,
       7.60456256e-04, 7.60456256e-04, 0., 3.80228128e-04, 0., 0.,
       1.52091251e-03, 3.42205307e-03, 0., 3.80228128e-04,
