%YAML:1.0
m100n: !!opencv-matrix
   rows: 1
   cols: 800
   dt: f
   data: [ 2.92397657e-04, 5.84795314e-04, 3.80116957e-03,
       2.92397657e-04, 1.16959063e-03, 0., 2.04678369e-03, 0., 0.,
       1.16959063e-03, 2.33918126e-03, 2.04678369e-03, 1.46198831e-03,
       8.77192942e-04, 2.33918126e-03, 1.16959063e-03, 5.84795314e-04,
       0., 2.92397657e-04, 8.77192942e-04, 0., 1.16959063e-03,
       1.46198831e-03, 5.84795314e-04, 6.43274840e-03, 2.92397657e-04,
       0., 5.84795314e-04, 1.16959063e-03, 8.77192942e-04,
       2.63157883e-03, 2.33918126e-03, 8.77192942e-04, 0., 0.,
       1.75438588e-03, 0., 5.84795314e-04, 2.92397657e-04,
       1.46198831e-03, 1.46198831e-03, 6.43274840e-03, 1.75438588e-03,
       2.04678369e-03, 0., 8.77192942e-04, 2.63157883e-03,
       8.18713475e-03, 8.77192942e-04, 4.09356738e-03, 1.46198831e-03,
       1.46198831e-03, 5.84795314e-04, 3.21637420e-03, 2.92397657e-04,
       1.46198831e-03, 7.30994157e-03, 1.46198831e-03, 5.84795314e-04,
       0., 5.84795314e-04, 2.92397663e-03, 7.01754354e-03,
       1.16959063e-03, 2.33918126e-03, 2.92397657e-04, 0.,
       5.84795314e-04, 1.16959063e-03, 2.04678369e-03, 5.84795314e-04,
       1.16959063e-03, 1.75438588e-03, 5.84795314e-04, 8.77192942e-04,
       5.84795314e-04, 2.04678369e-03, 2.33918126e-03, 8.77192942e-04,
       1.75438588e-03, 8.77192942e-04, 5.84795314e-04, 8.77192942e-04,
       2.92397657e-04, 0., 2.04678369e-03, 1.16959063e-03,
       1.46198831e-03, 1.16959063e-03, 0., 5.84795314e-04,
       1.16959063e-03, 5.84795314e-04, 5.84795314e-04, 2.92397657e-04,
       1.46198831e-03, 5.84795314e-04, 8.77192942e-04, 2.92397657e-04,
       4.38596494e-03, 8.77192942e-04, 1.16959063e-03, 2.33918126e-03,
       3.50877177e-03, 0., 2.04678369e-03, 1.75438588e-03,
       2.92397657e-04, 1.16959063e-03, 0., 2.92397657e-04,
       2.92397657e-04, 2.92397657e-04, 5.84795314e-04, 2.92397657e-04,
       8.77192942e-04, 0., 5.84795314e-04, 2.33918126e-03,
       1.75438588e-03, 1.16959063e-03, 5.84795314e-04, 5.84795314e-04,
       1.75438588e-03, 8.77192942e-04, 5.84795314e-04, 1.46198831e-03,
       8.77192942e-04, 1.16959063e-03, 2.33918126e-03, 1.46198831e-03,
       2.33918126e-03, 4.67836251e-03, 2.92397657e-04, 0.,
       8.47953185e-03, 0., 2.92397657e-04, 5.84795314e-04,
       2.92397657e-04, 1.16959063e-03, 2.92397663e-03, 2.92397657e-04,
       2.92397657e-04, 5.84795314e-04, 8.77192942e-04, 8.77192942e-04,
       1.16959063e-03, 8.77192942e-04, 5.84795314e-04, 0.,
       1.16959063e-03, 5.84795314e-04, 5.84795314e-04, 2.92397657e-04,
       2.92397657e-04, 0., 2.92397657e-04, 8.77192942e-04,
       5.84795314e-04, 1.46198831e-03, 2.04678369e-03, 2.92397657e-04,
       2.92397657e-04, 0., 1.16959063e-03, 2.92397657e-04,
       1.75438588e-03, 2.92397657e-04, 2.92397657e-04, 2.92397657e-04,
       1.16959063e-03, 2.92397657e-04, 2.92397657e-04, 3.21637420e-03,
       2.92397657e-04, 1.75438588e-03, 5.55555569e-03, 5.84795314e-04,
       8.77192942e-04, 8.77192942e-04, 2.92397663e-03, 1.46198831e-03,
       5.84795314e-04, 1.16959063e-03, 1.16959063e-03, 1.46198831e-03,
       0., 8.77192942e-04, 8.77192942e-04, 4.67836251e-03,
       2.63157883e-03, 2.04678369e-03, 8.77192942e-04, 8.77192942e-04,
       1.16959063e-03, 0., 1.75438588e-03, 5.84795314e-04,
       8.77192942e-04, 5.84795314e-04, 3.21637420e-03, 5.84795326e-03,
       4.38596494e-03, 1.16959063e-03, 2.63157883e-03, 8.77192942e-04,
       0., 2.33918126e-03, 5.84795314e-04, 5.84795314e-04,
       8.77192942e-04, 5.26315765e-03, 8.77192942e-04, 3.80116957e-03,
       1.16959063e-03, 1.16959063e-03, 2.92397663e-03, 2.92397657e-04,
       1.75438588e-03, 0., 1.75438588e-03, 0., 4.09356738e-03,
       2.92397657e-04, 5.84795314e-04, 8.77192942e-04, 1.75438588e-03,
       5.84795314e-04, 7.01754354e-03, 2.04678369e-03, 8.77192942e-04,
       1.46198831e-03, 3.50877177e-03, 2.33918126e-03, 8.77192942e-04,
       5.84795314e-04, 5.84795314e-04, 1.16959063e-03, 2.92397657e-04,
       1.46198831e-03, 1.46198831e-03, 1.75438588e-03, 5.55555569e-03,
       5.84795314e-04, 5.84795314e-04, 7.01754354e-03, 2.04678369e-03,
       2.92397657e-04, 5.84795314e-04, 2.92397657e-04, 5.84795314e-04,
       1.46198831e-03, 0., 2.92397657e-04, 0., 4.97076008e-03,
       5.84795314e-04, 8.77192942e-04, 1.16959063e-03, 5.84795314e-04,
       2.92397657e-04, 8.77192942e-04, 8.77192942e-04, 5.84795314e-04,
       0., 1.75438588e-03, 1.02339182e-02, 2.92397657e-04,
       2.92397657e-04, 2.33918126e-03, 5.84795314e-04, 1.75438588e-03,
       5.84795314e-04, 2.92397657e-04, 2.04678369e-03, 8.77192942e-04,
       1.16959063e-03, 8.77192942e-04, 1.16959063e-03, 7.01754354e-03,
       1.16959063e-03, 8.77192942e-04, 5.84795314e-04, 2.92397657e-04,
       0., 1.46198831e-03, 5.84795314e-04, 0., 2.92397657e-04,
       5.84795314e-04, 0., 2.92397657e-04, 0., 2.92397657e-04,
       1.46198831e-03, 2.92397657e-04, 0., 2.04678369e-03,
       1.16959063e-03, 1.16959063e-03, 6.72514597e-03, 1.46198831e-03,
       2.92397657e-04, 0., 8.77192942e-04, 8.77192942e-04,
       1.16959063e-03, 0., 1.75438588e-03, 3.50877177e-03,
       8.77192942e-04, 4.97076008e-03, 3.80116957e-03, 1.16959063e-03,
       8.77192942e-04, 2.04678369e-03, 0., 8.77192942e-04,
       2.92397657e-04, 0., 2.92397657e-04, 0., 0., 8.77192942e-04,
       1.16959063e-03, 0., 1.46198831e-03, 8.77192942e-04,
       2.92397657e-04, 8.77192942e-04, 1.16959063e-03, 4.38596494e-03,
       9.06432699e-03, 5.84795314e-04, 5.84795314e-04, 2.92397657e-04,
       5.84795314e-04, 2.63157883e-03, 1.16959063e-03, 2.92397663e-03,
       5.84795314e-04, 1.75438588e-03, 1.75438588e-03, 1.75438588e-03,
       8.77192942e-04, 2.92397657e-04, 8.77192942e-04, 2.92397657e-04,
       2.33918126e-03, 0., 5.84795314e-04, 2.92397657e-04,
       8.77192942e-04, 1.46198831e-03, 1.16959063e-03, 1.46198831e-03,
       0., 2.92397657e-04, 2.04678369e-03, 5.84795314e-04,
       8.77192942e-04, 2.92397657e-04, 1.16959063e-03, 1.16959063e-03,
       8.77192942e-04, 1.16959063e-03, 8.77192942e-04, 7.89473671e-03,
       0., 2.33918126e-03, 8.77192942e-04, 2.92397657e-04,
       2.92397657e-04, 0., 5.84795314e-04, 2.63157883e-03,
       2.92397657e-04, 7.30994157e-03, 1.16959063e-03, 2.33918126e-03,
       2.04678369e-03, 5.84795314e-04, 0., 0., 0., 2.92397657e-04,
       8.77192942e-04, 1.75438588e-03, 1.16959063e-03, 6.43274840e-03,
       1.54970754e-02, 8.77192942e-04, 4.09356738e-03, 5.84795314e-04,
       2.92397657e-04, 1.43274851e-02, 1.46198831e-03, 1.75438588e-03,
       8.77192942e-04, 2.92397657e-04, 2.92397657e-04, 5.84795314e-04,
       4.09356738e-03, 8.77192942e-04, 2.92397657e-04, 2.63157883e-03,
       1.16959063e-03, 1.46198831e-03, 1.16959063e-03, 4.97076008e-03,
       1.16959063e-03, 1.16959063e-03, 1.16959063e-03, 1.16959063e-03,
       6.43274840e-03, 0., 0., 8.77192942e-04, 2.92397657e-04,
       2.04678369e-03, 8.77192942e-04, 1.16959063e-03, 1.16959063e-03,
       2.92397663e-03, 2.92397657e-04, 2.92397657e-04, 8.77192942e-04,
       2.04678369e-03, 2.92397657e-04, 2.92397657e-04, 2.04678369e-03,
       5.84795314e-04, 0., 2.92397663e-03, 5.84795314e-04,
       2.92397657e-04, 5.84795314e-04, 5.84795314e-04, 8.77192942e-04,
       8.77192942e-04, 0., 5.84795314e-04, 2.04678369e-03,
       1.16959063e-03, 5.84795314e-04, 2.04678369e-03, 2.92397657e-04,
       8.77192942e-04, 2.92397657e-04, 0., 0., 1.75438588e-03,
       2.04678369e-03, 5.84795314e-04, 2.04678369e-03, 8.77192942e-04,
       0., 1.75438588e-03, 5.84795314e-04, 2.92397657e-04,
       2.92397657e-04, 8.77192942e-04, 2.92397657e-04, 2.92397657e-04,
       5.84795314e-04, 8.77192942e-04, 2.92397657e-04, 2.63157883e-03,
       1.75438588e-03, 2.63157883e-03, 5.84795314e-04, 8.77192942e-04,
       5.84795314e-04, 2.92397657e-04, 1.16959063e-03, 2.92397657e-04,
       1.46198831e-03, 3.50877177e-03, 2.92397657e-04, 2.92397657e-04,
       1.75438588e-03, 1.46198831e-03, 2.63157883e-03, 5.84795314e-04,
