%YAML:1.0
m100n: !!opencv-matrix
   rows: 1
   cols: 800
   dt: f
   data: [ 1.09649124e-03, 3.65497079e-04, 5.48245618e-03,
       7.30994157e-04, 1.09649124e-03, 3.65497079e-04, 2.19298247e-03,
       7.30994157e-04, 0., 7.30994157e-04, 4.38596494e-03,
       6.57894742e-03, 7.30994157e-04, 1.09649124e-03, 7.30994157e-04,
       3.65497079e-04, 3.65497079e-04, 1.09649124e-03, 0., 0.,
       7.30994157e-04, 1.09649124e-03, 3.65497079e-04, 1.09649124e-03,
       1.75438598e-02, 0., 7.30994157e-04, 1.09649124e-03, 0.,
       3.65497079e-04, 2.19298247e-03, 2.55847955e-03, 3.65497079e-04,
       7.30994157e-04, 0., 3.65497079e-04, 3.65497079e-04,
       3.65497079e-04, 1.09649124e-03, 2.55847955e-03, 3.65497079e-04,
       1.82748539e-03, 2.19298247e-03, 1.46198831e-03, 7.30994157e-04,
       7.30994157e-04, 7.30994157e-04, 1.09649124e-03, 1.09649124e-03,
       1.82748539e-03, 0., 7.30994157e-04, 0., 2.55847955e-03,
       3.65497079e-04, 2.55847955e-03, 3.28947371e-03, 1.82748539e-03,
       3.65497079e-04, 3.65497079e-04, 1.09649124e-03, 2.19298247e-03,
       2.55847955e-03, 1.09649124e-03, 3.65497079e-04, 0.,
       3.65497079e-04, 0., 3.65497079e-04, 1.09649124e-03,
       3.65497079e-04, 1.46198831e-03, 1.46198831e-03, 7.30994157e-04,
       4.38596494e-03, 7.30994157e-04, 7.30994157e-04, 2.19298247e-03,
       7.30994157e-04, 0., 3.65497079e-04, 7.30994157e-04,
       3.65497079e-04, 3.65497079e-04, 3.65497079e-04, 3.65497079e-03,
       1.09649124e-03, 7.30994157e-04, 1.46198831e-03, 1.46198831e-03,
       1.09649124e-03, 7.30994157e-04, 3.65497079e-04, 7.30994157e-04,
       7.30994157e-04, 1.46198831e-03, 3.65497079e-04, 0., 0.,
       7.30994157e-04, 1.46198831e-03, 0., 3.65497079e-04,
       2.55847955e-03, 3.65497079e-04, 1.09649124e-03, 1.46198831e-03,
       3.65497079e-04, 1.09649124e-03, 3.65497079e-04, 7.30994157e-04,
       0., 7.30994157e-04, 7.30994157e-04, 2.19298247e-03,
       1.09649124e-03, 1.46198831e-03, 1.46198831e-03, 8.77192989e-03,
       1.82748539e-03, 6.21345034e-03, 0., 0., 3.65497079e-04,
       1.09649124e-03, 3.65497079e-04, 7.30994157e-04, 1.46198831e-03,
       3.65497079e-04, 7.30994157e-04, 3.65497079e-04, 4.38596494e-03,
       3.28947371e-03, 3.65497079e-04, 3.65497079e-04, 1.31578948e-02,
       3.65497079e-04, 0., 3.65497079e-04, 3.65497079e-04,
       3.65497079e-03, 1.82748539e-03, 1.46198831e-03, 1.09649124e-03,
       3.65497079e-04, 7.30994157e-04, 2.19298247e-03, 1.09649124e-03,
       1.09649124e-03, 0., 3.65497079e-04, 3.28947371e-03,
       1.09649124e-03, 1.82748539e-03, 0., 1.82748539e-03,
       3.65497079e-04, 1.46198831e-03, 3.65497079e-04, 0., 0.,
       1.09649124e-03, 0., 3.65497079e-04, 1.46198831e-03,
       1.09649124e-03, 0., 1.46198831e-03, 1.82748539e-03,
       1.09649124e-03, 1.46198831e-03, 7.30994157e-04, 3.65497079e-04,
       7.30994157e-04, 3.65497079e-04, 1.09649124e-03, 3.65497079e-04,
       1.82748549e-02, 7.30994157e-04, 7.30994157e-04, 4.75146202e-03,
       1.82748539e-03, 3.65497079e-04, 1.09649124e-03, 0.,
       7.30994157e-04, 7.30994157e-04, 7.30994157e-04, 1.82748539e-03,
       8.04093573e-03, 3.65497079e-03, 2.19298247e-03, 3.65497079e-03,
       1.46198831e-03, 3.65497079e-04, 0., 0., 0., 1.09649124e-03,
       3.65497079e-04, 7.30994157e-04, 5.84795326e-03, 4.02046787e-03,
       6.94444450e-03, 7.30994157e-04, 1.46198831e-03, 0.,
       1.46198831e-03, 3.28947371e-03, 2.19298247e-03, 3.65497079e-04,
       0., 3.65497079e-03, 1.46198831e-03, 2.92397663e-03,
       2.19298247e-03, 7.30994157e-04, 2.19298247e-03, 1.09649124e-03,
       7.30994157e-04, 7.30994157e-04, 1.82748539e-03, 1.46198831e-03,
       1.82748539e-03, 3.65497079e-04, 3.65497079e-04, 1.09649124e-03,
       3.65497079e-04, 2.55847955e-03, 7.30994157e-04, 2.92397663e-03,
       1.46198831e-03, 3.28947371e-03, 2.19298247e-03, 1.09649124e-03,
       2.92397663e-03, 2.19298247e-03, 7.30994157e-04, 1.46198831e-03,
       7.30994157e-04, 1.82748539e-03, 3.28947371e-03, 1.09649124e-03,
       9.13742743e-03, 1.09649124e-03, 7.30994157e-04, 5.11695910e-03,
       0., 3.65497079e-04, 3.65497079e-04, 1.46198831e-03,
       1.09649124e-03, 1.09649124e-03, 3.65497079e-04, 0.,
       7.30994157e-04, 2.19298247e-03, 1.46198831e-03, 1.46198831e-03,
       7.30994157e-04, 2.55847955e-03, 1.09649124e-03, 1.09649124e-03,
       7.30994157e-04, 0., 0., 1.09649124e-03, 4.75146202e-03,
       1.46198831e-03, 7.30994157e-04, 5.48245618e-03, 0.,
       1.09649124e-03, 1.09649124e-03, 0., 7.30994157e-04,
       1.09649124e-03, 1.09649124e-03, 1.09649124e-03, 3.65497079e-04,
       7.67543865e-03, 0., 1.82748539e-03, 3.65497079e-04,
       3.65497079e-04, 3.65497079e-04, 1.82748539e-03, 0.,
       3.65497079e-04, 7.30994157e-04, 3.65497079e-04, 0., 0.,
       7.30994157e-04, 0., 7.30994157e-04, 7.30994157e-04,
       3.65497079e-04, 3.65497079e-04, 7.30994157e-04, 1.09649124e-03,
       2.55847955e-03, 2.55847955e-03, 1.46198831e-03, 7.30994157e-04,
       3.65497079e-04, 0., 1.82748539e-03, 1.46198831e-03,
       1.46198831e-03, 3.28947371e-03, 3.65497079e-04, 3.28947371e-03,
       2.92397663e-03, 1.82748539e-03, 1.46198831e-03, 7.30994157e-04,
       3.65497079e-04, 0., 0., 2.19298247e-03, 7.30994157e-04,
       7.30994157e-04, 1.09649124e-03, 7.30994157e-04, 4.02046787e-03,
       7.30994157e-04, 2.92397663e-03, 0., 1.09649124e-03,
       1.09649124e-03, 7.30994157e-04, 2.19298247e-03, 5.11695910e-03,
       7.30994157e-04, 1.82748539e-03, 3.65497079e-04, 3.65497079e-04,
       1.82748539e-03, 7.30994157e-04, 1.82748539e-03, 0.,
       1.82748539e-03, 3.65497079e-04, 1.46198831e-03, 1.09649124e-03,
       0., 3.65497079e-04, 1.09649124e-03, 2.19298247e-03,
       3.65497079e-04, 3.65497079e-04, 1.09649124e-03, 0.,
       4.02046787e-03, 7.30994157e-04, 3.65497079e-04, 3.65497079e-04,
       3.65497079e-04, 1.09649124e-03, 0., 0., 7.30994157e-04,
       3.65497079e-04, 0., 3.65497079e-04, 1.09649124e-03,
       7.30994157e-04, 3.65497079e-03, 1.46198831e-03, 3.28947371e-03,
       1.09649124e-03, 7.30994157e-04, 7.30994157e-04, 3.65497079e-04,
       1.09649124e-03, 7.30994157e-04, 7.30994157e-04, 2.55847955e-03,
       1.09649124e-03, 1.09649124e-03, 1.46198831e-03, 3.65497079e-04,
       0., 7.30994157e-04, 3.65497079e-04, 1.09649124e-03,
       5.84795326e-03, 3.28947371e-03, 3.28947371e-03, 9.50292405e-03,
       6.94444450e-03, 0., 1.09649124e-03, 7.30994157e-04,
       7.30994157e-04, 2.19298247e-03, 2.19298247e-03, 1.46198831e-03,
       2.92397663e-03, 0., 3.65497079e-04, 0., 1.09649124e-03,
       7.30994157e-04, 1.09649124e-03, 1.09649124e-03, 7.30994157e-04,
       2.92397663e-03, 3.65497079e-04, 2.55847955e-03, 0.,
       3.65497079e-04, 3.65497079e-04, 1.46198831e-03, 5.84795326e-03,
       1.09649124e-03, 7.30994157e-04, 1.09649124e-03, 1.09649124e-03,
       7.30994157e-03, 7.30994157e-04, 3.65497079e-04, 2.55847955e-03,
       7.30994157e-04, 1.46198831e-03, 3.65497079e-04, 3.65497079e-04,
       2.92397663e-03, 1.82748539e-03, 1.46198831e-03, 1.09649124e-03,
       3.65497079e-04, 0., 5.48245618e-03, 3.65497079e-04,
       7.30994157e-04, 1.09649124e-03, 3.65497079e-04, 1.46198831e-03,
       0., 0., 0., 7.30994157e-04, 4.75146202e-03, 0., 6.94444450e-03,
       7.30994157e-04, 0., 7.30994157e-04, 0., 0., 1.82748539e-03,
       3.65497079e-03, 7.30994157e-04, 1.09649124e-03, 7.30994157e-04,
       3.65497079e-04, 3.65497079e-04, 1.09649124e-03, 0.,
       7.30994157e-04, 2.55847955e-03, 7.30994157e-04, 0.,
       3.65497079e-04, 1.46198831e-03, 2.92397663e-03, 2.55847955e-03,
       1.46198831e-03, 7.30994157e-04, 7.30994157e-04, 0.,
       1.46198831e-03, 0., 3.65497079e-04, 3.65497079e-04,
       3.65497079e-04, 4.75146202e-03, 3.65497079e-04, 3.65497079e-04,
       1.09649124e-03, 7.30994157e-04, 2.19298247e-03, 3.65497079e-04,
       1.46198831e-03, 2.55847955e-03, 7.30994157e-04, 1.82748539e-03,
       3.65497079e-04, 1.09649124e-03, 7.30994157e-04, 7.30994157e-04,
