%YAML:1.0
m100n: !!opencv-matrix
   rows: 1
   cols: 800
   dt: f
   data: [ 0., 2.38663470e-03, 1.19331735e-03, 3.97772470e-04,
       3.97772470e-04, 1.19331735e-03, 3.97772482e-03, 5.17104194e-03,
       7.15990458e-03, 7.95544940e-04, 0., 3.97772470e-04,
       3.97772470e-04, 1.19331735e-03, 0., 7.95544940e-04,
       2.38663470e-03, 0., 1.98886241e-03, 0., 3.97772470e-04,
       7.95544940e-04, 1.98886241e-03, 3.97772482e-03, 1.59108988e-03,
       0., 0., 3.97772470e-04, 0., 1.19331735e-03, 1.19331735e-03,
       1.59108988e-03, 7.15990458e-03, 3.97772470e-04, 7.95544940e-04,
       1.19331735e-03, 3.97772470e-04, 3.97772470e-04, 3.97772470e-04,
       1.59108988e-03, 1.19331735e-03, 3.97772482e-03, 0.,
       3.18217976e-03, 3.97772470e-04, 1.59108988e-03, 1.98886241e-03,
       3.97772470e-04, 0., 1.59108988e-03, 1.19331735e-03,
       7.95544940e-04, 1.19331735e-03, 1.19331735e-03, 1.19331735e-03,
       7.95544940e-04, 3.97772470e-04, 2.38663470e-03, 3.97772470e-04,
       1.19331735e-03, 1.98886241e-03, 3.97772482e-03, 1.19331735e-03,
       0., 5.96658699e-03, 1.19331735e-03, 1.59108988e-03,
       3.97772470e-04, 3.97772470e-04, 7.95544940e-04, 1.59108988e-03,
       1.19331735e-03, 3.97772470e-04, 7.95544940e-04, 1.19331735e-03,
       1.19331735e-03, 2.38663470e-03, 1.59108988e-03, 2.38663470e-03,
       1.19331735e-03, 1.59108988e-03, 1.59108988e-03, 5.96658699e-03,
       1.19331735e-03, 7.95544940e-04, 3.97772470e-04, 7.95544940e-04,
       1.67064443e-02, 3.97772470e-04, 1.59108988e-03, 1.98886241e-03,
       3.97772470e-04, 1.19331735e-03, 3.97772470e-04, 0.,
       7.95544940e-04, 1.19331735e-03, 3.97772470e-04, 1.19331735e-03,
       7.95544940e-04, 1.59108988e-03, 2.38663470e-03, 7.95544940e-04,
       3.18217976e-03, 3.18217976e-03, 1.19331735e-03, 3.97772470e-04,
       7.95544940e-04, 3.97772470e-04, 1.59108988e-03, 7.95544940e-04,
       3.97772470e-04, 1.59108988e-03, 2.78440723e-03, 7.95544940e-04,
       4.77326941e-03, 1.98886241e-03, 3.97772470e-04, 1.35242641e-02,
       1.59108988e-03, 3.97772470e-04, 3.97772470e-04, 7.95544940e-04,
       1.19331735e-03, 3.97772470e-04, 1.19331735e-03, 7.55767711e-03,
       3.97772470e-04, 0., 3.97772470e-04, 0., 1.59108988e-03,
       1.19331735e-03, 2.78440723e-03, 3.97772470e-04, 1.98886241e-03,
       1.19331735e-03, 1.19331735e-03, 3.97772482e-03, 7.95544940e-04,
       1.59108988e-03, 0., 7.95544940e-04, 1.19331735e-03,
       5.17104194e-03, 3.97772470e-04, 0., 2.78440723e-03,
       2.38663470e-03, 2.38663470e-03, 0., 1.59108988e-03,
       3.97772470e-04, 0., 3.97772470e-04, 3.57995229e-03, 0.,
       1.59108988e-03, 3.97772470e-04, 7.95544940e-04, 2.38663470e-03,
       1.98886241e-03, 1.19331735e-03, 1.19331735e-03, 0., 0.,
       1.19331735e-03, 1.19331735e-03, 1.19331735e-03, 1.59108988e-03,
       2.78440723e-03, 0., 1.98886241e-03, 3.97772470e-04,
       3.97772470e-04, 1.19331735e-03, 7.95544940e-04, 7.95544940e-04,
       1.19331735e-03, 3.97772470e-04, 4.37549734e-03, 1.19331735e-03,
       8.35322216e-03, 1.59108988e-03, 7.95544940e-04, 1.19331735e-03,
       2.38663470e-03, 2.38663470e-03, 0., 2.38663470e-03,
       7.95544940e-04, 1.59108988e-03, 1.59108988e-03, 0.,
       3.97772470e-04, 2.78440723e-03, 3.57995229e-03, 0.,
       7.95544940e-04, 7.95544940e-04, 3.97772470e-04, 1.19331735e-03,
       1.59108988e-03, 3.97772470e-04, 3.97772482e-03, 0.,
       3.97772470e-04, 0., 1.19331735e-03, 1.19331735e-03,
       7.95544940e-04, 9.94431134e-03, 1.19331735e-03, 3.97772482e-03,
       1.19331735e-03, 1.19331735e-03, 7.95544940e-04, 3.97772470e-04,
       1.19331735e-03, 2.38663470e-03, 0., 1.19331735e-03,
       7.95544940e-04, 2.38663470e-03, 7.95544940e-04, 0.,
       3.97772470e-04, 3.97772470e-04, 3.97772470e-04, 0.,
       2.78440723e-03, 3.97772470e-04, 3.97772470e-04, 0.,
       7.95544940e-04, 7.95544940e-04, 1.19331735e-03, 3.18217976e-03,
       7.95544940e-04, 7.95544940e-04, 1.19331735e-03, 7.95544940e-04,
       0., 0., 0., 1.19331735e-03, 3.18217976e-03, 2.78440723e-03,
       3.97772470e-04, 3.97772470e-04, 0., 1.98886241e-03,
       3.97772470e-04, 3.97772470e-04, 3.97772470e-04, 7.95544940e-04,
       0., 1.59108988e-03, 3.97772470e-04, 3.97772470e-04,
       2.38663470e-03, 0., 3.57995229e-03, 1.98886241e-03,
       1.59108988e-03, 1.19331735e-03, 7.95544940e-04, 1.59108988e-03,
       3.97772470e-04, 0., 0., 1.19331735e-03, 0., 7.95544940e-04,
       7.95544940e-04, 3.97772470e-04, 7.95544940e-04, 1.59108988e-03,
       1.19331735e-03, 0., 1.19331735e-03, 7.95544940e-04,
       7.95544940e-04, 0., 1.59108988e-03, 1.19331735e-03,
       7.95544940e-04, 2.78440723e-03, 1.19331735e-03, 7.95544940e-04,
       0., 1.19331735e-03, 1.59108988e-03, 7.95544940e-04,
       5.56881446e-03, 1.59108988e-03, 1.59108988e-03, 3.97772470e-04,
       3.97772470e-04, 2.78440723e-03, 7.95544940e-04, 7.95544940e-04,
       3.97772470e-04, 5.17104194e-03, 3.57995229e-03, 3.97772470e-04,
       3.97772470e-04, 2.38663470e-03, 0., 3.97772470e-04,
       3.97772470e-04, 3.97772470e-04, 1.98886241e-03, 0.,
       3.97772470e-04, 1.19331735e-03, 1.19331735e-03, 7.95544940e-04,
       3.97772470e-04, 1.98886241e-03, 1.59108988e-03, 1.19331735e-03,
       7.95544940e-04, 1.59108988e-03, 0., 1.19331735e-03,
       7.95544940e-04, 1.19331735e-03, 0., 0., 3.97772470e-04,
       7.95544940e-04, 7.95544940e-04, 1.98886241e-03, 7.95544940e-04,
       0., 2.78440723e-03, 7.95544940e-04, 0., 3.97772470e-04,
       7.95544940e-04, 1.59108988e-03, 1.59108988e-03, 3.97772470e-04,
       0., 1.59108988e-03, 0., 3.97772470e-04, 1.19331735e-03,
       1.98886241e-03, 3.97772470e-04, 0., 0., 3.97772470e-04, 0.,
       1.59108988e-03, 7.95544940e-04, 1.98886241e-03, 7.95544940e-04,
       3.18217976e-03, 1.59108988e-03, 0., 7.95544940e-04,
       3.97772470e-04, 3.57995229e-03, 3.97772470e-04, 4.37549734e-03,
       6.36435952e-03, 1.98886241e-03, 7.95544940e-04, 3.97772470e-04,
       1.19331735e-03, 3.97772470e-04, 1.19331735e-03, 1.59108988e-03,
       1.59108988e-03, 3.97772470e-04, 4.37549734e-03, 3.97772470e-04,
       3.97772470e-04, 1.19331735e-03, 7.95544940e-04, 1.19331735e-03,
       0., 1.98886241e-03, 0., 3.97772470e-04, 3.18217976e-03,
       3.97772470e-04, 1.19331735e-03, 2.78440723e-03, 1.19331735e-03,
       4.77326941e-03, 0., 1.59108988e-03, 2.38663470e-03,
       1.59108988e-03, 3.97772470e-04, 1.59108988e-03, 2.38663470e-03,
       7.95544940e-04, 3.97772470e-04, 3.97772470e-04, 3.97772470e-04,
       0., 7.95544940e-04, 3.97772470e-04, 1.59108988e-03,
       1.59108988e-03, 0., 2.38663470e-03, 7.95544940e-04,
       6.76213205e-03, 2.78440723e-03, 3.97772470e-04, 3.97772470e-04,
       3.97772470e-04, 1.19331735e-03, 3.97772470e-04, 1.59108988e-03,
       0., 3.97772470e-04, 3.97772470e-04, 3.97772470e-04,
       1.59108988e-03, 1.59108988e-03, 1.19331735e-03, 1.98886241e-03,
       3.97772470e-04, 0., 1.59108988e-03, 7.95544940e-04,
       2.78440723e-03, 3.97772470e-04, 1.98886241e-03, 0., 0.,
       1.19331735e-03, 0., 3.97772470e-04, 2.78440723e-03,
       7.95544940e-04, 0., 3.97772470e-04, 0., 1.19331735e-03,
       7.95544940e-04, 1.19331735e-03, 3.97772470e-04, 3.97772470e-04,
       0., 3.97772470e-04, 1.19331735e-03, 7.95544940e-04,
       3.57995229e-03, 1.59108988e-03, 3.97772470e-04, 3.97772470e-04,
       3.97772470e-04, 1.98886241e-03, 0., 3.97772470e-04,
       1.98886241e-03, 2.78440723e-03, 1.98886241e-03, 3.97772470e-04,
       3.57995229e-03, 1.19331735e-03, 0., 3.97772470e-04,
       4.77326941e-03, 1.19331735e-03, 3.97772470e-04, 1.19331735e-03,
       1.98886241e-03, 0., 7.95544940e-04, 1.98886241e-03,
       2.38663470e-03, 0., 5.56881446e-03, 1.59108988e-03,
       1.19331735e-03, 1.59108988e-03, 0., 1.19331735e-03,
       3.97772470e-04, 3.97772470e-04, 3.97772470e-04, 1.19331735e-03,
       0., 0., 3.97772470e-04, 7.95544940e-04, 0., 3.97772470e-04,
       3.97772470e-04, 1.59108988e-03, 1.19331735e-03, 0.,
