%YAML:1.0
m100n: !!opencv-matrix
   rows: 1
   cols: 800
   dt: f
   data: [ 7.89577549e-04, 1.18436629e-03, 7.89577549e-04, 0.,
       1.18436629e-03, 0., 0., 0., 0., 7.89577549e-04, 7.89577549e-04,
       1.57915510e-03, 2.36873259e-03, 1.18436629e-03, 0.,
       3.94788774e-04, 3.94788774e-04, 0., 4.34267661e-03,
       3.55309900e-03, 0., 3.55309900e-03, 3.94788774e-04,
       8.29056464e-03, 1.57915510e-03, 0., 1.97394378e-03,
       7.89577549e-04, 1.18436629e-03, 2.01342274e-02, 2.36873259e-03,
       1.18436629e-03, 2.76352139e-03, 1.18436629e-03, 7.89577549e-04,
       2.36873259e-03, 0., 3.94788774e-04, 2.36873259e-03, 0.,
       3.94788774e-04, 3.94788774e-04, 1.97394378e-03, 0.,
       1.18436629e-03, 2.36873259e-03, 3.94788774e-04, 1.57915510e-03,
       7.89577549e-04, 1.18436629e-03, 3.94788774e-04, 1.57915510e-03,
       1.57915510e-03, 3.94788774e-04, 3.94788774e-04, 7.89577549e-04,
       0., 4.73746518e-03, 1.97394378e-03, 3.94788774e-04,
       2.36873259e-03, 7.89577549e-04, 1.57915510e-03, 3.94788774e-04,
       7.89577549e-04, 0., 3.94788774e-04, 3.94788774e-04,
       7.10619800e-03, 7.89577549e-04, 1.57915510e-03, 0.,
       1.18436629e-03, 3.94788774e-04, 3.94788774e-04, 1.57915510e-03,
       7.89577549e-04, 0., 1.57915510e-03, 1.18436629e-03, 0., 0.,
       1.18436629e-03, 1.57915510e-03, 1.18436629e-03, 3.94788774e-04,
       1.57915510e-03, 3.94788774e-04, 1.57915510e-03, 7.89577549e-04,
       3.94788774e-04, 0., 0., 0., 7.89577549e-04, 7.89577549e-04,
       3.94788774e-04, 2.36873259e-03, 1.57915510e-03, 0.,
       7.89577549e-04, 3.94788774e-04, 1.57915510e-03, 1.97394378e-03,
       0., 4.73746518e-03, 2.36873259e-03, 5.13225421e-03,
       7.89577549e-04, 3.94788774e-04, 5.13225421e-03, 1.18436629e-03,
       5.92183182e-03, 1.97394378e-03, 1.18436629e-03, 3.94788774e-04,
       2.36873259e-03, 3.94788774e-04, 7.89577549e-04, 0.,
       2.36873259e-03, 1.57915510e-03, 0., 0., 3.94788774e-04,
       2.36873259e-03, 7.89577549e-04, 3.94788774e-04, 5.92183182e-03,
       0., 2.76352139e-03, 0., 7.89577549e-04, 1.97394378e-03,
       7.89577549e-04, 7.89577549e-04, 3.94788774e-04, 0.,
       1.57915510e-03, 1.18436629e-03, 3.15831020e-03, 1.97394378e-03,
       3.94788774e-04, 3.94788774e-04, 0., 0., 0., 1.18436629e-03, 0.,
       1.18436629e-03, 3.94788757e-03, 0., 2.76352139e-03,
       1.18436629e-03, 2.36873259e-03, 0., 3.15831020e-03,
       3.94788774e-04, 0., 7.89577549e-04, 3.94788774e-04,
       3.15831020e-03, 2.76352139e-03, 1.57915510e-03, 1.57915510e-03,
       0., 3.94788774e-04, 1.57915510e-03, 0., 0., 1.18436629e-03,
       5.52704278e-03, 1.57915510e-03, 7.89577549e-04, 1.57915510e-03,
       4.34267661e-03, 0., 2.36873259e-03, 3.55309900e-03,
       3.94788774e-04, 1.97394378e-03, 1.18436629e-03, 3.94788774e-04,
       7.89577549e-04, 3.94788774e-04, 0., 1.97394378e-03,
       3.94788774e-04, 3.94788774e-04, 1.18436629e-03, 1.57915510e-03,
       3.94788774e-04, 2.76352139e-03, 2.76352139e-03, 3.94788774e-04,
       3.94788774e-04, 7.89577549e-04, 1.57915510e-03, 3.94788774e-04,
       3.15831020e-03, 1.18436629e-03, 7.89577549e-04, 1.18436629e-03,
       3.55309900e-03, 0., 2.76352139e-03, 2.36873259e-03,
       3.94788774e-04, 3.94788774e-04, 3.94788774e-04, 1.18436629e-03,
       2.36873259e-03, 0., 0., 1.57915510e-03, 2.36873259e-03,
       1.18436629e-03, 3.94788774e-04, 1.18436629e-03, 3.94788774e-04,
       1.97394378e-03, 7.89577549e-04, 2.36873259e-03, 3.94788774e-04,
       3.55309900e-03, 3.94788774e-04, 1.97394378e-03, 1.57915510e-03,
       3.94788774e-04, 1.97394378e-03, 1.97394378e-03, 7.89577549e-04,
       3.94788774e-04, 2.36873259e-03, 1.97394378e-03, 2.76352139e-03,
       4.73746518e-03, 1.57915510e-03, 7.89577549e-04, 2.76352139e-03,
       3.94788774e-04, 1.57915510e-03, 3.94788774e-04, 3.94788757e-03,
       0., 7.89577549e-04, 3.94788774e-04, 1.18436629e-03,
       3.94788774e-04, 0., 4.34267661e-03, 1.57915510e-03,
       3.94788757e-03, 3.94788774e-04, 3.15831020e-03, 7.89577549e-04,
       1.97394378e-03, 1.57915510e-03, 1.57915510e-03, 2.36873259e-03,
       7.89577549e-04, 7.89577549e-04, 0., 1.57915510e-03,
       1.97394378e-03, 7.89577549e-04, 2.36873259e-03, 0., 0.,
       1.18436629e-03, 4.73746518e-03, 3.94788774e-04, 3.94788774e-04,
       2.36873259e-03, 3.55309900e-03, 1.18436629e-03, 7.89577549e-04,
       7.89577549e-04, 0., 1.57915510e-03, 3.94788774e-04,
       1.18436629e-03, 1.18436629e-03, 7.89577549e-04, 7.89577549e-04,
       1.18436629e-03, 2.36873259e-03, 3.94788774e-04, 0.,
       7.89577549e-04, 2.36873259e-03, 0., 7.89577549e-04,
       3.15831020e-03, 7.89577549e-04, 3.94788774e-04, 7.89577549e-04,
       0., 0., 0., 3.94788774e-04, 0., 2.76352139e-03, 1.57915510e-03,
       0., 3.94788774e-04, 1.57915510e-03, 0., 7.89577549e-04, 0.,
       7.89577549e-04, 1.57915510e-03, 3.55309900e-03, 7.89577549e-04,
       0., 2.36873259e-03, 1.97394378e-03, 1.97394378e-03,
       1.97394378e-03, 0., 7.89577549e-04, 0., 1.57915510e-03,
       3.94788774e-04, 3.94788774e-04, 3.94788774e-04, 7.89577549e-04,
       3.94788774e-04, 3.94788774e-04, 3.94788774e-04, 7.89577549e-04,
       1.18436629e-03, 3.55309900e-03, 1.97394378e-03, 7.89577549e-04,
       1.97394378e-03, 1.18436629e-03, 7.89577549e-04, 7.89577549e-04,
       3.94788774e-04, 1.18436629e-03, 1.18436629e-03, 7.89577549e-04,
       1.18436629e-03, 1.18436629e-03, 0., 3.94788774e-04, 0.,
       7.89577549e-04, 3.94788774e-04, 3.55309900e-03, 0., 0.,
       1.57915510e-03, 0., 2.76352139e-03, 2.76352139e-03,
       1.18436629e-03, 2.76352139e-03, 2.76352139e-03, 1.57915510e-03,
       2.36873259e-03, 7.89577549e-04, 0., 1.57915510e-03,
       5.13225421e-03, 7.89577549e-04, 1.18436629e-03, 1.57915510e-03,
       3.94788774e-04, 5.92183182e-03, 3.15831020e-03, 3.94788774e-04,
       1.57915510e-03, 3.55309900e-03, 2.76352139e-03, 0.,
       1.18436629e-03, 3.94788774e-04, 1.18436629e-03, 4.34267661e-03,
       7.89577549e-04, 2.76352139e-03, 7.89577549e-04, 1.18436629e-03,
       7.89577549e-04, 3.94788774e-04, 7.89577549e-04, 3.94788774e-04,
       1.18436629e-03, 7.89577549e-04, 4.34267661e-03, 7.89577549e-04,
       6.71140896e-03, 7.89577549e-04, 3.94788774e-04, 3.94788774e-04,
       3.94788774e-04, 4.73746518e-03, 0., 3.94788774e-04,
       7.89577549e-04, 1.18436629e-03, 2.76352139e-03, 1.18436629e-03,
       2.36873259e-03, 3.94788774e-04, 3.94788774e-04, 2.36873259e-03,
       0., 1.57915510e-03, 3.94788774e-04, 3.94788774e-04,
       7.89577549e-04, 3.94788774e-04, 0., 7.89577549e-04,
       1.97394378e-03, 0., 3.94788757e-03, 2.36873259e-03, 0.,
       1.97394378e-03, 3.94788774e-04, 1.57915510e-03, 3.94788757e-03,
       1.18436629e-03, 1.18436629e-03, 0., 2.36873259e-03,
       1.18436629e-03, 1.57915510e-03, 1.97394378e-03, 7.89577549e-04,
       1.18436629e-03, 2.36873259e-03, 0., 7.89577549e-04,
       1.57915510e-03, 7.89577549e-04, 3.94788757e-03, 7.89577549e-04,
       7.89577549e-04, 2.36873259e-03, 1.97394378e-03, 1.57915510e-03,
       1.18436629e-03, 1.57915510e-03, 7.89577549e-04, 3.94788774e-04,
       1.18436629e-03, 3.94788774e-04, 0., 2.36873259e-03,
       1.97394378e-03, 1.57915510e-03, 3.55309900e-03, 1.18436629e-03,
       1.97394378e-03, 1.18436629e-03, 1.97394378e-03, 7.89577549e-04,
       1.97394378e-03, 1.97394378e-03, 2.36873259e-03, 0.,
       3.94788774e-04, 3.94788774e-04, 3.94788774e-04, 1.57915510e-03,
       0., 0., 1.18436629e-03, 7.89577549e-04, 3.94788774e-04, 0.,
       7.89577549e-04, 0., 7.89577549e-04, 3.55309900e-03, 0.,
       3.94788774e-04, 3.94788774e-04, 7.89577549e-04, 3.94788774e-04,
       3.94788774e-04, 7.89577549e-04, 0., 0., 7.89577549e-04,
       2.36873259e-03, 1.57915510e-03, 3.94788774e-04, 7.89577549e-04,
       3.94788774e-04, 5.13225421e-03, 3.94788774e-04, 7.89577549e-04,
       7.89577549e-04, 0., 1.57915510e-03, 0., 8.29056464e-03, 0.,
       1.18436629e-03, 7.89577514e-03, 2.36873259e-03, 3.15831020e-03,
