%YAML:1.0
m100n: !!opencv-matrix
   rows: 1
   cols: 800
   dt: f
   data: [ 0., 3.60360369e-03, 9.00900923e-04, 9.00900923e-04, 0.,
       1.35135138e-03, 9.00900923e-04, 2.70270277e-03, 3.28828841e-02,
       1.35135138e-03, 4.50450461e-04, 0., 9.00900923e-04, 0., 0.,
       4.50450461e-03, 0., 4.50450461e-04, 5.40540554e-03,
       4.50450461e-04, 4.50450461e-04, 1.35135138e-03, 9.00900923e-04,
       9.00900923e-04, 4.50450461e-04, 0., 9.00900923e-04,
       1.35135138e-03, 4.50450461e-04, 4.50450461e-04, 1.35135138e-03,
       0., 2.70270277e-03, 4.50450461e-04, 4.50450461e-04,
       9.00900923e-04, 0., 4.50450461e-04, 9.00900923e-04,
       1.80180185e-03, 9.00900923e-04, 0., 0., 4.05405415e-03, 0.,
       4.50450461e-04, 4.95495507e-03, 2.70270277e-03, 0., 0.,
       4.50450461e-04, 1.80180185e-03, 2.70270277e-03, 4.50450461e-04,
       0., 1.35135138e-03, 9.00900923e-04, 1.35135138e-03,
       1.35135138e-03, 4.50450461e-04, 2.70270277e-03, 8.55855830e-03,
       0., 1.35135138e-03, 3.60360369e-03, 4.50450461e-04,
       1.35135138e-03, 1.35135138e-03, 0., 0., 1.80180185e-03,
       1.80180185e-03, 0., 4.05405415e-03, 2.25225231e-03,
       4.50450461e-04, 1.35135138e-03, 4.50450461e-04, 4.50450461e-04,
       9.00900923e-04, 4.50450461e-04, 2.70270277e-03, 7.20720738e-03,
       4.50450461e-04, 1.35135138e-03, 0., 4.50450461e-04,
       2.47747749e-02, 0., 4.50450461e-04, 4.50450461e-04, 0.,
       4.50450461e-04, 0., 0., 1.35135138e-03, 9.00900923e-04,
       4.50450461e-04, 3.60360369e-03, 4.50450461e-04, 9.00900923e-04,
       9.00900923e-04, 0., 3.15315323e-03, 1.80180185e-03,
       1.35135138e-03, 4.50450461e-04, 4.50450461e-04, 4.50450461e-04,
       1.35135138e-03, 4.50450461e-04, 4.50450461e-04, 0.,
       1.35135138e-03, 4.50450461e-04, 4.50450461e-04, 4.50450461e-03,
       4.50450461e-04, 3.28828841e-02, 4.50450461e-04, 9.00900923e-04,
       9.00900923e-04, 9.00900923e-04, 0., 1.80180185e-03, 0.,
       9.00900923e-04, 4.50450461e-04, 1.35135138e-03, 9.00900923e-04,
       1.80180185e-03, 7.20720738e-03, 0., 4.50450461e-04, 0.,
       9.00900923e-04, 0., 1.35135138e-03, 1.35135138e-03, 0.,
       1.35135138e-03, 4.50450461e-04, 4.50450461e-04, 9.00900923e-04,
       9.45946015e-03, 4.50450461e-04, 4.50450461e-04, 1.80180185e-03,
       4.05405415e-03, 9.00900923e-04, 4.50450461e-04, 9.00900923e-04,
       1.80180185e-03, 1.80180185e-03, 0., 1.80180185e-03,
       4.50450461e-04, 1.80180185e-03, 1.35135138e-03, 4.50450461e-04,
       1.35135138e-03, 1.80180185e-03, 9.00900923e-04, 4.50450461e-04,
       4.50450461e-04, 0., 1.35135138e-03, 0., 4.50450461e-04,
       4.50450461e-04, 1.35135138e-03, 9.00900923e-04, 3.15315323e-03,
       0., 0., 1.35135138e-03, 4.05405415e-03, 0., 9.00900923e-04, 0.,
       4.50450461e-04, 3.15315323e-03, 3.19819823e-02, 1.35135138e-03,
       9.00900923e-04, 4.50450461e-04, 4.50450461e-04, 2.25225231e-03,
       4.50450461e-04, 1.35135138e-03, 0., 0., 4.50450461e-04, 0.,
       3.15315323e-03, 0., 2.70270277e-03, 9.00900923e-04,
       1.80180185e-03, 0., 1.35135138e-03, 0., 0., 0., 3.60360369e-03,
       1.35135138e-03, 1.35135138e-03, 9.00900923e-04, 0.,
       4.50450461e-04, 4.50450461e-04, 9.00900923e-04, 4.50450461e-04,
       4.50450461e-04, 1.35135138e-03, 9.00900923e-04, 1.35135138e-03,
       1.80180185e-03, 2.70270277e-03, 1.35135138e-03, 9.00900923e-04,
       4.50450461e-04, 9.00900923e-04, 4.50450461e-04, 0.,
       4.50450461e-04, 4.50450461e-04, 4.50450461e-04, 0.,
       1.80180185e-03, 1.35135138e-03, 0., 1.35135138e-03, 0., 0.,
       9.00900923e-04, 0., 3.60360369e-03, 3.15315323e-03,
       9.00900923e-04, 4.50450461e-04, 9.00900923e-04, 4.50450461e-04,
       4.50450461e-04, 0., 2.25225231e-03, 1.35135138e-03,
       4.50450461e-04, 1.80180185e-03, 9.00900923e-04, 4.50450461e-04,
       9.00900923e-04, 0., 0., 0., 1.35135138e-03, 4.50450461e-04, 0.,
       9.00900923e-04, 1.35135138e-03, 4.50450461e-04, 4.50450461e-04,
       3.60360369e-03, 2.25225231e-03, 4.50450461e-04, 0.,
       2.25225231e-03, 0., 0., 0., 9.00900923e-04, 0., 4.50450461e-04,
       0., 9.00900923e-04, 0., 0., 4.50450461e-04, 9.00900923e-04,
       1.80180185e-03, 1.35135138e-03, 1.35135138e-03, 1.35135138e-03,
       4.50450461e-04, 2.25225231e-03, 1.80180185e-03, 9.00900923e-04,
       1.80180185e-03, 4.50450461e-04, 4.50450461e-04, 0.,
       4.50450461e-04, 1.35135138e-03, 0., 9.00900923e-03,
       4.95495507e-03, 9.00900923e-04, 9.00900923e-04, 0.,
       4.05405415e-03, 1.35135138e-03, 4.50450461e-04, 1.80180185e-03,
       1.35135138e-03, 1.80180185e-03, 4.50450461e-04, 0.,
       9.00900923e-04, 9.00900923e-04, 0., 5.40540554e-03, 0.,
       4.50450461e-04, 4.50450461e-04, 4.50450461e-04, 4.50450461e-04,
       1.35135138e-03, 4.50450461e-04, 4.50450461e-04, 9.00900923e-04,
       9.00900923e-04, 4.50450461e-04, 4.50450461e-04, 0.,
       2.70270277e-03, 4.50450461e-04, 0., 4.50450461e-04, 0.,
       9.00900923e-04, 9.00900923e-04, 2.25225231e-03, 1.35135138e-03,
       0., 1.80180185e-03, 4.50450461e-04, 5.40540554e-03,
       1.35135138e-03, 0., 4.50450461e-04, 9.00900923e-04,
       3.60360369e-03, 9.00900923e-04, 9.00900923e-04, 0., 0.,
       9.00900923e-04, 2.70270277e-03, 0., 0., 4.50450461e-04,
       4.50450461e-04, 4.50450461e-04, 4.50450461e-04, 4.50450461e-04,
       4.50450461e-04, 4.50450461e-04, 3.15315323e-03, 0.,
       4.50450461e-03, 1.35135138e-03, 4.50450461e-04, 9.00900923e-04,
       0., 1.80180185e-03, 0., 1.35135138e-03, 4.05405415e-03, 0.,
       4.50450461e-04, 0., 4.50450461e-04, 0., 4.50450461e-04,
       1.80180185e-03, 2.70270277e-03, 0., 5.85585600e-03,
       4.50450461e-04, 4.50450461e-04, 9.00900923e-04, 0.,
       9.00900923e-04, 4.50450461e-04, 0., 9.00900923e-04,
       4.50450461e-04, 1.80180185e-03, 4.50450461e-04, 3.15315323e-03,
       2.70270277e-03, 4.50450461e-04, 4.95495507e-03, 9.00900923e-04,
       1.35135138e-03, 1.80180185e-03, 9.00900923e-04, 4.50450461e-04,
       3.60360369e-03, 4.95495507e-03, 1.80180185e-03, 0., 0.,
       4.50450461e-04, 4.50450461e-04, 4.50450461e-04, 4.50450461e-04,
       2.25225231e-03, 4.50450461e-04, 0., 0., 4.50450461e-04,
       9.00900923e-04, 4.50450461e-03, 1.35135138e-03, 0.,
       4.50450461e-04, 9.00900923e-04, 9.00900923e-04, 0.,
       4.50450461e-04, 0., 4.50450461e-04, 0., 0., 1.35135138e-03,
       1.80180185e-03, 4.50450461e-04, 4.50450461e-04, 9.00900923e-04,
       1.35135138e-03, 0., 2.70270277e-03, 2.25225231e-03,
       4.95495507e-03, 2.70270277e-03, 0., 0., 0., 0., 2.70270277e-03,
       3.15315323e-03, 4.50450461e-04, 4.50450461e-04, 0.,
       4.50450461e-04, 1.80180185e-03, 1.80180185e-03, 4.50450461e-04,
       1.35135138e-03, 2.70270277e-03, 1.80180185e-03, 9.00900923e-04,
       0., 1.35135138e-03, 4.50450461e-04, 0., 0., 0., 4.95495507e-03,
       9.00900923e-04, 4.50450461e-04, 9.00900923e-04, 1.35135138e-03,
       2.25225231e-03, 9.00900923e-04, 1.80180185e-03, 0., 0., 0.,
       2.25225231e-03, 4.50450461e-04, 1.35135138e-03, 0.,
       4.50450461e-04, 0., 4.50450461e-03, 4.05405415e-03,
       2.70270277e-03, 0., 2.70270277e-03, 9.00900923e-04,
       1.35135138e-03, 4.50450461e-04, 1.80180185e-03, 4.50450461e-04,
       9.00900923e-04, 4.50450461e-04, 0., 9.00900923e-04, 0.,
       4.50450461e-04, 4.50450461e-04, 1.35135138e-03, 9.00900923e-04,
       0., 0., 6.30630646e-03, 1.35135138e-03, 0., 0., 9.00900923e-04,
       9.00900923e-04, 7.65765784e-03, 9.00900923e-04, 6.30630646e-03,
       9.00900923e-04, 1.35135138e-03, 1.80180185e-03, 4.50450461e-04,
       0., 4.50450461e-04, 4.50450461e-04, 1.35135138e-03, 0.,
       4.05405415e-03, 0., 4.50450461e-04, 0., 9.00900923e-04,
       4.50450461e-04, 1.80180185e-03, 4.50450461e-04, 9.00900923e-04,
       4.50450461e-04, 4.50450461e-04, 1.35135138e-03, 2.70270277e-03,
       9.00900923e-04, 5.40540554e-03, 0., 0., 1.35135138e-03,
       2.25225231e-03, 0., 0., 0., 0., 9.00900923e-04, 4.05405415e-03,
