%YAML:1.0
m100n: !!opencv-matrix
   rows: 1
   cols: 800
   dt: f
   data: [ 0., 2.97914608e-03, 4.96524340e-03, 3.31016228e-04,
       3.31016228e-04, 1.98609731e-03, 1.32406491e-03, 3.31016228e-04,
       0., 6.62032457e-04, 5.62727591e-03, 4.96524340e-03,
       1.65508117e-03, 6.62032457e-04, 9.93048656e-04, 9.93048656e-04,
       6.62032457e-04, 9.93048656e-04, 0., 3.31016228e-04,
       9.93048656e-04, 6.62032457e-04, 3.31016228e-04, 3.31016228e-04,
       4.46871892e-02, 1.65508117e-03, 6.62032457e-04, 6.62032457e-04,
       9.93048656e-04, 9.93048656e-04, 3.31016228e-04, 1.65508117e-03,
       6.62032457e-04, 0., 9.93048656e-04, 6.62032457e-04,
       9.93048656e-04, 6.62032457e-04, 3.31016228e-04, 6.62032457e-04,
       1.32406491e-03, 0., 3.31016234e-03, 9.93048656e-04,
       6.62032457e-04, 9.93048656e-04, 2.64812983e-03, 2.97914608e-03,
       3.31016228e-04, 3.31016234e-03, 1.32406491e-03, 0.,
       1.32406491e-03, 2.31711357e-03, 9.93048656e-04, 0.,
       3.31016234e-03, 6.62032457e-04, 3.31016228e-04, 0.,
       3.31016228e-04, 9.93048656e-04, 1.98609731e-03, 3.31016228e-04,
       1.65508117e-03, 1.32406491e-03, 3.31016228e-04, 6.62032457e-04,
       0., 3.31016234e-03, 2.31711357e-03, 9.93048656e-04,
       1.65508117e-03, 1.65508117e-03, 2.31711357e-03, 0.,
       6.62032457e-04, 9.93048656e-04, 0., 9.93048656e-04, 0.,
       3.31016228e-04, 3.31016228e-04, 0., 0., 4.63422714e-03,
       6.62032457e-04, 2.97914608e-03, 1.65508117e-03, 9.93048656e-04,
       4.30321088e-03, 3.31016228e-04, 3.31016228e-04, 6.62032457e-04,
       3.31016228e-04, 0., 0., 0., 3.31016228e-04, 1.65508117e-03,
       9.93048656e-04, 9.93048656e-04, 3.31016228e-04, 1.98609731e-03,
       1.32406491e-03, 6.62032457e-04, 6.62032457e-04, 3.31016228e-04,
       6.62032457e-04, 0., 1.32406491e-03, 9.93048656e-04,
       9.93048656e-04, 0., 6.62032457e-04, 3.31016228e-04,
       3.31016228e-04, 3.31016228e-04, 8.27540550e-03, 1.32406491e-03,
       2.31711357e-03, 1.32406491e-03, 0., 9.93048656e-04,
       1.32406491e-03, 6.62032457e-04, 1.32406491e-03, 6.62032457e-04,
       0., 9.93048656e-04, 9.93048656e-04, 5.29625965e-03,
       1.32406491e-03, 6.62032457e-04, 9.93048656e-04, 1.32406494e-02,
       1.65508117e-03, 6.62032457e-04, 6.62032457e-04, 1.32406491e-03,
       2.97914608e-03, 2.97914608e-03, 6.62032457e-04, 9.93048656e-04,
       0., 1.65508117e-03, 0., 6.62032457e-04, 3.31016228e-04,
       3.31016228e-04, 3.31016228e-04, 4.96524340e-03, 3.31016228e-04,
       9.93048656e-04, 0., 6.62032457e-04, 0., 1.32406491e-03, 0.,
       6.62032457e-04, 3.31016228e-04, 3.31016228e-04, 6.62032457e-04,
       6.62032457e-04, 3.31016228e-04, 9.93048656e-04, 3.31016228e-04,
       1.65508117e-03, 6.62032457e-04, 0., 3.31016228e-04, 0.,
       3.31016228e-04, 3.31016228e-04, 9.93048656e-04, 0.,
       6.62032457e-04, 1.95299573e-02, 3.31016228e-04, 1.98609731e-03,
       1.98609731e-03, 2.31711357e-03, 1.32406491e-03, 1.32406491e-03,
       1.32406491e-03, 1.32406491e-03, 9.93048656e-04, 9.93048656e-04,
       3.31016228e-04, 6.62032468e-03, 3.97219462e-03, 6.62032457e-04,
       5.95829217e-03, 6.62032457e-04, 0., 1.32406491e-03, 0., 0.,
       1.65508117e-03, 0., 1.65508117e-03, 4.63422714e-03,
       9.59947053e-03, 2.97914608e-03, 1.32406491e-03, 2.97914608e-03,
       6.62032457e-04, 3.31016228e-04, 3.64117860e-03, 1.32406491e-03,
       6.62032457e-04, 3.31016228e-04, 6.62032457e-04, 3.31016228e-04,
       1.32406491e-03, 9.93048656e-04, 6.62032457e-04, 9.93048656e-04,
       1.65508117e-03, 1.98609731e-03, 6.62032457e-04, 6.62032457e-04,
       9.93048656e-04, 9.93048656e-04, 3.31016228e-04, 3.31016228e-04,
       3.31016228e-04, 1.32406491e-03, 4.96524340e-03, 1.65508117e-03,
       9.93048656e-04, 1.65508117e-03, 6.62032457e-04, 1.32406491e-03,
       2.64812983e-03, 6.62032457e-04, 2.31711357e-03, 0.,
       1.65508117e-03, 6.62032457e-04, 1.32406491e-03, 6.62032468e-03,
       1.65508117e-03, 3.64117860e-03, 6.62032457e-04, 1.98609731e-03,
       5.29625965e-03, 1.65508117e-03, 1.98609731e-03, 9.93048656e-04,
       6.62032457e-04, 6.62032457e-04, 2.31711357e-03, 6.62032457e-04,
       3.31016228e-04, 3.31016228e-04, 6.62032457e-04, 1.32406491e-03,
       1.32406491e-03, 6.62032457e-04, 3.31016228e-04, 6.62032457e-04,
       0., 2.31711357e-03, 6.62032457e-04, 9.93048656e-04,
       3.31016228e-04, 4.96524340e-03, 9.93048656e-04, 6.62032457e-04,
       3.97219462e-03, 6.62032457e-04, 1.32406491e-03, 9.93048656e-04,
       3.31016228e-04, 9.93048656e-04, 3.31016228e-04, 3.64117860e-03,
       3.31016234e-03, 6.62032457e-04, 4.96524340e-03, 1.32406491e-03,
       6.62032457e-04, 9.93048656e-04, 9.93048656e-04, 6.62032457e-04,
       3.31016234e-03, 3.31016228e-04, 9.93048656e-04, 3.31016228e-04,
       6.62032457e-04, 6.62032457e-04, 0., 9.93048656e-04,
       3.31016228e-04, 1.32406491e-03, 0., 0., 6.62032457e-04,
       9.93048656e-04, 1.65508117e-03, 2.31711357e-03, 9.93048656e-04,
       6.62032457e-04, 6.62032457e-04, 0., 3.31016228e-04,
       1.98609731e-03, 6.62032457e-04, 0., 2.31711357e-03,
       9.93048656e-04, 4.30321088e-03, 2.31711357e-03, 1.32406491e-03,
       1.98609731e-03, 6.62032457e-04, 6.62032457e-04, 3.31016228e-04,
       9.93048656e-04, 6.62032457e-04, 3.31016228e-04, 9.93048656e-04,
       9.93048656e-04, 1.32406491e-03, 1.32406491e-03, 0.,
       3.97219462e-03, 3.31016228e-04, 3.31016228e-04, 6.62032457e-04,
       0., 5.95829217e-03, 3.64117860e-03, 6.62032457e-04,
       3.31016228e-04, 0., 9.93048656e-04, 9.93048656e-04,
       6.62032457e-04, 3.97219462e-03, 3.31016228e-04, 1.32406491e-03,
       1.32406491e-03, 1.98609731e-03, 3.31016228e-04, 6.62032457e-04,
       6.62032457e-04, 0., 9.93048656e-04, 6.62032457e-04,
       3.31016228e-04, 1.32406491e-03, 0., 1.32406491e-03, 0.,
       3.31016228e-04, 9.93048656e-04, 0., 2.97914608e-03,
       9.93048656e-04, 3.31016228e-04, 3.31016228e-04, 6.62032457e-04,
       9.93048656e-04, 9.93048656e-04, 6.62032457e-04, 6.62032457e-04,
       5.29625965e-03, 3.31016228e-04, 2.31711357e-03, 0.,
       3.31016228e-04, 9.93048656e-04, 6.62032457e-04, 6.62032457e-04,
       9.93048656e-04, 6.62032457e-04, 1.32406491e-03, 6.62032457e-04,
       9.93048656e-04, 1.65508117e-03, 3.31016228e-04, 0.,
       1.65508117e-03, 6.62032457e-04, 1.32406491e-03, 3.97219462e-03,
       3.64117860e-03, 2.97914608e-03, 6.62032457e-04, 3.64117860e-03,
       3.31016228e-04, 1.98609731e-03, 0., 6.62032457e-04,
       3.97219462e-03, 6.62032457e-04, 1.65508117e-03, 6.62032457e-04,
       0., 3.31016228e-04, 3.31016228e-04, 1.65508117e-03,
       6.62032457e-04, 3.31016228e-04, 1.32406491e-03, 0.,
       2.64812983e-03, 6.62032457e-04, 4.63422714e-03, 9.93048656e-04,
       3.31016228e-04, 1.32406491e-03, 3.31016228e-04, 3.97219462e-03,
       3.31016228e-04, 9.93048656e-04, 1.65508117e-03, 3.31016228e-04,
       5.95829217e-03, 0., 9.93048656e-04, 3.97219462e-03,
       1.32406491e-03, 9.93048656e-04, 0., 3.31016228e-04,
       1.98609731e-03, 3.31016228e-04, 1.98609731e-03, 9.93048656e-04,
       2.31711357e-03, 9.93048656e-04, 1.65508117e-03, 6.62032457e-04,
       3.31016228e-04, 6.62032457e-04, 0., 0., 0., 9.93048656e-04,
       3.31016228e-04, 9.93048656e-04, 9.93048656e-04, 3.31016228e-04,
       2.31711357e-03, 3.31016228e-04, 3.31016228e-04, 6.62032457e-04,
       3.31016228e-04, 4.30321088e-03, 6.62032457e-04, 1.32406491e-03,
       9.93048656e-04, 3.97219462e-03, 6.62032457e-04, 3.31016228e-04,
       6.62032457e-04, 1.65508117e-03, 0., 0., 2.97914608e-03,
       3.31016228e-04, 1.32406491e-03, 6.62032457e-04, 0.,
       1.32406491e-03, 2.31711357e-03, 1.32406491e-03, 1.65508117e-03,
       3.31016228e-04, 3.31016228e-04, 1.32406491e-03, 3.31016228e-04,
       6.62032457e-04, 3.31016228e-04, 9.93048656e-04, 1.65508117e-03,
       1.32406491e-03, 6.62032457e-04, 1.32406491e-03, 1.65508117e-03,
       6.62032457e-04, 0., 9.93048656e-04, 6.62032457e-04,
