%YAML:1.0
m100n: !!opencv-matrix
   rows: 1
   cols: 800
   dt: f
   data: [ 1.21605187e-03, 0., 1.62140257e-03, 2.02675327e-03,
       1.21605187e-03, 0., 8.10701284e-04, 0., 4.05350642e-04,
       8.10701284e-04, 2.02675327e-03, 1.21605187e-03, 0.,
       1.62140257e-03, 8.10701284e-04, 4.05350642e-04, 2.43210373e-03,
       4.05350642e-04, 1.21605187e-03, 2.43210373e-03, 8.10701284e-04,
       2.02675327e-03, 1.62140257e-03, 4.45885723e-03, 8.10701284e-04,
       0., 2.43210373e-03, 4.05350642e-04, 1.21605187e-03,
       2.02675327e-03, 2.83745443e-03, 2.02675327e-03, 1.62140257e-03,
       1.62140257e-03, 8.10701284e-04, 4.05350642e-04, 4.05350642e-04,
       8.10701284e-04, 1.62140257e-03, 0., 1.62140257e-03, 0.,
       4.05350642e-04, 1.21605187e-03, 1.21605187e-03, 5.26955817e-03,
       4.05350642e-04, 2.02675327e-03, 0., 8.10701284e-04,
       4.05350642e-04, 1.62140257e-03, 1.62140257e-03, 4.05350642e-04,
       8.10701284e-04, 1.21605187e-03, 0., 2.02675327e-03,
       2.02675327e-03, 8.10701284e-04, 4.86420747e-03, 0., 0.,
       1.21605187e-03, 3.24280513e-03, 4.05350642e-04, 0.,
       4.05350642e-04, 8.10701284e-04, 8.10701284e-04, 2.02675327e-03,
       4.05350642e-04, 4.05350642e-04, 4.05350642e-04, 1.21605187e-03,
       1.62140257e-03, 7.70166237e-03, 0., 1.62140257e-03,
       2.43210373e-03, 1.21605187e-03, 1.21605187e-03, 1.21605187e-03,
       2.83745443e-03, 8.10701284e-04, 8.10701284e-04, 8.10701284e-04,
       1.62140257e-03, 8.10701284e-04, 8.10701284e-04, 0.,
       4.05350642e-04, 0., 4.05350642e-04, 1.21605187e-03, 0., 0.,
       2.43210373e-03, 8.10701284e-04, 0., 1.21605187e-03,
       8.10701284e-04, 2.83745443e-03, 1.62140257e-03, 0.,
       3.24280513e-03, 1.62140257e-03, 2.02675327e-03, 4.05350642e-04,
       1.21605187e-03, 3.64815583e-03, 1.21605187e-03, 1.62140257e-03,
       0., 1.21605187e-03, 0., 1.62140257e-03, 1.21605187e-03,
       3.24280513e-03, 1.21605187e-03, 0., 8.10701284e-04,
       8.10701284e-04, 1.21605187e-03, 8.10701284e-04, 2.83745443e-03,
       1.62140257e-03, 1.21605187e-03, 2.43210373e-03, 0.,
       2.83745443e-03, 8.10701284e-04, 1.62140257e-03, 5.67490887e-03,
       1.21605187e-03, 1.62140257e-03, 8.10701284e-04, 1.62140257e-03,
       4.05350642e-04, 2.02675327e-03, 1.62140257e-03, 2.43210373e-03,
       8.10701284e-04, 8.10701284e-04, 8.10701284e-04, 0.,
       4.05350642e-04, 4.05350642e-04, 0., 0., 1.62140257e-03, 0.,
       2.02675327e-03, 4.05350642e-04, 3.24280513e-03, 0.,
       8.10701284e-04, 8.10701284e-04, 0., 4.05350642e-04,
       4.05350642e-04, 8.10701284e-04, 2.83745443e-03, 1.62140257e-03,
       1.21605187e-03, 4.05350642e-04, 0., 1.21605187e-03, 0.,
       1.21605187e-03, 4.05350642e-04, 3.64815583e-03, 4.05350642e-04,
       0., 3.24280513e-03, 5.67490887e-03, 8.10701284e-04,
       4.05350642e-04, 3.24280513e-03, 4.05350642e-04, 1.21605187e-03,
       8.10701284e-04, 0., 8.10701284e-04, 4.05350642e-04,
       4.05350642e-04, 5.26955817e-03, 8.10701284e-04, 3.64815583e-03,
       1.21605187e-03, 2.83745443e-03, 8.10701284e-04, 8.10701284e-04,
       7.29631167e-03, 8.10701284e-04, 1.62140257e-03, 1.21605187e-03,
       1.62140257e-03, 4.05350642e-04, 6.48561027e-03, 0.,
       1.21605187e-03, 8.10701284e-04, 2.43210373e-03, 4.05350642e-04,
       1.21605187e-03, 2.43210373e-03, 1.21605187e-03, 1.21605187e-03,
       0., 1.21605187e-03, 2.02675327e-03, 0., 3.24280513e-03,
       4.05350642e-04, 1.62140257e-03, 8.10701284e-04, 4.05350642e-04,
       1.21605187e-03, 1.21605187e-03, 1.21605187e-03, 0.,
       1.62140257e-03, 4.05350642e-04, 4.05350642e-04, 4.05350642e-04,
       2.02675327e-03, 4.05350642e-04, 8.10701284e-04, 4.05350642e-04,
       1.62140257e-03, 1.21605187e-03, 4.05350642e-04, 2.83745443e-03,
       1.62140257e-03, 4.05350642e-04, 5.26955817e-03, 2.02675327e-03,
       1.21605187e-03, 0., 0., 8.10701284e-04, 0., 1.62140257e-03,
       8.10701284e-04, 1.62140257e-03, 0., 8.10701284e-04,
       1.21605187e-03, 1.21605187e-03, 4.05350653e-03, 8.10701284e-04,
       6.08025957e-03, 4.05350642e-04, 6.08025957e-03, 1.21605187e-03,
       4.05350642e-04, 1.62140257e-03, 0., 2.02675327e-03,
       4.05350642e-04, 4.05350642e-04, 0., 2.43210373e-03,
       4.05350642e-04, 8.10701284e-04, 1.21605187e-03, 4.05350642e-04,
       0., 2.02675327e-03, 2.02675327e-03, 0., 1.21605187e-03,
       5.67490887e-03, 3.24280513e-03, 2.02675327e-03, 1.62140257e-03,
       1.21605187e-03, 0., 1.62140257e-03, 8.10701284e-04,
       1.62140257e-03, 4.05350642e-04, 0., 0., 0., 1.62140257e-03,
       1.62140257e-03, 4.05350642e-04, 4.05350653e-03, 5.26955817e-03,
       4.05350642e-04, 8.10701284e-04, 1.21605187e-03, 0.,
       2.83745443e-03, 1.62140257e-03, 4.05350642e-04, 1.21605187e-03,
       4.05350642e-04, 8.10701284e-04, 0., 2.02675327e-03,
       3.24280513e-03, 1.21605187e-03, 0., 1.21605187e-03, 0.,
       4.05350642e-04, 1.21605187e-03, 1.21605187e-03, 4.05350642e-04,
       3.24280513e-03, 0., 2.02675327e-03, 4.05350642e-04,
       4.05350642e-04, 2.02675327e-03, 1.21605187e-03, 0.,
       2.02675327e-03, 4.05350642e-04, 4.05350642e-04, 4.05350642e-04,
       8.10701284e-04, 0., 8.10701284e-04, 0., 4.05350642e-04,
       2.02675327e-03, 8.10701284e-04, 2.02675327e-03, 2.83745443e-03,
       8.10701284e-04, 4.05350642e-04, 1.62140257e-03, 4.05350642e-04,
       1.21605187e-03, 0., 1.21605187e-03, 2.43210373e-03,
       1.62140257e-03, 2.02675327e-03, 1.62140257e-03, 1.21605187e-03,
       4.05350642e-04, 4.05350642e-04, 1.62140257e-03, 1.62140257e-03,
       0., 2.02675327e-03, 1.21605187e-03, 0., 2.43210373e-03, 0.,
       4.05350642e-04, 4.05350642e-04, 0., 0., 3.64815583e-03,
       1.62140257e-03, 2.02675327e-03, 2.02675327e-03, 8.10701284e-04,
       2.02675327e-03, 3.64815583e-03, 1.62140257e-03, 1.21605187e-03,
       8.10701284e-04, 1.62140257e-03, 3.24280513e-03, 1.21605187e-03,
       0., 1.21605187e-03, 9.72841494e-03, 8.10701284e-04,
       4.05350642e-04, 3.64815583e-03, 1.62140257e-03, 4.05350642e-04,
       6.89096097e-03, 8.10701284e-04, 1.62140257e-03, 1.62140257e-03,
       8.10701284e-04, 4.05350642e-04, 8.10701284e-04, 3.24280513e-03,
       1.62140257e-03, 4.05350642e-04, 8.10701284e-04, 1.62140257e-03,
       1.21605187e-03, 1.21605187e-03, 8.10701284e-04, 0.,
       1.21605187e-03, 1.21605187e-03, 2.02675327e-03, 1.21605187e-03,
       4.05350642e-04, 1.21605187e-03, 1.62140257e-03, 0.,
       1.62140257e-03, 2.02675327e-03, 2.02675327e-03, 8.10701284e-04,
       1.21605187e-03, 0., 8.10701284e-04, 0., 4.05350642e-04,
       1.21605187e-03, 0., 0., 4.05350642e-04, 2.83745443e-03, 0.,
       6.08025957e-03, 2.02675327e-03, 0., 2.02675327e-03, 0.,
       1.21605187e-03, 2.43210373e-03, 1.21605187e-03, 8.10701284e-04,
       4.05350642e-04, 3.24280513e-03, 8.10701284e-04, 0.,
       5.26955817e-03, 1.21605187e-03, 4.05350642e-04, 4.05350642e-04,
       4.05350642e-04, 1.21605187e-03, 8.10701284e-04, 0.,
       8.10701284e-04, 0., 1.62140257e-03, 8.10701284e-04,
       2.02675327e-03, 0., 2.83745443e-03, 8.10701284e-04,
       1.21605187e-03, 2.43210373e-03, 0., 8.10701284e-04,
       4.05350642e-04, 1.21605187e-03, 4.05350642e-04, 1.62140257e-03,
       0., 4.05350642e-04, 8.10701284e-04, 8.10701284e-04,
       8.10701284e-04, 0., 4.05350642e-04, 2.02675327e-03,
       8.10701284e-04, 1.21605187e-03, 0., 1.21605187e-03,
       4.05350642e-04, 3.24280513e-03, 0., 4.05350642e-04,
       2.83745443e-03, 8.10701284e-04, 0., 1.21605187e-03,
       4.05350642e-04, 8.10701284e-04, 2.43210373e-03, 4.05350653e-03,
       8.10701284e-04, 8.10701284e-04, 4.05350642e-04, 4.05350642e-04,
       0., 0., 4.05350642e-04, 8.10701284e-04, 0., 8.10701284e-04,
       2.43210373e-03, 2.83745443e-03, 8.10701284e-04, 0.,
       8.10701284e-04, 5.26955817e-03, 8.10701284e-04, 8.10701284e-04,
       0., 0., 1.21605187e-03, 0., 2.02675327e-03, 1.21605187e-03,
       4.05350642e-04, 4.45885723e-03, 5.67490887e-03, 1.21605187e-03,
