%YAML:1.0
m100n: !!opencv-matrix
   rows: 1
   cols: 800
   dt: f
   data: [ 4.21052624e-04, 5.47368405e-03, 1.26315793e-03,
       2.52631586e-03, 2.52631586e-03, 0., 0., 4.21052624e-04, 0.,
       5.05263172e-03, 1.26315793e-03, 4.21052624e-04, 1.26315793e-03,
       2.94736843e-03, 8.42105248e-04, 3.36842099e-03, 3.78947356e-03,
       0., 8.42105248e-04, 2.52631586e-03, 4.21052624e-04,
       1.68421050e-03, 3.36842099e-03, 8.42105248e-04, 0., 0.,
       1.26315793e-03, 8.42105248e-04, 1.26315793e-03, 1.26315793e-03,
       2.10526306e-03, 8.42105248e-04, 3.36842099e-03, 8.42105248e-04,
       0., 8.42105248e-04, 3.78947356e-03, 0., 8.42105248e-04, 0., 0.,
       4.21052624e-04, 1.26315793e-03, 0., 1.68421050e-03,
       3.78947356e-03, 1.68421050e-03, 1.26315793e-03, 8.42105248e-04,
       0., 4.21052624e-04, 8.42105248e-04, 8.42105248e-04, 0.,
       4.21052624e-04, 4.21052624e-04, 4.21052624e-04, 2.52631586e-03,
       1.68421050e-03, 1.26315793e-03, 5.47368405e-03, 0., 0.,
       1.26315793e-03, 4.21052624e-04, 4.21052624e-04, 4.21052624e-04,
       1.26315793e-03, 2.10526306e-03, 0., 5.05263172e-03,
       8.42105248e-04, 2.10526306e-03, 0., 8.42105248e-04,
       2.10526306e-03, 1.26315793e-03, 0., 8.42105248e-04,
       4.21052612e-03, 5.47368405e-03, 1.26315793e-03, 1.26315793e-03,
       4.21052624e-04, 8.42105248e-04, 5.47368405e-03, 8.42105248e-04,
       4.21052612e-03, 8.42105248e-04, 8.42105248e-04, 0., 0.,
       4.21052624e-04, 0., 1.26315793e-03, 0., 4.21052624e-04,
       3.36842099e-03, 0., 1.26315793e-03, 4.21052624e-04, 0.,
       2.10526306e-03, 4.21052624e-04, 0., 1.26315793e-03,
       1.68421050e-03, 1.68421050e-03, 4.21052624e-04, 4.21052624e-04,
       5.89473685e-03, 1.68421050e-03, 2.52631586e-03, 0.,
       8.42105248e-04, 0., 9.26315784e-03, 4.21052624e-04,
       6.31578919e-03, 0., 8.42105248e-04, 8.42105248e-04,
       1.26315793e-03, 1.26315793e-03, 0., 4.21052612e-03,
       4.21052624e-04, 4.21052624e-04, 2.52631586e-03, 0.,
       2.10526306e-03, 1.68421050e-03, 4.21052624e-04, 7.15789478e-03,
       4.21052624e-04, 4.21052624e-04, 0., 1.26315793e-03,
       4.21052624e-04, 1.26315793e-03, 2.94736843e-03, 1.26315793e-03,
       0., 1.68421050e-03, 8.42105248e-04, 4.21052624e-04,
       8.42105248e-04, 1.68421050e-03, 0., 4.21052624e-04, 0., 0., 0.,
       4.21052624e-04, 1.68421050e-03, 0., 8.42105248e-04, 0., 0.,
       8.42105248e-04, 8.42105248e-04, 5.47368405e-03, 2.10526306e-03,
       4.21052624e-04, 2.94736843e-03, 2.10526306e-03, 4.21052624e-04,
       8.42105248e-04, 8.42105248e-04, 4.21052624e-04, 1.26315793e-03,
       2.94736843e-03, 4.21052624e-04, 0., 8.42105248e-04,
       8.42105248e-04, 4.21052624e-04, 3.36842099e-03, 2.94736843e-03,
       0., 4.63157892e-03, 3.36842099e-03, 1.26315793e-03,
       1.26315793e-03, 0., 0., 1.26315793e-03, 0., 1.26315793e-03, 0.,
       4.21052612e-03, 1.68421050e-03, 2.10526306e-03, 4.21052612e-03,
       2.10526306e-03, 4.63157892e-03, 8.42105248e-04, 0.,
       8.42105248e-04, 2.94736843e-03, 4.21052624e-04, 4.21052624e-04,
       4.21052624e-04, 4.21052624e-04, 7.57894712e-03, 0.,
       6.73684198e-03, 2.10526306e-03, 4.21052624e-04, 0.,
       1.26315793e-03, 1.68421050e-03, 4.21052624e-04, 0.,
       8.42105248e-04, 1.68421050e-03, 8.42105248e-04, 1.68421050e-03,
       3.36842099e-03, 8.42105248e-04, 0., 8.42105248e-04,
       1.26315793e-03, 8.42105248e-04, 1.68421050e-03, 4.21052624e-04,
       4.21052624e-04, 1.68421050e-03, 0., 1.26315793e-03,
       2.10526306e-03, 8.42105248e-04, 4.21052624e-04, 2.10526306e-03,
       8.42105248e-04, 1.68421050e-03, 1.68421050e-03, 2.94736843e-03,
       8.42105248e-04, 0., 8.42105248e-04, 8.42105248e-04,
       2.10526306e-03, 1.68421050e-03, 8.42105248e-04, 2.94736843e-03,
       0., 1.26315793e-03, 8.42105248e-04, 1.26315793e-03,
       1.68421050e-03, 4.21052624e-04, 1.26315793e-03, 0.,
       4.21052612e-03, 2.10526306e-03, 1.26315793e-03, 2.10526306e-03,
       1.26315793e-03, 4.21052624e-04, 1.26315793e-03, 0., 0.,
       4.63157892e-03, 2.10526306e-03, 8.42105248e-04, 8.42105248e-04,
       2.52631586e-03, 0., 4.21052624e-04, 2.52631586e-03, 0.,
       1.26315793e-03, 7.15789478e-03, 2.52631586e-03, 4.21052624e-04,
       1.68421050e-03, 1.26315793e-03, 8.42105248e-04, 8.42105248e-04,
       1.68421050e-03, 1.26315793e-03, 1.26315793e-03, 0.,
       1.68421050e-03, 8.42105248e-04, 4.21052612e-03, 1.26315793e-03,
       4.21052624e-04, 5.05263172e-03, 1.68421050e-03, 8.42105248e-04,
       1.26315793e-03, 4.21052624e-04, 8.42105248e-04, 1.68421050e-03,
       2.52631586e-03, 0., 8.42105248e-04, 8.42105248e-04, 0., 0.,
       8.42105248e-04, 1.68421050e-03, 8.42105248e-04, 0., 0.,
       4.21052624e-04, 4.63157892e-03, 1.26315793e-03, 1.68421050e-03,
       0., 1.68421050e-03, 8.42105248e-04, 4.21052624e-04,
       4.21052624e-04, 8.42105248e-04, 4.21052624e-04, 4.21052624e-04,
       0., 4.21052624e-04, 4.21052624e-04, 4.21052624e-04,
       8.42105248e-04, 8.42105248e-04, 0., 4.21052612e-03, 0., 0.,
       2.52631586e-03, 8.42105248e-04, 4.21052624e-04, 1.26315793e-03,
       2.10526306e-03, 4.21052624e-04, 0., 4.21052612e-03, 0.,
       4.21052624e-04, 0., 8.42105248e-04, 2.94736843e-03, 0.,
       1.26315793e-03, 4.21052624e-04, 1.26315793e-03, 4.21052624e-04,
       2.52631586e-03, 8.42105248e-04, 0., 2.10526306e-03,
       1.26315793e-03, 8.42105248e-04, 1.26315793e-03, 4.21052624e-04,
       2.94736843e-03, 3.36842099e-03, 4.21052624e-04, 4.21052624e-04,
       8.42105248e-04, 1.68421050e-03, 8.42105248e-04, 4.21052624e-04,
       0., 4.21052624e-04, 2.52631586e-03, 0., 0., 0., 2.10526306e-03,
       1.68421050e-03, 0., 4.21052624e-04, 1.26315793e-03,
       2.52631586e-03, 8.42105248e-04, 4.21052624e-04, 0.,
       4.21052624e-04, 4.21052624e-04, 4.21052612e-03, 0.,
       3.36842099e-03, 8.42105248e-04, 4.63157892e-03, 0.,
       4.21052624e-04, 0., 4.21052624e-04, 8.42105248e-04,
       1.68421050e-03, 2.94736843e-03, 1.26315793e-03, 7.57894712e-03,
       4.21052624e-04, 8.42105248e-04, 2.94736843e-03, 1.26315793e-03,
       2.52631586e-03, 1.26315793e-03, 8.42105248e-04, 0.,
       1.26315793e-03, 2.52631586e-03, 8.42105248e-04, 1.26315793e-03,
       2.52631586e-03, 4.21052624e-04, 2.10526306e-03, 1.68421050e-03,
       0., 2.52631586e-03, 8.42105248e-04, 8.42105248e-04,
       8.42105248e-04, 0., 0., 3.36842099e-03, 0., 2.10526306e-03,
       4.21052624e-04, 0., 2.10526306e-03, 0., 4.21052624e-04,
       8.42105248e-04, 2.10526306e-03, 8.42105248e-04, 0.,
       8.42105248e-04, 8.42105248e-04, 1.68421050e-03, 6.73684198e-03,
       0., 1.68421050e-03, 2.10526306e-03, 8.42105248e-04, 0.,
       1.26315793e-03, 0., 2.10526306e-03, 4.21052624e-04,
       4.21052624e-04, 8.42105248e-04, 8.42105248e-04, 1.68421050e-03,
       2.10526306e-03, 4.21052624e-04, 8.42105248e-04, 0.,
       1.26315793e-03, 1.26315793e-03, 4.21052624e-04, 4.21052612e-03,
       8.42105248e-04, 4.21052624e-04, 5.89473685e-03, 4.21052624e-04,
       0., 4.21052624e-04, 5.47368405e-03, 0., 0., 1.68421050e-03, 0.,
       0., 0., 2.52631586e-03, 4.21052624e-04, 1.26315793e-03,
       1.68421050e-03, 2.10526306e-03, 5.47368405e-03, 8.42105248e-04,
       4.21052624e-04, 4.21052624e-04, 4.21052624e-04, 4.21052624e-04,
       0., 1.68421050e-03, 0., 1.26315793e-03, 4.21052624e-04,
       1.68421050e-03, 8.42105248e-04, 4.21052624e-04, 4.21052624e-04,
       1.68421050e-03, 0., 8.42105248e-04, 4.63157892e-03,
       4.21052624e-04, 4.21052624e-04, 1.68421050e-03, 0.,
       1.68421050e-03, 0., 0., 0., 8.42105248e-04, 0., 4.21052624e-04,
       2.52631586e-03, 4.21052624e-04, 8.42105248e-04, 2.94736843e-03,
       3.78947356e-03, 0., 4.21052624e-04, 5.89473685e-03,
       1.26315793e-03, 0., 2.10526306e-03, 8.42105248e-04, 0.,
       4.21052624e-04, 0., 0., 8.42105248e-04, 4.21052624e-04, 0.,
       4.21052624e-04, 1.68421050e-03, 8.42105248e-04, 0., 0.,
       4.21052624e-04, 4.21052624e-04, 2.52631586e-03, 8.42105248e-04,
