%YAML:1.0
m100n: !!opencv-matrix
   rows: 1
   cols: 800
   dt: f
   data: [ 5.02260169e-04, 1.50678051e-03, 3.51582118e-03,
       1.50678051e-03, 0., 5.02260169e-04, 5.02260169e-04,
       1.00452034e-03, 5.02260169e-04, 1.50678051e-03, 3.01356101e-03,
       1.00452034e-03, 0., 5.02260169e-04, 1.00452034e-03, 0., 0., 0.,
       0., 5.02260169e-04, 0., 0., 3.51582118e-03, 1.00452034e-03,
       4.52034175e-03, 0., 1.00452034e-03, 1.00452034e-03,
       5.02260169e-04, 0., 1.50678051e-03, 5.02260169e-04,
       1.50678051e-03, 1.00452034e-03, 1.00452034e-03, 2.00904068e-03,
       5.02260169e-04, 5.02260169e-04, 1.00452034e-03, 1.50678051e-03,
       0., 5.02260169e-04, 2.51130085e-03, 2.00904068e-03,
       1.00452034e-03, 0., 2.00904068e-03, 1.50678051e-03,
       5.02260169e-04, 2.00904068e-03, 1.00452034e-03, 2.00904068e-03,
       5.02260169e-04, 8.03616270e-03, 2.51130085e-03, 5.02260169e-04,
       1.30587649e-02, 2.51130085e-03, 1.50678051e-03, 3.01356101e-03,
       1.50678051e-03, 5.02260169e-04, 8.03616270e-03, 1.00452034e-03,
       3.01356101e-03, 5.02260169e-04, 0., 0., 0., 1.50678051e-03, 0.,
       1.00452034e-03, 0., 1.50678051e-03, 7.03164237e-03,
       5.02260169e-04, 1.50678051e-03, 1.50678051e-03, 0.,
       1.00452034e-03, 5.02260169e-04, 0., 0., 5.02260169e-04,
       5.02260169e-04, 8.53842311e-03, 1.00452034e-03, 2.00904068e-03,
       5.02260169e-04, 5.02260169e-04, 2.00904068e-03, 5.02260169e-04,
       0., 2.00904068e-03, 5.02260169e-04, 1.00452034e-03,
       5.02260169e-04, 0., 5.02260169e-04, 1.00452034e-03,
       2.00904068e-03, 1.50678051e-03, 5.02260169e-04, 5.02260169e-04,
       1.50678051e-03, 1.00452034e-03, 1.00452034e-03, 0.,
       1.50678051e-03, 5.02260169e-04, 0., 5.02260169e-04, 0., 0., 0.,
       0., 0., 1.00452034e-03, 9.54294298e-03, 1.50678051e-03,
       3.01356101e-03, 0., 5.02260169e-04, 1.00452034e-03, 0., 0.,
       5.02260169e-04, 5.02260169e-04, 5.02260169e-04, 5.02260169e-04,
       1.00452034e-03, 3.01356101e-03, 1.50678051e-03, 0.,
       5.02260169e-04, 1.00452034e-02, 0., 5.02260169e-04, 0., 0.,
       1.00452034e-03, 5.02260169e-04, 0., 0., 0., 3.51582118e-03,
       1.00452034e-03, 0., 2.51130085e-03, 1.00452034e-03,
       5.02260169e-04, 3.01356101e-03, 5.02260169e-04, 5.02260169e-04,
       0., 0., 1.50678051e-03, 5.02260169e-04, 1.00452034e-03,
       5.02260169e-04, 1.50678051e-03, 5.02260169e-04, 0., 0.,
       1.00452034e-03, 0., 1.00452034e-03, 1.00452034e-03, 0.,
       5.02260169e-04, 2.51130085e-03, 0., 1.00452034e-03,
       1.50678051e-03, 3.51582118e-03, 0., 1.50678051e-03,
       2.00904068e-02, 5.02260169e-04, 1.50678051e-03, 1.50678051e-03,
       5.02260169e-04, 5.02260169e-04, 1.00452034e-03, 0.,
       5.02260169e-04, 0., 0., 5.02260169e-04, 8.03616270e-03,
       3.51582118e-03, 5.02260169e-03, 1.50678051e-03, 1.00452034e-03,
       1.00452034e-03, 1.00452034e-03, 0., 1.50678051e-03,
       5.02260169e-04, 0., 2.00904068e-03, 2.51130085e-03,
       1.50678051e-03, 3.01356101e-03, 5.02260169e-04, 2.00904068e-03,
       0., 2.00904068e-03, 2.51130085e-03, 5.02260169e-04, 0.,
       2.00904068e-03, 2.00904068e-03, 1.00452034e-03, 5.52486163e-03,
       1.50678051e-03, 1.50678051e-03, 4.52034175e-03, 1.00452034e-03,
       1.50678051e-03, 0., 1.00452034e-03, 0., 3.01356101e-03,
       1.00452034e-03, 5.02260169e-04, 1.00452034e-03, 1.50678051e-03,
       2.00904068e-03, 5.02260169e-03, 5.02260169e-04, 1.00452034e-03,
       1.00452034e-03, 1.00452034e-03, 0., 1.00452034e-03,
       5.02260169e-03, 0., 5.52486163e-03, 5.02260169e-04,
       5.02260169e-04, 3.51582118e-03, 1.00452034e-03, 1.10497233e-02,
       1.00452034e-03, 1.00452034e-03, 0., 0., 0., 0., 1.00452034e-03,
       5.02260169e-04, 1.50678051e-03, 2.00904068e-03, 0., 0.,
       1.00452034e-03, 5.02260169e-04, 1.50678051e-03, 1.00452034e-03,
       0., 5.02260169e-04, 5.02260169e-04, 2.00904068e-03,
       5.02260169e-04, 0., 0., 9.54294298e-03, 5.02260169e-04,
       1.00452034e-03, 4.52034175e-03, 0., 0., 1.00452034e-03,
       5.02260169e-04, 2.00904068e-03, 1.50678051e-03, 3.01356101e-03,
       5.02260169e-04, 2.00904068e-03, 9.04068351e-03, 5.02260169e-04,
       0., 5.02260169e-04, 0., 1.00452034e-03, 5.02260169e-04,
       5.02260169e-04, 1.50678051e-03, 0., 0., 0., 1.00452034e-03, 0.,
       0., 1.00452034e-03, 1.00452034e-03, 5.02260169e-04,
       1.00452034e-03, 5.02260169e-04, 0., 2.51130085e-03,
       1.50678051e-03, 1.00452034e-03, 1.00452034e-03, 1.50678051e-03,
       1.50678051e-03, 0., 5.02260169e-04, 1.50678051e-03,
       1.00452034e-03, 5.02260169e-04, 6.02712203e-03, 1.50678051e-03,
       5.02260169e-04, 1.50678051e-03, 1.50678051e-03, 5.02260169e-04,
       1.00452034e-03, 0., 5.02260169e-04, 1.50678051e-03,
       5.02260169e-04, 1.00452034e-03, 1.00452034e-03, 2.00904068e-03,
       0., 2.51130085e-03, 2.00904068e-03, 5.02260169e-04,
       1.50678051e-03, 5.02260169e-04, 1.00452034e-03, 1.30587649e-02,
       5.02260169e-04, 1.25565045e-02, 1.00452034e-03, 0.,
       5.02260169e-04, 5.02260169e-04, 1.00452034e-03, 5.02260169e-04,
       5.02260169e-04, 5.02260169e-04, 1.00452034e-03, 5.02260169e-04,
       0., 5.02260169e-04, 0., 6.02712203e-03, 0., 1.00452034e-03,
       5.02260169e-04, 0., 4.52034175e-03, 5.02260169e-04,
       5.02260169e-04, 1.00452034e-03, 1.00452034e-03, 5.02260169e-03,
       5.02260169e-04, 0., 1.50678051e-03, 5.02260169e-04,
       2.00904068e-03, 5.02260169e-04, 5.02260169e-04, 5.02260169e-04,
       9.04068351e-03, 5.02260169e-04, 2.51130085e-03, 0., 0.,
       5.02260169e-04, 5.02260169e-04, 5.02260169e-04, 0.,
       3.01356101e-03, 3.01356101e-03, 0., 1.00452034e-03, 0.,
       5.02260169e-04, 5.02260169e-04, 1.50678051e-03, 1.00452034e-03,
       1.50678051e-03, 4.52034175e-03, 2.51130085e-03, 2.00904068e-03,
       1.00452034e-03, 6.02712203e-03, 0., 5.02260169e-03,
       1.00452034e-03, 5.02260169e-04, 4.01808135e-03, 5.02260169e-04,
       0., 5.02260169e-04, 0., 1.00452034e-03, 5.02260169e-04,
       7.03164237e-03, 1.50678051e-03, 0., 5.02260169e-03,
       5.02260169e-04, 0., 5.02260169e-04, 1.00452034e-03, 0.,
       1.00452034e-03, 5.02260169e-04, 1.00452034e-03, 2.00904068e-03,
       0., 0., 5.02260169e-04, 5.02260169e-04, 2.51130085e-03,
       5.02260169e-04, 0., 5.02260169e-04, 5.02260169e-04, 0.,
       5.02260169e-04, 5.02260169e-04, 1.00452034e-03, 0.,
       1.00452034e-03, 1.50678051e-03, 1.00452034e-03, 0.,
       7.53390230e-03, 5.02260169e-04, 5.02260169e-04, 0.,
       1.00452034e-03, 4.01808135e-03, 5.02260169e-04, 0., 0.,
       2.00904068e-03, 6.52938243e-03, 1.00452034e-03, 4.52034175e-03,
       1.00452034e-03, 5.02260169e-04, 0., 0., 0., 1.00452034e-03,
       1.00452034e-03, 1.00452034e-03, 3.51582118e-03, 5.02260169e-04,
       1.50678051e-03, 5.02260169e-04, 0., 0., 1.00452034e-03,
       2.51130085e-03, 5.02260169e-04, 2.51130085e-03, 1.00452034e-03,
       0., 1.00452034e-03, 4.01808135e-03, 2.51130085e-03,
       1.00452034e-03, 0., 0., 1.00452034e-03, 1.50678051e-03,
       1.50678051e-03, 0., 0., 2.51130085e-03, 1.50678051e-03, 0.,
       5.02260169e-04, 5.02260169e-04, 1.00452034e-03, 1.00452034e-03,
       2.00904068e-03, 3.01356101e-03, 5.02260169e-04, 0., 0.,
       1.00452034e-03, 1.00452034e-03, 1.00452034e-03, 1.00452034e-03,
       0., 1.50678051e-03, 2.00904068e-03, 0., 5.02260169e-04,
       5.02260169e-04, 5.02260169e-04, 1.50678051e-03, 0., 0.,
       5.02260169e-04, 0., 0., 1.50678051e-03, 0., 1.00452034e-03,
       1.50678051e-03, 0., 0., 0., 0., 0., 0., 5.02260169e-04,
       3.01356101e-03, 5.02260169e-04, 5.52486163e-03, 2.51130085e-03,
       1.50678051e-03, 1.00452034e-03, 2.00904068e-03, 1.00452034e-03,
       5.02260169e-04, 1.00452034e-03, 2.51130085e-03, 5.02260169e-04,
       5.02260169e-04, 5.02260169e-04, 1.50678051e-03, 1.00452034e-03,
       0., 5.02260169e-04, 1.50678051e-03, 1.50678051e-03,
       5.02260169e-04, 1.00452034e-03, 5.02260169e-04, 0., 0.,
