%YAML:1.0
m100n: !!opencv-matrix
   rows: 1
   cols: 800
   dt: f
   data: [ 1.26182963e-03, 9.46372224e-04, 1.57728698e-03,
       3.15457408e-04, 9.46372224e-04, 3.15457408e-04, 0.,
       3.15457408e-04, 0., 2.52365926e-03, 2.20820191e-03,
       1.26182963e-03, 2.20820191e-03, 4.73186094e-03, 3.15457408e-04,
       4.41640383e-03, 3.47003154e-03, 1.26182963e-03, 0.,
       1.26182963e-03, 0., 5.04731853e-03, 9.46372224e-04,
       2.83911661e-03, 0., 3.15457408e-04, 1.26182963e-03,
       3.15457408e-04, 3.15457396e-03, 9.46372224e-04, 1.26182963e-03,
       1.57728698e-03, 1.89274445e-03, 6.30914816e-04, 0.,
       9.46372224e-04, 0., 0., 3.47003154e-03, 3.15457408e-04,
       3.15457408e-04, 9.46372224e-04, 3.15457408e-04, 3.15457408e-04,
       1.26182963e-03, 3.15457396e-03, 9.46372224e-04, 2.20820191e-03,
       6.30914816e-04, 0., 9.46372224e-04, 2.20820191e-03,
       2.20820191e-03, 6.30914816e-04, 1.26182963e-03, 1.89274445e-03,
       3.15457408e-04, 1.57728698e-03, 1.89274445e-03, 0.,
       3.15457396e-03, 0., 9.46372224e-04, 1.26182963e-03,
       3.15457408e-04, 3.15457408e-04, 9.46372224e-04, 3.15457408e-04,
       2.83911661e-03, 6.30914816e-04, 1.89274445e-03, 0.,
       6.30914816e-04, 9.46372224e-04, 3.15457396e-03, 1.89274445e-03,
       3.78548889e-03, 0., 3.15457396e-03, 1.26182963e-03, 0.,
       2.20820191e-03, 3.15457408e-04, 0., 6.30914816e-04,
       2.83911661e-03, 3.15457408e-04, 2.52365926e-03, 2.52365926e-03,
       4.41640383e-03, 6.30914816e-04, 0., 3.15457408e-04,
       6.30914816e-04, 6.30914816e-04, 0., 3.15457408e-04,
       2.52365926e-03, 9.46372224e-04, 1.26182963e-03, 6.30914816e-04,
       3.15457408e-04, 6.30914816e-04, 2.52365926e-03, 3.15457408e-04,
       5.04731853e-03, 2.20820191e-03, 7.88643491e-03, 2.20820191e-03,
       6.30914816e-04, 3.78548889e-03, 2.83911661e-03, 5.99369081e-03,
       3.15457408e-04, 0., 3.15457408e-04, 4.41640383e-03, 0.,
       1.57728698e-03, 0., 3.15457408e-04, 6.30914816e-04,
       6.30914816e-04, 9.46372224e-04, 0., 5.67823322e-03,
       2.20820191e-03, 3.15457408e-04, 5.67823322e-03, 6.30914816e-04,
       1.26182963e-03, 2.83911661e-03, 2.83911661e-03, 1.89274445e-03,
       6.30914816e-04, 3.15457408e-04, 1.26182963e-03, 0.,
       6.30914816e-04, 3.15457408e-04, 1.89274445e-03, 6.30914816e-04,
       0., 3.15457408e-04, 6.30914816e-04, 3.15457408e-04, 0.,
       4.73186094e-03, 0., 0., 5.04731853e-03, 3.15457408e-04,
       2.20820191e-03, 6.30914816e-04, 3.47003154e-03, 0.,
       9.46372224e-04, 9.46372224e-04, 3.15457408e-04, 6.30914816e-04,
       1.57728698e-03, 2.20820191e-03, 2.83911661e-03, 6.30914816e-04,
       3.15457408e-04, 3.15457408e-04, 9.46372224e-04, 1.57728698e-03,
       3.15457408e-04, 1.57728698e-03, 1.26182963e-03, 2.52365926e-03,
       3.15457408e-04, 0., 9.46372224e-04, 3.15457396e-03,
       3.15457408e-04, 5.36277611e-03, 5.67823322e-03, 0.,
       1.89274445e-03, 7.57097779e-03, 1.57728698e-03, 6.30914816e-04,
       1.57728698e-03, 0., 1.57728698e-03, 0., 6.30914816e-04, 0.,
       1.57728698e-03, 1.26182963e-03, 1.57728698e-03, 3.15457408e-04,
       1.57728698e-03, 0., 6.30914816e-04, 6.30914816e-04,
       6.30914816e-04, 1.57728698e-03, 1.26182963e-03, 9.46372224e-04,
       1.26182963e-03, 5.36277611e-03, 0., 6.30914816e-04,
       4.73186094e-03, 1.89274445e-03, 3.15457408e-04, 0.,
       2.52365926e-03, 2.52365926e-03, 3.15457408e-04, 6.30914816e-04,
       2.52365926e-03, 0., 1.26182963e-03, 9.46372224e-04,
       1.89274445e-03, 3.15457408e-04, 1.26182963e-03, 6.30914816e-04,
       6.30914816e-04, 0., 9.46372224e-04, 6.30914816e-04,
       1.57728698e-03, 9.46372224e-04, 0., 3.15457408e-04,
       3.15457408e-04, 1.57728698e-03, 0., 1.26182963e-03,
       3.15457408e-04, 2.52365926e-03, 6.94006309e-03, 2.20820191e-03,
       0., 1.89274445e-03, 9.46372224e-04, 3.47003154e-03,
       3.15457408e-04, 1.89274445e-03, 3.15457408e-04, 1.57728698e-03,
       1.26182963e-03, 1.26182963e-03, 2.20820191e-03, 2.83911661e-03,
       3.15457408e-04, 1.26182963e-03, 9.46372224e-04, 0.,
       2.20820191e-03, 3.78548889e-03, 2.20820191e-03, 6.30914816e-04,
       1.26182963e-03, 1.26182963e-03, 9.46372224e-04, 1.26182963e-03,
       0., 1.57728698e-03, 3.15457396e-03, 6.30914816e-04,
       9.46372224e-04, 3.78548889e-03, 0., 3.15457408e-04,
       1.26182963e-03, 1.26182963e-03, 6.30914816e-04, 1.26182963e-03,
       4.41640383e-03, 9.46372224e-04, 3.15457408e-04, 9.46372224e-04,
       6.30914816e-04, 9.46372224e-04, 9.46372224e-04, 9.46372224e-04,
       1.26182963e-03, 3.15457408e-04, 1.57728698e-03, 3.78548889e-03,
       1.89274445e-03, 9.46372224e-04, 0., 0., 1.89274445e-03,
       9.46372224e-04, 3.15457408e-04, 1.89274445e-03, 6.30914816e-04,
       6.30914816e-04, 2.52365926e-03, 0., 1.57728698e-03, 0.,
       1.57728698e-03, 1.26182963e-03, 2.83911661e-03, 9.46372224e-04,
       0., 0., 6.30914816e-04, 0., 1.26182963e-03, 3.15457408e-04,
       1.57728698e-03, 1.26182963e-03, 1.89274445e-03, 1.89274445e-03,
       6.30914816e-04, 2.20820191e-03, 2.52365926e-03, 0., 0.,
       3.15457408e-04, 6.30914816e-04, 2.52365926e-03, 1.26182963e-03,
       1.57728698e-03, 3.15457408e-04, 1.89274445e-03, 1.26182963e-03,
       0., 0., 1.57728698e-03, 3.15457408e-04, 6.30914816e-04,
       9.46372224e-04, 2.20820191e-03, 2.52365926e-03, 4.41640383e-03,
       6.30914816e-04, 9.46372224e-04, 3.15457408e-04, 0.,
       2.20820191e-03, 1.89274445e-03, 6.30914816e-04, 1.26182963e-03,
       6.30914816e-04, 6.30914816e-04, 3.15457408e-04, 1.26182963e-03,
       0., 6.30914816e-04, 2.52365926e-03, 1.89274445e-03, 0.,
       1.89274445e-03, 6.30914816e-04, 1.57728698e-03, 2.83911661e-03,
       0., 9.46372224e-04, 6.30914816e-04, 1.89274445e-03,
       3.15457396e-03, 1.26182963e-03, 0., 9.46372224e-04,
       3.15457396e-03, 3.15457408e-04, 0., 3.15457408e-04, 0.,
       3.47003154e-03, 1.57728698e-03, 0., 9.46372224e-04,
       5.99369081e-03, 3.15457408e-04, 0., 3.15457408e-04, 0.,
       1.57728698e-03, 9.46372224e-04, 3.15457408e-04, 2.83911661e-03,
       0., 0., 1.26182963e-03, 6.30914816e-04, 6.30914816e-04,
       2.20820191e-03, 1.89274445e-03, 3.47003154e-03, 4.10094624e-03,
       0., 2.20820191e-03, 6.30914816e-04, 1.26182963e-03,
       2.83911661e-03, 3.15457408e-04, 2.20820191e-03, 1.26182963e-03,
       3.15457408e-04, 1.57728698e-03, 3.15457396e-03, 3.15457396e-03,
       3.15457408e-04, 6.30914816e-04, 1.57728698e-03, 1.57728698e-03,
       1.57728698e-03, 1.26182963e-03, 0., 0., 6.30914816e-04,
       2.83911661e-03, 3.15457408e-04, 6.30914816e-04, 1.89274445e-03,
       9.46372224e-04, 0., 5.36277611e-03, 3.15457408e-04, 0.,
       1.89274445e-03, 6.30914816e-04, 6.30914816e-04, 0.,
       1.89274445e-03, 3.15457408e-04, 0., 3.15457396e-03, 0.,
       1.57728698e-03, 4.10094624e-03, 6.30914816e-04, 1.57728698e-03,
       3.78548889e-03, 1.26182963e-03, 0., 6.30914816e-04,
       3.15457408e-04, 3.15457396e-03, 2.52365926e-03, 6.30914816e-04,
       2.20820191e-03, 3.15457408e-04, 3.15457408e-04, 0.,
       9.46372224e-04, 9.46372224e-04, 2.20820191e-03, 1.89274445e-03,
       0., 6.30914816e-04, 2.20820191e-03, 3.15457408e-04,
       1.57728698e-03, 3.15457408e-04, 0., 6.30914816e-04,
       3.15457408e-04, 3.15457408e-04, 0., 1.57728698e-03,
       2.52365926e-03, 3.15457408e-04, 6.30914816e-04, 9.46372224e-04,
       1.89274445e-03, 6.30914816e-04, 1.57728698e-03, 6.30914816e-04,
       0., 9.46372224e-04, 3.15457408e-04, 0., 6.30914816e-04, 0., 0.,
       9.46372224e-04, 2.83911661e-03, 3.15457408e-04, 6.30914816e-04,
       0., 2.20820191e-03, 6.30914816e-04, 0., 6.30914816e-04,
       9.46372224e-04, 0., 6.30914816e-04, 9.46372224e-04, 0.,
       6.30914816e-04, 9.46372224e-04, 4.10094624e-03, 5.04731853e-03,
       0., 0., 3.15457408e-04, 0., 1.26182963e-03, 9.46372224e-04,
       3.15457396e-03, 2.52365926e-03, 1.26182963e-03, 3.15457396e-03,
       3.15457408e-04, 3.15457408e-04, 9.46372224e-04, 2.83911661e-03,
