%YAML:1.0
m100n: !!opencv-matrix
   rows: 1
   cols: 800
   dt: f
   data: [ 0., 3.77358496e-03, 3.77358496e-03, 3.77358490e-04,
       2.64150952e-03, 0., 1.13207544e-03, 1.13207544e-03,
       4.15094336e-03, 0., 7.54716981e-04, 0., 0., 1.50943396e-03, 0.,
       3.39622633e-03, 1.13207544e-03, 7.54716981e-04, 2.64150952e-03,
       0., 3.77358490e-04, 7.54716981e-04, 3.01886792e-03,
       1.50943396e-03, 0., 7.54716981e-04, 2.26415088e-03,
       2.64150952e-03, 1.50943396e-03, 0., 3.77358490e-04,
       7.54716981e-04, 3.77358496e-03, 0., 0., 3.77358490e-04,
       2.26415088e-03, 0., 1.13207544e-03, 2.64150952e-03,
       3.77358490e-04, 1.13207544e-03, 7.54716981e-04, 4.90566017e-03,
       1.13207544e-03, 1.88679248e-03, 1.13207544e-03, 6.41509425e-03,
       7.54716981e-04, 3.77358490e-04, 3.77358490e-04, 7.54716981e-04,
       1.13207544e-03, 7.54716981e-04, 3.77358490e-04, 1.50943396e-03,
       1.88679248e-03, 3.77358490e-04, 3.77358490e-04, 1.13207544e-03,
       7.54716981e-04, 1.54716978e-02, 0., 3.77358490e-04,
       7.54716981e-04, 1.50943396e-03, 2.64150952e-03, 7.54716981e-04,
       1.13207544e-03, 7.54716981e-04, 1.13207544e-03, 1.88679248e-03,
       7.54716981e-04, 7.54716981e-04, 7.54716981e-04, 7.54716981e-04,
       7.54716981e-04, 3.01886792e-03, 3.39622633e-03, 3.01886792e-03,
       3.77358490e-04, 3.77358490e-04, 4.15094336e-03, 1.13207544e-03,
       1.88679248e-03, 7.54716981e-04, 1.13207544e-03, 3.77358496e-03,
       0., 7.54716981e-04, 1.50943396e-03, 1.50943396e-03,
       7.54716981e-04, 7.54716981e-04, 1.13207544e-03, 0.,
       3.77358490e-04, 1.50943396e-03, 7.54716981e-04, 0.,
       1.50943396e-03, 3.39622633e-03, 1.13207544e-03, 0.,
       3.01886792e-03, 1.88679248e-03, 7.54716981e-04, 3.77358490e-04,
       1.13207544e-03, 7.54716981e-04, 2.26415088e-03, 3.77358490e-04,
       7.54716981e-04, 7.54716981e-04, 0., 1.50943396e-03,
       2.26415088e-03, 1.13207544e-03, 4.52830177e-03, 0., 0.,
       2.26415088e-03, 3.77358490e-04, 2.26415088e-03, 0., 0.,
       3.01886792e-03, 0., 1.13207544e-03, 3.77358490e-04, 0.,
       2.64150952e-03, 1.13207544e-03, 2.26415088e-03, 3.77358490e-04,
       7.54716981e-04, 3.77358490e-04, 1.50943396e-03, 1.88679248e-03,
       3.77358490e-04, 1.88679248e-03, 7.54716981e-04, 1.50943396e-03,
       3.77358490e-04, 4.52830177e-03, 0., 3.77358490e-04, 0.,
       1.13207544e-03, 3.77358490e-04, 1.88679248e-03, 3.77358490e-04,
       3.77358490e-04, 7.54716981e-04, 3.77358490e-04, 0.,
       2.64150952e-03, 4.52830177e-03, 0., 1.88679248e-03,
       1.13207544e-03, 3.39622633e-03, 3.77358490e-04, 1.50943396e-03,
       7.54716981e-04, 3.77358490e-04, 3.77358490e-04, 3.77358490e-04,
       1.13207544e-03, 3.77358490e-04, 1.50943396e-03, 0., 0.,
       1.50943396e-03, 1.88679248e-03, 3.39622633e-03, 0.,
       7.54716981e-04, 7.54716981e-04, 3.77358490e-04, 0.,
       1.50943396e-03, 5.28301904e-03, 1.13207544e-03, 0.,
       1.50943396e-03, 3.77358496e-03, 7.54716981e-04, 3.77358490e-04,
       7.54716981e-04, 0., 1.13207544e-03, 3.77358490e-04, 0., 0.,
       1.50943396e-03, 2.64150952e-03, 7.54716981e-04, 2.64150952e-03,
       0., 3.77358490e-04, 1.50943396e-03, 7.54716981e-04, 0.,
       1.50943396e-03, 7.54716981e-04, 1.50943396e-03, 1.50943396e-03,
       7.54716981e-04, 1.13207544e-03, 7.54716981e-04, 2.64150952e-03,
       7.54716981e-04, 1.13207544e-03, 1.50943396e-03, 1.88679248e-03,
       5.28301904e-03, 1.88679248e-03, 7.54716981e-04, 7.54716981e-04,
       7.54716981e-04, 1.50943396e-03, 1.50943396e-03, 2.26415088e-03,
       3.77358490e-04, 1.13207544e-03, 3.77358490e-04, 3.77358490e-04,
       2.26415088e-03, 3.77358490e-04, 1.50943396e-03, 0., 0., 0.,
       3.01886792e-03, 7.54716981e-04, 1.50943396e-03, 1.88679248e-03,
       3.01886792e-03, 7.54716981e-04, 7.54716981e-04, 0.,
       3.77358490e-04, 3.77358490e-04, 0., 3.77358490e-04,
       4.52830177e-03, 0., 7.54716981e-04, 1.13207544e-03, 0.,
       1.50943396e-03, 0., 1.13207544e-03, 3.77358490e-04, 0.,
       1.13207544e-03, 1.50943396e-03, 3.77358490e-04, 3.77358490e-04,
       0., 0., 1.50943396e-03, 3.39622633e-03, 1.50943396e-03,
       1.13207544e-03, 7.16981152e-03, 3.77358490e-04, 3.77358490e-04,
       3.77358490e-04, 0., 1.13207544e-03, 3.77358490e-04,
       3.77358490e-04, 7.54716981e-04, 0., 0., 7.54716981e-04,
       2.26415088e-03, 0., 1.50943396e-03, 3.77358490e-04,
       3.77358490e-04, 3.77358490e-04, 1.13207544e-03, 2.64150952e-03,
       0., 3.77358490e-04, 0., 0., 0., 1.88679248e-03, 1.88679248e-03,
       3.77358490e-04, 6.79245265e-03, 3.39622633e-03, 0., 0.,
       3.77358490e-04, 1.50943396e-03, 0., 1.13207544e-03,
       1.50943396e-03, 1.88679248e-03, 1.50943396e-03, 0.,
       1.50943396e-03, 1.13207544e-03, 0., 7.54716981e-04, 0., 0.,
       3.77358490e-04, 0., 7.54716981e-04, 1.13207544e-03,
       7.54716981e-04, 1.13207544e-03, 0., 3.77358490e-04,
       7.54716981e-04, 3.77358490e-04, 7.54716981e-04, 3.77358490e-04,
       0., 7.54716981e-04, 7.54716981e-04, 7.54716981e-04,
       1.50943396e-03, 7.54716981e-04, 3.77358490e-04, 3.01886792e-03,
       3.77358490e-04, 1.13207544e-03, 3.77358490e-04, 3.77358490e-04,
       1.88679248e-03, 1.50943396e-03, 3.77358490e-04, 0.,
       2.26415088e-03, 1.88679248e-03, 0., 0., 0., 3.77358490e-04, 0.,
       3.77358490e-04, 7.54716981e-04, 1.13207544e-03, 3.77358490e-04,
       7.54716981e-04, 3.77358490e-04, 0., 1.50943396e-03,
       3.77358490e-04, 0., 1.50943396e-03, 1.50943396e-03,
       1.43396230e-02, 7.54716981e-04, 0., 7.54716981e-04, 0.,
       2.64150952e-03, 3.77358490e-04, 1.88679248e-03, 3.39622633e-03,
       0., 7.54716981e-04, 1.88679248e-03, 3.39622633e-03,
       1.13207544e-03, 0., 3.77358490e-04, 2.64150952e-03, 0.,
       1.88679248e-03, 3.77358490e-04, 7.54716981e-04, 0.,
       7.54716981e-04, 4.90566017e-03, 3.77358490e-04, 1.50943396e-03,
       0., 1.50943396e-03, 3.01886792e-03, 1.50943396e-03, 0.,
       4.52830177e-03, 0., 7.16981152e-03, 1.50943396e-03,
       7.54716981e-04, 2.26415088e-03, 0., 7.54716981e-04, 0.,
       1.88679248e-03, 1.88679248e-03, 0., 1.13207544e-03, 0.,
       7.54716981e-04, 0., 7.54716981e-04, 2.26415088e-03,
       1.13207544e-03, 0., 7.92452786e-03, 3.77358490e-04,
       5.66037744e-03, 7.54716981e-04, 1.50943396e-03, 0., 0.,
       3.77358490e-04, 3.77358490e-04, 7.54716981e-04, 0.,
       3.77358490e-04, 3.77358490e-04, 0., 0., 1.13207544e-03,
       1.13207544e-03, 1.88679248e-03, 0., 3.77358490e-04, 0., 0.,
       5.66037744e-03, 2.26415088e-03, 7.54716981e-04, 0.,
       3.77358490e-04, 3.77358490e-04, 0., 3.77358490e-04,
       5.28301904e-03, 0., 2.26415088e-03, 1.88679248e-03,
       7.54716981e-04, 7.54716981e-04, 7.54716981e-04, 1.88679248e-03,
       3.77358490e-04, 3.77358490e-04, 3.01886792e-03, 5.66037744e-03,
       3.77358490e-04, 2.26415088e-03, 3.77358490e-04, 2.64150952e-03,
       0., 7.54716981e-04, 0., 6.41509425e-03, 3.77358490e-04,
       7.54716981e-04, 0., 7.54716981e-04, 7.16981152e-03,
       1.13207544e-03, 2.64150952e-03, 3.39622633e-03, 3.77358490e-04,
       7.54716981e-04, 4.52830177e-03, 2.26415088e-03, 3.01886792e-03,
       7.54716981e-04, 1.13207544e-03, 3.77358490e-04, 1.50943396e-03,
       7.54716981e-04, 3.01886792e-03, 1.50943396e-03, 3.39622633e-03,
       1.88679248e-03, 7.54716981e-04, 0., 7.54716981e-04, 0.,
       3.77358490e-04, 1.13207544e-03, 1.88679248e-03, 3.77358490e-04,
       0., 3.77358490e-04, 3.77358490e-04, 4.15094336e-03,
       3.77358490e-04, 7.54716981e-04, 1.13207544e-03, 4.90566017e-03,
       2.26415088e-03, 7.54716981e-04, 3.77358490e-04, 4.15094336e-03,
       3.77358490e-04, 1.13207544e-03, 0., 3.77358490e-04,
       3.39622633e-03, 7.54716981e-04, 2.64150952e-03, 0.,
       1.13207544e-03, 6.41509425e-03, 3.77358490e-04, 3.77358490e-04,
       0., 3.77358490e-04, 0., 0., 1.13207544e-03, 2.26415088e-03, 0.,
       3.77358490e-04, 1.13207544e-03, 1.50943396e-03, 0.,
