%YAML:1.0
m100n: !!opencv-matrix
   rows: 1
   cols: 800
   dt: f
   data: [ 5.83260437e-04, 2.91630218e-04, 4.08282317e-03,
       2.91630218e-04, 1.16652087e-03, 0., 2.04141159e-03, 0., 0.,
       1.45815103e-03, 1.74978131e-03, 2.04141159e-03, 1.74978131e-03,
       8.74890655e-04, 3.20793246e-03, 1.45815103e-03, 5.83260437e-04,
       0., 2.91630218e-04, 1.16652087e-03, 0., 1.16652087e-03,
       1.74978131e-03, 2.91630218e-04, 6.70749508e-03, 2.91630218e-04,
       0., 2.91630218e-04, 1.16652087e-03, 1.16652087e-03,
       2.04141159e-03, 2.62467191e-03, 5.83260437e-04, 0., 0.,
       2.33304175e-03, 0., 2.91630218e-04, 0., 1.16652087e-03,
       8.74890655e-04, 6.99912524e-03, 1.16652087e-03, 2.33304175e-03,
       2.91630218e-04, 2.91630218e-04, 2.04141159e-03, 6.41586492e-03,
       1.45815103e-03, 4.08282317e-03, 1.45815103e-03, 1.74978131e-03,
       5.83260437e-04, 2.33304175e-03, 2.91630218e-04, 8.74890655e-04,
       7.87401572e-03, 1.16652087e-03, 5.83260437e-04, 2.91630218e-04,
       8.74890655e-04, 2.04141159e-03, 8.45727604e-03, 5.83260437e-04,
       2.04141159e-03, 2.91630218e-04, 0., 2.91630218e-04,
       5.83260437e-04, 2.91630207e-03, 2.91630218e-04, 1.16652087e-03,
       1.16652087e-03, 5.83260437e-04, 1.16652087e-03, 8.74890655e-04,
       8.74890655e-04, 2.04141159e-03, 8.74890655e-04, 1.74978131e-03,
       5.83260437e-04, 5.83260437e-04, 8.74890655e-04, 0., 0.,
       2.04141159e-03, 8.74890655e-04, 1.16652087e-03, 1.16652087e-03,
       0., 8.74890655e-04, 1.16652087e-03, 5.83260437e-04,
       5.83260437e-04, 5.83260437e-04, 8.74890655e-04, 5.83260437e-04,
       8.74890655e-04, 2.91630218e-04, 4.08282317e-03, 5.83260437e-04,
       8.74890655e-04, 3.20793246e-03, 4.37445333e-03, 0.,
       1.45815103e-03, 1.74978131e-03, 2.91630218e-04, 1.45815103e-03,
       2.91630218e-04, 8.74890655e-04, 0., 2.91630218e-04,
       2.91630218e-04, 2.91630218e-04, 8.74890655e-04, 0.,
       2.91630218e-04, 2.62467191e-03, 1.74978131e-03, 1.16652087e-03,
       8.74890655e-04, 0., 1.45815103e-03, 8.74890655e-04,
       8.74890655e-04, 1.45815103e-03, 8.74890655e-04, 5.83260437e-04,
       2.62467191e-03, 1.16652087e-03, 1.74978131e-03, 5.24934381e-03,
       5.83260437e-04, 0., 9.33216698e-03, 0., 2.91630218e-04,
       8.74890655e-04, 0., 8.74890655e-04, 2.91630207e-03,
       5.83260437e-04, 5.83260437e-04, 1.16652087e-03, 2.91630218e-04,
       8.74890655e-04, 1.16652087e-03, 8.74890655e-04, 8.74890655e-04,
       0., 1.16652087e-03, 0., 5.83260437e-04, 0., 2.91630218e-04,
       2.91630218e-04, 2.91630218e-04, 1.16652087e-03, 5.83260437e-04,
       8.74890655e-04, 1.74978131e-03, 2.91630218e-04, 0., 0.,
       1.16652087e-03, 2.91630218e-04, 1.74978131e-03, 2.91630218e-04,
       2.91630218e-04, 8.74890655e-04, 8.74890655e-04, 5.83260437e-04,
       2.91630218e-04, 3.20793246e-03, 5.83260437e-04, 2.33304175e-03,
       5.54097397e-03, 8.74890655e-04, 1.16652087e-03, 5.83260437e-04,
       2.62467191e-03, 1.74978131e-03, 5.83260437e-04, 1.45815103e-03,
       8.74890655e-04, 2.04141159e-03, 0., 1.16652087e-03,
       5.83260437e-04, 4.95771365e-03, 2.33304175e-03, 1.74978131e-03,
       5.83260437e-04, 1.16652087e-03, 1.45815103e-03, 0.,
       1.16652087e-03, 5.83260437e-04, 5.83260437e-04, 2.91630218e-04,
       2.62467191e-03, 4.66608349e-03, 4.08282317e-03, 1.16652087e-03,
       2.33304175e-03, 8.74890655e-04, 5.83260437e-04, 2.91630207e-03,
       8.74890655e-04, 8.74890655e-04, 5.83260437e-04, 5.24934381e-03,
       8.74890655e-04, 3.49956262e-03, 8.74890655e-04, 1.16652087e-03,
       2.91630207e-03, 0., 1.74978131e-03, 0., 1.16652087e-03, 0.,
       3.79119278e-03, 2.91630218e-04, 1.16652087e-03, 2.91630218e-04,
       1.45815103e-03, 5.83260437e-04, 6.70749508e-03, 2.04141159e-03,
       8.74890655e-04, 1.74978131e-03, 2.91630207e-03, 2.62467191e-03,
       1.16652087e-03, 0., 2.91630218e-04, 1.45815103e-03,
       2.91630218e-04, 2.04141159e-03, 1.45815103e-03, 2.33304175e-03,
       5.83260413e-03, 5.83260437e-04, 5.83260437e-04, 6.41586492e-03,
       2.04141159e-03, 2.91630218e-04, 5.83260437e-04, 2.91630218e-04,
       5.83260437e-04, 1.45815103e-03, 0., 2.91630218e-04, 0.,
       5.54097397e-03, 5.83260437e-04, 1.74978131e-03, 8.74890655e-04,
       8.74890655e-04, 5.83260437e-04, 5.83260437e-04, 1.45815103e-03,
       5.83260437e-04, 2.91630218e-04, 1.74978131e-03, 1.13735786e-02,
       5.83260437e-04, 2.91630218e-04, 2.62467191e-03, 5.83260437e-04,
       1.74978131e-03, 2.91630218e-04, 2.91630218e-04, 2.33304175e-03,
       5.83260437e-04, 2.33304175e-03, 8.74890655e-04, 2.91630218e-04,
       7.29075540e-03, 1.45815103e-03, 8.74890655e-04, 1.16652087e-03,
       2.91630218e-04, 2.91630218e-04, 2.04141159e-03, 2.91630218e-04,
       0., 2.91630218e-04, 5.83260437e-04, 0., 8.74890655e-04,
       2.91630218e-04, 0., 2.91630207e-03, 2.91630218e-04, 0.,
       1.74978131e-03, 1.16652087e-03, 1.16652087e-03, 5.24934381e-03,
       1.16652087e-03, 5.83260437e-04, 0., 8.74890655e-04,
       1.16652087e-03, 1.74978131e-03, 0., 1.45815103e-03,
       3.49956262e-03, 1.16652087e-03, 4.08282317e-03, 3.20793246e-03,
       8.74890655e-04, 1.16652087e-03, 2.62467191e-03, 0.,
       1.16652087e-03, 5.83260437e-04, 0., 8.74890655e-04, 0.,
       2.91630218e-04, 1.16652087e-03, 1.45815103e-03, 0.,
       1.16652087e-03, 5.83260437e-04, 5.83260437e-04, 1.16652087e-03,
       1.45815103e-03, 4.66608349e-03, 1.02070579e-02, 5.83260437e-04,
       8.74890655e-04, 2.91630218e-04, 5.83260437e-04, 2.33304175e-03,
       5.83260437e-04, 3.20793246e-03, 5.83260437e-04, 1.45815103e-03,
       1.45815103e-03, 1.45815103e-03, 2.91630218e-04, 0.,
       1.16652087e-03, 2.91630218e-04, 2.04141159e-03, 2.91630218e-04,
       5.83260437e-04, 0., 8.74890655e-04, 1.45815103e-03,
       8.74890655e-04, 1.45815103e-03, 2.91630218e-04, 0.,
       2.33304175e-03, 1.16652087e-03, 8.74890655e-04, 8.74890655e-04,
       8.74890655e-04, 8.74890655e-04, 2.91630218e-04, 2.04141159e-03,
       8.74890655e-04, 7.58238556e-03, 0., 2.62467191e-03,
       1.16652087e-03, 5.83260437e-04, 2.91630218e-04, 0.,
       5.83260437e-04, 2.33304175e-03, 0., 7.87401572e-03,
       1.16652087e-03, 2.04141159e-03, 2.33304175e-03, 5.83260437e-04,
       0., 2.91630218e-04, 0., 2.91630218e-04, 8.74890655e-04,
       1.16652087e-03, 1.16652087e-03, 5.54097397e-03, 1.42898811e-02,
       5.83260437e-04, 3.79119278e-03, 8.74890655e-04, 0.,
       1.42898811e-02, 1.74978131e-03, 1.74978131e-03, 1.45815103e-03,
       0., 0., 5.83260437e-04, 4.37445333e-03, 8.74890655e-04,
       2.91630218e-04, 2.91630207e-03, 1.16652087e-03, 1.74978131e-03,
       8.74890655e-04, 4.37445333e-03, 1.16652087e-03, 5.83260437e-04,
       1.74978131e-03, 1.45815103e-03, 6.12423476e-03, 0.,
       2.91630218e-04, 2.91630218e-04, 2.91630218e-04, 1.74978131e-03,
       5.83260437e-04, 8.74890655e-04, 1.16652087e-03, 2.33304175e-03,
       0., 2.91630218e-04, 8.74890655e-04, 1.45815103e-03,
       2.91630218e-04, 5.83260437e-04, 1.74978131e-03, 5.83260437e-04,
       8.74890655e-04, 2.62467191e-03, 5.83260437e-04, 2.91630218e-04,
       2.91630218e-04, 5.83260437e-04, 8.74890655e-04, 8.74890655e-04,
       0., 5.83260437e-04, 2.62467191e-03, 1.16652087e-03,
       8.74890655e-04, 3.49956262e-03, 2.91630218e-04, 5.83260437e-04,
       5.83260437e-04, 0., 0., 1.16652087e-03, 1.74978131e-03,
       5.83260437e-04, 1.74978131e-03, 8.74890655e-04, 0.,
       1.45815103e-03, 2.91630218e-04, 2.91630218e-04, 2.91630218e-04,
       8.74890655e-04, 2.91630218e-04, 5.83260437e-04, 2.91630218e-04,
       5.83260437e-04, 2.91630218e-04, 1.74978131e-03, 8.74890655e-04,
       2.91630207e-03, 2.91630218e-04, 8.74890655e-04, 8.74890655e-04,
       8.74890655e-04, 1.45815103e-03, 0., 1.16652087e-03,
       2.62467191e-03, 2.91630218e-04, 2.91630218e-04, 1.74978131e-03,
       1.45815103e-03, 2.91630207e-03, 2.91630218e-04, 8.74890655e-04,
       2.62467191e-03, 2.91630218e-04, 8.74890655e-04, 0.,
