%YAML:1.0
m100n: !!opencv-matrix
   rows: 1
   cols: 200
   dt: f
   data: [ 5.24246413e-03, 2.40279594e-03, 3.71341221e-03,
       5.24246413e-03, 2.20620371e-02, 6.55307993e-03, 8.95587634e-03,
       2.18436006e-03, 7.64526008e-03, 1.04849283e-02, 8.73744022e-04,
       2.62123207e-03, 1.09218003e-03, 6.11620815e-03, 2.18436006e-03,
       7.64526008e-03, 9.17431246e-03, 3.27653997e-03, 3.27653997e-03,
       4.58715623e-03, 3.71341221e-03, 2.83966819e-03, 1.31061603e-03,
       2.83966819e-03, 5.67933638e-03, 1.52905204e-03, 1.52905204e-03,
       3.27653997e-03, 1.96592417e-03, 2.18436006e-03, 1.31061603e-03,
       4.80559189e-03, 3.93184833e-03, 8.73744022e-03, 1.96592417e-03,
       6.98995218e-03, 1.31061603e-03, 1.35430321e-02, 2.83966819e-03,
       1.20139802e-02, 5.24246413e-03, 1.31061603e-03, 1.96592417e-03,
       7.64526008e-03, 1.74748804e-03, 2.40279594e-03, 2.18436006e-03,
       2.35910881e-02, 1.52905204e-03, 1.96592417e-03, 2.83966819e-03,
       2.18436006e-03, 2.83966819e-03, 2.18436006e-03, 1.74748804e-02,
       3.05810408e-03, 1.31061603e-03, 9.82961990e-03, 2.40279594e-03,
       1.33245960e-02, 5.46090025e-03, 1.79117527e-02, 4.15028399e-03,
       3.05810408e-03, 2.62123207e-03, 1.74748804e-03, 9.61118378e-03,
       2.05329843e-02, 1.09218005e-02, 2.18436006e-03, 2.83966819e-03,
       3.27653997e-03, 5.24246413e-03, 1.74748804e-03, 2.83966819e-03,
       5.02402801e-03, 1.24508524e-02, 1.79117527e-02, 2.83966819e-03,
       8.73744022e-04, 3.42944525e-02, 4.15028399e-03, 4.80559189e-03,
       9.39274859e-03, 2.40279594e-03, 3.27653997e-03, 8.73744022e-03,
       3.27653997e-03, 2.18436006e-03, 4.15028399e-03, 4.15028399e-03,
       1.31061603e-03, 2.62123207e-03, 1.96592417e-03, 9.17431246e-03,
       1.96592417e-03, 9.61118378e-03, 1.55089563e-02, 6.55307993e-03,
       3.49497609e-03, 2.62123207e-03, 1.96592417e-03, 7.42682442e-03,
       8.30056798e-03, 1.11402366e-02, 6.55308017e-04, 8.30056798e-03,
       1.96592417e-03, 8.73744022e-03, 4.58715623e-03, 1.52905204e-03,
       4.15028399e-03, 1.68195721e-02, 6.55308017e-04, 3.49497609e-03,
       3.49497609e-03, 3.49497609e-03, 4.36872011e-03, 2.18436006e-03,
       6.11620815e-03, 1.31061603e-03, 1.74748804e-03, 3.27653997e-03,
       2.83966819e-03, 5.89777203e-03, 1.52905204e-03, 3.27653997e-03,
       2.18436006e-03, 1.39799044e-02, 8.73744022e-03, 2.18436006e-04,
       3.05810408e-03, 4.80559189e-03, 2.62123207e-03, 2.83966819e-03,
       8.51900410e-03, 1.74748804e-02, 1.31061603e-03, 2.83966819e-03,
       2.16251649e-02, 6.33464428e-03, 6.55307993e-03, 3.71341221e-03,
       2.62123207e-03, 4.80559189e-03, 3.27653997e-03, 4.15028399e-03,
       1.00480560e-02, 1.52905204e-03, 3.49497609e-03, 1.96592417e-03,
       2.83966819e-03, 2.40279594e-03, 2.83966819e-03, 6.33464428e-03,
       1.52905204e-03, 1.74748804e-03, 3.05810408e-03, 2.40279594e-03,
       1.09218003e-03, 2.83966819e-03, 6.33464428e-03, 2.83966819e-03,
       9.61118378e-03, 3.05810408e-03, 1.52905204e-03, 5.46090025e-03,
       3.71341221e-03, 2.62123207e-03, 2.18436006e-03, 2.40279594e-03,
       8.30056798e-03, 1.74748804e-03, 9.61118378e-03, 5.02402801e-03,
       1.74748804e-03, 3.05810408e-03, 3.49497609e-03, 2.83966819e-03,
       1.52905204e-03, 3.93184833e-03, 4.36872011e-04, 4.58715623e-03,
       6.33464428e-03, 8.73744022e-04, 3.05810408e-03, 4.15028399e-03,
       1.74748804e-03, 1.31061603e-03, 2.40279594e-03, 2.83966819e-03,
       2.62123207e-03, 6.55308017e-04, 5.89777203e-03, 4.80559189e-03,
       3.71341221e-03, 8.73744022e-04, 3.49497609e-03, 4.80559189e-03,
       3.71341221e-03 ]
