%YAML:1.0
m100n: !!opencv-matrix
   rows: 1
   cols: 800
   dt: f
   data: [ 4.24448226e-04, 4.24448214e-03, 1.27334474e-03,
       2.54668947e-03, 2.12224107e-03, 0., 0., 8.48896452e-04, 0.,
       4.66893055e-03, 4.24448226e-04, 8.48896452e-04, 1.69779290e-03,
       2.54668947e-03, 4.24448226e-04, 2.97113764e-03, 2.97113764e-03,
       0., 8.48896452e-04, 1.27334474e-03, 0., 1.27334474e-03,
       2.97113764e-03, 8.48896452e-04, 0., 0., 1.69779290e-03,
       8.48896452e-04, 4.24448226e-04, 4.24448226e-04, 2.12224107e-03,
       8.48896452e-04, 3.39558581e-03, 8.48896452e-04, 0.,
       8.48896452e-04, 3.82003398e-03, 0., 8.48896452e-04, 0., 0.,
       4.24448226e-04, 1.27334474e-03, 0., 1.27334474e-03,
       3.82003398e-03, 1.69779290e-03, 2.97113764e-03, 8.48896452e-04,
       0., 0., 4.24448226e-04, 1.27334474e-03, 0., 4.24448226e-04,
       4.24448226e-04, 4.24448226e-04, 2.54668947e-03, 1.27334474e-03,
       1.27334474e-03, 4.24448214e-03, 0., 4.24448226e-04,
       8.48896452e-04, 0., 8.48896452e-04, 4.24448226e-04,
       1.69779290e-03, 8.48896452e-04, 0., 4.24448214e-03,
       8.48896452e-04, 2.54668947e-03, 0., 4.24448226e-04,
       2.97113764e-03, 1.69779290e-03, 0., 1.27334474e-03,
       3.82003398e-03, 5.94227528e-03, 1.27334474e-03, 1.27334474e-03,
       4.24448226e-04, 1.27334474e-03, 5.94227528e-03, 1.27334474e-03,
       3.82003398e-03, 1.27334474e-03, 1.69779290e-03, 0., 0.,
       4.24448226e-04, 0., 1.27334474e-03, 0., 4.24448226e-04,
       3.82003398e-03, 0., 8.48896452e-04, 8.48896452e-04, 0.,
       1.69779290e-03, 4.24448226e-04, 0., 8.48896452e-04,
       2.12224107e-03, 1.69779290e-03, 8.48896452e-04, 4.24448226e-04,
       6.36672322e-03, 1.69779290e-03, 2.54668947e-03, 0.,
       1.27334474e-03, 0., 1.01867579e-02, 4.24448226e-04,
       6.36672322e-03, 0., 8.48896452e-04, 2.12224107e-03,
       1.69779290e-03, 1.27334474e-03, 0., 3.82003398e-03,
       8.48896452e-04, 4.24448226e-04, 1.69779290e-03, 0.,
       2.12224107e-03, 8.48896452e-04, 1.27334474e-03, 6.79117162e-03,
       4.24448226e-04, 4.24448226e-04, 8.48896452e-04, 1.27334474e-03,
       0., 1.27334474e-03, 3.39558581e-03, 1.27334474e-03, 0.,
       1.27334474e-03, 1.27334474e-03, 4.24448226e-04, 4.24448226e-04,
       1.69779290e-03, 0., 8.48896452e-04, 0., 0., 4.24448226e-04,
       4.24448226e-04, 1.27334474e-03, 0., 1.69779290e-03, 0., 0.,
       1.27334474e-03, 8.48896452e-04, 5.94227528e-03, 2.12224107e-03,
       4.24448226e-04, 2.12224107e-03, 2.12224107e-03, 4.24448226e-04,
       8.48896452e-04, 8.48896452e-04, 4.24448226e-04, 8.48896452e-04,
       2.12224107e-03, 4.24448226e-04, 0., 1.27334474e-03,
       8.48896452e-04, 4.24448226e-04, 2.97113764e-03, 3.39558581e-03,
       0., 4.24448214e-03, 2.54668947e-03, 1.69779290e-03,
       1.27334474e-03, 4.24448226e-04, 0., 1.27334474e-03, 0.,
       4.24448226e-04, 0., 4.24448214e-03, 8.48896452e-04,
       2.12224107e-03, 3.82003398e-03, 1.69779290e-03, 5.09337895e-03,
       4.24448226e-04, 0., 8.48896452e-04, 2.97113764e-03,
       4.24448226e-04, 8.48896452e-04, 4.24448226e-04, 4.24448226e-04,
       7.21562002e-03, 0., 8.06451589e-03, 2.12224107e-03,
       4.24448226e-04, 0., 1.27334474e-03, 2.54668947e-03,
       4.24448226e-04, 0., 8.48896452e-04, 1.69779290e-03,
       8.48896452e-04, 4.24448226e-04, 3.39558581e-03, 8.48896452e-04,
       4.24448226e-04, 8.48896452e-04, 8.48896452e-04, 8.48896452e-04,
       2.12224107e-03, 4.24448226e-04, 4.24448226e-04, 2.12224107e-03,
       0., 8.48896452e-04, 2.12224107e-03, 8.48896452e-04,
       8.48896452e-04, 2.12224107e-03, 4.24448226e-04, 1.69779290e-03,
       1.27334474e-03, 1.69779290e-03, 1.27334474e-03, 0.,
       8.48896452e-04, 8.48896452e-04, 1.69779290e-03, 2.12224107e-03,
       8.48896452e-04, 2.97113764e-03, 0., 8.48896452e-04,
       8.48896452e-04, 1.27334474e-03, 2.12224107e-03, 4.24448226e-04,
       1.27334474e-03, 0., 4.66893055e-03, 2.12224107e-03,
       8.48896452e-04, 1.27334474e-03, 8.48896452e-04, 8.48896452e-04,
       1.27334474e-03, 0., 0., 4.24448214e-03, 1.27334474e-03,
       8.48896452e-04, 1.27334474e-03, 2.54668947e-03, 0.,
       8.48896452e-04, 2.54668947e-03, 4.24448226e-04, 1.27334474e-03,
       7.21562002e-03, 2.12224107e-03, 4.24448226e-04, 2.54668947e-03,
       1.27334474e-03, 8.48896452e-04, 8.48896452e-04, 1.69779290e-03,
       1.69779290e-03, 8.48896452e-04, 0., 8.48896452e-04,
       8.48896452e-04, 3.82003398e-03, 1.27334474e-03, 4.24448226e-04,
       5.09337895e-03, 2.12224107e-03, 1.27334474e-03, 1.27334474e-03,
       4.24448226e-04, 0., 8.48896452e-04, 2.97113764e-03, 0.,
       1.27334474e-03, 1.27334474e-03, 0., 4.24448226e-04,
       1.27334474e-03, 1.69779290e-03, 8.48896452e-04, 0., 0.,
       4.24448226e-04, 4.66893055e-03, 8.48896452e-04, 1.69779290e-03,
       0., 2.12224107e-03, 8.48896452e-04, 4.24448226e-04,
       1.27334474e-03, 4.24448226e-04, 4.24448226e-04, 4.24448226e-04,
       0., 4.24448226e-04, 4.24448226e-04, 4.24448226e-04,
       4.24448226e-04, 4.24448226e-04, 0., 4.66893055e-03, 0., 0.,
       1.69779290e-03, 4.24448226e-04, 4.24448226e-04, 1.27334474e-03,
       1.27334474e-03, 4.24448226e-04, 0., 4.66893055e-03, 0.,
       4.24448226e-04, 0., 8.48896452e-04, 2.12224107e-03, 0.,
       1.27334474e-03, 8.48896452e-04, 1.27334474e-03, 4.24448226e-04,
       2.54668947e-03, 8.48896452e-04, 0., 2.54668947e-03,
       1.27334474e-03, 1.27334474e-03, 2.12224107e-03, 4.24448226e-04,
       2.54668947e-03, 2.54668947e-03, 4.24448226e-04, 4.24448226e-04,
       1.69779290e-03, 1.69779290e-03, 4.24448226e-04, 4.24448226e-04,
       0., 0., 3.39558581e-03, 0., 4.24448226e-04, 0., 2.12224107e-03,
       1.27334474e-03, 0., 4.24448226e-04, 1.69779290e-03,
       1.27334474e-03, 4.24448226e-04, 4.24448226e-04, 0.,
       1.27334474e-03, 4.24448226e-04, 5.09337895e-03, 0.,
       3.39558581e-03, 1.27334474e-03, 4.24448214e-03, 4.24448226e-04,
       4.24448226e-04, 0., 4.24448226e-04, 8.48896452e-04,
       2.54668947e-03, 1.69779290e-03, 8.48896452e-04, 5.09337895e-03,
       4.24448226e-04, 8.48896452e-04, 3.82003398e-03, 1.27334474e-03,
       3.39558581e-03, 8.48896452e-04, 4.24448226e-04, 4.24448226e-04,
       2.12224107e-03, 2.97113764e-03, 8.48896452e-04, 1.69779290e-03,
       2.12224107e-03, 0., 1.27334474e-03, 1.27334474e-03, 0.,
       2.54668947e-03, 8.48896452e-04, 4.24448226e-04, 8.48896452e-04,
       0., 0., 2.97113764e-03, 0., 1.69779290e-03, 4.24448226e-04, 0.,
       8.48896452e-04, 0., 0., 8.48896452e-04, 1.69779290e-03,
       1.69779290e-03, 0., 8.48896452e-04, 1.69779290e-03,
       2.12224107e-03, 7.21562002e-03, 4.24448226e-04, 1.27334474e-03,
       2.12224107e-03, 4.24448226e-04, 0., 8.48896452e-04, 0.,
       2.12224107e-03, 8.48896452e-04, 4.24448226e-04, 8.48896452e-04,
       8.48896452e-04, 2.12224107e-03, 2.54668947e-03, 4.24448226e-04,
       8.48896452e-04, 0., 1.27334474e-03, 1.27334474e-03,
       4.24448226e-04, 4.24448214e-03, 1.27334474e-03, 8.48896452e-04,
       5.51782688e-03, 4.24448226e-04, 4.24448226e-04, 0.,
       5.51782688e-03, 8.48896452e-04, 0., 2.12224107e-03,
       8.48896452e-04, 4.24448226e-04, 0., 2.12224107e-03,
       4.24448226e-04, 1.69779290e-03, 1.69779290e-03, 2.54668947e-03,
       5.94227528e-03, 4.24448226e-04, 8.48896452e-04, 4.24448226e-04,
       8.48896452e-04, 4.24448226e-04, 0., 1.27334474e-03, 0.,
       1.27334474e-03, 4.24448226e-04, 1.27334474e-03, 4.24448226e-04,
       4.24448226e-04, 0., 1.27334474e-03, 0., 4.24448226e-04,
       3.82003398e-03, 4.24448226e-04, 0., 1.69779290e-03,
       8.48896452e-04, 1.69779290e-03, 0., 0., 0., 0., 4.24448226e-04,
       4.24448226e-04, 2.54668947e-03, 0., 1.69779290e-03,
       2.12224107e-03, 4.24448214e-03, 0., 4.24448226e-04,
       4.24448214e-03, 1.27334474e-03, 0., 2.54668947e-03,
       8.48896452e-04, 0., 0., 0., 0., 4.24448226e-04, 4.24448226e-04,
       0., 8.48896452e-04, 1.27334474e-03, 1.27334474e-03, 0.,
