%YAML:1.0
m100n: !!opencv-matrix
   rows: 1
   cols: 800
   dt: f
   data: [ 5.47045958e-04, 4.37636767e-03, 2.18818383e-03,
       5.47045958e-04, 3.82932182e-03, 1.09409192e-03, 1.09409192e-03,
       2.73522967e-03, 1.09409192e-03, 5.47045935e-03, 1.09409192e-03,
       5.47045958e-04, 0., 5.47045958e-04, 1.64113787e-03, 0., 0.,
       4.92341351e-03, 5.47045958e-04, 5.47045958e-04, 5.47045958e-04,
       5.47045958e-04, 2.18818383e-03, 1.09409192e-03, 0.,
       5.47045958e-04, 1.64113787e-03, 0., 5.47045958e-04,
       5.47045958e-04, 8.75273533e-03, 0., 1.64113787e-03,
       5.47045958e-04, 5.47045958e-04, 5.47045958e-04, 2.18818383e-03,
       2.18818383e-03, 5.47045958e-04, 2.18818383e-03, 2.73522967e-03,
       0., 1.09409192e-03, 2.73522967e-03, 0., 5.47045958e-04,
       7.11159734e-03, 0., 1.09409192e-03, 1.64113787e-03,
       5.47045958e-04, 5.47045958e-04, 0., 5.47045958e-04,
       2.18818383e-03, 5.47045958e-04, 5.47045958e-04, 0.,
       1.09409187e-02, 5.47045935e-03, 8.20568949e-03, 2.73522967e-03,
       5.47045958e-04, 1.09409192e-03, 0., 0., 0., 5.47045958e-04, 0.,
       5.47045958e-04, 1.09409192e-03, 5.47045958e-04, 0.,
       5.47045958e-04, 9.84682702e-03, 5.47045958e-04, 3.28227575e-03,
       0., 0., 0., 1.09409192e-03, 0., 7.65864365e-03, 0., 0., 0.,
       2.18818383e-03, 2.18818383e-03, 0., 0., 2.73522967e-03,
       1.03938729e-02, 5.47045958e-04, 5.47045958e-04, 0.,
       2.18818383e-03, 1.09409192e-03, 2.73522967e-03, 1.64113787e-03,
       8.20568949e-03, 2.73522967e-03, 1.64113787e-03, 5.47045958e-04,
       1.64113787e-03, 0., 3.82932182e-03, 5.47045958e-04,
       5.47045958e-04, 0., 1.09409192e-03, 3.28227575e-03,
       5.47045958e-04, 0., 5.47045958e-04, 3.28227575e-03, 0.,
       1.09409192e-03, 5.47045958e-04, 0., 0., 1.09409192e-03,
       1.64113787e-03, 0., 5.47045958e-04, 0., 0., 2.18818383e-03,
       1.09409192e-03, 0., 0., 1.09409192e-03, 1.09409192e-03, 0.,
       3.82932182e-03, 1.64113787e-03, 4.92341351e-03, 0.,
       5.47045958e-04, 1.64113787e-03, 1.09409192e-03, 5.47045958e-04,
       0., 1.64113787e-03, 0., 5.47045958e-04, 1.09409192e-03, 0.,
       5.47045958e-04, 3.82932182e-03, 1.09409192e-03, 0.,
       5.47045958e-04, 0., 2.18818383e-03, 5.47045958e-04,
       2.18818383e-03, 5.47045958e-04, 2.73522967e-03, 0., 0.,
       2.73522967e-03, 6.01750566e-03, 1.64113787e-03, 0.,
       8.75273533e-03, 5.47045958e-04, 1.09409192e-03, 2.73522967e-03,
       5.47045935e-03, 2.73522967e-03, 3.82932182e-03, 1.64113787e-03,
       0., 5.47045958e-04, 2.18818383e-03, 0., 5.47045958e-04, 0.,
       6.56455150e-03, 4.92341351e-03, 0., 5.47045958e-04, 0., 0.,
       4.37636767e-03, 5.47045958e-04, 5.47045958e-04, 1.64113787e-03,
       5.47045958e-04, 0., 5.47045958e-04, 4.92341351e-03,
       1.09409192e-03, 0., 1.09409192e-03, 9.29978117e-03, 0.,
       2.18818383e-03, 0., 1.09409192e-03, 5.47045958e-04,
       2.18818383e-03, 5.47045958e-04, 1.09409192e-03, 5.47045958e-04,
       4.37636767e-03, 0., 3.28227575e-03, 0., 0., 1.64113787e-03,
       1.09409192e-03, 0., 5.47045958e-04, 0., 2.73522967e-03, 0.,
       1.09409192e-03, 4.92341351e-03, 2.18818383e-03, 5.47045958e-04,
       0., 5.47045958e-04, 1.09409192e-03, 1.09409192e-03, 0.,
       8.75273533e-03, 0., 0., 0., 1.09409192e-03, 3.82932182e-03,
       5.47045958e-04, 0., 2.73522967e-03, 1.09409192e-03,
       1.64113787e-03, 0., 3.28227575e-03, 0., 9.84682702e-03,
       1.64113787e-03, 1.09409192e-03, 1.64113787e-03, 9.84682702e-03,
       0., 4.92341351e-03, 5.47045958e-04, 1.09409192e-03,
       5.47045958e-04, 0., 5.47045958e-04, 5.47045958e-04,
       2.73522967e-03, 1.09409192e-03, 6.01750566e-03, 0.,
       5.47045935e-03, 2.18818383e-03, 0., 0., 3.82932182e-03,
       3.82932182e-03, 2.18818383e-03, 0., 1.09409192e-03, 0., 0.,
       1.09409192e-03, 2.18818383e-03, 3.82932182e-03, 0., 0.,
       1.09409192e-03, 5.47045958e-04, 1.64113787e-03, 0.,
       1.64113787e-03, 0., 3.28227575e-03, 5.47045958e-04,
       4.37636767e-03, 5.47045958e-04, 0., 5.47045958e-04, 0.,
       8.75273533e-03, 0., 1.64113787e-03, 2.18818383e-03, 0.,
       2.18818383e-03, 0., 2.73522967e-03, 1.09409192e-03,
       5.47045958e-04, 2.18818383e-03, 4.37636767e-03, 0., 0., 0., 0.,
       0., 0., 0., 5.47045958e-04, 0., 0., 1.09409192e-03,
       1.64113787e-03, 5.47045958e-04, 0., 0., 5.47045958e-04,
       1.64113787e-03, 0., 5.47045958e-04, 1.09409192e-03,
       7.65864365e-03, 2.73522967e-03, 1.09409192e-03, 1.64113787e-03,
       5.47045958e-04, 1.09409192e-03, 0., 1.64113787e-03, 0.,
       5.47045958e-04, 2.18818383e-03, 0., 1.09409192e-03,
       2.18818383e-03, 1.09409192e-03, 5.47045958e-04, 2.73522967e-03,
       2.18818383e-03, 5.47045958e-04, 5.47045958e-04, 1.64113787e-03,
       0., 2.18818383e-03, 0., 5.47045958e-04, 0., 1.64113787e-03,
       5.47045958e-04, 0., 0., 0., 0., 1.64113787e-03, 0., 0.,
       1.64113787e-03, 5.47045958e-04, 1.64113787e-03, 0.,
       3.82932182e-03, 0., 4.92341351e-03, 3.28227575e-03,
       5.47045958e-04, 1.09409192e-03, 0., 2.73522967e-03,
       5.47045958e-04, 0., 1.09409192e-03, 1.64113787e-03,
       1.09409192e-03, 5.47045958e-04, 5.47045958e-04, 2.18818383e-03,
       0., 5.47045958e-04, 1.64113787e-03, 1.09409192e-03,
       2.73522967e-03, 0., 1.09409192e-03, 5.47045958e-04, 0.,
       2.18818383e-03, 1.09409192e-03, 0., 5.47045958e-04,
       1.64113787e-03, 0., 5.47045958e-04, 0., 1.64113787e-03, 0.,
       5.47045958e-04, 0., 1.09409192e-03, 5.47045958e-04,
       4.37636767e-03, 0., 0., 5.47045958e-04, 1.09409192e-03,
       5.47045958e-04, 1.09409192e-03, 5.47045958e-04, 5.47045958e-04,
       5.47045958e-04, 0., 0., 0., 3.28227575e-03, 0., 5.47045958e-04,
       5.47045958e-04, 5.47045958e-04, 0., 0., 5.47045958e-04, 0.,
       1.09409192e-03, 5.47045958e-04, 1.64113787e-03, 3.28227575e-03,
       0., 1.09409192e-03, 5.47045958e-04, 0., 0., 3.82932182e-03, 0.,
       0., 0., 0., 5.47045958e-04, 5.47045958e-04, 5.47045958e-04,
       1.09409192e-03, 5.47045958e-04, 1.64113787e-03, 0., 0.,
       1.64113787e-03, 6.56455150e-03, 0., 5.47045958e-04,
       5.47045958e-04, 1.64113787e-03, 5.47045958e-04, 1.09409192e-03,
       5.47045958e-04, 2.73522967e-03, 5.47045958e-04, 1.64113787e-03,
       0., 1.64113787e-03, 1.09409192e-03, 2.18818383e-03, 0.,
       5.47045935e-03, 1.09409192e-03, 0., 1.09409192e-03,
       2.18818383e-03, 1.64113787e-03, 5.47045958e-04, 5.47045958e-04,
       0., 5.47045958e-04, 1.64113787e-03, 5.47045958e-04,
       7.11159734e-03, 0., 5.47045958e-04, 1.09409192e-03,
       5.47045958e-04, 5.47045958e-04, 1.09409192e-03, 3.82932182e-03,
       0., 0., 1.64113787e-03, 5.47045958e-04, 1.64113787e-03,
       5.47045958e-04, 1.09409192e-03, 0., 5.47045958e-04,
       5.47045958e-04, 0., 1.64113787e-03, 0., 0., 5.47045958e-04,
       5.47045958e-04, 1.09409192e-03, 1.09409192e-03, 2.73522967e-03,
       5.47045958e-04, 2.18818383e-03, 0., 5.47045958e-04,
       4.37636767e-03, 1.09409192e-03, 0., 5.47045958e-04,
       2.18818383e-03, 5.47045958e-04, 5.47045958e-04, 1.09409192e-03,
       0., 1.09409192e-03, 1.64113787e-03, 5.47045958e-04,
       1.64113787e-03, 1.64113787e-03, 1.64113787e-03, 1.64113787e-03,
       0., 1.09409192e-03, 5.47045958e-04, 3.28227575e-03,
       1.64113787e-03, 1.09409192e-03, 3.28227575e-03, 3.82932182e-03,
       0., 5.47045958e-04, 5.47045958e-04, 1.09409192e-03,
       2.18818383e-03, 5.47045958e-04, 1.64113787e-03, 1.09409192e-03,
       0., 5.47045958e-04, 1.09409192e-03, 0., 5.47045958e-04, 0.,
       5.47045958e-04, 0., 0., 0., 0., 7.11159734e-03, 5.47045958e-04,
       0., 0., 5.47045958e-04, 0., 0., 0., 2.18818383e-03,
       5.47045958e-04, 5.47045958e-04, 2.73522967e-03, 7.65864365e-03,
       5.47045958e-04, 2.18818383e-03, 1.64113787e-03, 0.,
       5.47045958e-04, 0., 1.09409192e-03, 5.47045958e-04,
       5.47045958e-04, 5.47045958e-04, 5.47045958e-04, 0.,
       5.47045958e-04, 0., 1.64113787e-03, 1.09409192e-03, 0., 0., 0.,
