%YAML:1.0
m100n: !!opencv-matrix
   rows: 1
   cols: 800
   dt: f
   data: [ 1.33155787e-03, 1.33155787e-03, 3.32889467e-04,
       6.65778934e-04, 6.65778934e-04, 1.33155787e-03, 1.33155787e-03,
       3.32889467e-04, 6.65778934e-04, 9.98668373e-04, 5.65912109e-03,
       3.66178411e-03, 6.65778934e-04, 6.65778934e-04, 2.33022636e-03,
       1.66444737e-03, 6.65778934e-04, 6.65778934e-04, 1.33155787e-03,
       0., 0., 0., 2.66311574e-03, 6.65778934e-04, 1.86418109e-02,
       6.65778934e-04, 3.32889467e-04, 6.65778934e-04, 0.,
       3.32889467e-04, 2.66311574e-03, 6.65778934e-04, 6.65778934e-04,
       0., 3.32889467e-04, 3.32889467e-04, 9.98668373e-04,
       3.32889467e-04, 3.32889467e-04, 3.32889467e-04, 0.,
       3.99467349e-03, 1.66444737e-03, 3.99467349e-03, 6.65778934e-04,
       3.32889467e-04, 2.66311574e-03, 4.32756310e-03, 3.32889467e-04,
       4.32756310e-03, 3.32889467e-04, 3.32889467e-04, 9.98668373e-04,
       2.66311574e-03, 9.98668373e-04, 1.33155787e-03, 4.32756310e-03,
       6.65778934e-04, 0., 6.65778934e-04, 6.65778934e-04,
       3.32889467e-04, 8.32223706e-03, 6.65778934e-04, 2.99600512e-03,
       0., 0., 3.32889467e-04, 0., 3.66178411e-03, 2.33022636e-03,
       6.65778934e-04, 2.33022636e-03, 9.98668373e-04, 2.99600512e-03,
       0., 3.32889467e-04, 6.65778934e-04, 6.65778934e-04,
       3.32889467e-04, 9.98668373e-04, 3.32889467e-04, 0.,
       6.65778934e-04, 3.32889467e-04, 1.33155787e-03, 0.,
       3.32889467e-04, 3.32889467e-04, 0., 2.33022636e-03,
       3.32889467e-04, 0., 6.65778934e-04, 0., 9.98668373e-04,
       3.32889467e-04, 0., 1.33155787e-03, 9.98668373e-04,
       6.65778934e-04, 9.98668373e-04, 1.99733675e-03, 1.99733675e-03,
       9.98668373e-04, 1.33155787e-03, 0., 3.32889467e-04,
       3.32889467e-04, 0., 3.32889467e-04, 6.65778934e-04,
       3.32889467e-04, 9.98668373e-04, 3.32889467e-04, 3.32889467e-04,
       9.98668373e-04, 0., 2.99600512e-03, 2.33022636e-03,
       2.33022636e-03, 0., 6.65778934e-04, 6.65778934e-04,
       2.33022636e-03, 3.32889467e-04, 9.98668373e-04, 3.32889467e-04,
       3.32889467e-04, 3.32889467e-04, 3.32889467e-04, 3.66178411e-03,
       1.99733675e-03, 3.32889467e-04, 0., 1.59786940e-02,
       6.65778934e-04, 9.98668373e-04, 9.98668373e-04, 3.32889467e-04,
       1.33155787e-03, 2.33022636e-03, 1.33155787e-03, 0.,
       3.32889467e-04, 3.32889467e-04, 3.32889467e-04, 3.32889467e-04,
       9.98668373e-04, 9.98668373e-04, 0., 9.98668373e-04,
       6.65778934e-04, 6.65778934e-04, 0., 3.32889467e-04,
       3.32889467e-04, 6.65778934e-04, 0., 3.32889467e-04, 0.,
       3.32889467e-04, 0., 2.66311574e-03, 6.65778934e-04,
       9.98668373e-04, 0., 9.98668373e-04, 6.65778934e-04, 0.,
       9.98668373e-04, 3.32889467e-04, 3.32889467e-04, 3.32889467e-04,
       1.33155787e-03, 0., 9.98668373e-04, 1.49800256e-02, 0.,
       3.32889467e-04, 6.65778934e-04, 3.32889467e-04, 1.66444737e-03,
       1.66444737e-03, 9.98668373e-04, 6.65778934e-04, 1.66444737e-03,
       6.65778934e-04, 9.98668373e-04, 2.99600512e-03, 5.99201024e-03,
       1.99733675e-03, 6.99067861e-03, 6.65778934e-04, 0.,
       6.65778934e-04, 1.33155787e-03, 3.32889467e-04, 3.32889467e-04,
       3.32889467e-04, 6.65778934e-04, 4.99334186e-03, 7.32356822e-03,
       1.13182422e-02, 0., 1.66444737e-03, 9.98668373e-04,
       9.98668373e-04, 4.32756310e-03, 3.32889467e-04, 6.65778934e-04,
       0., 1.06524630e-02, 1.33155787e-03, 1.33155787e-03, 0.,
       1.99733675e-03, 1.33155787e-03, 6.65778934e-04, 0., 0.,
       3.32889467e-04, 6.65778934e-04, 1.99733675e-03, 0.,
       3.32889467e-04, 1.33155787e-03, 6.65778934e-04, 9.98668373e-04,
       2.99600512e-03, 2.66311574e-03, 0., 6.65778934e-04,
       9.98668373e-04, 0., 3.32889467e-04, 1.66444737e-03, 0.,
       9.98668373e-04, 0., 6.65778934e-04, 4.32756310e-03,
       1.33155787e-03, 8.32223706e-03, 3.32889467e-04, 0.,
       8.32223706e-03, 3.32889467e-04, 3.32889467e-04, 3.32889467e-04,
       9.98668373e-04, 9.98668373e-04, 6.65778934e-04, 2.33022636e-03,
       6.65778934e-04, 0., 1.09853521e-02, 3.32889467e-04,
       1.33155787e-03, 0., 6.65778934e-04, 6.65778934e-04,
       6.65778934e-04, 1.33155787e-03, 0., 9.98668373e-04,
       6.65778934e-04, 1.39813572e-02, 0., 6.65778934e-04,
       4.32756310e-03, 0., 0., 0., 6.65778934e-04, 2.99600512e-03, 0.,
       6.65778946e-03, 1.33155787e-03, 3.32889467e-04, 2.66311574e-03,
       9.98668373e-04, 3.32889467e-04, 3.32889467e-04, 3.32889467e-04,
       0., 1.99733675e-03, 3.32889467e-04, 3.32889467e-04,
       3.32889467e-04, 9.98668373e-04, 3.32889467e-04, 9.98668373e-04,
       3.32889467e-04, 6.65778934e-04, 6.65778934e-04, 0., 0.,
       6.65778934e-04, 9.98668373e-04, 6.65778934e-04, 1.33155787e-03,
       0., 3.32889467e-04, 1.33155787e-03, 2.33022636e-03, 0.,
       8.32223706e-03, 3.32889467e-04, 1.99733675e-03, 6.65778934e-04,
       3.32889467e-04, 1.99733675e-03, 1.33155787e-03, 0.,
       9.98668373e-04, 6.65778934e-04, 6.65778934e-04, 3.32889467e-04,
       3.32889467e-04, 3.32889467e-04, 3.32889467e-04, 9.98668373e-04,
       9.98668373e-04, 6.65778934e-04, 6.65778934e-04, 0.,
       3.66178411e-03, 3.32889467e-04, 9.98668373e-04, 3.32889467e-04,
       3.32889467e-04, 5.99201024e-03, 6.99067861e-03, 0.,
       9.98668373e-04, 3.32889467e-04, 0., 3.32889467e-04,
       9.98668373e-04, 4.99334186e-03, 0., 1.33155787e-03,
       3.32889467e-04, 1.99733675e-03, 0., 3.32889467e-04, 0.,
       3.32889467e-04, 3.99467349e-03, 6.65778934e-04, 0., 0.,
       3.32889467e-04, 1.66444737e-03, 0., 9.98668373e-04,
       1.33155787e-03, 6.65778934e-04, 3.32889473e-03, 1.33155787e-03,
       0., 0., 3.32889467e-04, 3.32889467e-04, 3.32889467e-04,
       9.98668373e-04, 0., 7.98934698e-03, 6.65778934e-04,
       1.66444737e-03, 0., 3.32889467e-04, 6.65778934e-04,
       3.32889467e-04, 3.32889467e-04, 2.33022636e-03, 6.65778934e-04,
       9.98668373e-04, 0., 1.99733675e-03, 3.32889467e-04,
       3.32889467e-04, 0., 2.99600512e-03, 0., 3.32889467e-04,
       5.32623148e-03, 3.66178411e-03, 5.99201024e-03, 1.13182422e-02,
       4.66045272e-03, 0., 1.33155787e-03, 6.65778934e-04,
       3.32889467e-04, 9.98668373e-03, 1.33155787e-03, 9.98668373e-04,
       9.98668373e-04, 0., 0., 0., 2.99600512e-03, 6.65778934e-04,
       3.32889467e-04, 3.66178411e-03, 0., 1.33155787e-03,
       3.32889467e-04, 5.32623148e-03, 1.66444737e-03, 3.32889467e-04,
       3.32889467e-04, 3.32889467e-04, 6.32489985e-03, 0., 0.,
       3.32889467e-04, 3.32889467e-04, 4.32756310e-03, 3.32889467e-04,
       3.32889467e-04, 4.99334186e-03, 1.66444737e-03, 0.,
       6.65778934e-04, 6.65778934e-04, 2.33022636e-03, 1.99733675e-03,
       1.33155787e-03, 1.33155787e-03, 1.33155787e-03, 3.32889467e-04,
       2.33022636e-03, 3.32889467e-04, 3.32889467e-04, 0.,
       6.65778934e-04, 6.65778934e-04, 9.98668373e-04, 6.65778934e-04,
       6.65778934e-04, 1.66444737e-03, 6.65778934e-04, 9.98668373e-04,
       2.66311574e-03, 0., 6.65778934e-04, 9.98668373e-04, 0.,
       6.65778934e-04, 6.65778934e-04, 1.33155787e-03, 6.65778934e-04,
       1.66444737e-03, 6.65778934e-04, 6.65778934e-04, 0.,
       6.65778934e-04, 0., 0., 3.66178411e-03, 0., 6.65778934e-04, 0.,
       6.65778934e-04, 3.32889467e-04, 2.66311574e-03, 1.33155787e-03,
       2.33022636e-03, 3.32889467e-04, 0., 2.33022636e-03, 0.,
       9.98668373e-04, 0., 9.98668373e-04, 3.66178411e-03,
       2.66311574e-03, 0., 1.66444737e-03, 1.66444737e-03,
       1.66444737e-03, 0., 1.99733675e-03, 3.32889467e-04,
       3.32889467e-04, 6.65778934e-04, 0., 6.65778934e-04,
       1.33155787e-03, 3.32889467e-04, 0., 3.32889467e-04,
       6.65778934e-04, 9.98668373e-04, 0., 0., 0., 3.32889467e-04,
       3.32889467e-04, 6.65778934e-04, 0., 0., 3.32889467e-04,
       3.32889467e-04, 6.65778934e-04, 1.33155787e-03, 6.65778934e-04,
       1.33155787e-03, 3.32889467e-04, 3.32889467e-04, 0., 0., 0.,
       1.33155787e-03, 0., 2.66311574e-03, 0., 3.32889473e-03,
