%YAML:1.0
m100n: !!opencv-matrix
   rows: 1
   cols: 800
   dt: f
   data: [ 1.31061603e-03, 4.36872011e-04, 1.31061603e-03,
       1.31061603e-03, 9.39274859e-03, 1.09218003e-03, 0.,
       1.09218003e-03, 6.55308017e-04, 1.74748804e-03, 6.55308017e-04,
       4.36872011e-04, 0., 8.73744022e-04, 8.73744022e-04,
       6.55308017e-04, 1.09218003e-03, 1.74748804e-03, 2.18436006e-04,
       1.31061603e-03, 8.73744022e-04, 1.31061603e-03, 6.55308017e-04,
       1.52905204e-03, 2.18436006e-04, 4.36872011e-04, 0.,
       2.18436006e-04, 2.40279594e-03, 4.36872011e-04, 4.36872011e-04,
       4.36872011e-04, 4.36872011e-04, 5.46090025e-03, 0.,
       6.55308017e-04, 2.18436006e-04, 7.42682442e-03, 4.36872011e-04,
       3.71341221e-03, 6.55308017e-04, 2.18436006e-04, 2.18436006e-04,
       1.96592417e-03, 6.55308017e-04, 6.55308017e-04, 1.09218003e-03,
       1.07033644e-02, 2.18436006e-04, 2.18436006e-04, 1.09218003e-03,
       8.73744022e-04, 6.55308017e-04, 4.36872011e-04, 1.00480560e-02,
       2.18436006e-04, 0., 2.62123207e-03, 4.36872011e-04,
       8.73744022e-04, 1.52905204e-03, 7.64526008e-03, 1.31061603e-03,
       4.36872011e-04, 8.73744022e-04, 6.55308017e-04, 3.27653997e-03,
       5.24246413e-03, 6.11620815e-03, 4.36872011e-04, 1.09218003e-03,
       8.73744022e-04, 8.73744022e-04, 2.18436006e-04, 4.36872011e-04,
       2.18436006e-04, 3.93184833e-03, 7.86369666e-03, 4.36872011e-04,
       2.18436006e-04, 9.61118378e-03, 2.18436006e-04, 1.09218003e-03,
       4.36872011e-03, 8.73744022e-04, 6.55308017e-04, 1.09218003e-03,
       1.31061603e-03, 4.36872011e-04, 6.55308017e-04, 1.09218003e-03,
       2.18436006e-04, 8.73744022e-04, 4.36872011e-04, 2.83966819e-03,
       6.55308017e-04, 2.83966819e-03, 2.83966819e-03, 1.09218003e-03,
       2.18436006e-04, 1.31061603e-03, 4.36872011e-04, 3.27653997e-03,
       2.18436006e-03, 2.40279594e-03, 0., 8.73744022e-04,
       2.18436006e-04, 3.49497609e-03, 1.31061603e-03, 2.18436006e-04,
       1.31061603e-03, 3.71341221e-03, 2.18436006e-04, 1.31061603e-03,
       2.18436006e-04, 1.31061603e-03, 6.55308017e-04, 4.36872011e-04,
       1.31061603e-03, 2.18436006e-04, 4.36872011e-04, 1.09218003e-03,
       4.36872011e-04, 1.96592417e-03, 1.09218003e-03, 2.18436006e-04,
       0., 9.61118378e-03, 1.74748804e-03, 1.09218003e-03,
       8.73744022e-04, 1.96592417e-03, 6.55308017e-04, 8.73744022e-04,
       4.15028399e-03, 6.33464428e-03, 0., 8.73744022e-04,
       7.42682442e-03, 1.74748804e-03, 2.83966819e-03, 1.52905204e-03,
       6.55308017e-04, 4.36872011e-04, 6.55308017e-04, 0.,
       2.18436006e-03, 8.73744022e-04, 1.09218003e-03, 8.73744022e-04,
       8.73744022e-04, 4.36872011e-04, 2.18436006e-04, 1.09218003e-03,
       4.36872011e-04, 6.55308017e-04, 1.52905204e-03, 0., 0.,
       4.36872011e-04, 1.74748804e-03, 1.09218003e-03, 2.62123207e-03,
       6.55308017e-04, 8.73744022e-04, 3.05810408e-03, 1.09218003e-03,
       8.73744022e-04, 2.18436006e-04, 4.36872011e-04, 1.96592417e-03,
       4.36872011e-04, 8.73744022e-04, 1.96592417e-03, 4.36872011e-04,
       4.36872011e-04, 8.73744022e-04, 8.73744022e-04, 0., 0.,
       4.36872011e-04, 4.36872011e-04, 1.52905204e-03, 2.18436006e-04,
       1.31061603e-03, 1.74748804e-03, 4.36872011e-04, 2.18436006e-04,
       2.18436006e-03, 0., 2.18436006e-04, 0., 1.31061603e-03,
       2.18436006e-03, 1.31061603e-03, 2.18436006e-04, 6.55308017e-04,
       4.36872011e-04, 2.18436006e-04, 3.27653997e-03, 6.55308017e-04,
       1.31061603e-03, 8.73744022e-04, 1.31061603e-03, 1.31061603e-03,
       8.73744022e-04, 8.73744022e-04, 6.55308017e-04, 1.09218003e-03,
       4.36872011e-04, 8.73744022e-04, 1.74748804e-03, 4.36872011e-04,
       8.73744022e-04, 1.52905204e-03, 4.36872011e-04, 4.36872011e-04,
       2.18436006e-03, 2.18436006e-04, 1.96592417e-03, 0.,
       4.36872011e-04, 2.83966819e-03, 2.83966819e-03, 1.31061603e-03,
       2.40279594e-03, 8.73744022e-04, 3.71341221e-03, 0.,
       1.52905204e-03, 1.09218003e-03, 1.96592417e-03, 1.74748804e-03,
       4.36872011e-04, 1.31061603e-03, 2.18436006e-04, 2.18436006e-04,
       4.36872011e-04, 0., 1.74748804e-03, 2.18436006e-04,
       1.52905204e-03, 8.73744022e-04, 1.09218003e-03, 2.62123207e-03,
       4.36872011e-04, 4.15028399e-03, 1.31061603e-03, 1.09218003e-03,
       2.18436006e-04, 4.36872011e-04, 2.18436006e-04, 8.73744022e-04,
       1.31061603e-03, 1.09218003e-03, 6.55308017e-04, 1.52905204e-03,
       8.73744022e-04, 6.55308017e-04, 4.36872011e-04, 2.18436006e-04,
       1.52905204e-03, 4.36872011e-04, 2.18436006e-04, 2.62123207e-03,
       1.52905204e-03, 4.36872011e-04, 3.49497609e-03, 6.55308017e-04,
       2.18436006e-04, 0., 6.55308017e-04, 4.36872011e-04,
       8.73744022e-04, 2.18436006e-04, 6.55308017e-04, 1.96592417e-03,
       1.09218003e-03, 8.73744022e-04, 1.15771079e-02, 4.36872011e-04,
       8.73744022e-04, 4.36872011e-04, 1.31061603e-03, 4.36872011e-04,
       8.73744022e-04, 1.09218003e-03, 8.73744022e-04, 2.18436006e-04,
       1.09218003e-03, 8.73744022e-04, 1.31061603e-03, 8.73744022e-04,
       4.15028399e-03, 7.86369666e-03, 6.55308017e-04, 0.,
       1.31061603e-03, 2.18436006e-04, 3.05810408e-03, 6.55308017e-04,
       4.36872011e-04, 4.36872011e-04, 8.73744022e-04, 0.,
       2.18436006e-04, 0., 6.55308017e-04, 8.73744022e-04,
       1.24508524e-02, 4.36872011e-04, 4.36872011e-04, 6.55308017e-04,
       2.18436006e-04, 2.83966819e-03, 0., 1.09218003e-03, 0., 0.,
       8.73744022e-04, 1.09218003e-03, 1.31061603e-03, 0.,
       4.36872011e-04, 1.52905204e-03, 4.36872011e-04, 1.52905204e-03,
       6.55308017e-04, 3.05810408e-03, 4.36872011e-04, 1.31061603e-03,
       1.09218003e-03, 4.36872011e-04, 2.18436006e-04, 1.74748804e-03,
       4.36872011e-04, 1.31061603e-03, 6.55308017e-04, 8.73744022e-04,
       4.36872011e-04, 6.55308017e-04, 1.31061603e-03, 1.09218003e-03,
       2.18436006e-03, 1.09218003e-03, 6.55308017e-04, 4.36872011e-04,
       2.18436006e-04, 8.73744022e-04, 2.40279594e-03, 4.36872011e-04,
       2.62123207e-03, 1.52905204e-03, 2.18436006e-04, 4.36872011e-04,
       2.18436006e-04, 6.55308017e-04, 4.36872011e-04, 3.93184833e-03,
       2.40279594e-03, 2.18436006e-04, 1.31061603e-03, 2.18436006e-04,
       6.55308017e-04, 8.73744022e-04, 2.18436006e-04, 1.31061603e-03,
       6.55308017e-04, 2.18436006e-04, 2.18436006e-04, 8.73744022e-04,
       4.36872011e-04, 1.96592417e-03, 2.18436006e-04, 4.36872011e-04,
       4.36872011e-04, 1.09218003e-03, 6.55308017e-04, 2.18436006e-03,
       8.73744022e-04, 0., 4.36872011e-04, 4.36872011e-04,
       1.52905204e-03, 3.27653997e-03, 2.18436006e-04, 4.36872011e-04,
       0., 8.73744022e-04, 1.74748804e-03, 4.36872011e-04,
       1.52905204e-03, 4.36872011e-04, 6.55308017e-04, 0.,
       4.36872011e-04, 6.55308017e-04, 1.66011360e-02, 4.36872011e-04,
       6.55308017e-04, 6.55308017e-04, 4.36872011e-04, 0.,
       4.36872011e-04, 2.62123207e-03, 8.73744022e-04, 1.09218003e-03,
       8.73744022e-04, 2.18436006e-04, 0., 1.52905204e-03,
       2.18436006e-04, 1.09218003e-03, 2.40279594e-03, 2.18436006e-04,
       2.18436006e-04, 8.73744022e-04, 4.36872011e-04, 4.36872011e-04,
       6.55308017e-04, 2.18436006e-04, 1.26692886e-02, 0.,
       8.73744022e-04, 6.55308017e-04, 1.31061603e-03, 4.36872011e-04,
       2.18436006e-03, 0., 1.31061603e-03, 2.83966819e-03,
       2.18436006e-04, 1.74748804e-03, 1.09218003e-03, 6.55308017e-04,
       8.73744022e-04, 8.73744022e-04, 8.73744022e-04, 2.18436006e-04,
       6.55308017e-04, 2.18436006e-04, 0., 1.09218003e-03,
       3.27653997e-03, 0., 3.27653997e-03, 1.74748804e-03,
       4.36872011e-04, 4.36872011e-04, 1.74748804e-03, 1.09218003e-03,
       4.36872011e-04, 1.52905204e-03, 8.73744022e-04, 2.18436006e-03,
       6.55308017e-04, 8.73744022e-04, 4.36872011e-04, 6.55308017e-04,
       1.09218003e-03, 2.18436006e-04, 1.09218003e-03, 8.73744022e-04,
       4.36872011e-04, 1.52905204e-03, 8.73744022e-04, 1.52905204e-03,
