%YAML:1.0
m100n: !!opencv-matrix
   rows: 1
   cols: 800
   dt: f
   data: [ 0., 2.71528307e-03, 1.16369280e-03, 3.87897599e-04,
       7.75795197e-04, 1.16369280e-03, 3.49107850e-03, 5.04266890e-03,
       8.92164465e-03, 7.75795197e-04, 0., 0., 7.75795197e-04,
       1.93948799e-03, 0., 7.75795197e-04, 2.32738559e-03, 0.,
       1.93948799e-03, 0., 3.87897599e-04, 7.75795197e-04,
       1.93948799e-03, 5.04266890e-03, 2.32738559e-03, 0., 0.,
       3.87897599e-04, 0., 1.55159039e-03, 7.75795197e-04,
       1.55159039e-03, 8.53374694e-03, 3.87897599e-04, 3.87897599e-04,
       7.75795197e-04, 3.87897599e-04, 3.87897599e-04, 3.87897599e-04,
       2.32738559e-03, 1.16369280e-03, 2.71528307e-03, 0.,
       4.26687347e-03, 3.87897599e-04, 1.55159039e-03, 1.93948799e-03,
       3.87897599e-04, 0., 1.55159039e-03, 7.75795197e-04,
       3.87897599e-04, 1.16369280e-03, 1.16369280e-03, 1.16369280e-03,
       7.75795197e-04, 3.87897599e-04, 2.32738559e-03, 3.87897599e-04,
       1.16369280e-03, 2.71528307e-03, 4.26687347e-03, 7.75795197e-04,
       0., 6.98215701e-03, 7.75795197e-04, 1.93948799e-03,
       3.87897599e-04, 3.87897599e-04, 7.75795197e-04, 1.93948799e-03,
       7.75795197e-04, 3.87897599e-04, 7.75795197e-04, 7.75795197e-04,
       7.75795197e-04, 2.71528307e-03, 1.55159039e-03, 3.10318079e-03,
       7.75795197e-04, 1.93948799e-03, 1.55159039e-03, 5.81846386e-03,
       1.16369280e-03, 3.87897599e-04, 3.87897599e-04, 7.75795197e-04,
       1.35764163e-02, 3.87897599e-04, 1.16369280e-03, 1.93948799e-03,
       3.87897599e-04, 3.87897599e-04, 3.87897599e-04, 3.87897599e-04,
       1.55159039e-03, 1.16369280e-03, 0., 1.55159039e-03,
       7.75795197e-04, 1.55159039e-03, 3.10318079e-03, 3.87897599e-04,
       3.10318079e-03, 2.71528307e-03, 1.55159039e-03, 3.87897599e-04,
       1.16369280e-03, 3.87897599e-04, 1.93948799e-03, 3.87897599e-04,
       3.87897599e-04, 1.55159039e-03, 2.32738559e-03, 1.16369280e-03,
       4.65477118e-03, 7.75795197e-04, 0., 1.31885186e-02,
       7.75795197e-04, 7.75795197e-04, 3.87897599e-04, 3.87897599e-04,
       1.16369280e-03, 3.87897599e-04, 1.16369280e-03, 8.14584922e-03,
       0., 0., 7.75795197e-04, 0., 1.55159039e-03, 1.16369280e-03,
       2.32738559e-03, 3.87897599e-04, 1.93948799e-03, 1.16369280e-03,
       1.16369280e-03, 3.49107850e-03, 7.75795197e-04, 1.55159039e-03,
       3.87897599e-04, 1.16369280e-03, 1.16369280e-03, 5.43056615e-03,
       3.87897599e-04, 0., 3.49107850e-03, 2.32738559e-03,
       2.32738559e-03, 3.87897599e-04, 1.55159039e-03, 7.75795197e-04,
       0., 3.87897599e-04, 3.49107850e-03, 0., 1.55159039e-03,
       7.75795197e-04, 1.16369280e-03, 1.93948799e-03, 1.55159039e-03,
       3.87897599e-04, 1.55159039e-03, 0., 0., 3.87897599e-04,
       1.16369280e-03, 1.16369280e-03, 1.93948799e-03, 1.16369280e-03,
       0., 1.55159039e-03, 3.87897599e-04, 3.87897599e-04,
       1.16369280e-03, 1.16369280e-03, 7.75795197e-04, 1.16369280e-03,
       3.87897599e-04, 3.87897599e-03, 1.93948799e-03, 8.92164465e-03,
       1.93948799e-03, 7.75795197e-04, 1.55159039e-03, 2.71528307e-03,
       2.32738559e-03, 0., 1.93948799e-03, 7.75795197e-04,
       1.93948799e-03, 1.55159039e-03, 0., 7.75795197e-04,
       2.71528307e-03, 5.04266890e-03, 0., 7.75795197e-04,
       1.93948799e-03, 3.87897599e-04, 7.75795197e-04, 1.55159039e-03,
       3.87897599e-04, 4.26687347e-03, 0., 7.75795197e-04,
       3.87897599e-04, 7.75795197e-04, 1.16369280e-03, 7.75795197e-04,
       1.08611323e-02, 7.75795197e-04, 5.04266890e-03, 7.75795197e-04,
       1.93948799e-03, 1.16369280e-03, 7.75795197e-04, 1.16369280e-03,
       2.71528307e-03, 3.87897599e-04, 1.16369280e-03, 3.87897599e-04,
       1.55159039e-03, 7.75795197e-04, 0., 3.87897599e-04,
       3.87897599e-04, 1.16369280e-03, 0., 2.71528307e-03,
       3.87897599e-04, 3.87897599e-04, 0., 7.75795197e-04,
       3.87897599e-04, 1.16369280e-03, 2.71528307e-03, 7.75795197e-04,
       0., 7.75795197e-04, 7.75795197e-04, 0., 0., 3.87897599e-04,
       1.16369280e-03, 3.87897599e-03, 2.32738559e-03, 3.87897599e-04,
       3.87897599e-04, 0., 1.55159039e-03, 3.87897599e-04,
       3.87897599e-04, 3.87897599e-04, 7.75795197e-04, 0.,
       1.55159039e-03, 3.87897599e-04, 3.87897599e-04, 2.32738559e-03,
       0., 3.49107850e-03, 1.93948799e-03, 2.32738559e-03,
       1.16369280e-03, 7.75795197e-04, 2.71528307e-03, 3.87897599e-04,
       0., 0., 1.55159039e-03, 0., 7.75795197e-04, 1.16369280e-03,
       3.87897599e-04, 3.87897599e-04, 1.16369280e-03, 1.16369280e-03,
       0., 1.55159039e-03, 7.75795197e-04, 7.75795197e-04,
       3.87897599e-04, 1.16369280e-03, 1.55159039e-03, 1.16369280e-03,
       3.10318079e-03, 7.75795197e-04, 3.87897599e-04, 0.,
       1.16369280e-03, 1.55159039e-03, 7.75795197e-04, 5.04266890e-03,
       1.93948799e-03, 1.93948799e-03, 7.75795197e-04, 3.87897599e-04,
       3.10318079e-03, 1.16369280e-03, 7.75795197e-04, 7.75795197e-04,
       4.65477118e-03, 2.71528307e-03, 3.87897599e-04, 3.87897599e-04,
       1.55159039e-03, 0., 3.87897599e-04, 7.75795197e-04,
       3.87897599e-04, 1.93948799e-03, 0., 3.87897599e-04,
       1.16369280e-03, 1.55159039e-03, 3.87897599e-04, 3.87897599e-04,
       1.55159039e-03, 1.16369280e-03, 1.16369280e-03, 1.16369280e-03,
       1.55159039e-03, 0., 1.55159039e-03, 7.75795197e-04,
       7.75795197e-04, 0., 0., 3.87897599e-04, 1.16369280e-03,
       7.75795197e-04, 2.32738559e-03, 7.75795197e-04, 0.,
       1.93948799e-03, 7.75795197e-04, 0., 3.87897599e-04,
       3.87897599e-04, 1.93948799e-03, 1.55159039e-03, 7.75795197e-04,
       0., 1.55159039e-03, 0., 3.87897599e-04, 7.75795197e-04,
       1.93948799e-03, 7.75795197e-04, 0., 0., 3.87897599e-04, 0.,
       2.32738559e-03, 3.87897599e-04, 2.32738559e-03, 1.55159039e-03,
       3.10318079e-03, 7.75795197e-04, 3.87897599e-04, 7.75795197e-04,
       3.87897599e-04, 3.49107850e-03, 0., 4.26687347e-03,
       6.98215701e-03, 1.55159039e-03, 7.75795197e-04, 0.,
       3.87897599e-04, 3.87897599e-04, 1.16369280e-03, 1.93948799e-03,
       1.55159039e-03, 3.87897599e-04, 4.26687347e-03, 0., 0.,
       1.55159039e-03, 1.16369280e-03, 1.16369280e-03, 0.,
       1.93948799e-03, 0., 0., 3.10318079e-03, 3.87897599e-04,
       1.16369280e-03, 2.71528307e-03, 1.16369280e-03, 4.65477118e-03,
       0., 1.55159039e-03, 1.55159039e-03, 1.55159039e-03, 0.,
       1.93948799e-03, 2.71528307e-03, 7.75795197e-04, 3.87897599e-04,
       3.87897599e-04, 0., 0., 3.87897599e-04, 7.75795197e-04,
       7.75795197e-04, 1.16369280e-03, 0., 2.32738559e-03,
       7.75795197e-04, 6.20636158e-03, 3.49107850e-03, 3.87897599e-04,
       7.75795197e-04, 3.87897599e-04, 1.16369280e-03, 3.87897599e-04,
       1.55159039e-03, 0., 7.75795197e-04, 7.75795197e-04,
       7.75795197e-04, 1.55159039e-03, 2.32738559e-03, 7.75795197e-04,
       1.93948799e-03, 3.87897599e-04, 0., 1.93948799e-03,
       7.75795197e-04, 2.71528307e-03, 3.87897599e-04, 3.10318079e-03,
       0., 0., 1.93948799e-03, 0., 3.87897599e-04, 3.10318079e-03,
       1.16369280e-03, 3.87897599e-04, 3.87897599e-04, 0.,
       1.55159039e-03, 7.75795197e-04, 1.16369280e-03, 3.87897599e-04,
       3.87897599e-04, 3.87897599e-04, 3.87897599e-04, 1.16369280e-03,
       3.87897599e-04, 3.49107850e-03, 1.55159039e-03, 3.87897599e-04,
       3.87897599e-04, 7.75795197e-04, 1.93948799e-03, 0.,
       3.87897599e-04, 2.32738559e-03, 2.71528307e-03, 1.93948799e-03,
       3.87897599e-04, 3.87897599e-03, 1.55159039e-03, 3.87897599e-04,
       3.87897599e-04, 4.65477118e-03, 1.16369280e-03, 3.87897599e-04,
       1.16369280e-03, 1.55159039e-03, 0., 7.75795197e-04,
       2.32738559e-03, 2.71528307e-03, 0., 5.81846386e-03,
       1.16369280e-03, 3.87897599e-04, 1.55159039e-03, 0.,
       1.55159039e-03, 3.87897599e-04, 3.87897599e-04, 3.87897599e-04,
       7.75795197e-04, 0., 3.87897599e-04, 7.75795197e-04,
       3.87897599e-04, 3.87897599e-04, 3.87897599e-04, 7.75795197e-04,
