%YAML:1.0
m100n: !!opencv-matrix
   rows: 1
   cols: 800
   dt: f
   data: [ 1.83688465e-03, 0., 5.51065383e-03, 1.10213074e-03,
       1.46950770e-03, 3.67376924e-04, 2.57163844e-03, 7.34753849e-04,
       0., 1.46950770e-03, 4.04114602e-03, 6.98016165e-03,
       7.34753849e-04, 3.67376924e-04, 7.34753849e-04, 3.67376924e-04,
       3.67376924e-04, 1.46950770e-03, 0., 0., 3.67376924e-04,
       1.10213074e-03, 7.34753849e-04, 1.46950770e-03, 1.72667149e-02,
       0., 7.34753849e-04, 7.34753849e-04, 7.34753849e-04,
       7.34753849e-04, 2.93901539e-03, 1.10213074e-03, 3.67376924e-04,
       3.67376924e-04, 3.67376924e-04, 3.67376924e-04, 7.34753849e-04,
       3.67376924e-04, 7.34753849e-04, 2.20426149e-03, 3.67376924e-04,
       1.46950770e-03, 1.83688465e-03, 1.46950770e-03, 1.10213074e-03,
       1.10213074e-03, 7.34753849e-04, 1.10213074e-03, 1.10213074e-03,
       1.83688465e-03, 0., 7.34753849e-04, 0., 2.57163844e-03,
       3.67376924e-04, 2.57163844e-03, 3.67376930e-03, 1.46950770e-03,
       3.67376924e-04, 3.67376924e-04, 1.10213074e-03, 1.83688465e-03,
       1.83688465e-03, 7.34753849e-04, 7.34753849e-04, 3.67376924e-04,
       3.67376924e-04, 0., 3.67376924e-04, 1.46950770e-03,
       7.34753849e-04, 7.34753849e-04, 7.34753849e-04, 7.34753849e-04,
       4.77589993e-03, 1.10213074e-03, 3.67376924e-04, 1.10213074e-03,
       7.34753849e-04, 3.67376924e-04, 3.67376924e-04, 7.34753849e-04,
       3.67376924e-04, 7.34753849e-04, 0., 3.67376930e-03,
       1.83688465e-03, 1.46950770e-03, 0., 1.46950770e-03,
       7.34753849e-04, 1.10213074e-03, 0., 1.10213074e-03,
       3.67376924e-04, 1.10213074e-03, 3.67376924e-04, 3.67376924e-04,
       0., 7.34753849e-04, 1.83688465e-03, 0., 3.67376924e-04,
       2.20426149e-03, 3.67376924e-04, 1.10213074e-03, 2.20426149e-03,
       0., 1.10213074e-03, 3.67376924e-04, 1.10213074e-03, 0.,
       7.34753849e-04, 1.46950770e-03, 1.83688465e-03, 7.34753849e-04,
       1.10213074e-03, 1.10213074e-03, 8.08229204e-03, 1.83688465e-03,
       6.98016165e-03, 0., 1.10213074e-03, 3.67376924e-04,
       1.10213074e-03, 3.67376924e-04, 1.10213074e-03, 1.10213074e-03,
       3.67376924e-04, 7.34753849e-04, 7.34753849e-04, 4.77589993e-03,
       4.04114602e-03, 0., 3.67376924e-04, 1.57972071e-02,
       3.67376924e-04, 0., 7.34753849e-04, 3.67376924e-04,
       3.30639235e-03, 2.93901539e-03, 1.10213074e-03, 7.34753849e-04,
       7.34753849e-04, 7.34753849e-04, 1.83688465e-03, 1.83688465e-03,
       0., 0., 3.67376924e-04, 3.30639235e-03, 1.10213074e-03,
       2.20426149e-03, 0., 1.83688465e-03, 3.67376924e-04,
       1.46950770e-03, 3.67376924e-04, 0., 3.67376924e-04,
       1.10213074e-03, 0., 7.34753849e-04, 7.34753849e-04,
       7.34753849e-04, 0., 1.46950770e-03, 1.83688465e-03,
       1.46950770e-03, 1.10213074e-03, 7.34753849e-04, 3.67376924e-04,
       7.34753849e-04, 3.67376924e-04, 1.10213074e-03, 0.,
       2.05731075e-02, 7.34753849e-04, 1.46950770e-03, 5.14327688e-03,
       1.46950770e-03, 3.67376924e-04, 1.46950770e-03, 0.,
       7.34753849e-04, 7.34753849e-04, 7.34753849e-04, 1.46950770e-03,
       8.81704595e-03, 4.40852297e-03, 2.57163844e-03, 4.40852297e-03,
       1.10213074e-03, 3.67376924e-04, 7.34753849e-04, 0., 0.,
       1.10213074e-03, 0., 7.34753849e-04, 5.87803079e-03,
       5.87803079e-03, 8.44966900e-03, 1.10213074e-03, 1.10213074e-03,
       0., 1.46950770e-03, 3.67376930e-03, 3.30639235e-03,
       3.67376924e-04, 0., 2.57163844e-03, 1.10213074e-03,
       3.67376930e-03, 1.83688465e-03, 1.10213074e-03, 1.83688465e-03,
       1.83688465e-03, 1.10213074e-03, 7.34753849e-04, 1.46950770e-03,
       7.34753849e-04, 1.10213074e-03, 0., 3.67376924e-04,
       2.57163844e-03, 0., 2.20426149e-03, 1.10213074e-03,
       2.93901539e-03, 1.10213074e-03, 2.57163844e-03, 2.20426149e-03,
       1.46950770e-03, 3.30639235e-03, 2.20426149e-03, 7.34753849e-04,
       1.46950770e-03, 7.34753849e-04, 1.46950770e-03, 3.67376930e-03,
       1.10213074e-03, 9.18442290e-03, 7.34753849e-04, 1.10213074e-03,
       4.40852297e-03, 7.34753849e-04, 3.67376924e-04, 0.,
       7.34753849e-04, 1.10213074e-03, 3.67376924e-04, 3.67376924e-04,
       3.67376924e-04, 3.67376924e-04, 2.20426149e-03, 1.46950770e-03,
       2.20426149e-03, 7.34753849e-04, 2.57163844e-03, 1.46950770e-03,
       1.10213074e-03, 3.67376924e-04, 3.67376924e-04, 0.,
       1.83688465e-03, 4.04114602e-03, 2.20426149e-03, 3.67376924e-04,
       5.51065383e-03, 0., 1.46950770e-03, 1.10213074e-03, 0.,
       7.34753849e-04, 1.10213074e-03, 1.10213074e-03, 2.20426149e-03,
       3.67376924e-04, 6.98016165e-03, 0., 1.83688465e-03,
       3.67376924e-04, 7.34753849e-04, 3.67376924e-04, 1.83688465e-03,
       0., 3.67376924e-04, 7.34753849e-04, 3.67376924e-04, 0., 0.,
       3.67376924e-04, 0., 1.10213074e-03, 7.34753849e-04,
       3.67376924e-04, 7.34753849e-04, 3.67376924e-04, 1.46950770e-03,
       2.20426149e-03, 2.20426149e-03, 7.34753849e-04, 3.67376924e-04,
       3.67376924e-04, 0., 2.57163844e-03, 7.34753849e-04,
       1.10213074e-03, 2.93901539e-03, 3.67376924e-04, 4.04114602e-03,
       1.46950770e-03, 1.10213074e-03, 1.10213074e-03, 7.34753849e-04,
       7.34753849e-04, 0., 0., 1.46950770e-03, 7.34753849e-04,
       3.67376924e-04, 7.34753849e-04, 3.67376924e-04, 2.93901539e-03,
       3.67376924e-04, 2.57163844e-03, 0., 1.10213074e-03,
       1.10213074e-03, 0., 2.20426149e-03, 4.04114602e-03,
       7.34753849e-04, 1.83688465e-03, 3.67376924e-04, 3.67376924e-04,
       1.83688465e-03, 3.67376924e-04, 1.83688465e-03, 0.,
       7.34753849e-04, 3.67376924e-04, 1.83688465e-03, 1.10213074e-03,
       0., 0., 1.10213074e-03, 2.20426149e-03, 3.67376924e-04,
       3.67376924e-04, 1.10213074e-03, 3.67376924e-04, 3.67376930e-03,
       7.34753849e-04, 7.34753849e-04, 0., 7.34753849e-04,
       7.34753849e-04, 7.34753849e-04, 0., 7.34753849e-04,
       3.67376924e-04, 0., 3.67376924e-04, 1.46950770e-03,
       1.10213074e-03, 2.93901539e-03, 1.46950770e-03, 2.57163844e-03,
       1.46950770e-03, 3.67376924e-04, 3.67376924e-04, 3.67376924e-04,
       1.10213074e-03, 0., 1.10213074e-03, 3.30639235e-03,
       7.34753849e-04, 1.10213074e-03, 1.10213074e-03, 7.34753849e-04,
       0., 7.34753849e-04, 3.67376924e-04, 1.10213074e-03,
       4.77589993e-03, 3.30639235e-03, 2.93901539e-03, 7.71491555e-03,
       7.34753860e-03, 0., 1.10213074e-03, 7.34753849e-04,
       1.46950770e-03, 1.46950770e-03, 2.20426149e-03, 2.20426149e-03,
       2.20426149e-03, 0., 3.67376924e-04, 0., 1.10213074e-03,
       1.10213074e-03, 1.46950770e-03, 1.10213074e-03, 1.10213074e-03,
       1.83688465e-03, 3.67376924e-04, 2.20426149e-03, 0.,
       3.67376924e-04, 3.67376924e-04, 1.10213074e-03, 5.51065383e-03,
       1.10213074e-03, 1.10213074e-03, 7.34753849e-04, 7.34753849e-04,
       7.34753860e-03, 7.34753849e-04, 3.67376924e-04, 1.83688465e-03,
       1.10213074e-03, 1.10213074e-03, 3.67376924e-04, 0.,
       2.20426149e-03, 1.83688465e-03, 1.83688465e-03, 7.34753849e-04,
       7.34753849e-04, 0., 4.77589993e-03, 3.67376924e-04,
       7.34753849e-04, 1.83688465e-03, 3.67376924e-04, 1.10213074e-03,
       0., 0., 7.34753849e-04, 1.10213074e-03, 5.14327688e-03, 0.,
       5.87803079e-03, 7.34753849e-04, 0., 3.67376924e-04,
       3.67376924e-04, 0., 2.20426149e-03, 4.04114602e-03,
       7.34753849e-04, 7.34753849e-04, 7.34753849e-04, 3.67376924e-04,
       3.67376924e-04, 7.34753849e-04, 0., 1.10213074e-03,
       2.20426149e-03, 7.34753849e-04, 0., 3.67376924e-04,
       1.83688465e-03, 3.30639235e-03, 2.57163844e-03, 2.20426149e-03,
       1.10213074e-03, 7.34753849e-04, 0., 1.46950770e-03, 0.,
       7.34753849e-04, 3.67376924e-04, 3.67376924e-04, 4.04114602e-03,
       1.46950770e-03, 3.67376924e-04, 1.10213074e-03, 1.10213074e-03,
       2.20426149e-03, 3.67376924e-04, 1.10213074e-03, 2.93901539e-03,
       7.34753849e-04, 1.46950770e-03, 7.34753849e-04, 1.46950770e-03,
       7.34753849e-04, 7.34753849e-04, 7.34753849e-04, 3.67376924e-04,
