%YAML:1.0
m100n: !!opencv-matrix
   rows: 1
   cols: 800
   dt: f
   data: [ 3.94011033e-04, 7.88022066e-04, 7.88022066e-04, 0.,
       1.18203310e-03, 0., 0., 0., 0., 3.94011033e-04, 7.88022066e-04,
       1.18203310e-03, 2.36406620e-03, 1.18203310e-03, 0.,
       1.18203310e-03, 1.18203310e-03, 7.88022066e-04, 3.54609918e-03,
       2.75807735e-03, 0., 2.75807735e-03, 1.18203310e-03,
       7.48620974e-03, 7.88022066e-04, 0., 1.57604413e-03,
       7.88022066e-04, 1.18203310e-03, 2.08825842e-02, 2.75807735e-03,
       7.88022066e-04, 2.75807735e-03, 7.88022066e-04, 3.94011033e-04,
       2.75807735e-03, 0., 0., 1.57604413e-03, 3.94011033e-04,
       3.94011033e-04, 0., 1.97005505e-03, 0., 7.88022066e-04,
       1.18203310e-03, 3.94011033e-04, 2.75807735e-03, 1.18203310e-03,
       3.94011033e-04, 3.94011033e-04, 7.88022066e-04, 1.57604413e-03,
       3.94011033e-04, 3.94011033e-04, 0., 0., 4.72813239e-03,
       1.57604413e-03, 3.94011033e-04, 1.97005505e-03, 7.88022066e-04,
       1.18203310e-03, 3.94011033e-04, 7.88022066e-04, 0.,
       3.94011033e-04, 1.57604413e-03, 2.36406620e-03, 7.88022066e-04,
       7.88022066e-04, 3.94011033e-04, 3.94011033e-04, 3.94011033e-04,
       1.18203310e-03, 1.97005505e-03, 3.94011033e-04, 0.,
       1.97005505e-03, 3.15208826e-03, 0., 0., 1.97005505e-03,
       7.88022066e-04, 3.94011033e-04, 3.94011033e-04, 1.57604413e-03,
       3.94011033e-04, 1.57604413e-03, 7.88022066e-04, 3.94011033e-04,
       0., 0., 0., 7.88022066e-04, 1.18203310e-03, 0., 1.97005505e-03,
       7.88022066e-04, 0., 1.57604413e-03, 3.94011033e-04,
       7.88022066e-04, 2.36406620e-03, 0., 3.94011009e-03,
       3.15208826e-03, 3.54609918e-03, 1.57604413e-03, 0.,
       4.33412148e-03, 7.88022066e-04, 4.33412148e-03, 1.18203310e-03,
       1.57604413e-03, 0., 3.15208826e-03, 0., 7.88022066e-04, 0.,
       1.97005505e-03, 1.97005505e-03, 0., 0., 1.18203310e-03,
       3.15208826e-03, 7.88022066e-04, 7.88022066e-04, 5.12214331e-03,
       3.94011033e-04, 2.75807735e-03, 3.94011033e-04, 1.57604413e-03,
       2.36406620e-03, 1.57604413e-03, 3.94011033e-04, 3.94011033e-04,
       3.94011033e-04, 7.88022066e-04, 7.88022066e-04, 2.75807735e-03,
       1.97005505e-03, 3.94011033e-04, 3.94011033e-04, 3.94011033e-04,
       0., 0., 7.88022066e-04, 0., 7.88022066e-04, 4.72813239e-03,
       7.88022066e-04, 2.75807735e-03, 1.97005505e-03, 2.36406620e-03,
       0., 3.15208826e-03, 3.94011033e-04, 0., 1.97005505e-03,
       7.88022066e-04, 3.15208826e-03, 2.36406620e-03, 2.75807735e-03,
       1.18203310e-03, 0., 0., 1.18203310e-03, 3.94011033e-04, 0.,
       7.88022066e-04, 5.91016561e-03, 1.57604413e-03, 3.94011033e-04,
       1.18203310e-03, 6.30417652e-03, 0., 1.97005505e-03,
       3.94011009e-03, 3.94011033e-04, 1.97005505e-03, 1.57604413e-03,
       1.18203310e-03, 7.88022066e-04, 1.18203310e-03, 0.,
       1.18203310e-03, 3.94011033e-04, 3.94011033e-04, 3.94011033e-04,
       1.97005505e-03, 3.94011033e-04, 2.75807735e-03, 2.75807735e-03,
       7.88022066e-04, 7.88022066e-04, 1.57604413e-03, 2.36406620e-03,
       3.94011033e-04, 1.57604413e-03, 1.18203310e-03, 0.,
       1.97005505e-03, 2.36406620e-03, 0., 1.97005505e-03,
       1.18203310e-03, 0., 7.88022066e-04, 3.94011033e-04, 0.,
       1.97005505e-03, 0., 0., 1.57604413e-03, 1.57604413e-03,
       3.94011033e-04, 3.94011033e-04, 1.18203310e-03, 7.88022066e-04,
       1.97005505e-03, 7.88022066e-04, 1.57604413e-03, 3.94011033e-04,
       3.15208826e-03, 0., 2.36406620e-03, 1.57604413e-03,
       3.94011033e-04, 2.36406620e-03, 1.97005505e-03, 3.94011033e-04,
       3.94011033e-04, 2.36406620e-03, 1.57604413e-03, 3.15208826e-03,
       4.72813239e-03, 1.57604413e-03, 7.88022066e-04, 1.97005505e-03,
       3.94011033e-04, 1.97005505e-03, 1.18203310e-03, 5.51615469e-03,
       0., 1.97005505e-03, 3.94011033e-04, 1.57604413e-03,
       3.94011033e-04, 3.94011033e-04, 4.33412148e-03, 3.94011033e-04,
       3.94011009e-03, 1.18203310e-03, 3.54609918e-03, 7.88022066e-04,
       1.97005505e-03, 1.57604413e-03, 1.57604413e-03, 2.36406620e-03,
       7.88022066e-04, 1.57604413e-03, 0., 1.57604413e-03,
       1.57604413e-03, 3.94011033e-04, 1.97005505e-03, 0., 0.,
       3.94011033e-04, 4.72813239e-03, 3.94011033e-04, 3.94011033e-04,
       2.75807735e-03, 3.54609918e-03, 1.57604413e-03, 7.88022066e-04,
       7.88022066e-04, 0., 1.97005505e-03, 3.94011033e-04,
       7.88022066e-04, 1.18203310e-03, 0., 7.88022066e-04,
       1.57604413e-03, 1.97005505e-03, 3.94011033e-04, 0.,
       7.88022066e-04, 1.97005505e-03, 7.88022066e-04, 7.88022066e-04,
       2.36406620e-03, 1.57604413e-03, 3.94011033e-04, 3.94011033e-04,
       3.94011033e-04, 3.94011033e-04, 0., 7.88022066e-04,
       3.94011033e-04, 2.75807735e-03, 1.57604413e-03, 7.88022066e-04,
       0., 1.97005505e-03, 0., 7.88022066e-04, 0., 1.18203310e-03,
       1.18203310e-03, 4.72813239e-03, 1.57604413e-03, 0.,
       1.97005505e-03, 2.36406620e-03, 1.57604413e-03, 7.88022066e-04,
       0., 3.94011033e-04, 0., 1.97005505e-03, 3.94011033e-04,
       3.94011033e-04, 7.88022066e-04, 1.18203310e-03, 1.18203310e-03,
       3.94011033e-04, 3.94011033e-04, 3.94011033e-04, 1.18203310e-03,
       3.15208826e-03, 1.97005505e-03, 7.88022066e-04, 2.36406620e-03,
       7.88022066e-04, 7.88022066e-04, 1.18203310e-03, 7.88022066e-04,
       7.88022066e-04, 1.18203310e-03, 1.57604413e-03, 7.88022066e-04,
       1.18203310e-03, 0., 3.94011033e-04, 3.94011033e-04,
       7.88022066e-04, 3.94011033e-04, 2.75807735e-03, 0., 0.,
       2.75807735e-03, 0., 3.15208826e-03, 3.15208826e-03,
       1.57604413e-03, 3.15208826e-03, 2.75807735e-03, 1.18203310e-03,
       2.36406620e-03, 1.18203310e-03, 0., 7.88022066e-04,
       4.72813239e-03, 7.88022066e-04, 3.94011033e-04, 1.18203310e-03,
       3.94011033e-04, 4.72813239e-03, 2.75807735e-03, 3.94011033e-04,
       1.18203310e-03, 3.94011009e-03, 2.75807735e-03, 0.,
       1.18203310e-03, 0., 1.18203310e-03, 5.51615469e-03,
       3.94011033e-04, 2.36406620e-03, 7.88022066e-04, 3.94011033e-04,
       7.88022066e-04, 3.94011033e-04, 1.57604413e-03, 0.,
       7.88022066e-04, 1.57604413e-03, 4.33412148e-03, 1.18203310e-03,
       5.91016561e-03, 1.57604413e-03, 3.94011033e-04, 3.94011033e-04,
       3.94011033e-04, 3.94011009e-03, 3.94011033e-04, 3.94011033e-04,
       3.94011033e-04, 1.18203310e-03, 1.97005505e-03, 1.18203310e-03,
       2.36406620e-03, 7.88022066e-04, 7.88022066e-04, 1.97005505e-03,
       0., 7.88022066e-04, 0., 0., 3.94011033e-04, 3.94011033e-04, 0.,
       7.88022066e-04, 1.57604413e-03, 0., 2.36406620e-03,
       1.57604413e-03, 3.94011033e-04, 1.97005505e-03, 3.94011033e-04,
       1.18203310e-03, 2.75807735e-03, 1.57604413e-03, 1.57604413e-03,
       0., 2.36406620e-03, 1.18203310e-03, 1.97005505e-03,
       2.36406620e-03, 3.94011033e-04, 1.18203310e-03, 2.36406620e-03,
       3.94011033e-04, 1.18203310e-03, 7.88022066e-04, 3.94011033e-04,
       3.54609918e-03, 0., 1.18203310e-03, 1.97005505e-03,
       1.57604413e-03, 7.88022066e-04, 1.57604413e-03, 7.88022066e-04,
       0., 7.88022066e-04, 1.18203310e-03, 3.94011033e-04,
       3.94011033e-04, 4.33412148e-03, 1.97005505e-03, 7.88022066e-04,
       5.12214331e-03, 1.18203310e-03, 1.57604413e-03, 1.18203310e-03,
       2.36406620e-03, 3.94011033e-04, 1.97005505e-03, 1.97005505e-03,
       2.36406620e-03, 0., 3.94011033e-04, 3.94011033e-04, 0.,
       1.97005505e-03, 0., 0., 1.18203310e-03, 1.18203310e-03,
       3.94011033e-04, 0., 1.18203310e-03, 0., 1.18203310e-03,
       3.15208826e-03, 7.88022066e-04, 7.88022066e-04, 7.88022066e-04,
       7.88022066e-04, 3.94011033e-04, 3.94011033e-04, 7.88022066e-04,
       7.88022066e-04, 0., 0., 1.97005505e-03, 1.18203310e-03,
       3.94011033e-04, 1.18203310e-03, 3.94011033e-04, 3.54609918e-03,
       7.88022066e-04, 7.88022066e-04, 1.18203310e-03, 3.94011033e-04,
       1.18203310e-03, 0., 9.45626479e-03, 3.94011033e-04,
       1.18203310e-03, 7.48620974e-03, 1.57604413e-03, 1.97005505e-03,
