%YAML:1.0
m100n: !!opencv-matrix
   rows: 1
   cols: 800
   dt: f
   data: [ 0., 4.51467262e-04, 2.25733640e-03, 2.25733640e-03,
       4.51467262e-04, 0., 4.51467262e-04, 4.51467262e-04, 0.,
       2.25733640e-03, 9.02934524e-04, 4.51467262e-04, 0.,
       9.02934524e-04, 2.25733640e-03, 1.35440181e-03, 2.70880363e-03,
       0., 9.02934524e-04, 3.16027086e-03, 0., 9.02934524e-04,
       1.35440181e-03, 9.02934524e-04, 0., 0., 2.25733640e-03, 0.,
       1.35440181e-03, 4.51467262e-04, 2.25733640e-03, 1.80586905e-03,
       3.61173810e-03, 3.16027086e-03, 0., 1.35440181e-03,
       1.35440181e-03, 0., 9.02934524e-04, 0., 4.51467262e-04, 0.,
       1.35440181e-03, 0., 1.80586905e-03, 4.51467279e-03,
       9.02934524e-04, 1.80586905e-03, 1.80586905e-03, 0.,
       9.02934524e-04, 9.02934524e-04, 1.35440181e-03, 0.,
       4.51467262e-04, 0., 4.51467262e-04, 9.02934524e-04,
       4.51467262e-04, 1.35440181e-03, 6.32054172e-03, 0.,
       9.02934524e-04, 2.25733640e-03, 0., 0., 4.51467262e-04,
       9.02934524e-04, 1.35440181e-03, 9.02934524e-04, 4.06320533e-03,
       4.51467262e-04, 1.80586905e-03, 4.51467262e-04, 0.,
       2.70880363e-03, 2.25733640e-03, 0., 1.80586905e-03,
       7.22347619e-03, 7.22347619e-03, 9.02934524e-04, 2.25733640e-03,
       9.02934524e-04, 1.80586905e-03, 9.02934559e-03, 0.,
       2.25733640e-03, 9.02934524e-04, 1.80586905e-03, 0., 0., 0., 0.,
       1.35440181e-03, 3.61173810e-03, 0., 2.25733640e-03,
       9.02934524e-04, 0., 4.51467262e-04, 9.02934524e-04,
       3.16027086e-03, 0., 0., 3.16027086e-03, 1.35440181e-03,
       1.80586905e-03, 1.35440181e-03, 9.02934524e-04, 6.77200872e-03,
       1.35440181e-03, 9.02934524e-04, 0., 1.35440181e-03, 0.,
       1.48984194e-02, 4.51467262e-04, 6.77200872e-03, 4.51467262e-04,
       4.51467262e-04, 9.02934524e-04, 9.02934524e-04, 2.25733640e-03,
       0., 2.25733640e-03, 0., 0., 1.35440181e-03, 4.51467262e-04,
       9.02934524e-04, 4.51467262e-04, 1.35440181e-03, 7.22347619e-03,
       4.51467262e-04, 4.51467262e-04, 4.51467262e-04, 0.,
       9.02934524e-04, 1.35440181e-03, 1.35440181e-03, 4.51467262e-04,
       0., 9.02934524e-04, 4.51467262e-04, 0., 9.02934524e-04,
       2.70880363e-03, 0., 1.35440181e-03, 4.51467262e-04, 0.,
       4.51467262e-04, 0., 1.35440181e-03, 4.51467262e-04,
       4.51467262e-04, 0., 0., 4.51467262e-04, 0., 1.80586905e-03,
       2.70880363e-03, 9.02934524e-04, 9.02934524e-04, 4.51467262e-04,
       4.51467262e-04, 9.02934524e-04, 1.35440181e-03, 4.51467262e-04,
       1.35440181e-03, 1.80586905e-03, 0., 0., 1.35440181e-03,
       2.25733640e-03, 0., 1.35440181e-03, 6.77200872e-03, 0.,
       1.35440181e-03, 9.02934524e-04, 1.35440181e-03, 1.35440181e-03,
       0., 0., 9.02934524e-04, 0., 1.35440181e-03, 0., 4.06320533e-03,
       1.35440181e-03, 1.35440181e-03, 3.61173810e-03, 0.,
       3.16027086e-03, 0., 0., 4.51467262e-04, 2.25733640e-03,
       1.35440181e-03, 0., 9.02934524e-04, 0., 3.16027086e-03, 0.,
       3.16027086e-03, 9.02934524e-04, 4.51467262e-04, 0.,
       4.51467262e-04, 2.70880363e-03, 0., 1.35440181e-03,
       2.25733640e-03, 1.80586905e-03, 4.51467262e-04, 0.,
       2.70880363e-03, 1.35440181e-03, 1.35440181e-03, 9.02934524e-04,
       3.61173810e-03, 4.51467262e-04, 1.80586905e-03, 9.02934524e-04,
       9.02934524e-04, 9.02934524e-04, 0., 3.16027086e-03,
       5.41760726e-03, 1.35440181e-03, 1.35440181e-03, 2.70880363e-03,
       9.02934524e-04, 1.35440181e-03, 2.25733640e-03, 9.02934524e-04,
       1.35440181e-03, 4.51467262e-04, 9.02934524e-04, 1.35440181e-03,
       9.02934524e-04, 1.35440181e-03, 0., 2.70880363e-03,
       5.41760726e-03, 1.80586905e-03, 9.02934524e-04, 0.,
       1.35440181e-03, 4.51467262e-04, 1.80586905e-03, 0.,
       3.16027086e-03, 9.02934524e-04, 0., 4.51467262e-04,
       4.51467262e-04, 1.35440181e-03, 0., 9.02934524e-04,
       4.51467262e-04, 3.16027086e-03, 9.02934524e-04, 0.,
       1.35440181e-03, 2.25733640e-03, 0., 0., 1.35440181e-03, 0.,
       3.16027086e-03, 7.22347619e-03, 4.51467262e-04, 4.51467262e-04,
       9.02934524e-04, 4.51467262e-04, 4.51467262e-04, 9.02934524e-04,
       0., 4.96613979e-03, 1.80586905e-03, 4.51467262e-04,
       2.25733640e-03, 0., 4.51467279e-03, 4.51467262e-04,
       1.35440181e-03, 4.51467279e-03, 4.06320533e-03, 4.06320533e-03,
       2.25733640e-03, 1.35440181e-03, 9.02934524e-04, 2.25733640e-03,
       0., 0., 9.02934524e-04, 4.51467262e-04, 4.51467262e-04, 0.,
       9.02934524e-04, 1.80586905e-03, 0., 0., 0., 0., 2.70880363e-03,
       0., 9.02934524e-04, 1.35440181e-03, 1.80586905e-03,
       4.51467262e-04, 4.51467262e-04, 4.51467262e-04, 2.25733640e-03,
       4.51467262e-04, 1.35440181e-03, 0., 4.51467262e-04, 0.,
       4.51467262e-04, 0., 9.02934524e-04, 0., 2.70880363e-03, 0., 0.,
       9.02934524e-04, 4.51467262e-04, 4.51467262e-04, 4.51467262e-04,
       2.70880363e-03, 9.02934524e-04, 0., 2.70880363e-03, 0., 0., 0.,
       0., 4.51467262e-04, 0., 4.51467262e-04, 0., 0., 1.80586905e-03,
       3.16027086e-03, 1.80586905e-03, 0., 1.80586905e-03,
       9.02934524e-04, 4.51467262e-04, 1.35440181e-03, 0.,
       5.86907426e-03, 2.25733640e-03, 4.51467262e-04, 0.,
       4.51467262e-04, 3.16027086e-03, 9.02934524e-04, 9.02934524e-04,
       0., 2.25733640e-03, 4.51467279e-03, 0., 4.51467262e-04, 0.,
       3.61173810e-03, 1.80586905e-03, 1.35440181e-03, 4.51467262e-04,
       1.35440181e-03, 2.25733640e-03, 4.51467262e-04, 4.51467262e-04,
       0., 9.02934524e-04, 4.51467262e-04, 5.86907426e-03,
       4.51467262e-04, 1.80586905e-03, 4.51467262e-04, 5.86907426e-03,
       0., 0., 4.51467262e-04, 0., 1.35440181e-03, 9.02934524e-04,
       1.80586905e-03, 0., 5.41760726e-03, 9.02934524e-04,
       1.80586905e-03, 2.25733640e-03, 4.51467262e-04, 1.35440181e-03,
       9.02934524e-04, 0., 4.51467262e-04, 3.16027086e-03,
       4.06320533e-03, 2.25733640e-03, 9.02934524e-04, 1.35440181e-03,
       0., 1.80586905e-03, 1.35440181e-03, 0., 1.80586905e-03,
       1.80586905e-03, 1.35440181e-03, 3.16027086e-03, 0.,
       4.51467262e-04, 1.80586905e-03, 0., 2.25733640e-03,
       1.35440181e-03, 0., 4.06320533e-03, 4.51467262e-04,
       1.80586905e-03, 2.70880363e-03, 0., 1.80586905e-03, 0.,
       1.35440181e-03, 4.51467262e-04, 9.02934524e-04, 2.25733640e-03,
       4.51467262e-04, 1.80586905e-03, 1.35440181e-03, 9.02934524e-04,
       4.51467262e-04, 9.02934524e-04, 4.51467262e-04, 2.70880363e-03,
       9.02934524e-04, 4.51467262e-04, 9.02934524e-04, 1.35440181e-03,
       9.02934524e-04, 7.67494366e-03, 4.51467262e-04, 0.,
       4.51467262e-04, 0., 2.70880363e-03, 0., 1.35440181e-03,
       1.35440181e-03, 1.80586905e-03, 1.53498873e-02, 9.02934524e-04,
       4.51467262e-04, 4.51467262e-04, 3.61173810e-03, 1.35440181e-03,
       9.02934524e-04, 4.51467262e-04, 0., 4.51467262e-04, 0.,
       1.35440181e-03, 4.51467262e-04, 1.80586905e-03, 4.51467262e-04,
       3.16027086e-03, 7.22347619e-03, 2.25733640e-03, 4.51467262e-04,
       2.25733640e-03, 0., 0., 9.02934524e-04, 1.80586905e-03, 0.,
       1.80586905e-03, 4.51467262e-04, 9.02934524e-04, 1.35440181e-03,
       0., 4.51467262e-04, 4.96613979e-03, 0., 4.51467262e-04, 0., 0.,
       0., 2.25733640e-03, 9.02934524e-04, 1.35440181e-03,
       4.51467262e-04, 0., 0., 0., 4.51467262e-04, 0., 4.06320533e-03,
       1.35440181e-03, 1.35440181e-03, 2.25733640e-03, 3.61173810e-03,
       0., 0., 4.96613979e-03, 9.02934524e-04, 4.51467262e-04,
       9.02934524e-04, 1.80586905e-03, 0., 0., 0., 4.51467262e-04, 0.,
       0., 0., 0., 0., 1.35440181e-03, 4.51467262e-04, 9.02934524e-04,
       0., 0., 1.80586905e-03, 4.51467262e-04, 4.51467262e-04,
       4.51467262e-04, 9.02934524e-04, 1.80586905e-03, 0.,
       1.35440181e-03, 4.51467262e-04, 3.16027086e-03, 4.06320533e-03,
       1.35440181e-03, 4.51467262e-04, 2.25733640e-03, 1.80586905e-03,
       7.22347619e-03, 2.25733640e-03, 9.02934524e-04, 0.,
       3.16027086e-03, 0., 0., 1.35440181e-03, 1.35440181e-03,
