%YAML:1.0
m100n: !!opencv-matrix
   rows: 1
   cols: 800
   dt: f
   data: [ 1.03770313e-03, 0., 2.07540626e-03, 6.91802124e-04,
       1.03770313e-03, 3.45901062e-04, 0., 0., 0., 1.38360425e-03,
       2.07540626e-03, 1.38360425e-03, 4.15081251e-03, 2.76720850e-03,
       3.45901062e-04, 3.11310962e-03, 1.72950537e-03, 1.72950537e-03,
       1.38360425e-03, 1.38360425e-03, 3.45901062e-04, 6.91802124e-04,
       6.91802124e-04, 6.57212036e-03, 1.03770313e-03, 0.,
       1.03770313e-03, 3.45901062e-04, 1.03770313e-03, 5.18851588e-03,
       3.45901062e-04, 1.03770313e-03, 6.91802124e-04, 0.,
       3.45901062e-04, 3.45901062e-04, 6.91802124e-04, 0.,
       1.03770313e-03, 3.45901062e-04, 3.45901062e-04, 6.91802124e-04,
       1.72950537e-03, 1.38360425e-03, 1.38360425e-03, 1.03770313e-03,
       2.07540626e-03, 2.07540626e-03, 6.22621924e-03, 3.45901062e-04,
       3.45901062e-04, 0., 6.91802124e-04, 6.91802124e-04,
       4.49671363e-03, 3.45901062e-04, 3.45901062e-04, 1.03770313e-03,
       1.38360425e-03, 3.45901062e-04, 8.99342727e-03, 3.45901062e-04,
       3.45901062e-04, 6.91802124e-04, 3.45901062e-04, 0.,
       3.45901062e-04, 6.91802124e-04, 6.91802124e-04, 1.38360425e-03,
       4.84261476e-03, 0., 3.45901062e-04, 3.45901062e-04,
       1.03770313e-03, 2.76720850e-03, 4.15081251e-03, 0.,
       2.42130738e-03, 1.03770313e-03, 0., 3.45901062e-04,
       1.03770313e-03, 1.03770313e-03, 6.91802124e-04, 1.72950537e-03,
       3.45901062e-04, 1.38360425e-03, 3.45901062e-04, 6.91802124e-04,
       3.45901062e-04, 0., 0., 0., 3.45901062e-04, 6.91802124e-04,
       3.45901062e-04, 1.03770313e-03, 0., 3.45901062e-04,
       3.45901062e-04, 3.45901062e-04, 1.38360425e-03, 3.45901062e-04,
       6.91802124e-04, 3.45901074e-03, 2.76720850e-03, 2.07540626e-03,
       2.07540626e-03, 1.03770313e-03, 2.07540626e-03, 1.03770313e-03,
       7.26392213e-03, 0., 6.91802124e-04, 0., 7.26392213e-03,
       6.91802124e-04, 1.38360425e-03, 0., 3.45901062e-04,
       1.03770313e-03, 1.03770313e-03, 1.38360425e-03, 0.,
       1.72950537e-03, 3.45901062e-04, 0., 2.42130738e-03,
       6.91802124e-04, 7.95572437e-03, 1.72950537e-03, 1.72950537e-03,
       1.38360425e-03, 3.45901062e-04, 3.45901074e-03, 3.45901062e-04,
       0., 1.03770313e-03, 6.91802124e-04, 1.72950537e-03,
       1.38360425e-03, 3.45901062e-04, 1.38360425e-03, 0.,
       6.91802124e-04, 0., 3.45901062e-04, 0., 0., 3.80491163e-03,
       6.91802124e-04, 2.07540626e-03, 0., 2.76720850e-03, 0.,
       1.83327571e-02, 0., 3.45901062e-04, 6.91802124e-04,
       3.45901062e-04, 3.45901074e-03, 6.91802124e-04, 6.91802124e-04,
       7.26392213e-03, 1.03770313e-03, 3.45901062e-04, 6.91802124e-04,
       3.45901062e-04, 6.91802124e-04, 6.91802124e-04, 3.80491163e-03,
       0., 0., 1.72950537e-03, 9.68522951e-03, 3.45901062e-04,
       3.45901062e-04, 6.91802124e-04, 0., 3.80491163e-03,
       3.45901062e-04, 2.42130738e-03, 3.45901062e-04, 6.91802124e-04,
       3.45901062e-04, 2.76720850e-03, 1.72950537e-03, 3.45901062e-04,
       3.45901062e-04, 3.11310962e-03, 0., 1.03770313e-03,
       1.72950537e-03, 3.45901062e-04, 2.76720850e-03, 1.38360425e-03,
       3.45901062e-04, 3.45901062e-04, 2.76720850e-03, 1.72950537e-03,
       6.91802124e-04, 1.03770313e-03, 1.03770313e-03, 6.91802124e-04,
       1.72950537e-03, 1.03770313e-03, 2.07540626e-03, 0.,
       3.45901062e-04, 6.91802124e-04, 1.03770313e-03, 2.42130738e-03,
       0., 3.45901062e-04, 3.45901062e-04, 6.91802124e-04,
       3.45901062e-04, 0., 3.45901062e-04, 6.91802124e-04,
       3.45901062e-04, 3.11310962e-03, 0., 2.76720850e-03,
       3.45901062e-04, 6.91802124e-04, 3.45901062e-04, 3.45901062e-04,
       3.45901062e-04, 1.72950537e-03, 1.72950537e-03, 6.91802124e-04,
       1.03770313e-03, 0., 4.15081251e-03, 2.76720850e-03,
       3.11310962e-03, 3.45901062e-04, 1.03770313e-03, 1.03770313e-03,
       1.03770313e-03, 3.45901062e-04, 3.11310962e-03, 0.,
       1.03770313e-03, 2.07540626e-03, 2.07540626e-03, 1.72950537e-03,
       1.38360425e-03, 3.45901062e-04, 1.03770313e-03, 2.07540626e-03,
       0., 1.72950537e-03, 1.38360425e-03, 1.03770313e-03, 0.,
       3.45901062e-04, 1.03770313e-03, 6.91802124e-04, 3.45901062e-04,
       0., 6.91802124e-04, 1.72950537e-03, 3.45901062e-04,
       1.38360425e-03, 3.45901062e-04, 0., 0., 1.72950537e-03,
       1.03770313e-03, 1.03770313e-03, 6.91802124e-04, 4.49671363e-03,
       2.07540626e-03, 1.38360425e-03, 0., 6.91802124e-04,
       6.91802124e-04, 0., 2.76720850e-03, 3.45901062e-04, 0., 0.,
       3.45901062e-04, 2.07540626e-03, 0., 0., 2.07540626e-03,
       1.72950537e-03, 1.03770313e-03, 1.38360425e-03, 1.38360425e-03,
       1.72950537e-03, 1.03770313e-03, 1.38360425e-03, 3.45901062e-04,
       1.03770313e-03, 6.91802124e-04, 3.45901062e-04, 2.07540626e-03,
       1.72950537e-03, 1.38360425e-03, 0., 0., 3.45901062e-04, 0.,
       3.11310962e-03, 3.45901062e-04, 6.91802124e-04, 2.76720850e-03,
       2.07540626e-03, 6.91802124e-04, 3.45901062e-04, 1.03770313e-03,
       2.07540626e-03, 6.91802124e-04, 3.45901062e-04, 0.,
       1.03770313e-03, 6.91802124e-04, 1.03770313e-03, 6.91802124e-04,
       1.03770313e-03, 6.91802124e-04, 3.80491163e-03, 0.,
       3.45901062e-04, 3.80491163e-03, 0., 2.69802827e-02,
       1.03770313e-03, 1.38360425e-03, 3.45901062e-04, 1.38360425e-03,
       1.03770313e-03, 6.91802124e-04, 0., 6.91802124e-04, 0., 0.,
       3.45901062e-04, 1.03770313e-03, 6.91802124e-04, 3.45901062e-04,
       0., 3.45901062e-04, 0., 1.38360425e-03, 4.84261476e-03, 0.,
       6.91802124e-04, 3.11310962e-03, 0., 1.07229333e-02,
       1.72950537e-03, 6.91802124e-04, 1.38360425e-03, 1.38360425e-03,
       6.91802124e-04, 6.91802124e-04, 1.72950537e-03, 3.45901062e-04,
       2.42130738e-03, 3.45901074e-03, 3.45901062e-04, 3.45901062e-04,
       0., 6.91802124e-04, 2.07540626e-03, 1.03770313e-03, 0.,
       3.45901062e-04, 4.15081251e-03, 1.03770313e-03, 0.,
       3.45901062e-04, 6.91802124e-04, 0., 4.84261476e-03,
       1.03770313e-03, 2.07540626e-03, 1.03770313e-03, 1.38360425e-03,
       0., 1.38360425e-03, 2.42130738e-03, 1.03770313e-03,
       4.49671363e-03, 1.72950537e-03, 2.42130738e-03, 6.91802124e-04,
       2.07540626e-03, 3.45901062e-04, 3.45901062e-04, 3.45901062e-04,
       3.45901062e-04, 2.07540626e-03, 1.38360425e-03, 1.03770313e-03,
       3.45901062e-04, 2.07540626e-03, 1.72950537e-03, 0.,
       1.03770313e-03, 6.91802124e-04, 1.03770313e-03, 1.72950537e-03,
       6.91802124e-04, 1.38360425e-03, 1.72950537e-03, 6.91802124e-04,
       3.45901062e-04, 2.07540626e-03, 6.91802124e-04, 3.45901062e-04,
       0., 0., 3.45901074e-03, 6.91802124e-04, 1.38360425e-03,
       3.11310962e-03, 3.45901062e-04, 0., 1.03770313e-03,
       4.15081251e-03, 6.91802124e-04, 3.45901062e-04, 3.45901062e-04,
       1.03770313e-03, 1.38360425e-03, 2.07540626e-03, 3.45901062e-04,
       1.72950537e-03, 2.42130738e-03, 3.45901062e-04, 3.45901062e-04,
       3.45901062e-04, 0., 6.91802124e-04, 1.38360425e-03,
       6.91802124e-04, 4.49671363e-03, 3.45901062e-04, 0.,
       4.15081251e-03, 6.91802124e-04, 6.91802124e-04, 3.45901074e-03,
       6.91802124e-04, 6.91802124e-04, 0., 3.11310962e-03,
       1.03770313e-03, 2.42130738e-03, 1.72950537e-03, 2.07540626e-03,
       1.03770313e-03, 6.91802124e-04, 0., 1.03770313e-03,
       1.03770313e-03, 1.03770313e-03, 6.91802124e-04, 0., 0.,
       1.03770313e-03, 3.45901062e-04, 1.03770313e-03, 3.45901062e-04,
       1.72950537e-03, 1.72950537e-03, 3.45901062e-04, 3.45901062e-04,
       1.03770313e-03, 3.45901062e-04, 0., 3.45901062e-04,
       3.80491163e-03, 3.45901062e-04, 1.03770313e-03, 3.45901062e-04,
       3.45901062e-04, 0., 0., 3.45901062e-04, 1.38360425e-03, 0., 0.,
       3.45901062e-04, 3.45901062e-04, 6.91802124e-04, 3.45901062e-04,
       2.07540626e-03, 6.57212036e-03, 1.03770313e-03, 0., 0., 0.,
       2.42130738e-03, 3.45901062e-04, 1.03770313e-03, 1.72950537e-03,
       0., 3.80491163e-03, 1.03770313e-03, 3.45901062e-04,
