%YAML:1.0
m100n: !!opencv-matrix
   rows: 1
   cols: 800
   dt: f
   data: [ 6.47039793e-04, 1.29407959e-03, 1.29407959e-03,
       3.23519896e-04, 1.29407959e-03, 3.23519896e-04, 0.,
       3.23519896e-04, 0., 3.23519902e-03, 9.70559660e-04,
       6.47039793e-04, 2.26463936e-03, 3.23519902e-03, 6.47039793e-04,
       1.61759951e-03, 2.91167898e-03, 6.47039793e-04, 3.23519896e-04,
       1.29407959e-03, 6.47039793e-04, 3.88223864e-03, 9.70559660e-04,
       1.94111932e-03, 0., 0., 6.47039793e-04, 3.23519896e-04,
       2.91167898e-03, 1.94111932e-03, 1.94111932e-03, 1.29407959e-03,
       1.29407959e-03, 6.47039793e-04, 0., 6.47039793e-04,
       3.23519896e-04, 3.23519896e-04, 1.94111932e-03, 0.,
       3.23519896e-04, 9.70559660e-04, 6.47039793e-04, 3.23519896e-04,
       1.94111932e-03, 2.58815917e-03, 9.70559660e-04, 3.23519902e-03,
       9.70559660e-04, 3.23519896e-04, 1.29407959e-03, 2.91167898e-03,
       1.29407959e-03, 6.47039793e-04, 2.26463936e-03, 9.70559660e-04,
       0., 1.61759951e-03, 2.91167898e-03, 3.23519896e-04,
       2.91167898e-03, 0., 3.23519896e-04, 1.29407959e-03,
       1.29407959e-03, 6.47039793e-04, 6.47039793e-04, 0.,
       1.61759951e-03, 6.47039793e-04, 9.70559660e-04, 0.,
       1.29407959e-03, 6.47039793e-04, 4.85279830e-03, 1.94111932e-03,
       2.26463936e-03, 0., 3.55871883e-03, 1.61759951e-03,
       6.47039793e-04, 2.26463936e-03, 1.94111932e-03, 1.29407959e-03,
       9.70559660e-04, 2.58815917e-03, 0., 1.94111932e-03,
       2.58815917e-03, 5.49983839e-03, 0., 0., 6.47039793e-04,
       9.70559660e-04, 6.47039793e-04, 0., 9.70559660e-04,
       1.94111932e-03, 9.70559660e-04, 6.47039793e-04, 9.70559660e-04,
       6.47039793e-04, 0., 2.91167898e-03, 3.23519896e-04,
       5.82335796e-03, 1.61759951e-03, 5.82335796e-03, 2.91167898e-03,
       0., 4.20575868e-03, 2.58815917e-03, 5.82335796e-03, 0., 0., 0.,
       4.20575868e-03, 3.23519896e-04, 2.26463936e-03, 0.,
       6.47039793e-04, 9.70559660e-04, 6.47039793e-04, 1.94111932e-03,
       0., 6.14687800e-03, 2.58815917e-03, 3.23519896e-04,
       6.14687800e-03, 3.23519896e-04, 9.70559660e-04, 2.91167898e-03,
       1.94111932e-03, 1.29407959e-03, 9.70559660e-04, 6.47039793e-04,
       1.29407959e-03, 3.23519896e-04, 1.29407959e-03, 0.,
       2.58815917e-03, 6.47039793e-04, 0., 3.23519896e-04,
       3.23519896e-04, 0., 3.23519896e-04, 3.55871883e-03, 0., 0.,
       3.23519902e-03, 3.23519896e-04, 3.23519902e-03, 9.70559660e-04,
       2.26463936e-03, 0., 6.47039793e-04, 6.47039793e-04,
       3.23519896e-04, 9.70559660e-04, 2.26463936e-03, 1.94111932e-03,
       2.26463936e-03, 9.70559660e-04, 6.47039793e-04, 0.,
       9.70559660e-04, 6.47039793e-04, 3.23519896e-04, 1.29407959e-03,
       1.61759951e-03, 1.94111932e-03, 6.47039793e-04, 0.,
       6.47039793e-04, 1.94111932e-03, 3.23519896e-04, 3.88223864e-03,
       2.91167898e-03, 3.23519896e-04, 2.58815917e-03, 7.11743766e-03,
       2.26463936e-03, 0., 1.94111932e-03, 0., 1.29407959e-03, 0.,
       9.70559660e-04, 0., 1.29407959e-03, 1.61759951e-03,
       1.61759951e-03, 3.23519896e-04, 1.29407959e-03, 6.47039793e-04,
       9.70559660e-04, 3.23519896e-04, 0., 3.23519902e-03,
       3.23519896e-04, 0., 1.29407959e-03, 5.17631834e-03, 0.,
       6.47039793e-04, 5.17631834e-03, 2.58815917e-03, 3.23519896e-04,
       0., 1.61759951e-03, 1.61759951e-03, 0., 0., 2.58815917e-03, 0.,
       6.47039793e-04, 6.47039793e-04, 1.61759951e-03, 9.70559660e-04,
       9.70559660e-04, 3.23519896e-04, 1.94111932e-03, 0., 0.,
       6.47039793e-04, 1.94111932e-03, 9.70559660e-04, 0.,
       3.23519896e-04, 2.58815917e-03, 1.94111932e-03, 0.,
       1.94111932e-03, 0., 1.94111932e-03, 5.17631834e-03,
       4.85279830e-03, 0., 2.91167898e-03, 9.70559660e-04,
       2.91167898e-03, 9.70559660e-04, 2.91167898e-03, 0.,
       1.29407959e-03, 9.70559660e-04, 9.70559660e-04, 1.94111932e-03,
       3.55871883e-03, 0., 9.70559660e-04, 1.29407959e-03, 0.,
       1.94111932e-03, 3.88223864e-03, 1.29407959e-03, 0.,
       1.61759951e-03, 9.70559660e-04, 1.29407959e-03, 1.29407959e-03,
       3.23519896e-04, 6.47039793e-04, 2.91167898e-03, 6.47039793e-04,
       1.29407959e-03, 3.88223864e-03, 0., 9.70559660e-04,
       6.47039793e-04, 1.29407959e-03, 9.70559660e-04, 0.,
       3.88223864e-03, 9.70559660e-04, 9.70559660e-04, 6.47039793e-04,
       6.47039793e-04, 6.47039793e-04, 3.23519896e-04, 1.29407959e-03,
       1.29407959e-03, 3.23519896e-04, 2.26463936e-03, 3.88223864e-03,
       1.94111932e-03, 1.61759951e-03, 3.23519896e-04, 0.,
       3.23519902e-03, 9.70559660e-04, 0., 6.47039793e-04,
       1.29407959e-03, 9.70559660e-04, 1.29407959e-03, 1.29407959e-03,
       6.47039793e-04, 3.23519896e-04, 9.70559660e-04, 1.29407959e-03,
       1.61759951e-03, 9.70559660e-04, 0., 0., 6.47039793e-04,
       6.47039793e-04, 2.58815917e-03, 3.23519896e-04, 6.47039793e-04,
       1.29407959e-03, 1.61759951e-03, 1.94111932e-03, 9.70559660e-04,
       1.61759951e-03, 3.23519902e-03, 0., 0., 3.23519896e-04,
       9.70559660e-04, 9.70559660e-04, 1.61759951e-03, 9.70559660e-04,
       3.23519896e-04, 1.29407959e-03, 1.61759951e-03, 0., 0.,
       6.47039793e-04, 3.23519896e-04, 6.47039793e-04, 2.26463936e-03,
       2.91167898e-03, 1.61759951e-03, 2.58815917e-03, 6.47039793e-04,
       1.61759951e-03, 9.70559660e-04, 0., 1.94111932e-03,
       1.94111932e-03, 1.29407959e-03, 1.94111932e-03, 0.,
       3.23519896e-04, 3.23519896e-04, 6.47039793e-04, 0.,
       1.29407959e-03, 2.91167898e-03, 1.94111932e-03, 0.,
       4.20575868e-03, 3.23519896e-04, 3.23519896e-04, 3.55871883e-03,
       6.47039793e-04, 3.23519896e-04, 3.23519896e-04, 1.94111932e-03,
       2.58815917e-03, 6.47039793e-04, 0., 9.70559660e-04,
       3.55871883e-03, 1.29407959e-03, 0., 3.23519896e-04,
       3.23519896e-04, 4.85279830e-03, 1.29407959e-03, 0.,
       1.29407959e-03, 3.55871883e-03, 3.23519896e-04, 6.47039793e-04,
       3.23519896e-04, 3.23519896e-04, 1.61759951e-03, 6.47039793e-04,
       6.47039793e-04, 3.88223864e-03, 0., 0., 9.70559660e-04,
       6.47039793e-04, 9.70559660e-04, 2.58815917e-03, 1.94111932e-03,
       1.94111932e-03, 3.55871883e-03, 0., 3.23519902e-03,
       6.47039793e-04, 6.47039793e-04, 2.58815917e-03, 6.47039793e-04,
       6.47039793e-04, 1.61759951e-03, 3.23519896e-04, 1.61759951e-03,
       1.94111932e-03, 2.26463936e-03, 0., 6.47039793e-04,
       2.58815917e-03, 1.61759951e-03, 6.47039793e-04, 6.47039793e-04,
       3.23519896e-04, 3.23519896e-04, 6.47039793e-04, 2.26463936e-03,
       3.23519896e-04, 1.29407959e-03, 9.70559660e-04, 6.47039793e-04,
       0., 5.49983839e-03, 1.94111932e-03, 3.23519896e-04,
       2.58815917e-03, 6.47039793e-04, 6.47039793e-04, 0.,
       2.26463936e-03, 3.23519896e-04, 0., 2.58815917e-03, 0., 0.,
       4.52927873e-03, 6.47039793e-04, 1.61759951e-03, 4.20575868e-03,
       1.61759951e-03, 9.70559660e-04, 3.23519896e-04, 3.23519896e-04,
       3.55871883e-03, 1.94111932e-03, 9.70559660e-04, 9.70559660e-04,
       9.70559660e-04, 0., 0., 6.47039793e-04, 1.29407959e-03,
       6.47039793e-04, 1.61759951e-03, 3.23519896e-04, 9.70559660e-04,
       1.94111932e-03, 0., 6.47039793e-04, 3.23519896e-04, 0.,
       6.47039793e-04, 3.23519896e-04, 3.23519896e-04, 0.,
       2.58815917e-03, 2.91167898e-03, 6.47039793e-04, 9.70559660e-04,
       6.47039793e-04, 1.29407959e-03, 0., 9.70559660e-04,
       1.29407959e-03, 0., 2.26463936e-03, 3.23519896e-04, 0.,
       9.70559660e-04, 0., 0., 2.26463936e-03, 5.17631834e-03,
       3.23519896e-04, 9.70559660e-04, 3.23519896e-04, 3.23519896e-04,
       1.29407959e-03, 0., 6.47039793e-04, 1.29407959e-03, 0.,
       1.94111932e-03, 2.26463936e-03, 0., 1.29407959e-03,
       9.70559660e-04, 3.88223864e-03, 5.82335796e-03, 0.,
       3.23519896e-04, 3.23519896e-04, 0., 6.47039793e-04,
       6.47039793e-04, 3.55871883e-03, 2.26463936e-03, 1.61759951e-03,
       3.55871883e-03, 3.23519896e-04, 6.47039793e-04, 6.47039793e-04,
