%YAML:1.0
m100n: !!opencv-matrix
   rows: 1
   cols: 800
   dt: f
   data: [ 3.92464688e-04, 7.84929376e-04, 7.84929376e-04, 0.,
       1.56985875e-03, 0., 0., 0., 0., 7.84929376e-04, 7.84929376e-04,
       7.84929376e-04, 1.96232344e-03, 1.56985875e-03, 0.,
       3.92464688e-04, 7.84929376e-04, 7.84929376e-04, 3.53218219e-03,
       3.13971750e-03, 0., 2.74725282e-03, 7.84929376e-04,
       7.06436438e-03, 7.84929376e-04, 0., 1.56985875e-03,
       7.84929376e-04, 1.56985875e-03, 2.15855576e-02, 2.35478813e-03,
       7.84929376e-04, 2.35478813e-03, 1.17739406e-03, 3.92464688e-04,
       2.35478813e-03, 0., 0., 2.74725282e-03, 0., 3.92464688e-04, 0.,
       1.96232344e-03, 0., 3.92464688e-04, 1.96232344e-03,
       3.92464688e-04, 2.74725282e-03, 1.17739406e-03, 3.92464688e-04,
       0., 7.84929376e-04, 1.96232344e-03, 3.92464688e-04,
       3.92464688e-04, 3.92464688e-04, 0., 3.92464688e-03,
       1.17739406e-03, 3.92464688e-04, 2.35478813e-03, 7.84929376e-04,
       1.56985875e-03, 3.92464688e-04, 7.84929376e-04, 0.,
       3.92464688e-04, 1.17739406e-03, 2.74725282e-03, 7.84929376e-04,
       1.96232344e-03, 3.92464688e-04, 3.92464688e-04, 0.,
       7.84929376e-04, 1.96232344e-03, 7.84929376e-04, 0.,
       1.56985875e-03, 2.74725282e-03, 0., 0., 2.35478813e-03,
       1.56985875e-03, 7.84929376e-04, 3.92464688e-04, 1.56985875e-03,
       3.92464688e-04, 1.56985875e-03, 1.17739406e-03, 3.92464688e-04,
       0., 3.92464688e-04, 0., 3.92464688e-04, 1.17739406e-03,
       3.92464688e-04, 1.96232344e-03, 1.96232344e-03, 3.92464688e-04,
       1.56985875e-03, 3.92464688e-04, 3.92464688e-04, 1.96232344e-03,
       0., 3.53218219e-03, 3.13971750e-03, 3.92464688e-03,
       7.84929376e-04, 0., 4.31711134e-03, 7.84929376e-04,
       3.92464688e-03, 1.56985875e-03, 1.56985875e-03, 0.,
       1.96232344e-03, 0., 1.17739406e-03, 0., 1.96232344e-03,
       1.17739406e-03, 0., 0., 7.84929376e-04, 2.74725282e-03,
       3.92464688e-04, 0., 6.27943501e-03, 0., 2.74725282e-03, 0.,
       1.56985875e-03, 1.96232344e-03, 1.17739406e-03, 7.84929376e-04,
       0., 0., 1.96232344e-03, 7.84929376e-04, 3.13971750e-03,
       1.96232344e-03, 3.92464688e-04, 3.92464688e-04, 3.92464688e-04,
       0., 0., 7.84929376e-04, 3.92464688e-04, 1.17739406e-03,
       5.49450563e-03, 3.92464688e-04, 3.13971750e-03, 1.56985875e-03,
       2.35478813e-03, 0., 3.13971750e-03, 3.92464688e-04, 0.,
       1.56985875e-03, 1.17739406e-03, 2.74725282e-03, 1.96232344e-03,
       2.35478813e-03, 1.17739406e-03, 3.92464688e-04, 0.,
       1.17739406e-03, 3.92464688e-04, 3.92464688e-04, 1.17739406e-03,
       6.67189993e-03, 1.56985875e-03, 3.92464688e-04, 1.96232344e-03,
       5.10204118e-03, 0., 1.96232344e-03, 3.92464688e-03,
       3.92464688e-04, 1.56985875e-03, 1.56985875e-03, 1.17739406e-03,
       3.92464688e-04, 1.17739406e-03, 0., 1.96232344e-03,
       3.92464688e-04, 3.92464688e-04, 3.92464688e-04, 1.17739406e-03,
       0., 2.74725282e-03, 2.35478813e-03, 7.84929376e-04,
       7.84929376e-04, 1.56985875e-03, 1.96232344e-03, 3.92464688e-04,
       1.56985875e-03, 1.17739406e-03, 0., 1.56985875e-03,
       3.13971750e-03, 0., 1.56985875e-03, 1.17739406e-03,
       3.92464688e-04, 7.84929376e-04, 3.92464688e-04, 1.56985875e-03,
       2.35478813e-03, 0., 0., 1.56985875e-03, 2.74725282e-03,
       7.84929376e-04, 3.92464688e-04, 1.17739406e-03, 7.84929376e-04,
       1.96232344e-03, 7.84929376e-04, 1.17739406e-03, 3.92464688e-04,
       2.74725282e-03, 0., 2.35478813e-03, 1.56985875e-03,
       3.92464688e-04, 1.96232344e-03, 1.56985875e-03, 3.92464688e-04,
       0., 2.35478813e-03, 1.96232344e-03, 2.35478813e-03,
       5.10204118e-03, 2.74725282e-03, 7.84929376e-04, 7.84929376e-04,
       7.84929376e-04, 1.96232344e-03, 7.84929376e-04, 5.49450563e-03,
       0., 1.56985875e-03, 3.92464688e-04, 1.56985875e-03,
       3.92464688e-04, 3.92464688e-04, 4.70957626e-03, 3.92464688e-04,
       3.92464688e-03, 1.56985875e-03, 3.13971750e-03, 7.84929376e-04,
       3.92464688e-03, 1.56985875e-03, 1.96232344e-03, 2.35478813e-03,
       7.84929376e-04, 1.17739406e-03, 0., 1.56985875e-03,
       1.96232344e-03, 3.92464688e-04, 2.74725282e-03, 0., 0.,
       1.17739406e-03, 4.31711134e-03, 3.92464688e-04, 3.92464688e-04,
       2.74725282e-03, 3.53218219e-03, 1.17739406e-03, 7.84929376e-04,
       3.92464688e-04, 0., 1.56985875e-03, 7.84929376e-04,
       7.84929376e-04, 1.17739406e-03, 0., 0., 1.17739406e-03,
       3.13971750e-03, 1.17739406e-03, 3.92464688e-04, 7.84929376e-04,
       2.35478813e-03, 0., 3.92464688e-04, 2.74725282e-03,
       7.84929376e-04, 3.92464688e-04, 3.92464688e-04, 0.,
       7.84929376e-04, 0., 3.92464688e-04, 3.92464688e-04,
       2.35478813e-03, 2.35478813e-03, 3.92464688e-04, 0.,
       1.96232344e-03, 0., 7.84929376e-04, 0., 3.92464688e-04,
       1.17739406e-03, 3.92464688e-03, 1.17739406e-03, 0.,
       2.35478813e-03, 1.96232344e-03, 1.96232344e-03, 7.84929376e-04,
       0., 0., 0., 1.56985875e-03, 7.84929376e-04, 3.92464688e-04,
       1.17739406e-03, 1.96232344e-03, 7.84929376e-04, 3.92464688e-04,
       3.92464688e-04, 3.92464688e-04, 7.84929376e-04, 2.35478813e-03,
       1.96232344e-03, 7.84929376e-04, 1.96232344e-03, 7.84929376e-04,
       7.84929376e-04, 7.84929376e-04, 3.92464688e-04, 1.56985875e-03,
       1.17739406e-03, 1.56985875e-03, 1.17739406e-03, 1.56985875e-03,
       0., 3.92464688e-04, 0., 7.84929376e-04, 0., 3.13971750e-03, 0.,
       0., 1.96232344e-03, 0., 3.92464688e-03, 3.13971750e-03,
       1.56985875e-03, 1.96232344e-03, 3.13971750e-03, 1.17739406e-03,
       2.35478813e-03, 1.56985875e-03, 0., 7.84929376e-04,
       5.49450563e-03, 7.84929376e-04, 7.84929376e-04, 1.56985875e-03,
       3.92464688e-04, 3.92464688e-03, 3.13971750e-03, 3.92464688e-04,
       1.96232344e-03, 3.53218219e-03, 2.35478813e-03, 0.,
       1.96232344e-03, 3.92464688e-04, 1.17739406e-03, 5.88697009e-03,
       3.92464688e-04, 2.35478813e-03, 7.84929376e-04, 3.92464688e-04,
       3.92464688e-04, 3.92464688e-04, 1.17739406e-03, 0.,
       1.17739406e-03, 1.56985875e-03, 3.92464688e-03, 1.56985875e-03,
       5.10204118e-03, 1.17739406e-03, 3.92464688e-04, 3.92464688e-04,
       3.92464688e-04, 5.10204118e-03, 7.84929376e-04, 3.92464688e-04,
       7.84929376e-04, 1.17739406e-03, 2.35478813e-03, 7.84929376e-04,
       1.96232344e-03, 3.92464688e-04, 3.92464688e-04, 2.35478813e-03,
       0., 7.84929376e-04, 3.92464688e-04, 3.92464688e-04,
       1.17739406e-03, 3.92464688e-04, 0., 1.17739406e-03,
       1.56985875e-03, 0., 2.74725282e-03, 1.56985875e-03,
       3.92464688e-04, 2.35478813e-03, 7.84929376e-04, 1.17739406e-03,
       2.74725282e-03, 1.56985875e-03, 7.84929376e-04, 0.,
       2.35478813e-03, 3.92464688e-04, 1.56985875e-03, 1.96232344e-03,
       0., 7.84929376e-04, 3.13971750e-03, 3.92464688e-04,
       1.17739406e-03, 7.84929376e-04, 3.92464688e-04, 3.92464688e-03,
       7.84929376e-04, 7.84929376e-04, 2.74725282e-03, 1.56985875e-03,
       1.56985875e-03, 1.17739406e-03, 1.17739406e-03, 3.92464688e-04,
       3.92464688e-04, 1.17739406e-03, 3.92464688e-04, 3.92464688e-04,
       4.31711134e-03, 1.96232344e-03, 1.17739406e-03, 5.88697009e-03,
       1.17739406e-03, 1.56985875e-03, 3.92464688e-04, 2.35478813e-03,
       7.84929376e-04, 1.96232344e-03, 1.56985875e-03, 1.96232344e-03,
       0., 7.84929376e-04, 3.92464688e-04, 0., 1.56985875e-03, 0., 0.,
       7.84929376e-04, 1.17739406e-03, 3.92464688e-04, 0.,
       1.17739406e-03, 0., 7.84929376e-04, 3.92464688e-03,
       3.92464688e-04, 1.17739406e-03, 3.92464688e-04, 7.84929376e-04,
       3.92464688e-04, 3.92464688e-04, 3.92464688e-04, 7.84929376e-04,
       0., 7.84929376e-04, 2.35478813e-03, 1.17739406e-03,
       1.17739406e-03, 7.84929376e-04, 3.92464688e-04, 5.88697009e-03,
       7.84929376e-04, 7.84929376e-04, 3.92464688e-04, 0.,
       1.17739406e-03, 0., 9.81161743e-03, 3.92464688e-04,
       1.17739406e-03, 7.06436438e-03, 1.96232344e-03, 1.96232344e-03,
