%YAML:1.0
m100n: !!opencv-matrix
   rows: 1
   cols: 800
   dt: f
   data: [ 4.16146475e-04, 8.32292950e-04, 0., 3.32917180e-03,
       1.24843942e-03, 0., 8.32292950e-04, 0., 0., 8.32292950e-04,
       1.24843942e-03, 8.32292950e-04, 0., 1.24843942e-03,
       4.16146475e-04, 4.16146475e-04, 1.24843942e-03, 0.,
       1.24843942e-03, 2.91302521e-03, 8.32292950e-04, 1.66458590e-03,
       2.08073249e-03, 4.57761111e-03, 1.66458590e-03, 4.16146475e-04,
       3.32917180e-03, 1.24843942e-03, 3.32917180e-03, 2.91302521e-03,
       1.66458590e-03, 8.32292950e-04, 8.32292950e-04, 4.16146475e-04,
       8.32292950e-04, 4.16146475e-04, 1.24843942e-03, 4.16146475e-04,
       2.08073249e-03, 4.16146475e-04, 0., 1.24843942e-03,
       2.08073249e-03, 8.32292950e-04, 1.66458590e-03, 4.16146498e-03,
       8.32292950e-04, 1.66458590e-03, 8.32292950e-04, 1.24843942e-03,
       4.16146475e-04, 4.16146475e-04, 0., 4.16146475e-04,
       1.66458590e-03, 8.32292950e-04, 1.24843942e-03, 2.08073249e-03,
       2.08073249e-03, 1.24843942e-03, 4.57761111e-03, 0.,
       4.16146475e-04, 2.08073249e-03, 1.66458590e-03, 4.16146475e-04,
       4.16146475e-04, 8.32292950e-04, 2.49687885e-03, 4.16146475e-04,
       1.24843942e-03, 4.16146475e-04, 0., 1.66458590e-03,
       4.16146475e-04, 8.32292950e-04, 4.16146498e-03, 0.,
       2.08073249e-03, 3.74531839e-03, 1.66458590e-03, 8.32292950e-04,
       1.66458590e-03, 8.32292950e-04, 1.24843942e-03, 2.08073249e-03,
       1.24843942e-03, 2.08073249e-03, 2.08073249e-03, 1.66458590e-03,
       4.16146475e-04, 0., 0., 0., 2.91302521e-03, 4.16146475e-04,
       4.16146475e-04, 4.16146475e-04, 1.24843942e-03, 0.,
       1.66458590e-03, 2.08073249e-03, 8.32292950e-04, 8.32292950e-04,
       0., 2.91302521e-03, 8.32292950e-04, 4.16146475e-04,
       4.16146475e-04, 0., 2.91302521e-03, 1.24843942e-03,
       1.66458590e-03, 0., 1.24843942e-03, 4.16146475e-04,
       1.66458590e-03, 1.24843942e-03, 2.91302521e-03, 8.32292950e-04,
       4.16146475e-04, 8.32292950e-04, 0., 1.66458590e-03,
       8.32292950e-04, 2.91302521e-03, 2.49687885e-03, 0.,
       2.08073249e-03, 4.16146475e-04, 2.08073249e-03, 1.66458590e-03,
       1.24843942e-03, 6.24219701e-03, 1.24843942e-03, 2.08073249e-03,
       4.16146475e-04, 1.24843942e-03, 8.32292950e-04, 1.24843942e-03,
       1.66458590e-03, 1.66458590e-03, 4.16146475e-04, 4.16146475e-04,
       4.16146475e-04, 0., 4.16146475e-04, 0., 4.16146475e-04,
       4.16146475e-04, 8.32292950e-04, 0., 8.32292950e-04,
       4.16146475e-04, 2.91302521e-03, 0., 4.16146475e-04,
       4.16146475e-04, 0., 4.16146475e-04, 4.16146475e-04, 0.,
       3.74531839e-03, 4.16146475e-04, 1.24843942e-03, 1.24843942e-03,
       0., 0., 2.08073249e-03, 0., 1.24843942e-03, 1.66458590e-03,
       4.16146475e-04, 0., 4.57761111e-03, 4.99375770e-03,
       8.32292950e-04, 4.16146475e-04, 4.16146498e-03, 4.16146475e-04,
       1.66458590e-03, 4.16146475e-04, 4.16146475e-04, 1.24843942e-03,
       0., 0., 6.65834360e-03, 4.16146475e-04, 1.24843942e-03,
       4.16146475e-04, 1.66458590e-03, 1.24843942e-03, 8.32292950e-04,
       8.32292996e-03, 1.24843942e-03, 2.91302521e-03, 4.16146475e-04,
       4.16146475e-04, 1.66458590e-03, 7.49063678e-03, 8.32292950e-04,
       4.16146475e-04, 1.66458590e-03, 2.91302521e-03, 4.16146475e-04,
       1.24843942e-03, 2.08073249e-03, 8.32292950e-04, 4.16146475e-04,
       0., 1.24843942e-03, 2.08073249e-03, 4.16146475e-04,
       4.16146475e-04, 0., 3.32917180e-03, 3.32917180e-03,
       1.66458590e-03, 8.32292950e-04, 1.24843942e-03, 1.66458590e-03,
       4.16146475e-04, 3.32917180e-03, 8.32292950e-04, 2.08073249e-03,
       1.24843942e-03, 1.24843942e-03, 4.16146475e-04, 4.16146475e-04,
       4.16146475e-04, 2.49687885e-03, 1.24843942e-03, 8.32292950e-04,
       2.08073249e-03, 2.08073249e-03, 1.66458590e-03, 5.40990429e-03,
       1.24843942e-03, 1.24843942e-03, 3.32917180e-03, 1.24843942e-03,
       1.24843942e-03, 4.16146475e-04, 2.49687885e-03, 8.32292950e-04,
       4.16146475e-04, 0., 1.24843942e-03, 1.66458590e-03,
       1.24843942e-03, 2.49687885e-03, 2.08073249e-03, 4.99375770e-03,
       4.16146475e-04, 5.82605042e-03, 1.24843942e-03, 1.24843942e-03,
       8.32292950e-04, 4.16146475e-04, 2.91302521e-03, 8.32292950e-04,
       1.24843942e-03, 4.16146475e-04, 1.66458590e-03, 1.66458590e-03,
       8.32292950e-04, 3.74531839e-03, 4.16146475e-04, 4.16146475e-04,
       1.66458590e-03, 2.49687885e-03, 4.16146475e-04, 2.49687885e-03,
       3.74531839e-03, 3.32917180e-03, 8.32292950e-04, 8.32292950e-04,
       1.24843942e-03, 0., 2.08073249e-03, 8.32292950e-04,
       1.66458590e-03, 8.32292950e-04, 8.32292950e-04, 1.24843942e-03,
       0., 8.32292950e-04, 8.32292950e-04, 4.16146475e-04,
       3.32917180e-03, 2.91302521e-03, 8.32292950e-04, 2.08073249e-03,
       1.66458590e-03, 8.32292950e-04, 2.49687885e-03, 1.24843942e-03,
       0., 2.08073249e-03, 4.16146475e-04, 8.32292950e-04,
       4.16146475e-04, 3.32917180e-03, 1.66458590e-03, 8.32292950e-04,
       0., 1.24843942e-03, 1.24843942e-03, 8.32292950e-04,
       8.32292950e-04, 2.49687885e-03, 1.24843942e-03, 2.08073249e-03,
       8.32292950e-04, 2.91302521e-03, 0., 0., 8.32292950e-04,
       3.32917180e-03, 0., 2.91302521e-03, 0., 8.32292950e-04,
       4.16146475e-04, 0., 4.16146475e-04, 8.32292950e-04, 0.,
       4.16146475e-04, 2.08073249e-03, 1.66458590e-03, 1.24843942e-03,
       8.32292950e-04, 1.24843942e-03, 8.32292950e-04, 4.16146475e-04,
       0., 1.24843942e-03, 4.16146475e-04, 1.24843942e-03,
       8.32292950e-04, 1.24843942e-03, 1.24843942e-03, 4.16146475e-04,
       1.24843942e-03, 0., 0., 2.08073249e-03, 8.32292950e-04, 0.,
       2.49687885e-03, 1.24843942e-03, 4.16146475e-04, 2.08073249e-03,
       0., 8.32292950e-04, 1.24843942e-03, 0., 8.32292950e-04,
       2.49687885e-03, 2.08073249e-03, 8.32292950e-04, 2.08073249e-03,
       1.24843942e-03, 2.91302521e-03, 5.40990429e-03, 0.,
       8.32292950e-04, 0., 2.08073249e-03, 8.32292950e-04,
       1.24843942e-03, 0., 4.16146475e-04, 7.07449019e-03,
       8.32292950e-04, 0., 2.91302521e-03, 1.66458590e-03, 0.,
       9.15522221e-03, 8.32292950e-04, 1.66458590e-03, 0.,
       8.32292950e-04, 8.32292950e-04, 8.32292950e-04, 2.08073249e-03,
       2.08073249e-03, 0., 1.24843942e-03, 2.91302521e-03, 0.,
       1.24843942e-03, 1.24843942e-03, 4.16146475e-04, 8.32292950e-04,
       1.66458590e-03, 1.24843942e-03, 8.32292950e-04, 4.16146475e-04,
       4.16146475e-04, 2.91302521e-03, 8.32292950e-04, 2.49687885e-03,
       0., 2.91302521e-03, 8.32292950e-04, 2.08073249e-03,
       4.16146475e-04, 8.32292950e-04, 4.16146475e-04, 8.32292950e-04,
       8.32292950e-04, 1.24843942e-03, 1.24843942e-03, 0.,
       2.91302521e-03, 0., 2.91302521e-03, 1.24843942e-03,
       4.16146475e-04, 1.24843942e-03, 4.16146475e-04, 4.16146475e-04,
       3.74531839e-03, 4.16146475e-04, 4.16146475e-04, 4.16146475e-04,
       3.32917180e-03, 4.16146475e-04, 1.24843942e-03, 3.74531839e-03,
       1.24843942e-03, 4.16146475e-04, 1.24843942e-03, 4.16146475e-04,
       4.16146475e-04, 4.16146475e-04, 0., 8.32292950e-04, 0.,
       1.66458590e-03, 1.24843942e-03, 8.32292950e-04, 0.,
       3.74531839e-03, 1.24843942e-03, 1.24843942e-03, 2.08073249e-03,
       4.16146475e-04, 1.24843942e-03, 8.32292950e-04, 1.66458590e-03,
       1.24843942e-03, 2.49687885e-03, 4.16146475e-04, 8.32292950e-04,
       8.32292950e-04, 8.32292950e-04, 4.16146475e-04, 0., 0.,
       2.49687885e-03, 0., 4.16146475e-04, 0., 4.16146475e-04,
       4.16146475e-04, 3.74531839e-03, 0., 0., 3.32917180e-03,
       8.32292950e-04, 1.24843942e-03, 1.66458590e-03, 4.16146475e-04,
       8.32292950e-04, 2.49687885e-03, 1.66458590e-03, 4.16146475e-04,
       1.24843942e-03, 8.32292950e-04, 4.16146475e-04, 8.32292950e-04,
       4.16146475e-04, 4.16146475e-04, 3.74531839e-03, 0.,
       4.16146475e-04, 2.91302521e-03, 1.66458590e-03, 8.32292950e-04,
       0., 4.16146475e-04, 2.91302521e-03, 4.16146475e-04, 0.,
