%YAML:1.0
m100n: !!opencv-matrix
   rows: 1
   cols: 800
   dt: f
   data: [ 0., 4.47427301e-04, 1.78970920e-03, 1.78970920e-03, 0., 0.,
       4.47427301e-04, 4.47427301e-04, 0., 3.13199102e-03, 0.,
       4.47427301e-04, 2.23713648e-03, 1.34228193e-03, 1.78970920e-03,
       2.23713648e-03, 1.78970920e-03, 0., 2.23713648e-03,
       3.13199102e-03, 4.47427301e-04, 1.78970920e-03, 3.57941841e-03,
       4.47427301e-04, 0., 0., 1.34228193e-03, 8.94854602e-04,
       1.34228193e-03, 4.47427301e-04, 8.94854602e-04, 2.23713648e-03,
       4.02684556e-03, 2.68456386e-03, 0., 1.34228193e-03,
       2.23713648e-03, 0., 4.47427301e-04, 0., 4.47427301e-04,
       4.47427301e-04, 1.34228193e-03, 0., 1.78970920e-03,
       4.47427295e-03, 1.34228193e-03, 1.78970920e-03, 2.23713648e-03,
       0., 4.47427301e-04, 8.94854602e-04, 1.34228193e-03, 0., 0., 0.,
       4.47427301e-04, 3.13199102e-03, 4.47427301e-04, 1.34228193e-03,
       5.36912773e-03, 0., 8.94854602e-04, 2.68456386e-03, 0., 0., 0.,
       8.94854602e-04, 1.34228193e-03, 0., 3.13199102e-03,
       4.47427301e-04, 2.23713648e-03, 4.47427301e-04, 0.,
       2.23713648e-03, 8.94854602e-04, 0., 8.94854602e-04,
       5.81655512e-03, 6.26398204e-03, 8.94854602e-04, 1.78970920e-03,
       8.94854602e-04, 1.34228193e-03, 8.05369113e-03, 1.34228193e-03,
       2.68456386e-03, 8.94854602e-04, 1.34228193e-03, 0., 0., 0., 0.,
       8.94854602e-04, 2.23713648e-03, 0., 2.68456386e-03, 0., 0.,
       4.47427301e-04, 4.47427301e-04, 4.47427295e-03, 0., 0.,
       4.02684556e-03, 2.23713648e-03, 2.68456386e-03, 8.94854602e-04,
       8.94854602e-04, 6.26398204e-03, 1.34228193e-03, 4.47427301e-04,
       0., 1.34228193e-03, 0., 1.16331102e-02, 4.47427301e-04,
       6.71140943e-03, 0., 4.47427301e-04, 4.47427301e-04,
       1.34228193e-03, 2.68456386e-03, 0., 3.13199102e-03, 0.,
       4.47427301e-04, 3.13199102e-03, 4.47427301e-04, 1.34228193e-03,
       4.47427301e-04, 1.34228193e-03, 8.50111898e-03, 4.47427301e-04,
       4.47427301e-04, 4.47427301e-04, 0., 8.94854602e-04,
       1.34228193e-03, 1.78970920e-03, 4.47427301e-04, 0.,
       8.94854602e-04, 4.47427301e-04, 0., 1.34228193e-03,
       1.34228193e-03, 0., 4.47427301e-04, 4.47427301e-04, 0.,
       1.34228193e-03, 4.47427301e-04, 8.94854602e-04, 4.47427301e-04,
       8.94854602e-04, 4.47427301e-04, 0., 4.47427301e-04,
       8.94854602e-04, 1.34228193e-03, 1.34228193e-03, 8.94854602e-04,
       4.47427301e-04, 4.47427301e-04, 1.34228193e-03, 8.94854602e-04,
       8.94854602e-04, 0., 1.78970920e-03, 1.34228193e-03,
       4.47427301e-04, 0., 1.78970920e-03, 1.78970920e-03, 0.,
       2.68456386e-03, 6.26398204e-03, 0., 2.23713648e-03,
       1.78970920e-03, 1.34228193e-03, 2.68456386e-03, 0., 0.,
       8.94854602e-04, 0., 4.47427301e-04, 0., 2.68456386e-03,
       1.34228193e-03, 1.34228193e-03, 4.47427295e-03, 4.47427301e-04,
       3.57941841e-03, 4.47427301e-04, 0., 1.34228193e-03,
       2.68456386e-03, 8.94854602e-04, 0., 1.34228193e-03, 0.,
       3.13199102e-03, 0., 4.02684556e-03, 1.34228193e-03,
       4.47427301e-04, 0., 4.47427301e-04, 2.68456386e-03, 0.,
       8.94854602e-04, 2.23713648e-03, 2.68456386e-03, 8.94854602e-04,
       4.47427301e-04, 3.13199102e-03, 1.34228193e-03, 0.,
       8.94854602e-04, 3.57941841e-03, 0., 8.94854602e-04,
       8.94854602e-04, 4.47427301e-04, 8.94854602e-04, 0.,
       1.78970920e-03, 6.26398204e-03, 4.47427301e-04, 1.34228193e-03,
       3.57941841e-03, 8.94854602e-04, 8.94854602e-04, 1.34228193e-03,
       1.78970920e-03, 4.47427301e-04, 8.94854602e-04, 8.94854602e-04,
       1.78970920e-03, 1.34228193e-03, 8.94854602e-04, 0.,
       2.23713648e-03, 5.36912773e-03, 2.23713648e-03, 8.94854602e-04,
       0., 2.23713648e-03, 8.94854602e-04, 2.68456386e-03, 0.,
       3.13199102e-03, 8.94854602e-04, 0., 8.94854602e-04,
       4.47427301e-04, 4.47427301e-04, 4.47427301e-04, 4.47427301e-04,
       4.47427301e-04, 4.02684556e-03, 1.34228193e-03, 0.,
       4.47427301e-04, 2.23713648e-03, 0., 0., 1.34228193e-03,
       8.94854602e-04, 2.68456386e-03, 5.81655512e-03, 8.94854602e-04,
       4.47427301e-04, 8.94854602e-04, 0., 0., 4.47427301e-04, 0.,
       4.47427295e-03, 8.94854602e-04, 0., 1.78970920e-03, 0.,
       4.92170034e-03, 4.47427301e-04, 0., 5.81655512e-03,
       2.23713648e-03, 4.92170034e-03, 1.78970920e-03, 8.94854602e-04,
       4.47427301e-04, 2.23713648e-03, 4.47427301e-04, 0.,
       8.94854602e-04, 1.34228193e-03, 4.47427301e-04, 0.,
       8.94854602e-04, 2.23713648e-03, 0., 0., 0., 0., 1.34228193e-03,
       0., 1.34228193e-03, 8.94854602e-04, 1.34228193e-03,
       4.47427301e-04, 0., 0., 8.94854602e-04, 8.94854602e-04,
       1.34228193e-03, 0., 8.94854602e-04, 4.47427301e-04,
       4.47427301e-04, 1.34228193e-03, 1.34228193e-03, 8.94854602e-04,
       2.68456386e-03, 0., 0., 0., 0., 0., 8.94854602e-04,
       2.23713648e-03, 0., 0., 2.23713648e-03, 0., 0., 0.,
       4.47427301e-04, 4.47427301e-04, 0., 0., 0., 0., 1.78970920e-03,
       3.13199102e-03, 1.34228193e-03, 0., 1.78970920e-03,
       4.47427301e-04, 1.34228193e-03, 3.57941841e-03, 4.47427301e-04,
       7.60626420e-03, 8.94854602e-04, 4.47427301e-04, 0., 0.,
       2.23713648e-03, 8.94854602e-04, 4.47427301e-04, 0.,
       8.94854602e-04, 4.92170034e-03, 0., 0., 4.47427301e-04,
       3.13199102e-03, 1.78970920e-03, 4.47427301e-04, 8.94854602e-04,
       4.47427301e-04, 2.23713648e-03, 0., 4.47427301e-04, 0.,
       8.94854602e-04, 4.47427301e-04, 4.47427295e-03, 0.,
       2.23713648e-03, 4.47427301e-04, 6.71140943e-03, 0.,
       4.47427301e-04, 8.94854602e-04, 0., 1.34228193e-03,
       1.34228193e-03, 2.23713648e-03, 4.47427301e-04, 4.47427295e-03,
       4.47427301e-04, 1.78970920e-03, 1.34228193e-03, 1.34228193e-03,
       1.34228193e-03, 1.34228193e-03, 0., 0., 4.02684556e-03,
       4.02684556e-03, 1.78970920e-03, 1.34228193e-03, 8.94854602e-04,
       0., 1.34228193e-03, 8.94854602e-04, 4.47427301e-04,
       1.34228193e-03, 1.34228193e-03, 1.78970920e-03, 2.23713648e-03,
       0., 0., 2.23713648e-03, 0., 2.68456386e-03, 8.94854602e-04, 0.,
       3.13199102e-03, 0., 2.68456386e-03, 2.68456386e-03,
       8.94854602e-04, 1.34228193e-03, 0., 1.34228193e-03,
       8.94854602e-04, 1.78970920e-03, 2.23713648e-03, 4.47427301e-04,
       1.34228193e-03, 3.13199102e-03, 4.47427301e-04, 4.47427301e-04,
       4.47427301e-04, 0., 2.23713648e-03, 8.94854602e-04,
       8.94854602e-04, 8.94854602e-04, 1.34228193e-03, 8.94854602e-04,
       6.71140943e-03, 4.47427301e-04, 0., 4.47427301e-04, 0.,
       2.23713648e-03, 0., 1.34228193e-03, 4.47427301e-04,
       1.34228193e-03, 1.87919475e-02, 1.34228193e-03, 4.47427301e-04,
       8.94854602e-04, 2.23713648e-03, 1.34228193e-03, 4.47427301e-04,
       1.34228193e-03, 4.47427301e-04, 0., 4.47427301e-04,
       8.94854602e-04, 4.47427301e-04, 1.34228193e-03, 8.94854602e-04,
       3.13199102e-03, 8.94854590e-03, 1.34228193e-03, 1.34228193e-03,
       2.23713648e-03, 0., 0., 1.78970920e-03, 1.78970920e-03,
       4.47427301e-04, 1.78970920e-03, 0., 0., 3.57941841e-03, 0.,
       4.47427301e-04, 4.47427295e-03, 0., 4.47427301e-04,
       8.94854602e-04, 0., 4.47427301e-04, 1.78970920e-03,
       1.34228193e-03, 4.47427301e-04, 0., 0., 0., 0., 8.94854602e-04,
       4.47427301e-04, 4.47427295e-03, 4.47427301e-04, 1.78970920e-03,
       3.13199102e-03, 2.23713648e-03, 0., 0., 3.13199102e-03,
       1.34228193e-03, 4.47427301e-04, 4.47427301e-04, 1.78970920e-03,
       0., 0., 0., 0., 0., 0., 8.94854602e-04, 4.47427301e-04,
       8.94854602e-04, 1.34228193e-03, 4.47427301e-04, 4.47427301e-04,
       0., 4.47427301e-04, 2.68456386e-03, 0., 8.94854602e-04,
       8.94854602e-04, 4.47427301e-04, 8.94854602e-04, 0.,
       1.34228193e-03, 1.34228193e-03, 2.23713648e-03, 4.47427295e-03,
       1.34228193e-03, 0., 2.23713648e-03, 2.23713648e-03,
       4.92170034e-03, 2.23713648e-03, 2.23713648e-03, 0.,
       2.68456386e-03, 0., 0., 8.94854602e-04, 2.23713648e-03,
