%YAML:1.0
m100n: !!opencv-matrix
   rows: 1
   cols: 800
   dt: f
   data: [ 6.84697006e-04, 3.42348503e-04, 2.39643943e-03,
       3.42348503e-04, 6.84697006e-04, 3.42348503e-04, 0., 0.,
       3.42348503e-04, 1.02704554e-03, 1.71174249e-03, 1.02704554e-03,
       4.79287887e-03, 3.76583356e-03, 6.84697006e-04, 3.76583356e-03,
       1.71174249e-03, 1.02704554e-03, 1.36939401e-03, 1.36939401e-03,
       3.42348503e-04, 3.42348503e-04, 1.02704554e-03, 5.13522746e-03,
       1.02704554e-03, 0., 1.02704554e-03, 0., 1.02704554e-03,
       4.10818215e-03, 1.36939401e-03, 1.36939401e-03, 6.84697006e-04,
       0., 0., 3.42348503e-04, 1.36939401e-03, 0., 1.02704554e-03,
       3.42348503e-04, 6.84697006e-04, 6.84697006e-04, 1.36939401e-03,
       6.84697006e-04, 1.71174249e-03, 1.02704554e-03, 2.39643943e-03,
       1.71174249e-03, 5.81992464e-03, 3.42348503e-04, 0., 0.,
       3.42348503e-04, 3.42348503e-04, 4.45053075e-03, 3.42348503e-04,
       0., 1.02704554e-03, 1.02704554e-03, 3.42348503e-04,
       9.92810633e-03, 3.42348503e-04, 6.84697006e-04, 6.84697006e-04,
       3.42348503e-04, 0., 0., 1.36939401e-03, 6.84697006e-04,
       3.42348503e-04, 3.76583356e-03, 0., 6.84697006e-04,
       3.42348503e-04, 6.84697006e-04, 1.71174249e-03, 3.08113662e-03,
       0., 1.71174249e-03, 1.71174249e-03, 0., 1.02704554e-03,
       1.36939401e-03, 1.02704554e-03, 6.84697006e-04, 1.02704554e-03,
       3.42348503e-04, 1.36939401e-03, 0., 0., 3.42348503e-04,
       3.42348503e-04, 0., 0., 0., 3.42348503e-04, 6.84697006e-04,
       6.84697006e-04, 3.42348503e-04, 3.42348503e-04, 3.42348503e-04,
       6.84697006e-04, 1.36939401e-03, 3.42348503e-04, 6.84697006e-04,
       3.08113662e-03, 3.76583356e-03, 2.05409108e-03, 2.39643943e-03,
       2.39643943e-03, 2.05409108e-03, 1.02704554e-03, 8.21636431e-03,
       0., 0., 0., 6.84696995e-03, 6.84697006e-04, 1.02704554e-03, 0.,
       3.42348503e-04, 6.84697006e-04, 1.02704554e-03, 1.71174249e-03,
       0., 1.71174249e-03, 3.42348503e-04, 3.42348503e-04,
       2.39643943e-03, 6.84697006e-04, 8.90106149e-03, 1.02704554e-03,
       1.71174249e-03, 2.05409108e-03, 3.42348503e-04, 4.10818215e-03,
       3.42348503e-04, 3.42348503e-04, 3.42348503e-04, 6.84697006e-04,
       1.71174249e-03, 1.36939401e-03, 0., 1.36939401e-03, 0.,
       6.84697006e-04, 0., 0., 0., 0., 3.76583356e-03, 3.42348503e-04,
       1.71174249e-03, 0., 2.73878803e-03, 0., 1.78021230e-02, 0.,
       3.42348503e-04, 1.02704554e-03, 0., 3.42348497e-03,
       3.42348503e-04, 6.84697006e-04, 7.18931854e-03, 1.36939401e-03,
       6.84697006e-04, 3.42348503e-04, 3.42348503e-04, 6.84697006e-04,
       3.42348503e-04, 3.42348497e-03, 0., 0., 1.71174249e-03,
       9.24340915e-03, 3.42348503e-04, 6.84697006e-04, 1.02704554e-03,
       0., 5.81992464e-03, 1.36939401e-03, 2.73878803e-03, 0.,
       3.42348503e-04, 3.42348503e-04, 2.39643943e-03, 1.36939401e-03,
       3.42348503e-04, 6.84697006e-04, 3.42348497e-03, 0.,
       1.36939401e-03, 1.71174249e-03, 3.42348503e-04, 3.08113662e-03,
       1.36939401e-03, 6.84697006e-04, 0., 2.73878803e-03,
       1.36939401e-03, 1.02704554e-03, 1.02704554e-03, 6.84697006e-04,
       3.42348503e-04, 1.02704554e-03, 1.71174249e-03, 2.05409108e-03,
       0., 3.42348503e-04, 1.36939401e-03, 1.36939401e-03,
       1.71174249e-03, 0., 6.84697006e-04, 3.42348503e-04,
       6.84697006e-04, 3.42348503e-04, 0., 3.42348503e-04,
       3.42348503e-04, 3.42348503e-04, 3.08113662e-03, 0.,
       2.39643943e-03, 3.42348503e-04, 3.42348503e-04, 6.84697006e-04,
       6.84697006e-04, 3.42348503e-04, 1.02704554e-03, 1.36939401e-03,
       1.02704554e-03, 1.36939401e-03, 3.42348503e-04, 3.76583356e-03,
       4.45053075e-03, 3.76583356e-03, 6.84697006e-04, 1.02704554e-03,
       3.42348503e-04, 1.02704554e-03, 3.42348503e-04, 1.71174249e-03,
       0., 1.36939401e-03, 3.42348497e-03, 1.71174249e-03,
       1.36939401e-03, 1.02704554e-03, 3.42348503e-04, 0.,
       2.05409108e-03, 0., 2.05409108e-03, 1.02704554e-03,
       6.84697006e-04, 0., 3.42348503e-04, 1.02704554e-03,
       3.42348503e-04, 6.84697006e-04, 0., 1.36939401e-03,
       2.05409108e-03, 6.84697006e-04, 3.42348503e-04, 1.36939401e-03,
       0., 3.42348503e-04, 1.71174249e-03, 1.02704554e-03,
       3.42348503e-04, 1.36939401e-03, 4.79287887e-03, 2.39643943e-03,
       1.71174249e-03, 0., 6.84697006e-04, 1.36939401e-03, 0.,
       1.71174249e-03, 3.42348503e-04, 0., 3.42348503e-04,
       3.42348503e-04, 2.05409108e-03, 3.42348503e-04, 0.,
       2.05409108e-03, 2.39643943e-03, 6.84697006e-04, 1.71174249e-03,
       6.84697006e-04, 2.05409108e-03, 1.36939401e-03, 1.71174249e-03,
       0., 6.84697006e-04, 6.84697006e-04, 3.42348503e-04,
       1.71174249e-03, 1.36939401e-03, 1.36939401e-03, 0., 0., 0., 0.,
       3.08113662e-03, 3.42348503e-04, 1.36939401e-03, 2.05409108e-03,
       2.39643943e-03, 6.84697006e-04, 3.42348503e-04, 1.36939401e-03,
       1.71174249e-03, 0., 3.42348503e-04, 0., 1.36939401e-03,
       1.02704554e-03, 1.02704554e-03, 3.42348503e-04, 1.71174249e-03,
       1.02704554e-03, 4.79287887e-03, 3.42348503e-04, 3.42348503e-04,
       2.05409108e-03, 3.42348503e-04, 2.25950014e-02, 1.36939401e-03,
       2.05409108e-03, 6.84697006e-04, 1.71174249e-03, 1.71174249e-03,
       1.02704554e-03, 3.42348503e-04, 6.84697006e-04, 0., 0.,
       3.42348503e-04, 6.84697006e-04, 3.42348503e-04, 3.42348503e-04,
       0., 3.42348503e-04, 0., 1.71174249e-03, 5.13522746e-03, 0.,
       1.02704554e-03, 3.08113662e-03, 0., 9.58575774e-03,
       1.71174249e-03, 3.42348503e-04, 6.84697006e-04, 1.36939401e-03,
       6.84697006e-04, 0., 3.42348503e-04, 3.42348503e-04,
       2.39643943e-03, 3.76583356e-03, 3.42348503e-04, 6.84697006e-04,
       3.42348503e-04, 1.02704554e-03, 2.05409108e-03, 1.36939401e-03,
       3.42348503e-04, 3.42348503e-04, 3.08113662e-03, 1.02704554e-03,
       0., 3.42348503e-04, 6.84697006e-04, 0., 3.42348497e-03,
       6.84697006e-04, 1.71174249e-03, 1.71174249e-03, 1.36939401e-03,
       0., 1.36939401e-03, 2.05409108e-03, 3.42348503e-04,
       3.76583356e-03, 1.02704554e-03, 2.73878803e-03, 6.84697006e-04,
       2.73878803e-03, 3.42348503e-04, 0., 1.36939401e-03, 0.,
       2.73878803e-03, 1.36939401e-03, 6.84697006e-04, 3.42348503e-04,
       1.71174249e-03, 1.71174249e-03, 0., 6.84697006e-04,
       1.02704554e-03, 1.02704554e-03, 1.36939401e-03, 0.,
       1.36939401e-03, 2.05409108e-03, 1.02704554e-03, 3.42348503e-04,
       2.05409108e-03, 1.02704554e-03, 0., 0., 3.42348503e-04,
       4.45053075e-03, 6.84697006e-04, 1.36939401e-03, 3.08113662e-03,
       3.42348503e-04, 3.42348503e-04, 6.84697006e-04, 3.42348497e-03,
       3.42348503e-04, 3.42348503e-04, 6.84697006e-04, 2.05409108e-03,
       1.02704554e-03, 3.42348497e-03, 3.42348503e-04, 1.36939401e-03,
       3.42348497e-03, 0., 3.42348503e-04, 6.84697006e-04, 0.,
       1.36939401e-03, 1.36939401e-03, 1.36939401e-03, 3.76583356e-03,
       3.42348503e-04, 0., 3.42348497e-03, 6.84697006e-04,
       1.02704554e-03, 1.36939401e-03, 0., 6.84697006e-04,
       6.84697006e-04, 2.73878803e-03, 3.42348503e-04, 2.05409108e-03,
       2.73878803e-03, 1.71174249e-03, 6.84697006e-04, 0.,
       3.42348503e-04, 1.02704554e-03, 1.36939401e-03, 3.42348503e-04,
       6.84697006e-04, 0., 0., 1.36939401e-03, 3.42348503e-04,
       1.36939401e-03, 3.42348503e-04, 1.71174249e-03, 1.71174249e-03,
       0., 3.42348503e-04, 1.02704554e-03, 3.42348503e-04, 0., 0.,
       3.42348497e-03, 3.42348503e-04, 1.02704554e-03, 3.42348503e-04,
       1.02704554e-03, 0., 0., 6.84697006e-04, 1.02704554e-03, 0., 0.,
       3.42348503e-04, 3.42348503e-04, 6.84697006e-04, 3.42348503e-04,
       2.05409108e-03, 6.84696995e-03, 1.36939401e-03, 0., 0., 0.,
       1.36939401e-03, 3.42348503e-04, 1.36939401e-03, 1.71174249e-03,
       6.84697006e-04, 3.42348497e-03, 2.39643943e-03, 0.,
       1.02704554e-03, 2.05409108e-03, 3.42348503e-04, 0.,
       6.84697006e-04, 3.42348503e-04, 3.42348503e-04, 3.42348503e-04,
