%YAML:1.0
m100n: !!opencv-matrix
   rows: 1
   cols: 800
   dt: f
   data: [ 6.76132506e-04, 4.05679503e-03, 1.35226501e-03, 0.,
       2.02839752e-03, 0., 6.76132506e-04, 0., 2.02839752e-03,
       1.35226501e-03, 2.02839752e-03, 0., 1.35226501e-03,
       2.70453002e-03, 1.35226501e-03, 0., 6.76132506e-04,
       2.02839752e-03, 6.76132506e-04, 0., 6.76132506e-04,
       6.76132506e-04, 0., 0., 6.76132506e-04, 0., 6.76132506e-04,
       1.35226501e-03, 3.38066253e-03, 1.35226501e-03, 1.35226501e-03,
       6.76132506e-04, 2.70453002e-03, 1.35226501e-03, 0., 0.,
       1.35226501e-03, 1.35226501e-03, 1.35226501e-03, 0.,
       1.35226501e-03, 6.76132506e-04, 6.76132506e-04, 6.76132506e-04,
       1.35226501e-03, 6.76132506e-04, 2.02839752e-03, 0.,
       6.76132506e-04, 1.35226501e-03, 0., 0., 0., 6.76132506e-04,
       4.05679503e-03, 2.02839752e-03, 0., 6.76132506e-04,
       1.35226501e-03, 1.35226501e-03, 2.70453002e-03, 1.35226501e-03,
       0., 1.08181201e-02, 0., 6.76132506e-04, 0., 6.76132506e-04, 0.,
       0., 6.76132506e-04, 0., 0., 6.76132506e-04, 6.76132506e-04,
       4.05679503e-03, 6.76132506e-04, 6.76132506e-04, 0., 0.,
       1.35226501e-03, 0., 4.73292731e-03, 6.76132506e-04,
       1.35226501e-03, 0., 3.38066253e-03, 1.35226501e-03, 0., 0.,
       4.05679503e-03, 2.02839752e-03, 0., 0., 0., 1.35226501e-03, 0.,
       6.76132506e-04, 6.76132506e-04, 0., 0., 1.35226501e-03,
       1.35226501e-03, 1.35226501e-03, 2.02839752e-03, 0.,
       6.76132506e-04, 0., 0., 0., 7.43745733e-03, 1.35226501e-03,
       6.76132506e-04, 0., 6.76132506e-04, 0., 0., 1.35226501e-03, 0.,
       6.76132506e-04, 6.76132506e-04, 6.76132506e-04, 0.,
       6.76132506e-04, 0., 6.76132506e-04, 1.35226501e-03,
       6.76132506e-04, 6.76132506e-04, 0., 0., 6.76132506e-04, 0.,
       2.02839752e-03, 0., 6.76132506e-04, 6.76132506e-04,
       2.02839752e-03, 0., 6.76132506e-04, 6.08519278e-03, 0.,
       1.35226501e-03, 6.76132506e-04, 0., 1.35226501e-03,
       6.76132506e-04, 6.76132506e-04, 6.76132506e-04, 6.76132506e-04,
       6.76132506e-04, 6.76132506e-04, 0., 4.05679503e-03, 0.,
       2.70453002e-03, 0., 6.76132506e-04, 0., 6.76132506e-04,
       1.35226501e-03, 6.76132506e-04, 6.76132506e-04, 1.35226501e-03,
       5.40906005e-03, 0., 0., 6.76132506e-04, 5.40906005e-03, 0.,
       4.73292731e-03, 6.76132506e-04, 6.76132506e-04, 0.,
       1.35226501e-03, 0., 0., 1.35226501e-03, 2.70453002e-03,
       6.76132506e-04, 0., 1.35226501e-03, 0., 0., 0., 6.76132506e-04,
       6.76132506e-04, 3.38066253e-03, 0., 2.02839752e-03,
       6.08519278e-03, 1.35226501e-03, 6.76132506e-04, 1.35226501e-03,
       0., 2.70453002e-03, 0., 1.35226501e-03, 6.76132506e-04, 0.,
       6.76132506e-04, 0., 1.35226501e-03, 1.35226501e-03,
       2.70453002e-03, 3.38066253e-03, 0., 1.35226501e-03, 0., 0., 0.,
       2.02839752e-03, 0., 0., 0., 4.73292731e-03, 3.38066253e-03, 0.,
       6.76132506e-04, 2.02839752e-03, 0., 1.35226501e-03,
       2.02839752e-03, 6.76132506e-04, 6.76132506e-04, 0.,
       6.76132506e-04, 0., 6.76132506e-04, 0., 6.76132506e-04,
       2.70453002e-03, 0., 0., 1.35226501e-03, 6.76132506e-04,
       6.76132506e-04, 1.35226501e-03, 6.76132506e-04, 0.,
       2.70453002e-03, 6.76132506e-04, 3.38066253e-03, 1.35226501e-03,
       2.02839752e-03, 0., 3.38066253e-03, 0., 6.76132506e-04, 0.,
       6.76132506e-04, 6.76132506e-04, 0., 2.70453002e-03, 0.,
       2.02839752e-03, 0., 2.02839752e-03, 6.76132506e-04, 0.,
       2.02839752e-03, 6.76132506e-04, 2.02839752e-03, 6.76132506e-04,
       6.76132506e-04, 6.76132506e-04, 7.43745733e-03, 0., 0., 0.,
       3.38066253e-03, 0., 0., 4.05679503e-03, 2.02839752e-03,
       2.02839752e-03, 0., 0., 6.76132506e-04, 9.46585461e-03, 0.,
       6.76132506e-04, 6.76132506e-04, 6.76132506e-04, 0.,
       6.76132506e-04, 6.76132506e-04, 0., 0., 3.38066253e-03,
       6.76132506e-04, 0., 6.76132506e-04, 2.02839752e-03, 0.,
       6.76132506e-04, 0., 6.76132506e-04, 2.02839752e-03,
       6.76132506e-04, 0., 6.76132506e-04, 6.76132506e-04,
       6.76132506e-04, 6.76132506e-04, 0., 6.76132506e-04, 0.,
       1.35226501e-03, 6.76132506e-04, 0., 6.76132506e-03, 0.,
       1.35226501e-03, 6.08519278e-03, 0., 6.08519278e-03,
       2.02839752e-03, 2.70453002e-03, 6.76132506e-04, 1.35226501e-03,
       5.40906005e-03, 7.43745733e-03, 2.02839752e-03, 1.35226501e-03,
       0., 1.35226501e-03, 6.76132506e-04, 2.70453002e-03, 0.,
       6.76132506e-04, 2.02839752e-03, 0., 2.02839752e-03, 0.,
       2.02839752e-03, 0., 6.76132506e-04, 0., 6.76132506e-04,
       6.76132506e-04, 6.76132506e-04, 1.35226501e-03, 0.,
       2.02839752e-03, 0., 0., 0., 0., 2.02839752e-03, 6.76132506e-04,
       0., 6.76132506e-04, 1.35226501e-03, 0., 2.70453002e-03,
       6.76132506e-04, 6.76132506e-04, 6.76132506e-04, 3.38066253e-03,
       2.02839752e-03, 2.70453002e-03, 0., 0., 0., 0., 0.,
       6.76132506e-04, 2.70453002e-03, 6.76132506e-04, 6.76132506e-04,
       6.76132506e-04, 1.35226501e-03, 0., 2.02839752e-03, 0.,
       1.35226501e-03, 6.76132506e-04, 0., 2.70453002e-03,
       6.76132506e-04, 0., 6.76132506e-04, 1.35226501e-03,
       2.02839752e-03, 2.70453002e-03, 2.02839752e-03, 0.,
       6.76132506e-04, 0., 1.01419874e-02, 0., 0., 0., 8.78972281e-03,
       6.76132506e-04, 3.38066253e-03, 6.76132506e-04, 0., 0.,
       4.73292731e-03, 0., 6.76132506e-04, 1.35226501e-03,
       1.35226501e-03, 6.76132506e-04, 1.35226501e-03, 0.,
       6.76132506e-04, 2.70453002e-03, 2.02839752e-03, 6.76132506e-04,
       0., 0., 0., 0., 0., 6.76132506e-04, 0., 2.02839752e-03,
       6.76132506e-04, 1.35226501e-03, 0., 1.35226501e-03,
       2.02839752e-03, 0., 2.70453002e-03, 4.05679503e-03, 0.,
       6.76132506e-04, 7.43745733e-03, 0., 0., 1.62271801e-02, 0., 0.,
       6.76132506e-04, 4.73292731e-03, 0., 0., 1.35226501e-03,
       4.05679503e-03, 6.76132506e-04, 1.48749147e-02, 3.38066253e-03,
       0., 2.02839752e-03, 0., 0., 0., 2.02839752e-03, 1.35226501e-03,
       6.76132506e-04, 6.76132506e-04, 0., 6.76132506e-04,
       2.02839752e-03, 4.73292731e-03, 0., 0., 0., 6.76132506e-04, 0.,
       0., 6.76132506e-04, 2.02839752e-03, 0., 0., 0., 2.02839752e-03,
       6.76132506e-04, 6.76132506e-04, 0., 2.02839752e-03, 0.,
       3.38066253e-03, 7.43745733e-03, 6.76132506e-04, 6.76132506e-04,
       2.02839752e-03, 0., 1.35226501e-03, 0., 0., 6.76132506e-04, 0.,
       6.76132506e-04, 6.76132506e-04, 0., 2.70453002e-03, 0.,
       6.76132506e-04, 2.02839752e-03, 0., 0., 6.76132506e-04, 0., 0.,
       6.76132506e-04, 6.76132506e-04, 6.76132506e-04, 6.08519278e-03,
       1.35226501e-03, 2.02839752e-03, 4.73292731e-03, 0.,
       1.35226501e-03, 0., 6.76132506e-04, 1.35226501e-03, 0., 0.,
       6.76132506e-04, 0., 6.76132506e-04, 2.70453002e-03, 0.,
       1.35226501e-03, 0., 6.76132506e-04, 6.76132506e-04,
       6.76132506e-04, 0., 3.38066253e-03, 0., 2.70453002e-03,
       1.35226501e-03, 0., 0., 6.76132506e-04, 0., 0., 0., 0.,
       1.35226501e-03, 0., 6.76132506e-04, 1.35226501e-03,
       1.35226501e-03, 6.76132506e-04, 0., 0., 0., 0., 6.76132506e-04,
       0., 0., 0., 3.38066253e-03, 6.76132506e-04, 0., 2.02839752e-03,
       0., 0., 8.78972281e-03, 8.11359007e-03, 6.76132506e-04,
       4.05679503e-03, 2.02839752e-03, 6.76132506e-04, 6.76132506e-04,
       6.76132506e-04, 6.76132506e-04, 0., 0., 6.76132506e-04,
       2.02839752e-03, 1.35226501e-03, 0., 1.35226501e-03,
       4.05679503e-03, 1.35226501e-03, 6.76132506e-04, 6.76132506e-04,
       6.76132506e-04, 1.35226501e-03, 2.02839752e-03, 6.76132506e-04,
       0., 1.35226501e-03, 6.76132506e-04, 2.70453002e-03,
       6.76132506e-04, 0., 6.76132506e-04, 0., 1.35226501e-03,
       1.35226501e-03, 1.35226501e-03, 6.76132506e-04, 6.76132506e-04,
       6.76132506e-04, 0., 4.05679503e-03, 3.38066253e-03, 0., 0.,
       2.02839752e-03, 6.76132506e-04, 6.76132506e-04, 0., 0.,
       6.76132506e-04, 1.35226501e-03, 0., 0., 2.02839752e-03,
