%YAML:1.0
m100n: !!opencv-matrix
   rows: 1
   cols: 800
   dt: f
   data: [ 6.88468164e-04, 0., 3.44234076e-03, 3.44234082e-04, 0., 0.,
       0., 0., 0., 6.88468164e-04, 1.03270228e-03, 6.88468164e-04,
       6.54044747e-03, 3.09810671e-03, 3.44234082e-04, 2.40963860e-03,
       1.72117038e-03, 6.88468164e-04, 1.03270228e-03, 6.88468164e-04,
       3.44234082e-04, 1.72117038e-03, 0., 5.50774531e-03,
       1.37693633e-03, 6.88468164e-04, 2.06540455e-03, 2.40963860e-03,
       1.72117038e-03, 4.47504316e-03, 1.03270228e-03, 2.06540455e-03,
       0., 0., 0., 3.44234082e-04, 6.88468164e-04, 6.88468164e-04,
       1.72117038e-03, 3.44234082e-04, 6.88468164e-04, 6.88468164e-04,
       3.44234082e-04, 6.88468164e-04, 1.03270228e-03, 1.37693633e-03,
       2.40963860e-03, 3.09810671e-03, 6.54044747e-03, 0., 0.,
       3.44234082e-04, 0., 6.88468164e-04, 2.75387266e-03, 0.,
       3.44234082e-04, 1.03270228e-03, 1.03270228e-03, 0.,
       7.22891558e-03, 0., 3.44234082e-04, 3.44234082e-04,
       6.88468164e-04, 3.44234082e-04, 3.44234082e-04, 3.44234082e-04,
       6.88468164e-04, 3.44234082e-04, 4.47504316e-03, 0.,
       3.44234082e-04, 6.88468164e-04, 1.72117038e-03, 2.40963860e-03,
       3.78657482e-03, 0., 3.44234082e-04, 6.88468164e-04,
       3.44234082e-04, 1.37693633e-03, 1.37693633e-03, 1.03270228e-03,
       0., 1.03270228e-03, 6.88468164e-04, 2.06540455e-03,
       3.44234082e-04, 1.03270228e-03, 1.03270228e-03, 0.,
       3.44234082e-04, 0., 0., 6.88468164e-04, 0., 1.72117038e-03,
       6.88468164e-04, 6.88468164e-04, 3.44234082e-04, 3.44234082e-04,
       3.44234082e-04, 0., 3.44234082e-04, 3.78657482e-03,
       2.75387266e-03, 2.06540455e-03, 2.06540455e-03, 1.03270228e-03,
       6.88468164e-04, 2.06540455e-03, 8.60585179e-03, 0.,
       6.88468164e-04, 0., 5.50774531e-03, 3.44234082e-04,
       2.06540455e-03, 0., 0., 6.88468164e-04, 1.03270228e-03,
       6.88468164e-04, 0., 1.37693633e-03, 1.72117038e-03,
       6.88468164e-04, 2.06540455e-03, 6.88468164e-04, 8.95008631e-03,
       1.03270228e-03, 2.75387266e-03, 2.06540455e-03, 6.88468164e-04,
       3.09810671e-03, 3.44234082e-04, 6.88468164e-04, 1.37693633e-03,
       1.03270228e-03, 1.37693633e-03, 2.06540455e-03, 3.44234082e-04,
       1.37693633e-03, 3.44234082e-04, 6.88468164e-04, 0.,
       6.88468164e-04, 0., 0., 4.13080910e-03, 1.03270228e-03,
       1.72117038e-03, 3.44234082e-04, 2.06540455e-03, 0.,
       1.82444062e-02, 3.44234082e-04, 3.44234082e-04, 6.88468164e-04,
       3.44234082e-04, 2.75387266e-03, 0., 6.88468164e-04,
       6.88468153e-03, 3.44234082e-04, 6.88468164e-04, 3.44234082e-04,
       3.44234082e-04, 6.88468164e-04, 0., 3.78657482e-03, 0., 0.,
       1.72117038e-03, 8.26161820e-03, 3.44234082e-04, 6.88468164e-04,
       1.03270228e-03, 3.44234082e-04, 6.19621342e-03, 3.44234082e-04,
       1.72117038e-03, 0., 6.88468164e-04, 0., 1.72117038e-03,
       1.03270228e-03, 1.03270228e-03, 0., 4.13080910e-03,
       6.88468164e-04, 1.03270228e-03, 1.72117038e-03, 1.03270228e-03,
       1.03270228e-03, 1.37693633e-03, 3.44234082e-04, 3.44234082e-04,
       2.06540455e-03, 3.44234082e-04, 6.88468164e-04, 1.03270228e-03,
       1.37693633e-03, 3.44234082e-04, 1.72117038e-03, 1.72117038e-03,
       2.06540455e-03, 0., 0., 1.03270228e-03, 0., 2.40963860e-03, 0.,
       0., 3.44234082e-04, 3.44234082e-04, 1.03270228e-03,
       1.03270228e-03, 3.44234082e-04, 3.44234082e-04, 3.44234082e-04,
       2.75387266e-03, 0., 2.75387266e-03, 0., 6.88468164e-04,
       3.44234082e-04, 1.03270228e-03, 6.88468164e-04, 6.88468164e-04,
       1.72117038e-03, 6.88468164e-04, 1.72117038e-03, 0.,
       3.44234076e-03, 5.50774531e-03, 4.47504316e-03, 3.44234082e-04,
       0., 3.44234082e-04, 1.03270228e-03, 6.88468164e-04,
       2.40963860e-03, 0., 1.72117038e-03, 1.72117038e-03,
       6.88468164e-04, 1.03270228e-03, 1.03270228e-03, 6.88468164e-04,
       3.44234082e-04, 1.03270228e-03, 0., 1.37693633e-03,
       1.37693633e-03, 1.37693633e-03, 6.88468164e-04, 3.44234082e-04,
       1.03270228e-03, 6.88468164e-04, 3.44234082e-04, 0., 0.,
       2.06540455e-03, 0., 2.06540455e-03, 6.88468164e-04, 0.,
       1.72117038e-03, 1.72117038e-03, 6.88468164e-04, 1.03270228e-03,
       6.88468164e-04, 5.16351126e-03, 2.40963860e-03, 1.72117038e-03,
       3.44234082e-04, 1.03270228e-03, 6.88468164e-04, 0.,
       6.88468164e-04, 0., 0., 3.44234082e-04, 3.44234082e-04,
       2.06540455e-03, 3.44234082e-04, 0., 1.72117038e-03,
       2.40963860e-03, 1.72117038e-03, 1.03270228e-03, 1.03270228e-03,
       1.03270228e-03, 1.37693633e-03, 2.06540455e-03, 3.44234082e-04,
       3.44234082e-04, 3.44234082e-04, 0., 2.06540455e-03,
       2.06540455e-03, 2.75387266e-03, 0., 0., 3.44234082e-04, 0.,
       3.09810671e-03, 3.44234082e-04, 1.03270228e-03, 1.37693633e-03,
       2.75387266e-03, 3.44234082e-04, 1.72117038e-03, 2.40963860e-03,
       1.72117038e-03, 1.03270228e-03, 6.88468164e-04, 0.,
       6.88468164e-04, 3.44234082e-04, 3.44234082e-04, 6.88468164e-04,
       6.88468164e-04, 3.44234082e-04, 3.44234076e-03, 0., 0.,
       3.78657482e-03, 6.88468164e-04, 2.65060235e-02, 2.75387266e-03,
       1.03270228e-03, 6.88468164e-04, 1.03270228e-03, 6.88468164e-04,
       6.88468164e-04, 1.03270228e-03, 3.44234082e-04, 0., 0.,
       6.88468164e-04, 1.72117038e-03, 1.03270228e-03, 3.44234082e-04,
       0., 3.44234082e-04, 0., 6.88468164e-04, 4.81927721e-03, 0., 0.,
       3.09810671e-03, 0., 1.44578312e-02, 3.09810671e-03,
       3.44234082e-04, 6.88468164e-04, 2.75387266e-03, 1.37693633e-03,
       3.44234082e-04, 6.88468164e-04, 3.44234082e-04, 1.03270228e-03,
       3.78657482e-03, 0., 0., 3.44234082e-04, 6.88468164e-04,
       2.75387266e-03, 3.44234082e-04, 3.44234082e-04, 1.37693633e-03,
       5.16351126e-03, 2.06540455e-03, 3.44234082e-04, 0.,
       6.88468164e-04, 0., 4.13080910e-03, 6.88468164e-04,
       2.75387266e-03, 1.03270228e-03, 3.44234082e-04, 0.,
       1.37693633e-03, 6.88468164e-04, 1.72117038e-03, 2.06540455e-03,
       0., 2.75387266e-03, 0., 1.72117038e-03, 3.44234082e-04, 0.,
       1.03270228e-03, 1.37693633e-03, 2.06540455e-03, 2.40963860e-03,
       1.37693633e-03, 3.44234082e-04, 1.37693633e-03, 3.44234082e-04,
       0., 3.44234082e-04, 1.37693633e-03, 1.37693633e-03,
       1.72117038e-03, 6.88468164e-04, 3.44234082e-04, 3.78657482e-03,
       1.03270228e-03, 3.44234082e-04, 6.88468164e-04, 1.03270228e-03,
       1.03270228e-03, 1.03270228e-03, 0., 5.50774531e-03,
       3.44234082e-04, 1.03270228e-03, 1.37693633e-03, 3.44234082e-04,
       3.44234082e-04, 1.03270228e-03, 2.75387266e-03, 0.,
       3.44234082e-04, 6.88468164e-04, 1.72117038e-03, 1.37693633e-03,
       2.40963860e-03, 3.44234082e-04, 1.03270228e-03, 3.09810671e-03,
       0., 6.88468164e-04, 0., 0., 3.44234082e-04, 1.03270228e-03,
       3.44234082e-04, 3.44234076e-03, 0., 0., 3.09810671e-03,
       1.03270228e-03, 3.44234082e-04, 1.72117038e-03, 1.03270228e-03,
       3.44234082e-04, 3.44234082e-04, 3.78657482e-03, 3.44234082e-04,
       3.09810671e-03, 2.06540455e-03, 2.40963860e-03, 3.44234082e-04,
       0., 0., 1.03270228e-03, 1.37693633e-03, 6.88468164e-04,
       6.88468164e-04, 0., 0., 1.03270228e-03, 3.44234082e-04,
       3.44234082e-04, 6.88468164e-04, 2.06540455e-03, 1.72117038e-03,
       0., 1.03270228e-03, 6.88468164e-04, 0., 0., 0., 4.13080910e-03,
       3.44234082e-04, 1.03270228e-03, 6.88468164e-04, 3.44234082e-04,
       3.44234082e-04, 0., 3.44234082e-04, 1.03270228e-03, 0.,
       3.44234082e-04, 6.88468164e-04, 0., 3.44234082e-04, 0.,
       2.40963860e-03, 9.63855442e-03, 6.88468164e-04, 0., 0., 0.,
       1.03270228e-03, 6.88468164e-04, 1.72117038e-03, 1.37693633e-03,
       3.44234082e-04, 4.81927721e-03, 1.72117038e-03, 0.,
       3.44234082e-04, 1.03270228e-03, 3.44234082e-04, 3.44234082e-04,
       0., 0., 0., 0., 0., 3.44234082e-04, 3.44234082e-04,
       6.88468164e-04, 1.03270228e-03, 3.44234082e-04, 6.88468164e-04,
