%YAML:1.0
m100n: !!opencv-matrix
   rows: 1
   cols: 800
   dt: f
   data: [ 9.76562500e-04, 1.46484375e-03, 4.88281250e-03,
       1.95312500e-03, 0., 4.88281250e-04, 9.76562500e-04,
       9.76562500e-04, 4.88281250e-04, 4.88281250e-04, 2.92968750e-03,
       9.76562500e-04, 0., 0., 1.46484375e-03, 0., 0., 0., 0.,
       4.88281250e-04, 0., 0., 3.41796875e-03, 9.76562500e-04,
       3.90625000e-03, 0., 9.76562500e-04, 9.76562500e-04,
       4.88281250e-04, 4.88281250e-04, 1.95312500e-03, 4.88281250e-04,
       1.46484375e-03, 9.76562500e-04, 9.76562500e-04, 9.76562500e-04,
       9.76562500e-04, 4.88281250e-04, 4.88281250e-04, 9.76562500e-04,
       0., 1.46484375e-03, 1.95312500e-03, 1.95312500e-03,
       9.76562500e-04, 0., 1.46484375e-03, 1.46484375e-03,
       4.88281250e-04, 2.44140625e-03, 1.46484375e-03, 1.46484375e-03,
       0., 5.85937500e-03, 1.95312500e-03, 4.88281250e-04,
       1.26953125e-02, 1.46484375e-03, 1.95312500e-03, 1.95312500e-03,
       1.46484375e-03, 4.88281250e-04, 6.34765625e-03, 9.76562500e-04,
       2.92968750e-03, 4.88281250e-04, 0., 0., 0., 9.76562500e-04,
       4.88281250e-04, 4.88281250e-04, 0., 4.88281250e-04,
       5.37109375e-03, 4.88281250e-04, 9.76562500e-04, 1.46484375e-03,
       0., 4.88281250e-04, 4.88281250e-04, 0., 0., 1.46484375e-03, 0.,
       6.34765625e-03, 9.76562500e-04, 1.46484375e-03, 9.76562500e-04,
       9.76562500e-04, 1.95312500e-03, 9.76562500e-04, 0.,
       1.95312500e-03, 1.46484375e-03, 1.46484375e-03, 4.88281250e-04,
       0., 4.88281250e-04, 4.88281250e-04, 2.92968750e-03,
       1.46484375e-03, 0., 9.76562500e-04, 1.95312500e-03,
       4.88281250e-04, 4.88281250e-04, 0., 9.76562500e-04,
       4.88281250e-04, 0., 4.88281250e-04, 0., 0., 4.88281250e-04, 0.,
       0., 9.76562500e-04, 1.02539062e-02, 1.95312500e-03,
       3.41796875e-03, 4.88281250e-04, 9.76562500e-04, 1.46484375e-03,
       4.88281250e-04, 0., 4.88281250e-04, 0., 4.88281250e-04,
       9.76562500e-04, 1.46484375e-03, 2.44140625e-03, 2.92968750e-03,
       0., 1.46484375e-03, 1.07421875e-02, 4.88281250e-04, 0., 0., 0.,
       4.88281250e-04, 4.88281250e-04, 0., 0., 0., 1.46484375e-03,
       9.76562500e-04, 0., 2.92968750e-03, 9.76562500e-04,
       4.88281250e-04, 2.92968750e-03, 4.88281250e-04, 4.88281250e-04,
       0., 0., 1.95312500e-03, 4.88281250e-04, 9.76562500e-04,
       4.88281250e-04, 1.46484375e-03, 4.88281250e-04, 0., 0.,
       1.46484375e-03, 0., 9.76562500e-04, 4.88281250e-04, 0., 0.,
       2.44140625e-03, 0., 9.76562500e-04, 1.95312500e-03,
       2.92968750e-03, 0., 1.46484375e-03, 2.29492188e-02,
       4.88281250e-04, 9.76562500e-04, 2.44140625e-03, 4.88281250e-04,
       4.88281250e-04, 9.76562500e-04, 0., 4.88281250e-04,
       4.88281250e-04, 0., 4.88281250e-04, 8.30078125e-03,
       3.41796875e-03, 4.39453125e-03, 2.92968750e-03, 4.88281250e-04,
       4.88281250e-04, 2.44140625e-03, 0., 1.46484375e-03,
       4.88281250e-04, 0., 2.92968750e-03, 2.44140625e-03,
       1.46484375e-03, 2.92968750e-03, 4.88281250e-04, 1.46484375e-03,
       0., 1.95312500e-03, 2.44140625e-03, 4.88281250e-04, 0.,
       4.88281250e-04, 1.46484375e-03, 4.88281250e-04, 4.39453125e-03,
       1.46484375e-03, 9.76562500e-04, 4.39453125e-03, 9.76562500e-04,
       9.76562500e-04, 0., 0., 9.76562500e-04, 3.41796875e-03,
       4.88281250e-04, 4.88281250e-04, 4.88281250e-04, 1.46484375e-03,
       2.44140625e-03, 4.88281250e-03, 4.88281250e-04, 4.88281250e-04,
       9.76562500e-04, 4.88281250e-04, 0., 9.76562500e-04,
       4.39453125e-03, 0., 5.85937500e-03, 4.88281250e-04,
       4.88281250e-04, 2.92968750e-03, 1.46484375e-03, 1.36718750e-02,
       9.76562500e-04, 4.88281250e-04, 1.46484375e-03, 0., 0., 0.,
       9.76562500e-04, 4.88281250e-04, 4.88281250e-04, 2.92968750e-03,
       4.88281250e-04, 0., 2.44140625e-03, 4.88281250e-04,
       9.76562500e-04, 9.76562500e-04, 0., 4.88281250e-04,
       4.88281250e-04, 2.92968750e-03, 4.88281250e-04, 0., 0.,
       7.81250000e-03, 9.76562500e-04, 1.46484375e-03, 3.90625000e-03,
       0., 0., 4.88281250e-04, 4.88281250e-04, 1.95312500e-03,
       1.46484375e-03, 2.44140625e-03, 4.88281250e-04, 1.46484375e-03,
       1.07421875e-02, 4.88281250e-04, 0., 9.76562500e-04,
       9.76562500e-04, 9.76562500e-04, 9.76562500e-04, 4.88281250e-04,
       1.46484375e-03, 9.76562500e-04, 0., 0., 1.95312500e-03, 0., 0.,
       4.88281250e-04, 4.88281250e-04, 9.76562500e-04, 9.76562500e-04,
       4.88281250e-04, 4.88281250e-04, 1.95312500e-03, 1.46484375e-03,
       4.88281250e-04, 4.88281250e-04, 9.76562500e-04, 1.46484375e-03,
       4.88281250e-04, 0., 9.76562500e-04, 1.46484375e-03,
       9.76562500e-04, 5.85937500e-03, 9.76562500e-04, 4.88281250e-04,
       1.95312500e-03, 1.46484375e-03, 9.76562500e-04, 9.76562500e-04,
       4.88281250e-04, 0., 9.76562500e-04, 4.88281250e-04,
       9.76562500e-04, 2.44140625e-03, 2.44140625e-03, 4.88281250e-04,
       2.44140625e-03, 1.95312500e-03, 4.88281250e-04, 1.46484375e-03,
       0., 9.76562500e-04, 1.12304688e-02, 4.88281250e-04,
       1.26953125e-02, 9.76562500e-04, 0., 9.76562500e-04,
       4.88281250e-04, 9.76562500e-04, 4.88281250e-04, 0.,
       4.88281250e-04, 1.46484375e-03, 4.88281250e-04, 0.,
       9.76562500e-04, 0., 8.30078125e-03, 0., 9.76562500e-04,
       4.88281250e-04, 0., 5.85937500e-03, 4.88281250e-04,
       1.46484375e-03, 9.76562500e-04, 4.88281250e-04, 4.39453125e-03,
       4.88281250e-04, 0., 1.46484375e-03, 4.88281250e-04,
       1.95312500e-03, 4.88281250e-04, 9.76562500e-04, 4.88281250e-04,
       8.78906250e-03, 1.46484375e-03, 2.44140625e-03, 0., 0.,
       9.76562500e-04, 4.88281250e-04, 4.88281250e-04, 0.,
       2.92968750e-03, 2.92968750e-03, 0., 1.46484375e-03, 0.,
       4.88281250e-04, 1.46484375e-03, 1.46484375e-03, 4.88281250e-04,
       1.95312500e-03, 3.41796875e-03, 2.92968750e-03, 1.46484375e-03,
       2.44140625e-03, 5.85937500e-03, 0., 4.39453125e-03,
       1.46484375e-03, 4.88281250e-04, 5.85937500e-03, 4.88281250e-04,
       0., 9.76562500e-04, 0., 9.76562500e-04, 4.88281250e-04,
       6.34765625e-03, 1.46484375e-03, 0., 4.39453125e-03,
       9.76562500e-04, 0., 4.88281250e-04, 9.76562500e-04, 0.,
       9.76562500e-04, 0., 0., 2.92968750e-03, 0., 4.88281250e-04,
       4.88281250e-04, 0., 1.95312500e-03, 4.88281250e-04, 0.,
       4.88281250e-04, 0., 4.88281250e-04, 9.76562500e-04,
       4.88281250e-04, 4.88281250e-04, 4.88281250e-04, 9.76562500e-04,
       9.76562500e-04, 9.76562500e-04, 4.88281250e-04, 6.34765625e-03,
       4.88281250e-04, 0., 0., 9.76562500e-04, 3.90625000e-03,
       4.88281250e-04, 0., 4.88281250e-04, 2.92968750e-03,
       6.34765625e-03, 9.76562500e-04, 5.85937500e-03, 9.76562500e-04,
       4.88281250e-04, 0., 0., 0., 4.88281250e-04, 9.76562500e-04,
       9.76562500e-04, 2.92968750e-03, 4.88281250e-04, 9.76562500e-04,
       9.76562500e-04, 0., 0., 9.76562500e-04, 1.95312500e-03,
       9.76562500e-04, 2.44140625e-03, 9.76562500e-04, 4.88281250e-04,
       1.46484375e-03, 4.88281250e-03, 2.44140625e-03, 1.46484375e-03,
       0., 0., 4.88281250e-04, 1.46484375e-03, 9.76562500e-04, 0.,
       4.88281250e-04, 1.46484375e-03, 9.76562500e-04, 0.,
       4.88281250e-04, 4.88281250e-04, 9.76562500e-04, 0.,
       2.44140625e-03, 3.41796875e-03, 4.88281250e-04, 0., 0.,
       4.88281250e-04, 9.76562500e-04, 1.46484375e-03, 1.46484375e-03,
       0., 1.46484375e-03, 1.95312500e-03, 0., 4.88281250e-04, 0.,
       4.88281250e-04, 1.95312500e-03, 0., 0., 4.88281250e-04, 0.,
       4.88281250e-04, 9.76562500e-04, 4.88281250e-04, 4.88281250e-04,
       1.95312500e-03, 0., 0., 0., 0., 0., 4.88281250e-04,
       4.88281250e-04, 3.41796875e-03, 4.88281250e-04, 6.34765625e-03,
       2.92968750e-03, 1.95312500e-03, 9.76562500e-04, 2.92968750e-03,
       1.95312500e-03, 4.88281250e-04, 4.88281250e-04, 1.95312500e-03,
       4.88281250e-04, 4.88281250e-04, 4.88281250e-04, 4.88281250e-04,
       4.88281250e-04, 4.88281250e-04, 4.88281250e-04, 1.95312500e-03,
