%YAML:1.0
m100n: !!opencv-matrix
   rows: 1
   cols: 200
   dt: f
   data: [ 4.96785482e-03, 1.75336050e-03, 1.11046173e-02,
       9.93570965e-03, 5.55230863e-03, 1.05201630e-02, 4.09117481e-03,
       3.21449433e-03, 4.38340148e-03, 7.59789580e-03, 2.63004075e-03,
       3.79894790e-03, 2.04558740e-03, 3.50672100e-03, 1.16890704e-03,
       9.64348298e-03, 1.05201630e-02, 2.33781408e-03, 3.50672100e-03,
       2.33781408e-03, 3.79894790e-03, 2.33781408e-03, 2.04558740e-03,
       3.21449433e-03, 3.50672100e-03, 2.33781408e-03, 1.46113383e-03,
       6.72121532e-03, 3.79894790e-03, 3.50672100e-03, 1.75336050e-03,
       3.21449433e-03, 9.93570965e-03, 4.96785482e-03, 2.92226765e-03,
       1.46113383e-02, 8.76680249e-04, 1.16890706e-02, 1.75336050e-03,
       5.26008150e-03, 8.76680249e-04, 4.38340148e-03, 2.92226765e-03,
       4.96785482e-03, 1.46113383e-03, 3.79894790e-03, 3.21449433e-03,
       7.01344199e-03, 1.46113383e-03, 1.75336050e-03, 7.01344199e-03,
       6.13676198e-03, 6.72121532e-03, 2.92226765e-03, 3.50672100e-03,
       4.67562815e-03, 1.75336050e-03, 2.54237279e-02, 9.05902963e-03,
       8.18234961e-03, 1.75336050e-03, 1.75336050e-03, 4.09117481e-03,
       5.84453519e-04, 7.59789580e-03, 2.04558740e-03, 7.30566913e-03,
       2.77615413e-02, 7.30566913e-03, 9.05902963e-03, 9.35125630e-03,
       4.09117481e-03, 2.63004075e-03, 2.92226765e-03, 1.75336050e-03,
       8.18234961e-03, 1.92869660e-02, 5.55230863e-03, 4.38340148e-03,
       1.16890704e-03, 5.84453531e-03, 1.37346573e-02, 2.33781408e-03,
       7.89012294e-03, 2.07480993e-02, 3.50672100e-03, 8.76680296e-03,
       3.79894790e-03, 8.76680249e-04, 2.04558740e-03, 2.92226765e-03,
       2.04558740e-03, 1.16890704e-03, 2.92226765e-03, 9.93570965e-03,
       2.63004075e-03, 1.28579773e-02, 7.01344199e-03, 4.38340148e-03,
       3.21449433e-03, 1.46113383e-03, 5.26008150e-03, 2.63004075e-03,
       1.08123897e-02, 9.05902963e-03, 1.75336050e-03, 1.25657506e-02,
       1.75336050e-03, 3.79894790e-03, 9.93570965e-03, 2.63004075e-03,
       2.92226765e-03, 1.08123897e-02, 2.33781408e-03, 2.33781408e-03,
       3.79894790e-03, 1.46113383e-03, 2.63004075e-03, 5.84453519e-04,
       3.79894790e-03, 1.16890704e-03, 2.04558740e-03, 4.67562815e-03,
       5.55230863e-03, 1.16890704e-03, 7.01344199e-03, 2.63004075e-03,
       2.92226765e-03, 9.35125630e-03, 4.38340148e-03, 2.92226759e-04,
       8.76680249e-04, 5.55230863e-03, 2.63004075e-03, 2.92226765e-03,
       9.93570965e-03, 7.30566913e-03, 3.21449433e-03, 9.05902963e-03,
       2.63004075e-03, 4.38340148e-03, 4.09117481e-03, 6.13676198e-03,
       4.96785482e-03, 3.21449433e-03, 1.46113383e-03, 1.46113383e-03,
       7.59789580e-03, 8.76680249e-04, 1.75336050e-03, 4.38340148e-03,
       2.63004075e-03, 2.33781408e-03, 2.92226765e-03, 1.05201630e-02,
       2.63004075e-03, 2.92226765e-03, 3.50672100e-03, 4.38340148e-03,
       3.79894790e-03, 1.46113383e-03, 8.47457629e-03, 2.92226765e-03,
       6.42898865e-03, 3.21449433e-03, 4.67562815e-03, 2.92226765e-03,
       2.33781408e-03, 9.05902963e-03, 7.89012294e-03, 1.46113383e-03,
       1.57802459e-02, 5.55230863e-03, 6.72121532e-03, 9.64348298e-03,
       2.92226759e-04, 3.79894790e-03, 8.76680249e-04, 2.63004075e-03,
       2.04558740e-03, 7.59789580e-03, 4.09117481e-03, 2.04558726e-02,
       3.79894790e-03, 1.46113383e-03, 4.09117481e-03, 3.79894790e-03,
       2.04558740e-03, 2.92226765e-03, 2.92226765e-03, 2.33781408e-03,
       1.75336050e-03, 2.33781408e-03, 5.26008150e-03, 3.21449433e-03,
       1.63646992e-02, 1.16890704e-03, 2.33781408e-03, 9.64348298e-03,
       1.75336050e-03 ]
