%YAML:1.0
m100n: !!opencv-matrix
   rows: 1
   cols: 800
   dt: f
   data: [ 3.25203262e-04, 1.62601634e-03, 1.62601634e-03,
       3.25203262e-04, 6.50406524e-04, 3.25203262e-04, 0.,
       3.25203262e-04, 3.25203262e-04, 2.92682927e-03, 1.62601634e-03,
       1.30081305e-03, 2.60162610e-03, 4.55284584e-03, 3.25203262e-04,
       1.62601634e-03, 2.27642292e-03, 6.50406524e-04, 6.50406524e-04,
       1.30081305e-03, 6.50406524e-04, 4.55284584e-03, 6.50406524e-04,
       1.30081305e-03, 0., 0., 1.30081305e-03, 0., 2.92682927e-03,
       1.95121951e-03, 1.95121951e-03, 1.30081305e-03, 9.75609757e-04,
       9.75609757e-04, 0., 6.50406524e-04, 3.25203262e-04, 0.,
       1.95121951e-03, 3.25203262e-04, 0., 6.50406524e-04,
       9.75609757e-04, 3.25203262e-04, 1.95121951e-03, 3.25203268e-03,
       1.30081305e-03, 2.92682927e-03, 6.50406524e-04, 0.,
       6.50406524e-04, 2.27642292e-03, 6.50406524e-04, 6.50406524e-04,
       2.92682927e-03, 1.30081305e-03, 6.50406524e-04, 2.27642292e-03,
       2.27642292e-03, 0., 2.92682927e-03, 0., 6.50406524e-04,
       1.30081305e-03, 1.62601634e-03, 3.25203262e-04, 3.25203262e-04,
       0., 2.27642292e-03, 6.50406524e-04, 1.30081305e-03, 0.,
       9.75609757e-04, 3.25203262e-04, 4.55284584e-03, 1.95121951e-03,
       1.62601634e-03, 0., 3.90243903e-03, 1.95121951e-03,
       6.50406524e-04, 1.95121951e-03, 1.95121951e-03, 6.50406524e-04,
       1.30081305e-03, 2.92682927e-03, 0., 1.62601634e-03,
       2.92682927e-03, 4.55284584e-03, 6.50406524e-04, 0.,
       6.50406524e-04, 6.50406524e-04, 3.25203262e-04, 0.,
       9.75609757e-04, 1.62601634e-03, 6.50406524e-04, 9.75609757e-04,
       3.25203262e-04, 6.50406524e-04, 3.25203262e-04, 3.57723585e-03,
       3.25203262e-04, 6.50406536e-03, 1.95121951e-03, 5.85365854e-03,
       1.62601634e-03, 6.50406524e-04, 3.57723585e-03, 1.62601634e-03,
       6.82926830e-03, 3.25203262e-04, 0., 0., 3.57723585e-03, 0.,
       1.62601634e-03, 0., 6.50406524e-04, 3.25203262e-04,
       6.50406524e-04, 1.30081305e-03, 3.25203262e-04, 6.82926830e-03,
       2.27642292e-03, 3.25203262e-04, 4.87804879e-03, 6.50406524e-04,
       1.62601634e-03, 3.25203268e-03, 1.95121951e-03, 6.50406524e-04,
       9.75609757e-04, 0., 9.75609757e-04, 3.25203262e-04,
       1.30081305e-03, 0., 2.60162610e-03, 6.50406524e-04, 0.,
       3.25203262e-04, 0., 3.25203262e-04, 0., 4.22764244e-03,
       3.25203262e-04, 0., 3.25203268e-03, 3.25203262e-04,
       3.25203268e-03, 6.50406524e-04, 2.27642292e-03, 0.,
       6.50406524e-04, 9.75609757e-04, 3.25203262e-04, 9.75609757e-04,
       1.30081305e-03, 1.62601634e-03, 1.30081305e-03, 9.75609757e-04,
       3.25203262e-04, 0., 1.30081305e-03, 1.62601634e-03,
       3.25203262e-04, 6.50406524e-04, 3.25203262e-04, 1.95121951e-03,
       9.75609757e-04, 0., 6.50406524e-04, 2.27642292e-03,
       6.50406524e-04, 4.87804879e-03, 3.90243903e-03, 0.,
       1.95121951e-03, 6.50406536e-03, 2.60162610e-03, 6.50406524e-04,
       6.50406524e-04, 3.25203262e-04, 1.30081305e-03, 0.,
       1.30081305e-03, 0., 9.75609757e-04, 6.50406524e-04,
       1.30081305e-03, 6.50406524e-04, 1.30081305e-03, 0.,
       6.50406524e-04, 6.50406524e-04, 3.25203262e-04, 3.25203268e-03,
       6.50406524e-04, 0., 1.30081305e-03, 4.22764244e-03, 0.,
       6.50406524e-04, 5.85365854e-03, 2.27642292e-03, 0.,
       3.25203262e-04, 2.60162610e-03, 1.95121951e-03, 3.25203262e-04,
       0., 1.95121951e-03, 0., 3.25203262e-04, 3.25203262e-04,
       1.95121951e-03, 1.62601634e-03, 1.62601634e-03, 9.75609757e-04,
       1.30081305e-03, 0., 6.50406524e-04, 6.50406524e-04,
       1.62601634e-03, 6.50406524e-04, 0., 9.75609757e-04,
       2.92682927e-03, 1.62601634e-03, 0., 3.57723585e-03, 0.,
       1.62601634e-03, 5.52845560e-03, 3.90243903e-03, 0.,
       4.22764244e-03, 9.75609757e-04, 2.92682927e-03, 0.,
       1.95121951e-03, 3.25203262e-04, 1.62601634e-03, 1.30081305e-03,
       1.62601634e-03, 1.30081305e-03, 4.22764244e-03, 3.25203262e-04,
       9.75609757e-04, 1.30081305e-03, 3.25203262e-04, 1.62601634e-03,
       3.57723585e-03, 2.92682927e-03, 9.75609757e-04, 9.75609757e-04,
       6.50406524e-04, 1.95121951e-03, 1.30081305e-03, 3.25203262e-04,
       6.50406524e-04, 3.25203268e-03, 3.25203262e-04, 1.30081305e-03,
       3.25203268e-03, 0., 6.50406524e-04, 9.75609757e-04,
       1.30081305e-03, 9.75609757e-04, 3.25203262e-04, 4.55284584e-03,
       6.50406524e-04, 6.50406524e-04, 9.75609757e-04, 6.50406524e-04,
       6.50406524e-04, 6.50406524e-04, 9.75609757e-04, 1.62601634e-03,
       0., 1.62601634e-03, 3.25203268e-03, 2.60162610e-03,
       9.75609757e-04, 3.25203262e-04, 0., 1.62601634e-03,
       9.75609757e-04, 0., 9.75609757e-04, 6.50406524e-04,
       9.75609757e-04, 1.62601634e-03, 3.25203262e-04, 9.75609757e-04,
       3.25203262e-04, 9.75609757e-04, 9.75609757e-04, 2.27642292e-03,
       1.30081305e-03, 0., 0., 0., 6.50406524e-04, 2.92682927e-03,
       3.25203262e-04, 9.75609757e-04, 9.75609757e-04, 1.62601634e-03,
       1.95121951e-03, 1.30081305e-03, 9.75609757e-04, 3.25203268e-03,
       3.25203262e-04, 0., 3.25203262e-04, 6.50406524e-04,
       1.95121951e-03, 1.62601634e-03, 9.75609757e-04, 3.25203262e-04,
       1.30081305e-03, 1.30081305e-03, 3.25203262e-04, 0.,
       1.62601634e-03, 6.50406524e-04, 6.50406524e-04, 1.95121951e-03,
       2.60162610e-03, 1.62601634e-03, 3.25203268e-03, 3.25203262e-04,
       9.75609757e-04, 6.50406524e-04, 0., 1.62601634e-03,
       1.30081305e-03, 1.30081305e-03, 1.30081305e-03, 0.,
       6.50406524e-04, 3.25203262e-04, 6.50406524e-04, 0.,
       9.75609757e-04, 2.27642292e-03, 2.92682927e-03, 0.,
       1.95121951e-03, 3.25203262e-04, 6.50406524e-04, 2.27642292e-03,
       6.50406524e-04, 0., 3.25203262e-04, 1.30081305e-03,
       9.75609757e-04, 1.30081305e-03, 0., 9.75609757e-04,
       3.57723585e-03, 1.62601634e-03, 0., 6.50406524e-04, 0.,
       4.87804879e-03, 9.75609757e-04, 0., 3.25203262e-04,
       5.52845560e-03, 6.50406524e-04, 3.25203262e-04, 9.75609757e-04,
       0., 1.95121951e-03, 6.50406524e-04, 0., 2.60162610e-03,
       3.25203262e-04, 0., 0., 3.25203262e-04, 9.75609757e-04,
       2.60162610e-03, 1.95121951e-03, 2.92682927e-03, 3.90243903e-03,
       0., 2.27642292e-03, 1.30081305e-03, 1.30081305e-03,
       2.60162610e-03, 6.50406524e-04, 2.27642292e-03, 1.62601634e-03,
       3.25203262e-04, 9.75609757e-04, 2.27642292e-03, 1.62601634e-03,
       0., 3.25203262e-04, 1.95121951e-03, 9.75609757e-04,
       3.25203262e-04, 6.50406524e-04, 3.25203262e-04, 3.25203262e-04,
       6.50406524e-04, 2.92682927e-03, 3.25203262e-04, 6.50406524e-04,
       9.75609757e-04, 1.30081305e-03, 0., 3.90243903e-03,
       1.30081305e-03, 3.25203262e-04, 1.95121951e-03, 6.50406524e-04,
       6.50406524e-04, 0., 1.62601634e-03, 0., 0., 2.92682927e-03, 0.,
       6.50406524e-04, 4.22764244e-03, 6.50406524e-04, 9.75609757e-04,
       4.22764244e-03, 1.30081305e-03, 6.50406524e-04, 6.50406524e-04,
       0., 2.60162610e-03, 1.95121951e-03, 9.75609757e-04,
       1.95121951e-03, 6.50406524e-04, 3.25203262e-04, 0.,
       9.75609757e-04, 1.30081305e-03, 2.60162610e-03, 2.27642292e-03,
       3.25203262e-04, 3.25203262e-04, 1.62601634e-03, 0.,
       1.30081305e-03, 3.25203262e-04, 0., 6.50406524e-04,
       3.25203262e-04, 3.25203262e-04, 0., 1.95121951e-03,
       2.92682927e-03, 6.50406524e-04, 6.50406524e-04, 3.25203262e-04,
       9.75609757e-04, 3.25203262e-04, 1.30081305e-03, 9.75609757e-04,
       0., 2.27642292e-03, 3.25203262e-04, 0., 6.50406524e-04, 0., 0.,
       1.30081305e-03, 4.87804879e-03, 3.25203262e-04, 9.75609757e-04,
       0., 9.75609757e-04, 6.50406524e-04, 0., 3.25203262e-04,
       3.25203262e-04, 0., 1.62601634e-03, 1.95121951e-03, 0.,
       3.25203262e-04, 1.30081305e-03, 3.57723585e-03, 4.55284584e-03,
       0., 3.25203262e-04, 3.25203262e-04, 0., 6.50406524e-04,
       9.75609757e-04, 3.25203268e-03, 2.92682927e-03, 1.30081305e-03,
