%YAML:1.0
m100n: !!opencv-matrix
   rows: 1
   cols: 800
   dt: f
   data: [ 3.91542679e-04, 7.83085357e-04, 7.83085357e-04,
       3.91542679e-04, 1.17462804e-03, 0., 0., 0., 0., 7.83085357e-04,
       7.83085357e-04, 7.83085357e-04, 2.34925607e-03, 1.17462804e-03,
       0., 1.17462804e-03, 7.83085357e-04, 7.83085357e-04,
       5.09005506e-03, 2.34925607e-03, 0., 2.74079875e-03,
       1.17462804e-03, 7.83085357e-03, 7.83085357e-04, 0.,
       1.56617071e-03, 7.83085357e-04, 1.17462804e-03, 1.95771344e-02,
       2.34925607e-03, 7.83085357e-04, 2.34925607e-03, 1.17462804e-03,
       3.91542679e-04, 2.74079875e-03, 0., 0., 2.34925607e-03,
       3.91542679e-04, 3.91542679e-04, 0., 1.95771339e-03, 0.,
       1.56617071e-03, 1.56617071e-03, 3.91542679e-04, 2.34925607e-03,
       1.17462804e-03, 3.91542679e-04, 3.91542679e-04, 7.83085357e-04,
       1.56617071e-03, 3.91542679e-04, 3.91542679e-04, 0., 0.,
       5.09005506e-03, 1.17462804e-03, 0., 2.34925607e-03,
       7.83085357e-04, 1.17462804e-03, 3.91542679e-04, 7.83085357e-04,
       0., 3.91542679e-04, 1.56617071e-03, 2.34925607e-03,
       7.83085357e-04, 1.56617071e-03, 3.91542679e-04, 7.83085357e-04,
       3.91542679e-04, 1.17462804e-03, 2.34925607e-03, 3.91542679e-04,
       0., 1.56617071e-03, 4.69851214e-03, 0., 0., 1.95771339e-03,
       1.17462804e-03, 7.83085357e-04, 3.91542679e-04, 1.56617071e-03,
       3.91542679e-04, 1.56617071e-03, 7.83085357e-04, 0.,
       3.91542679e-04, 3.91542679e-04, 3.91542679e-04, 3.91542679e-04,
       1.56617071e-03, 0., 1.95771339e-03, 7.83085357e-04, 0.,
       1.17462804e-03, 3.91542679e-04, 3.91542679e-04, 1.95771339e-03,
       0., 4.69851214e-03, 2.74079875e-03, 3.91542679e-03,
       1.17462804e-03, 3.91542679e-04, 4.69851214e-03, 1.17462804e-03,
       5.09005506e-03, 1.17462804e-03, 1.17462804e-03, 0.,
       3.13234143e-03, 0., 1.17462804e-03, 0., 1.95771339e-03,
       1.56617071e-03, 0., 0., 1.17462804e-03, 2.34925607e-03,
       7.83085357e-04, 0., 5.09005506e-03, 7.83085357e-04,
       3.13234143e-03, 0., 1.56617071e-03, 2.74079875e-03,
       1.56617071e-03, 7.83085357e-04, 3.91542679e-04, 3.91542679e-04,
       7.83085357e-04, 3.91542679e-04, 2.74079875e-03, 2.34925607e-03,
       7.83085357e-04, 3.91542679e-04, 3.91542679e-04, 0., 0.,
       7.83085357e-04, 3.91542679e-04, 3.91542679e-04, 3.13234143e-03,
       3.91542679e-04, 2.74079875e-03, 1.56617071e-03, 1.95771339e-03,
       0., 3.91542679e-03, 3.91542679e-04, 0., 1.95771339e-03,
       7.83085357e-04, 3.13234143e-03, 2.34925607e-03, 2.74079875e-03,
       1.56617071e-03, 0., 0., 1.17462804e-03, 3.91542679e-04, 0.,
       7.83085357e-04, 6.65622577e-03, 1.17462804e-03, 3.91542679e-04,
       1.56617071e-03, 6.26468286e-03, 3.91542679e-04, 2.34925607e-03,
       3.52388411e-03, 3.91542679e-04, 1.95771339e-03, 1.56617071e-03,
       7.83085357e-04, 7.83085357e-04, 7.83085357e-04, 0.,
       1.95771339e-03, 3.91542679e-04, 3.91542679e-04, 3.91542679e-04,
       1.95771339e-03, 3.91542679e-04, 2.74079875e-03, 3.13234143e-03,
       3.91542679e-04, 1.17462804e-03, 1.95771339e-03, 1.95771339e-03,
       3.91542679e-04, 1.95771339e-03, 1.17462804e-03, 0.,
       1.95771339e-03, 2.74079875e-03, 0., 2.74079875e-03,
       1.17462804e-03, 3.91542679e-04, 7.83085357e-04, 3.91542679e-04,
       7.83085357e-04, 1.95771339e-03, 0., 0., 1.56617071e-03,
       1.95771339e-03, 3.91542679e-04, 3.91542679e-04, 7.83085357e-04,
       1.17462804e-03, 1.95771339e-03, 7.83085357e-04, 1.56617071e-03,
       3.91542679e-04, 3.13234143e-03, 0., 2.34925607e-03,
       1.95771339e-03, 3.91542679e-04, 1.17462804e-03, 1.95771339e-03,
       3.91542679e-04, 3.91542679e-04, 2.74079875e-03, 1.56617071e-03,
       3.13234143e-03, 3.52388411e-03, 2.34925607e-03, 7.83085357e-04,
       2.74079875e-03, 7.83085357e-04, 1.56617071e-03, 7.83085357e-04,
       5.87313995e-03, 0., 1.17462804e-03, 1.17462804e-03,
       1.56617071e-03, 3.91542679e-04, 3.91542679e-04, 4.69851214e-03,
       7.83085357e-04, 3.91542679e-03, 1.17462804e-03, 2.74079875e-03,
       3.91542679e-04, 3.52388411e-03, 1.56617071e-03, 1.95771339e-03,
       2.74079875e-03, 7.83085357e-04, 1.56617071e-03, 0.,
       1.56617071e-03, 2.34925607e-03, 3.91542679e-04, 2.74079875e-03,
       0., 0., 1.17462804e-03, 4.30696923e-03, 3.91542679e-04,
       3.91542679e-04, 2.74079875e-03, 3.52388411e-03, 1.56617071e-03,
       7.83085357e-04, 3.91542679e-04, 0., 1.56617071e-03,
       7.83085357e-04, 1.56617071e-03, 1.56617071e-03, 0.,
       3.91542679e-04, 1.56617071e-03, 2.34925607e-03, 0., 0.,
       7.83085357e-04, 1.56617071e-03, 7.83085357e-04, 7.83085357e-04,
       2.34925607e-03, 1.56617071e-03, 3.91542679e-04, 3.91542679e-04,
       0., 7.83085357e-04, 0., 7.83085357e-04, 3.91542679e-04,
       1.95771339e-03, 1.95771339e-03, 7.83085357e-04, 0.,
       1.95771339e-03, 0., 7.83085357e-04, 0., 7.83085357e-04,
       1.95771339e-03, 3.91542679e-03, 1.56617071e-03, 0.,
       2.74079875e-03, 2.74079875e-03, 1.56617071e-03, 7.83085357e-04,
       0., 0., 0., 1.56617071e-03, 3.91542679e-04, 3.91542679e-04,
       7.83085357e-04, 1.17462804e-03, 7.83085357e-04, 3.91542679e-04,
       3.91542679e-04, 3.91542679e-04, 7.83085357e-04, 2.74079875e-03,
       1.95771339e-03, 3.91542679e-04, 1.56617071e-03, 7.83085357e-04,
       3.91542679e-04, 7.83085357e-04, 7.83085357e-04, 7.83085357e-04,
       1.17462804e-03, 1.17462804e-03, 7.83085357e-04, 7.83085357e-04,
       0., 3.91542679e-04, 3.91542679e-04, 7.83085357e-04,
       3.91542679e-04, 3.13234143e-03, 0., 0., 3.52388411e-03, 0.,
       2.34925607e-03, 3.13234143e-03, 1.56617071e-03, 3.13234143e-03,
       3.52388411e-03, 1.17462804e-03, 1.95771339e-03, 1.17462804e-03,
       0., 3.91542679e-04, 4.69851214e-03, 1.17462804e-03,
       7.83085357e-04, 1.56617071e-03, 3.91542679e-04, 4.69851214e-03,
       2.74079875e-03, 3.91542679e-04, 1.56617071e-03, 3.91542679e-03,
       2.74079875e-03, 0., 1.17462804e-03, 0., 1.17462804e-03,
       3.91542679e-03, 3.91542679e-04, 1.95771339e-03, 1.17462804e-03,
       3.91542679e-04, 3.91542679e-04, 3.91542679e-04, 1.95771339e-03,
       3.91542679e-04, 3.91542679e-04, 1.56617071e-03, 5.09005506e-03,
       1.17462804e-03, 5.48159750e-03, 1.56617071e-03, 3.91542679e-04,
       3.91542679e-04, 3.91542679e-04, 4.30696923e-03, 3.91542679e-04,
       3.91542679e-04, 3.91542679e-04, 1.56617071e-03, 1.95771339e-03,
       1.17462804e-03, 1.95771339e-03, 3.91542679e-04, 7.83085357e-04,
       2.74079875e-03, 0., 1.17462804e-03, 3.91542679e-04, 0.,
       7.83085357e-04, 3.91542679e-04, 0., 7.83085357e-04,
       1.56617071e-03, 0., 2.74079875e-03, 1.56617071e-03,
       3.91542679e-04, 1.95771339e-03, 7.83085357e-04, 1.17462804e-03,
       2.74079875e-03, 1.17462804e-03, 7.83085357e-04, 0.,
       3.13234143e-03, 3.91542679e-04, 1.95771339e-03, 1.95771339e-03,
       3.91542679e-04, 7.83085357e-04, 1.95771339e-03, 3.91542679e-04,
       1.17462804e-03, 1.56617071e-03, 7.83085357e-04, 4.30696923e-03,
       3.91542679e-04, 7.83085357e-04, 1.95771339e-03, 1.17462804e-03,
       1.17462804e-03, 1.56617071e-03, 1.56617071e-03, 0.,
       7.83085357e-04, 1.17462804e-03, 3.91542679e-04, 0.,
       2.74079875e-03, 1.95771339e-03, 1.17462804e-03, 5.09005506e-03,
       1.17462804e-03, 1.56617071e-03, 1.17462804e-03, 2.34925607e-03,
       3.91542679e-04, 1.56617071e-03, 1.95771339e-03, 2.74079875e-03,
       0., 3.91542679e-04, 7.83085357e-04, 0., 1.95771339e-03, 0., 0.,
       7.83085357e-04, 1.17462804e-03, 3.91542679e-04, 0.,
       1.17462804e-03, 0., 1.17462804e-03, 3.13234143e-03, 0.,
       7.83085357e-04, 7.83085357e-04, 7.83085357e-04, 3.91542679e-04,
       3.91542679e-04, 7.83085357e-04, 7.83085357e-04, 0., 0.,
       1.95771339e-03, 1.17462804e-03, 7.83085357e-04, 1.17462804e-03,
       3.91542679e-04, 4.69851214e-03, 7.83085357e-04, 7.83085357e-04,
       7.83085357e-04, 3.91542679e-04, 1.17462804e-03, 0.,
