%YAML:1.0
m100n: !!opencv-matrix
   rows: 1
   cols: 800
   dt: f
   data: [ 0., 9.00090032e-04, 1.80018006e-03, 1.80018006e-03,
       4.50045016e-04, 0., 4.50045016e-04, 4.50045016e-04, 0.,
       1.80018006e-03, 0., 1.35013508e-03, 4.50045016e-04,
       9.00090032e-04, 1.80018006e-03, 2.25022505e-03, 1.35013508e-03,
       0., 1.35013508e-03, 2.70027015e-03, 4.50045016e-04,
       4.50045016e-04, 2.70027015e-03, 4.50045016e-04, 0.,
       4.50045016e-04, 1.35013508e-03, 4.50045016e-04, 1.35013508e-03,
       1.35013508e-03, 2.25022505e-03, 1.80018006e-03, 2.70027015e-03,
       2.70027015e-03, 0., 1.35013508e-03, 1.35013508e-03, 0.,
       1.35013508e-03, 0., 4.50045016e-04, 4.50045016e-04,
       1.80018006e-03, 0., 2.25022505e-03, 3.60036013e-03,
       9.00090032e-04, 2.70027015e-03, 2.25022505e-03, 0.,
       4.50045016e-04, 4.50045016e-04, 0., 0., 0., 0., 9.00090032e-04,
       1.80018006e-03, 0., 9.00090032e-04, 6.75067538e-03, 0.,
       9.00090032e-04, 1.80018006e-03, 0., 0., 0., 9.00090032e-04,
       4.50045016e-04, 4.50045016e-04, 3.60036013e-03, 4.50045016e-04,
       1.35013508e-03, 4.50045016e-04, 4.50045016e-04, 3.15031502e-03,
       1.80018006e-03, 0., 1.35013508e-03, 6.30063005e-03,
       7.20072025e-03, 1.35013508e-03, 2.25022505e-03, 4.50045016e-04,
       1.35013508e-03, 8.10081046e-03, 4.50045016e-04, 2.70027015e-03,
       1.35013508e-03, 1.80018006e-03, 0., 0., 0., 0., 1.80018006e-03,
       2.70027015e-03, 0., 2.70027015e-03, 9.00090032e-04, 0.,
       4.50045016e-04, 4.50045016e-04, 4.05040523e-03, 0., 0.,
       2.25022505e-03, 2.70027015e-03, 1.80018006e-03, 9.00090032e-04,
       1.35013508e-03, 5.85058518e-03, 4.50045016e-04, 1.80018006e-03,
       0., 9.00090032e-04, 0., 1.53015302e-02, 4.50045016e-04,
       5.85058518e-03, 4.50045016e-04, 4.50045016e-04, 9.00090032e-04,
       1.80018006e-03, 2.25022505e-03, 0., 3.15031502e-03, 0.,
       4.50045016e-04, 9.00090032e-04, 0., 9.00090032e-04,
       4.50045016e-04, 1.35013508e-03, 7.65076512e-03, 0.,
       9.00090032e-04, 0., 0., 9.00090032e-04, 1.80018006e-03,
       1.80018006e-03, 9.00090032e-04, 0., 1.35013508e-03,
       4.50045016e-04, 0., 9.00090032e-04, 1.35013508e-03, 0.,
       4.50045016e-04, 1.35013508e-03, 0., 9.00090032e-04, 0.,
       9.00090032e-04, 0., 1.35013508e-03, 0., 0., 4.50045016e-04,
       4.50045016e-04, 1.80018006e-03, 3.15031502e-03, 4.50045016e-04,
       4.50045016e-04, 9.00090032e-04, 1.80018006e-03, 1.35013508e-03,
       1.80018006e-03, 0., 1.35013508e-03, 1.80018006e-03, 0., 0.,
       1.80018006e-03, 2.25022505e-03, 0., 2.25022505e-03,
       6.75067538e-03, 0., 1.80018006e-03, 4.50045016e-04,
       4.50045016e-04, 1.35013508e-03, 0., 0., 1.35013508e-03, 0.,
       9.00090032e-04, 0., 3.15031502e-03, 9.00090032e-04,
       1.35013508e-03, 4.95049497e-03, 4.50045016e-04, 3.15031502e-03,
       4.50045016e-04, 0., 9.00090032e-04, 1.80018006e-03,
       4.50045016e-04, 0., 4.50045016e-04, 0., 3.15031502e-03, 0.,
       3.60036013e-03, 1.35013508e-03, 0., 0., 4.50045016e-04,
       2.25022505e-03, 0., 9.00090032e-04, 1.80018006e-03,
       2.25022505e-03, 0., 0., 2.25022505e-03, 9.00090032e-04,
       4.50045016e-04, 9.00090032e-04, 3.15031502e-03, 4.50045016e-04,
       1.80018006e-03, 4.50045016e-04, 1.35013508e-03, 9.00090032e-04,
       0., 2.70027015e-03, 4.95049497e-03, 9.00090032e-04,
       9.00090032e-04, 2.70027015e-03, 1.80018006e-03, 4.50045016e-04,
       2.25022505e-03, 1.80018006e-03, 1.35013508e-03, 9.00090032e-04,
       4.50045016e-04, 1.35013508e-03, 9.00090032e-04, 1.35013508e-03,
       0., 2.25022505e-03, 4.05040523e-03, 1.35013508e-03,
       9.00090032e-04, 9.00090032e-04, 2.25022505e-03, 9.00090032e-04,
       2.25022505e-03, 0., 2.70027015e-03, 9.00090032e-04, 0., 0., 0.,
       2.25022505e-03, 0., 0., 4.50045016e-04, 3.15031502e-03,
       1.80018006e-03, 0., 9.00090032e-04, 2.25022505e-03, 0., 0.,
       1.35013508e-03, 4.50045016e-04, 3.15031502e-03, 9.00090020e-03,
       1.35013508e-03, 9.00090032e-04, 1.80018006e-03, 0., 0., 0., 0.,
       4.05040523e-03, 1.35013508e-03, 0., 2.25022505e-03, 0.,
       5.85058518e-03, 9.00090032e-04, 1.80018006e-03, 5.85058518e-03,
       3.15031502e-03, 3.60036013e-03, 1.80018006e-03, 1.80018006e-03,
       9.00090032e-04, 1.80018006e-03, 1.35013508e-03, 0.,
       9.00090032e-04, 9.00090032e-04, 4.50045016e-04, 0.,
       9.00090032e-04, 1.35013508e-03, 0., 0., 0., 0., 2.70027015e-03,
       0., 9.00090032e-04, 9.00090032e-04, 9.00090032e-04,
       4.50045016e-04, 4.50045016e-04, 4.50045016e-04, 2.25022505e-03,
       4.50045016e-04, 9.00090032e-04, 0., 4.50045016e-04, 0.,
       9.00090032e-04, 0., 1.35013508e-03, 4.50045016e-04,
       4.05040523e-03, 0., 0., 4.50045016e-04, 1.80018006e-03,
       4.50045016e-04, 9.00090032e-04, 2.25022505e-03, 9.00090032e-04,
       0., 2.70027015e-03, 0., 0., 0., 0., 0., 0., 4.50045016e-04, 0.,
       0., 1.35013508e-03, 4.50045010e-03, 1.80018006e-03, 0.,
       1.35013508e-03, 9.00090032e-04, 4.50045016e-04, 2.25022505e-03,
       0., 6.30063005e-03, 1.35013508e-03, 0., 4.50045016e-04,
       4.50045016e-04, 2.25022505e-03, 4.50045016e-04, 9.00090032e-04,
       0., 1.35013508e-03, 4.95049497e-03, 9.00090032e-04,
       9.00090032e-04, 0., 3.60036013e-03, 1.80018006e-03,
       9.00090032e-04, 4.50045016e-04, 9.00090032e-04, 3.15031502e-03,
       0., 4.50045016e-04, 0., 1.35013508e-03, 4.50045016e-04,
       5.85058518e-03, 4.50045016e-04, 2.25022505e-03, 4.50045016e-04,
       6.30063005e-03, 4.50045016e-04, 0., 4.50045016e-04, 0.,
       9.00090032e-04, 1.35013508e-03, 2.25022505e-03, 0.,
       3.60036013e-03, 4.50045016e-04, 1.80018006e-03, 2.25022505e-03,
       1.35013508e-03, 1.35013508e-03, 0., 0., 4.50045016e-04,
       2.70027015e-03, 4.05040523e-03, 2.25022505e-03, 9.00090032e-04,
       4.50045016e-04, 0., 1.35013508e-03, 1.35013508e-03, 0.,
       1.80018006e-03, 1.35013508e-03, 1.80018006e-03, 2.25022505e-03,
       0., 0., 2.25022505e-03, 0., 2.70027015e-03, 1.80018006e-03, 0.,
       2.70027015e-03, 4.50045016e-04, 1.35013508e-03, 3.15031502e-03,
       9.00090032e-04, 1.35013508e-03, 0., 1.80018006e-03,
       1.35013508e-03, 4.50045016e-04, 3.15031502e-03, 4.50045016e-04,
       1.35013508e-03, 1.80018006e-03, 4.50045016e-04, 4.50045016e-04,
       4.50045016e-04, 4.50045016e-04, 1.80018006e-03, 1.35013508e-03,
       4.50045016e-04, 0., 9.00090032e-04, 4.50045016e-04,
       7.20072025e-03, 4.50045016e-04, 9.00090032e-04, 4.50045016e-04,
       0., 2.25022505e-03, 0., 1.35013508e-03, 4.50045016e-04,
       1.35013508e-03, 1.44014405e-02, 9.00090032e-04, 4.50045016e-04,
       9.00090032e-04, 4.05040523e-03, 2.25022505e-03, 4.50045016e-04,
       1.80018006e-03, 9.00090032e-04, 0., 0., 1.80018006e-03,
       9.00090032e-04, 1.80018006e-03, 9.00090032e-04, 3.60036013e-03,
       6.75067538e-03, 1.80018006e-03, 4.50045016e-04, 2.70027015e-03,
       0., 0., 4.50045016e-04, 9.00090032e-04, 0., 4.50045016e-04,
       9.00090032e-04, 4.50045016e-04, 1.80018006e-03, 0.,
       4.50045016e-04, 4.50045010e-03, 0., 1.35013508e-03, 0.,
       4.50045016e-04, 0., 2.25022505e-03, 9.00090032e-04,
       9.00090032e-04, 0., 0., 0., 0., 9.00090032e-04, 0.,
       3.15031502e-03, 9.00090032e-04, 1.35013508e-03, 2.70027015e-03,
       3.15031502e-03, 0., 0., 5.40054031e-03, 9.00090032e-04,
       4.50045016e-04, 4.50045016e-04, 2.25022505e-03, 0., 0., 0., 0.,
       0., 0., 0., 0., 0., 1.80018006e-03, 9.00090032e-04,
       9.00090032e-04, 0., 4.50045016e-04, 1.35013508e-03, 0.,
       9.00090032e-04, 9.00090032e-04, 9.00090032e-04, 1.80018006e-03,
       0., 2.25022505e-03, 4.50045016e-04, 1.80018006e-03,
       5.40054031e-03, 2.70027015e-03, 0., 2.70027015e-03,
       2.25022505e-03, 6.75067538e-03, 9.00090032e-04, 4.50045016e-04,
       4.50045016e-04, 2.25022505e-03, 0., 0., 0., 2.70027015e-03,
       1.35013508e-03, 0., 0., 0., 4.50045016e-04, 2.25022505e-03, 0.,
