%YAML:1.0
m100n: !!opencv-matrix
   rows: 1
   cols: 800
   dt: f
   data: [ 6.90607761e-04, 0., 2.07182323e-03, 6.90607761e-04,
       6.90607761e-04, 3.45303881e-04, 0., 0., 3.45303881e-04,
       1.38121552e-03, 1.03591161e-03, 1.72651943e-03, 4.83425427e-03,
       3.10773496e-03, 3.45303881e-04, 2.76243105e-03, 1.38121552e-03,
       1.72651943e-03, 1.72651943e-03, 1.03591161e-03, 3.45303881e-04,
       6.90607761e-04, 1.72651943e-03, 6.21546991e-03, 1.03591161e-03,
       0., 1.03591161e-03, 0., 6.90607761e-04, 5.52486209e-03,
       6.90607761e-04, 1.38121552e-03, 6.90607761e-04, 3.45303881e-04,
       0., 3.45303881e-04, 6.90607761e-04, 0., 1.03591161e-03,
       6.90607761e-04, 3.45303881e-04, 1.03591161e-03, 1.03591161e-03,
       1.03591161e-03, 2.07182323e-03, 1.38121552e-03, 1.72651943e-03,
       1.38121552e-03, 6.56077359e-03, 3.45303881e-04, 0., 0.,
       3.45303881e-04, 3.45303881e-04, 4.14364645e-03, 0., 0.,
       6.90607761e-04, 2.07182323e-03, 6.90607761e-04, 1.17403315e-02,
       3.45303881e-04, 3.45303881e-04, 6.90607761e-04, 3.45303881e-04,
       0., 6.90607761e-04, 3.45303881e-04, 6.90607761e-04,
       6.90607761e-04, 4.83425427e-03, 0., 6.90607761e-04,
       3.45303881e-04, 1.38121552e-03, 2.41712714e-03, 3.45303887e-03,
       0., 2.07182323e-03, 1.03591161e-03, 0., 3.45303881e-04,
       1.38121552e-03, 6.90607761e-04, 6.90607761e-04, 1.72651943e-03,
       6.90607761e-04, 1.38121552e-03, 6.90607761e-04, 1.03591161e-03,
       3.45303881e-04, 3.45303881e-04, 0., 0., 0., 6.90607761e-04, 0.,
       6.90607761e-04, 0., 6.90607761e-04, 0., 6.90607761e-04,
       1.03591161e-03, 6.90607761e-04, 1.38121552e-03, 3.79834278e-03,
       2.07182323e-03, 2.07182323e-03, 2.41712714e-03, 6.90607761e-04,
       1.03591161e-03, 1.38121552e-03, 7.94198923e-03, 0.,
       3.45303881e-04, 0., 5.87016577e-03, 3.45303881e-04,
       2.07182323e-03, 0., 3.45303881e-04, 3.45303881e-04,
       1.03591161e-03, 1.38121552e-03, 0., 1.38121552e-03,
       6.90607761e-04, 0., 1.72651943e-03, 3.45303881e-04,
       7.59668555e-03, 1.38121552e-03, 2.07182323e-03, 1.03591161e-03,
       3.45303881e-04, 3.45303887e-03, 3.45303881e-04, 3.45303881e-04,
       0., 1.03591161e-03, 2.07182323e-03, 1.38121552e-03,
       3.45303881e-04, 1.38121552e-03, 0., 1.03591161e-03, 0.,
       1.03591161e-03, 0., 0., 2.76243105e-03, 6.90607761e-04,
       2.07182323e-03, 0., 2.76243105e-03, 0., 1.76104978e-02, 0.,
       3.45303881e-04, 6.90607761e-04, 0., 2.76243105e-03,
       3.45303881e-04, 3.45303881e-04, 6.56077359e-03, 6.90607761e-04,
       3.45303881e-04, 1.03591161e-03, 3.45303881e-04, 6.90607761e-04,
       1.03591161e-03, 3.45303887e-03, 0., 3.45303881e-04,
       1.03591161e-03, 1.07044205e-02, 3.45303881e-04, 3.45303881e-04,
       1.03591161e-03, 0., 4.14364645e-03, 3.45303881e-04,
       2.41712714e-03, 0., 1.38121552e-03, 6.90607761e-04,
       2.41712714e-03, 1.38121552e-03, 3.45303881e-04, 3.45303881e-04,
       2.41712714e-03, 3.45303881e-04, 6.90607761e-04, 1.38121552e-03,
       3.45303881e-04, 2.76243105e-03, 1.03591161e-03, 3.45303881e-04,
       0., 2.41712714e-03, 1.03591161e-03, 1.38121552e-03,
       1.03591161e-03, 1.03591161e-03, 6.90607761e-04, 1.03591161e-03,
       2.07182323e-03, 1.72651943e-03, 0., 3.45303881e-04,
       2.07182323e-03, 1.03591161e-03, 2.07182323e-03, 0.,
       3.45303881e-04, 3.45303881e-04, 1.03591161e-03, 3.45303881e-04,
       3.45303881e-04, 3.45303881e-04, 6.90607761e-04, 3.45303881e-04,
       3.10773496e-03, 0., 2.76243105e-03, 3.45303881e-04,
       3.45303881e-04, 6.90607761e-04, 1.03591161e-03, 3.45303881e-04,
       1.03591161e-03, 1.38121552e-03, 1.03591161e-03, 1.38121552e-03,
       0., 4.14364645e-03, 3.10773496e-03, 4.48895060e-03,
       3.45303881e-04, 3.45303881e-04, 6.90607761e-04, 1.03591161e-03,
       1.03591161e-03, 1.72651943e-03, 0., 1.72651943e-03,
       2.07182323e-03, 1.38121552e-03, 1.38121552e-03, 1.38121552e-03,
       3.45303881e-04, 3.45303881e-04, 2.07182323e-03, 3.45303881e-04,
       2.41712714e-03, 1.03591161e-03, 1.03591161e-03, 3.45303881e-04,
       0., 1.38121552e-03, 6.90607761e-04, 6.90607761e-04, 0.,
       6.90607761e-04, 2.41712714e-03, 6.90607761e-04, 1.38121552e-03,
       3.45303881e-04, 0., 3.45303881e-04, 1.38121552e-03,
       6.90607761e-04, 6.90607761e-04, 6.90607761e-04, 5.17955841e-03,
       2.07182323e-03, 1.38121552e-03, 0., 6.90607761e-04,
       1.03591161e-03, 0., 2.41712714e-03, 3.45303881e-04, 0.,
       3.45303881e-04, 3.45303881e-04, 1.72651943e-03, 3.45303881e-04,
       0., 2.41712714e-03, 1.72651943e-03, 2.07182323e-03,
       1.03591161e-03, 1.03591161e-03, 1.72651943e-03, 1.38121552e-03,
       1.72651943e-03, 3.45303881e-04, 1.03591161e-03, 6.90607761e-04,
       3.45303881e-04, 1.72651943e-03, 1.38121552e-03, 1.03591161e-03,
       0., 0., 3.45303881e-04, 0., 2.41712714e-03, 3.45303881e-04,
       1.03591161e-03, 1.38121552e-03, 2.76243105e-03, 6.90607761e-04,
       3.45303881e-04, 2.41712714e-03, 2.07182323e-03, 6.90607761e-04,
       3.45303881e-04, 0., 1.03591161e-03, 1.03591161e-03,
       1.03591161e-03, 0., 1.03591161e-03, 6.90607761e-04,
       3.45303887e-03, 0., 3.45303881e-04, 2.41712714e-03,
       3.45303881e-04, 2.48618796e-02, 1.03591161e-03, 1.38121552e-03,
       6.90607761e-04, 6.90607761e-04, 1.03591161e-03, 1.38121552e-03,
       6.90607761e-04, 3.45303881e-04, 0., 3.45303881e-04,
       3.45303881e-04, 1.38121552e-03, 3.45303881e-04, 6.90607761e-04,
       0., 3.45303881e-04, 0., 6.90607761e-04, 4.48895060e-03,
       3.45303881e-04, 6.90607761e-04, 3.10773496e-03, 0.,
       1.20856361e-02, 2.41712714e-03, 6.90607761e-04, 1.03591161e-03,
       1.03591161e-03, 6.90607761e-04, 3.45303881e-04, 1.03591161e-03,
       3.45303881e-04, 2.41712714e-03, 3.10773496e-03, 3.45303881e-04,
       3.45303881e-04, 3.45303881e-04, 6.90607761e-04, 2.41712714e-03,
       1.03591161e-03, 3.45303881e-04, 1.03591161e-03, 4.14364645e-03,
       6.90607761e-04, 0., 3.45303881e-04, 6.90607761e-04, 0.,
       4.83425427e-03, 1.03591161e-03, 1.03591161e-03, 1.38121552e-03,
       6.90607761e-04, 3.45303881e-04, 1.03591161e-03, 2.07182323e-03,
       6.90607761e-04, 4.14364645e-03, 2.07182323e-03, 3.10773496e-03,
       6.90607761e-04, 2.07182323e-03, 0., 0., 1.03591161e-03,
       3.45303881e-04, 2.41712714e-03, 1.38121552e-03, 1.03591161e-03,
       6.90607761e-04, 1.72651943e-03, 1.72651943e-03, 0.,
       1.03591161e-03, 1.38121552e-03, 1.38121552e-03, 1.38121552e-03,
       3.45303881e-04, 1.72651943e-03, 2.07182323e-03, 6.90607761e-04,
       6.90607761e-04, 1.72651943e-03, 3.45303881e-04, 0., 0.,
       3.45303881e-04, 3.79834278e-03, 6.90607761e-04, 6.90607761e-04,
       3.10773496e-03, 6.90607761e-04, 0., 1.38121552e-03,
       4.48895060e-03, 3.45303881e-04, 3.45303881e-04, 6.90607761e-04,
       1.72651943e-03, 1.03591161e-03, 2.76243105e-03, 3.45303881e-04,
       2.07182323e-03, 2.07182323e-03, 0., 3.45303881e-04, 0., 0.,
       6.90607761e-04, 1.38121552e-03, 1.03591161e-03, 4.14364645e-03,
       3.45303881e-04, 0., 4.48895060e-03, 6.90607761e-04,
       1.38121552e-03, 2.76243105e-03, 1.03591161e-03, 3.45303881e-04,
       0., 3.45303887e-03, 1.03591161e-03, 1.72651943e-03,
       2.76243105e-03, 2.41712714e-03, 3.45303881e-04, 3.45303881e-04,
       0., 1.03591161e-03, 1.38121552e-03, 3.45303881e-04,
       6.90607761e-04, 0., 0., 1.03591161e-03, 3.45303881e-04,
       1.03591161e-03, 3.45303881e-04, 1.72651943e-03, 1.03591161e-03,
       3.45303881e-04, 3.45303881e-04, 1.03591161e-03, 0., 0., 0.,
       2.76243105e-03, 3.45303881e-04, 1.03591161e-03, 3.45303881e-04,
       6.90607761e-04, 0., 0., 3.45303881e-04, 1.38121552e-03, 0., 0.,
       3.45303881e-04, 6.90607761e-04, 3.45303881e-04, 3.45303881e-04,
       1.72651943e-03, 7.25138141e-03, 1.03591161e-03, 0., 0., 0.,
       2.41712714e-03, 3.45303881e-04, 1.03591161e-03, 2.07182323e-03,
       0., 4.14364645e-03, 2.07182323e-03, 3.45303881e-04,
