%YAML:1.0
m100n: !!opencv-matrix
   rows: 1
   cols: 800
   dt: f
   data: [ 6.47458714e-04, 1.61864678e-03, 1.61864678e-03,
       3.23729357e-04, 1.29491743e-03, 3.23729357e-04, 0., 0., 0.,
       3.56102292e-03, 1.61864678e-03, 3.23729357e-04, 2.91356421e-03,
       4.20848187e-03, 3.23729357e-04, 2.26610550e-03, 2.58983485e-03,
       6.47458714e-04, 0., 1.29491743e-03, 0., 3.56102292e-03,
       1.61864678e-03, 2.26610550e-03, 0., 0., 6.47458714e-04,
       3.23729357e-04, 3.56102292e-03, 1.61864678e-03, 1.61864678e-03,
       9.71188070e-04, 6.47458714e-04, 6.47458714e-04, 0.,
       6.47458714e-04, 3.23729357e-04, 0., 1.29491743e-03,
       3.23729357e-04, 3.23729357e-04, 9.71188070e-04, 3.23729357e-04,
       3.23729357e-04, 1.61864678e-03, 3.23729357e-03, 1.29491743e-03,
       3.88475228e-03, 6.47458714e-04, 3.23729357e-04, 3.23729357e-04,
       2.26610550e-03, 3.23729357e-04, 6.47458714e-04, 3.23729357e-03,
       1.29491743e-03, 3.23729357e-04, 2.58983485e-03, 2.91356421e-03,
       3.23729357e-04, 3.23729357e-03, 0., 3.23729357e-04,
       1.29491743e-03, 1.61864678e-03, 6.47458714e-04, 0.,
       3.23729357e-04, 1.29491743e-03, 6.47458714e-04, 6.47458714e-04,
       0., 9.71188070e-04, 6.47458714e-04, 4.53221099e-03,
       1.94237614e-03, 2.26610550e-03, 0., 3.56102292e-03,
       1.94237614e-03, 6.47458714e-04, 1.94237614e-03, 2.26610550e-03,
       1.29491743e-03, 1.29491743e-03, 2.91356421e-03, 0.,
       2.26610550e-03, 2.26610550e-03, 5.17966971e-03, 3.23729357e-04,
       0., 6.47458714e-04, 9.71188070e-04, 6.47458714e-04,
       3.23729357e-04, 3.23729357e-04, 1.61864678e-03, 6.47458714e-04,
       9.71188070e-04, 6.47458714e-04, 6.47458714e-04, 3.23729357e-04,
       2.91356421e-03, 3.23729357e-04, 4.85594012e-03, 1.94237614e-03,
       6.15085755e-03, 1.94237614e-03, 6.47458714e-04, 5.17966971e-03,
       1.61864678e-03, 6.47458714e-03, 3.23729357e-04, 0., 0.,
       4.20848187e-03, 3.23729357e-04, 1.61864678e-03, 0.,
       3.23729357e-04, 6.47458714e-04, 6.47458714e-04, 1.29491743e-03,
       0., 6.47458714e-03, 2.58983485e-03, 9.71188070e-04,
       4.85594012e-03, 6.47458714e-04, 2.26610550e-03, 2.91356421e-03,
       2.26610550e-03, 1.29491743e-03, 6.47458714e-04, 3.23729357e-04,
       9.71188070e-04, 3.23729357e-04, 1.61864678e-03, 0.,
       2.26610550e-03, 6.47458714e-04, 0., 3.23729357e-04, 0., 0.,
       3.23729357e-04, 3.88475228e-03, 0., 3.23729357e-04,
       3.56102292e-03, 3.23729357e-04, 3.23729357e-03, 6.47458714e-04,
       2.91356421e-03, 0., 6.47458714e-04, 6.47458714e-04,
       3.23729357e-04, 6.47458714e-04, 1.94237614e-03, 1.61864678e-03,
       1.61864678e-03, 6.47458714e-04, 3.23729357e-04, 0.,
       6.47458714e-04, 1.29491743e-03, 3.23729357e-04, 1.29491743e-03,
       1.94237614e-03, 2.58983485e-03, 6.47458714e-04, 0.,
       6.47458714e-04, 2.26610550e-03, 0., 4.53221099e-03,
       3.56102292e-03, 3.23729357e-04, 1.94237614e-03, 6.47458714e-03,
       1.94237614e-03, 6.47458714e-04, 1.61864678e-03, 0.,
       1.94237614e-03, 0., 1.29491743e-03, 0., 1.29491743e-03,
       1.29491743e-03, 1.29491743e-03, 6.47458714e-04, 1.61864678e-03,
       3.23729357e-04, 9.71188070e-04, 0., 0., 2.58983485e-03,
       9.71188070e-04, 0., 6.47458714e-04, 4.53221099e-03, 0.,
       9.71188070e-04, 5.50339930e-03, 1.94237614e-03, 3.23729357e-04,
       3.23729357e-04, 1.94237614e-03, 2.26610550e-03, 0., 0.,
       1.94237614e-03, 0., 6.47458714e-04, 9.71188070e-04,
       1.94237614e-03, 6.47458714e-04, 1.29491743e-03, 9.71188070e-04,
       1.29491743e-03, 0., 3.23729357e-04, 6.47458714e-04,
       2.26610550e-03, 1.29491743e-03, 0., 9.71188070e-04,
       2.26610550e-03, 1.61864678e-03, 0., 1.61864678e-03, 0.,
       1.61864678e-03, 5.17966971e-03, 3.23729357e-03, 0.,
       3.56102292e-03, 6.47458714e-04, 2.91356421e-03, 9.71188070e-04,
       1.94237614e-03, 0., 1.61864678e-03, 1.61864678e-03,
       9.71188070e-04, 1.61864678e-03, 3.56102292e-03, 6.47458714e-04,
       1.29491743e-03, 6.47458714e-04, 0., 1.94237614e-03,
       2.58983485e-03, 1.94237614e-03, 6.47458714e-04, 1.29491743e-03,
       9.71188070e-04, 6.47458714e-04, 1.29491743e-03, 3.23729357e-04,
       6.47458714e-04, 2.91356421e-03, 3.23729357e-04, 1.29491743e-03,
       3.88475228e-03, 0., 3.23729357e-04, 9.71188070e-04,
       1.61864678e-03, 9.71188070e-04, 3.23729357e-04, 4.85594012e-03,
       9.71188070e-04, 6.47458714e-04, 9.71188070e-04, 6.47458714e-04,
       3.23729357e-04, 6.47458714e-04, 6.47458714e-04, 1.29491743e-03,
       3.23729357e-04, 1.61864678e-03, 3.23729357e-03, 1.94237614e-03,
       1.29491743e-03, 3.23729357e-04, 3.23729357e-04, 1.94237614e-03,
       6.47458714e-04, 3.23729357e-04, 9.71188070e-04, 1.61864678e-03,
       1.29491743e-03, 1.29491743e-03, 0., 9.71188070e-04,
       3.23729357e-04, 1.61864678e-03, 6.47458714e-04, 2.58983485e-03,
       6.47458714e-04, 0., 0., 0., 6.47458714e-04, 2.91356421e-03,
       3.23729357e-04, 6.47458714e-04, 1.29491743e-03, 1.61864678e-03,
       1.29491743e-03, 1.29491743e-03, 1.61864678e-03, 3.88475228e-03,
       0., 0., 6.47458714e-04, 9.71188070e-04, 1.61864678e-03,
       1.61864678e-03, 9.71188070e-04, 6.47458714e-04, 9.71188070e-04,
       1.61864678e-03, 0., 3.23729357e-04, 9.71188070e-04, 0.,
       3.23729357e-04, 9.71188070e-04, 1.94237614e-03, 1.61864678e-03,
       3.23729357e-03, 6.47458714e-04, 1.94237614e-03, 1.29491743e-03,
       0., 1.61864678e-03, 1.94237614e-03, 9.71188070e-04,
       9.71188070e-04, 0., 6.47458714e-04, 3.23729357e-04,
       9.71188070e-04, 0., 9.71188070e-04, 2.91356421e-03,
       3.23729357e-03, 0., 2.26610550e-03, 3.23729357e-04,
       6.47458714e-04, 3.56102292e-03, 6.47458714e-04, 3.23729357e-04,
       9.71188070e-04, 6.47458714e-04, 2.26610550e-03, 9.71188070e-04,
       0., 6.47458714e-04, 3.56102292e-03, 1.29491743e-03, 0.,
       3.23729357e-04, 3.23729357e-04, 5.50339930e-03, 1.29491743e-03,
       0., 6.47458714e-04, 5.82712842e-03, 6.47458714e-04,
       3.23729357e-04, 3.23729357e-04, 3.23729357e-04, 1.94237614e-03,
       9.71188070e-04, 0., 2.91356421e-03, 3.23729357e-04, 0.,
       6.47458714e-04, 3.23729357e-04, 9.71188070e-04, 2.58983485e-03,
       1.94237614e-03, 1.94237614e-03, 3.56102292e-03, 0.,
       2.91356421e-03, 1.29491743e-03, 9.71188070e-04, 2.26610550e-03,
       6.47458714e-04, 1.94237614e-03, 1.61864678e-03, 3.23729357e-04,
       1.61864678e-03, 2.26610550e-03, 2.58983485e-03, 0.,
       3.23729357e-04, 1.61864678e-03, 2.26610550e-03, 9.71188070e-04,
       6.47458714e-04, 3.23729357e-04, 3.23729357e-04, 9.71188070e-04,
       2.58983485e-03, 3.23729357e-04, 9.71188070e-04, 1.29491743e-03,
       6.47458714e-04, 0., 4.85594012e-03, 6.47458714e-04,
       3.23729357e-04, 1.94237614e-03, 6.47458714e-04, 6.47458714e-04,
       0., 1.29491743e-03, 3.23729357e-04, 0., 3.23729357e-03, 0.,
       3.23729357e-04, 3.88475228e-03, 9.71188070e-04, 9.71188070e-04,
       3.88475228e-03, 1.29491743e-03, 6.47458714e-04, 3.23729357e-04,
       0., 3.23729357e-03, 1.94237614e-03, 9.71188070e-04,
       1.29491743e-03, 6.47458714e-04, 0., 0., 1.94237614e-03,
       1.29491743e-03, 6.47458714e-04, 2.58983485e-03, 3.23729357e-04,
       6.47458714e-04, 3.23729357e-03, 0., 9.71188070e-04, 0.,
       3.23729357e-04, 3.23729357e-04, 3.23729357e-04, 3.23729357e-04,
       0., 2.26610550e-03, 2.58983485e-03, 6.47458714e-04,
       6.47458714e-04, 3.23729357e-04, 6.47458714e-04, 3.23729357e-04,
       1.94237614e-03, 6.47458714e-04, 0., 2.26610550e-03,
       6.47458714e-04, 0., 6.47458714e-04, 3.23729357e-04, 0.,
       1.94237614e-03, 4.53221099e-03, 0., 1.29491743e-03,
       6.47458714e-04, 1.29491743e-03, 1.29491743e-03, 0.,
       6.47458714e-04, 6.47458714e-04, 0., 1.94237614e-03,
       1.61864678e-03, 0., 6.47458714e-04, 1.29491743e-03,
       4.20848187e-03, 5.17966971e-03, 0., 3.23729357e-04,
       6.47458714e-04, 0., 6.47458714e-04, 6.47458714e-04,
