%YAML:1.0
m100n: !!opencv-matrix
   rows: 1
   cols: 800
   dt: f
   data: [ 7.83392112e-04, 3.91696056e-04, 3.91696056e-04,
       3.91696056e-04, 1.56678422e-03, 0., 0., 0., 0., 3.91696056e-04,
       1.17508811e-03, 1.17508811e-03, 1.56678422e-03, 1.17508811e-03,
       0., 3.91696056e-04, 7.83392112e-04, 3.91696056e-04,
       4.30865679e-03, 2.74187233e-03, 0., 3.91696068e-03,
       7.83392112e-04, 7.83392135e-03, 7.83392112e-04, 0.,
       1.56678422e-03, 7.83392112e-04, 1.17508811e-03, 2.07598917e-02,
       2.35017622e-03, 7.83392112e-04, 2.35017622e-03, 1.17508811e-03,
       3.91696056e-04, 1.95848034e-03, 0., 0., 2.35017622e-03, 0., 0.,
       0., 2.35017622e-03, 0., 1.17508811e-03, 1.56678422e-03,
       3.91696056e-04, 2.35017622e-03, 1.17508811e-03, 3.91696056e-04,
       0., 3.91696056e-04, 1.56678422e-03, 3.91696056e-04,
       3.91696056e-04, 0., 0., 5.09204855e-03, 1.56678422e-03,
       3.91696056e-04, 2.35017622e-03, 1.17508811e-03, 1.17508811e-03,
       3.91696056e-04, 7.83392112e-04, 0., 3.91696056e-04,
       1.17508811e-03, 2.35017622e-03, 7.83392112e-04, 1.95848034e-03,
       0., 3.91696056e-04, 3.91696056e-04, 1.17508811e-03,
       2.35017622e-03, 1.17508811e-03, 0., 1.17508811e-03,
       3.13356845e-03, 0., 0., 2.35017622e-03, 1.17508811e-03,
       7.83392112e-04, 3.91696056e-04, 1.56678422e-03, 7.83392112e-04,
       1.56678422e-03, 7.83392112e-04, 3.91696056e-04, 0., 0., 0.,
       3.91696056e-04, 1.56678422e-03, 0., 1.95848034e-03,
       1.56678422e-03, 0., 1.56678422e-03, 3.91696056e-04,
       7.83392112e-04, 1.95848034e-03, 0., 4.30865679e-03,
       3.52526456e-03, 4.70035244e-03, 7.83392112e-04, 0.,
       3.91696068e-03, 7.83392112e-04, 3.91696068e-03, 1.17508811e-03,
       1.95848034e-03, 0., 2.35017622e-03, 3.91696056e-04,
       1.17508811e-03, 0., 2.74187233e-03, 1.56678422e-03, 0., 0.,
       1.56678422e-03, 3.52526456e-03, 3.91696056e-04, 0.,
       5.48374467e-03, 3.91696056e-04, 2.74187233e-03, 0.,
       1.56678422e-03, 1.95848034e-03, 1.17508811e-03, 7.83392112e-04,
       0., 3.91696056e-04, 7.83392112e-04, 7.83392112e-04,
       3.13356845e-03, 1.95848034e-03, 3.91696056e-04, 3.91696056e-04,
       0., 0., 0., 7.83392112e-04, 0., 7.83392112e-04, 4.70035244e-03,
       3.91696056e-04, 3.52526456e-03, 1.56678422e-03, 1.95848034e-03,
       0., 3.13356845e-03, 3.91696056e-04, 0., 1.56678422e-03,
       3.91696056e-04, 3.13356845e-03, 2.35017622e-03, 2.74187233e-03,
       1.17508811e-03, 3.91696056e-04, 3.91696056e-04, 1.17508811e-03,
       3.91696056e-04, 3.91696056e-04, 1.17508811e-03, 6.26713689e-03,
       1.95848034e-03, 3.91696056e-04, 1.56678422e-03, 5.48374467e-03,
       0., 1.95848034e-03, 3.91696068e-03, 3.91696056e-04,
       2.35017622e-03, 1.56678422e-03, 7.83392112e-04, 3.91696056e-04,
       1.17508811e-03, 0., 1.95848034e-03, 3.91696056e-04,
       3.91696056e-04, 3.91696056e-04, 1.17508811e-03, 0.,
       2.35017622e-03, 3.13356845e-03, 3.91696056e-04, 7.83392112e-04,
       1.56678422e-03, 2.35017622e-03, 7.83392112e-04, 2.35017622e-03,
       1.17508811e-03, 3.91696056e-04, 2.74187233e-03, 2.74187233e-03,
       0., 1.56678422e-03, 1.56678422e-03, 3.91696056e-04,
       7.83392112e-04, 3.91696056e-04, 1.95848034e-03, 1.56678422e-03,
       0., 0., 1.56678422e-03, 1.95848034e-03, 7.83392112e-04,
       3.91696056e-04, 7.83392112e-04, 1.17508811e-03, 1.95848034e-03,
       7.83392112e-04, 1.56678422e-03, 7.83392112e-04, 3.52526456e-03,
       0., 2.35017622e-03, 1.56678422e-03, 3.91696056e-04,
       2.74187233e-03, 1.56678422e-03, 3.91696056e-04, 0.,
       2.74187233e-03, 1.56678422e-03, 3.13356845e-03, 5.09204855e-03,
       1.95848034e-03, 7.83392112e-04, 1.56678422e-03, 1.17508811e-03,
       1.17508811e-03, 3.91696056e-04, 5.87544078e-03, 0.,
       1.17508811e-03, 1.56678422e-03, 1.95848034e-03, 0.,
       3.91696056e-04, 4.70035244e-03, 3.91696056e-04, 3.91696068e-03,
       1.17508811e-03, 2.74187233e-03, 3.91696056e-04, 3.13356845e-03,
       1.56678422e-03, 1.95848034e-03, 2.35017622e-03, 0.,
       1.17508811e-03, 0., 1.95848034e-03, 1.95848034e-03,
       3.91696056e-04, 2.35017622e-03, 0., 0., 1.17508811e-03,
       4.70035244e-03, 3.91696056e-04, 3.91696056e-04, 2.35017622e-03,
       3.13356845e-03, 1.56678422e-03, 7.83392112e-04, 3.91696056e-04,
       0., 1.56678422e-03, 3.91696056e-04, 1.17508811e-03,
       1.17508811e-03, 0., 3.91696056e-04, 1.56678422e-03,
       3.52526456e-03, 1.17508811e-03, 0., 7.83392112e-04,
       1.95848034e-03, 0., 3.91696056e-04, 3.13356845e-03,
       1.56678422e-03, 3.91696056e-04, 3.91696056e-04, 0.,
       7.83392112e-04, 0., 3.91696056e-04, 7.83392112e-04,
       2.35017622e-03, 1.56678422e-03, 0., 3.91696056e-04,
       1.95848034e-03, 0., 7.83392112e-04, 0., 7.83392112e-04,
       1.56678422e-03, 3.91696068e-03, 1.56678422e-03, 0.,
       3.13356845e-03, 1.95848034e-03, 2.35017622e-03, 7.83392112e-04,
       0., 0., 0., 1.95848034e-03, 0., 3.91696056e-04, 7.83392112e-04,
       1.56678422e-03, 7.83392112e-04, 0., 7.83392112e-04,
       3.91696056e-04, 7.83392112e-04, 1.95848034e-03, 1.95848034e-03,
       1.17508811e-03, 1.95848034e-03, 1.17508811e-03, 7.83392112e-04,
       7.83392112e-04, 1.17508811e-03, 1.17508811e-03, 1.17508811e-03,
       1.56678422e-03, 1.17508811e-03, 1.56678422e-03, 0.,
       3.91696056e-04, 3.91696056e-04, 7.83392112e-04, 3.91696056e-04,
       3.13356845e-03, 0., 0., 2.35017622e-03, 0., 3.52526456e-03,
       3.13356845e-03, 1.56678422e-03, 3.13356845e-03, 2.74187233e-03,
       1.17508811e-03, 1.95848034e-03, 1.95848034e-03, 0.,
       1.17508811e-03, 4.70035244e-03, 3.91696056e-04, 7.83392112e-04,
       1.95848034e-03, 3.91696056e-04, 4.30865679e-03, 1.95848034e-03,
       0., 1.95848034e-03, 3.52526456e-03, 2.74187233e-03, 0.,
       1.56678422e-03, 3.91696056e-04, 1.17508811e-03, 3.91696068e-03,
       3.91696056e-04, 1.56678422e-03, 3.91696056e-04, 3.91696056e-04,
       3.91696056e-04, 3.91696056e-04, 3.91696056e-04, 0.,
       7.83392112e-04, 1.56678422e-03, 4.30865679e-03, 1.56678422e-03,
       4.70035244e-03, 7.83392112e-04, 3.91696056e-04, 3.91696056e-04,
       3.91696056e-04, 3.91696068e-03, 7.83392112e-04, 3.91696056e-04,
       7.83392112e-04, 1.56678422e-03, 2.74187233e-03, 7.83392112e-04,
       1.56678422e-03, 7.83392112e-04, 7.83392112e-04, 2.35017622e-03,
       0., 7.83392112e-04, 3.91696056e-04, 0., 3.91696056e-04,
       3.91696056e-04, 0., 1.17508811e-03, 1.17508811e-03, 0.,
       2.35017622e-03, 1.56678422e-03, 7.83392112e-04, 1.95848034e-03,
       3.91696056e-04, 1.17508811e-03, 2.74187233e-03, 1.17508811e-03,
       1.17508811e-03, 0., 2.35017622e-03, 3.91696056e-04,
       1.95848034e-03, 1.56678422e-03, 3.91696056e-04, 7.83392112e-04,
       3.52526456e-03, 3.91696056e-04, 1.17508811e-03, 7.83392112e-04,
       0., 3.91696068e-03, 7.83392112e-04, 1.17508811e-03,
       2.35017622e-03, 1.17508811e-03, 7.83392112e-04, 1.17508811e-03,
       1.56678422e-03, 3.91696056e-04, 3.91696056e-04, 1.17508811e-03,
       3.91696056e-04, 3.91696056e-04, 4.30865679e-03, 1.56678422e-03,
       7.83392112e-04, 5.48374467e-03, 1.56678422e-03, 1.56678422e-03,
       3.91696056e-04, 2.35017622e-03, 7.83392112e-04, 1.95848034e-03,
       1.56678422e-03, 2.35017622e-03, 0., 7.83392112e-04,
       3.91696056e-04, 0., 1.95848034e-03, 0., 0., 7.83392112e-04,
       1.56678422e-03, 3.91696056e-04, 0., 1.17508811e-03, 0.,
       7.83392112e-04, 2.74187233e-03, 0., 7.83392112e-04,
       7.83392112e-04, 7.83392112e-04, 3.91696056e-04, 3.91696056e-04,
       3.91696056e-04, 7.83392112e-04, 0., 7.83392112e-04,
       2.35017622e-03, 1.17508811e-03, 7.83392112e-04, 7.83392112e-04,
       3.91696056e-04, 6.65883301e-03, 7.83392112e-04, 7.83392112e-04,
       3.91696056e-04, 0., 1.17508811e-03, 0., 9.00900923e-03,
       3.91696056e-04, 1.17508811e-03, 6.65883301e-03, 2.74187233e-03,
       2.35017622e-03, 7.83392112e-04, 3.91696056e-04, 3.91696056e-04,
