%YAML:1.0
m100n: !!opencv-matrix
   rows: 1
   cols: 800
   dt: f
   data: [ 0., 8.30564764e-04, 4.15282382e-04, 2.49169441e-03,
       4.15282382e-04, 0., 8.30564764e-04, 0., 0., 0., 1.24584720e-03,
       8.30564764e-04, 0., 2.49169441e-03, 4.15282382e-04,
       8.30564764e-04, 1.66112953e-03, 0., 2.07641185e-03,
       2.49169441e-03, 4.15282382e-04, 8.30564764e-04, 8.30564764e-04,
       4.56810603e-03, 1.24584720e-03, 4.15282382e-04, 2.49169441e-03,
       2.07641185e-03, 2.49169441e-03, 2.49169441e-03, 1.66112953e-03,
       8.30564764e-04, 1.66112953e-03, 8.30564764e-04, 8.30564764e-04,
       0., 1.66112953e-03, 4.15282382e-04, 2.49169441e-03,
       4.15282382e-04, 0., 1.24584720e-03, 8.30564764e-04,
       8.30564764e-04, 2.07641185e-03, 4.98338882e-03, 8.30564764e-04,
       2.49169441e-03, 4.15282382e-04, 1.24584720e-03, 0.,
       1.24584720e-03, 0., 4.15282382e-04, 1.24584720e-03,
       8.30564764e-04, 1.24584720e-03, 2.49169441e-03, 2.07641185e-03,
       1.24584720e-03, 4.56810603e-03, 0., 4.15282382e-04,
       1.24584720e-03, 2.07641185e-03, 4.15282382e-04, 4.15282382e-04,
       1.24584720e-03, 2.90697673e-03, 4.15282382e-04, 1.66112953e-03,
       0., 4.15282382e-04, 1.66112953e-03, 4.15282382e-04,
       1.24584720e-03, 3.32225906e-03, 0., 2.49169441e-03,
       3.32225906e-03, 1.24584720e-03, 8.30564764e-04, 8.30564764e-04,
       8.30564764e-04, 1.24584720e-03, 2.07641185e-03, 1.24584720e-03,
       1.66112953e-03, 2.49169441e-03, 2.49169441e-03, 8.30564764e-04,
       0., 0., 0., 2.90697673e-03, 4.15282382e-04, 8.30564764e-04,
       8.30564764e-04, 1.24584720e-03, 0., 2.07641185e-03,
       1.66112953e-03, 8.30564764e-04, 4.15282382e-04, 0.,
       2.90697673e-03, 8.30564764e-04, 8.30564764e-04, 4.15282382e-04,
       0., 3.32225906e-03, 1.24584720e-03, 1.66112953e-03, 0.,
       1.66112953e-03, 4.15282382e-04, 1.66112953e-03, 1.24584720e-03,
       2.49169441e-03, 8.30564764e-04, 4.15282382e-04, 1.24584720e-03,
       4.15282382e-04, 1.24584720e-03, 8.30564764e-04, 2.90697673e-03,
       2.07641185e-03, 4.15282382e-04, 2.90697673e-03, 4.15282382e-04,
       2.49169441e-03, 1.66112953e-03, 1.24584720e-03, 6.22923579e-03,
       1.24584720e-03, 2.49169441e-03, 8.30564764e-04, 1.24584720e-03,
       4.15282382e-04, 1.66112953e-03, 2.07641185e-03, 1.66112953e-03,
       4.15282382e-04, 4.15282382e-04, 4.15282382e-04, 0.,
       4.15282382e-04, 0., 4.15282382e-04, 8.30564764e-04,
       8.30564764e-04, 0., 8.30564764e-04, 4.15282382e-04,
       2.90697673e-03, 0., 0., 4.15282382e-04, 0., 4.15282382e-04,
       4.15282382e-04, 8.30564764e-04, 3.73754138e-03, 4.15282382e-04,
       8.30564764e-04, 1.24584720e-03, 8.30564764e-04, 0.,
       2.07641185e-03, 0., 2.90697673e-03, 2.90697673e-03,
       4.15282382e-04, 0., 4.56810603e-03, 5.39867114e-03,
       1.24584720e-03, 0., 4.56810603e-03, 4.15282382e-04,
       1.24584720e-03, 0., 0., 8.30564764e-04, 0., 0., 5.39867114e-03,
       4.15282382e-04, 1.24584720e-03, 0., 2.07641185e-03,
       8.30564764e-04, 8.30564764e-04, 8.72092973e-03, 1.66112953e-03,
       2.49169441e-03, 8.30564764e-04, 1.66112953e-03, 1.24584720e-03,
       7.47508276e-03, 4.15282382e-04, 4.15282382e-04, 1.66112953e-03,
       2.49169441e-03, 4.15282382e-04, 4.15282382e-04, 2.90697673e-03,
       8.30564764e-04, 4.15282382e-04, 0., 8.30564764e-04,
       3.73754138e-03, 4.15282382e-04, 1.66112953e-03, 4.15282382e-04,
       2.49169441e-03, 2.49169441e-03, 1.24584720e-03, 8.30564764e-04,
       1.24584720e-03, 8.30564764e-04, 8.30564764e-04, 2.49169441e-03,
       8.30564764e-04, 1.24584720e-03, 0., 8.30564764e-04, 0.,
       4.15282382e-04, 8.30564764e-04, 2.90697673e-03, 8.30564764e-04,
       4.15282382e-04, 2.90697673e-03, 1.66112953e-03, 8.30564764e-04,
       4.56810603e-03, 8.30564764e-04, 1.66112953e-03, 2.49169441e-03,
       8.30564764e-04, 1.24584720e-03, 8.30564764e-04, 1.66112953e-03,
       8.30564764e-04, 2.07641185e-03, 0., 1.24584720e-03,
       8.30564764e-04, 4.15282382e-04, 2.07641185e-03, 1.66112953e-03,
       4.56810603e-03, 8.30564764e-04, 5.81395347e-03, 8.30564764e-04,
       1.66112953e-03, 4.15282382e-04, 4.15282382e-04, 2.49169441e-03,
       8.30564764e-04, 1.24584720e-03, 4.15282382e-04, 1.66112953e-03,
       1.24584720e-03, 1.24584720e-03, 2.90697673e-03, 4.15282382e-04,
       0., 1.66112953e-03, 2.90697673e-03, 8.30564764e-04,
       2.07641185e-03, 4.98338882e-03, 2.90697673e-03, 8.30564764e-04,
       8.30564764e-04, 1.24584720e-03, 0., 1.66112953e-03,
       8.30564764e-04, 2.07641185e-03, 4.15282382e-04, 1.24584720e-03,
       4.15282382e-04, 0., 8.30564764e-04, 1.24584720e-03, 0.,
       3.32225906e-03, 2.49169441e-03, 8.30564764e-04, 2.07641185e-03,
       1.66112953e-03, 4.15282382e-04, 2.07641185e-03, 8.30564764e-04,
       0., 2.49169441e-03, 4.15282382e-04, 8.30564764e-04,
       4.15282382e-04, 3.32225906e-03, 2.07641185e-03, 8.30564764e-04,
       0., 1.24584720e-03, 1.66112953e-03, 0., 8.30564764e-04,
       2.90697673e-03, 8.30564764e-04, 1.66112953e-03, 4.15282382e-04,
       3.73754138e-03, 4.15282382e-04, 4.15282382e-04, 8.30564764e-04,
       2.90697673e-03, 0., 2.90697673e-03, 0., 8.30564764e-04, 0.,
       8.30564764e-04, 0., 1.66112953e-03, 0., 4.15282382e-04,
       2.07641185e-03, 8.30564764e-04, 1.66112953e-03, 1.24584720e-03,
       1.24584720e-03, 1.66112953e-03, 4.15282382e-04, 4.15282382e-04,
       4.15282382e-04, 8.30564764e-04, 4.15282382e-04, 1.66112953e-03,
       1.24584720e-03, 1.24584720e-03, 8.30564764e-04, 1.24584720e-03,
       0., 0., 2.07641185e-03, 8.30564764e-04, 0., 2.49169441e-03,
       1.24584720e-03, 4.15282382e-04, 2.49169441e-03, 0.,
       8.30564764e-04, 1.66112953e-03, 4.15282382e-04, 8.30564764e-04,
       3.32225906e-03, 2.07641185e-03, 1.24584720e-03, 2.49169441e-03,
       8.30564764e-04, 3.32225906e-03, 4.56810603e-03, 0.,
       4.15282382e-04, 0., 1.66112953e-03, 8.30564764e-04,
       4.15282382e-04, 0., 8.30564764e-04, 8.72092973e-03,
       4.15282382e-04, 4.15282382e-04, 2.90697673e-03, 1.66112953e-03,
       0., 7.05980044e-03, 8.30564764e-04, 1.66112953e-03,
       4.15282382e-04, 1.24584720e-03, 4.15282382e-04, 4.15282382e-04,
       1.24584720e-03, 2.49169441e-03, 0., 1.24584720e-03,
       1.66112953e-03, 0., 2.07641185e-03, 1.66112953e-03,
       4.15282382e-04, 4.15282382e-04, 1.66112953e-03, 1.66112953e-03,
       1.24584720e-03, 4.15282382e-04, 4.15282382e-04, 3.32225906e-03,
       8.30564764e-04, 2.49169441e-03, 0., 2.90697673e-03,
       8.30564764e-04, 2.07641185e-03, 4.15282382e-04, 8.30564764e-04,
       8.30564764e-04, 4.15282382e-04, 2.07641185e-03, 1.24584720e-03,
       2.07641185e-03, 0., 2.90697673e-03, 0., 2.49169441e-03,
       1.24584720e-03, 0., 8.30564764e-04, 4.15282382e-04,
       1.24584720e-03, 4.56810603e-03, 4.15282382e-04, 4.15282382e-04,
       4.15282382e-04, 4.56810603e-03, 1.24584720e-03, 1.24584720e-03,
       2.90697673e-03, 1.66112953e-03, 0., 1.24584720e-03,
       4.15282382e-04, 4.15282382e-04, 4.15282382e-04, 4.15282382e-04,
       4.15282382e-04, 0., 1.66112953e-03, 1.66112953e-03,
       2.07641185e-03, 0., 3.32225906e-03, 4.15282382e-04,
       3.32225906e-03, 1.24584720e-03, 4.15282382e-04, 4.15282382e-04,
       8.30564764e-04, 1.24584720e-03, 1.24584720e-03, 2.90697673e-03,
       8.30564764e-04, 8.30564764e-04, 8.30564764e-04, 1.24584720e-03,
       4.15282382e-04, 8.30564764e-04, 0., 2.90697673e-03,
       4.15282382e-04, 4.15282382e-04, 0., 8.30564764e-04,
       8.30564764e-04, 3.73754138e-03, 0., 0., 3.32225906e-03,
       1.24584720e-03, 4.15282382e-04, 1.24584720e-03, 8.30564764e-04,
       1.24584720e-03, 2.07641185e-03, 2.07641185e-03, 4.15282382e-04,
       1.24584720e-03, 0., 8.30564764e-04, 8.30564764e-04,
       4.15282382e-04, 4.15282382e-04, 3.73754138e-03, 0.,
       4.15282382e-04, 2.49169441e-03, 1.66112953e-03, 8.30564764e-04,
       0., 4.15282382e-04, 3.32225906e-03, 0., 4.15282382e-04,
