%YAML:1.0
m100n: !!opencv-matrix
   rows: 1
   cols: 800
   dt: f
   data: [ 0., 8.98069178e-04, 1.79613836e-03, 1.79613836e-03,
       4.49034589e-04, 0., 8.98069178e-04, 4.49034589e-04, 0.,
       3.14324209e-03, 4.49034589e-04, 4.49034589e-04, 8.98069178e-04,
       8.98069178e-04, 2.24517286e-03, 1.79613836e-03, 2.24517286e-03,
       0., 1.79613836e-03, 3.14324209e-03, 4.49034589e-04,
       4.49034589e-04, 2.24517286e-03, 0., 0., 0., 2.24517286e-03, 0.,
       0., 1.34710374e-03, 1.34710374e-03, 2.24517286e-03,
       3.59227671e-03, 2.69420748e-03, 4.49034589e-04, 1.34710374e-03,
       2.24517286e-03, 0., 4.49034589e-04, 4.49034589e-04,
       8.98069178e-04, 4.49034589e-04, 1.34710374e-03, 0.,
       2.24517286e-03, 4.49034572e-03, 1.34710374e-03, 1.79613836e-03,
       1.79613836e-03, 0., 4.49034589e-04, 8.98069178e-04,
       1.34710374e-03, 0., 4.49034589e-04, 0., 4.49034589e-04,
       4.49034572e-03, 0., 1.34710374e-03, 6.28648419e-03, 0.,
       4.49034589e-04, 2.24517286e-03, 0., 4.49034589e-04, 0.,
       1.34710374e-03, 1.34710374e-03, 8.98069178e-04, 2.69420748e-03,
       4.49034589e-04, 1.79613836e-03, 4.49034589e-04, 0.,
       3.14324209e-03, 2.24517286e-03, 0., 4.49034589e-04,
       6.28648419e-03, 6.28648419e-03, 4.49034589e-04, 1.34710374e-03,
       8.98069178e-04, 1.34710374e-03, 8.53165705e-03, 1.34710374e-03,
       2.69420748e-03, 8.98069178e-04, 1.34710374e-03, 0., 0., 0., 0.,
       2.24517286e-03, 1.79613836e-03, 0., 3.14324209e-03,
       4.49034589e-04, 0., 4.49034589e-04, 4.49034589e-04,
       2.69420748e-03, 0., 0., 3.59227671e-03, 1.79613836e-03,
       1.79613836e-03, 4.49034589e-04, 1.34710374e-03, 6.73551904e-03,
       8.98069178e-04, 4.49034589e-04, 0., 1.34710374e-03, 0.,
       1.12258643e-02, 4.49034589e-04, 5.83744980e-03, 0.,
       4.49034589e-04, 4.49034589e-04, 1.34710374e-03, 1.79613836e-03,
       0., 2.24517286e-03, 0., 4.49034589e-04, 1.34710374e-03,
       8.98069178e-04, 8.98069178e-04, 4.49034589e-04, 1.34710374e-03,
       7.18455343e-03, 0., 4.49034589e-04, 1.34710374e-03, 0.,
       8.98069178e-04, 1.34710374e-03, 1.34710374e-03, 4.49034589e-04,
       0., 1.79613836e-03, 4.49034589e-04, 0., 1.34710374e-03,
       1.34710374e-03, 0., 4.49034589e-04, 8.98069178e-04, 0.,
       1.34710374e-03, 4.49034589e-04, 8.98069178e-04, 4.49034589e-04,
       8.98069178e-04, 4.49034589e-04, 0., 4.49034589e-04,
       4.49034589e-04, 2.24517286e-03, 1.34710374e-03, 0., 0.,
       4.49034589e-04, 1.79613836e-03, 8.98069178e-04, 8.98069178e-04,
       0., 1.79613836e-03, 1.79613836e-03, 0., 0., 1.79613836e-03,
       1.79613836e-03, 0., 2.24517286e-03, 5.83744980e-03, 0.,
       2.69420748e-03, 1.34710374e-03, 1.34710374e-03, 1.79613836e-03,
       4.49034589e-04, 0., 1.34710374e-03, 0., 8.98069178e-04, 0.,
       2.69420748e-03, 1.34710374e-03, 8.98069178e-04, 4.93938057e-03,
       0., 4.04131133e-03, 8.98069178e-04, 0., 4.49034589e-04,
       1.34710374e-03, 4.49034589e-04, 0., 4.49034589e-04,
       4.49034589e-04, 3.59227671e-03, 0., 3.14324209e-03,
       1.34710374e-03, 4.49034589e-04, 0., 8.98069178e-04,
       1.79613836e-03, 0., 8.98069178e-04, 1.79613836e-03,
       2.24517286e-03, 4.49034589e-04, 4.49034589e-04, 1.79613836e-03,
       1.34710374e-03, 8.98069178e-04, 1.34710374e-03, 3.59227671e-03,
       4.49034589e-04, 1.79613836e-03, 8.98069178e-04, 8.98069178e-04,
       8.98069178e-04, 0., 2.24517286e-03, 4.04131133e-03,
       4.49034589e-04, 1.34710374e-03, 4.49034572e-03, 4.49034589e-04,
       2.24517286e-03, 1.34710374e-03, 1.34710374e-03, 8.98069178e-04,
       4.49034589e-04, 8.98069178e-04, 8.98069178e-04, 8.98069178e-04,
       1.34710374e-03, 0., 2.24517286e-03, 5.38841495e-03,
       1.79613836e-03, 1.79613836e-03, 1.34710374e-03, 2.24517286e-03,
       8.98069178e-04, 1.79613836e-03, 0., 3.14324209e-03,
       8.98069178e-04, 0., 4.49034589e-04, 4.49034589e-04,
       4.49034589e-04, 8.98069178e-04, 4.49034589e-04, 4.49034589e-04,
       4.04131133e-03, 1.79613836e-03, 0., 1.34710374e-03,
       2.24517286e-03, 0., 0., 1.34710374e-03, 8.98069178e-04,
       2.24517286e-03, 6.28648419e-03, 8.98069178e-04, 8.98069178e-04,
       4.49034589e-04, 0., 8.98069178e-04, 4.49034589e-04, 0.,
       4.93938057e-03, 1.34710374e-03, 0., 2.69420748e-03, 0.,
       5.83744980e-03, 4.49034589e-04, 8.98069178e-04, 4.93938057e-03,
       1.79613836e-03, 4.49034572e-03, 1.34710374e-03, 8.98069178e-04,
       4.49034589e-04, 2.24517286e-03, 4.49034589e-04, 0.,
       1.34710374e-03, 8.98069178e-04, 8.98069178e-04, 0.,
       4.49034589e-04, 1.34710374e-03, 0., 0., 0., 0., 1.79613836e-03,
       0., 1.34710374e-03, 4.49034589e-04, 1.79613836e-03,
       4.49034589e-04, 0., 0., 1.34710374e-03, 8.98069178e-04,
       4.49034589e-04, 4.49034589e-04, 4.49034589e-04, 4.49034589e-04,
       4.49034589e-04, 8.98069178e-04, 8.98069178e-04, 4.49034589e-04,
       2.69420748e-03, 0., 0., 4.49034589e-04, 0., 4.49034589e-04,
       1.34710374e-03, 2.24517286e-03, 8.98069178e-04, 0.,
       2.24517286e-03, 0., 0., 0., 4.49034589e-04, 4.49034589e-04, 0.,
       4.49034589e-04, 0., 0., 1.79613836e-03, 3.14324209e-03,
       1.34710374e-03, 0., 1.79613836e-03, 4.49034589e-04,
       8.98069178e-04, 2.69420748e-03, 0., 5.38841495e-03,
       1.79613836e-03, 4.49034589e-04, 0., 0., 2.69420748e-03,
       4.49034589e-04, 4.49034589e-04, 0., 1.34710374e-03,
       4.93938057e-03, 0., 8.98069178e-04, 0., 3.14324209e-03,
       1.79613836e-03, 8.98069178e-04, 1.34710374e-03, 8.98069178e-04,
       1.79613836e-03, 4.49034589e-04, 4.49034589e-04, 0.,
       8.98069178e-04, 4.49034589e-04, 5.38841495e-03, 4.49034589e-04,
       1.79613836e-03, 4.49034589e-04, 5.83744980e-03, 0.,
       4.49034589e-04, 8.98069178e-04, 4.49034589e-04, 1.34710374e-03,
       1.34710374e-03, 2.24517286e-03, 4.49034589e-04, 3.14324209e-03,
       4.49034589e-04, 1.34710374e-03, 1.79613836e-03, 1.34710374e-03,
       1.34710374e-03, 1.34710374e-03, 0., 0., 3.14324209e-03,
       4.04131133e-03, 1.34710374e-03, 4.49034589e-04, 4.49034589e-04,
       0., 2.24517286e-03, 4.49034589e-04, 4.49034589e-04,
       1.79613836e-03, 8.98069178e-04, 2.24517286e-03, 1.79613836e-03,
       4.49034589e-04, 0., 1.79613836e-03, 0., 3.14324209e-03,
       8.98069178e-04, 0., 3.14324209e-03, 0., 1.79613836e-03,
       3.14324209e-03, 8.98069178e-04, 1.79613836e-03, 0.,
       4.49034589e-04, 8.98069178e-04, 1.34710374e-03, 1.34710374e-03,
       4.49034589e-04, 8.98069178e-04, 3.59227671e-03, 0.,
       4.49034589e-04, 4.49034589e-04, 0., 1.79613836e-03,
       4.49034589e-04, 1.34710374e-03, 4.49034589e-04, 1.34710374e-03,
       8.98069178e-04, 8.08262266e-03, 4.49034589e-04, 0.,
       4.49034589e-04, 0., 1.79613836e-03, 0., 2.24517286e-03,
       4.49034589e-04, 8.98069178e-04, 1.84104182e-02, 8.98069178e-04,
       4.49034589e-04, 1.34710374e-03, 2.24517286e-03, 1.34710374e-03,
       8.98069178e-04, 1.34710374e-03, 8.98069178e-04, 4.49034589e-04,
       4.49034589e-04, 8.98069178e-04, 4.49034589e-04, 2.69420748e-03,
       1.34710374e-03, 3.14324209e-03, 8.53165705e-03, 1.34710374e-03,
       4.49034589e-04, 1.79613836e-03, 0., 0., 1.79613836e-03,
       8.98069178e-04, 0., 1.34710374e-03, 0., 4.49034589e-04,
       3.59227671e-03, 0., 8.98069178e-04, 5.38841495e-03, 0.,
       4.49034589e-04, 1.34710374e-03, 0., 4.49034589e-04,
       2.24517286e-03, 1.34710374e-03, 8.98069178e-04, 0., 0., 0., 0.,
       8.98069178e-04, 8.98069178e-04, 4.04131133e-03, 4.49034589e-04,
       1.79613836e-03, 3.14324209e-03, 3.14324209e-03, 8.98069178e-04,
       0., 3.14324209e-03, 1.34710374e-03, 4.49034589e-04,
       8.98069178e-04, 1.34710374e-03, 0., 0., 0., 4.49034589e-04, 0.,
       0., 4.49034589e-04, 4.49034589e-04, 8.98069178e-04,
       1.34710374e-03, 8.98069178e-04, 4.49034589e-04, 0.,
       4.49034589e-04, 2.24517286e-03, 4.49034589e-04, 8.98069178e-04,
       8.98069178e-04, 8.98069178e-04, 4.49034589e-04, 0.,
