%YAML:1.0
m100n: !!opencv-matrix
   rows: 1
   cols: 800
   dt: f
   data: [ 0., 0., 2.39316234e-03, 3.41880339e-04, 6.83760678e-04,
       3.41880339e-04, 0., 0., 3.41880339e-04, 1.36752136e-03,
       2.05128198e-03, 1.02564099e-03, 4.10256395e-03, 4.44444455e-03,
       6.83760678e-04, 3.76068382e-03, 1.02564099e-03, 1.02564099e-03,
       1.02564099e-03, 1.36752136e-03, 3.41880339e-04, 1.02564099e-03,
       1.02564099e-03, 6.49572629e-03, 1.02564099e-03, 0.,
       6.83760678e-04, 0., 1.70940172e-03, 3.76068382e-03,
       1.36752136e-03, 1.36752136e-03, 6.83760678e-04, 3.41880339e-04,
       0., 3.41880339e-04, 6.83760678e-04, 3.41880339e-04,
       1.02564099e-03, 0., 6.83760678e-04, 6.83760678e-04,
       1.70940172e-03, 1.02564099e-03, 2.05128198e-03, 1.36752136e-03,
       2.39316234e-03, 1.36752136e-03, 6.15384616e-03, 0., 0.,
       3.41880339e-04, 0., 6.83760678e-04, 4.10256395e-03,
       6.83760678e-04, 0., 1.02564099e-03, 6.83760678e-04,
       3.41880339e-04, 9.91452951e-03, 3.41880339e-04, 6.83760678e-04,
       6.83760678e-04, 3.41880339e-04, 0., 0., 1.02564099e-03,
       1.02564099e-03, 1.02564099e-03, 5.47008542e-03, 0.,
       3.41880339e-04, 1.02564099e-03, 1.36752136e-03, 1.36752136e-03,
       3.07692308e-03, 0., 1.70940172e-03, 1.02564099e-03, 0.,
       3.41880339e-04, 1.70940172e-03, 1.70940172e-03, 6.83760678e-04,
       1.70940172e-03, 3.41880339e-04, 1.36752136e-03, 3.41880339e-04,
       3.41880339e-04, 3.41880339e-04, 6.83760678e-04, 0., 0., 0.,
       3.41880339e-04, 6.83760678e-04, 6.83760678e-04, 0.,
       3.41880339e-04, 3.41880339e-04, 1.02564099e-03, 6.83760678e-04,
       3.41880339e-04, 6.83760678e-04, 3.07692308e-03, 3.07692308e-03,
       1.70940172e-03, 2.73504271e-03, 1.36752136e-03, 1.02564099e-03,
       6.83760678e-04, 7.52136763e-03, 0., 3.41880339e-04, 0.,
       5.81196556e-03, 6.83760678e-04, 2.05128198e-03, 0.,
       3.41880339e-04, 3.41880339e-04, 1.02564099e-03, 2.05128198e-03,
       0., 1.70940172e-03, 3.41880339e-04, 3.41880339e-04,
       3.07692308e-03, 1.02564099e-03, 8.54700804e-03, 1.36752136e-03,
       1.36752136e-03, 1.36752136e-03, 6.83760678e-04, 3.76068382e-03,
       3.41880339e-04, 3.41880339e-04, 3.41880339e-04, 1.02564099e-03,
       6.83760678e-04, 1.36752136e-03, 0., 1.36752136e-03, 0.,
       6.83760678e-04, 0., 0., 0., 0., 3.76068382e-03, 3.41880339e-04,
       1.70940172e-03, 0., 2.73504271e-03, 0., 1.53846154e-02, 0.,
       3.41880339e-04, 1.02564099e-03, 0., 3.07692308e-03, 0.,
       6.83760678e-04, 8.20512790e-03, 1.36752136e-03, 1.02564099e-03,
       3.41880339e-04, 3.41880339e-04, 6.83760678e-04, 3.41880339e-04,
       4.10256395e-03, 0., 0., 2.05128198e-03, 1.19658122e-02, 0.,
       3.41880339e-04, 1.36752136e-03, 0., 3.76068382e-03,
       6.83760678e-04, 1.70940172e-03, 0., 3.41880339e-04, 0.,
       3.07692308e-03, 1.36752136e-03, 3.41880339e-04, 1.02564099e-03,
       4.44444455e-03, 0., 1.36752136e-03, 1.36752136e-03,
       3.41880339e-04, 2.73504271e-03, 1.36752136e-03, 0., 0.,
       3.07692308e-03, 1.02564099e-03, 1.02564099e-03, 1.02564099e-03,
       6.83760678e-04, 3.41880339e-04, 1.02564099e-03, 1.36752136e-03,
       2.05128198e-03, 0., 3.41880339e-04, 2.73504271e-03,
       1.02564099e-03, 2.05128198e-03, 0., 3.41880339e-04,
       3.41880339e-04, 6.83760678e-04, 3.41880339e-04, 0., 0.,
       3.41880339e-04, 3.41880339e-04, 3.07692308e-03, 0.,
       2.73504271e-03, 3.41880339e-04, 1.02564099e-03, 3.41880339e-04,
       6.83760678e-04, 3.41880339e-04, 6.83760678e-04, 1.70940172e-03,
       1.02564099e-03, 1.36752136e-03, 0., 3.41880345e-03,
       4.78632469e-03, 3.41880345e-03, 3.41880339e-04, 3.41880339e-04,
       1.02564099e-03, 1.02564099e-03, 3.41880339e-04, 1.36752136e-03,
       0., 1.70940172e-03, 2.73504271e-03, 1.36752136e-03,
       1.36752136e-03, 1.02564099e-03, 3.41880339e-04, 0.,
       2.73504271e-03, 3.41880339e-04, 1.36752136e-03, 6.83760678e-04,
       6.83760678e-04, 0., 3.41880339e-04, 1.02564099e-03,
       3.41880339e-04, 3.41880339e-04, 0., 1.02564099e-03,
       2.05128198e-03, 3.41880339e-04, 1.02564099e-03, 1.02564099e-03,
       0., 3.41880339e-04, 1.70940172e-03, 1.36752136e-03,
       3.41880339e-04, 1.36752136e-03, 4.10256395e-03, 2.39316234e-03,
       1.36752136e-03, 0., 6.83760678e-04, 1.36752136e-03, 0.,
       1.70940172e-03, 3.41880339e-04, 0., 3.41880339e-04,
       3.41880339e-04, 1.70940172e-03, 3.41880339e-04, 0.,
       2.39316234e-03, 2.73504271e-03, 1.02564099e-03, 1.02564099e-03,
       1.70940172e-03, 2.05128198e-03, 1.02564099e-03, 1.36752136e-03,
       3.41880339e-04, 6.83760678e-04, 6.83760678e-04, 3.41880339e-04,
       1.70940172e-03, 2.05128198e-03, 2.05128198e-03, 0., 0., 0., 0.,
       3.07692308e-03, 3.41880339e-04, 1.02564099e-03, 2.05128198e-03,
       2.05128198e-03, 6.83760678e-04, 6.83760678e-04, 1.70940172e-03,
       1.70940172e-03, 0., 3.41880339e-04, 0., 1.36752136e-03,
       1.02564099e-03, 1.02564099e-03, 6.83760678e-04, 1.36752136e-03,
       1.02564099e-03, 3.41880345e-03, 6.83760678e-04, 3.41880339e-04,
       2.05128198e-03, 3.41880339e-04, 2.22222228e-02, 1.70940172e-03,
       1.36752136e-03, 1.02564099e-03, 2.05128198e-03, 2.05128198e-03,
       1.02564099e-03, 3.41880339e-04, 1.02564099e-03, 0., 0.,
       6.83760678e-04, 6.83760678e-04, 3.41880339e-04, 3.41880339e-04,
       0., 3.41880339e-04, 0., 1.36752136e-03, 5.47008542e-03, 0.,
       6.83760678e-04, 3.76068382e-03, 0., 1.16239311e-02,
       2.05128198e-03, 3.41880339e-04, 6.83760678e-04, 1.02564099e-03,
       6.83760678e-04, 0., 3.41880339e-04, 3.41880339e-04,
       2.73504271e-03, 4.10256395e-03, 3.41880339e-04, 6.83760678e-04,
       3.41880339e-04, 1.02564099e-03, 1.36752136e-03, 1.02564099e-03,
       3.41880339e-04, 6.83760678e-04, 3.41880345e-03, 1.70940172e-03,
       0., 3.41880339e-04, 6.83760678e-04, 0., 3.76068382e-03,
       6.83760678e-04, 1.70940172e-03, 1.70940172e-03, 1.02564099e-03,
       0., 1.70940172e-03, 2.05128198e-03, 6.83760678e-04,
       4.44444455e-03, 1.36752136e-03, 3.07692308e-03, 3.41880339e-04,
       3.76068382e-03, 0., 0., 1.70940172e-03, 3.41880339e-04,
       3.07692308e-03, 1.36752136e-03, 6.83760678e-04, 3.41880339e-04,
       1.70940172e-03, 2.05128198e-03, 0., 6.83760678e-04,
       6.83760678e-04, 1.02564099e-03, 1.02564099e-03, 0.,
       1.02564099e-03, 2.05128198e-03, 1.36752136e-03, 3.41880339e-04,
       2.39316234e-03, 6.83760678e-04, 0., 0., 0., 3.76068382e-03,
       6.83760678e-04, 1.70940172e-03, 3.41880345e-03, 3.41880339e-04,
       3.41880339e-04, 1.02564099e-03, 3.41880345e-03, 0.,
       3.41880339e-04, 1.02564099e-03, 1.70940172e-03, 1.02564099e-03,
       2.73504271e-03, 6.83760678e-04, 2.73504271e-03, 3.07692308e-03,
       3.41880339e-04, 3.41880339e-04, 3.41880339e-04, 0.,
       1.36752136e-03, 1.70940172e-03, 1.36752136e-03, 3.41880345e-03,
       1.02564099e-03, 0., 3.76068382e-03, 6.83760678e-04,
       1.02564099e-03, 1.70940172e-03, 0., 6.83760678e-04,
       3.41880339e-04, 2.73504271e-03, 0., 1.70940172e-03,
       2.05128198e-03, 2.05128198e-03, 3.41880339e-04, 0.,
       3.41880339e-04, 1.02564099e-03, 1.70940172e-03, 6.83760678e-04,
       6.83760678e-04, 0., 0., 1.70940172e-03, 3.41880339e-04,
       1.02564099e-03, 3.41880339e-04, 1.70940172e-03, 1.02564099e-03,
       3.41880339e-04, 6.83760678e-04, 1.36752136e-03, 3.41880339e-04,
       0., 0., 3.07692308e-03, 3.41880339e-04, 1.02564099e-03,
       3.41880339e-04, 1.02564099e-03, 3.41880339e-04, 0.,
       6.83760678e-04, 1.70940172e-03, 0., 0., 3.41880339e-04,
       3.41880339e-04, 6.83760678e-04, 0., 2.39316234e-03,
       6.49572629e-03, 1.02564099e-03, 0., 0., 0., 1.70940172e-03,
       3.41880339e-04, 1.36752136e-03, 2.39316234e-03, 1.36752136e-03,
       3.07692308e-03, 2.05128198e-03, 0., 1.02564099e-03,
       1.36752136e-03, 3.41880339e-04, 0., 6.83760678e-04,
       6.83760678e-04, 3.41880339e-04, 3.41880339e-04, 0.,
