%YAML:1.0
m100n: !!opencv-matrix
   rows: 1
   cols: 800
   dt: f
   data: [ 2.89855059e-04, 2.89855059e-04, 4.05797083e-03,
       2.89855059e-04, 1.15942024e-03, 2.89855059e-04, 2.02898541e-03,
       0., 8.69565178e-04, 1.15942024e-03, 2.60869553e-03,
       2.02898541e-03, 2.31884047e-03, 5.79710118e-04, 2.31884047e-03,
       1.44927530e-03, 5.79710118e-04, 0., 2.89855059e-04,
       1.15942024e-03, 0., 1.44927530e-03, 1.44927530e-03,
       2.89855059e-04, 6.37681130e-03, 5.79710118e-04, 0.,
       8.69565178e-04, 1.15942024e-03, 8.69565178e-04, 2.31884047e-03,
       1.73913036e-03, 1.15942024e-03, 0., 0., 2.02898541e-03, 0.,
       2.89855059e-04, 0., 1.44927530e-03, 1.15942024e-03,
       7.24637648e-03, 2.02898541e-03, 2.60869553e-03, 0.,
       5.79710118e-04, 2.31884047e-03, 7.53623154e-03, 8.69565178e-04,
       4.05797083e-03, 1.73913036e-03, 1.44927530e-03, 5.79710118e-04,
       3.18840565e-03, 2.89855059e-04, 1.15942024e-03, 6.66666636e-03,
       1.15942024e-03, 5.79710118e-04, 0., 8.69565178e-04,
       3.18840565e-03, 7.53623154e-03, 1.15942024e-03, 1.44927530e-03,
       2.89855059e-04, 0., 2.89855059e-04, 8.69565178e-04,
       2.60869553e-03, 5.79710118e-04, 1.15942024e-03, 1.44927530e-03,
       8.69565178e-04, 8.69565178e-04, 5.79710118e-04, 1.73913036e-03,
       2.31884047e-03, 1.15942024e-03, 2.02898541e-03, 8.69565178e-04,
       5.79710118e-04, 8.69565178e-04, 0., 0., 1.73913036e-03,
       8.69565178e-04, 8.69565178e-04, 1.15942024e-03, 0.,
       5.79710118e-04, 1.15942024e-03, 5.79710118e-04, 5.79710118e-04,
       2.89855059e-04, 1.44927530e-03, 2.89855059e-04, 8.69565178e-04,
       2.89855059e-04, 4.63768095e-03, 1.15942024e-03, 1.15942024e-03,
       2.89855059e-03, 3.76811577e-03, 0., 1.73913036e-03,
       1.44927530e-03, 2.89855059e-04, 8.69565178e-04, 2.89855059e-04,
       5.79710118e-04, 0., 2.89855059e-04, 5.79710118e-04,
       2.89855059e-04, 8.69565178e-04, 2.89855059e-04, 2.89855059e-04,
       2.60869553e-03, 1.73913036e-03, 1.15942024e-03, 5.79710118e-04,
       5.79710118e-04, 1.44927530e-03, 1.44927530e-03, 5.79710118e-04,
       1.15942024e-03, 5.79710118e-04, 8.69565178e-04, 2.89855059e-03,
       1.15942024e-03, 2.02898541e-03, 4.63768095e-03, 2.89855059e-04,
       0., 8.98550637e-03, 0., 2.89855059e-04, 8.69565178e-04,
       2.89855059e-04, 8.69565178e-04, 2.89855059e-03, 2.89855059e-04,
       2.89855059e-04, 8.69565178e-04, 1.15942024e-03, 8.69565178e-04,
       1.15942024e-03, 8.69565178e-04, 8.69565178e-04, 0.,
       1.73913036e-03, 5.79710118e-04, 5.79710118e-04, 2.89855059e-04,
       2.89855059e-04, 0., 2.89855059e-04, 1.15942024e-03,
       5.79710118e-04, 1.15942024e-03, 1.73913036e-03, 2.89855059e-04,
       2.89855059e-04, 0., 8.69565178e-04, 2.89855059e-04,
       2.02898541e-03, 2.89855059e-04, 2.89855059e-04, 8.69565178e-04,
       1.15942024e-03, 2.89855059e-04, 2.89855059e-04, 3.18840565e-03,
       2.89855059e-04, 1.44927530e-03, 5.79710118e-03, 5.79710118e-04,
       1.15942024e-03, 1.15942024e-03, 2.60869553e-03, 1.44927530e-03,
       5.79710118e-04, 1.15942024e-03, 8.69565178e-04, 1.73913036e-03,
       0., 8.69565178e-04, 8.69565178e-04, 4.63768095e-03,
       2.60869553e-03, 2.31884047e-03, 8.69565178e-04, 1.15942024e-03,
       1.15942024e-03, 0., 1.44927530e-03, 5.79710118e-04,
       5.79710118e-04, 5.79710118e-04, 2.31884047e-03, 5.21739107e-03,
       4.05797083e-03, 1.44927530e-03, 3.18840565e-03, 8.69565178e-04,
       2.89855059e-04, 2.31884047e-03, 5.79710118e-04, 5.79710118e-04,
       8.69565178e-04, 4.92753601e-03, 8.69565178e-04, 3.76811577e-03,
       8.69565178e-04, 1.15942024e-03, 2.89855059e-03, 2.89855059e-04,
       1.44927530e-03, 0., 1.44927530e-03, 0., 3.76811577e-03, 0.,
       5.79710118e-04, 1.15942024e-03, 1.15942024e-03, 5.79710118e-04,
       7.82608613e-03, 2.31884047e-03, 5.79710118e-04, 1.73913036e-03,
       2.89855059e-03, 2.02898541e-03, 1.15942024e-03, 5.79710118e-04,
       2.89855059e-04, 8.69565178e-04, 2.89855059e-04, 1.15942024e-03,
       2.31884047e-03, 1.73913036e-03, 5.21739107e-03, 5.79710118e-04,
       5.79710118e-04, 6.95652142e-03, 2.31884047e-03, 2.89855059e-04,
       5.79710118e-04, 5.79710118e-04, 5.79710118e-04, 1.44927530e-03,
       0., 2.89855059e-04, 0., 6.08695624e-03, 8.69565178e-04,
       8.69565178e-04, 5.79710118e-04, 8.69565178e-04, 2.89855059e-04,
       8.69565178e-04, 8.69565178e-04, 5.79710118e-04, 0.,
       1.73913036e-03, 1.04347821e-02, 5.79710118e-04, 5.79710118e-04,
       3.18840565e-03, 5.79710118e-04, 2.02898541e-03, 2.89855059e-04,
       2.89855059e-04, 2.31884047e-03, 5.79710118e-04, 1.44927530e-03,
       8.69565178e-04, 8.69565178e-04, 5.50724613e-03, 8.69565178e-04,
       1.15942024e-03, 8.69565178e-04, 2.89855059e-04, 0.,
       2.02898541e-03, 5.79710118e-04, 0., 0., 5.79710118e-04, 0.,
       2.89855059e-04, 0., 2.89855059e-04, 2.31884047e-03,
       2.89855059e-04, 2.89855059e-04, 1.44927530e-03, 8.69565178e-04,
       1.15942024e-03, 4.92753601e-03, 1.15942024e-03, 5.79710118e-04,
       0., 8.69565178e-04, 8.69565178e-04, 1.44927530e-03, 0.,
       1.44927530e-03, 3.76811577e-03, 8.69565178e-04, 4.05797083e-03,
       2.89855059e-03, 5.79710118e-04, 1.15942024e-03, 2.31884047e-03,
       2.89855059e-04, 8.69565178e-04, 2.89855059e-04, 0.,
       2.89855059e-04, 0., 2.89855059e-04, 8.69565178e-04,
       8.69565178e-04, 0., 1.44927530e-03, 5.79710118e-04,
       2.89855059e-04, 1.15942024e-03, 5.79710118e-04, 4.34782589e-03,
       9.85507201e-03, 5.79710118e-04, 5.79710118e-04, 5.79710118e-04,
       5.79710118e-04, 2.89855059e-03, 8.69565178e-04, 2.60869553e-03,
       8.69565178e-04, 1.73913036e-03, 1.73913036e-03, 1.15942024e-03,
       8.69565178e-04, 2.89855059e-04, 8.69565178e-04, 2.89855059e-04,
       2.31884047e-03, 0., 5.79710118e-04, 2.89855059e-04,
       1.15942024e-03, 1.15942024e-03, 1.15942024e-03, 1.73913036e-03,
       0., 0., 2.31884047e-03, 5.79710118e-04, 8.69565178e-04,
       8.69565178e-04, 1.44927530e-03, 8.69565178e-04, 2.89855059e-04,
       1.15942024e-03, 8.69565178e-04, 7.24637648e-03, 0.,
       2.02898541e-03, 8.69565178e-04, 5.79710118e-04, 2.89855059e-04,
       0., 5.79710118e-04, 2.31884047e-03, 2.89855059e-04,
       7.53623154e-03, 1.15942024e-03, 2.31884047e-03, 2.31884047e-03,
       5.79710118e-04, 0., 0., 0., 1.15942024e-03, 1.15942024e-03,
       1.44927530e-03, 1.15942024e-03, 6.08695624e-03, 1.50724631e-02,
       8.69565178e-04, 4.05797083e-03, 2.89855059e-04, 2.89855059e-04,
       1.50724631e-02, 1.44927530e-03, 1.73913036e-03, 1.15942024e-03,
       2.89855059e-04, 2.89855059e-04, 5.79710118e-04, 3.76811577e-03,
       5.79710118e-04, 5.79710118e-04, 3.18840565e-03, 1.15942024e-03,
       1.44927530e-03, 1.15942024e-03, 4.05797083e-03, 1.44927530e-03,
       1.44927530e-03, 1.15942024e-03, 1.15942024e-03, 6.37681130e-03,
       0., 0., 8.69565178e-04, 2.89855059e-04, 2.02898541e-03,
       1.15942024e-03, 1.15942024e-03, 5.79710118e-04, 1.73913036e-03,
       2.89855059e-04, 5.79710118e-04, 8.69565178e-04, 1.44927530e-03,
       2.89855059e-04, 2.89855059e-04, 2.02898541e-03, 5.79710118e-04,
       0., 2.89855059e-03, 8.69565178e-04, 5.79710118e-04,
       5.79710118e-04, 2.89855059e-04, 5.79710118e-04, 5.79710118e-04,
       0., 5.79710118e-04, 2.02898541e-03, 1.44927530e-03,
       5.79710118e-04, 2.89855059e-03, 2.89855059e-04, 8.69565178e-04,
       2.89855059e-04, 0., 2.89855059e-04, 1.44927530e-03,
       1.73913036e-03, 5.79710118e-04, 2.02898541e-03, 8.69565178e-04,
       0., 1.73913036e-03, 5.79710118e-04, 2.89855059e-04,
       2.89855059e-04, 8.69565178e-04, 2.89855059e-04, 5.79710118e-04,
       5.79710118e-04, 1.15942024e-03, 2.89855059e-04, 2.02898541e-03,
       1.15942024e-03, 2.31884047e-03, 5.79710118e-04, 5.79710118e-04,
       2.89855059e-04, 5.79710118e-04, 1.15942024e-03, 2.89855059e-04,
       1.15942024e-03, 3.18840565e-03, 2.89855059e-04, 2.89855059e-04,
