%YAML:1.0
m100n: !!opencv-matrix
   rows: 1
   cols: 800
   dt: f
   data: [ 1.69827347e-03, 5.66091156e-04, 4.24568355e-03,
       7.07613945e-04, 2.54741032e-03, 9.90659464e-04, 7.07613945e-04,
       4.24568367e-04, 4.24568367e-04, 2.12284178e-03, 1.41522789e-03,
       5.66091156e-04, 8.49136733e-04, 8.49136733e-04, 8.49136733e-04,
       2.83045578e-04, 2.26436462e-03, 1.41522789e-03, 7.07613945e-04,
       8.49136733e-04, 7.07613945e-04, 1.41522789e-03, 3.25502409e-03,
       9.90659464e-04, 8.49136733e-04, 2.83045578e-04, 1.27370516e-03,
       8.49136733e-04, 1.41522789e-03, 1.41522789e-04, 8.49136733e-04,
       4.24568367e-04, 9.90659464e-04, 2.83045578e-03, 1.13218231e-03,
       2.40588747e-03, 1.41522789e-04, 1.69827347e-03, 1.13218231e-03,
       3.39654693e-03, 7.07613945e-04, 1.41522789e-04, 2.83045578e-04,
       2.97197863e-03, 2.83045578e-04, 2.83045578e-04, 8.49136733e-04,
       2.40588747e-03, 1.41522789e-04, 1.41522789e-03, 1.55675062e-03,
       2.83045578e-04, 1.55675062e-03, 1.98131893e-03, 1.83979631e-03,
       2.83045578e-04, 4.24568367e-04, 2.97197863e-03, 0.,
       2.12284178e-03, 5.66091156e-04, 1.98131893e-03, 2.83045578e-04,
       5.66091156e-04, 5.66091156e-04, 7.07613945e-04, 1.27370516e-03,
       1.55675062e-03, 2.68893293e-03, 5.66091156e-04, 1.69827347e-03,
       2.26436462e-03, 7.07613945e-04, 1.41522789e-04, 1.41522789e-04,
       7.07613945e-04, 3.82111524e-03, 3.67959263e-03, 0.,
       5.66091156e-04, 3.11350124e-03, 7.07613945e-04, 5.66091156e-04,
       2.12284178e-03, 1.41522789e-03, 5.66091156e-04, 1.83979631e-03,
       5.51938871e-03, 5.66091156e-04, 1.41522789e-04, 1.13218231e-03,
       7.07613945e-04, 7.07613945e-04, 2.83045578e-04, 2.54741032e-03,
       1.27370516e-03, 7.07613945e-04, 3.53806978e-03, 8.49136733e-04,
       7.07613945e-04, 5.66091156e-04, 8.49136733e-04, 1.98131893e-03,
       3.53806978e-03, 9.90659464e-04, 0., 7.07613945e-04, 0.,
       1.55675062e-03, 7.07613945e-04, 5.66091156e-04, 1.13218231e-03,
       9.90659464e-04, 1.41522789e-03, 9.90659464e-04, 1.41522789e-04,
       1.27370516e-03, 4.24568367e-04, 5.66091156e-04, 4.24568367e-04,
       4.24568367e-04, 1.13218231e-03, 1.41522789e-04, 9.90659464e-04,
       4.24568367e-04, 7.07613945e-04, 1.69827347e-03, 1.69827347e-03,
       8.34984425e-03, 1.55675062e-03, 2.12284178e-03, 1.27370516e-03,
       7.07613945e-04, 7.07613945e-04, 5.66091156e-04, 1.55675062e-03,
       2.12284178e-03, 5.66091156e-04, 5.80243440e-03, 4.95329779e-03,
       9.90659464e-04, 1.55675062e-03, 7.07613945e-04, 2.83045578e-04,
       1.55675062e-03, 1.41522789e-04, 8.49136733e-04, 1.98131893e-03,
       5.66091156e-04, 1.41522789e-04, 2.83045578e-04, 8.49136733e-04,
       4.24568367e-04, 8.49136733e-04, 4.24568367e-04, 9.90659464e-04,
       8.49136733e-04, 7.07613945e-04, 8.49136733e-04, 5.66091156e-04,
       1.13218231e-03, 3.96263786e-03, 1.55675062e-03, 1.98131893e-03,
       1.27370516e-03, 8.49136733e-04, 1.13218231e-03, 4.24568367e-04,
       2.83045578e-04, 5.66091156e-04, 8.49136733e-04, 1.55675062e-03,
       1.41522789e-04, 1.41522789e-04, 1.27370516e-03, 1.41522789e-04,
       8.49136733e-04, 4.24568367e-04, 4.24568367e-04, 4.24568367e-04,
       1.13218231e-03, 4.24568367e-04, 1.98131893e-03, 5.66091156e-04,
       5.66091156e-04, 7.07613945e-04, 1.41522789e-04, 4.24568367e-04,
       8.49136733e-04, 8.49136733e-04, 7.07613945e-04, 7.07613945e-04,
       1.27370516e-03, 3.53806978e-03, 4.24568367e-04, 1.27370516e-03,
       1.13218231e-03, 1.27370516e-03, 1.41522789e-04, 5.66091156e-04,
       7.07613956e-03, 7.07613945e-04, 7.07613945e-04, 1.41522789e-03,
       4.24568367e-04, 1.13218231e-03, 9.90659464e-04, 1.55675062e-03,
       1.55675062e-03, 1.41522789e-04, 8.49136733e-04, 1.41522789e-03,
       1.69827347e-03, 4.24568367e-04, 7.07613945e-04, 1.41522789e-03,
       1.55675062e-03, 1.41522789e-04, 1.13218231e-03, 9.90659464e-04,
       1.83979631e-03, 1.41522789e-04, 1.41522789e-04, 4.10416070e-03,
       4.38720640e-03, 9.90659464e-04, 2.40588747e-03, 1.55675062e-03,
       2.12284178e-03, 1.55675062e-03, 1.41522789e-03, 4.24568367e-04,
       2.83045578e-04, 8.49136733e-04, 8.49136733e-04, 1.13218231e-03,
       9.90659464e-04, 1.41522789e-04, 7.07613945e-04, 1.13218231e-03,
       1.55675062e-03, 0., 5.66091156e-03, 1.55675062e-03,
       1.83979631e-03, 7.07613945e-04, 8.49136733e-04, 2.12284178e-03,
       0., 5.66091156e-04, 4.24568367e-04, 7.07613945e-04,
       5.66091156e-04, 8.49136733e-04, 7.07613945e-04, 2.12284178e-03,
       4.24568367e-04, 1.41522789e-03, 2.12284178e-03, 8.49136733e-04,
       8.49136733e-04, 2.83045578e-04, 9.90659464e-04, 4.24568367e-04,
       4.24568367e-04, 1.55675062e-03, 5.66091156e-04, 2.12284178e-03,
       2.97197863e-03, 2.83045578e-04, 8.49136733e-04, 4.24568367e-04,
       9.90659464e-04, 7.07613945e-04, 8.49136733e-04, 1.27370516e-03,
       1.55675062e-03, 5.66091156e-03, 1.41522789e-04, 5.66091156e-04,
       1.83979631e-03, 2.12284178e-03, 7.07613945e-04, 8.49136733e-04,
       4.24568367e-04, 2.83045578e-04, 7.07613945e-04, 9.90659464e-04,
       9.90659464e-04, 8.49136733e-04, 5.66091156e-04, 1.13218231e-03,
       2.97197863e-03, 4.38720640e-03, 1.69827347e-03, 1.13218231e-03,
       9.90659464e-04, 9.90659464e-04, 1.83979631e-03, 7.07613945e-04,
       3.39654693e-03, 7.07613945e-04, 7.07613945e-04, 4.24568367e-04,
       9.90659464e-04, 2.12284178e-03, 9.90659464e-04, 2.83045578e-04,
       4.24568367e-04, 5.66091156e-04, 3.53806978e-03, 1.69827347e-03,
       5.66091156e-04, 8.49136733e-04, 9.90659464e-04, 1.83979631e-03,
       0., 8.49136733e-04, 4.24568367e-04, 9.90659464e-04,
       2.83045578e-04, 1.41522789e-04, 7.07613945e-04, 4.24568367e-04,
       5.66091156e-04, 2.12284178e-03, 4.24568367e-04, 4.67025209e-03,
       8.49136733e-04, 5.23634301e-03, 9.90659464e-04, 3.11350124e-03,
       1.13218231e-03, 7.07613945e-04, 5.66091156e-04, 2.54741032e-03,
       7.07613945e-04, 0., 1.13218231e-03, 5.66091156e-04,
       4.24568367e-04, 0., 2.26436462e-03, 5.66091156e-04,
       4.24568367e-04, 7.07613945e-04, 9.90659464e-04, 7.07613945e-04,
       8.49136733e-04, 1.27370516e-03, 1.55675062e-03, 9.90659464e-04,
       9.90659464e-04, 9.90659464e-04, 2.83045578e-04, 1.13218231e-03,
       1.13218231e-03, 1.41522789e-04, 2.83045578e-04, 3.53806978e-03,
       1.13218231e-03, 5.66091156e-04, 8.49136733e-04, 9.90659464e-04,
       5.66091156e-04, 4.24568367e-04, 8.49136733e-04, 4.24568367e-04,
       1.83979631e-03, 9.90659464e-04, 1.41522789e-04, 8.49136733e-04,
       7.07613945e-04, 1.27370516e-03, 5.66091156e-04, 1.69827347e-03,
       8.49136733e-04, 5.37786586e-03, 0., 8.77441280e-03,
       2.12284178e-03, 0., 2.83045578e-04, 9.90659464e-04,
       1.41522789e-03, 2.97197863e-03, 1.13218231e-03, 7.07613945e-04,
       5.66091156e-04, 9.90659464e-04, 2.26436462e-03, 1.41522789e-03,
       1.27370516e-03, 8.49136733e-04, 7.07613945e-04, 1.41522789e-04,
       8.49136733e-04, 8.49136733e-04, 6.22700248e-03, 7.07613945e-04,
       5.66091156e-04, 0., 1.27370516e-03, 4.24568367e-04,
       9.90659464e-04, 2.54741032e-03, 4.24568367e-04, 5.66091156e-04,
       9.90659464e-04, 9.90659464e-04, 1.41522789e-03, 1.55675062e-03,
       1.27370516e-03, 3.53806978e-03, 2.83045578e-04, 4.24568367e-04,
       1.13218231e-03, 5.66091156e-04, 9.90659464e-04, 5.66091156e-04,
       4.24568367e-04, 8.49136733e-04, 3.11350124e-03, 4.24568367e-04,
       1.41522789e-03, 1.41522789e-03, 5.66091156e-04, 8.49136733e-04,
       1.13218231e-03, 4.24568367e-04, 1.41522789e-04, 8.49136733e-04,
       7.07613945e-04, 2.26436462e-03, 8.49136733e-04, 8.49136733e-04,
       8.49136733e-04, 4.24568367e-04, 1.13218231e-03, 2.83045578e-04,
       1.41522789e-04, 7.07613945e-04, 2.83045578e-04, 1.13218231e-03,
       1.41522789e-03, 1.83979631e-03, 9.90659464e-04, 7.07613945e-04,
       1.13218231e-03, 9.90659464e-04, 4.10416070e-03, 4.24568367e-04,
