%YAML:1.0
m100n: !!opencv-matrix
   rows: 1
   cols: 800
   dt: f
   data: [ 1.90053857e-03, 6.33512856e-04, 1.58378214e-03,
       3.16756428e-04, 2.21729511e-03, 3.16756428e-04, 0.,
       3.16756428e-04, 0., 2.53405143e-03, 1.58378214e-03,
       9.50269285e-04, 2.21729511e-03, 4.43459023e-03, 3.16756428e-04,
       3.80107714e-03, 3.16756428e-03, 9.50269285e-04, 0.,
       1.58378214e-03, 0., 5.70161548e-03, 6.33512856e-04,
       2.53405143e-03, 0., 3.16756428e-04, 9.50269285e-04,
       3.16756428e-04, 3.48432083e-03, 9.50269285e-04, 1.26702571e-03,
       3.16756428e-04, 1.90053857e-03, 6.33512856e-04, 0.,
       9.50269285e-04, 0., 3.16756428e-04, 1.26702571e-03, 0., 0.,
       9.50269285e-04, 6.33512856e-04, 3.16756428e-04, 9.50269285e-04,
       3.48432083e-03, 9.50269285e-04, 1.58378214e-03, 6.33512856e-04,
       0., 6.33512856e-04, 1.58378214e-03, 1.90053857e-03,
       3.16756428e-04, 1.26702571e-03, 1.58378214e-03, 0.,
       1.90053857e-03, 1.58378214e-03, 3.16756428e-04, 3.80107714e-03,
       0., 9.50269285e-04, 1.26702571e-03, 3.16756428e-04,
       6.33512856e-04, 1.26702571e-03, 3.16756428e-04, 2.85080774e-03,
       6.33512856e-04, 1.26702571e-03, 0., 6.33512856e-04,
       9.50269285e-04, 3.16756428e-03, 2.85080774e-03, 3.48432083e-03,
       0., 3.16756428e-03, 1.26702571e-03, 0., 1.90053857e-03,
       1.58378214e-03, 0., 6.33512856e-04, 3.16756428e-03,
       3.16756428e-04, 2.53405143e-03, 2.53405143e-03, 4.11783345e-03,
       6.33512856e-04, 0., 3.16756428e-04, 6.33512856e-04,
       3.16756428e-04, 0., 3.16756428e-04, 2.21729511e-03,
       9.50269285e-04, 1.26702571e-03, 6.33512856e-04, 3.16756428e-04,
       3.16756428e-04, 2.85080774e-03, 0., 6.01837225e-03,
       9.50269285e-04, 9.18593630e-03, 2.21729511e-03, 6.33512856e-04,
       3.80107714e-03, 3.16756428e-03, 6.01837225e-03, 3.16756428e-04,
       0., 0., 4.43459023e-03, 0., 1.26702571e-03, 0., 3.16756428e-04,
       3.16756428e-04, 9.50269285e-04, 9.50269285e-04, 0.,
       6.65188488e-03, 1.58378214e-03, 3.16756428e-04, 5.38485916e-03,
       9.50269285e-04, 1.26702571e-03, 3.16756428e-03, 2.85080774e-03,
       1.90053857e-03, 9.50269285e-04, 3.16756428e-04, 1.26702571e-03,
       0., 9.50269285e-04, 0., 1.90053857e-03, 9.50269285e-04, 0.,
       3.16756428e-04, 3.16756428e-04, 3.16756428e-04, 9.50269285e-04,
       4.75134654e-03, 0., 0., 5.38485916e-03, 3.16756428e-04,
       1.90053857e-03, 6.33512856e-04, 3.16756428e-03, 0.,
       1.58378214e-03, 6.33512856e-04, 3.16756428e-04, 6.33512856e-04,
       1.58378214e-03, 1.90053857e-03, 2.85080774e-03, 6.33512856e-04,
       3.16756428e-04, 0., 9.50269285e-04, 1.26702571e-03,
       3.16756428e-04, 1.58378214e-03, 9.50269285e-04, 2.53405143e-03,
       6.33512856e-04, 0., 9.50269285e-04, 3.16756428e-03,
       3.16756428e-04, 6.01837225e-03, 4.75134654e-03, 0.,
       1.90053857e-03, 7.60215428e-03, 9.50269285e-04, 6.33512856e-04,
       1.58378214e-03, 0., 1.90053857e-03, 0., 9.50269285e-04, 0.,
       1.26702571e-03, 3.16756428e-04, 1.26702571e-03, 3.16756428e-04,
       1.58378214e-03, 6.33512856e-04, 9.50269285e-04, 9.50269285e-04,
       6.33512856e-04, 2.21729511e-03, 6.33512856e-04, 9.50269285e-04,
       1.26702571e-03, 3.80107714e-03, 0., 1.26702571e-03,
       4.43459023e-03, 1.58378214e-03, 3.16756428e-04, 3.16756428e-04,
       3.80107714e-03, 2.21729511e-03, 3.16756428e-04, 6.33512856e-04,
       1.90053857e-03, 0., 1.26702571e-03, 1.58378214e-03,
       1.58378214e-03, 3.16756428e-04, 1.26702571e-03, 3.16756428e-04,
       9.50269285e-04, 0., 9.50269285e-04, 6.33512856e-04,
       1.90053857e-03, 9.50269285e-04, 0., 3.16756428e-04,
       6.33512856e-04, 1.58378214e-03, 0., 9.50269285e-04, 0.,
       3.16756428e-03, 6.01837225e-03, 1.26702571e-03, 3.16756428e-04,
       2.21729511e-03, 9.50269285e-04, 4.43459023e-03, 3.16756428e-04,
       2.53405143e-03, 0., 1.58378214e-03, 1.58378214e-03,
       1.26702571e-03, 2.21729511e-03, 1.90053857e-03, 0.,
       1.26702571e-03, 1.26702571e-03, 0., 2.53405143e-03,
       2.53405143e-03, 1.58378214e-03, 6.33512856e-04, 9.50269285e-04,
       1.58378214e-03, 9.50269285e-04, 6.33512856e-04, 0.,
       1.26702571e-03, 2.85080774e-03, 6.33512856e-04, 9.50269285e-04,
       4.11783345e-03, 0., 3.16756428e-04, 1.26702571e-03,
       9.50269285e-04, 6.33512856e-04, 1.58378214e-03, 5.38485916e-03,
       1.26702571e-03, 3.16756428e-04, 9.50269285e-04, 3.16756428e-04,
       6.33512856e-04, 1.26702571e-03, 9.50269285e-04, 1.26702571e-03,
       3.16756428e-04, 2.21729511e-03, 4.11783345e-03, 1.58378214e-03,
       1.58378214e-03, 0., 3.16756428e-04, 1.26702571e-03,
       3.16756428e-04, 3.16756428e-04, 1.58378214e-03, 6.33512856e-04,
       3.16756428e-04, 3.16756428e-03, 0., 1.90053857e-03,
       3.16756428e-04, 1.90053857e-03, 9.50269285e-04, 2.85080774e-03,
       9.50269285e-04, 0., 0., 3.16756428e-04, 0., 1.26702571e-03,
       3.16756428e-04, 1.58378214e-03, 1.58378214e-03, 1.58378214e-03,
       1.58378214e-03, 6.33512856e-04, 1.90053857e-03, 2.21729511e-03,
       0., 0., 3.16756428e-04, 3.16756428e-04, 1.90053857e-03,
       1.26702571e-03, 1.58378214e-03, 3.16756428e-04, 1.26702571e-03,
       1.26702571e-03, 0., 0., 1.26702571e-03, 6.33512856e-04,
       3.16756428e-04, 1.26702571e-03, 2.85080774e-03, 1.90053857e-03,
       4.11783345e-03, 6.33512856e-04, 9.50269285e-04, 6.33512856e-04,
       0., 1.58378214e-03, 1.58378214e-03, 6.33512856e-04,
       1.26702571e-03, 6.33512856e-04, 3.16756428e-04, 3.16756428e-04,
       1.58378214e-03, 0., 6.33512856e-04, 2.85080774e-03,
       2.53405143e-03, 0., 2.21729511e-03, 6.33512856e-04,
       1.26702571e-03, 2.85080774e-03, 0., 1.26702571e-03,
       9.50269285e-04, 1.58378214e-03, 2.53405143e-03, 9.50269285e-04,
       0., 9.50269285e-04, 2.53405143e-03, 9.50269285e-04, 0.,
       3.16756428e-04, 0., 3.16756428e-03, 2.53405143e-03, 0.,
       9.50269285e-04, 4.75134654e-03, 0., 0., 3.16756428e-04, 0.,
       1.58378214e-03, 1.26702571e-03, 3.16756428e-04, 1.90053857e-03,
       0., 0., 9.50269285e-04, 0., 6.33512856e-04, 2.85080774e-03,
       1.90053857e-03, 2.53405143e-03, 5.70161548e-03, 0.,
       3.16756428e-03, 3.16756428e-04, 1.26702571e-03, 2.21729511e-03,
       3.16756428e-04, 2.21729511e-03, 9.50269285e-04, 3.16756428e-04,
       1.90053857e-03, 3.48432083e-03, 2.85080774e-03, 3.16756428e-04,
       9.50269285e-04, 1.58378214e-03, 1.26702571e-03, 9.50269285e-04,
       1.26702571e-03, 6.33512856e-04, 0., 6.33512856e-04,
       2.85080774e-03, 3.16756428e-04, 6.33512856e-04, 1.58378214e-03,
       9.50269285e-04, 0., 4.75134654e-03, 9.50269285e-04, 0.,
       2.21729511e-03, 6.33512856e-04, 9.50269285e-04, 3.16756428e-04,
       2.53405143e-03, 3.16756428e-04, 0., 3.16756428e-03, 0.,
       9.50269285e-04, 4.11783345e-03, 3.16756428e-04, 1.58378214e-03,
       5.38485916e-03, 1.26702571e-03, 0., 3.16756428e-04,
       3.16756428e-04, 3.80107714e-03, 3.16756428e-03, 6.33512856e-04,
       2.53405143e-03, 3.16756428e-04, 6.33512856e-04, 0.,
       6.33512856e-04, 9.50269285e-04, 1.58378214e-03, 9.50269285e-04,
       0., 3.16756428e-04, 9.50269285e-04, 0., 1.58378214e-03,
       3.16756428e-04, 0., 9.50269285e-04, 0., 3.16756428e-04, 0.,
       1.58378214e-03, 2.21729511e-03, 6.33512856e-04, 6.33512856e-04,
       6.33512856e-04, 1.58378214e-03, 3.16756428e-04, 1.58378214e-03,
       3.16756428e-04, 0., 9.50269285e-04, 3.16756428e-04, 0.,
       6.33512856e-04, 3.16756428e-04, 0., 6.33512856e-04,
       3.48432083e-03, 6.33512856e-04, 6.33512856e-04, 0.,
       1.90053857e-03, 9.50269285e-04, 0., 3.16756428e-04,
       9.50269285e-04, 0., 6.33512856e-04, 1.26702571e-03, 0.,
       3.16756428e-04, 6.33512856e-04, 4.11783345e-03, 4.75134654e-03,
       0., 0., 3.16756428e-04, 0., 1.58378214e-03, 9.50269285e-04,
       3.48432083e-03, 2.53405143e-03, 1.26702571e-03, 3.48432083e-03,
       3.16756428e-04, 3.16756428e-04, 9.50269285e-04, 2.21729511e-03,
