%YAML:1.0
m100n: !!opencv-matrix
   rows: 1
   cols: 800
   dt: f
   data: [ 0., 4.18728590e-03, 4.18728590e-03, 3.80662357e-04,
       3.04529886e-03, 0., 7.61324714e-04, 7.61324714e-04,
       4.18728590e-03, 0., 7.61324714e-04, 0., 0., 1.14198704e-03, 0.,
       3.04529886e-03, 1.14198704e-03, 7.61324714e-04, 2.28397409e-03,
       0., 7.61324714e-04, 7.61324714e-04, 2.66463659e-03,
       1.90331182e-03, 0., 0., 2.28397409e-03, 2.66463659e-03,
       1.52264943e-03, 0., 1.52264943e-03, 7.61324714e-04,
       4.56794817e-03, 0., 0., 0., 1.90331182e-03, 0., 7.61324714e-04,
       1.90331182e-03, 7.61324714e-04, 1.14198704e-03, 7.61324714e-04,
       4.94861044e-03, 1.14198704e-03, 2.66463659e-03, 1.14198704e-03,
       6.85192226e-03, 7.61324714e-04, 3.80662357e-04, 3.80662357e-04,
       3.80662357e-04, 1.14198704e-03, 7.61324714e-04, 0.,
       3.80662357e-04, 2.28397409e-03, 7.61324714e-04, 3.80662357e-04,
       1.14198704e-03, 7.61324714e-04, 1.48458323e-02, 0.,
       7.61324714e-04, 3.80662357e-04, 1.14198704e-03, 1.14198704e-03,
       7.61324714e-04, 1.14198704e-03, 7.61324714e-04, 7.61324714e-04,
       1.90331182e-03, 7.61324714e-04, 7.61324714e-04, 1.14198704e-03,
       3.80662357e-04, 7.61324714e-04, 3.80662363e-03, 2.66463659e-03,
       3.04529886e-03, 7.61324714e-04, 3.80662357e-04, 3.42596113e-03,
       7.61324714e-04, 1.52264943e-03, 3.80662357e-04, 1.14198704e-03,
       3.42596113e-03, 0., 7.61324714e-04, 1.52264943e-03,
       2.28397409e-03, 7.61324714e-04, 7.61324714e-04, 3.80662357e-04,
       0., 1.14198704e-03, 1.52264943e-03, 7.61324714e-04, 0.,
       1.14198704e-03, 3.80662363e-03, 1.14198704e-03, 0.,
       4.18728590e-03, 1.90331182e-03, 7.61324714e-04, 3.80662357e-04,
       1.14198704e-03, 3.80662357e-04, 2.66463659e-03, 3.80662357e-04,
       7.61324714e-04, 7.61324714e-04, 0., 1.52264943e-03,
       2.66463659e-03, 1.14198704e-03, 3.80662363e-03, 0., 0.,
       2.28397409e-03, 3.80662357e-04, 1.52264943e-03, 0., 0.,
       3.80662363e-03, 0., 3.80662357e-04, 0., 0., 1.52264943e-03,
       1.14198704e-03, 2.28397409e-03, 3.80662357e-04, 1.14198704e-03,
       7.61324714e-04, 1.52264943e-03, 2.28397409e-03, 3.80662357e-04,
       1.52264943e-03, 1.14198704e-03, 1.14198704e-03, 0.,
       4.18728590e-03, 0., 3.80662357e-04, 0., 1.14198704e-03,
       1.52264943e-03, 1.90331182e-03, 3.80662357e-04, 3.80662357e-04,
       7.61324714e-04, 7.61324714e-04, 0., 2.28397409e-03,
       4.94861044e-03, 0., 1.90331182e-03, 1.52264943e-03,
       3.42596113e-03, 3.80662357e-04, 1.90331182e-03, 1.14198704e-03,
       3.80662357e-04, 3.80662357e-04, 0., 1.52264943e-03,
       3.80662357e-04, 1.90331182e-03, 3.80662357e-04, 0.,
       1.52264943e-03, 1.52264943e-03, 3.04529886e-03, 0.,
       1.14198704e-03, 1.14198704e-03, 7.61324714e-04, 0.,
       1.14198704e-03, 5.70993545e-03, 1.14198704e-03, 0.,
       1.52264943e-03, 3.42596113e-03, 7.61324714e-04, 0.,
       1.14198704e-03, 3.80662357e-04, 7.61324714e-04, 3.80662357e-04,
       0., 0., 1.90331182e-03, 2.28397409e-03, 7.61324714e-04,
       3.42596113e-03, 3.80662357e-04, 3.80662357e-04, 1.52264943e-03,
       1.14198704e-03, 0., 1.14198704e-03, 3.80662357e-04,
       1.52264943e-03, 1.52264943e-03, 7.61324714e-04, 7.61324714e-04,
       1.14198704e-03, 2.28397409e-03, 7.61324714e-04, 3.80662357e-04,
       1.52264943e-03, 1.52264943e-03, 3.80662363e-03, 1.52264943e-03,
       7.61324714e-04, 7.61324714e-04, 7.61324714e-04, 1.90331182e-03,
       1.14198704e-03, 7.61324714e-04, 3.80662357e-04, 7.61324714e-04,
       3.80662357e-04, 7.61324714e-04, 1.90331182e-03, 3.80662357e-04,
       1.52264943e-03, 3.80662357e-04, 0., 0., 2.66463659e-03,
       7.61324714e-04, 1.14198704e-03, 1.90331182e-03, 3.04529886e-03,
       3.80662357e-04, 7.61324714e-04, 0., 3.80662357e-04,
       3.80662357e-04, 3.80662357e-04, 7.61324714e-04, 3.80662363e-03,
       0., 7.61324714e-04, 1.14198704e-03, 0., 1.14198704e-03,
       3.80662357e-04, 7.61324714e-04, 3.80662357e-04, 0.,
       1.90331182e-03, 1.14198704e-03, 3.80662357e-04, 3.80662357e-04,
       0., 0., 1.52264943e-03, 3.80662363e-03, 1.90331182e-03,
       3.80662357e-04, 8.37457180e-03, 0., 3.80662357e-04,
       3.80662357e-04, 0., 7.61324714e-04, 3.80662357e-04,
       3.80662357e-04, 7.61324714e-04, 0., 0., 7.61324714e-04,
       3.42596113e-03, 3.80662357e-04, 2.28397409e-03, 3.80662357e-04,
       3.80662357e-04, 3.80662357e-04, 3.04529886e-03, 2.66463659e-03,
       0., 7.61324714e-04, 0., 0., 0., 1.90331182e-03, 1.52264943e-03,
       3.80662357e-04, 4.94861044e-03, 2.28397409e-03, 0., 0.,
       7.61324714e-04, 1.14198704e-03, 0., 1.14198704e-03,
       2.28397409e-03, 1.90331182e-03, 1.90331182e-03, 0.,
       1.90331182e-03, 1.14198704e-03, 0., 7.61324714e-04,
       3.80662357e-04, 0., 3.80662357e-04, 0., 3.80662357e-04,
       7.61324714e-04, 1.14198704e-03, 1.52264943e-03, 0.,
       3.80662357e-04, 1.14198704e-03, 3.80662357e-04, 3.80662357e-04,
       0., 0., 3.80662357e-04, 7.61324714e-04, 7.61324714e-04,
       1.14198704e-03, 7.61324714e-04, 3.80662357e-04, 2.28397409e-03,
       3.80662357e-04, 3.80662357e-04, 7.61324714e-04, 7.61324714e-04,
       1.90331182e-03, 3.42596113e-03, 3.80662357e-04, 3.80662357e-04,
       1.90331182e-03, 1.52264943e-03, 0., 7.61324714e-04,
       3.80662357e-04, 3.80662357e-04, 0., 3.80662357e-04,
       1.14198704e-03, 1.52264943e-03, 7.61324714e-04, 7.61324714e-04,
       3.80662357e-04, 0., 1.52264943e-03, 3.80662357e-04, 0.,
       1.14198704e-03, 1.52264943e-03, 1.67491436e-02, 3.80662357e-04,
       0., 7.61324714e-04, 0., 2.66463659e-03, 3.80662357e-04,
       1.90331182e-03, 4.56794817e-03, 0., 3.80662357e-04,
       2.66463659e-03, 2.66463659e-03, 1.52264943e-03, 0.,
       3.80662357e-04, 2.66463659e-03, 0., 1.90331182e-03,
       7.61324714e-04, 3.80662357e-04, 0., 7.61324714e-04,
       6.09059772e-03, 3.80662357e-04, 1.14198704e-03, 0.,
       2.28397409e-03, 2.66463659e-03, 1.52264943e-03, 3.80662357e-04,
       4.56794817e-03, 3.80662357e-04, 5.32927318e-03, 1.52264943e-03,
       7.61324714e-04, 1.90331182e-03, 0., 7.61324714e-04, 0.,
       1.14198704e-03, 1.90331182e-03, 3.80662357e-04, 7.61324714e-04,
       0., 7.61324714e-04, 0., 7.61324714e-04, 1.90331182e-03,
       1.52264943e-03, 0., 7.23258499e-03, 7.61324714e-04,
       5.70993545e-03, 7.61324714e-04, 1.14198704e-03, 0., 0.,
       7.61324714e-04, 3.80662357e-04, 7.61324714e-04, 0.,
       3.80662357e-04, 3.80662357e-04, 0., 0., 3.80662357e-04,
       1.52264943e-03, 1.52264943e-03, 0., 3.80662357e-04,
       3.80662357e-04, 0., 5.70993545e-03, 1.90331182e-03,
       7.61324714e-04, 0., 3.80662357e-04, 3.80662357e-04, 0.,
       3.80662357e-04, 4.56794817e-03, 0., 3.04529886e-03,
       1.90331182e-03, 3.80662357e-04, 7.61324714e-04, 3.80662357e-04,
       1.90331182e-03, 3.80662357e-04, 3.80662357e-04, 3.04529886e-03,
       4.18728590e-03, 0., 1.14198704e-03, 3.80662357e-04,
       2.66463659e-03, 3.80662357e-04, 7.61324714e-04, 3.80662357e-04,
       4.18728590e-03, 3.80662357e-04, 7.61324714e-04, 0.,
       3.80662357e-04, 6.09059772e-03, 1.52264943e-03, 1.90331182e-03,
       3.80662363e-03, 3.80662357e-04, 3.80662357e-04, 3.80662363e-03,
       2.28397409e-03, 4.18728590e-03, 3.80662357e-04, 1.14198704e-03,
       3.80662357e-04, 1.52264943e-03, 1.52264943e-03, 3.80662363e-03,
       1.52264943e-03, 4.94861044e-03, 2.66463659e-03, 7.61324714e-04,
       0., 3.80662357e-04, 3.80662357e-04, 0., 3.80662357e-04,
       1.90331182e-03, 3.80662357e-04, 0., 3.80662357e-04,
       3.80662357e-04, 3.80662363e-03, 1.14198704e-03, 3.80662357e-04,
       7.61324714e-04, 5.70993545e-03, 2.66463659e-03, 7.61324714e-04,
       3.80662357e-04, 3.80662363e-03, 7.61324714e-04, 1.14198704e-03,
       3.80662357e-04, 3.80662357e-04, 3.42596113e-03, 7.61324714e-04,
       2.66463659e-03, 0., 7.61324714e-04, 5.32927318e-03,
       3.80662357e-04, 0., 0., 3.80662357e-04, 0., 0., 1.90331182e-03,
