%YAML:1.0
m100n: !!opencv-matrix
   rows: 1
   cols: 800
   dt: f
   data: [ 6.45994849e-04, 1.61498715e-03, 1.93798449e-03,
       3.22997425e-04, 6.45994849e-04, 3.22997425e-04, 0.,
       6.45994849e-04, 3.22997425e-04, 2.90697673e-03, 1.29198970e-03,
       3.22997425e-04, 2.90697673e-03, 4.52196412e-03, 3.22997425e-04,
       1.61498715e-03, 2.26098206e-03, 9.68992244e-04, 3.22997425e-04,
       1.29198970e-03, 9.68992244e-04, 3.55297164e-03, 6.45994849e-04,
       1.93798449e-03, 0., 0., 6.45994849e-04, 0., 3.55297164e-03,
       1.61498715e-03, 1.61498715e-03, 1.61498715e-03, 1.61498715e-03,
       1.29198970e-03, 0., 6.45994849e-04, 0., 3.22997425e-04,
       2.58397940e-03, 3.22997425e-04, 0., 6.45994849e-04,
       3.22997425e-04, 3.22997425e-04, 1.29198970e-03, 3.87596898e-03,
       1.29198970e-03, 2.90697673e-03, 6.45994849e-04, 0.,
       6.45994849e-04, 1.61498715e-03, 9.68992244e-04, 6.45994849e-04,
       2.90697673e-03, 1.61498715e-03, 6.45994849e-04, 1.29198970e-03,
       1.93798449e-03, 0., 2.90697673e-03, 0., 3.22997425e-04,
       1.61498715e-03, 1.61498715e-03, 0., 0., 0., 1.61498715e-03,
       6.45994849e-04, 6.45994849e-04, 0., 1.29198970e-03,
       3.22997425e-04, 4.52196412e-03, 9.68992244e-04, 2.58397940e-03,
       0., 3.87596898e-03, 1.93798449e-03, 6.45994849e-04,
       1.93798449e-03, 1.61498715e-03, 9.68992244e-04, 9.68992244e-04,
       3.22997430e-03, 0., 9.68992244e-04, 3.22997430e-03,
       4.52196412e-03, 3.22997425e-04, 0., 3.22997425e-04,
       6.45994849e-04, 3.22997425e-04, 0., 9.68992244e-04,
       1.93798449e-03, 6.45994849e-04, 6.45994849e-04, 3.22997425e-04,
       6.45994849e-04, 3.22997425e-04, 3.55297164e-03, 0.,
       7.10594328e-03, 1.61498715e-03, 6.13695104e-03, 1.93798449e-03,
       3.22997425e-04, 5.16795879e-03, 1.93798449e-03, 6.45994861e-03,
       0., 0., 0., 3.55297164e-03, 3.22997425e-04, 1.29198970e-03, 0.,
       3.22997425e-04, 9.68992244e-04, 9.68992244e-04, 1.29198970e-03,
       3.22997425e-04, 8.07493553e-03, 2.58397940e-03, 3.22997425e-04,
       4.84496122e-03, 6.45994849e-04, 2.26098206e-03, 3.55297164e-03,
       1.61498715e-03, 6.45994849e-04, 6.45994849e-04, 6.45994849e-04,
       9.68992244e-04, 3.22997425e-04, 1.93798449e-03, 0.,
       2.58397940e-03, 6.45994849e-04, 0., 3.22997425e-04, 0., 0., 0.,
       3.55297164e-03, 3.22997425e-04, 3.22997425e-04, 3.87596898e-03,
       3.22997425e-04, 2.90697673e-03, 9.68992244e-04, 2.26098206e-03,
       0., 6.45994849e-04, 9.68992244e-04, 3.22997425e-04,
       9.68992244e-04, 2.26098206e-03, 2.26098206e-03, 1.61498715e-03,
       9.68992244e-04, 3.22997425e-04, 0., 3.22997425e-04,
       1.61498715e-03, 3.22997425e-04, 6.45994849e-04, 3.22997425e-04,
       1.93798449e-03, 9.68992244e-04, 0., 6.45994849e-04,
       2.26098206e-03, 3.22997425e-04, 3.87596898e-03, 4.19896655e-03,
       3.22997425e-04, 1.29198970e-03, 7.42894085e-03, 2.26098206e-03,
       3.22997425e-04, 6.45994849e-04, 3.22997425e-04, 1.29198970e-03,
       0., 1.61498715e-03, 0., 2.26098206e-03, 9.68992244e-04,
       1.93798449e-03, 3.22997425e-04, 1.29198970e-03, 0.,
       3.22997425e-04, 6.45994849e-04, 3.22997425e-04, 2.90697673e-03,
       3.22997425e-04, 0., 9.68992244e-04, 4.19896655e-03, 0.,
       3.22997425e-04, 6.13695104e-03, 2.26098206e-03, 3.22997425e-04,
       0., 2.26098206e-03, 1.93798449e-03, 3.22997425e-04, 0.,
       2.26098206e-03, 0., 6.45994849e-04, 3.22997425e-04,
       1.93798449e-03, 1.93798449e-03, 1.93798449e-03, 6.45994849e-04,
       9.68992244e-04, 0., 9.68992244e-04, 9.68992244e-04,
       1.93798449e-03, 6.45994849e-04, 0., 9.68992244e-04,
       2.26098206e-03, 2.26098206e-03, 0., 2.90697673e-03, 0.,
       1.61498715e-03, 4.84496122e-03, 4.84496122e-03, 0.,
       3.55297164e-03, 6.45994849e-04, 2.58397940e-03, 3.22997425e-04,
       1.93798449e-03, 0., 1.29198970e-03, 1.29198970e-03,
       1.61498715e-03, 1.93798449e-03, 3.87596898e-03, 3.22997425e-04,
       9.68992244e-04, 9.68992244e-04, 3.22997425e-04, 2.26098206e-03,
       3.22997430e-03, 2.58397940e-03, 6.45994849e-04, 1.29198970e-03,
       1.29198970e-03, 1.61498715e-03, 9.68992244e-04, 3.22997425e-04,
       9.68992244e-04, 4.19896655e-03, 3.22997425e-04, 1.29198970e-03,
       4.19896655e-03, 0., 3.22997425e-04, 9.68992244e-04,
       9.68992244e-04, 3.22997425e-04, 3.22997425e-04, 5.16795879e-03,
       6.45994849e-04, 6.45994849e-04, 9.68992244e-04, 9.68992244e-04,
       6.45994849e-04, 6.45994849e-04, 6.45994849e-04, 1.29198970e-03,
       0., 2.26098206e-03, 2.90697673e-03, 2.26098206e-03,
       9.68992244e-04, 3.22997425e-04, 0., 2.58397940e-03,
       1.29198970e-03, 0., 9.68992244e-04, 6.45994849e-04,
       9.68992244e-04, 1.29198970e-03, 3.22997425e-04, 9.68992244e-04,
       3.22997425e-04, 1.61498715e-03, 9.68992244e-04, 1.61498715e-03,
       1.29198970e-03, 0., 0., 3.22997425e-04, 6.45994849e-04,
       2.26098206e-03, 3.22997425e-04, 9.68992244e-04, 1.61498715e-03,
       9.68992244e-04, 1.61498715e-03, 3.22997425e-04, 1.29198970e-03,
       3.22997430e-03, 3.22997425e-04, 0., 3.22997425e-04,
       1.61498715e-03, 2.26098206e-03, 1.29198970e-03, 9.68992244e-04,
       3.22997425e-04, 1.61498715e-03, 1.29198970e-03, 3.22997425e-04,
       3.22997425e-04, 2.26098206e-03, 0., 0., 1.93798449e-03,
       3.22997430e-03, 1.93798449e-03, 2.90697673e-03, 3.22997425e-04,
       6.45994849e-04, 6.45994849e-04, 0., 2.26098206e-03,
       1.61498715e-03, 1.29198970e-03, 1.61498715e-03, 0.,
       9.68992244e-04, 3.22997425e-04, 6.45994849e-04, 0.,
       9.68992244e-04, 2.90697673e-03, 2.58397940e-03, 0.,
       1.61498715e-03, 3.22997425e-04, 6.45994849e-04, 2.58397940e-03,
       3.22997425e-04, 0., 9.68992244e-04, 1.29198970e-03,
       1.61498715e-03, 6.45994849e-04, 0., 1.29198970e-03,
       3.87596898e-03, 1.93798449e-03, 0., 3.22997425e-04, 0.,
       3.87596898e-03, 1.29198970e-03, 0., 3.22997425e-04,
       4.84496122e-03, 6.45994849e-04, 3.22997425e-04, 6.45994849e-04,
       0., 1.93798449e-03, 9.68992244e-04, 0., 2.90697673e-03, 0., 0.,
       3.22997425e-04, 3.22997425e-04, 9.68992244e-04, 2.26098206e-03,
       2.26098206e-03, 3.22997430e-03, 4.52196412e-03, 0.,
       2.90697673e-03, 9.68992244e-04, 6.45994849e-04, 2.58397940e-03,
       6.45994849e-04, 2.26098206e-03, 1.29198970e-03, 3.22997425e-04,
       9.68992244e-04, 1.93798449e-03, 2.26098206e-03, 0.,
       3.22997425e-04, 1.93798449e-03, 6.45994849e-04, 6.45994849e-04,
       6.45994849e-04, 6.45994849e-04, 0., 6.45994849e-04,
       2.58397940e-03, 3.22997425e-04, 6.45994849e-04, 9.68992244e-04,
       1.29198970e-03, 0., 4.52196412e-03, 1.29198970e-03, 0.,
       2.26098206e-03, 6.45994849e-04, 6.45994849e-04, 0.,
       1.93798449e-03, 3.22997425e-04, 0., 2.90697673e-03, 0.,
       6.45994849e-04, 5.16795879e-03, 9.68992244e-04, 9.68992244e-04,
       4.84496122e-03, 1.61498715e-03, 6.45994849e-04, 3.22997425e-04,
       0., 2.90697673e-03, 1.29198970e-03, 9.68992244e-04,
       6.45994849e-04, 3.22997425e-04, 3.22997425e-04, 0.,
       1.61498715e-03, 1.29198970e-03, 1.61498715e-03, 2.90697673e-03,
       3.22997425e-04, 6.45994849e-04, 1.93798449e-03, 0.,
       9.68992244e-04, 0., 0., 6.45994849e-04, 3.22997425e-04,
       6.45994849e-04, 0., 1.93798449e-03, 2.58397940e-03,
       6.45994849e-04, 9.68992244e-04, 3.22997425e-04, 1.29198970e-03,
       3.22997425e-04, 2.26098206e-03, 1.29198970e-03, 0.,
       2.26098206e-03, 3.22997425e-04, 0., 6.45994849e-04, 0., 0.,
       1.61498715e-03, 4.84496122e-03, 3.22997425e-04, 6.45994849e-04,
       6.45994849e-04, 1.61498715e-03, 9.68992244e-04, 0.,
       3.22997425e-04, 6.45994849e-04, 0., 1.61498715e-03,
       1.93798449e-03, 0., 6.45994849e-04, 1.29198970e-03,
       3.55297164e-03, 4.52196412e-03, 0., 3.22997425e-04,
       3.22997425e-04, 6.45994849e-04, 3.22997425e-04, 9.68992244e-04,
       4.19896655e-03, 3.55297164e-03, 1.61498715e-03, 4.84496122e-03,
