%YAML:1.0
m100n: !!opencv-matrix
   rows: 1
   cols: 800
   dt: f
   data: [ 7.68344209e-04, 1.15251634e-03, 7.68344209e-04,
       3.84172105e-04, 7.68344209e-04, 0., 0., 7.68344209e-04, 0.,
       7.68344209e-04, 3.84172105e-04, 1.15251634e-03, 1.53668842e-03,
       1.15251634e-03, 0., 7.68344209e-04, 3.84172105e-04,
       3.84172105e-04, 3.07337684e-03, 2.68920464e-03, 0.,
       4.99423733e-03, 3.84172105e-04, 5.76258171e-03, 7.68344209e-04,
       0., 2.30503269e-03, 1.15251634e-03, 3.84172105e-04,
       2.65078750e-02, 2.30503269e-03, 1.53668842e-03, 2.30503269e-03,
       7.68344209e-04, 3.84172105e-04, 1.92086049e-03, 3.84172105e-04,
       0., 2.68920464e-03, 0., 0., 7.68344209e-04, 1.92086049e-03, 0.,
       2.30503269e-03, 1.15251634e-03, 3.84172105e-04, 1.53668842e-03,
       1.53668842e-03, 3.84172105e-04, 0., 3.84172105e-04,
       1.15251634e-03, 0., 3.84172105e-04, 7.68344209e-04,
       7.68344209e-04, 4.22589295e-03, 1.53668842e-03, 7.68344209e-04,
       3.84172099e-03, 7.68344209e-04, 3.84172105e-04, 3.84172105e-04,
       3.84172099e-03, 0., 0., 3.84172105e-04, 8.45178589e-03,
       7.68344209e-04, 2.30503269e-03, 0., 1.15251634e-03,
       3.84172105e-04, 1.53668842e-03, 2.30503269e-03, 3.84172105e-04,
       0., 2.68920464e-03, 2.68920464e-03, 0., 0., 3.84172105e-04,
       1.53668842e-03, 1.15251634e-03, 3.84172105e-04, 3.07337684e-03,
       3.84172105e-04, 1.53668842e-03, 7.68344209e-04, 0., 0.,
       3.84172105e-04, 0., 3.84172105e-04, 1.15251634e-03,
       3.84172105e-04, 1.15251634e-03, 7.68344209e-04, 3.84172105e-04,
       7.68344209e-04, 3.84172105e-04, 3.84172105e-04, 1.53668842e-03,
       0., 4.22589295e-03, 3.07337684e-03, 4.61006537e-03,
       3.84172105e-04, 7.68344209e-04, 4.22589295e-03, 1.92086049e-03,
       6.91509806e-03, 1.15251634e-03, 9.22013074e-03, 0.,
       3.45754903e-03, 3.84172105e-04, 7.68344209e-04, 3.84172105e-04,
       2.68920464e-03, 1.15251634e-03, 0., 1.15251634e-03, 0.,
       2.68920464e-03, 7.68344209e-04, 0., 5.37840929e-03, 0.,
       3.84172099e-03, 0., 1.53668842e-03, 1.15251634e-03,
       7.68344209e-04, 7.68344209e-04, 1.15251634e-03, 7.68344209e-04,
       1.15251634e-03, 7.68344209e-04, 3.07337684e-03, 2.68920464e-03,
       3.84172105e-04, 3.84172105e-04, 3.84172105e-04, 0., 0.,
       7.68344209e-04, 0., 3.84172105e-04, 3.84172099e-03, 0.,
       2.68920464e-03, 1.15251634e-03, 2.30503269e-03, 7.29927002e-03,
       3.45754903e-03, 7.68344209e-04, 0., 1.53668842e-03,
       1.15251634e-03, 2.30503269e-03, 3.45754903e-03, 1.53668842e-03,
       1.53668842e-03, 0., 0., 7.68344209e-04, 3.84172105e-04,
       3.84172105e-04, 1.15251634e-03, 8.83595832e-03, 7.68344209e-04,
       7.68344209e-04, 1.15251634e-03, 4.22589295e-03, 3.84172105e-04,
       1.53668842e-03, 3.45754903e-03, 7.68344209e-04, 2.68920464e-03,
       3.07337684e-03, 3.84172105e-04, 1.15251634e-03, 3.84172105e-04,
       0., 1.15251634e-03, 3.84172105e-04, 0., 7.68344209e-04,
       7.68344209e-04, 0., 2.68920464e-03, 4.22589295e-03, 0.,
       3.84172105e-04, 1.15251634e-03, 1.53668842e-03, 0.,
       2.68920464e-03, 2.30503269e-03, 0., 1.15251634e-03,
       2.68920464e-03, 0., 1.53668842e-03, 1.53668842e-03, 0.,
       3.84172105e-04, 0., 7.68344209e-04, 2.68920464e-03,
       3.84172105e-04, 0., 1.15251634e-03, 2.30503269e-03,
       3.84172105e-04, 3.84172105e-04, 1.15251634e-03, 1.53668842e-03,
       2.30503269e-03, 3.84172105e-04, 3.07337684e-03, 3.84172105e-04,
       3.84172099e-03, 0., 2.30503269e-03, 1.53668842e-03,
       3.84172105e-04, 1.15251634e-03, 1.92086049e-03, 1.15251634e-03,
       7.68344209e-04, 1.92086049e-03, 1.53668842e-03, 2.30503269e-03,
       6.53092563e-03, 3.45754903e-03, 7.68344209e-04, 1.53668842e-03,
       3.84172105e-04, 7.68344209e-04, 7.68344209e-04, 4.99423733e-03,
       0., 7.68344209e-04, 3.84172105e-04, 1.15251634e-03, 0., 0., 0.,
       1.53668842e-03, 4.61006537e-03, 0., 3.07337684e-03,
       3.84172105e-04, 2.30503269e-03, 1.15251634e-03, 1.92086049e-03,
       2.68920464e-03, 3.84172105e-04, 3.84172105e-04, 0.,
       1.15251634e-03, 1.92086049e-03, 3.84172105e-04, 2.68920464e-03,
       3.84172105e-04, 0., 1.53668842e-03, 4.22589295e-03,
       3.84172105e-04, 3.84172105e-04, 1.92086049e-03, 3.84172099e-03,
       1.15251634e-03, 7.68344209e-04, 3.84172105e-04, 7.68344209e-04,
       2.30503269e-03, 3.84172105e-04, 1.15251634e-03, 1.53668842e-03,
       0., 3.84172105e-04, 1.15251634e-03, 2.30503269e-03, 0., 0.,
       1.92086049e-03, 1.92086049e-03, 3.84172105e-04, 7.68344209e-04,
       1.92086049e-03, 7.68344209e-04, 7.68344209e-04, 3.84172105e-04,
       3.84172105e-04, 0., 0., 7.68344209e-04, 3.84172105e-04,
       2.68920464e-03, 2.30503269e-03, 0., 0., 1.92086049e-03, 0.,
       7.68344209e-04, 0., 1.15251634e-03, 3.07337684e-03,
       3.45754903e-03, 0., 3.84172105e-04, 2.30503269e-03,
       1.92086049e-03, 1.53668842e-03, 1.53668842e-03, 0.,
       3.84172105e-04, 0., 1.53668842e-03, 0., 3.84172105e-04,
       1.15251634e-03, 1.53668842e-03, 0., 3.84172105e-04,
       7.68344209e-04, 7.68344209e-04, 3.84172105e-04, 1.15251634e-03,
       1.53668842e-03, 1.15251634e-03, 2.30503269e-03, 1.53668842e-03,
       3.84172105e-04, 7.68344209e-04, 3.84172105e-04, 1.15251634e-03,
       1.15251634e-03, 7.68344209e-04, 0., 7.68344209e-04,
       3.84172105e-04, 7.68344209e-04, 3.84172105e-04, 7.68344209e-04,
       3.84172105e-04, 2.68920464e-03, 0., 0., 2.68920464e-03,
       3.84172105e-04, 3.84172099e-03, 1.53668842e-03, 1.53668842e-03,
       3.07337684e-03, 2.30503269e-03, 7.68344209e-04, 2.30503269e-03,
       7.68344209e-04, 0., 1.53668842e-03, 5.37840929e-03,
       1.15251634e-03, 7.68344209e-04, 1.15251634e-03, 0.,
       5.76258171e-03, 1.92086049e-03, 3.84172105e-04, 2.30503269e-03,
       5.76258171e-03, 2.68920464e-03, 0., 1.53668842e-03,
       3.84172105e-04, 7.68344209e-04, 3.45754903e-03, 7.68344209e-04,
       1.92086049e-03, 7.68344209e-04, 0., 1.15251634e-03,
       7.68344209e-04, 1.92086049e-03, 3.84172105e-04, 7.68344209e-04,
       1.53668842e-03, 4.22589295e-03, 7.68344209e-04, 6.14675367e-03,
       1.15251634e-03, 0., 1.15251634e-03, 0., 4.99423733e-03,
       3.84172105e-04, 3.84172105e-04, 1.53668842e-03, 1.92086049e-03,
       2.68920464e-03, 7.68344209e-04, 1.92086049e-03, 7.68344209e-04,
       3.84172105e-04, 7.68344209e-04, 3.84172105e-04, 3.84172105e-04,
       3.84172105e-04, 0., 3.84172105e-04, 0., 7.68344209e-04,
       1.53668842e-03, 7.68344209e-04, 0., 3.84172099e-03,
       2.30503269e-03, 0., 3.07337684e-03, 1.15251634e-03,
       1.53668842e-03, 2.30503269e-03, 1.15251634e-03, 3.84172105e-04,
       0., 2.68920464e-03, 3.84172105e-04, 1.15251634e-03,
       1.53668842e-03, 1.15251634e-03, 1.53668842e-03, 2.30503269e-03,
       0., 7.68344209e-04, 7.68344209e-04, 0., 4.61006537e-03,
       3.84172105e-04, 7.68344209e-04, 2.30503269e-03, 1.53668842e-03,
       1.15251634e-03, 7.68344209e-04, 1.53668842e-03, 3.84172105e-04,
       0., 3.84172105e-04, 3.84172105e-04, 3.84172105e-04,
       3.84172099e-03, 1.15251634e-03, 3.84172105e-04, 3.45754903e-03,
       0., 1.92086049e-03, 0., 1.15251634e-03, 7.68344209e-04,
       1.53668842e-03, 1.53668842e-03, 1.15251634e-03, 0., 0.,
       7.68344209e-04, 3.84172105e-04, 1.92086049e-03, 0., 0.,
       2.30503269e-03, 3.84172105e-04, 3.84172105e-04, 0.,
       7.68344209e-04, 0., 3.84172105e-04, 2.30503269e-03, 0.,
       3.84172105e-04, 0., 1.15251634e-03, 3.84172105e-04,
       3.84172105e-04, 7.68344209e-04, 3.84172105e-04, 7.68344209e-04,
       3.84172105e-04, 2.30503269e-03, 7.68344209e-04, 7.68344209e-04,
       7.68344209e-04, 3.84172105e-04, 3.84172099e-03, 7.68344209e-04,
       7.68344209e-04, 3.84172105e-04, 0., 1.53668842e-03, 0.,
       4.61006537e-03, 0., 7.68344209e-04, 6.91509806e-03,
       2.30503269e-03, 2.30503269e-03, 3.84172105e-04, 0.,
       7.68344209e-04, 0., 7.68344209e-04, 3.84172105e-04,
