%YAML:1.0
m100n: !!opencv-matrix
   rows: 1
   cols: 800
   dt: f
   data: [ 4.05844155e-04, 0., 2.84090918e-03, 2.02922081e-03,
       8.11688311e-04, 0., 8.11688311e-04, 0., 0., 1.21753244e-03,
       8.11688311e-04, 1.21753244e-03, 4.05844155e-04, 2.02922081e-03,
       4.05844155e-04, 4.05844155e-04, 8.11688311e-04, 0.,
       1.21753244e-03, 2.43506487e-03, 1.21753244e-03, 2.43506487e-03,
       8.11688311e-04, 6.08766219e-03, 1.21753244e-03, 0.,
       2.84090918e-03, 4.05844155e-04, 1.62337662e-03, 2.84090918e-03,
       2.84090918e-03, 2.02922081e-03, 2.43506487e-03, 1.21753244e-03,
       8.11688311e-04, 0., 8.11688311e-04, 4.05844155e-04,
       2.02922081e-03, 0., 8.11688311e-04, 8.11688311e-04,
       4.05844155e-04, 1.62337662e-03, 1.62337662e-03, 4.05844161e-03,
       4.05844155e-04, 2.02922081e-03, 0., 8.11688311e-04, 0.,
       1.21753244e-03, 1.21753244e-03, 4.05844155e-04, 1.21753244e-03,
       1.21753244e-03, 4.05844155e-04, 2.84090918e-03, 8.11688311e-04,
       4.05844155e-04, 3.24675324e-03, 0., 0., 4.05844155e-04,
       5.27597405e-03, 0., 1.62337662e-03, 4.05844155e-04, 0.,
       8.11688311e-04, 2.02922081e-03, 4.05844155e-04, 0.,
       8.11688311e-04, 1.62337662e-03, 1.21753244e-03, 6.89935079e-03,
       0., 1.62337662e-03, 4.87012975e-03, 8.11688311e-04,
       1.21753244e-03, 1.21753244e-03, 2.02922081e-03, 8.11688311e-04,
       1.21753244e-03, 1.21753244e-03, 1.21753244e-03, 8.11688311e-04,
       8.11688311e-04, 0., 4.05844155e-04, 4.05844155e-04,
       4.05844155e-04, 1.62337662e-03, 0., 0., 1.62337662e-03,
       8.11688311e-04, 0., 8.11688311e-04, 4.05844155e-04,
       2.43506487e-03, 8.11688311e-04, 0., 3.24675324e-03,
       4.05844155e-04, 2.43506487e-03, 0., 8.11688311e-04,
       3.65259731e-03, 1.21753244e-03, 2.43506487e-03, 0.,
       4.05844161e-03, 4.05844155e-04, 2.43506487e-03, 8.11688311e-04,
       2.02922081e-03, 1.62337662e-03, 0., 4.05844155e-04, 0.,
       3.65259731e-03, 0., 2.84090918e-03, 4.05844155e-04, 0.,
       3.65259731e-03, 4.05844155e-04, 3.65259731e-03, 1.21753244e-03,
       8.11688311e-04, 5.68181835e-03, 1.62337662e-03, 1.21753244e-03,
       8.11688311e-04, 8.11688311e-04, 1.62337662e-03, 2.02922081e-03,
       2.02922081e-03, 2.43506487e-03, 0., 8.11688311e-04,
       8.11688311e-04, 0., 8.11688311e-04, 4.05844155e-04,
       4.05844155e-04, 0., 1.21753244e-03, 0., 1.21753244e-03,
       8.11688311e-04, 3.24675324e-03, 2.02922081e-03, 2.02922081e-03,
       4.05844155e-04, 0., 4.05844155e-04, 4.05844155e-04,
       8.11688311e-04, 3.65259731e-03, 8.11688311e-04, 8.11688311e-04,
       4.05844155e-04, 0., 1.21753244e-03, 4.05844155e-04,
       8.11688311e-04, 2.02922081e-03, 2.84090918e-03, 0., 0.,
       2.43506487e-03, 5.27597405e-03, 1.21753244e-03, 4.05844155e-04,
       4.05844161e-03, 8.11688311e-04, 1.62337662e-03, 1.21753244e-03,
       0., 4.05844155e-04, 8.11688311e-04, 0., 6.08766219e-03,
       4.05844155e-04, 3.65259731e-03, 8.11688311e-04, 2.02922081e-03,
       1.21753244e-03, 4.05844155e-04, 9.33441520e-03, 4.05844155e-04,
       2.02922081e-03, 4.05844155e-04, 1.62337662e-03, 1.21753244e-03,
       5.68181835e-03, 0., 8.11688311e-04, 8.11688311e-04,
       2.84090918e-03, 4.05844155e-04, 8.11688311e-04, 2.84090918e-03,
       1.21753244e-03, 1.21753244e-03, 0., 1.62337662e-03,
       3.24675324e-03, 4.05844155e-04, 2.84090918e-03, 4.05844155e-04,
       2.43506487e-03, 2.43506487e-03, 4.05844155e-04, 1.62337662e-03,
       4.05844155e-04, 2.02922081e-03, 0., 1.62337662e-03, 0.,
       4.05844155e-04, 1.21753244e-03, 1.62337662e-03, 4.05844155e-04,
       4.05844155e-04, 4.05844155e-04, 2.02922081e-03, 4.05844155e-04,
       4.05844155e-04, 3.24675324e-03, 2.02922081e-03, 0.,
       7.30519462e-03, 2.02922081e-03, 2.84090918e-03, 0.,
       4.05844155e-04, 1.21753244e-03, 0., 2.02922081e-03,
       4.05844155e-04, 8.11688311e-04, 0., 8.11688311e-04,
       1.21753244e-03, 1.21753244e-03, 0., 1.62337662e-03,
       4.87012975e-03, 0., 5.68181835e-03, 1.62337662e-03,
       1.21753244e-03, 1.62337662e-03, 0., 2.02922081e-03,
       8.11688311e-04, 4.05844155e-04, 4.05844155e-04, 1.62337662e-03,
       8.11688311e-04, 2.02922081e-03, 1.62337662e-03, 4.05844155e-04,
       0., 8.11688311e-04, 2.43506487e-03, 0., 2.02922081e-03,
       6.08766219e-03, 3.24675324e-03, 1.21753244e-03, 1.21753244e-03,
       4.05844155e-04, 8.11688311e-04, 2.02922081e-03, 4.05844155e-04,
       2.02922081e-03, 4.05844155e-04, 4.05844155e-04, 4.05844155e-04,
       0., 4.05844155e-04, 1.21753244e-03, 8.11688311e-04,
       6.08766219e-03, 4.87012975e-03, 8.11688311e-04, 1.21753244e-03,
       8.11688311e-04, 0., 3.65259731e-03, 0., 4.05844155e-04,
       4.05844155e-04, 4.05844155e-04, 8.11688311e-04, 0.,
       4.05844161e-03, 2.84090918e-03, 8.11688311e-04, 4.05844155e-04,
       1.21753244e-03, 0., 1.21753244e-03, 1.62337662e-03,
       1.21753244e-03, 1.21753244e-03, 2.43506487e-03, 0.,
       2.02922081e-03, 4.05844155e-04, 8.11688311e-04, 8.11688311e-04,
       1.62337662e-03, 4.05844155e-04, 1.62337662e-03, 4.05844155e-04,
       0., 0., 8.11688311e-04, 0., 1.62337662e-03, 0., 4.05844155e-04,
       2.02922081e-03, 8.11688311e-04, 1.21753244e-03, 1.62337662e-03,
       0., 1.21753244e-03, 0., 0., 1.21753244e-03, 0., 1.21753244e-03,
       2.02922081e-03, 1.62337662e-03, 8.11688311e-04, 1.62337662e-03,
       1.21753244e-03, 4.05844155e-04, 4.05844155e-04, 1.21753244e-03,
       1.62337662e-03, 0., 2.02922081e-03, 8.11688311e-04,
       4.05844155e-04, 2.02922081e-03, 0., 8.11688311e-04, 0., 0., 0.,
       4.46428591e-03, 1.62337662e-03, 1.21753244e-03, 1.21753244e-03,
       4.05844155e-04, 2.43506487e-03, 4.05844161e-03, 2.43506487e-03,
       1.21753244e-03, 4.05844155e-04, 8.11688311e-04, 2.84090918e-03,
       8.11688311e-04, 0., 1.21753244e-03, 9.33441520e-03,
       1.62337662e-03, 4.05844155e-04, 3.24675324e-03, 1.62337662e-03,
       8.11688311e-04, 7.71103892e-03, 8.11688311e-04, 2.43506487e-03,
       1.21753244e-03, 4.05844155e-04, 0., 8.11688311e-04,
       2.84090918e-03, 2.02922081e-03, 4.05844155e-04, 0.,
       1.62337662e-03, 8.11688311e-04, 1.21753244e-03, 8.11688311e-04,
       1.21753244e-03, 1.21753244e-03, 8.11688311e-04, 1.21753244e-03,
       1.21753244e-03, 4.05844155e-04, 4.05844155e-04, 2.84090918e-03,
       0., 2.02922081e-03, 1.62337662e-03, 1.62337662e-03,
       1.21753244e-03, 1.21753244e-03, 0., 8.11688311e-04, 0.,
       8.11688311e-04, 1.62337662e-03, 0., 8.11688311e-04,
       4.05844155e-04, 2.43506487e-03, 0., 4.87012975e-03,
       1.21753244e-03, 0., 2.84090918e-03, 4.05844155e-04,
       1.21753244e-03, 2.02922081e-03, 1.21753244e-03, 1.21753244e-03,
       4.05844155e-04, 4.87012975e-03, 1.21753244e-03, 0.,
       3.65259731e-03, 4.05844155e-04, 0., 2.02922081e-03, 0.,
       8.11688311e-04, 4.05844155e-04, 0., 0., 8.11688311e-04,
       8.11688311e-04, 4.05844155e-04, 2.84090918e-03, 8.11688311e-04,
       2.02922081e-03, 8.11688311e-04, 1.21753244e-03, 2.02922081e-03,
       4.05844155e-04, 4.05844155e-04, 4.05844155e-04, 1.62337662e-03,
       4.05844155e-04, 1.62337662e-03, 8.11688311e-04, 4.05844155e-04,
       1.21753244e-03, 4.05844155e-04, 1.21753244e-03, 0., 0.,
       1.62337662e-03, 4.05844155e-04, 1.21753244e-03, 0.,
       1.21753244e-03, 4.05844155e-04, 1.62337662e-03, 0.,
       4.05844155e-04, 4.46428591e-03, 0., 4.05844155e-04,
       1.62337662e-03, 0., 1.62337662e-03, 1.62337662e-03,
       4.87012975e-03, 8.11688311e-04, 4.05844155e-04, 0.,
       4.05844155e-04, 4.05844155e-04, 0., 1.21753244e-03,
       1.21753244e-03, 3.65259731e-03, 0., 2.02922081e-03,
       3.24675324e-03, 8.11688311e-04, 0., 8.11688311e-04,
       4.46428591e-03, 8.11688311e-04, 4.05844155e-04, 4.05844155e-04,
       0., 1.62337662e-03, 0., 8.11688311e-04, 1.21753244e-03,
       8.11688311e-04, 6.89935079e-03, 4.87012975e-03, 1.21753244e-03,
       8.11688311e-04, 3.65259731e-03, 4.05844155e-04, 4.05844155e-04,
