%YAML:1.0
m100n: !!opencv-matrix
   rows: 1
   cols: 800
   dt: f
   data: [ 8.30220000e-04, 4.15109983e-03, 2.49065994e-03,
       2.07554991e-03, 2.49065994e-03, 0., 0., 8.30220000e-04,
       4.15110000e-04, 4.15109983e-03, 8.30220000e-04, 4.15110000e-04,
       2.07554991e-03, 2.07554991e-03, 4.15110000e-04, 2.07554991e-03,
       3.73599003e-03, 4.15110000e-04, 8.30220000e-04, 8.30220000e-04,
       4.15110000e-04, 8.30220000e-04, 2.90576997e-03, 8.30220000e-04,
       0., 0., 4.15110000e-04, 4.15110000e-04, 1.24532997e-03,
       1.24532997e-03, 2.07554991e-03, 8.30220000e-04, 3.73599003e-03,
       1.66044000e-03, 0., 4.15110000e-04, 3.32088000e-03, 0.,
       4.15110000e-04, 0., 0., 4.15110000e-04, 1.24532997e-03,
       4.15110000e-04, 4.15110000e-04, 4.56620986e-03, 8.30220000e-04,
       3.73599003e-03, 8.30220000e-04, 0., 4.15110000e-04,
       8.30220000e-04, 1.24532997e-03, 0., 8.30220000e-04,
       8.30220000e-04, 8.30220000e-04, 2.49065994e-03, 1.24532997e-03,
       1.24532997e-03, 4.56620986e-03, 0., 8.30220000e-04,
       1.24532997e-03, 3.32088000e-03, 0., 4.15110000e-04,
       1.24532997e-03, 1.24532997e-03, 4.15110000e-04, 4.15109983e-03,
       8.30220000e-04, 2.07554991e-03, 0., 1.24532997e-03,
       1.66044000e-03, 2.07554991e-03, 0., 1.24532997e-03,
       3.73599003e-03, 5.81153994e-03, 1.66044000e-03, 8.30220000e-04,
       8.30220000e-04, 1.66044000e-03, 6.64176000e-03, 1.24532997e-03,
       3.32088000e-03, 8.30220000e-04, 2.49065994e-03, 0., 0., 0., 0.,
       1.24532997e-03, 4.15110000e-04, 4.15110000e-04, 3.73599003e-03,
       0., 1.24532997e-03, 1.24532997e-03, 0., 3.73599003e-03,
       4.15110000e-04, 4.15110000e-04, 1.24532997e-03, 1.24532997e-03,
       1.66044000e-03, 4.15110000e-04, 8.30220000e-04, 5.39642991e-03,
       2.07554991e-03, 2.07554991e-03, 4.15110000e-04, 4.15109983e-03,
       0., 1.03777498e-02, 0., 5.39642991e-03, 0., 8.30220000e-04,
       8.30220000e-04, 1.24532997e-03, 2.90576997e-03, 0.,
       3.73599003e-03, 4.15110000e-04, 8.30220000e-04, 2.07554991e-03,
       1.24532997e-03, 2.49065994e-03, 2.07554991e-03, 2.49065994e-03,
       7.88708963e-03, 4.15110000e-04, 4.15110000e-04, 4.15110000e-04,
       8.30220000e-04, 4.15110000e-04, 1.66044000e-03, 2.90576997e-03,
       1.24532997e-03, 0., 1.66044000e-03, 1.24532997e-03,
       4.15110000e-04, 4.15110000e-04, 1.66044000e-03, 0.,
       4.15110000e-04, 0., 0., 4.15110000e-04, 8.30220000e-04,
       1.24532997e-03, 4.15109983e-03, 8.30220000e-04, 0., 0.,
       8.30220000e-04, 4.15110000e-04, 4.98131989e-03, 2.07554991e-03,
       4.15110000e-04, 2.07554991e-03, 2.07554991e-03, 4.15110000e-04,
       1.66044000e-03, 8.30220000e-04, 8.30220000e-04, 4.15110000e-04,
       2.90576997e-03, 4.15110000e-04, 0., 8.30220000e-04,
       4.15110000e-04, 4.15110000e-04, 3.32088000e-03, 4.98131989e-03,
       0., 2.90576997e-03, 2.90576997e-03, 1.24532997e-03,
       8.30220000e-04, 4.15110000e-04, 4.15110000e-04, 1.24532997e-03,
       0., 8.30220000e-04, 0., 4.15109983e-03, 8.30220000e-04,
       1.66044000e-03, 4.15109983e-03, 1.66044000e-03, 4.56620986e-03,
       1.24532997e-03, 0., 8.30220000e-04, 2.90576997e-03,
       4.15110000e-04, 8.30220000e-04, 8.30220000e-04, 1.24532997e-03,
       6.64176000e-03, 0., 9.13241971e-03, 2.07554991e-03,
       4.15110000e-04, 0., 1.66044000e-03, 1.66044000e-03,
       4.15110000e-04, 4.15110000e-04, 8.30220000e-04, 1.66044000e-03,
       8.30220000e-04, 1.24532997e-03, 2.49065994e-03, 1.24532997e-03,
       8.30220000e-04, 8.30220000e-04, 4.15110000e-04, 4.15110000e-04,
       2.07554991e-03, 4.15110000e-04, 4.15110000e-04, 1.66044000e-03,
       0., 1.24532997e-03, 2.49065994e-03, 1.24532997e-03,
       4.15110000e-04, 2.49065994e-03, 0., 1.66044000e-03,
       8.30220000e-04, 2.90576997e-03, 1.24532997e-03, 0.,
       8.30220000e-04, 1.24532997e-03, 1.24532997e-03, 8.30220000e-04,
       0., 2.90576997e-03, 0., 1.24532997e-03, 4.15110000e-04,
       1.66044000e-03, 4.15110000e-04, 0., 8.30220000e-04, 0.,
       4.56620986e-03, 2.49065994e-03, 1.66044000e-03, 1.24532997e-03,
       8.30220000e-04, 8.30220000e-04, 1.24532997e-03, 0., 0.,
       4.15109983e-03, 1.24532997e-03, 8.30220000e-04, 8.30220000e-04,
       3.32088000e-03, 0., 4.15110000e-04, 1.66044000e-03, 0.,
       1.66044000e-03, 7.05687003e-03, 2.49065994e-03, 4.15110000e-04,
       1.24532997e-03, 8.30220000e-04, 8.30220000e-04, 8.30220000e-04,
       1.24532997e-03, 2.07554991e-03, 8.30220000e-04, 4.15110000e-04,
       2.07554991e-03, 4.15110000e-04, 4.15109983e-03, 4.15110000e-04,
       4.15110000e-04, 4.98131989e-03, 2.07554991e-03, 1.24532997e-03,
       4.15110000e-04, 4.15110000e-04, 4.15110000e-04, 1.24532997e-03,
       8.30220000e-04, 0., 1.24532997e-03, 1.24532997e-03, 0.,
       4.15110000e-04, 4.15110000e-04, 2.07554991e-03, 8.30220000e-04,
       1.24532997e-03, 0., 4.15110000e-04, 4.15109983e-03,
       1.66044000e-03, 4.15110000e-04, 0., 1.66044000e-03,
       4.15110000e-04, 4.15110000e-04, 4.15110000e-04, 1.24532997e-03,
       8.30220000e-04, 8.30220000e-04, 0., 0., 0., 4.15110000e-04,
       4.15110000e-04, 0., 0., 4.15109983e-03, 0., 0., 2.07554991e-03,
       0., 4.15110000e-04, 8.30220000e-04, 2.49065994e-03, 0., 0.,
       4.56620986e-03, 0., 4.15110000e-04, 0., 1.66044000e-03,
       1.66044000e-03, 0., 1.66044000e-03, 4.15110000e-04,
       8.30220000e-04, 8.30220000e-04, 2.49065994e-03, 8.30220000e-04,
       0., 2.49065994e-03, 8.30220000e-04, 8.30220000e-04,
       1.66044000e-03, 4.15110000e-04, 2.07554991e-03, 1.24532997e-03,
       4.15110000e-04, 4.15110000e-04, 4.15110000e-04, 2.07554991e-03,
       8.30220000e-04, 0., 0., 4.15110000e-04, 3.32088000e-03, 0., 0.,
       0., 1.66044000e-03, 1.24532997e-03, 0., 4.15110000e-04,
       1.24532997e-03, 2.49065994e-03, 8.30220000e-04, 4.15110000e-04,
       0., 8.30220000e-04, 4.15110000e-04, 4.98131989e-03, 0.,
       2.90576997e-03, 1.24532997e-03, 4.15109983e-03, 4.15110000e-04,
       4.15110000e-04, 0., 0., 4.15110000e-04, 1.66044000e-03,
       2.49065994e-03, 1.66044000e-03, 4.56620986e-03, 4.15110000e-04,
       8.30220000e-04, 3.73599003e-03, 1.24532997e-03, 2.90576997e-03,
       8.30220000e-04, 8.30220000e-04, 0., 2.49065994e-03,
       2.49065994e-03, 8.30220000e-04, 1.24532997e-03, 1.66044000e-03,
       4.15110000e-04, 8.30220000e-04, 1.24532997e-03, 0.,
       1.66044000e-03, 8.30220000e-04, 1.66044000e-03, 8.30220000e-04,
       0., 0., 2.90576997e-03, 0., 1.24532997e-03, 4.15110000e-04, 0.,
       8.30220000e-04, 0., 4.15110000e-04, 1.66044000e-03,
       2.07554991e-03, 8.30220000e-04, 0., 4.15110000e-04,
       1.66044000e-03, 2.07554991e-03, 6.22664997e-03, 0.,
       1.24532997e-03, 2.49065994e-03, 4.15110000e-04, 0.,
       8.30220000e-04, 0., 2.07554991e-03, 8.30220000e-04,
       4.15110000e-04, 1.66044000e-03, 4.15110000e-04, 1.24532997e-03,
       2.49065994e-03, 4.15110000e-04, 8.30220000e-04, 0.,
       2.07554991e-03, 1.24532997e-03, 0., 3.32088000e-03,
       1.66044000e-03, 8.30220000e-04, 5.81153994e-03, 0.,
       4.15110000e-04, 0., 5.81153994e-03, 4.15110000e-04, 0.,
       1.24532997e-03, 4.15110000e-04, 0., 4.15110000e-04,
       2.90576997e-03, 4.15110000e-04, 1.66044000e-03, 2.07554991e-03,
       2.07554991e-03, 5.39642991e-03, 4.15110000e-04, 1.66044000e-03,
       8.30220000e-04, 4.15110000e-04, 4.15110000e-04, 0.,
       1.66044000e-03, 0., 1.24532997e-03, 4.15110000e-04,
       2.07554991e-03, 4.15110000e-04, 4.15110000e-04, 8.30220000e-04,
       1.66044000e-03, 2.90576997e-03, 4.15110000e-04, 4.56620986e-03,
       0., 0., 2.49065994e-03, 8.30220000e-04, 2.07554991e-03,
       4.15110000e-04, 0., 0., 4.15110000e-04, 8.30220000e-04,
       4.15110000e-04, 2.49065994e-03, 4.15110000e-04, 1.24532997e-03,
       1.66044000e-03, 2.90576997e-03, 0., 4.15110000e-04,
       4.98131989e-03, 1.24532997e-03, 0., 1.24532997e-03,
       8.30220000e-04, 4.15110000e-04, 0., 0., 0., 4.15110000e-04,
