%YAML:1.0
m100n: !!opencv-matrix
   rows: 1
   cols: 800
   dt: f
   data: [ 1.01798447e-03, 1.01798447e-03, 3.73260956e-03,
       6.78656274e-04, 3.39328137e-04, 0., 0., 0., 0., 6.78656274e-04,
       1.35731255e-03, 1.35731255e-03, 7.12589081e-03, 2.71462509e-03,
       3.39328137e-04, 3.05395317e-03, 2.03596894e-03, 3.39328137e-04,
       1.01798447e-03, 6.78656274e-04, 1.01798447e-03, 1.35731255e-03,
       6.78656274e-04, 5.76857850e-03, 1.01798447e-03, 0.,
       1.69664063e-03, 1.69664063e-03, 1.35731255e-03, 2.37529702e-03,
       3.39328137e-04, 1.35731255e-03, 3.39328137e-04, 0., 0., 0., 0.,
       6.78656274e-04, 1.01798447e-03, 0., 6.78656274e-04,
       6.78656274e-04, 3.39328137e-04, 3.39328137e-04, 1.01798447e-03,
       2.37529702e-03, 2.03596894e-03, 3.05395317e-03, 7.12589081e-03,
       3.39328137e-04, 3.39328137e-04, 6.78656274e-04, 0.,
       3.39328137e-04, 1.01798447e-03, 0., 3.39328137e-04,
       6.78656274e-04, 1.35731255e-03, 0., 1.15371570e-02, 0.,
       6.78656274e-04, 0., 1.35731255e-03, 0., 3.39328137e-04,
       1.01798447e-03, 1.01798447e-03, 1.35731255e-03, 4.75059403e-03,
       0., 6.78656274e-04, 1.01798447e-03, 1.69664063e-03,
       3.73260956e-03, 4.75059403e-03, 0., 2.03596894e-03,
       1.69664063e-03, 6.78656274e-04, 1.35731255e-03, 6.78656274e-04,
       6.78656274e-04, 0., 2.03596894e-03, 6.78656274e-04,
       1.01798447e-03, 3.39328137e-04, 1.01798447e-03, 1.35731255e-03,
       3.39328137e-04, 0., 0., 6.78656274e-04, 1.01798447e-03, 0.,
       2.37529702e-03, 0., 3.39328137e-04, 0., 3.39328137e-04,
       1.01798447e-03, 0., 6.78656274e-04, 2.71462509e-03,
       2.71462509e-03, 2.37529702e-03, 2.37529702e-03, 1.01798447e-03,
       2.37529702e-03, 6.78656274e-04, 7.12589081e-03, 0.,
       8.14387575e-03, 0., 6.10790635e-03, 6.78656274e-04,
       3.39328137e-04, 0., 3.39328137e-04, 1.01798447e-03,
       1.01798447e-03, 4.75059403e-03, 0., 1.69664063e-03,
       1.69664063e-03, 6.78656274e-04, 1.35731255e-03, 1.01798447e-03,
       1.18764844e-02, 3.39328137e-04, 1.69664063e-03, 2.37529702e-03,
       6.78656274e-04, 3.05395317e-03, 3.39328137e-04, 3.39328137e-04,
       6.78656274e-04, 1.35731255e-03, 1.01798447e-03, 1.35731255e-03,
       6.78656274e-04, 6.78656274e-04, 0., 3.39328137e-04,
       6.78656274e-04, 3.39328137e-04, 0., 0., 5.42925019e-03,
       3.39328137e-04, 2.03596894e-03, 3.39328137e-04, 2.37529702e-03,
       3.39328125e-03, 1.66270789e-02, 3.39328137e-04, 3.39328137e-04,
       1.01798447e-03, 3.39328137e-04, 2.37529702e-03, 6.78656274e-04,
       6.78656274e-04, 6.10790635e-03, 1.01798447e-03, 3.39328137e-04,
       6.78656274e-04, 3.39328137e-04, 6.78656274e-04, 0.,
       3.39328125e-03, 0., 0., 1.01798447e-03, 7.46521913e-03,
       3.39328137e-04, 1.69664063e-03, 6.78656274e-04, 0.,
       4.41126572e-03, 0., 1.01798447e-03, 0., 1.01798447e-03, 0.,
       2.03596894e-03, 1.69664063e-03, 6.78656274e-04, 0.,
       5.42925019e-03, 3.39328137e-04, 6.78656274e-04, 1.35731255e-03,
       6.78656274e-04, 1.01798447e-03, 1.35731255e-03, 3.39328137e-04,
       3.39328137e-04, 1.35731255e-03, 6.78656274e-04, 6.78656274e-04,
       1.01798447e-03, 1.35731255e-03, 6.78656274e-04, 1.69664063e-03,
       3.39328125e-03, 1.35731255e-03, 0., 0., 6.78656274e-04,
       6.78656274e-04, 2.71462509e-03, 0., 0., 3.39328137e-04,
       6.78656274e-04, 0., 6.78656274e-04, 6.78656274e-04,
       1.01798447e-03, 3.39328137e-04, 2.37529702e-03, 0.,
       2.37529702e-03, 0., 1.01798447e-03, 3.39328137e-04,
       6.78656274e-04, 1.01798447e-03, 3.39328137e-04, 0.,
       6.78656274e-04, 1.01798447e-03, 0., 3.05395317e-03,
       4.07193787e-03, 5.08992188e-03, 3.39328137e-04, 0.,
       6.78656274e-04, 1.35731255e-03, 6.78656274e-04, 4.07193787e-03,
       0., 1.69664063e-03, 1.35731255e-03, 1.01798447e-03,
       1.01798447e-03, 1.35731255e-03, 1.01798447e-03, 0.,
       2.37529702e-03, 3.39328137e-04, 1.35731255e-03, 1.35731255e-03,
       3.39328137e-04, 3.39328137e-04, 0., 1.01798447e-03,
       3.39328137e-04, 3.39328137e-04, 0., 0., 1.69664063e-03,
       1.01798447e-03, 1.69664063e-03, 3.39328137e-04, 0.,
       1.69664063e-03, 3.39328125e-03, 1.35731255e-03, 1.35731255e-03,
       1.01798447e-03, 6.44723466e-03, 3.05395317e-03, 1.01798447e-03,
       0., 1.01798447e-03, 6.78656274e-04, 0., 6.78656274e-04, 0., 0.,
       3.39328137e-04, 1.01798447e-03, 2.37529702e-03, 0., 0.,
       3.39328125e-03, 2.71462509e-03, 1.69664063e-03, 6.78656274e-04,
       6.78656274e-04, 1.01798447e-03, 1.35731255e-03, 0.,
       3.39328137e-04, 3.39328137e-04, 3.39328137e-04, 0.,
       2.37529702e-03, 2.37529702e-03, 3.05395317e-03, 0., 0., 0.,
       3.39328137e-04, 2.71462509e-03, 3.39328137e-04, 1.35731255e-03,
       1.01798447e-03, 2.03596894e-03, 6.78656274e-04, 1.69664063e-03,
       3.05395317e-03, 6.78656274e-04, 3.39328137e-04, 6.78656274e-04,
       0., 3.39328137e-04, 3.39328137e-04, 6.78656274e-04,
       3.39328137e-04, 6.78656274e-04, 6.78656274e-04, 2.03596894e-03,
       3.39328137e-04, 3.39328137e-04, 4.41126572e-03, 3.39328137e-04,
       3.05395331e-02, 2.03596894e-03, 1.35731255e-03, 6.78656274e-04,
       1.35731255e-03, 1.35731255e-03, 3.39328137e-04, 3.39328137e-04,
       6.78656274e-04, 0., 0., 1.01798447e-03, 6.78656274e-04,
       1.01798447e-03, 3.39328137e-04, 0., 1.01798447e-03,
       3.39328137e-04, 6.78656274e-04, 6.44723466e-03, 0.,
       3.39328137e-04, 2.71462509e-03, 0., 1.32337976e-02,
       2.37529702e-03, 6.78656274e-04, 3.39328137e-04, 2.37529702e-03,
       6.78656274e-04, 6.78656274e-04, 1.01798447e-03, 3.39328137e-04,
       1.01798447e-03, 3.05395317e-03, 3.39328137e-04, 3.39328137e-04,
       3.39328137e-04, 3.39328137e-04, 2.37529702e-03, 3.39328137e-04,
       3.39328137e-04, 1.35731255e-03, 3.39328125e-03, 1.69664063e-03,
       0., 0., 6.78656274e-04, 3.39328137e-04, 3.05395317e-03,
       3.39328137e-04, 3.39328125e-03, 1.01798447e-03, 3.39328137e-04,
       0., 2.37529702e-03, 1.01798447e-03, 1.35731255e-03,
       6.78656274e-04, 3.39328137e-04, 1.69664063e-03, 1.01798447e-03,
       1.69664063e-03, 0., 0., 1.35731255e-03, 1.35731255e-03,
       2.03596894e-03, 2.37529702e-03, 1.35731255e-03, 0.,
       6.78656274e-04, 6.78656274e-04, 0., 6.78656274e-04,
       1.01798447e-03, 1.35731255e-03, 6.78656274e-04, 3.39328137e-04,
       3.39328137e-04, 3.39328125e-03, 1.01798447e-03, 3.39328137e-04,
       6.78656274e-04, 6.78656274e-04, 0., 3.39328137e-04, 0.,
       4.75059403e-03, 0., 1.01798447e-03, 2.03596894e-03, 0., 0.,
       6.78656274e-04, 2.71462509e-03, 3.39328137e-04, 3.39328137e-04,
       1.01798447e-03, 1.01798447e-03, 3.39328137e-04, 2.03596894e-03,
       6.78656274e-04, 6.78656274e-04, 2.71462509e-03, 0., 0.,
       3.39328137e-04, 0., 0., 1.35731255e-03, 6.78656274e-04,
       1.35731255e-03, 3.39328137e-04, 0., 3.39328125e-03,
       6.78656274e-04, 6.78656274e-04, 1.01798447e-03, 1.35731255e-03,
       3.39328137e-04, 3.39328137e-04, 3.39328125e-03, 1.01798447e-03,
       3.73260956e-03, 2.71462509e-03, 3.39328137e-04, 3.39328137e-04,
       0., 0., 1.01798447e-03, 1.35731255e-03, 3.39328137e-04,
       1.01798447e-03, 0., 0., 1.69664063e-03, 3.39328137e-04,
       3.39328137e-04, 6.78656274e-04, 2.03596894e-03, 5.08992188e-03,
       0., 0., 1.01798447e-03, 0., 0., 0., 4.07193787e-03,
       3.39328137e-04, 1.01798447e-03, 0., 3.39328137e-04,
       3.39328137e-04, 0., 6.78656274e-04, 6.78656274e-04,
       3.05395317e-03, 3.39328137e-04, 3.39328137e-04, 1.01798447e-03,
       3.39328137e-04, 3.39328137e-04, 2.03596894e-03, 9.50118806e-03,
       6.78656274e-04, 0., 0., 0., 6.78656274e-04, 3.39328137e-04,
       6.78656274e-04, 3.39328137e-04, 6.78656274e-04, 3.39328125e-03,
       1.69664063e-03, 0., 6.78656274e-04, 1.35731255e-03,
       3.39328137e-04, 0., 0., 0., 0., 3.39328137e-04, 0.,
       3.39328137e-04, 3.39328137e-04, 3.39328137e-04, 1.69664063e-03,
       0., 3.39328137e-04, 3.39328137e-04, 1.01798447e-03, 0., 0., 0.,
