%YAML:1.0
m100n: !!opencv-matrix
   rows: 1
   cols: 800
   dt: f
   data: [ 9.61846788e-04, 9.61846788e-04, 2.56492477e-03,
       3.20615596e-04, 1.92369358e-03, 3.20615596e-04, 0., 0., 0.,
       1.92369358e-03, 1.28246238e-03, 1.60307798e-03, 1.92369358e-03,
       4.16800287e-03, 3.20615596e-04, 3.52677144e-03, 2.24430906e-03,
       6.41231192e-04, 6.41231192e-04, 9.61846788e-04, 0.,
       5.45046525e-03, 9.61846788e-04, 2.56492477e-03, 0.,
       3.20615596e-04, 1.28246238e-03, 0., 3.52677144e-03,
       1.28246238e-03, 9.61846788e-04, 9.61846788e-04, 1.60307798e-03,
       1.28246238e-03, 0., 2.24430906e-03, 0., 0., 1.92369358e-03, 0.,
       3.20615596e-04, 9.61846788e-04, 6.41231192e-04, 0.,
       1.28246238e-03, 2.56492477e-03, 9.61846788e-04, 2.24430906e-03,
       3.20615596e-04, 0., 9.61846788e-04, 1.60307798e-03,
       1.28246238e-03, 3.20615596e-04, 1.60307798e-03, 1.60307798e-03,
       3.20615596e-04, 1.28246238e-03, 1.60307798e-03, 3.20615596e-04,
       4.80923383e-03, 0., 0., 6.41231192e-04, 1.60307798e-03,
       3.20615596e-04, 6.41231192e-04, 3.20615596e-04, 2.56492477e-03,
       9.61846788e-04, 1.92369358e-03, 0., 6.41231192e-04,
       9.61846788e-04, 2.88554048e-03, 2.24430906e-03, 3.52677144e-03,
       0., 3.52677144e-03, 2.56492477e-03, 0., 1.60307798e-03,
       3.20615596e-04, 3.20615596e-04, 9.61846788e-04, 2.56492477e-03,
       6.41231192e-04, 1.92369358e-03, 2.56492477e-03, 3.52677144e-03,
       6.41231192e-04, 0., 3.20615596e-04, 6.41231192e-04,
       3.20615596e-04, 0., 3.20615596e-04, 2.56492477e-03,
       1.28246238e-03, 9.61846788e-04, 3.20615596e-04, 0., 0.,
       2.24430906e-03, 3.20615596e-04, 4.16800287e-03, 2.24430906e-03,
       8.65662098e-03, 1.92369358e-03, 1.28246238e-03, 3.52677144e-03,
       3.20615596e-03, 6.73292764e-03, 0., 7.69477431e-03, 0.,
       5.12984954e-03, 0., 3.20615596e-04, 0., 0., 9.61846788e-04,
       1.28246238e-03, 3.20615596e-04, 0., 5.77108096e-03,
       1.28246238e-03, 9.61846788e-04, 5.12984954e-03, 6.41231192e-04,
       1.60307798e-03, 3.20615596e-03, 2.88554048e-03, 1.92369358e-03,
       9.61846788e-04, 0., 6.41231192e-04, 0., 6.41231192e-04, 0.,
       2.24430906e-03, 0., 0., 3.20615596e-04, 3.20615596e-04, 0., 0.,
       4.80923383e-03, 0., 0., 4.16800287e-03, 0., 2.24430906e-03,
       6.41231192e-04, 3.20615596e-03, 5.45046525e-03, 6.41231192e-04,
       6.41231192e-04, 3.20615596e-04, 6.41231192e-04, 1.92369358e-03,
       1.28246238e-03, 3.20615596e-03, 6.41231192e-04, 3.20615596e-04,
       0., 0., 9.61846788e-04, 3.20615596e-04, 2.24430906e-03,
       1.28246238e-03, 2.88554048e-03, 9.61846788e-04, 0.,
       9.61846788e-04, 3.52677144e-03, 6.41231192e-04, 5.12984954e-03,
       4.80923383e-03, 0., 1.60307798e-03, 7.37415859e-03,
       9.61846788e-04, 6.41231192e-04, 1.92369358e-03, 3.20615596e-04,
       1.28246238e-03, 3.20615596e-04, 1.92369358e-03, 0.,
       1.60307798e-03, 3.20615596e-04, 9.61846788e-04, 3.20615596e-04,
       1.60307798e-03, 9.61846788e-04, 3.20615596e-04, 3.20615596e-04,
       6.41231192e-04, 3.20615596e-03, 1.28246238e-03, 6.41231192e-04,
       1.60307798e-03, 6.09169621e-03, 0., 3.20615596e-04,
       5.45046525e-03, 1.92369358e-03, 0., 3.20615596e-04,
       3.52677144e-03, 9.61846788e-04, 0., 6.41231192e-04,
       2.24430906e-03, 0., 1.28246238e-03, 1.60307798e-03,
       2.24430906e-03, 1.28246238e-03, 0., 5.12984954e-03,
       9.61846788e-04, 0., 9.61846788e-04, 6.41231192e-04,
       9.61846788e-04, 9.61846788e-04, 0., 3.20615596e-04,
       1.28246238e-03, 1.28246238e-03, 0., 1.92369358e-03, 0.,
       2.56492477e-03, 5.77108096e-03, 1.60307798e-03, 0.,
       1.60307798e-03, 9.61846788e-04, 3.84738715e-03, 0.,
       1.28246238e-03, 3.20615596e-04, 9.61846788e-04, 1.28246238e-03,
       3.20615596e-04, 2.56492477e-03, 3.52677144e-03, 0.,
       9.61846788e-04, 2.24430906e-03, 3.20615596e-04, 1.60307798e-03,
       2.88554048e-03, 1.92369358e-03, 6.41231192e-04, 1.92369358e-03,
       1.28246238e-03, 9.61846788e-04, 1.28246238e-03, 0.,
       1.28246238e-03, 2.56492477e-03, 3.20615596e-04, 9.61846788e-04,
       3.20615596e-03, 0., 3.20615596e-04, 9.61846788e-04,
       1.28246238e-03, 6.41231192e-04, 9.61846788e-04, 4.16800287e-03,
       9.61846788e-04, 3.20615596e-04, 9.61846788e-04, 6.41231192e-04,
       3.20615596e-04, 1.28246238e-03, 9.61846788e-04, 1.28246238e-03,
       6.41231192e-04, 2.56492477e-03, 2.88554048e-03, 9.61846788e-04,
       9.61846788e-04, 0., 6.41231192e-04, 1.60307798e-03,
       6.41231192e-04, 0., 1.60307798e-03, 6.41231192e-04,
       6.41231192e-04, 2.88554048e-03, 0., 1.28246238e-03, 0.,
       1.60307798e-03, 3.20615596e-04, 1.28246238e-03, 1.28246238e-03,
       0., 0., 3.20615596e-04, 0., 1.60307798e-03, 3.20615596e-04,
       9.61846788e-04, 1.28246238e-03, 1.92369358e-03, 3.20615596e-04,
       1.28246238e-03, 2.24430906e-03, 4.16800287e-03, 3.20615596e-04,
       3.20615596e-04, 6.41231192e-04, 3.20615596e-04, 1.28246238e-03,
       1.92369358e-03, 1.60307798e-03, 9.61846788e-04, 2.24430906e-03,
       1.60307798e-03, 0., 0., 1.60307798e-03, 6.41231192e-04, 0.,
       9.61846788e-04, 2.88554048e-03, 2.24430906e-03, 3.52677144e-03,
       1.28246238e-03, 6.41231192e-04, 3.20615596e-04, 0.,
       2.88554048e-03, 1.60307798e-03, 6.41231192e-04, 3.20615596e-04,
       6.41231192e-04, 0., 3.20615596e-04, 9.61846788e-04, 0.,
       9.61846788e-04, 2.88554048e-03, 2.24430906e-03, 0.,
       2.56492477e-03, 3.20615596e-04, 3.20615596e-04, 1.92369358e-03,
       0., 1.28246238e-03, 1.28246238e-03, 1.28246238e-03,
       1.92369358e-03, 1.28246238e-03, 0., 6.41231192e-04,
       3.84738715e-03, 3.20615596e-04, 0., 6.41231192e-04, 0.,
       2.88554048e-03, 2.24430906e-03, 0., 9.61846788e-04,
       6.09169621e-03, 3.20615596e-04, 0., 6.41231192e-04, 0.,
       1.28246238e-03, 1.60307798e-03, 0., 1.92369358e-03,
       3.20615596e-04, 0., 6.41231192e-04, 3.20615596e-04,
       6.41231192e-04, 2.56492477e-03, 2.56492477e-03, 4.16800287e-03,
       4.48861811e-03, 0., 3.20615596e-03, 6.41231192e-04,
       9.61846788e-04, 1.60307798e-03, 3.20615596e-04, 2.24430906e-03,
       6.41231192e-04, 3.20615596e-04, 1.92369358e-03, 1.92369358e-03,
       3.52677144e-03, 6.41231192e-04, 6.41231192e-04, 1.92369358e-03,
       1.60307798e-03, 9.61846788e-04, 1.28246238e-03, 0., 0.,
       6.41231192e-04, 1.28246238e-03, 3.20615596e-04, 9.61846788e-04,
       1.92369358e-03, 9.61846788e-04, 3.20615596e-04, 4.80923383e-03,
       1.28246238e-03, 0., 2.88554048e-03, 6.41231192e-04,
       9.61846788e-04, 0., 2.24430906e-03, 3.20615596e-04, 0.,
       2.56492477e-03, 0., 6.41231192e-04, 4.80923383e-03,
       6.41231192e-04, 9.61846788e-04, 5.12984954e-03, 9.61846788e-04,
       0., 3.20615596e-04, 0., 3.20615596e-03, 2.88554048e-03,
       9.61846788e-04, 1.60307798e-03, 3.20615596e-04, 9.61846788e-04,
       0., 1.28246238e-03, 9.61846788e-04, 9.61846788e-04,
       2.88554048e-03, 0., 3.20615596e-04, 3.20615596e-04, 0.,
       1.28246238e-03, 6.41231192e-04, 0., 6.41231192e-04,
       3.20615596e-04, 0., 0., 9.61846788e-04, 2.56492477e-03,
       6.41231192e-04, 6.41231192e-04, 6.41231192e-04, 1.28246238e-03,
       3.20615596e-04, 1.28246238e-03, 9.61846788e-04, 0.,
       5.45046525e-03, 6.41231192e-04, 0., 9.61846788e-04,
       3.20615596e-04, 0., 9.61846788e-04, 4.48861811e-03,
       3.20615596e-04, 6.41231192e-04, 0., 9.61846788e-04,
       6.41231192e-04, 0., 6.41231192e-04, 9.61846788e-04, 0.,
       9.61846788e-04, 1.60307798e-03, 3.20615596e-04, 3.20615596e-04,
       9.61846788e-04, 3.84738715e-03, 4.80923383e-03, 0., 0.,
       3.20615596e-04, 3.20615596e-04, 1.60307798e-03, 1.28246238e-03,
       3.20615596e-03, 2.24430906e-03, 1.28246238e-03, 3.84738715e-03,
       3.20615596e-04, 6.41231192e-04, 3.20615596e-04, 2.88554048e-03,
       1.28246238e-03, 1.28246238e-03, 9.61846788e-04, 3.20615596e-04,
       0., 0., 6.41231192e-04, 9.61846788e-04, 3.20615596e-04,
