%YAML:1.0
m100n: !!opencv-matrix
   rows: 1
   cols: 800
   dt: f
   data: [ 7.65110948e-04, 3.82555474e-04, 7.65110948e-04,
       3.82555474e-04, 7.65110948e-04, 0., 0., 0., 0., 7.65110948e-04,
       7.65110948e-04, 1.14766648e-03, 1.14766648e-03, 7.65110948e-04,
       0., 0., 3.82555474e-04, 3.82555474e-04, 3.82555462e-03,
       3.44299921e-03, 0., 3.82555462e-03, 7.65110948e-04,
       8.79877619e-03, 1.14766648e-03, 0., 2.67788838e-03,
       1.53022190e-03, 3.82555474e-04, 2.56312173e-02, 1.53022190e-03,
       1.14766648e-03, 1.91277731e-03, 7.65110948e-04, 7.65110948e-04,
       3.06044379e-03, 0., 0., 7.65110948e-04, 0., 3.82555474e-04,
       3.82555474e-04, 1.91277731e-03, 7.65110948e-04, 1.91277731e-03,
       1.53022190e-03, 3.82555474e-04, 1.91277731e-03, 1.14766648e-03,
       1.14766648e-03, 0., 7.65110948e-04, 1.14766648e-03,
       3.82555474e-04, 3.82555474e-04, 7.65110948e-04, 0.,
       4.20811027e-03, 1.14766648e-03, 7.65110948e-04, 3.44299921e-03,
       7.65110948e-04, 3.82555474e-04, 3.82555474e-04, 3.44299921e-03,
       0., 0., 7.65110948e-04, 8.41622055e-03, 7.65110948e-04,
       2.29533296e-03, 3.82555474e-04, 3.82555474e-04, 0.,
       3.82555474e-04, 2.67788838e-03, 7.65110948e-04, 0.,
       1.53022190e-03, 3.44299921e-03, 0., 3.82555474e-04,
       1.53022190e-03, 1.53022190e-03, 1.14766648e-03, 3.82555474e-04,
       2.67788838e-03, 7.65110948e-04, 1.53022190e-03, 1.14766648e-03,
       0., 0., 0., 7.65110948e-04, 7.65110948e-04, 0., 3.82555474e-04,
       1.14766648e-03, 7.65110948e-04, 3.82555474e-04, 7.65110948e-04,
       3.82555474e-04, 3.82555474e-04, 1.91277731e-03, 3.82555474e-04,
       3.44299921e-03, 2.29533296e-03, 3.06044379e-03, 7.65110948e-04,
       7.65110948e-04, 4.97322110e-03, 3.06044379e-03, 4.97322110e-03,
       7.65110948e-04, 4.59066592e-03, 0., 3.82555462e-03,
       3.82555474e-04, 1.53022190e-03, 3.82555474e-04, 2.67788838e-03,
       1.14766648e-03, 0., 3.06044379e-03, 0., 1.91277731e-03,
       7.65110948e-04, 3.82555474e-04, 5.35577675e-03, 3.82555474e-04,
       3.44299921e-03, 0., 7.65110948e-04, 3.06044379e-03,
       1.14766648e-03, 7.65110948e-04, 3.82555474e-04, 3.82555474e-04,
       1.14766648e-03, 7.65110948e-04, 3.44299921e-03, 2.67788838e-03,
       3.82555474e-04, 3.82555474e-04, 3.82555474e-04, 0., 0.,
       1.14766648e-03, 3.82555474e-04, 0., 4.59066592e-03, 0.,
       3.06044379e-03, 7.65110948e-04, 2.67788838e-03, 4.20811027e-03,
       2.67788838e-03, 3.82555474e-04, 0., 1.53022190e-03,
       1.53022190e-03, 1.53022190e-03, 3.44299921e-03, 1.91277731e-03,
       1.53022190e-03, 0., 0., 7.65110948e-04, 0., 0., 1.53022190e-03,
       7.65110925e-03, 7.65110948e-04, 7.65110948e-04, 1.14766648e-03,
       4.97322110e-03, 0., 2.29533296e-03, 3.44299921e-03,
       1.14766648e-03, 1.91277731e-03, 2.67788838e-03, 3.82555474e-04,
       7.65110948e-04, 7.65110948e-04, 0., 7.65110948e-04,
       3.82555474e-04, 7.65110948e-04, 7.65110948e-04, 1.14766648e-03,
       0., 3.44299921e-03, 2.67788838e-03, 0., 1.14766648e-03,
       1.53022190e-03, 2.29533296e-03, 3.82555474e-04, 3.06044379e-03,
       1.91277731e-03, 3.82555474e-04, 1.53022190e-03, 1.91277731e-03,
       0., 1.53022190e-03, 1.53022190e-03, 0., 7.65110948e-04, 0.,
       7.65110948e-04, 1.91277731e-03, 0., 0., 1.14766648e-03,
       2.67788838e-03, 7.65110948e-04, 3.82555474e-04, 3.82555474e-04,
       7.65110948e-04, 2.29533296e-03, 3.82555474e-04, 3.44299921e-03,
       0., 3.82555462e-03, 0., 2.67788838e-03, 1.14766648e-03,
       3.82555474e-04, 1.14766648e-03, 1.91277731e-03, 7.65110948e-04,
       3.82555474e-04, 2.29533296e-03, 1.91277731e-03, 1.91277731e-03,
       4.97322110e-03, 1.91277731e-03, 1.14766648e-03, 1.53022190e-03,
       7.65110948e-04, 7.65110948e-04, 1.14766648e-03, 5.35577675e-03,
       0., 3.82555474e-04, 7.65110948e-04, 1.53022190e-03,
       7.65110948e-04, 0., 0., 1.14766648e-03, 4.59066592e-03,
       3.82555474e-04, 3.06044379e-03, 1.14766648e-03, 2.67788838e-03,
       1.14766648e-03, 1.53022190e-03, 2.67788838e-03, 0.,
       3.82555474e-04, 0., 1.14766648e-03, 1.91277731e-03,
       3.82555474e-04, 1.91277731e-03, 0., 0., 1.14766648e-03,
       3.44299921e-03, 3.82555474e-04, 7.65110948e-04, 1.14766648e-03,
       3.44299921e-03, 1.14766648e-03, 7.65110948e-04, 7.65110948e-04,
       0., 1.91277731e-03, 1.53022190e-03, 1.53022190e-03,
       2.29533296e-03, 3.82555474e-04, 7.65110948e-04, 1.53022190e-03,
       2.29533296e-03, 3.82555474e-04, 0., 1.91277731e-03,
       2.67788838e-03, 0., 3.82555474e-04, 1.53022190e-03,
       1.14766648e-03, 7.65110948e-04, 0., 0., 0., 0., 1.14766648e-03,
       7.65110948e-04, 4.59066592e-03, 1.14766648e-03, 0., 0.,
       2.29533296e-03, 0., 7.65110948e-04, 3.82555474e-04,
       3.82555462e-03, 3.06044379e-03, 3.82555462e-03, 1.14766648e-03,
       3.82555474e-04, 2.67788838e-03, 3.06044379e-03, 1.53022190e-03,
       1.91277731e-03, 0., 3.82555474e-04, 3.82555474e-04,
       1.14766648e-03, 3.82555474e-04, 3.82555474e-04, 7.65110948e-04,
       1.53022190e-03, 3.82555474e-04, 0., 3.82555474e-04,
       3.82555474e-04, 2.29533296e-03, 3.06044379e-03, 1.14766648e-03,
       3.82555474e-04, 2.29533296e-03, 1.53022190e-03, 3.82555474e-04,
       3.82555474e-04, 3.82555474e-04, 7.65110948e-04, 1.14766648e-03,
       7.65110948e-04, 0., 1.14766648e-03, 0., 7.65110948e-04,
       7.65110948e-04, 0., 3.82555474e-04, 3.06044379e-03, 0., 0.,
       2.67788838e-03, 0., 2.67788838e-03, 1.91277731e-03,
       7.65110948e-04, 2.67788838e-03, 2.67788838e-03, 1.14766648e-03,
       2.67788838e-03, 1.91277731e-03, 0., 1.53022190e-03,
       4.59066592e-03, 3.82555474e-04, 3.82555474e-04, 7.65110948e-04,
       0., 6.88599842e-03, 3.06044379e-03, 3.82555474e-04,
       2.29533296e-03, 8.03366490e-03, 2.67788838e-03, 0.,
       7.65110948e-04, 3.82555474e-04, 7.65110948e-04, 3.06044379e-03,
       7.65110948e-04, 1.91277731e-03, 1.14766648e-03, 3.82555474e-04,
       1.14766648e-03, 3.82555474e-04, 1.14766648e-03, 0.,
       3.82555474e-04, 7.65110948e-04, 4.59066592e-03, 7.65110948e-04,
       4.97322110e-03, 1.91277731e-03, 3.82555474e-04, 1.53022190e-03,
       0., 4.59066592e-03, 3.82555474e-04, 0., 7.65110948e-04,
       1.53022190e-03, 3.06044379e-03, 1.14766648e-03, 2.67788838e-03,
       0., 7.65110948e-04, 1.53022190e-03, 0., 3.82555474e-04,
       7.65110948e-04, 0., 0., 0., 3.82555474e-04, 1.14766648e-03,
       7.65110948e-04, 0., 3.82555462e-03, 3.06044379e-03, 0.,
       5.35577675e-03, 1.14766648e-03, 1.91277731e-03, 2.29533296e-03,
       2.67788838e-03, 7.65110948e-04, 0., 1.53022190e-03,
       7.65110948e-04, 1.14766648e-03, 2.67788838e-03, 1.14766648e-03,
       1.14766648e-03, 1.91277731e-03, 0., 7.65110948e-04,
       1.14766648e-03, 0., 4.97322110e-03, 3.82555474e-04,
       7.65110948e-04, 3.06044379e-03, 1.91277731e-03, 7.65110948e-04,
       1.14766648e-03, 3.82555474e-04, 3.82555474e-04, 7.65110948e-04,
       7.65110948e-04, 3.82555474e-04, 3.82555474e-04, 2.67788838e-03,
       1.14766648e-03, 3.82555474e-04, 3.06044379e-03, 0.,
       2.29533296e-03, 0., 1.14766648e-03, 7.65110948e-04,
       1.53022190e-03, 1.53022190e-03, 1.53022190e-03, 0., 0.,
       3.82555474e-04, 3.82555474e-04, 1.91277731e-03, 0., 0.,
       3.82555462e-03, 3.82555474e-04, 3.82555474e-04, 0.,
       7.65110948e-04, 0., 7.65110948e-04, 1.91277731e-03, 0., 0., 0.,
       7.65110948e-04, 3.82555474e-04, 3.82555474e-04, 7.65110948e-04,
       0., 0., 3.82555474e-04, 1.91277731e-03, 7.65110948e-04,
       7.65110948e-04, 1.14766648e-03, 3.82555474e-04, 5.35577675e-03,
       7.65110948e-04, 7.65110948e-04, 3.82555474e-04, 3.82555474e-04,
       1.91277731e-03, 0., 4.97322110e-03, 0., 3.82555474e-04,
       6.88599842e-03, 1.91277731e-03, 2.29533296e-03, 3.82555474e-04,
       0., 3.82555474e-04, 0., 1.53022190e-03, 0., 1.14766648e-03, 0.,
       3.82555474e-04, 3.82555474e-04, 3.82555474e-04, 7.65110948e-04,
