%YAML:1.0
m100n: !!opencv-matrix
   rows: 1
   cols: 800
   dt: f
   data: [ 4.06338891e-04, 0., 3.65704997e-03, 2.03169440e-03,
       4.06338891e-04, 0., 8.12677783e-04, 0., 0., 1.21901673e-03,
       4.06338891e-04, 2.43803347e-03, 8.12677783e-04, 1.62535557e-03,
       8.12677783e-04, 0., 1.21901673e-03, 0., 8.12677783e-04,
       2.84437230e-03, 1.21901673e-03, 2.84437230e-03, 1.62535557e-03,
       5.68874460e-03, 1.21901673e-03, 0., 3.25071113e-03, 0.,
       1.62535557e-03, 2.84437230e-03, 2.84437230e-03, 1.62535557e-03,
       3.25071113e-03, 1.21901673e-03, 4.06338891e-04, 0.,
       8.12677783e-04, 4.06338891e-04, 2.03169440e-03, 0.,
       8.12677783e-04, 4.06338891e-04, 4.06338891e-04, 8.12677783e-04,
       2.03169440e-03, 4.46972763e-03, 4.06338891e-04, 2.84437230e-03,
       4.06338891e-04, 8.12677783e-04, 4.06338891e-04, 1.62535557e-03,
       8.12677783e-04, 4.06338891e-04, 4.06338891e-04, 0.,
       4.06338891e-04, 2.03169440e-03, 1.21901673e-03, 8.12677783e-04,
       6.09508343e-03, 0., 0., 4.06338891e-04, 6.90776110e-03, 0.,
       2.43803347e-03, 4.06338891e-04, 1.21901673e-03, 8.12677783e-04,
       1.21901673e-03, 4.06338891e-04, 4.06338891e-04, 4.06338891e-04,
       1.62535557e-03, 1.21901673e-03, 6.90776110e-03, 0.,
       2.03169440e-03, 4.87606693e-03, 8.12677783e-04, 2.03169440e-03,
       1.62535557e-03, 1.21901673e-03, 4.06338891e-04, 1.62535557e-03,
       1.21901673e-03, 1.21901673e-03, 8.12677783e-04, 8.12677783e-04,
       8.12677783e-04, 4.06338891e-04, 4.06338891e-04, 4.06338891e-04,
       1.21901673e-03, 0., 4.06338891e-04, 1.21901673e-03,
       1.21901673e-03, 0., 8.12677783e-04, 8.12677783e-04,
       2.43803347e-03, 1.21901673e-03, 0., 3.65704997e-03,
       4.06338891e-04, 2.03169440e-03, 4.06338891e-04, 8.12677783e-04,
       4.06338880e-03, 2.84437230e-03, 1.21901673e-03, 0.,
       4.46972763e-03, 4.06338891e-04, 1.62535557e-03, 8.12677783e-04,
       1.21901673e-03, 8.12677783e-04, 0., 4.06338891e-04, 0.,
       1.62535557e-03, 0., 2.43803347e-03, 8.12677783e-04, 0.,
       3.25071113e-03, 0., 3.25071113e-03, 8.12677783e-04,
       1.21901673e-03, 4.46972763e-03, 1.21901673e-03, 1.62535557e-03,
       4.06338891e-04, 2.03169440e-03, 1.21901673e-03, 2.43803347e-03,
       1.62535557e-03, 2.43803347e-03, 0., 1.21901673e-03,
       8.12677783e-04, 0., 4.06338891e-04, 4.06338891e-04,
       4.06338891e-04, 0., 1.21901673e-03, 0., 1.62535557e-03,
       4.06338891e-04, 3.65704997e-03, 1.21901673e-03, 2.03169440e-03,
       1.21901673e-03, 0., 4.06338891e-04, 4.06338891e-04,
       4.06338891e-04, 3.25071113e-03, 8.12677783e-04, 8.12677783e-04,
       4.06338891e-04, 0., 1.62535557e-03, 0., 1.62535557e-03,
       4.06338891e-04, 3.25071113e-03, 4.06338891e-04, 4.06338891e-04,
       2.43803347e-03, 5.68874460e-03, 8.12677783e-04, 4.06338891e-04,
       3.25071113e-03, 4.06338891e-04, 1.21901673e-03, 8.12677783e-04,
       0., 4.06338891e-04, 2.03169440e-03, 0., 6.90776110e-03,
       1.21901673e-03, 3.65704997e-03, 8.12677783e-04, 2.03169440e-03,
       8.12677783e-04, 8.12677783e-04, 9.75213386e-03, 8.12677783e-04,
       2.03169440e-03, 4.06338891e-04, 2.03169440e-03, 8.12677783e-04,
       6.50142226e-03, 0., 1.21901673e-03, 1.21901673e-03,
       4.06338891e-04, 4.06338891e-04, 4.06338891e-04, 2.84437230e-03,
       8.12677783e-04, 8.12677783e-04, 0., 8.12677783e-04,
       2.03169440e-03, 0., 3.25071113e-03, 4.06338891e-04,
       2.43803347e-03, 2.03169440e-03, 4.06338891e-04, 2.84437230e-03,
       4.06338891e-04, 1.21901673e-03, 0., 1.21901673e-03,
       4.06338891e-04, 1.21901673e-03, 4.06338891e-04, 2.03169440e-03,
       4.06338891e-04, 8.12677783e-04, 0., 2.03169440e-03,
       1.21901673e-03, 4.06338891e-04, 2.84437230e-03, 2.03169440e-03,
       4.06338891e-04, 6.09508343e-03, 2.03169440e-03, 1.62535557e-03,
       0., 0., 8.12677783e-04, 0., 8.12677783e-04, 4.06338891e-04,
       1.21901673e-03, 0., 4.06338891e-04, 8.12677783e-04,
       1.62535557e-03, 4.06338891e-04, 8.12677783e-04, 5.28240576e-03,
       8.12677783e-04, 4.87606693e-03, 1.62535557e-03, 8.12677783e-04,
       1.62535557e-03, 0., 2.03169440e-03, 4.06338891e-04,
       4.06338891e-04, 4.06338891e-04, 2.03169440e-03, 8.12677783e-04,
       1.62535557e-03, 1.21901673e-03, 0., 0., 8.12677783e-04,
       1.62535557e-03, 0., 1.62535557e-03, 5.28240576e-03,
       2.84437230e-03, 2.03169440e-03, 1.21901673e-03, 4.06338891e-04,
       4.06338891e-04, 2.03169440e-03, 8.12677783e-04, 1.21901673e-03,
       1.21901673e-03, 8.12677783e-04, 8.12677783e-04, 0.,
       8.12677783e-04, 1.21901673e-03, 8.12677783e-04, 6.50142226e-03,
       5.28240576e-03, 4.06338891e-04, 8.12677783e-04, 8.12677783e-04,
       1.21901673e-03, 5.28240576e-03, 4.06338891e-04, 8.12677783e-04,
       8.12677783e-04, 4.06338891e-04, 8.12677783e-04, 0.,
       5.28240576e-03, 2.43803347e-03, 0., 0., 1.21901673e-03, 0.,
       1.21901673e-03, 1.62535557e-03, 1.21901673e-03, 1.21901673e-03,
       2.43803347e-03, 4.06338891e-04, 2.43803347e-03, 1.21901673e-03,
       2.43803347e-03, 1.21901673e-03, 2.03169440e-03, 0.,
       2.84437230e-03, 4.06338891e-04, 4.06338891e-04, 0., 0.,
       4.06338891e-04, 8.12677783e-04, 0., 4.06338891e-04,
       1.62535557e-03, 8.12677783e-04, 1.21901673e-03, 1.62535557e-03,
       4.06338891e-04, 4.06338891e-04, 4.06338891e-04, 8.12677783e-04,
       2.43803347e-03, 4.06338891e-04, 1.21901673e-03, 2.84437230e-03,
       1.62535557e-03, 8.12677783e-04, 1.62535557e-03, 1.21901673e-03,
       4.06338891e-04, 0., 1.62535557e-03, 1.21901673e-03, 0.,
       2.84437230e-03, 1.62535557e-03, 0., 2.43803347e-03, 0.,
       4.06338891e-04, 8.12677783e-04, 0., 0., 3.25071113e-03,
       1.62535557e-03, 1.62535557e-03, 8.12677783e-04, 8.12677783e-04,
       2.03169440e-03, 4.46972763e-03, 1.21901673e-03, 8.12677783e-04,
       1.21901673e-03, 8.12677783e-04, 2.84437230e-03, 1.62535557e-03,
       0., 8.12677783e-04, 1.13774892e-02, 8.12677783e-04, 0.,
       3.25071113e-03, 1.62535557e-03, 0., 6.90776110e-03,
       4.06338891e-04, 1.21901673e-03, 8.12677783e-04, 4.06338891e-04,
       8.12677783e-04, 4.06338891e-04, 2.43803347e-03, 2.03169440e-03,
       8.12677783e-04, 0., 1.21901673e-03, 4.06338891e-04,
       1.62535557e-03, 2.03169440e-03, 0., 1.62535557e-03,
       8.12677783e-04, 1.21901673e-03, 1.21901673e-03, 4.06338891e-04,
       4.06338891e-04, 2.43803347e-03, 0., 1.62535557e-03,
       1.62535557e-03, 1.21901673e-03, 1.21901673e-03, 1.21901673e-03,
       0., 1.21901673e-03, 0., 4.06338891e-04, 1.21901673e-03, 0.,
       8.12677783e-04, 4.06338891e-04, 2.43803347e-03, 0.,
       5.28240576e-03, 1.62535557e-03, 0., 2.84437230e-03, 0.,
       1.62535557e-03, 2.43803347e-03, 2.03169440e-03, 8.12677783e-04,
       4.06338891e-04, 4.06338880e-03, 1.21901673e-03, 0.,
       5.68874460e-03, 8.12677783e-04, 4.06338891e-04, 1.21901673e-03,
       0., 4.06338891e-04, 1.21901673e-03, 0., 8.12677783e-04,
       4.06338891e-04, 8.12677783e-04, 1.21901673e-03, 1.21901673e-03,
       8.12677783e-04, 2.43803347e-03, 8.12677783e-04, 8.12677783e-04,
       2.03169440e-03, 4.06338891e-04, 8.12677783e-04, 4.06338891e-04,
       1.62535557e-03, 4.06338891e-04, 1.21901673e-03, 4.06338891e-04,
       0., 1.62535557e-03, 4.06338891e-04, 8.12677783e-04, 0., 0.,
       1.21901673e-03, 8.12677783e-04, 4.06338891e-04, 0.,
       4.06338891e-04, 4.06338891e-04, 2.03169440e-03, 0.,
       4.06338891e-04, 4.06338880e-03, 0., 4.06338891e-04,
       1.62535557e-03, 0., 1.62535557e-03, 2.03169440e-03,
       2.84437230e-03, 8.12677783e-04, 4.06338891e-04, 4.06338891e-04,
       4.06338891e-04, 0., 0., 8.12677783e-04, 8.12677783e-04,
       2.03169440e-03, 0., 2.43803347e-03, 2.84437230e-03,
       8.12677783e-04, 0., 8.12677783e-04, 4.06338880e-03,
       4.06338891e-04, 8.12677783e-04, 4.06338891e-04, 0.,
       2.03169440e-03, 0., 8.12677783e-04, 4.06338891e-04,
       8.12677783e-04, 6.50142226e-03, 5.28240576e-03, 1.62535557e-03,
