%YAML:1.0
m100n: !!opencv-matrix
   rows: 1
   cols: 800
   dt: f
   data: [ 8.27472075e-04, 5.37856854e-03, 2.06868025e-03,
       2.48241611e-03, 2.89615220e-03, 0., 0., 1.24120805e-03, 0.,
       6.20604074e-03, 4.13736037e-04, 8.27472075e-04, 2.06868025e-03,
       2.48241611e-03, 8.27472075e-04, 3.72362440e-03, 3.72362440e-03,
       0., 8.27472075e-04, 1.65494415e-03, 4.13736037e-04,
       8.27472075e-04, 2.89615220e-03, 4.13736037e-04, 0., 0.,
       1.65494415e-03, 4.13736037e-04, 1.24120805e-03, 4.13736037e-04,
       2.06868025e-03, 4.13736037e-04, 2.48241611e-03, 8.27472075e-04,
       0., 4.13736037e-04, 2.89615220e-03, 0., 4.13736037e-04, 0., 0.,
       4.13736037e-04, 1.24120805e-03, 0., 1.24120805e-03,
       4.55109635e-03, 1.65494415e-03, 2.89615220e-03, 8.27472075e-04,
       0., 0., 8.27472075e-04, 1.65494415e-03, 0., 4.13736037e-04,
       8.27472075e-04, 4.13736037e-04, 2.48241611e-03, 1.65494415e-03,
       1.24120805e-03, 4.13736049e-03, 0., 0., 1.24120805e-03,
       3.30988830e-03, 0., 4.13736037e-04, 1.24120805e-03,
       2.06868025e-03, 0., 4.55109635e-03, 8.27472075e-04,
       2.06868025e-03, 4.13736037e-04, 8.27472075e-04, 2.06868025e-03,
       1.24120805e-03, 0., 8.27472075e-04, 4.55109635e-03,
       4.55109635e-03, 1.65494415e-03, 1.24120805e-03, 8.27472075e-04,
       8.27472075e-04, 6.61977660e-03, 1.24120805e-03, 2.48241611e-03,
       1.24120805e-03, 4.13736037e-04, 0., 0., 0., 0., 1.24120805e-03,
       4.13736037e-04, 4.13736037e-04, 3.72362440e-03, 0.,
       1.24120805e-03, 8.27472075e-04, 0., 2.89615220e-03,
       4.13736037e-04, 8.27472075e-04, 2.06868025e-03, 1.65494415e-03,
       1.65494415e-03, 4.13736037e-04, 4.13736037e-04, 6.61977660e-03,
       2.06868025e-03, 2.48241611e-03, 0., 5.37856854e-03, 0.,
       9.51592904e-03, 8.27472075e-04, 4.96483222e-03, 0.,
       8.27472075e-04, 1.24120805e-03, 1.65494415e-03, 3.30988830e-03,
       0., 4.13736049e-03, 4.13736037e-04, 0., 2.06868025e-03,
       4.13736037e-04, 2.06868025e-03, 1.65494415e-03, 1.24120805e-03,
       7.86098465e-03, 4.13736037e-04, 4.13736037e-04, 4.13736037e-04,
       8.27472075e-04, 0., 2.06868025e-03, 2.89615220e-03,
       8.27472075e-04, 0., 2.48241611e-03, 1.24120805e-03,
       4.13736037e-04, 8.27472075e-04, 1.65494415e-03, 0.,
       1.24120805e-03, 0., 0., 0., 4.13736037e-04, 1.24120805e-03,
       3.72362440e-03, 4.13736037e-04, 0., 0., 1.24120805e-03,
       8.27472075e-04, 4.55109635e-03, 1.65494415e-03, 4.13736037e-04,
       2.48241611e-03, 2.06868025e-03, 8.27472075e-04, 1.24120805e-03,
       8.27472075e-04, 8.27472075e-04, 8.27472075e-04, 2.48241611e-03,
       4.13736037e-04, 0., 4.13736037e-04, 8.27472075e-04, 0.,
       2.89615220e-03, 4.55109635e-03, 0., 2.89615220e-03,
       4.13736049e-03, 1.24120805e-03, 1.24120805e-03, 4.13736037e-04,
       0., 1.24120805e-03, 0., 1.65494415e-03, 0., 3.30988830e-03,
       4.13736037e-04, 1.65494415e-03, 4.13736049e-03, 2.06868025e-03,
       4.55109635e-03, 8.27472075e-04, 4.13736037e-04, 8.27472075e-04,
       2.48241611e-03, 4.13736037e-04, 4.13736037e-04, 4.13736037e-04,
       2.06868025e-03, 7.03351246e-03, 0., 9.51592904e-03,
       2.48241611e-03, 4.13736037e-04, 0., 2.06868025e-03,
       2.06868025e-03, 0., 4.13736037e-04, 8.27472075e-04,
       1.65494415e-03, 8.27472075e-04, 1.24120805e-03, 2.48241611e-03,
       4.13736037e-04, 0., 8.27472075e-04, 4.13736037e-04,
       4.13736037e-04, 2.48241611e-03, 4.13736037e-04, 4.13736037e-04,
       1.24120805e-03, 0., 8.27472075e-04, 1.65494415e-03,
       8.27472075e-04, 4.13736037e-04, 1.24120805e-03, 1.24120805e-03,
       1.65494415e-03, 1.65494415e-03, 2.06868025e-03, 8.27472075e-04,
       0., 1.24120805e-03, 4.13736037e-04, 2.06868025e-03,
       4.13736037e-04, 0., 3.30988830e-03, 0., 1.24120805e-03,
       8.27472075e-04, 2.48241611e-03, 1.24120805e-03, 4.13736037e-04,
       4.13736037e-04, 0., 4.13736049e-03, 1.65494415e-03,
       4.13736037e-04, 8.27472075e-04, 4.13736037e-04, 1.65494415e-03,
       1.24120805e-03, 0., 0., 4.13736049e-03, 2.06868025e-03,
       8.27472075e-04, 1.24120805e-03, 2.89615220e-03, 0., 0.,
       1.65494415e-03, 0., 2.06868025e-03, 7.03351246e-03,
       2.06868025e-03, 4.13736037e-04, 1.24120805e-03, 0.,
       1.24120805e-03, 8.27472075e-04, 1.65494415e-03, 1.24120805e-03,
       8.27472075e-04, 0., 1.65494415e-03, 8.27472075e-04,
       4.55109635e-03, 8.27472075e-04, 4.13736037e-04, 5.37856854e-03,
       1.24120805e-03, 8.27472075e-04, 4.13736037e-04, 4.13736037e-04,
       8.27472075e-04, 2.06868025e-03, 8.27472075e-04, 0.,
       8.27472075e-04, 8.27472075e-04, 0., 0., 8.27472075e-04,
       1.65494415e-03, 8.27472075e-04, 4.13736037e-04, 0.,
       4.13736037e-04, 4.55109635e-03, 1.24120805e-03, 8.27472075e-04,
       4.13736037e-04, 2.06868025e-03, 8.27472075e-04, 0.,
       8.27472075e-04, 1.65494415e-03, 8.27472075e-04, 4.13736037e-04,
       0., 0., 4.13736037e-04, 8.27472075e-04, 4.13736037e-04,
       8.27472075e-04, 0., 4.13736049e-03, 0., 0., 2.48241611e-03,
       8.27472075e-04, 4.13736037e-04, 1.24120805e-03, 2.48241611e-03,
       4.13736037e-04, 0., 4.55109635e-03, 0., 4.13736037e-04, 0.,
       1.24120805e-03, 2.06868025e-03, 0., 1.24120805e-03,
       4.13736037e-04, 1.65494415e-03, 4.13736037e-04, 3.30988830e-03,
       4.13736037e-04, 0., 2.48241611e-03, 1.24120805e-03,
       8.27472075e-04, 1.24120805e-03, 4.13736037e-04, 2.48241611e-03,
       1.65494415e-03, 4.13736037e-04, 4.13736037e-04, 4.13736037e-04,
       2.48241611e-03, 1.24120805e-03, 0., 0., 4.13736037e-04,
       2.48241611e-03, 4.13736037e-04, 0., 0., 1.65494415e-03,
       1.65494415e-03, 0., 4.13736037e-04, 1.65494415e-03,
       1.65494415e-03, 4.13736037e-04, 4.13736037e-04, 0.,
       4.13736037e-04, 4.13736037e-04, 5.37856854e-03, 0.,
       3.72362440e-03, 4.13736037e-04, 4.55109635e-03, 0.,
       4.13736037e-04, 4.13736037e-04, 4.13736037e-04, 8.27472075e-04,
       2.06868025e-03, 2.48241611e-03, 1.24120805e-03, 4.96483222e-03,
       4.13736037e-04, 1.24120805e-03, 3.30988830e-03, 1.65494415e-03,
       2.06868025e-03, 1.24120805e-03, 8.27472075e-04, 4.13736037e-04,
       2.48241611e-03, 2.89615220e-03, 8.27472075e-04, 1.24120805e-03,
       2.48241611e-03, 4.13736037e-04, 4.13736037e-04, 1.24120805e-03,
       0., 1.24120805e-03, 8.27472075e-04, 1.24120805e-03,
       8.27472075e-04, 0., 0., 2.48241611e-03, 0., 1.24120805e-03,
       4.13736037e-04, 0., 2.48241611e-03, 0., 0., 4.13736037e-04,
       1.65494415e-03, 4.13736037e-04, 0., 8.27472075e-04,
       8.27472075e-04, 2.06868025e-03, 6.61977660e-03, 4.13736037e-04,
       2.06868025e-03, 2.06868025e-03, 8.27472075e-04, 0.,
       4.13736037e-04, 0., 2.06868025e-03, 4.13736037e-04,
       4.13736037e-04, 4.13736037e-04, 4.13736037e-04, 1.65494415e-03,
       1.65494415e-03, 8.27472075e-04, 8.27472075e-04, 0.,
       1.65494415e-03, 1.24120805e-03, 0., 3.72362440e-03,
       8.27472075e-04, 4.13736037e-04, 7.03351246e-03, 0., 0., 0.,
       4.96483222e-03, 4.13736037e-04, 0., 1.65494415e-03,
       4.13736037e-04, 0., 4.13736037e-04, 2.89615220e-03,
       4.13736037e-04, 1.65494415e-03, 2.06868025e-03, 2.06868025e-03,
       7.44724879e-03, 4.13736037e-04, 8.27472075e-04, 8.27472075e-04,
       4.13736037e-04, 4.13736037e-04, 4.13736037e-04, 2.06868025e-03,
       0., 1.24120805e-03, 4.13736037e-04, 1.65494415e-03,
       4.13736037e-04, 4.13736037e-04, 8.27472075e-04, 1.24120805e-03,
       2.48241611e-03, 8.27472075e-04, 4.13736049e-03, 4.13736037e-04,
       4.13736037e-04, 2.48241611e-03, 8.27472075e-04, 2.06868025e-03,
       0., 0., 0., 4.13736037e-04, 0., 8.27472075e-04, 2.48241611e-03,
       4.13736037e-04, 8.27472075e-04, 2.06868025e-03, 2.89615220e-03,
       0., 4.13736037e-04, 5.79230441e-03, 8.27472075e-04, 0.,
       1.24120805e-03, 1.24120805e-03, 0., 0., 0., 0., 0.,
       4.13736037e-04, 4.13736037e-04, 8.27472075e-04, 1.65494415e-03,
       8.27472075e-04, 0., 0., 4.13736037e-04, 8.27472075e-04,
