%YAML:1.0
m100n: !!opencv-matrix
   rows: 1
   cols: 800
   dt: f
   data: [ 6.83526974e-04, 1.02529046e-03, 3.07587138e-03,
       6.83526974e-04, 3.41763487e-04, 0., 0., 0., 0., 6.83526974e-04,
       3.41763487e-04, 1.36705395e-03, 6.49350602e-03, 2.73410790e-03,
       3.41763487e-04, 2.05058092e-03, 1.70881744e-03, 3.41763487e-04,
       6.83526974e-04, 6.83526974e-04, 6.83526974e-04, 1.02529046e-03,
       0., 5.80997951e-03, 6.83526974e-04, 0., 1.36705395e-03,
       2.05058092e-03, 1.70881744e-03, 3.07587138e-03, 3.41763487e-04,
       2.73410790e-03, 3.41763487e-04, 0., 0., 0., 0., 3.41763487e-04,
       2.05058092e-03, 3.41763487e-04, 3.41763487e-04, 6.83526974e-04,
       3.41763487e-04, 3.41763487e-04, 1.02529046e-03, 2.05058092e-03,
       2.39234441e-03, 2.05058092e-03, 7.17703346e-03, 3.41763487e-04,
       0., 6.83526974e-04, 0., 3.41763487e-04, 1.70881744e-03, 0.,
       3.41763487e-04, 3.41763487e-04, 1.36705395e-03, 3.41763487e-04,
       1.02529041e-02, 0., 6.83526974e-04, 0., 2.05058092e-03, 0.,
       3.41763487e-04, 1.02529046e-03, 1.02529046e-03, 1.02529046e-03,
       4.78468882e-03, 0., 3.41763487e-04, 1.36705395e-03,
       1.70881744e-03, 2.73410790e-03, 4.10116185e-03, 0.,
       1.02529046e-03, 1.70881744e-03, 1.02529046e-03, 1.02529046e-03,
       0., 1.36705395e-03, 0., 1.02529046e-03, 6.83526974e-04,
       6.83526974e-04, 6.83526974e-04, 6.83526974e-04, 1.70881744e-03,
       3.41763487e-04, 6.83526974e-04, 0., 0., 1.02529046e-03, 0.,
       2.73410790e-03, 3.41763487e-04, 3.41763487e-04, 0.,
       6.83526974e-04, 2.05058092e-03, 0., 6.83526974e-04,
       3.41763487e-03, 2.39234441e-03, 3.07587138e-03, 1.36705395e-03,
       1.02529046e-03, 1.70881744e-03, 1.70881744e-03, 6.83526974e-03,
       3.41763487e-04, 6.49350602e-03, 0., 4.44292556e-03,
       3.41763487e-04, 3.41763487e-04, 0., 3.41763487e-04,
       1.02529046e-03, 1.02529046e-03, 5.12645207e-03, 0.,
       1.70881744e-03, 1.70881744e-03, 6.83526974e-04, 1.70881744e-03,
       6.83526974e-04, 1.29870120e-02, 0., 3.41763487e-03,
       1.70881744e-03, 6.83526974e-04, 2.39234441e-03, 6.83526974e-04,
       3.41763487e-04, 1.02529046e-03, 1.02529046e-03, 1.02529046e-03,
       1.36705395e-03, 3.41763487e-04, 6.83526974e-04, 6.83526974e-04,
       3.41763487e-04, 3.41763487e-04, 1.02529046e-03, 0., 0.,
       5.46821579e-03, 3.41763487e-04, 1.70881744e-03, 0.,
       1.70881744e-03, 2.73410790e-03, 1.84552278e-02, 0.,
       3.41763487e-04, 1.02529046e-03, 3.41763487e-04, 3.41763487e-03,
       3.41763487e-04, 3.41763487e-04, 6.15174277e-03, 1.02529046e-03,
       6.83526974e-04, 6.83526974e-04, 3.41763487e-04, 1.02529046e-03,
       0., 3.75939836e-03, 3.41763487e-04, 0., 1.02529046e-03,
       8.88585113e-03, 3.41763487e-04, 1.36705395e-03, 1.70881744e-03,
       0., 4.78468882e-03, 6.83526974e-04, 1.36705395e-03, 0.,
       1.36705395e-03, 0., 1.36705395e-03, 1.02529046e-03,
       6.83526974e-04, 0., 3.75939836e-03, 3.41763487e-04,
       6.83526974e-04, 1.36705395e-03, 6.83526974e-04, 1.02529046e-03,
       1.02529046e-03, 3.41763487e-04, 0., 2.39234441e-03,
       3.41763487e-04, 1.02529046e-03, 6.83526974e-04, 1.02529046e-03,
       6.83526974e-04, 1.70881744e-03, 2.73410790e-03, 2.39234441e-03,
       0., 0., 1.70881744e-03, 3.41763487e-04, 2.05058092e-03, 0., 0.,
       3.41763487e-04, 6.83526974e-04, 3.41763487e-04, 6.83526974e-04,
       3.41763487e-04, 6.83526974e-04, 3.41763487e-04, 3.07587138e-03,
       0., 3.07587138e-03, 0., 6.83526974e-04, 6.83526974e-04, 0.,
       1.02529046e-03, 6.83526974e-04, 3.41763487e-04, 6.83526974e-04,
       1.02529046e-03, 3.41763487e-04, 4.10116185e-03, 4.10116185e-03,
       5.12645207e-03, 3.41763487e-04, 0., 0., 3.41763487e-04, 0.,
       3.41763487e-03, 0., 1.36705395e-03, 1.70881744e-03,
       1.02529046e-03, 6.83526974e-04, 2.05058092e-03, 3.41763487e-04,
       6.83526974e-04, 1.70881744e-03, 0., 1.36705395e-03,
       1.36705395e-03, 3.41763487e-04, 6.83526974e-04, 0.,
       6.83526974e-04, 1.02529046e-03, 3.41763487e-04, 0., 0.,
       1.70881744e-03, 6.83526974e-04, 1.70881744e-03, 1.02529046e-03,
       0., 1.36705395e-03, 2.39234441e-03, 1.02529046e-03,
       1.02529046e-03, 6.83526974e-04, 5.12645207e-03, 2.73410790e-03,
       1.36705395e-03, 3.41763487e-04, 1.02529046e-03, 6.83526974e-04,
       0., 1.02529046e-03, 0., 0., 6.83526974e-04, 1.02529046e-03,
       2.73410790e-03, 0., 0., 3.41763487e-03, 2.73410790e-03,
       1.36705395e-03, 3.41763487e-04, 6.83526974e-04, 1.36705395e-03,
       2.73410790e-03, 0., 0., 0., 3.41763487e-04, 0., 2.05058092e-03,
       1.02529046e-03, 2.73410790e-03, 0., 3.41763487e-04,
       3.41763487e-04, 3.41763487e-04, 4.10116185e-03, 3.41763487e-04,
       2.05058092e-03, 1.02529046e-03, 2.05058092e-03, 6.83526974e-04,
       1.36705395e-03, 2.73410790e-03, 1.02529046e-03, 0.,
       6.83526974e-04, 0., 0., 3.41763487e-04, 3.41763487e-04,
       1.02529046e-03, 3.41763487e-04, 3.41763487e-04, 3.07587138e-03,
       0., 3.41763487e-04, 5.46821579e-03, 6.83526974e-04,
       3.41763496e-02, 1.70881744e-03, 1.02529046e-03, 6.83526974e-04,
       3.41763487e-04, 1.36705395e-03, 3.41763487e-04, 6.83526974e-04,
       3.41763487e-04, 0., 0., 6.83526974e-04, 1.36705395e-03,
       6.83526974e-04, 0., 0., 6.83526974e-04, 3.41763487e-04,
       3.41763487e-04, 7.17703346e-03, 0., 3.41763487e-04,
       1.70881744e-03, 0., 1.60628837e-02, 3.07587138e-03,
       3.41763487e-04, 0., 2.05058092e-03, 6.83526974e-04,
       1.02529046e-03, 3.41763487e-04, 3.41763487e-04, 1.02529046e-03,
       2.39234441e-03, 6.83526974e-04, 0., 3.41763487e-04,
       3.41763487e-04, 3.07587138e-03, 1.02529046e-03, 3.41763487e-04,
       6.83526974e-04, 6.49350602e-03, 1.70881744e-03, 3.41763487e-04,
       0., 6.83526974e-04, 0., 3.07587138e-03, 1.02529046e-03,
       2.39234441e-03, 6.83526974e-04, 3.41763487e-04, 0.,
       1.70881744e-03, 1.36705395e-03, 1.02529046e-03, 3.41763487e-04,
       3.41763487e-04, 2.73410790e-03, 3.41763487e-04, 2.05058092e-03,
       0., 0., 1.02529046e-03, 1.36705395e-03, 1.36705395e-03,
       1.36705395e-03, 1.02529046e-03, 6.83526974e-04, 6.83526974e-04,
       1.36705395e-03, 3.41763487e-04, 3.41763487e-04, 1.36705395e-03,
       1.02529046e-03, 3.41763487e-04, 3.41763487e-04, 3.41763487e-04,
       3.75939836e-03, 6.83526974e-04, 0., 6.83526974e-04,
       1.02529046e-03, 6.83526974e-04, 1.02529046e-03, 0.,
       5.46821579e-03, 0., 6.83526974e-04, 2.05058092e-03,
       3.41763487e-04, 0., 1.02529046e-03, 3.07587138e-03,
       3.41763487e-04, 3.41763487e-04, 6.83526974e-04, 1.36705395e-03,
       3.41763487e-04, 1.36705395e-03, 3.41763487e-04, 6.83526974e-04,
       2.39234441e-03, 0., 0., 0., 0., 6.83526974e-04, 1.36705395e-03,
       3.41763487e-04, 4.44292556e-03, 3.41763487e-04, 0.,
       3.41763487e-03, 6.83526974e-04, 3.41763487e-04, 3.41763487e-04,
       1.02529046e-03, 3.41763487e-04, 6.83526974e-04, 3.07587138e-03,
       6.83526974e-04, 2.73410790e-03, 2.05058092e-03, 6.83526974e-04,
       3.41763487e-04, 3.41763487e-04, 3.41763487e-04, 1.02529046e-03,
       1.36705395e-03, 1.02529046e-03, 1.02529046e-03, 0., 0.,
       6.83526974e-04, 3.41763487e-04, 6.83526974e-04, 6.83526974e-04,
       2.05058092e-03, 5.80997951e-03, 6.83526974e-04, 3.41763487e-04,
       6.83526974e-04, 0., 0., 0., 4.10116185e-03, 3.41763487e-04,
       1.02529046e-03, 3.41763487e-04, 1.36705395e-03, 3.41763487e-04,
       0., 0., 1.36705395e-03, 1.36705395e-03, 0., 0., 3.41763487e-04,
       0., 1.02529046e-03, 2.05058092e-03, 8.88585113e-03,
       6.83526974e-04, 0., 0., 0., 6.83526974e-04, 3.41763487e-04, 0.,
       6.83526974e-04, 3.41763487e-04, 3.41763487e-03, 1.36705395e-03,
       0., 6.83526974e-04, 6.83526974e-04, 3.41763487e-04, 0.,
       3.41763487e-04, 0., 0., 0., 0., 3.41763487e-04, 0.,
       3.41763487e-04, 1.70881744e-03, 3.41763487e-04, 6.83526974e-04,
       0., 3.41763487e-04, 0., 3.41763487e-04, 0., 1.02529046e-03,
