%YAML:1.0
m100n: !!opencv-matrix
   rows: 1
   cols: 800
   dt: f
   data: [ 1.29103649e-03, 5.53301361e-04, 1.84433779e-03,
       2.21320544e-03, 2.76650675e-03, 1.65990402e-03, 9.22168896e-04,
       0., 1.10660272e-03, 3.13537428e-03, 5.53301361e-04,
       2.95094051e-03, 7.37735128e-04, 1.47547026e-03, 1.65990402e-03,
       1.10660272e-03, 1.84433779e-03, 9.22168896e-04, 5.53301361e-04,
       0., 1.84433782e-04, 1.10660272e-03, 2.21320544e-03,
       5.53301361e-04, 5.53301361e-04, 0., 5.53301361e-04,
       1.10660272e-03, 7.37735128e-04, 7.37735128e-04, 9.22168896e-04,
       0., 1.10660272e-03, 1.47547026e-03, 1.65990402e-03,
       4.05754335e-03, 1.84433782e-04, 2.58207298e-03, 7.37735128e-04,
       5.53301361e-04, 5.53301361e-04, 1.10660272e-03, 5.53301361e-04,
       5.53301361e-04, 1.29103649e-03, 9.22168896e-04, 7.37735128e-04,
       7.37735128e-04, 0., 7.37735128e-04, 5.53301361e-04,
       3.13537428e-03, 7.37735128e-04, 1.29103649e-03, 9.22168896e-04,
       7.37735128e-04, 3.68867564e-04, 5.90188103e-03, 0.,
       2.02877168e-03, 7.37735128e-04, 5.53301361e-04, 5.53301361e-04,
       7.37735128e-04, 5.53301361e-04, 5.53301361e-04, 1.29103649e-03,
       3.87310935e-03, 2.21320544e-03, 2.95094051e-03, 1.47547026e-03,
       1.65990402e-03, 7.37735128e-04, 7.37735128e-04, 0.,
       1.84433782e-04, 5.53301361e-04, 1.10660270e-02, 1.84433782e-04,
       1.84433782e-04, 1.10660270e-02, 9.22168896e-04, 1.84433782e-04,
       3.31980805e-03, 1.65990402e-03, 3.68867564e-04, 5.53301361e-04,
       9.22168896e-04, 5.53301361e-04, 1.10660272e-03, 1.47547026e-03,
       7.37735128e-04, 5.53301361e-04, 3.68867564e-04, 1.65990402e-03,
       1.84433782e-04, 3.13537428e-03, 1.84433779e-03, 1.84433779e-03,
       5.53301361e-04, 3.68867564e-04, 9.22168896e-04, 1.10660272e-03,
       4.42641089e-03, 3.68867558e-03, 0., 1.29103649e-03,
       1.84433782e-04, 3.13537428e-03, 1.84433779e-03, 9.22168896e-04,
       7.37735128e-04, 1.84433782e-04, 3.68867564e-04, 9.22168896e-04,
       1.84433782e-04, 5.53301361e-04, 7.37735128e-04, 5.53301361e-04,
       1.84433782e-04, 7.37735128e-04, 1.29103649e-03, 3.68867564e-04,
       1.10660272e-03, 2.58207298e-03, 1.10660272e-03, 5.53301361e-04,
       2.58207298e-03, 2.76650675e-03, 9.22168896e-04, 9.22168896e-04,
       7.37735128e-04, 1.29103649e-03, 5.53301361e-04, 9.22168896e-04,
       1.65990402e-03, 1.29103649e-03, 1.65990402e-03, 3.13537428e-03,
       2.21320544e-03, 1.84433779e-03, 1.29103649e-03, 1.84433782e-04,
       1.65990402e-03, 7.37735128e-04, 3.68867564e-04, 1.47547026e-03,
       3.68867564e-04, 7.37735128e-04, 1.84433782e-04, 9.22168896e-04,
       3.68867564e-04, 1.10660272e-03, 7.37735128e-04, 2.58207298e-03,
       5.53301361e-04, 5.53301361e-04, 5.53301361e-04, 5.53301361e-04,
       6.08631503e-03, 3.68867564e-04, 4.05754335e-03, 1.47547026e-03,
       9.22168896e-04, 9.22168896e-04, 1.10660272e-03, 1.47547026e-03,
       7.37735128e-04, 1.29103649e-03, 7.37735128e-04, 7.37735128e-04,
       1.29103649e-03, 1.84433782e-04, 1.10660272e-03, 1.47547026e-03,
       1.29103649e-03, 1.10660272e-03, 3.68867564e-04, 0.,
       5.53301361e-04, 1.47547026e-03, 5.53301361e-04, 1.47547026e-03,
       1.84433779e-03, 3.68867564e-04, 1.10660272e-03, 1.47547026e-03,
       0., 1.65990402e-03, 2.21320544e-03, 1.29103649e-03,
       1.10660272e-03, 1.29103649e-03, 3.68867564e-04, 2.02877168e-03,
       3.68867564e-04, 1.47547026e-03, 1.84433782e-04, 9.22168896e-04,
       7.37735128e-04, 6.82405010e-03, 5.53301361e-04, 3.68867564e-04,
       1.10660272e-03, 3.50424182e-03, 3.68867564e-04, 2.02877168e-03,
       5.53301361e-04, 7.37735128e-04, 1.10660272e-03, 0.,
       1.10660272e-03, 9.22168896e-04, 1.10660272e-03, 9.22168896e-04,
       3.68867564e-04, 5.53301361e-04, 1.29103649e-03, 9.22168896e-04,
       1.29103649e-03, 1.84433779e-03, 1.10660272e-03, 5.53301361e-04,
       2.76650675e-03, 1.47547026e-03, 1.47547026e-03, 1.84433779e-03,
       9.22168896e-04, 3.68867564e-04, 1.84433779e-03, 1.47547026e-03,
       1.47547026e-03, 2.21320544e-03, 3.13537428e-03, 5.53301361e-04,
       3.68867564e-04, 1.10660272e-03, 2.21320544e-03, 1.47547026e-03,
       1.47547026e-03, 1.84433779e-03, 7.37735128e-04, 7.37735128e-04,
       2.95094051e-03, 5.53301361e-04, 1.47547026e-03, 0.,
       1.84433782e-04, 7.37735128e-04, 1.10660272e-03, 1.10660272e-03,
       1.47547026e-03, 3.68867564e-04, 5.53301361e-04, 1.84433779e-03,
       1.10660272e-03, 9.22168896e-04, 2.58207298e-03, 9.22168896e-04,
       1.84433779e-03, 1.47547026e-03, 1.47547026e-03, 1.65990402e-03,
       3.68867564e-04, 3.68867564e-04, 9.22168896e-04, 9.22168896e-04,
       1.47547026e-03, 1.47547026e-03, 9.22168896e-04, 1.65990402e-03,
       3.68867564e-04, 9.22168896e-04, 7.37735128e-04, 7.37735128e-04,
       1.84433779e-03, 1.10660272e-03, 2.21320544e-03, 2.02877168e-03,
       7.37735128e-04, 1.84433779e-03, 2.39763921e-03, 5.53301361e-04,
       1.29103649e-03, 1.47547026e-03, 5.53301361e-04, 1.10660272e-03,
       5.53301361e-04, 1.84433779e-03, 7.37735128e-04, 2.02877168e-03,
       7.37735128e-04, 1.10660272e-03, 1.65990402e-03, 2.21320544e-03,
       1.29103649e-03, 7.37735128e-04, 5.53301361e-04, 2.21320544e-03,
       9.22168896e-04, 1.29103649e-03, 1.65990402e-03, 9.22168896e-04,
       1.10660272e-03, 7.37735128e-04, 1.29103649e-03, 9.22168896e-04,
       7.37735128e-04, 3.68867564e-04, 1.29103649e-03, 1.65990402e-03,
       7.37735128e-04, 1.84433782e-04, 7.37735128e-04, 3.68867564e-04,
       1.29103649e-03, 1.84433782e-04, 7.37735128e-04, 2.02877168e-03,
       5.53301361e-04, 3.68867564e-04, 2.76650675e-03, 1.10660272e-03,
       2.39763921e-03, 3.13537428e-03, 3.87310935e-03, 1.10660272e-03,
       9.22168896e-04, 5.53301361e-04, 1.10660272e-03, 3.68867564e-04,
       2.21320544e-03, 2.58207298e-03, 9.22168896e-04, 1.84433779e-03,
       1.06971590e-02, 9.22168896e-04, 3.68867564e-04, 1.47547026e-03,
       1.29103649e-03, 3.68867564e-04, 1.29103649e-03, 1.47547026e-03,
       1.65990402e-03, 9.22168896e-04, 9.22168896e-04, 9.22168896e-04,
       3.68867564e-04, 2.02877168e-03, 1.29103649e-03, 1.10660272e-03,
       3.68867564e-04, 2.58207298e-03, 1.84433779e-03, 9.22168896e-04,
       3.68867564e-04, 3.68867564e-04, 7.37735128e-04, 9.22168896e-04,
       3.68867558e-03, 3.13537428e-03, 1.84433782e-04, 5.53301361e-04,
       0., 1.29103649e-03, 1.29103649e-03, 9.22168896e-04,
       3.68867564e-04, 1.29103649e-03, 1.84433782e-04, 9.22168896e-04,
       7.37735128e-04, 7.37735128e-04, 2.21320544e-03, 3.68867564e-04,
       3.68867564e-04, 1.29103649e-03, 7.37735128e-04, 3.13537428e-03,
       2.02877168e-03, 1.10660272e-03, 7.37735128e-04, 1.84433782e-04,
       3.68867564e-04, 1.29103649e-03, 1.29103649e-03, 7.37735128e-04,
       1.29103649e-03, 1.47547026e-03, 3.68867564e-04, 1.10660272e-03,
       1.10660272e-03, 5.53301361e-04, 9.22168896e-04, 9.22168896e-04,
       3.68867564e-04, 7.37735128e-04, 1.84433782e-04, 3.50424182e-03,
       5.53301361e-04, 3.68867564e-04, 9.22168896e-04, 1.65990402e-03,
       3.68867564e-04, 1.47547026e-03, 1.10660272e-03, 1.10660272e-03,
       1.29103649e-03, 4.42641089e-03, 5.53301361e-04, 0.,
       2.02877168e-03, 1.10660272e-03, 2.76650675e-03, 1.47547026e-03,
       7.37735128e-04, 9.22168896e-04, 5.53301361e-04, 7.37735128e-04,
       1.10660272e-03, 5.53301361e-04, 1.10660272e-03, 3.68867558e-03,
       1.10660272e-03, 2.02877168e-03, 1.47547026e-03, 1.84433782e-04,
       1.29103649e-03, 1.65990402e-03, 3.68867564e-04, 1.47547026e-03,
       2.58207298e-03, 1.84433779e-03, 9.22168896e-04, 1.29103649e-03,
       3.13537428e-03, 1.84433782e-04, 7.37735128e-04, 1.84433782e-04,
       7.37735128e-04, 7.37735128e-04, 9.22168896e-04, 1.10660272e-03,
       9.22168896e-04, 1.10660272e-03, 1.10660272e-03, 2.76650675e-03,
       5.53301361e-04, 1.10660272e-03, 1.65990402e-03, 2.39763921e-03,
       5.53301361e-04, 9.22168896e-04, 2.95094051e-03, 1.10660272e-03,
