%YAML:1.0
m100n: !!opencv-matrix
   rows: 1
   cols: 800
   dt: f
   data: [ 1.46627566e-03, 3.66568915e-04, 5.13196457e-03,
       1.09970674e-03, 1.09970674e-03, 7.33137829e-04, 2.19941349e-03,
       3.66568915e-04, 0., 7.33137829e-04, 3.66568915e-03,
       7.69794732e-03, 7.33137829e-04, 7.33137829e-04, 7.33137829e-04,
       3.66568915e-04, 3.66568915e-04, 1.09970674e-03, 0., 0.,
       7.33137829e-04, 1.09970674e-03, 7.33137829e-04, 1.46627566e-03,
       1.72287393e-02, 0., 7.33137829e-04, 1.09970674e-03,
       3.66568915e-04, 0., 2.93255132e-03, 1.83284457e-03,
       3.66568915e-04, 7.33137829e-04, 0., 7.33137829e-04,
       7.33137829e-04, 7.33137829e-04, 7.33137829e-04, 2.19941349e-03,
       3.66568915e-04, 2.56598229e-03, 1.83284457e-03, 1.46627566e-03,
       7.33137829e-04, 7.33137829e-04, 1.09970674e-03, 1.09970674e-03,
       1.09970674e-03, 1.83284457e-03, 0., 7.33137829e-04, 0.,
       2.19941349e-03, 7.33137829e-04, 2.19941349e-03, 2.93255132e-03,
       1.83284457e-03, 3.66568915e-04, 3.66568915e-04, 1.09970674e-03,
       1.83284457e-03, 2.56598229e-03, 1.09970674e-03, 7.33137829e-04,
       0., 3.66568915e-04, 0., 3.66568915e-04, 1.46627566e-03,
       3.66568915e-04, 1.09970674e-03, 3.66568915e-04, 1.09970674e-03,
       4.03225794e-03, 7.33137829e-04, 7.33137829e-04, 2.19941349e-03,
       1.09970674e-03, 3.66568915e-04, 3.66568915e-04, 7.33137829e-04,
       7.33137829e-04, 7.33137829e-04, 7.33137829e-04, 3.66568915e-03,
       1.46627566e-03, 1.09970674e-03, 3.66568915e-04, 1.46627566e-03,
       1.09970674e-03, 1.46627566e-03, 0., 7.33137829e-04,
       3.66568915e-04, 1.09970674e-03, 3.66568915e-04, 0.,
       3.66568915e-04, 1.09970674e-03, 1.09970674e-03, 0.,
       3.66568915e-04, 2.56598229e-03, 3.66568915e-04, 7.33137829e-04,
       1.83284457e-03, 3.66568915e-04, 7.33137829e-04, 3.66568915e-04,
       7.33137829e-04, 3.66568915e-04, 7.33137829e-04, 1.09970674e-03,
       1.83284457e-03, 3.66568915e-04, 1.09970674e-03, 3.66568915e-04,
       9.53079201e-03, 2.19941349e-03, 6.23167166e-03, 0., 0.,
       3.66568915e-04, 1.09970674e-03, 3.66568915e-04, 7.33137829e-04,
       1.46627566e-03, 3.66568915e-04, 7.33137829e-04, 3.66568915e-04,
       4.76539601e-03, 5.13196457e-03, 3.66568915e-04, 3.66568915e-04,
       1.35630500e-02, 3.66568915e-04, 0., 3.66568915e-04,
       1.09970674e-03, 3.29912035e-03, 2.19941349e-03, 1.46627566e-03,
       0., 7.33137829e-04, 7.33137829e-04, 2.19941349e-03,
       1.83284457e-03, 3.66568915e-04, 0., 7.33137829e-04,
       2.93255132e-03, 1.09970674e-03, 1.83284457e-03, 0.,
       2.56598229e-03, 3.66568915e-04, 1.83284457e-03, 3.66568915e-04,
       0., 0., 1.09970674e-03, 0., 3.66568915e-04, 1.09970674e-03,
       1.09970674e-03, 0., 1.09970674e-03, 2.19941349e-03,
       1.09970674e-03, 1.09970674e-03, 7.33137829e-04, 3.66568915e-04,
       7.33137829e-04, 7.33137829e-04, 7.33137829e-04, 1.09970674e-03,
       1.94281526e-02, 7.33137829e-04, 1.09970674e-03, 5.13196457e-03,
       2.19941349e-03, 3.66568915e-04, 1.46627566e-03, 0.,
       7.33137829e-04, 7.33137829e-04, 7.33137829e-04, 1.46627566e-03,
       7.33137829e-03, 3.66568915e-03, 2.93255132e-03, 3.66568915e-03,
       1.46627566e-03, 0., 0., 0., 0., 1.46627566e-03, 7.33137829e-04,
       7.33137829e-04, 5.49853360e-03, 4.39882698e-03, 6.59824070e-03,
       1.09970674e-03, 1.09970674e-03, 0., 1.09970674e-03,
       2.93255132e-03, 2.56598229e-03, 3.66568915e-04, 0.,
       3.29912035e-03, 7.33137829e-04, 4.03225794e-03, 2.56598229e-03,
       1.09970674e-03, 1.83284457e-03, 1.09970674e-03, 1.09970674e-03,
       7.33137829e-04, 1.09970674e-03, 1.09970674e-03, 1.83284457e-03,
       3.66568915e-04, 7.33137829e-04, 1.46627566e-03, 3.66568915e-04,
       2.56598229e-03, 7.33137829e-04, 3.29912035e-03, 7.33137829e-04,
       2.56598229e-03, 2.19941349e-03, 1.09970674e-03, 2.93255132e-03,
       2.93255132e-03, 3.66568915e-04, 1.46627566e-03, 7.33137829e-04,
       1.46627566e-03, 3.66568915e-03, 1.09970674e-03, 8.79765395e-03,
       1.09970674e-03, 7.33137829e-04, 5.13196457e-03, 7.33137829e-04,
       3.66568915e-04, 0., 1.09970674e-03, 1.09970674e-03,
       3.66568915e-04, 3.66568915e-04, 0., 7.33137829e-04,
       2.56598229e-03, 1.46627566e-03, 1.83284457e-03, 1.09970674e-03,
       2.56598229e-03, 1.83284457e-03, 1.46627566e-03, 3.66568915e-04,
       3.66568915e-04, 0., 7.33137829e-04, 3.66568915e-03,
       1.46627566e-03, 1.09970674e-03, 5.49853360e-03, 0.,
       1.09970674e-03, 1.46627566e-03, 0., 1.09970674e-03,
       1.09970674e-03, 7.33137829e-04, 2.19941349e-03, 3.66568915e-04,
       6.96480926e-03, 0., 1.83284457e-03, 3.66568915e-04,
       7.33137829e-04, 3.66568915e-04, 1.83284457e-03, 0., 0.,
       7.33137829e-04, 3.66568915e-04, 0., 0., 7.33137829e-04, 0.,
       7.33137829e-04, 7.33137829e-04, 3.66568915e-04, 3.66568915e-04,
       7.33137829e-04, 7.33137829e-04, 2.19941349e-03, 1.83284457e-03,
       7.33137829e-04, 3.66568915e-04, 3.66568915e-04, 3.66568915e-04,
       2.19941349e-03, 7.33137829e-04, 1.46627566e-03, 3.29912035e-03,
       7.33137829e-04, 3.66568915e-03, 2.56598229e-03, 1.09970674e-03,
       1.09970674e-03, 3.66568915e-04, 3.66568915e-04, 0., 0.,
       1.46627566e-03, 3.66568915e-04, 1.09970674e-03, 1.46627566e-03,
       7.33137829e-04, 3.66568915e-03, 3.66568915e-04, 2.93255132e-03,
       0., 1.09970674e-03, 1.09970674e-03, 3.66568915e-04,
       2.19941349e-03, 4.39882698e-03, 1.09970674e-03, 2.19941349e-03,
       3.66568915e-04, 3.66568915e-04, 2.19941349e-03, 7.33137829e-04,
       2.19941349e-03, 0., 7.33137829e-04, 7.33137829e-04,
       1.83284457e-03, 7.33137829e-04, 0., 1.09970674e-03,
       1.46627566e-03, 2.19941349e-03, 7.33137829e-04, 3.66568915e-04,
       7.33137829e-04, 3.66568915e-04, 3.29912035e-03, 1.09970674e-03,
       7.33137829e-04, 3.66568915e-04, 3.66568915e-04, 1.09970674e-03,
       7.33137829e-04, 0., 7.33137829e-04, 3.66568915e-04, 0.,
       3.66568915e-04, 1.09970674e-03, 1.09970674e-03, 3.66568915e-03,
       1.09970674e-03, 3.29912035e-03, 1.09970674e-03, 7.33137829e-04,
       3.66568915e-04, 3.66568915e-04, 1.09970674e-03, 7.33137829e-04,
       7.33137829e-04, 2.56598229e-03, 1.46627566e-03, 1.09970674e-03,
       1.09970674e-03, 3.66568915e-04, 0., 7.33137829e-04,
       3.66568915e-04, 1.09970674e-03, 6.23167166e-03, 4.03225794e-03,
       2.93255132e-03, 7.69794732e-03, 6.59824070e-03, 0.,
       7.33137829e-04, 7.33137829e-04, 7.33137829e-04, 1.83284457e-03,
       2.19941349e-03, 1.83284457e-03, 2.56598229e-03, 0.,
       3.66568915e-04, 0., 1.09970674e-03, 7.33137829e-04,
       1.09970674e-03, 1.83284457e-03, 7.33137829e-04, 2.19941349e-03,
       3.66568915e-04, 2.56598229e-03, 0., 3.66568915e-04, 0.,
       1.09970674e-03, 5.49853360e-03, 7.33137829e-04, 7.33137829e-04,
       1.09970674e-03, 7.33137829e-04, 7.33137829e-03, 3.66568915e-04,
       3.66568915e-04, 2.56598229e-03, 7.33137829e-04, 7.33137829e-04,
       3.66568915e-04, 0., 2.56598229e-03, 2.56598229e-03,
       1.83284457e-03, 1.09970674e-03, 3.66568915e-04, 0.,
       4.39882698e-03, 7.33137829e-04, 7.33137829e-04, 1.46627566e-03,
       3.66568915e-04, 1.46627566e-03, 0., 0., 3.66568915e-04,
       1.09970674e-03, 4.03225794e-03, 0., 7.69794732e-03,
       7.33137829e-04, 0., 3.66568915e-04, 0., 0., 1.83284457e-03,
       3.66568915e-03, 1.09970674e-03, 7.33137829e-04, 7.33137829e-04,
       3.66568915e-04, 3.66568915e-04, 1.09970674e-03, 0.,
       7.33137829e-04, 2.19941349e-03, 1.09970674e-03, 0.,
       3.66568915e-04, 1.83284457e-03, 3.29912035e-03, 2.19941349e-03,
       1.46627566e-03, 1.09970674e-03, 7.33137829e-04, 0.,
       1.09970674e-03, 0., 7.33137829e-04, 3.66568915e-04,
       3.66568915e-04, 4.39882698e-03, 7.33137829e-04, 3.66568915e-04,
       1.09970674e-03, 7.33137829e-04, 2.19941349e-03, 3.66568915e-04,
       1.46627566e-03, 2.56598229e-03, 7.33137829e-04, 1.46627566e-03,
       3.66568915e-04, 7.33137829e-04, 7.33137829e-04, 7.33137829e-04,
