%YAML:1.0
m100n: !!opencv-matrix
   rows: 1
   cols: 200
   dt: f
   data: [ 3.68867558e-03, 4.05754335e-03, 8.29952024e-03,
       7.37735117e-03, 1.56768709e-02, 6.82405010e-03, 4.97971196e-03,
       1.29103649e-03, 6.08631503e-03, 1.23570636e-02, 1.29103649e-03,
       4.24197689e-03, 2.76650675e-03, 2.58207298e-03, 4.79527842e-03,
       5.53301349e-03, 7.37735117e-03, 4.42641089e-03, 7.37735117e-03,
       2.21320544e-03, 3.68867558e-03, 5.90188103e-03, 5.16414596e-03,
       1.84433779e-03, 3.87310935e-03, 1.10660272e-03, 3.13537428e-03,
       5.53301349e-03, 5.34857949e-03, 2.58207298e-03, 5.90188103e-03,
       6.63961610e-03, 4.61084442e-03, 3.50424182e-03, 4.61084442e-03,
       1.75212100e-02, 2.76650675e-03, 9.22168884e-03, 2.39763921e-03,
       3.87310935e-03, 4.24197689e-03, 3.68867558e-03, 4.61084442e-03,
       7.00848363e-03, 4.05754335e-03, 4.79527842e-03, 2.76650675e-03,
       4.79527842e-03, 1.29103649e-03, 1.65990402e-03, 5.53301349e-03,
       6.08631503e-03, 2.76650675e-03, 3.68867558e-03, 4.79527842e-03,
       4.42641089e-03, 1.84433779e-03, 1.97344143e-02, 2.58207298e-03,
       5.71744703e-03, 4.97971196e-03, 4.61084442e-03, 7.19291763e-03,
       3.87310935e-03, 2.21320544e-03, 3.31980805e-03, 9.03725531e-03,
       1.54924374e-02, 6.82405010e-03, 8.66838731e-03, 7.74621870e-03,
       7.00848363e-03, 5.16414596e-03, 2.58207298e-03, 3.31980805e-03,
       1.05127255e-02, 2.58207298e-03, 6.63961610e-03, 1.10660272e-03,
       5.53301349e-03, 1.71523411e-02, 6.45518256e-03, 2.39763921e-03,
       7.93065224e-03, 5.71744703e-03, 4.24197689e-03, 5.71744703e-03,
       4.61084442e-03, 2.21320544e-03, 2.02877168e-03, 1.65990402e-03,
       2.76650675e-03, 4.05754335e-03, 3.50424182e-03, 8.11508670e-03,
       2.58207298e-03, 6.63961610e-03, 5.90188103e-03, 6.08631503e-03,
       5.16414596e-03, 3.87310935e-03, 3.13537428e-03, 4.42641089e-03,
       8.48395377e-03, 1.67834740e-02, 9.22168896e-04, 8.29952024e-03,
       2.76650675e-03, 4.97971196e-03, 7.93065224e-03, 4.79527842e-03,
       4.42641089e-03, 2.39763921e-03, 3.68867558e-03, 4.79527842e-03,
       3.87310935e-03, 2.58207298e-03, 4.24197689e-03, 6.08631503e-03,
       4.42641089e-03, 3.68867558e-03, 3.87310935e-03, 2.39763921e-03,
       5.16414596e-03, 4.24197689e-03, 2.95094051e-03, 9.22168896e-04,
       5.90188103e-03, 6.27074856e-03, 5.71744703e-03, 2.21320544e-03,
       3.68867558e-03, 3.31980805e-03, 4.05754335e-03, 2.58207298e-03,
       3.87310935e-03, 4.97971196e-03, 4.05754335e-03, 1.08815935e-02,
       3.50424182e-03, 4.97971196e-03, 3.13537428e-03, 6.45518256e-03,
       4.42641089e-03, 6.82405010e-03, 4.42641089e-03, 6.27074856e-03,
       6.82405010e-03, 5.53301349e-03, 1.47547026e-03, 6.63961610e-03,
       4.97971196e-03, 4.61084442e-03, 1.29103649e-03, 4.42641089e-03,
       2.39763921e-03, 1.47547026e-03, 2.39763921e-03, 3.31980805e-03,
       6.82405010e-03, 4.24197689e-03, 9.03725531e-03, 2.39763921e-03,
       5.90188103e-03, 3.87310935e-03, 2.21320544e-03, 5.71744703e-03,
       2.95094051e-03, 4.42641089e-03, 3.87310935e-03, 4.42641089e-03,
       1.84433777e-02, 3.87310935e-03, 3.13537428e-03, 6.82405010e-03,
       3.13537428e-03, 6.27074856e-03, 3.50424182e-03, 3.31980805e-03,
       1.10660272e-03, 5.90188103e-03, 4.42641089e-03, 1.08815935e-02,
       5.34857949e-03, 4.05754335e-03, 4.79527842e-03, 2.95094051e-03,
       4.97971196e-03, 5.71744703e-03, 2.76650675e-03, 3.68867558e-03,
       4.97971196e-03, 3.50424182e-03, 2.02877168e-03, 7.93065224e-03,
       5.53301349e-03, 3.68867558e-03, 2.58207298e-03, 4.42641089e-03,
       3.31980805e-03 ]
