%YAML:1.0
m100n: !!opencv-matrix
   rows: 1
   cols: 800
   dt: f
   data: [ 7.91765633e-04, 3.16706253e-03, 5.93824219e-03,
       7.91765633e-04, 2.37529678e-03, 0., 7.91765633e-04, 0.,
       3.95882817e-04, 7.91765633e-04, 7.91765633e-04, 0.,
       3.95882817e-04, 3.95882817e-04, 7.91765633e-04, 3.95882817e-04,
       3.95882817e-04, 4.35471116e-03, 3.95882817e-04, 0.,
       1.58353127e-03, 3.95882817e-04, 1.18764839e-03, 7.91765633e-04,
       7.91765633e-04, 1.58353127e-03, 2.77117966e-03, 3.95882817e-04,
       1.97941414e-03, 7.91765633e-04, 2.77117966e-03, 0.,
       1.97941414e-03, 3.95882817e-04, 1.18764839e-03, 0.,
       3.95882817e-04, 3.56294541e-03, 2.37529678e-03, 3.95882817e-04,
       1.18764839e-03, 7.91765633e-04, 7.91765633e-04, 0.,
       2.77117966e-03, 7.91765633e-04, 4.35471116e-03, 7.91765633e-04,
       3.95882817e-04, 1.97941414e-03, 1.58353127e-03, 3.95882817e-04,
       3.95882817e-04, 3.95882817e-04, 1.97941414e-03, 0.,
       7.91765633e-04, 7.91765633e-04, 1.58353127e-03, 3.56294541e-03,
       1.97941414e-03, 0., 3.95882817e-04, 1.58353127e-03,
       3.95882817e-04, 1.97941414e-03, 3.95882817e-04, 2.77117966e-03,
       0., 0., 1.58353127e-03, 0., 3.56294541e-03, 7.91765633e-04,
       1.18764839e-03, 7.91765633e-04, 7.91765633e-04, 1.18764839e-03,
       1.18764839e-03, 0., 1.18764839e-03, 1.18764839e-03,
       8.70942231e-03, 1.97941414e-03, 3.95882817e-04, 7.91765633e-04,
       1.97941414e-03, 7.91765633e-04, 7.91765633e-04, 7.91765633e-04,
       2.37529678e-03, 1.18764844e-02, 0., 1.18764839e-03,
       7.91765633e-04, 1.58353127e-03, 0., 1.58353127e-03,
       1.18764839e-03, 3.95882817e-04, 0., 7.91765633e-04, 0.,
       1.58353127e-03, 2.37529678e-03, 3.95882817e-04, 7.91765633e-04,
       3.95882817e-04, 7.91765633e-04, 0., 5.14647644e-03, 0.,
       1.18764839e-03, 1.58353127e-03, 5.54235931e-03, 1.18764839e-03,
       3.95882817e-04, 0., 1.58353127e-03, 1.97941414e-03,
       3.95882817e-04, 1.58353127e-03, 7.91765633e-04, 2.37529678e-03,
       7.91765633e-04, 1.18764839e-03, 1.97941414e-03, 7.91765633e-04,
       3.95882817e-04, 0., 0., 7.91765633e-04, 1.18764839e-03,
       4.75059357e-03, 0., 3.56294541e-03, 0., 1.18764839e-03,
       1.18764839e-03, 1.18764839e-03, 1.18764839e-03, 3.95882817e-04,
       3.16706253e-03, 3.95882817e-04, 7.91765633e-04, 3.95882828e-03,
       7.91765633e-04, 3.95882817e-04, 3.95882828e-03, 0.,
       1.18764839e-03, 0., 7.91765633e-04, 3.95882828e-03,
       1.97941414e-03, 1.58353127e-03, 7.91765633e-04, 1.18764839e-03,
       3.95882817e-04, 3.95882817e-04, 2.37529678e-03, 3.95882817e-04,
       7.91765633e-04, 1.58353127e-03, 3.95882828e-03, 0.,
       1.58353127e-03, 1.97941414e-03, 3.16706253e-03, 1.18764839e-03,
       1.18764839e-03, 3.95882817e-04, 0., 7.91765633e-04,
       7.91765633e-04, 7.91765633e-04, 0., 7.91765633e-04,
       3.95882817e-04, 2.37529678e-03, 0., 7.91765633e-04,
       2.37529678e-03, 3.95882817e-04, 1.70229618e-02, 0.,
       7.91765633e-04, 7.91765633e-04, 3.95882817e-04, 3.95882817e-04,
       1.97941414e-03, 3.56294541e-03, 0., 7.91765633e-04,
       1.58353127e-03, 3.95882828e-03, 3.95882817e-04, 1.97941414e-03,
       1.97941414e-03, 2.77117966e-03, 1.58353127e-03, 1.18764839e-03,
       1.97941414e-03, 3.95882817e-04, 3.16706253e-03, 0.,
       1.18764839e-03, 1.58353127e-03, 7.91765633e-04, 3.95882817e-04,
       1.18764839e-03, 1.97941414e-03, 1.58353127e-03, 3.95882817e-04,
       7.91765633e-04, 7.91765633e-04, 3.95882817e-04, 1.18764839e-03,
       3.95882817e-04, 7.91765633e-04, 1.18764839e-03, 3.95882817e-04,
       1.58353127e-03, 1.58353127e-03, 7.91765633e-04, 1.18764839e-03,
       6.73000794e-03, 1.18764839e-03, 1.58353127e-03, 3.95882817e-04,
       7.91765633e-04, 7.91765633e-04, 3.95882817e-04, 0.,
       2.77117966e-03, 7.91765633e-04, 4.35471116e-03, 1.18764839e-03,
       1.97941414e-03, 3.95882817e-04, 1.97941414e-03, 3.95882817e-04,
       7.91765633e-04, 1.58353127e-03, 3.95882828e-03, 1.18764839e-03,
       3.56294541e-03, 1.18764839e-03, 7.91765633e-04, 3.95882817e-04,
       0., 7.91765633e-04, 0., 2.37529678e-03, 0., 1.58353127e-03,
       7.91765633e-04, 1.97941414e-03, 3.95882817e-04, 1.18764839e-03,
       0., 1.18764839e-03, 3.95882828e-03, 3.95882817e-04,
       2.37529678e-03, 0., 3.56294541e-03, 7.91765633e-04,
       3.95882817e-04, 2.37529678e-03, 1.97941414e-03, 3.95882817e-04,
       7.91765633e-04, 4.75059357e-03, 1.58353127e-03, 3.95882817e-04,
       1.18764839e-03, 1.18764839e-03, 1.97941414e-03, 1.58353127e-03,
       0., 7.91765633e-04, 3.95882817e-04, 1.97941414e-03,
       1.18764839e-03, 3.95882817e-04, 2.77117966e-03, 7.91765633e-04,
       2.37529678e-03, 7.91765633e-04, 7.91765633e-04, 3.95882817e-04,
       2.37529678e-03, 5.54235931e-03, 3.95882817e-04, 0.,
       1.18764839e-03, 3.95882817e-04, 7.91765633e-04, 7.91765633e-04,
       7.91765633e-04, 0., 3.95882817e-04, 2.37529678e-03,
       3.95882817e-04, 0., 0., 0., 0., 1.97941414e-03, 7.91765633e-04,
       4.35471116e-03, 0., 1.18764839e-03, 2.37529678e-03,
       1.18764839e-03, 3.95882817e-04, 3.95882817e-04, 1.58353127e-03,
       1.58353127e-03, 1.58353127e-03, 1.18764839e-03, 2.37529678e-03,
       1.58353127e-03, 3.95882817e-04, 2.37529678e-03, 3.95882817e-04,
       3.95882817e-04, 1.18764839e-03, 0., 3.95882817e-04,
       1.97941414e-03, 0., 2.77117966e-03, 3.95882817e-04,
       1.18764839e-03, 2.77117966e-03, 7.91765633e-04, 0.,
       3.95882817e-04, 7.91765633e-04, 3.95882817e-04, 7.91765633e-04,
       7.91765633e-04, 1.18764839e-03, 1.18764839e-03, 3.95882817e-04,
       7.91765633e-04, 3.95882817e-04, 7.91765633e-04, 3.95882817e-04,
       3.95882817e-04, 1.18764839e-03, 7.91765633e-04, 3.95882817e-04,
       3.95882817e-04, 2.37529678e-03, 2.77117966e-03, 3.95882817e-04,
       7.52177369e-03, 2.77117966e-03, 3.56294541e-03, 2.77117966e-03,
       7.91765633e-04, 4.75059357e-03, 3.95882817e-04, 3.95882817e-04,
       1.18764839e-03, 1.58353127e-03, 3.95882817e-04, 1.58353127e-03,
       0., 1.18764839e-03, 1.58353127e-03, 3.95882817e-04,
       3.95882817e-04, 3.95882817e-04, 7.91765633e-04, 1.97941414e-03,
       7.91765633e-04, 7.91765633e-04, 3.95882817e-04, 3.95882817e-04,
       7.91765633e-04, 7.91765633e-04, 3.16706253e-03, 2.37529678e-03,
       7.91765633e-04, 1.58353127e-03, 7.91765633e-04, 7.52177369e-03,
       3.95882817e-04, 3.95882817e-04, 3.95882817e-04, 2.37529678e-03,
       1.18764839e-03, 7.91765633e-04, 3.95882817e-04, 1.18764839e-03,
       7.91765633e-04, 1.97941414e-03, 0., 1.97941414e-03,
       7.91765633e-04, 3.95882817e-04, 3.95882817e-04, 3.95882817e-04,
       3.95882817e-04, 7.91765633e-04, 4.75059357e-03, 0.,
       7.91765633e-04, 3.95882817e-04, 3.95882817e-04, 1.18764839e-03,
       0., 7.91765633e-04, 0., 1.18764839e-03, 0., 7.91765633e-04,
       7.91765633e-04, 7.91765633e-04, 7.91765633e-04, 5.14647644e-03,
       3.95882817e-04, 0., 0., 3.95882817e-04, 7.91765633e-04,
       8.31353944e-03, 0., 7.91765633e-04, 3.95882828e-03,
       2.37529678e-03, 1.18764839e-03, 0., 3.56294541e-03,
       7.91765633e-04, 7.91765633e-04, 2.37529678e-03, 3.95882828e-03,
       1.18764839e-03, 1.18764839e-03, 1.58353127e-03, 3.95882817e-04,
       7.91765633e-04, 3.95882817e-04, 1.97941414e-03, 0.,
       7.91765633e-04, 7.91765633e-04, 0., 7.91765633e-04, 0.,
       1.18764839e-03, 0., 1.58353127e-03, 3.95882817e-04,
       1.18764839e-03, 0., 1.18764839e-03, 1.97941414e-03,
       1.18764839e-03, 3.95882817e-04, 3.95882817e-04, 1.18764839e-03,
       0., 2.37529678e-03, 1.18764839e-03, 3.95882817e-04,
       7.91765633e-04, 3.95882817e-04, 7.91765633e-04, 2.37529678e-03,
       1.97941414e-03, 2.37529678e-03, 3.95882817e-04, 3.95882817e-04,
       3.16706253e-03, 1.58353127e-03, 1.18764839e-03, 7.91765633e-04,
       1.58353127e-03, 7.91765633e-04, 1.97941414e-03, 0.,
       1.58353127e-03, 1.58353127e-03, 1.58353127e-03, 0.,
