%YAML:1.0
m100n: !!opencv-matrix
   rows: 1
   cols: 800
   dt: f
   data: [ 7.94281194e-04, 1.19142176e-03, 7.94281194e-04, 0.,
       1.19142176e-03, 0., 0., 0., 0., 7.94281194e-04, 7.94281194e-04,
       1.58856239e-03, 2.38284352e-03, 1.19142176e-03, 0.,
       3.97140597e-04, 3.97140597e-04, 0., 4.76568704e-03,
       3.57426540e-03, 0., 3.97140579e-03, 3.97140597e-04,
       9.13423393e-03, 1.58856239e-03, 0., 1.98570290e-03,
       3.97140597e-04, 1.19142176e-03, 2.10484508e-02, 2.38284352e-03,
       1.19142176e-03, 2.77998415e-03, 1.19142176e-03, 7.94281194e-04,
       2.38284352e-03, 0., 3.97140597e-04, 2.38284352e-03, 0.,
       3.97140597e-04, 3.97140597e-04, 1.58856239e-03, 0.,
       1.19142176e-03, 2.38284352e-03, 3.97140597e-04, 2.38284352e-03,
       7.94281194e-04, 1.19142176e-03, 0., 1.58856239e-03,
       1.58856239e-03, 3.97140597e-04, 7.94281194e-04, 7.94281194e-04,
       0., 4.76568704e-03, 1.98570290e-03, 0., 2.38284352e-03,
       7.94281194e-04, 7.94281194e-04, 3.97140597e-04, 7.94281194e-04,
       0., 7.94281194e-04, 3.97140597e-04, 6.75139017e-03,
       3.97140597e-04, 1.58856239e-03, 0., 1.19142176e-03,
       3.97140597e-04, 7.94281194e-04, 1.58856239e-03, 7.94281194e-04,
       0., 1.19142176e-03, 1.19142176e-03, 0., 0., 1.19142176e-03,
       1.58856239e-03, 1.19142176e-03, 3.97140597e-04, 1.58856239e-03,
       3.97140597e-04, 1.58856239e-03, 7.94281194e-04, 3.97140597e-04,
       0., 0., 0., 7.94281194e-04, 1.19142176e-03, 3.97140597e-04,
       2.38284352e-03, 1.58856239e-03, 0., 7.94281194e-04,
       3.97140597e-04, 1.58856239e-03, 2.38284352e-03, 0.,
       4.76568704e-03, 2.77998415e-03, 4.76568704e-03, 7.94281194e-04,
       7.94281194e-04, 4.76568704e-03, 1.19142176e-03, 5.95710892e-03,
       1.58856239e-03, 1.19142176e-03, 0., 2.38284352e-03,
       3.97140597e-04, 3.97140597e-04, 0., 2.38284352e-03,
       1.58856239e-03, 0., 0., 3.97140597e-04, 2.38284352e-03,
       1.19142176e-03, 3.97140597e-04, 6.75139017e-03, 0.,
       2.38284352e-03, 0., 3.97140597e-04, 1.98570290e-03,
       7.94281194e-04, 7.94281194e-04, 7.94281194e-04, 0.,
       1.58856239e-03, 1.19142176e-03, 3.17712477e-03, 1.98570290e-03,
       3.97140597e-04, 3.97140597e-04, 0., 0., 0., 1.19142176e-03, 0.,
       1.58856239e-03, 3.97140579e-03, 0., 3.17712477e-03,
       7.94281194e-04, 2.38284352e-03, 0., 3.17712477e-03,
       3.97140597e-04, 0., 7.94281194e-04, 3.97140597e-04,
       3.17712477e-03, 3.17712477e-03, 2.38284352e-03, 1.58856239e-03,
       0., 3.97140597e-04, 1.58856239e-03, 0., 0., 1.58856239e-03,
       5.95710892e-03, 1.58856239e-03, 7.94281194e-04, 1.58856239e-03,
       4.76568704e-03, 0., 2.38284352e-03, 2.77998415e-03,
       3.97140597e-04, 1.98570290e-03, 1.58856239e-03, 3.97140597e-04,
       7.94281194e-04, 0., 0., 1.58856239e-03, 3.97140597e-04,
       3.97140597e-04, 7.94281194e-04, 1.58856239e-03, 3.97140597e-04,
       2.77998415e-03, 3.17712477e-03, 3.97140597e-04, 3.97140597e-04,
       1.58856239e-03, 1.98570290e-03, 3.97140597e-04, 3.17712477e-03,
       1.19142176e-03, 7.94281194e-04, 1.58856239e-03, 3.17712477e-03,
       0., 2.77998415e-03, 2.38284352e-03, 3.97140597e-04,
       3.97140597e-04, 3.97140597e-04, 1.98570290e-03, 1.98570290e-03,
       0., 0., 1.98570290e-03, 2.38284352e-03, 1.19142176e-03,
       3.97140597e-04, 1.19142176e-03, 7.94281194e-04, 1.98570290e-03,
       7.94281194e-04, 1.98570290e-03, 3.97140597e-04, 3.57426540e-03,
       3.97140597e-04, 1.98570290e-03, 1.58856239e-03, 3.97140597e-04,
       1.98570290e-03, 1.98570290e-03, 1.19142176e-03, 3.97140597e-04,
       2.38284352e-03, 1.98570290e-03, 3.17712477e-03, 4.76568704e-03,
       1.19142176e-03, 7.94281194e-04, 2.77998415e-03, 3.97140597e-04,
       1.58856239e-03, 3.97140597e-04, 4.36854642e-03, 0.,
       1.19142176e-03, 3.97140597e-04, 1.19142176e-03, 3.97140597e-04,
       0., 4.36854642e-03, 1.19142176e-03, 4.36854642e-03,
       3.97140597e-04, 3.57426540e-03, 1.19142176e-03, 2.38284352e-03,
       1.58856239e-03, 1.58856239e-03, 2.38284352e-03, 3.97140597e-04,
       3.97140597e-04, 0., 1.58856239e-03, 1.98570290e-03,
       3.97140597e-04, 1.58856239e-03, 0., 0., 1.19142176e-03,
       4.76568704e-03, 3.97140597e-04, 3.97140597e-04, 2.38284352e-03,
       3.17712477e-03, 1.19142176e-03, 7.94281194e-04, 7.94281194e-04,
       0., 1.58856239e-03, 3.97140597e-04, 7.94281194e-04,
       1.19142176e-03, 3.97140597e-04, 7.94281194e-04, 1.19142176e-03,
       1.98570290e-03, 3.97140597e-04, 0., 7.94281194e-04,
       1.58856239e-03, 0., 3.97140597e-04, 3.17712477e-03,
       7.94281194e-04, 3.97140597e-04, 7.94281194e-04, 0., 0., 0.,
       3.97140597e-04, 0., 3.17712477e-03, 1.58856239e-03, 0.,
       3.97140597e-04, 1.98570290e-03, 0., 7.94281194e-04, 0.,
       7.94281194e-04, 1.19142176e-03, 3.57426540e-03, 3.97140597e-04,
       0., 2.38284352e-03, 1.98570290e-03, 1.98570290e-03,
       1.98570290e-03, 0., 0., 0., 1.19142176e-03, 0., 3.97140597e-04,
       3.97140597e-04, 1.19142176e-03, 3.97140597e-04, 0.,
       3.97140597e-04, 7.94281194e-04, 1.19142176e-03, 3.17712477e-03,
       1.98570290e-03, 3.97140597e-04, 1.98570290e-03, 1.58856239e-03,
       3.97140597e-04, 3.97140597e-04, 3.97140597e-04, 7.94281194e-04,
       1.19142176e-03, 1.19142176e-03, 1.19142176e-03, 1.19142176e-03,
       0., 3.97140597e-04, 0., 7.94281194e-04, 3.97140597e-04,
       3.57426540e-03, 0., 0., 1.58856239e-03, 0., 2.77998415e-03,
       2.38284352e-03, 7.94281194e-04, 2.77998415e-03, 2.38284352e-03,
       1.58856239e-03, 2.38284352e-03, 1.19142176e-03, 0.,
       1.19142176e-03, 4.36854642e-03, 7.94281194e-04, 1.19142176e-03,
       1.58856239e-03, 7.94281194e-04, 5.55996830e-03, 3.17712477e-03,
       3.97140597e-04, 1.58856239e-03, 3.97140579e-03, 2.77998415e-03,
       0., 1.19142176e-03, 3.97140597e-04, 1.19142176e-03,
       3.97140579e-03, 7.94281194e-04, 2.77998415e-03, 7.94281194e-04,
       7.94281194e-04, 7.94281194e-04, 3.97140597e-04, 1.19142176e-03,
       3.97140597e-04, 1.19142176e-03, 7.94281194e-04, 3.97140579e-03,
       7.94281194e-04, 6.35424955e-03, 1.19142176e-03, 3.97140597e-04,
       3.97140597e-04, 3.97140597e-04, 4.36854642e-03, 7.94281194e-04,
       3.97140597e-04, 7.94281194e-04, 1.58856239e-03, 2.77998415e-03,
       1.19142176e-03, 2.38284352e-03, 3.97140597e-04, 3.97140597e-04,
       1.98570290e-03, 0., 1.19142176e-03, 3.97140597e-04, 0.,
       1.19142176e-03, 3.97140597e-04, 0., 1.58856239e-03,
       1.98570290e-03, 0., 3.97140579e-03, 1.98570290e-03, 0.,
       1.58856239e-03, 3.97140597e-04, 1.58856239e-03, 3.97140579e-03,
       1.19142176e-03, 1.19142176e-03, 0., 2.77998415e-03,
       7.94281194e-04, 1.58856239e-03, 2.38284352e-03, 7.94281194e-04,
       1.19142176e-03, 2.38284352e-03, 0., 7.94281194e-04,
       1.58856239e-03, 7.94281194e-04, 3.97140579e-03, 7.94281194e-04,
       7.94281194e-04, 2.38284352e-03, 1.98570290e-03, 1.19142176e-03,
       1.19142176e-03, 1.98570290e-03, 7.94281194e-04, 7.94281194e-04,
       1.19142176e-03, 3.97140597e-04, 0., 1.98570290e-03,
       1.98570290e-03, 1.98570290e-03, 3.57426540e-03, 1.19142176e-03,
       1.98570290e-03, 1.19142176e-03, 1.98570290e-03, 7.94281194e-04,
       1.98570290e-03, 1.58856239e-03, 2.38284352e-03, 0.,
       3.97140597e-04, 3.97140597e-04, 3.97140597e-04, 1.58856239e-03,
       0., 0., 1.19142176e-03, 7.94281194e-04, 3.97140597e-04, 0.,
       7.94281194e-04, 0., 7.94281194e-04, 2.77998415e-03,
       3.97140597e-04, 3.97140597e-04, 3.97140597e-04, 7.94281194e-04,
       3.97140597e-04, 3.97140597e-04, 7.94281194e-04, 0., 0.,
       7.94281194e-04, 2.38284352e-03, 1.58856239e-03, 3.97140597e-04,
       1.19142176e-03, 3.97140597e-04, 4.76568704e-03, 7.94281194e-04,
       7.94281194e-04, 7.94281194e-04, 0., 1.58856239e-03, 0.,
       7.54567143e-03, 0., 3.97140597e-04, 6.75139017e-03,
       2.38284352e-03, 2.77998415e-03, 3.97140597e-04, 0.,
       3.97140597e-04, 0., 1.19142176e-03, 7.94281194e-04,
