%YAML:1.0
m100n: !!opencv-matrix
   rows: 1
   cols: 800
   dt: f
   data: [ 1.29366107e-03, 1.29366107e-03, 3.55756795e-03, 0.,
       2.26390688e-03, 3.23415268e-04, 0., 3.23415268e-04, 0.,
       2.91073741e-03, 9.70245805e-04, 2.26390688e-03, 1.94049161e-03,
       5.82147483e-03, 3.23415268e-04, 3.23415268e-03, 2.26390688e-03,
       6.46830536e-04, 6.46830536e-04, 1.29366107e-03, 3.23415268e-04,
       6.79172063e-03, 6.46830536e-04, 2.26390688e-03, 0.,
       3.23415268e-04, 1.29366107e-03, 0., 3.55756795e-03,
       1.29366107e-03, 1.29366107e-03, 6.46830536e-04, 1.61707634e-03,
       9.70245805e-04, 0., 1.61707634e-03, 0., 0., 2.58732215e-03, 0.,
       0., 6.46830536e-04, 6.46830536e-04, 0., 1.29366107e-03,
       2.58732215e-03, 9.70245805e-04, 2.91073741e-03, 6.46830536e-04,
       3.23415268e-04, 6.46830536e-04, 1.29366107e-03, 1.61707634e-03,
       0., 1.29366107e-03, 6.46830536e-04, 3.23415268e-04,
       1.94049161e-03, 1.61707634e-03, 0., 3.55756795e-03, 0.,
       6.46830536e-04, 6.46830536e-04, 6.46830536e-04, 6.46830536e-04,
       6.46830536e-04, 3.23415268e-04, 3.23415268e-03, 9.70245805e-04,
       1.61707634e-03, 0., 6.46830536e-04, 6.46830536e-04,
       1.94049161e-03, 1.29366107e-03, 3.55756795e-03, 0.,
       2.58732215e-03, 1.61707634e-03, 0., 1.94049161e-03,
       9.70245805e-04, 3.23415268e-04, 3.23415268e-04, 3.23415268e-03,
       3.23415268e-04, 9.70245805e-04, 4.20439849e-03, 3.23415268e-03,
       3.23415268e-04, 3.23415268e-04, 6.46830536e-04, 9.70245805e-04,
       3.23415268e-04, 0., 3.23415268e-04, 2.58732215e-03,
       9.70245805e-04, 6.46830536e-04, 6.46830536e-04, 0., 0.,
       3.55756795e-03, 3.23415268e-04, 4.20439849e-03, 2.26390688e-03,
       8.73221271e-03, 1.94049161e-03, 6.46830536e-04, 4.85122902e-03,
       2.91073741e-03, 6.14489010e-03, 3.23415268e-04, 6.14489010e-03,
       3.23415268e-04, 5.82147483e-03, 0., 1.29366107e-03, 0., 0.,
       6.46830536e-04, 1.29366107e-03, 2.58732215e-03, 3.23415268e-04,
       6.46830536e-03, 1.61707634e-03, 9.70245805e-04, 4.20439849e-03,
       3.23415268e-04, 9.70245805e-04, 3.23415268e-03, 2.91073741e-03,
       2.26390688e-03, 3.23415268e-04, 3.23415268e-04, 1.29366107e-03,
       0., 6.46830536e-04, 0., 1.94049161e-03, 6.46830536e-04, 0.,
       3.23415268e-04, 3.23415268e-04, 0., 3.23415268e-04,
       5.17464429e-03, 0., 0., 4.85122902e-03, 0., 2.26390688e-03,
       6.46830536e-04, 3.55756795e-03, 4.20439849e-03, 9.70245805e-04,
       9.70245805e-04, 0., 6.46830536e-04, 1.94049161e-03,
       1.61707634e-03, 3.55756795e-03, 3.23415268e-04, 3.23415268e-04,
       3.23415268e-04, 0., 6.46830536e-04, 3.23415268e-04,
       1.29366107e-03, 2.26390688e-03, 3.88098322e-03, 6.46830536e-04,
       0., 6.46830536e-04, 3.23415268e-03, 9.70245805e-04,
       5.82147483e-03, 4.52781375e-03, 0., 1.61707634e-03,
       6.14489010e-03, 1.29366107e-03, 6.46830536e-04, 1.61707634e-03,
       3.23415268e-04, 1.29366107e-03, 3.23415268e-04, 1.94049161e-03,
       0., 1.29366107e-03, 1.29366107e-03, 1.61707634e-03,
       3.23415268e-04, 9.70245805e-04, 6.46830536e-04, 6.46830536e-04,
       6.46830536e-04, 6.46830536e-04, 2.26390688e-03, 9.70245805e-04,
       9.70245805e-04, 9.70245805e-04, 4.52781375e-03, 0.,
       3.23415268e-04, 5.49805956e-03, 1.94049161e-03, 3.23415268e-04,
       0., 2.58732215e-03, 9.70245805e-04, 0., 9.70245805e-04,
       1.94049161e-03, 0., 1.29366107e-03, 6.46830536e-04,
       1.94049161e-03, 9.70245805e-04, 3.23415268e-04, 1.94049161e-03,
       6.46830536e-04, 0., 1.29366107e-03, 6.46830536e-04,
       1.29366107e-03, 6.46830536e-04, 0., 3.23415268e-04,
       9.70245805e-04, 9.70245805e-04, 0., 1.94049161e-03, 0.,
       2.26390688e-03, 6.79172063e-03, 3.23415268e-03, 3.23415268e-04,
       1.61707634e-03, 1.29366107e-03, 3.88098322e-03, 0.,
       1.61707634e-03, 3.23415268e-04, 1.29366107e-03, 1.29366107e-03,
       9.70245805e-04, 2.26390688e-03, 2.58732215e-03, 0.,
       1.29366107e-03, 1.94049161e-03, 0., 1.94049161e-03,
       2.58732215e-03, 1.94049161e-03, 6.46830536e-04, 1.29366107e-03,
       1.94049161e-03, 9.70245805e-04, 1.29366107e-03, 0.,
       1.61707634e-03, 2.91073741e-03, 6.46830536e-04, 1.29366107e-03,
       4.85122902e-03, 0., 6.46830536e-04, 9.70245805e-04,
       9.70245805e-04, 6.46830536e-04, 1.94049161e-03, 4.85122902e-03,
       9.70245805e-04, 6.46830536e-04, 9.70245805e-04, 6.46830536e-04,
       3.23415268e-04, 1.29366107e-03, 6.46830536e-04, 1.29366107e-03,
       3.23415268e-04, 2.26390688e-03, 4.20439849e-03, 6.46830536e-04,
       1.29366107e-03, 0., 3.23415268e-04, 1.29366107e-03,
       6.46830536e-04, 0., 1.29366107e-03, 9.70245805e-04,
       9.70245805e-04, 1.61707634e-03, 0., 1.61707634e-03, 0.,
       1.61707634e-03, 6.46830536e-04, 1.29366107e-03, 1.29366107e-03,
       0., 0., 6.46830536e-04, 0., 1.29366107e-03, 0., 1.29366107e-03,
       9.70245805e-04, 1.29366107e-03, 6.46830536e-04, 9.70245805e-04,
       1.61707634e-03, 3.88098322e-03, 0., 3.23415268e-04,
       6.46830536e-04, 6.46830536e-04, 6.46830536e-04, 1.29366107e-03,
       1.61707634e-03, 6.46830536e-04, 2.58732215e-03, 9.70245805e-04,
       0., 0., 1.61707634e-03, 3.23415268e-04, 6.46830536e-04,
       1.94049161e-03, 2.58732215e-03, 1.94049161e-03, 4.52781375e-03,
       1.61707634e-03, 9.70245805e-04, 0., 0., 2.26390688e-03,
       1.94049161e-03, 9.70245805e-04, 6.46830536e-04, 3.23415268e-04,
       3.23415268e-04, 3.23415268e-04, 1.29366107e-03, 0.,
       3.23415268e-04, 2.26390688e-03, 1.94049161e-03, 0.,
       1.61707634e-03, 3.23415268e-04, 9.70245805e-04, 2.91073741e-03,
       6.46830536e-04, 9.70245805e-04, 1.61707634e-03, 1.61707634e-03,
       3.88098322e-03, 1.29366107e-03, 0., 6.46830536e-04,
       3.23415268e-03, 3.23415268e-04, 0., 3.23415268e-04, 0.,
       2.58732215e-03, 1.29366107e-03, 0., 2.26390688e-03,
       5.17464429e-03, 3.23415268e-04, 0., 6.46830536e-04, 0.,
       1.94049161e-03, 1.61707634e-03, 3.23415268e-04, 1.61707634e-03,
       6.46830536e-04, 0., 6.46830536e-04, 0., 1.29366107e-03,
       1.94049161e-03, 2.91073741e-03, 3.23415268e-03, 3.55756795e-03,
       0., 2.26390688e-03, 6.46830536e-04, 1.29366107e-03,
       1.61707634e-03, 3.23415268e-04, 1.61707634e-03, 1.29366107e-03,
       3.23415268e-04, 1.94049161e-03, 3.23415268e-03, 3.23415268e-03,
       3.23415268e-04, 6.46830536e-04, 1.29366107e-03, 1.29366107e-03,
       9.70245805e-04, 1.29366107e-03, 9.70245805e-04, 0.,
       3.23415268e-04, 1.94049161e-03, 3.23415268e-04, 6.46830536e-04,
       1.61707634e-03, 9.70245805e-04, 0., 5.49805956e-03,
       1.29366107e-03, 0., 1.61707634e-03, 6.46830536e-04,
       6.46830536e-04, 3.23415268e-04, 1.61707634e-03, 6.46830536e-04,
       0., 2.26390688e-03, 0., 1.29366107e-03, 3.23415268e-03,
       6.46830536e-04, 1.61707634e-03, 3.55756795e-03, 6.46830536e-04,
       0., 3.23415268e-04, 0., 2.91073741e-03, 2.26390688e-03,
       9.70245805e-04, 1.94049161e-03, 0., 9.70245805e-04, 0.,
       1.61707634e-03, 9.70245805e-04, 1.61707634e-03, 3.55756795e-03,
       0., 3.23415268e-04, 1.29366107e-03, 3.23415268e-04,
       1.61707634e-03, 6.46830536e-04, 0., 6.46830536e-04,
       3.23415268e-04, 3.23415268e-04, 0., 1.29366107e-03,
       1.61707634e-03, 6.46830536e-04, 6.46830536e-04, 3.23415268e-04,
       1.61707634e-03, 3.23415268e-04, 1.29366107e-03, 6.46830536e-04,
       0., 2.91073741e-03, 1.29366107e-03, 0., 1.29366107e-03, 0., 0.,
       1.61707634e-03, 3.23415268e-03, 3.23415268e-04, 6.46830536e-04,
       6.46830536e-04, 1.94049161e-03, 6.46830536e-04, 0.,
       9.70245805e-04, 9.70245805e-04, 3.23415268e-04, 6.46830536e-04,
       1.29366107e-03, 6.46830536e-04, 3.23415268e-04, 9.70245805e-04,
       4.20439849e-03, 3.88098322e-03, 0., 0., 3.23415268e-04,
       6.46830536e-04, 9.70245805e-04, 1.61707634e-03, 3.88098322e-03,
       2.26390688e-03, 6.46830536e-04, 3.88098322e-03, 3.23415268e-04,
       9.70245805e-04, 3.23415268e-04, 2.91073741e-03, 1.29366107e-03,
