%YAML:1.0
m100n: !!opencv-matrix
   rows: 1
   cols: 800
   dt: f
   data: [ 4.06669365e-04, 0., 2.84668547e-03, 2.03334680e-03,
       4.06669365e-04, 0., 4.06669365e-04, 4.06669365e-04, 0.,
       1.62667746e-03, 4.06669365e-04, 1.22000813e-03, 0.,
       1.22000813e-03, 8.13338731e-04, 0., 8.13338731e-04,
       4.06669365e-04, 8.13338731e-04, 1.62667746e-03, 2.03334680e-03,
       3.25335492e-03, 8.13338731e-04, 5.28670195e-03, 1.62667746e-03,
       0., 3.66002438e-03, 0., 1.62667746e-03, 3.25335492e-03,
       3.66002438e-03, 2.44001625e-03, 2.84668547e-03, 8.13338731e-04,
       8.13338731e-04, 0., 8.13338731e-04, 8.13338731e-04,
       2.03334680e-03, 0., 1.62667746e-03, 4.06669365e-04, 0.,
       1.22000813e-03, 1.22000813e-03, 4.06669360e-03, 4.06669365e-04,
       2.03334680e-03, 0., 8.13338731e-04, 0., 1.22000813e-03,
       1.22000813e-03, 8.13338731e-04, 8.13338731e-04, 8.13338731e-04,
       8.13338731e-04, 2.84668547e-03, 1.22000813e-03, 8.13338731e-04,
       4.06669360e-03, 4.06669365e-04, 0., 4.06669365e-04,
       5.69337094e-03, 0., 3.25335492e-03, 4.06669365e-04,
       8.13338731e-04, 8.13338731e-04, 2.03334680e-03, 4.06669365e-04,
       4.06669365e-04, 8.13338731e-04, 2.44001625e-03, 1.22000813e-03,
       6.91337930e-03, 0., 1.62667746e-03, 4.47336305e-03,
       8.13338731e-04, 1.22000813e-03, 1.22000813e-03, 1.22000813e-03,
       1.22000813e-03, 1.22000813e-03, 1.22000813e-03, 8.13338731e-04,
       4.06669365e-04, 1.22000813e-03, 0., 4.06669365e-04,
       4.06669365e-04, 0., 1.62667746e-03, 4.06669365e-04,
       4.06669365e-04, 8.13338731e-04, 8.13338731e-04, 0.,
       8.13338731e-04, 8.13338731e-04, 2.03334680e-03, 8.13338731e-04,
       0., 3.25335492e-03, 8.13338731e-04, 2.03334680e-03,
       4.06669365e-04, 8.13338731e-04, 3.66002438e-03, 1.62667746e-03,
       2.84668547e-03, 0., 5.28670195e-03, 4.06669365e-04,
       2.03334680e-03, 1.22000813e-03, 1.62667746e-03, 1.22000813e-03,
       0., 0., 0., 4.06669360e-03, 0., 2.84668547e-03, 4.06669365e-04,
       0., 3.66002438e-03, 0., 3.66002438e-03, 1.22000813e-03,
       1.22000813e-03, 4.88003250e-03, 1.62667746e-03, 1.62667746e-03,
       4.06669365e-04, 1.22000813e-03, 8.13338731e-04, 2.84668547e-03,
       1.62667746e-03, 2.84668547e-03, 4.06669365e-04, 8.13338731e-04,
       4.06669365e-04, 0., 4.06669365e-04, 4.06669365e-04,
       4.06669365e-04, 0., 8.13338731e-04, 0., 1.22000813e-03,
       4.06669365e-04, 3.66002438e-03, 2.44001625e-03, 2.03334680e-03,
       4.06669365e-04, 0., 0., 0., 8.13338731e-04, 4.47336305e-03,
       4.06669365e-04, 8.13338731e-04, 8.13338731e-04, 0.,
       1.22000813e-03, 4.06669365e-04, 1.62667746e-03, 1.62667746e-03,
       3.25335492e-03, 0., 0., 2.44001625e-03, 5.28670195e-03,
       2.44001625e-03, 4.06669365e-04, 3.25335492e-03, 8.13338731e-04,
       1.22000813e-03, 1.62667746e-03, 0., 4.06669365e-04,
       8.13338731e-04, 0., 5.69337094e-03, 8.13338731e-04,
       3.66002438e-03, 8.13338731e-04, 2.44001625e-03, 8.13338731e-04,
       8.13338731e-04, 7.72671774e-03, 1.22000813e-03, 1.62667746e-03,
       4.06669365e-04, 1.62667746e-03, 1.62667746e-03, 4.88003250e-03,
       0., 8.13338731e-04, 1.22000813e-03, 1.62667746e-03,
       4.06669365e-04, 8.13338731e-04, 2.44001625e-03, 1.62667746e-03,
       8.13338731e-04, 0., 1.62667746e-03, 2.03334680e-03,
       4.06669365e-04, 3.25335492e-03, 4.06669365e-04, 2.84668547e-03,
       1.22000813e-03, 4.06669365e-04, 2.03334680e-03, 8.13338731e-04,
       8.13338731e-04, 0., 1.62667746e-03, 0., 4.06669365e-04,
       4.06669365e-04, 1.62667746e-03, 4.06669365e-04, 8.13338731e-04,
       0., 2.03334680e-03, 8.13338731e-04, 4.06669365e-04,
       3.66002438e-03, 2.03334680e-03, 0., 6.91337930e-03,
       1.22000813e-03, 2.44001625e-03, 0., 0., 4.06669365e-04, 0.,
       1.62667746e-03, 4.06669365e-04, 8.13338731e-04, 0.,
       4.06669365e-04, 8.13338731e-04, 1.22000813e-03, 0.,
       8.13338731e-04, 4.88003250e-03, 0., 5.28670195e-03,
       2.03334680e-03, 8.13338731e-04, 1.62667746e-03, 0.,
       2.03334680e-03, 4.06669365e-04, 4.06669365e-04, 4.06669365e-04,
       2.03334680e-03, 4.06669365e-04, 1.22000813e-03, 8.13338731e-04,
       4.06669365e-04, 0., 1.22000813e-03, 1.62667746e-03, 0.,
       2.03334680e-03, 5.69337094e-03, 3.66002438e-03, 1.62667746e-03,
       1.22000813e-03, 4.06669365e-04, 8.13338731e-04, 2.44001625e-03,
       8.13338731e-04, 2.44001625e-03, 4.06669365e-04, 4.06669365e-04,
       1.22000813e-03, 4.06669365e-04, 8.13338731e-04, 1.62667746e-03,
       8.13338731e-04, 4.06669360e-03, 5.69337094e-03, 8.13338731e-04,
       1.62667746e-03, 8.13338731e-04, 0., 3.66002438e-03, 0.,
       4.06669365e-04, 8.13338731e-04, 4.06669365e-04, 8.13338731e-04,
       0., 3.66002438e-03, 2.84668547e-03, 8.13338731e-04,
       8.13338731e-04, 4.06669365e-04, 0., 2.03334680e-03,
       2.03334680e-03, 2.03334680e-03, 2.03334680e-03, 2.44001625e-03,
       0., 3.25335492e-03, 8.13338731e-04, 2.03334680e-03,
       8.13338731e-04, 2.44001625e-03, 4.06669365e-04, 2.44001625e-03,
       4.06669365e-04, 0., 0., 8.13338731e-04, 0., 4.06669365e-04, 0.,
       0., 2.03334680e-03, 4.06669365e-04, 8.13338731e-04,
       1.62667746e-03, 4.06669365e-04, 8.13338731e-04, 4.06669365e-04,
       4.06669365e-04, 1.62667746e-03, 0., 1.22000813e-03,
       1.62667746e-03, 1.62667746e-03, 8.13338731e-04, 1.62667746e-03,
       1.62667746e-03, 4.06669365e-04, 4.06669365e-04, 1.22000813e-03,
       1.62667746e-03, 0., 3.25335492e-03, 8.13338731e-04,
       4.06669365e-04, 2.03334680e-03, 0., 4.06669365e-04,
       8.13338731e-04, 0., 0., 2.84668547e-03, 2.03334680e-03,
       1.62667746e-03, 8.13338731e-04, 8.13338731e-04, 2.84668547e-03,
       3.66002438e-03, 1.22000813e-03, 1.62667746e-03, 4.06669365e-04,
       4.06669365e-04, 2.84668547e-03, 8.13338731e-04, 0.,
       8.13338731e-04, 9.76006500e-03, 8.13338731e-04, 0.,
       3.66002438e-03, 1.62667746e-03, 4.06669365e-04, 6.50670985e-03,
       1.62667746e-03, 2.03334680e-03, 1.22000813e-03, 4.06669365e-04,
       8.13338731e-04, 8.13338731e-04, 2.44001625e-03, 2.03334680e-03,
       4.06669365e-04, 0., 2.03334680e-03, 4.06669365e-04,
       1.22000813e-03, 2.03334680e-03, 8.13338731e-04, 1.22000813e-03,
       1.22000813e-03, 8.13338731e-04, 1.22000813e-03, 4.06669365e-04,
       8.13338731e-04, 2.84668547e-03, 0., 2.03334680e-03,
       1.22000813e-03, 1.62667746e-03, 1.62667746e-03, 1.22000813e-03,
       0., 1.22000813e-03, 0., 8.13338731e-04, 1.62667746e-03, 0.,
       8.13338731e-04, 4.06669365e-04, 3.25335492e-03, 0.,
       5.28670195e-03, 2.44001625e-03, 0., 3.66002438e-03,
       8.13338731e-04, 1.22000813e-03, 2.03334680e-03, 4.06669365e-04,
       4.06669365e-04, 4.06669365e-04, 3.66002438e-03, 8.13338731e-04,
       0., 4.47336305e-03, 4.06669365e-04, 0., 8.13338731e-04, 0.,
       4.06669365e-04, 0., 0., 4.06669365e-04, 4.06669365e-04,
       1.62667746e-03, 4.06669365e-04, 2.03334680e-03, 0.,
       2.44001625e-03, 8.13338731e-04, 1.22000813e-03, 1.62667746e-03,
       1.22000813e-03, 8.13338731e-04, 4.06669365e-04, 1.22000813e-03,
       4.06669365e-04, 1.22000813e-03, 8.13338731e-04, 0.,
       1.22000813e-03, 4.06669365e-04, 1.62667746e-03, 0., 0.,
       1.22000813e-03, 0., 8.13338731e-04, 0., 1.62667746e-03,
       4.06669365e-04, 1.62667746e-03, 0., 4.06669365e-04,
       4.47336305e-03, 4.06669365e-04, 4.06669365e-04, 2.03334680e-03,
       0., 8.13338731e-04, 1.62667746e-03, 4.06669360e-03,
       8.13338731e-04, 4.06669365e-04, 0., 4.06669365e-04, 0., 0.,
       4.06669365e-04, 8.13338731e-04, 2.84668547e-03, 4.06669365e-04,
       1.62667746e-03, 3.25335492e-03, 4.06669365e-04, 0.,
       8.13338731e-04, 4.47336305e-03, 8.13338731e-04, 4.06669365e-04,
       0., 0., 1.62667746e-03, 0., 0., 4.06669365e-04, 8.13338731e-04,
       6.10004039e-03, 4.06669360e-03, 1.22000813e-03, 4.06669365e-04,
       3.25335492e-03, 4.06669365e-04, 4.06669365e-04, 1.62667746e-03,
