%YAML:1.0
m100n: !!opencv-matrix
   rows: 1
   cols: 800
   dt: f
   data: [ 3.84911458e-04, 1.53964583e-03, 3.84911458e-04, 0.,
       1.15473440e-03, 0., 0., 3.84911458e-04, 0., 7.69822916e-04,
       7.69822916e-04, 1.15473440e-03, 1.15473440e-03, 3.84911458e-04,
       0., 3.84911458e-04, 3.84911458e-04, 3.84911458e-04,
       2.69438024e-03, 2.69438024e-03, 0., 3.84911452e-03,
       3.84911458e-04, 1.00076981e-02, 1.53964583e-03, 0.,
       3.07929167e-03, 1.15473440e-03, 1.15473440e-03, 2.46343333e-02,
       2.30946881e-03, 1.15473440e-03, 2.69438024e-03, 7.69822916e-04,
       7.69822916e-04, 3.07929167e-03, 0., 0., 2.69438024e-03, 0.,
       3.84911458e-04, 0., 1.53964583e-03, 0., 1.92455726e-03,
       1.92455726e-03, 3.84911458e-04, 1.53964583e-03, 1.15473440e-03,
       3.84911458e-04, 0., 7.69822916e-04, 1.15473440e-03, 0.,
       7.69822916e-04, 7.69822916e-04, 3.84911458e-04, 4.23402619e-03,
       1.15473440e-03, 1.15473440e-03, 2.69438024e-03, 7.69822916e-04,
       7.69822916e-04, 0., 3.46420310e-03, 0., 0., 3.84911458e-04,
       8.08314048e-03, 7.69822916e-04, 2.69438024e-03, 0.,
       1.15473440e-03, 3.84911458e-04, 1.15473440e-03, 2.30946881e-03,
       3.84911458e-04, 0., 1.15473440e-03, 2.30946881e-03, 0.,
       3.84911458e-04, 0., 1.92455726e-03, 1.15473440e-03,
       3.84911458e-04, 3.07929167e-03, 3.84911458e-04, 1.92455726e-03,
       3.84911458e-04, 0., 3.84911458e-04, 3.84911458e-04, 0.,
       7.69822916e-04, 3.84911458e-04, 3.84911458e-04, 1.15473440e-03,
       7.69822916e-04, 3.84911458e-04, 7.69822916e-04, 3.84911458e-04,
       7.69822916e-04, 1.53964583e-03, 0., 4.61893762e-03,
       3.07929167e-03, 4.23402619e-03, 3.84911458e-04, 7.69822916e-04,
       4.23402619e-03, 1.53964583e-03, 5.00384904e-03, 1.15473440e-03,
       8.85296334e-03, 0., 3.07929167e-03, 3.84911458e-04,
       7.69822916e-04, 3.84911458e-04, 1.92455726e-03, 1.15473440e-03,
       0., 1.15473440e-03, 0., 2.69438024e-03, 7.69822916e-04,
       3.84911458e-04, 5.77367190e-03, 0., 3.84911452e-03, 0.,
       1.53964583e-03, 2.30946881e-03, 7.69822916e-04, 7.69822916e-04,
       3.84911458e-04, 3.84911458e-04, 1.15473440e-03, 7.69822916e-04,
       3.46420310e-03, 3.07929167e-03, 3.84911458e-04, 3.84911458e-04,
       3.84911458e-04, 0., 0., 1.15473440e-03, 0., 7.69822916e-04,
       4.23402619e-03, 0., 2.69438024e-03, 1.15473440e-03,
       2.30946881e-03, 7.31331762e-03, 3.46420310e-03, 7.69822916e-04,
       0., 1.53964583e-03, 1.15473440e-03, 2.30946881e-03,
       3.46420310e-03, 2.30946881e-03, 1.15473440e-03, 0., 0.,
       3.84911458e-04, 3.84911458e-04, 3.84911458e-04, 1.92455726e-03,
       8.46805237e-03, 3.84911458e-04, 7.69822916e-04, 1.53964583e-03,
       4.61893762e-03, 0., 1.92455726e-03, 4.61893762e-03,
       7.69822916e-04, 3.07929167e-03, 2.30946881e-03, 3.84911458e-04,
       1.15473440e-03, 1.15473440e-03, 0., 1.15473440e-03,
       3.84911458e-04, 3.84911458e-04, 7.69822916e-04, 7.69822916e-04,
       0., 2.30946881e-03, 2.30946881e-03, 0., 1.15473440e-03,
       1.15473440e-03, 1.53964583e-03, 3.84911458e-04, 2.69438024e-03,
       1.92455726e-03, 0., 1.15473440e-03, 3.07929167e-03, 0.,
       1.92455726e-03, 1.53964583e-03, 0., 7.69822916e-04, 0.,
       3.84911458e-04, 2.69438024e-03, 0., 3.84911458e-04,
       1.15473440e-03, 1.92455726e-03, 7.69822916e-04, 3.84911458e-04,
       1.15473440e-03, 0., 1.92455726e-03, 0., 3.46420310e-03,
       3.84911458e-04, 3.84911452e-03, 0., 2.30946881e-03,
       1.53964583e-03, 3.84911458e-04, 1.15473440e-03, 1.92455726e-03,
       1.15473440e-03, 7.69822916e-04, 1.92455726e-03, 1.15473440e-03,
       2.30946881e-03, 6.92840619e-03, 3.46420310e-03, 1.15473440e-03,
       1.53964583e-03, 3.84911458e-04, 7.69822916e-04, 7.69822916e-04,
       3.46420310e-03, 0., 1.15473440e-03, 3.84911458e-04,
       7.69822916e-04, 0., 0., 0., 1.53964583e-03, 4.61893762e-03, 0.,
       2.69438024e-03, 3.84911458e-04, 2.30946881e-03, 1.53964583e-03,
       1.53964583e-03, 2.69438024e-03, 1.53964583e-03, 3.84911458e-04,
       0., 1.15473440e-03, 1.92455726e-03, 3.84911458e-04,
       3.07929167e-03, 3.84911458e-04, 0., 1.15473440e-03,
       3.84911452e-03, 7.69822916e-04, 3.84911458e-04, 1.92455726e-03,
       3.84911452e-03, 1.15473440e-03, 1.15473440e-03, 3.84911458e-04,
       0., 1.92455726e-03, 3.84911458e-04, 1.15473440e-03,
       1.92455726e-03, 0., 7.69822916e-04, 1.15473440e-03,
       1.92455726e-03, 1.15473440e-03, 0., 1.92455726e-03,
       1.92455726e-03, 3.84911458e-04, 7.69822916e-04, 1.53964583e-03,
       1.53964583e-03, 7.69822916e-04, 3.84911458e-04, 3.84911458e-04,
       3.84911458e-04, 0., 3.84911458e-04, 3.84911458e-04,
       1.92455726e-03, 2.69438024e-03, 0., 0., 1.92455726e-03, 0.,
       7.69822916e-04, 3.84911458e-04, 1.92455726e-03, 3.46420310e-03,
       3.84911452e-03, 7.69822916e-04, 3.84911458e-04, 3.84911452e-03,
       1.92455726e-03, 1.53964583e-03, 1.53964583e-03, 0.,
       3.84911458e-04, 0., 1.92455726e-03, 3.84911458e-04,
       3.84911458e-04, 3.84911458e-04, 1.53964583e-03, 0., 0.,
       7.69822916e-04, 7.69822916e-04, 7.69822916e-04, 1.92455726e-03,
       1.53964583e-03, 1.15473440e-03, 3.07929167e-03, 1.92455726e-03,
       3.84911458e-04, 7.69822916e-04, 3.84911458e-04, 1.15473440e-03,
       1.53964583e-03, 7.69822916e-04, 0., 1.15473440e-03, 0.,
       3.84911458e-04, 3.84911458e-04, 3.84911458e-04, 3.84911458e-04,
       3.84911452e-03, 0., 0., 1.92455726e-03, 3.84911458e-04,
       3.46420310e-03, 1.92455726e-03, 7.69822916e-04, 2.69438024e-03,
       3.46420310e-03, 7.69822916e-04, 2.30946881e-03, 1.15473440e-03,
       0., 1.15473440e-03, 4.61893762e-03, 7.69822916e-04,
       7.69822916e-04, 3.84911458e-04, 0., 6.15858333e-03,
       1.53964583e-03, 3.84911458e-04, 1.92455726e-03, 5.77367190e-03,
       2.69438024e-03, 0., 1.15473440e-03, 3.84911458e-04,
       7.69822916e-04, 3.07929167e-03, 7.69822916e-04, 1.92455726e-03,
       7.69822916e-04, 0., 1.15473440e-03, 3.84911458e-04,
       2.30946881e-03, 3.84911458e-04, 3.84911458e-04, 1.53964583e-03,
       4.61893762e-03, 7.69822916e-04, 6.54349476e-03, 7.69822916e-04,
       0., 7.69822916e-04, 3.84911458e-04, 3.07929167e-03,
       1.92455726e-03, 3.84911458e-04, 7.69822916e-04, 1.53964583e-03,
       2.30946881e-03, 7.69822916e-04, 1.53964583e-03, 7.69822916e-04,
       3.84911458e-04, 7.69822916e-04, 3.84911458e-04, 7.69822916e-04,
       1.15473440e-03, 0., 3.84911458e-04, 0., 3.84911458e-04,
       1.15473440e-03, 1.15473440e-03, 0., 4.23402619e-03,
       2.30946881e-03, 0., 3.84911452e-03, 7.69822916e-04,
       1.53964583e-03, 2.30946881e-03, 1.15473440e-03, 3.84911458e-04,
       0., 2.30946881e-03, 3.84911458e-04, 1.15473440e-03,
       1.92455726e-03, 3.84911458e-04, 1.15473440e-03, 2.69438024e-03,
       0., 7.69822916e-04, 7.69822916e-04, 0., 4.23402619e-03, 0.,
       7.69822916e-04, 2.69438024e-03, 2.30946881e-03, 1.15473440e-03,
       1.15473440e-03, 3.84911458e-04, 0., 0., 7.69822916e-04,
       3.84911458e-04, 3.84911458e-04, 5.00384904e-03, 1.15473440e-03,
       3.84911458e-04, 4.23402619e-03, 0., 2.30946881e-03,
       7.69822916e-04, 1.92455726e-03, 7.69822916e-04, 1.15473440e-03,
       1.53964583e-03, 1.92455726e-03, 0., 0., 0., 0., 1.92455726e-03,
       0., 0., 2.30946881e-03, 7.69822916e-04, 3.84911458e-04,
       3.84911458e-04, 1.53964583e-03, 0., 7.69822916e-04,
       1.53964583e-03, 0., 3.84911458e-04, 0., 7.69822916e-04,
       3.84911458e-04, 3.84911458e-04, 0., 3.84911458e-04, 0.,
       3.84911458e-04, 1.53964583e-03, 1.15473440e-03, 7.69822916e-04,
       7.69822916e-04, 7.69822916e-04, 3.46420310e-03, 3.84911458e-04,
       7.69822916e-04, 3.84911458e-04, 0., 1.53964583e-03, 0.,
       5.38876047e-03, 0., 1.15473440e-03, 6.54349476e-03,
       2.30946881e-03, 3.46420310e-03, 3.84911458e-04, 3.84911458e-04,
       3.84911458e-04, 0., 1.15473440e-03, 3.84911458e-04, 0., 0.,
       7.69822916e-04, 7.69822916e-04, 3.84911458e-04, 1.15473440e-03,
