%YAML:1.0
m100n: !!opencv-matrix
   rows: 1
   cols: 800
   dt: f
   data: [ 8.28500430e-04, 4.97100269e-03, 3.31400172e-03,
       2.48550135e-03, 2.48550135e-03, 0., 0., 8.28500430e-04,
       4.14250215e-04, 4.55675228e-03, 4.14250215e-04, 1.24275067e-03,
       8.28500430e-04, 3.72825190e-03, 8.28500430e-04, 2.48550135e-03,
       4.55675228e-03, 0., 8.28500430e-04, 8.28500430e-04,
       4.14250215e-04, 8.28500430e-04, 3.72825190e-03, 8.28500430e-04,
       0., 0., 1.65700086e-03, 4.14250215e-04, 8.28500430e-04,
       1.65700086e-03, 2.07125116e-03, 8.28500430e-04, 3.31400172e-03,
       8.28500430e-04, 0., 4.14250215e-04, 3.31400172e-03, 0.,
       4.14250215e-04, 0., 0., 4.14250215e-04, 8.28500430e-04,
       8.28500430e-04, 8.28500430e-04, 4.14250232e-03, 1.65700086e-03,
       3.72825190e-03, 8.28500430e-04, 0., 0., 4.14250215e-04,
       2.07125116e-03, 0., 8.28500430e-04, 4.14250215e-04,
       8.28500430e-04, 3.72825190e-03, 1.24275067e-03, 1.24275067e-03,
       3.31400172e-03, 0., 1.24275067e-03, 1.24275067e-03,
       3.31400172e-03, 4.14250215e-04, 8.28500430e-04, 8.28500430e-04,
       1.24275067e-03, 4.14250215e-04, 3.31400172e-03, 8.28500430e-04,
       2.07125116e-03, 4.14250215e-04, 1.24275067e-03, 1.65700086e-03,
       1.24275067e-03, 0., 8.28500430e-04, 3.72825190e-03,
       5.38525265e-03, 1.65700086e-03, 4.14250215e-04, 8.28500430e-04,
       1.24275067e-03, 7.45650381e-03, 2.07125116e-03, 3.31400172e-03,
       1.24275067e-03, 8.28500430e-04, 0., 0., 0., 0., 1.65700086e-03,
       4.14250215e-04, 4.14250215e-04, 3.72825190e-03, 0.,
       8.28500430e-04, 4.14250215e-04, 0., 2.89975153e-03, 0.,
       8.28500430e-04, 1.65700086e-03, 1.65700086e-03, 1.65700086e-03,
       1.24275067e-03, 4.14250215e-04, 6.62800344e-03, 1.65700086e-03,
       2.07125116e-03, 0., 7.45650381e-03, 0., 1.03562558e-02, 0.,
       5.38525265e-03, 0., 8.28500430e-04, 1.24275067e-03,
       1.65700086e-03, 4.14250232e-03, 0., 3.31400172e-03,
       4.14250215e-04, 0., 2.89975153e-03, 4.14250215e-04,
       2.48550135e-03, 2.07125116e-03, 2.48550135e-03, 7.04225386e-03,
       4.14250215e-04, 4.14250215e-04, 0., 8.28500430e-04,
       4.14250215e-04, 1.24275067e-03, 2.48550135e-03, 1.24275067e-03,
       0., 1.65700086e-03, 8.28500430e-04, 4.14250215e-04,
       4.14250215e-04, 1.65700086e-03, 0., 4.14250215e-04,
       4.14250215e-04, 0., 4.14250215e-04, 8.28500430e-04,
       1.24275067e-03, 3.31400172e-03, 8.28500430e-04, 0., 0.,
       8.28500430e-04, 4.14250215e-04, 4.55675228e-03, 8.28500430e-04,
       4.14250215e-04, 2.48550135e-03, 2.07125116e-03, 4.14250215e-04,
       1.24275067e-03, 8.28500430e-04, 4.14250215e-04, 4.14250215e-04,
       2.89975153e-03, 4.14250215e-04, 0., 1.24275067e-03,
       4.14250215e-04, 0., 2.89975153e-03, 4.55675228e-03, 0.,
       2.48550135e-03, 2.89975153e-03, 1.65700086e-03, 1.24275067e-03,
       8.28500430e-04, 4.14250215e-04, 1.65700086e-03, 0.,
       1.65700086e-03, 0., 4.14250232e-03, 1.24275067e-03,
       2.07125116e-03, 5.38525265e-03, 2.07125116e-03, 4.14250232e-03,
       4.14250215e-04, 4.14250215e-04, 8.28500430e-04, 2.89975153e-03,
       4.14250215e-04, 8.28500430e-04, 4.14250215e-04, 1.24275067e-03,
       6.21375302e-03, 0., 8.69925413e-03, 2.89975153e-03,
       4.14250215e-04, 0., 8.28500430e-04, 1.65700086e-03,
       4.14250215e-04, 4.14250215e-04, 8.28500430e-04, 1.65700086e-03,
       1.24275067e-03, 1.24275067e-03, 3.31400172e-03, 1.24275067e-03,
       1.24275067e-03, 8.28500430e-04, 8.28500430e-04, 4.14250215e-04,
       2.07125116e-03, 4.14250215e-04, 4.14250215e-04, 1.24275067e-03,
       0., 1.24275067e-03, 1.65700086e-03, 4.14250215e-04,
       4.14250215e-04, 2.89975153e-03, 4.14250215e-04, 1.24275067e-03,
       1.24275067e-03, 3.72825190e-03, 8.28500430e-04, 0.,
       8.28500430e-04, 1.24275067e-03, 1.24275067e-03, 1.65700086e-03,
       0., 2.89975153e-03, 0., 1.24275067e-03, 4.14250215e-04,
       2.07125116e-03, 4.14250215e-04, 0., 0., 0., 4.14250232e-03,
       1.65700086e-03, 4.14250215e-04, 1.24275067e-03, 8.28500430e-04,
       1.65700086e-03, 2.07125116e-03, 0., 0., 4.14250232e-03,
       1.65700086e-03, 8.28500430e-04, 8.28500430e-04, 3.31400172e-03,
       0., 4.14250215e-04, 1.24275067e-03, 0., 2.07125116e-03,
       5.79950307e-03, 2.07125116e-03, 4.14250215e-04, 1.24275067e-03,
       4.14250215e-04, 8.28500430e-04, 8.28500430e-04, 1.65700086e-03,
       2.07125116e-03, 8.28500430e-04, 4.14250215e-04, 1.65700086e-03,
       8.28500430e-04, 3.72825190e-03, 8.28500430e-04, 4.14250215e-04,
       5.79950307e-03, 2.48550135e-03, 1.24275067e-03, 4.14250215e-04,
       0., 4.14250215e-04, 1.24275067e-03, 8.28500430e-04, 0.,
       4.14250215e-04, 4.14250215e-04, 0., 4.14250215e-04,
       4.14250215e-04, 2.48550135e-03, 8.28500430e-04, 8.28500430e-04,
       0., 4.14250215e-04, 4.55675228e-03, 1.24275067e-03,
       1.24275067e-03, 0., 2.48550135e-03, 0., 8.28500430e-04,
       4.14250215e-04, 0., 4.14250215e-04, 0., 0., 4.14250215e-04, 0.,
       4.14250215e-04, 4.14250215e-04, 8.28500430e-04, 4.14250215e-04,
       2.89975153e-03, 0., 0., 2.07125116e-03, 0., 4.14250215e-04,
       4.14250215e-04, 2.07125116e-03, 8.28500430e-04, 0.,
       5.38525265e-03, 0., 4.14250215e-04, 0., 1.24275067e-03,
       1.24275067e-03, 0., 1.65700086e-03, 4.14250215e-04,
       1.24275067e-03, 4.14250215e-04, 2.48550135e-03, 8.28500430e-04,
       0., 2.07125116e-03, 8.28500430e-04, 1.24275067e-03,
       2.07125116e-03, 4.14250215e-04, 2.07125116e-03, 1.65700086e-03,
       4.14250215e-04, 4.14250215e-04, 1.24275067e-03, 2.07125116e-03,
       8.28500430e-04, 4.14250215e-04, 0., 0., 3.31400172e-03, 0., 0.,
       0., 2.07125116e-03, 1.24275067e-03, 0., 4.14250215e-04,
       1.24275067e-03, 1.65700086e-03, 8.28500430e-04, 0., 0.,
       8.28500430e-04, 0., 4.97100269e-03, 0., 3.31400172e-03,
       4.14250215e-04, 4.97100269e-03, 0., 4.14250215e-04, 0.,
       4.14250215e-04, 1.24275067e-03, 2.07125116e-03, 2.07125116e-03,
       1.65700086e-03, 5.38525265e-03, 4.14250215e-04, 8.28500430e-04,
       2.89975153e-03, 1.65700086e-03, 2.89975153e-03, 8.28500430e-04,
       8.28500430e-04, 0., 2.07125116e-03, 2.48550135e-03,
       8.28500430e-04, 1.24275067e-03, 1.65700086e-03, 0.,
       8.28500430e-04, 1.65700086e-03, 4.14250215e-04, 1.65700086e-03,
       8.28500430e-04, 1.65700086e-03, 8.28500430e-04, 0., 0.,
       2.89975153e-03, 0., 8.28500430e-04, 4.14250215e-04, 0.,
       2.07125116e-03, 0., 4.14250215e-04, 8.28500430e-04,
       2.48550135e-03, 1.24275067e-03, 0., 8.28500430e-04,
       1.65700086e-03, 2.07125116e-03, 5.38525265e-03, 4.14250215e-04,
       1.65700086e-03, 2.07125116e-03, 0., 0., 4.14250215e-04, 0.,
       2.07125116e-03, 4.14250215e-04, 4.14250215e-04, 4.14250215e-04,
       4.14250215e-04, 1.65700086e-03, 2.48550135e-03, 4.14250215e-04,
       8.28500430e-04, 0., 8.28500430e-04, 1.24275067e-03, 0.,
       4.55675228e-03, 8.28500430e-04, 4.14250215e-04, 6.21375302e-03,
       0., 4.14250215e-04, 0., 5.38525265e-03, 0., 0., 1.65700086e-03,
       4.14250215e-04, 0., 4.14250215e-04, 2.48550135e-03,
       4.14250215e-04, 1.65700086e-03, 2.48550135e-03, 2.07125116e-03,
       4.97100269e-03, 8.28500430e-04, 8.28500430e-04, 8.28500430e-04,
       4.14250215e-04, 4.14250215e-04, 0., 1.65700086e-03, 0.,
       1.24275067e-03, 4.14250215e-04, 8.28500430e-04, 4.14250215e-04,
       4.14250215e-04, 4.14250215e-04, 1.65700086e-03, 3.31400172e-03,
       8.28500430e-04, 2.89975153e-03, 4.14250215e-04, 0.,
       2.07125116e-03, 1.24275067e-03, 1.24275067e-03, 0., 0., 0.,
       4.14250215e-04, 4.14250215e-04, 8.28500430e-04, 1.65700086e-03,
       4.14250215e-04, 1.24275067e-03, 2.07125116e-03, 2.48550135e-03,
       0., 4.14250215e-04, 4.97100269e-03, 1.24275067e-03, 0.,
       1.65700086e-03, 1.24275067e-03, 4.14250215e-04, 0., 0.,
       4.14250215e-04, 8.28500430e-04, 8.28500430e-04, 8.28500430e-04,
       0., 1.24275067e-03, 8.28500430e-04, 0., 0., 8.28500430e-04,
