%YAML:1.0
m100n: !!opencv-matrix
   rows: 1
   cols: 800
   dt: f
   data: [ 3.39558581e-04, 1.01867574e-03, 2.71646865e-03,
       6.79117162e-04, 0., 0., 0., 0., 0., 1.01867574e-03,
       1.01867574e-03, 1.01867574e-03, 6.45161327e-03, 3.05602723e-03,
       3.39558581e-04, 2.37691007e-03, 2.37691007e-03, 6.79117162e-04,
       6.79117162e-04, 6.79117162e-04, 3.39558581e-04, 1.69779290e-03,
       6.79117162e-04, 4.75382013e-03, 1.35823432e-03, 0.,
       1.69779290e-03, 1.35823432e-03, 1.69779290e-03, 3.39558581e-03,
       6.79117162e-04, 1.69779290e-03, 3.39558581e-04, 0., 0., 0., 0.,
       6.79117162e-04, 1.69779290e-03, 0., 6.79117162e-04,
       6.79117162e-04, 3.39558581e-04, 3.39558581e-04, 1.35823432e-03,
       1.35823432e-03, 2.03735149e-03, 5.09337895e-03, 6.79117162e-03,
       3.39558581e-04, 0., 3.39558581e-04, 0., 6.79117162e-04,
       1.69779290e-03, 0., 3.39558581e-04, 6.79117162e-04,
       1.35823432e-03, 0., 1.22241089e-02, 0., 1.35823432e-03, 0.,
       3.73514439e-03, 0., 3.39558581e-04, 6.79117162e-04,
       1.01867574e-03, 1.35823432e-03, 4.07470297e-03, 0.,
       6.79117162e-04, 1.35823432e-03, 1.35823432e-03, 3.39558581e-03,
       4.75382013e-03, 0., 1.01867574e-03, 1.01867574e-03,
       6.79117162e-04, 1.69779290e-03, 6.79117162e-04, 1.01867574e-03,
       0., 1.35823432e-03, 3.39558581e-04, 1.01867574e-03,
       3.39558581e-04, 6.79117162e-04, 6.79117162e-04, 3.39558581e-04,
       3.39558581e-04, 0., 6.79117162e-04, 1.01867574e-03, 0.,
       2.37691007e-03, 0., 6.79117162e-04, 3.39558581e-04,
       6.79117162e-04, 1.69779290e-03, 0., 6.79117162e-04,
       3.05602723e-03, 1.69779290e-03, 2.03735149e-03, 2.37691007e-03,
       1.01867574e-03, 2.71646865e-03, 6.79117162e-04, 5.77249564e-03,
       0., 9.50764026e-03, 0., 6.11205446e-03, 0., 6.79117162e-04, 0.,
       3.39558581e-04, 1.01867574e-03, 1.01867574e-03, 7.47028878e-03,
       0., 1.35823432e-03, 1.35823432e-03, 6.79117162e-04,
       1.01867574e-03, 6.79117162e-04, 1.01867579e-02, 3.39558581e-04,
       3.05602723e-03, 2.71646865e-03, 1.01867574e-03, 2.71646865e-03,
       0., 6.79117162e-04, 3.39558581e-04, 1.35823432e-03,
       1.69779290e-03, 1.69779290e-03, 6.79117162e-04, 6.79117162e-04,
       3.39558581e-04, 3.39558581e-04, 6.79117162e-04, 6.79117162e-04,
       0., 0., 6.79117162e-03, 3.39558581e-04, 1.69779290e-03, 0.,
       1.69779290e-03, 2.03735149e-03, 1.73174869e-02, 0.,
       3.39558581e-04, 3.39558581e-04, 3.39558581e-04, 3.39558581e-03,
       6.79117162e-04, 3.39558581e-04, 6.11205446e-03, 1.01867574e-03,
       6.79117162e-04, 3.39558581e-04, 6.79117162e-04, 6.79117162e-04,
       0., 3.05602723e-03, 0., 0., 1.35823432e-03, 7.47028878e-03,
       3.39558581e-04, 6.79117162e-04, 1.01867574e-03, 0.,
       4.41426132e-03, 0., 1.69779290e-03, 0., 1.01867574e-03, 0.,
       1.35823432e-03, 1.69779290e-03, 1.01867574e-03, 3.39558581e-04,
       5.77249564e-03, 3.39558581e-04, 1.01867574e-03, 1.69779290e-03,
       3.39558581e-04, 1.01867574e-03, 6.79117162e-04, 3.39558581e-04,
       3.39558581e-04, 2.03735149e-03, 6.79117162e-04, 6.79117162e-04,
       1.69779290e-03, 1.35823432e-03, 6.79117162e-04, 1.69779290e-03,
       2.71646865e-03, 2.03735149e-03, 0., 0., 2.37691007e-03, 0.,
       3.05602723e-03, 3.39558581e-04, 0., 3.39558581e-04,
       6.79117162e-04, 3.39558581e-04, 3.39558581e-04, 6.79117162e-04,
       6.79117162e-04, 3.39558581e-04, 3.05602723e-03, 0.,
       3.05602723e-03, 0., 6.79117162e-04, 3.39558581e-04,
       6.79117162e-04, 1.01867574e-03, 6.79117162e-04, 1.01867574e-03,
       1.01867574e-03, 1.01867574e-03, 0., 4.41426132e-03,
       5.43293729e-03, 5.43293729e-03, 3.39558581e-04, 0., 0.,
       1.01867574e-03, 0., 3.05602723e-03, 0., 2.37691007e-03,
       1.35823432e-03, 1.01867574e-03, 1.01867574e-03, 3.39558581e-04,
       6.79117162e-04, 0., 1.69779290e-03, 0., 1.69779290e-03,
       1.69779290e-03, 6.79117162e-04, 0., 0., 1.35823432e-03,
       6.79117162e-04, 3.39558581e-04, 0., 0., 2.03735149e-03,
       3.39558581e-04, 1.35823432e-03, 3.39558581e-04, 0.,
       1.01867574e-03, 3.05602723e-03, 1.01867574e-03, 1.35823432e-03,
       1.01867574e-03, 5.77249564e-03, 3.05602723e-03, 1.35823432e-03,
       0., 1.35823432e-03, 1.01867574e-03, 0., 6.79117162e-04, 0., 0.,
       3.39558581e-04, 3.39558581e-04, 2.71646865e-03, 6.79117162e-04,
       0., 2.37691007e-03, 1.69779290e-03, 1.69779290e-03,
       1.01867574e-03, 1.01867574e-03, 1.01867574e-03, 1.69779290e-03,
       0., 1.01867574e-03, 0., 3.39558581e-04, 3.39558581e-04,
       2.03735149e-03, 1.35823432e-03, 2.37691007e-03, 0.,
       3.39558581e-04, 0., 3.39558581e-04, 3.73514439e-03, 0.,
       1.01867574e-03, 6.79117162e-04, 2.37691007e-03, 3.39558581e-04,
       1.69779290e-03, 2.71646865e-03, 6.79117162e-04, 0.,
       3.39558581e-04, 0., 6.79117162e-04, 3.39558581e-04,
       6.79117162e-04, 1.01867574e-03, 3.39558581e-04, 6.79117162e-04,
       2.71646865e-03, 0., 3.39558581e-04, 4.41426132e-03,
       3.39558581e-04, 3.25976238e-02, 2.03735149e-03, 1.01867574e-03,
       6.79117162e-04, 6.79117162e-04, 1.35823432e-03, 1.01867574e-03,
       6.79117162e-04, 3.39558581e-04, 0., 0., 1.01867574e-03,
       1.35823432e-03, 1.35823432e-03, 0., 0., 1.01867574e-03, 0.,
       3.39558581e-04, 5.77249564e-03, 0., 3.39558581e-04,
       2.71646865e-03, 0., 1.22241089e-02, 3.73514439e-03,
       3.39558581e-04, 3.39558581e-04, 2.37691007e-03, 6.79117162e-04,
       6.79117162e-04, 6.79117162e-04, 3.39558581e-04, 1.01867574e-03,
       3.05602723e-03, 0., 0., 3.39558581e-04, 3.39558581e-04,
       4.07470297e-03, 6.79117162e-04, 3.39558581e-04, 1.01867574e-03,
       3.39558581e-03, 1.69779290e-03, 0., 0., 6.79117162e-04, 0.,
       3.05602723e-03, 1.01867574e-03, 3.39558581e-03, 1.01867574e-03,
       3.39558581e-04, 0., 1.35823432e-03, 2.03735149e-03,
       1.69779290e-03, 1.01867574e-03, 6.79117162e-04, 2.03735149e-03,
       6.79117162e-04, 2.03735149e-03, 0., 0., 1.35823432e-03,
       1.35823432e-03, 2.03735149e-03, 2.03735149e-03, 1.35823432e-03,
       3.39558581e-04, 6.79117162e-04, 6.79117162e-04, 3.39558581e-04,
       0., 1.35823432e-03, 1.01867574e-03, 6.79117162e-04,
       3.39558581e-04, 3.39558581e-04, 3.73514439e-03, 1.01867574e-03,
       3.39558581e-04, 6.79117162e-04, 1.01867574e-03, 6.79117162e-04,
       1.01867574e-03, 0., 5.09337895e-03, 0., 1.01867574e-03,
       2.71646865e-03, 0., 0., 3.39558581e-04, 3.05602723e-03,
       3.39558581e-04, 6.79117162e-04, 6.79117162e-04, 1.35823432e-03,
       3.39558581e-04, 2.37691007e-03, 3.39558581e-04, 6.79117162e-04,
       2.37691007e-03, 0., 0., 0., 0., 0., 1.01867574e-03,
       3.39558581e-04, 3.73514439e-03, 3.39558581e-04, 0.,
       2.71646865e-03, 3.39558581e-04, 6.79117162e-04, 6.79117162e-04,
       6.79117162e-04, 3.39558581e-04, 3.39558581e-04, 3.39558581e-03,
       1.35823432e-03, 3.05602723e-03, 2.71646865e-03, 1.01867574e-03,
       3.39558581e-04, 0., 3.39558581e-04, 1.01867574e-03,
       1.69779290e-03, 0., 3.39558581e-04, 0., 3.39558581e-04,
       1.01867574e-03, 3.39558581e-04, 3.39558581e-04, 1.01867574e-03,
       2.03735149e-03, 4.41426132e-03, 0., 6.79117162e-04,
       1.35823432e-03, 0., 0., 0., 3.73514439e-03, 3.39558581e-04,
       1.01867574e-03, 6.79117162e-04, 6.79117162e-04, 3.39558581e-04,
       0., 3.39558581e-04, 1.01867574e-03, 1.01867574e-03,
       3.39558581e-04, 3.39558581e-04, 3.39558581e-04, 0.,
       6.79117162e-04, 2.03735149e-03, 7.13072997e-03, 3.39558581e-04,
       0., 0., 0., 6.79117162e-04, 6.79117162e-04, 6.79117162e-04,
       6.79117162e-04, 6.79117162e-04, 4.07470297e-03, 6.79117162e-04,
       0., 6.79117162e-04, 6.79117162e-04, 3.39558581e-04, 0., 0., 0.,
       0., 6.79117162e-04, 0., 6.79117162e-04, 3.39558581e-04,
       3.39558581e-04, 1.35823432e-03, 0., 6.79117162e-04, 0.,
       1.01867574e-03, 0., 0., 0., 6.79117162e-04, 0., 2.03735149e-03,
       1.01867574e-03, 0., 6.79117162e-04, 0., 0., 3.39558581e-04,
