%YAML:1.0
m100n: !!opencv-matrix
   rows: 1
   cols: 800
   dt: f
   data: [ 9.60922509e-04, 1.60153746e-03, 1.60153746e-03, 0.,
       2.24215258e-03, 6.40615006e-04, 0., 3.20307503e-04, 0.,
       2.24215258e-03, 1.28123001e-03, 2.24215258e-03, 1.92184502e-03,
       4.48430516e-03, 3.20307503e-04, 3.84369004e-03, 2.88276747e-03,
       6.40615006e-04, 6.40615006e-04, 9.60922509e-04, 0.,
       5.76553494e-03, 0., 2.88276747e-03, 0., 3.20307503e-04,
       9.60922509e-04, 0., 3.52338259e-03, 1.60153746e-03,
       1.60153746e-03, 9.60922509e-04, 1.60153746e-03, 9.60922509e-04,
       0., 1.60153746e-03, 0., 0., 1.92184502e-03, 3.20307503e-04, 0.,
       9.60922509e-04, 6.40615006e-04, 0., 1.28123001e-03,
       2.88276747e-03, 9.60922509e-04, 1.60153746e-03, 6.40615006e-04,
       0., 6.40615006e-04, 2.24215258e-03, 2.24215258e-03,
       6.40615006e-04, 1.60153746e-03, 1.60153746e-03, 0.,
       1.92184502e-03, 2.24215258e-03, 0., 3.20307491e-03, 0.,
       6.40615006e-04, 6.40615006e-04, 1.60153746e-03, 6.40615006e-04,
       3.20307503e-04, 3.20307503e-04, 3.20307491e-03, 9.60922509e-04,
       1.60153746e-03, 0., 6.40615006e-04, 9.60922509e-04,
       3.20307491e-03, 1.92184502e-03, 3.20307491e-03, 0.,
       2.88276747e-03, 1.60153746e-03, 0., 1.28123001e-03,
       6.40615006e-04, 3.20307503e-04, 3.20307503e-04, 3.20307491e-03,
       0., 2.24215258e-03, 3.84369004e-03, 3.20307491e-03,
       3.20307503e-04, 0., 3.20307503e-04, 6.40615006e-04,
       3.20307503e-04, 0., 3.20307503e-04, 2.88276747e-03,
       9.60922509e-04, 1.28123001e-03, 3.20307503e-04, 0., 0.,
       2.88276747e-03, 3.20307503e-04, 4.80461260e-03, 2.24215258e-03,
       9.60922521e-03, 2.56246002e-03, 1.28123001e-03, 4.16399771e-03,
       2.56246002e-03, 6.40614983e-03, 0., 5.44522749e-03, 0.,
       4.48430516e-03, 0., 3.20307503e-04, 0., 3.20307503e-04,
       3.20307503e-04, 1.28123001e-03, 6.40615006e-04, 0.,
       4.80461260e-03, 1.28123001e-03, 9.60922509e-04, 5.76553494e-03,
       6.40615006e-04, 6.40615006e-04, 3.20307491e-03, 3.20307491e-03,
       1.28123001e-03, 9.60922509e-04, 3.20307503e-04, 9.60922509e-04,
       0., 1.28123001e-03, 0., 1.92184502e-03, 3.20307503e-04, 0.,
       3.20307503e-04, 6.40615006e-04, 0., 9.60922509e-04,
       4.48430516e-03, 0., 0., 4.80461260e-03, 0., 2.24215258e-03,
       3.20307503e-04, 2.88276747e-03, 5.12492005e-03, 1.92184502e-03,
       6.40615006e-04, 3.20307503e-04, 6.40615006e-04, 2.56246002e-03,
       9.60922509e-04, 2.88276747e-03, 6.40615006e-04, 3.20307503e-04,
       3.20307503e-04, 0., 1.28123001e-03, 3.20307503e-04,
       1.60153746e-03, 1.92184502e-03, 2.56246002e-03, 6.40615006e-04,
       0., 9.60922509e-04, 3.20307491e-03, 9.60922509e-04,
       5.76553494e-03, 5.44522749e-03, 0., 1.92184502e-03,
       7.36707263e-03, 1.92184502e-03, 6.40615006e-04, 2.24215258e-03,
       3.20307503e-04, 1.28123001e-03, 0., 1.28123001e-03, 0.,
       9.60922509e-04, 6.40615006e-04, 1.28123001e-03, 3.20307503e-04,
       1.60153746e-03, 3.20307503e-04, 6.40615006e-04, 1.28123001e-03,
       9.60922509e-04, 1.92184502e-03, 1.28123001e-03, 6.40615006e-04,
       1.28123001e-03, 4.48430516e-03, 0., 6.40615006e-04,
       5.76553494e-03, 1.60153746e-03, 3.20307503e-04, 3.20307503e-04,
       2.88276747e-03, 1.92184502e-03, 0., 9.60922509e-04,
       1.92184502e-03, 0., 1.28123001e-03, 9.60922509e-04,
       2.88276747e-03, 1.28123001e-03, 6.40615006e-04, 5.12492005e-03,
       9.60922509e-04, 0., 9.60922509e-04, 9.60922509e-04,
       1.60153746e-03, 6.40615006e-04, 0., 3.20307503e-04,
       1.60153746e-03, 1.28123001e-03, 0., 1.60153746e-03, 0.,
       1.92184502e-03, 6.72645774e-03, 1.60153746e-03, 0.,
       1.92184502e-03, 9.60922509e-04, 2.88276747e-03, 3.20307503e-04,
       2.56246002e-03, 3.20307503e-04, 1.28123001e-03, 1.28123001e-03,
       6.40615006e-04, 1.92184502e-03, 2.56246002e-03, 0.,
       1.28123001e-03, 1.92184502e-03, 3.20307503e-04, 1.60153746e-03,
       2.56246002e-03, 1.60153746e-03, 6.40615006e-04, 1.92184502e-03,
       1.92184502e-03, 9.60922509e-04, 1.28123001e-03, 0.,
       1.60153746e-03, 2.88276747e-03, 0., 9.60922509e-04,
       4.80461260e-03, 0., 3.20307503e-04, 6.40615006e-04,
       1.28123001e-03, 6.40615006e-04, 1.60153746e-03, 5.12492005e-03,
       1.28123001e-03, 6.40615006e-04, 9.60922509e-04, 6.40615006e-04,
       3.20307503e-04, 1.28123001e-03, 6.40615006e-04, 1.60153746e-03,
       3.20307503e-04, 2.88276747e-03, 4.16399771e-03, 3.20307503e-04,
       1.60153746e-03, 0., 3.20307503e-04, 1.92184502e-03,
       6.40615006e-04, 0., 1.28123001e-03, 9.60922509e-04,
       6.40615006e-04, 1.92184502e-03, 0., 6.40615006e-04,
       3.20307503e-04, 1.28123001e-03, 1.28123001e-03, 1.92184502e-03,
       1.92184502e-03, 0., 0., 6.40615006e-04, 0., 1.92184502e-03,
       3.20307503e-04, 1.60153746e-03, 1.28123001e-03, 1.60153746e-03,
       6.40615006e-04, 6.40615006e-04, 3.20307491e-03, 4.80461260e-03,
       0., 3.20307503e-04, 6.40615006e-04, 3.20307503e-04,
       1.60153746e-03, 1.60153746e-03, 1.28123001e-03, 9.60922509e-04,
       1.92184502e-03, 9.60922509e-04, 0., 3.20307503e-04,
       2.24215258e-03, 3.20307503e-04, 3.20307503e-04, 2.24215258e-03,
       3.20307491e-03, 1.92184502e-03, 4.48430516e-03, 1.28123001e-03,
       6.40615006e-04, 0., 0., 2.24215258e-03, 1.28123001e-03,
       9.60922509e-04, 1.28123001e-03, 6.40615006e-04, 6.40615006e-04,
       6.40615006e-04, 9.60922509e-04, 0., 9.60922509e-04,
       2.56246002e-03, 2.24215258e-03, 0., 1.92184502e-03,
       3.20307503e-04, 9.60922509e-04, 1.60153746e-03, 3.20307503e-04,
       9.60922509e-04, 1.60153746e-03, 1.28123001e-03, 2.56246002e-03,
       9.60922509e-04, 0., 6.40615006e-04, 3.84369004e-03,
       3.20307503e-04, 0., 3.20307503e-04, 0., 3.20307491e-03,
       2.24215258e-03, 0., 6.40615006e-04, 5.12492005e-03,
       3.20307503e-04, 0., 3.20307503e-04, 0., 9.60922509e-04,
       1.28123001e-03, 0., 3.20307491e-03, 6.40615006e-04, 0.,
       9.60922509e-04, 3.20307503e-04, 6.40615006e-04, 2.56246002e-03,
       2.56246002e-03, 4.48430516e-03, 5.12492005e-03, 0.,
       3.52338259e-03, 6.40615006e-04, 9.60922509e-04, 2.88276747e-03,
       3.20307503e-04, 1.28123001e-03, 6.40615006e-04, 3.20307503e-04,
       1.92184502e-03, 3.20307491e-03, 2.56246002e-03, 3.20307503e-04,
       6.40615006e-04, 1.60153746e-03, 1.60153746e-03, 6.40615006e-04,
       1.28123001e-03, 0., 0., 6.40615006e-04, 1.60153746e-03,
       3.20307503e-04, 9.60922509e-04, 9.60922509e-04, 9.60922509e-04,
       3.20307503e-04, 4.16399771e-03, 6.40615006e-04, 0.,
       2.24215258e-03, 6.40615006e-04, 6.40615006e-04, 0.,
       2.24215258e-03, 3.20307503e-04, 0., 2.24215258e-03,
       3.20307503e-04, 1.28123001e-03, 2.88276747e-03, 3.20307503e-04,
       6.40615006e-04, 4.80461260e-03, 6.40615006e-04, 0.,
       6.40615006e-04, 0., 3.84369004e-03, 2.56246002e-03,
       9.60922509e-04, 1.92184502e-03, 3.20307503e-04, 6.40615006e-04,
       0., 6.40615006e-04, 9.60922509e-04, 6.40615006e-04,
       2.56246002e-03, 0., 3.20307503e-04, 6.40615006e-04, 0.,
       1.60153746e-03, 9.60922509e-04, 0., 6.40615006e-04,
       3.20307503e-04, 3.20307503e-04, 0., 1.28123001e-03,
       2.56246002e-03, 6.40615006e-04, 3.20307503e-04, 9.60922509e-04,
       1.60153746e-03, 3.20307503e-04, 1.60153746e-03, 6.40615006e-04,
       0., 5.12492005e-03, 3.20307503e-04, 0., 9.60922509e-04, 0., 0.,
       9.60922509e-04, 3.84369004e-03, 3.20307503e-04, 6.40615006e-04,
       0., 2.24215258e-03, 6.40615006e-04, 0., 3.20307503e-04,
       9.60922509e-04, 0., 6.40615006e-04, 1.60153746e-03,
       9.60922509e-04, 3.20307503e-04, 6.40615006e-04, 4.16399771e-03,
       5.12492005e-03, 0., 0., 6.40615006e-04, 6.40615006e-04,
       1.28123001e-03, 1.28123001e-03, 3.20307491e-03, 2.24215258e-03,
       9.60922509e-04, 3.52338259e-03, 6.40615006e-04, 9.60922509e-04,
       3.20307503e-04, 3.84369004e-03, 1.28123001e-03, 9.60922509e-04,
