%YAML:1.0
m100n: !!opencv-matrix
   rows: 1
   cols: 800
   dt: f
   data: [ 7.68049154e-04, 2.30414746e-03, 7.68049154e-04,
       7.68049154e-04, 1.15207373e-03, 0., 0., 0., 0., 1.15207373e-03,
       7.68049154e-04, 7.68049154e-04, 1.53609831e-03, 1.53609831e-03,
       0., 3.84024577e-04, 3.84024577e-04, 0., 3.07219662e-03,
       2.68817204e-03, 0., 3.84024577e-03, 1.15207373e-03,
       8.44854116e-03, 1.15207373e-03, 0., 2.68817204e-03,
       1.15207373e-03, 7.68049154e-04, 2.76497696e-02, 2.68817204e-03,
       1.15207373e-03, 2.68817204e-03, 1.15207373e-03, 3.84024577e-04,
       2.68817204e-03, 0., 0., 1.15207373e-03, 0., 0., 0.,
       1.92012289e-03, 3.84024577e-04, 1.53609831e-03, 1.53609831e-03,
       3.84024577e-04, 1.53609831e-03, 1.92012289e-03, 7.68049154e-04,
       3.84024577e-04, 7.68049154e-04, 1.15207373e-03, 0.,
       3.84024577e-04, 0., 3.84024577e-04, 4.22427058e-03,
       1.15207373e-03, 7.68049154e-04, 2.68817204e-03, 7.68049154e-04,
       3.84024577e-04, 7.68049154e-04, 3.45622119e-03, 0., 0.,
       3.84024577e-04, 7.68049154e-03, 7.68049154e-04, 2.30414746e-03,
       3.84024577e-04, 1.15207373e-03, 3.84024577e-04, 1.15207373e-03,
       2.30414746e-03, 3.84024577e-04, 0., 2.30414746e-03,
       3.07219662e-03, 0., 0., 1.15207373e-03, 1.53609831e-03,
       1.15207373e-03, 3.84024577e-04, 2.68817204e-03, 3.84024577e-04,
       1.15207373e-03, 1.53609831e-03, 3.84024577e-04, 0., 0.,
       7.68049154e-04, 7.68049154e-04, 1.15207373e-03, 3.84024577e-04,
       1.15207373e-03, 7.68049154e-04, 3.84024577e-04, 1.15207373e-03,
       7.68049154e-04, 3.84024577e-04, 1.92012289e-03, 3.84024577e-04,
       5.76036889e-03, 3.07219662e-03, 4.99231927e-03, 3.84024577e-04,
       3.84024577e-04, 4.99231927e-03, 2.68817204e-03, 6.91244239e-03,
       1.15207373e-03, 7.29646720e-03, 0., 3.45622119e-03,
       3.84024577e-04, 1.53609831e-03, 3.84024577e-04, 2.68817204e-03,
       7.68049154e-04, 0., 1.15207373e-03, 0., 1.92012289e-03,
       1.15207373e-03, 3.84024577e-04, 6.91244239e-03, 0.,
       2.68817204e-03, 0., 3.84024577e-04, 2.30414746e-03,
       7.68049154e-04, 7.68049154e-04, 7.68049154e-04, 3.84024577e-04,
       1.15207373e-03, 7.68049154e-04, 3.07219662e-03, 3.07219662e-03,
       3.84024577e-04, 3.84024577e-04, 3.84024577e-04, 0., 0.,
       1.15207373e-03, 3.84024577e-04, 7.68049154e-04, 4.60829493e-03,
       0., 3.45622119e-03, 1.15207373e-03, 1.92012289e-03,
       3.45622119e-03, 2.68817204e-03, 3.84024577e-04, 0.,
       1.53609831e-03, 1.15207373e-03, 1.92012289e-03, 2.30414746e-03,
       1.53609831e-03, 1.92012289e-03, 0., 0., 0., 0., 0.,
       1.92012289e-03, 7.68049154e-03, 7.68049154e-04, 7.68049154e-04,
       1.15207373e-03, 4.60829493e-03, 0., 1.92012289e-03,
       3.45622119e-03, 7.68049154e-04, 2.30414746e-03, 3.07219662e-03,
       3.84024577e-04, 7.68049154e-04, 3.84024577e-04, 0.,
       7.68049154e-04, 3.84024577e-04, 7.68049154e-04, 7.68049154e-04,
       3.84024577e-04, 0., 3.45622119e-03, 2.68817204e-03, 0.,
       7.68049154e-04, 7.68049154e-04, 1.53609831e-03, 7.68049154e-04,
       2.68817204e-03, 1.92012289e-03, 3.84024577e-04, 7.68049154e-04,
       1.15207373e-03, 0., 7.68049154e-04, 7.68049154e-04, 0.,
       3.84024577e-04, 0., 1.15207373e-03, 1.92012289e-03, 0., 0.,
       1.15207373e-03, 3.07219662e-03, 7.68049154e-04, 3.84024577e-04,
       7.68049154e-04, 0., 1.53609831e-03, 7.68049154e-04,
       3.84024577e-03, 7.68049154e-04, 3.07219662e-03, 0.,
       1.53609831e-03, 1.53609831e-03, 3.84024577e-04, 1.15207373e-03,
       1.92012289e-03, 1.15207373e-03, 0., 2.30414746e-03,
       2.30414746e-03, 3.45622119e-03, 4.22427058e-03, 2.30414746e-03,
       7.68049154e-04, 1.92012289e-03, 0., 7.68049154e-04,
       7.68049154e-04, 4.60829493e-03, 0., 1.15207373e-03,
       7.68049154e-04, 1.53609831e-03, 0., 0., 0., 1.53609831e-03,
       4.60829493e-03, 3.84024577e-04, 2.68817204e-03, 3.84024577e-04,
       2.30414746e-03, 1.53609831e-03, 1.53609831e-03, 2.30414746e-03,
       3.84024577e-04, 3.84024577e-04, 0., 1.15207373e-03,
       1.92012289e-03, 7.68049154e-04, 2.68817204e-03, 0., 0.,
       1.53609831e-03, 4.22427058e-03, 3.84024577e-04, 7.68049154e-04,
       1.92012289e-03, 3.84024577e-03, 1.15207373e-03, 7.68049154e-04,
       7.68049154e-04, 3.84024577e-04, 1.92012289e-03, 1.53609831e-03,
       1.53609831e-03, 1.92012289e-03, 3.84024577e-04, 7.68049154e-04,
       1.15207373e-03, 2.30414746e-03, 3.84024577e-04, 0.,
       7.68049154e-04, 1.53609831e-03, 3.84024577e-04, 0.,
       1.92012289e-03, 1.53609831e-03, 3.84024577e-04, 3.84024577e-04,
       0., 0., 0., 7.68049154e-04, 3.84024577e-04, 4.60829493e-03,
       2.30414746e-03, 0., 0., 2.30414746e-03, 0., 7.68049154e-04, 0.,
       1.92012289e-03, 1.53609831e-03, 3.84024577e-03, 7.68049154e-04,
       3.84024577e-04, 2.68817204e-03, 3.45622119e-03, 1.15207373e-03,
       1.53609831e-03, 0., 3.84024577e-04, 7.68049154e-04,
       1.15207373e-03, 3.84024577e-04, 3.84024577e-04, 1.15207373e-03,
       7.68049154e-04, 0., 0., 7.68049154e-04, 3.84024577e-04,
       1.92012289e-03, 3.84024577e-03, 1.53609831e-03, 3.84024577e-04,
       2.68817204e-03, 2.30414746e-03, 3.84024577e-04, 3.84024577e-04,
       3.84024577e-04, 7.68049154e-04, 1.15207373e-03, 1.53609831e-03,
       0., 7.68049154e-04, 0., 3.84024577e-04, 3.84024577e-04,
       3.84024577e-04, 3.84024577e-04, 4.60829493e-03, 0., 0.,
       2.68817204e-03, 0., 3.45622119e-03, 1.92012289e-03,
       1.15207373e-03, 3.07219662e-03, 2.68817204e-03, 7.68049154e-04,
       2.68817204e-03, 1.15207373e-03, 0., 1.53609831e-03,
       5.37634408e-03, 0., 1.15207373e-03, 7.68049154e-04, 0.,
       6.14439324e-03, 2.30414746e-03, 7.68049154e-04, 2.30414746e-03,
       5.76036889e-03, 2.68817204e-03, 0., 7.68049154e-04,
       3.84024577e-04, 7.68049154e-04, 3.45622119e-03, 7.68049154e-04,
       2.68817204e-03, 1.15207373e-03, 7.68049154e-04, 7.68049154e-04,
       3.84024577e-04, 1.15207373e-03, 0., 3.84024577e-04,
       1.15207373e-03, 3.45622119e-03, 7.68049154e-04, 5.76036889e-03,
       7.68049154e-04, 0., 1.15207373e-03, 3.84024577e-04,
       3.45622119e-03, 0., 0., 1.15207373e-03, 1.53609831e-03,
       1.92012289e-03, 7.68049154e-04, 1.53609831e-03, 3.84024577e-04,
       1.15207373e-03, 1.53609831e-03, 3.84024577e-04, 7.68049154e-04,
       7.68049154e-04, 0., 0., 3.84024577e-04, 3.84024577e-04,
       1.53609831e-03, 7.68049154e-04, 0., 3.45622119e-03,
       2.30414746e-03, 0., 2.68817204e-03, 3.84024577e-04,
       1.92012289e-03, 1.53609831e-03, 1.53609831e-03, 7.68049154e-04,
       0., 1.92012289e-03, 7.68049154e-04, 1.53609831e-03,
       2.30414746e-03, 1.15207373e-03, 1.15207373e-03, 2.30414746e-03,
       0., 3.84024577e-04, 1.15207373e-03, 0., 4.22427058e-03,
       7.68049154e-04, 1.15207373e-03, 2.68817204e-03, 1.92012289e-03,
       1.15207373e-03, 1.15207373e-03, 7.68049154e-04, 3.84024577e-04,
       7.68049154e-04, 7.68049154e-04, 3.84024577e-04, 3.84024577e-04,
       2.68817204e-03, 1.53609831e-03, 7.68049154e-04, 2.68817204e-03,
       0., 2.68817204e-03, 7.68049154e-04, 7.68049154e-04,
       7.68049154e-04, 1.53609831e-03, 1.92012289e-03, 2.30414746e-03,
       0., 0., 3.84024577e-04, 7.68049154e-04, 2.68817204e-03,
       3.84024577e-04, 0., 3.45622119e-03, 3.84024577e-04,
       3.84024577e-04, 0., 3.84024577e-04, 0., 0., 1.92012289e-03, 0.,
       3.84024577e-04, 3.84024577e-04, 7.68049154e-04, 3.84024577e-04,
       3.84024577e-04, 0., 0., 0., 1.15207373e-03, 2.30414746e-03,
       1.15207373e-03, 3.84024577e-04, 1.53609831e-03, 3.84024577e-04,
       5.76036889e-03, 1.15207373e-03, 1.15207373e-03, 3.84024577e-04,
       0., 1.92012289e-03, 0., 6.14439324e-03, 0., 0., 4.99231927e-03,
       1.53609831e-03, 2.68817204e-03, 3.84024577e-04, 7.68049154e-04,
       3.84024577e-04, 0., 1.53609831e-03, 7.68049154e-04,
       3.84024577e-04, 0., 1.15207373e-03, 7.68049154e-04,
