%YAML:1.0
m100n: !!opencv-matrix
   rows: 1
   cols: 800
   dt: f
   data: [ 8.29531287e-04, 4.97718761e-03, 2.07382813e-03,
       2.48859380e-03, 2.90335948e-03, 0., 4.14765644e-04,
       1.24429690e-03, 0., 5.80671895e-03, 4.14765644e-04,
       8.29531287e-04, 2.07382813e-03, 2.48859380e-03, 8.29531287e-04,
       3.31812515e-03, 3.31812515e-03, 0., 8.29531287e-04,
       2.48859380e-03, 8.29531287e-04, 2.07382813e-03, 3.31812515e-03,
       4.14765644e-04, 0., 0., 8.29531287e-04, 8.29531287e-04,
       1.24429690e-03, 4.14765644e-04, 1.65906257e-03, 8.29531287e-04,
       3.31812515e-03, 8.29531287e-04, 0., 4.14765644e-04,
       2.90335948e-03, 0., 8.29531287e-04, 0., 0., 4.14765644e-04,
       1.24429690e-03, 0., 1.24429690e-03, 4.56242217e-03,
       1.24429690e-03, 2.07382813e-03, 8.29531287e-04, 0., 0.,
       4.14765644e-04, 8.29531287e-04, 0., 4.14765644e-04,
       4.14765644e-04, 4.14765644e-04, 1.65906257e-03, 1.65906257e-03,
       1.24429690e-03, 3.73289082e-03, 0., 0., 1.24429690e-03,
       4.14765626e-03, 4.14765644e-04, 4.14765644e-04, 1.24429690e-03,
       1.65906257e-03, 0., 5.39195351e-03, 8.29531287e-04,
       2.07382813e-03, 4.14765644e-04, 8.29531287e-04, 2.48859380e-03,
       1.24429690e-03, 0., 1.65906257e-03, 3.31812515e-03,
       4.97718761e-03, 1.24429690e-03, 8.29531287e-04, 4.14765644e-04,
       8.29531287e-04, 7.05101574e-03, 1.24429690e-03, 2.90335948e-03,
       1.24429690e-03, 4.14765644e-04, 0., 0., 0., 0., 1.24429690e-03,
       4.14765644e-04, 0., 4.14765626e-03, 0., 1.24429690e-03,
       8.29531287e-04, 0., 2.90335948e-03, 4.14765644e-04,
       8.29531287e-04, 1.24429690e-03, 1.24429690e-03, 1.65906257e-03,
       8.29531287e-04, 4.14765644e-04, 6.22148486e-03, 2.07382813e-03,
       2.90335948e-03, 4.14765644e-04, 5.39195351e-03, 0.,
       9.12484434e-03, 4.14765644e-04, 4.56242217e-03, 0.,
       8.29531287e-04, 1.24429690e-03, 1.65906257e-03, 4.14765626e-03,
       0., 3.73289082e-03, 4.14765644e-04, 0., 2.48859380e-03, 0.,
       2.48859380e-03, 2.07382813e-03, 3.31812515e-03, 8.29531252e-03,
       4.14765644e-04, 4.14765644e-04, 4.14765644e-04, 8.29531287e-04,
       0., 1.65906257e-03, 2.07382813e-03, 8.29531287e-04, 0.,
       1.65906257e-03, 4.14765644e-04, 0., 8.29531287e-04,
       1.24429690e-03, 0., 8.29531287e-04, 0., 0., 0., 1.24429690e-03,
       1.24429690e-03, 3.31812515e-03, 1.24429690e-03, 0., 0.,
       1.24429690e-03, 8.29531287e-04, 5.39195351e-03, 2.07382813e-03,
       4.14765644e-04, 2.07382813e-03, 2.07382813e-03, 4.14765644e-04,
       1.24429690e-03, 8.29531287e-04, 8.29531287e-04, 8.29531287e-04,
       2.90335948e-03, 4.14765644e-04, 0., 4.14765644e-04,
       4.14765644e-04, 4.14765644e-04, 2.90335948e-03, 4.97718761e-03,
       0., 3.73289082e-03, 2.90335948e-03, 1.24429690e-03,
       1.65906257e-03, 0., 4.14765644e-04, 8.29531287e-04, 0.,
       1.24429690e-03, 0., 3.31812515e-03, 4.14765644e-04,
       1.65906257e-03, 3.73289082e-03, 2.07382813e-03, 5.80671895e-03,
       4.14765644e-04, 4.14765644e-04, 8.29531287e-04, 2.48859380e-03,
       4.14765644e-04, 8.29531287e-04, 4.14765644e-04, 1.65906257e-03,
       7.05101574e-03, 0., 9.12484434e-03, 2.48859380e-03,
       4.14765644e-04, 0., 1.65906257e-03, 1.65906257e-03, 0.,
       4.14765644e-04, 8.29531287e-04, 1.24429690e-03, 8.29531287e-04,
       1.65906257e-03, 2.48859380e-03, 8.29531287e-04, 0.,
       8.29531287e-04, 4.14765644e-04, 4.14765644e-04, 2.48859380e-03,
       4.14765644e-04, 4.14765644e-04, 1.24429690e-03, 0.,
       8.29531287e-04, 1.65906257e-03, 4.14765644e-04, 4.14765644e-04,
       1.65906257e-03, 8.29531287e-04, 1.65906257e-03, 8.29531287e-04,
       2.48859380e-03, 8.29531287e-04, 0., 8.29531287e-04,
       8.29531287e-04, 1.24429690e-03, 8.29531287e-04, 4.14765644e-04,
       2.90335948e-03, 4.14765644e-04, 1.24429690e-03, 8.29531287e-04,
       2.48859380e-03, 1.24429690e-03, 4.14765644e-04, 1.24429690e-03,
       0., 4.56242217e-03, 1.65906257e-03, 2.07382813e-03,
       1.24429690e-03, 4.14765644e-04, 1.24429690e-03, 1.65906257e-03,
       0., 0., 4.14765626e-03, 2.07382813e-03, 8.29531287e-04,
       8.29531287e-04, 2.48859380e-03, 0., 0., 8.29531287e-04, 0.,
       1.65906257e-03, 6.63625030e-03, 2.48859380e-03, 4.14765644e-04,
       1.65906257e-03, 4.14765644e-04, 8.29531287e-04, 8.29531287e-04,
       1.24429690e-03, 1.65906257e-03, 8.29531287e-04, 0.,
       2.07382813e-03, 8.29531287e-04, 4.56242217e-03, 1.24429690e-03,
       4.14765644e-04, 4.14765626e-03, 1.65906257e-03, 8.29531287e-04,
       4.14765644e-04, 4.14765644e-04, 4.14765644e-04, 2.48859380e-03,
       8.29531287e-04, 0., 8.29531287e-04, 8.29531287e-04, 0., 0., 0.,
       1.24429690e-03, 1.24429690e-03, 4.14765644e-04, 0.,
       4.14765644e-04, 4.14765626e-03, 1.24429690e-03, 1.24429690e-03,
       4.14765644e-04, 1.65906257e-03, 8.29531287e-04, 0.,
       4.14765644e-04, 1.24429690e-03, 4.14765644e-04, 4.14765644e-04,
       0., 4.14765644e-04, 4.14765644e-04, 4.14765644e-04,
       4.14765644e-04, 4.14765644e-04, 0., 4.14765626e-03, 0., 0.,
       2.48859380e-03, 0., 4.14765644e-04, 1.24429690e-03,
       2.48859380e-03, 4.14765644e-04, 0., 5.39195351e-03, 0.,
       4.14765644e-04, 0., 1.24429690e-03, 1.24429690e-03, 0.,
       8.29531287e-04, 4.14765644e-04, 4.14765644e-04, 1.24429690e-03,
       2.48859380e-03, 1.24429690e-03, 0., 2.07382813e-03,
       1.24429690e-03, 8.29531287e-04, 2.48859380e-03, 8.29531287e-04,
       2.48859380e-03, 2.48859380e-03, 4.14765644e-04, 4.14765644e-04,
       4.14765644e-04, 2.48859380e-03, 8.29531287e-04, 0., 0., 0.,
       2.90335948e-03, 4.14765644e-04, 0., 0., 2.07382813e-03,
       1.65906257e-03, 0., 4.14765644e-04, 1.65906257e-03,
       1.65906257e-03, 8.29531287e-04, 4.14765644e-04, 0.,
       8.29531287e-04, 4.14765644e-04, 5.39195351e-03, 4.14765644e-04,
       3.31812515e-03, 1.24429690e-03, 4.56242217e-03, 0.,
       4.14765644e-04, 0., 4.14765644e-04, 4.14765644e-04,
       2.07382813e-03, 1.65906257e-03, 1.24429690e-03, 4.97718761e-03,
       4.14765644e-04, 8.29531287e-04, 3.73289082e-03, 2.07382813e-03,
       2.48859380e-03, 4.14765644e-04, 8.29531287e-04, 0.,
       2.07382813e-03, 2.90335948e-03, 8.29531287e-04, 1.24429690e-03,
       2.07382813e-03, 4.14765644e-04, 4.14765644e-04, 1.24429690e-03,
       4.14765644e-04, 1.65906257e-03, 8.29531287e-04, 8.29531287e-04,
       8.29531287e-04, 0., 0., 2.48859380e-03, 0., 1.65906257e-03,
       4.14765644e-04, 0., 8.29531287e-04, 0., 4.14765644e-04,
       8.29531287e-04, 1.65906257e-03, 1.24429690e-03, 0.,
       8.29531287e-04, 4.14765644e-04, 1.65906257e-03, 7.05101574e-03,
       0., 2.07382813e-03, 2.07382813e-03, 4.14765644e-04, 0.,
       4.14765644e-04, 0., 2.07382813e-03, 4.14765644e-04,
       4.14765644e-04, 8.29531287e-04, 0., 1.24429690e-03,
       1.65906257e-03, 8.29531287e-04, 8.29531287e-04, 0.,
       8.29531287e-04, 8.29531287e-04, 0., 4.56242217e-03,
       4.14765644e-04, 4.14765644e-04, 6.63625030e-03, 4.14765644e-04,
       0., 0., 5.39195351e-03, 4.14765644e-04, 0., 1.65906257e-03,
       4.14765644e-04, 0., 4.14765644e-04, 2.48859380e-03,
       4.14765644e-04, 1.24429690e-03, 2.07382813e-03, 2.48859380e-03,
       4.56242217e-03, 8.29531287e-04, 8.29531287e-04, 4.14765644e-04,
       4.14765644e-04, 4.14765644e-04, 4.14765644e-04, 2.07382813e-03,
       0., 1.24429690e-03, 8.29531287e-04, 1.65906257e-03,
       4.14765644e-04, 4.14765644e-04, 4.14765644e-04, 2.07382813e-03,
       2.07382813e-03, 8.29531287e-04, 3.73289082e-03, 4.14765644e-04,
       4.14765644e-04, 2.48859380e-03, 1.24429690e-03, 2.48859380e-03,
       0., 0., 0., 8.29531287e-04, 0., 8.29531287e-04, 2.48859380e-03,
       4.14765644e-04, 1.24429690e-03, 1.65906257e-03, 2.07382813e-03,
       0., 4.14765644e-04, 6.22148486e-03, 1.24429690e-03, 0.,
       1.24429690e-03, 1.24429690e-03, 0., 0., 0., 4.14765644e-04, 0.,
       4.14765644e-04, 4.14765644e-04, 8.29531287e-04, 2.07382813e-03,
