%YAML:1.0
m100n: !!opencv-matrix
   rows: 1
   cols: 800
   dt: f
   data: [ 3.43053165e-04, 6.86106330e-04, 1.37221266e-03,
       3.43053165e-04, 0., 0., 0., 0., 0., 1.02915952e-03,
       1.02915952e-03, 1.37221266e-03, 6.17495691e-03, 1.71526580e-03,
       3.43053165e-04, 3.43053159e-03, 1.71526580e-03, 6.86106330e-04,
       6.86106330e-04, 6.86106330e-04, 3.43053165e-04, 1.02915952e-03,
       0., 5.14579751e-03, 6.86106330e-04, 0., 1.37221266e-03,
       2.05831905e-03, 1.37221266e-03, 4.80274437e-03, 3.43053165e-04,
       1.37221266e-03, 6.86106330e-04, 0., 0., 0., 3.43053165e-04,
       3.43053165e-04, 1.71526580e-03, 0., 3.43053165e-04,
       6.86106330e-04, 3.43053165e-04, 6.86106330e-04, 6.86106330e-04,
       1.71526580e-03, 2.40137218e-03, 4.11663810e-03, 7.20411632e-03,
       6.86106330e-04, 0., 6.86106330e-04, 0., 6.86106330e-04,
       1.02915952e-03, 0., 3.43053165e-04, 6.86106330e-04,
       1.71526580e-03, 3.43053165e-04, 1.06346477e-02, 0.,
       3.43053165e-04, 0., 3.08747846e-03, 0., 3.43053165e-04,
       6.86106330e-04, 6.86106330e-04, 1.02915952e-03, 4.80274437e-03,
       0., 3.43053165e-04, 1.02915952e-03, 2.05831905e-03,
       3.08747846e-03, 4.45969123e-03, 0., 1.71526580e-03,
       1.02915952e-03, 1.02915952e-03, 1.71526580e-03, 1.02915952e-03,
       1.71526580e-03, 0., 1.02915952e-03, 6.86106330e-04,
       1.02915952e-03, 6.86106330e-04, 6.86106330e-04, 1.37221266e-03,
       0., 0., 0., 0., 1.02915952e-03, 0., 2.40137218e-03, 0.,
       3.43053165e-04, 0., 6.86106330e-04, 2.05831905e-03, 0.,
       6.86106330e-04, 2.74442532e-03, 2.74442532e-03, 2.40137218e-03,
       1.71526580e-03, 6.86106330e-04, 2.40137218e-03, 1.02915952e-03,
       5.48885064e-03, 6.86106330e-04, 7.89022259e-03, 0.,
       6.51801005e-03, 0., 3.43053165e-04, 0., 3.43053165e-04,
       3.43053165e-04, 1.02915952e-03, 5.48885064e-03, 0.,
       1.71526580e-03, 1.71526580e-03, 6.86106330e-04, 2.05831905e-03,
       6.86106330e-04, 9.60548874e-03, 0., 3.43053159e-03,
       2.05831905e-03, 1.02915952e-03, 3.77358473e-03, 3.43053165e-04,
       3.43053165e-04, 1.02915952e-03, 1.37221266e-03, 1.37221266e-03,
       1.02915952e-03, 3.43053165e-04, 6.86106330e-04, 6.86106330e-04,
       3.43053165e-04, 3.43053165e-04, 6.86106330e-04, 0., 0.,
       6.17495691e-03, 3.43053165e-04, 2.05831905e-03, 3.43053165e-04,
       1.37221266e-03, 3.08747846e-03, 1.95540302e-02, 0.,
       3.43053165e-04, 3.43053165e-04, 3.43053165e-04, 3.08747846e-03,
       1.02915952e-03, 3.43053165e-04, 5.83190378e-03, 1.02915952e-03,
       1.02915952e-03, 6.86106330e-04, 3.43053165e-04, 1.02915952e-03,
       0., 3.77358473e-03, 0., 0., 1.02915952e-03, 6.17495691e-03,
       3.43053165e-04, 1.71526580e-03, 2.05831905e-03, 0.,
       4.80274437e-03, 3.43053165e-04, 1.37221266e-03, 0.,
       6.86106330e-04, 0., 1.37221266e-03, 1.02915952e-03,
       1.02915952e-03, 0., 4.80274437e-03, 3.43053165e-04,
       1.02915952e-03, 1.37221266e-03, 6.86106330e-04, 1.02915952e-03,
       3.43053165e-04, 3.43053165e-04, 3.43053165e-04, 2.40137218e-03,
       3.43053165e-04, 1.02915952e-03, 6.86106330e-04, 1.02915952e-03,
       6.86106330e-04, 1.71526580e-03, 2.40137218e-03, 1.71526580e-03,
       0., 0., 1.37221266e-03, 3.43053165e-04, 2.40137218e-03, 0., 0.,
       3.43053165e-04, 3.43053165e-04, 0., 6.86106330e-04,
       3.43053165e-04, 6.86106330e-04, 3.43053165e-04, 3.08747846e-03,
       0., 2.74442532e-03, 0., 6.86106330e-04, 6.86106330e-04,
       3.43053165e-04, 1.02915952e-03, 6.86106330e-04, 1.02915952e-03,
       6.86106330e-04, 6.86106330e-04, 3.43053165e-04, 3.77358473e-03,
       4.11663810e-03, 5.83190378e-03, 3.43053165e-04, 0., 0.,
       3.43053165e-04, 0., 3.77358473e-03, 0., 1.37221266e-03,
       1.71526580e-03, 1.02915952e-03, 6.86106330e-04, 2.40137218e-03,
       1.02915952e-03, 1.02915952e-03, 1.37221266e-03, 0.,
       1.37221266e-03, 2.05831905e-03, 3.43053165e-04, 6.86106330e-04,
       0., 1.37221266e-03, 1.02915952e-03, 3.43053165e-04, 0., 0.,
       1.71526580e-03, 6.86106330e-04, 1.37221266e-03, 1.02915952e-03,
       0., 6.86106330e-04, 1.71526580e-03, 1.37221266e-03,
       1.02915952e-03, 1.37221266e-03, 5.83190378e-03, 2.40137218e-03,
       1.71526580e-03, 3.43053165e-04, 1.02915952e-03, 6.86106330e-04,
       0., 6.86106330e-04, 0., 0., 1.02915952e-03, 1.02915952e-03,
       2.40137218e-03, 0., 0., 3.77358473e-03, 3.43053159e-03,
       1.71526580e-03, 3.43053165e-04, 6.86106330e-04, 1.37221266e-03,
       1.71526580e-03, 0., 1.02915952e-03, 0., 3.43053165e-04,
       3.43053165e-04, 2.40137218e-03, 1.71526580e-03, 2.05831905e-03,
       0., 3.43053165e-04, 0., 3.43053165e-04, 4.80274437e-03,
       3.43053165e-04, 1.71526580e-03, 1.37221266e-03, 2.05831905e-03,
       1.02915952e-03, 1.37221266e-03, 1.71526580e-03, 1.02915952e-03,
       3.43053165e-04, 6.86106330e-04, 0., 0., 3.43053165e-04,
       3.43053165e-04, 6.86106330e-04, 3.43053165e-04, 3.43053165e-04,
       2.74442532e-03, 0., 0., 6.17495691e-03, 6.86106330e-04,
       3.15608904e-02, 1.71526580e-03, 1.02915952e-03, 0.,
       3.43053165e-04, 1.37221266e-03, 6.86106330e-04, 6.86106330e-04,
       3.43053165e-04, 0., 0., 6.86106330e-04, 1.02915952e-03,
       6.86106330e-04, 0., 0., 6.86106330e-04, 0., 3.43053165e-04,
       5.83190378e-03, 0., 0., 2.05831905e-03, 0., 1.57804452e-02,
       3.77358473e-03, 3.43053165e-04, 3.43053165e-04, 2.05831905e-03,
       6.86106330e-04, 6.86106330e-04, 3.43053165e-04, 3.43053165e-04,
       1.02915952e-03, 2.05831905e-03, 3.43053165e-04, 0.,
       3.43053165e-04, 3.43053165e-04, 2.40137218e-03, 6.86106330e-04,
       3.43053165e-04, 6.86106330e-04, 7.54716946e-03, 1.71526580e-03,
       0., 0., 6.86106330e-04, 0., 3.08747846e-03, 1.02915952e-03,
       2.40137218e-03, 1.02915952e-03, 1.02915952e-03, 0.,
       1.37221266e-03, 1.71526580e-03, 1.71526580e-03, 6.86106330e-04,
       3.43053165e-04, 2.40137218e-03, 6.86106330e-04, 1.71526580e-03,
       0., 0., 1.71526580e-03, 1.37221266e-03, 1.71526580e-03,
       1.71526580e-03, 1.37221266e-03, 0., 6.86106330e-04,
       1.02915952e-03, 3.43053165e-04, 1.37221266e-03, 1.02915952e-03,
       1.37221266e-03, 1.02915952e-03, 3.43053165e-04, 1.02915952e-03,
       4.11663810e-03, 1.02915952e-03, 0., 3.43053165e-04,
       1.02915952e-03, 6.86106330e-04, 6.86106330e-04, 3.43053165e-04,
       5.14579751e-03, 0., 3.43053165e-04, 1.71526580e-03,
       3.43053165e-04, 0., 1.02915952e-03, 3.08747846e-03, 0.,
       3.43053165e-04, 6.86106330e-04, 2.05831905e-03, 3.43053165e-04,
       1.37221266e-03, 3.43053165e-04, 6.86106330e-04, 3.08747846e-03,
       0., 0., 3.43053165e-04, 0., 3.43053165e-04, 1.37221266e-03,
       3.43053165e-04, 3.77358473e-03, 3.43053165e-04, 0.,
       3.43053159e-03, 6.86106330e-04, 3.43053165e-04, 1.37221266e-03,
       6.86106330e-04, 3.43053165e-04, 3.43053165e-04, 1.37221266e-03,
       1.02915952e-03, 3.08747846e-03, 1.71526580e-03, 6.86106330e-04,
       3.43053165e-04, 3.43053165e-04, 3.43053165e-04, 1.02915952e-03,
       1.02915952e-03, 1.02915952e-03, 1.02915952e-03, 0., 0.,
       1.02915952e-03, 3.43053165e-04, 3.43053165e-04, 6.86106330e-04,
       2.05831905e-03, 7.20411632e-03, 3.43053165e-04, 0.,
       6.86106330e-04, 0., 0., 0., 3.77358473e-03, 3.43053165e-04,
       1.02915952e-03, 3.43053165e-04, 1.37221266e-03, 3.43053165e-04,
       0., 6.86106330e-04, 1.02915952e-03, 1.37221266e-03, 0., 0.,
       3.43053165e-04, 0., 1.02915952e-03, 2.05831905e-03,
       7.54716946e-03, 3.43053165e-04, 0., 0., 0., 6.86106330e-04,
       6.86106330e-04, 3.43053165e-04, 1.37221266e-03, 3.43053165e-04,
       4.11663810e-03, 1.02915952e-03, 0., 6.86106330e-04,
       1.37221266e-03, 3.43053165e-04, 0., 3.43053165e-04,
       3.43053165e-04, 0., 0., 0., 6.86106330e-04, 3.43053165e-04,
       3.43053165e-04, 1.71526580e-03, 6.86106330e-04, 6.86106330e-04,
       3.43053165e-04, 3.43053165e-04, 0., 3.43053165e-04, 0.,
