%YAML:1.0
m100n: !!opencv-matrix
   rows: 1
   cols: 800
   dt: f
   data: [ 0., 3.62811796e-03, 9.07029491e-04, 9.07029491e-04, 0.,
       1.36054424e-03, 9.07029491e-04, 3.17460322e-03, 3.31065767e-02,
       1.36054424e-03, 4.53514745e-04, 0., 4.53514745e-04, 0., 0.,
       3.62811796e-03, 0., 4.53514745e-04, 5.44217695e-03,
       4.53514745e-04, 4.53514745e-04, 1.36054424e-03, 9.07029491e-04,
       9.07029491e-04, 4.53514745e-04, 0., 9.07029491e-04,
       1.36054424e-03, 4.53514745e-04, 4.53514745e-04, 1.36054424e-03,
       0., 2.72108847e-03, 4.53514745e-04, 4.53514745e-04,
       9.07029491e-04, 0., 4.53514745e-04, 9.07029491e-04,
       2.26757373e-03, 9.07029491e-04, 0., 0., 3.17460322e-03, 0.,
       4.53514745e-04, 4.98866197e-03, 3.17460322e-03, 0., 0.,
       4.53514745e-04, 1.81405898e-03, 3.17460322e-03, 4.53514745e-04,
       0., 1.36054424e-03, 9.07029491e-04, 1.36054424e-03,
       1.81405898e-03, 4.53514745e-04, 2.72108847e-03, 7.70975091e-03,
       0., 1.36054424e-03, 4.08163294e-03, 4.53514745e-04,
       1.36054424e-03, 1.36054424e-03, 0., 0., 1.81405898e-03,
       9.07029491e-04, 0., 4.08163294e-03, 2.26757373e-03,
       4.53514745e-04, 1.36054424e-03, 9.07029491e-04, 9.07029491e-04,
       1.36054424e-03, 4.53514745e-04, 2.72108847e-03, 6.80272095e-03,
       4.53514745e-04, 1.36054424e-03, 0., 4.53514745e-04,
       2.49433108e-02, 0., 4.53514745e-04, 4.53514745e-04, 0.,
       4.53514745e-04, 0., 0., 1.36054424e-03, 9.07029491e-04,
       4.53514745e-04, 3.62811796e-03, 4.53514745e-04, 9.07029491e-04,
       9.07029491e-04, 0., 3.17460322e-03, 2.26757373e-03,
       1.36054424e-03, 4.53514745e-04, 4.53514745e-04, 4.53514745e-04,
       1.81405898e-03, 4.53514745e-04, 4.53514745e-04, 0.,
       1.36054424e-03, 4.53514745e-04, 4.53514745e-04, 4.08163294e-03,
       9.07029491e-04, 3.31065767e-02, 4.53514745e-04, 9.07029491e-04,
       9.07029491e-04, 9.07029491e-04, 0., 1.81405898e-03, 0.,
       9.07029491e-04, 4.53514745e-04, 9.07029491e-04, 9.07029491e-04,
       1.81405898e-03, 7.25623593e-03, 0., 4.53514745e-04, 0.,
       9.07029491e-04, 4.53514745e-04, 1.36054424e-03, 1.36054424e-03,
       0., 9.07029491e-04, 4.53514745e-04, 4.53514745e-04,
       9.07029491e-04, 9.52380989e-03, 4.53514745e-04, 4.53514745e-04,
       1.81405898e-03, 3.62811796e-03, 9.07029491e-04, 4.53514745e-04,
       9.07029491e-04, 1.81405898e-03, 1.81405898e-03, 0.,
       1.81405898e-03, 4.53514745e-04, 1.36054424e-03, 1.36054424e-03,
       4.53514745e-04, 1.36054424e-03, 1.36054424e-03, 4.53514745e-04,
       4.53514745e-04, 4.53514745e-04, 0., 1.81405898e-03, 0.,
       4.53514745e-04, 4.53514745e-04, 1.36054424e-03, 9.07029491e-04,
       3.17460322e-03, 0., 0., 1.36054424e-03, 4.08163294e-03, 0.,
       9.07029491e-04, 0., 4.53514745e-04, 3.17460322e-03,
       3.17460336e-02, 1.36054424e-03, 9.07029491e-04, 4.53514745e-04,
       0., 2.26757373e-03, 4.53514745e-04, 1.36054424e-03, 0.,
       4.53514745e-04, 9.07029491e-04, 0., 3.17460322e-03, 0.,
       2.26757373e-03, 9.07029491e-04, 1.81405898e-03, 0.,
       1.36054424e-03, 0., 0., 0., 4.08163294e-03, 9.07029491e-04,
       9.07029491e-04, 9.07029491e-04, 0., 4.53514745e-04,
       4.53514745e-04, 9.07029491e-04, 4.53514745e-04, 9.07029491e-04,
       1.36054424e-03, 1.36054424e-03, 1.36054424e-03, 1.81405898e-03,
       2.72108847e-03, 1.36054424e-03, 9.07029491e-04, 4.53514745e-04,
       9.07029491e-04, 4.53514745e-04, 0., 4.53514745e-04,
       4.53514745e-04, 4.53514745e-04, 0., 1.81405898e-03,
       9.07029491e-04, 0., 1.36054424e-03, 0., 0., 9.07029491e-04, 0.,
       2.72108847e-03, 3.62811796e-03, 9.07029491e-04, 0.,
       9.07029491e-04, 4.53514745e-04, 4.53514745e-04, 0.,
       2.26757373e-03, 1.36054424e-03, 4.53514745e-04, 1.81405898e-03,
       9.07029491e-04, 4.53514745e-04, 9.07029491e-04, 0., 0., 0.,
       1.81405898e-03, 4.53514745e-04, 0., 9.07029491e-04,
       1.36054424e-03, 4.53514745e-04, 4.53514745e-04, 3.62811796e-03,
       1.81405898e-03, 4.53514745e-04, 0., 1.81405898e-03, 0., 0., 0.,
       9.07029491e-04, 0., 4.53514745e-04, 0., 9.07029491e-04, 0., 0.,
       4.53514745e-04, 9.07029491e-04, 1.81405898e-03, 9.07029491e-04,
       1.36054424e-03, 1.36054424e-03, 4.53514745e-04, 2.26757373e-03,
       1.81405898e-03, 9.07029491e-04, 2.26757373e-03, 4.53514745e-04,
       4.53514745e-04, 0., 4.53514745e-04, 1.36054424e-03, 0.,
       9.07029491e-03, 4.98866197e-03, 9.07029491e-04, 9.07029491e-04,
       0., 3.17460322e-03, 1.36054424e-03, 4.53514745e-04,
       1.81405898e-03, 9.07029491e-04, 1.81405898e-03, 4.53514745e-04,
       0., 9.07029491e-04, 9.07029491e-04, 0., 4.08163294e-03, 0.,
       4.53514745e-04, 4.53514745e-04, 9.07029491e-04, 4.53514745e-04,
       9.07029491e-04, 4.53514745e-04, 9.07029491e-04, 9.07029491e-04,
       9.07029491e-04, 4.53514745e-04, 4.53514745e-04, 0.,
       2.72108847e-03, 4.53514745e-04, 0., 4.53514745e-04, 0.,
       9.07029491e-04, 9.07029491e-04, 2.26757373e-03, 1.36054424e-03,
       4.53514745e-04, 1.81405898e-03, 4.53514745e-04, 5.44217695e-03,
       1.36054424e-03, 0., 4.53514745e-04, 9.07029491e-04,
       3.62811796e-03, 9.07029491e-04, 9.07029491e-04, 0., 0.,
       9.07029491e-04, 2.72108847e-03, 0., 0., 9.07029491e-04, 0.,
       4.53514745e-04, 4.53514745e-04, 4.53514745e-04, 4.53514745e-04,
       4.53514745e-04, 3.17460322e-03, 0., 4.53514745e-03,
       1.36054424e-03, 4.53514745e-04, 9.07029491e-04, 0.,
       1.81405898e-03, 0., 1.36054424e-03, 4.53514745e-03, 0.,
       4.53514745e-04, 0., 4.53514745e-04, 0., 4.53514745e-04,
       1.36054424e-03, 2.72108847e-03, 0., 5.89569192e-03,
       4.53514745e-04, 4.53514745e-04, 1.36054424e-03, 0.,
       9.07029491e-04, 4.53514745e-04, 0., 9.07029491e-04,
       4.53514745e-04, 1.81405898e-03, 4.53514745e-04, 2.72108847e-03,
       2.72108847e-03, 4.53514745e-04, 4.08163294e-03, 9.07029491e-04,
       1.36054424e-03, 1.81405898e-03, 9.07029491e-04, 4.53514745e-04,
       2.26757373e-03, 4.98866197e-03, 1.81405898e-03, 0., 0.,
       4.53514745e-04, 4.53514745e-04, 4.53514745e-04, 0.,
       2.72108847e-03, 4.53514745e-04, 0., 0., 4.53514745e-04,
       9.07029491e-04, 4.98866197e-03, 1.36054424e-03, 0.,
       4.53514745e-04, 9.07029491e-04, 9.07029491e-04, 0.,
       4.53514745e-04, 0., 4.53514745e-04, 0., 0., 1.81405898e-03,
       1.81405898e-03, 4.53514745e-04, 4.53514745e-04, 9.07029491e-04,
       1.36054424e-03, 0., 2.72108847e-03, 2.72108847e-03,
       4.08163294e-03, 2.72108847e-03, 0., 0., 0., 0., 2.72108847e-03,
       3.17460322e-03, 9.07029491e-04, 4.53514745e-04, 0.,
       4.53514745e-04, 1.81405898e-03, 1.81405898e-03, 4.53514745e-04,
       1.36054424e-03, 2.26757373e-03, 1.81405898e-03, 9.07029491e-04,
       0., 1.36054424e-03, 4.53514745e-04, 0., 0., 0., 4.98866197e-03,
       9.07029491e-04, 4.53514745e-04, 9.07029491e-04, 1.81405898e-03,
       2.72108847e-03, 9.07029491e-04, 1.81405898e-03, 0., 0., 0.,
       2.26757373e-03, 9.07029491e-04, 1.36054424e-03, 0.,
       4.53514745e-04, 0., 4.08163294e-03, 3.62811796e-03,
       1.81405898e-03, 0., 3.17460322e-03, 9.07029491e-04,
       1.36054424e-03, 4.53514745e-04, 1.81405898e-03, 9.07029491e-04,
       9.07029491e-04, 4.53514745e-04, 0., 9.07029491e-04, 0.,
       4.53514745e-04, 4.53514745e-04, 1.36054424e-03, 9.07029491e-04,
       0., 0., 6.34920644e-03, 1.36054424e-03, 0., 0., 9.07029491e-04,
       9.07029491e-04, 7.70975091e-03, 9.07029491e-04, 6.34920644e-03,
       9.07029491e-04, 1.36054424e-03, 1.81405898e-03, 4.53514745e-04,
       0., 4.53514745e-04, 9.07029491e-04, 9.07029491e-04, 0.,
       4.08163294e-03, 0., 4.53514745e-04, 0., 9.07029491e-04, 0.,
       1.81405898e-03, 0., 9.07029491e-04, 4.53514745e-04,
       9.07029491e-04, 1.36054424e-03, 2.72108847e-03, 9.07029491e-04,
       5.89569192e-03, 0., 0., 1.36054424e-03, 2.72108847e-03, 0., 0.,
       0., 4.53514745e-04, 4.53514745e-04, 4.53514745e-03, 0., 0., 0.,
