%YAML:1.0
m100n: !!opencv-matrix
   rows: 1
   cols: 800
   dt: f
   data: [ 0., 2.96442700e-03, 5.59947314e-03, 3.29380768e-04,
       3.29380768e-04, 2.30566529e-03, 1.31752307e-03, 3.29380768e-04,
       0., 6.58761535e-04, 6.25823438e-03, 6.91699609e-03,
       1.64690381e-03, 3.29380768e-04, 9.88142332e-04, 6.58761535e-04,
       3.29380768e-04, 9.88142332e-04, 0., 3.29380768e-04,
       9.88142332e-04, 9.88142332e-04, 3.29380768e-04, 3.29380768e-04,
       4.44664024e-02, 1.64690381e-03, 3.29380768e-04, 9.88142332e-04,
       1.64690381e-03, 9.88142332e-04, 3.29380768e-04, 1.64690381e-03,
       6.58761535e-04, 0., 9.88142332e-04, 6.58761535e-04,
       9.88142332e-04, 6.58761535e-04, 3.29380768e-04, 6.58761535e-04,
       1.31752307e-03, 0., 2.96442700e-03, 1.31752307e-03,
       9.88142332e-04, 9.88142332e-04, 2.96442700e-03, 3.29380762e-03,
       3.29380768e-04, 3.29380762e-03, 1.64690381e-03, 0.,
       9.88142332e-04, 2.30566529e-03, 1.31752307e-03, 3.29380768e-04,
       3.29380762e-03, 6.58761535e-04, 0., 0., 3.29380768e-04,
       9.88142332e-04, 2.63504614e-03, 3.29380768e-04, 1.31752307e-03,
       1.31752307e-03, 3.29380768e-04, 3.29380768e-04, 0.,
       3.29380762e-03, 1.97628466e-03, 9.88142332e-04, 1.31752307e-03,
       1.64690381e-03, 2.63504614e-03, 0., 6.58761535e-04,
       9.88142332e-04, 0., 6.58761535e-04, 0., 3.29380768e-04,
       3.29380768e-04, 0., 0., 4.28195018e-03, 6.58761535e-04,
       2.96442700e-03, 1.64690381e-03, 9.88142332e-04, 4.28195018e-03,
       6.58761535e-04, 3.29380768e-04, 6.58761535e-04, 3.29380768e-04,
       0., 3.29380768e-04, 0., 6.58761535e-04, 1.64690381e-03,
       1.31752307e-03, 9.88142332e-04, 3.29380768e-04, 1.97628466e-03,
       9.88142332e-04, 6.58761535e-04, 6.58761535e-04, 6.58761535e-04,
       9.88142332e-04, 0., 1.31752307e-03, 6.58761535e-04,
       9.88142332e-04, 0., 9.88142332e-04, 3.29380768e-04,
       3.29380768e-04, 3.29380768e-04, 7.90513866e-03, 1.31752307e-03,
       2.30566529e-03, 1.31752307e-03, 0., 9.88142332e-04,
       1.31752307e-03, 3.29380768e-04, 1.31752307e-03, 6.58761535e-04,
       0., 9.88142332e-04, 9.88142332e-04, 5.59947314e-03,
       1.64690381e-03, 6.58761535e-04, 9.88142332e-04, 1.31752305e-02,
       1.64690381e-03, 3.29380768e-04, 6.58761535e-04, 1.31752307e-03,
       3.29380762e-03, 3.29380762e-03, 9.88142332e-04, 9.88142332e-04,
       0., 1.97628466e-03, 0., 9.88142332e-04, 3.29380768e-04,
       3.29380768e-04, 3.29380768e-04, 4.94071143e-03, 3.29380768e-04,
       9.88142332e-04, 0., 6.58761535e-04, 0., 1.31752307e-03, 0.,
       6.58761535e-04, 3.29380768e-04, 3.29380768e-04, 6.58761535e-04,
       6.58761535e-04, 3.29380768e-04, 9.88142332e-04, 3.29380768e-04,
       1.97628466e-03, 6.58761535e-04, 0., 3.29380768e-04, 0.,
       3.29380768e-04, 3.29380768e-04, 6.58761535e-04, 0.,
       6.58761535e-04, 1.97628457e-02, 3.29380768e-04, 2.30566529e-03,
       1.97628466e-03, 1.97628466e-03, 1.31752307e-03, 1.31752307e-03,
       1.31752307e-03, 1.31752307e-03, 9.88142332e-04, 9.88142332e-04,
       3.29380768e-04, 7.24637695e-03, 4.28195018e-03, 6.58761535e-04,
       5.59947314e-03, 3.29380768e-04, 0., 1.64690381e-03, 0., 0.,
       1.64690381e-03, 0., 1.64690381e-03, 4.28195018e-03,
       9.55204200e-03, 2.96442700e-03, 1.31752307e-03, 2.96442700e-03,
       3.29380768e-04, 3.29380768e-04, 4.61133057e-03, 1.31752307e-03,
       6.58761535e-04, 3.29380768e-04, 6.58761535e-04, 3.29380768e-04,
       1.97628466e-03, 9.88142332e-04, 6.58761535e-04, 1.31752307e-03,
       1.64690381e-03, 1.97628466e-03, 6.58761535e-04, 6.58761535e-04,
       1.31752307e-03, 9.88142332e-04, 3.29380768e-04, 3.29380768e-04,
       3.29380768e-04, 9.88142332e-04, 4.61133057e-03, 2.30566529e-03,
       9.88142332e-04, 1.31752307e-03, 6.58761535e-04, 9.88142332e-04,
       2.63504614e-03, 6.58761535e-04, 1.97628466e-03, 0.,
       1.64690381e-03, 6.58761535e-04, 1.31752307e-03, 7.57575780e-03,
       1.64690381e-03, 3.95256933e-03, 6.58761535e-04, 2.30566529e-03,
       5.27009228e-03, 1.31752307e-03, 1.97628466e-03, 9.88142332e-04,
       6.58761535e-04, 6.58761535e-04, 1.97628466e-03, 6.58761535e-04,
       3.29380768e-04, 3.29380768e-04, 3.29380768e-04, 1.31752307e-03,
       1.31752307e-03, 6.58761535e-04, 3.29380768e-04, 1.64690381e-03,
       0., 2.30566529e-03, 6.58761535e-04, 6.58761535e-04,
       3.29380768e-04, 5.27009228e-03, 6.58761535e-04, 6.58761535e-04,
       3.95256933e-03, 3.29380768e-04, 1.31752307e-03, 9.88142332e-04,
       3.29380768e-04, 9.88142332e-04, 3.29380768e-04, 3.62318847e-03,
       2.96442700e-03, 6.58761535e-04, 4.61133057e-03, 1.31752307e-03,
       9.88142332e-04, 6.58761535e-04, 9.88142332e-04, 6.58761535e-04,
       2.96442700e-03, 3.29380768e-04, 9.88142332e-04, 3.29380768e-04,
       6.58761535e-04, 3.29380768e-04, 3.29380768e-04, 1.31752307e-03,
       3.29380768e-04, 1.31752307e-03, 0., 0., 3.29380768e-04,
       9.88142332e-04, 1.64690381e-03, 2.63504614e-03, 9.88142332e-04,
       6.58761535e-04, 9.88142332e-04, 0., 3.29380768e-04,
       2.63504614e-03, 6.58761535e-04, 3.29380768e-04, 2.63504614e-03,
       9.88142332e-04, 4.28195018e-03, 2.30566529e-03, 1.31752307e-03,
       1.97628466e-03, 6.58761535e-04, 6.58761535e-04, 6.58761535e-04,
       9.88142332e-04, 6.58761535e-04, 3.29380768e-04, 9.88142332e-04,
       9.88142332e-04, 1.31752307e-03, 1.97628466e-03, 0.,
       3.95256933e-03, 0., 3.29380768e-04, 6.58761535e-04, 0.,
       5.92885399e-03, 3.62318847e-03, 6.58761535e-04, 9.88142332e-04,
       0., 9.88142332e-04, 1.31752307e-03, 6.58761535e-04,
       3.95256933e-03, 3.29380768e-04, 1.31752307e-03, 9.88142332e-04,
       1.97628466e-03, 3.29380768e-04, 3.29380768e-04, 6.58761535e-04,
       0., 1.31752307e-03, 6.58761535e-04, 3.29380768e-04,
       1.31752307e-03, 0., 1.31752307e-03, 0., 3.29380768e-04,
       9.88142332e-04, 0., 2.63504614e-03, 1.31752307e-03, 0.,
       3.29380768e-04, 6.58761535e-04, 9.88142332e-04, 9.88142332e-04,
       6.58761535e-04, 6.58761535e-04, 4.28195018e-03, 0.,
       2.30566529e-03, 0., 3.29380768e-04, 9.88142332e-04,
       3.29380768e-04, 0., 9.88142332e-04, 6.58761535e-04,
       1.31752307e-03, 6.58761535e-04, 9.88142332e-04, 1.64690381e-03,
       3.29380768e-04, 0., 1.64690381e-03, 6.58761535e-04,
       1.31752307e-03, 3.62318847e-03, 3.29380762e-03, 2.30566529e-03,
       6.58761535e-04, 3.95256933e-03, 3.29380768e-04, 1.97628466e-03,
       0., 6.58761535e-04, 4.61133057e-03, 6.58761535e-04,
       1.64690381e-03, 6.58761535e-04, 0., 3.29380768e-04,
       3.29380768e-04, 1.64690381e-03, 6.58761535e-04, 6.58761535e-04,
       9.88142332e-04, 0., 2.63504614e-03, 6.58761535e-04,
       4.61133057e-03, 9.88142332e-04, 6.58761535e-04, 9.88142332e-04,
       3.29380768e-04, 3.95256933e-03, 3.29380768e-04, 9.88142332e-04,
       1.64690381e-03, 3.29380768e-04, 5.92885399e-03, 0.,
       9.88142332e-04, 3.95256933e-03, 1.64690381e-03, 6.58761535e-04,
       3.29380768e-04, 3.29380768e-04, 2.30566529e-03, 3.29380768e-04,
       1.97628466e-03, 1.31752307e-03, 1.97628466e-03, 1.31752307e-03,
       9.88142332e-04, 6.58761535e-04, 3.29380768e-04, 6.58761535e-04,
       0., 0., 0., 6.58761535e-04, 3.29380768e-04, 1.31752307e-03,
       9.88142332e-04, 3.29380768e-04, 2.30566529e-03, 3.29380768e-04,
       3.29380768e-04, 9.88142332e-04, 3.29380768e-04, 4.28195018e-03,
       6.58761535e-04, 1.64690381e-03, 9.88142332e-04, 2.96442700e-03,
       6.58761535e-04, 3.29380768e-04, 6.58761535e-04, 1.64690381e-03,
       0., 0., 2.63504614e-03, 0., 1.31752307e-03, 6.58761535e-04, 0.,
       9.88142332e-04, 2.30566529e-03, 1.64690381e-03, 1.64690381e-03,
       6.58761535e-04, 3.29380768e-04, 1.64690381e-03, 6.58761535e-04,
       9.88142332e-04, 6.58761535e-04, 9.88142332e-04, 1.64690381e-03,
       1.31752307e-03, 1.31752307e-03, 1.31752307e-03, 1.31752307e-03,
       9.88142332e-04, 3.29380768e-04, 1.31752307e-03, 6.58761535e-04,
