%YAML:1.0
m100n: !!opencv-matrix
   rows: 1
   cols: 800
   dt: f
   data: [ 9.60307312e-04, 1.60051219e-03, 2.56081950e-03,
       3.20102437e-04, 1.60051219e-03, 6.40204875e-04, 0.,
       3.20102437e-04, 0., 3.84122925e-03, 1.60051219e-03,
       2.24071695e-03, 1.92061462e-03, 4.80153644e-03, 3.20102437e-04,
       3.52112669e-03, 2.88092205e-03, 6.40204875e-04, 0.,
       9.60307312e-04, 3.20102437e-04, 6.40204875e-03, 9.60307312e-04,
       2.88092205e-03, 0., 0., 6.40204875e-04, 0., 4.16133180e-03,
       1.28040975e-03, 1.28040975e-03, 6.40204875e-04, 2.24071695e-03,
       9.60307312e-04, 0., 9.60307312e-04, 0., 0., 2.24071695e-03, 0.,
       0., 6.40204875e-04, 6.40204875e-04, 0., 9.60307312e-04,
       2.56081950e-03, 9.60307312e-04, 2.88092205e-03, 6.40204875e-04,
       0., 6.40204875e-04, 1.28040975e-03, 1.60051219e-03, 0.,
       2.88092205e-03, 9.60307312e-04, 3.20102437e-04, 1.92061462e-03,
       1.92061462e-03, 0., 3.84122925e-03, 0., 3.20102437e-04,
       6.40204875e-04, 1.28040975e-03, 3.20102437e-04, 9.60307312e-04,
       3.20102437e-04, 3.20102437e-03, 9.60307312e-04, 1.60051219e-03,
       0., 6.40204875e-04, 9.60307312e-04, 1.92061462e-03,
       1.60051219e-03, 2.88092205e-03, 0., 3.20102437e-03,
       1.92061462e-03, 0., 1.92061462e-03, 6.40204875e-04,
       3.20102437e-04, 3.20102437e-04, 4.16133180e-03, 6.40204875e-04,
       1.60051219e-03, 3.20102437e-03, 4.80153644e-03, 3.20102437e-04,
       0., 6.40204875e-04, 6.40204875e-04, 0., 0., 3.20102437e-04,
       2.88092205e-03, 1.28040975e-03, 9.60307312e-04, 3.20102437e-04,
       0., 0., 2.56081950e-03, 3.20102437e-04, 3.84122925e-03,
       1.28040975e-03, 8.64276569e-03, 2.56081950e-03, 9.60307312e-04,
       4.48143389e-03, 1.92061462e-03, 5.76184411e-03, 0.,
       6.72215130e-03, 0., 5.76184411e-03, 0., 3.20102437e-04, 0., 0.,
       6.40204875e-04, 1.28040975e-03, 2.24071695e-03, 0.,
       6.08194619e-03, 1.28040975e-03, 9.60307312e-04, 4.80153644e-03,
       6.40204875e-04, 1.60051219e-03, 3.84122925e-03, 3.20102437e-03,
       1.92061462e-03, 6.40204875e-04, 0., 1.92061462e-03, 0.,
       9.60307312e-04, 0., 2.24071695e-03, 0., 0., 3.20102437e-04,
       6.40204875e-04, 0., 0., 4.48143389e-03, 0., 0., 4.48143389e-03,
       0., 2.24071695e-03, 3.20102437e-04, 2.88092205e-03,
       5.12163900e-03, 9.60307312e-04, 9.60307312e-04, 0.,
       6.40204875e-04, 2.24071695e-03, 1.92061462e-03, 3.84122925e-03,
       3.20102437e-04, 3.20102437e-04, 3.20102437e-04, 0.,
       3.20102437e-04, 3.20102437e-04, 1.28040975e-03, 1.60051219e-03,
       3.20102437e-03, 9.60307312e-04, 0., 6.40204875e-04,
       3.20102437e-03, 9.60307312e-04, 6.08194619e-03, 4.80153644e-03,
       0., 9.60307312e-04, 6.40204875e-03, 1.28040975e-03,
       6.40204875e-04, 1.60051219e-03, 6.40204875e-04, 1.60051219e-03,
       0., 1.92061462e-03, 0., 1.28040975e-03, 9.60307312e-04,
       1.28040975e-03, 3.20102437e-04, 1.28040975e-03, 9.60307312e-04,
       0., 6.40204875e-04, 6.40204875e-04, 2.24071695e-03,
       6.40204875e-04, 9.60307312e-04, 6.40204875e-04, 3.52112669e-03,
       0., 3.20102437e-04, 5.76184411e-03, 2.24071695e-03,
       3.20102437e-04, 0., 2.56081950e-03, 1.28040975e-03, 0.,
       6.40204875e-04, 2.24071695e-03, 0., 1.28040975e-03,
       9.60307312e-04, 1.92061462e-03, 1.60051219e-03, 3.20102437e-04,
       5.44174155e-03, 6.40204875e-04, 0., 1.28040975e-03,
       6.40204875e-04, 1.28040975e-03, 1.28040975e-03, 0.,
       3.20102437e-04, 1.28040975e-03, 1.60051219e-03, 0.,
       1.28040975e-03, 3.20102437e-04, 3.20102437e-03, 7.04225339e-03,
       2.24071695e-03, 0., 2.88092205e-03, 1.28040975e-03,
       1.92061462e-03, 0., 9.60307312e-04, 0., 1.60051219e-03,
       1.28040975e-03, 9.60307312e-04, 2.24071695e-03, 3.84122925e-03,
       0., 9.60307312e-04, 2.24071695e-03, 0., 2.24071695e-03,
       3.84122925e-03, 1.92061462e-03, 6.40204875e-04, 9.60307312e-04,
       9.60307312e-04, 9.60307312e-04, 1.28040975e-03, 0.,
       1.28040975e-03, 2.56081950e-03, 6.40204875e-04, 1.60051219e-03,
       4.80153644e-03, 0., 6.40204875e-04, 3.20102437e-04,
       1.28040975e-03, 3.20102437e-04, 1.60051219e-03, 4.16133180e-03,
       1.60051219e-03, 6.40204875e-04, 9.60307312e-04, 6.40204875e-04,
       0., 1.28040975e-03, 6.40204875e-04, 1.28040975e-03,
       9.60307312e-04, 1.92061462e-03, 3.84122925e-03, 6.40204875e-04,
       1.28040975e-03, 0., 0., 9.60307312e-04, 6.40204875e-04, 0.,
       9.60307312e-04, 3.20102437e-04, 9.60307312e-04, 1.60051219e-03,
       0., 9.60307312e-04, 0., 1.92061462e-03, 3.20102437e-04,
       1.28040975e-03, 9.60307312e-04, 0., 0., 6.40204875e-04, 0.,
       6.40204875e-04, 0., 9.60307312e-04, 9.60307312e-04,
       1.28040975e-03, 1.28040975e-03, 6.40204875e-04, 1.92061462e-03,
       3.52112669e-03, 0., 3.20102437e-04, 6.40204875e-04,
       6.40204875e-04, 1.60051219e-03, 9.60307312e-04, 9.60307312e-04,
       6.40204875e-04, 2.88092205e-03, 9.60307312e-04, 0., 0.,
       1.60051219e-03, 3.20102437e-04, 6.40204875e-04, 1.60051219e-03,
       2.88092205e-03, 2.56081950e-03, 4.16133180e-03, 1.28040975e-03,
       6.40204875e-04, 3.20102437e-04, 3.20102437e-04, 1.60051219e-03,
       1.60051219e-03, 9.60307312e-04, 1.60051219e-03, 6.40204875e-04,
       3.20102437e-04, 6.40204875e-04, 9.60307312e-04, 0.,
       3.20102437e-04, 4.16133180e-03, 2.56081950e-03, 0.,
       2.88092205e-03, 3.20102437e-04, 9.60307312e-04, 1.92061462e-03,
       3.20102437e-04, 1.28040975e-03, 2.24071695e-03, 1.92061462e-03,
       3.20102437e-03, 1.28040975e-03, 0., 6.40204875e-04,
       4.16133180e-03, 0., 0., 3.20102437e-04, 0., 2.88092205e-03,
       1.60051219e-03, 0., 9.60307312e-04, 6.08194619e-03,
       3.20102437e-04, 0., 6.40204875e-04, 0., 1.60051219e-03,
       1.60051219e-03, 0., 3.20102437e-03, 6.40204875e-04, 0.,
       6.40204875e-04, 0., 6.40204875e-04, 1.92061462e-03,
       2.56081950e-03, 3.20102437e-03, 3.84122925e-03, 0.,
       2.24071695e-03, 6.40204875e-04, 1.28040975e-03, 2.24071695e-03,
       3.20102437e-04, 1.60051219e-03, 2.24071695e-03, 3.20102437e-04,
       1.92061462e-03, 2.88092205e-03, 3.20102437e-03, 3.20102437e-04,
       6.40204875e-04, 1.60051219e-03, 2.24071695e-03, 6.40204875e-04,
       1.28040975e-03, 3.20102437e-04, 0., 3.20102437e-04,
       1.92061462e-03, 3.20102437e-04, 9.60307312e-04, 1.60051219e-03,
       6.40204875e-04, 0., 4.48143389e-03, 6.40204875e-04, 0.,
       1.60051219e-03, 6.40204875e-04, 6.40204875e-04, 0.,
       2.24071695e-03, 6.40204875e-04, 0., 2.24071695e-03, 0.,
       9.60307312e-04, 2.88092205e-03, 6.40204875e-04, 1.28040975e-03,
       3.20102437e-03, 6.40204875e-04, 0., 9.60307312e-04, 0.,
       2.88092205e-03, 3.20102437e-03, 1.28040975e-03, 2.24071695e-03,
       3.20102437e-04, 1.28040975e-03, 0., 9.60307312e-04, 0.,
       1.60051219e-03, 3.52112669e-03, 0., 3.20102437e-04,
       1.92061462e-03, 6.40204875e-04, 1.28040975e-03, 3.20102437e-04,
       0., 6.40204875e-04, 6.40204875e-04, 6.40204875e-04, 0.,
       1.60051219e-03, 1.92061462e-03, 3.20102437e-04, 0.,
       6.40204875e-04, 1.28040975e-03, 3.20102437e-04, 1.92061462e-03,
       6.40204875e-04, 0., 3.52112669e-03, 9.60307312e-04, 0.,
       1.28040975e-03, 0., 0., 1.28040975e-03, 3.52112669e-03,
       3.20102437e-04, 6.40204875e-04, 3.20102437e-04, 1.92061462e-03,
       9.60307312e-04, 0., 9.60307312e-04, 6.40204875e-04, 0.,
       6.40204875e-04, 1.28040975e-03, 6.40204875e-04, 3.20102437e-04,
       6.40204875e-04, 4.16133180e-03, 6.40204875e-03, 0., 0.,
       3.20102437e-04, 6.40204875e-04, 1.60051219e-03, 1.60051219e-03,
       2.88092205e-03, 3.20102437e-03, 2.24071695e-03, 4.16133180e-03,
       3.20102437e-04, 9.60307312e-04, 3.20102437e-04, 3.20102437e-03,
       1.28040975e-03, 6.40204875e-04, 6.40204875e-04, 3.20102437e-04,
       0., 0., 6.40204875e-04, 6.40204875e-04, 3.20102437e-04,
       6.40204875e-04, 6.40204875e-04, 3.20102437e-04, 6.40204875e-04,
