%YAML:1.0
m100n: !!opencv-matrix
   rows: 1
   cols: 800
   dt: f
   data: [ 1.01454183e-03, 1.69090298e-03, 6.76361204e-04,
       6.76361204e-04, 3.38180602e-04, 2.02908367e-03, 1.35272241e-03,
       3.38180602e-04, 3.38180602e-04, 1.01454183e-03, 4.05816734e-03,
       4.05816734e-03, 6.76361204e-04, 3.38180602e-04, 1.69090298e-03,
       1.69090298e-03, 3.38180602e-04, 1.01454183e-03, 3.38180602e-04,
       0., 0., 0., 2.70544481e-03, 1.35272241e-03, 1.65708493e-02,
       3.38180602e-04, 3.38180602e-04, 3.38180602e-04, 0.,
       3.38180602e-04, 3.04362550e-03, 0., 1.01454183e-03, 0.,
       3.38180602e-04, 6.76361204e-04, 1.01454183e-03, 3.38180602e-04,
       0., 6.76361204e-04, 6.76361204e-04, 3.71998665e-03,
       1.01454183e-03, 4.39634779e-03, 6.76361204e-04, 0.,
       2.02908367e-03, 3.71998665e-03, 3.38180602e-04, 4.39634779e-03,
       3.38180602e-04, 3.38180602e-04, 6.76361204e-04, 2.02908367e-03,
       1.01454183e-03, 1.01454183e-03, 4.05816734e-03, 1.01454183e-03,
       0., 6.76361204e-04, 6.76361204e-04, 3.38180602e-04,
       6.76361192e-03, 6.76361204e-04, 2.36726413e-03, 0., 0., 0.,
       6.76361204e-04, 3.38180596e-03, 1.69090298e-03, 3.38180602e-04,
       2.02908367e-03, 1.01454183e-03, 3.04362550e-03, 0.,
       6.76361204e-04, 1.01454183e-03, 6.76361204e-04, 3.38180602e-04,
       1.01454183e-03, 0., 0., 6.76361204e-04, 0., 6.76361204e-04, 0.,
       3.38180602e-04, 0., 3.38180602e-04, 2.02908367e-03, 0., 0.,
       3.38180602e-04, 0., 6.76361204e-04, 3.38180602e-04, 0.,
       3.38180602e-04, 3.38180602e-04, 6.76361204e-04, 6.76361204e-04,
       1.35272241e-03, 1.69090298e-03, 1.35272241e-03, 1.01454183e-03,
       3.38180602e-04, 3.38180602e-04, 6.76361204e-04, 3.38180602e-04,
       0., 6.76361204e-04, 0., 1.35272241e-03, 3.38180602e-04,
       3.38180602e-04, 6.76361204e-04, 0., 2.02908367e-03,
       2.02908367e-03, 2.02908367e-03, 3.38180602e-04, 6.76361204e-04,
       3.38180602e-04, 2.02908367e-03, 0., 1.01454183e-03,
       6.76361204e-04, 0., 3.38180602e-04, 3.38180602e-04,
       3.71998665e-03, 2.02908367e-03, 3.38180602e-04, 0.,
       1.75853912e-02, 1.01454183e-03, 6.76361204e-04, 1.01454183e-03,
       3.38180602e-04, 1.01454183e-03, 2.36726413e-03, 1.35272241e-03,
       0., 3.38180602e-04, 6.76361204e-04, 6.76361204e-04,
       3.38180602e-04, 6.76361204e-04, 6.76361204e-04, 0.,
       1.35272241e-03, 3.38180602e-04, 6.76361204e-04, 3.38180602e-04,
       3.38180602e-04, 3.38180602e-04, 6.76361204e-04, 0.,
       3.38180602e-04, 0., 0., 0., 2.70544481e-03, 6.76361204e-04,
       1.01454183e-03, 0., 1.69090298e-03, 6.76361204e-04, 0.,
       1.35272241e-03, 6.76361204e-04, 0., 3.38180602e-04,
       1.35272241e-03, 0., 1.69090298e-03, 1.69090293e-02,
       3.38180602e-04, 6.76361204e-04, 6.76361204e-04, 1.35272241e-03,
       2.70544481e-03, 1.35272241e-03, 1.01454183e-03, 6.76361204e-04,
       1.01454183e-03, 6.76361204e-04, 1.01454183e-03, 2.70544481e-03,
       6.76361192e-03, 2.36726413e-03, 7.10179284e-03, 1.35272241e-03,
       0., 1.01454183e-03, 1.01454183e-03, 1.01454183e-03,
       3.38180602e-04, 3.38180602e-04, 6.76361204e-04, 5.41088963e-03,
       7.43997330e-03, 1.18363211e-02, 3.38180602e-04, 2.02908367e-03,
       1.01454183e-03, 3.38180602e-04, 4.05816734e-03, 3.38180602e-04,
       3.38180602e-04, 0., 9.46905650e-03, 1.35272241e-03,
       1.69090298e-03, 0., 2.02908367e-03, 1.35272241e-03,
       6.76361204e-04, 1.01454183e-03, 3.38180602e-04, 3.38180602e-04,
       3.38180602e-04, 1.35272241e-03, 0., 3.38180602e-04,
       3.38180602e-04, 1.35272241e-03, 1.35272241e-03, 4.05816734e-03,
       2.02908367e-03, 0., 3.38180602e-04, 1.35272241e-03, 0.,
       1.01454183e-03, 1.35272241e-03, 0., 6.76361204e-04, 0.,
       1.01454183e-03, 4.05816734e-03, 2.02908367e-03, 7.77815375e-03,
       3.38180602e-04, 0., 7.10179284e-03, 1.01454183e-03, 0.,
       3.38180602e-04, 6.76361204e-04, 1.01454183e-03, 1.35272241e-03,
       2.70544481e-03, 6.76361204e-04, 0., 1.08217793e-02,
       6.76361204e-04, 3.38180602e-04, 3.38180602e-04, 6.76361204e-04,
       1.35272241e-03, 6.76361204e-04, 1.35272241e-03, 0.,
       1.01454183e-03, 1.01454183e-03, 1.45417657e-02, 0.,
       6.76361204e-04, 4.05816734e-03, 0., 0., 0., 6.76361204e-04,
       2.70544481e-03, 0., 6.76361192e-03, 1.35272241e-03,
       3.38180602e-04, 2.70544481e-03, 3.38180602e-04, 6.76361204e-04,
       3.38180602e-04, 6.76361204e-04, 0., 2.36726413e-03,
       3.38180602e-04, 3.38180602e-04, 0., 1.35272241e-03,
       3.38180602e-04, 1.01454183e-03, 3.38180602e-04, 6.76361204e-04,
       1.01454183e-03, 0., 0., 1.01454183e-03, 6.76361204e-04,
       6.76361204e-04, 1.35272241e-03, 3.38180602e-04, 1.01454183e-03,
       1.01454183e-03, 2.70544481e-03, 3.38180602e-04, 8.79269559e-03,
       3.38180602e-04, 2.70544481e-03, 6.76361204e-04, 3.38180602e-04,
       2.36726413e-03, 6.76361204e-04, 3.38180602e-04, 1.01454183e-03,
       1.35272241e-03, 6.76361204e-04, 3.38180602e-04, 6.76361204e-04,
       3.38180602e-04, 0., 1.69090298e-03, 6.76361204e-04,
       6.76361204e-04, 3.38180602e-04, 0., 3.71998665e-03,
       3.38180602e-04, 2.02908367e-03, 0., 3.38180602e-04,
       6.42543146e-03, 7.43997330e-03, 0., 1.35272241e-03, 0., 0.,
       3.38180602e-04, 3.38180602e-04, 5.74907009e-03, 0.,
       1.35272241e-03, 3.38180602e-04, 2.36726413e-03, 3.38180602e-04,
       3.38180602e-04, 3.38180602e-04, 3.38180602e-04, 4.05816734e-03,
       0., 0., 0., 3.38180602e-04, 2.36726413e-03, 0., 6.76361204e-04,
       1.01454183e-03, 3.38180602e-04, 3.04362550e-03, 1.35272241e-03,
       0., 0., 6.76361204e-04, 3.38180602e-04, 0., 6.76361204e-04, 0.,
       8.11633468e-03, 1.01454183e-03, 3.04362550e-03, 3.38180602e-04,
       3.38180602e-04, 1.01454183e-03, 3.38180602e-04, 6.76361204e-04,
       2.36726413e-03, 1.01454183e-03, 1.35272241e-03, 0.,
       1.01454183e-03, 3.38180602e-04, 3.38180602e-04, 0.,
       3.04362550e-03, 0., 3.38180602e-04, 5.41088963e-03,
       3.38180596e-03, 6.08725101e-03, 1.25126820e-02, 5.07270917e-03,
       0., 1.35272241e-03, 6.76361204e-04, 3.38180602e-04,
       1.01454183e-02, 2.02908367e-03, 1.35272241e-03, 1.35272241e-03,
       0., 0., 0., 2.36726413e-03, 3.38180602e-04, 3.38180602e-04,
       4.05816734e-03, 0., 1.01454183e-03, 3.38180602e-04,
       5.41088963e-03, 2.02908367e-03, 3.38180602e-04, 3.38180602e-04,
       3.38180602e-04, 5.74907009e-03, 0., 3.38180602e-04,
       3.38180602e-04, 0., 4.39634779e-03, 3.38180602e-04,
       3.38180602e-04, 4.05816734e-03, 2.02908367e-03, 0.,
       6.76361204e-04, 6.76361204e-04, 3.04362550e-03, 2.36726413e-03,
       1.35272241e-03, 1.01454183e-03, 3.38180602e-04, 3.38180602e-04,
       1.69090298e-03, 0., 0., 0., 6.76361204e-04, 6.76361204e-04,
       6.76361204e-04, 6.76361204e-04, 6.76361204e-04, 1.01454183e-03,
       1.35272241e-03, 1.01454183e-03, 1.69090298e-03, 3.38180602e-04,
       3.38180602e-04, 1.69090298e-03, 0., 6.76361204e-04, 0.,
       6.76361204e-04, 6.76361204e-04, 2.70544481e-03, 6.76361204e-04,
       6.76361204e-04, 0., 6.76361204e-04, 0., 0., 3.71998665e-03, 0.,
       6.76361204e-04, 0., 1.01454183e-03, 3.38180602e-04,
       2.02908367e-03, 1.35272241e-03, 1.35272241e-03, 3.38180602e-04,
       0., 3.04362550e-03, 0., 1.01454183e-03, 0., 6.76361204e-04,
       3.71998665e-03, 2.70544481e-03, 0., 1.35272241e-03,
       6.76361204e-04, 1.01454183e-03, 3.38180602e-04, 2.02908367e-03,
       0., 3.38180602e-04, 6.76361204e-04, 0., 6.76361204e-04,
       1.01454183e-03, 3.38180602e-04, 0., 3.38180602e-04,
       6.76361204e-04, 1.01454183e-03, 0., 0., 0., 6.76361204e-04,
       6.76361204e-04, 3.38180602e-04, 0., 0., 3.38180602e-04,
       6.76361204e-04, 6.76361204e-04, 1.35272241e-03, 1.35272241e-03,
       6.76361204e-04, 3.38180602e-04, 0., 0., 0., 0., 1.69090298e-03,
       0., 4.39634779e-03, 6.76361204e-04, 3.04362550e-03,
       1.01454183e-03, 1.35272241e-03, 0., 2.02908367e-03,
