%YAML:1.0
m100n: !!opencv-matrix
   rows: 1
   cols: 800
   dt: f
   data: [ 0., 8.18330608e-03, 1.63666124e-03, 1.09110749e-03,
       5.45553747e-04, 2.18221499e-03, 1.63666124e-03, 1.09110749e-03,
       8.72885995e-03, 1.09110749e-03, 1.09110749e-03, 0., 0.,
       5.45553747e-04, 1.63666124e-03, 2.18221499e-03, 0.,
       1.63666124e-03, 9.27441381e-03, 5.45553747e-04, 2.72776885e-03,
       0., 1.63666124e-03, 0., 0., 0., 2.18221499e-03, 2.18221499e-03,
       1.63666124e-03, 5.45553747e-04, 7.09219882e-03, 1.09110749e-03,
       8.72885995e-03, 0., 0., 1.09110749e-03, 7.09219882e-03, 0.,
       1.09110749e-03, 0., 0., 0., 0., 6.00109110e-03, 0., 0.,
       3.81887611e-03, 4.36442997e-03, 1.09110749e-03, 0., 0.,
       3.27332248e-03, 2.72776885e-03, 2.72776885e-03, 0., 0.,
       7.09219882e-03, 1.09110749e-03, 0., 0., 1.63666124e-03,
       5.45553747e-04, 0., 1.09110749e-03, 0., 5.45553747e-04,
       5.45553747e-04, 2.18221499e-03, 5.45553747e-04, 5.45553747e-04,
       5.45553747e-04, 0., 0., 6.00109110e-03, 0., 0., 2.18221499e-03,
       2.72776885e-03, 0., 2.72776885e-03, 1.09110749e-03,
       1.09110749e-03, 9.27441381e-03, 5.45553747e-04, 4.90998384e-03,
       5.45553747e-04, 5.45553747e-04, 1.20021822e-02, 5.45553747e-04,
       2.18221499e-03, 0., 5.45553747e-04, 0., 5.45553747e-04, 0.,
       5.45553747e-04, 5.45553747e-04, 5.45553747e-04, 5.45553747e-04,
       1.63666124e-03, 1.09110749e-03, 3.27332248e-03, 5.45553747e-04,
       1.63666124e-03, 1.63666124e-03, 1.09110749e-03, 0.,
       5.45553747e-04, 0., 0., 5.45553747e-04, 0., 0., 5.45553747e-04,
       1.09110749e-03, 0., 4.90998384e-03, 3.27332248e-03,
       1.20021822e-02, 2.72776885e-03, 5.45553747e-04, 0.,
       5.45553747e-04, 5.45553747e-04, 5.45553747e-04, 0., 0.,
       5.45553747e-04, 1.63666124e-03, 5.45553747e-04, 0.,
       3.27332248e-03, 1.09110749e-03, 0., 5.45553747e-04, 0., 0.,
       1.63666124e-03, 3.27332248e-03, 0., 0., 0., 0., 5.45553747e-04,
       4.36442997e-03, 0., 0., 5.45553747e-04, 4.36442997e-03,
       1.63666124e-03, 0., 1.09110749e-03, 5.45553747e-04,
       2.72776885e-03, 0., 1.63666124e-03, 0., 6.00109110e-03,
       5.45553747e-04, 3.27332248e-03, 3.81887611e-03, 1.09110749e-03,
       5.45553747e-04, 5.45553747e-04, 5.45553747e-04, 5.45553747e-04,
       5.45553747e-04, 1.09110749e-03, 1.09110749e-03, 0.,
       5.45553747e-04, 1.63666124e-03, 4.90998384e-03, 2.18221499e-03,
       5.45553747e-04, 1.63666124e-03, 0., 0., 5.45553747e-04, 0., 0.,
       5.45553747e-04, 6.00109110e-03, 5.45553747e-04, 5.45553747e-04,
       5.45553747e-04, 0., 1.63666124e-03, 0., 1.63666124e-03, 0.,
       1.09110749e-03, 5.45553747e-04, 0., 0., 5.45553747e-04, 0.,
       1.63666124e-03, 0., 5.45553747e-04, 0., 5.45553747e-04, 0., 0.,
       4.90998384e-03, 0., 5.45553747e-04, 5.45553747e-04,
       5.45553747e-04, 1.09110749e-03, 5.45553747e-04, 0.,
       1.09110749e-03, 1.09110749e-03, 5.45553747e-04, 3.27332248e-03,
       1.09110754e-02, 0., 5.45553747e-04, 3.27332248e-03, 0.,
       5.45553747e-04, 1.63666124e-03, 4.36442997e-03, 0., 0.,
       1.09110749e-03, 1.09110749e-03, 5.45553747e-04, 5.45553747e-04,
       1.63666124e-03, 5.45553747e-04, 1.09110749e-03, 0.,
       5.45553747e-04, 1.63666124e-03, 1.09110749e-03, 2.18221499e-03,
       1.09110749e-03, 5.45553747e-04, 5.45553747e-04, 0.,
       5.45553747e-04, 5.45553747e-04, 5.45553747e-04, 5.45553747e-04,
       1.09110749e-03, 1.63666124e-03, 0., 1.09110749e-03, 0.,
       2.18221499e-03, 0., 0., 5.45553747e-04, 1.09110749e-03,
       5.45553747e-04, 0., 1.09110749e-03, 2.18221499e-03, 0., 0.,
       3.27332248e-03, 3.27332248e-03, 5.45553747e-04, 5.45553747e-04,
       2.18221499e-03, 0., 0., 5.45553747e-04, 1.63666124e-03, 0.,
       5.45553747e-04, 2.72776885e-03, 5.45553747e-04, 0.,
       1.09110749e-03, 0., 0., 0., 0., 5.45553747e-04, 0., 0., 0.,
       5.45553747e-04, 9.27441381e-03, 5.45553747e-04, 5.45553747e-04,
       0., 1.09110749e-03, 0., 1.09110749e-03, 0., 3.27332248e-03,
       2.72776885e-03, 1.09110749e-03, 0., 5.45553747e-04,
       2.72776885e-03, 1.09110749e-03, 1.63666124e-03, 5.45553747e-04,
       2.72776885e-03, 5.45553747e-04, 5.45553747e-04, 5.45553747e-04,
       5.45553747e-04, 5.45553747e-04, 0., 4.36442997e-03,
       5.45553747e-04, 5.45553747e-04, 0., 5.45553747e-04,
       1.09110749e-03, 5.45553747e-04, 5.45553747e-04, 5.45553747e-04,
       0., 0., 1.09110749e-03, 5.45553747e-04, 0., 0., 1.09110749e-03,
       5.45553747e-04, 0., 5.45553747e-04, 5.45553747e-04, 0.,
       2.18221499e-03, 1.09110749e-03, 1.63666124e-03, 0.,
       5.45553747e-04, 0., 3.81887611e-03, 0., 5.45553747e-04, 0.,
       1.63666124e-03, 0., 0., 5.45553747e-04, 1.09110749e-03, 0.,
       2.18221499e-03, 1.09110749e-03, 5.45553747e-04, 2.72776885e-03,
       1.09110749e-03, 5.45553747e-04, 0., 1.09110749e-03,
       1.09110749e-03, 1.09110749e-03, 1.09110749e-03, 1.63666124e-03,
       7.09219882e-03, 5.45553747e-04, 1.63666124e-03, 2.72776885e-03,
       0., 0., 0., 1.63666124e-03, 3.27332248e-03, 0., 0.,
       1.63666124e-03, 2.18221499e-03, 1.09110749e-03, 0.,
       3.27332248e-03, 3.27332248e-03, 1.09110749e-03, 4.90998384e-03,
       0., 5.45553747e-04, 1.09110749e-03, 0., 3.27332248e-03, 0., 0.,
       1.09110749e-03, 2.18221499e-03, 6.00109110e-03, 4.90998384e-03,
       0., 3.27332248e-03, 0., 7.63775222e-03, 0., 1.09110749e-03,
       1.09110749e-03, 0., 0., 5.45553747e-04, 5.45553770e-03,
       5.45553747e-04, 0., 5.45553747e-04, 0., 0., 0., 5.45553747e-04,
       5.45553747e-04, 5.45553770e-03, 0., 3.81887611e-03, 0.,
       1.63666124e-03, 3.81887611e-03, 0., 0., 0., 5.45553747e-04, 0.,
       0., 0., 0., 0., 0., 0., 5.45553747e-04, 1.09110749e-03, 0., 0.,
       0., 0., 0., 9.27441381e-03, 2.18221499e-03, 2.18221499e-03,
       2.18221499e-03, 0., 1.63666124e-03, 5.45553747e-04, 0.,
       2.72776885e-03, 5.45553747e-04, 5.45553747e-04, 2.18221499e-03,
       0., 0., 5.45553747e-04, 5.45553747e-04, 1.63666124e-03,
       5.45553747e-04, 4.90998384e-03, 2.18221499e-03, 2.18221499e-03,
       0., 1.09110749e-03, 1.09110749e-03, 5.45553747e-04, 0.,
       1.09110749e-03, 2.72776885e-03, 0., 0., 1.63666124e-03,
       5.45553747e-04, 2.18221499e-03, 2.18221499e-03, 1.09110749e-03,
       6.54664496e-03, 0., 5.45553747e-04, 1.09110749e-03,
       5.45553747e-04, 1.09110749e-03, 0., 2.18221499e-03, 0.,
       1.63666124e-03, 1.63666124e-03, 1.63666124e-03, 1.09110749e-03,
       1.14566283e-02, 3.27332248e-03, 0., 0., 1.63666124e-03,
       5.45553747e-04, 0., 0., 5.45553747e-04, 0., 0., 5.45553747e-04,
       1.09110749e-03, 1.63666124e-03, 5.45553747e-04, 0.,
       2.18221499e-03, 5.45553770e-03, 0., 0., 0., 5.45553747e-04,
       1.09110749e-03, 5.45553770e-03, 0., 3.27332248e-03,
       2.18221499e-03, 5.45553747e-04, 5.45553747e-04, 1.09110749e-03,
       0., 5.45553747e-04, 5.45553747e-04, 5.45553747e-04,
       5.45553747e-04, 3.27332248e-03, 5.45553747e-04, 2.72776885e-03,
       0., 5.45553747e-04, 5.45553747e-04, 2.18221499e-03, 0.,
       4.36442997e-03, 5.45553747e-04, 0., 5.45553747e-04,
       5.45553770e-03, 1.09110749e-03, 1.63666124e-03, 0.,
       1.09110749e-03, 1.09110749e-03, 4.90998384e-03, 0., 0.,
       2.72776885e-03, 0., 5.45553747e-04, 8.18330608e-03, 0.,
       1.09110749e-03, 0., 0., 0., 5.45553747e-04, 0., 2.18221499e-03,
       1.09110749e-03, 0., 5.45553747e-04, 5.45553747e-04, 0., 0.,
       3.27332248e-03, 0., 5.45553747e-04, 1.63666124e-03,
       1.09110749e-03, 5.45553747e-04, 4.36442997e-03, 1.09110749e-03,
       5.45553747e-04, 1.63666124e-03, 1.63666124e-03, 8.18330608e-03,
       5.45553747e-04, 2.18221499e-03, 1.09110749e-03, 3.27332248e-03,
       0., 6.54664496e-03, 0., 1.09110749e-03, 0., 5.45553770e-03,
       4.36442997e-03, 5.45553747e-04, 1.63666124e-03, 0., 0.,
       1.09110749e-03, 5.45553747e-04, 1.63666124e-03, 4.90998384e-03,
       0., 1.09110749e-03, 0., 1.09110749e-03, 0., 0., 0., 0.,
