%YAML:1.0
m100n: !!opencv-matrix
   rows: 1
   cols: 800
   dt: f
   data: [ 1.35135138e-03, 2.02702708e-03, 2.02702708e-03, 0., 0.,
       2.70270277e-03, 1.35135138e-03, 4.05405415e-03, 6.75675692e-03,
       6.75675692e-04, 6.75675692e-04, 0., 0., 0., 0., 1.35135138e-03,
       6.75675692e-04, 1.35135138e-03, 6.75675692e-04, 6.75675692e-04,
       6.75675692e-04, 6.75675692e-04, 6.75675692e-04, 0., 0.,
       1.35135138e-03, 0., 0., 0., 4.72973008e-03, 4.05405415e-03,
       6.75675692e-04, 1.35135138e-03, 0., 0., 2.02702708e-03, 0.,
       1.35135138e-03, 3.37837846e-03, 5.40540554e-03, 2.02702708e-03,
       4.72973008e-03, 0., 3.37837846e-03, 1.35135138e-03,
       1.35135138e-03, 2.02702708e-03, 0., 6.75675692e-04, 0., 0., 0.,
       6.75675692e-04, 0., 6.75675692e-04, 2.02702708e-03,
       2.02702708e-03, 4.05405415e-03, 0., 0., 1.35135138e-03,
       4.05405415e-03, 1.35135138e-03, 0., 1.41891893e-02, 0., 0.,
       2.02702708e-03, 0., 0., 1.35135138e-03, 1.35135138e-03,
       6.75675692e-04, 2.02702708e-03, 0., 2.70270277e-03,
       4.05405415e-03, 1.35135138e-03, 6.75675692e-04, 0., 0., 0.,
       4.72973008e-03, 0., 6.75675692e-04, 4.05405415e-03,
       6.75675692e-04, 4.05405415e-03, 0., 1.35135138e-03,
       2.02702708e-03, 2.70270277e-03, 6.75675692e-04, 6.75675692e-04,
       0., 3.37837846e-03, 6.75675692e-04, 0., 0., 0., 0.,
       1.35135138e-03, 1.35135138e-03, 2.02702708e-03, 2.02702708e-03,
       1.35135138e-03, 6.75675692e-04, 0., 0., 3.37837846e-03, 0.,
       6.75675692e-04, 0., 6.75675692e-04, 3.37837846e-03,
       2.02702708e-03, 6.75675692e-04, 1.35135138e-03, 2.63513513e-02,
       0., 2.02702708e-03, 0., 0., 0., 0., 0., 6.75675692e-03, 0., 0.,
       6.75675692e-04, 0., 2.02702708e-03, 0., 6.75675692e-04, 0.,
       1.35135138e-03, 1.35135138e-03, 4.05405415e-03, 6.75675692e-04,
       6.75675692e-04, 0., 6.75675692e-04, 6.75675692e-04,
       1.35135138e-03, 6.75675692e-04, 0., 6.75675692e-04,
       2.02702708e-03, 6.75675692e-04, 6.75675692e-04, 2.70270277e-03,
       0., 0., 0., 0., 0., 0., 6.75675692e-04, 0., 2.70270277e-03, 0.,
       6.75675692e-04, 0., 1.35135138e-03, 0., 0., 0., 1.35135138e-03,
       6.75675692e-04, 0., 6.75675692e-04, 1.35135138e-03,
       6.75675692e-04, 0., 0., 6.75675692e-04, 6.75675692e-04,
       6.75675692e-04, 1.35135138e-03, 3.37837846e-03, 6.75675692e-04,
       0., 5.40540554e-03, 0., 0., 2.70270277e-03, 0., 1.35135138e-03,
       6.75675692e-04, 0., 6.75675692e-04, 0., 5.40540554e-03, 0.,
       6.75675692e-04, 0., 2.02702708e-03, 2.70270277e-03, 0.,
       6.75675692e-04, 1.35135138e-03, 1.35135138e-03, 0.,
       1.35135138e-03, 2.70270277e-03, 6.75675692e-04, 1.35135138e-03,
       1.35135138e-03, 4.05405415e-03, 0., 0., 4.72973008e-03,
       2.70270277e-03, 1.35135138e-03, 6.75675692e-04, 2.70270277e-03,
       2.70270277e-03, 4.72973008e-03, 2.70270277e-03, 2.02702708e-03,
       0., 6.75675692e-04, 3.37837846e-03, 1.35135138e-03,
       1.35135138e-03, 6.75675692e-04, 0., 1.35135138e-03,
       2.70270277e-03, 0., 2.70270277e-03, 0., 2.70270277e-03,
       1.35135138e-03, 1.35135138e-03, 0., 2.70270277e-03,
       6.75675692e-04, 6.75675692e-04, 6.75675692e-04, 0., 0.,
       6.75675692e-04, 6.75675692e-04, 0., 0., 1.35135138e-03,
       1.35135138e-03, 1.35135138e-03, 0., 6.75675692e-04,
       1.35135138e-03, 6.75675692e-04, 0., 0., 0., 0., 6.75675692e-04,
       0., 0., 6.75675692e-04, 0., 4.72973008e-03, 6.75675692e-03, 0.,
       1.35135138e-03, 3.37837846e-03, 0., 6.75675692e-04, 0., 0.,
       1.35135138e-03, 0., 1.35135138e-03, 1.35135138e-03, 0., 0., 0.,
       6.75675692e-04, 0., 0., 0., 0., 0., 0., 2.70270277e-03,
       6.75675692e-04, 1.35135138e-03, 0., 6.75675692e-04,
       6.75675692e-04, 1.35135138e-03, 1.35135138e-03, 0.,
       6.08108100e-03, 2.02702708e-03, 6.75675692e-04, 0.,
       6.75675692e-04, 2.02702708e-03, 6.75675692e-04, 2.02702708e-03,
       1.35135138e-03, 2.70270277e-03, 3.37837846e-03, 0.,
       6.75675692e-04, 2.02702708e-03, 6.75675692e-04, 1.35135138e-03,
       1.35135138e-03, 0., 0., 0., 6.75675692e-04, 0., 6.75675692e-04,
       0., 1.35135138e-03, 1.35135138e-03, 0., 0., 1.35135138e-03, 0.,
       0., 6.75675692e-04, 6.75675692e-04, 0., 0., 6.75675692e-04, 0.,
       1.35135138e-03, 0., 6.75675692e-04, 6.75675692e-04,
       1.35135138e-03, 0., 5.40540554e-03, 1.35135138e-03,
       6.75675692e-04, 6.75675692e-04, 4.05405415e-03, 0.,
       6.75675692e-04, 2.02702708e-03, 0., 0., 6.75675692e-04,
       6.75675692e-04, 1.35135138e-03, 2.02702708e-03, 6.75675692e-04,
       2.02702708e-03, 0., 0., 4.72973008e-03, 0., 1.35135138e-03,
       1.35135138e-03, 4.05405415e-03, 0., 0., 6.75675692e-04, 0.,
       2.02702708e-03, 1.35135138e-03, 2.02702708e-03, 2.02702708e-03,
       0., 1.35135138e-03, 6.75675692e-04, 2.02702708e-03, 0., 0., 0.,
       6.75675692e-04, 0., 2.70270277e-03, 0., 0., 0., 6.75675692e-04,
       3.37837846e-03, 6.75675692e-04, 6.75675692e-04, 6.75675692e-04,
       2.02702708e-03, 2.02702708e-03, 4.72973008e-03, 0.,
       2.70270277e-03, 6.75675692e-04, 1.48648657e-02, 1.35135138e-03,
       6.75675692e-04, 2.02702708e-03, 1.35135138e-03, 6.75675692e-04,
       6.75675692e-04, 2.70270277e-03, 0., 6.75675692e-04,
       6.75675692e-04, 0., 6.75675692e-04, 0., 0., 6.75675692e-04,
       2.02702708e-03, 0., 6.08108100e-03, 0., 1.35135138e-03,
       4.05405415e-03, 0., 1.35135138e-03, 0., 6.75675692e-04,
       6.75675692e-04, 1.35135138e-03, 6.75675692e-04, 0.,
       6.75675692e-04, 2.02702708e-03, 6.75675692e-04, 6.75675692e-04,
       0., 6.75675692e-04, 2.02702708e-03, 0., 2.09459458e-02, 0.,
       6.08108100e-03, 1.35135138e-03, 1.35135138e-03, 6.75675692e-04,
       0., 0., 6.75675692e-04, 0., 2.70270277e-03, 0., 3.37837846e-03,
       2.02702708e-03, 6.75675692e-04, 0., 2.02702708e-03, 0.,
       1.35135138e-03, 0., 1.35135138e-03, 4.72973008e-03, 0., 0.,
       2.02702708e-03, 0., 0., 0., 6.75675692e-04, 5.40540554e-03, 0.,
       0., 4.05405415e-03, 1.35135138e-03, 9.45946015e-03,
       6.75675692e-04, 2.02702708e-03, 6.75675692e-04, 3.37837846e-03,
       2.02702708e-03, 6.75675692e-04, 2.02702708e-03, 2.02702708e-03,
       1.35135138e-03, 3.37837846e-03, 6.75675692e-04, 2.02702708e-03,
       3.37837846e-03, 8.10810830e-03, 0., 2.02702708e-03,
       6.75675692e-04, 6.75675692e-04, 1.35135138e-03, 0.,
       6.75675692e-04, 0., 6.75675692e-04, 6.75675692e-04, 0.,
       6.75675692e-04, 1.35135138e-03, 0., 2.02702708e-03,
       6.75675692e-04, 0., 0., 1.35135138e-03, 0., 0., 6.75675692e-04,
       6.75675692e-04, 0., 2.02702708e-03, 0., 4.05405415e-03,
       4.05405415e-03, 2.70270277e-03, 1.35135138e-03, 0., 0.,
       4.72973008e-03, 0., 0., 1.35135138e-03, 6.75675692e-04, 0.,
       6.75675692e-04, 0., 6.75675692e-04, 1.35135138e-03,
       2.70270277e-03, 6.75675692e-04, 1.35135138e-03, 0.,
       6.75675692e-04, 0., 0., 0., 3.37837846e-03, 0., 1.35135138e-03,
       0., 2.70270277e-03, 6.75675692e-04, 0., 1.35135138e-03,
       6.75675692e-04, 6.75675692e-04, 8.10810830e-03, 0., 0., 0., 0.,
       6.75675692e-04, 0., 0., 0., 8.10810830e-03, 0., 6.75675692e-04,
       6.75675692e-04, 0., 1.35135138e-03, 0., 6.75675692e-04,
       6.75675692e-04, 0., 3.37837846e-03, 1.35135138e-03,
       6.75675692e-04, 6.75675692e-04, 2.02702708e-03, 0.,
       6.75675692e-04, 1.35135138e-03, 0., 0., 0., 2.70270277e-03,
       6.75675692e-03, 2.70270277e-03, 2.02702708e-03, 6.75675692e-04,
       6.75675692e-04, 6.08108100e-03, 4.72973008e-03, 1.35135138e-03,
       0., 1.35135138e-03, 3.37837846e-03, 1.35135138e-03,
       3.37837846e-03, 6.75675692e-04, 6.75675692e-04, 6.75675692e-04,
       0., 0., 0., 1.35135138e-03, 6.75675692e-04, 2.02702708e-03,
       1.28378384e-02, 1.35135138e-03, 0., 1.35135138e-03,
       1.35135138e-03, 2.70270277e-03, 7.43243285e-03, 2.70270277e-03,
       0., 1.35135138e-02, 0., 6.75675692e-04, 2.02702708e-03,
       1.35135138e-03, 6.75675692e-04, 6.75675692e-04, 0.,
