%YAML:1.0
m100n: !!opencv-matrix
   rows: 1
   cols: 800
   dt: f
   data: [ 6.93481299e-04, 0., 3.12066590e-03, 3.46740650e-04, 0., 0.,
       0., 0., 0., 1.38696260e-03, 6.93481299e-04, 3.46740650e-04,
       7.28155347e-03, 2.77392520e-03, 6.93481299e-04, 2.08044378e-03,
       1.73370331e-03, 6.93481299e-04, 6.93481299e-04, 6.93481299e-04,
       3.46740650e-04, 1.73370331e-03, 0., 5.89459110e-03,
       1.38696260e-03, 6.93481299e-04, 2.42718449e-03, 1.73370331e-03,
       2.42718449e-03, 4.50762827e-03, 6.93481299e-04, 1.73370331e-03,
       3.46740650e-04, 0., 0., 3.46740650e-04, 6.93481299e-04,
       6.93481299e-04, 1.38696260e-03, 3.46740650e-04, 1.04022189e-03,
       6.93481299e-04, 3.46740650e-04, 3.46740650e-04, 1.38696260e-03,
       1.73370331e-03, 2.77392520e-03, 2.77392520e-03, 6.58807252e-03,
       0., 0., 1.04022189e-03, 0., 3.46740650e-04, 3.12066590e-03,
       3.46740650e-04, 3.46740650e-04, 1.04022189e-03, 1.38696260e-03,
       3.46740650e-04, 7.28155347e-03, 0., 3.46740650e-04,
       3.46740650e-04, 6.93481299e-04, 6.93481299e-04, 3.46740650e-04,
       1.04022189e-03, 6.93481299e-04, 6.93481299e-04, 4.16088756e-03,
       0., 3.46740650e-04, 1.04022189e-03, 1.73370331e-03,
       2.42718449e-03, 3.81414709e-03, 0., 1.38696260e-03,
       6.93481299e-04, 3.46740650e-04, 1.04022189e-03, 1.73370331e-03,
       6.93481299e-04, 0., 1.04022189e-03, 6.93481299e-04,
       1.73370331e-03, 3.46740650e-04, 1.04022189e-03, 6.93481299e-04,
       0., 0., 0., 0., 6.93481299e-04, 0., 1.38696260e-03,
       3.46740650e-04, 6.93481299e-04, 0., 3.46740650e-04,
       3.46740650e-04, 3.46740650e-04, 0., 3.46740661e-03,
       2.42718449e-03, 2.42718449e-03, 2.42718449e-03, 6.93481299e-04,
       1.38696260e-03, 1.73370331e-03, 1.04022194e-02, 0.,
       6.93481299e-04, 0., 5.20110969e-03, 6.93481299e-04,
       2.08044378e-03, 0., 0., 1.04022189e-03, 1.04022189e-03,
       1.04022189e-03, 0., 1.38696260e-03, 1.38696260e-03,
       6.93481299e-04, 2.77392520e-03, 6.93481299e-04, 1.00554787e-02,
       6.93481299e-04, 2.42718449e-03, 2.08044378e-03, 6.93481299e-04,
       3.46740661e-03, 6.93481299e-04, 6.93481299e-04, 1.38696260e-03,
       3.46740650e-04, 1.38696260e-03, 1.73370331e-03, 3.46740650e-04,
       1.38696260e-03, 3.46740650e-04, 3.46740650e-04, 3.46740650e-04,
       6.93481299e-04, 0., 0., 3.81414709e-03, 6.93481299e-04,
       1.73370331e-03, 3.46740650e-04, 2.08044378e-03, 0.,
       1.87239945e-02, 0., 3.46740650e-04, 6.93481299e-04,
       3.46740650e-04, 2.77392520e-03, 3.46740650e-04, 6.93481299e-04,
       6.93481322e-03, 3.46740650e-04, 1.04022189e-03, 6.93481299e-04,
       3.46740650e-04, 1.04022189e-03, 0., 2.77392520e-03, 0., 0.,
       1.73370331e-03, 9.36199725e-03, 6.93481299e-04, 1.04022189e-03,
       1.38696260e-03, 3.46740650e-04, 6.58807252e-03, 0.,
       1.38696260e-03, 0., 6.93481299e-04, 0., 1.38696260e-03,
       1.04022189e-03, 1.04022189e-03, 0., 4.50762827e-03,
       3.46740650e-04, 6.93481299e-04, 1.73370331e-03, 1.04022189e-03,
       1.04022189e-03, 1.38696260e-03, 0., 3.46740650e-04,
       2.08044378e-03, 3.46740650e-04, 6.93481299e-04, 1.73370331e-03,
       1.73370331e-03, 3.46740650e-04, 1.73370331e-03, 1.73370331e-03,
       2.42718449e-03, 0., 0., 1.38696260e-03, 6.93481299e-04,
       1.38696260e-03, 0., 0., 3.46740650e-04, 3.46740650e-04,
       6.93481299e-04, 1.04022189e-03, 3.46740650e-04, 6.93481299e-04,
       0., 2.77392520e-03, 3.46740650e-04, 2.77392520e-03, 0.,
       6.93481299e-04, 1.04022189e-03, 1.04022189e-03, 1.04022189e-03,
       6.93481299e-04, 6.93481299e-04, 6.93481299e-04, 1.73370331e-03,
       0., 2.77392520e-03, 5.20110969e-03, 4.16088756e-03,
       6.93481299e-04, 0., 0., 6.93481299e-04, 1.04022189e-03,
       2.77392520e-03, 0., 1.04022189e-03, 1.73370331e-03,
       1.04022189e-03, 1.04022189e-03, 1.38696260e-03, 3.46740650e-04,
       3.46740650e-04, 6.93481299e-04, 0., 1.73370331e-03,
       1.38696260e-03, 1.38696260e-03, 6.93481299e-04, 3.46740650e-04,
       1.04022189e-03, 1.04022189e-03, 3.46740650e-04, 0., 0.,
       2.08044378e-03, 0., 1.73370331e-03, 1.04022189e-03, 0.,
       1.38696260e-03, 1.73370331e-03, 1.04022189e-03, 1.04022189e-03,
       6.93481299e-04, 5.20110969e-03, 2.42718449e-03, 1.73370331e-03,
       0., 1.38696260e-03, 6.93481299e-04, 0., 1.73370331e-03, 0., 0.,
       1.04022189e-03, 3.46740650e-04, 2.08044378e-03, 3.46740650e-04,
       0., 1.73370331e-03, 2.08044378e-03, 1.04022189e-03,
       6.93481299e-04, 6.93481299e-04, 1.38696260e-03, 1.73370331e-03,
       2.08044378e-03, 3.46740650e-04, 0., 3.46740650e-04, 0.,
       2.42718449e-03, 1.73370331e-03, 3.12066590e-03, 0., 0., 0.,
       3.46740650e-04, 3.12066590e-03, 3.46740650e-04, 1.04022189e-03,
       1.73370331e-03, 2.42718449e-03, 6.93481299e-04, 1.73370331e-03,
       2.08044378e-03, 1.73370331e-03, 1.38696260e-03, 6.93481299e-04,
       0., 1.04022189e-03, 3.46740650e-04, 3.46740650e-04, 0.,
       6.93481299e-04, 3.46740650e-04, 4.16088756e-03, 0., 0.,
       3.46740661e-03, 3.46740650e-04, 2.28848830e-02, 2.77392520e-03,
       1.04022189e-03, 1.04022189e-03, 6.93481299e-04, 6.93481299e-04,
       6.93481299e-04, 1.04022189e-03, 3.46740650e-04, 0., 0.,
       6.93481299e-04, 2.42718449e-03, 6.93481299e-04, 0., 0.,
       3.46740650e-04, 0., 6.93481299e-04, 5.20110969e-03, 0., 0.,
       2.77392520e-03, 0., 1.52565883e-02, 2.08044378e-03,
       3.46740650e-04, 3.46740650e-04, 2.42718449e-03, 3.46740650e-04,
       6.93481299e-04, 3.46740650e-04, 3.46740650e-04, 1.04022189e-03,
       3.81414709e-03, 3.46740650e-04, 0., 3.46740650e-04,
       6.93481299e-04, 3.46740661e-03, 3.46740650e-04, 3.46740650e-04,
       1.38696260e-03, 5.20110969e-03, 1.73370331e-03, 3.46740650e-04,
       0., 6.93481299e-04, 0., 3.46740661e-03, 6.93481299e-04,
       2.42718449e-03, 6.93481299e-04, 0., 3.46740650e-04,
       1.73370331e-03, 1.04022189e-03, 1.73370331e-03, 2.42718449e-03,
       0., 2.42718449e-03, 3.46740650e-04, 1.73370331e-03, 0., 0.,
       1.04022189e-03, 1.38696260e-03, 1.73370331e-03, 2.42718449e-03,
       1.38696260e-03, 3.46740650e-04, 1.38696260e-03, 1.04022189e-03,
       0., 3.46740650e-04, 1.73370331e-03, 1.38696260e-03,
       2.08044378e-03, 6.93481299e-04, 3.46740650e-04, 3.81414709e-03,
       1.04022189e-03, 3.46740650e-04, 1.04022189e-03, 6.93481299e-04,
       1.04022189e-03, 1.04022189e-03, 0., 5.54785039e-03,
       3.46740650e-04, 1.04022189e-03, 1.04022189e-03, 0., 0.,
       6.93481299e-04, 2.77392520e-03, 0., 3.46740650e-04,
       6.93481299e-04, 1.38696260e-03, 1.73370331e-03, 2.42718449e-03,
       3.46740650e-04, 1.38696260e-03, 2.77392520e-03, 0.,
       3.46740650e-04, 6.93481299e-04, 0., 3.46740650e-04,
       6.93481299e-04, 3.46740650e-04, 2.42718449e-03, 0., 0.,
       3.12066590e-03, 1.04022189e-03, 6.93481299e-04, 1.38696260e-03,
       1.04022189e-03, 3.46740650e-04, 3.46740650e-04, 3.12066590e-03,
       0., 3.12066590e-03, 2.08044378e-03, 2.42718449e-03,
       3.46740650e-04, 6.93481299e-04, 0., 1.04022189e-03,
       1.38696260e-03, 3.46740650e-04, 6.93481299e-04, 0., 0.,
       1.04022189e-03, 3.46740650e-04, 6.93481299e-04, 6.93481299e-04,
       2.08044378e-03, 1.73370331e-03, 3.46740650e-04, 6.93481299e-04,
       6.93481299e-04, 0., 0., 0., 3.81414709e-03, 3.46740650e-04,
       1.04022189e-03, 1.04022189e-03, 1.04022189e-03, 3.46740650e-04,
       0., 3.46740650e-04, 1.73370331e-03, 0., 3.46740650e-04,
       6.93481299e-04, 3.46740650e-04, 0., 3.46740650e-04,
       2.42718449e-03, 9.36199725e-03, 6.93481299e-04, 0., 0., 0.,
       1.38696260e-03, 6.93481299e-04, 1.73370331e-03, 1.73370331e-03,
       3.46740650e-04, 4.85436898e-03, 6.93481299e-04, 0.,
       3.46740650e-04, 1.04022189e-03, 3.46740650e-04, 3.46740650e-04,
       3.46740650e-04, 0., 0., 0., 0., 3.46740650e-04, 0.,
       3.46740650e-04, 1.38696260e-03, 6.93481299e-04, 1.04022189e-03,
       0., 0., 3.81414709e-03, 0., 0., 1.04022189e-03, 0.,
