%YAML:1.0
m100n: !!opencv-matrix
   rows: 1
   cols: 800
   dt: f
   data: [ 5.02765237e-04, 1.50829577e-03, 2.01106095e-03,
       1.50829577e-03, 0., 5.02765237e-04, 1.00553047e-03,
       1.00553047e-03, 0., 1.50829577e-03, 3.51935672e-03,
       5.02765237e-04, 0., 0., 1.00553047e-03, 0., 0., 0., 0.,
       1.00553047e-03, 0., 0., 2.51382613e-03, 1.00553047e-03,
       4.52488707e-03, 0., 1.00553047e-03, 1.00553047e-03,
       5.02765237e-04, 0., 1.50829577e-03, 5.02765237e-04,
       1.50829577e-03, 1.00553047e-03, 1.00553047e-03, 1.50829577e-03,
       5.02765237e-04, 5.02765237e-04, 1.00553047e-03, 1.50829577e-03,
       0., 1.00553047e-03, 2.01106095e-03, 2.51382613e-03,
       1.00553047e-03, 0., 2.51382613e-03, 1.50829577e-03,
       5.02765237e-04, 2.51382613e-03, 1.50829577e-03, 1.50829577e-03,
       5.02765237e-04, 8.04424379e-03, 2.01106095e-03, 5.02765237e-04,
       1.30718965e-02, 2.51382613e-03, 1.50829577e-03, 3.01659154e-03,
       1.50829577e-03, 5.02765237e-04, 7.03871343e-03, 1.00553047e-03,
       3.01659154e-03, 5.02765237e-04, 0., 0., 0., 1.00553047e-03, 0.,
       5.02765237e-04, 0., 1.00553047e-03, 8.04424379e-03,
       5.02765237e-04, 1.50829577e-03, 1.50829577e-03, 0.,
       5.02765237e-04, 5.02765237e-04, 0., 0., 5.02765237e-04,
       5.02765237e-04, 7.54147861e-03, 1.00553047e-03, 1.50829577e-03,
       5.02765237e-04, 5.02765237e-04, 2.01106095e-03, 5.02765237e-04,
       0., 2.01106095e-03, 5.02765237e-04, 1.00553047e-03,
       5.02765237e-04, 5.02765237e-04, 5.02765237e-04, 1.00553047e-03,
       2.01106095e-03, 1.50829577e-03, 5.02765237e-04, 1.00553047e-03,
       2.01106095e-03, 1.00553047e-03, 1.50829577e-03, 0.,
       1.50829577e-03, 5.02765237e-04, 0., 5.02765237e-04, 0., 0., 0.,
       0., 0., 1.00553047e-03, 1.05580697e-02, 1.50829577e-03,
       4.02212190e-03, 0., 5.02765237e-04, 1.00553047e-03, 0., 0.,
       5.02765237e-04, 0., 5.02765237e-04, 5.02765237e-04,
       1.50829577e-03, 2.51382613e-03, 1.50829577e-03, 0.,
       1.00553047e-03, 1.00553045e-02, 0., 5.02765237e-04, 0., 0.,
       1.00553047e-03, 5.02765237e-04, 0., 0., 0., 3.51935672e-03,
       1.00553047e-03, 0., 2.51382613e-03, 5.02765237e-04,
       5.02765237e-04, 2.51382613e-03, 5.02765237e-04, 5.02765237e-04,
       0., 0., 1.00553047e-03, 5.02765237e-04, 1.00553047e-03,
       5.02765237e-04, 1.50829577e-03, 5.02765237e-04, 0., 0.,
       1.00553047e-03, 0., 1.00553047e-03, 5.02765237e-04, 0.,
       5.02765237e-04, 2.51382613e-03, 0., 1.00553047e-03,
       1.50829577e-03, 3.51935672e-03, 0., 2.01106095e-03,
       2.06133742e-02, 5.02765237e-04, 1.50829577e-03, 2.01106095e-03,
       5.02765237e-04, 5.02765237e-04, 1.00553047e-03, 0.,
       5.02765237e-04, 0., 0., 5.02765237e-04, 8.04424379e-03,
       3.01659154e-03, 5.02765225e-03, 1.50829577e-03, 1.00553047e-03,
       1.00553047e-03, 1.00553047e-03, 0., 1.50829577e-03,
       5.02765237e-04, 0., 2.01106095e-03, 2.51382613e-03,
       1.00553047e-03, 3.01659154e-03, 5.02765237e-04, 2.01106095e-03,
       0., 2.01106095e-03, 2.51382613e-03, 5.02765237e-04, 0.,
       1.50829577e-03, 1.50829577e-03, 1.00553047e-03, 5.53041743e-03,
       1.50829577e-03, 1.00553047e-03, 4.52488707e-03, 1.00553047e-03,
       1.50829577e-03, 0., 1.00553047e-03, 5.02765237e-04,
       3.01659154e-03, 1.00553047e-03, 5.02765237e-04, 1.00553047e-03,
       1.50829577e-03, 2.01106095e-03, 5.02765225e-03, 5.02765237e-04,
       1.00553047e-03, 1.00553047e-03, 1.00553047e-03, 0.,
       1.00553047e-03, 4.52488707e-03, 0., 6.03318308e-03,
       5.02765237e-04, 5.02765237e-04, 4.02212190e-03, 1.00553047e-03,
       1.10608349e-02, 1.00553047e-03, 5.02765237e-04, 5.02765237e-04,
       0., 0., 0., 5.02765237e-04, 5.02765237e-04, 1.50829577e-03,
       2.01106095e-03, 5.02765237e-04, 0., 5.02765237e-04,
       5.02765237e-04, 1.00553047e-03, 1.00553047e-03, 0.,
       5.02765237e-04, 5.02765237e-04, 2.01106095e-03, 1.00553047e-03,
       0., 5.02765237e-04, 9.55253933e-03, 5.02765237e-04,
       1.00553047e-03, 4.52488707e-03, 0., 5.02765237e-04,
       1.00553047e-03, 5.02765237e-04, 2.01106095e-03, 1.50829577e-03,
       2.51382613e-03, 5.02765237e-04, 2.01106095e-03, 1.00553045e-02,
       5.02765237e-04, 0., 5.02765237e-04, 0., 1.00553047e-03,
       5.02765237e-04, 5.02765237e-04, 1.50829577e-03, 5.02765237e-04,
       0., 0., 1.50829577e-03, 0., 0., 1.00553047e-03, 1.00553047e-03,
       5.02765237e-04, 1.00553047e-03, 5.02765237e-04, 0.,
       2.51382613e-03, 1.50829577e-03, 1.00553047e-03, 5.02765237e-04,
       1.50829577e-03, 1.50829577e-03, 5.02765237e-04, 5.02765237e-04,
       2.01106095e-03, 1.00553047e-03, 5.02765237e-04, 6.03318308e-03,
       1.00553047e-03, 5.02765237e-04, 2.01106095e-03, 2.01106095e-03,
       5.02765237e-04, 1.00553047e-03, 0., 5.02765237e-04,
       1.50829577e-03, 5.02765237e-04, 1.00553047e-03, 1.00553047e-03,
       2.51382613e-03, 5.02765237e-04, 2.01106095e-03, 2.01106095e-03,
       5.02765237e-04, 1.00553047e-03, 5.02765237e-04, 1.00553047e-03,
       1.20663662e-02, 5.02765237e-04, 1.40774269e-02, 5.02765237e-04,
       0., 1.50829577e-03, 5.02765237e-04, 1.00553047e-03,
       5.02765237e-04, 0., 5.02765237e-04, 1.00553047e-03,
       5.02765237e-04, 0., 5.02765237e-04, 0., 7.03871343e-03, 0.,
       1.00553047e-03, 5.02765237e-04, 0., 4.52488707e-03,
       5.02765237e-04, 5.02765237e-04, 1.50829577e-03, 1.00553047e-03,
       5.53041743e-03, 5.02765237e-04, 5.02765237e-04, 1.50829577e-03,
       5.02765237e-04, 2.01106095e-03, 1.00553047e-03, 5.02765237e-04,
       5.02765237e-04, 8.54700897e-03, 5.02765237e-04, 2.51382613e-03,
       0., 0., 5.02765237e-04, 5.02765237e-04, 5.02765237e-04, 0.,
       3.01659154e-03, 3.51935672e-03, 0., 1.00553047e-03, 0.,
       5.02765237e-04, 5.02765237e-04, 1.50829577e-03, 5.02765237e-04,
       1.00553047e-03, 4.52488707e-03, 3.01659154e-03, 2.01106095e-03,
       2.01106095e-03, 5.53041743e-03, 0., 4.52488707e-03,
       1.00553047e-03, 5.02765237e-04, 5.53041743e-03, 5.02765237e-04,
       0., 5.02765237e-04, 0., 1.00553047e-03, 5.02765237e-04,
       7.54147861e-03, 1.50829577e-03, 0., 5.02765225e-03,
       5.02765237e-04, 0., 5.02765237e-04, 1.00553047e-03, 0.,
       1.00553047e-03, 5.02765237e-04, 5.02765237e-04, 2.01106095e-03,
       0., 0., 5.02765237e-04, 5.02765237e-04, 2.51382613e-03,
       5.02765237e-04, 0., 5.02765237e-04, 0., 5.02765237e-04,
       5.02765237e-04, 5.02765237e-04, 1.50829577e-03, 0.,
       1.00553047e-03, 1.50829577e-03, 1.00553047e-03, 0.,
       7.54147861e-03, 5.02765237e-04, 0., 0., 1.00553047e-03,
       4.02212190e-03, 5.02765237e-04, 0., 0., 2.01106095e-03,
       7.03871343e-03, 1.00553047e-03, 4.02212190e-03, 1.00553047e-03,
       5.02765237e-04, 0., 0., 0., 1.00553047e-03, 1.00553047e-03,
       1.00553047e-03, 2.01106095e-03, 5.02765237e-04, 1.50829577e-03,
       5.02765237e-04, 0., 0., 1.50829577e-03, 2.51382613e-03,
       5.02765237e-04, 2.51382613e-03, 1.00553047e-03, 0.,
       1.00553047e-03, 4.52488707e-03, 2.01106095e-03, 1.00553047e-03,
       0., 0., 1.00553047e-03, 1.50829577e-03, 1.50829577e-03, 0., 0.,
       2.51382613e-03, 1.50829577e-03, 0., 5.02765237e-04,
       5.02765237e-04, 1.00553047e-03, 1.00553047e-03, 2.01106095e-03,
       3.51935672e-03, 5.02765237e-04, 0., 0., 1.00553047e-03,
       1.00553047e-03, 1.00553047e-03, 1.00553047e-03, 0.,
       1.50829577e-03, 3.01659154e-03, 0., 5.02765237e-04,
       5.02765237e-04, 5.02765237e-04, 1.50829577e-03, 0., 0.,
       5.02765237e-04, 0., 0., 1.50829577e-03, 5.02765237e-04,
       5.02765237e-04, 1.50829577e-03, 0., 0., 0., 0., 0., 0.,
       1.00553047e-03, 2.51382613e-03, 5.02765237e-04, 7.03871343e-03,
       2.51382613e-03, 1.50829577e-03, 5.02765237e-04, 2.01106095e-03,
       1.00553047e-03, 5.02765237e-04, 1.00553047e-03, 2.51382613e-03,
       5.02765237e-04, 5.02765237e-04, 5.02765237e-04, 1.00553047e-03,
       1.00553047e-03, 0., 5.02765237e-04, 1.50829577e-03,
