%YAML:1.0
m100n: !!opencv-matrix
   rows: 1
   cols: 800
   dt: f
   data: [ 8.76936538e-04, 2.92312179e-04, 4.09237063e-03,
       2.92312179e-04, 1.16924872e-03, 0., 2.04618531e-03, 0., 0.,
       1.46156084e-03, 2.04618531e-03, 1.46156084e-03, 1.46156084e-03,
       8.76936538e-04, 3.21543403e-03, 1.46156084e-03, 5.84624358e-04,
       0., 2.92312179e-04, 1.16924872e-03, 0., 1.16924872e-03,
       1.46156084e-03, 2.92312179e-04, 6.72317995e-03, 2.92312179e-04,
       0., 2.92312179e-04, 1.16924872e-03, 8.76936538e-04,
       2.04618531e-03, 2.92312168e-03, 8.76936538e-04, 0., 0.,
       2.92312168e-03, 0., 2.92312179e-04, 0., 1.16924872e-03,
       8.76936538e-04, 6.43086806e-03, 1.46156084e-03, 2.33849743e-03,
       0., 2.92312179e-04, 2.04618531e-03, 6.43086806e-03,
       1.46156084e-03, 4.67699487e-03, 1.46156084e-03, 1.46156084e-03,
       2.92312179e-04, 2.33849743e-03, 2.92312179e-04, 8.76936538e-04,
       7.30780466e-03, 1.16924872e-03, 5.84624358e-04, 0.,
       8.76936538e-04, 2.04618531e-03, 7.60011654e-03, 5.84624358e-04,
       2.04618531e-03, 2.92312179e-04, 0., 2.92312179e-04,
       5.84624358e-04, 2.92312168e-03, 2.92312179e-04, 8.76936538e-04,
       1.16924872e-03, 5.84624358e-04, 1.16924872e-03, 8.76936538e-04,
       1.16924872e-03, 2.04618531e-03, 8.76936538e-04, 1.46156084e-03,
       5.84624358e-04, 5.84624358e-04, 8.76936538e-04, 0., 0.,
       2.33849743e-03, 8.76936538e-04, 8.76936538e-04, 1.16924872e-03,
       0., 5.84624358e-04, 1.16924872e-03, 5.84624358e-04,
       5.84624358e-04, 5.84624358e-04, 1.16924872e-03, 2.92312179e-04,
       8.76936538e-04, 2.92312179e-04, 3.80005827e-03, 2.92312179e-04,
       8.76936538e-04, 3.21543403e-03, 3.50774615e-03, 0.,
       1.46156084e-03, 1.46156084e-03, 2.92312179e-04, 1.46156084e-03,
       2.92312179e-04, 5.84624358e-04, 0., 2.92312179e-04,
       5.84624358e-04, 2.92312179e-04, 8.76936538e-04, 2.92312179e-04,
       5.84624358e-04, 2.33849743e-03, 1.75387308e-03, 1.16924872e-03,
       8.76936538e-04, 0., 1.46156084e-03, 8.76936538e-04,
       8.76936538e-04, 1.46156084e-03, 8.76936538e-04, 5.84624358e-04,
       2.63080955e-03, 1.16924872e-03, 1.75387308e-03, 4.09237063e-03,
       5.84624358e-04, 0., 9.64630209e-03, 0., 2.92312179e-04,
       8.76936538e-04, 0., 5.84624358e-04, 2.92312168e-03,
       5.84624358e-04, 5.84624358e-04, 8.76936538e-04, 2.92312179e-04,
       8.76936538e-04, 1.16924872e-03, 8.76936538e-04, 8.76936538e-04,
       0., 1.16924872e-03, 0., 5.84624358e-04, 0., 2.92312179e-04,
       2.92312179e-04, 2.92312179e-04, 1.16924872e-03, 5.84624358e-04,
       1.16924872e-03, 1.75387308e-03, 2.92312179e-04, 2.92312179e-04,
       0., 1.16924872e-03, 2.92312179e-04, 1.75387308e-03,
       2.92312179e-04, 2.92312179e-04, 5.84624358e-04, 8.76936538e-04,
       5.84624358e-04, 2.92312179e-04, 3.21543403e-03, 5.84624358e-04,
       1.75387308e-03, 5.26161911e-03, 8.76936538e-04, 1.16924872e-03,
       2.92312179e-04, 2.04618531e-03, 1.46156084e-03, 2.92312179e-04,
       1.46156084e-03, 8.76936538e-04, 1.75387308e-03, 0.,
       1.16924872e-03, 2.92312179e-04, 4.67699487e-03, 2.33849743e-03,
       2.33849743e-03, 5.84624358e-04, 8.76936538e-04, 1.16924872e-03,
       0., 1.16924872e-03, 5.84624358e-04, 5.84624358e-04,
       2.92312179e-04, 3.21543403e-03, 4.67699487e-03, 4.09237063e-03,
       1.16924872e-03, 3.21543403e-03, 8.76936538e-04, 8.76936538e-04,
       2.63080955e-03, 8.76936538e-04, 8.76936538e-04, 5.84624358e-04,
       5.26161911e-03, 8.76936538e-04, 3.50774615e-03, 8.76936538e-04,
       1.16924872e-03, 2.92312168e-03, 0., 1.75387308e-03, 0.,
       1.16924872e-03, 0., 3.50774615e-03, 2.92312179e-04,
       1.16924872e-03, 5.84624358e-04, 1.46156084e-03, 2.92312179e-04,
       7.01549230e-03, 2.63080955e-03, 8.76936538e-04, 1.75387308e-03,
       3.21543403e-03, 2.92312168e-03, 1.16924872e-03, 0.,
       5.84624358e-04, 1.16924872e-03, 2.92312179e-04, 2.04618531e-03,
       2.04618531e-03, 2.33849743e-03, 5.55393146e-03, 5.84624358e-04,
       5.84624358e-04, 6.43086806e-03, 2.04618531e-03, 2.92312179e-04,
       5.84624358e-04, 5.84624358e-04, 5.84624358e-04, 1.46156084e-03,
       0., 2.92312179e-04, 0., 5.84624335e-03, 8.76936538e-04,
       1.46156084e-03, 8.76936538e-04, 1.16924872e-03, 5.84624358e-04,
       5.84624358e-04, 1.46156084e-03, 5.84624358e-04, 2.92312179e-04,
       1.75387308e-03, 1.14001753e-02, 5.84624358e-04, 5.84624358e-04,
       2.92312168e-03, 5.84624358e-04, 2.33849743e-03, 2.92312179e-04,
       2.92312179e-04, 2.33849743e-03, 5.84624358e-04, 2.04618531e-03,
       8.76936538e-04, 1.16924872e-03, 7.30780466e-03, 1.46156084e-03,
       8.76936538e-04, 8.76936538e-04, 2.92312179e-04, 2.92312179e-04,
       1.46156084e-03, 2.92312179e-04, 0., 2.92312179e-04,
       2.92312179e-04, 0., 8.76936538e-04, 2.92312179e-04,
       2.92312179e-04, 2.63080955e-03, 2.92312179e-04, 0.,
       2.04618531e-03, 8.76936538e-04, 1.46156084e-03, 5.26161911e-03,
       1.16924872e-03, 5.84624358e-04, 2.92312179e-04, 8.76936538e-04,
       1.16924872e-03, 1.16924872e-03, 0., 1.46156084e-03,
       3.50774615e-03, 1.16924872e-03, 4.38468251e-03, 3.21543403e-03,
       5.84624358e-04, 5.84624358e-04, 2.92312168e-03, 0.,
       1.16924872e-03, 5.84624358e-04, 0., 8.76936538e-04, 0.,
       2.92312179e-04, 8.76936538e-04, 1.46156084e-03, 0.,
       8.76936538e-04, 8.76936538e-04, 5.84624358e-04, 1.46156084e-03,
       1.16924872e-03, 4.96930722e-03, 1.02309259e-02, 5.84624358e-04,
       5.84624358e-04, 2.92312179e-04, 5.84624358e-04, 2.92312168e-03,
       5.84624358e-04, 3.21543403e-03, 5.84624358e-04, 1.46156084e-03,
       1.46156084e-03, 1.75387308e-03, 2.92312179e-04, 0.,
       1.46156084e-03, 2.92312179e-04, 2.04618531e-03, 2.92312179e-04,
       8.76936538e-04, 0., 8.76936538e-04, 1.46156084e-03,
       8.76936538e-04, 1.75387308e-03, 2.92312179e-04, 0.,
       8.76936538e-04, 1.16924872e-03, 8.76936538e-04, 2.92312179e-04,
       8.76936538e-04, 8.76936538e-04, 2.92312179e-04, 1.75387308e-03,
       8.76936538e-04, 7.89242890e-03, 0., 2.63080955e-03,
       1.16924872e-03, 5.84624358e-04, 2.92312179e-04, 0.,
       5.84624358e-04, 2.33849743e-03, 0., 7.60011654e-03,
       8.76936538e-04, 2.04618531e-03, 2.04618531e-03, 8.76936538e-04,
       0., 2.92312179e-04, 0., 2.92312179e-04, 1.16924872e-03,
       1.46156084e-03, 1.46156084e-03, 5.26161911e-03, 1.40309846e-02,
       5.84624358e-04, 3.50774615e-03, 8.76936538e-04, 0.,
       1.40309846e-02, 1.75387308e-03, 1.75387308e-03, 1.46156084e-03,
       0., 2.92312179e-04, 5.84624358e-04, 4.38468251e-03,
       8.76936538e-04, 2.92312179e-04, 3.50774615e-03, 1.16924872e-03,
       1.46156084e-03, 8.76936538e-04, 4.96930722e-03, 1.16924872e-03,
       5.84624358e-04, 1.75387308e-03, 1.16924872e-03, 6.13855571e-03,
       0., 2.92312179e-04, 2.92312179e-04, 2.92312179e-04,
       2.33849743e-03, 5.84624358e-04, 8.76936538e-04, 8.76936538e-04,
       2.33849743e-03, 0., 2.92312179e-04, 8.76936538e-04,
       1.16924872e-03, 2.92312179e-04, 5.84624358e-04, 2.04618531e-03,
       5.84624358e-04, 5.84624358e-04, 2.92312168e-03, 5.84624358e-04,
       2.92312179e-04, 2.92312179e-04, 2.92312179e-04, 8.76936538e-04,
       8.76936538e-04, 0., 5.84624358e-04, 2.63080955e-03,
       1.16924872e-03, 8.76936538e-04, 2.92312168e-03, 2.92312179e-04,
       5.84624358e-04, 5.84624358e-04, 0., 2.92312179e-04,
       1.16924872e-03, 2.33849743e-03, 5.84624358e-04, 2.04618531e-03,
       8.76936538e-04, 0., 1.46156084e-03, 2.92312179e-04,
       2.92312179e-04, 2.92312179e-04, 8.76936538e-04, 2.92312179e-04,
       5.84624358e-04, 2.92312179e-04, 5.84624358e-04, 2.92312179e-04,
       1.75387308e-03, 8.76936538e-04, 2.92312168e-03, 2.92312179e-04,
       8.76936538e-04, 2.92312179e-04, 8.76936538e-04, 1.46156084e-03,
       0., 1.16924872e-03, 2.63080955e-03, 2.92312179e-04,
       2.92312179e-04, 1.46156084e-03, 1.16924872e-03, 3.21543403e-03,
