%YAML:1.0
m10n: !!opencv-matrix
   rows: 1
   cols: 200
   dt: f
   data: [ 3.05576785e-03, 7.63941964e-04, 3.05576785e-03,
       4.58365167e-03, 2.52100844e-02, 6.11153571e-03, 1.52788395e-02,
       0., 6.87547773e-03, 2.67379694e-02, 0., 7.63941964e-04,
       4.58365167e-03, 4.58365167e-03, 2.29182583e-03, 7.63941975e-03,
       1.68067235e-02, 3.05576785e-03, 1.52788393e-03, 3.81970988e-03,
       3.05576785e-03, 3.05576785e-03, 1.52788393e-03, 3.05576785e-03,
       5.34759369e-03, 1.52788393e-03, 0., 0., 1.06951874e-02, 0.,
       7.63941964e-04, 3.05576785e-03, 7.63941964e-04, 2.29182583e-03,
       3.05576785e-03, 2.29182583e-03, 1.52788393e-03, 9.93124582e-03,
       1.52788393e-03, 7.63941964e-04, 1.52788393e-03, 7.63941964e-04,
       1.52788393e-03, 8.40336177e-03, 6.11153571e-03, 4.58365167e-03,
       2.29182583e-03, 1.37509555e-02, 1.52788393e-03, 4.58365167e-03,
       9.16730333e-03, 6.11153571e-03, 7.63941975e-03, 1.52788393e-03,
       8.40336177e-03, 1.52788393e-03, 0., 2.29182583e-03,
       1.45148970e-02, 1.14591299e-02, 5.34759369e-03, 7.63941975e-03,
       4.58365167e-03, 4.58365167e-03, 2.29182583e-03, 1.52788393e-03,
       9.93124582e-03, 4.58365194e-02, 1.14591299e-02, 7.63941964e-04,
       7.63941975e-03, 3.81970988e-03, 6.11153571e-03, 7.63941964e-04,
       7.63941964e-04, 3.05576785e-03, 1.14591299e-02, 8.40336177e-03,
       7.63941964e-04, 3.05576785e-03, 6.95187151e-02, 4.58365167e-03,
       7.63941964e-04, 9.16730333e-03, 6.87547773e-03, 2.29182583e-03,
       7.63941975e-03, 7.63941964e-04, 1.52788393e-03, 4.58365167e-03,
       3.81970988e-03, 2.29182583e-03, 2.29182583e-03, 1.52788393e-03,
       2.90297940e-02, 3.05576785e-03, 5.34759369e-03, 4.58365167e-03,
       9.93124582e-03, 1.52788393e-03, 2.29182583e-03, 4.58365167e-03,
       3.81970988e-03, 3.05576785e-03, 1.83346067e-02, 2.29182583e-03,
       1.68067235e-02, 0., 4.58365167e-03, 3.05576785e-03,
       2.29182583e-03, 2.29182583e-03, 1.22230714e-02, 1.52788393e-03,
       2.29182583e-03, 4.58365167e-03, 7.63941964e-04, 6.87547773e-03,
       0., 1.52788393e-03, 1.52788393e-03, 7.63941964e-04,
       3.05576785e-03, 3.05576785e-03, 6.11153571e-03, 1.14591299e-02,
       0., 7.63941964e-04, 1.52788393e-03, 1.52788395e-02,
       2.29182583e-03, 3.05576785e-03, 1.52788393e-03, 3.81970988e-03,
       4.58365167e-03, 6.87547773e-03, 3.05576785e-03, 3.05576785e-03,
       2.29182583e-03, 1.52788395e-02, 3.81970988e-03, 1.52788393e-03,
       2.29182583e-03, 7.63941964e-04, 5.34759369e-03, 1.52788393e-03,
       7.63941964e-04, 9.93124582e-03, 1.52788393e-03, 0.,
       3.81970988e-03, 1.52788393e-03, 3.05576785e-03, 0.,
       1.45148970e-02, 2.29182583e-03, 1.52788393e-03, 5.34759369e-03,
       7.63941964e-04, 3.05576785e-03, 3.05576785e-03, 9.16730333e-03,
       7.63941964e-04, 1.22230714e-02, 4.58365167e-03, 1.52788393e-03,
       7.63941964e-04, 7.63941964e-04, 7.63941975e-03, 1.45148970e-02,
       7.63941964e-04, 5.34759369e-03, 0., 4.58365167e-03,
       6.11153571e-03, 1.52788393e-03, 0., 1.52788393e-03,
       2.29182583e-03, 0., 2.29182583e-03, 1.52788393e-03,
       7.63941975e-03, 1.22230714e-02, 7.63941964e-04, 7.63941964e-04,
       7.63941975e-03, 2.29182583e-03, 0., 3.81970988e-03,
       2.29182583e-03, 1.52788393e-03, 7.63941964e-04, 7.63941964e-04,
       3.81970988e-03, 3.81970988e-03, 3.81970988e-03, 2.29182583e-03,
       6.11153571e-03, 3.05576785e-03 ]
