%YAML:1.0
m10n: !!opencv-matrix
   rows: 1
   cols: 200
   dt: f
   data: [ 2.86944048e-03, 7.17360119e-04, 7.17360107e-03,
       5.73888095e-03, 5.02152089e-03, 2.86944048e-03, 2.86944048e-03,
       0., 8.60832166e-03, 1.21951224e-02, 7.17360119e-04,
       2.15208041e-03, 3.58680054e-03, 5.73888095e-03, 1.43472024e-03,
       1.93687230e-02, 9.32568125e-03, 2.15208041e-03, 0.,
       2.86944048e-03, 5.73888095e-03, 2.15208041e-03, 2.15208041e-03,
       1.43472024e-03, 5.02152089e-03, 1.43472024e-03, 1.43472024e-03,
       0., 6.45624101e-03, 2.15208041e-03, 1.43472024e-03,
       7.17360107e-03, 2.15208041e-03, 1.43472021e-02, 4.30416083e-03,
       9.32568125e-03, 7.17360119e-04, 2.86944048e-03, 1.43472024e-03,
       1.21951224e-02, 2.15208041e-03, 2.86944048e-03, 2.86944048e-03,
       1.43472024e-03, 1.43472024e-03, 3.58680054e-03, 7.17360119e-04,
       1.00430418e-02, 2.15208041e-03, 3.58680054e-03, 6.45624101e-03,
       8.60832166e-03, 7.17360107e-03, 7.17360119e-04, 1.43472021e-02,
       5.73888095e-03, 7.17360119e-04, 7.89096113e-03, 1.43472021e-02,
       1.72166433e-02, 6.45624101e-03, 5.73888095e-03, 3.58680054e-03,
       2.86944048e-03, 2.86944048e-03, 2.86944048e-03, 5.02152089e-03,
       3.37159261e-02, 1.50645627e-02, 7.17360119e-04, 7.17360107e-03,
       2.15208041e-03, 4.30416083e-03, 2.86944048e-03, 2.15208041e-03,
       3.58680054e-03, 1.79340038e-02, 1.00430418e-02, 1.43472024e-03,
       1.43472024e-03, 2.79770438e-02, 5.02152089e-03, 2.86944048e-03,
       7.89096113e-03, 1.14777619e-02, 8.60832166e-03, 1.29124820e-02,
       7.17360119e-04, 2.15208041e-03, 8.60832166e-03, 3.58680054e-03,
       7.17360119e-04, 2.15208041e-03, 2.86944048e-03, 1.29124820e-02,
       0., 1.86513625e-02, 1.00430418e-02, 6.45624101e-03,
       7.17360119e-04, 2.86944048e-03, 6.45624101e-03, 4.30416083e-03,
       2.15208041e-03, 1.36298425e-02, 2.86944048e-03, 1.43472021e-02,
       0., 6.45624101e-03, 3.58680054e-03, 2.15208041e-03,
       4.30416083e-03, 3.58680054e-03, 3.58680054e-03, 4.30416083e-03,
       4.30416083e-03, 2.86944048e-03, 3.58680054e-03, 2.15208041e-03,
       1.43472024e-03, 7.17360119e-04, 2.86944048e-03, 3.58680054e-03,
       3.58680054e-03, 3.58680054e-03, 4.30416083e-03, 1.43472024e-03,
       1.43472024e-03, 2.15208041e-03, 2.15208041e-03, 7.17360119e-04,
       2.86944048e-03, 7.17360119e-04, 7.17360119e-04, 7.17360119e-04,
       1.21951224e-02, 2.79770438e-02, 2.86944048e-03, 6.45624101e-03,
       5.73888095e-03, 9.32568125e-03, 3.58680054e-03, 2.15208041e-03,
       1.43472024e-03, 7.89096113e-03, 1.43472024e-03, 2.86944048e-03,
       1.21951224e-02, 2.15208041e-03, 4.30416083e-03, 2.86944048e-03,
       3.58680054e-03, 2.86944048e-03, 4.30416083e-03, 1.14777619e-02,
       2.15208041e-03, 1.43472024e-03, 2.86944048e-03, 7.17360119e-04,
       3.58680054e-03, 2.86944048e-03, 1.21951224e-02, 7.17360119e-04,
       1.36298425e-02, 2.86944048e-03, 0., 5.73888095e-03,
       2.86944048e-03, 3.58680054e-03, 2.86944048e-03, 2.15208041e-03,
       5.73888095e-03, 0., 1.00430418e-02, 7.17360107e-03,
       1.43472024e-03, 2.86944048e-03, 1.43472024e-03, 1.43472024e-03,
       1.43472024e-03, 5.02152089e-03, 0., 1.43472024e-03,
       5.73888095e-03, 1.43472024e-03, 4.30416083e-03, 1.00430418e-02,
       3.58680054e-03, 7.17360119e-04, 4.30416083e-03, 1.00430418e-02,
       5.02152089e-03, 7.17360119e-04, 1.29124820e-02, 5.73888095e-03,
       2.86944048e-03, 2.15208041e-03, 4.30416083e-03, 3.58680054e-03,
       4.30416083e-03 ]
