%YAML:1.0
m10n: !!opencv-matrix
   rows: 1
   cols: 200
   dt: f
   data: [ 1.21475058e-02, 3.47071583e-03, 1.73535794e-02,
       3.47071583e-03, 1.30151841e-03, 4.33839485e-03, 8.67678970e-03,
       4.33839479e-04, 5.20607363e-03, 1.47505421e-02, 3.03687644e-03,
       2.16919743e-03, 8.67678958e-04, 6.94143167e-03, 6.50759228e-03,
       7.37527106e-03, 8.67678970e-03, 4.33839485e-03, 9.54446848e-03,
       6.94143167e-03, 6.07375288e-03, 3.47071583e-03, 3.47071583e-03,
       3.03687644e-03, 4.33839485e-03, 1.30151841e-03, 2.16919743e-03,
       6.07375288e-03, 5.20607363e-03, 1.30151841e-03, 3.90455523e-03,
       6.07375288e-03, 3.03687644e-03, 1.25813447e-02, 7.37527106e-03,
       6.50759228e-03, 2.16919743e-03, 1.04121473e-02, 1.30151841e-03,
       6.07375288e-03, 7.80911045e-03, 2.60303682e-03, 2.60303682e-03,
       3.47071583e-03, 3.90455523e-03, 3.47071583e-03, 1.30151841e-03,
       1.73535792e-03, 3.90455523e-03, 5.20607363e-03, 8.67678958e-04,
       8.24294984e-03, 2.16919743e-03, 4.33839479e-04, 1.69197395e-02,
       3.90455523e-03, 1.30151841e-03, 1.82212573e-02, 1.21475058e-02,
       1.08459871e-02, 3.03687644e-03, 1.34490235e-02, 6.50759228e-03,
       2.16919743e-03, 1.73535792e-03, 1.73535792e-03, 1.38828633e-02,
       8.67678970e-03, 3.47071583e-03, 3.47071583e-03, 5.20607363e-03,
       3.03687644e-03, 7.80911045e-03, 8.67678958e-04, 4.33839479e-04,
       1.30151846e-02, 2.16919743e-03, 1.30151846e-02, 1.30151841e-03,
       3.03687644e-03, 1.08459871e-02, 5.20607363e-03, 4.33839485e-03,
       3.03687644e-03, 2.16919743e-03, 8.67678970e-03, 1.86550971e-02,
       2.60303682e-03, 3.47071583e-03, 5.20607363e-03, 3.47071583e-03,
       8.67678958e-04, 8.67678958e-04, 1.30151841e-03, 6.94143167e-03,
       3.47071583e-03, 1.21475058e-02, 3.47071583e-03, 0.,
       7.37527106e-03, 5.63991303e-03, 5.63991303e-03, 4.33839485e-03,
       2.60303682e-03, 5.63991303e-03, 3.47071583e-03, 3.03687644e-03,
       1.30151841e-03, 9.54446848e-03, 3.47071583e-03, 3.03687644e-03,
       4.33839485e-03, 5.63991303e-03, 2.16919743e-03, 7.37527106e-03,
       8.24294984e-03, 3.90455523e-03, 3.47071583e-03, 2.16919743e-03,
       3.47071583e-03, 4.33839485e-03, 2.60303682e-03, 8.67678958e-04,
       7.80911045e-03, 5.63991303e-03, 5.20607363e-03, 1.30151841e-03,
       6.50759228e-03, 1.43167032e-02, 6.50759228e-03, 1.30151841e-03,
       2.60303682e-03, 8.67678958e-04, 8.67678970e-03, 2.60303682e-03,
       1.51843820e-02, 9.54446848e-03, 3.47071583e-03, 6.50759228e-03,
       9.54446848e-03, 1.73535792e-03, 7.37527106e-03, 8.67678958e-04,
       2.16919743e-03, 1.77874193e-02, 5.20607363e-03, 3.90455523e-03,
       1.25813447e-02, 3.03687644e-03, 1.30151841e-03, 1.73535792e-03,
       3.03687644e-03, 3.47071583e-03, 1.04121473e-02, 3.47071583e-03,
       1.30151841e-03, 4.33839479e-04, 3.47071583e-03, 1.73535792e-03,
       1.73535792e-03, 1.73535792e-03, 1.34490235e-02, 4.33839485e-03,
       1.30151846e-02, 1.73535792e-03, 2.60303682e-03, 3.90455523e-03,
       5.20607363e-03, 3.90455523e-03, 5.20607363e-03, 8.67678958e-04,
       4.77223424e-03, 1.73535792e-03, 3.03687644e-03, 3.03687644e-03,
       1.30151841e-03, 3.47071583e-03, 5.63991303e-03, 1.73535792e-03,
       4.33839479e-04, 1.30151841e-03, 8.67678958e-04, 1.82212573e-02,
       3.90455523e-03, 4.77223424e-03, 2.60303682e-03, 5.63991303e-03,
       1.73535792e-03, 8.67678958e-04, 4.33839479e-04, 7.37527106e-03,
       3.03687644e-03, 8.67678958e-04, 3.47071583e-03, 5.20607363e-03,
       3.90455523e-03, 1.73535792e-03, 6.07375288e-03, 6.50759228e-03,
       3.03687644e-03 ]
