%YAML:1.0
m100f: !!opencv-matrix
   rows: 1
   cols: 800
   dt: f
   data: [ 9.35453689e-04, 3.74181475e-03, 0., 0., 0., 9.35453689e-04,
       9.35453689e-04, 1.87090738e-03, 2.80636107e-03, 0., 0.,
       2.80636107e-03, 9.35453689e-04, 3.74181475e-03, 1.87090738e-03,
       1.87090738e-03, 9.35453689e-04, 2.80636107e-03, 0., 0., 0.,
       1.87090738e-03, 9.35453689e-04, 1.87090738e-03, 0.,
       9.35453689e-04, 1.87090738e-03, 0., 2.80636107e-03,
       1.87090738e-03, 9.35453689e-04, 1.87090738e-03, 0., 0.,
       1.87090738e-03, 1.87090738e-03, 0., 0., 1.87090738e-03,
       9.35453689e-04, 0., 9.35453689e-04, 3.74181475e-03,
       4.67726868e-03, 0., 0., 9.35453689e-04, 9.35453689e-04,
       2.80636107e-03, 0., 9.35453689e-04, 5.61272213e-03,
       5.61272213e-03, 0., 0., 0., 0., 0., 2.80636107e-03,
       1.87090738e-03, 0., 0., 0., 2.80636107e-03, 9.35453689e-04,
       2.80636107e-03, 3.74181475e-03, 9.35453689e-04, 0.,
       1.87090738e-03, 9.35453689e-04, 0., 2.80636107e-03, 0.,
       9.35453689e-04, 0., 2.80636107e-03, 0., 0., 9.35453689e-04,
       1.87090738e-03, 9.35453689e-04, 0., 1.87090738e-03,
       9.35453689e-04, 9.35453689e-04, 4.67726868e-03, 0.,
       9.35453689e-04, 0., 0., 2.80636107e-03, 1.87090738e-03,
       1.87090738e-03, 1.87090738e-03, 1.87090738e-03, 9.35453689e-04,
       2.80636107e-03, 4.67726868e-03, 0., 3.74181475e-03,
       7.48362951e-03, 0., 0., 3.74181475e-03, 1.87090738e-03,
       1.87090738e-03, 9.35453689e-04, 9.35453689e-04, 2.80636107e-03,
       9.35453689e-04, 9.35453689e-04, 0., 0., 1.87090738e-03, 0.,
       9.35453689e-04, 9.35453689e-04, 1.87090738e-03, 2.80636107e-03,
       0., 0., 3.74181475e-03, 0., 1.87090738e-03, 1.87090738e-03,
       1.87090738e-03, 0., 0., 0., 1.87090738e-03, 0., 0., 0.,
       9.35453689e-04, 9.35453689e-04, 9.35453689e-04, 1.87090738e-03,
       0., 9.35453689e-04, 9.35453689e-04, 2.80636107e-03,
       9.35453689e-04, 0., 1.87090738e-03, 9.35453689e-04, 0.,
       3.74181475e-03, 0., 1.87090738e-03, 1.87090738e-03, 0.,
       9.35453689e-04, 0., 0., 1.87090738e-03, 3.74181475e-03,
       9.35453689e-04, 0., 0., 0., 9.35453689e-04, 9.35453689e-04,
       9.35453689e-04, 9.35453689e-04, 9.35453689e-04, 9.35453689e-04,
       9.35453689e-04, 1.87090738e-03, 9.35453689e-04, 0., 0., 0., 0.,
       1.87090738e-03, 9.35453689e-04, 1.87090738e-03, 4.67726868e-03,
       2.80636107e-03, 0., 1.87090738e-03, 0., 0., 0., 1.87090738e-03,
       0., 6.54817559e-03, 9.35453689e-04, 0., 2.80636107e-03,
       4.67726868e-03, 1.87090738e-03, 0., 1.87090738e-03,
       9.35453689e-04, 1.87090738e-03, 9.35453689e-04, 0., 0.,
       2.80636107e-03, 0., 0., 1.87090738e-03, 9.35453689e-04,
       9.35453689e-04, 9.35453689e-04, 0., 3.74181475e-03,
       1.87090738e-03, 2.80636107e-03, 1.87090738e-03, 0.,
       2.80636107e-03, 0., 0., 9.35453689e-04, 0., 4.67726868e-03,
       9.35453689e-04, 1.87090738e-03, 0., 1.87090738e-03,
       9.35453689e-04, 1.87090738e-03, 1.87090738e-03, 6.54817559e-03,
       4.67726868e-03, 0., 2.80636107e-03, 2.80636107e-03, 0., 0.,
       9.35453689e-04, 2.80636107e-03, 9.35453689e-04, 9.35453689e-04,
       3.74181475e-03, 2.80636107e-03, 1.87090738e-03, 9.35453689e-04,
       1.87090738e-03, 0., 1.87090738e-03, 1.87090738e-03,
       1.87090738e-03, 9.35453689e-04, 2.80636107e-03, 0.,
       1.87090738e-03, 0., 9.35453689e-04, 0., 1.87090738e-03,
       1.87090738e-03, 9.35453689e-04, 0., 3.74181475e-03,
       2.80636107e-03, 2.80636107e-03, 1.87090738e-03, 9.35453689e-04,
       9.35453689e-04, 3.74181475e-03, 0., 1.87090738e-03,
       2.80636107e-03, 0., 2.80636107e-03, 1.87090738e-03, 0., 0.,
       9.35453689e-04, 9.35453689e-04, 0., 0., 0., 0., 0.,
       1.87090738e-03, 0., 1.87090738e-03, 0., 0., 1.87090738e-03, 0.,
       0., 9.35453689e-04, 2.80636107e-03, 2.80636107e-03, 0., 0.,
       9.35453689e-04, 4.67726868e-03, 3.74181475e-03, 3.74181475e-03,
       1.87090738e-03, 2.80636107e-03, 0., 2.80636107e-03, 0.,
       1.87090738e-03, 0., 0., 0., 9.35453689e-04, 1.87090738e-03,
       2.80636107e-03, 9.35453689e-04, 9.35453689e-04, 0.,
       9.35453689e-04, 9.35453689e-04, 9.35453689e-04, 0.,
       9.35453689e-04, 0., 0., 1.87090738e-03, 0., 2.80636107e-03,
       1.87090738e-03, 9.35453689e-04, 0., 9.35453689e-04,
       9.35453689e-04, 9.35453689e-04, 0., 1.87090738e-03,
       9.35453689e-04, 2.80636107e-03, 1.87090738e-03, 0., 0.,
       2.80636107e-03, 0., 0., 1.87090738e-03, 9.35453689e-04,
       9.35453689e-04, 9.35453689e-04, 9.35453689e-04, 0.,
       9.35453689e-04, 9.35453689e-04, 9.35453689e-04, 9.35453689e-04,
       1.87090738e-03, 0., 9.35453689e-04, 1.87090738e-03,
       9.35453689e-04, 1.87090738e-03, 2.80636107e-03, 1.87090738e-03,
       9.35453689e-04, 9.35453689e-04, 0., 3.74181475e-03,
       9.35453689e-04, 9.35453689e-04, 1.87090738e-03, 9.35453689e-04,
       1.87090738e-03, 0., 1.87090738e-03, 1.87090738e-03,
       1.87090738e-03, 3.74181475e-03, 9.35453689e-04, 1.87090738e-03,
       0., 0., 0., 0., 9.35453689e-04, 9.35453689e-04, 9.35453689e-04,
       9.35453689e-04, 1.87090738e-03, 4.67726868e-03, 0.,
       2.80636107e-03, 0., 0., 2.80636107e-03, 9.35453689e-04, 0.,
       1.87090738e-03, 0., 0., 1.87090738e-03, 0., 9.35453689e-04, 0.,
       9.35453689e-04, 1.87090738e-03, 9.35453689e-04, 1.87090738e-03,
       3.74181475e-03, 0., 2.80636107e-03, 0., 5.61272213e-03,
       9.35453689e-04, 0., 2.80636107e-03, 0., 1.87090738e-03, 0.,
       2.80636107e-03, 2.80636107e-03, 1.87090738e-03, 1.87090738e-03,
       0., 0., 0., 9.35453689e-04, 2.80636107e-03, 9.35453689e-04,
       9.35453689e-04, 2.80636107e-03, 9.35453689e-04, 0.,
       2.80636107e-03, 0., 0., 3.74181475e-03, 0., 9.35453689e-04, 0.,
       2.80636107e-03, 5.61272213e-03, 0., 9.35453689e-04, 0., 0., 0.,
       1.87090738e-03, 9.35453689e-04, 9.35453689e-04, 0.,
       1.87090738e-03, 1.87090738e-03, 0., 2.80636107e-03, 0.,
       2.80636107e-03, 1.87090738e-03, 1.87090738e-03, 0., 0., 0.,
       2.80636107e-03, 1.87090738e-03, 0., 9.35453689e-04, 0., 0., 0.,
       0., 1.87090738e-03, 0., 0., 9.35453689e-04, 0., 9.35453689e-04,
       0., 9.35453689e-04, 0., 8.41908343e-03, 2.80636107e-03, 0., 0.,
       0., 0., 3.74181475e-03, 9.35453689e-04, 9.35453689e-04,
       3.74181475e-03, 2.80636107e-03, 0., 9.35453689e-04, 0.,
       9.35453689e-04, 0., 1.87090738e-03, 9.35453689e-04,
       9.35453689e-04, 0., 9.35453689e-04, 4.67726868e-03, 0., 0.,
       9.35453689e-04, 0., 0., 0., 0., 9.35453689e-04, 1.87090738e-03,
       0., 9.35453689e-04, 0., 2.80636107e-03, 9.35453689e-04,
       1.87090738e-03, 1.87090738e-03, 0., 9.35453689e-04,
       2.80636107e-03, 0., 0., 9.35453689e-04, 1.87090738e-03,
       9.35453689e-04, 0., 0., 9.35453689e-04, 0., 0., 4.67726868e-03,
       9.35453689e-04, 3.74181475e-03, 2.80636107e-03, 3.74181475e-03,
       2.80636107e-03, 1.87090738e-03, 9.35453689e-04, 9.35453689e-04,
       1.87090738e-03, 0., 2.80636107e-03, 0., 9.35453689e-04,
       4.67726868e-03, 1.87090738e-03, 0., 1.87090738e-03,
       9.35453689e-04, 0., 0., 9.35453689e-04, 0., 0., 1.87090738e-03,
       3.74181475e-03, 9.35453689e-04, 0., 9.35453689e-04, 0.,
       1.87090738e-03, 0., 2.80636107e-03, 3.74181475e-03,
       2.80636107e-03, 3.74181475e-03, 9.35453689e-04, 0.,
       9.35453689e-04, 9.35453689e-04, 2.80636107e-03, 9.35453689e-04,
       2.80636107e-03, 0., 0., 1.87090738e-03, 1.87090738e-03,
       9.35453689e-04, 1.87090738e-03, 0., 0., 9.35453689e-04,
       2.80636107e-03, 3.74181475e-03, 2.80636107e-03, 9.35453689e-04,
       0., 1.87090738e-03, 2.80636107e-03, 0., 0., 4.67726868e-03,
       1.87090738e-03, 6.54817559e-03, 9.35453689e-04, 1.87090738e-03,
       0., 2.80636107e-03, 9.35453689e-04, 9.35453689e-04,
       3.74181475e-03, 0., 2.80636107e-03, 0., 1.87090738e-03,
       2.80636107e-03, 0., 2.80636107e-03, 0., 0., 9.35453689e-04,
       2.80636107e-03, 9.35453689e-04, 1.87090738e-03, 0., 0.,
