%YAML:1.0
m100f: !!opencv-matrix
   rows: 1
   cols: 800
   dt: f
   data: [ 1.94099382e-03, 3.10559012e-03, 7.76397530e-04,
       7.76397530e-04, 3.88198765e-04, 1.55279506e-03, 2.71739135e-03,
       1.16459629e-03, 1.16459629e-03, 1.55279506e-03, 3.88198765e-04,
       1.16459629e-03, 1.94099382e-03, 7.76397530e-04, 3.88198765e-04,
       1.55279506e-03, 1.55279506e-03, 3.88198765e-03, 0.,
       1.55279506e-03, 1.16459629e-03, 1.16459629e-03, 1.94099382e-03,
       3.10559012e-03, 3.10559012e-03, 1.16459629e-03, 3.88198765e-04,
       1.55279506e-03, 0., 3.88198765e-04, 7.76397530e-04,
       1.55279506e-03, 1.94099382e-03, 1.16459629e-03, 7.76397530e-04,
       0., 1.16459629e-03, 1.16459629e-03, 7.76397530e-04,
       3.88198765e-04, 7.76397530e-04, 2.32919259e-03, 1.55279506e-03,
       7.76397530e-04, 1.16459629e-03, 1.94099382e-03, 2.32919259e-03,
       1.94099382e-03, 1.16459629e-03, 2.71739135e-03, 0.,
       1.94099382e-03, 1.16459629e-03, 2.32919259e-03, 7.76397530e-04,
       1.16459629e-03, 2.71739135e-03, 1.16459629e-03, 3.88198765e-04,
       7.76397530e-04, 3.88198765e-04, 1.94099382e-03, 1.55279506e-03,
       7.76397530e-04, 1.55279506e-03, 1.16459629e-03, 1.16459629e-03,
       7.76397530e-04, 1.16459629e-03, 2.71739135e-03, 2.71739135e-03,
       1.55279506e-03, 1.94099382e-03, 3.88198765e-04, 3.49378888e-03,
       2.32919259e-03, 7.76397530e-04, 1.55279506e-03, 7.76397530e-04,
       3.88198765e-04, 7.76397530e-04, 7.76397530e-04, 0.,
       3.88198765e-04, 0., 1.16459629e-03, 1.16459629e-03,
       5.43478271e-03, 1.94099382e-03, 1.55279506e-03, 2.71739135e-03,
       1.16459629e-03, 3.88198765e-04, 2.32919259e-03, 1.55279506e-03,
       1.94099382e-03, 0., 3.88198765e-04, 7.76397530e-04,
       1.55279506e-03, 2.32919259e-03, 1.55279506e-03, 6.98757777e-03,
       0., 7.76397530e-04, 1.94099382e-03, 0., 3.88198765e-04, 0.,
       7.76397530e-04, 7.76397530e-04, 0., 1.55279506e-03,
       1.16459629e-03, 7.76397530e-04, 0., 1.94099382e-03,
       3.88198765e-04, 6.98757777e-03, 5.04658371e-03, 7.76397530e-04,
       7.76397530e-04, 7.76397530e-04, 0., 7.76397530e-04,
       1.16459629e-03, 1.16459629e-03, 3.88198765e-04, 3.88198765e-04,
       2.71739135e-03, 2.32919259e-03, 3.49378888e-03, 1.94099382e-03,
       1.94099382e-03, 1.16459629e-03, 3.49378888e-03, 0.,
       7.76397530e-04, 1.94099382e-03, 7.76397530e-04, 3.88198765e-04,
       4.65838518e-03, 1.55279506e-03, 1.55279506e-03, 3.88198765e-04,
       1.16459629e-03, 3.88198765e-04, 1.16459629e-03, 7.76397530e-04,
       7.76397530e-04, 0., 5.43478271e-03, 3.88198765e-04, 0.,
       3.88198765e-04, 1.55279506e-03, 1.16459629e-03, 3.88198765e-04,
       7.76397530e-04, 7.76397530e-04, 3.88198765e-04, 1.16459629e-03,
       0., 1.55279506e-03, 1.94099382e-03, 7.76397530e-04,
       3.88198765e-04, 0., 7.76397530e-04, 3.88198765e-04,
       1.55279506e-03, 7.76397530e-04, 0., 3.88198765e-04,
       1.55279506e-03, 3.88198765e-04, 3.88198765e-04, 1.55279506e-03,
       1.16459629e-03, 7.76397530e-04, 1.94099382e-03, 2.71739135e-03,
       3.88198765e-03, 1.94099382e-03, 1.16459629e-03, 1.16459629e-03,
       3.88198765e-04, 0., 1.16459629e-03, 1.16459629e-03,
       3.49378888e-03, 1.55279506e-03, 2.32919259e-03, 7.76397530e-04,
       0., 3.49378888e-03, 3.88198765e-04, 1.16459629e-03,
       1.16459629e-03, 3.88198765e-04, 7.76397530e-04, 1.55279506e-03,
       1.16459629e-03, 0., 0., 3.49378888e-03, 3.88198765e-04,
       1.94099382e-03, 7.76397530e-04, 3.88198765e-04, 3.88198765e-04,
       3.88198765e-04, 2.32919259e-03, 1.55279506e-03, 2.71739135e-03,
       3.88198765e-04, 3.88198765e-04, 2.32919259e-03, 0.,
       3.88198765e-04, 1.55279506e-03, 3.88198765e-04, 3.88198765e-04,
       7.76397530e-04, 0., 1.55279506e-03, 1.16459629e-03,
       1.55279506e-03, 7.76397530e-04, 7.76397530e-04, 2.32919259e-03,
       3.88198765e-04, 1.16459629e-03, 1.94099382e-03, 2.71739135e-03,
       1.94099382e-03, 1.94099382e-03, 1.94099382e-03, 1.55279506e-03,
       0., 1.16459629e-03, 7.76397530e-04, 1.16459629e-03,
       2.71739135e-03, 0., 3.88198765e-04, 3.88198765e-03,
       7.76397530e-04, 1.55279506e-03, 2.32919259e-03, 1.55279506e-03,
       2.32919259e-03, 2.32919259e-03, 2.71739135e-03, 1.16459629e-03,
       1.55279506e-03, 1.16459629e-03, 3.10559012e-03, 7.76397530e-04,
       1.55279506e-03, 1.94099382e-03, 3.88198765e-04, 7.76397530e-04,
       1.94099382e-03, 1.16459629e-03, 1.16459629e-03, 7.76397530e-04,
       3.10559012e-03, 0., 7.76397530e-04, 2.32919259e-03,
       1.55279506e-03, 7.76397530e-04, 7.76397530e-04, 1.94099382e-03,
       2.32919259e-03, 1.55279506e-03, 1.94099382e-03, 1.94099382e-03,
       1.16459629e-03, 3.49378888e-03, 1.55279506e-03, 1.55279506e-03,
       1.55279506e-03, 2.32919259e-03, 1.16459629e-03, 2.32919259e-03,
       7.76397530e-04, 1.55279506e-03, 2.32919259e-03, 3.88198765e-04,
       3.88198765e-04, 3.88198765e-04, 0., 3.88198765e-04,
       7.76397530e-04, 2.32919259e-03, 1.16459629e-03, 0.,
       7.76397530e-04, 0., 3.88198765e-04, 1.16459629e-03,
       1.55279506e-03, 1.94099382e-03, 3.88198765e-04, 3.88198765e-04,
       7.76397530e-04, 1.16459629e-03, 1.55279506e-03, 0.,
       3.88198765e-04, 1.16459629e-03, 7.76397530e-04, 2.32919259e-03,
       1.55279506e-03, 7.76397530e-04, 1.16459629e-03, 3.88198765e-04,
       7.76397530e-04, 2.32919259e-03, 1.94099382e-03, 1.94099382e-03,
       3.88198765e-04, 3.88198765e-04, 2.32919259e-03, 1.55279506e-03,
       2.71739135e-03, 7.76397530e-04, 1.94099382e-03, 3.88198765e-04,
       2.32919259e-03, 1.16459629e-03, 2.32919259e-03, 3.88198765e-04,
       3.88198765e-04, 1.16459629e-03, 3.88198765e-04, 0.,
       3.88198765e-04, 1.94099382e-03, 0., 4.27018665e-03,
       7.76397530e-04, 1.55279506e-03, 3.49378888e-03, 1.16459629e-03,
       3.49378888e-03, 1.16459629e-03, 7.76397530e-04, 0.,
       7.76397530e-04, 1.16459629e-03, 7.76397530e-04, 2.32919259e-03,
       2.32919259e-03, 0., 7.76397530e-04, 0., 6.59937877e-03,
       1.55279506e-03, 7.76397530e-04, 7.76397530e-04, 7.76397530e-04,
       7.76397530e-04, 1.16459629e-03, 0., 7.76397530e-04, 0.,
       7.76397530e-04, 3.10559012e-03, 7.76397530e-04, 7.76397530e-04,
       1.16459629e-03, 3.88198765e-04, 3.88198765e-04, 2.71739135e-03,
       3.88198765e-04, 2.71739135e-03, 2.32919259e-03, 1.55279506e-03,
       3.88198765e-04, 2.32919259e-03, 7.76397530e-04, 3.88198765e-04,
       3.88198765e-04, 1.55279506e-03, 2.32919259e-03, 7.76397530e-04,
       7.76397530e-04, 1.55279506e-03, 4.27018665e-03, 1.16459629e-03,
       2.71739135e-03, 7.76397530e-04, 7.76397530e-04, 7.76397530e-04,
       1.55279506e-03, 3.88198765e-04, 1.94099382e-03, 7.76397530e-04,
       7.76397530e-04, 7.76397530e-04, 1.55279506e-03, 7.76397530e-04,
       7.76397530e-04, 3.88198765e-04, 1.55279506e-03, 0., 0.,
       3.49378888e-03, 7.76397530e-04, 7.76397530e-04, 1.55279506e-03,
       0., 1.94099382e-03, 1.16459629e-03, 3.88198765e-04,
       1.94099382e-03, 1.16459629e-03, 1.16459629e-03, 3.88198765e-04,
       2.32919259e-03, 1.55279506e-03, 1.94099382e-03, 1.16459629e-03,
       1.16459629e-03, 0., 2.71739135e-03, 1.16459629e-03,
       2.32919259e-03, 7.76397530e-04, 1.16459629e-03, 7.76397530e-04,
       1.16459629e-03, 7.76397530e-04, 0., 1.16459629e-03,
       7.76397530e-04, 3.88198765e-04, 1.16459629e-03, 1.16459629e-03,
       1.16459629e-03, 1.16459629e-03, 1.16459629e-03, 7.76397530e-04,
       1.16459629e-03, 1.55279506e-03, 7.76397530e-04, 7.76397530e-04,
       3.88198765e-04, 1.94099382e-03, 3.88198765e-04, 3.49378888e-03,
       2.32919259e-03, 7.76397530e-04, 7.76397530e-04, 1.16459629e-03,
       1.55279506e-03, 1.16459629e-03, 1.94099382e-03, 2.71739135e-03,
       2.32919259e-03, 0., 0., 1.94099382e-03, 3.88198765e-04,
       1.16459629e-03, 1.94099382e-03, 1.55279506e-03, 3.10559012e-03,
       1.94099382e-03, 7.76397530e-04, 2.71739135e-03, 7.76397530e-04,
       2.71739135e-03, 1.55279506e-03, 0., 3.49378888e-03,
