%YAML:1.0
m100f: !!opencv-matrix
   rows: 1
   cols: 800
   dt: f
   data: [ 9.81354271e-04, 4.90677124e-03, 3.92541708e-03,
       1.96270854e-03, 0., 0., 0., 9.81354271e-04, 0., 3.92541708e-03,
       9.81354271e-04, 9.81354271e-04, 3.92541708e-03, 0.,
       9.81354271e-04, 1.96270854e-03, 0., 0., 9.81354271e-04,
       9.81354271e-04, 9.81354271e-04, 3.92541708e-03, 9.81354271e-04,
       0., 9.81354271e-04, 1.96270854e-03, 4.90677124e-03, 0.,
       2.94406293e-03, 9.81354271e-04, 1.96270854e-03, 0.,
       2.94406293e-03, 9.81354271e-04, 0., 1.96270854e-03, 0., 0., 0.,
       1.96270854e-03, 0., 0., 0., 9.81354248e-03, 9.81354271e-04, 0.,
       9.81354271e-04, 9.81354271e-04, 9.81354271e-04, 9.81354271e-04,
       0., 9.81354271e-04, 1.96270854e-03, 0., 0., 9.81354271e-04,
       9.81354271e-04, 9.81354271e-04, 9.81354271e-04, 4.90677124e-03,
       9.81354271e-04, 0., 2.94406293e-03, 2.94406293e-03, 0., 0.,
       9.81354271e-04, 0., 4.90677124e-03, 0., 0., 9.81354271e-04, 0.,
       9.81354271e-04, 1.96270854e-03, 0., 1.96270854e-03, 0., 0., 0.,
       1.96270854e-03, 2.94406293e-03, 0., 5.88812586e-03,
       9.81354271e-04, 9.81354271e-04, 9.81354271e-04, 1.96270854e-03,
       0., 9.81354271e-04, 9.81354271e-04, 9.81354271e-04,
       1.96270854e-03, 1.96270854e-03, 0., 2.94406293e-03,
       1.96270854e-03, 0., 1.96270854e-03, 0., 1.96270854e-03,
       7.85083417e-03, 9.81354271e-04, 9.81354271e-04, 1.96270854e-03,
       2.94406293e-03, 0., 0., 0., 0., 2.94406293e-03, 9.81354271e-04,
       9.81354271e-04, 6.86948001e-03, 0., 9.81354271e-04,
       9.81354271e-04, 0., 0., 0., 4.90677124e-03, 4.90677124e-03,
       9.81354271e-04, 0., 0., 9.81354271e-04, 0., 0., 0., 0., 0.,
       9.81354271e-04, 9.81354271e-04, 1.96270854e-03, 2.94406293e-03,
       2.94406293e-03, 9.81354271e-04, 9.81354271e-04, 9.81354271e-04,
       9.81354271e-04, 3.92541708e-03, 0., 0., 0., 9.81354271e-04, 0.,
       0., 1.96270854e-03, 3.92541708e-03, 9.81354271e-04,
       9.81354271e-04, 9.81354271e-04, 0., 4.90677124e-03,
       1.96270854e-03, 3.92541708e-03, 1.96270854e-03, 0.,
       9.81354271e-04, 9.81354271e-04, 2.94406293e-03, 9.81354271e-04,
       9.81354271e-04, 0., 1.96270854e-03, 2.94406293e-03,
       9.81354271e-04, 0., 1.96270854e-03, 3.92541708e-03, 0., 0., 0.,
       5.88812586e-03, 9.81354271e-04, 4.90677124e-03, 9.81354271e-04,
       1.96270854e-03, 0., 1.96270854e-03, 0., 1.96270854e-03,
       1.96270854e-03, 1.96270854e-03, 0., 0., 2.94406293e-03,
       2.94406293e-03, 9.81354271e-04, 9.81354271e-04, 0.,
       9.81354271e-04, 9.81354271e-04, 2.94406293e-03, 3.92541708e-03,
       9.81354271e-04, 0., 0., 0., 0., 0., 1.96270854e-03,
       2.94406293e-03, 0., 1.96270854e-03, 9.81354271e-04,
       5.88812586e-03, 9.81354271e-04, 0., 0., 1.96270854e-03,
       9.81354271e-04, 1.96270854e-03, 0., 0., 2.94406293e-03,
       1.96270854e-03, 0., 1.96270854e-03, 2.94406293e-03, 0.,
       1.96270854e-03, 1.96270854e-03, 1.96270854e-03, 6.86948001e-03,
       9.81354271e-04, 9.81354271e-04, 1.96270854e-03, 9.81354271e-04,
       9.81354271e-04, 9.81354271e-04, 3.92541708e-03, 0., 0.,
       1.96270854e-03, 0., 0., 9.81354271e-04, 1.96270854e-03, 0., 0.,
       9.81354271e-04, 0., 0., 1.96270854e-03, 9.81354271e-04,
       2.94406293e-03, 1.96270854e-03, 9.81354271e-04, 9.81354271e-04,
       1.96270854e-03, 9.81354271e-04, 3.92541708e-03, 4.90677124e-03,
       4.90677124e-03, 0., 9.81354271e-04, 3.92541708e-03, 0.,
       1.96270854e-03, 9.81354271e-04, 0., 1.96270854e-03,
       4.90677124e-03, 9.81354271e-04, 0., 0., 0., 0., 9.81354271e-04,
       0., 2.94406293e-03, 0., 0., 9.81354271e-04, 9.81354271e-04,
       9.81354271e-04, 1.96270854e-03, 9.81354271e-04, 2.94406293e-03,
       0., 7.85083417e-03, 0., 2.94406293e-03, 0., 0., 0., 0.,
       9.81354271e-04, 9.81354271e-04, 0., 9.81354271e-04, 0.,
       9.81354271e-04, 3.92541708e-03, 9.81354271e-04, 2.94406293e-03,
       9.81354271e-04, 2.94406293e-03, 0., 0., 9.81354271e-04, 0., 0.,
       0., 0., 0., 0., 9.81354271e-04, 1.96270854e-03, 0.,
       9.81354271e-04, 9.81354271e-04, 9.81354271e-04, 0.,
       1.96270854e-03, 9.81354271e-04, 1.96270854e-03, 0., 0.,
       2.94406293e-03, 0., 0., 1.96270854e-03, 1.96270854e-03,
       4.90677124e-03, 0., 9.81354271e-04, 9.81354271e-04,
       2.94406293e-03, 2.94406293e-03, 3.92541708e-03, 0., 0.,
       9.81354271e-04, 4.90677124e-03, 0., 0., 0., 9.81354271e-04, 0.,
       0., 9.81354271e-04, 0., 1.96270854e-03, 0., 9.81354271e-04,
       1.96270854e-03, 0., 2.94406293e-03, 4.90677124e-03, 0.,
       1.96270854e-03, 1.96270854e-03, 0., 1.96270854e-03, 0.,
       5.88812586e-03, 0., 1.96270854e-03, 1.96270854e-03, 0.,
       9.81354271e-04, 9.81354271e-04, 9.81354271e-04, 9.81354271e-04,
       3.92541708e-03, 9.81354271e-04, 0., 9.81354271e-04,
       9.81354271e-04, 0., 0., 1.96270854e-03, 1.96270854e-03, 0.,
       9.81354271e-04, 0., 0., 1.96270854e-03, 9.81354271e-04,
       9.81354271e-04, 9.81354271e-04, 0., 0., 0., 0., 9.81354271e-04,
       1.96270854e-03, 0., 9.81354271e-04, 1.96270854e-03, 0.,
       9.81354271e-04, 3.92541708e-03, 0., 2.94406293e-03,
       1.96270854e-03, 0., 2.94406293e-03, 0., 9.81354271e-04,
       9.81354271e-04, 1.96270854e-03, 0., 9.81354271e-04,
       9.81354271e-04, 0., 9.81354271e-04, 0., 9.81354271e-04, 0.,
       9.81354271e-04, 1.96270854e-03, 9.81354271e-04, 0., 0.,
       9.81354271e-04, 0., 1.96270854e-03, 4.90677124e-03,
       9.81354271e-04, 3.92541708e-03, 1.96270854e-03, 0.,
       1.96270854e-03, 9.81354271e-04, 0., 9.81354271e-04, 0.,
       9.81354271e-04, 0., 0., 0., 9.81354271e-04, 0., 2.94406293e-03,
       1.96270854e-03, 9.81354271e-04, 0., 2.94406293e-03,
       4.90677124e-03, 1.96270854e-03, 0., 0., 0., 0., 1.96270854e-03,
       0., 2.94406293e-03, 0., 9.81354271e-04, 9.81354271e-04,
       9.81354271e-04, 1.96270854e-03, 9.81354271e-04, 9.81354271e-04,
       2.94406293e-03, 0., 2.94406293e-03, 2.94406293e-03,
       2.94406293e-03, 9.81354271e-04, 0., 9.81354271e-04,
       9.81354271e-04, 9.81354271e-04, 0., 9.81354271e-04,
       1.96270854e-03, 0., 2.94406293e-03, 0., 1.96270854e-03,
       1.96270854e-03, 0., 9.81354271e-04, 1.96270854e-03, 0.,
       1.96270854e-03, 1.96270854e-03, 0., 0., 0., 9.81354271e-04,
       9.81354271e-04, 9.81354271e-04, 9.81354271e-04, 0.,
       2.94406293e-03, 0., 3.92541708e-03, 0., 1.96270854e-03,
       9.81354271e-04, 9.81354271e-04, 0., 0., 1.96270854e-03,
       2.94406293e-03, 2.94406293e-03, 0., 0., 1.96270854e-03, 0.,
       9.81354271e-04, 0., 9.81354271e-04, 9.81354271e-04,
       3.92541708e-03, 0., 0., 1.96270854e-03, 9.81354271e-04,
       1.96270854e-03, 9.81354271e-04, 0., 0., 2.94406293e-03,
       9.81354271e-04, 1.96270854e-03, 2.94406293e-03, 4.90677124e-03,
       0., 9.81354271e-04, 0., 1.96270854e-03, 9.81354271e-04,
       9.81354271e-04, 9.81354271e-04, 3.92541708e-03, 0.,
       3.92541708e-03, 0., 1.96270854e-03, 9.81354271e-04,
       2.94406293e-03, 9.81354271e-04, 9.81354271e-04, 0.,
       9.81354271e-04, 9.81354271e-04, 0., 3.92541708e-03, 0.,
       1.96270854e-03, 9.81354271e-04, 0., 0., 1.96270854e-03, 0., 0.,
       1.96270854e-03, 1.96270854e-03, 9.81354271e-04, 5.88812586e-03,
       0., 1.96270854e-03, 0., 9.81354271e-04, 9.81354271e-04,
       9.81354271e-04, 9.81354271e-04, 1.96270854e-03, 0.,
       1.96270854e-03, 0., 9.81354271e-04, 0., 0., 9.81354271e-04, 0.,
       9.81354271e-04, 9.81354271e-04, 9.81354271e-04, 3.92541708e-03,
       9.81354271e-04, 1.96270854e-03, 9.81354271e-04, 0.,
       1.96270854e-03, 0., 0., 1.96270854e-03, 1.96270854e-03, 0.,
       9.81354271e-04, 1.96270854e-03, 0., 1.96270854e-03,
       9.81354271e-04, 9.81354271e-04, 0., 9.81354271e-04, 0., 0., 0.,
       9.81354271e-04, 3.92541708e-03, 1.96270854e-03, 2.94406293e-03,
       0., 0., 4.90677124e-03, 3.92541708e-03, 0., 9.81354271e-04,
       9.81354271e-04, 9.81354271e-04, 0., 9.81354271e-04, 0.,
