%YAML:1.0
m100f: !!opencv-matrix
   rows: 1
   cols: 800
   dt: f
   data: [ 0., 1.60857907e-03, 1.07238605e-03, 3.75335105e-03,
       5.36193023e-04, 0., 3.75335105e-03, 5.36193023e-04,
       5.36193023e-04, 2.14477209e-03, 2.14477209e-03, 0., 0.,
       2.68096523e-03, 2.68096523e-03, 0., 1.07238605e-03,
       5.36193023e-04, 1.60857907e-03, 5.36193023e-04, 2.68096523e-03,
       1.60857907e-03, 5.36193023e-04, 0., 3.75335105e-03, 0.,
       1.60857907e-03, 1.07238605e-03, 0., 5.36193023e-04, 0.,
       5.36193023e-04, 2.14477209e-03, 1.60857907e-03, 3.21715814e-03,
       2.68096523e-03, 1.60857907e-03, 0., 0., 0., 2.68096523e-03,
       1.60857907e-03, 1.60857907e-03, 1.07238605e-03, 1.60857907e-03,
       4.28954419e-03, 1.07238605e-03, 2.14477209e-03, 5.36193023e-04,
       0., 1.60857907e-03, 1.07238605e-03, 0., 5.36193023e-04,
       1.60857907e-03, 0., 2.14477209e-03, 5.36193023e-04, 0.,
       5.36193023e-04, 0., 0., 2.14477209e-03, 2.68096523e-03,
       4.28954419e-03, 0., 0., 1.60857907e-03, 4.82573733e-03,
       1.07238605e-03, 1.60857907e-03, 5.89812314e-03, 0.,
       1.07238605e-03, 5.36193023e-04, 5.36193023e-04, 1.07238605e-03,
       0., 1.07238605e-03, 5.89812314e-03, 3.21715814e-03, 0.,
       1.07238605e-03, 3.21715814e-03, 5.36193023e-04, 5.36193023e-04,
       2.14477209e-03, 2.14477209e-03, 2.68096523e-03, 0., 0., 0.,
       5.36193023e-04, 2.14477209e-03, 2.68096523e-03, 2.68096523e-03,
       5.36193023e-04, 1.07238605e-03, 5.36193023e-04, 0.,
       1.07238605e-03, 2.68096523e-03, 5.36193047e-03, 5.36193023e-04,
       0., 3.21715814e-03, 1.07238605e-03, 1.60857907e-03, 0.,
       1.07238605e-03, 0., 3.75335105e-03, 1.60857907e-03, 0.,
       1.07238605e-03, 0., 3.21715814e-03, 1.60857907e-03, 0.,
       2.14477209e-03, 5.36193023e-04, 2.68096523e-03, 1.07238605e-03,
       1.60857907e-03, 0., 0., 2.14477209e-03, 2.14477209e-03,
       5.36193023e-04, 5.36193023e-04, 0., 2.68096523e-03,
       3.75335105e-03, 2.68096523e-03, 0., 4.28954419e-03,
       2.14477209e-03, 1.60857907e-03, 0., 4.28954419e-03, 0.,
       5.36193023e-04, 2.14477209e-03, 1.07238605e-03, 0.,
       5.36193023e-04, 5.36193023e-04, 5.36193023e-04, 5.36193023e-04,
       2.14477209e-03, 0., 5.36193023e-04, 3.75335105e-03, 0.,
       5.36193023e-04, 0., 0., 1.60857907e-03, 0., 1.07238605e-03,
       1.07238605e-03, 1.07238605e-03, 1.60857907e-03, 1.60857907e-03,
       5.36193023e-04, 5.36193047e-03, 5.36193023e-04, 1.60857907e-03,
       1.07238605e-03, 0., 0., 0., 3.75335105e-03, 0., 1.07238605e-03,
       0., 1.07238605e-03, 3.21715814e-03, 0., 0., 1.07238605e-03,
       5.36193023e-04, 0., 1.07238605e-03, 0., 0., 2.14477209e-03,
       5.36193023e-04, 2.14477209e-03, 1.07238605e-03, 5.36193023e-04,
       2.68096523e-03, 0., 2.68096523e-03, 5.36193023e-04,
       1.60857907e-03, 1.07238605e-03, 1.07238605e-03, 0., 0.,
       3.75335105e-03, 1.07238605e-03, 3.21715814e-03, 1.07238605e-03,
       3.75335105e-03, 5.36193023e-04, 0., 1.60857907e-03,
       1.07238605e-03, 1.07238605e-03, 0., 1.07238605e-03, 0., 0.,
       5.36193023e-04, 4.82573733e-03, 5.36193023e-04, 1.07238605e-03,
       2.68096523e-03, 2.14477209e-03, 5.36193023e-04, 4.28954419e-03,
       3.75335105e-03, 1.60857907e-03, 1.07238605e-03, 1.07238605e-03,
       2.14477209e-03, 2.68096523e-03, 1.07238605e-03, 0.,
       1.07238605e-03, 0., 1.07238605e-03, 0., 1.07238605e-03,
       5.36193023e-04, 0., 1.07238605e-03, 5.36193023e-04, 0.,
       3.21715814e-03, 1.07238605e-03, 1.60857907e-03, 2.14477209e-03,
       0., 2.68096523e-03, 3.75335105e-03, 2.68096523e-03,
       5.36193023e-04, 2.14477209e-03, 2.14477209e-03, 2.14477209e-03,
       3.21715814e-03, 1.07238605e-03, 0., 1.60857907e-03,
       1.07238605e-03, 3.21715814e-03, 0., 3.75335105e-03,
       1.07238605e-03, 1.07238605e-03, 0., 1.07238605e-03,
       1.07238605e-03, 0., 1.60857907e-03, 2.14477209e-03,
       2.14477209e-03, 5.36193023e-04, 3.75335105e-03, 0.,
       5.36193023e-04, 5.36193023e-04, 0., 3.21715814e-03,
       5.36193023e-04, 5.36193023e-04, 2.14477209e-03, 1.07238605e-03,
       0., 5.36193023e-04, 2.14477209e-03, 5.36193023e-04, 0.,
       1.60857907e-03, 1.60857907e-03, 5.36193023e-04, 1.07238605e-03,
       1.07238605e-03, 1.07238605e-03, 0., 0., 1.07238605e-03, 0.,
       2.68096523e-03, 5.36193023e-04, 0., 1.07238605e-03,
       5.36193023e-04, 1.60857907e-03, 3.21715814e-03, 5.36193047e-03,
       0., 1.07238605e-03, 0., 0., 5.36193023e-04, 0., 0.,
       3.75335105e-03, 0., 1.60857907e-03, 5.36193023e-04,
       5.36193023e-04, 2.14477209e-03, 1.60857907e-03, 5.36193023e-04,
       2.68096523e-03, 1.60857907e-03, 0., 2.14477209e-03,
       5.36193023e-04, 2.14477209e-03, 5.36193023e-04, 0.,
       5.36193023e-04, 0., 5.36193023e-04, 5.36193023e-04,
       5.36193023e-04, 0., 2.14477209e-03, 0., 0., 0., 0., 0.,
       1.07238605e-03, 0., 5.36193023e-04, 5.36193023e-04,
       3.75335105e-03, 5.36193023e-04, 0., 5.36193023e-04, 0., 0.,
       1.60857907e-03, 0., 2.14477209e-03, 0., 5.36193023e-04,
       5.36193023e-04, 5.36193023e-04, 0., 1.60857907e-03,
       5.36193023e-04, 2.14477209e-03, 5.36193023e-04, 5.36193023e-04,
       5.36193023e-04, 2.14477209e-03, 0., 5.36193023e-04, 0.,
       2.14477209e-03, 2.14477209e-03, 1.07238605e-03, 1.07238605e-03,
       2.68096523e-03, 1.07238605e-03, 2.14477209e-03, 1.07238605e-03,
       1.60857907e-03, 1.07238605e-03, 0., 2.14477209e-03,
       2.14477209e-03, 2.14477209e-03, 1.07238605e-03, 5.36193023e-04,
       1.60857907e-03, 1.07238605e-03, 1.12600531e-02, 5.36193023e-04,
       0., 1.60857907e-03, 1.60857907e-03, 1.07238605e-03,
       5.36193023e-04, 1.07238605e-03, 0., 2.14477209e-03,
       2.14477209e-03, 3.75335105e-03, 0., 5.36193023e-04,
       1.60857907e-03, 1.60857907e-03, 5.36193023e-04, 0.,
       2.68096523e-03, 1.07238605e-03, 1.07238605e-03, 2.14477209e-03,
       4.28954419e-03, 0., 2.14477209e-03, 0., 3.21715814e-03,
       1.07238605e-03, 5.36193023e-04, 2.68096523e-03, 0., 0., 0.,
       1.60857907e-03, 1.60857907e-03, 1.60857907e-03, 5.36193023e-04,
       5.36193023e-04, 1.07238605e-03, 1.07238605e-03, 4.82573733e-03,
       4.82573733e-03, 5.36193023e-04, 0., 0., 5.36193023e-04,
       1.60857907e-03, 5.36193023e-04, 2.14477209e-03, 1.07238605e-03,
       2.14477209e-03, 2.14477209e-03, 2.14477209e-03, 1.60857907e-03,
       0., 0., 1.07238605e-03, 0., 0., 5.36193023e-04, 0., 0.,
       1.07238605e-03, 5.36193023e-04, 0., 1.07238605e-03,
       1.60857907e-03, 3.21715814e-03, 1.07238605e-03, 2.14477209e-03,
       1.60857907e-03, 0., 3.21715814e-03, 1.07238605e-03,
       2.14477209e-03, 0., 3.21715814e-03, 2.68096523e-03, 0.,
       5.36193023e-04, 0., 1.07238605e-03, 5.36193023e-04,
       5.36193023e-04, 1.07238605e-03, 1.07238605e-03, 2.14477209e-03,
       4.82573733e-03, 7.50670210e-03, 1.07238605e-03, 0.,
       2.14477209e-03, 5.36193023e-04, 5.36193023e-04, 2.14477209e-03,
       1.07238605e-03, 0., 1.60857907e-03, 5.36193023e-04,
       1.07238605e-03, 1.60857907e-03, 1.07238605e-03, 5.36193023e-04,
       1.60857907e-03, 0., 1.60857907e-03, 5.36193023e-04,
       2.14477209e-03, 1.07238605e-03, 1.07238605e-03, 5.36193023e-04,
       0., 1.60857907e-03, 5.36193023e-04, 2.68096523e-03,
       5.36193023e-04, 1.07238605e-03, 3.75335105e-03, 2.14477209e-03,
       0., 1.60857907e-03, 5.36193023e-04, 3.21715814e-03,
       1.60857907e-03, 1.07238605e-03, 3.21715814e-03, 0.,
       5.36193023e-04, 1.60857907e-03, 1.60857907e-03, 0.,
       5.36193023e-04, 5.36193023e-04, 1.07238605e-03, 1.07238605e-03,
       1.60857907e-03, 1.07238605e-03, 3.21715814e-03, 1.07238605e-03,
       2.68096523e-03, 1.07238605e-03, 4.82573733e-03, 1.60857907e-03,
       0., 1.60857907e-03, 2.14477209e-03, 2.14477209e-03,
       2.14477209e-03, 5.36193023e-04, 6.43431628e-03, 0.,
       1.07238605e-03, 0., 1.07238605e-03, 1.60857907e-03, 0.,
       1.07238605e-03, 1.07238605e-03, 0., 0., 0., 1.60857907e-03,
