%YAML:1.0
m100f: !!opencv-matrix
   rows: 1
   cols: 800
   dt: f
   data: [ 1.47928996e-03, 4.93096653e-04, 9.86193307e-04,
       9.86193307e-04, 4.93096653e-04, 0., 2.95857992e-03,
       9.86193307e-04, 1.47928996e-03, 1.97238661e-03, 1.47928996e-03,
       1.47928996e-03, 0., 1.47928996e-03, 4.93096653e-04, 0.,
       9.86193307e-04, 4.93096653e-04, 4.93096653e-04, 2.46548327e-03,
       2.46548327e-03, 2.46548327e-03, 4.93096653e-04, 9.86193307e-04,
       2.46548327e-03, 9.86193307e-04, 3.94477323e-03, 0.,
       4.93096653e-04, 9.86193307e-04, 9.86193307e-04, 4.93096653e-04,
       1.47928996e-03, 1.97238661e-03, 4.93096653e-04, 1.97238661e-03,
       1.97238661e-03, 1.47928996e-03, 2.95857992e-03, 4.93096653e-04,
       0., 9.86193307e-04, 4.93096653e-04, 4.93096653e-04,
       3.45167657e-03, 0., 1.47928996e-03, 3.45167657e-03,
       1.47928996e-03, 4.93096653e-04, 1.47928996e-03, 1.47928996e-03,
       9.86193307e-04, 4.93096653e-04, 1.97238661e-03, 0.,
       1.47928996e-03, 9.86193307e-04, 0., 1.47928996e-03,
       4.93096653e-04, 9.86193307e-04, 2.46548327e-03, 2.95857992e-03,
       2.46548327e-03, 0., 1.47928996e-03, 9.86193307e-04, 0., 0.,
       4.43786988e-03, 2.95857992e-03, 1.47928996e-03, 1.47928996e-03,
       9.86193307e-04, 4.93096653e-04, 0., 9.86193307e-04,
       2.46548327e-03, 4.93096653e-04, 4.93096653e-04, 4.93096653e-04,
       0., 2.46548327e-03, 4.93096653e-04, 9.86193307e-04,
       1.47928996e-03, 0., 4.93096653e-04, 9.86193307e-04,
       4.93096653e-04, 0., 1.47928996e-03, 9.86193307e-04,
       4.93096653e-04, 0., 9.86193307e-04, 0., 4.93096653e-04, 0.,
       1.47928996e-03, 4.93096653e-04, 3.94477323e-03, 1.97238661e-03,
       0., 1.47928996e-03, 1.47928996e-03, 9.86193307e-04,
       1.47928996e-03, 4.93096653e-04, 1.97238661e-03, 9.86193307e-04,
       0., 9.86193307e-04, 3.94477323e-03, 4.93096653e-04, 0.,
       9.86193307e-04, 1.97238661e-03, 1.47928996e-03, 0.,
       1.47928996e-03, 7.39644980e-03, 1.47928996e-03, 4.93096653e-04,
       4.93096653e-04, 9.86193307e-04, 1.97238661e-03, 9.86193307e-04,
       4.93096653e-04, 4.93096653e-04, 4.93096653e-04, 1.97238661e-03,
       0., 4.93096653e-04, 1.47928996e-03, 1.97238661e-03,
       4.93096653e-04, 2.46548327e-03, 4.93096653e-04, 4.93096653e-04,
       2.95857992e-03, 1.97238661e-03, 4.93096653e-04, 0.,
       4.93096653e-04, 1.97238661e-03, 9.86193307e-04, 0.,
       1.47928996e-03, 2.95857992e-03, 0., 0., 4.93096653e-04,
       3.94477323e-03, 0., 0., 1.47928996e-03, 3.45167657e-03,
       4.93096653e-04, 1.47928996e-03, 0., 1.47928996e-03,
       9.86193307e-04, 0., 9.86193307e-04, 4.93096653e-04,
       9.86193307e-04, 1.47928996e-03, 9.86193307e-04, 9.86193307e-04,
       4.43786988e-03, 0., 1.97238661e-03, 0., 9.86193307e-04,
       4.93096653e-04, 4.93096653e-03, 5.91715984e-03, 4.93096653e-04,
       1.47928996e-03, 0., 0., 1.97238661e-03, 9.86193307e-04,
       1.47928996e-03, 0., 0., 4.93096653e-04, 2.95857992e-03, 0.,
       9.86193307e-04, 4.93096653e-04, 9.86193307e-04, 4.93096653e-04,
       3.94477323e-03, 1.97238661e-03, 1.47928996e-03, 4.93096653e-04,
       9.86193307e-04, 1.97238661e-03, 4.93096653e-04, 9.86193307e-04,
       0., 1.97238661e-03, 4.93096653e-04, 4.93096653e-04,
       2.46548327e-03, 4.93096653e-04, 0., 4.93096653e-04,
       1.47928996e-03, 0., 2.95857992e-03, 0., 9.86193307e-04,
       9.86193307e-04, 9.86193307e-04, 1.97238661e-03, 2.46548327e-03,
       9.86193307e-04, 1.97238661e-03, 4.93096653e-04, 4.93096653e-04,
       1.47928996e-03, 0., 2.46548327e-03, 1.47928996e-03,
       9.86193307e-04, 2.95857992e-03, 1.97238661e-03, 9.86193307e-04,
       0., 2.46548327e-03, 1.47928996e-03, 1.47928996e-03,
       1.47928996e-03, 2.95857992e-03, 4.93096653e-04, 9.86193307e-04,
       9.86193307e-04, 1.97238661e-03, 1.97238661e-03, 2.95857992e-03,
       1.47928996e-03, 9.86193307e-04, 5.42406319e-03, 9.86193307e-04,
       0., 9.86193307e-04, 1.47928996e-03, 4.93096653e-04,
       1.97238661e-03, 0., 1.97238661e-03, 2.46548327e-03, 0.,
       1.47928996e-03, 0., 4.93096653e-03, 1.47928996e-03,
       2.46548327e-03, 9.86193307e-04, 4.93096653e-04, 2.46548327e-03,
       1.97238661e-03, 3.45167657e-03, 9.86193307e-04, 9.86193307e-04,
       1.47928996e-03, 0., 0., 1.97238661e-03, 1.47928996e-03,
       4.93096653e-04, 9.86193307e-04, 2.46548327e-03, 9.86193307e-04,
       1.47928996e-03, 1.47928996e-03, 4.93096653e-04, 9.86193307e-04,
       4.93096653e-04, 0., 2.46548327e-03, 6.90335315e-03,
       2.95857992e-03, 4.93096653e-04, 0., 1.47928996e-03,
       3.94477323e-03, 4.43786988e-03, 9.86193307e-04, 1.97238661e-03,
       1.47928996e-03, 2.95857992e-03, 9.86193307e-04, 1.47928996e-03,
       9.86193307e-04, 9.86193307e-04, 9.86193307e-04, 1.97238661e-03,
       2.95857992e-03, 2.95857992e-03, 1.47928996e-03, 0.,
       9.86193307e-04, 4.93096653e-04, 0., 0., 3.94477323e-03,
       4.93096653e-04, 4.93096653e-04, 0., 0., 1.47928996e-03,
       3.94477323e-03, 2.46548327e-03, 9.86193307e-04, 4.93096653e-04,
       9.86193307e-04, 2.46548327e-03, 0., 4.93096653e-04,
       9.86193307e-04, 0., 2.95857992e-03, 4.93096653e-04,
       2.46548327e-03, 4.93096653e-04, 1.47928996e-03, 0.,
       9.86193307e-04, 0., 0., 1.47928996e-03, 3.94477323e-03,
       1.47928996e-03, 1.47928996e-03, 4.93096653e-04, 1.47928996e-03,
       1.97238661e-03, 2.46548327e-03, 9.86193307e-04, 4.93096653e-04,
       1.97238661e-03, 2.95857992e-03, 1.97238661e-03, 1.47928996e-03,
       0., 0., 4.93096653e-04, 0., 1.97238661e-03, 1.97238661e-03, 0.,
       2.95857992e-03, 9.86193307e-04, 1.47928996e-03, 4.93096653e-04,
       4.93096653e-04, 1.47928996e-03, 4.93096653e-04, 1.47928996e-03,
       9.86193307e-04, 0., 2.46548327e-03, 9.86193307e-04,
       1.97238661e-03, 2.46548327e-03, 2.46548327e-03, 2.95857992e-03,
       9.86193307e-04, 4.93096653e-04, 1.47928996e-03, 4.93096653e-04,
       1.97238661e-03, 9.86193307e-04, 4.93096653e-04, 2.46548327e-03,
       2.46548327e-03, 1.97238661e-03, 2.46548327e-03, 1.47928996e-03,
       1.47928996e-03, 1.97238661e-03, 4.93096653e-04, 1.47928996e-03,
       4.93096653e-04, 4.93096653e-04, 2.46548327e-03, 1.97238661e-03,
       9.86193307e-04, 4.93096653e-04, 4.93096653e-04, 1.97238661e-03,
       4.93096653e-04, 1.97238661e-03, 1.47928996e-03, 9.86193307e-04,
       1.97238661e-03, 0., 4.93096653e-04, 4.93096653e-04,
       4.93096653e-04, 9.86193307e-04, 0., 0., 0., 1.47928996e-03,
       4.93096653e-04, 4.93096653e-04, 1.97238661e-03, 0.,
       9.86193307e-04, 0., 4.93096653e-04, 1.47928996e-03,
       3.94477323e-03, 4.93096653e-04, 1.47928996e-03, 4.93096653e-04,
       1.47928996e-03, 1.47928996e-03, 2.95857992e-03, 4.93096653e-04,
       0., 4.93096653e-04, 4.93096653e-04, 0., 3.94477323e-03,
       9.86193307e-04, 3.94477323e-03, 1.47928996e-03, 1.97238661e-03,
       5.42406319e-03, 0., 1.97238661e-03, 9.86193307e-04, 0.,
       9.86193307e-04, 0., 1.97238661e-03, 1.47928996e-03, 0.,
       1.97238661e-03, 0., 4.93096653e-04, 1.47928996e-03, 0.,
       9.86193307e-04, 9.86193307e-04, 1.97238661e-03, 2.95857992e-03,
       9.86193307e-04, 0., 9.86193307e-04, 0., 1.47928996e-03,
       4.93096653e-04, 1.97238661e-03, 2.46548327e-03, 4.93096653e-04,
       1.47928996e-03, 4.93096653e-04, 0., 4.93096653e-04, 0.,
       4.93096653e-04, 9.86193307e-04, 1.97238661e-03, 2.46548327e-03,
       2.95857992e-03, 2.46548327e-03, 9.86193307e-04, 9.86193307e-04,
       2.46548327e-03, 2.46548327e-03, 0., 4.93096653e-04,
       9.86193307e-04, 1.97238661e-03, 9.86193307e-04, 1.97238661e-03,
       9.86193307e-04, 9.86193307e-04, 9.86193307e-04, 9.86193307e-04,
       4.93096653e-04, 1.47928996e-03, 4.93096653e-04, 1.97238661e-03,
       1.97238661e-03, 4.93096653e-03, 3.94477323e-03, 0.,
       2.95857992e-03, 0., 9.86193307e-04, 2.95857992e-03,
       2.95857992e-03, 0., 2.46548327e-03, 1.97238661e-03,
       4.93096653e-04, 2.46548327e-03, 4.93096653e-04, 2.46548327e-03,
