%YAML:1.0
m100f: !!opencv-matrix
   rows: 1
   cols: 800
   dt: f
   data: [ 8.94454366e-04, 3.57781746e-03, 8.94454366e-04,
       2.68336316e-03, 0., 1.78890873e-03, 0., 4.47227200e-03,
       8.94454366e-04, 1.78890873e-03, 1.78890873e-03, 0., 0., 0.,
       8.94454366e-04, 2.68336316e-03, 8.94454366e-04, 0.,
       8.94454366e-04, 0., 1.78890873e-03, 8.94454366e-04,
       8.94454366e-04, 8.94454366e-04, 1.78890873e-03, 0.,
       8.94454366e-04, 2.68336316e-03, 8.94454366e-04, 0.,
       8.94454366e-04, 8.94454366e-04, 8.94454366e-04, 0.,
       8.94454366e-04, 3.57781746e-03, 8.94454366e-04, 0., 0., 0., 0.,
       1.78890873e-03, 8.94454366e-04, 2.68336316e-03, 0.,
       2.68336316e-03, 8.94454366e-04, 0., 0., 1.78890873e-03, 0.,
       3.57781746e-03, 1.78890873e-03, 8.94454366e-04, 0.,
       8.05008970e-03, 8.94454366e-04, 2.68336316e-03, 8.94454366e-04,
       0., 2.68336316e-03, 4.47227200e-03, 4.47227200e-03,
       1.78890873e-03, 0., 8.94454366e-04, 8.94454366e-04,
       2.68336316e-03, 8.94454366e-04, 8.94454366e-04, 0.,
       1.78890873e-03, 0., 1.78890873e-03, 1.78890873e-03,
       1.78890873e-03, 2.68336316e-03, 2.68336316e-03, 4.47227200e-03,
       0., 5.36672631e-03, 2.68336316e-03, 1.78890873e-03,
       1.78890873e-03, 0., 5.36672631e-03, 8.94454366e-04,
       2.68336316e-03, 0., 0., 2.68336316e-03, 2.68336316e-03, 0., 0.,
       0., 3.57781746e-03, 8.94454366e-04, 8.94454366e-04,
       1.78890873e-03, 1.78890873e-03, 1.78890873e-03, 1.78890873e-03,
       8.94454366e-04, 0., 4.47227200e-03, 0., 8.94454366e-04,
       1.78890873e-03, 0., 1.78890873e-03, 0., 0., 8.94454366e-04, 0.,
       8.94454366e-04, 8.94454366e-04, 3.57781746e-03, 8.94454366e-04,
       4.47227200e-03, 7.15563493e-03, 2.68336316e-03, 0.,
       1.78890873e-03, 0., 0., 8.94454366e-04, 0., 0., 1.78890873e-03,
       8.94454366e-04, 3.57781746e-03, 0., 8.94454366e-04, 0.,
       2.68336316e-03, 2.68336316e-03, 1.78890873e-03, 8.94454366e-04,
       2.68336316e-03, 8.94454366e-04, 0., 8.94454366e-04,
       8.94454366e-04, 0., 8.94454366e-04, 1.78890873e-03,
       8.94454366e-04, 0., 1.78890873e-03, 8.94454366e-04,
       8.94454366e-04, 0., 1.78890873e-03, 3.57781746e-03, 0.,
       1.78890873e-03, 8.94454366e-04, 1.78890873e-03, 1.78890873e-03,
       8.94454366e-04, 2.68336316e-03, 8.94454366e-04, 4.47227200e-03,
       0., 8.94454366e-04, 8.94454366e-04, 8.94454366e-04,
       1.78890873e-03, 8.94454366e-04, 3.57781746e-03, 0.,
       8.94454366e-04, 0., 1.78890873e-03, 8.94454366e-04,
       8.94454366e-04, 8.94454366e-04, 1.78890873e-03, 1.78890873e-03,
       1.78890873e-03, 0., 2.68336316e-03, 1.78890873e-03, 0.,
       8.94454366e-04, 0., 1.78890873e-03, 8.94454366e-04,
       8.94454366e-04, 1.78890873e-03, 1.78890873e-03, 8.94454366e-04,
       0., 0., 1.78890873e-03, 0., 8.94454366e-04, 1.78890873e-03, 0.,
       0., 1.78890873e-03, 0., 0., 0., 8.94454366e-04, 0., 0.,
       8.94454366e-04, 2.68336316e-03, 1.78890873e-03, 0.,
       1.78890873e-03, 2.68336316e-03, 1.78890873e-03, 1.78890873e-03,
       1.78890873e-03, 1.78890873e-03, 0., 3.57781746e-03,
       2.68336316e-03, 1.78890873e-03, 0., 1.78890873e-03,
       1.78890873e-03, 0., 8.94454366e-04, 0., 8.94454366e-04,
       1.78890873e-03, 0., 7.15563493e-03, 0., 3.57781746e-03,
       2.68336316e-03, 0., 8.94454366e-04, 1.78890873e-03,
       1.78890873e-03, 8.94454366e-04, 0., 0., 0., 0., 8.94454366e-04,
       1.78890873e-03, 3.57781746e-03, 8.94454366e-04, 8.94454366e-04,
       0., 8.94454366e-04, 0., 8.94454366e-04, 0., 8.94454366e-04, 0.,
       6.26118062e-03, 1.78890873e-03, 0., 8.94454366e-04,
       8.94454366e-04, 1.78890873e-03, 0., 8.94454366e-04,
       3.57781746e-03, 8.94454366e-04, 8.94454366e-04, 8.94454366e-04,
       0., 8.94454366e-04, 0., 8.94454366e-04, 1.78890873e-03, 0., 0.,
       8.94454366e-04, 8.94454366e-04, 0., 1.78890873e-03, 0., 0.,
       1.78890873e-03, 0., 2.68336316e-03, 0., 0., 8.94454366e-04, 0.,
       1.78890873e-03, 0., 0., 3.57781746e-03, 0., 8.94454366e-04, 0.,
       1.78890873e-03, 1.78890873e-03, 2.68336316e-03, 0.,
       8.94454366e-04, 1.78890873e-03, 8.94454366e-04, 1.78890873e-03,
       0., 1.78890873e-03, 0., 2.68336316e-03, 0., 0., 8.94454366e-04,
       0., 6.26118062e-03, 0., 8.94454366e-04, 0., 2.68336316e-03, 0.,
       0., 8.94454366e-04, 1.78890873e-03, 8.94454366e-04,
       2.68336316e-03, 8.94454366e-04, 0., 0., 6.26118062e-03,
       3.57781746e-03, 1.78890873e-03, 1.78890873e-03, 0.,
       8.94454366e-04, 2.68336316e-03, 1.78890873e-03, 0.,
       2.68336316e-03, 8.94454366e-04, 0., 8.94454366e-04, 0.,
       1.78890873e-03, 8.94454366e-04, 0., 8.94454366e-04,
       8.94454366e-04, 8.94454366e-04, 8.94454366e-04, 0.,
       8.94454366e-04, 0., 8.94454366e-04, 8.94454366e-04, 0., 0.,
       8.94454366e-04, 8.94454366e-04, 8.94454366e-04, 2.68336316e-03,
       8.94454366e-04, 1.78890873e-03, 1.78890873e-03, 0.,
       8.94454366e-04, 4.47227200e-03, 0., 0., 1.78890873e-03,
       8.94454366e-04, 2.68336316e-03, 8.94454366e-04, 8.94454366e-04,
       0., 1.78890873e-03, 8.94454366e-04, 0., 0., 8.05008970e-03,
       8.94454366e-04, 0., 3.57781746e-03, 0., 2.68336316e-03,
       3.57781746e-03, 1.78890873e-03, 3.57781746e-03, 0., 0.,
       8.94454366e-04, 1.78890873e-03, 8.94454366e-04, 4.47227200e-03,
       0., 3.57781746e-03, 2.68336316e-03, 3.57781746e-03,
       1.78890873e-03, 8.94454366e-04, 6.26118062e-03, 0.,
       8.94454366e-04, 2.68336316e-03, 8.94454366e-04, 0.,
       1.78890873e-03, 2.68336316e-03, 0., 8.94454366e-04,
       8.94454366e-04, 8.94454366e-04, 0., 8.94454366e-04,
       8.94454366e-04, 0., 8.94454366e-04, 0., 5.36672631e-03, 0., 0.,
       8.94454366e-04, 0., 8.94454366e-04, 5.36672631e-03,
       8.94454366e-04, 0., 1.78890873e-03, 0., 0., 0., 8.94454366e-04,
       0., 0., 2.68336316e-03, 0., 8.94454366e-04, 3.57781746e-03,
       6.26118062e-03, 5.36672631e-03, 1.78890873e-03, 0.,
       8.94454366e-04, 0., 8.94454366e-04, 1.78890873e-03, 0., 0.,
       8.94454366e-04, 8.94454366e-04, 8.94454366e-04, 2.68336316e-03,
       8.94454366e-04, 1.78890873e-03, 1.78890873e-03, 8.94454366e-04,
       2.68336316e-03, 2.68336316e-03, 0., 1.78890873e-03,
       1.78890873e-03, 0., 0., 8.94454366e-04, 8.94454366e-04,
       2.68336316e-03, 2.68336316e-03, 3.57781746e-03, 8.94454366e-04,
       4.47227200e-03, 8.94454366e-04, 1.78890873e-03, 0.,
       8.94454366e-04, 2.68336316e-03, 2.68336316e-03, 1.78890873e-03,
       1.78890873e-03, 8.94454366e-04, 1.78890873e-03, 0.,
       3.57781746e-03, 8.94454366e-04, 5.36672631e-03, 8.94454366e-04,
       1.78890873e-03, 2.68336316e-03, 1.78890873e-03, 0.,
       8.94454366e-04, 8.94454366e-04, 8.94454366e-04, 0.,
       3.57781746e-03, 8.94454366e-04, 0., 0., 0., 2.68336316e-03, 0.,
       1.78890873e-03, 0., 8.94454366e-04, 2.68336316e-03,
       8.94454366e-04, 1.78890873e-03, 8.94454366e-04, 0.,
       3.57781746e-03, 0., 6.26118062e-03, 2.68336316e-03,
       1.78890873e-03, 1.78890873e-03, 1.78890873e-03, 8.94454366e-04,
       8.94454366e-04, 1.78890873e-03, 1.78890873e-03, 0., 0., 0.,
       1.78890873e-03, 8.94454366e-04, 1.78890873e-03, 0.,
       8.94454366e-04, 0., 7.15563493e-03, 0., 2.68336316e-03, 0.,
       7.15563493e-03, 0., 4.47227200e-03, 0., 0., 0., 8.94454366e-04,
       8.94454366e-04, 0., 3.57781746e-03, 0., 8.94454366e-04,
       7.15563493e-03, 0., 0., 0., 0., 0., 8.94454366e-04, 0.,
       2.68336316e-03, 8.94454366e-04, 0., 0., 2.68336316e-03, 0., 0.,
       0., 1.78890873e-03, 2.68336316e-03, 0., 0., 1.78890873e-03,
       8.94454366e-04, 8.94454366e-04, 0., 2.68336316e-03, 0.,
       1.78890873e-03, 0., 8.94454366e-04, 8.94454366e-04, 0., 0.,
       8.94454366e-04, 0., 1.78890873e-03, 0., 9.83899832e-03,
       2.68336316e-03, 8.94454366e-04, 1.78890873e-03, 1.78890873e-03,
       3.57781746e-03, 1.78890873e-03, 0., 5.36672631e-03,
       2.68336316e-03, 0., 0., 0., 2.68336316e-03, 8.94454366e-04,
