%YAML:1.0
m100f: !!opencv-matrix
   rows: 1
   cols: 800
   dt: f
   data: [ 8.27814569e-04, 3.31125828e-03, 1.24172191e-03,
       2.06953636e-03, 4.13907284e-04, 1.24172191e-03, 2.06953636e-03,
       0., 8.27814569e-04, 2.48344382e-03, 0., 0., 8.27814569e-04,
       1.65562914e-03, 8.27814569e-04, 8.27814569e-04, 8.27814569e-04,
       4.13907273e-03, 1.65562914e-03, 1.24172191e-03, 2.48344382e-03,
       1.24172191e-03, 1.65562914e-03, 8.27814569e-04, 1.65562914e-03,
       4.13907284e-04, 8.27814569e-04, 2.48344382e-03, 4.13907284e-04,
       0., 1.65562914e-03, 4.13907284e-04, 1.65562914e-03,
       1.24172191e-03, 0., 8.27814569e-04, 1.65562914e-03,
       8.27814569e-04, 2.06953636e-03, 1.65562914e-03, 4.13907284e-04,
       0., 1.65562914e-03, 8.27814569e-04, 1.24172191e-03,
       2.48344382e-03, 1.24172191e-03, 4.13907284e-04, 8.27814569e-04,
       8.27814569e-04, 1.24172191e-03, 1.24172191e-03, 2.06953636e-03,
       8.27814569e-04, 8.27814569e-04, 1.24172191e-03, 3.72516550e-03,
       4.13907284e-04, 1.65562914e-03, 8.27814569e-04, 1.65562914e-03,
       4.13907284e-04, 8.27814569e-04, 1.24172191e-03, 0.,
       1.24172191e-03, 4.13907284e-04, 8.27814569e-04, 4.13907284e-04,
       8.27814569e-04, 3.72516550e-03, 0., 1.24172191e-03,
       4.13907284e-04, 2.89735105e-03, 1.65562914e-03, 1.65562914e-03,
       4.13907284e-04, 8.27814569e-04, 1.65562914e-03, 8.27814569e-04,
       2.06953636e-03, 4.13907284e-04, 1.24172191e-03, 4.13907284e-04,
       2.89735105e-03, 4.13907284e-04, 3.31125828e-03, 8.27814569e-04,
       2.48344382e-03, 4.13907284e-04, 0., 1.24172191e-03,
       1.65562914e-03, 1.24172191e-03, 4.13907284e-04, 1.24172191e-03,
       8.27814569e-04, 2.06953636e-03, 1.65562914e-03, 2.48344382e-03,
       1.65562914e-03, 2.06953636e-03, 4.13907284e-04, 1.65562914e-03,
       8.27814569e-04, 1.24172191e-03, 4.13907284e-04, 4.13907284e-04,
       2.06953636e-03, 4.13907284e-04, 2.89735105e-03, 2.06953636e-03,
       1.24172191e-03, 1.65562914e-03, 1.24172191e-03, 0.,
       1.24172191e-03, 3.72516550e-03, 2.06953636e-03, 2.48344382e-03,
       8.27814569e-04, 2.48344382e-03, 0., 8.27814569e-04,
       3.31125828e-03, 4.13907284e-04, 1.24172191e-03, 4.13907284e-04,
       4.13907284e-04, 4.13907284e-04, 1.65562914e-03, 4.13907284e-04,
       8.27814569e-04, 4.13907284e-04, 2.06953636e-03, 8.27814569e-04,
       8.27814569e-04, 4.13907284e-04, 1.65562914e-03, 1.65562914e-03,
       4.13907284e-04, 1.65562914e-03, 8.27814569e-04, 1.65562914e-03,
       4.13907284e-04, 1.24172191e-03, 0., 1.24172191e-03,
       1.24172191e-03, 3.72516550e-03, 8.27814569e-04, 1.65562914e-03,
       4.13907284e-04, 1.24172191e-03, 8.27814569e-04, 2.48344382e-03,
       1.24172191e-03, 2.06953636e-03, 1.24172191e-03, 8.27814569e-04,
       8.27814569e-04, 1.24172191e-03, 8.27814569e-04, 1.24172191e-03,
       4.13907284e-04, 1.24172191e-03, 4.13907284e-04, 1.24172191e-03,
       8.27814569e-04, 2.06953636e-03, 4.13907284e-04, 2.48344382e-03,
       0., 8.27814569e-04, 0., 8.27814569e-04, 0., 4.13907284e-04,
       8.27814569e-04, 1.65562914e-03, 1.24172191e-03, 4.13907284e-04,
       4.13907284e-04, 4.13907284e-04, 8.27814569e-04, 8.27814569e-04,
       1.24172191e-03, 8.27814569e-04, 4.13907284e-04, 3.31125828e-03,
       1.24172191e-03, 1.24172191e-03, 8.27814569e-04, 4.13907284e-04,
       1.65562914e-03, 1.24172191e-03, 8.27814569e-04, 8.27814569e-04,
       4.13907284e-04, 8.27814569e-04, 8.27814569e-04, 8.27814569e-04,
       0., 1.24172191e-03, 4.13907284e-04, 1.65562914e-03, 0.,
       2.06953636e-03, 4.13907284e-04, 8.27814569e-04, 2.06953636e-03,
       8.27814545e-03, 1.65562914e-03, 3.31125828e-03, 4.13907284e-04,
       8.27814569e-04, 2.06953636e-03, 2.06953636e-03, 1.24172191e-03,
       2.48344382e-03, 4.13907284e-04, 0., 2.06953636e-03,
       1.24172191e-03, 8.27814569e-04, 4.13907284e-04, 2.48344382e-03,
       8.27814569e-04, 4.13907273e-03, 1.24172191e-03, 1.65562914e-03,
       2.06953636e-03, 2.48344382e-03, 0., 2.48344382e-03,
       2.89735105e-03, 1.65562914e-03, 1.65562914e-03, 4.13907284e-04,
       2.06953636e-03, 4.13907284e-04, 4.13907284e-04, 3.31125828e-03,
       4.13907284e-04, 4.13907284e-04, 1.24172191e-03, 8.27814569e-04,
       1.65562914e-03, 0., 8.27814569e-04, 1.65562914e-03, 0.,
       2.89735105e-03, 4.13907284e-04, 8.27814569e-04, 1.24172191e-03,
       1.24172191e-03, 8.27814569e-04, 4.13907284e-04, 1.65562914e-03,
       0., 0., 4.13907284e-04, 1.24172191e-03, 1.24172191e-03,
       1.65562914e-03, 5.38079487e-03, 4.13907284e-04, 8.27814569e-04,
       1.65562914e-03, 1.24172191e-03, 1.65562914e-03, 3.31125828e-03,
       1.65562914e-03, 8.27814569e-04, 8.27814569e-04, 1.65562914e-03,
       8.27814569e-04, 8.27814569e-04, 1.65562914e-03, 2.06953636e-03,
       8.27814569e-04, 1.24172191e-03, 8.27814569e-04, 8.27814569e-04,
       2.89735105e-03, 1.24172191e-03, 4.13907284e-04, 8.27814569e-04,
       2.06953636e-03, 8.27814569e-04, 0., 4.13907284e-04,
       2.06953636e-03, 8.27814569e-04, 1.65562914e-03, 4.13907284e-04,
       0., 8.27814569e-04, 8.27814569e-04, 2.89735105e-03,
       1.24172191e-03, 8.27814569e-04, 1.24172191e-03, 1.65562914e-03,
       1.65562914e-03, 0., 0., 4.55297995e-03, 8.27814569e-04,
       2.89735105e-03, 4.13907284e-04, 8.27814569e-04, 1.65562914e-03,
       2.06953636e-03, 1.24172191e-03, 0., 1.24172191e-03,
       8.27814569e-04, 1.65562914e-03, 4.13907284e-04, 2.06953636e-03,
       2.06953636e-03, 8.27814569e-04, 0., 4.13907284e-04,
       2.89735105e-03, 8.27814569e-04, 0., 8.27814569e-04,
       8.27814569e-04, 8.27814569e-04, 7.45033100e-03, 1.24172191e-03,
       4.13907284e-04, 4.13907284e-04, 0., 8.27814569e-04,
       1.24172191e-03, 8.27814569e-04, 1.24172191e-03, 8.27814569e-04,
       4.13907284e-04, 4.13907284e-04, 1.24172191e-03, 4.13907284e-04,
       4.13907284e-04, 0., 8.27814569e-04, 8.27814569e-04,
       2.48344382e-03, 1.24172191e-03, 1.65562914e-03, 1.24172191e-03,
       1.24172191e-03, 0., 3.31125828e-03, 1.24172191e-03,
       4.55297995e-03, 8.27814569e-04, 4.13907284e-04, 2.89735105e-03,
       0., 1.65562914e-03, 8.27814569e-04, 0., 8.27814569e-04,
       2.06953636e-03, 2.48344382e-03, 1.24172191e-03, 4.13907284e-04,
       2.06953636e-03, 8.27814569e-04, 1.24172191e-03, 8.27814569e-04,
       2.48344382e-03, 1.65562914e-03, 2.89735105e-03, 4.13907284e-04,
       1.65562914e-03, 1.24172191e-03, 8.27814569e-04, 4.13907284e-04,
       4.13907284e-04, 4.13907284e-04, 1.24172191e-03, 0.,
       2.06953636e-03, 1.65562914e-03, 8.27814569e-04, 2.06953636e-03,
       8.27814569e-04, 8.69205315e-03, 2.48344382e-03, 8.27814569e-04,
       1.65562914e-03, 4.13907284e-04, 4.13907284e-04, 1.24172191e-03,
       8.27814569e-04, 1.24172191e-03, 8.27814569e-04, 2.48344382e-03,
       1.65562914e-03, 1.24172191e-03, 3.31125828e-03, 2.06953636e-03,
       4.13907284e-04, 4.13907284e-04, 2.06953636e-03, 1.24172191e-03,
       1.24172191e-03, 1.65562914e-03, 8.27814569e-04, 4.13907284e-04,
       1.65562914e-03, 1.24172191e-03, 2.06953636e-03, 4.55297995e-03,
       8.27814569e-04, 2.06953636e-03, 4.13907284e-04, 3.72516550e-03,
       1.24172191e-03, 1.24172191e-03, 1.24172191e-03, 8.27814569e-04,
       0., 8.27814569e-04, 8.27814569e-04, 0., 4.13907284e-04,
       4.13907284e-04, 3.72516550e-03, 1.24172191e-03, 1.65562914e-03,
       8.27814569e-04, 1.24172191e-03, 4.13907284e-04, 4.13907284e-04,
       2.89735105e-03, 1.24172191e-03, 0., 8.27814569e-04,
       4.13907284e-04, 1.65562914e-03, 1.65562914e-03, 4.13907284e-04,
       4.13907284e-04, 4.13907284e-04, 1.24172191e-03, 2.48344382e-03,
       0., 2.06953636e-03, 1.65562914e-03, 1.24172191e-03,
       4.13907284e-04, 4.13907284e-04, 8.27814569e-04, 8.27814569e-04,
       1.24172191e-03, 2.06953636e-03, 3.31125828e-03, 4.13907284e-04,
       1.65562914e-03, 4.13907284e-04, 2.06953636e-03, 2.06953636e-03,
       1.24172191e-03, 8.27814569e-04, 2.48344382e-03, 1.24172191e-03,
