%YAML:1.0
m100f: !!opencv-matrix
   rows: 1
   cols: 800
   dt: f
   data: [ 2.89855059e-03, 2.89855059e-03, 1.93236710e-03,
       2.89855059e-03, 2.89855059e-03, 2.89855059e-03, 9.66183550e-04,
       4.83091781e-03, 3.86473420e-03, 0., 0., 0., 9.66183550e-04, 0.,
       0., 9.66183550e-04, 9.66183550e-04, 9.66183550e-04,
       2.89855059e-03, 9.66183550e-04, 9.66183550e-04, 9.66183550e-04,
       2.89855059e-03, 1.93236710e-03, 0., 0., 1.93236710e-03,
       1.93236710e-03, 7.72946840e-03, 0., 0., 2.89855059e-03,
       9.66183550e-04, 9.66183550e-04, 6.76328503e-03, 3.86473420e-03,
       9.66183550e-04, 0., 1.93236710e-03, 9.66183550e-04, 0.,
       9.66183550e-04, 0., 9.66183550e-04, 0., 9.66183550e-04, 0.,
       1.93236710e-03, 0., 9.66183550e-04, 0., 1.93236710e-03,
       1.93236710e-03, 1.93236710e-03, 0., 1.93236710e-03,
       2.89855059e-03, 3.86473420e-03, 9.66183550e-04, 1.93236710e-03,
       1.93236710e-03, 1.93236710e-03, 0., 1.93236710e-03,
       9.66183550e-04, 0., 0., 0., 0., 0., 1.93236710e-03,
       9.66183550e-04, 1.93236710e-03, 1.93236710e-03, 1.93236710e-03,
       0., 1.93236710e-03, 2.89855059e-03, 0., 0., 9.66183550e-04, 0.,
       9.66183550e-04, 9.66183550e-04, 9.66183550e-04, 0.,
       9.66183550e-04, 1.93236710e-03, 0., 0., 0., 0., 0., 0., 0.,
       1.93236710e-03, 0., 9.66183550e-04, 1.93236710e-03,
       1.93236710e-03, 1.93236710e-03, 0., 9.66183550e-04,
       3.86473420e-03, 0., 9.66183550e-04, 1.93236710e-03,
       9.66183550e-04, 1.93236710e-03, 9.66183550e-04, 1.93236710e-03,
       0., 9.66183550e-04, 0., 2.89855059e-03, 0., 1.93236710e-03, 0.,
       3.86473420e-03, 2.89855059e-03, 0., 1.93236710e-03,
       1.93236710e-03, 1.93236710e-03, 9.66183550e-04, 0.,
       1.93236710e-03, 0., 1.93236710e-03, 0., 3.86473420e-03,
       3.86473420e-03, 0., 1.93236710e-03, 0., 0., 5.79710118e-03,
       1.93236710e-03, 4.83091781e-03, 1.93236710e-03, 0.,
       9.66183550e-04, 0., 1.93236710e-03, 9.66183550e-04, 0.,
       3.86473420e-03, 0., 1.93236710e-03, 1.93236710e-03,
       9.66183550e-04, 0., 1.93236710e-03, 1.93236710e-03,
       9.66183550e-04, 9.66183550e-04, 1.93236710e-03, 1.93236710e-03,
       1.93236710e-03, 9.66183550e-04, 9.66183550e-04, 1.93236710e-03,
       0., 1.93236710e-03, 1.93236710e-03, 0., 0., 1.93236710e-03,
       1.93236710e-03, 0., 0., 9.66183550e-04, 0., 5.79710118e-03,
       9.66183550e-04, 9.66183550e-04, 9.66183550e-04, 1.93236710e-03,
       3.86473420e-03, 2.89855059e-03, 9.66183550e-04, 4.83091781e-03,
       0., 2.89855059e-03, 1.93236710e-03, 1.93236710e-03,
       2.89855059e-03, 9.66183550e-04, 0., 9.66183550e-04, 0., 0.,
       9.66183550e-04, 0., 3.86473420e-03, 0., 0., 0., 0.,
       9.66183550e-04, 1.93236710e-03, 0., 9.66183550e-04,
       1.93236710e-03, 1.93236710e-03, 0., 1.93236710e-03,
       1.93236710e-03, 2.89855059e-03, 0., 1.93236710e-03,
       9.66183550e-04, 9.66183550e-04, 0., 0., 9.66183550e-04,
       5.79710118e-03, 0., 3.86473420e-03, 9.66183550e-04,
       9.66183550e-04, 1.93236710e-03, 2.89855059e-03, 0.,
       9.66183550e-04, 0., 0., 0., 9.66183550e-04, 0., 0.,
       9.66183550e-04, 9.66183550e-04, 1.93236710e-03, 1.93236710e-03,
       9.66183550e-04, 1.93236710e-03, 4.83091781e-03, 9.66183550e-04,
       0., 0., 1.93236710e-03, 0., 9.66183550e-04, 1.93236710e-03,
       3.86473420e-03, 0., 0., 0., 0., 9.66183550e-04, 1.93236710e-03,
       0., 1.93236710e-03, 4.83091781e-03, 1.93236710e-03,
       1.93236710e-03, 0., 0., 3.86473420e-03, 9.66183550e-04, 0.,
       9.66183550e-04, 0., 0., 9.66183550e-04, 1.93236710e-03,
       9.66183550e-04, 0., 9.66183550e-04, 0., 9.66183550e-04,
       1.93236710e-03, 1.93236710e-03, 9.66183550e-04, 2.89855059e-03,
       0., 9.66183550e-04, 0., 0., 0., 1.93236710e-03, 9.66183550e-04,
       9.66183550e-04, 1.93236710e-03, 0., 1.93236710e-03,
       2.89855059e-03, 9.66183550e-04, 0., 0., 0., 0., 9.66183550e-04,
       4.83091781e-03, 9.66183550e-04, 9.66183550e-04, 2.89855059e-03,
       0., 2.89855059e-03, 9.66183550e-04, 9.66183550e-04,
       3.86473420e-03, 0., 9.66183550e-04, 9.66183550e-04,
       9.66183550e-04, 0., 1.93236710e-03, 2.89855059e-03,
       1.93236710e-03, 9.66183550e-04, 2.89855059e-03, 9.66183550e-04,
       0., 9.66183550e-04, 9.66183550e-04, 9.66183550e-04,
       9.66183550e-04, 1.93236710e-03, 0., 9.66183550e-04, 0.,
       9.66183550e-04, 0., 2.89855059e-03, 0., 9.66183550e-04,
       9.66183550e-04, 0., 0., 1.93236710e-03, 9.66183550e-04,
       9.66183550e-04, 2.89855059e-03, 0., 0., 0., 1.93236710e-03,
       9.66183550e-04, 2.89855059e-03, 1.93236710e-03, 0.,
       9.66183550e-04, 9.66183550e-04, 1.93236710e-03, 0., 0., 0., 0.,
       1.93236710e-03, 9.66183550e-04, 1.93236710e-03, 9.66183550e-04,
       9.66183550e-04, 9.66183550e-04, 9.66183550e-04, 4.83091781e-03,
       9.66183550e-04, 0., 0., 0., 0., 0., 0., 9.66183550e-04, 0.,
       1.93236710e-03, 0., 0., 0., 2.89855059e-03, 4.83091781e-03,
       9.66183550e-04, 0., 9.66183550e-04, 2.89855059e-03,
       2.89855059e-03, 1.93236710e-03, 9.66183550e-04, 0., 0.,
       1.93236710e-03, 0., 9.66183550e-04, 0., 0., 2.89855059e-03,
       6.76328503e-03, 2.89855059e-03, 2.89855059e-03, 1.93236710e-03,
       1.93236710e-03, 9.66183550e-04, 2.89855059e-03, 9.66183550e-04,
       2.89855059e-03, 9.66183550e-04, 1.93236710e-03, 1.93236710e-03,
       0., 0., 9.66183550e-04, 1.93236710e-03, 0., 2.89855059e-03,
       3.86473420e-03, 1.93236710e-03, 9.66183550e-04, 9.66183550e-04,
       0., 1.93236710e-03, 2.89855059e-03, 2.89855059e-03,
       9.66183550e-04, 2.89855059e-03, 0., 9.66183550e-04,
       1.93236710e-03, 1.93236710e-03, 0., 9.66183550e-04,
       9.66183550e-04, 0., 0., 3.86473420e-03, 2.89855059e-03, 0., 0.,
       1.93236710e-03, 2.89855059e-03, 0., 1.93236710e-03, 0., 0.,
       1.15942024e-02, 9.66183550e-04, 0., 9.66183550e-04,
       9.66183550e-04, 3.86473420e-03, 1.93236710e-03, 0., 0., 0., 0.,
       3.86473420e-03, 0., 0., 9.66183550e-04, 0., 3.86473420e-03, 0.,
       9.66183550e-04, 0., 0., 0., 0., 9.66183550e-04, 0.,
       9.66183550e-04, 3.86473420e-03, 2.89855059e-03, 1.93236710e-03,
       0., 9.66183550e-04, 0., 9.66183550e-04, 1.93236710e-03,
       9.66183550e-04, 0., 0., 2.89855059e-03, 0., 0., 9.66183550e-04,
       1.93236710e-03, 2.89855059e-03, 1.93236710e-03, 1.93236710e-03,
       9.66183550e-04, 3.86473420e-03, 9.66183550e-04, 0., 0.,
       2.89855059e-03, 0., 0., 2.89855059e-03, 9.66183550e-04,
       1.93236710e-03, 0., 9.66183550e-04, 1.93236710e-03, 0., 0.,
       1.93236710e-03, 2.89855059e-03, 0., 0., 9.66183550e-04,
       9.66183550e-04, 2.89855059e-03, 1.93236710e-03, 2.89855059e-03,
       0., 2.89855059e-03, 9.66183550e-04, 9.66183550e-04, 0.,
       1.93236710e-03, 0., 2.89855059e-03, 2.89855059e-03,
       9.66183550e-04, 9.66183550e-04, 0., 9.66183550e-04,
       9.66183550e-04, 0., 0., 2.89855059e-03, 9.66183550e-04,
       2.89855059e-03, 9.66183550e-04, 3.86473420e-03, 0.,
       9.66183550e-04, 1.93236710e-03, 9.66183550e-04, 9.66183550e-04,
       0., 0., 9.66183550e-04, 9.66183550e-04, 0., 2.89855059e-03,
       1.93236710e-03, 1.93236710e-03, 6.76328503e-03, 9.66183550e-04,
       2.89855059e-03, 1.93236710e-03, 1.93236710e-03, 1.93236710e-03,
       0., 0., 0., 2.89855059e-03, 9.66183550e-04, 3.86473420e-03,
       9.66183550e-04, 9.66183550e-04, 9.66183550e-04, 0., 0.,
       3.86473420e-03, 0., 2.89855059e-03, 1.93236710e-03,
       9.66183550e-04, 2.89855059e-03, 9.66183550e-04, 0.,
       9.66183550e-04, 1.93236710e-03, 0., 9.66183550e-04,
       1.93236710e-03, 9.66183550e-04, 0., 0., 0., 9.66183550e-04, 0.,
       2.89855059e-03, 0., 9.66183550e-04, 3.86473420e-03,
       1.93236710e-03, 1.93236710e-03, 0., 9.66183550e-04,
       1.93236710e-03, 2.89855059e-03, 0., 1.93236710e-03, 0.,
       2.89855059e-03, 0., 9.66183550e-04, 9.66183550e-04, 0.,
       1.93236710e-03, 0., 9.66183550e-04, 1.93236710e-03,
