%YAML:1.0
m100f: !!opencv-matrix
   rows: 1
   cols: 800
   dt: f
   data: [ 0., 1.60427811e-03, 1.06951874e-03, 3.74331558e-03,
       1.06951874e-03, 0., 3.74331558e-03, 5.34759369e-04,
       1.06951874e-03, 2.13903747e-03, 2.13903747e-03, 5.34759369e-04,
       0., 2.67379684e-03, 2.67379684e-03, 0., 5.34759369e-04,
       5.34759369e-04, 2.13903747e-03, 5.34759369e-04, 2.67379684e-03,
       1.60427811e-03, 5.34759369e-04, 0., 3.20855621e-03, 0.,
       1.60427811e-03, 1.06951874e-03, 0., 5.34759369e-04, 0.,
       5.34759369e-04, 2.13903747e-03, 1.60427811e-03, 3.20855621e-03,
       3.20855621e-03, 2.13903747e-03, 0., 0., 0., 2.67379684e-03,
       1.06951874e-03, 1.06951874e-03, 1.06951874e-03, 1.60427811e-03,
       4.81283432e-03, 1.06951874e-03, 2.13903747e-03, 5.34759369e-04,
       0., 1.60427811e-03, 1.06951874e-03, 0., 5.34759369e-04,
       1.60427811e-03, 0., 2.67379684e-03, 5.34759369e-04, 0.,
       5.34759369e-04, 0., 0., 1.60427811e-03, 2.67379684e-03,
       4.81283432e-03, 0., 0., 1.60427811e-03, 4.81283432e-03,
       1.60427811e-03, 1.60427811e-03, 6.41711242e-03, 5.34759369e-04,
       1.06951874e-03, 5.34759369e-04, 5.34759369e-04, 1.06951874e-03,
       0., 1.60427811e-03, 6.41711242e-03, 3.74331558e-03, 0.,
       1.60427811e-03, 3.20855621e-03, 5.34759369e-04, 5.34759369e-04,
       2.13903747e-03, 2.13903747e-03, 2.13903747e-03, 5.34759369e-04,
       0., 0., 5.34759369e-04, 2.13903747e-03, 2.67379684e-03,
       2.67379684e-03, 5.34759369e-04, 1.60427811e-03, 0., 0.,
       1.06951874e-03, 2.67379684e-03, 5.34759369e-03, 5.34759369e-04,
       0., 2.67379684e-03, 1.06951874e-03, 1.60427811e-03, 0., 0., 0.,
       2.67379684e-03, 1.60427811e-03, 0., 1.06951874e-03,
       1.06951874e-03, 3.20855621e-03, 1.60427811e-03, 0.,
       2.13903747e-03, 5.34759369e-04, 3.20855621e-03, 1.60427811e-03,
       1.06951874e-03, 0., 0., 1.60427811e-03, 2.13903747e-03,
       1.06951874e-03, 1.06951874e-03, 0., 2.13903747e-03,
       3.74331558e-03, 2.67379684e-03, 0., 3.74331558e-03,
       2.13903747e-03, 1.06951874e-03, 0., 4.27807495e-03, 0.,
       1.06951874e-03, 2.13903747e-03, 1.06951874e-03, 0.,
       1.06951874e-03, 1.06951874e-03, 5.34759369e-04, 5.34759369e-04,
       2.13903747e-03, 0., 5.34759369e-04, 3.20855621e-03, 0.,
       1.06951874e-03, 0., 0., 1.60427811e-03, 0., 1.06951874e-03,
       5.34759369e-04, 1.06951874e-03, 1.60427811e-03, 5.34759369e-04,
       5.34759369e-04, 5.34759369e-03, 5.34759369e-04, 1.60427811e-03,
       1.06951874e-03, 0., 0., 0., 3.74331558e-03, 0., 1.06951874e-03,
       0., 5.34759369e-04, 3.20855621e-03, 0., 0., 1.06951874e-03,
       5.34759369e-04, 0., 1.06951874e-03, 5.34759369e-04, 0.,
       2.13903747e-03, 0., 2.13903747e-03, 1.06951874e-03,
       5.34759369e-04, 2.13903747e-03, 0., 2.67379684e-03,
       5.34759369e-04, 5.34759369e-04, 1.06951874e-03, 1.06951874e-03,
       0., 0., 3.74331558e-03, 1.60427811e-03, 2.67379684e-03,
       1.06951874e-03, 3.74331558e-03, 5.34759369e-04, 0.,
       1.60427811e-03, 1.06951874e-03, 1.06951874e-03, 5.34759369e-04,
       1.06951874e-03, 0., 0., 5.34759369e-04, 4.27807495e-03,
       5.34759369e-04, 1.06951874e-03, 2.67379684e-03, 2.13903747e-03,
       5.34759369e-04, 3.74331558e-03, 2.67379684e-03, 1.60427811e-03,
       1.06951874e-03, 1.06951874e-03, 2.13903747e-03, 2.13903747e-03,
       2.13903747e-03, 0., 1.06951874e-03, 0., 1.06951874e-03, 0.,
       1.06951874e-03, 5.34759369e-04, 5.34759369e-04, 1.06951874e-03,
       1.06951874e-03, 0., 2.67379684e-03, 1.06951874e-03,
       1.60427811e-03, 2.13903747e-03, 0., 2.13903747e-03,
       4.27807495e-03, 2.67379684e-03, 5.34759369e-04, 5.34759369e-04,
       2.13903747e-03, 2.67379684e-03, 3.20855621e-03, 1.06951874e-03,
       0., 2.13903747e-03, 1.06951874e-03, 3.20855621e-03, 0.,
       3.20855621e-03, 1.06951874e-03, 2.13903747e-03, 5.34759369e-04,
       1.06951874e-03, 1.06951874e-03, 0., 1.60427811e-03,
       1.60427811e-03, 2.67379684e-03, 5.34759369e-04, 4.27807495e-03,
       0., 5.34759369e-04, 5.34759369e-04, 0., 2.67379684e-03,
       5.34759369e-04, 5.34759369e-04, 1.60427811e-03, 1.06951874e-03,
       0., 5.34759369e-04, 2.13903747e-03, 5.34759369e-04, 0.,
       1.60427811e-03, 1.60427811e-03, 5.34759369e-04, 1.06951874e-03,
       1.06951874e-03, 1.06951874e-03, 0., 0., 1.60427811e-03, 0.,
       2.67379684e-03, 5.34759369e-04, 0., 1.06951874e-03,
       5.34759369e-04, 1.60427811e-03, 3.20855621e-03, 5.34759369e-03,
       0., 2.13903747e-03, 0., 0., 5.34759369e-04, 0., 0.,
       3.74331558e-03, 0., 1.60427811e-03, 5.34759369e-04,
       5.34759369e-04, 2.13903747e-03, 1.60427811e-03, 5.34759369e-04,
       2.67379684e-03, 2.67379684e-03, 0., 1.60427811e-03, 0.,
       3.20855621e-03, 5.34759369e-04, 0., 5.34759369e-04, 0.,
       5.34759369e-04, 5.34759369e-04, 1.06951874e-03, 0.,
       2.67379684e-03, 0., 0., 0., 0., 0., 1.06951874e-03, 0.,
       5.34759369e-04, 0., 3.74331558e-03, 5.34759369e-04, 0.,
       1.06951874e-03, 0., 0., 1.60427811e-03, 0., 2.13903747e-03, 0.,
       5.34759369e-04, 5.34759369e-04, 0., 0., 1.60427811e-03,
       5.34759369e-04, 2.13903747e-03, 5.34759369e-04, 5.34759369e-04,
       5.34759369e-04, 2.13903747e-03, 0., 5.34759369e-04, 0.,
       1.60427811e-03, 2.13903747e-03, 1.06951874e-03, 1.06951874e-03,
       3.20855621e-03, 1.06951874e-03, 1.60427811e-03, 1.06951874e-03,
       1.60427811e-03, 1.06951874e-03, 0., 1.60427811e-03,
       1.06951874e-03, 3.20855621e-03, 1.06951874e-03, 5.34759369e-04,
       1.60427811e-03, 5.34759369e-04, 1.01604275e-02, 5.34759369e-04,
       0., 1.60427811e-03, 1.60427811e-03, 1.06951874e-03,
       5.34759369e-04, 1.06951874e-03, 0., 2.13903747e-03,
       1.60427811e-03, 3.74331558e-03, 0., 0., 1.60427811e-03,
       1.60427811e-03, 5.34759369e-04, 5.34759369e-04, 2.13903747e-03,
       5.34759369e-04, 1.60427811e-03, 2.13903747e-03, 3.74331558e-03,
       0., 2.13903747e-03, 0., 3.20855621e-03, 1.06951874e-03,
       5.34759369e-04, 2.67379684e-03, 0., 0., 0., 1.60427811e-03,
       1.60427811e-03, 1.60427811e-03, 5.34759369e-04, 5.34759369e-04,
       1.06951874e-03, 1.60427811e-03, 4.27807495e-03, 4.81283432e-03,
       5.34759369e-04, 0., 0., 1.06951874e-03, 2.13903747e-03,
       5.34759369e-04, 2.13903747e-03, 5.34759369e-04, 1.60427811e-03,
       2.13903747e-03, 1.60427811e-03, 2.13903747e-03, 0., 0.,
       1.06951874e-03, 0., 5.34759369e-04, 5.34759369e-04, 0., 0.,
       1.06951874e-03, 5.34759369e-04, 0., 1.06951874e-03,
       2.13903747e-03, 3.20855621e-03, 1.06951874e-03, 2.67379684e-03,
       1.60427811e-03, 0., 2.67379684e-03, 1.06951874e-03,
       2.13903747e-03, 0., 2.67379684e-03, 2.13903747e-03, 0.,
       5.34759369e-04, 5.34759369e-04, 5.34759369e-04, 5.34759369e-04,
       5.34759369e-04, 1.06951874e-03, 1.06951874e-03, 2.13903747e-03,
       4.81283432e-03, 7.48663116e-03, 1.06951874e-03, 0.,
       2.13903747e-03, 5.34759369e-04, 1.06951874e-03, 2.67379684e-03,
       1.06951874e-03, 0., 1.60427811e-03, 1.06951874e-03,
       1.06951874e-03, 2.13903747e-03, 1.06951874e-03, 5.34759369e-04,
       2.13903747e-03, 0., 1.60427811e-03, 5.34759369e-04,
       2.67379684e-03, 1.06951874e-03, 1.06951874e-03, 5.34759369e-04,
       0., 1.06951874e-03, 5.34759369e-04, 2.13903747e-03, 0., 0.,
       3.20855621e-03, 2.13903747e-03, 0., 1.60427811e-03,
       5.34759369e-04, 3.20855621e-03, 1.60427811e-03, 1.06951874e-03,
       3.20855621e-03, 0., 5.34759369e-04, 1.60427811e-03,
       1.60427811e-03, 0., 1.06951874e-03, 5.34759369e-04,
       1.06951874e-03, 1.06951874e-03, 1.60427811e-03, 5.34759369e-04,
       2.67379684e-03, 5.34759369e-04, 2.67379684e-03, 1.06951874e-03,
       5.34759369e-03, 1.06951874e-03, 0., 1.06951874e-03,
       2.13903747e-03, 2.13903747e-03, 2.67379684e-03, 5.34759369e-04,
       5.88235306e-03, 0., 1.06951874e-03, 0., 1.06951874e-03,
       1.60427811e-03, 0., 1.60427811e-03, 5.34759369e-04, 0., 0., 0.,
