%YAML:1.0
m100f: !!opencv-matrix
   rows: 1
   cols: 800
   dt: f
   data: [ 1.17324991e-03, 2.73758313e-03, 7.82166608e-04,
       7.82166608e-04, 3.91083304e-04, 1.95541652e-03, 1.95541652e-03,
       1.56433322e-03, 1.17324991e-03, 1.95541652e-03, 3.91083304e-04,
       1.17324991e-03, 1.17324991e-03, 7.82166608e-04, 7.82166608e-04,
       1.56433322e-03, 1.17324991e-03, 4.30191634e-03, 0.,
       1.56433322e-03, 7.82166608e-04, 1.17324991e-03, 2.73758313e-03,
       3.51974973e-03, 3.12866643e-03, 3.91083304e-04, 3.91083304e-04,
       1.56433322e-03, 3.91083304e-04, 3.91083304e-04, 7.82166608e-04,
       1.56433322e-03, 1.95541652e-03, 1.17324991e-03, 7.82166608e-04,
       3.91083304e-04, 1.17324991e-03, 7.82166608e-04, 3.91083304e-04,
       3.91083304e-04, 1.17324991e-03, 3.12866643e-03, 1.17324991e-03,
       7.82166608e-04, 1.17324991e-03, 1.95541652e-03, 2.34649982e-03,
       1.95541652e-03, 1.17324991e-03, 2.73758313e-03, 0.,
       2.73758313e-03, 1.56433322e-03, 1.95541652e-03, 7.82166608e-04,
       3.91083304e-04, 2.73758313e-03, 1.56433322e-03, 3.91083304e-04,
       7.82166608e-04, 3.91083304e-04, 1.95541652e-03, 1.56433322e-03,
       3.91083304e-04, 1.56433322e-03, 1.17324991e-03, 7.82166608e-04,
       7.82166608e-04, 1.17324991e-03, 3.51974973e-03, 2.34649982e-03,
       1.56433322e-03, 1.95541652e-03, 3.91083304e-04, 2.73758313e-03,
       2.34649982e-03, 1.56433322e-03, 1.56433322e-03, 0.,
       3.91083304e-04, 7.82166608e-04, 1.17324991e-03, 0.,
       3.91083304e-04, 0., 1.17324991e-03, 1.17324991e-03,
       4.69299965e-03, 1.95541652e-03, 1.17324991e-03, 2.34649982e-03,
       3.91083304e-04, 3.91083304e-04, 1.95541652e-03, 2.34649982e-03,
       1.56433322e-03, 7.82166608e-04, 3.91083304e-04, 3.91083304e-04,
       1.17324991e-03, 2.34649982e-03, 1.17324991e-03, 5.86624956e-03,
       0., 1.56433322e-03, 1.95541652e-03, 0., 3.91083304e-04, 0.,
       7.82166608e-04, 1.17324991e-03, 0., 1.56433322e-03,
       1.17324991e-03, 7.82166608e-04, 0., 1.95541652e-03, 0.,
       7.43058277e-03, 5.08408295e-03, 7.82166608e-04, 7.82166608e-04,
       7.82166608e-04, 0., 3.91083304e-04, 1.17324991e-03,
       7.82166608e-04, 1.17324991e-03, 3.91083304e-04, 2.73758313e-03,
       7.82166608e-04, 3.12866643e-03, 1.95541652e-03, 1.56433322e-03,
       7.82166608e-04, 3.12866643e-03, 0., 3.91083304e-04,
       1.95541652e-03, 1.17324991e-03, 3.91083304e-04, 4.69299965e-03,
       1.56433322e-03, 1.56433322e-03, 3.91083304e-04, 1.56433322e-03,
       3.91083304e-04, 1.56433322e-03, 7.82166608e-04, 1.17324991e-03,
       0., 5.08408295e-03, 0., 0., 3.91083304e-04, 1.17324991e-03,
       1.56433322e-03, 7.82166608e-04, 7.82166608e-04, 7.82166608e-04,
       7.82166608e-04, 1.17324991e-03, 7.82166608e-04, 1.17324991e-03,
       1.17324991e-03, 1.17324991e-03, 3.91083304e-04, 3.91083304e-04,
       1.17324991e-03, 3.91083304e-04, 1.56433322e-03, 3.91083304e-04,
       0., 3.91083304e-04, 1.56433322e-03, 0., 3.91083304e-04,
       1.56433322e-03, 1.17324991e-03, 7.82166608e-04, 1.95541652e-03,
       2.34649982e-03, 3.51974973e-03, 1.95541652e-03, 1.17324991e-03,
       1.17324991e-03, 3.91083304e-04, 0., 1.17324991e-03,
       7.82166608e-04, 3.91083304e-03, 1.56433322e-03, 1.95541652e-03,
       7.82166608e-04, 0., 3.51974973e-03, 7.82166608e-04,
       1.17324991e-03, 7.82166608e-04, 7.82166608e-04, 1.95541652e-03,
       1.17324991e-03, 1.17324991e-03, 7.82166608e-04, 0.,
       3.51974973e-03, 1.17324991e-03, 1.95541652e-03, 1.56433322e-03,
       0., 3.91083304e-04, 0., 1.95541652e-03, 1.56433322e-03,
       3.51974973e-03, 7.82166608e-04, 3.91083304e-04, 2.34649982e-03,
       3.91083304e-04, 3.91083304e-04, 1.17324991e-03, 1.56433322e-03,
       3.91083304e-04, 7.82166608e-04, 0., 1.56433322e-03,
       1.17324991e-03, 7.82166608e-04, 1.56433322e-03, 7.82166608e-04,
       2.73758313e-03, 3.91083304e-04, 1.17324991e-03, 1.95541652e-03,
       2.73758313e-03, 1.95541652e-03, 1.56433322e-03, 1.17324991e-03,
       1.56433322e-03, 3.91083304e-04, 7.82166608e-04, 1.17324991e-03,
       1.17324991e-03, 2.34649982e-03, 0., 3.91083304e-04,
       4.69299965e-03, 3.91083304e-04, 1.56433322e-03, 2.34649982e-03,
       1.17324991e-03, 1.95541652e-03, 1.95541652e-03, 1.95541652e-03,
       7.82166608e-04, 1.95541652e-03, 1.17324991e-03, 3.12866643e-03,
       7.82166608e-04, 1.95541652e-03, 1.95541652e-03, 0.,
       7.82166608e-04, 1.17324991e-03, 3.91083304e-04, 7.82166608e-04,
       1.56433322e-03, 2.34649982e-03, 0., 1.17324991e-03,
       2.34649982e-03, 1.56433322e-03, 7.82166608e-04, 7.82166608e-04,
       1.95541652e-03, 2.34649982e-03, 1.56433322e-03, 1.95541652e-03,
       1.95541652e-03, 7.82166608e-04, 3.12866643e-03, 1.17324991e-03,
       1.56433322e-03, 1.56433322e-03, 1.95541652e-03, 1.17324991e-03,
       1.95541652e-03, 7.82166608e-04, 1.95541652e-03, 2.73758313e-03,
       0., 3.91083304e-04, 0., 3.91083304e-04, 3.91083304e-04,
       7.82166608e-04, 1.56433322e-03, 7.82166608e-04, 0.,
       1.56433322e-03, 0., 3.91083304e-04, 1.17324991e-03,
       1.56433322e-03, 1.95541652e-03, 1.17324991e-03, 3.91083304e-04,
       3.91083304e-04, 1.95541652e-03, 1.17324991e-03, 0., 0.,
       1.56433322e-03, 7.82166608e-04, 1.95541652e-03, 1.17324991e-03,
       3.91083304e-04, 1.17324991e-03, 3.91083304e-04, 3.91083304e-04,
       1.95541652e-03, 1.56433322e-03, 1.95541652e-03, 3.91083304e-04,
       3.91083304e-04, 2.34649982e-03, 1.56433322e-03, 3.12866643e-03,
       7.82166608e-04, 2.34649982e-03, 3.91083304e-04, 2.34649982e-03,
       1.56433322e-03, 1.95541652e-03, 0., 7.82166608e-04,
       1.17324991e-03, 7.82166608e-04, 3.91083304e-04, 3.91083304e-04,
       1.95541652e-03, 0., 3.91083304e-03, 7.82166608e-04,
       1.56433322e-03, 3.12866643e-03, 1.17324991e-03, 2.34649982e-03,
       7.82166608e-04, 1.56433322e-03, 0., 3.91083304e-04,
       7.82166608e-04, 3.91083304e-04, 2.34649982e-03, 1.95541652e-03,
       7.82166608e-04, 3.91083304e-04, 0., 5.86624956e-03,
       1.56433322e-03, 7.82166608e-04, 1.17324991e-03, 1.17324991e-03,
       1.17324991e-03, 1.56433322e-03, 0., 7.82166608e-04, 0.,
       7.82166608e-04, 2.34649982e-03, 3.91083304e-04, 3.91083304e-04,
       1.17324991e-03, 7.82166608e-04, 3.91083304e-04, 2.34649982e-03,
       7.82166608e-04, 2.73758313e-03, 1.56433322e-03, 1.56433322e-03,
       3.91083304e-04, 1.56433322e-03, 3.91083304e-04, 7.82166608e-04,
       3.91083304e-04, 1.56433322e-03, 2.34649982e-03, 7.82166608e-04,
       7.82166608e-04, 1.95541652e-03, 3.51974973e-03, 2.34649982e-03,
       2.73758313e-03, 7.82166608e-04, 3.91083304e-04, 7.82166608e-04,
       1.95541652e-03, 3.91083304e-04, 2.34649982e-03, 1.56433322e-03,
       3.91083304e-04, 7.82166608e-04, 1.56433322e-03, 7.82166608e-04,
       7.82166608e-04, 3.91083304e-04, 1.17324991e-03, 3.91083304e-04,
       0., 4.69299965e-03, 1.95541652e-03, 3.91083304e-04,
       1.56433322e-03, 0., 2.34649982e-03, 1.17324991e-03,
       1.17324991e-03, 1.56433322e-03, 1.17324991e-03, 7.82166608e-04,
       3.91083304e-04, 1.56433322e-03, 1.17324991e-03, 7.82166608e-04,
       1.17324991e-03, 1.17324991e-03, 0., 2.34649982e-03,
       1.17324991e-03, 2.34649982e-03, 7.82166608e-04, 7.82166608e-04,
       3.91083304e-04, 1.56433322e-03, 7.82166608e-04, 0.,
       1.56433322e-03, 1.17324991e-03, 3.91083304e-04, 1.17324991e-03,
       1.17324991e-03, 1.17324991e-03, 1.17324991e-03, 7.82166608e-04,
       1.17324991e-03, 1.17324991e-03, 1.56433322e-03, 7.82166608e-04,
       1.17324991e-03, 3.91083304e-04, 3.12866643e-03, 7.82166608e-04,
       3.51974973e-03, 1.95541652e-03, 3.91083304e-04, 7.82166608e-04,
       7.82166608e-04, 1.17324991e-03, 1.17324991e-03, 1.56433322e-03,
       2.73758313e-03, 2.73758313e-03, 0., 0., 1.56433322e-03,
       3.91083304e-04, 1.17324991e-03, 1.95541652e-03, 1.56433322e-03,
       3.51974973e-03, 2.34649982e-03, 7.82166608e-04, 1.95541652e-03,
       7.82166608e-04, 2.73758313e-03, 1.17324991e-03, 3.91083304e-04,
