%YAML:1.0
m100f: !!opencv-matrix
   rows: 1
   cols: 800
   dt: f
   data: [ 1.69061706e-03, 0., 8.45308532e-04, 8.45308532e-04,
       1.69061706e-03, 1.69061706e-03, 8.45308532e-04, 1.26796281e-02,
       2.53592571e-03, 5.91715984e-03, 0., 2.53592571e-03,
       8.45308532e-04, 0., 0., 1.69061706e-03, 1.69061706e-03, 0., 0.,
       8.45308532e-04, 0., 2.53592571e-03, 3.38123413e-03,
       8.45308532e-04, 1.69061706e-03, 8.45308532e-04, 1.69061706e-03,
       1.69061706e-03, 4.22654254e-03, 0., 0., 8.45308532e-04, 0., 0.,
       1.69061706e-03, 8.45308532e-04, 8.45308532e-04, 0.,
       2.53592571e-03, 5.91715984e-03, 0., 0., 0., 0., 1.69061706e-03,
       8.45308532e-04, 0., 1.69061706e-03, 0., 1.69061706e-03, 0.,
       1.69061706e-03, 3.38123413e-03, 8.45308532e-04, 2.53592571e-03,
       8.45308509e-03, 8.45308532e-04, 2.53592571e-03, 8.45308532e-04,
       1.69061706e-03, 4.22654254e-03, 4.22654254e-03, 8.45308532e-04,
       8.45308532e-04, 0., 1.69061706e-03, 0., 1.69061706e-03,
       8.45308532e-04, 0., 1.69061706e-03, 2.53592571e-03,
       8.45308532e-04, 5.07185142e-03, 3.38123413e-03, 2.53592571e-03,
       1.69061706e-03, 3.38123413e-03, 2.53592571e-03, 8.45308532e-04,
       0., 3.38123413e-03, 8.45308532e-04, 8.45308532e-04,
       1.69061706e-03, 5.07185142e-03, 0., 0., 0., 3.38123413e-03, 0.,
       3.38123413e-03, 8.45308532e-04, 8.45308532e-04, 0.,
       3.38123413e-03, 4.22654254e-03, 0., 2.53592571e-03,
       2.53592571e-03, 8.45308532e-04, 8.45308532e-04, 8.45308532e-04,
       8.45308532e-04, 0., 8.45308532e-04, 2.53592571e-03,
       3.38123413e-03, 1.69061706e-03, 0., 8.45308532e-04,
       1.69061706e-03, 1.69061706e-03, 0., 2.53592571e-03, 0.,
       1.69061706e-03, 0., 2.53592571e-03, 3.38123413e-03,
       8.45308532e-04, 8.45308532e-04, 8.45308532e-04, 1.69061706e-03,
       0., 0., 1.69061706e-03, 0., 0., 2.53592571e-03, 2.53592571e-03,
       0., 0., 0., 8.45308532e-04, 0., 0., 1.69061706e-03,
       8.45308532e-04, 2.53592571e-03, 0., 0., 0., 1.69061706e-03,
       3.38123413e-03, 8.45308532e-04, 0., 1.69061706e-03,
       4.22654254e-03, 0., 2.53592571e-03, 2.53592571e-03, 0.,
       8.45308532e-04, 0., 1.69061706e-03, 8.45308532e-04,
       4.22654254e-03, 0., 3.38123413e-03, 3.38123413e-03,
       8.45308532e-04, 2.53592571e-03, 0., 2.53592571e-03,
       8.45308532e-04, 0., 8.45308532e-04, 1.69061706e-03, 0., 0.,
       8.45308532e-04, 0., 0., 0., 1.69061706e-03, 0., 1.69061706e-03,
       1.69061706e-03, 8.45308532e-04, 0., 8.45308532e-04, 0., 0.,
       1.69061706e-03, 1.69061706e-03, 1.69061706e-03, 4.22654254e-03,
       1.69061706e-03, 8.45308532e-04, 8.45308532e-04, 0.,
       3.38123413e-03, 1.69061706e-03, 3.38123413e-03, 0.,
       1.69061706e-03, 1.69061706e-03, 8.45308532e-04, 1.69061706e-03,
       8.45308532e-04, 3.38123413e-03, 2.53592571e-03, 0.,
       1.69061706e-03, 8.45308532e-04, 0., 2.53592571e-03,
       2.53592571e-03, 3.38123413e-03, 0., 1.01437028e-02,
       8.45308532e-04, 1.69061706e-03, 0., 1.69061706e-03,
       3.38123413e-03, 0., 6.76246826e-03, 0., 0., 0., 8.45308532e-04,
       0., 0., 0., 0., 8.45308532e-04, 1.69061706e-03, 1.69061706e-03,
       8.45308532e-04, 1.69061706e-03, 8.45308532e-04, 0., 0.,
       1.69061706e-03, 0., 2.53592571e-03, 0., 8.45308532e-04,
       8.45308532e-04, 0., 8.45308532e-04, 8.45308532e-04,
       3.38123413e-03, 1.69061706e-03, 0., 2.53592571e-03,
       8.45308532e-04, 8.45308532e-04, 1.69061706e-03, 8.45308532e-04,
       8.45308532e-04, 1.69061706e-03, 0., 8.45308532e-04, 0., 0.,
       8.45308532e-04, 1.69061706e-03, 0., 0., 1.69061706e-03, 0.,
       1.69061706e-03, 8.45308532e-04, 2.53592571e-03, 1.69061706e-03,
       0., 8.45308532e-04, 4.22654254e-03, 2.53592571e-03,
       8.45308532e-04, 8.45308532e-04, 3.38123413e-03, 1.69061706e-03,
       1.69061706e-03, 8.45308532e-04, 0., 8.45308532e-04,
       8.45308532e-04, 8.45308532e-04, 8.45308532e-04, 8.45308532e-04,
       8.45308532e-04, 1.69061706e-03, 4.22654254e-03, 0., 0., 0.,
       8.45308532e-04, 0., 1.69061706e-03, 1.69061706e-03,
       2.53592571e-03, 8.45308532e-04, 1.69061706e-03, 8.45308532e-04,
       0., 1.69061706e-03, 2.53592571e-03, 8.45308532e-04,
       8.45308532e-04, 1.69061706e-03, 0., 0., 0., 1.69061706e-03,
       1.69061706e-03, 8.45308532e-04, 2.53592571e-03, 0.,
       1.69061706e-03, 8.45308532e-04, 0., 8.45308532e-04,
       2.53592571e-03, 0., 8.45308532e-04, 0., 0., 8.45308532e-04,
       8.45308532e-04, 1.69061706e-03, 5.91715984e-03, 3.38123413e-03,
       8.45308532e-04, 8.45308532e-04, 0., 8.45308532e-04, 0.,
       8.45308532e-04, 8.45308532e-04, 8.45308532e-04, 8.45308532e-04,
       8.45308532e-04, 8.45308532e-04, 2.53592571e-03, 8.45308532e-04,
       3.38123413e-03, 0., 0., 0., 2.53592571e-03, 8.45308532e-04, 0.,
       0., 8.45308532e-04, 8.45308532e-04, 0., 1.69061706e-03,
       8.45308532e-04, 0., 0., 8.45308532e-04, 4.22654254e-03,
       8.45308532e-04, 2.53592571e-03, 8.45308532e-04, 0., 0., 0.,
       2.53592571e-03, 0., 0., 1.69061706e-03, 0., 1.69061706e-03,
       1.69061706e-03, 0., 8.45308532e-04, 0., 2.53592571e-03, 0., 0.,
       0., 1.69061706e-03, 0., 1.69061706e-03, 8.45308532e-04, 0.,
       8.45308532e-04, 1.26796281e-02, 8.45308532e-04, 1.69061706e-03,
       8.45308532e-04, 0., 1.69061706e-03, 8.45308532e-04,
       8.45308532e-04, 2.53592571e-03, 2.53592571e-03, 3.38123413e-03,
       6.76246826e-03, 4.22654254e-03, 0., 0., 0., 0., 8.45308532e-04,
       8.45308532e-04, 8.45308532e-04, 0., 8.45308532e-04,
       8.45308532e-04, 0., 0., 1.69061706e-03, 8.45308532e-04,
       1.69061706e-03, 0., 3.38123413e-03, 1.69061706e-03, 0.,
       8.45308532e-04, 8.45308532e-04, 1.69061706e-03, 1.69061706e-03,
       8.45308532e-04, 0., 0., 0., 0., 0., 0., 8.45308532e-04,
       2.53592571e-03, 0., 0., 8.45308532e-04, 3.38123413e-03,
       8.45308532e-04, 3.38123413e-03, 8.45308532e-04, 0., 0.,
       1.69061706e-03, 0., 8.45308532e-04, 8.45308532e-04,
       1.69061706e-03, 8.45308532e-04, 0., 3.38123413e-03,
       1.69061706e-03, 0., 1.69061706e-03, 8.45308532e-04,
       8.45308532e-04, 0., 0., 0., 0., 2.53592571e-03, 8.45308532e-04,
       8.45308532e-04, 1.69061706e-03, 8.45308532e-04, 1.69061706e-03,
       1.69061706e-03, 0., 8.45308532e-04, 2.53592571e-03, 0.,
       4.22654254e-03, 2.53592571e-03, 0., 0., 3.38123413e-03,
       8.45308532e-04, 8.45308532e-04, 0., 8.45308532e-04,
       1.69061706e-03, 0., 8.45308532e-04, 8.45308532e-04, 0.,
       1.69061706e-03, 0., 2.53592571e-03, 3.38123413e-03, 0., 0.,
       1.69061706e-03, 0., 8.45308532e-04, 3.38123413e-03,
       1.69061706e-03, 0., 8.45308532e-04, 0., 0., 0., 0.,
       8.45308532e-04, 8.45308532e-04, 1.69061706e-03, 8.45308532e-04,
       0., 8.45308532e-04, 0., 8.45308532e-04, 0., 8.45308532e-04,
       3.38123413e-03, 4.22654254e-03, 2.53592571e-03, 1.69061706e-03,
       8.45308532e-04, 0., 4.22654254e-03, 0., 2.53592571e-03, 0.,
       2.53592571e-03, 0., 2.53592571e-03, 0., 1.69061706e-03, 0.,
       1.69061706e-03, 8.45308532e-04, 2.53592571e-03, 3.38123413e-03,
       8.45308532e-04, 8.45308532e-04, 8.45308532e-04, 0.,
       5.07185142e-03, 8.45308532e-04, 0., 2.53592571e-03,
       3.38123413e-03, 8.45308532e-04, 8.45308532e-04, 8.45308532e-04,
       0., 1.69061706e-03, 4.22654254e-03, 8.45308532e-04,
       1.69061706e-03, 1.69061706e-03, 8.45308532e-04, 1.69061706e-03,
       8.45308532e-04, 8.45308532e-04, 8.45308532e-04, 3.38123413e-03,
       8.45308532e-04, 0., 1.69061706e-03, 0., 8.45308532e-04, 0.,
       8.45308532e-04, 8.45308532e-04, 8.45308532e-04, 1.69061706e-03,
       0., 0., 0., 4.22654254e-03, 8.45308532e-04, 5.91715984e-03,
       4.22654254e-03, 0., 8.45308532e-04, 3.38123413e-03,
       8.45308532e-04, 0., 1.69061706e-03, 0., 8.45308532e-04,
       8.45308532e-04, 2.53592571e-03, 7.60777667e-03, 8.45308532e-04,
       3.38123413e-03, 8.45308532e-04, 4.22654254e-03, 0.,
