%YAML:1.0
m100f: !!opencv-matrix
   rows: 1
   cols: 800
   dt: f
   data: [ 2.30308599e-03, 3.22432048e-03, 4.60617215e-04,
       9.21234430e-04, 4.60617215e-04, 9.21234430e-04, 9.21234430e-04,
       9.21234430e-04, 9.21234430e-04, 0., 1.84246886e-03,
       9.21234430e-04, 1.38185162e-03, 1.38185162e-03, 4.60617215e-04,
       0., 4.60617215e-04, 2.76370323e-03, 0., 1.38185162e-03,
       2.30308599e-03, 4.60617215e-04, 1.38185162e-03, 4.60617215e-04,
       2.76370323e-03, 1.84246886e-03, 4.60617215e-04, 2.76370323e-03,
       0., 0., 9.21234430e-04, 4.60617215e-04, 9.21234430e-04, 0., 0.,
       2.30308599e-03, 1.84246886e-03, 0., 2.76370323e-03,
       9.21234430e-04, 2.30308599e-03, 9.21234430e-04, 2.76370323e-03,
       1.38185162e-03, 4.60617215e-04, 1.84246886e-03, 2.30308599e-03,
       1.38185162e-03, 4.60617215e-04, 4.60617215e-04, 0.,
       4.60617215e-04, 1.38185162e-03, 4.14555473e-03, 1.38185162e-03,
       9.21234430e-04, 7.83049222e-03, 9.21234430e-04, 0.,
       2.76370323e-03, 1.38185162e-03, 1.84246886e-03, 1.38185162e-03,
       4.60617215e-04, 9.21234430e-04, 9.21234430e-04, 0.,
       4.60617215e-04, 4.60617215e-04, 1.38185162e-03, 9.21234430e-04,
       9.21234430e-04, 4.60617215e-04, 9.21234430e-04, 2.30308599e-03,
       0., 1.84246886e-03, 9.21234430e-04, 4.60617215e-04,
       9.21234430e-04, 4.60617215e-04, 9.21234430e-04, 9.21234430e-04,
       2.30308599e-03, 0., 6.44864095e-03, 4.60617215e-04,
       2.76370323e-03, 0., 2.30308599e-03, 1.38185162e-03,
       9.21234430e-04, 4.60617215e-04, 3.22432048e-03, 2.30308599e-03,
       0., 9.21234430e-04, 4.60617215e-04, 4.60617215e-04,
       9.21234430e-04, 4.60617215e-04, 9.21234430e-04, 1.84246886e-03,
       4.60617215e-04, 9.21234430e-04, 4.60617215e-04, 1.84246886e-03,
       0., 9.21234430e-04, 0., 4.60617215e-04, 9.21234430e-04,
       9.21234430e-04, 2.30308599e-03, 1.38185162e-03, 9.21234430e-04,
       1.38185162e-03, 0., 7.83049222e-03, 1.05941957e-02,
       3.68493772e-03, 0., 2.30308599e-03, 9.21234430e-04,
       4.60617215e-04, 1.84246886e-03, 9.21234430e-04, 4.60617215e-04,
       1.38185162e-03, 9.21234430e-04, 4.60617215e-04, 2.30308599e-03,
       0., 1.38185162e-03, 2.30308599e-03, 3.68493772e-03,
       1.38185162e-03, 2.30308599e-03, 1.84246886e-03, 4.60617215e-04,
       4.60617215e-04, 2.30308599e-03, 2.30308599e-03, 9.21234430e-04,
       4.60617215e-04, 1.38185162e-03, 9.21234430e-04, 9.21234430e-04,
       1.84246886e-03, 4.60617215e-04, 2.30308599e-03, 1.38185162e-03,
       0., 4.60617215e-04, 0., 9.21234430e-04, 3.22432048e-03,
       4.60617215e-04, 1.38185162e-03, 4.60617215e-04, 9.21234430e-04,
       4.60617215e-04, 4.60617215e-04, 0., 4.60617215e-04,
       1.38185162e-03, 2.30308599e-03, 1.38185162e-03, 1.84246886e-03,
       9.21234430e-04, 9.21234430e-04, 2.30308599e-03, 9.21234430e-04,
       1.38185162e-03, 1.38185162e-03, 9.21234430e-04, 4.60617215e-04,
       9.21234430e-04, 9.21234430e-04, 9.21234430e-04, 2.30308599e-03,
       9.21234430e-04, 1.84246886e-03, 9.21234430e-04, 0.,
       9.21234430e-04, 4.60617215e-04, 0., 4.60617215e-04,
       4.60617215e-04, 4.60617215e-04, 3.22432048e-03, 1.38185162e-03,
       0., 1.84246886e-03, 1.38185162e-03, 1.84246886e-03, 0.,
       4.60617215e-04, 9.21234430e-04, 1.84246886e-03, 1.84246886e-03,
       4.60617215e-04, 0., 0., 1.84246886e-03, 4.60617215e-04,
       4.60617215e-04, 1.84246886e-03, 1.84246886e-03, 1.38185162e-03,
       0., 1.84246886e-03, 2.30308599e-03, 1.84246886e-03, 0.,
       1.38185162e-03, 4.60617215e-04, 1.84246886e-03, 4.60617215e-04,
       4.60617215e-04, 9.21234430e-04, 4.60617215e-04, 9.21234430e-04,
       9.21234430e-04, 9.21234430e-04, 4.60617215e-04, 9.21234430e-04,
       1.84246886e-03, 1.84246886e-03, 9.21234430e-04, 9.21234430e-04,
       1.84246886e-03, 9.21234430e-04, 0., 0., 2.76370323e-03,
       9.21234430e-04, 2.76370323e-03, 1.38185162e-03, 9.21234430e-04,
       1.84246886e-03, 1.38185162e-03, 6.44864095e-03, 9.21234430e-04,
       0., 2.76370323e-03, 0., 1.84246886e-03, 4.60617215e-04, 0.,
       9.21234430e-04, 1.84246886e-03, 4.60617215e-04, 4.60617215e-04,
       4.14555473e-03, 0., 4.60617215e-04, 1.84246886e-03,
       1.38185162e-03, 3.22432048e-03, 9.21234430e-04, 0.,
       3.22432048e-03, 9.21234430e-04, 9.21234430e-04, 4.60617215e-04,
       2.30308599e-03, 0., 9.21234430e-04, 2.30308599e-03,
       9.21234430e-04, 1.84246886e-03, 4.60617215e-04, 0.,
       1.84246886e-03, 4.60617215e-04, 2.30308599e-03, 9.21234430e-04,
       1.38185162e-03, 5.52740647e-03, 9.21234430e-04, 1.38185162e-03,
       9.21234430e-04, 1.84246886e-03, 0., 1.38185162e-03,
       4.60617215e-04, 9.21234430e-04, 1.84246886e-03, 1.38185162e-03,
       9.21234430e-04, 0., 1.38185162e-03, 3.22432048e-03,
       1.38185162e-03, 1.84246886e-03, 0., 4.60617215e-04,
       1.38185162e-03, 4.60617215e-04, 4.60617215e-04, 2.76370323e-03,
       1.38185162e-03, 1.38185162e-03, 4.60617215e-04, 0.,
       2.30308599e-03, 4.60617215e-04, 1.84246886e-03, 9.21234430e-04,
       1.38185162e-03, 3.22432048e-03, 1.38185162e-03, 9.21234430e-04,
       9.21234430e-04, 4.60617215e-04, 1.84246886e-03, 0., 0.,
       3.22432048e-03, 4.60617215e-04, 4.60617215e-04, 4.60617215e-04,
       9.21234430e-04, 1.38185162e-03, 1.38185162e-03, 9.21234430e-04,
       4.60617215e-04, 1.84246886e-03, 1.84246886e-03, 9.21234430e-04,
       9.21234430e-04, 3.22432048e-03, 4.60617215e-04, 1.84246886e-03,
       9.21234430e-04, 4.60617215e-04, 0., 0., 1.38185162e-03,
       9.21234430e-04, 2.30308599e-03, 4.60617215e-04, 1.84246886e-03,
       1.84246886e-03, 0., 9.21234430e-04, 4.60617215e-04,
       4.60617198e-03, 9.21234430e-04, 9.21234430e-04, 4.60617215e-04,
       4.60617215e-04, 3.22432048e-03, 0., 0., 1.38185162e-03,
       9.21234430e-04, 6.90925820e-03, 4.60617215e-04, 1.38185162e-03,
       3.22432048e-03, 0., 4.60617215e-04, 1.38185162e-03, 0., 0.,
       2.30308599e-03, 1.84246886e-03, 1.84246886e-03, 4.60617215e-04,
       1.38185162e-03, 4.60617215e-04, 0., 4.60617215e-04,
       4.60617215e-04, 4.60617215e-04, 2.76370323e-03, 1.38185162e-03,
       2.30308599e-03, 2.30308599e-03, 1.84246886e-03, 9.21234430e-04,
       3.68493772e-03, 0., 4.60617215e-04, 2.30308599e-03,
       3.22432048e-03, 1.38185162e-03, 5.52740647e-03, 1.38185162e-03,
       9.21234430e-04, 6.90925820e-03, 0., 0., 1.38185162e-03,
       1.84246886e-03, 0., 0., 9.21234430e-04, 9.21234430e-04, 0.,
       2.30308599e-03, 4.60617215e-04, 4.60617215e-04, 2.30308599e-03,
       1.84246886e-03, 2.76370323e-03, 1.38185162e-03, 4.14555473e-03,
       3.22432048e-03, 1.84246886e-03, 0., 0., 3.68493772e-03,
       9.21234430e-04, 9.21234430e-04, 1.84246886e-03, 9.21234430e-04,
       1.38185162e-03, 4.60617215e-04, 4.60617215e-04, 4.60617215e-04,
       1.38185162e-03, 0., 4.60617215e-04, 9.21234430e-04,
       2.30308599e-03, 9.21234430e-04, 9.21234430e-04, 1.38185162e-03,
       1.84246886e-03, 1.84246886e-03, 1.38185162e-03, 9.21234430e-04,
       9.21234430e-04, 0., 9.21234430e-04, 4.60617215e-04,
       9.21234430e-04, 1.84246886e-03, 1.84246886e-03, 4.60617198e-03,
       2.30308599e-03, 4.60617215e-04, 2.30308599e-03, 4.60617215e-04,
       0., 4.60617215e-04, 1.38185162e-03, 9.21234430e-04,
       9.21234430e-04, 2.76370323e-03, 1.84246886e-03, 1.38185162e-03,
       4.60617215e-04, 9.21234430e-04, 9.21234430e-04, 1.84246886e-03,
       4.60617215e-04, 9.21234430e-04, 1.38185162e-03, 9.21234430e-04,
       4.60617215e-04, 1.38185162e-03, 4.60617215e-04, 9.21234430e-04,
       2.30308599e-03, 4.60617215e-04, 2.76370323e-03, 4.60617215e-04,
       1.38185162e-03, 1.84246886e-03, 1.38185162e-03, 1.84246886e-03,
       9.21234430e-04, 4.60617215e-04, 4.60617215e-04, 9.21234430e-04,
       3.22432048e-03, 4.60617215e-04, 1.38185162e-03, 3.22432048e-03,
       2.30308599e-03, 2.76370323e-03, 2.30308599e-03, 0.,
       3.68493772e-03, 0., 0., 0., 1.38185162e-03, 1.84246886e-03,
