%YAML:1.0
m100f: !!opencv-matrix
   rows: 1
   cols: 800
   dt: f
   data: [ 0., 2.44738115e-03, 3.91581003e-03, 4.89476253e-04,
       4.89476253e-04, 4.89476253e-04, 9.78952507e-04, 1.46842876e-03,
       1.46842876e-03, 2.93685752e-03, 1.95790501e-03, 9.78952507e-04,
       1.46842876e-03, 1.95790501e-03, 1.46842876e-03, 0.,
       9.78952507e-04, 0., 9.78952507e-04, 3.42633389e-03,
       4.89476253e-04, 1.95790501e-03, 0., 1.95790501e-03,
       4.89476253e-04, 1.95790501e-03, 2.93685752e-03, 1.46842876e-03,
       2.93685752e-03, 9.78952507e-04, 1.46842876e-03, 1.46842876e-03,
       2.93685752e-03, 1.46842876e-03, 4.89476253e-04, 9.78952507e-04,
       9.78952507e-04, 9.78952507e-04, 0., 0., 1.46842876e-03,
       4.89476253e-04, 4.89476253e-04, 9.78952507e-04, 2.44738115e-03,
       9.78952507e-04, 2.44738115e-03, 9.78952507e-04, 1.95790501e-03,
       0., 4.89476253e-04, 0., 9.78952507e-04, 9.78952507e-04,
       1.46842876e-03, 0., 3.91581003e-03, 2.93685752e-03,
       9.78952507e-04, 2.93685752e-03, 4.89476253e-04, 4.89476253e-04,
       4.89476253e-04, 4.89476253e-04, 1.02790017e-02, 0.,
       1.95790501e-03, 9.78952507e-04, 5.38423890e-03, 0.,
       2.44738115e-03, 9.78952507e-04, 4.89476253e-04, 1.95790501e-03,
       9.78952507e-04, 2.93685752e-03, 0., 0., 9.78952507e-04,
       9.78952507e-04, 0., 0., 0., 9.78952507e-04, 4.89476253e-04,
       4.89476230e-03, 1.95790501e-03, 1.46842876e-03, 0.,
       4.89476253e-04, 0., 0., 0., 1.46842876e-03, 1.46842876e-03,
       4.89476253e-04, 0., 1.95790501e-03, 0., 1.46842876e-03,
       9.78952507e-04, 2.93685752e-03, 3.42633389e-03, 4.89476253e-04,
       0., 1.46842876e-03, 1.46842876e-03, 4.89476253e-04, 0.,
       4.89476253e-04, 4.89476230e-03, 4.89476253e-04, 4.89476253e-04,
       9.78952507e-04, 0., 2.93685752e-03, 0., 9.78952507e-04,
       9.78952507e-04, 2.93685752e-03, 3.42633389e-03, 9.78952507e-04,
       1.95790501e-03, 9.78952507e-04, 2.44738115e-03, 0.,
       1.95790501e-03, 1.95790501e-03, 9.78952507e-04, 1.46842876e-03,
       0., 0., 2.44738115e-03, 0., 9.78952507e-04, 1.46842876e-03, 0.,
       1.46842876e-03, 1.46842876e-03, 1.46842876e-03, 0.,
       1.95790501e-03, 1.46842876e-03, 3.42633389e-03, 4.89476253e-04,
       0., 0., 1.46842876e-03, 0., 9.78952507e-04, 2.93685752e-03, 0.,
       9.78952507e-04, 9.78952507e-04, 2.44738115e-03, 0., 0.,
       1.46842876e-03, 2.44738115e-03, 4.89476253e-04, 9.78952507e-04,
       0., 1.95790501e-03, 4.89476253e-04, 9.78952507e-04,
       4.89476253e-04, 4.89476253e-04, 1.46842876e-03, 1.95790501e-03,
       4.89476253e-04, 2.44738115e-03, 2.93685752e-03, 1.46842876e-03,
       2.93685752e-03, 1.95790501e-03, 4.89476253e-04, 9.78952507e-04,
       5.38423890e-03, 2.44738115e-03, 0., 1.46842876e-03,
       9.78952507e-04, 0., 1.95790501e-03, 4.89476253e-04,
       1.46842876e-03, 1.95790501e-03, 0., 0., 4.89476253e-04, 0.,
       1.46842876e-03, 9.78952507e-04, 0., 1.95790501e-03,
       1.46842876e-03, 4.89476253e-04, 1.46842876e-03, 0.,
       2.44738115e-03, 9.78952507e-04, 9.78952507e-04, 4.89476253e-04,
       8.32109619e-03, 2.44738115e-03, 9.78952507e-04, 2.93685752e-03,
       1.95790501e-03, 4.89476253e-04, 1.95790501e-03, 4.89476253e-04,
       4.89476253e-04, 0., 0., 0., 4.89476253e-04, 4.89476253e-04,
       4.89476253e-04, 4.89476230e-03, 2.44738115e-03, 4.89476253e-04,
       2.44738115e-03, 4.89476230e-03, 9.78952507e-04, 0.,
       9.78952507e-04, 1.46842876e-03, 2.93685752e-03, 9.78952507e-04,
       0., 1.95790501e-03, 9.78952507e-04, 0., 1.46842876e-03, 0.,
       9.78952507e-04, 9.78952507e-04, 1.95790501e-03, 4.89476253e-04,
       4.89476253e-04, 2.93685752e-03, 2.93685752e-03, 2.44738115e-03,
       1.95790501e-03, 9.78952507e-04, 9.78952507e-04, 9.78952507e-04,
       4.89476253e-04, 4.89476253e-04, 0., 9.78952507e-04,
       4.89476253e-04, 4.89476253e-04, 1.46842876e-03, 9.78952507e-04,
       4.89476253e-04, 9.78952507e-04, 3.42633389e-03, 9.78952507e-04,
       2.93685752e-03, 9.78952507e-04, 0., 9.78952507e-04,
       4.89476253e-04, 1.46842876e-03, 9.78952507e-04, 2.44738115e-03,
       4.89476253e-04, 4.89476253e-04, 1.46842876e-03, 2.44738115e-03,
       0., 4.89476253e-04, 4.89476253e-04, 9.78952507e-04,
       9.78952507e-04, 9.78952507e-04, 1.46842876e-03, 3.42633389e-03,
       2.93685752e-03, 9.78952507e-04, 2.44738115e-03, 0.,
       1.46842876e-03, 4.89476253e-04, 2.93685752e-03, 0.,
       4.89476253e-04, 0., 4.89476253e-04, 1.46842876e-03, 0., 0.,
       9.78952507e-04, 4.89476253e-04, 2.93685752e-03, 4.89476253e-04,
       9.78952507e-04, 9.78952507e-04, 1.46842876e-03, 9.78952507e-04,
       2.93685752e-03, 3.91581003e-03, 1.95790501e-03, 1.46842876e-03,
       0., 0., 0., 9.78952507e-04, 0., 3.42633389e-03, 4.89476253e-04,
       4.40528616e-03, 4.89476253e-04, 0., 1.46842876e-03,
       4.89476253e-04, 2.44738115e-03, 9.78952507e-04, 0.,
       4.89476253e-04, 4.89476253e-04, 4.89476253e-04, 0.,
       9.78952507e-04, 4.89476253e-04, 9.78952507e-04, 1.95790501e-03,
       4.89476253e-04, 9.78952507e-04, 2.44738115e-03, 0.,
       4.89476253e-04, 0., 2.44738115e-03, 2.93685752e-03,
       9.78952507e-04, 0., 4.89476253e-04, 4.89476253e-04,
       4.89476253e-04, 9.78952507e-04, 0., 4.89476253e-04,
       3.42633389e-03, 1.46842876e-03, 1.46842876e-03, 4.89476253e-04,
       0., 4.89476253e-04, 9.78952507e-04, 4.89476253e-04, 0.,
       9.78952507e-04, 1.46842876e-03, 4.89476253e-04, 1.46842876e-03,
       4.89476253e-04, 1.46842876e-03, 0., 1.46842876e-03, 0.,
       9.78952507e-04, 4.89476253e-04, 1.95790501e-03, 0.,
       1.95790501e-03, 1.46842876e-03, 2.93685752e-03, 9.78952507e-04,
       4.89476253e-04, 0., 4.40528616e-03, 9.78952507e-04,
       1.46842876e-03, 9.78952507e-04, 0., 4.89476253e-04,
       9.78952507e-04, 1.46842876e-03, 9.78952507e-04, 1.46842876e-03,
       1.46842876e-03, 9.78952507e-04, 0., 1.46842876e-03,
       1.46842876e-03, 0., 1.95790501e-03, 4.89476253e-04,
       2.44738115e-03, 1.95790501e-03, 1.46842876e-03, 4.89476253e-04,
       4.89476253e-04, 9.78952507e-04, 1.46842876e-03, 1.95790501e-03,
       1.95790501e-03, 2.44738115e-03, 9.78952507e-04, 4.89476253e-04,
       9.78952507e-04, 1.95790501e-03, 0., 9.78952507e-04,
       4.89476253e-04, 0., 1.95790501e-03, 9.78952507e-04, 0.,
       3.91581003e-03, 2.44738115e-03, 0., 4.89476253e-04,
       1.95790501e-03, 4.89476253e-04, 4.89476253e-04, 4.89476253e-04,
       0., 4.89476253e-04, 4.89476253e-04, 1.95790501e-03,
       1.95790501e-03, 9.78952507e-04, 2.44738115e-03, 9.78952507e-04,
       4.89476253e-04, 0., 9.78952507e-04, 1.46842876e-03,
       4.89476253e-04, 2.93685752e-03, 9.78952507e-04, 0.,
       1.95790501e-03, 4.89476253e-04, 4.89476253e-04, 4.89476253e-04,
       4.89476253e-04, 2.93685752e-03, 4.89476253e-04, 2.93685752e-03,
       4.89476253e-04, 4.89476253e-04, 1.95790501e-03, 4.89476253e-04,
       4.89476253e-04, 0., 4.89476253e-04, 4.89476253e-04,
       3.42633389e-03, 9.78952507e-04, 9.78952507e-04, 4.89476253e-04,
       1.46842876e-03, 0., 1.46842876e-03, 9.78952507e-04,
       4.89476253e-04, 4.89476253e-04, 9.78952507e-04, 0.,
       1.46842876e-03, 9.78952507e-04, 4.89476253e-04, 0.,
       9.78952507e-04, 4.89476253e-04, 4.89476230e-03, 9.78952507e-04,
       4.40528616e-03, 3.42633389e-03, 4.89476253e-04, 9.78952507e-04,
       0., 1.46842876e-03, 1.95790501e-03, 1.46842876e-03,
       2.93685752e-03, 4.89476253e-04, 2.93685752e-03, 9.78952507e-04,
       4.89476253e-04, 9.78952507e-04, 1.46842876e-03, 1.46842876e-03,
       7.34214392e-03, 4.89476253e-04, 1.46842876e-03, 4.89476253e-04,
       4.89476253e-04, 9.78952507e-04, 2.93685752e-03, 2.44738115e-03,
       4.89476253e-04, 4.89476230e-03, 4.89476253e-04, 1.46842876e-03,
       2.44738115e-03, 1.95790501e-03, 1.46842876e-03, 4.89476253e-04,
       1.46842876e-03, 1.95790501e-03, 1.46842876e-03, 4.89476253e-04,
       1.95790501e-03, 1.46842876e-03, 4.89476253e-04, 1.46842876e-03,
