%YAML:1.0
m100f: !!opencv-matrix
   rows: 1
   cols: 800
   dt: f
   data: [ 0., 1.26742711e-03, 0., 1.90114067e-03, 6.33713556e-04,
       1.90114067e-03, 1.26742711e-03, 3.16856778e-03, 3.80228134e-03,
       0., 6.33713556e-04, 0., 0., 6.33713556e-04, 1.26742711e-03,
       1.26742711e-03, 1.90114067e-03, 1.90114067e-03, 0.,
       6.33713556e-04, 1.26742711e-03, 6.33713556e-04, 1.26742711e-03,
       2.53485423e-03, 1.26742711e-03, 1.26742711e-03, 6.33713556e-04,
       6.33713556e-04, 6.33713556e-04, 1.26742711e-03, 0., 0.,
       6.33713556e-04, 6.33713556e-04, 6.33713556e-04, 6.33713556e-04,
       1.26742711e-03, 1.90114067e-03, 6.33713556e-04, 2.09125467e-02,
       6.33713556e-04, 1.26742711e-03, 0., 3.80228134e-03,
       3.16856778e-03, 6.33713556e-04, 1.90114067e-03, 1.26742711e-03,
       6.33713556e-04, 6.33713556e-04, 1.90114067e-03, 0., 0.,
       1.26742711e-03, 3.16856778e-03, 8.87198932e-03, 1.90114067e-03,
       1.90114067e-03, 0., 2.53485423e-03, 1.90114067e-03,
       3.16856778e-03, 1.26742711e-03, 1.26742711e-03, 6.33713556e-04,
       1.26742711e-03, 1.90114067e-03, 6.33713556e-04, 1.26742711e-03,
       0., 0., 1.26742711e-03, 6.33713556e-04, 6.33713556e-04,
       4.43599466e-03, 0., 1.26742711e-03, 1.26742711e-03,
       1.26742711e-03, 1.26742711e-03, 1.26742711e-03, 6.33713556e-04,
       0., 1.90114067e-03, 0., 6.33713556e-04, 6.33713556e-04,
       1.26742711e-03, 6.33713556e-04, 6.33713556e-04, 2.53485423e-03,
       6.33713556e-04, 1.90114067e-03, 6.33713556e-04, 1.26742711e-03,
       1.90114067e-03, 1.90114067e-03, 0., 1.90114067e-03,
       4.43599466e-03, 0., 2.53485423e-03, 1.26742711e-03,
       6.33713556e-04, 6.33713556e-04, 1.90114067e-03, 1.90114067e-03,
       3.16856778e-03, 1.26742711e-03, 6.33713556e-04, 0., 0.,
       6.33713556e-04, 1.90114067e-03, 1.26742711e-03, 3.16856778e-03,
       2.53485423e-03, 6.33713556e-04, 6.33713556e-04, 0.,
       6.33713556e-04, 1.90114067e-03, 0., 1.26742711e-03,
       1.90114067e-03, 6.33713556e-04, 2.53485423e-03, 0.,
       3.16856778e-03, 0., 0., 1.26742711e-03, 1.26742711e-03,
       2.53485423e-03, 6.33713556e-04, 1.26742711e-03, 6.33713556e-04,
       6.33713556e-04, 6.33713556e-04, 1.90114067e-03, 6.33713556e-04,
       1.26742711e-03, 6.33713556e-04, 6.33713556e-04, 0., 0.,
       6.33713556e-04, 1.90114067e-03, 2.53485423e-03, 6.33713556e-04,
       0., 6.33713556e-04, 1.26742711e-03, 0., 2.53485423e-03, 0.,
       1.26742711e-03, 1.26742711e-03, 1.26742711e-03, 1.26742711e-03,
       1.26742711e-03, 0., 5.06970845e-03, 1.26742711e-03,
       1.90114067e-03, 6.33713556e-04, 1.90114067e-03, 1.90114067e-03,
       1.90114067e-03, 1.90114067e-03, 6.33713556e-04, 6.33713556e-04,
       6.33713556e-04, 1.26742711e-03, 6.33713556e-04, 2.53485423e-03,
       0., 0., 1.90114067e-03, 6.33713556e-04, 6.33713556e-04,
       1.90114067e-03, 0., 0., 1.26742711e-03, 6.33713556e-04,
       2.53485423e-03, 6.33713556e-04, 0., 1.26742711e-03,
       1.26742711e-03, 6.33713556e-04, 6.33713556e-04, 1.26742711e-03,
       2.53485423e-03, 0., 0., 6.33713556e-04, 6.33713556e-04,
       1.90114067e-03, 1.90114067e-03, 0., 0., 0., 1.90114067e-03, 0.,
       6.33713556e-04, 0., 3.16856778e-03, 6.33713556e-04,
       1.90114067e-03, 3.80228134e-03, 0., 6.33713556e-04,
       1.26742711e-03, 0., 0., 6.33713556e-04, 0., 0., 6.33713556e-04,
       0., 1.26742711e-03, 2.53485423e-03, 6.33713556e-04,
       6.33713556e-04, 6.33713556e-04, 2.53485423e-03, 6.33713556e-04,
       6.33713556e-04, 1.26742711e-03, 1.90114067e-03, 1.26742711e-03,
       0., 0., 6.33713556e-04, 6.33713556e-04, 2.53485423e-03, 0.,
       2.53485423e-03, 6.33713556e-04, 2.53485423e-03, 0.,
       2.53485423e-03, 0., 6.33713556e-04, 1.26742711e-03,
       1.90114067e-03, 0., 1.90114067e-03, 0., 1.26742711e-03,
       1.90114067e-03, 1.26742711e-03, 1.90114067e-03, 1.90114067e-03,
       1.90114067e-03, 2.53485423e-03, 0., 1.26742711e-03,
       6.33713556e-04, 0., 1.90114067e-03, 1.90114067e-03,
       3.16856778e-03, 1.26742711e-03, 1.26742711e-03, 6.33713556e-04,
       0., 0., 6.33713556e-04, 1.90114067e-03, 0., 0., 4.43599466e-03,
       2.53485423e-03, 6.33713556e-04, 1.90114067e-03, 1.26742711e-03,
       2.53485423e-03, 1.26742711e-03, 2.53485423e-03, 0., 0., 0.,
       1.26742711e-03, 0., 6.33713556e-04, 3.16856778e-03,
       6.33713556e-04, 0., 1.90114067e-03, 6.33713556e-04, 0.,
       1.90114067e-03, 5.06970845e-03, 6.33713556e-04, 4.43599466e-03,
       6.33713556e-04, 0., 0., 1.90114067e-03, 2.53485423e-03,
       1.26742711e-03, 0., 2.53485423e-03, 0., 2.53485423e-03,
       6.33713556e-04, 6.33713556e-04, 6.33713556e-04, 0., 0.,
       1.90114067e-03, 1.90114067e-03, 2.53485423e-03, 3.16856778e-03,
       0., 1.90114067e-03, 4.43599466e-03, 1.90114067e-03,
       1.26742711e-03, 1.26742711e-03, 0., 1.90114067e-03, 0.,
       1.90114067e-03, 1.26742711e-03, 6.33713556e-04, 1.26742711e-03,
       0., 0., 2.53485423e-03, 2.53485423e-03, 6.33713556e-04, 0.,
       1.26742711e-03, 1.26742711e-03, 0., 0., 0., 1.90114067e-03,
       2.53485423e-03, 6.33713556e-04, 0., 0., 3.80228134e-03,
       6.33713556e-04, 6.33713556e-04, 1.90114067e-03, 1.26742711e-03,
       0., 6.33713556e-04, 1.26742711e-03, 6.33713556e-04, 0.,
       1.26742711e-03, 1.26742711e-03, 1.26742711e-03, 6.33713556e-04,
       6.33713556e-04, 1.26742711e-03, 2.53485423e-03, 0.,
       1.26742711e-03, 6.33713556e-04, 6.33713556e-04, 1.90114067e-03,
       1.26742711e-03, 0., 1.26742711e-03, 1.90114067e-03,
       6.33713556e-04, 1.26742711e-03, 1.90114067e-03, 6.33713556e-04,
       1.26742711e-03, 2.53485423e-03, 1.26742711e-03, 1.26742711e-03,
       1.90114067e-03, 6.33713556e-04, 0., 6.33713556e-04,
       6.33713556e-04, 0., 0., 1.90114067e-03, 2.53485423e-03,
       1.90114067e-03, 2.53485423e-03, 6.33713556e-04, 1.26742711e-03,
       6.33713556e-04, 6.33713556e-04, 2.53485423e-03, 0.,
       6.33713556e-04, 3.16856778e-03, 3.16856778e-03, 1.26742711e-03,
       0., 3.16856778e-03, 1.90114067e-03, 6.33713556e-04, 0.,
       2.53485423e-03, 2.53485423e-03, 3.16856778e-03, 6.33713556e-04,
       6.33713556e-04, 0., 1.90114067e-03, 6.33713556e-04,
       1.90114067e-03, 1.26742711e-03, 0., 6.33713556e-04,
       6.33713556e-04, 6.33713556e-04, 1.26742711e-03, 6.33713556e-04,
       2.53485423e-03, 0., 6.33713556e-04, 6.33713556e-04,
       1.90114067e-03, 1.90114067e-03, 0., 0., 0., 0., 0.,
       6.33713556e-04, 2.53485423e-03, 1.26742711e-03, 1.90114067e-03,
       0., 0., 1.26742711e-03, 3.80228134e-03, 1.26742711e-03, 0.,
       6.33713556e-04, 6.33713556e-04, 1.90114067e-03, 5.06970845e-03,
       4.43599466e-03, 1.26742711e-03, 1.26742711e-03, 6.33713556e-04,
       6.33713556e-04, 1.26742711e-03, 1.26742711e-03, 1.90114067e-03,
       6.33713556e-04, 1.90114067e-03, 1.90114067e-03, 1.26742711e-03,
       1.90114067e-03, 2.53485423e-03, 6.33713556e-04, 3.16856778e-03,
       2.53485423e-03, 0., 2.53485423e-03, 1.90114067e-03, 0.,
       2.53485423e-03, 2.53485423e-03, 3.16856778e-03, 2.53485423e-03,
       1.90114067e-03, 3.16856778e-03, 1.90114067e-03, 0.,
       1.90114067e-03, 0., 1.26742711e-03, 1.26742711e-03,
       2.53485423e-03, 1.26742711e-03, 1.26742711e-03, 6.33713556e-04,
       6.33713556e-04, 6.33713556e-04, 1.90114067e-03, 0.,
       3.16856778e-03, 3.16856778e-03, 1.26742711e-03, 1.26742711e-03,
       1.26742711e-03, 3.16856778e-03, 6.33713556e-04, 6.33713556e-04,
       0., 2.53485423e-03, 3.16856778e-03, 4.43599466e-03,
       6.33713556e-04, 1.26742711e-03, 2.53485423e-03, 1.90114067e-03,
       2.53485423e-03, 6.33713556e-04, 2.53485423e-03, 1.90114067e-03,
       0., 6.33713556e-04, 1.26742711e-03, 0., 1.90114067e-03,
       3.16856778e-03, 1.26742711e-03, 6.33713556e-04, 0., 0.,
       6.33713556e-04, 4.43599466e-03, 6.33713556e-04, 0.,
       6.33713556e-04, 1.90114067e-03, 6.33713556e-04, 1.26742711e-03,
       0., 1.26742711e-03, 1.90114067e-03, 1.26742711e-03,
