%YAML:1.0
m100f: !!opencv-matrix
   rows: 1
   cols: 800
   dt: f
   data: [ 2.01450451e-03, 2.01450451e-03, 8.05801770e-04,
       2.01450451e-03, 0., 8.05801770e-04, 2.01450451e-03,
       8.05801770e-04, 8.05801770e-04, 1.61160354e-03, 0.,
       1.61160354e-03, 2.01450451e-03, 8.05801770e-04, 8.05801770e-04,
       1.61160354e-03, 1.20870268e-03, 1.20870268e-03, 1.61160354e-03,
       8.05801770e-04, 2.01450451e-03, 2.41740537e-03, 4.02900885e-04,
       4.02900885e-04, 2.01450451e-03, 1.20870268e-03, 1.20870268e-03,
       1.20870268e-03, 1.20870268e-03, 0., 2.01450451e-03,
       2.01450451e-03, 1.20870268e-03, 8.05801770e-04, 2.82030622e-03,
       8.05801770e-04, 8.05801770e-04, 2.41740537e-03, 8.05801770e-04,
       8.05801770e-04, 8.05801770e-04, 2.82030622e-03, 8.05801770e-04,
       1.20870268e-03, 8.05801770e-04, 4.02900885e-04, 0.,
       1.61160354e-03, 1.61160354e-03, 1.20870268e-03, 8.05801770e-04,
       2.01450451e-03, 2.01450451e-03, 8.05801770e-04, 4.02900885e-04,
       4.02900885e-04, 3.22320708e-03, 2.41740537e-03, 0.,
       1.20870268e-03, 8.05801770e-04, 4.02900885e-04, 3.22320708e-03,
       1.20870268e-03, 1.61160354e-03, 8.05801770e-04, 2.82030622e-03,
       0., 8.05801770e-04, 2.01450451e-03, 1.20870268e-03,
       3.22320708e-03, 4.02900885e-04, 1.61160354e-03, 0.,
       2.01450451e-03, 8.05801770e-04, 1.20870268e-03, 1.20870268e-03,
       1.61160354e-03, 1.20870268e-03, 1.61160354e-03, 4.02900885e-04,
       4.02900885e-04, 4.02900885e-04, 5.23771159e-03, 8.05801770e-04,
       3.22320708e-03, 4.02900885e-04, 2.01450451e-03, 4.02900885e-04,
       8.05801770e-04, 4.02900885e-04, 1.61160354e-03, 2.01450451e-03,
       1.61160354e-03, 2.01450451e-03, 4.02900885e-04, 8.05801770e-04,
       1.61160354e-03, 1.61160354e-03, 1.20870268e-03, 1.20870268e-03,
       0., 1.20870268e-03, 4.02900885e-04, 1.61160354e-03,
       1.20870268e-03, 4.02900885e-04, 8.05801770e-04, 2.82030622e-03,
       1.61160354e-03, 2.01450451e-03, 1.20870268e-03, 1.20870268e-03,
       1.20870268e-03, 4.02900885e-04, 1.61160354e-03, 6.04351331e-03,
       5.64061245e-03, 1.61160354e-03, 8.05801770e-04, 8.05801770e-04,
       8.05801770e-04, 1.20870268e-03, 2.01450451e-03, 1.20870268e-03,
       2.82030622e-03, 0., 1.61160354e-03, 1.20870268e-03,
       4.02900885e-04, 1.20870268e-03, 0., 3.22320708e-03,
       7.25221587e-03, 4.02900885e-04, 4.02900885e-04, 1.61160354e-03,
       2.41740537e-03, 1.61160354e-03, 1.61160354e-03, 1.20870268e-03,
       2.01450451e-03, 4.02900885e-04, 2.01450451e-03, 0., 0.,
       2.01450451e-03, 8.05801770e-04, 4.02900885e-04, 1.61160354e-03,
       1.20870268e-03, 4.02900885e-04, 2.41740537e-03, 8.05801770e-04,
       2.82030622e-03, 4.02900885e-04, 1.20870268e-03, 4.02900885e-04,
       8.05801770e-04, 1.20870268e-03, 0., 8.05801770e-04, 0.,
       1.20870268e-03, 1.20870268e-03, 4.02900885e-04, 1.20870268e-03,
       0., 1.61160354e-03, 2.01450451e-03, 4.02900885e-04,
       4.02900885e-04, 1.20870268e-03, 2.01450451e-03, 8.05801770e-04,
       4.02900885e-04, 4.02900885e-04, 8.05801770e-04, 8.05801805e-03,
       0., 0., 4.02900885e-04, 4.02900885e-04, 1.20870268e-03,
       8.05801770e-04, 1.20870268e-03, 8.05801770e-04, 1.61160354e-03,
       1.20870268e-03, 1.20870268e-03, 1.61160354e-03, 1.61160354e-03,
       2.41740537e-03, 1.61160354e-03, 4.02900885e-04, 8.05801770e-04,
       1.20870268e-03, 4.02900885e-04, 8.05801770e-04, 8.05801770e-04,
       2.01450451e-03, 0., 1.20870268e-03, 3.22320708e-03,
       1.61160354e-03, 4.02900885e-04, 8.05801770e-04, 1.20870268e-03,
       0., 1.20870268e-03, 1.61160354e-03, 2.41740537e-03,
       2.01450451e-03, 1.61160354e-03, 8.05801770e-04, 3.62610794e-03,
       2.41740537e-03, 4.02900885e-04, 2.82030622e-03, 2.41740537e-03,
       1.20870268e-03, 0., 4.02900885e-04, 1.20870268e-03,
       1.61160354e-03, 1.20870268e-03, 2.01450451e-03, 2.41740537e-03,
       1.20870268e-03, 4.02900885e-04, 4.02900885e-04, 1.61160354e-03,
       4.02900885e-04, 2.82030622e-03, 1.20870268e-03, 8.05801770e-04,
       2.41740537e-03, 2.82030622e-03, 1.20870268e-03, 1.61160354e-03,
       2.41740537e-03, 1.61160354e-03, 4.02900885e-04, 0.,
       4.83481074e-03, 1.61160354e-03, 1.20870268e-03, 4.02900885e-04,
       2.01450451e-03, 1.20870268e-03, 8.05801770e-04, 2.82030622e-03,
       8.05801770e-04, 8.05801770e-04, 0., 8.05801770e-04,
       2.01450451e-03, 8.05801770e-04, 1.20870268e-03, 1.20870268e-03,
       2.41740537e-03, 1.20870268e-03, 4.02900885e-04, 1.61160354e-03,
       2.41740537e-03, 8.05801770e-04, 2.41740537e-03, 8.05801770e-04,
       3.62610794e-03, 1.20870268e-03, 2.01450451e-03, 2.41740537e-03,
       1.20870268e-03, 2.41740537e-03, 8.05801770e-04, 1.20870268e-03,
       8.05801770e-04, 8.05801770e-04, 3.62610794e-03, 1.20870268e-03,
       4.02900885e-04, 2.01450451e-03, 8.05801770e-04, 1.20870268e-03,
       1.20870268e-03, 8.05801770e-04, 8.05801770e-04, 4.02900885e-04,
       8.05801770e-04, 8.05801770e-04, 0., 8.05801770e-04,
       1.61160354e-03, 8.05801770e-04, 2.01450451e-03, 1.20870268e-03,
       1.20870268e-03, 8.05801770e-04, 1.20870268e-03, 8.05801770e-04,
       8.05801770e-04, 1.20870268e-03, 1.61160354e-03, 1.61160354e-03,
       0., 4.02900885e-04, 0., 1.20870268e-03, 1.61160354e-03,
       2.01450451e-03, 8.05801770e-04, 2.01450451e-03, 2.01450451e-03,
       4.02900885e-04, 0., 1.20870268e-03, 2.01450451e-03,
       1.61160354e-03, 8.05801770e-04, 0., 8.05801770e-04,
       2.41740537e-03, 8.05801770e-04, 8.05801770e-04, 4.02900885e-04,
       2.01450451e-03, 8.05801770e-04, 2.41740537e-03, 4.02900885e-04,
       0., 2.82030622e-03, 1.20870268e-03, 8.05801770e-04, 0.,
       1.20870268e-03, 2.01450451e-03, 1.61160354e-03, 1.20870268e-03,
       8.05801770e-04, 8.05801770e-04, 2.82030622e-03, 4.02900885e-04,
       1.20870268e-03, 3.62610794e-03, 0., 2.01450451e-03,
       4.02900885e-04, 4.02900885e-04, 1.20870268e-03, 1.20870268e-03,
       1.61160354e-03, 2.82030622e-03, 4.02900903e-03, 8.05801770e-04,
       4.02900885e-04, 2.01450451e-03, 2.41740537e-03, 2.01450451e-03,
       1.61160354e-03, 4.02900885e-04, 1.20870268e-03, 2.01450451e-03,
       4.02900885e-04, 8.05801770e-04, 0., 8.05801770e-04,
       2.41740537e-03, 1.20870268e-03, 8.05801770e-04, 1.20870268e-03,
       1.61160354e-03, 4.02900885e-04, 8.05801770e-04, 2.82030622e-03,
       1.20870268e-03, 0., 7.65511673e-03, 0., 1.61160354e-03,
       1.20870268e-03, 8.05801770e-04, 1.20870268e-03, 2.82030622e-03,
       2.01450451e-03, 8.05801770e-04, 2.01450451e-03, 1.61160354e-03,
       4.02900885e-04, 2.41740537e-03, 2.41740537e-03, 8.05801770e-04,
       6.04351331e-03, 2.41740537e-03, 8.05801770e-04, 2.01450451e-03,
       1.61160354e-03, 0., 4.02900885e-04, 4.02900885e-04, 0.,
       4.02900885e-04, 2.41740537e-03, 8.05801770e-04, 2.01450451e-03,
       1.61160354e-03, 1.61160354e-03, 2.41740537e-03, 1.20870268e-03,
       1.61160354e-03, 4.02900885e-04, 1.20870268e-03, 2.01450451e-03,
       4.02900885e-04, 3.62610794e-03, 0., 4.02900885e-04, 0.,
       1.20870268e-03, 1.61160354e-03, 4.02900885e-04, 8.05801770e-04,
       1.61160354e-03, 4.02900885e-04, 1.61160354e-03, 4.02900885e-04,
       2.41740537e-03, 4.02900885e-04, 8.05801770e-04, 1.20870268e-03,
       2.41740537e-03, 2.01450451e-03, 4.02900885e-04, 2.01450451e-03,
       1.20870268e-03, 1.61160354e-03, 1.61160354e-03, 2.01450451e-03,
       4.02900885e-04, 1.20870268e-03, 2.01450451e-03, 1.20870268e-03,
       0., 8.05801770e-04, 1.20870268e-03, 3.22320708e-03,
       1.20870268e-03, 8.05801770e-04, 8.05801770e-04, 0.,
       8.05801770e-04, 8.05801770e-04, 1.20870268e-03, 1.20870268e-03,
       2.01450451e-03, 1.20870268e-03, 8.05801770e-04, 1.20870268e-03,
       1.20870268e-03, 8.05801770e-04, 1.20870268e-03, 2.82030622e-03,
       4.02900885e-04, 4.02900885e-04, 1.20870268e-03, 0.,
       8.05801770e-04, 1.20870268e-03, 1.20870268e-03, 1.61160354e-03,
