%YAML:1.0
m100f: !!opencv-matrix
   rows: 1
   cols: 800
   dt: f
   data: [ 1.07181130e-03, 1.07181130e-03, 0., 2.14362261e-03,
       1.07181130e-03, 5.35905641e-03, 0., 4.28724522e-03, 0.,
       5.35905641e-03, 2.14362261e-03, 1.07181130e-03, 0.,
       1.07181130e-03, 1.07181130e-03, 2.14362261e-03, 0.,
       1.07181130e-03, 0., 1.07181130e-03, 0., 1.07181130e-03, 0., 0.,
       2.14362261e-03, 1.07181130e-03, 1.07181130e-03, 1.07181130e-03,
       2.14362261e-03, 0., 1.07181130e-03, 2.14362261e-03, 0., 0.,
       3.21543403e-03, 1.07181130e-03, 0., 0., 4.28724522e-03,
       1.07181130e-03, 1.07181130e-03, 1.07181130e-03, 0.,
       4.28724522e-03, 3.21543403e-03, 4.28724522e-03, 0.,
       2.14362261e-03, 0., 2.14362261e-03, 0., 1.07181130e-03,
       4.28724522e-03, 3.21543403e-03, 0., 2.14362261e-03, 0.,
       2.14362261e-03, 0., 4.28724522e-03, 1.07181130e-03, 0.,
       1.07181130e-03, 3.21543403e-03, 0., 1.07181130e-03,
       2.14362261e-03, 0., 3.21543403e-03, 3.21543403e-03,
       1.07181130e-03, 1.07181130e-03, 0., 7.50267925e-03, 0.,
       1.07181130e-03, 2.14362261e-03, 5.35905641e-03, 0.,
       2.14362261e-03, 2.14362261e-03, 3.21543403e-03, 0.,
       2.14362261e-03, 1.07181130e-03, 1.07181130e-03, 1.07181130e-03,
       1.07181130e-03, 3.21543403e-03, 0., 0., 0., 1.07181130e-03,
       1.07181130e-03, 0., 3.21543403e-03, 1.07181130e-03,
       1.07181130e-03, 1.07181130e-03, 4.28724522e-03, 3.21543403e-03,
       1.07181130e-03, 0., 3.21543403e-03, 2.14362261e-03, 0.,
       1.07181130e-03, 1.07181130e-03, 1.07181130e-03, 0.,
       1.07181130e-03, 1.07181130e-03, 0., 2.14362261e-03,
       2.14362261e-03, 5.35905641e-03, 0., 0., 0., 1.07181130e-03,
       1.07181130e-03, 1.07181130e-03, 0., 3.21543403e-03,
       2.14362261e-03, 1.07181130e-03, 4.28724522e-03, 0., 0.,
       2.14362261e-03, 2.14362261e-03, 5.35905641e-03, 1.07181130e-03,
       0., 1.07181130e-03, 0., 0., 1.07181130e-03, 1.07181130e-03,
       2.14362261e-03, 0., 0., 2.14362261e-03, 1.07181130e-03, 0., 0.,
       0., 0., 1.07181130e-03, 0., 1.07181130e-03, 2.14362261e-03,
       1.07181130e-03, 0., 1.07181130e-03, 0., 0., 1.07181130e-03,
       1.07181130e-03, 7.50267925e-03, 1.07181130e-03, 1.07181130e-03,
       5.35905641e-03, 5.35905641e-03, 3.21543403e-03, 1.07181130e-03,
       2.14362261e-03, 1.07181130e-03, 2.14362261e-03, 0.,
       1.07181130e-03, 0., 0., 0., 0., 0., 0., 2.14362261e-03, 0., 0.,
       0., 1.07181130e-03, 0., 2.14362261e-03, 2.14362261e-03, 0.,
       2.14362261e-03, 1.07181130e-03, 0., 0., 0., 2.14362261e-03,
       1.07181130e-03, 1.07181130e-03, 3.21543403e-03, 1.07181130e-03,
       1.07181130e-03, 2.14362261e-03, 0., 0., 0., 0., 0.,
       1.07181130e-03, 4.28724522e-03, 1.07181130e-03, 1.07181130e-03,
       2.14362261e-03, 1.07181130e-03, 2.14362261e-03, 1.07181130e-03,
       0., 1.07181130e-03, 0., 1.07181130e-03, 1.07181130e-03,
       4.28724522e-03, 2.14362261e-03, 4.28724522e-03, 2.14362261e-03,
       1.07181130e-03, 2.14362261e-03, 0., 0., 0., 3.21543403e-03,
       1.07181130e-03, 0., 1.07181130e-03, 0., 0., 0., 3.21543403e-03,
       0., 1.07181130e-03, 1.07181130e-03, 5.35905641e-03,
       1.07181130e-03, 0., 0., 1.07181130e-03, 1.07181130e-03,
       2.14362261e-03, 3.21543403e-03, 0., 1.07181130e-03,
       5.35905641e-03, 1.07181130e-03, 1.07181130e-03, 2.14362261e-03,
       0., 0., 0., 0., 3.21543403e-03, 3.21543403e-03, 0.,
       1.07181130e-03, 1.07181130e-03, 1.07181130e-03, 1.07181130e-03,
       0., 6.43086806e-03, 0., 0., 0., 0., 1.07181130e-03, 0.,
       2.14362261e-03, 0., 0., 3.21543403e-03, 0., 2.14362261e-03, 0.,
       0., 3.21543403e-03, 2.14362261e-03, 0., 0., 0., 1.07181130e-03,
       0., 2.14362261e-03, 0., 3.21543403e-03, 1.07181130e-03,
       1.07181130e-03, 0., 3.21543403e-03, 1.07181130e-03, 0., 0., 0.,
       8.57449044e-03, 2.14362261e-03, 1.07181130e-03, 0.,
       4.28724522e-03, 1.07181130e-03, 2.14362261e-03, 0.,
       1.07181130e-03, 0., 1.07181130e-03, 1.07181130e-03, 0., 0.,
       1.07181130e-03, 1.07181128e-02, 0., 0., 3.21543403e-03,
       1.07181130e-03, 2.14362261e-03, 0., 2.14362261e-03,
       1.07181130e-03, 2.14362261e-03, 2.14362261e-03, 1.07181130e-03,
       0., 0., 6.43086806e-03, 1.07181130e-03, 0., 1.07181130e-03,
       3.21543403e-03, 0., 1.07181130e-03, 2.14362261e-03, 0.,
       1.07181130e-03, 0., 2.14362261e-03, 2.14362261e-03,
       1.07181130e-03, 0., 1.07181130e-03, 1.07181130e-03,
       1.07181130e-03, 1.07181130e-03, 0., 0., 1.07181130e-03, 0., 0.,
       1.07181130e-03, 0., 2.14362261e-03, 1.07181130e-03, 0.,
       2.14362261e-03, 1.07181130e-03, 0., 0., 1.07181130e-03, 0., 0.,
       0., 1.07181130e-03, 0., 0., 0., 0., 3.21543403e-03,
       2.14362261e-03, 2.14362261e-03, 0., 1.07181130e-03,
       1.07181130e-03, 3.21543403e-03, 1.07181130e-03, 0., 0., 0., 0.,
       1.07181130e-03, 1.07181130e-03, 0., 0., 6.43086806e-03, 0.,
       2.14362261e-03, 0., 1.07181130e-03, 1.07181130e-03,
       2.14362261e-03, 2.14362261e-03, 0., 0., 1.07181130e-03,
       1.07181130e-03, 0., 1.07181130e-03, 1.07181130e-03,
       1.07181130e-03, 1.07181130e-03, 2.14362261e-03, 0.,
       1.07181130e-03, 0., 0., 1.07181130e-03, 0., 1.07181130e-03,
       2.14362261e-03, 1.07181130e-03, 1.07181130e-03, 0.,
       2.14362261e-03, 0., 0., 1.07181130e-03, 1.07181130e-03, 0.,
       3.21543403e-03, 0., 1.07181130e-03, 0., 0., 1.07181130e-03, 0.,
       0., 5.35905641e-03, 1.07181130e-03, 0., 2.14362261e-03,
       5.35905641e-03, 0., 0., 1.07181130e-03, 0., 0., 1.28617361e-02,
       1.07181130e-03, 0., 0., 3.21543403e-03, 0., 1.07181130e-03,
       1.07181130e-03, 0., 0., 3.21543403e-03, 4.28724522e-03,
       4.28724522e-03, 0., 2.14362261e-03, 1.07181130e-03, 0.,
       1.07181130e-03, 0., 2.14362261e-03, 1.07181130e-03,
       1.07181130e-03, 0., 0., 0., 0., 1.07181130e-03, 3.21543403e-03,
       1.07181130e-03, 0., 2.14362261e-03, 2.14362261e-03, 0.,
       1.07181130e-03, 0., 0., 0., 1.07181130e-03, 1.07181130e-03, 0.,
       0., 1.07181130e-03, 0., 0., 1.07181130e-03, 2.14362261e-03,
       2.14362261e-03, 0., 0., 1.07181130e-03, 2.14362261e-03,
       1.07181130e-03, 1.07181130e-03, 2.14362261e-03, 1.07181130e-03,
       0., 0., 0., 1.07181130e-03, 1.07181130e-03, 1.07181130e-03,
       1.07181130e-03, 1.07181130e-03, 0., 1.07181130e-03,
       1.07181130e-03, 4.28724522e-03, 0., 0., 1.07181130e-03,
       8.57449044e-03, 0., 0., 3.21543403e-03, 7.50267925e-03, 0.,
       1.07181130e-03, 0., 1.07181130e-03, 1.07181130e-03,
       1.07181130e-03, 1.07181130e-03, 2.14362261e-03, 0.,
       2.14362261e-03, 1.07181130e-03, 1.07181130e-03, 0.,
       2.14362261e-03, 2.14362261e-03, 1.07181130e-03, 0.,
       1.07181130e-03, 0., 1.07181130e-03, 0., 1.07181130e-03, 0.,
       2.14362261e-03, 2.14362261e-03, 1.07181130e-03, 1.07181130e-03,
       4.28724522e-03, 1.07181130e-03, 2.14362261e-03, 2.14362261e-03,
       1.07181130e-03, 0., 0., 1.07181130e-03, 0., 0., 1.07181130e-03,
       0., 2.14362261e-03, 0., 3.21543403e-03, 0., 1.07181130e-03, 0.,
       1.07181130e-03, 2.14362261e-03, 1.07181130e-03, 2.14362261e-03,
       1.07181130e-03, 0., 3.21543403e-03, 2.14362261e-03,
       1.07181130e-03, 1.07181130e-03, 1.07181130e-03, 3.21543403e-03,
       5.35905641e-03, 3.21543403e-03, 2.14362261e-03, 0., 0., 0.,
       3.21543403e-03, 0., 2.14362261e-03, 2.14362261e-03, 0., 0., 0.,
       3.21543403e-03, 0., 0., 2.14362261e-03, 6.43086806e-03, 0., 0.,
       3.21543403e-03, 1.07181130e-03, 1.07181130e-03, 0., 0.,
       4.28724522e-03, 2.14362261e-03, 1.07181130e-03, 0., 0., 0.,
       3.21543403e-03, 1.07181130e-03, 0., 0., 2.14362261e-03, 0.,
       3.21543403e-03, 0., 3.21543403e-03, 2.14362261e-03,
       1.07181130e-03, 0., 0., 4.28724522e-03, 0., 0., 1.07181130e-03,
       1.07181130e-03, 3.21543403e-03, 0., 1.07181130e-03, 0.,
       3.21543403e-03, 1.07181130e-03, 0., 2.14362261e-03,
       3.21543403e-03, 0., 0., 0., 0., 1.07181130e-03, 0., 0.,
