%YAML:1.0
m100f: !!opencv-matrix
   rows: 1
   cols: 800
   dt: f
   data: [ 3.62187624e-04, 1.81093812e-03, 7.24375248e-04,
       1.44875050e-03, 0., 1.08656287e-03, 7.24375248e-04,
       1.08656287e-03, 3.62187624e-04, 3.62187624e-04, 0.,
       7.24375248e-04, 3.62187624e-04, 1.08656287e-03, 3.62187624e-04,
       1.44875050e-03, 3.62187624e-04, 2.17312574e-03, 3.62187624e-04,
       1.08656287e-03, 7.24375248e-04, 1.44875050e-03, 1.44875050e-03,
       7.24375248e-04, 7.24375248e-04, 1.08656287e-03, 1.81093812e-03,
       7.24375248e-04, 0., 1.44875050e-03, 1.44875050e-03,
       7.24375248e-04, 1.81093812e-03, 1.08656287e-03, 7.24375248e-04,
       0., 2.17312574e-03, 1.81093812e-03, 7.24375248e-04,
       1.08656287e-03, 0., 3.62187624e-04, 1.81093812e-03,
       1.44875050e-03, 7.24375248e-04, 3.62187624e-04, 1.08656287e-03,
       1.44875050e-03, 7.24375248e-04, 7.24375248e-04, 1.44875050e-03,
       3.62187624e-04, 1.08656287e-03, 7.24375248e-04, 1.08656287e-03,
       1.81093812e-03, 4.70843911e-03, 1.44875050e-03, 1.81093812e-03,
       1.08656287e-03, 3.62187624e-04, 1.44875050e-03, 7.24375248e-04,
       7.24375248e-04, 1.08656287e-03, 1.08656287e-03, 1.44875050e-03,
       1.81093812e-03, 3.62187624e-04, 3.98406386e-03, 3.62187624e-04,
       1.44875050e-03, 1.44875050e-03, 3.62187624e-04, 3.62187624e-03,
       1.08656287e-03, 3.62187624e-03, 1.44875050e-03, 1.44875050e-03,
       3.98406386e-03, 0., 1.08656287e-03, 1.44875050e-03,
       7.24375248e-04, 3.62187624e-04, 0., 1.08656287e-03,
       3.62187624e-03, 7.24375248e-04, 2.17312574e-03, 1.08656287e-03,
       1.08656287e-03, 1.81093812e-03, 1.08656287e-03, 3.25968862e-03,
       7.24375248e-04, 1.44875050e-03, 3.62187624e-04, 7.24375248e-04,
       0., 7.24375248e-04, 3.62187624e-04, 2.53531337e-03,
       3.62187624e-04, 1.08656287e-03, 7.24375248e-04, 7.24375248e-04,
       1.81093812e-03, 7.24375248e-04, 7.24375248e-04, 7.24375248e-04,
       1.81093812e-03, 2.17312574e-03, 1.08656287e-03, 1.08656287e-03,
       2.17312574e-03, 3.62187624e-04, 1.08656287e-03, 2.53531337e-03,
       3.98406386e-03, 1.81093812e-03, 1.44875050e-03, 1.81093812e-03,
       0., 1.44875050e-03, 1.08656287e-03, 7.24375248e-04,
       7.24375248e-04, 7.24375248e-04, 1.44875050e-03, 7.24375248e-04,
       3.25968862e-03, 1.08656287e-03, 1.08656287e-03, 7.24375248e-04,
       3.98406386e-03, 1.08656287e-03, 0., 2.53531337e-03,
       1.08656287e-03, 7.24375248e-04, 2.89750099e-03, 3.25968862e-03,
       3.62187624e-04, 3.62187624e-04, 7.24375248e-04, 1.08656287e-03,
       1.44875050e-03, 1.08656287e-03, 7.24375248e-04, 7.24375248e-04,
       2.53531337e-03, 1.08656287e-03, 7.24375248e-04, 1.44875050e-03,
       3.62187624e-04, 1.08656287e-03, 2.17312574e-03, 1.08656287e-03,
       0., 1.08656287e-03, 1.81093812e-03, 1.44875050e-03,
       2.17312574e-03, 1.44875050e-03, 2.89750099e-03, 1.44875050e-03,
       3.62187624e-04, 0., 1.44875050e-03, 1.81093812e-03,
       1.08656287e-03, 1.44875050e-03, 3.62187624e-04, 1.08656287e-03,
       3.62187624e-04, 7.24375248e-04, 3.62187624e-04, 1.08656287e-03,
       2.17312574e-03, 3.25968862e-03, 2.17312574e-03, 2.53531337e-03,
       7.24375248e-04, 7.24375248e-04, 7.24375248e-04, 3.62187624e-04,
       1.08656287e-03, 3.62187624e-04, 3.62187624e-04, 2.17312574e-03,
       0., 2.17312574e-03, 0., 3.62187624e-04, 2.89750099e-03,
       7.24375248e-04, 7.24375248e-04, 7.24375248e-04, 1.81093812e-03,
       2.17312574e-03, 7.24375248e-04, 2.89750099e-03, 3.62187624e-04,
       3.62187624e-04, 3.62187624e-03, 1.81093812e-03, 3.62187624e-04,
       3.62187624e-04, 0., 7.24375248e-04, 1.81093812e-03,
       3.62187624e-04, 1.44875050e-03, 3.62187624e-04, 1.81093812e-03,
       3.62187624e-04, 3.62187624e-04, 2.53531337e-03, 1.08656287e-03,
       7.24375248e-04, 1.44875050e-03, 1.81093812e-03, 1.08656287e-03,
       3.62187624e-04, 7.24375248e-04, 1.08656287e-03, 2.17312574e-03,
       1.08656287e-03, 2.17312574e-03, 2.89750099e-03, 1.81093812e-03,
       1.08656287e-03, 3.62187624e-04, 1.08656287e-03, 1.81093812e-03,
       1.08656287e-03, 7.24375248e-04, 0., 1.08656287e-03,
       1.44875050e-03, 7.24375248e-04, 1.81093812e-03, 2.53531337e-03,
       3.62187624e-04, 1.81093812e-03, 5.07062674e-03, 7.24375248e-04,
       1.08656287e-03, 7.24375248e-04, 1.08656287e-03, 1.81093812e-03,
       0., 1.44875050e-03, 3.62187624e-04, 7.24375248e-04,
       3.62187624e-04, 7.24375248e-04, 1.08656287e-03, 1.08656287e-03,
       1.44875050e-03, 7.24375248e-04, 0., 7.24375248e-04,
       7.24375248e-04, 7.24375248e-04, 3.62187624e-04, 1.08656287e-03,
       7.24375248e-04, 1.81093812e-03, 1.08656287e-03, 1.44875050e-03,
       1.08656287e-03, 1.81093812e-03, 1.08656287e-03, 2.17312574e-03,
       1.44875050e-03, 1.08656287e-03, 7.24375248e-04, 7.24375248e-04,
       1.81093812e-03, 2.17312574e-03, 7.24375248e-04, 1.08656287e-03,
       7.24375248e-04, 1.08656287e-03, 1.08656287e-03, 7.24375248e-04,
       2.53531337e-03, 7.24375248e-04, 1.08656287e-03, 1.08656287e-03,
       7.24375248e-04, 3.62187624e-04, 1.44875050e-03, 7.24375248e-04,
       1.08656287e-03, 3.62187624e-04, 1.08656287e-03, 1.44875050e-03,
       1.08656287e-03, 3.62187624e-04, 7.24375248e-04, 0.,
       2.17312574e-03, 7.24375248e-04, 1.81093812e-03, 1.08656287e-03,
       1.44875050e-03, 3.25968862e-03, 2.53531337e-03, 0.,
       2.89750099e-03, 1.44875050e-03, 7.24375248e-04, 1.08656287e-03,
       1.44875050e-03, 3.62187624e-04, 1.81093812e-03, 1.81093812e-03,
       1.08656287e-03, 1.44875050e-03, 3.62187624e-04, 1.08656287e-03,
       7.24375248e-04, 1.81093812e-03, 1.44875050e-03, 7.24375248e-04,
       2.53531337e-03, 1.08656287e-03, 3.62187624e-04, 1.44875050e-03,
       2.53531337e-03, 3.62187624e-03, 1.44875050e-03, 0.,
       1.44875050e-03, 7.24375248e-04, 1.81093812e-03, 7.24375248e-04,
       1.08656287e-03, 2.17312574e-03, 2.17312574e-03, 3.62187624e-04,
       3.62187624e-03, 1.81093812e-03, 7.24375248e-04, 7.24375248e-04,
       7.24375248e-04, 1.08656287e-03, 1.08656287e-03, 3.62187624e-04,
       3.62187624e-04, 2.53531337e-03, 2.53531337e-03, 7.24375248e-04,
       3.62187624e-04, 3.62187624e-04, 7.24375248e-04, 3.98406386e-03,
       7.24375248e-04, 1.81093812e-03, 5.07062674e-03, 7.24375248e-04,
       1.81093812e-03, 2.17312574e-03, 3.62187624e-04, 2.17312574e-03,
       2.89750099e-03, 2.17312574e-03, 6.51937723e-03, 1.81093812e-03,
       1.44875050e-03, 7.24375248e-04, 1.81093812e-03, 2.53531337e-03,
       1.08656287e-03, 1.08656287e-03, 1.08656287e-03, 3.62187624e-04,
       1.44875050e-03, 7.24375248e-04, 7.24375248e-04, 1.81093812e-03,
       1.81093812e-03, 0., 1.81093812e-03, 0., 1.08656287e-03,
       1.44875050e-03, 1.44875050e-03, 1.44875050e-03, 1.44875050e-03,
       4.70843911e-03, 3.62187624e-04, 0., 7.24375248e-04,
       2.53531337e-03, 7.24375248e-04, 2.53531337e-03, 1.44875050e-03,
       3.62187624e-04, 1.08656287e-03, 1.44875050e-03, 0.,
       7.24375248e-04, 7.24375248e-04, 1.81093812e-03, 3.62187624e-04,
       3.62187624e-04, 2.89750099e-03, 3.62187624e-03, 2.17312574e-03,
       1.08656287e-03, 1.08656287e-03, 2.17312574e-03, 1.81093812e-03,
       1.08656287e-03, 1.44875050e-03, 1.81093812e-03, 1.08656287e-03,
       3.62187624e-04, 3.62187624e-04, 3.25968862e-03, 3.62187624e-04,
       3.62187624e-04, 1.44875050e-03, 1.44875050e-03, 3.62187624e-04,
       7.24375248e-04, 1.44875050e-03, 1.44875050e-03, 3.62187624e-04,
       7.24375248e-04, 1.08656287e-03, 3.62187624e-04, 1.81093812e-03,
       1.08656287e-03, 3.62187624e-04, 7.24375248e-04, 1.44875050e-03,
       1.81093812e-03, 2.89750099e-03, 1.08656287e-03, 3.62187624e-04,
       1.44875050e-03, 5.07062674e-03, 0., 0., 1.81093812e-03, 0.,
       2.17312574e-03, 1.44875050e-03, 3.62187624e-04, 2.17312574e-03,
       2.89750099e-03, 3.62187624e-04, 1.44875050e-03, 1.81093812e-03,
       7.24375248e-04, 7.24375248e-04, 7.24375248e-04, 1.81093812e-03,
