%YAML:1.0
m100f: !!opencv-matrix
   rows: 1
   cols: 800
   dt: f
   data: [ 1.48221350e-03, 9.88142332e-04, 9.88142332e-04,
       4.94071166e-04, 4.94071166e-04, 0., 2.47035595e-03,
       9.88142332e-04, 1.48221350e-03, 1.48221350e-03, 9.88142332e-04,
       9.88142332e-04, 0., 1.97628466e-03, 9.88142332e-04, 0.,
       1.48221350e-03, 4.94071166e-04, 4.94071166e-04, 2.96442700e-03,
       2.96442700e-03, 2.47035595e-03, 9.88142332e-04, 9.88142332e-04,
       1.97628466e-03, 1.48221350e-03, 3.45849805e-03, 0.,
       4.94071166e-04, 9.88142332e-04, 9.88142332e-04, 4.94071166e-04,
       1.48221350e-03, 1.48221350e-03, 9.88142332e-04, 1.97628466e-03,
       1.97628466e-03, 2.47035595e-03, 2.96442700e-03, 0., 0.,
       9.88142332e-04, 4.94071166e-04, 0., 2.96442700e-03, 0.,
       1.48221350e-03, 2.96442700e-03, 1.97628466e-03, 4.94071166e-04,
       1.97628466e-03, 9.88142332e-04, 9.88142332e-04, 4.94071166e-04,
       1.97628466e-03, 0., 1.48221350e-03, 1.48221350e-03, 0.,
       2.96442700e-03, 4.94071166e-04, 4.94071166e-04, 1.48221350e-03,
       2.96442700e-03, 1.97628466e-03, 0., 2.47035595e-03,
       1.48221350e-03, 0., 0., 5.43478271e-03, 2.96442700e-03,
       1.97628466e-03, 9.88142332e-04, 9.88142332e-04, 9.88142332e-04,
       0., 9.88142332e-04, 2.47035595e-03, 0., 4.94071166e-04,
       4.94071166e-04, 4.94071166e-04, 2.96442700e-03, 0.,
       9.88142332e-04, 1.97628466e-03, 9.88142332e-04, 9.88142332e-04,
       4.94071166e-04, 4.94071166e-04, 0., 1.48221350e-03,
       9.88142332e-04, 4.94071166e-04, 4.94071166e-04, 9.88142332e-04,
       0., 4.94071166e-04, 0., 9.88142332e-04, 9.88142332e-04,
       3.45849805e-03, 1.97628466e-03, 0., 9.88142332e-04,
       9.88142332e-04, 9.88142332e-04, 1.97628466e-03, 4.94071166e-04,
       2.47035595e-03, 9.88142332e-04, 4.94071166e-04, 9.88142332e-04,
       3.45849805e-03, 0., 0., 9.88142332e-04, 1.48221350e-03,
       9.88142332e-04, 0., 4.94071166e-04, 6.42292527e-03,
       1.48221350e-03, 4.94071166e-04, 4.94071166e-04, 9.88142332e-04,
       1.97628466e-03, 1.97628466e-03, 4.94071166e-04, 4.94071166e-04,
       4.94071166e-04, 1.48221350e-03, 0., 4.94071166e-04,
       1.97628466e-03, 1.48221350e-03, 4.94071166e-04, 2.47035595e-03,
       4.94071166e-04, 4.94071166e-04, 2.47035595e-03, 1.97628466e-03,
       4.94071166e-04, 4.94071166e-04, 9.88142332e-04, 1.97628466e-03,
       9.88142332e-04, 0., 1.97628466e-03, 2.47035595e-03,
       4.94071166e-04, 0., 4.94071166e-04, 3.95256933e-03,
       4.94071166e-04, 0., 9.88142332e-04, 3.45849805e-03,
       4.94071166e-04, 1.48221350e-03, 0., 1.97628466e-03,
       1.48221350e-03, 0., 9.88142332e-04, 4.94071166e-04,
       9.88142332e-04, 9.88142332e-04, 9.88142332e-04, 9.88142332e-04,
       3.95256933e-03, 4.94071166e-04, 1.97628466e-03, 9.88142332e-04,
       9.88142332e-04, 4.94071166e-04, 4.44664061e-03, 5.92885399e-03,
       4.94071166e-04, 1.48221350e-03, 0., 0., 9.88142332e-04,
       9.88142332e-04, 4.94071166e-04, 0., 0., 4.94071166e-04,
       3.45849805e-03, 0., 9.88142332e-04, 4.94071166e-04,
       1.48221350e-03, 9.88142332e-04, 2.47035595e-03, 4.94071166e-04,
       4.94071166e-04, 4.94071166e-04, 9.88142332e-04, 1.48221350e-03,
       4.94071166e-04, 4.94071166e-04, 4.94071166e-04, 9.88142332e-04,
       4.94071166e-04, 4.94071166e-04, 2.47035595e-03, 4.94071166e-04,
       1.97628466e-03, 4.94071166e-04, 2.47035595e-03, 0.,
       1.97628466e-03, 0., 9.88142332e-04, 9.88142332e-04,
       4.94071166e-04, 2.47035595e-03, 2.47035595e-03, 1.48221350e-03,
       2.47035595e-03, 9.88142332e-04, 4.94071166e-04, 9.88142332e-04,
       0., 3.45849805e-03, 1.97628466e-03, 9.88142332e-04,
       2.47035595e-03, 1.48221350e-03, 4.94071166e-04, 0.,
       3.45849805e-03, 1.97628466e-03, 9.88142332e-04, 9.88142332e-04,
       2.47035595e-03, 4.94071166e-04, 9.88142332e-04, 1.48221350e-03,
       1.48221350e-03, 2.47035595e-03, 2.96442700e-03, 1.48221350e-03,
       9.88142332e-04, 4.94071189e-03, 9.88142332e-04, 0.,
       9.88142332e-04, 1.97628466e-03, 9.88142332e-04, 1.97628466e-03,
       0., 1.97628466e-03, 2.47035595e-03, 9.88142332e-04,
       9.88142332e-04, 0., 4.94071189e-03, 1.48221350e-03,
       1.48221350e-03, 1.48221350e-03, 0., 2.96442700e-03,
       1.48221350e-03, 2.96442700e-03, 9.88142332e-04, 9.88142332e-04,
       9.88142332e-04, 9.88142332e-04, 0., 1.48221350e-03,
       1.48221350e-03, 4.94071166e-04, 9.88142332e-04, 1.97628466e-03,
       9.88142332e-04, 1.48221350e-03, 1.48221350e-03, 4.94071166e-04,
       9.88142332e-04, 1.48221350e-03, 0., 1.97628466e-03,
       6.91699609e-03, 2.96442700e-03, 4.94071166e-04, 0.,
       4.94071166e-04, 3.95256933e-03, 3.45849805e-03, 9.88142332e-04,
       1.48221350e-03, 1.48221350e-03, 3.95256933e-03, 1.48221350e-03,
       2.47035595e-03, 1.48221350e-03, 9.88142332e-04, 9.88142332e-04,
       1.97628466e-03, 2.47035595e-03, 2.47035595e-03, 9.88142332e-04,
       0., 1.48221350e-03, 4.94071166e-04, 0., 0., 3.95256933e-03,
       4.94071166e-04, 9.88142332e-04, 0., 0., 9.88142332e-04,
       2.96442700e-03, 3.45849805e-03, 4.94071166e-04, 4.94071166e-04,
       9.88142332e-04, 2.47035595e-03, 4.94071166e-04, 9.88142332e-04,
       4.94071166e-04, 0., 2.47035595e-03, 9.88142332e-04,
       2.96442700e-03, 4.94071166e-04, 1.48221350e-03, 0.,
       9.88142332e-04, 0., 0., 1.48221350e-03, 2.96442700e-03,
       9.88142332e-04, 1.97628466e-03, 4.94071166e-04, 9.88142332e-04,
       1.48221350e-03, 1.48221350e-03, 4.94071166e-04, 4.94071166e-04,
       1.97628466e-03, 3.45849805e-03, 2.47035595e-03, 1.97628466e-03,
       0., 0., 4.94071166e-04, 0., 3.45849805e-03, 2.47035595e-03, 0.,
       2.47035595e-03, 9.88142332e-04, 1.97628466e-03, 4.94071166e-04,
       9.88142332e-04, 2.47035595e-03, 4.94071166e-04, 1.48221350e-03,
       9.88142332e-04, 0., 1.97628466e-03, 9.88142332e-04,
       1.97628466e-03, 2.47035595e-03, 3.45849805e-03, 2.96442700e-03,
       9.88142332e-04, 9.88142332e-04, 9.88142332e-04, 4.94071166e-04,
       1.48221350e-03, 9.88142332e-04, 4.94071166e-04, 3.45849805e-03,
       2.47035595e-03, 1.97628466e-03, 1.97628466e-03, 2.47035595e-03,
       9.88142332e-04, 1.48221350e-03, 0., 1.48221350e-03,
       4.94071166e-04, 9.88142332e-04, 1.97628466e-03, 1.97628466e-03,
       1.48221350e-03, 9.88142332e-04, 9.88142332e-04, 2.47035595e-03,
       0., 1.97628466e-03, 1.48221350e-03, 1.48221350e-03,
       1.97628466e-03, 0., 4.94071166e-04, 4.94071166e-04,
       4.94071166e-04, 4.94071166e-04, 4.94071166e-04, 0., 0.,
       1.97628466e-03, 4.94071166e-04, 4.94071166e-04, 2.47035595e-03,
       0., 9.88142332e-04, 0., 4.94071166e-04, 1.48221350e-03,
       3.95256933e-03, 0., 1.48221350e-03, 4.94071166e-04,
       1.48221350e-03, 9.88142332e-04, 2.96442700e-03, 0., 0.,
       4.94071166e-04, 0., 0., 3.95256933e-03, 4.94071166e-04,
       2.96442700e-03, 9.88142332e-04, 4.94071166e-04, 6.91699609e-03,
       0., 1.97628466e-03, 1.97628466e-03, 4.94071166e-04,
       4.94071166e-04, 4.94071166e-04, 1.48221350e-03, 1.97628466e-03,
       0., 2.47035595e-03, 0., 9.88142332e-04, 1.48221350e-03,
       4.94071166e-04, 9.88142332e-04, 9.88142332e-04, 1.97628466e-03,
       9.88142332e-04, 9.88142332e-04, 0., 9.88142332e-04, 0.,
       1.48221350e-03, 4.94071166e-04, 2.47035595e-03, 1.97628466e-03,
       4.94071166e-04, 1.48221350e-03, 4.94071166e-04, 0.,
       4.94071166e-04, 0., 4.94071166e-04, 9.88142332e-04,
       1.97628466e-03, 2.47035595e-03, 2.47035595e-03, 9.88142332e-04,
       9.88142332e-04, 4.94071166e-04, 1.48221350e-03, 3.45849805e-03,
       4.94071166e-04, 4.94071166e-04, 9.88142332e-04, 1.97628466e-03,
       1.48221350e-03, 2.47035595e-03, 4.94071166e-04, 4.94071166e-04,
       1.48221350e-03, 9.88142332e-04, 0., 1.48221350e-03,
       9.88142332e-04, 2.47035595e-03, 1.97628466e-03, 5.92885399e-03,
       3.45849805e-03, 0., 2.96442700e-03, 0., 1.48221350e-03,
       3.45849805e-03, 2.96442700e-03, 0., 3.45849805e-03,
