%YAML:1.0
m100f: !!opencv-matrix
   rows: 1
   cols: 800
   dt: f
   data: [ 0., 1.78094395e-03, 8.90471973e-04, 3.56188789e-03,
       8.90471973e-04, 0., 0., 7.12377578e-03, 1.78094395e-03,
       8.90471973e-04, 8.90471973e-04, 0., 0., 0., 8.90471973e-04,
       3.56188789e-03, 8.90471973e-04, 0., 8.90471973e-04, 0.,
       8.90471973e-04, 2.67141592e-03, 0., 0., 8.90471973e-04, 0.,
       8.90471973e-04, 2.67141592e-03, 1.78094395e-03, 0.,
       8.90471973e-04, 0., 0., 0., 8.90471973e-04, 3.56188789e-03,
       8.90471973e-04, 0., 0., 0., 0., 1.78094395e-03, 8.90471973e-04,
       3.56188789e-03, 0., 2.67141592e-03, 1.78094395e-03, 0., 0.,
       2.67141592e-03, 0., 3.56188789e-03, 1.78094395e-03,
       8.90471973e-04, 0., 6.23330381e-03, 1.78094395e-03,
       2.67141592e-03, 8.90471973e-04, 8.90471973e-04, 2.67141592e-03,
       3.56188789e-03, 1.78094395e-03, 1.78094395e-03, 0., 0.,
       8.90471973e-04, 4.45235986e-03, 8.90471973e-04, 8.90471973e-04,
       0., 8.90471973e-04, 0., 1.78094395e-03, 1.78094395e-03,
       1.78094395e-03, 1.78094395e-03, 2.67141592e-03, 5.34283184e-03,
       0., 5.34283184e-03, 2.67141592e-03, 8.90471973e-04,
       1.78094395e-03, 0., 4.45235986e-03, 8.90471973e-04,
       2.67141592e-03, 0., 0., 1.78094395e-03, 2.67141592e-03, 0.,
       8.90471973e-04, 0., 1.78094395e-03, 8.90471973e-04,
       8.90471973e-04, 1.78094395e-03, 1.78094395e-03, 1.78094395e-03,
       2.67141592e-03, 8.90471973e-04, 0., 4.45235986e-03, 0.,
       1.78094395e-03, 1.78094395e-03, 0., 1.78094395e-03, 0., 0.,
       8.90471973e-04, 8.90471973e-04, 8.90471973e-04, 2.67141592e-03,
       3.56188789e-03, 0., 4.45235986e-03, 6.23330381e-03,
       2.67141592e-03, 0., 1.78094395e-03, 0., 8.90471973e-04,
       8.90471973e-04, 8.90471973e-04, 0., 8.90471973e-04,
       8.90471973e-04, 2.67141592e-03, 0., 8.90471973e-04, 0.,
       2.67141592e-03, 2.67141592e-03, 8.90471973e-04, 8.90471973e-04,
       3.56188789e-03, 8.90471973e-04, 0., 8.90471973e-04,
       8.90471973e-04, 0., 8.90471973e-04, 1.78094395e-03, 0., 0.,
       1.78094395e-03, 1.78094395e-03, 8.90471973e-04, 0.,
       1.78094395e-03, 1.78094395e-03, 0., 1.78094395e-03,
       1.78094395e-03, 8.90471973e-04, 8.90471973e-04, 0.,
       8.90471973e-04, 8.90471973e-04, 7.12377578e-03, 0.,
       1.78094395e-03, 8.90471973e-04, 0., 1.78094395e-03,
       8.90471973e-04, 3.56188789e-03, 0., 8.90471973e-04, 0.,
       8.90471973e-04, 0., 8.90471973e-04, 8.90471973e-04,
       3.56188789e-03, 1.78094395e-03, 1.78094395e-03, 0.,
       2.67141592e-03, 1.78094395e-03, 0., 8.90471973e-04,
       8.90471973e-04, 3.56188789e-03, 1.78094395e-03, 0.,
       1.78094395e-03, 1.78094395e-03, 8.90471973e-04, 0., 0.,
       8.90471973e-04, 0., 8.90471973e-04, 2.67141592e-03, 0., 0.,
       1.78094395e-03, 0., 0., 0., 8.90471973e-04, 0., 0.,
       2.67141592e-03, 2.67141592e-03, 1.78094395e-03, 0.,
       2.67141592e-03, 3.56188789e-03, 2.67141592e-03, 8.90471973e-04,
       2.67141592e-03, 1.78094395e-03, 0., 2.67141592e-03,
       3.56188789e-03, 3.56188789e-03, 0., 1.78094395e-03,
       1.78094395e-03, 8.90471973e-04, 0., 0., 8.90471973e-04,
       1.78094395e-03, 0., 6.23330381e-03, 0., 3.56188789e-03,
       2.67141592e-03, 8.90471973e-04, 8.90471973e-04, 8.90471973e-04,
       1.78094395e-03, 8.90471973e-04, 0., 0., 0., 0., 1.78094395e-03,
       1.78094395e-03, 2.67141592e-03, 1.78094395e-03, 0., 0.,
       8.90471973e-04, 0., 1.78094395e-03, 0., 8.90471973e-04, 0.,
       5.34283184e-03, 8.90471973e-04, 0., 8.90471973e-04,
       8.90471973e-04, 8.90471973e-04, 0., 8.90471973e-04,
       1.78094395e-03, 8.90471973e-04, 1.78094395e-03, 0., 0., 0., 0.,
       8.90471973e-04, 8.90471973e-04, 8.90471973e-04, 0.,
       1.78094395e-03, 8.90471973e-04, 0., 2.67141592e-03, 0., 0.,
       1.78094395e-03, 8.90471973e-04, 1.78094395e-03, 0., 0.,
       8.90471973e-04, 0., 1.78094395e-03, 0., 0., 2.67141592e-03, 0.,
       1.78094395e-03, 0., 1.78094395e-03, 8.90471973e-04,
       3.56188789e-03, 0., 8.90471973e-04, 1.78094395e-03,
       8.90471973e-04, 1.78094395e-03, 0., 1.78094395e-03,
       8.90471973e-04, 3.56188789e-03, 0., 0., 8.90471973e-04,
       8.90471973e-04, 6.23330381e-03, 8.90471973e-04, 8.90471973e-04,
       0., 8.90471973e-04, 8.90471973e-04, 1.78094395e-03,
       8.90471973e-04, 1.78094395e-03, 8.90471973e-04, 1.78094395e-03,
       0., 0., 0., 7.12377578e-03, 3.56188789e-03, 2.67141592e-03,
       2.67141592e-03, 8.90471973e-04, 0., 2.67141592e-03,
       1.78094395e-03, 0., 3.56188789e-03, 8.90471973e-04, 0.,
       1.78094395e-03, 0., 8.90471973e-04, 8.90471973e-04,
       8.90471973e-04, 8.90471973e-04, 8.90471973e-04, 8.90471973e-04,
       8.90471973e-04, 0., 8.90471973e-04, 0., 8.90471973e-04,
       8.90471973e-04, 0., 0., 8.90471973e-04, 8.90471973e-04,
       2.67141592e-03, 1.78094395e-03, 8.90471973e-04, 1.78094395e-03,
       1.78094395e-03, 0., 8.90471973e-04, 5.34283184e-03, 0., 0.,
       8.90471973e-04, 8.90471973e-04, 2.67141592e-03, 2.67141592e-03,
       8.90471973e-04, 0., 1.78094395e-03, 2.67141592e-03,
       1.78094395e-03, 8.90471973e-04, 8.01424775e-03, 0., 0.,
       4.45235986e-03, 0., 1.78094395e-03, 2.67141592e-03,
       1.78094395e-03, 8.90471973e-04, 0., 8.90471973e-04,
       8.90471973e-04, 1.78094395e-03, 1.78094395e-03, 5.34283184e-03,
       0., 2.67141592e-03, 2.67141592e-03, 2.67141592e-03,
       8.90471973e-04, 1.78094395e-03, 6.23330381e-03, 0., 0.,
       2.67141592e-03, 1.78094395e-03, 0., 8.90471973e-04,
       2.67141592e-03, 0., 0., 8.90471973e-04, 8.90471973e-04,
       8.90471973e-04, 0., 8.90471973e-04, 0., 8.90471973e-04,
       8.90471973e-04, 6.23330381e-03, 0., 0., 8.90471973e-04,
       8.90471973e-04, 8.90471973e-04, 3.56188789e-03, 0., 0.,
       1.78094395e-03, 0., 0., 8.90471973e-04, 8.90471973e-04,
       8.90471973e-04, 8.90471973e-04, 1.78094395e-03, 0.,
       8.90471973e-04, 3.56188789e-03, 6.23330381e-03, 5.34283184e-03,
       8.90471973e-04, 0., 8.90471973e-04, 0., 8.90471973e-04,
       2.67141592e-03, 8.90471973e-04, 0., 0., 8.90471973e-04,
       8.90471973e-04, 3.56188789e-03, 8.90471973e-04, 2.67141592e-03,
       1.78094395e-03, 1.78094395e-03, 3.56188789e-03, 1.78094395e-03,
       0., 1.78094395e-03, 8.90471973e-04, 0., 8.90471973e-04,
       8.90471973e-04, 8.90471973e-04, 1.78094395e-03, 8.90471973e-04,
       4.45235986e-03, 8.90471973e-04, 4.45235986e-03, 8.90471973e-04,
       1.78094395e-03, 0., 2.67141592e-03, 8.90471973e-04,
       4.45235986e-03, 2.67141592e-03, 1.78094395e-03, 0.,
       3.56188789e-03, 0., 4.45235986e-03, 8.90471973e-04,
       7.12377578e-03, 8.90471973e-04, 1.78094395e-03, 2.67141592e-03,
       8.90471973e-04, 0., 0., 8.90471973e-04, 8.90471973e-04, 0.,
       1.78094395e-03, 8.90471973e-04, 0., 8.90471973e-04, 0.,
       2.67141592e-03, 0., 2.67141592e-03, 8.90471973e-04,
       8.90471973e-04, 2.67141592e-03, 8.90471973e-04, 1.78094395e-03,
       0., 0., 2.67141592e-03, 8.90471973e-04, 4.45235986e-03,
       1.78094395e-03, 8.90471973e-04, 1.78094395e-03, 1.78094395e-03,
       0., 0., 8.90471973e-04, 8.90471973e-04, 0., 8.90471973e-04, 0.,
       5.34283184e-03, 8.90471973e-04, 1.78094395e-03, 0.,
       8.90471973e-04, 0., 7.12377578e-03, 0., 3.56188789e-03, 0.,
       4.45235986e-03, 0., 3.56188789e-03, 0., 0., 8.90471973e-04,
       8.90471973e-04, 8.90471973e-04, 0., 4.45235986e-03,
       8.90471973e-04, 8.90471973e-04, 7.12377578e-03, 0., 0.,
       8.90471973e-04, 0., 0., 0., 0., 1.78094395e-03, 8.90471973e-04,
       8.90471973e-04, 0., 2.67141592e-03, 8.90471973e-04, 0., 0.,
       1.78094395e-03, 1.78094395e-03, 0., 0., 8.90471973e-04,
       8.90471973e-04, 8.90471973e-04, 8.90471973e-04, 1.78094395e-03,
       8.90471973e-04, 1.78094395e-03, 0., 8.90471973e-04,
       2.67141592e-03, 8.90471973e-04, 0., 8.90471973e-04,
       8.90471973e-04, 1.78094395e-03, 0., 8.90471973e-03,
       3.56188789e-03, 8.90471973e-04, 1.78094395e-03, 1.78094395e-03,
