%YAML:1.0
m100f: !!opencv-matrix
   rows: 1
   cols: 800
   dt: f
   data: [ 4.11353365e-04, 4.11353353e-03, 1.23406015e-03,
       2.46812031e-03, 4.11353365e-04, 8.22706730e-04, 8.22706730e-04,
       0., 8.22706730e-04, 2.46812031e-03, 0., 4.11353365e-04,
       1.23406015e-03, 2.05676677e-03, 4.11353365e-04, 8.22706730e-04,
       8.22706730e-04, 2.87947361e-03, 1.64541346e-03, 2.46812031e-03,
       2.46812031e-03, 1.64541346e-03, 1.64541346e-03, 1.23406015e-03,
       1.64541346e-03, 4.11353365e-04, 8.22706730e-04, 1.64541346e-03,
       0., 0., 2.46812031e-03, 8.22706730e-04, 1.64541346e-03,
       1.64541346e-03, 4.11353365e-04, 4.11353365e-04, 1.64541346e-03,
       1.64541346e-03, 2.05676677e-03, 1.23406015e-03, 4.11353365e-04,
       0., 1.23406015e-03, 4.11353365e-04, 1.64541346e-03,
       1.64541346e-03, 2.05676677e-03, 4.11353365e-04, 8.22706730e-04,
       1.23406015e-03, 1.23406015e-03, 1.64541346e-03, 1.64541346e-03,
       4.11353365e-04, 8.22706730e-04, 2.05676677e-03, 4.52488707e-03,
       4.11353365e-04, 2.05676677e-03, 8.22706730e-04, 1.64541346e-03,
       4.11353365e-04, 4.11353365e-04, 8.22706730e-04, 0.,
       1.23406015e-03, 4.11353365e-04, 2.05676677e-03, 4.11353365e-04,
       8.22706730e-04, 3.70218023e-03, 8.22706730e-04, 1.23406015e-03,
       0., 2.46812031e-03, 2.05676677e-03, 8.22706730e-04, 0.,
       1.23406015e-03, 2.05676677e-03, 1.23406015e-03, 1.64541346e-03,
       4.11353365e-04, 1.23406015e-03, 0., 2.46812031e-03,
       4.11353365e-04, 2.46812031e-03, 8.22706730e-04, 2.46812031e-03,
       4.11353365e-04, 0., 0., 1.23406015e-03, 2.05676677e-03,
       8.22706730e-04, 8.22706730e-04, 4.11353365e-04, 1.23406015e-03,
       1.23406015e-03, 1.64541346e-03, 1.23406015e-03, 2.46812031e-03,
       4.11353365e-04, 4.11353365e-04, 1.64541346e-03, 2.05676677e-03,
       8.22706730e-04, 4.11353365e-04, 1.23406015e-03, 1.23406015e-03,
       2.05676677e-03, 1.23406015e-03, 1.23406015e-03, 2.05676677e-03,
       2.46812031e-03, 0., 2.05676677e-03, 2.87947361e-03,
       1.64541346e-03, 2.87947361e-03, 8.22706730e-04, 1.23406015e-03,
       4.11353365e-04, 8.22706730e-04, 2.87947361e-03, 4.11353365e-04,
       4.11353365e-04, 8.22706730e-04, 4.11353365e-04, 8.22706730e-04,
       1.23406015e-03, 0., 8.22706730e-04, 0., 2.87947361e-03,
       1.23406015e-03, 1.64541346e-03, 1.23406015e-03, 1.23406015e-03,
       1.23406015e-03, 4.11353365e-04, 1.23406015e-03, 8.22706730e-04,
       1.64541346e-03, 1.64541346e-03, 1.64541346e-03, 0.,
       2.05676677e-03, 4.11353365e-04, 2.87947361e-03, 1.64541346e-03,
       1.64541346e-03, 8.22706730e-04, 1.23406015e-03, 4.11353365e-04,
       1.23406015e-03, 1.23406015e-03, 2.87947361e-03, 8.22706730e-04,
       1.23406015e-03, 1.64541346e-03, 2.05676677e-03, 4.11353365e-04,
       4.11353365e-04, 4.11353365e-04, 8.22706730e-04, 4.11353365e-04,
       1.64541346e-03, 8.22706730e-04, 2.05676677e-03, 0.,
       2.87947361e-03, 0., 8.22706730e-04, 8.22706730e-04,
       1.64541346e-03, 0., 4.11353365e-04, 8.22706730e-04,
       2.05676677e-03, 1.23406015e-03, 4.11353365e-04, 4.11353365e-04,
       8.22706730e-04, 8.22706730e-04, 4.11353365e-04, 1.23406015e-03,
       1.23406015e-03, 8.22706730e-04, 2.87947361e-03, 8.22706730e-04,
       1.23406015e-03, 1.64541346e-03, 4.11353365e-04, 1.23406015e-03,
       8.22706730e-04, 1.23406015e-03, 8.22706730e-04, 1.23406015e-03,
       1.64541346e-03, 8.22706730e-04, 8.22706730e-04, 8.22706730e-04,
       1.23406015e-03, 8.22706730e-04, 1.23406015e-03, 0.,
       1.64541346e-03, 4.11353365e-04, 4.11353365e-04, 1.23406015e-03,
       9.04977415e-03, 2.05676677e-03, 2.05676677e-03, 8.22706730e-04,
       0., 1.23406015e-03, 8.22706730e-04, 8.22706730e-04,
       1.64541346e-03, 1.23406015e-03, 4.11353365e-04, 2.05676677e-03,
       8.22706730e-04, 8.22706730e-04, 1.64541346e-03, 2.87947361e-03,
       1.64541346e-03, 4.93624061e-03, 1.64541346e-03, 1.64541346e-03,
       1.64541346e-03, 1.64541346e-03, 0., 2.05676677e-03,
       1.23406015e-03, 1.23406015e-03, 2.87947361e-03, 4.11353365e-04,
       1.64541346e-03, 8.22706730e-04, 8.22706730e-04, 3.70218023e-03,
       0., 0., 1.23406015e-03, 4.11353365e-04, 1.64541346e-03,
       4.11353365e-04, 1.23406015e-03, 1.64541346e-03, 0.,
       2.87947361e-03, 8.22706730e-04, 1.23406015e-03, 2.46812031e-03,
       8.22706730e-04, 8.22706730e-04, 8.22706730e-04, 1.23406015e-03,
       0., 0., 1.64541346e-03, 1.23406015e-03, 1.64541346e-03,
       1.64541346e-03, 3.70218023e-03, 1.23406015e-03, 8.22706730e-04,
       2.46812031e-03, 1.23406015e-03, 1.64541346e-03, 2.87947361e-03,
       1.23406015e-03, 1.64541346e-03, 8.22706730e-04, 8.22706730e-04,
       1.64541346e-03, 4.11353365e-04, 1.64541346e-03, 1.64541346e-03,
       8.22706730e-04, 8.22706730e-04, 8.22706730e-04, 8.22706730e-04,
       1.23406015e-03, 1.23406015e-03, 0., 2.05676677e-03,
       1.23406015e-03, 8.22706730e-04, 0., 8.22706730e-04,
       2.05676677e-03, 8.22706730e-04, 2.05676677e-03, 4.11353365e-04,
       0., 1.23406015e-03, 1.23406015e-03, 3.29082692e-03,
       1.23406015e-03, 8.22706730e-04, 4.11353365e-04, 0.,
       1.23406015e-03, 0., 4.11353365e-04, 4.52488707e-03,
       1.23406015e-03, 1.64541346e-03, 8.22706730e-04, 8.22706730e-04,
       1.23406015e-03, 2.46812031e-03, 4.11353365e-04, 0.,
       1.23406015e-03, 8.22706730e-04, 2.05676677e-03, 1.23406015e-03,
       2.46812031e-03, 2.46812031e-03, 8.22706730e-04, 4.11353365e-04,
       8.22706730e-04, 2.05676677e-03, 8.22706730e-04, 0.,
       1.64541346e-03, 1.64541346e-03, 8.22706730e-04, 6.17030030e-03,
       1.23406015e-03, 0., 0., 1.23406015e-03, 0., 1.23406015e-03,
       8.22706730e-04, 1.64541346e-03, 2.46812031e-03, 4.11353365e-04,
       4.11353365e-04, 8.22706730e-04, 8.22706730e-04, 4.11353365e-04,
       4.11353365e-04, 8.22706730e-04, 1.23406015e-03, 1.23406015e-03,
       1.23406015e-03, 1.23406015e-03, 2.46812031e-03, 8.22706730e-04,
       4.11353365e-04, 1.64541346e-03, 2.05676677e-03, 3.70218023e-03,
       8.22706730e-04, 4.11353365e-04, 2.87947361e-03, 0.,
       1.64541346e-03, 1.23406015e-03, 0., 8.22706730e-04,
       2.46812031e-03, 1.64541346e-03, 1.64541346e-03, 4.11353365e-04,
       1.64541346e-03, 8.22706730e-04, 8.22706730e-04, 4.11353365e-04,
       2.05676677e-03, 1.64541346e-03, 3.29082692e-03, 1.23406015e-03,
       1.64541346e-03, 8.22706730e-04, 2.05676677e-03, 4.11353365e-04,
       4.11353365e-04, 0., 1.23406015e-03, 0., 1.64541346e-03,
       1.64541346e-03, 8.22706730e-04, 1.23406015e-03, 4.11353365e-04,
       9.46112722e-03, 1.64541346e-03, 8.22706730e-04, 8.22706730e-04,
       8.22706730e-04, 4.11353365e-04, 2.05676677e-03, 8.22706730e-04,
       1.23406015e-03, 8.22706730e-04, 2.05676677e-03, 1.64541346e-03,
       1.23406015e-03, 2.05676677e-03, 1.23406015e-03, 8.22706730e-04,
       4.11353365e-04, 2.05676677e-03, 1.23406015e-03, 8.22706730e-04,
       2.46812031e-03, 4.11353365e-04, 4.11353365e-04, 1.23406015e-03,
       1.23406015e-03, 2.05676677e-03, 3.29082692e-03, 1.23406015e-03,
       1.23406015e-03, 4.11353365e-04, 3.29082692e-03, 8.22706730e-04,
       1.64541346e-03, 8.22706730e-04, 4.11353365e-04, 4.11353365e-04,
       8.22706730e-04, 8.22706730e-04, 1.23406015e-03, 8.22706730e-04,
       4.11353365e-04, 3.70218023e-03, 1.23406015e-03, 1.64541346e-03,
       1.64541346e-03, 8.22706730e-04, 4.11353365e-04, 4.11353365e-04,
       3.29082692e-03, 1.23406015e-03, 0., 0., 4.11353365e-04,
       2.05676677e-03, 1.23406015e-03, 4.11353365e-04, 4.11353365e-04,
       8.22706730e-04, 8.22706730e-04, 1.64541346e-03, 8.22706730e-04,
       2.05676677e-03, 2.05676677e-03, 8.22706730e-04, 8.22706730e-04,
       1.23406015e-03, 8.22706730e-04, 4.11353365e-04, 1.23406015e-03,
       2.05676677e-03, 1.64541346e-03, 4.11353365e-04, 1.23406015e-03,
       1.23406015e-03, 1.23406015e-03, 2.46812031e-03, 8.22706730e-04,
       8.22706730e-04, 1.64541346e-03, 1.23406015e-03, 4.11353365e-04,
