%YAML:1.0
m100f: !!opencv-matrix
   rows: 1
   cols: 800
   dt: f
   data: [ 1.18343194e-03, 2.36686389e-03, 7.88954610e-04,
       1.57790922e-03, 3.94477305e-04, 1.18343194e-03, 2.36686389e-03,
       1.18343194e-03, 3.94477305e-04, 1.57790922e-03, 1.18343194e-03,
       1.18343194e-03, 1.57790922e-03, 7.88954610e-04, 1.97238661e-03,
       1.97238661e-03, 1.18343194e-03, 3.55029572e-03, 0.,
       1.57790922e-03, 3.94477305e-04, 1.18343194e-03, 1.97238661e-03,
       3.15581844e-03, 3.94477323e-03, 1.18343194e-03, 3.94477305e-04,
       1.18343194e-03, 0., 7.88954610e-04, 7.88954610e-04,
       1.18343194e-03, 1.97238661e-03, 1.18343194e-03, 1.18343194e-03,
       7.88954610e-04, 1.18343194e-03, 3.94477305e-04, 7.88954610e-04,
       0., 1.18343194e-03, 1.57790922e-03, 2.36686389e-03,
       1.18343194e-03, 1.97238661e-03, 2.36686389e-03, 1.97238661e-03,
       1.18343194e-03, 7.88954610e-04, 3.15581844e-03, 0.,
       2.76134117e-03, 1.18343194e-03, 3.15581844e-03, 7.88954610e-04,
       7.88954610e-04, 3.55029572e-03, 7.88954610e-04, 0.,
       1.18343194e-03, 7.88954610e-04, 1.97238661e-03, 1.57790922e-03,
       3.94477305e-04, 1.18343194e-03, 1.18343194e-03, 7.88954610e-04,
       7.88954610e-04, 1.18343194e-03, 3.94477323e-03, 1.97238661e-03,
       1.18343194e-03, 2.76134117e-03, 0., 3.55029572e-03,
       1.97238661e-03, 7.88954610e-04, 1.18343194e-03, 3.94477305e-04,
       7.88954610e-04, 1.18343194e-03, 3.94477305e-04, 0.,
       1.18343194e-03, 3.94477305e-04, 1.57790922e-03, 1.18343194e-03,
       4.73372778e-03, 1.18343194e-03, 1.18343194e-03, 2.76134117e-03,
       1.18343194e-03, 7.88954610e-04, 1.97238661e-03, 1.57790922e-03,
       1.97238661e-03, 7.88954610e-04, 1.18343194e-03, 7.88954610e-04,
       1.18343194e-03, 1.97238661e-03, 3.94477305e-04, 5.52268233e-03,
       0., 1.18343194e-03, 2.36686389e-03, 0., 3.94477305e-04,
       7.88954610e-04, 7.88954610e-04, 1.57790922e-03, 0.,
       1.57790922e-03, 1.18343194e-03, 7.88954610e-04, 0.,
       1.57790922e-03, 1.18343194e-03, 7.10059144e-03, 5.52268233e-03,
       1.18343194e-03, 3.94477305e-04, 1.18343194e-03, 0.,
       3.94477305e-04, 1.18343194e-03, 1.57790922e-03, 1.18343194e-03,
       7.88954610e-04, 3.15581844e-03, 7.88954610e-04, 3.15581844e-03,
       3.15581844e-03, 1.57790922e-03, 1.18343194e-03, 3.55029572e-03,
       3.94477305e-04, 1.18343194e-03, 1.57790922e-03, 3.94477305e-04,
       0., 3.94477323e-03, 1.57790922e-03, 1.57790922e-03,
       3.94477305e-04, 1.18343194e-03, 7.88954610e-04, 1.57790922e-03,
       7.88954610e-04, 1.97238661e-03, 0., 5.52268233e-03, 0.,
       3.94477305e-04, 1.18343194e-03, 7.88954610e-04, 1.57790922e-03,
       1.18343194e-03, 1.18343194e-03, 7.88954610e-04, 1.18343194e-03,
       1.18343194e-03, 0., 1.57790922e-03, 7.88954610e-04,
       1.18343194e-03, 3.94477305e-04, 3.94477305e-04, 7.88954610e-04,
       7.88954610e-04, 1.18343194e-03, 7.88954610e-04, 0., 0.,
       1.57790922e-03, 0., 7.88954610e-04, 7.88954610e-04,
       1.18343194e-03, 7.88954610e-04, 1.97238661e-03, 2.76134117e-03,
       4.73372778e-03, 1.97238661e-03, 1.18343194e-03, 1.18343194e-03,
       7.88954610e-04, 0., 1.18343194e-03, 7.88954610e-04,
       3.15581844e-03, 1.97238661e-03, 2.76134117e-03, 7.88954610e-04,
       0., 2.76134117e-03, 0., 1.18343194e-03, 1.18343194e-03,
       7.88954610e-04, 1.57790922e-03, 1.57790922e-03, 7.88954610e-04,
       0., 0., 1.97238661e-03, 1.57790922e-03, 2.36686389e-03,
       1.57790922e-03, 3.94477305e-04, 7.88954610e-04, 3.94477305e-04,
       2.76134117e-03, 1.57790922e-03, 3.94477323e-03, 3.94477305e-04,
       3.94477305e-04, 1.57790922e-03, 3.94477305e-04, 3.94477305e-04,
       1.57790922e-03, 1.18343194e-03, 3.94477305e-04, 1.18343194e-03,
       0., 1.57790922e-03, 1.18343194e-03, 1.18343194e-03,
       1.57790922e-03, 7.88954610e-04, 3.15581844e-03, 3.94477305e-04,
       1.18343194e-03, 1.97238661e-03, 2.76134117e-03, 1.97238661e-03,
       1.97238661e-03, 1.97238661e-03, 1.57790922e-03, 7.88954610e-04,
       1.18343194e-03, 7.88954610e-04, 7.88954610e-04, 3.55029572e-03,
       0., 3.94477305e-04, 4.33925027e-03, 3.94477305e-04,
       1.18343194e-03, 1.97238661e-03, 1.57790922e-03, 1.57790922e-03,
       1.97238661e-03, 2.36686389e-03, 7.88954610e-04, 1.18343194e-03,
       1.18343194e-03, 3.15581844e-03, 3.94477305e-04, 1.18343194e-03,
       3.15581844e-03, 7.88954610e-04, 1.18343194e-03, 1.97238661e-03,
       0., 1.18343194e-03, 7.88954610e-04, 1.97238661e-03, 0.,
       7.88954610e-04, 2.36686389e-03, 1.57790922e-03, 7.88954610e-04,
       1.18343194e-03, 1.18343194e-03, 1.97238661e-03, 1.57790922e-03,
       1.57790922e-03, 1.57790922e-03, 3.94477305e-04, 2.36686389e-03,
       1.18343194e-03, 7.88954610e-04, 1.57790922e-03, 1.57790922e-03,
       7.88954610e-04, 2.36686389e-03, 7.88954610e-04, 1.18343194e-03,
       3.15581844e-03, 0., 3.94477305e-04, 7.88954610e-04,
       3.94477305e-04, 1.18343194e-03, 7.88954610e-04, 1.57790922e-03,
       1.18343194e-03, 0., 7.88954610e-04, 3.94477305e-04,
       3.94477305e-04, 7.88954610e-04, 1.18343194e-03, 2.36686389e-03,
       0., 3.94477305e-04, 7.88954610e-04, 1.18343194e-03,
       1.57790922e-03, 3.94477305e-04, 3.94477305e-04, 1.18343194e-03,
       1.18343194e-03, 2.76134117e-03, 1.18343194e-03, 3.94477305e-04,
       1.18343194e-03, 1.18343194e-03, 3.94477305e-04, 1.97238661e-03,
       1.57790922e-03, 1.57790922e-03, 0., 3.94477305e-04,
       1.97238661e-03, 7.88954610e-04, 3.55029572e-03, 3.94477305e-04,
       2.76134117e-03, 3.94477305e-04, 1.97238661e-03, 1.57790922e-03,
       2.36686389e-03, 3.94477305e-04, 1.18343194e-03, 3.94477305e-04,
       7.88954610e-04, 1.18343194e-03, 0., 1.57790922e-03,
       3.94477305e-04, 3.94477323e-03, 3.94477305e-04, 1.57790922e-03,
       3.15581844e-03, 1.18343194e-03, 2.76134117e-03, 7.88954610e-04,
       1.18343194e-03, 0., 3.94477305e-04, 7.88954610e-04, 0.,
       1.97238661e-03, 1.57790922e-03, 3.94477305e-04, 3.94477305e-04,
       3.94477305e-04, 5.91715937e-03, 1.18343194e-03, 3.94477305e-04,
       7.88954610e-04, 7.88954610e-04, 1.18343194e-03, 1.18343194e-03,
       0., 7.88954610e-04, 0., 1.18343194e-03, 3.15581844e-03,
       7.88954610e-04, 3.94477305e-04, 7.88954610e-04, 3.94477305e-04,
       3.94477305e-04, 2.76134117e-03, 7.88954610e-04, 2.76134117e-03,
       1.57790922e-03, 7.88954610e-04, 3.94477305e-04, 1.57790922e-03,
       7.88954610e-04, 7.88954610e-04, 3.94477305e-04, 1.57790922e-03,
       2.36686389e-03, 1.18343194e-03, 1.18343194e-03, 1.18343194e-03,
       3.94477323e-03, 1.97238661e-03, 2.36686389e-03, 7.88954610e-04,
       3.94477305e-04, 7.88954610e-04, 1.18343194e-03, 3.94477305e-04,
       2.36686389e-03, 0., 3.94477305e-04, 3.94477305e-04,
       1.97238661e-03, 3.94477305e-04, 1.18343194e-03, 3.94477305e-04,
       3.94477305e-04, 3.94477305e-04, 0., 4.33925027e-03,
       1.18343194e-03, 7.88954610e-04, 1.97238661e-03, 0.,
       1.97238661e-03, 3.94477305e-04, 7.88954610e-04, 1.97238661e-03,
       1.18343194e-03, 1.97238661e-03, 3.94477305e-04, 1.57790922e-03,
       1.18343194e-03, 1.18343194e-03, 3.94477305e-04, 7.88954610e-04,
       0., 3.15581844e-03, 1.57790922e-03, 1.97238661e-03,
       3.94477305e-04, 1.18343194e-03, 1.18343194e-03, 1.97238661e-03,
       7.88954610e-04, 0., 1.18343194e-03, 1.57790922e-03,
       7.88954610e-04, 7.88954610e-04, 1.18343194e-03, 7.88954610e-04,
       2.36686389e-03, 7.88954610e-04, 1.18343194e-03, 1.97238661e-03,
       1.18343194e-03, 7.88954610e-04, 7.88954610e-04, 3.94477305e-04,
       3.94477323e-03, 7.88954610e-04, 2.76134117e-03, 2.76134117e-03,
       7.88954610e-04, 1.18343194e-03, 1.18343194e-03, 1.18343194e-03,
       1.18343194e-03, 1.57790922e-03, 2.76134117e-03, 2.76134117e-03,
       0., 0., 1.18343194e-03, 1.18343194e-03, 1.18343194e-03,
       7.88954610e-04, 1.18343194e-03, 1.97238661e-03, 1.57790922e-03,
       1.18343194e-03, 1.97238661e-03, 7.88954610e-04, 2.76134117e-03,
