%YAML:1.0
m100f: !!opencv-matrix
   rows: 1
   cols: 800
   dt: f
   data: [ 2.93255132e-03, 2.93255132e-03, 1.95503421e-03,
       2.93255132e-03, 2.93255132e-03, 1.95503421e-03, 9.77517106e-04,
       6.84261974e-03, 3.91006842e-03, 0., 0., 0., 9.77517106e-04, 0.,
       0., 9.77517106e-04, 9.77517106e-04, 9.77517106e-04,
       1.95503421e-03, 9.77517106e-04, 9.77517106e-04, 9.77517106e-04,
       2.93255132e-03, 2.93255132e-03, 0., 0., 1.95503421e-03,
       9.77517106e-04, 2.93255132e-03, 0., 0., 2.93255132e-03,
       9.77517106e-04, 9.77517106e-04, 6.84261974e-03, 1.95503421e-03,
       2.93255132e-03, 0., 9.77517106e-04, 9.77517106e-04, 0.,
       9.77517106e-04, 0., 1.95503421e-03, 9.77517106e-04,
       1.95503421e-03, 0., 1.95503421e-03, 0., 9.77517106e-04, 0.,
       1.95503421e-03, 1.95503421e-03, 1.95503421e-03, 0.,
       2.93255132e-03, 1.95503421e-03, 3.91006842e-03, 9.77517106e-04,
       0., 1.95503421e-03, 1.95503421e-03, 0., 9.77517106e-04, 0., 0.,
       0., 0., 0., 0., 1.95503421e-03, 9.77517106e-04, 1.95503421e-03,
       1.95503421e-03, 9.77517106e-04, 0., 9.77517106e-04,
       1.95503421e-03, 0., 0., 9.77517106e-04, 0., 9.77517106e-04, 0.,
       9.77517106e-04, 9.77517106e-04, 0., 0., 0., 0., 0., 0., 0.,
       9.77517106e-04, 9.77517106e-04, 1.95503421e-03, 0.,
       9.77517106e-04, 9.77517106e-04, 1.95503421e-03, 1.95503421e-03,
       0., 0., 5.86510263e-03, 0., 9.77517106e-04, 1.95503421e-03,
       2.93255132e-03, 2.93255132e-03, 9.77517106e-04, 9.77517106e-04,
       0., 9.77517106e-04, 0., 2.93255132e-03, 0., 1.95503421e-03, 0.,
       2.93255132e-03, 2.93255132e-03, 9.77517106e-04, 1.95503421e-03,
       1.95503421e-03, 1.95503421e-03, 9.77517106e-04, 9.77517106e-04,
       1.95503421e-03, 0., 1.95503421e-03, 0., 2.93255132e-03,
       3.91006842e-03, 0., 1.95503421e-03, 0., 0., 4.88758553e-03,
       9.77517106e-04, 4.88758553e-03, 1.95503421e-03, 0.,
       9.77517106e-04, 0., 9.77517106e-04, 1.95503421e-03, 0.,
       4.88758553e-03, 0., 1.95503421e-03, 2.93255132e-03,
       9.77517106e-04, 0., 2.93255132e-03, 2.93255132e-03,
       9.77517106e-04, 9.77517106e-04, 1.95503421e-03, 4.88758553e-03,
       1.95503421e-03, 9.77517106e-04, 9.77517106e-04, 9.77517106e-04,
       0., 1.95503421e-03, 1.95503421e-03, 0., 0., 1.95503421e-03,
       1.95503421e-03, 0., 0., 0., 0., 5.86510263e-03, 1.95503421e-03,
       9.77517106e-04, 0., 2.93255132e-03, 2.93255132e-03,
       2.93255132e-03, 9.77517106e-04, 3.91006842e-03, 0.,
       1.95503421e-03, 1.95503421e-03, 3.91006842e-03, 2.93255132e-03,
       9.77517106e-04, 9.77517106e-04, 9.77517106e-04, 0., 0.,
       9.77517106e-04, 0., 2.93255132e-03, 0., 9.77517106e-04,
       9.77517106e-04, 0., 9.77517106e-04, 2.93255132e-03, 0., 0.,
       1.95503421e-03, 2.93255132e-03, 0., 2.93255132e-03,
       1.95503421e-03, 1.95503421e-03, 0., 1.95503421e-03,
       9.77517106e-04, 9.77517106e-04, 0., 0., 9.77517106e-04,
       5.86510263e-03, 0., 1.95503421e-03, 9.77517106e-04, 0.,
       2.93255132e-03, 2.93255132e-03, 9.77517106e-04, 9.77517106e-04,
       0., 0., 0., 9.77517106e-04, 0., 0., 0., 9.77517106e-04,
       1.95503421e-03, 9.77517106e-04, 0., 1.95503421e-03,
       3.91006842e-03, 9.77517106e-04, 0., 0., 1.95503421e-03, 0., 0.,
       2.93255132e-03, 5.86510263e-03, 0., 0., 0., 0., 9.77517106e-04,
       2.93255132e-03, 0., 1.95503421e-03, 2.93255132e-03,
       1.95503421e-03, 9.77517106e-04, 0., 0., 9.77517106e-04, 0., 0.,
       9.77517106e-04, 1.95503421e-03, 0., 0., 1.95503421e-03, 0., 0.,
       9.77517106e-04, 0., 9.77517106e-04, 1.95503421e-03,
       1.95503421e-03, 1.95503421e-03, 2.93255132e-03, 0.,
       9.77517106e-04, 0., 0., 9.77517106e-04, 2.93255132e-03,
       1.95503421e-03, 9.77517106e-04, 1.95503421e-03, 0.,
       1.95503421e-03, 3.91006842e-03, 9.77517106e-04, 0., 0., 0., 0.,
       9.77517106e-04, 5.86510263e-03, 9.77517106e-04, 9.77517106e-04,
       2.93255132e-03, 0., 2.93255132e-03, 9.77517106e-04,
       9.77517106e-04, 2.93255132e-03, 0., 9.77517106e-04,
       9.77517106e-04, 9.77517106e-04, 0., 1.95503421e-03,
       1.95503421e-03, 3.91006842e-03, 9.77517106e-04, 2.93255132e-03,
       9.77517106e-04, 0., 2.93255132e-03, 0., 9.77517106e-04,
       9.77517106e-04, 9.77517106e-04, 0., 9.77517106e-04,
       9.77517106e-04, 0., 0., 1.95503421e-03, 0., 9.77517106e-04,
       9.77517106e-04, 0., 0., 1.95503421e-03, 9.77517106e-04,
       1.95503421e-03, 2.93255132e-03, 0., 0., 9.77517106e-04,
       9.77517106e-04, 9.77517106e-04, 3.91006842e-03, 2.93255132e-03,
       9.77517106e-04, 9.77517106e-04, 9.77517106e-04, 1.95503421e-03,
       0., 0., 0., 0., 1.95503421e-03, 9.77517106e-04, 1.95503421e-03,
       9.77517106e-04, 9.77517106e-04, 0., 9.77517106e-04,
       3.91006842e-03, 9.77517106e-04, 0., 0., 0., 0., 0., 0.,
       9.77517106e-04, 9.77517106e-04, 1.95503421e-03, 9.77517106e-04,
       0., 0., 2.93255132e-03, 4.88758553e-03, 0., 0., 9.77517106e-04,
       4.88758553e-03, 2.93255132e-03, 9.77517106e-04, 9.77517106e-04,
       0., 0., 9.77517106e-04, 0., 9.77517106e-04, 0., 0.,
       3.91006842e-03, 4.88758553e-03, 1.95503421e-03, 2.93255132e-03,
       0., 1.95503421e-03, 9.77517106e-04, 2.93255132e-03,
       9.77517106e-04, 2.93255132e-03, 1.95503421e-03, 2.93255132e-03,
       1.95503421e-03, 0., 0., 9.77517106e-04, 1.95503421e-03, 0.,
       9.77517106e-04, 2.93255132e-03, 1.95503421e-03, 9.77517106e-04,
       9.77517106e-04, 0., 1.95503421e-03, 3.91006842e-03,
       3.91006842e-03, 0., 9.77517106e-04, 0., 0., 1.95503421e-03, 0.,
       0., 9.77517106e-04, 9.77517106e-04, 1.95503421e-03,
       9.77517106e-04, 1.95503421e-03, 1.95503421e-03, 0., 0.,
       9.77517106e-04, 2.93255132e-03, 0., 2.93255132e-03, 0., 0.,
       1.27077224e-02, 1.95503421e-03, 9.77517106e-04, 9.77517106e-04,
       0., 4.88758553e-03, 9.77517106e-04, 0., 0., 9.77517106e-04,
       1.95503421e-03, 5.86510263e-03, 9.77517106e-04, 0.,
       9.77517106e-04, 0., 3.91006842e-03, 0., 9.77517106e-04, 0.,
       9.77517106e-04, 0., 0., 9.77517106e-04, 0., 9.77517106e-04,
       3.91006842e-03, 3.91006842e-03, 1.95503421e-03, 0.,
       1.95503421e-03, 0., 9.77517106e-04, 0., 9.77517106e-04, 0., 0.,
       2.93255132e-03, 0., 9.77517106e-04, 0., 9.77517106e-04,
       3.91006842e-03, 1.95503421e-03, 2.93255132e-03, 9.77517106e-04,
       3.91006842e-03, 9.77517106e-04, 0., 0., 2.93255132e-03, 0., 0.,
       2.93255132e-03, 0., 1.95503421e-03, 0., 9.77517106e-04,
       9.77517106e-04, 0., 0., 2.93255132e-03, 1.95503421e-03, 0., 0.,
       9.77517106e-04, 9.77517106e-04, 9.77517106e-04, 2.93255132e-03,
       2.93255132e-03, 0., 3.91006842e-03, 0., 9.77517106e-04, 0.,
       2.93255132e-03, 0., 2.93255132e-03, 2.93255132e-03, 0.,
       9.77517106e-04, 0., 9.77517106e-04, 1.95503421e-03, 0., 0.,
       4.88758553e-03, 9.77517106e-04, 2.93255132e-03, 9.77517106e-04,
       3.91006842e-03, 0., 9.77517106e-04, 9.77517106e-04,
       9.77517106e-04, 9.77517106e-04, 0., 0., 1.95503421e-03,
       1.95503421e-03, 9.77517106e-04, 2.93255132e-03, 1.95503421e-03,
       9.77517106e-04, 5.86510263e-03, 3.91006842e-03, 9.77517106e-04,
       0., 1.95503421e-03, 9.77517106e-04, 0., 0., 0., 9.77517106e-04,
       9.77517106e-04, 1.95503421e-03, 9.77517106e-04, 9.77517106e-04,
       0., 0., 0., 2.93255132e-03, 0., 1.95503421e-03, 1.95503421e-03,
       9.77517106e-04, 2.93255132e-03, 1.95503421e-03, 9.77517106e-04,
       9.77517106e-04, 2.93255132e-03, 0., 0., 1.95503421e-03,
       9.77517106e-04, 0., 9.77517106e-04, 0., 9.77517106e-04, 0.,
       3.91006842e-03, 9.77517106e-04, 9.77517106e-04, 3.91006842e-03,
       0., 1.95503421e-03, 0., 1.95503421e-03, 1.95503421e-03,
       4.88758553e-03, 0., 1.95503421e-03, 0., 2.93255132e-03, 0.,
       1.95503421e-03, 1.95503421e-03, 0., 2.93255132e-03, 0., 0.,
       1.95503421e-03, 0., 0., 0., 9.77517106e-04, 0., 0.,
       9.77517106e-04, 1.95503421e-03, 2.93255132e-03, 9.77517106e-04,
