%YAML:1.0
m100f: !!opencv-matrix
   rows: 1
   cols: 800
   dt: f
   data: [ 5.07099379e-04, 2.53549684e-03, 1.01419876e-03,
       1.52129820e-03, 1.52129820e-03, 0., 3.54969571e-03,
       1.01419876e-03, 1.01419876e-03, 2.02839752e-03, 1.01419876e-03,
       0., 1.52129820e-03, 2.53549684e-03, 0., 5.07099379e-04,
       1.01419876e-03, 0., 1.52129820e-03, 3.04259639e-03,
       1.52129820e-03, 1.01419876e-03, 5.07099379e-04, 1.01419876e-03,
       2.53549684e-03, 0., 1.52129820e-03, 0., 2.02839752e-03,
       1.52129820e-03, 2.02839752e-03, 0., 2.02839752e-03, 0., 0.,
       1.01419876e-03, 1.52129820e-03, 1.01419876e-03, 1.01419876e-03,
       0., 1.01419876e-03, 0., 0., 5.07099379e-04, 3.04259639e-03,
       3.04259639e-03, 1.01419876e-03, 1.52129820e-03, 4.05679503e-03,
       0., 0., 5.07099379e-04, 5.07099379e-04, 0., 3.04259639e-03,
       5.07099379e-04, 2.53549684e-03, 1.52129820e-03, 0.,
       5.07099379e-04, 0., 2.53549684e-03, 0., 4.56389459e-03,
       2.02839752e-03, 5.07099379e-04, 5.57809323e-03, 1.01419876e-03,
       0., 1.01419876e-03, 3.04259639e-03, 3.04259639e-03, 0.,
       1.01419876e-03, 5.07099368e-03, 1.52129820e-03, 5.07099379e-04,
       0., 1.01419876e-03, 0., 6.59229187e-03, 0., 0., 2.53549684e-03,
       5.07099379e-04, 1.01419876e-03, 2.02839752e-03, 5.07099379e-04,
       2.02839752e-03, 5.07099379e-04, 0., 5.07099379e-04, 0.,
       2.02839752e-03, 1.01419876e-03, 1.52129820e-03, 1.52129820e-03,
       3.04259639e-03, 1.52129820e-03, 1.52129820e-03, 1.01419876e-03,
       3.04259639e-03, 1.52129820e-03, 4.05679503e-03, 0.,
       4.05679503e-03, 5.07099379e-04, 5.07099379e-04, 2.02839752e-03,
       0., 2.02839752e-03, 0., 1.52129820e-03, 2.02839752e-03,
       8.11359007e-03, 0., 1.01419876e-03, 0., 3.04259639e-03,
       2.02839752e-03, 0., 0., 0., 0., 0., 1.01419876e-03, 0.,
       1.52129820e-03, 0., 0., 0., 2.02839752e-03, 2.02839752e-03,
       2.02839752e-03, 5.07099379e-04, 4.56389459e-03, 1.52129820e-03,
       5.07099379e-04, 0., 1.52129820e-03, 5.07099379e-04,
       5.07099379e-04, 2.53549684e-03, 4.56389459e-03, 1.01419876e-03,
       1.52129820e-03, 2.53549684e-03, 1.01419876e-03, 0., 0.,
       5.07099379e-04, 1.01419876e-03, 5.07099368e-03, 0.,
       2.53549684e-03, 0., 0., 5.07099379e-04, 1.52129820e-03, 0., 0.,
       1.01419876e-03, 2.02839752e-03, 5.07099379e-04, 0.,
       1.01419876e-03, 0., 1.52129820e-03, 0., 0., 2.02839752e-03,
       1.52129820e-03, 3.54969571e-03, 1.01419876e-03, 1.52129820e-03,
       0., 5.07099379e-04, 3.04259639e-03, 3.54969571e-03, 0.,
       3.54969571e-03, 0., 0., 1.01419876e-03, 5.07099379e-04,
       5.07099379e-04, 5.07099379e-04, 1.01419876e-03, 1.01419876e-03,
       5.07099379e-04, 5.07099379e-04, 2.02839752e-03, 1.52129820e-03,
       0., 5.07099379e-04, 2.02839752e-03, 0., 0., 0., 2.53549684e-03,
       1.01419876e-03, 2.02839752e-03, 0., 1.52129820e-03,
       1.01419876e-03, 5.07099379e-04, 1.52129820e-03, 3.54969571e-03,
       1.01419876e-03, 2.02839752e-03, 2.53549684e-03, 1.01419876e-03,
       0., 0., 0., 1.52129820e-03, 5.07099379e-04, 1.01419876e-03,
       1.52129820e-03, 1.01419876e-03, 1.01419876e-03, 5.07099368e-03,
       1.52129820e-03, 0., 2.02839752e-03, 1.52129820e-03,
       2.02839752e-03, 3.54969571e-03, 5.07099379e-04, 1.01419876e-03,
       3.04259639e-03, 1.52129820e-03, 5.07099379e-04, 1.01419876e-03,
       1.52129820e-03, 1.01419876e-03, 0., 1.01419876e-03,
       1.52129820e-03, 0., 5.07099379e-04, 2.02839752e-03,
       3.04259639e-03, 2.02839752e-03, 0., 4.05679503e-03,
       3.54969571e-03, 2.53549684e-03, 3.04259639e-03, 1.52129820e-03,
       5.07099379e-04, 1.52129820e-03, 1.01419876e-03, 1.52129820e-03,
       2.53549684e-03, 2.02839752e-03, 1.01419876e-03, 1.52129820e-03,
       0., 2.02839752e-03, 1.52129820e-03, 5.07099379e-04,
       1.52129820e-03, 0., 1.01419876e-03, 1.52129820e-03,
       1.52129820e-03, 1.52129820e-03, 1.52129820e-03, 1.52129820e-03,
       5.07099379e-04, 5.07099379e-04, 1.01419876e-03, 2.53549684e-03,
       0., 2.02839752e-03, 1.01419876e-03, 2.02839752e-03,
       3.54969571e-03, 2.02839752e-03, 1.01419876e-03, 0., 0.,
       2.02839752e-03, 2.02839752e-03, 5.07099379e-04, 2.02839752e-03,
       1.52129820e-03, 5.07099379e-04, 1.52129820e-03, 5.07099379e-04,
       5.07099368e-03, 1.52129820e-03, 0., 3.04259639e-03,
       5.57809323e-03, 1.01419876e-03, 0., 0., 1.01419876e-03, 0.,
       1.01419876e-03, 3.54969571e-03, 5.07099379e-04, 1.01419876e-03,
       0., 5.07099379e-04, 5.07099379e-04, 1.01419876e-03,
       1.01419876e-03, 2.02839752e-03, 5.07099379e-04, 5.07099368e-03,
       5.07099379e-04, 3.04259639e-03, 3.54969571e-03, 5.07099379e-04,
       5.07099379e-04, 1.01419876e-03, 5.07099379e-04, 0.,
       1.01419876e-03, 5.07099379e-04, 2.02839752e-03, 0., 0.,
       6.59229187e-03, 1.01419876e-03, 5.07099379e-04, 1.52129820e-03,
       1.52129820e-03, 0., 5.07099379e-04, 5.07099379e-04, 0.,
       1.52129820e-03, 4.56389459e-03, 1.01419876e-03, 1.01419876e-03,
       1.01419876e-03, 0., 1.52129820e-03, 1.52129820e-03,
       5.07099379e-04, 5.07099379e-04, 0., 2.02839752e-03,
       2.53549684e-03, 0., 5.07099379e-04, 1.52129820e-03, 0.,
       5.07099379e-04, 1.01419876e-03, 0., 0., 2.02839752e-03,
       5.07099379e-04, 1.01419876e-03, 0., 1.01419876e-03,
       1.01419876e-03, 5.07099379e-04, 0., 1.06490869e-02, 0., 0.,
       2.02839752e-03, 1.01419876e-03, 5.07099379e-04, 1.52129820e-03,
       1.52129820e-03, 1.52129820e-03, 5.07099379e-04, 1.52129820e-03,
       2.02839752e-03, 1.52129820e-03, 1.01419876e-03, 5.07099379e-04,
       3.04259639e-03, 3.54969571e-03, 1.01419876e-03, 1.52129820e-03,
       1.52129820e-03, 2.53549684e-03, 1.01419876e-03, 5.07099379e-04,
       1.01419876e-03, 1.01419876e-03, 0., 2.02839752e-03,
       1.52129820e-03, 1.52129820e-03, 1.52129820e-03, 0.,
       2.02839752e-03, 1.52129820e-03, 5.07099379e-04, 2.02839752e-03,
       5.07099379e-04, 2.02839752e-03, 5.07099379e-04, 4.56389459e-03,
       5.07099379e-04, 1.52129820e-03, 1.52129820e-03, 0.,
       2.02839752e-03, 1.52129820e-03, 5.07099379e-04, 2.53549684e-03,
       5.07099379e-04, 0., 2.02839752e-03, 5.07099379e-04,
       5.07099379e-04, 0., 0., 0., 2.02839752e-03, 5.07099379e-04,
       5.07099379e-04, 2.53549684e-03, 1.01419876e-03, 2.53549684e-03,
       6.08519278e-03, 2.53549684e-03, 0., 0., 1.52129820e-03,
       1.52129820e-03, 0., 2.02839752e-03, 0., 0., 2.53549684e-03,
       5.07099379e-04, 5.07099379e-04, 5.07099379e-04, 5.07099379e-04,
       5.07099379e-04, 5.07099379e-04, 0., 3.04259639e-03, 0.,
       1.52129820e-03, 0., 5.07099379e-04, 5.07099379e-04, 0.,
       1.01419876e-03, 2.02839752e-03, 1.01419876e-03, 2.02839752e-03,
       1.52129820e-03, 0., 1.26774842e-02, 1.01419876e-03,
       5.07099379e-04, 5.07099379e-04, 2.02839752e-03, 1.52129820e-03,
       1.52129820e-03, 5.07099379e-04, 0., 5.07099379e-04,
       1.52129820e-03, 4.56389459e-03, 1.52129820e-03, 5.07099379e-04,
       3.04259639e-03, 2.53549684e-03, 2.53549684e-03, 5.07099379e-04,
       5.07099379e-04, 1.52129820e-03, 0., 1.52129820e-03,
       2.02839752e-03, 2.53549684e-03, 1.52129820e-03, 2.02839752e-03,
       0., 5.07099379e-04, 5.07099379e-04, 5.07099379e-04, 0.,
       1.52129820e-03, 5.07099379e-04, 5.07099379e-04, 1.52129820e-03,
       2.53549684e-03, 5.07099379e-04, 2.53549684e-03, 5.07099379e-04,
       1.01419876e-03, 1.01419876e-03, 1.01419876e-03, 5.07099379e-04,
       1.01419876e-03, 1.01419876e-03, 1.01419876e-03, 1.52129820e-03,
       2.02839752e-03, 3.04259639e-03, 1.52129820e-03, 0., 0.,
       5.07099379e-04, 1.01419876e-03, 1.52129820e-03, 5.07099379e-04,
       1.01419876e-03, 2.53549684e-03, 2.02839752e-03, 1.01419876e-03,
       1.01419876e-03, 1.52129820e-03, 1.52129820e-03, 5.07099379e-04,
       1.01419876e-03, 5.07099379e-04, 5.07099379e-04, 1.52129820e-03,
       0., 3.54969571e-03, 0., 2.53549684e-03, 0., 5.07099379e-04,
