%YAML:1.0
m100f: !!opencv-matrix
   rows: 1
   cols: 800
   dt: f
   data: [ 0., 6.44329877e-04, 0., 1.28865975e-03, 6.44329877e-04,
       1.93298957e-03, 1.28865975e-03, 5.15463902e-03, 3.86597915e-03,
       0., 1.28865975e-03, 6.44329877e-04, 0., 0., 1.93298957e-03,
       1.93298957e-03, 2.57731951e-03, 1.28865975e-03, 0.,
       1.28865975e-03, 1.93298957e-03, 1.28865975e-03, 2.57731951e-03,
       1.93298957e-03, 6.44329877e-04, 1.28865975e-03, 6.44329877e-04,
       6.44329877e-04, 6.44329877e-04, 6.44329877e-04, 0., 0.,
       1.28865975e-03, 1.28865975e-03, 6.44329877e-04, 1.28865975e-03,
       1.28865975e-03, 2.57731951e-03, 6.44329877e-04, 2.12628860e-02,
       6.44329877e-04, 1.93298957e-03, 0., 3.86597915e-03,
       2.57731951e-03, 6.44329877e-04, 4.51030908e-03, 1.28865975e-03,
       6.44329877e-04, 6.44329877e-04, 1.28865975e-03, 6.44329877e-04,
       0., 6.44329877e-04, 3.86597915e-03, 7.73195829e-03,
       1.93298957e-03, 1.28865975e-03, 0., 2.57731951e-03,
       1.28865975e-03, 3.22164944e-03, 6.44329877e-04, 6.44329877e-04,
       6.44329877e-04, 6.44329877e-04, 1.93298957e-03, 1.93298957e-03,
       6.44329877e-04, 0., 0., 1.28865975e-03, 1.28865975e-03,
       1.28865975e-03, 3.86597915e-03, 0., 1.28865975e-03,
       1.93298957e-03, 1.28865975e-03, 6.44329877e-04, 1.28865975e-03,
       1.28865975e-03, 6.44329877e-04, 1.28865975e-03, 0., 0.,
       1.28865975e-03, 1.28865975e-03, 6.44329877e-04, 6.44329877e-04,
       1.93298957e-03, 6.44329877e-04, 1.93298957e-03, 6.44329877e-04,
       1.28865975e-03, 1.28865975e-03, 1.28865975e-03, 0.,
       1.93298957e-03, 3.86597915e-03, 1.93298957e-03, 1.93298957e-03,
       6.44329877e-04, 0., 6.44329877e-04, 2.57731951e-03,
       1.93298957e-03, 2.57731951e-03, 1.28865975e-03, 6.44329877e-04,
       0., 0., 6.44329877e-04, 1.28865975e-03, 6.44329877e-04,
       3.86597915e-03, 2.57731951e-03, 1.28865975e-03, 0.,
       6.44329877e-04, 0., 1.28865975e-03, 6.44329877e-04,
       6.44329877e-04, 2.57731951e-03, 6.44329877e-04, 3.22164944e-03,
       0., 1.28865975e-03, 0., 0., 1.93298957e-03, 1.28865975e-03,
       3.22164944e-03, 6.44329877e-04, 1.93298957e-03, 6.44329877e-04,
       1.28865975e-03, 6.44329877e-04, 1.93298957e-03, 0.,
       1.28865975e-03, 6.44329877e-04, 6.44329877e-04, 0., 0.,
       1.93298957e-03, 1.28865975e-03, 2.57731951e-03, 0., 0.,
       6.44329877e-04, 6.44329877e-04, 0., 2.57731951e-03, 0.,
       1.28865975e-03, 6.44329877e-04, 1.28865975e-03, 6.44329877e-04,
       1.28865975e-03, 1.28865975e-03, 5.15463902e-03, 1.28865975e-03,
       1.28865975e-03, 6.44329877e-04, 2.57731951e-03, 1.28865975e-03,
       1.93298957e-03, 1.28865975e-03, 6.44329877e-04, 0.,
       6.44329877e-04, 0., 6.44329877e-04, 2.57731951e-03, 0., 0.,
       1.28865975e-03, 6.44329877e-04, 0., 1.93298957e-03, 0., 0.,
       1.28865975e-03, 6.44329877e-04, 2.57731951e-03, 1.28865975e-03,
       0., 1.28865975e-03, 6.44329877e-04, 1.28865975e-03,
       6.44329877e-04, 1.28865975e-03, 2.57731951e-03, 6.44329877e-04,
       6.44329877e-04, 1.28865975e-03, 6.44329877e-04, 1.93298957e-03,
       1.93298957e-03, 0., 0., 0., 1.93298957e-03, 0., 6.44329877e-04,
       0., 2.57731951e-03, 1.28865975e-03, 6.44329877e-04,
       3.22164944e-03, 0., 6.44329877e-04, 1.28865975e-03, 0., 0.,
       6.44329877e-04, 6.44329877e-04, 0., 6.44329877e-04, 0.,
       1.93298957e-03, 3.86597915e-03, 1.28865975e-03, 6.44329877e-04,
       1.28865975e-03, 2.57731951e-03, 6.44329877e-04, 6.44329877e-04,
       6.44329877e-04, 6.44329877e-04, 1.28865975e-03, 0., 0.,
       6.44329877e-04, 1.28865975e-03, 2.57731951e-03, 0.,
       1.93298957e-03, 1.28865975e-03, 1.28865975e-03, 6.44329877e-04,
       1.93298957e-03, 1.28865975e-03, 6.44329877e-04, 1.28865975e-03,
       1.28865975e-03, 0., 1.93298957e-03, 0., 1.28865975e-03,
       1.93298957e-03, 1.93298957e-03, 1.28865975e-03, 1.93298957e-03,
       1.93298957e-03, 2.57731951e-03, 6.44329877e-04, 1.28865975e-03,
       1.28865975e-03, 6.44329877e-04, 1.28865975e-03, 1.93298957e-03,
       1.93298957e-03, 1.28865975e-03, 6.44329877e-04, 1.28865975e-03,
       0., 6.44329877e-04, 1.28865975e-03, 4.51030908e-03, 0., 0.,
       4.51030908e-03, 1.93298957e-03, 6.44329877e-04, 2.57731951e-03,
       1.28865975e-03, 2.57731951e-03, 6.44329877e-04, 2.57731951e-03,
       6.44329877e-04, 0., 0., 1.28865975e-03, 0., 6.44329877e-04,
       3.22164944e-03, 1.28865975e-03, 0., 1.93298957e-03,
       1.28865975e-03, 0., 2.57731951e-03, 5.15463902e-03,
       6.44329877e-04, 4.51030908e-03, 6.44329877e-04, 0., 0.,
       6.44329877e-04, 3.22164944e-03, 6.44329877e-04, 0.,
       2.57731951e-03, 0., 2.57731951e-03, 6.44329877e-04,
       1.28865975e-03, 6.44329877e-04, 0., 1.28865975e-03,
       2.57731951e-03, 1.93298957e-03, 2.57731951e-03, 1.93298957e-03,
       0., 1.28865975e-03, 4.51030908e-03, 2.57731951e-03,
       1.93298957e-03, 0., 0., 1.28865975e-03, 0., 1.93298957e-03,
       6.44329877e-04, 6.44329877e-04, 6.44329877e-04, 0., 0.,
       2.57731951e-03, 2.57731951e-03, 6.44329877e-04, 0.,
       1.93298957e-03, 0., 0., 0., 1.28865975e-03, 2.57731951e-03,
       2.57731951e-03, 6.44329877e-04, 0., 0., 3.22164944e-03,
       6.44329877e-04, 6.44329877e-04, 1.28865975e-03, 6.44329877e-04,
       0., 6.44329877e-04, 1.28865975e-03, 0., 0., 1.28865975e-03, 0.,
       6.44329877e-04, 6.44329877e-04, 6.44329877e-04, 1.93298957e-03,
       1.93298957e-03, 0., 6.44329877e-04, 6.44329877e-04,
       6.44329877e-04, 1.28865975e-03, 1.28865975e-03, 0.,
       6.44329877e-04, 1.93298957e-03, 1.28865975e-03, 6.44329877e-04,
       1.93298957e-03, 6.44329877e-04, 1.28865975e-03, 2.57731951e-03,
       1.28865975e-03, 1.28865975e-03, 1.28865975e-03, 1.28865975e-03,
       1.28865975e-03, 6.44329877e-04, 1.28865975e-03, 0.,
       1.93298957e-03, 2.57731951e-03, 1.93298957e-03, 6.44329877e-04,
       2.57731951e-03, 0., 1.93298957e-03, 6.44329877e-04,
       6.44329877e-04, 3.22164944e-03, 0., 6.44329877e-04,
       3.22164944e-03, 2.57731951e-03, 1.28865975e-03, 0.,
       2.57731951e-03, 1.28865975e-03, 6.44329877e-04, 0.,
       1.93298957e-03, 2.57731951e-03, 1.93298957e-03, 6.44329877e-04,
       0., 0., 3.86597915e-03, 6.44329877e-04, 1.93298957e-03,
       1.28865975e-03, 0., 6.44329877e-04, 1.28865975e-03,
       6.44329877e-04, 1.28865975e-03, 6.44329877e-04, 1.93298957e-03,
       0., 0., 6.44329877e-04, 1.28865975e-03, 1.93298957e-03, 0., 0.,
       0., 0., 0., 6.44329877e-04, 2.57731951e-03, 1.93298957e-03,
       1.93298957e-03, 1.28865975e-03, 0., 6.44329877e-04,
       2.57731951e-03, 1.93298957e-03, 0., 6.44329877e-04,
       6.44329877e-04, 3.22164944e-03, 5.79896895e-03, 3.86597915e-03,
       1.28865975e-03, 1.93298957e-03, 6.44329877e-04, 6.44329877e-04,
       1.28865975e-03, 1.28865975e-03, 1.93298957e-03, 6.44329877e-04,
       1.93298957e-03, 1.93298957e-03, 1.28865975e-03, 1.28865975e-03,
       2.57731951e-03, 6.44329877e-04, 2.57731951e-03, 1.28865975e-03,
       6.44329877e-04, 2.57731951e-03, 1.28865975e-03, 6.44329877e-04,
       2.57731951e-03, 2.57731951e-03, 2.57731951e-03, 3.22164944e-03,
       1.93298957e-03, 3.86597915e-03, 1.93298957e-03, 0.,
       1.28865975e-03, 0., 6.44329877e-04, 1.28865975e-03,
       3.22164944e-03, 6.44329877e-04, 1.93298957e-03, 6.44329877e-04,
       0., 1.93298957e-03, 1.28865975e-03, 0., 4.51030908e-03,
       2.57731951e-03, 1.28865975e-03, 6.44329877e-04, 6.44329877e-04,
       2.57731951e-03, 0., 6.44329877e-04, 0., 1.28865975e-03,
       3.86597915e-03, 3.86597915e-03, 0., 1.93298957e-03,
       1.93298957e-03, 1.93298957e-03, 2.57731951e-03, 6.44329877e-04,
       1.28865975e-03, 1.28865975e-03, 0., 6.44329877e-04,
       1.28865975e-03, 0., 1.93298957e-03, 3.22164944e-03,
       1.93298957e-03, 6.44329877e-04, 0., 1.28865975e-03,
       1.28865975e-03, 3.86597915e-03, 6.44329877e-04, 6.44329877e-04,
       0., 1.28865975e-03, 6.44329877e-04, 1.93298957e-03, 0.,
