%YAML:1.0
m100f: !!opencv-matrix
   rows: 1
   cols: 800
   dt: f
   data: [ 3.68731562e-04, 2.21238937e-03, 1.10619469e-03,
       1.84365781e-03, 0., 1.84365781e-03, 7.37463124e-04,
       1.10619469e-03, 3.68731562e-04, 0., 3.68731562e-04,
       3.68731562e-04, 3.68731562e-04, 7.37463124e-04, 3.68731562e-04,
       1.10619469e-03, 3.68731562e-04, 1.47492625e-03, 1.47492625e-03,
       3.68731562e-04, 3.68731562e-04, 1.10619469e-03, 1.84365781e-03,
       1.10619469e-03, 1.10619469e-03, 1.84365781e-03, 1.10619469e-03,
       3.68731562e-04, 0., 1.10619469e-03, 1.47492625e-03,
       1.47492625e-03, 1.84365781e-03, 1.84365781e-03, 1.10619469e-03,
       0., 1.47492625e-03, 1.84365781e-03, 0., 1.10619469e-03, 0., 0.,
       1.10619469e-03, 1.84365781e-03, 7.37463124e-04, 7.37463124e-04,
       1.47492625e-03, 2.94985250e-03, 7.37463124e-04, 7.37463124e-04,
       3.68731562e-04, 3.68731562e-04, 1.10619469e-03, 1.10619469e-03,
       7.37463124e-04, 1.10619469e-03, 3.68731562e-03, 7.37463124e-04,
       1.47492625e-03, 2.58112093e-03, 0., 1.10619469e-03,
       3.68731562e-04, 1.10619469e-03, 1.10619469e-03, 7.37463124e-04,
       7.37463124e-04, 1.10619469e-03, 3.68731562e-04, 3.31858406e-03,
       1.47492625e-03, 7.37463124e-04, 1.10619469e-03, 3.68731562e-04,
       3.68731562e-03, 1.47492625e-03, 2.94985250e-03, 3.68731562e-04,
       2.94985250e-03, 3.31858406e-03, 0., 7.37463124e-04,
       1.10619469e-03, 3.68731562e-04, 3.68731562e-04, 0.,
       1.10619469e-03, 3.68731562e-03, 7.37463124e-04, 1.47492625e-03,
       1.47492625e-03, 1.47492625e-03, 1.47492625e-03, 7.37463124e-04,
       3.68731562e-03, 1.47492625e-03, 1.10619469e-03, 3.68731562e-04,
       1.10619469e-03, 0., 7.37463124e-04, 1.10619469e-03,
       2.21238937e-03, 7.37463124e-04, 1.47492625e-03, 3.68731562e-04,
       7.37463124e-04, 1.47492625e-03, 3.68731562e-04, 3.68731562e-04,
       1.47492625e-03, 2.58112093e-03, 1.10619469e-03, 1.84365781e-03,
       7.37463124e-04, 1.84365781e-03, 3.68731562e-04, 1.10619469e-03,
       2.94985250e-03, 4.42477874e-03, 1.84365781e-03, 1.47492625e-03,
       2.21238937e-03, 3.68731562e-04, 1.47492625e-03, 7.37463124e-04,
       3.68731562e-04, 1.10619469e-03, 1.10619469e-03, 1.84365781e-03,
       1.10619469e-03, 2.94985250e-03, 7.37463124e-04, 1.47492625e-03,
       1.10619469e-03, 4.79351031e-03, 1.10619469e-03, 1.47492625e-03,
       2.21238937e-03, 2.21238937e-03, 1.10619469e-03, 3.68731562e-03,
       2.21238937e-03, 3.68731562e-04, 0., 2.58112093e-03,
       7.37463124e-04, 1.84365781e-03, 1.10619469e-03, 7.37463124e-04,
       1.10619469e-03, 2.21238937e-03, 3.68731562e-04, 7.37463124e-04,
       7.37463124e-04, 1.10619469e-03, 1.47492625e-03, 1.47492625e-03,
       1.10619469e-03, 0., 3.68731562e-04, 1.47492625e-03,
       7.37463124e-04, 2.21238937e-03, 1.47492625e-03, 2.58112093e-03,
       7.37463124e-04, 3.68731562e-04, 0., 1.10619469e-03,
       2.21238937e-03, 1.10619469e-03, 1.10619469e-03, 1.10619469e-03,
       7.37463124e-04, 3.68731562e-04, 1.47492625e-03, 3.68731562e-04,
       1.47492625e-03, 1.47492625e-03, 2.94985250e-03, 2.21238937e-03,
       1.10619469e-03, 3.68731562e-04, 1.10619469e-03, 7.37463124e-04,
       1.10619469e-03, 1.47492625e-03, 3.68731562e-04, 3.68731562e-04,
       2.58112093e-03, 0., 1.47492625e-03, 3.68731562e-04, 0.,
       3.31858406e-03, 7.37463124e-04, 7.37463124e-04, 1.10619469e-03,
       7.37463124e-04, 2.58112093e-03, 0., 2.21238937e-03,
       3.68731562e-04, 7.37463124e-04, 2.94985250e-03, 2.21238937e-03,
       3.68731562e-04, 3.68731562e-04, 0., 3.68731562e-04,
       1.47492625e-03, 0., 1.84365781e-03, 7.37463124e-04,
       1.84365781e-03, 3.68731562e-04, 3.68731562e-04, 2.58112093e-03,
       1.10619469e-03, 1.10619469e-03, 1.47492625e-03, 3.68731562e-04,
       1.10619469e-03, 3.68731562e-04, 1.10619469e-03, 0.,
       1.47492625e-03, 2.58112093e-03, 2.58112093e-03, 2.58112093e-03,
       1.84365781e-03, 1.10619469e-03, 1.10619469e-03, 1.47492625e-03,
       1.84365781e-03, 7.37463124e-04, 3.68731562e-04, 0.,
       7.37463124e-04, 1.47492625e-03, 1.10619469e-03, 1.10619469e-03,
       2.58112093e-03, 3.68731562e-04, 1.47492625e-03, 5.53097343e-03,
       1.10619469e-03, 1.47492625e-03, 1.10619469e-03, 1.10619469e-03,
       1.10619469e-03, 0., 2.21238937e-03, 7.37463124e-04,
       3.68731562e-04, 3.68731562e-04, 3.68731562e-04, 1.10619469e-03,
       7.37463124e-04, 1.47492625e-03, 7.37463124e-04, 3.68731562e-04,
       2.21238937e-03, 7.37463124e-04, 1.10619469e-03, 7.37463124e-04,
       1.10619469e-03, 3.68731562e-04, 1.47492625e-03, 2.21238937e-03,
       1.84365781e-03, 2.21238937e-03, 1.47492625e-03, 3.68731562e-04,
       1.84365781e-03, 7.37463124e-04, 1.10619469e-03, 1.10619469e-03,
       7.37463124e-04, 2.21238937e-03, 1.84365781e-03, 7.37463124e-04,
       1.10619469e-03, 0., 1.10619469e-03, 1.47492625e-03,
       7.37463124e-04, 2.58112093e-03, 3.68731562e-04, 1.47492625e-03,
       1.84365781e-03, 2.94985250e-03, 3.68731562e-04, 1.10619469e-03,
       1.10619469e-03, 1.47492625e-03, 1.10619469e-03, 7.37463124e-04,
       1.47492625e-03, 1.10619469e-03, 3.68731562e-04, 1.47492625e-03,
       0., 1.47492625e-03, 3.68731562e-04, 1.84365781e-03,
       7.37463124e-04, 2.21238937e-03, 1.84365781e-03, 3.68731562e-03,
       3.68731562e-04, 2.21238937e-03, 1.10619469e-03, 3.68731562e-04,
       7.37463124e-04, 7.37463124e-04, 1.10619469e-03, 1.10619469e-03,
       1.84365781e-03, 1.47492625e-03, 1.10619469e-03, 7.37463124e-04,
       1.10619469e-03, 7.37463124e-04, 2.21238937e-03, 1.10619469e-03,
       7.37463124e-04, 4.05604718e-03, 7.37463124e-04, 0.,
       1.47492625e-03, 2.21238937e-03, 2.21238937e-03, 1.47492625e-03,
       3.68731562e-04, 1.10619469e-03, 3.68731562e-04, 1.10619469e-03,
       3.68731562e-04, 7.37463124e-04, 2.21238937e-03, 1.84365781e-03,
       0., 3.68731562e-03, 2.21238937e-03, 1.47492625e-03,
       1.10619469e-03, 7.37463124e-04, 3.68731562e-04, 7.37463124e-04,
       3.68731562e-04, 0., 2.21238937e-03, 1.84365781e-03,
       1.47492625e-03, 3.68731562e-04, 7.37463124e-04, 1.10619469e-03,
       3.68731562e-03, 7.37463124e-04, 1.47492625e-03, 4.05604718e-03,
       2.21238937e-03, 1.10619469e-03, 2.21238937e-03, 7.37463124e-04,
       1.84365781e-03, 1.84365781e-03, 1.10619469e-03, 5.89970499e-03,
       1.84365781e-03, 1.47492625e-03, 1.47492625e-03, 1.84365781e-03,
       2.94985250e-03, 2.94985250e-03, 7.37463124e-04, 1.47492625e-03,
       7.37463124e-04, 1.47492625e-03, 7.37463124e-04, 7.37463124e-04,
       1.47492625e-03, 1.84365781e-03, 7.37463124e-04, 1.47492625e-03,
       3.68731562e-04, 1.47492625e-03, 1.84365781e-03, 1.10619469e-03,
       1.10619469e-03, 7.37463124e-04, 3.68731562e-03, 7.37463124e-04,
       0., 1.10619469e-03, 2.21238937e-03, 7.37463124e-04,
       2.21238937e-03, 1.47492625e-03, 3.68731562e-04, 1.10619469e-03,
       1.47492625e-03, 7.37463124e-04, 7.37463124e-04, 7.37463124e-04,
       2.21238937e-03, 3.68731562e-04, 3.68731562e-04, 2.58112093e-03,
       2.21238937e-03, 1.47492625e-03, 1.10619469e-03, 7.37463124e-04,
       1.84365781e-03, 2.58112093e-03, 1.10619469e-03, 1.10619469e-03,
       1.84365781e-03, 7.37463124e-04, 3.68731562e-04, 0.,
       2.58112093e-03, 0., 7.37463124e-04, 1.47492625e-03,
       1.10619469e-03, 7.37463124e-04, 1.10619469e-03, 2.21238937e-03,
       1.10619469e-03, 3.68731562e-04, 0., 7.37463124e-04,
       7.37463124e-04, 1.84365781e-03, 1.10619469e-03, 0.,
       3.68731562e-04, 1.84365781e-03, 1.47492625e-03, 4.05604718e-03,
       1.10619469e-03, 3.68731562e-04, 1.84365781e-03, 4.79351031e-03,
       3.68731562e-04, 0., 1.47492625e-03, 0., 2.58112093e-03,
       1.47492625e-03, 7.37463124e-04, 1.47492625e-03, 2.58112093e-03,
       0., 1.47492625e-03, 7.37463124e-04, 1.10619469e-03,
       7.37463124e-04, 1.10619469e-03, 1.84365781e-03, 1.10619469e-03,
       1.10619469e-03, 1.10619469e-03, 7.37463124e-04, 1.10619469e-03,
