%YAML:1.0
m100f: !!opencv-matrix
   rows: 1
   cols: 800
   dt: f
   data: [ 1.04821799e-03, 1.04821799e-03, 0., 1.04821799e-03,
       1.04821799e-03, 4.19287197e-03, 0., 1.04821799e-02, 0.,
       4.19287197e-03, 3.14465398e-03, 1.04821799e-03, 0., 0.,
       1.04821799e-03, 1.04821799e-03, 0., 1.04821799e-03, 0.,
       1.04821799e-03, 1.04821799e-03, 1.04821799e-03, 0., 0.,
       2.09643599e-03, 1.04821799e-03, 1.04821799e-03, 1.04821799e-03,
       2.09643599e-03, 0., 2.09643599e-03, 2.09643599e-03, 0., 0.,
       2.09643599e-03, 1.04821799e-03, 0., 0., 2.09643599e-03,
       1.04821799e-03, 1.04821799e-03, 1.04821799e-03, 0.,
       4.19287197e-03, 3.14465398e-03, 4.19287197e-03, 0.,
       2.09643599e-03, 0., 2.09643599e-03, 0., 1.04821799e-03,
       4.19287197e-03, 2.09643599e-03, 0., 4.19287197e-03, 0.,
       3.14465398e-03, 0., 2.09643599e-03, 1.04821799e-03,
       2.09643599e-03, 0., 3.14465398e-03, 0., 1.04821799e-03,
       4.19287197e-03, 4.19287197e-03, 3.14465398e-03, 4.19287197e-03,
       2.09643599e-03, 2.09643599e-03, 3.14465398e-03, 7.33752595e-03,
       0., 1.04821799e-03, 2.09643599e-03, 7.33752595e-03, 0.,
       2.09643599e-03, 1.04821799e-03, 3.14465398e-03, 0.,
       2.09643599e-03, 1.04821799e-03, 1.04821799e-03, 1.04821799e-03,
       1.04821799e-03, 3.14465398e-03, 1.04821799e-03, 0., 0.,
       1.04821799e-03, 1.04821799e-03, 0., 3.14465398e-03,
       1.04821799e-03, 1.04821799e-03, 1.04821799e-03, 2.09643599e-03,
       1.04821799e-03, 1.04821799e-03, 0., 2.09643599e-03,
       2.09643599e-03, 0., 1.04821799e-03, 1.04821799e-03,
       1.04821799e-03, 0., 1.04821799e-03, 1.04821799e-03, 0.,
       1.04821799e-03, 2.09643599e-03, 3.14465398e-03, 1.04821799e-03,
       0., 0., 1.04821799e-03, 1.04821799e-03, 0., 0., 3.14465398e-03,
       2.09643599e-03, 1.04821799e-03, 5.24108997e-03, 0., 0.,
       2.09643599e-03, 2.09643599e-03, 6.28930796e-03, 1.04821799e-03,
       0., 1.04821799e-03, 0., 0., 1.04821799e-03, 2.09643599e-03,
       3.14465398e-03, 0., 0., 2.09643599e-03, 1.04821799e-03, 0., 0.,
       0., 0., 1.04821799e-03, 0., 2.09643599e-03, 2.09643599e-03,
       1.04821799e-03, 1.04821799e-03, 1.04821799e-03, 0., 0., 0., 0.,
       8.38574395e-03, 1.04821799e-03, 0., 5.24108997e-03,
       5.24108997e-03, 4.19287197e-03, 1.04821799e-03, 1.04821799e-03,
       1.04821799e-03, 2.09643599e-03, 0., 1.04821799e-03, 0., 0., 0.,
       0., 0., 0., 3.14465398e-03, 0., 0., 0., 2.09643599e-03, 0.,
       2.09643599e-03, 2.09643599e-03, 0., 2.09643599e-03,
       1.04821799e-03, 1.04821799e-03, 0., 1.04821799e-03,
       2.09643599e-03, 1.04821799e-03, 0., 4.19287197e-03,
       1.04821799e-03, 1.04821799e-03, 1.04821799e-03, 1.04821799e-03,
       1.04821799e-03, 1.04821799e-03, 0., 0., 1.04821799e-03,
       2.09643599e-03, 2.09643599e-03, 1.04821799e-03, 2.09643599e-03,
       0., 1.04821799e-03, 1.04821799e-03, 0., 1.04821799e-03, 0., 0.,
       1.04821799e-03, 3.14465398e-03, 2.09643599e-03, 4.19287197e-03,
       2.09643599e-03, 1.04821799e-03, 2.09643599e-03, 0.,
       1.04821799e-03, 0., 2.09643599e-03, 1.04821799e-03, 0.,
       1.04821799e-03, 0., 0., 0., 4.19287197e-03, 0., 1.04821799e-03,
       1.04821799e-03, 4.19287197e-03, 2.09643599e-03, 0., 0.,
       1.04821799e-03, 0., 2.09643599e-03, 4.19287197e-03, 0.,
       1.04821799e-03, 4.19287197e-03, 1.04821799e-03, 1.04821799e-03,
       2.09643599e-03, 0., 0., 0., 0., 2.09643599e-03, 3.14465398e-03,
       0., 0., 1.04821799e-03, 1.04821799e-03, 1.04821799e-03, 0.,
       5.24108997e-03, 0., 1.04821799e-03, 1.04821799e-03, 0.,
       1.04821799e-03, 0., 2.09643599e-03, 0., 0., 3.14465398e-03, 0.,
       3.14465398e-03, 0., 0., 4.19287197e-03, 2.09643599e-03, 0.,
       1.04821799e-03, 0., 1.04821799e-03, 0., 2.09643599e-03, 0.,
       3.14465398e-03, 1.04821799e-03, 1.04821799e-03, 0.,
       3.14465398e-03, 1.04821799e-03, 1.04821799e-03, 0., 0.,
       9.43396240e-03, 1.04821799e-03, 1.04821799e-03, 0.,
       4.19287197e-03, 1.04821799e-03, 2.09643599e-03, 1.04821799e-03,
       0., 0., 1.04821799e-03, 1.04821799e-03, 0., 0., 1.04821799e-03,
       8.38574395e-03, 0., 0., 3.14465398e-03, 2.09643599e-03,
       2.09643599e-03, 0., 2.09643599e-03, 2.09643599e-03,
       2.09643599e-03, 3.14465398e-03, 1.04821799e-03, 0., 0.,
       6.28930796e-03, 1.04821799e-03, 0., 0., 3.14465398e-03, 0., 0.,
       2.09643599e-03, 0., 1.04821799e-03, 0., 3.14465398e-03,
       2.09643599e-03, 2.09643599e-03, 0., 1.04821799e-03,
       1.04821799e-03, 1.04821799e-03, 1.04821799e-03, 0., 0.,
       2.09643599e-03, 0., 0., 1.04821799e-03, 0., 2.09643599e-03,
       1.04821799e-03, 0., 2.09643599e-03, 1.04821799e-03, 0., 0.,
       1.04821799e-03, 0., 0., 0., 1.04821799e-03, 0., 0., 0., 0.,
       3.14465398e-03, 3.14465398e-03, 2.09643599e-03, 0.,
       1.04821799e-03, 1.04821799e-03, 3.14465398e-03, 1.04821799e-03,
       0., 0., 0., 0., 1.04821799e-03, 1.04821799e-03, 0.,
       1.04821799e-03, 6.28930796e-03, 0., 2.09643599e-03, 0.,
       1.04821799e-03, 0., 2.09643599e-03, 2.09643599e-03, 0., 0.,
       1.04821799e-03, 1.04821799e-03, 1.04821799e-03, 1.04821799e-03,
       1.04821799e-03, 1.04821799e-03, 1.04821799e-03, 1.04821799e-03,
       1.04821799e-03, 1.04821799e-03, 0., 0., 1.04821799e-03,
       1.04821799e-03, 1.04821799e-03, 1.04821799e-03, 1.04821799e-03,
       1.04821799e-03, 0., 2.09643599e-03, 0., 0., 0., 1.04821799e-03,
       1.04821799e-03, 3.14465398e-03, 0., 3.14465398e-03, 0., 0.,
       2.09643599e-03, 0., 0., 5.24108997e-03, 0., 0., 2.09643599e-03,
       6.28930796e-03, 0., 0., 2.09643599e-03, 2.09643599e-03, 0.,
       1.25786159e-02, 1.04821799e-03, 0., 0., 3.14465398e-03, 0.,
       1.04821799e-03, 1.04821799e-03, 1.04821799e-03, 0.,
       4.19287197e-03, 5.24108997e-03, 4.19287197e-03, 0.,
       2.09643599e-03, 1.04821799e-03, 0., 0., 0., 2.09643599e-03, 0.,
       1.04821799e-03, 0., 1.04821799e-03, 0., 0., 1.04821799e-03,
       3.14465398e-03, 1.04821799e-03, 0., 2.09643599e-03,
       2.09643599e-03, 0., 1.04821799e-03, 0., 0., 0., 0.,
       1.04821799e-03, 0., 0., 1.04821799e-03, 2.09643599e-03,
       1.04821799e-03, 1.04821799e-03, 3.14465398e-03, 2.09643599e-03,
       0., 0., 1.04821799e-03, 0., 1.04821799e-03, 1.04821799e-03,
       2.09643599e-03, 1.04821799e-03, 1.04821799e-03, 0., 0.,
       1.04821799e-03, 2.09643599e-03, 1.04821799e-03, 0.,
       1.04821799e-03, 0., 1.04821799e-03, 1.04821799e-03,
       4.19287197e-03, 0., 0., 1.04821799e-03, 1.04821799e-02, 0., 0.,
       2.09643599e-03, 7.33752595e-03, 0., 0., 1.04821799e-03,
       1.04821799e-03, 2.09643599e-03, 0., 1.04821799e-03,
       2.09643599e-03, 0., 2.09643599e-03, 1.04821799e-03,
       1.04821799e-03, 0., 1.04821799e-03, 2.09643599e-03,
       1.04821799e-03, 0., 2.09643599e-03, 1.04821799e-03,
       1.04821799e-03, 1.04821799e-03, 1.04821799e-03, 0.,
       2.09643599e-03, 3.14465398e-03, 1.04821799e-03, 1.04821799e-03,
       3.14465398e-03, 1.04821799e-03, 2.09643599e-03, 2.09643599e-03,
       1.04821799e-03, 0., 0., 1.04821799e-03, 0., 0., 1.04821799e-03,
       0., 3.14465398e-03, 0., 2.09643599e-03, 0., 0., 0.,
       1.04821799e-03, 2.09643599e-03, 1.04821799e-03, 0.,
       1.04821799e-03, 1.04821799e-03, 4.19287197e-03, 1.04821799e-03,
       1.04821799e-03, 1.04821799e-03, 1.04821799e-03, 1.04821799e-03,
       2.09643599e-03, 3.14465398e-03, 1.04821799e-03, 0., 0., 0.,
       3.14465398e-03, 0., 2.09643599e-03, 6.28930796e-03, 0., 0., 0.,
       4.19287197e-03, 0., 2.09643599e-03, 2.09643599e-03,
       4.19287197e-03, 0., 1.04821799e-03, 2.09643599e-03,
       1.04821799e-03, 1.04821799e-03, 1.04821799e-03, 0.,
       4.19287197e-03, 2.09643599e-03, 0., 0., 0., 0., 3.14465398e-03,
       2.09643599e-03, 0., 0., 1.04821799e-03, 0., 3.14465398e-03,
       1.04821799e-03, 3.14465398e-03, 2.09643599e-03, 1.04821799e-03,
       0., 0., 3.14465398e-03, 0., 0., 0., 1.04821799e-03,
