%YAML:1.0
m100f: !!opencv-matrix
   rows: 1
   cols: 800
   dt: f
   data: [ 0., 2.79589929e-03, 5.12581551e-03, 2.79589929e-03,
       9.31966468e-04, 4.65983234e-04, 1.39794964e-03, 4.65983234e-04,
       4.65983234e-04, 9.31966468e-04, 4.65983234e-04, 4.65983234e-04,
       1.39794964e-03, 3.72786587e-03, 9.31966468e-04, 4.65983234e-04,
       9.31966468e-04, 1.39794964e-03, 0., 1.39794964e-03,
       2.79589929e-03, 4.65983234e-04, 0., 0., 4.65983234e-04,
       4.19384893e-03, 4.65983234e-04, 0., 9.31966468e-04, 0., 0.,
       1.86393294e-03, 0., 4.19384893e-03, 1.39794964e-03,
       4.65983246e-03, 4.65983234e-04, 9.31966468e-04, 9.31966468e-04,
       0., 2.79589929e-03, 9.31966468e-04, 1.39794964e-03,
       1.86393294e-03, 9.31966468e-04, 0., 3.72786587e-03,
       5.12581551e-03, 2.79589929e-03, 4.65983234e-04, 4.65983234e-04,
       1.86393294e-03, 1.39794964e-03, 4.65983234e-04, 4.65983234e-04,
       1.86393294e-03, 9.31966468e-04, 4.65983234e-04, 9.31966468e-04,
       4.65983234e-04, 0., 1.39794964e-03, 4.65983234e-04,
       3.26188258e-03, 1.39794964e-03, 4.65983234e-04, 2.79589929e-03,
       4.65983234e-04, 0., 1.39794964e-03, 9.31966468e-04,
       9.31966468e-04, 0., 9.31966468e-04, 4.19384893e-03,
       1.39794964e-03, 0., 9.31966468e-04, 1.86393294e-03, 0.,
       4.65983234e-04, 9.31966468e-04, 9.31966468e-04, 1.39794964e-03,
       9.31966468e-04, 9.31966468e-04, 1.39794964e-03, 2.32991623e-03,
       9.31966468e-04, 2.32991623e-03, 1.39794964e-03, 4.65983234e-04,
       4.65983234e-04, 9.31966468e-04, 4.65983234e-04, 4.65983234e-04,
       1.39794964e-03, 2.79589929e-03, 2.32991623e-03, 4.65983234e-04,
       2.79589929e-03, 3.26188258e-03, 1.86393294e-03, 3.26188258e-03,
       0., 2.32991623e-03, 4.65983234e-04, 0., 1.86393294e-03,
       4.65983234e-04, 1.39794964e-03, 3.72786587e-03, 0.,
       3.72786587e-03, 9.31966468e-04, 3.26188258e-03, 4.65983234e-04,
       1.86393294e-03, 2.32991623e-03, 1.39794964e-03, 3.26188258e-03,
       9.31966468e-04, 1.86393294e-03, 1.39794964e-03, 1.39794964e-03,
       9.31966468e-04, 4.65983234e-04, 0., 4.65983234e-04,
       9.31966468e-04, 0., 1.39794964e-03, 9.31966468e-04, 0.,
       4.65983234e-04, 0., 4.65983234e-04, 9.31966468e-04,
       9.31966468e-04, 2.79589929e-03, 0., 2.32991623e-03,
       1.86393294e-03, 3.26188258e-03, 4.65983234e-04, 9.31966468e-04,
       0., 9.31966468e-04, 0., 9.31966468e-04, 2.32991623e-03,
       4.65983234e-04, 1.86393294e-03, 4.65983234e-04, 3.26188258e-03,
       0., 0., 1.86393294e-03, 0., 9.31966468e-04, 4.65983234e-04,
       1.39794964e-03, 2.32991623e-03, 1.86393294e-03, 1.39794964e-03,
       9.31966468e-04, 0., 2.79589929e-03, 9.31966468e-04,
       9.31966468e-04, 2.32991623e-03, 1.86393294e-03, 9.31966468e-04,
       1.86393294e-03, 0., 0., 1.39794964e-03, 2.79589929e-03,
       2.79589929e-03, 0., 0., 4.65983234e-04, 0., 0., 9.31966468e-04,
       9.31966468e-04, 9.31966468e-04, 1.39794964e-03, 1.39794964e-03,
       2.32991623e-03, 0., 2.79589929e-03, 0., 4.65983234e-04,
       1.39794964e-03, 2.79589929e-03, 4.65983234e-04, 1.39794964e-03,
       0., 2.32991623e-03, 4.19384893e-03, 9.31966468e-04,
       9.31966468e-04, 1.39794964e-03, 3.26188258e-03, 9.31966468e-04,
       1.39794964e-03, 1.39794964e-03, 9.31966468e-04, 1.39794964e-03,
       1.86393294e-03, 2.32991623e-03, 0., 9.31966468e-04,
       2.32991623e-03, 4.65983234e-04, 0., 9.31966468e-04,
       4.65983234e-04, 1.39794964e-03, 9.31966468e-04, 9.31966468e-04,
       9.31966468e-04, 1.39794964e-03, 1.39794964e-03, 2.32991623e-03,
       2.79589929e-03, 3.26188258e-03, 1.39794964e-03, 3.72786587e-03,
       3.26188258e-03, 4.65983234e-04, 1.39794964e-03, 9.31966468e-04,
       1.39794964e-03, 9.31966468e-04, 0., 4.65983234e-04,
       3.26188258e-03, 3.72786587e-03, 2.32991623e-03, 4.65983234e-04,
       2.79589929e-03, 1.39794964e-03, 9.31966468e-04, 1.39794964e-03,
       1.86393294e-03, 1.86393294e-03, 0., 2.32991623e-03,
       1.86393294e-03, 9.31966468e-04, 3.72786587e-03, 2.79589929e-03,
       4.19384893e-03, 4.65983246e-03, 4.65983234e-04, 1.39794964e-03,
       9.31966468e-04, 3.26188258e-03, 1.86393294e-03, 1.39794964e-03,
       9.31966468e-04, 0., 1.86393294e-03, 4.65983234e-04,
       1.39794964e-03, 4.65983234e-04, 1.86393294e-03, 1.39794964e-03,
       4.65983234e-04, 4.65983234e-04, 1.86393294e-03, 3.72786587e-03,
       4.65983234e-04, 0., 0., 1.39794964e-03, 2.32991623e-03,
       4.65983234e-04, 0., 9.31966468e-04, 1.39794964e-03,
       2.32991623e-03, 4.65983234e-04, 4.65983234e-04, 9.31966468e-04,
       9.31966468e-04, 9.31966468e-04, 9.31966468e-04, 3.26188258e-03,
       3.26188258e-03, 4.65983234e-04, 3.26188258e-03, 0.,
       3.26188258e-03, 1.39794964e-03, 1.39794964e-03, 1.39794964e-03,
       4.65983234e-04, 9.31966468e-04, 9.31966468e-04, 3.72786587e-03,
       9.31966468e-04, 2.32991623e-03, 4.65983234e-04, 1.86393294e-03,
       1.39794964e-03, 4.65983234e-04, 1.39794964e-03, 0.,
       4.65983234e-04, 2.79589929e-03, 0., 9.31966468e-04,
       4.65983234e-04, 3.26188258e-03, 1.86393294e-03, 1.39794964e-03,
       1.39794964e-03, 2.32991623e-03, 4.65983234e-04, 4.65983234e-04,
       1.39794964e-03, 0., 1.39794964e-03, 1.39794964e-03,
       1.86393294e-03, 5.12581551e-03, 4.65983234e-04, 9.31966468e-04,
       0., 4.65983234e-04, 0., 0., 1.86393294e-03, 0., 0.,
       1.39794964e-03, 4.65983234e-04, 4.65983234e-04, 2.32991623e-03,
       9.31966468e-04, 2.32991623e-03, 9.31966468e-04, 1.39794964e-03,
       1.39794964e-03, 1.86393294e-03, 1.39794964e-03, 4.65983234e-04,
       0., 1.39794964e-03, 0., 1.39794964e-03, 1.39794964e-03, 0., 0.,
       9.31966468e-04, 4.65983234e-04, 9.31966468e-04, 0.,
       9.31966468e-04, 2.32991623e-03, 9.31966468e-04, 4.65983234e-04,
       0., 1.86393294e-03, 1.86393294e-03, 2.32991623e-03,
       2.32991623e-03, 4.65983234e-04, 1.39794964e-03, 1.39794964e-03,
       4.65983234e-04, 1.86393294e-03, 4.65983234e-04, 4.65983234e-04,
       0., 1.39794964e-03, 3.26188258e-03, 9.31966468e-04,
       1.86393294e-03, 2.79589929e-03, 9.31966468e-04, 3.26188258e-03,
       9.31966468e-04, 4.65983234e-04, 1.39794964e-03, 1.86393294e-03,
       4.65983234e-04, 9.31966468e-04, 0., 1.39794964e-03,
       4.65983234e-04, 1.39794964e-03, 2.32991623e-03, 1.39794964e-03,
       0., 0., 4.65983234e-04, 1.86393294e-03, 4.65983234e-04,
       1.86393294e-03, 9.31966468e-04, 9.31966468e-04, 1.86393294e-03,
       1.86393294e-03, 0., 9.31966468e-04, 1.39794964e-03, 0., 0., 0.,
       4.65983246e-03, 0., 1.86393294e-03, 4.65983234e-04,
       4.65983234e-04, 0., 1.39794964e-03, 1.39794964e-03,
       1.39794964e-03, 9.31966468e-04, 2.32991623e-03, 2.32991623e-03,
       1.39794964e-03, 0., 9.31966468e-04, 9.31966468e-04,
       4.65983234e-04, 0., 9.31966468e-04, 2.32991623e-03,
       4.65983234e-04, 4.65983234e-04, 3.26188258e-03, 0.,
       9.31966468e-04, 2.32991623e-03, 9.31966468e-04, 1.39794964e-03,
       0., 5.12581551e-03, 1.39794964e-03, 4.65983234e-04,
       1.86393294e-03, 0., 1.39794964e-03, 1.39794964e-03,
       9.31966468e-04, 4.65983234e-04, 2.32991623e-03, 4.65983234e-04,
       1.39794964e-03, 4.65983234e-04, 4.65983234e-04, 9.31966468e-04,
       1.39794964e-03, 1.39794964e-03, 1.86393294e-03, 4.65983234e-04,
       4.65983234e-04, 0., 3.26188258e-03, 4.65983234e-04, 0.,
       1.39794964e-03, 9.31966468e-04, 1.39794964e-03, 4.65983234e-04,
       1.86393294e-03, 9.31966468e-04, 1.39794964e-03, 4.65983234e-04,
       9.31966468e-04, 0., 1.86393294e-03, 1.86393294e-03,
       4.65983234e-04, 1.39794964e-03, 1.39794964e-03, 1.86393294e-03,
       0., 0., 1.86393294e-03, 1.86393294e-03, 4.65983234e-04,
       9.31966468e-04, 0., 4.65983234e-04, 9.31966468e-04,
       1.39794964e-03, 4.65983234e-04, 1.39794964e-03, 4.65983234e-04,
       0., 1.86393294e-03, 0., 1.39794964e-03, 4.65983234e-04,
       1.39794964e-03, 9.31966468e-04, 3.72786587e-03, 9.31966468e-04,
