%YAML:1.0
m100f: !!opencv-matrix
   rows: 1
   cols: 200
   dt: f
   data: [ 2.62237759e-03, 3.49650346e-03, 1.74825173e-03, 0.,
       4.37062932e-03, 2.62237759e-03, 6.11888105e-03, 1.74825173e-02,
       6.99300691e-03, 6.99300691e-03, 2.62237759e-03, 4.37062932e-03,
       4.37062932e-03, 2.62237759e-03, 3.49650346e-03, 1.22377621e-02,
       2.62237750e-02, 3.49650346e-03, 5.24475519e-03, 3.49650346e-03,
       8.74125864e-04, 3.49650346e-03, 2.62237759e-03, 6.11888105e-03,
       4.37062932e-03, 3.49650346e-03, 3.49650346e-03, 3.49650346e-03,
       6.99300691e-03, 3.49650346e-03, 2.62237759e-03, 5.24475519e-03,
       9.61538404e-03, 3.49650346e-03, 6.11888105e-03, 1.74825173e-03,
       3.49650346e-03, 9.61538404e-03, 8.74125864e-04, 1.22377621e-02,
       3.49650346e-03, 7.86713324e-03, 7.86713324e-03, 6.11888105e-03,
       0., 6.99300691e-03, 3.49650346e-03, 0., 3.49650346e-03,
       1.74825173e-03, 8.74125864e-04, 0., 4.37062932e-03,
       3.49650346e-03, 7.86713324e-03, 4.37062932e-03, 6.11888105e-03,
       1.74825173e-03, 4.37062932e-03, 1.13636367e-02, 1.74825173e-03,
       2.62237759e-03, 4.37062932e-03, 0., 9.61538404e-03,
       2.62237759e-03, 1.74825173e-03, 3.49650346e-03, 7.86713324e-03,
       8.74125864e-04, 8.74125864e-03, 0., 3.49650346e-03,
       3.49650346e-03, 3.49650346e-03, 8.74125864e-04, 2.09790207e-02,
       6.11888105e-03, 1.31118875e-02, 4.37062932e-03, 8.74125864e-04,
       6.99300691e-03, 1.04895104e-02, 2.62237759e-03, 1.22377621e-02,
       3.49650346e-03, 1.04895104e-02, 2.62237759e-03, 5.24475519e-03,
       2.62237759e-03, 3.49650346e-03, 1.13636367e-02, 1.74825173e-03,
       1.13636367e-02, 4.37062932e-03, 1.74825173e-03, 6.99300691e-03,
       3.49650346e-03, 1.83566436e-02, 5.24475519e-03, 3.49650346e-03,
       1.04895104e-02, 8.74125864e-04, 2.62237759e-03, 1.22377621e-02,
       8.74125864e-04, 3.49650346e-03, 4.37062932e-03, 8.74125864e-03,
       1.04895104e-02, 7.86713324e-03, 4.37062932e-03, 3.49650346e-03,
       0., 2.62237759e-03, 2.62237759e-03, 4.37062932e-03,
       5.24475519e-03, 1.74825173e-03, 3.49650346e-03, 1.74825173e-03,
       3.49650346e-03, 7.86713324e-03, 0., 2.62237759e-03,
       6.11888105e-03, 8.74125864e-03, 4.37062932e-03, 3.49650346e-03,
       4.37062932e-03, 0., 2.62237759e-03, 7.86713324e-03,
       1.74825173e-03, 6.99300691e-03, 5.24475519e-03, 7.86713324e-03,
       0., 5.24475519e-03, 5.24475519e-03, 2.62237759e-03,
       4.37062932e-03, 5.24475519e-03, 2.62237759e-03, 2.62237759e-03,
       5.24475519e-03, 3.49650346e-03, 3.49650346e-03, 0.,
       7.86713324e-03, 4.37062932e-03, 9.61538404e-03, 1.74825173e-03,
       2.62237759e-03, 1.74825173e-03, 4.37062932e-03, 7.86713324e-03,
       2.62237759e-03, 2.62237759e-03, 1.74825173e-03, 2.62237759e-03,
       1.22377621e-02, 4.37062932e-03, 6.11888105e-03, 6.99300691e-03,
       1.22377621e-02, 7.86713324e-03, 5.24475519e-03, 1.13636367e-02,
       4.37062932e-03, 1.74825173e-03, 1.74825173e-03, 6.11888105e-03,
       8.74125864e-03, 5.24475519e-03, 2.62237759e-03, 1.74825173e-03,
       5.24475519e-03, 6.99300691e-03, 5.24475519e-03, 8.74125864e-03,
       3.49650346e-03, 1.74825173e-03, 6.99300691e-03, 8.74125864e-04,
       8.74125864e-04, 4.37062932e-03, 4.37062932e-03, 6.11888105e-03,
       5.24475519e-03, 1.57342665e-02, 8.74125864e-04, 2.62237759e-03,
       4.37062932e-03, 6.11888105e-03, 7.86713324e-03, 1.74825173e-03,
       4.37062932e-03, 1.04895104e-02, 2.62237759e-03 ]
