%YAML:1.0
m100f: !!opencv-matrix
   rows: 1
   cols: 800
   dt: f
   data: [ 1.38888881e-03, 3.24074063e-03, 9.25925910e-04,
       9.25925910e-04, 9.25925910e-04, 1.38888881e-03, 9.25925910e-04,
       4.62962955e-04, 4.62962955e-04, 0., 1.85185182e-03,
       9.25925910e-04, 2.31481483e-03, 9.25925910e-04, 4.62962955e-04,
       0., 4.62962955e-04, 1.38888881e-03, 4.62962955e-04,
       1.85185182e-03, 1.85185182e-03, 4.62962955e-04, 1.38888881e-03,
       4.62962955e-04, 2.77777761e-03, 1.85185182e-03, 4.62962955e-04,
       2.77777761e-03, 4.62962955e-04, 0., 4.62962955e-04,
       1.85185182e-03, 9.25925910e-04, 0., 0., 2.31481483e-03,
       9.25925910e-04, 0., 2.77777761e-03, 9.25925910e-04,
       2.31481483e-03, 1.85185182e-03, 2.77777761e-03, 1.85185182e-03,
       9.25925910e-04, 1.38888881e-03, 1.38888881e-03, 9.25925910e-04,
       4.62962955e-04, 4.62962955e-04, 0., 4.62962955e-04,
       1.38888881e-03, 3.70370364e-03, 9.25925910e-04, 9.25925910e-04,
       7.40740728e-03, 1.38888881e-03, 0., 2.77777761e-03,
       1.38888881e-03, 1.38888881e-03, 2.31481483e-03, 9.25925910e-04,
       9.25925910e-04, 9.25925910e-04, 0., 4.62962955e-04,
       4.62962955e-04, 1.38888881e-03, 9.25925910e-04, 9.25925910e-04,
       4.62962955e-04, 9.25925910e-04, 1.85185182e-03, 0.,
       1.85185182e-03, 4.62962955e-04, 4.62962955e-04, 4.62962955e-04,
       4.62962955e-04, 9.25925910e-04, 9.25925910e-04, 2.31481483e-03,
       0., 7.40740728e-03, 4.62962955e-04, 1.85185182e-03,
       9.25925910e-04, 2.77777761e-03, 1.38888881e-03, 9.25925910e-04,
       4.62962955e-04, 3.24074063e-03, 1.85185182e-03, 0.,
       9.25925910e-04, 0., 9.25925910e-04, 9.25925910e-04,
       9.25925910e-04, 1.38888881e-03, 1.85185182e-03, 4.62962955e-04,
       1.38888881e-03, 4.62962955e-04, 1.38888881e-03, 0.,
       9.25925910e-04, 4.62962955e-04, 4.62962955e-04, 9.25925910e-04,
       9.25925910e-04, 1.85185182e-03, 9.25925910e-04, 9.25925910e-04,
       9.25925910e-04, 0., 9.25925933e-03, 9.72222164e-03,
       2.31481483e-03, 0., 1.85185182e-03, 9.25925910e-04,
       9.25925910e-04, 1.38888881e-03, 9.25925910e-04, 4.62962955e-04,
       1.38888881e-03, 9.25925910e-04, 4.62962955e-04, 1.85185182e-03,
       0., 9.25925910e-04, 1.85185182e-03, 4.16666642e-03,
       9.25925910e-04, 1.85185182e-03, 9.25925910e-04, 9.25925910e-04,
       0., 1.38888881e-03, 1.85185182e-03, 1.38888881e-03,
       4.62962955e-04, 1.85185182e-03, 9.25925910e-04, 9.25925910e-04,
       1.85185182e-03, 4.62962955e-04, 1.85185182e-03, 1.38888881e-03,
       0., 1.38888881e-03, 0., 0., 2.77777761e-03, 9.25925910e-04,
       1.38888881e-03, 9.25925910e-04, 9.25925910e-04, 9.25925910e-04,
       4.62962955e-04, 0., 4.62962955e-04, 1.38888881e-03,
       1.38888881e-03, 9.25925910e-04, 2.31481483e-03, 9.25925910e-04,
       9.25925910e-04, 2.31481483e-03, 1.38888881e-03, 1.38888881e-03,
       0., 9.25925910e-04, 4.62962955e-04, 9.25925910e-04,
       9.25925910e-04, 1.38888881e-03, 2.31481483e-03, 0.,
       2.77777761e-03, 9.25925910e-04, 0., 9.25925910e-04,
       4.62962955e-04, 0., 4.62962955e-04, 4.62962955e-04,
       4.62962955e-04, 3.24074063e-03, 9.25925910e-04, 0.,
       1.38888881e-03, 1.38888881e-03, 9.25925910e-04, 0.,
       9.25925910e-04, 4.62962955e-04, 2.77777761e-03, 1.85185182e-03,
       4.62962955e-04, 0., 4.62962955e-04, 1.38888881e-03, 0.,
       4.62962955e-04, 1.38888881e-03, 1.85185182e-03, 4.62962955e-04,
       4.62962955e-04, 3.70370364e-03, 2.31481483e-03, 1.38888881e-03,
       0., 1.38888881e-03, 4.62962955e-04, 9.25925910e-04,
       9.25925910e-04, 9.25925910e-04, 9.25925910e-04, 4.62962955e-04,
       4.62962955e-04, 9.25925910e-04, 9.25925910e-04, 4.62962955e-04,
       4.62962955e-04, 1.38888881e-03, 3.24074063e-03, 2.31481483e-03,
       4.62962955e-04, 1.85185182e-03, 1.38888881e-03, 4.62962955e-04,
       0., 3.24074063e-03, 9.25925910e-04, 3.24074063e-03,
       1.38888881e-03, 9.25925910e-04, 1.38888881e-03, 9.25925910e-04,
       6.94444450e-03, 9.25925910e-04, 4.62962955e-04, 1.85185182e-03,
       0., 1.85185182e-03, 9.25925910e-04, 0., 9.25925910e-04,
       1.85185182e-03, 4.62962955e-04, 0., 4.16666642e-03, 0.,
       9.25925910e-04, 1.38888881e-03, 4.62962955e-04, 2.77777761e-03,
       1.38888881e-03, 4.62962955e-04, 2.77777761e-03, 9.25925910e-04,
       9.25925910e-04, 4.62962955e-04, 2.77777761e-03, 0., 0.,
       1.38888881e-03, 1.85185182e-03, 4.62962955e-04, 9.25925910e-04,
       0., 2.31481483e-03, 4.62962955e-04, 2.31481483e-03,
       1.38888881e-03, 1.38888881e-03, 5.55555522e-03, 4.62962955e-04,
       1.38888881e-03, 4.62962955e-04, 1.38888881e-03, 0.,
       9.25925910e-04, 4.62962955e-04, 9.25925910e-04, 1.38888881e-03,
       1.38888881e-03, 9.25925910e-04, 4.62962955e-04, 1.38888881e-03,
       2.77777761e-03, 9.25925910e-04, 1.85185182e-03, 0.,
       4.62962955e-04, 1.38888881e-03, 4.62962955e-04, 4.62962955e-04,
       2.31481483e-03, 1.38888881e-03, 1.85185182e-03, 0.,
       9.25925910e-04, 2.31481483e-03, 4.62962955e-04, 2.31481483e-03,
       0., 2.31481483e-03, 3.24074063e-03, 9.25925910e-04,
       1.38888881e-03, 9.25925910e-04, 4.62962955e-04, 1.38888881e-03,
       0., 1.38888881e-03, 2.31481483e-03, 4.62962955e-04, 0., 0.,
       1.85185182e-03, 1.85185182e-03, 9.25925910e-04, 9.25925910e-04,
       9.25925910e-04, 1.85185182e-03, 1.38888881e-03, 1.38888881e-03,
       9.25925910e-04, 3.24074063e-03, 4.62962955e-04, 2.31481483e-03,
       9.25925910e-04, 9.25925910e-04, 4.62962955e-04, 9.25925910e-04,
       1.38888881e-03, 9.25925910e-04, 2.77777761e-03, 4.62962955e-04,
       2.31481483e-03, 2.31481483e-03, 4.62962955e-04, 1.85185182e-03,
       4.62962955e-04, 4.62962966e-03, 4.62962955e-04, 4.62962955e-04,
       4.62962955e-04, 4.62962955e-04, 2.31481483e-03, 0., 0.,
       1.85185182e-03, 9.25925910e-04, 8.79629608e-03, 4.62962955e-04,
       9.25925910e-04, 2.31481483e-03, 0., 4.62962955e-04,
       9.25925910e-04, 9.25925910e-04, 4.62962955e-04, 3.24074063e-03,
       1.85185182e-03, 1.38888881e-03, 4.62962955e-04, 9.25925910e-04,
       0., 0., 4.62962955e-04, 0., 4.62962955e-04, 2.31481483e-03,
       1.85185182e-03, 2.31481483e-03, 1.85185182e-03, 1.38888881e-03,
       4.62962955e-04, 3.24074063e-03, 4.62962955e-04, 4.62962955e-04,
       3.24074063e-03, 3.70370364e-03, 2.77777761e-03, 6.01851847e-03,
       1.38888881e-03, 9.25925910e-04, 6.48148125e-03, 0.,
       4.62962955e-04, 1.38888881e-03, 2.31481483e-03, 4.62962955e-04,
       0., 0., 9.25925910e-04, 0., 2.31481483e-03, 4.62962955e-04,
       1.38888881e-03, 1.85185182e-03, 1.85185182e-03, 3.24074063e-03,
       1.38888881e-03, 4.62962966e-03, 3.24074063e-03, 9.25925910e-04,
       0., 0., 3.24074063e-03, 4.62962955e-04, 1.38888881e-03,
       1.38888881e-03, 1.85185182e-03, 9.25925910e-04, 0., 0.,
       4.62962955e-04, 1.85185182e-03, 0., 0., 9.25925910e-04,
       1.38888881e-03, 9.25925910e-04, 1.38888881e-03, 9.25925910e-04,
       9.25925910e-04, 1.85185182e-03, 2.31481483e-03, 9.25925910e-04,
       0., 4.62962955e-04, 1.38888881e-03, 4.62962955e-04,
       1.38888881e-03, 1.38888881e-03, 1.85185182e-03, 3.24074063e-03,
       1.85185182e-03, 0., 2.31481483e-03, 4.62962955e-04,
       4.62962955e-04, 9.25925910e-04, 1.85185182e-03, 1.38888881e-03,
       9.25925910e-04, 2.77777761e-03, 1.38888881e-03, 9.25925910e-04,
       4.62962955e-04, 9.25925910e-04, 9.25925910e-04, 1.38888881e-03,
       0., 1.38888881e-03, 4.62962955e-04, 1.38888881e-03,
       4.62962955e-04, 1.38888881e-03, 4.62962955e-04, 9.25925910e-04,
       2.31481483e-03, 9.25925910e-04, 1.85185182e-03, 9.25925910e-04,
       1.38888881e-03, 2.77777761e-03, 1.38888881e-03, 1.38888881e-03,
       1.38888881e-03, 4.62962955e-04, 4.62962955e-04, 9.25925910e-04,
       2.31481483e-03, 4.62962955e-04, 4.62962955e-04, 2.77777761e-03,
       2.77777761e-03, 2.77777761e-03, 2.31481483e-03, 0.,
       4.16666642e-03, 0., 4.62962955e-04, 0., 1.85185182e-03,
