%YAML:1.0
m100f: !!opencv-matrix
   rows: 1
   cols: 800
   dt: f
   data: [ 1.01317128e-03, 3.54609941e-03, 1.01317128e-03,
       1.01317128e-03, 2.02634255e-03, 0., 2.53292825e-03,
       1.01317128e-03, 1.01317128e-03, 2.02634255e-03, 1.01317128e-03,
       0., 1.51975686e-03, 2.02634255e-03, 5.06585639e-04,
       5.06585639e-04, 1.01317128e-03, 0., 1.01317128e-03,
       3.03951371e-03, 1.01317128e-03, 1.01317128e-03, 0.,
       1.01317128e-03, 2.53292825e-03, 0., 1.51975686e-03, 0.,
       2.02634255e-03, 1.51975686e-03, 2.02634255e-03, 0.,
       2.02634255e-03, 0., 5.06585639e-04, 1.01317128e-03,
       1.51975686e-03, 5.06585639e-04, 1.01317128e-03, 0.,
       1.01317128e-03, 0., 0., 5.06585639e-04, 2.53292825e-03,
       3.03951371e-03, 1.01317128e-03, 1.51975686e-03, 4.05268511e-03,
       5.06585639e-04, 0., 0., 0., 0., 2.53292825e-03, 0.,
       1.51975686e-03, 1.51975686e-03, 0., 5.06585639e-04, 0.,
       4.05268511e-03, 0., 5.06585650e-03, 2.02634255e-03,
       5.06585639e-04, 7.59878475e-03, 1.01317128e-03, 0.,
       1.01317128e-03, 3.03951371e-03, 2.53292825e-03, 0.,
       5.06585639e-04, 5.57244197e-03, 1.51975686e-03, 5.06585639e-04,
       0., 1.01317128e-03, 0., 6.58561336e-03, 0., 0., 2.53292825e-03,
       1.01317128e-03, 1.01317128e-03, 2.53292825e-03, 1.01317128e-03,
       2.02634255e-03, 5.06585639e-04, 0., 5.06585639e-04, 0.,
       2.02634255e-03, 1.51975686e-03, 1.01317128e-03, 1.01317128e-03,
       3.03951371e-03, 1.51975686e-03, 1.01317128e-03, 1.51975686e-03,
       3.03951371e-03, 1.51975686e-03, 4.05268511e-03, 0.,
       4.05268511e-03, 5.06585639e-04, 1.01317128e-03, 2.02634255e-03,
       0., 2.53292825e-03, 0., 1.01317128e-03, 1.51975686e-03,
       8.61195568e-03, 0., 1.01317128e-03, 0., 3.03951371e-03,
       2.02634255e-03, 0., 0., 5.06585639e-04, 0., 0., 1.01317128e-03,
       0., 1.51975686e-03, 0., 0., 0., 1.51975686e-03, 2.02634255e-03,
       2.02634255e-03, 5.06585639e-04, 4.55927057e-03, 1.01317128e-03,
       5.06585639e-04, 0., 1.51975686e-03, 5.06585639e-04,
       1.01317128e-03, 2.53292825e-03, 4.05268511e-03, 1.01317128e-03,
       2.53292825e-03, 2.53292825e-03, 1.51975686e-03, 0.,
       5.06585639e-04, 5.06585639e-04, 1.01317128e-03, 4.55927057e-03,
       0., 3.03951371e-03, 0., 0., 0., 1.01317128e-03, 0., 0.,
       5.06585639e-04, 1.51975686e-03, 5.06585639e-04, 0.,
       1.01317128e-03, 0., 1.51975686e-03, 0., 0., 1.01317128e-03,
       3.03951371e-03, 4.05268511e-03, 1.01317128e-03, 1.51975686e-03,
       0., 5.06585639e-04, 2.53292825e-03, 4.05268511e-03, 0.,
       3.54609941e-03, 0., 0., 5.06585639e-04, 5.06585639e-04,
       5.06585639e-04, 5.06585639e-04, 5.06585639e-04, 1.51975686e-03,
       5.06585639e-04, 5.06585639e-04, 2.02634255e-03, 1.51975686e-03,
       0., 1.01317128e-03, 2.02634255e-03, 0., 0., 0., 2.53292825e-03,
       1.01317128e-03, 1.01317128e-03, 0., 1.01317128e-03,
       1.01317128e-03, 1.01317128e-03, 1.51975686e-03, 3.54609941e-03,
       5.06585639e-04, 2.02634255e-03, 3.03951371e-03, 1.01317128e-03,
       0., 0., 0., 2.02634255e-03, 5.06585639e-04, 1.51975686e-03,
       1.51975686e-03, 1.01317128e-03, 1.01317128e-03, 3.03951371e-03,
       2.53292825e-03, 5.06585639e-04, 5.06585639e-04, 1.01317128e-03,
       1.51975686e-03, 2.02634255e-03, 5.06585639e-04, 1.01317128e-03,
       3.03951371e-03, 1.01317128e-03, 5.06585639e-04, 5.06585639e-04,
       1.51975686e-03, 1.51975686e-03, 0., 5.06585639e-04,
       1.51975686e-03, 0., 2.02634255e-03, 1.51975686e-03,
       2.53292825e-03, 2.02634255e-03, 0., 4.05268511e-03,
       4.05268511e-03, 2.02634255e-03, 3.03951371e-03, 1.51975686e-03,
       5.06585639e-04, 2.02634255e-03, 1.01317128e-03, 1.51975686e-03,
       2.53292825e-03, 2.02634255e-03, 1.01317128e-03, 1.01317128e-03,
       0., 2.02634255e-03, 1.51975686e-03, 5.06585639e-04,
       1.01317128e-03, 0., 1.51975686e-03, 2.02634255e-03,
       2.02634255e-03, 2.53292825e-03, 2.02634255e-03, 5.06585639e-04,
       5.06585639e-04, 5.06585639e-04, 0., 3.03951371e-03, 0.,
       1.51975686e-03, 2.02634255e-03, 2.02634255e-03, 4.05268511e-03,
       3.03951371e-03, 1.01317128e-03, 0., 0., 2.02634255e-03,
       2.53292825e-03, 1.01317128e-03, 2.02634255e-03, 1.01317128e-03,
       5.06585639e-04, 1.01317128e-03, 5.06585639e-04, 4.05268511e-03,
       1.51975686e-03, 0., 3.03951371e-03, 4.55927057e-03,
       1.51975686e-03, 0., 5.06585639e-04, 1.01317128e-03,
       5.06585639e-04, 1.01317128e-03, 4.55927057e-03, 5.06585639e-04,
       5.06585639e-04, 0., 5.06585639e-04, 5.06585639e-04,
       5.06585639e-04, 1.01317128e-03, 1.01317128e-03, 5.06585639e-04,
       4.55927057e-03, 5.06585639e-04, 2.53292825e-03, 4.55927057e-03,
       5.06585639e-04, 5.06585639e-04, 1.01317128e-03, 5.06585639e-04,
       0., 1.01317128e-03, 5.06585639e-04, 2.02634255e-03, 0., 0.,
       7.09219882e-03, 5.06585639e-04, 1.01317128e-03, 2.53292825e-03,
       2.02634255e-03, 0., 5.06585639e-04, 5.06585639e-04, 0.,
       1.51975686e-03, 4.05268511e-03, 1.01317128e-03, 1.01317128e-03,
       1.01317128e-03, 0., 1.51975686e-03, 1.51975686e-03,
       5.06585639e-04, 1.01317128e-03, 0., 2.53292825e-03,
       3.03951371e-03, 0., 0., 1.01317128e-03, 0., 5.06585639e-04,
       2.02634255e-03, 0., 0., 2.02634255e-03, 5.06585639e-04,
       5.06585639e-04, 5.06585639e-04, 1.51975686e-03, 5.06585639e-04,
       5.06585639e-04, 0., 9.11854114e-03, 0., 0., 1.51975686e-03, 0.,
       5.06585639e-04, 1.51975686e-03, 3.03951371e-03, 1.01317128e-03,
       0., 2.02634255e-03, 1.51975686e-03, 1.01317128e-03,
       1.01317128e-03, 5.06585639e-04, 3.03951371e-03, 3.03951371e-03,
       1.01317128e-03, 2.02634255e-03, 1.51975686e-03, 3.03951371e-03,
       1.01317128e-03, 1.01317128e-03, 1.01317128e-03, 1.01317128e-03,
       0., 2.02634255e-03, 1.51975686e-03, 1.51975686e-03,
       1.51975686e-03, 0., 2.02634255e-03, 1.51975686e-03,
       5.06585639e-04, 2.02634255e-03, 5.06585639e-04, 2.53292825e-03,
       5.06585639e-04, 5.06585650e-03, 1.01317128e-03, 1.51975686e-03,
       5.06585639e-04, 0., 2.02634255e-03, 2.02634255e-03,
       5.06585639e-04, 2.53292825e-03, 5.06585639e-04, 0.,
       1.01317128e-03, 1.51975686e-03, 1.01317128e-03, 5.06585639e-04,
       0., 0., 2.02634255e-03, 5.06585639e-04, 5.06585639e-04,
       2.53292825e-03, 1.01317128e-03, 2.02634255e-03, 6.07902743e-03,
       2.53292825e-03, 0., 0., 1.51975686e-03, 1.51975686e-03, 0.,
       2.02634255e-03, 0., 0., 2.53292825e-03, 1.01317128e-03,
       5.06585639e-04, 5.06585639e-04, 5.06585639e-04, 5.06585639e-04,
       5.06585639e-04, 0., 3.03951371e-03, 0., 2.02634255e-03, 0.,
       5.06585639e-04, 5.06585639e-04, 0., 1.01317128e-03,
       2.53292825e-03, 2.53292825e-03, 2.02634255e-03, 1.51975686e-03,
       0., 1.26646413e-02, 1.01317128e-03, 5.06585639e-04,
       5.06585639e-04, 2.02634255e-03, 2.02634255e-03, 2.02634255e-03,
       0., 0., 5.06585639e-04, 1.51975686e-03, 4.55927057e-03,
       1.51975686e-03, 5.06585639e-04, 3.03951371e-03, 2.02634255e-03,
       3.03951371e-03, 5.06585639e-04, 5.06585639e-04, 1.51975686e-03,
       0., 1.01317128e-03, 1.51975686e-03, 3.03951371e-03,
       1.01317128e-03, 2.02634255e-03, 1.01317128e-03, 1.01317128e-03,
       5.06585639e-04, 1.01317128e-03, 0., 1.51975686e-03, 0.,
       5.06585639e-04, 1.51975686e-03, 1.51975686e-03, 5.06585639e-04,
       1.51975686e-03, 5.06585639e-04, 5.06585639e-04, 5.06585639e-04,
       1.51975686e-03, 5.06585639e-04, 5.06585639e-04, 1.01317128e-03,
       1.01317128e-03, 2.02634255e-03, 1.01317128e-03, 3.03951371e-03,
       1.51975686e-03, 0., 0., 5.06585639e-04, 5.06585639e-04,
       1.01317128e-03, 5.06585639e-04, 5.06585639e-04, 2.53292825e-03,
       1.51975686e-03, 1.51975686e-03, 1.01317128e-03, 1.01317128e-03,
       1.01317128e-03, 0., 1.01317128e-03, 5.06585639e-04,
       5.06585639e-04, 1.01317128e-03, 5.06585639e-04, 4.05268511e-03,
       5.06585639e-04, 2.02634255e-03, 0., 5.06585639e-04,
