%YAML:1.0
m100f: !!opencv-matrix
   rows: 1
   cols: 800
   dt: f
   data: [ 0., 1.74825173e-03, 8.74125864e-04, 0., 0., 8.74125864e-04,
       8.74125864e-04, 7.86713324e-03, 8.74125864e-04, 4.37062932e-03,
       1.74825173e-03, 8.74125864e-04, 0., 0., 8.74125864e-04, 0., 0.,
       0., 0., 0., 0., 8.74125864e-04, 0., 1.74825173e-03,
       8.74125864e-04, 2.62237759e-03, 8.74125864e-04, 0.,
       2.62237759e-03, 8.74125864e-04, 8.74125864e-04, 1.74825173e-03,
       8.74125864e-04, 2.62237759e-03, 1.74825173e-03, 7.86713324e-03,
       1.74825173e-03, 0., 0., 1.74825173e-03, 1.74825173e-03,
       7.86713324e-03, 0., 1.74825173e-03, 1.74825173e-03,
       1.74825173e-03, 8.74125864e-04, 0., 8.74125864e-04,
       8.74125864e-04, 0., 0., 2.62237759e-03, 8.74125864e-04, 0.,
       2.62237759e-03, 3.49650346e-03, 0., 2.62237759e-03,
       1.74825173e-03, 0., 0., 1.74825173e-03, 8.74125864e-04,
       1.74825173e-03, 0., 0., 1.74825173e-03, 4.37062932e-03,
       1.74825173e-03, 3.49650346e-03, 0., 2.62237759e-03, 0., 0.,
       8.74125864e-04, 4.37062932e-03, 3.49650346e-03, 1.74825173e-03,
       0., 8.74125864e-04, 4.37062932e-03, 1.74825173e-03,
       1.74825173e-03, 7.86713324e-03, 8.74125864e-04, 2.62237759e-03,
       0., 8.74125864e-04, 8.74125864e-04, 0., 4.37062932e-03, 0., 0.,
       2.62237759e-03, 8.74125864e-04, 0., 1.74825173e-03,
       6.99300691e-03, 8.74125864e-04, 8.74125864e-04, 5.24475519e-03,
       0., 1.74825173e-03, 0., 0., 3.49650346e-03, 8.74125864e-04,
       8.74125864e-04, 2.62237759e-03, 0., 0., 0., 0., 0.,
       8.74125864e-04, 8.74125864e-04, 8.74125864e-04, 0.,
       8.74125864e-04, 1.74825173e-03, 8.74125864e-04, 8.74125864e-04,
       0., 8.74125864e-04, 1.74825173e-03, 2.62237759e-03, 0.,
       1.74825173e-03, 3.49650346e-03, 8.74125864e-04, 1.74825173e-03,
       1.74825173e-03, 0., 1.74825173e-03, 0., 2.62237759e-03, 0.,
       3.49650346e-03, 8.74125864e-04, 8.74125864e-04, 8.74125864e-04,
       1.74825173e-03, 0., 8.74125864e-04, 8.74125864e-04,
       8.74125864e-04, 8.74125864e-04, 0., 8.74125864e-04, 0.,
       8.74125864e-04, 8.74125864e-04, 0., 1.74825173e-03,
       8.74125864e-04, 8.74125864e-04, 1.74825173e-03, 8.74125864e-04,
       0., 8.74125864e-04, 6.11888105e-03, 0., 1.74825173e-03,
       1.74825173e-03, 1.74825173e-03, 8.74125864e-04, 0.,
       3.49650346e-03, 1.74825173e-03, 8.74125864e-04, 8.74125864e-04,
       1.74825173e-03, 0., 8.74125864e-04, 8.74125864e-04, 0.,
       8.74125864e-04, 0., 1.74825173e-03, 2.62237759e-03,
       8.74125864e-04, 8.74125864e-04, 0., 0., 0., 0., 8.74125864e-04,
       1.74825173e-03, 1.74825173e-03, 3.49650346e-03, 0., 0.,
       2.62237759e-03, 2.62237759e-03, 8.74125864e-04, 8.74125864e-04,
       0., 6.11888105e-03, 0., 8.74125864e-04, 0., 2.62237759e-03,
       8.74125864e-04, 2.62237759e-03, 1.74825173e-03, 1.74825173e-03,
       4.37062932e-03, 8.74125864e-04, 1.74825173e-03, 8.74125864e-04,
       8.74125864e-04, 0., 0., 8.74125864e-04, 8.74125864e-04, 0.,
       5.24475519e-03, 8.74125864e-04, 1.74825173e-03, 0., 0.,
       2.62237759e-03, 1.74825173e-03, 1.74825173e-03, 3.49650346e-03,
       8.74125864e-04, 0., 2.62237759e-03, 8.74125864e-04,
       1.74825173e-03, 8.74125864e-04, 8.74125864e-04, 2.62237759e-03,
       0., 0., 8.74125864e-04, 0., 8.74125864e-04, 0., 0., 0.,
       8.74125864e-04, 8.74125864e-04, 8.74125864e-04, 2.62237759e-03,
       1.74825173e-03, 8.74125864e-04, 0., 1.74825173e-03,
       1.74825173e-03, 8.74125864e-04, 0., 0., 1.74825173e-03,
       2.62237759e-03, 0., 8.74125864e-04, 1.74825173e-03, 0., 0.,
       1.74825173e-03, 3.49650346e-03, 8.74125864e-04, 2.62237759e-03,
       2.09790207e-02, 8.74125864e-04, 1.74825173e-03, 8.74125864e-04,
       0., 8.74125864e-04, 1.74825173e-03, 0., 0., 1.74825173e-03,
       8.74125864e-04, 0., 1.74825173e-03, 1.74825173e-03, 0.,
       2.62237759e-03, 8.74125864e-04, 0., 1.74825173e-03, 0., 0.,
       8.74125864e-04, 8.74125864e-04, 8.74125864e-04, 0.,
       1.74825173e-03, 8.74125864e-04, 8.74125864e-04, 2.62237759e-03,
       0., 5.24475519e-03, 1.74825173e-03, 2.62237759e-03, 0.,
       8.74125864e-04, 8.74125864e-04, 0., 1.74825173e-03, 0.,
       8.74125864e-04, 0., 8.74125864e-04, 0., 0., 0., 8.74125864e-04,
       8.74125864e-04, 0., 8.74125864e-04, 1.74825173e-03, 0.,
       1.74825173e-03, 0., 0., 8.74125864e-04, 2.62237759e-03,
       1.74825173e-03, 0., 0., 8.74125864e-04, 8.74125864e-04, 0., 0.,
       8.74125864e-04, 0., 3.49650346e-03, 8.74125864e-04,
       2.62237759e-03, 2.62237759e-03, 3.49650346e-03, 1.74825173e-03,
       8.74125864e-04, 8.74125864e-04, 0., 8.74125864e-04, 0., 0., 0.,
       1.74825173e-03, 8.74125864e-04, 8.74125864e-04, 1.74825173e-03,
       8.74125864e-04, 0., 1.74825173e-03, 1.74825173e-03, 0.,
       2.62237759e-03, 3.49650346e-03, 8.74125864e-04, 2.62237759e-03,
       8.74125864e-04, 1.74825173e-03, 0., 8.74125864e-04,
       6.11888105e-03, 1.74825173e-03, 2.62237759e-03, 0.,
       8.74125864e-04, 3.49650346e-03, 3.49650346e-03, 3.49650346e-03,
       0., 4.37062932e-03, 0., 0., 1.74825173e-03, 8.74125864e-04,
       3.49650346e-03, 8.74125864e-04, 1.74825173e-03, 8.74125864e-04,
       0., 1.74825173e-03, 8.74125864e-04, 2.62237759e-03, 0.,
       8.74125864e-04, 8.74125864e-04, 1.74825173e-03, 0.,
       2.62237759e-03, 0., 8.74125864e-04, 3.49650346e-03, 0.,
       8.74125864e-04, 1.74825173e-03, 3.49650346e-03, 2.62237759e-03,
       0., 8.74125864e-04, 8.74125864e-04, 8.74125864e-04, 0., 0.,
       1.74825173e-03, 8.74125864e-04, 2.62237759e-03, 0.,
       8.74125864e-04, 1.74825173e-03, 0., 6.11888105e-03,
       2.62237759e-03, 0., 0., 0., 0., 0., 0., 1.74825173e-03, 0., 0.,
       2.62237759e-03, 0., 0., 1.74825173e-03, 0., 1.74825173e-03,
       1.74825173e-03, 0., 2.62237759e-03, 0., 1.74825173e-03,
       8.74125864e-04, 0., 0., 2.62237759e-03, 0., 0., 1.74825173e-03,
       2.62237759e-03, 2.62237759e-03, 0., 0., 1.74825173e-03, 0.,
       8.74125864e-04, 1.74825173e-03, 1.74825173e-03, 8.74125864e-04,
       2.62237759e-03, 2.62237759e-03, 0., 0., 1.74825173e-03,
       3.49650346e-03, 2.62237759e-03, 2.62237759e-03, 8.74125864e-04,
       4.37062932e-03, 0., 2.62237759e-03, 1.74825173e-03, 0.,
       1.74825173e-03, 8.74125864e-04, 0., 0., 8.74125864e-04,
       8.74125864e-04, 8.74125864e-04, 4.37062932e-03, 1.74825173e-03,
       2.62237759e-03, 8.74125864e-04, 0., 1.74825173e-03,
       1.74825173e-03, 1.74825173e-03, 0., 0., 0., 2.62237759e-03,
       8.74125864e-04, 8.74125864e-04, 3.49650346e-03, 0.,
       1.74825173e-03, 0., 0., 0., 8.74125864e-04, 4.37062932e-03,
       8.74125864e-04, 1.74825173e-03, 1.74825173e-03, 0.,
       8.74125864e-04, 0., 0., 0., 7.86713324e-03, 0., 2.62237759e-03,
       0., 8.74125864e-04, 7.86713324e-03, 0., 8.74125864e-04,
       3.49650346e-03, 8.74125864e-04, 2.62237759e-03, 0.,
       1.74825173e-03, 1.74825173e-03, 3.49650346e-03, 8.74125864e-04,
       0., 0., 0., 0., 8.74125864e-04, 6.11888105e-03, 1.74825173e-03,
       0., 8.74125864e-04, 0., 0., 1.74825173e-03, 1.74825173e-03, 0.,
       1.74825173e-03, 8.74125864e-04, 3.49650346e-03, 8.74125864e-04,
       0., 4.37062932e-03, 0., 8.74125864e-04, 2.62237759e-03,
       1.74825173e-03, 8.74125864e-04, 8.74125864e-04, 8.74125864e-04,
       0., 0., 1.74825173e-03, 3.49650346e-03, 4.37062932e-03,
       2.62237759e-03, 2.62237759e-03, 8.74125864e-04, 0.,
       8.74125864e-04, 8.74125864e-04, 3.49650346e-03, 1.74825173e-03,
       0., 8.74125864e-04, 0., 1.74825173e-03, 8.74125864e-04,
       8.74125864e-04, 1.74825173e-03, 2.62237759e-03, 0., 0.,
       2.62237759e-03, 1.74825173e-03, 0., 8.74125864e-04, 0., 0.,
       8.74125864e-04, 8.74125864e-04, 2.62237759e-03, 3.49650346e-03,
       0., 8.74125864e-04, 8.74125864e-04, 8.74125864e-04,
       8.74125864e-04, 0., 0., 1.74825173e-03, 0., 0., 2.62237759e-03,
       0., 0., 8.74125864e-04, 1.74825173e-03, 8.74125864e-04, 0.,
