%YAML:1.0
m100f: !!opencv-matrix
   rows: 1
   cols: 800
   dt: f
   data: [ 1.23253907e-03, 2.87592434e-03, 4.10846347e-04,
       2.05423171e-03, 4.10846347e-04, 1.23253907e-03, 2.05423171e-03,
       0., 8.21692694e-04, 2.46507814e-03, 4.10846347e-04,
       4.10846347e-04, 4.10846347e-04, 2.05423171e-03, 8.21692694e-04,
       4.10846347e-04, 8.21692694e-04, 4.10846341e-03, 1.64338539e-03,
       8.21692694e-04, 2.46507814e-03, 1.23253907e-03, 1.64338539e-03,
       8.21692694e-04, 1.64338539e-03, 4.10846347e-04, 8.21692694e-04,
       2.46507814e-03, 0., 0., 1.23253907e-03, 8.21692694e-04,
       1.64338539e-03, 8.21692694e-04, 0., 1.23253907e-03,
       1.64338539e-03, 1.23253907e-03, 2.05423171e-03, 1.64338539e-03,
       4.10846347e-04, 0., 2.05423171e-03, 8.21692694e-04,
       1.23253907e-03, 2.46507814e-03, 8.21692694e-04, 8.21692694e-04,
       8.21692694e-04, 8.21692694e-04, 1.23253907e-03, 1.23253907e-03,
       2.46507814e-03, 4.10846347e-04, 8.21692694e-04, 1.23253907e-03,
       3.28677078e-03, 8.21692694e-04, 2.05423171e-03, 8.21692694e-04,
       1.23253907e-03, 4.10846347e-04, 8.21692694e-04, 8.21692694e-04,
       0., 1.23253907e-03, 4.10846347e-04, 8.21692694e-04,
       4.10846347e-04, 8.21692694e-04, 3.69761721e-03, 0.,
       8.21692694e-04, 4.10846347e-04, 2.46507814e-03, 1.64338539e-03,
       1.64338539e-03, 4.10846347e-04, 1.23253907e-03, 2.46507814e-03,
       8.21692694e-04, 2.05423171e-03, 4.10846347e-04, 1.23253907e-03,
       4.10846347e-04, 2.05423171e-03, 4.10846347e-04, 2.87592434e-03,
       1.23253907e-03, 2.46507814e-03, 4.10846347e-04, 0.,
       1.23253907e-03, 1.64338539e-03, 1.23253907e-03, 4.10846347e-04,
       1.23253907e-03, 8.21692694e-04, 2.05423171e-03, 8.21692694e-04,
       2.46507814e-03, 8.21692694e-04, 2.05423171e-03, 4.10846347e-04,
       1.23253907e-03, 1.23253907e-03, 1.23253907e-03, 4.10846347e-04,
       4.10846347e-04, 2.05423171e-03, 1.23253907e-03, 3.28677078e-03,
       2.46507814e-03, 1.23253907e-03, 2.46507814e-03, 1.64338539e-03,
       0., 1.23253907e-03, 3.69761721e-03, 2.46507814e-03,
       2.87592434e-03, 8.21692694e-04, 2.05423171e-03, 0.,
       8.21692694e-04, 2.46507814e-03, 4.10846347e-04, 8.21692694e-04,
       4.10846347e-04, 4.10846347e-04, 8.21692694e-04, 1.23253907e-03,
       4.10846347e-04, 8.21692694e-04, 4.10846347e-04, 2.46507814e-03,
       8.21692694e-04, 8.21692694e-04, 4.10846347e-04, 1.64338539e-03,
       1.23253907e-03, 4.10846347e-04, 1.64338539e-03, 8.21692694e-04,
       8.21692694e-04, 4.10846347e-04, 1.23253907e-03, 0.,
       1.23253907e-03, 8.21692694e-04, 3.69761721e-03, 1.23253907e-03,
       1.64338539e-03, 8.21692694e-04, 1.23253907e-03, 8.21692694e-04,
       2.46507814e-03, 8.21692694e-04, 2.05423171e-03, 1.23253907e-03,
       1.23253907e-03, 8.21692694e-04, 1.23253907e-03, 4.10846347e-04,
       8.21692694e-04, 4.10846347e-04, 8.21692694e-04, 1.23253907e-03,
       1.23253907e-03, 1.23253907e-03, 1.64338539e-03, 4.10846347e-04,
       2.05423171e-03, 0., 8.21692694e-04, 0., 2.05423171e-03, 0.,
       4.10846347e-04, 8.21692694e-04, 2.05423171e-03, 8.21692694e-04,
       4.10846347e-04, 8.21692694e-04, 4.10846347e-04, 0.,
       4.10846347e-04, 2.05423171e-03, 8.21692694e-04, 8.21692694e-04,
       3.28677078e-03, 8.21692694e-04, 1.23253907e-03, 4.10846347e-04,
       4.10846347e-04, 2.05423171e-03, 8.21692694e-04, 8.21692694e-04,
       8.21692694e-04, 4.10846347e-04, 8.21692694e-04, 8.21692694e-04,
       8.21692694e-04, 0., 1.23253907e-03, 4.10846347e-04,
       1.23253907e-03, 0., 1.64338539e-03, 4.10846347e-04,
       4.10846347e-04, 2.46507814e-03, 8.62777326e-03, 1.64338539e-03,
       2.87592434e-03, 4.10846347e-04, 8.21692694e-04, 1.64338539e-03,
       1.64338539e-03, 1.23253907e-03, 2.46507814e-03, 4.10846347e-04,
       0., 1.64338539e-03, 8.21692694e-04, 4.10846347e-04,
       8.21692694e-04, 2.87592434e-03, 1.23253907e-03, 4.10846341e-03,
       1.64338539e-03, 1.64338539e-03, 1.64338539e-03, 4.10846347e-04,
       4.10846347e-04, 2.46507814e-03, 2.46507814e-03, 1.64338539e-03,
       2.05423171e-03, 4.10846347e-04, 1.64338539e-03, 8.21692694e-04,
       4.10846347e-04, 3.69761721e-03, 0., 4.10846347e-04,
       1.23253907e-03, 0., 4.10846347e-04, 0., 8.21692694e-04,
       1.64338539e-03, 0., 3.28677078e-03, 4.10846347e-04,
       8.21692694e-04, 1.23253907e-03, 1.23253907e-03, 4.10846347e-04,
       4.10846347e-04, 1.64338539e-03, 0., 0., 3.28677078e-03,
       1.64338539e-03, 1.64338539e-03, 1.64338539e-03, 4.51930985e-03,
       4.10846347e-04, 8.21692694e-04, 1.23253907e-03, 1.64338539e-03,
       1.23253907e-03, 3.69761721e-03, 1.64338539e-03, 8.21692694e-04,
       8.21692694e-04, 2.05423171e-03, 8.21692694e-04, 8.21692694e-04,
       1.64338539e-03, 1.64338539e-03, 8.21692694e-04, 1.23253907e-03,
       1.23253907e-03, 1.23253907e-03, 2.87592434e-03, 1.23253907e-03,
       4.10846347e-04, 8.21692694e-04, 1.64338539e-03, 8.21692694e-04,
       0., 4.10846347e-04, 1.64338539e-03, 8.21692694e-04,
       2.05423171e-03, 4.10846347e-04, 0., 1.23253907e-03,
       8.21692694e-04, 3.69761721e-03, 4.10846347e-04, 8.21692694e-04,
       1.23253907e-03, 1.23253907e-03, 1.23253907e-03, 0.,
       4.10846347e-04, 4.51930985e-03, 8.21692694e-04, 2.46507814e-03,
       8.21692694e-04, 4.10846347e-04, 1.23253907e-03, 2.05423171e-03,
       8.21692694e-04, 4.10846347e-04, 1.23253907e-03, 4.10846347e-04,
       1.64338539e-03, 0., 2.46507814e-03, 2.05423171e-03,
       8.21692694e-04, 0., 8.21692694e-04, 2.05423171e-03,
       4.10846347e-04, 0., 1.64338539e-03, 1.23253907e-03,
       8.21692694e-04, 8.21692683e-03, 1.64338539e-03, 4.10846347e-04,
       0., 4.10846347e-04, 0., 8.21692694e-04, 8.21692694e-04,
       1.23253907e-03, 2.46507814e-03, 4.10846347e-04, 8.21692694e-04,
       1.23253907e-03, 4.10846347e-04, 4.10846347e-04, 0.,
       8.21692694e-04, 8.21692694e-04, 2.46507814e-03, 1.23253907e-03,
       2.05423171e-03, 1.23253907e-03, 1.23253907e-03, 4.10846347e-04,
       3.28677078e-03, 1.64338539e-03, 4.10846341e-03, 1.64338539e-03,
       4.10846347e-04, 2.46507814e-03, 0., 2.05423171e-03,
       8.21692694e-04, 4.10846347e-04, 4.10846347e-04, 2.87592434e-03,
       2.46507814e-03, 1.64338539e-03, 4.10846347e-04, 1.64338539e-03,
       1.23253907e-03, 1.64338539e-03, 8.21692694e-04, 2.46507814e-03,
       2.05423171e-03, 3.28677078e-03, 4.10846347e-04, 2.05423171e-03,
       1.23253907e-03, 1.23253907e-03, 4.10846347e-04, 4.10846347e-04,
       4.10846347e-04, 1.64338539e-03, 4.10846347e-04, 2.05423171e-03,
       1.64338539e-03, 4.10846347e-04, 2.46507814e-03, 8.21692694e-04,
       8.62777326e-03, 2.46507814e-03, 8.21692694e-04, 1.64338539e-03,
       1.23253907e-03, 4.10846347e-04, 1.23253907e-03, 8.21692694e-04,
       1.64338539e-03, 8.21692694e-04, 2.05423171e-03, 1.64338539e-03,
       1.23253907e-03, 2.87592434e-03, 2.46507814e-03, 4.10846347e-04,
       8.21692694e-04, 2.46507814e-03, 1.23253907e-03, 8.21692694e-04,
       1.64338539e-03, 8.21692694e-04, 4.10846347e-04, 2.05423171e-03,
       1.23253907e-03, 4.10846347e-04, 4.51930985e-03, 1.23253907e-03,
       2.05423171e-03, 4.10846347e-04, 3.28677078e-03, 0.,
       1.23253907e-03, 1.23253907e-03, 8.21692694e-04, 0.,
       1.23253907e-03, 1.23253907e-03, 0., 4.10846347e-04,
       1.23253907e-03, 2.87592434e-03, 1.23253907e-03, 1.23253907e-03,
       1.23253907e-03, 1.23253907e-03, 4.10846347e-04, 4.10846347e-04,
       3.28677078e-03, 1.23253907e-03, 0., 4.10846347e-04,
       4.10846347e-04, 2.87592434e-03, 1.64338539e-03, 4.10846347e-04,
       4.10846347e-04, 4.10846347e-04, 1.64338539e-03, 2.05423171e-03,
       4.10846347e-04, 2.05423171e-03, 8.21692694e-04, 1.23253907e-03,
       8.21692694e-04, 8.21692694e-04, 8.21692694e-04, 8.21692694e-04,
       1.64338539e-03, 2.05423171e-03, 3.28677078e-03, 4.10846347e-04,
       1.23253907e-03, 4.10846347e-04, 2.05423171e-03, 2.87592434e-03,
