%YAML:1.0
m100f: !!opencv-matrix
   rows: 1
   cols: 800
   dt: f
   data: [ 0., 2.36127502e-03, 2.36127502e-03, 6.49350649e-03,
       5.90318756e-04, 0., 4.72255005e-03, 0., 0., 2.36127502e-03,
       1.18063751e-03, 0., 0., 2.36127502e-03, 2.95159384e-03, 0.,
       1.18063751e-03, 1.18063751e-03, 1.18063751e-03, 1.18063751e-03,
       2.95159384e-03, 5.90318756e-04, 0., 0., 2.95159384e-03, 0.,
       1.18063751e-03, 0., 5.90318756e-04, 5.90318756e-04, 0.,
       5.90318756e-04, 1.77095621e-03, 0., 3.54191242e-03,
       1.77095621e-03, 3.54191242e-03, 0., 5.90318756e-04, 0.,
       1.77095621e-03, 5.90318756e-04, 0., 1.18063751e-03,
       1.77095621e-03, 2.95159384e-03, 2.36127502e-03, 1.18063751e-03,
       5.90318756e-04, 1.18063751e-03, 5.90318756e-04, 5.90318756e-04,
       5.90318756e-04, 5.90318756e-04, 2.95159384e-03, 0.,
       4.13223123e-03, 1.18063751e-03, 5.90318756e-04, 1.18063751e-03,
       0., 0., 1.18063751e-03, 4.72255005e-03, 2.95159384e-03, 0., 0.,
       5.90318756e-04, 4.13223123e-03, 0., 1.18063751e-03,
       7.08382484e-03, 0., 1.77095621e-03, 1.18063751e-03,
       5.90318756e-04, 5.90318756e-04, 4.72255005e-03, 0.,
       8.26446246e-03, 3.54191242e-03, 5.90318756e-04, 0.,
       1.77095621e-03, 5.90318756e-04, 1.18063751e-03, 5.90318756e-04,
       2.36127502e-03, 5.90318756e-04, 0., 1.18063751e-03, 0., 0.,
       2.36127502e-03, 5.90318756e-04, 1.18063751e-03, 1.18063751e-03,
       0., 0., 0., 1.18063751e-03, 4.13223123e-03, 7.67414365e-03,
       5.90318756e-04, 5.90318756e-04, 1.18063751e-03, 1.77095621e-03,
       1.77095621e-03, 0., 5.90318756e-04, 0., 1.18063751e-03,
       1.18063751e-03, 1.18063751e-03, 1.77095621e-03, 0.,
       1.77095621e-03, 5.90318756e-04, 1.18063751e-03, 1.77095621e-03,
       1.77095621e-03, 1.18063751e-03, 5.90318756e-04, 3.54191242e-03,
       0., 0., 5.90318756e-04, 4.13223123e-03, 1.77095621e-03,
       5.90318756e-04, 0., 2.95159384e-03, 1.77095621e-03,
       4.13223123e-03, 0., 1.77095621e-03, 2.36127502e-03,
       1.77095621e-03, 5.90318756e-04, 3.54191242e-03, 0.,
       2.36127502e-03, 1.77095621e-03, 1.77095621e-03, 5.90318756e-04,
       5.90318756e-04, 5.90318756e-04, 5.90318756e-04, 5.90318756e-04,
       1.77095621e-03, 5.90318756e-04, 5.90318756e-04, 2.95159384e-03,
       5.90318756e-04, 1.18063751e-03, 0., 0., 1.77095621e-03, 0., 0.,
       0., 5.90318756e-04, 1.18063751e-03, 1.18063751e-03, 0.,
       3.54191242e-03, 5.90318756e-04, 5.90318756e-04, 3.54191242e-03,
       5.90318756e-04, 5.90318756e-04, 5.90318756e-04, 2.95159384e-03,
       0., 2.36127502e-03, 0., 5.90318756e-04, 5.90318756e-04,
       1.18063751e-03, 0., 2.36127502e-03, 0., 0., 5.90318756e-04,
       1.77095621e-03, 1.18063751e-03, 1.77095621e-03, 5.90318756e-04,
       2.36127502e-03, 5.90318756e-04, 1.18063751e-03, 1.77095621e-03,
       0., 1.77095621e-03, 0., 3.54191242e-03, 5.90318756e-04,
       1.77095621e-03, 0., 5.90318756e-04, 3.54191242e-03,
       1.18063751e-03, 3.54191242e-03, 1.77095621e-03, 2.36127502e-03,
       1.18063751e-03, 0., 0., 5.90318756e-04, 1.18063751e-03,
       5.90318756e-04, 1.18063751e-03, 0., 0., 2.36127502e-03,
       5.90318756e-04, 0., 5.90318756e-04, 5.90318756e-04,
       1.77095621e-03, 5.90318756e-04, 4.72255005e-03, 0.,
       1.18063751e-03, 2.36127502e-03, 1.18063751e-03, 4.72255005e-03,
       4.13223123e-03, 5.90318756e-04, 0., 1.77095621e-03, 0.,
       2.36127502e-03, 1.18063751e-03, 1.18063751e-03, 1.18063751e-03,
       0., 0., 1.18063751e-03, 1.18063751e-03, 5.90318756e-04, 0., 0.,
       1.18063751e-03, 0., 5.90318756e-04, 4.72255005e-03,
       2.36127502e-03, 5.90318756e-04, 0., 1.77095621e-03,
       1.18063751e-03, 1.77095621e-03, 1.18063751e-03, 5.90318756e-04,
       5.90318756e-04, 0., 5.90318756e-04, 5.90318756e-04,
       2.36127502e-03, 0., 5.90318756e-04, 5.90318756e-04,
       1.77095621e-03, 5.90318756e-04, 5.90318756e-04, 2.95159384e-03,
       1.77095621e-03, 1.77095621e-03, 5.90318756e-04, 5.90318756e-04,
       0., 5.90318756e-04, 1.18063751e-03, 0., 3.54191242e-03,
       5.90318756e-04, 5.90318756e-04, 2.95159384e-03, 0., 0., 0.,
       4.13223123e-03, 5.90318756e-04, 5.90318756e-04, 1.18063751e-03,
       1.77095621e-03, 1.18063751e-03, 2.36127502e-03, 2.95159384e-03,
       5.90318756e-04, 1.18063751e-03, 1.18063751e-03, 5.90318756e-04,
       1.18063751e-03, 1.18063751e-03, 0., 0., 5.90318756e-04,
       2.95159384e-03, 1.77095621e-03, 1.18063751e-03, 4.13223123e-03,
       5.90318756e-04, 5.90318756e-04, 0., 5.90318756e-04,
       5.90318756e-04, 0., 5.90318756e-04, 5.90318756e-04, 0.,
       1.18063751e-03, 5.90318756e-04, 0., 1.18063751e-03,
       2.36127502e-03, 1.18063751e-03, 1.18063751e-03, 1.77095621e-03,
       0., 1.18063751e-03, 5.90318756e-04, 2.36127502e-03,
       5.90318756e-04, 0., 5.90318756e-04, 5.90318756e-04,
       1.18063751e-03, 1.18063751e-03, 0., 0., 1.77095621e-03,
       1.77095621e-03, 0., 5.90318756e-04, 0., 0., 1.77095621e-03,
       5.90318756e-04, 5.90318756e-04, 5.90318756e-04, 1.77095621e-03,
       0., 5.90318756e-04, 5.90318756e-04, 0., 3.54191242e-03,
       5.90318756e-04, 5.90318756e-04, 4.13223123e-03, 0.,
       5.90318756e-04, 0., 4.13223123e-03, 2.36127502e-03,
       1.18063751e-03, 1.18063751e-03, 1.77095621e-03, 1.18063751e-03,
       2.36127502e-03, 5.90318756e-04, 5.90318756e-04, 0.,
       5.90318756e-04, 0., 5.90318756e-04, 2.36127502e-03,
       1.77095621e-03, 1.77095621e-03, 5.90318756e-04, 2.95159384e-03,
       2.95159384e-03, 5.90318756e-04, 2.95159384e-03, 5.90318756e-04,
       0., 2.36127502e-03, 1.18063751e-03, 4.13223123e-03,
       5.90318756e-04, 1.18063751e-03, 0., 5.90318756e-04,
       1.06257377e-02, 5.90318756e-04, 0., 5.90318756e-04,
       1.18063751e-03, 5.90318756e-04, 3.54191242e-03, 2.36127502e-03,
       0., 1.77095621e-03, 5.90318756e-04, 1.18063751e-03,
       1.18063751e-03, 0., 5.90318756e-04, 1.77095621e-03,
       5.90318756e-04, 5.90318756e-04, 1.77095621e-03, 0., 0.,
       1.18063751e-03, 3.54191242e-03, 0., 2.36127502e-03,
       1.18063751e-03, 1.18063751e-03, 1.77095621e-03, 0., 0.,
       2.95159384e-03, 5.90318756e-04, 0., 1.77095621e-03,
       1.18063751e-03, 1.77095621e-03, 1.18063751e-03, 1.18063751e-03,
       1.77095621e-03, 1.18063751e-03, 2.95159384e-03, 2.95159384e-03,
       1.18063751e-03, 0., 0., 5.90318756e-04, 1.18063751e-03,
       1.77095621e-03, 2.36127502e-03, 0., 1.77095621e-03,
       1.18063751e-03, 1.77095621e-03, 0., 5.90318756e-04, 0.,
       1.77095621e-03, 0., 1.77095621e-03, 5.90318756e-04, 0.,
       2.95159384e-03, 9.44510009e-03, 1.18063751e-03, 5.90318756e-04,
       5.90318756e-04, 2.36127502e-03, 6.49350649e-03, 5.90318756e-04,
       1.77095621e-03, 1.18063751e-03, 1.18063751e-03, 5.31286886e-03,
       5.90318756e-04, 1.77095621e-03, 0., 2.95159384e-03,
       2.36127502e-03, 0., 0., 5.90318756e-04, 0., 1.18063751e-03, 0.,
       0., 5.90318756e-04, 0., 4.13223123e-03, 4.13223123e-03,
       1.77095621e-03, 5.90318756e-04, 1.18063751e-03, 0.,
       5.90318756e-04, 1.77095621e-03, 1.18063751e-03, 0.,
       1.18063751e-03, 5.90318756e-04, 0., 1.18063751e-03,
       1.77095621e-03, 0., 4.72255005e-03, 0., 2.95159384e-03, 0.,
       4.13223123e-03, 1.18063751e-03, 0., 5.90318756e-04,
       5.90318756e-04, 5.90318756e-04, 5.90318756e-04, 1.77095621e-03,
       5.90318756e-04, 2.36127502e-03, 4.13223123e-03, 3.54191242e-03,
       2.36127502e-03, 1.77095621e-03, 5.90318756e-04, 5.90318756e-04,
       5.90318756e-04, 5.90318756e-04, 2.95159384e-03, 0.,
       5.90318756e-04, 1.77095621e-03, 2.36127502e-03, 5.90318756e-04,
       5.90318756e-04, 5.90318756e-04, 5.90318756e-04, 5.90318756e-04,
       0., 5.90318756e-04, 4.72255005e-03, 5.90318756e-04,
       4.13223123e-03, 1.18063751e-03, 6.49350649e-03, 5.90318756e-04,
       5.90318756e-04, 5.90318756e-04, 5.90318756e-04, 1.18063751e-03,
       2.36127502e-03, 1.77095621e-03, 5.31286886e-03, 0.,
