%YAML:1.0
m100f: !!opencv-matrix
   rows: 1
   cols: 800
   dt: f
   data: [ 0., 9.75134084e-04, 3.41296941e-03, 2.43783509e-03,
       4.87567042e-04, 4.87567042e-04, 1.46270113e-03, 1.46270113e-03,
       4.87567042e-04, 2.92540225e-03, 4.87567042e-04, 9.75134084e-04,
       9.75134084e-04, 9.75134084e-04, 1.95026817e-03, 1.46270113e-03,
       1.46270113e-03, 0., 4.87567042e-04, 3.90053634e-03,
       4.87567042e-04, 1.95026817e-03, 0., 1.95026817e-03,
       9.75134084e-04, 9.75134084e-04, 1.95026817e-03, 1.95026817e-03,
       1.46270113e-03, 9.75134084e-04, 1.95026817e-03, 1.46270113e-03,
       2.92540225e-03, 9.75134084e-04, 9.75134084e-04, 1.46270113e-03,
       4.87567042e-04, 9.75134084e-04, 0., 0., 4.87567042e-04,
       9.75134084e-04, 0., 4.87567042e-04, 1.95026817e-03,
       4.87567042e-04, 2.43783509e-03, 4.87567042e-04, 1.46270113e-03,
       0., 4.87567042e-04, 0., 9.75134084e-04, 9.75134084e-04,
       2.43783509e-03, 0., 3.90053634e-03, 2.92540225e-03,
       9.75134084e-04, 2.43783509e-03, 4.87567042e-04, 9.75134084e-04,
       0., 4.87567042e-04, 1.02389082e-02, 4.87567042e-04,
       1.46270113e-03, 4.87567042e-04, 4.87567019e-03, 0.,
       3.90053634e-03, 9.75134084e-04, 4.87567042e-04, 1.46270113e-03,
       1.95026817e-03, 2.92540225e-03, 0., 0., 9.75134084e-04,
       9.75134084e-04, 4.87567042e-04, 4.87567042e-04, 0.,
       1.46270113e-03, 4.87567042e-04, 4.38810326e-03, 1.95026817e-03,
       9.75134084e-04, 0., 0., 0., 0., 4.87567042e-04, 2.92540225e-03,
       1.46270113e-03, 9.75134084e-04, 0., 2.92540225e-03, 0., 0.,
       4.87567042e-04, 3.41296941e-03, 2.92540225e-03, 9.75134084e-04,
       0., 9.75134084e-04, 4.87567042e-04, 4.87567042e-04, 0., 0.,
       3.90053634e-03, 9.75134084e-04, 4.87567042e-04, 1.46270113e-03,
       0., 2.92540225e-03, 0., 9.75134084e-04, 9.75134084e-04,
       1.46270113e-03, 2.92540225e-03, 9.75134084e-04, 1.95026817e-03,
       1.95026817e-03, 1.95026817e-03, 0., 2.43783509e-03,
       9.75134084e-04, 0., 1.46270113e-03, 0., 9.75134084e-04,
       2.92540225e-03, 4.87567042e-04, 1.46270113e-03, 1.95026817e-03,
       4.87567042e-04, 1.46270113e-03, 9.75134084e-04, 1.95026817e-03,
       9.75134084e-04, 2.43783509e-03, 1.95026817e-03, 2.92540225e-03,
       0., 0., 0., 1.46270113e-03, 0., 1.46270113e-03, 3.90053634e-03,
       9.75134084e-04, 4.87567042e-04, 1.46270113e-03, 3.41296941e-03,
       0., 0., 1.46270113e-03, 2.92540225e-03, 4.87567042e-04,
       4.87567042e-04, 0., 3.90053634e-03, 4.87567042e-04,
       4.87567042e-04, 9.75134084e-04, 0., 1.46270113e-03,
       1.95026817e-03, 4.87567042e-04, 2.92540225e-03, 2.92540225e-03,
       4.87567042e-04, 3.41296941e-03, 1.46270113e-03, 0.,
       4.87567042e-04, 4.38810326e-03, 1.46270113e-03, 0.,
       1.95026817e-03, 1.95026817e-03, 0., 2.43783509e-03, 0.,
       1.46270113e-03, 1.95026817e-03, 0., 0., 9.75134084e-04, 0.,
       4.87567042e-04, 9.75134084e-04, 0., 2.43783509e-03,
       9.75134084e-04, 4.87567042e-04, 9.75134084e-04, 4.87567042e-04,
       1.46270113e-03, 9.75134084e-04, 1.46270113e-03, 4.87567042e-04,
       8.77620652e-03, 1.46270113e-03, 9.75134084e-04, 1.95026817e-03,
       1.95026817e-03, 9.75134084e-04, 1.46270113e-03, 9.75134084e-04,
       0., 4.87567042e-04, 0., 0., 4.87567042e-04, 4.87567042e-04, 0.,
       5.36323758e-03, 3.90053634e-03, 9.75134084e-04, 1.46270113e-03,
       5.36323758e-03, 9.75134084e-04, 0., 9.75134084e-04,
       1.95026817e-03, 4.87567019e-03, 9.75134084e-04, 0.,
       2.43783509e-03, 1.46270113e-03, 0., 4.87567042e-04, 0.,
       2.43783509e-03, 9.75134084e-04, 1.46270113e-03, 9.75134084e-04,
       2.43783509e-03, 2.92540225e-03, 2.43783509e-03, 2.43783509e-03,
       1.95026817e-03, 9.75134084e-04, 4.87567042e-04, 1.95026817e-03,
       1.46270113e-03, 4.87567042e-04, 4.87567042e-04, 1.46270113e-03,
       4.87567042e-04, 2.43783509e-03, 1.46270113e-03, 1.46270113e-03,
       4.87567042e-04, 9.75134084e-04, 3.41296941e-03, 9.75134084e-04,
       1.46270113e-03, 0., 4.87567042e-04, 1.46270113e-03,
       4.87567042e-04, 1.46270113e-03, 1.46270113e-03, 2.92540225e-03,
       0., 4.87567042e-04, 1.46270113e-03, 2.92540225e-03, 0.,
       4.87567042e-04, 1.95026817e-03, 4.87567042e-04, 0.,
       4.87567042e-04, 1.46270113e-03, 3.90053634e-03, 1.95026817e-03,
       4.87567042e-04, 2.43783509e-03, 0., 1.46270113e-03,
       4.87567042e-04, 4.38810326e-03, 4.87567042e-04, 9.75134084e-04,
       0., 4.87567042e-04, 2.92540225e-03, 4.87567042e-04, 0.,
       9.75134084e-04, 4.87567042e-04, 1.95026817e-03, 4.87567042e-04,
       4.87567042e-04, 4.87567042e-04, 9.75134084e-04, 1.46270113e-03,
       2.92540225e-03, 3.90053634e-03, 1.95026817e-03, 1.46270113e-03,
       0., 0., 0., 4.87567042e-04, 0., 3.90053634e-03, 4.87567042e-04,
       2.92540225e-03, 4.87567042e-04, 4.87567042e-04, 1.46270113e-03,
       4.87567042e-04, 2.43783509e-03, 9.75134084e-04, 0.,
       1.46270113e-03, 1.46270113e-03, 4.87567042e-04, 0.,
       9.75134084e-04, 0., 9.75134084e-04, 1.46270113e-03,
       4.87567042e-04, 9.75134084e-04, 1.46270113e-03, 0.,
       4.87567042e-04, 0., 1.95026817e-03, 3.90053634e-03,
       9.75134084e-04, 9.75134084e-04, 4.87567042e-04, 0.,
       4.87567042e-04, 4.87567042e-04, 0., 4.87567042e-04,
       2.43783509e-03, 9.75134084e-04, 1.46270113e-03, 9.75134084e-04,
       0., 4.87567042e-04, 9.75134084e-04, 1.46270113e-03, 0., 0.,
       9.75134084e-04, 0., 1.95026817e-03, 1.46270113e-03,
       1.95026817e-03, 0., 1.46270113e-03, 4.87567042e-04,
       4.87567042e-04, 0., 1.46270113e-03, 0., 2.92540225e-03,
       4.87567042e-04, 2.43783509e-03, 9.75134084e-04, 1.95026817e-03,
       4.87567042e-04, 4.38810326e-03, 9.75134084e-04, 1.46270113e-03,
       9.75134084e-04, 4.87567042e-04, 0., 4.87567042e-04,
       2.43783509e-03, 1.46270113e-03, 1.46270113e-03, 9.75134084e-04,
       4.87567042e-04, 4.87567042e-04, 9.75134084e-04, 9.75134084e-04,
       4.87567042e-04, 1.46270113e-03, 4.87567042e-04, 2.43783509e-03,
       1.46270113e-03, 1.46270113e-03, 9.75134084e-04, 9.75134084e-04,
       1.95026817e-03, 1.46270113e-03, 1.46270113e-03, 1.46270113e-03,
       2.92540225e-03, 4.87567042e-04, 9.75134084e-04, 9.75134084e-04,
       1.95026817e-03, 0., 4.87567042e-04, 4.87567042e-04, 0.,
       2.43783509e-03, 4.87567042e-04, 0., 3.41296941e-03,
       2.43783509e-03, 0., 4.87567042e-04, 1.95026817e-03, 0.,
       9.75134084e-04, 9.75134084e-04, 0., 4.87567042e-04, 0.,
       1.46270113e-03, 2.43783509e-03, 9.75134084e-04, 4.87567019e-03,
       4.87567042e-04, 9.75134084e-04, 0., 4.87567042e-04,
       2.43783509e-03, 4.87567042e-04, 2.92540225e-03, 9.75134084e-04,
       0., 1.95026817e-03, 4.87567042e-04, 1.95026817e-03,
       4.87567042e-04, 9.75134084e-04, 1.46270113e-03, 4.87567042e-04,
       1.95026817e-03, 4.87567042e-04, 4.87567042e-04, 2.43783509e-03,
       4.87567042e-04, 4.87567042e-04, 9.75134084e-04, 0., 0.,
       2.43783509e-03, 9.75134084e-04, 2.43783509e-03, 4.87567042e-04,
       9.75134084e-04, 9.75134084e-04, 1.46270113e-03, 0., 0.,
       4.87567042e-04, 9.75134084e-04, 0., 4.87567042e-04, 0.,
       4.87567042e-04, 0., 9.75134084e-04, 9.75134084e-04,
       1.95026817e-03, 9.75134084e-04, 3.90053634e-03, 2.92540225e-03,
       9.75134084e-04, 1.46270113e-03, 0., 4.87567042e-04,
       2.92540225e-03, 1.46270113e-03, 1.95026817e-03, 1.46270113e-03,
       2.92540225e-03, 9.75134084e-04, 4.87567042e-04, 4.87567042e-04,
       1.46270113e-03, 9.75134084e-04, 7.31350575e-03, 4.87567042e-04,
       9.75134084e-04, 4.87567042e-04, 4.87567042e-04, 4.87567042e-04,
       1.95026817e-03, 1.46270113e-03, 4.87567042e-04, 3.41296941e-03,
       4.87567042e-04, 1.46270113e-03, 1.46270113e-03, 1.46270113e-03,
       9.75134084e-04, 9.75134084e-04, 1.46270113e-03, 1.46270113e-03,
       2.43783509e-03, 4.87567042e-04, 2.43783509e-03, 1.95026817e-03,
       9.75134084e-04, 1.95026817e-03, 1.46270113e-03, 4.87567042e-04,
