%YAML:1.0
m100f: !!opencv-matrix
   rows: 1
   cols: 800
   dt: f
   data: [ 4.96524328e-04, 0., 9.93048656e-04, 9.93048656e-04, 0., 0.,
       9.93048656e-04, 4.96524328e-04, 9.93048656e-04, 9.93048656e-04,
       9.93048656e-04, 9.93048656e-04, 1.98609731e-03, 2.97914585e-03,
       4.96524328e-04, 0., 1.48957293e-03, 4.96524328e-04,
       9.93048656e-04, 3.47567024e-03, 1.98609731e-03, 2.48262170e-03,
       1.48957293e-03, 9.93048656e-04, 2.48262170e-03, 4.96524328e-04,
       3.47567024e-03, 9.93048656e-04, 0., 0., 4.96524328e-04,
       4.96524328e-04, 9.93048656e-04, 1.48957293e-03, 4.96524328e-04,
       1.48957293e-03, 1.98609731e-03, 1.98609731e-03, 1.48957293e-03,
       4.96524328e-04, 4.96524328e-04, 1.98609731e-03, 0.,
       4.96524328e-04, 4.96524328e-04, 4.96524328e-04, 2.48262170e-03,
       2.48262170e-03, 1.98609731e-03, 0., 4.96524328e-04,
       9.93048656e-04, 1.48957293e-03, 4.96524328e-04, 9.93048656e-04,
       0., 9.93048656e-04, 1.48957293e-03, 0., 3.47567024e-03, 0.,
       4.96524328e-04, 1.98609731e-03, 3.47567024e-03, 1.48957293e-03,
       4.96524328e-04, 3.97219462e-03, 2.48262170e-03, 4.96524328e-04,
       0., 3.47567024e-03, 1.98609731e-03, 1.48957293e-03,
       2.48262170e-03, 2.48262170e-03, 4.96524328e-04, 0.,
       1.48957293e-03, 2.97914585e-03, 4.96524328e-04, 4.96524328e-04,
       0., 0., 1.98609731e-03, 9.93048656e-04, 9.93048656e-04,
       1.48957293e-03, 4.96524328e-04, 4.96524328e-04, 9.93048656e-04,
       4.96524328e-04, 4.96524328e-04, 1.98609731e-03, 1.48957293e-03,
       4.96524328e-04, 9.93048656e-04, 4.96524328e-04, 9.93048656e-04,
       9.93048656e-04, 4.96524328e-04, 4.96524328e-04, 4.96524328e-04,
       2.48262170e-03, 1.98609731e-03, 0., 9.93048656e-04,
       1.48957293e-03, 9.93048656e-04, 1.48957293e-03, 9.93048656e-04,
       1.48957293e-03, 1.48957293e-03, 0., 9.93048656e-04,
       4.96524340e-03, 9.93048656e-04, 0., 1.48957293e-03,
       1.48957293e-03, 1.48957293e-03, 4.96524328e-04, 1.48957293e-03,
       5.46176778e-03, 1.98609731e-03, 4.96524328e-04, 4.96524328e-04,
       0., 2.48262170e-03, 9.93048656e-04, 4.96524328e-04, 0.,
       9.93048656e-04, 1.98609731e-03, 1.98609731e-03, 0.,
       4.96524328e-04, 3.47567024e-03, 4.96524328e-04, 1.98609731e-03,
       4.96524328e-04, 4.96524328e-04, 3.97219462e-03, 9.93048656e-04,
       1.48957293e-03, 9.93048656e-04, 4.96524328e-04, 1.48957293e-03,
       4.96524328e-04, 0., 9.93048656e-04, 2.48262170e-03, 0.,
       4.96524328e-04, 1.48957293e-03, 4.96524340e-03, 4.96524328e-04,
       0., 4.96524328e-04, 3.97219462e-03, 9.93048656e-04,
       1.48957293e-03, 9.93048656e-04, 4.96524328e-04, 1.98609731e-03,
       0., 1.48957293e-03, 9.93048656e-04, 9.93048656e-04,
       9.93048656e-04, 1.48957293e-03, 1.48957293e-03, 3.97219462e-03,
       9.93048656e-04, 1.98609731e-03, 0., 1.48957293e-03,
       4.96524328e-04, 4.96524340e-03, 5.46176778e-03, 0.,
       9.93048656e-04, 4.96524328e-04, 0., 1.48957293e-03,
       9.93048656e-04, 0., 1.48957293e-03, 0., 4.96524328e-04,
       2.97914585e-03, 4.96524328e-04, 0., 4.96524328e-04,
       9.93048656e-04, 1.48957293e-03, 2.97914585e-03, 9.93048656e-04,
       4.96524328e-04, 1.48957293e-03, 2.48262170e-03, 1.98609731e-03,
       4.96524328e-04, 9.93048656e-04, 4.96524328e-04, 0.,
       4.96524328e-04, 9.93048656e-04, 2.48262170e-03, 9.93048656e-04,
       1.98609731e-03, 4.96524328e-04, 1.98609731e-03, 0.,
       4.96524328e-04, 4.96524328e-04, 1.48957293e-03, 4.96524328e-04,
       9.93048656e-04, 9.93048656e-04, 2.48262170e-03, 4.96524328e-04,
       1.98609731e-03, 4.96524328e-04, 4.96524328e-04, 0.,
       4.96524328e-04, 1.98609731e-03, 9.93048656e-04, 4.96524328e-04,
       3.97219462e-03, 2.48262170e-03, 9.93048656e-04, 0.,
       1.48957293e-03, 1.98609731e-03, 9.93048656e-04, 0.,
       3.97219462e-03, 1.48957293e-03, 1.98609731e-03, 1.98609731e-03,
       9.93048656e-04, 2.48262170e-03, 1.98609731e-03, 0.,
       1.48957293e-03, 4.46871901e-03, 1.48957293e-03, 0.,
       9.93048656e-04, 1.98609731e-03, 9.93048656e-04, 1.98609731e-03,
       0., 1.98609731e-03, 1.48957293e-03, 1.48957293e-03,
       9.93048656e-04, 4.96524328e-04, 1.98609731e-03, 9.93048656e-04,
       1.98609731e-03, 2.48262170e-03, 0., 1.98609731e-03,
       1.98609731e-03, 1.98609731e-03, 9.93048656e-04, 4.96524328e-04,
       1.48957293e-03, 0., 0., 1.98609731e-03, 3.47567024e-03,
       4.96524328e-04, 4.96524328e-04, 2.48262170e-03, 9.93048656e-04,
       9.93048656e-04, 9.93048656e-04, 4.96524328e-04, 9.93048656e-04,
       0., 4.96524328e-04, 9.93048656e-04, 7.44786486e-03,
       2.48262170e-03, 9.93048656e-04, 0., 2.97914585e-03,
       3.47567024e-03, 2.48262170e-03, 4.96524328e-04, 9.93048656e-04,
       1.98609731e-03, 4.96524340e-03, 1.98609731e-03, 1.48957293e-03,
       4.96524328e-04, 9.93048656e-04, 4.96524328e-04, 1.98609731e-03,
       1.98609731e-03, 1.98609731e-03, 1.48957293e-03, 0.,
       1.98609731e-03, 4.96524328e-04, 0., 4.96524328e-04,
       2.97914585e-03, 4.96524328e-04, 1.48957293e-03, 0.,
       9.93048656e-04, 1.98609731e-03, 3.47567024e-03, 4.96524328e-04,
       4.96524328e-04, 4.96524328e-04, 1.48957293e-03, 2.48262170e-03,
       4.96524328e-04, 9.93048656e-04, 9.93048656e-04, 0.,
       2.97914585e-03, 0., 2.48262170e-03, 9.93048656e-04,
       1.98609731e-03, 0., 1.48957293e-03, 0., 4.96524328e-04,
       1.48957293e-03, 2.48262170e-03, 4.96524328e-04, 9.93048656e-04,
       4.96524328e-04, 4.96524328e-04, 9.93048656e-04, 1.98609731e-03,
       4.96524328e-04, 9.93048656e-04, 1.48957293e-03, 2.48262170e-03,
       1.48957293e-03, 1.98609731e-03, 4.96524328e-04, 0.,
       9.93048656e-04, 0., 2.97914585e-03, 2.97914585e-03, 0.,
       9.93048656e-04, 4.96524328e-04, 9.93048656e-04, 0.,
       4.96524328e-04, 1.98609731e-03, 4.96524328e-04, 1.48957293e-03,
       1.48957293e-03, 0., 1.48957293e-03, 0., 2.48262170e-03,
       1.98609731e-03, 3.47567024e-03, 1.48957293e-03, 9.93048656e-04,
       0., 1.98609731e-03, 0., 1.98609731e-03, 9.93048656e-04, 0.,
       1.98609731e-03, 9.93048656e-04, 2.48262170e-03, 2.97914585e-03,
       9.93048656e-04, 1.48957293e-03, 9.93048656e-04, 0.,
       2.48262170e-03, 9.93048656e-04, 4.96524328e-04, 1.48957293e-03,
       9.93048656e-04, 1.98609731e-03, 3.47567024e-03, 9.93048656e-04,
       1.48957293e-03, 4.96524328e-04, 3.47567024e-03, 9.93048656e-04,
       1.98609731e-03, 1.98609731e-03, 0., 9.93048656e-04,
       9.93048656e-04, 4.96524328e-04, 9.93048656e-04, 4.96524328e-04,
       0., 4.96524328e-04, 9.93048656e-04, 9.93048656e-04,
       9.93048656e-04, 2.97914585e-03, 0., 9.93048656e-04, 0., 0.,
       9.93048656e-04, 4.96524340e-03, 9.93048656e-04, 1.98609731e-03,
       4.96524328e-04, 1.98609731e-03, 4.96524328e-04, 2.97914585e-03,
       4.96524328e-04, 0., 4.96524328e-04, 0., 9.93048656e-04,
       4.46871901e-03, 4.96524328e-04, 2.97914585e-03, 9.93048656e-04,
       9.93048656e-04, 4.96524340e-03, 4.96524328e-04, 1.98609731e-03,
       1.48957293e-03, 0., 1.48957293e-03, 9.93048656e-04,
       1.48957293e-03, 1.48957293e-03, 0., 2.97914585e-03, 0.,
       4.96524328e-04, 2.48262170e-03, 0., 0., 1.48957293e-03,
       9.93048656e-04, 1.48957293e-03, 9.93048656e-04, 0.,
       4.96524328e-04, 9.93048656e-04, 1.48957293e-03, 4.96524328e-04,
       1.48957293e-03, 1.48957293e-03, 4.96524328e-04, 4.96524328e-04,
       9.93048656e-04, 9.93048656e-04, 4.96524328e-04, 0.,
       1.98609731e-03, 1.48957293e-03, 1.98609731e-03, 1.98609731e-03,
       1.98609731e-03, 4.96524328e-04, 1.48957293e-03, 9.93048656e-04,
       1.98609731e-03, 3.47567024e-03, 0., 9.93048656e-04,
       4.96524328e-04, 2.97914585e-03, 9.93048656e-04, 4.96524328e-04,
       1.48957293e-03, 9.93048656e-04, 9.93048656e-04, 1.48957293e-03,
       0., 1.48957293e-03, 9.93048656e-04, 1.98609731e-03,
       1.98609731e-03, 3.97219462e-03, 4.46871901e-03, 4.96524328e-04,
       3.47567024e-03, 0., 1.48957293e-03, 3.97219462e-03,
