%YAML:1.0
m100f: !!opencv-matrix
   rows: 1
   cols: 800
   dt: f
   data: [ 0., 2.92056054e-03, 2.33644852e-03, 6.42523356e-03,
       5.84112131e-04, 0., 3.50467279e-03, 5.84112131e-04, 0.,
       2.92056054e-03, 5.84112131e-04, 0., 0., 2.33644852e-03,
       2.33644852e-03, 0., 5.84112131e-04, 5.84112131e-04,
       5.84112131e-04, 1.16822426e-03, 2.33644852e-03, 5.84112131e-04,
       5.84112131e-04, 0., 2.92056054e-03, 0., 5.84112131e-04,
       5.84112131e-04, 0., 5.84112131e-04, 0., 0., 2.33644852e-03,
       5.84112131e-04, 2.92056054e-03, 1.75233639e-03, 3.50467279e-03,
       0., 5.84112131e-04, 0., 1.16822426e-03, 5.84112131e-04, 0.,
       5.84112131e-04, 1.75233639e-03, 3.50467279e-03, 1.16822426e-03,
       5.84112131e-04, 0., 0., 1.75233639e-03, 5.84112131e-04,
       5.84112131e-04, 5.84112131e-04, 2.33644852e-03, 5.84112131e-04,
       2.92056054e-03, 5.84112131e-04, 0., 5.84112131e-04, 0., 0., 0.,
       3.50467279e-03, 2.33644852e-03, 0., 0., 0., 4.67289705e-03,
       5.84112131e-04, 1.75233639e-03, 8.17757007e-03, 0.,
       1.16822426e-03, 1.16822426e-03, 5.84112131e-04, 5.84112131e-04,
       3.50467279e-03, 0., 6.42523356e-03, 2.33644852e-03,
       5.84112131e-04, 0., 2.92056054e-03, 5.84112131e-04,
       2.33644852e-03, 5.84112131e-04, 1.75233639e-03, 5.84112131e-04,
       0., 5.84112131e-04, 0., 0., 1.75233639e-03, 5.84112131e-04,
       2.92056054e-03, 2.33644852e-03, 0., 5.84112131e-04, 0.,
       5.84112131e-04, 3.50467279e-03, 6.42523356e-03, 5.84112131e-04,
       0., 1.16822426e-03, 1.16822426e-03, 1.75233639e-03, 0.,
       2.33644852e-03, 5.84112131e-04, 1.75233639e-03, 1.16822426e-03,
       1.75233639e-03, 1.75233639e-03, 5.84112131e-04, 2.92056054e-03,
       5.84112131e-04, 0., 3.50467279e-03, 2.33644852e-03,
       1.75233639e-03, 5.84112131e-04, 2.33644852e-03, 0., 0., 0.,
       4.08878503e-03, 5.84112131e-04, 1.75233639e-03, 0.,
       1.75233639e-03, 2.33644852e-03, 2.33644852e-03, 0.,
       5.84112131e-04, 2.33644852e-03, 2.33644852e-03, 5.84112131e-04,
       1.16822426e-03, 0., 1.16822426e-03, 1.16822426e-03,
       1.16822426e-03, 5.84112131e-04, 1.16822426e-03, 5.84112131e-04,
       1.75233639e-03, 5.84112131e-04, 2.92056054e-03, 0.,
       1.75233639e-03, 3.50467279e-03, 1.16822426e-03, 0., 0., 0.,
       1.16822426e-03, 0., 5.84112131e-04, 0., 5.84112131e-04,
       5.84112131e-04, 1.16822426e-03, 0., 4.67289705e-03,
       1.16822426e-03, 5.84112131e-04, 2.92056054e-03, 5.84112131e-04,
       5.84112131e-04, 1.16822426e-03, 2.33644852e-03, 5.84112131e-04,
       1.16822426e-03, 0., 0., 1.16822426e-03, 1.16822426e-03, 0.,
       1.75233639e-03, 0., 0., 5.84112131e-04, 1.16822426e-03,
       1.16822426e-03, 1.16822426e-03, 5.84112131e-04, 2.92056054e-03,
       5.84112131e-04, 1.75233639e-03, 1.16822426e-03, 0.,
       1.75233639e-03, 0., 3.50467279e-03, 1.16822426e-03,
       2.33644852e-03, 0., 5.84112131e-04, 2.33644852e-03,
       5.84112131e-04, 1.75233639e-03, 1.75233639e-03, 2.92056054e-03,
       1.16822426e-03, 0., 0., 5.84112131e-04, 1.75233639e-03, 0.,
       1.16822426e-03, 0., 5.84112131e-04, 1.75233639e-03,
       2.92056054e-03, 1.16822426e-03, 0., 0., 1.16822426e-03,
       5.84112131e-04, 5.25700906e-03, 0., 1.16822426e-03,
       2.33644852e-03, 1.75233639e-03, 5.25700906e-03, 1.75233639e-03,
       5.84112131e-04, 0., 5.84112131e-04, 5.84112131e-04,
       1.16822426e-03, 5.84112131e-04, 0., 0., 0., 5.84112131e-04,
       1.75233639e-03, 1.16822426e-03, 5.84112131e-04, 5.84112131e-04,
       1.75233639e-03, 1.75233639e-03, 0., 0., 5.84112108e-03,
       2.33644852e-03, 5.84112131e-04, 0., 2.92056054e-03,
       5.84112131e-04, 2.33644852e-03, 1.16822426e-03, 1.16822426e-03,
       1.16822426e-03, 5.84112131e-04, 1.16822426e-03, 1.16822426e-03,
       1.16822426e-03, 5.84112131e-04, 5.84112131e-04, 1.16822426e-03,
       1.75233639e-03, 0., 5.84112131e-04, 3.50467279e-03,
       1.75233639e-03, 2.33644852e-03, 1.16822426e-03, 5.84112131e-04,
       0., 5.84112131e-04, 5.84112131e-04, 0., 2.92056054e-03,
       5.84112131e-04, 1.16822426e-03, 2.92056054e-03, 1.16822426e-03,
       0., 1.75233639e-03, 2.92056054e-03, 5.84112131e-04, 0.,
       5.84112131e-04, 1.75233639e-03, 5.84112131e-04, 1.75233639e-03,
       3.50467279e-03, 1.16822426e-03, 1.16822426e-03, 1.16822426e-03,
       1.16822426e-03, 1.16822426e-03, 1.75233639e-03, 0., 0.,
       1.75233639e-03, 2.33644852e-03, 5.84112131e-04, 1.16822426e-03,
       4.67289705e-03, 1.16822426e-03, 2.33644852e-03, 0.,
       5.84112131e-04, 5.84112131e-04, 0., 1.75233639e-03,
       1.16822426e-03, 5.84112131e-04, 1.16822426e-03, 1.16822426e-03,
       5.84112131e-04, 5.84112131e-04, 1.16822426e-03, 1.75233639e-03,
       1.75233639e-03, 2.92056054e-03, 0., 1.75233639e-03, 0.,
       1.16822426e-03, 0., 0., 5.84112131e-04, 5.84112131e-04,
       5.84112131e-04, 1.16822426e-03, 1.16822426e-03, 0.,
       1.75233639e-03, 2.33644852e-03, 0., 0., 0., 5.84112131e-04,
       2.33644852e-03, 5.84112131e-04, 5.84112131e-04, 5.84112131e-04,
       1.16822426e-03, 0., 5.84112131e-04, 0., 5.84112131e-04,
       2.92056054e-03, 1.75233639e-03, 0., 1.75233639e-03,
       5.84112131e-04, 5.84112131e-04, 0., 3.50467279e-03,
       1.75233639e-03, 2.33644852e-03, 5.84112131e-04, 1.75233639e-03,
       2.33644852e-03, 1.75233639e-03, 1.75233639e-03, 1.75233639e-03,
       0., 1.16822426e-03, 0., 5.84112131e-04, 2.33644852e-03,
       1.75233639e-03, 1.16822426e-03, 5.84112131e-04, 5.84112131e-04,
       3.50467279e-03, 5.84112131e-04, 1.75233639e-03, 5.84112131e-04,
       0., 2.33644852e-03, 0., 4.08878503e-03, 5.84112131e-04,
       5.84112131e-04, 0., 1.75233639e-03, 1.22663546e-02,
       5.84112131e-04, 0., 1.16822426e-03, 5.84112131e-04,
       1.16822426e-03, 2.92056054e-03, 5.84112131e-04, 0.,
       1.75233639e-03, 5.84112131e-04, 2.33644852e-03, 1.75233639e-03,
       0., 0., 2.33644852e-03, 1.16822426e-03, 5.84112131e-04,
       2.33644852e-03, 0., 1.16822426e-03, 1.16822426e-03,
       4.08878503e-03, 0., 1.75233639e-03, 5.84112131e-04,
       1.16822426e-03, 1.16822426e-03, 0., 2.33644852e-03,
       2.33644852e-03, 5.84112131e-04, 0., 1.75233639e-03,
       1.75233639e-03, 2.33644852e-03, 0., 5.84112131e-04,
       1.16822426e-03, 1.16822426e-03, 2.92056054e-03, 2.33644852e-03,
       5.84112131e-04, 0., 0., 1.75233639e-03, 1.75233639e-03,
       3.50467279e-03, 3.50467279e-03, 5.84112131e-04, 1.16822426e-03,
       5.84112131e-04, 2.33644852e-03, 0., 5.84112131e-04, 0.,
       2.33644852e-03, 0., 1.16822426e-03, 1.16822426e-03, 0.,
       2.92056054e-03, 7.00934557e-03, 5.84112131e-04, 5.84112131e-04,
       5.84112131e-04, 1.75233639e-03, 5.25700906e-03, 5.84112131e-04,
       1.75233639e-03, 5.84112131e-04, 0., 5.84112108e-03,
       5.84112131e-04, 1.75233639e-03, 0., 4.08878503e-03,
       4.08878503e-03, 0., 0., 0., 0., 5.84112131e-04, 5.84112131e-04,
       5.84112131e-04, 1.75233639e-03, 5.84112131e-04, 4.08878503e-03,
       5.25700906e-03, 1.75233639e-03, 5.84112131e-04, 1.16822426e-03,
       0., 5.84112131e-04, 1.75233639e-03, 1.16822426e-03,
       5.84112131e-04, 1.16822426e-03, 5.84112131e-04, 0.,
       1.75233639e-03, 1.16822426e-03, 0., 6.42523356e-03, 0.,
       1.75233639e-03, 0., 1.75233639e-03, 1.75233639e-03, 0.,
       5.84112131e-04, 0., 5.84112131e-04, 1.75233639e-03,
       2.33644852e-03, 5.84112131e-04, 2.33644852e-03, 2.92056054e-03,
       1.75233639e-03, 3.50467279e-03, 1.16822426e-03, 5.84112131e-04,
       0., 1.16822426e-03, 0., 2.92056054e-03, 0., 5.84112131e-04,
       2.33644852e-03, 3.50467279e-03, 5.84112131e-04, 1.16822426e-03,
       0., 5.84112131e-04, 5.84112131e-04, 1.16822426e-03,
       1.16822426e-03, 3.50467279e-03, 5.84112131e-04, 4.67289705e-03,
       5.84112131e-04, 5.25700906e-03, 5.84112131e-04, 0.,
       2.33644852e-03, 1.16822426e-03, 1.16822426e-03, 1.75233639e-03,
       5.84112131e-04, 4.67289705e-03, 0., 1.16822426e-03,
