%YAML:1.0
m100f: !!opencv-matrix
   rows: 1
   cols: 800
   dt: f
   data: [ 5.12295053e-04, 4.09836043e-03, 1.02459011e-03,
       2.04918021e-03, 5.12295053e-04, 0., 3.07377032e-03,
       1.53688516e-03, 1.02459011e-03, 1.02459011e-03, 1.53688516e-03,
       1.02459011e-03, 1.02459011e-03, 1.02459011e-03, 1.02459011e-03,
       5.12295053e-04, 1.02459011e-03, 0., 0., 1.53688516e-03,
       1.53688516e-03, 2.04918021e-03, 5.12295053e-04, 1.02459011e-03,
       1.53688516e-03, 0., 1.53688516e-03, 0., 5.12295053e-04,
       1.02459011e-03, 3.07377032e-03, 2.04918021e-03, 1.53688516e-03,
       5.12295053e-04, 0., 5.12295053e-04, 1.53688516e-03,
       1.02459011e-03, 1.53688516e-03, 0., 1.02459011e-03,
       1.02459011e-03, 5.12295053e-04, 5.12295053e-04, 2.04918021e-03,
       5.12295030e-03, 1.02459011e-03, 1.02459011e-03, 4.09836043e-03,
       0., 0., 1.53688516e-03, 0., 0., 2.56147515e-03, 0.,
       2.56147515e-03, 1.02459011e-03, 1.02459011e-03, 5.12295053e-04,
       0., 2.04918021e-03, 0., 5.12295030e-03, 1.53688516e-03,
       1.02459011e-03, 1.02459011e-03, 5.12295053e-04, 5.12295053e-04,
       0., 3.07377032e-03, 3.58606549e-03, 5.12295053e-04,
       1.02459011e-03, 5.63524570e-03, 2.04918021e-03, 1.53688516e-03,
       3.07377032e-03, 1.02459011e-03, 5.12295053e-04, 5.63524570e-03,
       0., 0., 2.56147515e-03, 1.02459011e-03, 0., 3.07377032e-03,
       1.53688516e-03, 2.04918021e-03, 0., 0., 0., 0., 2.04918021e-03,
       5.12295053e-04, 5.12295053e-04, 1.02459011e-03, 2.04918021e-03,
       2.56147515e-03, 5.12295053e-04, 5.12295053e-04, 3.07377032e-03,
       2.56147515e-03, 2.56147515e-03, 0., 2.04918021e-03,
       5.12295053e-04, 5.12295053e-04, 5.12295053e-04, 0.,
       1.53688516e-03, 5.12295053e-04, 1.02459011e-03, 1.02459011e-03,
       7.68442592e-03, 0., 1.53688516e-03, 0., 4.61065536e-03,
       1.53688516e-03, 0., 0., 0., 1.53688516e-03, 0., 1.02459011e-03,
       5.12295053e-04, 5.12295053e-04, 5.12295053e-04, 0., 0.,
       2.04918021e-03, 1.53688516e-03, 1.53688516e-03, 0.,
       4.61065536e-03, 1.53688516e-03, 1.02459011e-03, 0.,
       1.53688516e-03, 0., 2.04918021e-03, 2.56147515e-03,
       4.61065536e-03, 5.12295053e-04, 2.04918021e-03, 2.04918021e-03,
       1.53688516e-03, 0., 0., 0., 1.02459011e-03, 4.09836043e-03, 0.,
       1.02459011e-03, 0., 5.12295053e-04, 0., 2.04918021e-03,
       5.12295053e-04, 5.12295053e-04, 1.53688516e-03, 1.02459011e-03,
       5.12295053e-04, 5.12295053e-04, 1.02459011e-03, 0.,
       2.56147515e-03, 0., 0., 5.12295053e-04, 3.07377032e-03,
       2.04918021e-03, 1.02459011e-03, 3.07377032e-03, 0.,
       5.12295053e-04, 1.53688516e-03, 2.56147515e-03, 0.,
       2.56147515e-03, 5.12295053e-04, 0., 1.53688516e-03, 0.,
       1.53688516e-03, 1.53688516e-03, 1.02459011e-03, 3.07377032e-03,
       5.12295053e-04, 5.12295053e-04, 1.02459011e-03, 1.02459011e-03,
       1.02459011e-03, 0., 4.61065536e-03, 0., 0., 0., 2.04918021e-03,
       1.53688516e-03, 1.53688516e-03, 0., 1.02459011e-03,
       2.04918021e-03, 1.02459011e-03, 1.53688516e-03, 3.58606549e-03,
       5.12295053e-04, 1.53688516e-03, 1.53688516e-03, 5.12295053e-04,
       0., 5.12295053e-04, 1.53688516e-03, 2.56147515e-03,
       1.02459011e-03, 0., 1.53688516e-03, 1.02459011e-03,
       1.02459011e-03, 6.14754064e-03, 3.58606549e-03, 0.,
       1.53688516e-03, 1.02459011e-03, 2.04918021e-03, 1.53688516e-03,
       1.53688516e-03, 1.02459011e-03, 3.58606549e-03, 2.04918021e-03,
       5.12295053e-04, 1.53688516e-03, 5.12295053e-04, 1.53688516e-03,
       0., 1.53688516e-03, 2.04918021e-03, 1.53688516e-03,
       1.02459011e-03, 1.53688516e-03, 1.53688516e-03, 2.04918021e-03,
       0., 1.02459011e-03, 3.07377032e-03, 2.04918021e-03,
       3.58606549e-03, 5.12295053e-04, 0., 5.12295053e-04,
       1.02459011e-03, 1.53688516e-03, 1.53688516e-03, 5.12295053e-04,
       1.02459011e-03, 5.12295053e-04, 5.12295053e-04, 2.56147515e-03,
       1.02459011e-03, 5.12295053e-04, 5.12295053e-04, 0.,
       1.53688516e-03, 0., 1.02459011e-03, 1.02459011e-03,
       3.07377032e-03, 5.12295053e-04, 5.12295053e-04, 5.12295053e-04,
       5.12295053e-04, 2.04918021e-03, 0., 1.53688516e-03,
       1.02459011e-03, 1.53688516e-03, 4.09836043e-03, 2.04918021e-03,
       5.12295053e-04, 1.02459011e-03, 0., 1.53688516e-03,
       1.53688516e-03, 5.12295053e-04, 1.02459011e-03, 0.,
       1.53688516e-03, 1.53688516e-03, 1.02459011e-03, 5.63524570e-03,
       1.02459011e-03, 5.12295053e-04, 3.58606549e-03, 6.14754064e-03,
       1.02459011e-03, 0., 5.12295053e-04, 1.02459011e-03,
       1.02459011e-03, 1.53688516e-03, 4.09836043e-03, 0.,
       1.53688516e-03, 0., 1.02459011e-03, 5.12295053e-04,
       1.02459011e-03, 1.02459011e-03, 1.53688516e-03, 5.12295053e-04,
       5.12295030e-03, 5.12295053e-04, 1.02459011e-03, 4.09836043e-03,
       0., 5.12295053e-04, 2.04918021e-03, 1.02459011e-03,
       5.12295053e-04, 2.04918021e-03, 0., 1.53688516e-03, 0.,
       1.02459011e-03, 3.58606549e-03, 1.02459011e-03, 5.12295053e-04,
       2.56147515e-03, 5.12295053e-04, 0., 5.12295053e-04,
       2.04918021e-03, 0., 1.53688516e-03, 3.58606549e-03,
       1.53688516e-03, 1.53688516e-03, 1.02459011e-03, 0.,
       2.04918021e-03, 2.04918021e-03, 1.02459011e-03, 5.12295053e-04,
       5.12295053e-04, 1.53688516e-03, 2.04918021e-03, 0.,
       5.12295053e-04, 1.02459011e-03, 0., 0., 1.53688516e-03,
       5.12295053e-04, 0., 2.56147515e-03, 5.12295053e-04,
       1.02459011e-03, 5.12295053e-04, 1.53688516e-03, 1.02459011e-03,
       5.12295053e-04, 0., 1.12704914e-02, 1.02459011e-03, 0.,
       1.02459011e-03, 1.02459011e-03, 1.02459011e-03, 1.53688516e-03,
       1.02459011e-03, 1.02459011e-03, 1.02459011e-03, 0.,
       1.02459011e-03, 1.53688516e-03, 2.56147515e-03, 5.12295053e-04,
       1.02459011e-03, 5.12295053e-04, 5.12295053e-04, 1.02459011e-03,
       1.02459011e-03, 5.63524570e-03, 1.53688516e-03, 0.,
       5.12295053e-04, 1.02459011e-03, 5.12295053e-04, 2.56147515e-03,
       1.02459011e-03, 1.02459011e-03, 1.53688516e-03, 0.,
       2.04918021e-03, 0., 1.53688516e-03, 2.04918021e-03,
       5.12295053e-04, 2.04918021e-03, 5.12295053e-04, 3.58606549e-03,
       0., 3.07377032e-03, 1.53688516e-03, 0., 5.12295053e-04,
       1.53688516e-03, 1.53688516e-03, 1.53688516e-03, 5.12295053e-04,
       5.12295053e-04, 1.02459011e-03, 1.02459011e-03, 1.02459011e-03,
       0., 0., 0., 2.56147515e-03, 5.12295053e-04, 3.07377032e-03,
       4.09836043e-03, 1.02459011e-03, 1.02459011e-03, 3.58606549e-03,
       2.56147515e-03, 0., 0., 2.56147515e-03, 2.56147515e-03,
       5.12295053e-04, 1.53688516e-03, 0., 0., 2.56147515e-03,
       5.12295053e-04, 0., 5.12295053e-04, 5.12295053e-04, 0.,
       1.02459011e-03, 1.02459011e-03, 2.04918021e-03, 0.,
       2.04918021e-03, 5.12295053e-04, 0., 1.53688516e-03,
       5.12295053e-04, 1.53688516e-03, 5.12295053e-04, 1.02459011e-03,
       1.53688516e-03, 5.12295053e-04, 0., 1.74180325e-02,
       1.02459011e-03, 5.12295053e-04, 0., 2.04918021e-03,
       2.04918021e-03, 1.02459011e-03, 5.12295053e-04, 5.12295053e-04,
       1.02459011e-03, 1.53688516e-03, 4.61065536e-03, 5.12295053e-04,
       1.02459011e-03, 1.02459011e-03, 3.58606549e-03, 1.53688516e-03,
       5.12295053e-04, 0., 1.02459011e-03, 0., 1.02459011e-03,
       2.04918021e-03, 1.02459011e-03, 5.12295053e-04, 2.04918021e-03,
       1.53688516e-03, 1.53688516e-03, 5.12295053e-04, 5.12295053e-04,
       0., 2.04918021e-03, 5.12295053e-04, 5.12295053e-04,
       1.53688516e-03, 1.53688516e-03, 1.02459011e-03, 4.61065536e-03,
       1.02459011e-03, 0., 2.04918021e-03, 1.02459011e-03,
       5.12295053e-04, 1.02459011e-03, 1.53688516e-03, 1.02459011e-03,
       1.02459011e-03, 3.07377032e-03, 3.07377032e-03, 5.12295053e-04,
       1.53688516e-03, 0., 1.02459011e-03, 1.02459011e-03,
       1.02459011e-03, 5.12295053e-04, 1.53688516e-03, 3.58606549e-03,
       5.12295053e-04, 1.53688516e-03, 0., 1.02459011e-03,
