%YAML:1.0
m100f: !!opencv-matrix
   rows: 1
   cols: 800
   dt: f
   data: [ 0., 1.26502209e-03, 0., 1.26502209e-03, 1.26502209e-03,
       1.89753319e-03, 1.26502209e-03, 3.16255516e-03, 3.79506638e-03,
       0., 1.26502209e-03, 6.32511044e-04, 0., 0., 2.53004418e-03,
       1.26502209e-03, 2.53004418e-03, 1.26502209e-03, 0.,
       6.32511044e-04, 3.79506638e-03, 6.32511044e-04, 2.53004418e-03,
       1.89753319e-03, 1.26502209e-03, 6.32511044e-04, 0.,
       1.26502209e-03, 6.32511044e-04, 6.32511044e-04, 6.32511044e-04,
       0., 6.32511044e-04, 1.26502209e-03, 6.32511044e-04,
       6.32511044e-04, 6.32511044e-04, 1.89753319e-03, 6.32511044e-04,
       2.08728649e-02, 0., 2.53004418e-03, 0., 4.42757737e-03,
       2.53004418e-03, 6.32511044e-04, 3.16255516e-03, 1.26502209e-03,
       6.32511044e-04, 6.32511044e-04, 3.16255516e-03, 0., 0.,
       6.32511044e-04, 1.89753319e-03, 1.01201767e-02, 1.89753319e-03,
       1.89753319e-03, 0., 2.53004418e-03, 3.16255516e-03,
       1.26502209e-03, 1.26502209e-03, 6.32511044e-04, 1.26502209e-03,
       1.26502209e-03, 1.89753319e-03, 1.26502209e-03, 1.26502209e-03,
       0., 0., 1.26502209e-03, 1.26502209e-03, 6.32511044e-04,
       4.42757737e-03, 0., 1.26502209e-03, 1.89753319e-03,
       1.26502209e-03, 6.32511044e-04, 1.26502209e-03, 1.26502209e-03,
       6.32511044e-04, 1.26502209e-03, 0., 6.32511044e-04,
       6.32511044e-04, 1.26502209e-03, 6.32511044e-04, 6.32511044e-04,
       2.53004418e-03, 6.32511044e-04, 1.89753319e-03, 6.32511044e-04,
       1.89753319e-03, 6.32511044e-04, 1.26502209e-03, 6.32511044e-04,
       1.89753319e-03, 3.16255516e-03, 1.89753319e-03, 2.53004418e-03,
       1.26502209e-03, 6.32511044e-04, 6.32511044e-04, 1.89753319e-03,
       1.26502209e-03, 2.53004418e-03, 6.32511044e-04, 6.32511044e-04,
       0., 0., 0., 1.89753319e-03, 1.26502209e-03, 2.53004418e-03,
       1.89753319e-03, 6.32511044e-04, 6.32511044e-04, 0.,
       6.32511044e-04, 1.26502209e-03, 6.32511044e-04, 1.26502209e-03,
       1.26502209e-03, 6.32511044e-04, 2.53004418e-03, 0.,
       1.26502209e-03, 0., 0., 1.26502209e-03, 6.32511044e-04,
       2.53004418e-03, 6.32511044e-04, 1.26502209e-03, 6.32511044e-04,
       6.32511044e-04, 1.26502209e-03, 1.89753319e-03, 6.32511044e-04,
       1.26502209e-03, 6.32511044e-04, 6.32511044e-04, 0., 0.,
       6.32511044e-04, 0., 2.53004418e-03, 6.32511044e-04, 0.,
       1.26502209e-03, 6.32511044e-04, 0., 1.89753319e-03,
       6.32511044e-04, 1.26502209e-03, 3.16255516e-03, 1.89753319e-03,
       0., 1.26502209e-03, 6.32511044e-04, 3.79506638e-03,
       1.26502209e-03, 1.26502209e-03, 6.32511044e-04, 1.89753319e-03,
       1.26502209e-03, 1.89753319e-03, 1.89753319e-03, 6.32511044e-04,
       6.32511044e-04, 0., 6.32511044e-04, 0., 2.53004418e-03, 0., 0.,
       1.26502209e-03, 6.32511044e-04, 6.32511044e-04, 1.89753319e-03,
       0., 0., 1.26502209e-03, 6.32511044e-04, 1.26502209e-03,
       6.32511044e-04, 0., 1.26502209e-03, 2.53004418e-03,
       1.26502209e-03, 6.32511044e-04, 1.89753319e-03, 3.16255516e-03,
       0., 0., 6.32511044e-04, 6.32511044e-04, 1.89753319e-03,
       1.26502209e-03, 0., 0., 6.32511044e-04, 1.26502209e-03,
       6.32511044e-04, 0., 1.26502209e-03, 3.79506638e-03,
       6.32511044e-04, 6.32511044e-04, 4.42757737e-03, 0.,
       6.32511044e-04, 1.26502209e-03, 6.32511044e-04, 6.32511044e-04,
       6.32511044e-04, 6.32511044e-04, 1.26502209e-03, 6.32511044e-04,
       6.32511044e-04, 1.26502209e-03, 2.53004418e-03, 1.26502209e-03,
       6.32511044e-04, 1.26502209e-03, 1.89753319e-03, 6.32511044e-04,
       6.32511044e-04, 6.32511044e-04, 1.26502209e-03, 1.26502209e-03,
       0., 0., 1.26502209e-03, 1.26502209e-03, 1.89753319e-03, 0.,
       1.89753319e-03, 1.26502209e-03, 1.89753319e-03, 0.,
       2.53004418e-03, 6.32511044e-04, 0., 1.89753319e-03,
       6.32511044e-04, 0., 3.16255516e-03, 0., 6.32511044e-04,
       1.89753319e-03, 1.89753319e-03, 1.89753319e-03, 1.89753319e-03,
       1.89753319e-03, 1.26502209e-03, 6.32511044e-04, 1.89753319e-03,
       0., 6.32511044e-04, 1.89753319e-03, 1.26502209e-03,
       1.89753319e-03, 6.32511044e-04, 1.26502209e-03, 6.32511044e-04,
       0., 0., 6.32511044e-04, 3.16255516e-03, 0., 0., 3.16255516e-03,
       3.16255516e-03, 6.32511044e-04, 1.89753319e-03, 1.26502209e-03,
       1.89753319e-03, 6.32511044e-04, 2.53004418e-03, 0., 0., 0.,
       1.26502209e-03, 0., 1.89753319e-03, 2.53004418e-03,
       1.89753319e-03, 0., 1.26502209e-03, 1.26502209e-03, 0.,
       1.89753319e-03, 3.79506638e-03, 6.32511044e-04, 3.79506638e-03,
       6.32511044e-04, 0., 6.32511044e-04, 1.89753319e-03,
       1.89753319e-03, 6.32511044e-04, 0., 1.89753319e-03, 0.,
       2.53004418e-03, 6.32511044e-04, 1.26502209e-03, 6.32511044e-04,
       6.32511044e-04, 6.32511044e-04, 1.89753319e-03, 1.26502209e-03,
       1.89753319e-03, 2.53004418e-03, 0., 1.26502209e-03,
       3.79506638e-03, 1.26502209e-03, 1.26502209e-03, 1.26502209e-03,
       0., 1.26502209e-03, 0., 1.89753319e-03, 6.32511044e-04,
       6.32511044e-04, 6.32511044e-04, 0., 0., 2.53004418e-03,
       1.89753319e-03, 6.32511044e-04, 0., 1.26502209e-03,
       1.26502209e-03, 0., 6.32511044e-04, 6.32511044e-04,
       2.53004418e-03, 2.53004418e-03, 6.32511044e-04, 0., 0.,
       2.53004418e-03, 1.89753319e-03, 1.26502209e-03, 1.89753319e-03,
       6.32511044e-04, 0., 0., 1.26502209e-03, 0., 0., 3.16255516e-03,
       6.32511044e-04, 1.26502209e-03, 6.32511044e-04, 6.32511044e-04,
       2.53004418e-03, 1.89753319e-03, 0., 1.26502209e-03,
       6.32511044e-04, 6.32511044e-04, 2.53004418e-03, 1.26502209e-03,
       0., 0., 2.53004418e-03, 6.32511044e-04, 6.32511044e-04,
       1.89753319e-03, 6.32511044e-04, 1.26502209e-03, 1.89753319e-03,
       1.26502209e-03, 1.26502209e-03, 1.89753319e-03, 1.26502209e-03,
       6.32511044e-04, 6.32511044e-04, 6.32511044e-04, 0.,
       1.26502209e-03, 1.89753319e-03, 1.89753319e-03, 6.32511044e-04,
       2.53004418e-03, 0., 1.89753319e-03, 6.32511044e-04,
       6.32511044e-04, 2.53004418e-03, 0., 6.32511044e-04,
       3.16255516e-03, 3.16255516e-03, 1.26502209e-03, 0.,
       3.16255516e-03, 2.53004418e-03, 1.26502209e-03, 0.,
       1.89753319e-03, 3.79506638e-03, 2.53004418e-03, 6.32511044e-04,
       0., 0., 2.53004418e-03, 0., 1.89753319e-03, 1.26502209e-03, 0.,
       6.32511044e-04, 1.26502209e-03, 6.32511044e-04, 1.26502209e-03,
       6.32511044e-04, 2.53004418e-03, 0., 0., 6.32511044e-04,
       1.89753319e-03, 1.26502209e-03, 0., 0., 6.32511044e-04, 0., 0.,
       6.32511044e-04, 3.16255516e-03, 6.32511044e-04, 2.53004418e-03,
       0., 0., 6.32511044e-04, 3.16255516e-03, 1.26502209e-03, 0., 0.,
       6.32511044e-04, 3.16255516e-03, 5.06008836e-03, 3.16255516e-03,
       6.32511044e-04, 1.89753319e-03, 6.32511044e-04, 6.32511044e-04,
       1.26502209e-03, 6.32511044e-04, 1.89753319e-03, 6.32511044e-04,
       1.89753319e-03, 6.32511044e-04, 1.26502209e-03, 2.53004418e-03,
       2.53004418e-03, 6.32511044e-04, 3.79506638e-03, 1.89753319e-03,
       0., 1.89753319e-03, 1.26502209e-03, 6.32511044e-04,
       2.53004418e-03, 2.53004418e-03, 3.79506638e-03, 1.89753319e-03,
       1.89753319e-03, 2.53004418e-03, 2.53004418e-03, 0.,
       1.26502209e-03, 0., 6.32511044e-04, 6.32511044e-04,
       3.16255516e-03, 1.26502209e-03, 1.26502209e-03, 6.32511044e-04,
       1.26502209e-03, 1.26502209e-03, 1.89753319e-03, 0.,
       3.79506638e-03, 2.53004418e-03, 1.26502209e-03, 1.26502209e-03,
       6.32511044e-04, 3.79506638e-03, 0., 0., 0., 2.53004418e-03,
       3.79506638e-03, 3.16255516e-03, 6.32511044e-04, 1.26502209e-03,
       2.53004418e-03, 1.89753319e-03, 1.89753319e-03, 0.,
       2.53004418e-03, 1.26502209e-03, 0., 6.32511044e-04,
       1.26502209e-03, 0., 1.89753319e-03, 1.89753319e-03,
       1.26502209e-03, 6.32511044e-04, 0., 6.32511044e-04,
       6.32511044e-04, 3.79506638e-03, 1.26502209e-03, 0.,
       6.32511044e-04, 6.32511044e-04, 1.26502209e-03, 1.26502209e-03,
