%YAML:1.0
m100f: !!opencv-matrix
   rows: 1
   cols: 800
   dt: f
   data: [ 6.27746398e-04, 1.88323925e-03, 1.25549280e-03, 0., 0., 0.,
       6.27746398e-04, 6.27746398e-04, 6.27746398e-04, 1.88323925e-03,
       2.51098559e-03, 5.64971752e-03, 0., 0., 6.27746398e-04, 0.,
       1.88323925e-03, 1.88323925e-03, 0., 1.25549280e-03,
       6.27746398e-04, 1.25549280e-03, 0., 0., 6.27746398e-04,
       6.27746398e-04, 1.25549280e-03, 1.88323925e-03, 1.25549280e-03,
       0., 1.25549280e-03, 6.27746398e-04, 1.25549280e-03,
       6.27746398e-04, 2.51098559e-03, 1.12994350e-02, 6.27746398e-04,
       6.27746398e-04, 0., 0., 1.25549280e-03, 2.51098559e-03,
       1.88323925e-03, 3.13873193e-03, 0., 3.13873193e-03,
       1.25549280e-03, 0., 0., 0., 1.88323925e-03, 5.64971752e-03,
       1.25549280e-03, 0., 1.25549280e-03, 6.27746398e-04,
       1.88323925e-03, 3.13873193e-03, 3.76647850e-03, 1.25549280e-03,
       0., 1.25549280e-03, 0., 1.25549280e-03, 6.27746398e-04,
       1.25549280e-03, 1.88323925e-03, 1.25549280e-03, 2.51098559e-03,
       0., 1.88323925e-03, 1.25549280e-03, 1.88323925e-03, 0.,
       1.25549280e-03, 0., 6.27746398e-04, 0., 6.27746398e-04,
       2.51098559e-03, 1.88323925e-03, 0., 1.25549280e-03,
       1.25549280e-03, 6.27746398e-04, 1.25549280e-03, 0.,
       6.27746398e-04, 0., 0., 1.25549280e-03, 5.02197118e-03,
       1.88323925e-03, 1.25549280e-03, 1.88323925e-03, 0., 0., 0., 0.,
       1.88323925e-03, 1.25549280e-03, 6.27746398e-04, 6.27746398e-04,
       1.25549280e-03, 1.25549280e-03, 0., 1.25549280e-03,
       6.27746398e-04, 1.25549280e-03, 2.51098559e-03, 4.39422484e-03,
       0., 0., 1.25549280e-03, 3.13873193e-03, 0., 1.25549280e-03,
       1.88323925e-03, 0., 6.27746398e-04, 0., 1.88323925e-03,
       2.51098559e-03, 0., 1.25549280e-03, 2.51098559e-03,
       1.25549280e-03, 3.76647850e-03, 2.51098559e-03, 1.25549280e-03,
       3.13873193e-03, 6.27746398e-04, 1.25549280e-03, 1.88323925e-03,
       1.25549280e-03, 0., 0., 2.51098559e-03, 1.88323925e-03, 0.,
       6.27746398e-04, 0., 0., 1.25549280e-03, 6.27746398e-04,
       6.27746398e-04, 0., 1.25549280e-03, 1.25549280e-03,
       1.25549280e-03, 0., 1.88323925e-03, 6.27746398e-04, 0.,
       1.88323925e-03, 6.27746398e-04, 1.88323925e-03, 6.27746398e-04,
       0., 4.39422484e-03, 2.51098559e-03, 2.51098559e-03, 0.,
       2.51098559e-03, 2.51098559e-03, 1.88323925e-03, 0.,
       6.27746398e-04, 2.51098559e-03, 0., 6.27746398e-04, 0.,
       1.25549280e-03, 1.88323925e-03, 0., 1.25549280e-03,
       3.13873193e-03, 1.25549280e-03, 1.25549280e-03, 6.27746398e-04,
       2.51098559e-03, 1.25549280e-03, 1.88323925e-03, 1.88323925e-03,
       1.25549280e-03, 2.51098559e-03, 2.51098559e-03, 0.,
       1.88323925e-03, 4.39422484e-03, 1.88323925e-03, 2.51098559e-03,
       6.27746398e-04, 0., 1.25549280e-03, 6.27746398e-04,
       6.27746398e-04, 0., 1.25549280e-03, 2.51098559e-03,
       2.51098559e-03, 0., 0., 2.51098559e-03, 6.27746398e-04,
       1.88323925e-03, 0., 1.88323925e-03, 1.88323925e-03,
       1.88323925e-03, 6.27746398e-04, 0., 6.27746398e-04,
       4.39422484e-03, 6.27746398e-04, 6.27746398e-04, 1.88323925e-03,
       1.25549280e-03, 1.88323925e-03, 2.51098559e-03, 6.27746398e-04,
       6.27746398e-04, 0., 2.51098559e-03, 6.27746398e-04,
       2.51098559e-03, 1.88323925e-03, 6.27746398e-04, 1.88323925e-03,
       1.88323925e-03, 0., 1.88323925e-03, 2.51098559e-03,
       3.13873193e-03, 6.27746398e-04, 1.25549280e-03, 6.27746398e-04,
       1.25549280e-03, 1.88323925e-03, 6.27746398e-04, 6.27746398e-04,
       0., 6.27746398e-04, 1.25549280e-03, 6.27746398e-04,
       1.88323925e-03, 1.25549280e-03, 0., 0., 6.27746398e-04,
       6.27746398e-04, 1.88323925e-03, 6.27746398e-04, 6.27746398e-04,
       6.27746398e-04, 0., 0., 0., 1.25549280e-03, 3.13873193e-03, 0.,
       0., 5.02197118e-03, 1.25549280e-03, 3.13873193e-03,
       6.27746398e-04, 6.27746398e-04, 3.76647850e-03, 1.88323925e-03,
       0., 0., 3.76647850e-03, 0., 1.25549280e-03, 6.27746398e-04,
       2.51098559e-03, 1.88323925e-03, 6.27746398e-04, 6.27746398e-04,
       0., 5.02197118e-03, 1.88323925e-03, 6.27746398e-04,
       1.25549280e-03, 0., 1.25549280e-03, 0., 0., 1.88323925e-03,
       1.25549280e-03, 1.25549280e-03, 0., 6.27746398e-04,
       1.88323925e-03, 2.51098559e-03, 4.39422484e-03, 6.27746398e-04,
       1.25549280e-03, 1.88323925e-03, 1.25549280e-03, 0.,
       1.88323925e-03, 1.25549280e-03, 1.25549280e-03, 6.27746398e-04,
       1.25549280e-03, 6.27746398e-04, 0., 2.51098559e-03,
       1.25549280e-03, 6.27746398e-04, 6.27746398e-04, 6.27746398e-04,
       2.51098559e-03, 0., 2.51098559e-03, 6.27746398e-04,
       6.27746398e-04, 1.25549280e-03, 0., 6.27746398e-04,
       1.25549280e-03, 0., 1.88323925e-03, 3.76647850e-03,
       6.90521020e-03, 1.25549280e-03, 0., 6.27746398e-04, 0.,
       6.27746398e-04, 1.25549280e-03, 1.25549280e-03, 1.25549280e-03,
       1.25549280e-03, 6.27746398e-04, 1.25549280e-03, 2.51098559e-03,
       1.25549280e-03, 6.27746398e-04, 0., 6.27746398e-04,
       6.27746398e-04, 1.25549280e-03, 6.27746398e-04, 0.,
       1.25549280e-03, 1.88323925e-03, 1.25549280e-03, 2.51098559e-03,
       1.25549280e-03, 1.25549280e-03, 0., 4.39422484e-03,
       1.25549280e-03, 6.27746398e-04, 0., 0., 1.25549280e-03,
       6.27746398e-04, 2.51098559e-03, 0., 6.27746398e-04, 0., 0.,
       3.76647850e-03, 6.27746398e-04, 2.51098559e-03, 1.88323925e-03,
       1.88323925e-03, 6.27746398e-04, 0., 1.88323925e-03, 0., 0., 0.,
       2.51098559e-03, 0., 2.51098559e-03, 0., 1.25549280e-03, 0.,
       6.27746398e-04, 0., 1.25549280e-03, 0., 2.51098559e-03,
       6.27746398e-04, 1.88323925e-03, 6.27746398e-04, 6.27746398e-04,
       1.25549280e-03, 6.27746398e-04, 1.25549280e-03, 6.27746398e-04,
       0., 5.02197118e-03, 6.27746398e-04, 6.27746398e-04,
       1.88323925e-03, 0., 6.27746398e-04, 2.51098559e-03, 0.,
       1.25549280e-03, 0., 0., 6.27746398e-04, 3.13873193e-03,
       1.25549280e-03, 6.27746398e-04, 6.27746398e-04, 1.88323925e-03,
       1.88323925e-03, 0., 6.27746398e-04, 6.27746398e-04,
       1.25549280e-03, 6.27746398e-04, 6.27746398e-04, 6.27746398e-04,
       1.25549280e-03, 0., 1.88323925e-03, 0., 2.51098559e-03,
       1.88323925e-03, 6.27746398e-04, 3.13873193e-03, 1.25549280e-03,
       2.51098559e-03, 6.90521020e-03, 1.88323925e-03, 0., 0.,
       3.76647850e-03, 6.27746398e-04, 2.51098559e-03, 2.51098559e-03,
       0., 2.51098559e-03, 1.88323925e-03, 1.25549280e-03,
       6.27746398e-04, 1.88323925e-03, 1.25549280e-03, 3.13873193e-03,
       1.88323925e-03, 2.51098559e-03, 1.88323925e-03, 1.88323925e-03,
       1.25549280e-03, 1.25549280e-03, 1.88323925e-03, 1.25549280e-03,
       6.27746398e-04, 1.88323925e-03, 6.27746398e-04, 1.25549280e-03,
       2.51098559e-03, 6.27746398e-04, 6.27746398e-04, 1.25549280e-03,
       0., 3.76647850e-03, 0., 0., 0., 0., 3.13873193e-03,
       6.27746398e-04, 1.25549280e-03, 0., 6.27746398e-04,
       6.27746398e-04, 6.27746398e-04, 1.25549280e-03, 2.51098559e-03,
       1.25549280e-03, 1.88323925e-03, 1.25549280e-03, 0.,
       1.25549280e-03, 1.88323925e-03, 0., 3.13873193e-03,
       1.88323925e-03, 1.25549280e-03, 1.88323925e-03, 3.13873193e-03,
       0., 0., 2.51098559e-03, 1.25549280e-03, 1.88323925e-03,
       6.27746398e-04, 0., 6.27746398e-04, 1.88323925e-03,
       3.13873193e-03, 1.25549280e-03, 1.25549280e-03, 1.88323925e-03,
       0., 6.27746386e-03, 0., 0., 1.88323925e-03, 1.25549280e-03,
       3.13873193e-03, 0., 0., 6.27746398e-04, 0., 0., 0., 0.,
       3.13873193e-03, 0., 1.25549280e-03, 6.27746398e-04,
       2.51098559e-03, 3.13873193e-03, 1.88323925e-03, 4.39422484e-03,
       1.25549280e-03, 6.27746398e-04, 3.13873193e-03, 6.27746398e-04,
       6.27746398e-04, 6.27746398e-04, 6.27746398e-04, 6.27746398e-04,
       0., 6.27746398e-04, 0., 3.76647850e-03, 2.51098559e-03,
       2.51098559e-03, 6.27746398e-04, 6.27746398e-04, 6.27746398e-04,
