%YAML:1.0
m100f: !!opencv-matrix
   rows: 1
   cols: 200
   dt: f
   data: [ 2.51098559e-03, 5.64971752e-03, 4.39422484e-03,
       2.51098559e-03, 1.88323925e-03, 1.88323925e-03, 5.64971752e-03,
       6.27746398e-04, 8.16070288e-03, 5.02197118e-03, 4.39422484e-03,
       5.64971752e-03, 5.02197118e-03, 1.88323925e-03, 8.16070288e-03,
       2.32266169e-02, 5.02197118e-03, 1.06716892e-02, 3.76647850e-03,
       3.13873193e-03, 9.41619556e-03, 6.27746386e-03, 1.88323925e-03,
       6.27746398e-04, 6.90521020e-03, 5.64971752e-03, 5.64971752e-03,
       6.27746386e-03, 7.53295701e-03, 1.88323925e-03, 7.53295701e-03,
       5.02197118e-03, 5.02197118e-03, 2.51098559e-03, 5.64971752e-03,
       3.76647850e-03, 3.13873193e-03, 6.27746386e-03, 1.25549280e-03,
       6.27746386e-03, 6.27746386e-03, 5.02197118e-03, 6.90521020e-03,
       5.64971752e-03, 5.02197118e-03, 4.39422484e-03, 3.76647850e-03,
       6.27746398e-04, 1.25549280e-03, 1.88323925e-03, 5.64971752e-03,
       9.41619556e-03, 5.64971752e-03, 5.64971752e-03, 5.64971752e-03,
       3.76647850e-03, 5.64971752e-03, 6.90521020e-03, 5.64971752e-03,
       1.06716892e-02, 6.27746398e-04, 4.39422484e-03, 5.64971752e-03,
       3.13873193e-03, 5.64971752e-03, 6.90521020e-03, 5.02197118e-03,
       7.53295701e-03, 8.16070288e-03, 1.88323925e-03, 3.76647850e-03,
       3.76647850e-03, 6.27746386e-03, 1.25549280e-03, 1.00439424e-02,
       4.39422484e-03, 4.39422484e-03, 7.53295701e-03, 6.90521020e-03,
       6.27746386e-03, 3.13873193e-03, 6.27746386e-03, 3.76647850e-03,
       2.51098559e-03, 5.64971752e-03, 3.76647850e-03, 0.,
       1.25549280e-03, 1.88323925e-03, 3.13873193e-03, 1.88323925e-03,
       5.64971752e-03, 6.27746386e-03, 8.16070288e-03, 6.90521020e-03,
       3.76647850e-03, 1.88323925e-03, 3.13873193e-03, 1.25549280e-03,
       1.25549280e-03, 6.27746386e-03, 5.02197118e-03, 2.51098559e-03,
       3.76647850e-03, 9.41619556e-03, 0., 3.13873193e-03,
       8.78844969e-03, 6.27746386e-03, 8.16070288e-03, 1.06716892e-02,
       4.39422484e-03, 1.88323925e-03, 6.90521020e-03, 1.88323925e-03,
       1.88323925e-03, 5.64971752e-03, 7.53295701e-03, 6.27746386e-03,
       3.76647850e-03, 4.39422484e-03, 5.64971752e-03, 2.51098559e-03,
       1.88323925e-03, 2.51098559e-03, 3.13873193e-03, 3.13873193e-03,
       8.78844969e-03, 3.13873193e-03, 3.76647850e-03, 5.64971752e-03,
       5.64971752e-03, 6.90521020e-03, 3.76647850e-03, 3.76647850e-03,
       2.51098559e-03, 1.88323925e-03, 1.88323925e-03, 5.02197118e-03,
       3.76647850e-03, 3.76647850e-03, 6.27746398e-04, 5.64971752e-03,
       3.76647850e-03, 1.25549280e-03, 4.39422484e-03, 4.39422484e-03,
       5.64971752e-03, 3.76647850e-03, 7.53295701e-03, 5.02197118e-03,
       4.39422484e-03, 3.13873193e-03, 1.25549280e-03, 1.25549280e-03,
       5.64971752e-03, 5.64971752e-03, 0., 3.13873193e-03,
       8.78844969e-03, 7.53295701e-03, 5.64971752e-03, 1.25549280e-03,
       1.12994350e-02, 5.02197118e-03, 3.13873193e-03, 8.16070288e-03,
       3.76647850e-03, 3.13873193e-03, 1.88323925e-03, 8.78844969e-03,
       9.41619556e-03, 5.64971752e-03, 7.53295701e-03, 5.64971752e-03,
       6.27746386e-03, 7.53295701e-03, 6.90521020e-03, 4.39422484e-03,
       1.88323925e-03, 4.39422484e-03, 1.06716892e-02, 1.69491526e-02,
       7.53295701e-03, 7.53295701e-03, 4.39422484e-03, 8.16070288e-03,
       6.27746386e-03, 2.51098559e-03, 7.53295701e-03, 1.00439424e-02,
       6.90521020e-03, 8.16070288e-03, 1.25549280e-03, 3.76647850e-03,
       1.88323925e-03, 6.90521020e-03, 3.13873193e-03, 6.27746386e-03,
       9.41619556e-03 ]
