%YAML:1.0
m100f: !!opencv-matrix
   rows: 1
   cols: 800
   dt: f
   data: [ 0., 2.92682927e-03, 3.90243903e-03, 9.75609757e-04,
       4.87804879e-04, 4.87804879e-04, 9.75609757e-04, 1.95121951e-03,
       1.95121951e-03, 2.92682927e-03, 1.95121951e-03, 4.87804879e-04,
       1.46341464e-03, 1.46341464e-03, 1.46341464e-03, 4.87804879e-04,
       1.46341464e-03, 0., 9.75609757e-04, 3.41463415e-03,
       4.87804879e-04, 1.95121951e-03, 0., 1.95121951e-03,
       4.87804879e-04, 1.95121951e-03, 1.95121951e-03, 1.46341464e-03,
       2.92682927e-03, 9.75609757e-04, 1.46341464e-03, 1.46341464e-03,
       2.92682927e-03, 1.95121951e-03, 4.87804879e-04, 9.75609757e-04,
       9.75609757e-04, 9.75609757e-04, 0., 0., 9.75609757e-04,
       4.87804879e-04, 0., 4.87804879e-04, 1.95121951e-03,
       9.75609757e-04, 2.43902439e-03, 9.75609757e-04, 1.46341464e-03,
       0., 4.87804879e-04, 0., 9.75609757e-04, 4.87804879e-04,
       1.46341464e-03, 0., 3.90243903e-03, 2.43902439e-03,
       9.75609757e-04, 3.41463415e-03, 4.87804879e-04, 9.75609757e-04,
       4.87804879e-04, 4.87804879e-04, 1.02439020e-02, 4.87804879e-04,
       1.46341464e-03, 4.87804879e-04, 4.87804879e-03, 0.,
       2.43902439e-03, 9.75609757e-04, 4.87804879e-04, 1.46341464e-03,
       9.75609757e-04, 2.92682927e-03, 0., 0., 9.75609757e-04,
       9.75609757e-04, 0., 0., 0., 9.75609757e-04, 4.87804879e-04,
       5.36585366e-03, 1.46341464e-03, 9.75609757e-04, 0.,
       9.75609757e-04, 0., 0., 0., 1.46341464e-03, 9.75609757e-04,
       9.75609757e-04, 0., 1.95121951e-03, 0., 9.75609757e-04,
       9.75609757e-04, 2.92682927e-03, 2.92682927e-03, 4.87804879e-04,
       0., 1.46341464e-03, 1.46341464e-03, 4.87804879e-04, 0.,
       9.75609757e-04, 4.87804879e-03, 9.75609757e-04, 9.75609757e-04,
       9.75609757e-04, 0., 2.92682927e-03, 0., 9.75609757e-04,
       9.75609757e-04, 2.92682927e-03, 3.41463415e-03, 9.75609757e-04,
       1.95121951e-03, 9.75609757e-04, 2.43902439e-03, 0.,
       1.95121951e-03, 1.46341464e-03, 1.95121951e-03, 1.46341464e-03,
       0., 0., 2.92682927e-03, 0., 9.75609757e-04, 9.75609757e-04, 0.,
       1.46341464e-03, 1.46341464e-03, 1.46341464e-03, 0.,
       1.95121951e-03, 1.46341464e-03, 2.92682927e-03, 4.87804879e-04,
       0., 0., 1.46341464e-03, 0., 4.87804879e-04, 2.92682927e-03, 0.,
       9.75609757e-04, 4.87804879e-04, 2.43902439e-03, 0., 0.,
       1.95121951e-03, 2.43902439e-03, 4.87804879e-04, 9.75609757e-04,
       0., 1.95121951e-03, 4.87804879e-04, 9.75609757e-04,
       4.87804879e-04, 4.87804879e-04, 1.46341464e-03, 1.95121951e-03,
       4.87804879e-04, 2.43902439e-03, 2.43902439e-03, 1.46341464e-03,
       2.43902439e-03, 1.46341464e-03, 4.87804879e-04, 9.75609757e-04,
       4.39024391e-03, 2.43902439e-03, 0., 1.95121951e-03,
       9.75609757e-04, 0., 1.95121951e-03, 9.75609757e-04,
       1.46341464e-03, 2.43902439e-03, 0., 0., 4.87804879e-04, 0.,
       1.95121951e-03, 9.75609757e-04, 0., 1.95121951e-03,
       1.46341464e-03, 9.75609757e-04, 1.46341464e-03, 4.87804879e-04,
       2.43902439e-03, 9.75609757e-04, 9.75609757e-04, 4.87804879e-04,
       7.31707318e-03, 1.95121951e-03, 4.87804879e-04, 2.92682927e-03,
       1.95121951e-03, 4.87804879e-04, 9.75609757e-04, 4.87804879e-04,
       4.87804879e-04, 0., 0., 0., 4.87804879e-04, 1.46341464e-03,
       4.87804879e-04, 4.87804879e-03, 1.95121951e-03, 4.87804879e-04,
       2.43902439e-03, 4.87804879e-03, 1.46341464e-03, 0.,
       9.75609757e-04, 1.46341464e-03, 2.92682927e-03, 9.75609757e-04,
       9.75609757e-04, 1.95121951e-03, 1.46341464e-03, 0.,
       1.46341464e-03, 0., 9.75609757e-04, 4.87804879e-04,
       1.95121951e-03, 4.87804879e-04, 4.87804879e-04, 2.43902439e-03,
       2.43902439e-03, 2.43902439e-03, 1.95121951e-03, 9.75609757e-04,
       4.87804879e-04, 9.75609757e-04, 9.75609757e-04, 4.87804879e-04,
       4.87804879e-04, 9.75609757e-04, 4.87804879e-04, 4.87804879e-04,
       1.46341464e-03, 9.75609757e-04, 4.87804879e-04, 9.75609757e-04,
       3.41463415e-03, 9.75609757e-04, 2.43902439e-03, 4.87804879e-04,
       9.75609757e-04, 9.75609757e-04, 4.87804879e-04, 9.75609757e-04,
       1.46341464e-03, 2.43902439e-03, 4.87804879e-04, 4.87804879e-04,
       1.46341464e-03, 3.41463415e-03, 0., 4.87804879e-04,
       4.87804879e-04, 9.75609757e-04, 4.87804879e-04, 1.46341464e-03,
       1.46341464e-03, 3.41463415e-03, 2.92682927e-03, 9.75609757e-04,
       1.95121951e-03, 4.87804879e-04, 1.46341464e-03, 4.87804879e-04,
       2.92682927e-03, 0., 4.87804879e-04, 0., 4.87804879e-04,
       1.95121951e-03, 4.87804879e-04, 0., 9.75609757e-04,
       4.87804879e-04, 2.43902439e-03, 4.87804879e-04, 9.75609757e-04,
       4.87804879e-04, 1.46341464e-03, 9.75609757e-04, 9.75609757e-04,
       3.90243903e-03, 9.75609757e-04, 1.46341464e-03, 0., 0., 0.,
       9.75609757e-04, 0., 3.41463415e-03, 4.87804879e-04,
       4.39024391e-03, 4.87804879e-04, 0., 9.75609757e-04,
       9.75609757e-04, 2.43902439e-03, 9.75609757e-04, 0.,
       9.75609757e-04, 9.75609757e-04, 4.87804879e-04, 0.,
       9.75609757e-04, 4.87804879e-04, 1.46341464e-03, 1.95121951e-03,
       4.87804879e-04, 9.75609757e-04, 2.43902439e-03, 0.,
       4.87804879e-04, 0., 1.46341464e-03, 2.92682927e-03,
       9.75609757e-04, 0., 4.87804879e-04, 4.87804879e-04,
       4.87804879e-04, 9.75609757e-04, 0., 9.75609757e-04,
       3.90243903e-03, 1.46341464e-03, 1.46341464e-03, 4.87804879e-04,
       0., 4.87804879e-04, 1.95121951e-03, 4.87804879e-04, 0.,
       9.75609757e-04, 1.46341464e-03, 4.87804879e-04, 1.46341464e-03,
       9.75609757e-04, 9.75609757e-04, 0., 1.46341464e-03, 0.,
       1.46341464e-03, 4.87804879e-04, 1.95121951e-03, 0.,
       1.95121951e-03, 1.46341464e-03, 2.92682927e-03, 9.75609757e-04,
       4.87804879e-04, 0., 5.36585366e-03, 9.75609757e-04,
       9.75609757e-04, 9.75609757e-04, 0., 4.87804879e-04,
       9.75609757e-04, 1.95121951e-03, 4.87804879e-04, 1.46341464e-03,
       1.46341464e-03, 0., 0., 9.75609757e-04, 9.75609757e-04, 0.,
       1.46341464e-03, 4.87804879e-04, 2.43902439e-03, 1.95121951e-03,
       1.46341464e-03, 4.87804879e-04, 4.87804879e-04, 2.43902439e-03,
       1.46341464e-03, 1.46341464e-03, 1.46341464e-03, 2.43902439e-03,
       9.75609757e-04, 4.87804879e-04, 9.75609757e-04, 1.95121951e-03,
       0., 9.75609757e-04, 4.87804879e-04, 0., 2.43902439e-03,
       9.75609757e-04, 0., 3.90243903e-03, 2.92682927e-03, 0.,
       4.87804879e-04, 1.95121951e-03, 0., 4.87804879e-04,
       4.87804879e-04, 0., 4.87804879e-04, 4.87804879e-04,
       2.43902439e-03, 1.95121951e-03, 1.46341464e-03, 3.41463415e-03,
       4.87804879e-04, 9.75609757e-04, 0., 1.46341464e-03,
       1.46341464e-03, 4.87804879e-04, 3.41463415e-03, 1.46341464e-03,
       0., 2.43902439e-03, 4.87804879e-04, 4.87804879e-04,
       4.87804879e-04, 4.87804879e-04, 2.92682927e-03, 4.87804879e-04,
       2.92682927e-03, 4.87804879e-04, 4.87804879e-04, 1.95121951e-03,
       4.87804879e-04, 4.87804879e-04, 0., 4.87804879e-04,
       4.87804879e-04, 3.41463415e-03, 9.75609757e-04, 1.46341464e-03,
       4.87804879e-04, 1.46341464e-03, 0., 1.46341464e-03,
       4.87804879e-04, 4.87804879e-04, 4.87804879e-04, 9.75609757e-04,
       0., 1.46341464e-03, 9.75609757e-04, 4.87804879e-04, 0.,
       4.87804879e-04, 9.75609757e-04, 4.39024391e-03, 1.46341464e-03,
       4.39024391e-03, 3.90243903e-03, 4.87804879e-04, 9.75609757e-04,
       0., 1.46341464e-03, 1.95121951e-03, 1.46341464e-03,
       3.41463415e-03, 9.75609757e-04, 2.92682927e-03, 9.75609757e-04,
       4.87804879e-04, 4.87804879e-04, 1.46341464e-03, 1.46341464e-03,
       7.80487806e-03, 4.87804879e-04, 1.46341464e-03, 4.87804879e-04,
       0., 9.75609757e-04, 2.43902439e-03, 2.43902439e-03,
       4.87804879e-04, 4.87804879e-03, 4.87804879e-04, 1.46341464e-03,
       2.43902439e-03, 1.95121951e-03, 1.46341464e-03, 4.87804879e-04,
       1.95121951e-03, 1.95121951e-03, 1.46341464e-03, 4.87804879e-04,
