%YAML:1.0
m100f: !!opencv-matrix
   rows: 1
   cols: 800
   dt: f
   data: [ 0., 2.83018872e-03, 2.35849060e-03, 3.30188684e-03, 0.,
       9.43396240e-04, 2.35849060e-03, 4.71698120e-04, 1.41509436e-03,
       9.43396240e-04, 9.43396240e-04, 0., 4.71698120e-04,
       3.77358496e-03, 4.71698120e-04, 0., 1.88679248e-03,
       1.41509436e-03, 9.43396240e-04, 3.30188684e-03, 1.41509436e-03,
       9.43396240e-04, 0., 0., 4.71698120e-04, 3.30188684e-03, 0.,
       9.43396240e-04, 4.71698120e-04, 0., 0., 1.41509436e-03,
       9.43396240e-04, 1.88679248e-03, 2.35849060e-03, 4.71698120e-03,
       4.71698120e-04, 9.43396240e-04, 9.43396240e-04, 0.,
       1.88679248e-03, 4.71698120e-04, 9.43396240e-04, 9.43396240e-04,
       9.43396240e-04, 1.88679248e-03, 4.71698120e-03, 1.88679248e-03,
       1.41509436e-03, 0., 4.71698120e-04, 9.43396240e-04,
       1.88679248e-03, 0., 9.43396240e-04, 0., 2.35849060e-03,
       9.43396240e-04, 1.88679248e-03, 9.43396240e-04, 0.,
       9.43396240e-04, 4.71698120e-04, 4.71698120e-03, 1.41509436e-03,
       4.71698120e-04, 3.30188684e-03, 1.41509436e-03, 4.71698120e-04,
       1.88679248e-03, 2.83018872e-03, 2.35849060e-03, 1.41509436e-03,
       1.88679248e-03, 1.88679248e-03, 2.35849060e-03, 0.,
       4.71698120e-04, 1.88679248e-03, 0., 9.43396240e-04, 0., 0.,
       1.41509436e-03, 9.43396240e-04, 9.43396240e-04, 1.88679248e-03,
       2.83018872e-03, 4.71698120e-04, 1.88679248e-03, 3.30188684e-03,
       9.43396240e-04, 0., 1.41509436e-03, 1.88679248e-03,
       4.71698120e-04, 9.43396240e-04, 3.77358496e-03, 1.41509436e-03,
       9.43396240e-04, 3.77358496e-03, 4.24528308e-03, 4.71698120e-04,
       2.83018872e-03, 0., 4.71698120e-04, 0., 0., 1.88679248e-03, 0.,
       9.43396240e-04, 1.88679248e-03, 4.71698120e-04, 2.83018872e-03,
       1.41509436e-03, 3.77358496e-03, 0., 2.35849060e-03,
       1.41509436e-03, 2.83018872e-03, 9.43396240e-04, 9.43396240e-04,
       3.30188684e-03, 3.30188684e-03, 1.41509436e-03, 9.43396240e-04,
       9.43396240e-04, 0., 1.41509436e-03, 4.71698120e-04, 0.,
       9.43396240e-04, 1.41509436e-03, 1.41509436e-03, 1.88679248e-03,
       0., 9.43396240e-04, 9.43396240e-04, 0., 6.13207556e-03, 0.,
       2.83018872e-03, 9.43396240e-04, 2.83018872e-03, 9.43396240e-04,
       1.88679248e-03, 4.71698120e-04, 4.71698120e-04, 0.,
       1.88679248e-03, 1.88679248e-03, 0., 1.41509436e-03,
       4.71698120e-04, 2.35849060e-03, 0., 0., 1.41509436e-03,
       1.41509436e-03, 2.83018872e-03, 4.71698120e-04, 9.43396240e-04,
       1.41509436e-03, 1.41509436e-03, 9.43396240e-04, 1.41509436e-03,
       9.43396240e-04, 2.35849060e-03, 9.43396240e-04, 1.41509436e-03,
       9.43396240e-04, 1.41509436e-03, 1.88679248e-03, 1.41509436e-03,
       1.41509436e-03, 0., 9.43396240e-04, 5.18867932e-03,
       9.43396240e-04, 0., 4.71698120e-04, 0., 0., 4.71698120e-04,
       9.43396240e-04, 0., 3.77358496e-03, 4.71698120e-04,
       1.41509436e-03, 1.41509436e-03, 0., 1.41509436e-03, 0.,
       1.41509436e-03, 9.43396240e-04, 3.30188684e-03, 0.,
       9.43396240e-04, 4.71698120e-04, 9.43396240e-04, 3.77358496e-03,
       9.43396240e-04, 1.41509436e-03, 2.35849060e-03, 1.41509436e-03,
       4.71698120e-04, 1.41509436e-03, 2.35849060e-03, 4.71698120e-04,
       4.71698120e-04, 1.41509436e-03, 1.41509436e-03, 0., 0.,
       2.83018872e-03, 0., 9.43396240e-04, 9.43396240e-04,
       1.41509436e-03, 9.43396240e-04, 9.43396240e-04, 1.41509436e-03,
       4.71698120e-04, 1.41509436e-03, 1.41509436e-03, 2.83018872e-03,
       1.88679248e-03, 2.35849060e-03, 1.88679248e-03, 1.88679248e-03,
       3.77358496e-03, 1.41509436e-03, 9.43396240e-04, 4.71698120e-04,
       9.43396240e-04, 4.71698120e-04, 0., 4.71698120e-04,
       1.41509436e-03, 3.30188684e-03, 9.43396240e-04, 0.,
       1.88679248e-03, 1.88679248e-03, 1.41509436e-03, 9.43396240e-04,
       1.88679248e-03, 2.35849060e-03, 4.71698120e-04, 2.35849060e-03,
       1.88679248e-03, 0., 3.77358496e-03, 1.41509436e-03,
       4.24528308e-03, 4.24528308e-03, 0., 2.35849060e-03,
       1.41509436e-03, 2.35849060e-03, 2.83018872e-03, 2.35849060e-03,
       9.43396240e-04, 0., 3.77358496e-03, 0., 2.83018872e-03,
       4.71698120e-04, 9.43396240e-04, 1.41509436e-03, 9.43396240e-04,
       4.71698120e-04, 1.41509436e-03, 2.35849060e-03, 4.71698120e-04,
       0., 0., 1.41509436e-03, 4.24528308e-03, 9.43396240e-04,
       9.43396240e-04, 9.43396240e-04, 1.88679248e-03, 1.41509436e-03,
       4.71698120e-04, 9.43396240e-04, 2.35849060e-03, 2.83018872e-03,
       9.43396240e-04, 1.41509436e-03, 9.43396240e-04, 1.41509436e-03,
       4.71698120e-04, 4.71698120e-04, 0., 2.83018872e-03,
       2.35849060e-03, 9.43396240e-04, 3.77358496e-03, 0.,
       4.71698120e-04, 9.43396240e-04, 2.35849060e-03, 1.41509436e-03,
       1.88679248e-03, 9.43396240e-04, 1.41509436e-03, 1.41509436e-03,
       4.71698120e-04, 9.43396240e-04, 4.71698120e-04, 0.,
       1.88679248e-03, 0., 4.71698120e-04, 0., 1.88679248e-03,
       1.88679248e-03, 4.71698120e-04, 9.43396240e-04, 1.88679248e-03,
       4.71698120e-04, 4.71698120e-04, 1.41509436e-03, 0.,
       1.41509436e-03, 2.35849060e-03, 1.41509436e-03, 4.24528308e-03,
       4.71698120e-04, 9.43396240e-04, 0., 4.71698120e-04, 0., 0.,
       1.88679248e-03, 4.71698120e-04, 1.88679248e-03, 1.88679248e-03,
       0., 4.71698120e-04, 4.71698120e-04, 0., 1.41509436e-03,
       9.43396240e-04, 9.43396240e-04, 9.43396240e-04, 1.88679248e-03,
       1.41509436e-03, 4.71698120e-04, 9.43396240e-04, 0.,
       4.71698120e-04, 1.41509436e-03, 2.83018872e-03, 0.,
       9.43396240e-04, 1.88679248e-03, 9.43396240e-04, 4.71698120e-04,
       4.71698120e-04, 1.88679248e-03, 9.43396240e-04, 0.,
       9.43396240e-04, 9.43396240e-04, 1.41509436e-03, 4.71698120e-04,
       1.88679248e-03, 3.30188684e-03, 4.71698120e-04, 2.83018872e-03,
       2.35849060e-03, 4.71698120e-04, 0., 9.43396240e-04, 0., 0.,
       2.35849060e-03, 3.77358496e-03, 2.35849060e-03, 2.35849060e-03,
       1.88679248e-03, 9.43396240e-04, 2.35849060e-03, 4.71698120e-04,
       4.71698120e-04, 1.88679248e-03, 2.35849060e-03, 4.71698120e-04,
       0., 9.43396240e-04, 4.71698120e-04, 4.71698120e-04,
       9.43396240e-04, 1.88679248e-03, 9.43396240e-04, 0., 0.,
       4.71698120e-04, 1.88679248e-03, 2.83018872e-03, 2.83018872e-03,
       9.43396240e-04, 2.35849060e-03, 9.43396240e-04, 1.88679248e-03,
       4.71698120e-04, 9.43396240e-04, 4.71698120e-04, 4.71698120e-04,
       1.41509436e-03, 0., 2.35849060e-03, 9.43396240e-04,
       1.41509436e-03, 1.41509436e-03, 0., 4.71698120e-04,
       1.88679248e-03, 9.43396240e-04, 1.41509436e-03, 4.71698120e-04,
       1.88679248e-03, 1.41509436e-03, 2.35849060e-03, 0.,
       4.71698120e-04, 4.71698120e-04, 0., 4.71698120e-04,
       1.88679248e-03, 1.88679248e-03, 4.71698120e-04, 4.71698120e-04,
       2.83018872e-03, 4.71698120e-04, 4.71698120e-04, 9.43396240e-04,
       4.71698120e-04, 1.88679248e-03, 4.71698120e-04, 4.24528308e-03,
       9.43396240e-04, 4.71698120e-04, 1.41509436e-03, 0.,
       9.43396240e-04, 4.71698120e-04, 4.71698120e-04, 4.71698120e-04,
       3.30188684e-03, 4.71698120e-04, 4.71698120e-04, 1.41509436e-03,
       4.71698120e-04, 4.71698120e-04, 4.71698120e-04, 1.88679248e-03,
       9.43396240e-04, 4.71698120e-04, 4.71698120e-04, 0.,
       1.41509436e-03, 4.71698120e-04, 0., 1.41509436e-03,
       1.88679248e-03, 9.43396240e-04, 9.43396240e-04, 2.83018872e-03,
       9.43396240e-04, 9.43396240e-04, 4.71698120e-04, 1.41509436e-03,
       0., 4.71698120e-04, 1.41509436e-03, 4.71698120e-04,
       1.88679248e-03, 9.43396240e-04, 9.43396240e-04, 4.71698120e-04,
       0., 1.88679248e-03, 9.43396240e-04, 0., 9.43396240e-04, 0.,
       9.43396240e-04, 9.43396240e-04, 1.41509436e-03, 0.,
       4.71698120e-04, 1.88679248e-03, 4.71698120e-04, 2.35849060e-03,
       0., 1.88679248e-03, 4.71698120e-04, 1.41509436e-03,
       1.88679248e-03, 3.77358496e-03, 1.88679248e-03, 4.71698120e-04,
