%YAML:1.0
m100f: !!opencv-matrix
   rows: 1
   cols: 800
   dt: f
   data: [ 0., 2.92568747e-03, 1.17027503e-03, 5.26623754e-03,
       5.85137517e-04, 0., 5.26623754e-03, 0., 0., 2.92568747e-03,
       5.85137517e-04, 1.17027503e-03, 0., 1.17027503e-03,
       1.75541255e-03, 0., 5.85137517e-04, 5.85137517e-04,
       5.85137517e-04, 5.85137517e-04, 1.17027503e-03, 5.85137517e-04,
       5.85137517e-04, 0., 2.34055007e-03, 0., 1.75541255e-03, 0., 0.,
       5.85137517e-04, 0., 1.17027503e-03, 2.34055007e-03,
       5.85137517e-04, 2.92568747e-03, 1.75541255e-03, 2.34055007e-03,
       0., 5.85137517e-04, 0., 1.75541255e-03, 1.17027503e-03,
       1.17027503e-03, 5.85137517e-04, 2.34055007e-03, 4.09596274e-03,
       1.75541255e-03, 5.85137517e-04, 0., 5.85137517e-04,
       1.17027503e-03, 1.17027503e-03, 1.17027503e-03, 5.85137517e-04,
       3.51082510e-03, 0., 2.92568747e-03, 1.17027503e-03,
       5.85137517e-04, 1.17027503e-03, 0., 0., 1.17027503e-03,
       3.51082510e-03, 2.34055007e-03, 0., 0., 0., 2.92568747e-03,
       5.85137517e-04, 1.17027503e-03, 7.02165021e-03, 0.,
       1.75541255e-03, 5.85137517e-04, 1.17027503e-03, 5.85137517e-04,
       4.68110014e-03, 5.85137517e-04, 7.02165021e-03, 2.92568747e-03,
       5.85137517e-04, 0., 1.75541255e-03, 5.85137517e-04,
       1.17027503e-03, 1.17027503e-03, 2.34055007e-03, 1.75541255e-03,
       0., 1.17027503e-03, 0., 0., 2.34055007e-03, 0., 1.17027503e-03,
       5.85137517e-04, 5.85137517e-04, 0., 0., 1.75541255e-03,
       2.92568747e-03, 9.36220028e-03, 1.17027503e-03, 1.17027503e-03,
       1.17027503e-03, 2.92568747e-03, 1.75541255e-03, 0.,
       1.17027503e-03, 5.85137517e-04, 2.34055007e-03, 1.17027503e-03,
       1.17027503e-03, 1.17027503e-03, 0., 2.92568747e-03,
       5.85137517e-04, 0., 3.51082510e-03, 1.75541255e-03,
       1.17027503e-03, 5.85137517e-04, 2.92568747e-03, 0., 0., 0.,
       4.68110014e-03, 1.75541255e-03, 5.85137517e-04, 0.,
       1.75541255e-03, 2.34055007e-03, 2.34055007e-03, 0.,
       1.75541255e-03, 2.34055007e-03, 2.34055007e-03, 0.,
       2.92568747e-03, 0., 2.34055007e-03, 1.75541255e-03,
       1.75541255e-03, 5.85137517e-04, 5.85137517e-04, 0.,
       1.17027503e-03, 0., 2.92568747e-03, 5.85137517e-04,
       1.17027503e-03, 4.68110014e-03, 5.85137517e-04, 1.75541255e-03,
       0., 5.85137517e-04, 1.17027503e-03, 0., 5.85137517e-04, 0.,
       1.17027503e-03, 1.17027503e-03, 0., 5.85137517e-04,
       2.92568747e-03, 5.85137517e-04, 1.17027503e-03, 2.92568747e-03,
       5.85137517e-04, 0., 5.85137517e-04, 2.34055007e-03,
       5.85137517e-04, 1.17027503e-03, 0., 0., 5.85137517e-04,
       5.85137517e-04, 0., 1.17027503e-03, 5.85137517e-04, 0.,
       1.17027503e-03, 1.17027503e-03, 1.17027503e-03, 1.17027503e-03,
       5.85137517e-04, 2.34055007e-03, 1.17027503e-03, 1.17027503e-03,
       1.17027503e-03, 0., 1.17027503e-03, 0., 3.51082510e-03,
       1.17027503e-03, 2.34055007e-03, 0., 0., 3.51082510e-03,
       5.85137517e-04, 1.17027503e-03, 2.92568747e-03, 3.51082510e-03,
       1.17027503e-03, 0., 5.85137517e-04, 5.85137517e-04,
       1.17027503e-03, 0., 1.17027503e-03, 0., 5.85137517e-04,
       2.34055007e-03, 2.34055007e-03, 5.85137517e-04, 1.17027503e-03,
       1.17027503e-03, 1.17027503e-03, 1.17027503e-03, 4.68110014e-03,
       0., 1.17027503e-03, 1.75541255e-03, 1.75541255e-03,
       4.09596274e-03, 3.51082510e-03, 1.17027503e-03, 5.85137517e-04,
       5.85137517e-04, 0., 1.17027503e-03, 5.85137517e-04,
       5.85137517e-04, 1.17027503e-03, 5.85137517e-04, 5.85137517e-04,
       1.17027503e-03, 5.85137517e-04, 5.85137517e-04, 5.85137517e-04,
       5.85137517e-04, 1.75541255e-03, 0., 5.85137517e-04,
       7.60678761e-03, 1.75541255e-03, 5.85137517e-04, 5.85137517e-04,
       2.34055007e-03, 5.85137517e-04, 2.34055007e-03, 1.17027503e-03,
       5.85137517e-04, 5.85137517e-04, 0., 5.85137517e-04,
       5.85137517e-04, 1.75541255e-03, 0., 1.17027503e-03,
       5.85137517e-04, 1.75541255e-03, 0., 5.85137517e-04,
       2.92568747e-03, 1.75541255e-03, 1.75541255e-03, 5.85137517e-04,
       0., 0., 0., 5.85137517e-04, 0., 2.92568747e-03, 5.85137517e-04,
       5.85137517e-04, 2.34055007e-03, 5.85137517e-04, 0.,
       5.85137517e-04, 3.51082510e-03, 0., 1.17027503e-03,
       1.17027503e-03, 2.92568747e-03, 5.85137517e-04, 1.17027503e-03,
       4.09596274e-03, 5.85137517e-04, 5.85137517e-04, 1.75541255e-03,
       1.17027503e-03, 1.17027503e-03, 1.17027503e-03, 0., 0.,
       5.85137517e-04, 2.34055007e-03, 5.85137517e-04, 0.,
       5.85137494e-03, 0., 5.85137517e-04, 0., 5.85137517e-04,
       5.85137517e-04, 0., 5.85137517e-04, 5.85137517e-04, 0.,
       1.17027503e-03, 5.85137517e-04, 0., 2.34055007e-03,
       2.34055007e-03, 1.17027503e-03, 1.75541255e-03, 1.75541255e-03,
       5.85137517e-04, 5.85137517e-04, 0., 1.17027503e-03, 0.,
       5.85137517e-04, 1.75541255e-03, 5.85137517e-04, 5.85137517e-04,
       5.85137517e-04, 1.17027503e-03, 0., 1.17027503e-03,
       1.75541255e-03, 0., 5.85137517e-04, 5.85137517e-04,
       5.85137517e-04, 1.75541255e-03, 0., 0., 5.85137517e-04,
       1.75541255e-03, 0., 5.85137517e-04, 0., 5.85137517e-04,
       2.34055007e-03, 0., 5.85137517e-04, 2.92568747e-03, 0.,
       1.17027503e-03, 0., 5.26623754e-03, 1.17027503e-03,
       1.75541255e-03, 1.17027503e-03, 5.85137517e-04, 2.34055007e-03,
       1.75541255e-03, 5.85137517e-04, 5.85137517e-04, 5.85137517e-04,
       5.85137517e-04, 0., 1.75541255e-03, 2.34055007e-03,
       1.75541255e-03, 1.17027503e-03, 5.85137517e-04, 1.75541255e-03,
       2.34055007e-03, 5.85137517e-04, 1.75541255e-03, 5.85137517e-04,
       0., 2.92568747e-03, 1.17027503e-03, 7.02165021e-03,
       1.17027503e-03, 5.85137517e-04, 0., 1.17027503e-03,
       1.11176129e-02, 5.85137517e-04, 0., 5.85137517e-04,
       1.75541255e-03, 0., 2.34055007e-03, 2.34055007e-03, 0.,
       1.75541255e-03, 0., 5.85137517e-04, 5.85137517e-04,
       5.85137517e-04, 0., 1.75541255e-03, 1.17027503e-03, 0.,
       1.75541255e-03, 5.85137517e-04, 0., 1.17027503e-03,
       4.09596274e-03, 0., 2.92568747e-03, 1.17027503e-03,
       1.17027503e-03, 2.34055007e-03, 0., 1.17027503e-03,
       2.34055007e-03, 5.85137517e-04, 0., 1.75541255e-03,
       1.17027503e-03, 1.75541255e-03, 1.17027503e-03, 5.85137517e-04,
       1.17027503e-03, 1.17027503e-03, 2.34055007e-03, 2.92568747e-03,
       5.85137517e-04, 0., 0., 1.17027503e-03, 1.75541255e-03,
       1.75541255e-03, 2.34055007e-03, 1.75541255e-03, 1.17027503e-03,
       2.34055007e-03, 2.34055007e-03, 0., 0., 0., 1.17027503e-03, 0.,
       1.17027503e-03, 5.85137517e-04, 0., 1.75541255e-03,
       8.19192547e-03, 0., 1.17027503e-03, 5.85137517e-04,
       2.92568747e-03, 6.43651281e-03, 5.85137517e-04, 1.17027503e-03,
       5.85137517e-04, 0., 5.85137494e-03, 1.17027503e-03,
       1.75541255e-03, 0., 5.26623754e-03, 2.92568747e-03, 0., 0.,
       5.85137517e-04, 0., 1.17027503e-03, 5.85137517e-04, 0.,
       1.17027503e-03, 0., 4.68110014e-03, 5.85137494e-03,
       1.75541255e-03, 5.85137517e-04, 1.17027503e-03, 0.,
       5.85137517e-04, 2.92568747e-03, 1.17027503e-03, 0.,
       1.17027503e-03, 5.85137517e-04, 5.85137517e-04, 1.75541255e-03,
       1.17027503e-03, 0., 5.26623754e-03, 0., 2.92568747e-03, 0.,
       3.51082510e-03, 1.75541255e-03, 0., 0., 0., 5.85137517e-04,
       5.85137517e-04, 2.34055007e-03, 0., 1.75541255e-03,
       3.51082510e-03, 1.75541255e-03, 1.75541255e-03, 1.17027503e-03,
       0., 1.17027503e-03, 5.85137517e-04, 1.17027503e-03,
       3.51082510e-03, 0., 5.85137517e-04, 2.34055007e-03,
       2.92568747e-03, 0., 5.85137517e-04, 5.85137517e-04,
       5.85137517e-04, 5.85137517e-04, 0., 1.17027503e-03,
       3.51082510e-03, 5.85137517e-04, 4.09596274e-03, 1.17027503e-03,
       5.85137494e-03, 5.85137517e-04, 5.85137517e-04, 1.17027503e-03,
       5.85137517e-04, 1.75541255e-03, 2.92568747e-03, 1.75541255e-03,
       5.85137494e-03, 0., 1.17027503e-03, 0., 1.17027503e-03, 0.,
