%YAML:1.0
m100f: !!opencv-matrix
   rows: 1
   cols: 800
   dt: f
   data: [ 1.00250624e-03, 5.01253118e-04, 1.00250624e-03,
       1.00250624e-03, 0., 0., 2.00501247e-03, 1.00250624e-03,
       1.50375930e-03, 1.50375930e-03, 1.00250624e-03, 1.00250624e-03,
       1.50375930e-03, 2.50626565e-03, 0., 5.01253118e-04,
       1.50375930e-03, 5.01253118e-04, 5.01253118e-04, 3.00751859e-03,
       1.50375930e-03, 2.50626565e-03, 1.00250624e-03, 1.00250624e-03,
       2.50626565e-03, 5.01253118e-04, 3.00751859e-03, 1.00250624e-03,
       0., 5.01253118e-04, 5.01253118e-04, 5.01253118e-04,
       1.00250624e-03, 5.01253118e-04, 1.00250624e-03, 2.00501247e-03,
       1.50375930e-03, 1.50375930e-03, 2.50626565e-03, 5.01253118e-04,
       1.00250624e-03, 2.00501247e-03, 5.01253118e-04, 5.01253118e-04,
       1.00250624e-03, 5.01253118e-04, 2.50626565e-03, 3.00751859e-03,
       1.50375930e-03, 0., 5.01253118e-04, 1.00250624e-03,
       1.00250624e-03, 5.01253118e-04, 5.01253118e-04, 0.,
       1.00250624e-03, 2.00501247e-03, 0., 3.00751859e-03, 0.,
       5.01253118e-04, 3.00751859e-03, 5.01253130e-03, 1.50375930e-03,
       0., 2.50626565e-03, 2.50626565e-03, 5.01253118e-04, 0.,
       3.00751859e-03, 1.50375930e-03, 1.50375930e-03, 2.00501247e-03,
       4.01002495e-03, 5.01253118e-04, 0., 1.00250624e-03,
       2.00501247e-03, 5.01253118e-04, 0., 5.01253118e-04, 0.,
       1.50375930e-03, 5.01253118e-04, 1.00250624e-03, 1.00250624e-03,
       0., 1.00250624e-03, 1.00250624e-03, 5.01253118e-04, 0.,
       5.01253118e-04, 1.50375930e-03, 1.00250624e-03, 1.00250624e-03,
       1.00250624e-03, 1.00250624e-03, 5.01253118e-04, 0., 0.,
       1.00250624e-03, 2.50626565e-03, 1.50375930e-03, 0.,
       1.50375930e-03, 1.50375930e-03, 1.00250624e-03, 1.50375930e-03,
       1.00250624e-03, 1.00250624e-03, 1.00250624e-03, 1.00250624e-03,
       0., 4.51127812e-03, 1.50375930e-03, 0., 3.00751859e-03,
       2.00501247e-03, 1.50375930e-03, 5.01253118e-04, 5.01253118e-04,
       7.01754354e-03, 2.00501247e-03, 0., 5.01253118e-04, 0.,
       2.50626565e-03, 5.01253118e-04, 1.00250624e-03, 0.,
       1.00250624e-03, 2.50626565e-03, 1.00250624e-03, 0.,
       5.01253118e-04, 3.50877177e-03, 5.01253118e-04, 2.00501247e-03,
       5.01253118e-04, 5.01253118e-04, 3.00751859e-03, 1.00250624e-03,
       1.00250624e-03, 5.01253118e-04, 5.01253118e-04, 1.50375930e-03,
       5.01253118e-04, 0., 1.50375930e-03, 3.50877177e-03, 0.,
       5.01253118e-04, 5.01253118e-04, 4.51127812e-03, 5.01253118e-04,
       5.01253118e-04, 1.00250624e-03, 4.01002495e-03, 5.01253118e-04,
       1.50375930e-03, 5.01253118e-04, 5.01253118e-04, 2.50626565e-03,
       0., 1.50375930e-03, 5.01253118e-04, 2.00501247e-03,
       1.00250624e-03, 2.00501247e-03, 1.50375930e-03, 2.50626565e-03,
       0., 2.00501247e-03, 5.01253118e-04, 5.01253118e-04,
       5.01253118e-04, 4.51127812e-03, 5.01253130e-03, 0.,
       1.00250624e-03, 0., 0., 2.00501247e-03, 1.00250624e-03, 0.,
       1.00250624e-03, 0., 5.01253118e-04, 2.00501247e-03, 0., 0.,
       5.01253118e-04, 1.50375930e-03, 5.01253118e-04, 3.50877177e-03,
       2.00501247e-03, 1.00250624e-03, 5.01253118e-04, 2.50626565e-03,
       2.50626565e-03, 0., 1.00250624e-03, 0., 0., 0., 1.00250624e-03,
       2.50626565e-03, 1.00250624e-03, 2.00501247e-03, 1.00250624e-03,
       1.00250624e-03, 0., 1.00250624e-03, 0., 1.50375930e-03,
       5.01253118e-04, 1.00250624e-03, 1.50375930e-03, 2.50626565e-03,
       1.50375930e-03, 1.00250624e-03, 1.00250624e-03, 5.01253118e-04,
       5.01253118e-04, 1.00250624e-03, 2.50626565e-03, 1.00250624e-03,
       1.00250624e-03, 2.50626565e-03, 2.50626565e-03, 1.00250624e-03,
       0., 5.01253118e-04, 1.00250624e-03, 1.50375930e-03,
       5.01253118e-04, 4.51127812e-03, 1.00250624e-03, 2.50626565e-03,
       5.01253118e-04, 1.00250624e-03, 2.50626565e-03, 1.50375930e-03,
       5.01253118e-04, 2.00501247e-03, 3.00751859e-03, 1.50375930e-03,
       0., 1.00250624e-03, 1.00250624e-03, 1.50375930e-03,
       1.50375930e-03, 0., 2.00501247e-03, 2.00501247e-03,
       5.01253118e-04, 5.01253118e-04, 0., 2.50626565e-03, 0.,
       1.00250624e-03, 3.00751859e-03, 0., 2.50626565e-03,
       2.00501247e-03, 2.00501247e-03, 1.00250624e-03, 1.00250624e-03,
       1.00250624e-03, 5.01253118e-04, 0., 2.00501247e-03,
       3.50877177e-03, 5.01253118e-04, 5.01253118e-04, 3.00751859e-03,
       1.00250624e-03, 5.01253118e-04, 1.50375930e-03, 5.01253118e-04,
       1.00250624e-03, 0., 1.00250624e-03, 1.50375930e-03,
       6.51629036e-03, 2.50626565e-03, 5.01253118e-04, 0.,
       3.00751859e-03, 4.01002495e-03, 1.50375930e-03, 5.01253118e-04,
       2.00501247e-03, 1.00250624e-03, 4.51127812e-03, 2.00501247e-03,
       5.01253118e-04, 5.01253118e-04, 1.00250624e-03, 5.01253118e-04,
       1.50375930e-03, 2.00501247e-03, 2.50626565e-03, 1.50375930e-03,
       0., 1.00250624e-03, 5.01253118e-04, 0., 0., 3.00751859e-03,
       5.01253118e-04, 1.50375930e-03, 0., 5.01253118e-04,
       2.00501247e-03, 3.00751859e-03, 2.50626565e-03, 1.00250624e-03,
       5.01253118e-04, 5.01253118e-04, 2.00501247e-03, 1.00250624e-03,
       5.01253118e-04, 1.00250624e-03, 0., 2.00501247e-03,
       5.01253118e-04, 1.50375930e-03, 1.00250624e-03, 1.50375930e-03,
       0., 1.50375930e-03, 0., 0., 2.50626565e-03, 2.50626565e-03,
       5.01253118e-04, 1.00250624e-03, 0., 1.00250624e-03,
       1.50375930e-03, 1.50375930e-03, 5.01253118e-04, 1.00250624e-03,
       5.01253118e-04, 2.50626565e-03, 1.50375930e-03, 1.50375930e-03,
       5.01253118e-04, 0., 1.50375930e-03, 0., 3.00751859e-03,
       2.00501247e-03, 0., 5.01253118e-04, 5.01253118e-04,
       1.00250624e-03, 0., 5.01253118e-04, 2.50626565e-03,
       2.00501247e-03, 1.50375930e-03, 1.50375930e-03, 5.01253118e-04,
       1.50375930e-03, 0., 3.00751859e-03, 1.00250624e-03,
       3.50877177e-03, 1.00250624e-03, 1.00250624e-03, 5.01253118e-04,
       2.00501247e-03, 0., 2.00501247e-03, 1.00250624e-03, 0.,
       3.00751859e-03, 5.01253118e-04, 2.50626565e-03, 2.50626565e-03,
       1.00250624e-03, 2.00501247e-03, 1.00250624e-03, 0.,
       2.00501247e-03, 5.01253118e-04, 5.01253118e-04, 1.50375930e-03,
       1.00250624e-03, 1.00250624e-03, 2.00501247e-03, 1.00250624e-03,
       2.00501247e-03, 1.00250624e-03, 3.00751859e-03, 2.00501247e-03,
       1.50375930e-03, 2.00501247e-03, 0., 5.01253118e-04,
       5.01253118e-04, 5.01253118e-04, 1.50375930e-03, 1.00250624e-03,
       0., 0., 1.00250624e-03, 1.00250624e-03, 1.00250624e-03,
       2.50626565e-03, 0., 1.50375930e-03, 0., 5.01253118e-04,
       1.00250624e-03, 4.51127812e-03, 5.01253118e-04, 2.50626565e-03,
       1.00250624e-03, 2.50626565e-03, 5.01253118e-04, 3.50877177e-03,
       5.01253118e-04, 0., 5.01253118e-04, 0., 5.01253118e-04,
       4.01002495e-03, 5.01253118e-04, 2.00501247e-03, 2.00501247e-03,
       1.50375930e-03, 4.51127812e-03, 0., 1.50375930e-03,
       2.00501247e-03, 5.01253118e-04, 2.00501247e-03, 5.01253118e-04,
       1.50375930e-03, 1.50375930e-03, 0., 3.00751859e-03, 0., 0.,
       2.50626565e-03, 0., 1.00250624e-03, 1.50375930e-03,
       5.01253118e-04, 2.00501247e-03, 1.00250624e-03, 0.,
       1.00250624e-03, 0., 1.50375930e-03, 1.00250624e-03,
       2.50626565e-03, 1.00250624e-03, 5.01253118e-04, 1.00250624e-03,
       1.50375930e-03, 5.01253118e-04, 5.01253118e-04, 1.00250624e-03,
       1.00250624e-03, 1.50375930e-03, 2.50626565e-03, 2.00501247e-03,
       1.00250624e-03, 1.00250624e-03, 1.00250624e-03, 5.01253118e-04,
       1.50375930e-03, 3.00751859e-03, 0., 1.00250624e-03,
       1.50375930e-03, 3.00751859e-03, 1.50375930e-03, 1.00250624e-03,
       5.01253118e-04, 1.00250624e-03, 1.00250624e-03, 1.50375930e-03,
       5.01253118e-04, 1.50375930e-03, 5.01253118e-04, 2.00501247e-03,
       2.50626565e-03, 4.51127812e-03, 4.51127812e-03, 5.01253118e-04,
       3.00751859e-03, 0., 2.00501247e-03, 5.01253130e-03,
       2.00501247e-03, 1.50375930e-03, 5.01253130e-03, 4.51127812e-03,
