%YAML:1.0
m100f: !!opencv-matrix
   rows: 1
   cols: 800
   dt: f
   data: [ 1.01988786e-03, 3.56960762e-03, 1.01988786e-03,
       3.05966358e-03, 1.01988786e-03, 0., 2.03977572e-03,
       1.52983179e-03, 1.01988786e-03, 2.03977572e-03, 1.52983179e-03,
       1.01988786e-03, 1.01988786e-03, 5.09943930e-04, 1.52983179e-03,
       5.09943930e-04, 1.01988786e-03, 0., 0., 2.03977572e-03,
       1.52983179e-03, 1.52983179e-03, 5.09943930e-04, 1.01988786e-03,
       2.03977572e-03, 0., 1.52983179e-03, 0., 5.09943930e-04,
       1.01988786e-03, 2.03977572e-03, 1.52983179e-03, 2.03977572e-03,
       5.09943930e-04, 5.09943930e-04, 0., 2.03977572e-03,
       1.52983179e-03, 1.01988786e-03, 0., 5.09943930e-04,
       5.09943930e-04, 5.09943930e-04, 1.01988786e-03, 1.52983179e-03,
       5.09943906e-03, 5.09943930e-04, 5.09943930e-04, 3.56960762e-03,
       0., 5.09943930e-04, 0., 0., 0., 3.05966358e-03, 0.,
       4.58949525e-03, 5.09943930e-04, 5.09943930e-04, 5.09943930e-04,
       0., 2.03977572e-03, 0., 5.09943906e-03, 1.52983179e-03,
       5.09943930e-04, 2.54971953e-03, 0., 5.09943930e-04, 0.,
       3.56960762e-03, 2.54971953e-03, 5.09943930e-04, 1.01988786e-03,
       5.60938334e-03, 2.03977572e-03, 1.52983179e-03, 1.52983179e-03,
       1.01988786e-03, 5.09943930e-04, 5.60938334e-03, 0., 0.,
       3.56960762e-03, 1.01988786e-03, 1.01988786e-03, 3.05966358e-03,
       1.52983179e-03, 2.54971953e-03, 5.09943930e-04, 0., 0., 0.,
       2.03977572e-03, 5.09943930e-04, 5.09943930e-04, 5.09943930e-04,
       2.54971953e-03, 3.05966358e-03, 1.52983179e-03, 1.52983179e-03,
       3.56960762e-03, 1.52983179e-03, 2.54971953e-03, 0.,
       2.03977572e-03, 5.09943930e-04, 0., 5.09943930e-04, 0.,
       1.01988786e-03, 0., 1.01988786e-03, 1.52983179e-03,
       7.13921525e-03, 0., 1.01988786e-03, 0., 5.09943906e-03,
       1.01988786e-03, 0., 5.09943930e-04, 0., 5.09943930e-04, 0.,
       1.01988786e-03, 0., 5.09943930e-04, 5.09943930e-04, 0., 0.,
       2.54971953e-03, 2.03977572e-03, 1.52983179e-03, 5.09943930e-04,
       3.05966358e-03, 1.52983179e-03, 1.01988786e-03, 0.,
       1.52983179e-03, 0., 2.03977572e-03, 2.54971953e-03,
       2.54971953e-03, 1.01988786e-03, 2.54971953e-03, 1.52983179e-03,
       2.03977572e-03, 0., 0., 0., 5.09943930e-04, 4.07955144e-03, 0.,
       1.52983179e-03, 0., 0., 0., 1.52983179e-03, 5.09943930e-04,
       5.09943930e-04, 1.01988786e-03, 5.09943930e-04, 1.01988786e-03,
       5.09943930e-04, 1.01988786e-03, 0., 2.03977572e-03, 0., 0.,
       5.09943930e-04, 3.05966358e-03, 2.03977572e-03, 1.01988786e-03,
       2.54971953e-03, 0., 5.09943930e-04, 1.01988786e-03,
       2.54971953e-03, 0., 3.56960762e-03, 1.01988786e-03, 0.,
       1.52983179e-03, 5.09943930e-04, 5.09943930e-04, 1.01988786e-03,
       1.01988786e-03, 3.05966358e-03, 0., 5.09943930e-04,
       1.01988786e-03, 2.03977572e-03, 5.09943930e-04, 1.52983179e-03,
       6.11932715e-03, 0., 5.09943930e-04, 0., 2.03977572e-03,
       5.09943930e-04, 5.09943930e-04, 0., 1.52983179e-03,
       1.52983179e-03, 1.01988786e-03, 2.54971953e-03, 3.05966358e-03,
       5.09943930e-04, 1.52983179e-03, 1.52983179e-03, 5.09943930e-04,
       0., 1.01988786e-03, 1.52983179e-03, 1.52983179e-03,
       5.09943930e-04, 0., 1.01988786e-03, 1.52983179e-03,
       5.09943930e-04, 5.09943906e-03, 3.56960762e-03, 0.,
       1.52983179e-03, 1.01988786e-03, 2.54971953e-03, 3.05966358e-03,
       1.01988786e-03, 1.01988786e-03, 3.56960762e-03, 2.03977572e-03,
       5.09943930e-04, 1.52983179e-03, 1.01988786e-03, 1.52983179e-03,
       0., 1.01988786e-03, 2.03977572e-03, 1.52983179e-03, 0.,
       2.03977572e-03, 1.52983179e-03, 1.52983179e-03, 0.,
       1.01988786e-03, 4.07955144e-03, 2.54971953e-03, 3.56960762e-03,
       5.09943930e-04, 0., 5.09943930e-04, 5.09943930e-04,
       1.52983179e-03, 2.03977572e-03, 1.01988786e-03, 1.52983179e-03,
       5.09943930e-04, 5.09943930e-04, 1.52983179e-03, 1.01988786e-03,
       5.09943930e-04, 5.09943930e-04, 5.09943930e-04, 2.54971953e-03,
       5.09943930e-04, 1.52983179e-03, 2.03977572e-03, 2.03977572e-03,
       1.52983179e-03, 5.09943930e-04, 5.09943930e-04, 1.01988786e-03,
       1.52983179e-03, 0., 1.52983179e-03, 5.09943930e-04,
       2.03977572e-03, 4.58949525e-03, 2.03977572e-03, 5.09943930e-04,
       1.01988786e-03, 0., 1.52983179e-03, 5.09943930e-04,
       5.09943930e-04, 1.52983179e-03, 2.03977572e-03, 1.52983179e-03,
       1.52983179e-03, 0., 5.09943906e-03, 1.52983179e-03,
       5.09943930e-04, 3.05966358e-03, 5.09943906e-03, 5.09943930e-04,
       5.09943930e-04, 0., 5.09943930e-04, 1.01988786e-03,
       2.54971953e-03, 3.56960762e-03, 0., 5.09943930e-04, 0.,
       1.01988786e-03, 1.52983179e-03, 1.52983179e-03, 5.09943930e-04,
       1.52983179e-03, 0., 4.58949525e-03, 5.09943930e-04,
       1.01988786e-03, 3.56960762e-03, 0., 5.09943930e-04,
       2.03977572e-03, 1.52983179e-03, 1.01988786e-03, 1.01988786e-03,
       0., 1.01988786e-03, 0., 1.52983179e-03, 3.05966358e-03,
       5.09943930e-04, 1.01988786e-03, 3.05966358e-03, 1.52983179e-03,
       0., 5.09943930e-04, 2.54971953e-03, 0., 1.52983179e-03,
       4.07955144e-03, 1.52983179e-03, 1.52983179e-03, 1.01988786e-03,
       0., 1.52983179e-03, 2.54971953e-03, 5.09943930e-04, 0.,
       5.09943930e-04, 1.52983179e-03, 2.54971953e-03, 0.,
       5.09943930e-04, 1.01988786e-03, 0., 0., 1.01988786e-03,
       1.01988786e-03, 0., 1.52983179e-03, 1.01988786e-03,
       1.52983179e-03, 5.09943930e-04, 1.01988786e-03, 5.09943930e-04,
       0., 0., 1.01988781e-02, 1.01988786e-03, 0., 1.01988786e-03,
       1.01988786e-03, 5.09943930e-04, 1.52983179e-03, 2.03977572e-03,
       5.09943930e-04, 1.01988786e-03, 1.01988786e-03, 1.01988786e-03,
       1.52983179e-03, 2.03977572e-03, 5.09943930e-04, 2.54971953e-03,
       1.01988786e-03, 5.09943930e-04, 1.52983179e-03, 1.01988786e-03,
       4.07955144e-03, 3.05966358e-03, 0., 5.09943930e-04,
       1.01988786e-03, 0., 2.03977572e-03, 1.01988786e-03,
       1.01988786e-03, 1.52983179e-03, 0., 1.52983179e-03, 0.,
       1.52983179e-03, 2.03977572e-03, 5.09943930e-04, 3.05966358e-03,
       5.09943930e-04, 2.54971953e-03, 0., 3.05966358e-03,
       1.52983179e-03, 0., 5.09943930e-04, 1.52983179e-03,
       1.52983179e-03, 1.52983179e-03, 1.52983179e-03, 0.,
       1.01988786e-03, 1.52983179e-03, 1.01988786e-03, 0., 0., 0.,
       2.03977572e-03, 1.01988786e-03, 2.03977572e-03, 3.05966358e-03,
       1.01988786e-03, 1.01988786e-03, 4.07955144e-03, 2.54971953e-03,
       0., 0., 1.01988786e-03, 2.54971953e-03, 5.09943930e-04,
       1.52983179e-03, 5.09943930e-04, 5.09943930e-04, 3.56960762e-03,
       5.09943930e-04, 0., 0., 5.09943930e-04, 0., 2.03977572e-03,
       1.52983179e-03, 2.03977572e-03, 0., 1.52983179e-03, 0., 0.,
       1.01988786e-03, 5.09943930e-04, 5.09943930e-04, 5.09943930e-04,
       1.52983179e-03, 2.03977572e-03, 0., 0., 1.52983181e-02,
       5.09943930e-04, 5.09943930e-04, 0., 2.03977572e-03,
       2.03977572e-03, 1.52983179e-03, 5.09943930e-04, 0.,
       1.52983179e-03, 2.03977572e-03, 4.58949525e-03, 1.01988786e-03,
       1.01988786e-03, 1.52983179e-03, 2.54971953e-03, 1.01988786e-03,
       5.09943930e-04, 5.09943930e-04, 1.01988786e-03, 5.09943930e-04,
       5.09943930e-04, 1.01988786e-03, 2.03977572e-03, 1.01988786e-03,
       2.03977572e-03, 5.09943930e-04, 1.01988786e-03, 5.09943930e-04,
       1.01988786e-03, 5.09943930e-04, 2.54971953e-03, 5.09943930e-04,
       5.09943930e-04, 1.01988786e-03, 2.03977572e-03, 5.09943930e-04,
       3.05966358e-03, 1.01988786e-03, 1.01988786e-03, 2.03977572e-03,
       1.01988786e-03, 5.09943930e-04, 1.01988786e-03, 1.01988786e-03,
       1.01988786e-03, 1.01988786e-03, 2.54971953e-03, 3.05966358e-03,
       5.09943930e-04, 5.09943930e-04, 0., 5.09943930e-04,
       5.09943930e-04, 1.01988786e-03, 1.01988786e-03, 5.09943930e-04,
       3.56960762e-03, 5.09943930e-04, 1.52983179e-03, 5.09943930e-04,
