%YAML:1.0
m100f: !!opencv-matrix
   rows: 1
   cols: 800
   dt: f
   data: [ 0., 1.95886381e-03, 3.42801167e-03, 1.95886381e-03,
       4.89715952e-04, 4.89715952e-04, 9.79431905e-04, 9.79431905e-04,
       4.89715952e-04, 2.93829571e-03, 9.79431905e-04, 1.95886381e-03,
       9.79431905e-04, 1.46914786e-03, 1.95886381e-03, 9.79431905e-04,
       9.79431905e-04, 0., 4.89715952e-04, 3.91772762e-03, 0.,
       1.95886381e-03, 0., 1.95886381e-03, 4.89715952e-04,
       1.46914786e-03, 1.95886381e-03, 9.79431905e-04, 1.46914786e-03,
       9.79431905e-04, 1.46914786e-03, 1.46914786e-03, 3.42801167e-03,
       1.95886381e-03, 4.89715952e-04, 9.79431905e-04, 9.79431905e-04,
       4.89715952e-04, 0., 0., 1.46914786e-03, 4.89715952e-04,
       9.79431905e-04, 9.79431905e-04, 1.46914786e-03, 9.79431905e-04,
       2.44857976e-03, 9.79431905e-04, 1.95886381e-03, 0.,
       9.79431905e-04, 4.89715952e-04, 9.79431905e-04, 9.79431905e-04,
       2.44857976e-03, 0., 2.93829571e-03, 2.44857976e-03,
       9.79431905e-04, 1.95886381e-03, 4.89715952e-04, 1.46914786e-03,
       0., 4.89715952e-04, 9.79431905e-03, 4.89715952e-04,
       1.46914786e-03, 4.89715952e-04, 4.40744357e-03, 0.,
       4.40744357e-03, 9.79431905e-04, 4.89715952e-04, 9.79431905e-04,
       1.95886381e-03, 2.93829571e-03, 0., 0., 9.79431905e-04,
       4.89715952e-04, 4.89715952e-04, 0., 4.89715952e-04,
       9.79431905e-04, 4.89715952e-04, 4.40744357e-03, 1.95886381e-03,
       4.89715952e-04, 0., 0., 0., 0., 4.89715952e-04, 1.95886381e-03,
       9.79431905e-04, 1.46914786e-03, 0., 2.44857976e-03,
       4.89715952e-04, 4.89715952e-04, 9.79431905e-04, 3.42801167e-03,
       3.42801167e-03, 1.46914786e-03, 0., 4.89715952e-04,
       9.79431905e-04, 4.89715952e-04, 0., 9.79431905e-04,
       4.40744357e-03, 9.79431905e-04, 4.89715952e-04, 9.79431905e-04,
       0., 1.95886381e-03, 4.89715952e-04, 1.46914786e-03,
       9.79431905e-04, 1.95886381e-03, 2.44857976e-03, 1.46914786e-03,
       2.44857976e-03, 9.79431905e-04, 9.79431905e-04, 0.,
       2.93829571e-03, 1.46914786e-03, 9.79431905e-04, 9.79431905e-04,
       0., 9.79431905e-04, 3.42801167e-03, 4.89715952e-04,
       1.95886381e-03, 1.95886381e-03, 0., 1.46914786e-03,
       1.46914786e-03, 1.95886381e-03, 9.79431905e-04, 1.95886381e-03,
       1.95886381e-03, 2.93829571e-03, 0., 0., 4.89715952e-04,
       1.46914786e-03, 0., 9.79431905e-04, 2.93829571e-03,
       4.89715952e-04, 9.79431905e-04, 1.95886381e-03, 2.93829571e-03,
       0., 0., 1.46914786e-03, 2.93829571e-03, 4.89715952e-04,
       4.89715952e-04, 0., 2.93829571e-03, 9.79431905e-04,
       4.89715952e-04, 0., 0., 1.95886381e-03, 2.44857976e-03,
       4.89715952e-04, 2.44857976e-03, 2.93829571e-03, 9.79431905e-04,
       3.42801167e-03, 1.46914786e-03, 0., 4.89715952e-04,
       4.89715952e-03, 1.46914786e-03, 0., 1.46914786e-03,
       1.46914786e-03, 0., 9.79431905e-04, 4.89715952e-04,
       1.46914786e-03, 2.44857976e-03, 0., 0., 4.89715952e-04, 0.,
       9.79431905e-04, 4.89715952e-04, 0., 1.95886381e-03,
       1.46914786e-03, 4.89715952e-04, 1.46914786e-03, 4.89715952e-04,
       1.95886381e-03, 9.79431905e-04, 9.79431905e-04, 4.89715952e-04,
       8.81488714e-03, 1.46914786e-03, 4.89715952e-04, 1.95886381e-03,
       1.95886381e-03, 4.89715952e-04, 2.44857976e-03, 1.95886381e-03,
       9.79431905e-04, 4.89715952e-04, 0., 0., 4.89715952e-04,
       4.89715952e-04, 0., 3.91772762e-03, 3.42801167e-03,
       9.79431905e-04, 1.46914786e-03, 5.87659143e-03, 9.79431905e-04,
       0., 9.79431905e-04, 1.46914786e-03, 4.40744357e-03,
       9.79431905e-04, 0., 1.95886381e-03, 1.46914786e-03, 0.,
       4.89715952e-04, 0., 2.44857976e-03, 4.89715952e-04,
       1.46914786e-03, 0., 2.44857976e-03, 2.93829571e-03,
       2.93829571e-03, 2.93829571e-03, 1.95886381e-03, 9.79431905e-04,
       4.89715952e-04, 1.95886381e-03, 1.46914786e-03, 4.89715952e-04,
       4.89715952e-04, 9.79431905e-04, 9.79431905e-04, 1.95886381e-03,
       1.46914786e-03, 1.46914786e-03, 4.89715952e-04, 1.46914786e-03,
       3.42801167e-03, 1.46914786e-03, 1.46914786e-03, 0.,
       4.89715952e-04, 9.79431905e-04, 4.89715952e-04, 9.79431905e-04,
       1.95886381e-03, 2.93829571e-03, 4.89715952e-04, 4.89715952e-04,
       1.46914786e-03, 3.42801167e-03, 0., 4.89715952e-04,
       1.46914786e-03, 4.89715952e-04, 4.89715952e-04, 4.89715952e-04,
       1.46914786e-03, 4.40744357e-03, 1.46914786e-03, 4.89715952e-04,
       2.44857976e-03, 0., 1.46914786e-03, 4.89715952e-04,
       3.91772762e-03, 4.89715952e-04, 4.89715952e-04, 0.,
       4.89715952e-04, 2.44857976e-03, 0., 0., 9.79431905e-04,
       4.89715952e-04, 1.95886381e-03, 4.89715952e-04, 9.79431905e-04,
       1.46914786e-03, 9.79431905e-04, 1.95886381e-03, 2.93829571e-03,
       2.93829571e-03, 9.79431905e-04, 1.46914786e-03, 0., 0., 0.,
       9.79431905e-04, 0., 3.42801167e-03, 9.79431905e-04,
       3.42801167e-03, 4.89715952e-04, 9.79431905e-04, 1.46914786e-03,
       4.89715952e-04, 1.95886381e-03, 1.46914786e-03, 0.,
       4.89715952e-04, 4.89715952e-04, 9.79431905e-04, 0.,
       9.79431905e-04, 0., 9.79431905e-04, 1.95886381e-03,
       4.89715952e-04, 9.79431905e-04, 9.79431905e-04, 0.,
       4.89715952e-04, 0., 2.44857976e-03, 2.93829571e-03,
       9.79431905e-04, 0., 4.89715952e-04, 0., 9.79431905e-04,
       9.79431905e-04, 4.89715952e-04, 4.89715952e-04, 2.44857976e-03,
       4.89715952e-04, 1.46914786e-03, 9.79431905e-04, 0.,
       4.89715952e-04, 9.79431905e-04, 9.79431905e-04, 0.,
       4.89715952e-04, 9.79431905e-04, 0., 1.95886381e-03,
       1.46914786e-03, 9.79431905e-04, 0., 1.46914786e-03,
       4.89715952e-04, 4.89715952e-04, 0., 1.46914786e-03, 0.,
       2.93829571e-03, 9.79431905e-04, 2.44857976e-03, 9.79431905e-04,
       1.46914786e-03, 4.89715952e-04, 4.89715952e-03, 9.79431905e-04,
       9.79431905e-04, 1.46914786e-03, 4.89715952e-04, 0.,
       4.89715952e-04, 2.93829571e-03, 1.46914786e-03, 1.95886381e-03,
       9.79431905e-04, 4.89715952e-04, 4.89715952e-04, 1.46914786e-03,
       1.46914786e-03, 4.89715952e-04, 9.79431905e-04, 4.89715952e-04,
       1.95886381e-03, 1.46914786e-03, 1.46914786e-03, 9.79431905e-04,
       9.79431905e-04, 1.95886381e-03, 1.46914786e-03, 1.95886381e-03,
       1.46914786e-03, 3.91772762e-03, 4.89715952e-04, 4.89715952e-04,
       9.79431905e-04, 1.95886381e-03, 0., 4.89715952e-04,
       4.89715952e-04, 0., 2.44857976e-03, 4.89715952e-04, 0.,
       3.91772762e-03, 2.44857976e-03, 0., 4.89715952e-04,
       1.46914786e-03, 0., 4.89715952e-04, 9.79431905e-04, 0.,
       4.89715952e-04, 0., 1.95886381e-03, 2.44857976e-03,
       9.79431905e-04, 4.89715952e-03, 9.79431905e-04, 4.89715952e-04,
       0., 4.89715952e-04, 2.44857976e-03, 4.89715952e-04,
       3.42801167e-03, 9.79431905e-04, 0., 1.95886381e-03,
       4.89715952e-04, 9.79431905e-04, 0., 4.89715952e-04,
       1.46914786e-03, 4.89715952e-04, 1.46914786e-03, 4.89715952e-04,
       4.89715952e-04, 1.95886381e-03, 0., 4.89715952e-04,
       1.46914786e-03, 0., 4.89715952e-04, 1.95886381e-03,
       4.89715952e-04, 1.95886381e-03, 4.89715952e-04, 9.79431905e-04,
       9.79431905e-04, 1.95886381e-03, 0., 4.89715952e-04,
       4.89715952e-04, 4.89715952e-04, 0., 9.79431905e-04, 0.,
       4.89715952e-04, 0., 9.79431905e-04, 9.79431905e-04,
       1.95886381e-03, 9.79431905e-04, 3.91772762e-03, 3.42801167e-03,
       4.89715952e-04, 9.79431905e-04, 0., 9.79431905e-04,
       2.93829571e-03, 1.46914786e-03, 2.44857976e-03, 9.79431905e-04,
       2.93829571e-03, 9.79431905e-04, 0., 4.89715952e-04,
       1.46914786e-03, 9.79431905e-04, 6.85602333e-03, 4.89715952e-04,
       9.79431905e-04, 4.89715952e-04, 0., 9.79431905e-04,
       2.93829571e-03, 1.46914786e-03, 4.89715952e-04, 3.42801167e-03,
       9.79431905e-04, 1.46914786e-03, 1.46914786e-03, 1.46914786e-03,
       4.89715952e-04, 9.79431905e-04, 1.46914786e-03, 1.46914786e-03,
       1.46914786e-03, 0., 1.46914786e-03, 1.95886381e-03,
