%YAML:1.0
m100f: !!opencv-matrix
   rows: 1
   cols: 800
   dt: f
   data: [ 0., 2.37642578e-03, 1.90114067e-03, 2.37642578e-03, 0., 0.,
       2.37642578e-03, 4.75285167e-04, 0., 1.42585556e-03,
       1.42585556e-03, 9.50570335e-04, 4.75285167e-04, 2.85171112e-03,
       1.42585556e-03, 0., 1.90114067e-03, 4.75285167e-04,
       4.75285167e-04, 3.32699623e-03, 2.37642578e-03, 9.50570335e-04,
       4.75285167e-04, 0., 1.42585556e-03, 2.85171112e-03,
       9.50570335e-04, 9.50570335e-04, 9.50570335e-04, 0.,
       4.75285167e-04, 9.50570335e-04, 9.50570335e-04, 1.90114067e-03,
       1.90114067e-03, 4.75285156e-03, 4.75285167e-04, 4.75285167e-04,
       2.37642578e-03, 0., 3.32699623e-03, 9.50570335e-04,
       9.50570335e-04, 4.75285167e-04, 2.37642578e-03, 2.37642578e-03,
       4.75285156e-03, 9.50570335e-04, 9.50570335e-04, 0.,
       4.75285167e-04, 4.75285167e-04, 9.50570335e-04, 0.,
       1.42585556e-03, 4.75285167e-04, 2.37642578e-03, 9.50570335e-04,
       1.90114067e-03, 9.50570335e-04, 0., 9.50570335e-04,
       4.75285167e-04, 4.27756645e-03, 2.37642578e-03, 4.75285167e-04,
       3.80228134e-03, 1.42585556e-03, 4.75285167e-04, 1.90114067e-03,
       1.90114067e-03, 1.42585556e-03, 1.42585556e-03, 2.37642578e-03,
       1.42585556e-03, 2.37642578e-03, 0., 4.75285167e-04,
       1.42585556e-03, 4.75285167e-04, 1.42585556e-03, 4.75285167e-04,
       0., 9.50570335e-04, 9.50570335e-04, 9.50570335e-04,
       1.90114067e-03, 1.90114067e-03, 9.50570335e-04, 1.42585556e-03,
       2.37642578e-03, 1.42585556e-03, 4.75285167e-04, 1.42585556e-03,
       1.90114067e-03, 1.42585556e-03, 9.50570335e-04, 3.32699623e-03,
       9.50570335e-04, 1.42585556e-03, 3.32699623e-03, 3.80228134e-03,
       4.75285167e-04, 2.37642578e-03, 0., 9.50570335e-04, 0., 0.,
       1.90114067e-03, 0., 9.50570335e-04, 5.22813667e-03,
       4.75285167e-04, 3.32699623e-03, 1.42585556e-03, 3.80228134e-03,
       9.50570335e-04, 1.42585556e-03, 2.85171112e-03, 1.90114067e-03,
       4.75285167e-04, 1.42585556e-03, 3.32699623e-03, 2.85171112e-03,
       1.42585556e-03, 4.75285167e-04, 9.50570335e-04, 0.,
       9.50570335e-04, 4.75285167e-04, 0., 9.50570335e-04,
       1.42585556e-03, 9.50570335e-04, 1.90114067e-03, 0.,
       4.75285167e-04, 1.42585556e-03, 0., 4.75285156e-03, 0.,
       3.32699623e-03, 4.75285167e-04, 3.80228134e-03, 4.75285167e-04,
       0., 0., 4.75285167e-04, 0., 2.37642578e-03, 2.85171112e-03,
       4.75285167e-04, 1.90114067e-03, 9.50570335e-04, 2.85171112e-03,
       4.75285167e-04, 0., 1.42585556e-03, 9.50570335e-04,
       2.37642578e-03, 4.75285167e-04, 1.90114067e-03, 1.90114067e-03,
       1.42585556e-03, 4.75285167e-04, 9.50570335e-04, 0.,
       2.85171112e-03, 4.75285167e-04, 4.75285167e-04, 1.42585556e-03,
       1.42585556e-03, 9.50570335e-04, 1.42585556e-03, 1.42585556e-03,
       0., 9.50570335e-04, 3.32699623e-03, 1.90114067e-03, 0., 0., 0.,
       0., 0., 9.50570335e-04, 0., 2.37642578e-03, 9.50570335e-04,
       4.75285167e-04, 1.42585556e-03, 4.75285167e-04, 3.32699623e-03,
       0., 1.42585556e-03, 0., 4.27756645e-03, 0., 4.75285167e-04, 0.,
       9.50570335e-04, 4.27756645e-03, 4.75285167e-04, 1.42585556e-03,
       2.37642578e-03, 1.42585556e-03, 1.42585556e-03, 9.50570335e-04,
       2.85171112e-03, 0., 4.75285167e-04, 1.90114067e-03,
       1.90114067e-03, 0., 4.75285167e-04, 3.32699623e-03, 0.,
       4.75285167e-04, 4.75285167e-04, 1.42585556e-03, 9.50570335e-04,
       9.50570335e-04, 1.90114067e-03, 9.50570335e-04, 1.90114067e-03,
       2.37642578e-03, 3.32699623e-03, 1.90114067e-03, 3.80228134e-03,
       9.50570335e-04, 2.85171112e-03, 3.80228134e-03, 4.75285167e-04,
       4.75285167e-04, 9.50570335e-04, 9.50570335e-04, 4.75285167e-04,
       0., 9.50570335e-04, 1.90114067e-03, 2.37642578e-03,
       2.37642578e-03, 0., 1.90114067e-03, 1.90114067e-03,
       1.42585556e-03, 1.42585556e-03, 1.42585556e-03, 1.42585556e-03,
       4.75285167e-04, 2.85171112e-03, 1.90114067e-03, 4.75285167e-04,
       3.32699623e-03, 1.42585556e-03, 3.32699623e-03, 5.70342224e-03,
       0., 2.85171112e-03, 9.50570335e-04, 2.85171112e-03,
       3.32699623e-03, 1.42585556e-03, 9.50570335e-04, 0.,
       1.90114067e-03, 0., 3.32699623e-03, 0., 1.90114067e-03,
       9.50570335e-04, 4.75285167e-04, 4.75285167e-04, 9.50570335e-04,
       1.42585556e-03, 4.75285167e-04, 0., 0., 1.90114067e-03,
       3.80228134e-03, 0., 4.75285167e-04, 4.75285167e-04,
       4.75285167e-04, 1.42585556e-03, 4.75285167e-04, 9.50570335e-04,
       2.85171112e-03, 1.90114067e-03, 9.50570335e-04, 1.90114067e-03,
       2.37642578e-03, 1.90114067e-03, 0., 1.90114067e-03, 0.,
       1.90114067e-03, 2.85171112e-03, 4.75285167e-04, 2.85171112e-03,
       4.75285167e-04, 9.50570335e-04, 4.75285167e-04, 2.37642578e-03,
       9.50570335e-04, 1.90114067e-03, 9.50570335e-04, 9.50570335e-04,
       9.50570335e-04, 1.42585556e-03, 4.75285167e-04, 9.50570335e-04,
       0., 2.37642578e-03, 0., 0., 0., 2.85171112e-03, 9.50570335e-04,
       0., 1.42585556e-03, 2.37642578e-03, 4.75285167e-04,
       4.75285167e-04, 1.90114067e-03, 0., 4.75285167e-04,
       1.90114067e-03, 1.42585556e-03, 4.27756645e-03, 0.,
       1.42585556e-03, 0., 4.75285167e-04, 0., 0., 1.90114067e-03,
       4.75285167e-04, 1.42585556e-03, 2.37642578e-03, 0.,
       4.75285167e-04, 4.75285167e-04, 4.75285167e-04, 1.42585556e-03,
       9.50570335e-04, 9.50570335e-04, 9.50570335e-04, 2.85171112e-03,
       1.42585556e-03, 4.75285167e-04, 9.50570335e-04, 0., 0.,
       1.42585556e-03, 1.90114067e-03, 0., 1.42585556e-03,
       1.42585556e-03, 2.37642578e-03, 1.42585556e-03, 4.75285167e-04,
       1.90114067e-03, 4.75285167e-04, 4.75285167e-04, 4.75285167e-04,
       4.75285167e-04, 1.90114067e-03, 1.42585556e-03, 2.37642578e-03,
       4.27756645e-03, 4.75285167e-04, 1.90114067e-03, 1.42585556e-03,
       4.75285167e-04, 4.75285167e-04, 0., 0., 0., 1.42585556e-03,
       2.37642578e-03, 1.90114067e-03, 2.37642578e-03, 2.85171112e-03,
       1.42585556e-03, 2.85171112e-03, 1.90114067e-03, 4.75285167e-04,
       9.50570335e-04, 1.90114067e-03, 9.50570335e-04, 4.75285167e-04,
       1.42585556e-03, 4.75285167e-04, 0., 9.50570335e-04,
       1.42585556e-03, 9.50570335e-04, 0., 4.75285167e-04,
       9.50570335e-04, 1.90114067e-03, 9.50570335e-04, 3.32699623e-03,
       1.42585556e-03, 2.37642578e-03, 4.75285167e-04, 1.90114067e-03,
       9.50570335e-04, 9.50570335e-04, 4.75285167e-04, 4.75285167e-04,
       1.90114067e-03, 0., 9.50570335e-04, 4.75285167e-04,
       9.50570335e-04, 1.90114067e-03, 4.75285167e-04, 0.,
       1.90114067e-03, 9.50570335e-04, 9.50570335e-04, 0.,
       1.42585556e-03, 1.90114067e-03, 3.32699623e-03, 4.75285167e-04,
       4.75285167e-04, 9.50570335e-04, 0., 4.75285167e-04,
       1.42585556e-03, 2.85171112e-03, 9.50570335e-04, 1.90114067e-03,
       1.90114067e-03, 4.75285167e-04, 0., 1.90114067e-03,
       4.75285167e-04, 3.32699623e-03, 0., 3.80228134e-03,
       9.50570335e-04, 0., 1.42585556e-03, 0., 4.75285167e-04,
       1.42585556e-03, 4.75285167e-04, 0., 2.85171112e-03,
       9.50570335e-04, 4.75285167e-04, 1.42585556e-03, 0.,
       4.75285167e-04, 9.50570335e-04, 9.50570335e-04, 4.75285167e-04,
       4.75285167e-04, 4.75285167e-04, 0., 1.90114067e-03,
       1.90114067e-03, 0., 9.50570335e-04, 1.90114067e-03,
       9.50570335e-04, 4.75285167e-04, 3.80228134e-03, 1.42585556e-03,
       9.50570335e-04, 0., 1.42585556e-03, 0., 1.42585556e-03,
       1.90114067e-03, 9.50570335e-04, 9.50570335e-04, 9.50570335e-04,
       1.42585556e-03, 4.75285167e-04, 0., 1.42585556e-03, 0.,
       4.75285167e-04, 4.75285167e-04, 0., 1.42585556e-03,
       9.50570335e-04, 9.50570335e-04, 0., 9.50570335e-04,
       9.50570335e-04, 0., 2.85171112e-03, 0., 1.90114067e-03,
       4.75285167e-04, 1.42585556e-03, 1.42585556e-03, 3.32699623e-03,
       9.50570335e-04, 4.75285167e-04, 1.90114067e-03, 3.80228134e-03,
       1.90114067e-03, 9.50570335e-04, 1.42585556e-03, 1.90114067e-03,
