%YAML:1.0
m100f: !!opencv-matrix
   rows: 1
   cols: 800
   dt: f
   data: [ 1.47783256e-03, 0., 4.92610852e-04, 1.47783256e-03, 0., 0.,
       9.85221704e-04, 9.85221704e-04, 4.92610852e-04, 9.85221704e-04,
       4.92610852e-04, 1.47783256e-03, 1.47783256e-03, 2.95566511e-03,
       4.92610852e-04, 0., 1.47783256e-03, 4.92610852e-04,
       4.92610852e-04, 3.44827585e-03, 1.47783256e-03, 1.47783256e-03,
       1.97044341e-03, 1.47783256e-03, 2.46305438e-03, 9.85221704e-04,
       2.95566511e-03, 9.85221704e-04, 4.92610852e-04, 1.47783256e-03,
       4.92610852e-04, 4.92610852e-04, 1.47783256e-03, 1.47783256e-03,
       4.92610852e-04, 1.97044341e-03, 1.97044341e-03, 1.47783256e-03,
       1.97044341e-03, 4.92610852e-04, 0., 1.97044341e-03,
       4.92610852e-04, 0., 1.47783256e-03, 4.92610852e-04,
       2.46305438e-03, 2.95566511e-03, 1.47783256e-03, 0.,
       4.92610852e-04, 9.85221704e-04, 9.85221704e-04, 4.92610852e-04,
       4.92610852e-04, 0., 9.85221704e-04, 2.95566511e-03, 0.,
       4.43349779e-03, 0., 4.92610852e-04, 1.47783256e-03,
       3.44827585e-03, 9.85221704e-04, 0., 3.94088682e-03,
       2.46305438e-03, 4.92610852e-04, 0., 3.44827585e-03,
       1.47783256e-03, 1.97044341e-03, 2.46305438e-03, 2.95566511e-03,
       4.92610852e-04, 0., 9.85221704e-04, 1.97044341e-03, 0.,
       4.92610852e-04, 4.92610852e-04, 0., 1.47783256e-03,
       4.92610852e-04, 1.47783256e-03, 1.47783256e-03, 0.,
       4.92610852e-04, 4.92610852e-04, 4.92610852e-04, 0.,
       1.47783256e-03, 4.92610852e-04, 4.92610852e-04, 9.85221704e-04,
       4.92610852e-04, 9.85221704e-04, 4.92610852e-04, 0., 0.,
       4.92610852e-04, 3.44827585e-03, 2.46305438e-03, 0.,
       9.85221704e-04, 1.47783256e-03, 9.85221704e-04, 1.47783256e-03,
       9.85221704e-04, 9.85221704e-04, 1.47783256e-03, 0., 0.,
       4.92610876e-03, 9.85221704e-04, 0., 1.97044341e-03,
       1.47783256e-03, 1.97044341e-03, 0., 1.47783256e-03,
       6.40394120e-03, 1.47783256e-03, 4.92610852e-04, 4.92610852e-04,
       0., 1.47783256e-03, 1.47783256e-03, 9.85221704e-04, 0.,
       9.85221704e-04, 1.47783256e-03, 9.85221704e-04, 0.,
       4.92610852e-04, 2.46305438e-03, 9.85221704e-04, 2.46305438e-03,
       4.92610852e-04, 4.92610852e-04, 2.95566511e-03, 9.85221704e-04,
       1.47783256e-03, 4.92610852e-04, 4.92610852e-04, 1.47783256e-03,
       4.92610852e-04, 0., 1.47783256e-03, 2.46305438e-03, 0.,
       4.92610852e-04, 1.47783256e-03, 4.43349779e-03, 4.92610852e-04,
       0., 4.92610852e-04, 3.94088682e-03, 4.92610852e-04,
       1.47783256e-03, 4.92610852e-04, 4.92610852e-04, 1.97044341e-03,
       4.92610852e-04, 1.47783256e-03, 1.97044341e-03, 1.97044341e-03,
       9.85221704e-04, 1.47783256e-03, 1.47783256e-03, 3.94088682e-03,
       4.92610852e-04, 1.97044341e-03, 0., 9.85221704e-04,
       9.85221704e-04, 4.92610876e-03, 4.43349779e-03, 0.,
       9.85221704e-04, 0., 0., 1.97044341e-03, 9.85221704e-04, 0.,
       4.92610852e-04, 0., 4.92610852e-04, 2.95566511e-03,
       4.92610852e-04, 4.92610852e-04, 0., 9.85221704e-04,
       1.97044341e-03, 1.97044341e-03, 4.92610852e-04, 1.47783256e-03,
       4.92610852e-04, 2.46305438e-03, 1.97044341e-03, 9.85221704e-04,
       1.47783256e-03, 0., 4.92610852e-04, 4.92610852e-04,
       9.85221704e-04, 2.95566511e-03, 4.92610852e-04, 9.85221704e-04,
       1.47783256e-03, 1.97044341e-03, 0., 9.85221704e-04, 0.,
       1.97044341e-03, 0., 9.85221704e-04, 1.97044341e-03,
       2.46305438e-03, 1.47783256e-03, 1.97044341e-03, 0.,
       4.92610852e-04, 4.92610852e-04, 4.92610852e-04, 1.97044341e-03,
       9.85221704e-04, 9.85221704e-04, 4.43349779e-03, 2.46305438e-03,
       4.92610852e-04, 0., 1.47783256e-03, 1.97044341e-03,
       9.85221704e-04, 4.92610852e-04, 3.94088682e-03, 1.47783256e-03,
       2.46305438e-03, 1.47783256e-03, 9.85221704e-04, 2.46305438e-03,
       9.85221704e-04, 0., 1.97044341e-03, 3.94088682e-03,
       1.97044341e-03, 0., 1.47783256e-03, 1.97044341e-03,
       9.85221704e-04, 9.85221704e-04, 0., 1.47783256e-03,
       1.97044341e-03, 9.85221704e-04, 4.92610852e-04, 4.92610852e-04,
       1.97044341e-03, 0., 1.97044341e-03, 1.97044341e-03, 0.,
       1.97044341e-03, 2.46305438e-03, 1.47783256e-03, 9.85221704e-04,
       4.92610852e-04, 9.85221704e-04, 0., 0., 1.97044341e-03,
       3.94088682e-03, 4.92610852e-04, 4.92610852e-04, 2.46305438e-03,
       4.92610852e-04, 4.92610852e-04, 9.85221704e-04, 4.92610852e-04,
       1.47783256e-03, 0., 4.92610852e-04, 9.85221704e-04,
       7.38916267e-03, 2.46305438e-03, 9.85221704e-04, 4.92610852e-04,
       1.97044341e-03, 3.44827585e-03, 2.46305438e-03, 4.92610852e-04,
       1.47783256e-03, 1.97044341e-03, 5.41871926e-03, 1.47783256e-03,
       1.47783256e-03, 0., 9.85221704e-04, 9.85221704e-04,
       1.47783256e-03, 1.97044341e-03, 1.47783256e-03, 1.97044341e-03,
       0., 1.97044341e-03, 4.92610852e-04, 0., 4.92610852e-04,
       2.95566511e-03, 4.92610852e-04, 1.47783256e-03, 0., 0.,
       2.46305438e-03, 3.44827585e-03, 1.97044341e-03, 1.47783256e-03,
       4.92610852e-04, 1.47783256e-03, 2.95566511e-03, 4.92610852e-04,
       4.92610852e-04, 4.92610852e-04, 0., 2.95566511e-03, 0.,
       2.95566511e-03, 9.85221704e-04, 9.85221704e-04, 0.,
       1.97044341e-03, 0., 0., 2.46305438e-03, 2.46305438e-03,
       9.85221704e-04, 1.47783256e-03, 4.92610852e-04, 9.85221704e-04,
       9.85221704e-04, 1.47783256e-03, 4.92610852e-04, 9.85221704e-04,
       2.46305438e-03, 2.95566511e-03, 1.97044341e-03, 1.47783256e-03,
       4.92610852e-04, 0., 4.92610852e-04, 0., 2.46305438e-03,
       2.46305438e-03, 4.92610852e-04, 4.92610852e-04, 0.,
       4.92610852e-04, 0., 4.92610852e-04, 1.97044341e-03,
       4.92610852e-04, 1.47783256e-03, 1.47783256e-03, 4.92610852e-04,
       4.92610852e-04, 0., 2.95566511e-03, 9.85221704e-04,
       3.94088682e-03, 1.47783256e-03, 9.85221704e-04, 0.,
       1.47783256e-03, 0., 2.46305438e-03, 9.85221704e-04, 0.,
       1.97044341e-03, 9.85221704e-04, 1.47783256e-03, 2.46305438e-03,
       1.47783256e-03, 1.97044341e-03, 9.85221704e-04, 0.,
       2.46305438e-03, 1.47783256e-03, 4.92610852e-04, 1.97044341e-03,
       9.85221704e-04, 1.97044341e-03, 2.46305438e-03, 4.92610852e-04,
       1.97044341e-03, 4.92610852e-04, 2.95566511e-03, 1.47783256e-03,
       1.47783256e-03, 1.97044341e-03, 4.92610852e-04, 9.85221704e-04,
       4.92610852e-04, 4.92610852e-04, 9.85221704e-04, 4.92610852e-04,
       0., 4.92610852e-04, 9.85221704e-04, 4.92610852e-04,
       9.85221704e-04, 2.46305438e-03, 0., 9.85221704e-04, 0.,
       4.92610852e-04, 1.47783256e-03, 4.92610876e-03, 0.,
       2.46305438e-03, 4.92610852e-04, 2.95566511e-03, 4.92610852e-04,
       2.46305438e-03, 4.92610852e-04, 0., 4.92610852e-04, 0.,
       1.47783256e-03, 3.94088682e-03, 4.92610852e-04, 2.95566511e-03,
       2.46305438e-03, 1.97044341e-03, 5.41871926e-03, 0.,
       2.46305438e-03, 2.95566511e-03, 9.85221704e-04, 1.47783256e-03,
       0., 1.47783256e-03, 1.47783256e-03, 0., 2.46305438e-03, 0.,
       9.85221704e-04, 2.46305438e-03, 0., 0., 9.85221704e-04,
       4.92610852e-04, 2.46305438e-03, 9.85221704e-04, 0.,
       4.92610852e-04, 4.92610852e-04, 9.85221704e-04, 9.85221704e-04,
       1.97044341e-03, 4.92610852e-04, 4.92610852e-04, 9.85221704e-04,
       4.92610852e-04, 9.85221704e-04, 4.92610852e-04, 1.47783256e-03,
       1.47783256e-03, 1.47783256e-03, 2.46305438e-03, 1.97044341e-03,
       2.95566511e-03, 0., 9.85221704e-04, 9.85221704e-04,
       1.97044341e-03, 2.46305438e-03, 0., 9.85221704e-04,
       1.47783256e-03, 3.44827585e-03, 9.85221704e-04, 9.85221704e-04,
       1.47783256e-03, 9.85221704e-04, 1.47783256e-03, 1.47783256e-03,
       0., 1.47783256e-03, 4.92610852e-04, 1.97044341e-03,
       1.97044341e-03, 4.92610876e-03, 4.92610876e-03, 0.,
       2.95566511e-03, 0., 1.47783256e-03, 3.44827585e-03,
       2.95566511e-03, 1.47783256e-03, 3.44827585e-03, 4.43349779e-03,
       9.85221704e-04, 1.97044341e-03, 9.85221704e-04, 9.85221704e-04,
