%YAML:1.0
m100f: !!opencv-matrix
   rows: 1
   cols: 800
   dt: f
   data: [ 0., 2.32558139e-03, 5.81395347e-04, 5.23255812e-03,
       5.81395347e-04, 0., 5.81395347e-03, 0., 0., 2.90697673e-03,
       5.81395347e-04, 5.81395347e-04, 0., 2.90697673e-03,
       1.74418604e-03, 0., 5.81395347e-04, 0., 1.16279069e-03,
       1.16279069e-03, 1.74418604e-03, 5.81395347e-04, 5.81395347e-04,
       0., 2.90697673e-03, 0., 1.16279069e-03, 1.16279069e-03, 0.,
       5.81395347e-04, 0., 0., 1.74418604e-03, 5.81395347e-04,
       2.90697673e-03, 1.74418604e-03, 2.32558139e-03, 0.,
       5.81395347e-04, 5.81395347e-04, 1.74418604e-03, 1.16279069e-03,
       0., 5.81395347e-04, 1.74418604e-03, 3.48837208e-03,
       2.32558139e-03, 1.16279069e-03, 0., 0., 1.74418604e-03,
       5.81395347e-04, 5.81395347e-04, 5.81395347e-04, 2.32558139e-03,
       5.81395347e-04, 4.06976743e-03, 5.81395347e-04, 5.81395347e-04,
       5.81395347e-04, 0., 5.81395347e-04, 0., 2.90697673e-03,
       1.16279069e-03, 0., 0., 5.81395347e-04, 4.65116277e-03,
       5.81395347e-04, 1.74418604e-03, 5.81395347e-03, 0.,
       1.74418604e-03, 1.16279069e-03, 1.16279069e-03, 5.81395347e-04,
       3.48837208e-03, 0., 7.55813951e-03, 2.90697673e-03,
       5.81395347e-04, 0., 2.32558139e-03, 5.81395347e-04,
       2.32558139e-03, 5.81395347e-04, 2.90697673e-03, 5.81395347e-04,
       0., 5.81395347e-04, 0., 0., 1.16279069e-03, 5.81395347e-04,
       1.74418604e-03, 1.16279069e-03, 5.81395347e-04, 5.81395347e-04,
       0., 0., 2.90697673e-03, 8.13953485e-03, 5.81395347e-04, 0.,
       1.74418604e-03, 1.16279069e-03, 1.74418604e-03, 0.,
       5.81395347e-04, 0., 1.74418604e-03, 1.74418604e-03,
       1.16279069e-03, 1.16279069e-03, 5.81395347e-04, 4.06976743e-03,
       5.81395347e-04, 0., 4.65116277e-03, 2.90697673e-03,
       1.16279069e-03, 5.81395347e-04, 3.48837208e-03, 0., 0.,
       5.81395347e-04, 3.48837208e-03, 1.16279069e-03, 1.74418604e-03,
       0., 1.16279069e-03, 2.32558139e-03, 1.16279069e-03, 0.,
       1.16279069e-03, 1.74418604e-03, 2.90697673e-03, 5.81395347e-04,
       1.74418604e-03, 0., 3.48837208e-03, 2.32558139e-03,
       1.16279069e-03, 0., 0., 1.16279069e-03, 1.74418604e-03,
       5.81395347e-04, 3.48837208e-03, 0., 1.16279069e-03,
       4.06976743e-03, 5.81395347e-04, 0., 0., 0., 1.16279069e-03,
       5.81395347e-04, 5.81395347e-04, 5.81395347e-04, 1.16279069e-03,
       5.81395347e-04, 1.16279069e-03, 0., 4.65116277e-03,
       5.81395347e-04, 5.81395347e-04, 2.90697673e-03, 5.81395347e-04,
       0., 5.81395347e-04, 2.32558139e-03, 5.81395347e-04,
       5.81395347e-04, 0., 0., 1.16279069e-03, 1.16279069e-03, 0.,
       1.74418604e-03, 0., 0., 5.81395347e-04, 1.16279069e-03,
       1.16279069e-03, 1.16279069e-03, 5.81395347e-04, 2.32558139e-03,
       5.81395347e-04, 1.74418604e-03, 1.16279069e-03, 0.,
       1.16279069e-03, 0., 2.90697673e-03, 1.16279069e-03,
       1.16279069e-03, 0., 1.74418604e-03, 2.90697673e-03,
       5.81395347e-04, 2.90697673e-03, 1.74418604e-03, 2.32558139e-03,
       1.16279069e-03, 0., 0., 5.81395347e-04, 1.74418604e-03, 0.,
       5.81395347e-04, 0., 5.81395347e-04, 2.90697673e-03,
       2.32558139e-03, 5.81395347e-04, 5.81395347e-04, 5.81395347e-04,
       1.16279069e-03, 5.81395347e-04, 5.23255812e-03, 0.,
       1.16279069e-03, 2.32558139e-03, 2.90697673e-03, 3.48837208e-03,
       2.32558139e-03, 5.81395347e-04, 0., 5.81395347e-04,
       5.81395347e-04, 1.16279069e-03, 1.16279069e-03, 1.16279069e-03,
       5.81395347e-04, 0., 1.16279069e-03, 1.16279069e-03,
       5.81395347e-04, 5.81395347e-04, 0., 1.16279069e-03,
       1.74418604e-03, 0., 5.81395347e-04, 5.23255812e-03,
       2.32558139e-03, 5.81395347e-04, 0., 2.32558139e-03,
       1.16279069e-03, 1.74418604e-03, 1.16279069e-03, 1.16279069e-03,
       5.81395347e-04, 0., 5.81395347e-04, 1.16279069e-03,
       1.16279069e-03, 5.81395347e-04, 5.81395347e-04, 1.16279069e-03,
       1.74418604e-03, 0., 5.81395347e-04, 2.32558139e-03,
       1.74418604e-03, 2.90697673e-03, 5.81395347e-04, 5.81395347e-04,
       1.16279069e-03, 1.16279069e-03, 5.81395347e-04, 0.,
       2.90697673e-03, 5.81395347e-04, 5.81395347e-04, 2.90697673e-03,
       5.81395347e-04, 0., 1.16279069e-03, 2.32558139e-03,
       1.74418604e-03, 0., 5.81395347e-04, 1.74418604e-03,
       1.16279069e-03, 2.32558139e-03, 3.48837208e-03, 1.16279069e-03,
       1.16279069e-03, 1.16279069e-03, 1.16279069e-03, 1.16279069e-03,
       1.74418604e-03, 0., 0., 1.16279069e-03, 2.32558139e-03,
       1.16279069e-03, 1.74418604e-03, 3.48837208e-03, 5.81395347e-04,
       1.74418604e-03, 0., 5.81395347e-04, 5.81395347e-04, 0.,
       1.16279069e-03, 5.81395347e-04, 5.81395347e-04, 1.74418604e-03,
       1.16279069e-03, 5.81395347e-04, 1.16279069e-03, 2.90697673e-03,
       1.74418604e-03, 1.74418604e-03, 2.90697673e-03, 0.,
       1.74418604e-03, 0., 2.32558139e-03, 0., 5.81395347e-04,
       1.16279069e-03, 5.81395347e-04, 5.81395347e-04, 1.16279069e-03,
       1.16279069e-03, 0., 1.74418604e-03, 1.16279069e-03, 0., 0., 0.,
       0., 1.74418604e-03, 5.81395347e-04, 5.81395347e-04,
       5.81395347e-04, 5.81395347e-04, 0., 5.81395347e-04, 0.,
       5.81395347e-04, 2.32558139e-03, 1.16279069e-03, 5.81395347e-04,
       1.74418604e-03, 1.16279069e-03, 5.81395347e-04, 5.81395347e-04,
       2.90697673e-03, 1.16279069e-03, 2.32558139e-03, 5.81395347e-04,
       1.74418604e-03, 2.32558139e-03, 2.32558139e-03, 1.74418604e-03,
       2.32558139e-03, 1.16279069e-03, 1.16279069e-03, 0.,
       5.81395347e-04, 2.32558139e-03, 1.74418604e-03, 5.81395347e-04,
       1.16279069e-03, 1.16279069e-03, 2.90697673e-03, 5.81395347e-04,
       1.16279069e-03, 5.81395347e-04, 0., 2.32558139e-03,
       1.16279069e-03, 3.48837208e-03, 1.74418604e-03, 5.81395347e-04,
       0., 1.16279069e-03, 1.27906976e-02, 5.81395347e-04, 0.,
       1.74418604e-03, 0., 1.16279069e-03, 3.48837208e-03,
       1.74418604e-03, 0., 2.32558139e-03, 5.81395347e-04,
       1.16279069e-03, 1.16279069e-03, 0., 0., 2.90697673e-03,
       5.81395347e-04, 0., 1.74418604e-03, 0., 1.16279069e-03,
       1.16279069e-03, 4.65116277e-03, 0., 1.16279069e-03,
       5.81395347e-04, 1.16279069e-03, 1.16279069e-03, 0.,
       5.81395347e-04, 2.32558139e-03, 5.81395347e-04, 0.,
       2.90697673e-03, 1.16279069e-03, 1.16279069e-03, 5.81395347e-04,
       1.16279069e-03, 1.74418604e-03, 1.16279069e-03, 2.90697673e-03,
       2.90697673e-03, 1.16279069e-03, 0., 0., 1.74418604e-03,
       1.16279069e-03, 1.16279069e-03, 1.74418604e-03, 5.81395347e-04,
       1.16279069e-03, 5.81395347e-04, 2.32558139e-03, 0.,
       5.81395347e-04, 0., 1.74418604e-03, 0., 1.16279069e-03,
       1.16279069e-03, 0., 2.90697673e-03, 5.81395347e-03,
       5.81395347e-04, 1.16279069e-03, 5.81395347e-04, 2.32558139e-03,
       4.65116277e-03, 5.81395347e-04, 1.16279069e-03, 5.81395347e-04,
       5.81395347e-04, 5.23255812e-03, 1.16279069e-03, 2.32558139e-03,
       0., 5.81395347e-03, 4.06976743e-03, 0., 5.81395347e-04, 0., 0.,
       5.81395347e-04, 5.81395347e-04, 0., 1.16279069e-03,
       5.81395347e-04, 4.65116277e-03, 5.23255812e-03, 3.48837208e-03,
       5.81395347e-04, 1.16279069e-03, 0., 5.81395347e-04,
       2.32558139e-03, 1.16279069e-03, 0., 1.74418604e-03,
       5.81395347e-04, 0., 2.32558139e-03, 2.32558139e-03, 0.,
       5.23255812e-03, 0., 3.48837208e-03, 0., 1.74418604e-03,
       1.16279069e-03, 5.81395347e-04, 5.81395347e-04, 0.,
       5.81395347e-04, 5.81395347e-04, 1.74418604e-03, 5.81395347e-04,
       2.90697673e-03, 2.32558139e-03, 1.74418604e-03, 2.90697673e-03,
       1.16279069e-03, 5.81395347e-04, 0., 1.16279069e-03,
       5.81395347e-04, 3.48837208e-03, 0., 1.16279069e-03,
       1.16279069e-03, 2.90697673e-03, 0., 5.81395347e-04,
       5.81395347e-04, 5.81395347e-04, 5.81395347e-04, 1.16279069e-03,
       1.16279069e-03, 2.90697673e-03, 5.81395347e-04, 4.65116277e-03,
       5.81395347e-04, 5.81395347e-03, 5.81395347e-04, 5.81395347e-04,
