%YAML:1.0
m100f: !!opencv-matrix
   rows: 1
   cols: 800
   dt: f
   data: [ 0., 3.07219662e-03, 1.02406554e-03, 1.53609831e-03,
       1.02406554e-03, 0., 2.56016385e-03, 1.53609831e-03,
       1.02406554e-03, 2.04813108e-03, 5.12032770e-04, 1.02406554e-03,
       1.02406554e-03, 1.02406554e-03, 1.53609831e-03, 1.02406554e-03,
       1.02406554e-03, 0., 5.12032770e-04, 2.56016385e-03,
       1.53609831e-03, 5.12032770e-04, 0., 1.02406554e-03,
       2.04813108e-03, 0., 1.02406554e-03, 0., 5.12032770e-04,
       1.02406554e-03, 2.04813108e-03, 3.07219662e-03, 2.04813108e-03,
       1.02406554e-03, 5.12032770e-04, 5.12032770e-04, 1.53609831e-03,
       5.12032770e-04, 2.04813108e-03, 0., 5.12032770e-04,
       1.02406554e-03, 0., 5.12032770e-04, 1.02406554e-03,
       4.09626216e-03, 5.12032770e-04, 1.02406554e-03, 3.58422939e-03,
       0., 0., 1.53609831e-03, 0., 0., 3.07219662e-03, 0.,
       3.58422939e-03, 1.53609831e-03, 5.12032770e-04, 5.12032770e-04,
       0., 2.56016385e-03, 0., 6.14439324e-03, 1.02406554e-03,
       1.02406554e-03, 1.53609831e-03, 0., 5.12032770e-04, 0.,
       3.07219662e-03, 4.09626216e-03, 0., 1.02406554e-03,
       5.12032770e-03, 2.04813108e-03, 1.53609831e-03, 3.07219662e-03,
       1.02406554e-03, 0., 5.63236047e-03, 0., 0., 3.58422939e-03,
       1.53609831e-03, 5.12032770e-04, 2.56016385e-03, 1.53609831e-03,
       1.53609831e-03, 5.12032770e-04, 0., 0., 0., 2.04813108e-03, 0.,
       5.12032770e-04, 5.12032770e-04, 2.56016385e-03, 2.04813108e-03,
       1.02406554e-03, 5.12032770e-04, 3.07219662e-03, 1.53609831e-03,
       4.09626216e-03, 0., 2.04813108e-03, 5.12032770e-04,
       5.12032770e-04, 5.12032770e-04, 5.12032770e-04, 5.12032770e-04,
       0., 1.02406554e-03, 5.12032770e-04, 7.16845877e-03, 0.,
       1.53609831e-03, 0., 3.58422939e-03, 1.53609831e-03, 0., 0., 0.,
       1.02406554e-03, 0., 1.02406554e-03, 5.12032770e-04,
       1.02406554e-03, 0., 5.12032770e-04, 0., 2.04813108e-03,
       2.04813108e-03, 1.02406554e-03, 0., 3.58422939e-03,
       1.53609831e-03, 5.12032770e-04, 0., 2.04813108e-03, 0.,
       2.56016385e-03, 2.56016385e-03, 3.58422939e-03, 5.12032770e-04,
       3.07219662e-03, 1.53609831e-03, 1.53609831e-03, 0., 0., 0.,
       1.02406554e-03, 4.09626216e-03, 0., 1.02406554e-03, 0.,
       5.12032770e-04, 0., 2.04813108e-03, 5.12032770e-04,
       1.02406554e-03, 2.04813108e-03, 5.12032770e-04, 5.12032770e-04,
       5.12032770e-04, 1.02406554e-03, 0., 2.56016385e-03, 0., 0., 0.,
       2.56016385e-03, 2.56016385e-03, 1.02406554e-03, 2.56016385e-03,
       0., 0., 1.53609831e-03, 2.56016385e-03, 0., 2.04813108e-03,
       5.12032770e-04, 0., 2.04813108e-03, 5.12032770e-04,
       1.02406554e-03, 1.53609831e-03, 1.02406554e-03, 3.07219662e-03,
       0., 5.12032770e-04, 1.02406554e-03, 2.04813108e-03,
       5.12032770e-04, 0., 4.09626216e-03, 0., 0., 0., 3.07219662e-03,
       1.53609831e-03, 2.04813108e-03, 0., 1.02406554e-03,
       2.56016385e-03, 5.12032770e-04, 2.56016385e-03, 1.53609831e-03,
       5.12032770e-04, 1.02406554e-03, 1.53609831e-03, 1.02406554e-03,
       0., 5.12032770e-04, 1.53609831e-03, 3.07219662e-03,
       5.12032770e-04, 0., 1.53609831e-03, 1.02406554e-03,
       1.53609831e-03, 5.63236047e-03, 3.07219662e-03, 5.12032770e-04,
       1.02406554e-03, 1.02406554e-03, 2.56016385e-03, 2.56016385e-03,
       1.53609831e-03, 1.53609831e-03, 3.58422939e-03, 2.04813108e-03,
       5.12032770e-04, 1.53609831e-03, 5.12032770e-04, 2.04813108e-03,
       0., 1.53609831e-03, 2.04813108e-03, 5.12032770e-04,
       1.02406554e-03, 2.04813108e-03, 1.53609831e-03, 2.56016385e-03,
       0., 1.02406554e-03, 4.09626216e-03, 2.04813108e-03,
       2.56016385e-03, 5.12032770e-04, 5.12032770e-04, 1.02406554e-03,
       5.12032770e-04, 1.53609831e-03, 2.04813108e-03, 1.02406554e-03,
       1.02406554e-03, 5.12032770e-04, 1.02406554e-03, 3.07219662e-03,
       1.53609831e-03, 5.12032770e-04, 0., 0., 1.53609831e-03,
       5.12032770e-04, 2.04813108e-03, 2.04813108e-03, 2.56016385e-03,
       5.12032770e-04, 1.02406554e-03, 5.12032770e-04, 1.02406554e-03,
       1.53609831e-03, 0., 1.02406554e-03, 1.02406554e-03,
       5.12032770e-04, 3.58422939e-03, 2.04813108e-03, 5.12032770e-04,
       2.04813108e-03, 0., 1.53609831e-03, 1.53609831e-03,
       5.12032770e-04, 5.12032770e-04, 1.02406554e-03, 2.04813108e-03,
       1.53609831e-03, 2.04813108e-03, 4.60829493e-03, 1.53609831e-03,
       5.12032770e-04, 2.56016385e-03, 5.12032770e-03, 0., 0., 0.,
       5.12032770e-04, 1.02406554e-03, 2.04813108e-03, 3.58422939e-03,
       5.12032770e-04, 1.02406554e-03, 0., 2.04813108e-03,
       5.12032770e-04, 1.02406554e-03, 1.02406554e-03, 0., 0.,
       4.60829493e-03, 0., 1.02406554e-03, 3.58422939e-03, 0.,
       5.12032770e-04, 2.04813108e-03, 1.02406554e-03, 5.12032770e-04,
       2.04813108e-03, 0., 1.02406554e-03, 0., 1.53609831e-03,
       3.58422939e-03, 5.12032770e-04, 5.12032770e-04, 3.07219662e-03,
       1.53609831e-03, 0., 5.12032770e-04, 1.02406554e-03,
       5.12032770e-04, 2.04813108e-03, 4.60829493e-03, 2.04813108e-03,
       2.56016385e-03, 1.02406554e-03, 0., 1.02406554e-03,
       2.04813108e-03, 1.02406554e-03, 5.12032770e-04, 5.12032770e-04,
       2.04813108e-03, 1.53609831e-03, 0., 5.12032770e-04,
       5.12032770e-04, 0., 0., 1.02406554e-03, 5.12032770e-04, 0.,
       2.04813108e-03, 5.12032770e-04, 5.12032770e-04, 0.,
       1.53609831e-03, 1.02406554e-03, 5.12032770e-04, 0.,
       1.12647209e-02, 1.02406554e-03, 0., 1.02406554e-03,
       5.12032770e-04, 1.53609831e-03, 1.02406554e-03, 1.02406554e-03,
       1.02406554e-03, 1.02406554e-03, 1.02406554e-03, 5.12032770e-04,
       1.53609831e-03, 2.04813108e-03, 5.12032770e-04, 2.04813108e-03,
       1.02406554e-03, 5.12032770e-04, 2.04813108e-03, 1.53609831e-03,
       5.63236047e-03, 1.53609831e-03, 0., 5.12032770e-04,
       1.02406554e-03, 0., 3.07219662e-03, 1.02406554e-03,
       1.02406554e-03, 1.53609831e-03, 0., 2.04813108e-03, 0.,
       1.53609831e-03, 2.56016385e-03, 1.02406554e-03, 3.07219662e-03,
       1.02406554e-03, 2.56016385e-03, 0., 3.07219662e-03,
       1.02406554e-03, 0., 5.12032770e-04, 1.53609831e-03,
       1.53609831e-03, 1.53609831e-03, 1.02406554e-03, 5.12032770e-04,
       1.02406554e-03, 1.53609831e-03, 5.12032770e-04, 0., 0., 0.,
       2.56016385e-03, 1.02406554e-03, 2.56016385e-03, 4.60829493e-03,
       5.12032770e-04, 1.02406554e-03, 2.56016385e-03, 2.04813108e-03,
       0., 0., 1.02406554e-03, 2.56016385e-03, 5.12032770e-04,
       1.53609831e-03, 0., 5.12032770e-04, 3.07219662e-03,
       5.12032770e-04, 0., 5.12032770e-04, 5.12032770e-04, 0.,
       1.53609831e-03, 1.02406554e-03, 1.53609831e-03, 0.,
       3.07219662e-03, 5.12032770e-04, 0., 1.53609831e-03,
       5.12032770e-04, 5.12032770e-04, 5.12032770e-04, 5.12032770e-04,
       1.02406554e-03, 0., 0., 1.74091142e-02, 1.02406554e-03,
       5.12032770e-04, 0., 2.56016385e-03, 2.04813108e-03,
       1.53609831e-03, 5.12032770e-04, 5.12032770e-04, 1.02406554e-03,
       1.53609831e-03, 4.60829493e-03, 5.12032770e-04, 5.12032770e-04,
       1.02406554e-03, 2.56016385e-03, 1.53609831e-03, 0.,
       5.12032770e-04, 1.02406554e-03, 5.12032770e-04, 1.02406554e-03,
       1.53609831e-03, 1.02406554e-03, 5.12032770e-04, 2.56016385e-03,
       5.12032770e-04, 1.02406554e-03, 5.12032770e-04, 1.53609831e-03,
       0., 2.04813108e-03, 5.12032770e-04, 5.12032770e-04,
       1.02406554e-03, 1.53609831e-03, 5.12032770e-04, 3.58422939e-03,
       1.02406554e-03, 5.12032770e-04, 3.07219662e-03, 1.02406554e-03,
       5.12032770e-04, 1.02406554e-03, 1.02406554e-03, 5.12032770e-04,
       1.02406554e-03, 2.56016385e-03, 3.58422939e-03, 0.,
       1.02406554e-03, 0., 1.02406554e-03, 1.02406554e-03,
       5.12032770e-04, 5.12032770e-04, 1.02406554e-03, 3.58422939e-03,
       5.12032770e-04, 1.53609831e-03, 0., 1.02406554e-03,
       1.53609831e-03, 1.02406554e-03, 2.04813108e-03, 5.12032770e-04,
