%YAML:1.0
m100f: !!opencv-matrix
   rows: 1
   cols: 800
   dt: f
   data: [ 0., 1.46056479e-03, 4.38169437e-03, 2.43427465e-03,
       4.86854929e-04, 4.86854929e-04, 9.73709859e-04, 9.73709859e-04,
       9.73709859e-04, 1.94741972e-03, 4.86854929e-04, 1.46056479e-03,
       9.73709859e-04, 9.73709859e-04, 1.94741972e-03, 9.73709859e-04,
       1.46056479e-03, 0., 4.86854929e-04, 3.40798451e-03, 0.,
       1.46056479e-03, 0., 1.46056479e-03, 4.86854929e-04,
       1.46056479e-03, 2.43427465e-03, 1.46056479e-03, 1.46056479e-03,
       9.73709859e-04, 1.46056479e-03, 1.46056479e-03, 1.94741972e-03,
       1.46056479e-03, 9.73709859e-04, 9.73709859e-04, 9.73709859e-04,
       4.86854929e-04, 0., 0., 9.73709859e-04, 4.86854929e-04,
       4.86854929e-04, 0., 1.94741972e-03, 9.73709859e-04,
       2.92112958e-03, 9.73709859e-04, 1.94741972e-03, 0.,
       4.86854929e-04, 0., 9.73709859e-04, 4.86854929e-04,
       2.43427465e-03, 0., 3.40798451e-03, 2.92112958e-03,
       9.73709859e-04, 2.43427465e-03, 4.86854929e-04, 1.46056479e-03,
       0., 4.86854929e-04, 8.27653334e-03, 0., 1.46056479e-03,
       4.86854929e-04, 4.86854929e-03, 0., 3.40798451e-03,
       1.46056479e-03, 4.86854929e-04, 1.46056479e-03, 1.46056479e-03,
       2.92112958e-03, 0., 0., 0., 9.73709859e-04, 4.86854929e-04, 0.,
       4.86854929e-04, 9.73709859e-04, 4.86854929e-04, 4.86854929e-03,
       1.46056479e-03, 9.73709859e-04, 0., 0., 0., 0., 4.86854929e-04,
       1.94741972e-03, 4.86854929e-04, 4.86854929e-04, 0.,
       1.94741972e-03, 0., 1.46056479e-03, 4.86854929e-04,
       3.89483944e-03, 2.43427465e-03, 2.43427465e-03, 0.,
       9.73709859e-04, 9.73709859e-04, 4.86854929e-04, 0., 0.,
       4.38169437e-03, 9.73709859e-04, 4.86854929e-04, 9.73709859e-04,
       0., 2.43427465e-03, 0., 1.46056479e-03, 9.73709859e-04,
       1.94741972e-03, 1.94741972e-03, 9.73709859e-04, 1.94741972e-03,
       9.73709859e-04, 1.46056479e-03, 0., 1.94741972e-03,
       9.73709859e-04, 4.86854929e-04, 9.73709859e-04, 0.,
       9.73709859e-04, 3.40798451e-03, 4.86854929e-04, 1.94741972e-03,
       1.94741972e-03, 4.86854929e-04, 1.46056479e-03, 9.73709859e-04,
       1.46056479e-03, 4.86854929e-04, 2.43427465e-03, 1.94741972e-03,
       2.92112958e-03, 0., 0., 4.86854929e-04, 1.46056479e-03, 0.,
       1.46056479e-03, 3.40798451e-03, 4.86854929e-04, 1.46056479e-03,
       9.73709859e-04, 2.92112958e-03, 0., 0., 4.86854929e-04,
       2.92112958e-03, 4.86854929e-04, 4.86854929e-04, 0.,
       3.89483944e-03, 9.73709859e-04, 4.86854929e-04, 4.86854929e-04,
       4.86854929e-04, 1.94741972e-03, 1.94741972e-03, 4.86854929e-04,
       2.92112958e-03, 3.40798451e-03, 4.86854929e-04, 3.89483944e-03,
       1.46056479e-03, 0., 4.86854929e-04, 4.38169437e-03,
       1.46056479e-03, 0., 1.94741972e-03, 1.94741972e-03, 0.,
       2.43427465e-03, 0., 1.46056479e-03, 2.43427465e-03, 0., 0.,
       9.73709859e-04, 0., 9.73709859e-04, 9.73709859e-04, 0.,
       2.92112958e-03, 4.86854929e-04, 4.86854929e-04, 1.46056479e-03,
       0., 2.43427465e-03, 9.73709859e-04, 1.46056479e-03,
       9.73709859e-04, 9.25024413e-03, 1.46056479e-03, 4.86854929e-04,
       1.94741972e-03, 1.94741972e-03, 4.86854929e-04, 1.94741972e-03,
       1.94741972e-03, 9.73709859e-04, 4.86854929e-04, 0., 0.,
       4.86854929e-04, 1.46056479e-03, 0., 3.89483944e-03,
       3.40798451e-03, 9.73709859e-04, 2.43427465e-03, 4.38169437e-03,
       1.46056479e-03, 0., 9.73709859e-04, 3.40798451e-03,
       2.92112958e-03, 1.46056479e-03, 0., 1.46056479e-03,
       9.73709859e-04, 0., 9.73709859e-04, 0., 3.40798451e-03, 0.,
       1.46056479e-03, 4.86854929e-04, 1.94741972e-03, 2.92112958e-03,
       2.92112958e-03, 3.40798451e-03, 1.94741972e-03, 9.73709859e-04,
       9.73709859e-04, 1.94741972e-03, 1.46056479e-03, 4.86854929e-04,
       4.86854929e-04, 9.73709859e-04, 9.73709859e-04, 1.94741972e-03,
       1.94741972e-03, 1.94741972e-03, 9.73709859e-04, 9.73709859e-04,
       3.40798451e-03, 9.73709859e-04, 1.94741972e-03, 0.,
       4.86854929e-04, 9.73709859e-04, 4.86854929e-04, 9.73709859e-04,
       1.94741972e-03, 2.43427465e-03, 9.73709859e-04, 4.86854929e-04,
       1.46056479e-03, 2.92112958e-03, 0., 4.86854929e-04,
       1.94741972e-03, 4.86854929e-04, 0., 4.86854929e-04,
       1.46056479e-03, 4.38169437e-03, 1.46056479e-03, 4.86854929e-04,
       2.43427465e-03, 4.86854929e-04, 1.46056479e-03, 4.86854929e-04,
       4.38169437e-03, 4.86854929e-04, 9.73709859e-04, 0.,
       1.46056479e-03, 2.43427465e-03, 0., 0., 4.86854929e-04,
       4.86854929e-04, 1.94741972e-03, 4.86854929e-04, 9.73709859e-04,
       9.73709859e-04, 4.86854929e-04, 1.94741972e-03, 2.92112958e-03,
       3.40798451e-03, 4.86854929e-04, 1.46056479e-03, 0.,
       1.46056479e-03, 0., 4.86854929e-04, 4.86854929e-04,
       3.40798451e-03, 4.86854929e-04, 3.89483944e-03, 9.73709859e-04,
       9.73709859e-04, 4.86854929e-04, 9.73709859e-04, 2.92112958e-03,
       9.73709859e-04, 0., 4.86854929e-04, 4.86854929e-04,
       9.73709859e-04, 4.86854929e-04, 1.46056479e-03, 4.86854929e-04,
       1.46056479e-03, 1.46056479e-03, 9.73709859e-04, 9.73709859e-04,
       1.46056479e-03, 0., 4.86854929e-04, 0., 1.94741972e-03,
       2.92112958e-03, 9.73709859e-04, 9.73709859e-04, 4.86854929e-04,
       0., 4.86854929e-04, 9.73709859e-04, 4.86854929e-04,
       9.73709859e-04, 2.92112958e-03, 9.73709859e-04, 1.94741972e-03,
       4.86854929e-04, 0., 4.86854929e-04, 4.86854929e-04,
       4.86854929e-04, 0., 9.73709859e-04, 1.46056479e-03, 0.,
       1.46056479e-03, 1.46056479e-03, 9.73709859e-04, 4.86854929e-04,
       1.46056479e-03, 0., 4.86854929e-04, 9.73709859e-04,
       1.94741972e-03, 0., 1.94741972e-03, 9.73709859e-04,
       2.43427465e-03, 1.46056479e-03, 1.46056479e-03, 4.86854929e-04,
       3.89483944e-03, 9.73709859e-04, 9.73709859e-04, 9.73709859e-04,
       0., 0., 4.86854929e-04, 2.92112958e-03, 1.46056479e-03,
       1.46056479e-03, 9.73709859e-04, 4.86854929e-04, 4.86854929e-04,
       1.94741972e-03, 1.46056479e-03, 9.73709859e-04, 9.73709859e-04,
       4.86854929e-04, 2.43427465e-03, 1.46056479e-03, 1.46056479e-03,
       9.73709859e-04, 1.46056479e-03, 2.43427465e-03, 1.46056479e-03,
       1.94741972e-03, 1.46056479e-03, 2.92112958e-03, 4.86854929e-04,
       4.86854929e-04, 9.73709859e-04, 1.94741972e-03, 4.86854929e-04,
       4.86854929e-04, 4.86854929e-04, 0., 2.43427465e-03,
       4.86854929e-04, 0., 3.89483944e-03, 2.43427465e-03,
       4.86854929e-04, 4.86854929e-04, 9.73709859e-04, 0.,
       4.86854929e-04, 4.86854929e-04, 0., 4.86854929e-04, 0.,
       9.73709859e-04, 1.94741972e-03, 1.46056479e-03, 3.89483944e-03,
       9.73709859e-04, 9.73709859e-04, 0., 4.86854929e-04,
       2.43427465e-03, 0., 1.94741972e-03, 1.46056479e-03, 0.,
       1.94741972e-03, 9.73709859e-04, 9.73709859e-04, 4.86854929e-04,
       4.86854929e-04, 4.86854929e-04, 4.86854929e-04, 2.43427465e-03,
       4.86854929e-04, 4.86854929e-04, 2.43427465e-03, 4.86854929e-04,
       9.73709859e-04, 9.73709859e-04, 4.86854929e-04, 4.86854929e-04,
       2.43427465e-03, 9.73709859e-04, 1.94741972e-03, 4.86854929e-04,
       1.46056479e-03, 4.86854929e-04, 1.46056479e-03, 0., 0.,
       4.86854929e-04, 9.73709859e-04, 0., 9.73709859e-04, 0.,
       4.86854929e-04, 0., 9.73709859e-04, 9.73709859e-04,
       1.94741972e-03, 0., 3.89483944e-03, 4.38169437e-03,
       4.86854929e-04, 9.73709859e-04, 0., 9.73709859e-04,
       2.43427465e-03, 1.94741972e-03, 2.43427465e-03, 1.46056479e-03,
       2.92112958e-03, 9.73709859e-04, 0., 4.86854929e-04,
       1.94741972e-03, 9.73709859e-04, 7.30282394e-03, 4.86854929e-04,
       9.73709859e-04, 4.86854929e-04, 4.86854929e-04, 4.86854929e-04,
       1.94741972e-03, 1.46056479e-03, 4.86854929e-04, 4.38169437e-03,
       4.86854929e-04, 1.46056479e-03, 1.46056479e-03, 1.94741972e-03,
       9.73709859e-04, 9.73709859e-04, 1.46056479e-03, 1.46056479e-03,
       1.94741972e-03, 4.86854929e-04, 1.46056479e-03, 1.46056479e-03,
