%YAML:1.0
m100f: !!opencv-matrix
   rows: 1
   cols: 800
   dt: f
   data: [ 0., 2.34301784e-03, 4.68603568e-03, 2.34301784e-03,
       4.68603568e-04, 4.68603568e-04, 2.34301784e-03, 9.37207136e-04,
       0., 4.68603568e-04, 4.68603568e-04, 4.68603568e-04,
       1.40581070e-03, 2.81162141e-03, 1.40581070e-03, 4.68603568e-04,
       9.37207136e-04, 1.40581070e-03, 0., 1.40581070e-03,
       2.81162141e-03, 9.37207136e-04, 0., 4.68603568e-04,
       4.68603568e-04, 3.28022498e-03, 4.68603568e-04, 0.,
       1.40581070e-03, 0., 0., 1.87441427e-03, 9.37207136e-04,
       2.81162141e-03, 1.40581070e-03, 5.15463948e-03, 4.68603568e-04,
       4.68603568e-04, 1.40581070e-03, 0., 2.81162141e-03,
       1.40581070e-03, 9.37207136e-04, 1.87441427e-03, 1.40581070e-03,
       0., 3.74882855e-03, 2.81162141e-03, 2.81162141e-03, 0.,
       9.37207136e-04, 1.40581070e-03, 9.37207136e-04, 4.68603568e-04,
       9.37207136e-04, 9.37207136e-04, 9.37207136e-04, 4.68603568e-04,
       9.37207136e-04, 9.37207136e-04, 0., 9.37207136e-04,
       4.68603568e-04, 4.21743188e-03, 4.68603568e-04, 4.68603568e-04,
       3.28022498e-03, 4.68603568e-04, 0., 1.40581070e-03,
       4.68603568e-04, 1.40581070e-03, 0., 4.68603568e-04,
       2.81162141e-03, 1.40581070e-03, 4.68603568e-04, 4.68603568e-04,
       2.34301784e-03, 0., 4.68603568e-04, 9.37207136e-04, 0.,
       1.40581070e-03, 4.68603568e-04, 9.37207136e-04, 1.40581070e-03,
       2.34301784e-03, 9.37207136e-04, 2.34301784e-03, 1.40581070e-03,
       1.40581070e-03, 0., 9.37207136e-04, 4.68603568e-04,
       9.37207136e-04, 9.37207136e-04, 2.34301784e-03, 1.40581070e-03,
       4.68603568e-04, 2.81162141e-03, 3.28022498e-03, 2.81162141e-03,
       3.28022498e-03, 0., 2.34301784e-03, 4.68603568e-04, 0.,
       1.87441427e-03, 4.68603568e-04, 1.40581070e-03, 4.21743188e-03,
       4.68603568e-04, 2.81162141e-03, 9.37207136e-04, 3.74882855e-03,
       4.68603568e-04, 1.87441427e-03, 9.37207136e-04, 2.34301784e-03,
       3.28022498e-03, 1.87441427e-03, 1.87441427e-03, 1.87441427e-03,
       1.87441427e-03, 9.37207136e-04, 4.68603568e-04, 0.,
       9.37207136e-04, 4.68603568e-04, 0., 1.40581070e-03,
       1.40581070e-03, 0., 9.37207136e-04, 0., 9.37207136e-04,
       4.68603568e-04, 9.37207136e-04, 2.34301784e-03, 0.,
       3.28022498e-03, 1.40581070e-03, 3.74882855e-03, 4.68603568e-04,
       9.37207136e-04, 9.37207136e-04, 9.37207136e-04, 0.,
       4.68603568e-04, 2.34301784e-03, 0., 1.87441427e-03,
       9.37207136e-04, 2.34301784e-03, 0., 0., 9.37207136e-04,
       4.68603568e-04, 1.40581070e-03, 4.68603568e-04, 1.40581070e-03,
       2.81162141e-03, 1.40581070e-03, 1.40581070e-03, 9.37207136e-04,
       0., 1.87441427e-03, 9.37207136e-04, 9.37207136e-04,
       2.34301784e-03, 2.34301784e-03, 9.37207136e-04, 1.40581070e-03,
       0., 0., 9.37207136e-04, 3.28022498e-03, 3.28022498e-03, 0., 0.,
       4.68603568e-04, 0., 0., 0., 9.37207136e-04, 9.37207136e-04,
       1.87441427e-03, 1.40581070e-03, 2.81162141e-03, 0.,
       3.28022498e-03, 0., 4.68603568e-04, 1.40581070e-03,
       1.40581070e-03, 9.37207136e-04, 1.87441427e-03, 0.,
       1.87441427e-03, 3.74882855e-03, 4.68603568e-04, 4.68603568e-04,
       9.37207136e-04, 2.81162141e-03, 9.37207136e-04, 9.37207136e-04,
       1.40581070e-03, 9.37207136e-04, 1.87441427e-03, 3.74882855e-03,
       2.34301784e-03, 0., 1.87441427e-03, 1.87441427e-03, 0.,
       4.68603568e-04, 4.68603568e-04, 0., 1.87441427e-03,
       4.68603568e-04, 9.37207136e-04, 9.37207136e-04, 1.40581070e-03,
       2.34301784e-03, 2.34301784e-03, 2.34301784e-03, 2.81162141e-03,
       9.37207136e-04, 3.74882855e-03, 3.28022498e-03, 0.,
       1.40581070e-03, 9.37207136e-04, 1.40581070e-03, 1.87441427e-03,
       4.68603568e-04, 9.37207136e-04, 3.28022498e-03, 3.74882855e-03,
       1.87441427e-03, 9.37207136e-04, 2.34301784e-03, 9.37207136e-04,
       1.40581070e-03, 9.37207136e-04, 1.40581070e-03, 1.40581070e-03,
       4.68603568e-04, 1.87441427e-03, 1.40581070e-03, 1.40581070e-03,
       3.28022498e-03, 2.81162141e-03, 4.21743188e-03, 4.21743188e-03,
       4.68603568e-04, 1.40581070e-03, 2.34301784e-03, 2.81162141e-03,
       1.87441427e-03, 1.87441427e-03, 9.37207136e-04, 0.,
       1.40581070e-03, 4.68603568e-04, 1.40581070e-03, 4.68603568e-04,
       2.34301784e-03, 1.40581070e-03, 4.68603568e-04, 4.68603568e-04,
       1.40581070e-03, 3.28022498e-03, 4.68603568e-04, 0., 0.,
       1.87441427e-03, 2.34301784e-03, 9.37207136e-04, 0.,
       1.87441427e-03, 1.40581070e-03, 1.40581070e-03, 4.68603568e-04,
       4.68603568e-04, 9.37207136e-04, 9.37207136e-04, 9.37207136e-04,
       1.40581070e-03, 2.81162141e-03, 3.28022498e-03, 4.68603568e-04,
       1.87441427e-03, 0., 2.81162141e-03, 1.40581070e-03,
       4.68603568e-04, 2.81162141e-03, 4.68603568e-04, 9.37207136e-04,
       9.37207136e-04, 3.28022498e-03, 9.37207136e-04, 1.40581070e-03,
       9.37207136e-04, 1.87441427e-03, 9.37207136e-04, 4.68603568e-04,
       1.40581070e-03, 0., 4.68603568e-04, 3.28022498e-03, 0.,
       1.40581070e-03, 4.68603568e-04, 2.81162141e-03, 1.40581070e-03,
       9.37207136e-04, 1.40581070e-03, 3.28022498e-03, 0.,
       9.37207136e-04, 4.68603568e-04, 0., 9.37207136e-04,
       1.40581070e-03, 2.34301784e-03, 4.68603568e-03, 4.68603568e-04,
       1.87441427e-03, 0., 4.68603568e-04, 0., 0., 2.34301784e-03, 0.,
       0., 2.34301784e-03, 0., 4.68603568e-04, 2.81162141e-03,
       4.68603568e-04, 2.34301784e-03, 9.37207136e-04, 4.68603568e-04,
       4.68603568e-04, 1.87441427e-03, 1.87441427e-03, 9.37207136e-04,
       0., 4.68603568e-04, 0., 1.40581070e-03, 9.37207136e-04, 0.,
       9.37207136e-04, 4.68603568e-04, 4.68603568e-04, 1.87441427e-03,
       0., 1.40581070e-03, 2.81162141e-03, 1.87441427e-03,
       9.37207136e-04, 0., 2.34301784e-03, 2.34301784e-03,
       2.81162141e-03, 2.34301784e-03, 1.40581070e-03, 1.40581070e-03,
       1.40581070e-03, 4.68603568e-04, 1.40581070e-03, 0.,
       9.37207136e-04, 0., 1.40581070e-03, 3.28022498e-03,
       4.68603568e-04, 1.87441427e-03, 2.81162141e-03, 9.37207136e-04,
       2.81162141e-03, 1.40581070e-03, 4.68603568e-04, 2.34301784e-03,
       1.40581070e-03, 4.68603568e-04, 9.37207136e-04, 0.,
       1.40581070e-03, 4.68603568e-04, 4.68603568e-04, 2.34301784e-03,
       1.40581070e-03, 0., 4.68603568e-04, 0., 1.87441427e-03,
       4.68603568e-04, 1.87441427e-03, 9.37207136e-04, 9.37207136e-04,
       1.87441427e-03, 1.40581070e-03, 0., 9.37207136e-04,
       1.40581070e-03, 4.68603568e-04, 4.68603568e-04, 0.,
       4.68603568e-03, 0., 1.87441427e-03, 9.37207136e-04,
       9.37207136e-04, 0., 1.40581070e-03, 1.40581070e-03,
       1.40581070e-03, 9.37207136e-04, 1.87441427e-03, 2.34301784e-03,
       1.87441427e-03, 0., 4.68603568e-04, 1.40581070e-03,
       4.68603568e-04, 4.68603568e-04, 4.68603568e-04, 2.34301784e-03,
       0., 0., 2.34301784e-03, 4.68603568e-04, 9.37207136e-04,
       1.87441427e-03, 4.68603568e-04, 1.40581070e-03, 0.,
       5.15463948e-03, 1.40581070e-03, 0., 1.40581070e-03, 0.,
       1.40581070e-03, 1.40581070e-03, 1.40581070e-03, 4.68603568e-04,
       2.34301784e-03, 0., 1.40581070e-03, 4.68603568e-04, 0.,
       9.37207136e-04, 9.37207136e-04, 9.37207136e-04, 9.37207136e-04,
       4.68603568e-04, 4.68603568e-04, 0., 2.81162141e-03,
       1.87441427e-03, 0., 2.34301784e-03, 1.40581070e-03,
       1.87441427e-03, 4.68603568e-04, 2.34301784e-03, 1.40581070e-03,
       4.68603568e-04, 9.37207136e-04, 9.37207136e-04, 0.,
       1.87441427e-03, 1.87441427e-03, 4.68603568e-04, 9.37207136e-04,
       1.87441427e-03, 1.87441427e-03, 0., 0., 1.87441427e-03,
       1.40581070e-03, 1.40581070e-03, 4.68603568e-04, 0.,
       4.68603568e-04, 1.40581070e-03, 1.87441427e-03, 4.68603568e-04,
       9.37207136e-04, 4.68603568e-04, 0., 1.87441427e-03, 0.,
       1.40581070e-03, 0., 1.87441427e-03, 1.40581070e-03,
       4.21743188e-03, 9.37207136e-04, 4.68603568e-04, 2.34301784e-03,
