%YAML:1.0
m100f: !!opencv-matrix
   rows: 1
   cols: 800
   dt: f
   data: [ 2.13903747e-03, 3.20855621e-03, 0., 0., 0., 0.,
       1.06951874e-03, 1.06951874e-03, 2.13903747e-03, 0., 0., 0.,
       1.06951874e-03, 0., 1.06951874e-03, 0., 1.06951874e-03, 0.,
       2.13903747e-03, 1.06951874e-03, 1.06951874e-03, 1.06951874e-03,
       3.20855621e-03, 2.13903747e-03, 2.13903747e-03, 0.,
       2.13903747e-03, 1.06951874e-03, 1.06951874e-03, 0.,
       1.06951874e-03, 2.13903747e-03, 3.20855621e-03, 2.13903747e-03,
       0., 2.13903747e-03, 1.06951874e-03, 0., 1.06951874e-03,
       1.06951874e-03, 2.13903747e-03, 0., 4.27807495e-03,
       1.06951874e-02, 3.20855621e-03, 1.06951874e-03, 1.06951874e-03,
       0., 3.20855621e-03, 2.13903747e-03, 3.20855621e-03, 0.,
       1.06951874e-03, 0., 1.06951874e-03, 0., 0., 3.20855621e-03,
       2.13903747e-03, 3.20855621e-03, 2.13903747e-03, 2.13903747e-03,
       0., 0., 0., 2.13903747e-03, 0., 3.20855621e-03, 1.06951874e-03,
       0., 0., 1.06951874e-03, 4.27807495e-03, 0., 3.20855621e-03,
       1.06951874e-03, 4.27807495e-03, 2.13903747e-03, 3.20855621e-03,
       0., 0., 0., 0., 5.34759369e-03, 0., 0., 0., 1.06951874e-03,
       1.06951874e-03, 1.06951874e-03, 0., 2.13903747e-03,
       1.06951874e-03, 0., 2.13903747e-03, 2.13903747e-03,
       1.06951874e-03, 2.13903747e-03, 2.13903747e-03, 0., 0.,
       1.06951874e-03, 2.13903747e-03, 0., 1.06951874e-03,
       3.20855621e-03, 2.13903747e-03, 0., 1.06951874e-03,
       2.13903747e-03, 0., 2.13903747e-03, 4.27807495e-03,
       1.06951874e-03, 0., 0., 4.27807495e-03, 2.13903747e-03, 0., 0.,
       0., 3.20855621e-03, 2.13903747e-03, 0., 0., 0., 0., 0., 0., 0.,
       2.13903747e-03, 2.13903747e-03, 0., 1.06951874e-03,
       3.20855621e-03, 1.06951874e-03, 1.06951874e-03, 0., 0.,
       1.06951874e-03, 1.06951874e-03, 2.13903747e-03, 0., 0.,
       5.34759369e-03, 2.13903747e-03, 0., 1.06951874e-03, 0.,
       2.13903747e-03, 3.20855621e-03, 1.06951874e-03, 0.,
       2.13903747e-03, 4.27807495e-03, 0., 2.13903747e-03,
       3.20855621e-03, 3.20855621e-03, 0., 0., 7.48663116e-03,
       2.13903747e-03, 0., 1.06951874e-03, 0., 5.34759369e-03,
       1.06951874e-03, 5.34759369e-03, 1.06951874e-03, 1.06951874e-03,
       0., 2.13903747e-03, 2.13903747e-03, 0., 0., 1.06951874e-03,
       3.20855621e-03, 1.06951874e-03, 5.34759369e-03, 0.,
       2.13903747e-03, 0., 0., 0., 4.27807495e-03, 1.06951874e-03,
       1.06951874e-03, 1.06951874e-03, 0., 0., 2.13903747e-03,
       3.20855621e-03, 4.27807495e-03, 1.06951874e-03, 0., 0., 0., 0.,
       1.06951874e-03, 3.20855621e-03, 4.27807495e-03, 0., 0.,
       2.13903747e-03, 8.55614990e-03, 1.06951874e-03, 1.06951874e-03,
       2.13903747e-03, 1.06951874e-03, 0., 0., 2.13903747e-03, 0.,
       1.06951874e-03, 1.06951874e-03, 1.06951874e-03, 3.20855621e-03,
       6.41711242e-03, 4.27807495e-03, 0., 0., 1.06951874e-03, 0.,
       2.13903747e-03, 0., 0., 0., 1.06951874e-03, 2.13903747e-03,
       1.06951874e-03, 7.48663116e-03, 1.06951874e-03, 0.,
       3.20855621e-03, 1.06951874e-03, 1.06951874e-03, 1.06951874e-03,
       1.06951874e-03, 1.06951874e-03, 1.06951874e-03, 1.06951874e-03,
       1.06951874e-03, 0., 0., 0., 2.13903747e-03, 1.06951874e-03,
       3.20855621e-03, 0., 1.06951874e-03, 0., 3.20855621e-03,
       1.06951874e-03, 1.06951874e-03, 0., 0., 2.13903747e-03,
       7.48663116e-03, 0., 2.13903747e-03, 4.27807495e-03,
       2.13903747e-03, 0., 0., 0., 0., 1.06951874e-03, 0.,
       2.13903747e-03, 0., 0., 0., 0., 0., 1.06951874e-03,
       2.13903747e-03, 0., 1.06951874e-03, 0., 1.06951874e-03, 0.,
       1.06951874e-03, 0., 0., 1.06951874e-03, 1.06951874e-03,
       2.13903747e-03, 3.20855621e-03, 0., 2.13903747e-03,
       2.13903747e-03, 0., 9.62566864e-03, 1.06951874e-03, 0.,
       1.06951874e-03, 4.27807495e-03, 0., 0., 0., 0., 0., 0.,
       5.34759369e-03, 0., 1.06951874e-03, 1.06951874e-03, 0.,
       1.06951874e-03, 0., 3.20855621e-03, 0., 0., 1.06951874e-03, 0.,
       1.06951874e-03, 0., 0., 1.06951874e-03, 2.13903747e-03,
       7.48663116e-03, 0., 0., 1.06951874e-03, 2.13903747e-03, 0.,
       1.06951874e-03, 0., 0., 2.13903747e-03, 2.13903747e-03,
       1.06951874e-03, 0., 1.06951874e-03, 3.20855621e-03, 0., 0.,
       2.13903747e-03, 0., 0., 2.13903747e-03, 2.13903747e-03, 0., 0.,
       1.06951874e-03, 0., 2.13903747e-03, 3.20855621e-03,
       1.06951874e-03, 3.20855621e-03, 2.13903747e-03, 1.06951874e-03,
       1.06951874e-03, 2.13903747e-03, 0., 0., 0., 2.13903747e-03, 0.,
       2.13903747e-03, 4.27807495e-03, 1.06951874e-03, 2.13903747e-03,
       0., 3.20855621e-03, 3.20855621e-03, 0., 1.06951874e-03, 0., 0.,
       3.20855621e-03, 2.13903747e-03, 0., 3.20855621e-03,
       1.06951874e-03, 4.27807495e-03, 0., 2.13903747e-03,
       1.06951874e-03, 0., 1.06951874e-03, 0., 1.06951874e-03, 0., 0.,
       2.13903747e-03, 0., 1.06951874e-03, 0., 0., 0., 0., 0., 0., 0.,
       3.20855621e-03, 0., 0., 0., 3.20855621e-03, 1.06951874e-03,
       1.06951874e-03, 0., 0., 1.06951874e-03, 2.13903747e-03, 0., 0.,
       1.06951874e-03, 0., 0., 0., 0., 1.06951874e-03, 0.,
       2.13903747e-03, 1.06951874e-03, 1.06951874e-03, 1.06951874e-03,
       1.06951874e-03, 4.27807495e-03, 0., 4.27807495e-03, 0.,
       2.13903747e-03, 0., 0., 0., 0., 0., 0., 0., 9.62566864e-03,
       1.06951874e-03, 2.13903747e-03, 4.27807495e-03, 0., 0., 0.,
       1.06951874e-03, 3.20855621e-03, 1.06951874e-03, 0., 0.,
       3.20855621e-03, 0., 0., 1.06951874e-03, 1.06951874e-03, 0.,
       1.06951874e-03, 2.13903747e-03, 2.13903747e-03, 3.20855621e-03,
       2.13903747e-03, 0., 1.06951874e-03, 0., 1.06951874e-03,
       2.13903747e-03, 2.13903747e-03, 1.06951874e-03, 0.,
       3.20855621e-03, 1.06951874e-03, 0., 1.06951874e-03, 0.,
       1.06951874e-03, 0., 0., 1.06951874e-03, 1.06951874e-03, 0.,
       1.06951874e-03, 4.27807495e-03, 1.06951874e-03, 0.,
       1.06951874e-03, 0., 1.06951874e-03, 0., 1.06951874e-03,
       1.06951874e-03, 0., 1.06951874e-03, 1.06951874e-03,
       4.27807495e-03, 2.13903747e-03, 1.06951874e-03, 0.,
       1.06951874e-03, 1.06951874e-03, 1.06951874e-03, 0.,
       2.13903747e-03, 1.06951874e-03, 0., 0., 1.06951874e-03,
       2.13903747e-03, 0., 1.06951874e-03, 1.06951874e-03,
       1.06951874e-03, 2.13903747e-03, 1.06951874e-03, 0.,
       2.13903747e-03, 3.20855621e-03, 0., 3.20855621e-03,
       1.06951874e-03, 0., 0., 0., 1.06951874e-03, 0., 1.06951874e-03,
       2.13903747e-03, 4.27807495e-03, 2.13903747e-03, 0.,
       1.06951874e-03, 0., 4.27807495e-03, 2.13903747e-03, 0.,
       1.06951874e-03, 0., 1.06951874e-03, 2.13903747e-03, 0., 0.,
       2.13903747e-03, 1.06951874e-03, 3.20855621e-03, 1.06951874e-03,
       0., 0., 0., 2.13903747e-03, 5.34759369e-03, 1.06951874e-03,
       1.06951874e-03, 1.06951874e-03, 2.13903747e-03, 0., 0., 0.,
       1.06951874e-03, 2.13903747e-03, 0., 0., 0., 1.06951874e-03, 0.,
       1.06951874e-03, 0., 1.06951874e-03, 1.06951874e-03,
       2.13903747e-03, 1.06951874e-03, 1.06951874e-03, 4.27807495e-03,
       2.13903747e-03, 2.13903747e-03, 0., 4.27807495e-03, 0.,
       2.13903747e-03, 0., 2.13903747e-03, 2.13903747e-03,
       2.13903747e-03, 1.06951874e-03, 3.20855621e-03, 1.06951874e-03,
       2.13903747e-03, 1.06951874e-03, 0., 2.13903747e-03,
       2.13903747e-03, 1.06951874e-03, 0., 2.13903747e-03,
       2.13903747e-03, 1.06951874e-03, 1.06951874e-03, 1.06951874e-03,
       0., 0., 4.27807495e-03, 1.06951874e-03, 0., 0., 1.06951874e-03,
       2.13903747e-03, 3.20855621e-03, 1.06951874e-03, 1.06951874e-03,
       0., 2.13903747e-03, 2.13903747e-03, 0., 1.06951874e-03, 0., 0.,
       0., 1.06951874e-03, 1.06951874e-03, 1.06951874e-03,
       2.13903747e-03, 0., 1.06951874e-03, 1.06951874e-03, 0., 0.,
       1.06951874e-03, 0., 1.06951874e-03, 0., 0., 0., 1.06951874e-03,
       7.48663116e-03, 0., 6.41711242e-03, 2.13903747e-03, 0., 0.,
       1.28342248e-02, 2.13903747e-03, 0., 0., 3.20855621e-03,
