%YAML:1.0
m100f: !!opencv-matrix
   rows: 1
   cols: 800
   dt: f
   data: [ 0., 0., 0., 2.01207236e-03, 0., 0., 0., 6.03621732e-03, 0.,
       4.02414473e-03, 2.01207236e-03, 6.03621732e-03, 0.,
       2.01207236e-03, 0., 0., 0., 2.01207236e-03, 0., 0., 0., 0., 0.,
       2.01207236e-03, 0., 6.03621732e-03, 4.02414473e-03, 0., 0., 0.,
       0., 2.01207236e-03, 0., 4.02414473e-03, 0., 0., 4.02414473e-03,
       0., 0., 0., 2.01207236e-03, 0., 0., 0., 0., 0., 2.01207236e-03,
       0., 0., 0., 0., 0., 0., 0., 0., 0., 8.04828946e-03,
       2.01207236e-03, 1.00603616e-02, 0., 0., 0., 0., 6.03621732e-03,
       0., 0., 0., 0., 4.02414473e-03, 4.02414473e-03, 0., 0., 0., 0.,
       2.01207236e-03, 0., 0., 0., 1.00603616e-02, 6.03621732e-03, 0.,
       0., 2.01207236e-03, 0., 0., 0., 2.01207236e-03, 2.01207236e-03,
       0., 0., 0., 2.01207236e-03, 2.01207236e-03, 2.01207236e-03, 0.,
       0., 0., 2.01207236e-03, 4.02414473e-03, 0., 2.01207236e-03,
       2.01207236e-03, 0., 0., 0., 0., 4.02414473e-03, 4.02414473e-03,
       2.01207236e-03, 2.01207236e-03, 2.01207236e-03, 0., 0., 0., 0.,
       0., 2.01207236e-03, 2.01207236e-03, 4.02414473e-03, 0., 0., 0.,
       2.01207236e-03, 0., 0., 0., 2.01207236e-03, 6.03621732e-03, 0.,
       0., 0., 2.01207236e-03, 8.04828946e-03, 0., 0., 2.01207236e-03,
       4.02414473e-03, 0., 0., 0., 0., 0., 0., 0., 0., 0.,
       2.01207236e-03, 2.01207236e-03, 4.02414473e-03, 1.00603616e-02,
       2.01207236e-03, 0., 0., 0., 6.03621732e-03, 8.04828946e-03,
       2.01207236e-03, 2.01207236e-03, 0., 0., 0., 2.01207236e-03, 0.,
       0., 6.03621732e-03, 0., 0., 0., 4.02414473e-03, 0., 0.,
       2.01207236e-03, 0., 2.01207236e-03, 4.02414473e-03,
       2.01207236e-03, 0., 2.01207236e-03, 2.01207236e-03,
       4.02414473e-03, 0., 0., 0., 0., 0., 0., 2.01207236e-03,
       4.02414473e-03, 0., 8.04828946e-03, 0., 2.01207236e-03,
       2.01207236e-03, 2.01207236e-03, 2.01207236e-03, 0., 0., 0., 0.,
       4.02414473e-03, 1.00603616e-02, 0., 0., 0., 0., 4.02414473e-03,
       0., 4.02414473e-03, 2.01207236e-03, 0., 4.02414473e-03, 0., 0.,
       2.01207236e-03, 0., 0., 4.02414473e-03, 0., 0., 2.01207236e-03,
       0., 0., 0., 0., 0., 0., 0., 0., 0., 2.01207236e-03,
       2.01207236e-03, 0., 0., 4.02414473e-03, 0., 0., 0., 0.,
       4.02414473e-03, 2.01207236e-03, 2.01207236e-03, 0., 0., 0., 0.,
       0., 4.02414473e-03, 0., 0., 2.01207236e-03, 2.01207236e-03,
       2.01207236e-03, 0., 0., 0., 2.01207236e-03, 0., 2.01207236e-03,
       0., 0., 0., 0., 2.41448693e-02, 0., 8.04828946e-03,
       4.02414473e-03, 0., 0., 2.01207236e-03, 0., 0., 0., 0.,
       2.01207236e-03, 0., 0., 0., 0., 4.02414473e-03, 0., 0., 0., 0.,
       0., 0., 0., 0., 4.02414473e-03, 2.01207236e-03, 2.01207236e-03,
       2.01207236e-03, 0., 0., 6.03621732e-03, 4.02414473e-03,
       2.01207236e-03, 0., 2.01207236e-03, 2.01207236e-03,
       4.02414473e-03, 2.01207236e-03, 4.02414473e-03, 4.02414473e-03,
       0., 4.02414473e-03, 2.01207236e-03, 0., 2.01207236e-03, 0., 0.,
       0., 2.01207236e-03, 2.01207236e-03, 0., 0., 0., 2.01207236e-03,
       0., 0., 0., 2.01207236e-03, 0., 0., 6.03621732e-03,
       4.02414473e-03, 0., 0., 0., 0., 0., 0., 2.01207236e-03, 0.,
       2.01207236e-03, 0., 0., 2.01207236e-03, 2.01207236e-03, 0., 0.,
       0., 0., 4.02414473e-03, 0., 2.01207236e-03, 0., 2.01207236e-03,
       6.03621732e-03, 0., 2.01207236e-03, 0., 6.03621732e-03, 0.,
       4.02414473e-03, 4.02414473e-03, 0., 0., 4.02414473e-03, 0.,
       6.03621732e-03, 2.01207236e-03, 0., 2.01207236e-03, 0., 0., 0.,
       6.03621732e-03, 2.01207236e-03, 2.01207236e-03, 0.,
       2.01207236e-03, 0., 6.03621732e-03, 0., 0., 0., 4.02414473e-03,
       2.01207236e-03, 0., 4.02414473e-03, 0., 0., 2.01207236e-03, 0.,
       0., 4.02414473e-03, 0., 0., 4.02414473e-03, 0., 0., 0.,
       2.01207236e-03, 0., 2.01207236e-03, 4.02414473e-03, 0., 0., 0.,
       0., 6.03621732e-03, 0., 0., 0., 2.01207236e-03, 0.,
       2.01207236e-03, 0., 0., 4.02414473e-03, 0., 2.01207236e-03, 0.,
       4.02414473e-03, 2.01207236e-03, 0., 0., 2.01207236e-03,
       2.01207236e-03, 2.01207236e-03, 0., 0., 2.01207236e-03,
       2.01207236e-03, 2.01207236e-03, 2.01207236e-03, 0., 0., 0., 0.,
       0., 0., 0., 2.01207236e-03, 0., 0., 0., 6.03621732e-03, 0.,
       2.01207236e-03, 4.02414473e-03, 6.03621732e-03, 2.01207236e-03,
       0., 0., 0., 0., 2.01207236e-03, 0., 0., 0., 0., 2.01207236e-03,
       4.02414473e-03, 0., 0., 0., 0., 4.02414473e-03, 0., 0., 0., 0.,
       2.01207236e-03, 0., 2.01207236e-03, 0., 0., 2.01207236e-03,
       4.02414473e-03, 0., 2.01207236e-03, 0., 0., 0., 2.01207236e-03,
       0., 0., 2.01207236e-03, 0., 0., 2.01207236e-03, 2.01207236e-03,
       0., 0., 2.01207236e-03, 4.02414473e-03, 0., 2.01207236e-03, 0.,
       0., 0., 0., 0., 2.01207236e-03, 2.01207236e-03, 0., 0.,
       2.01207236e-03, 0., 0., 0., 0., 6.03621732e-03, 0., 0.,
       2.01207236e-03, 2.01207236e-03, 4.02414473e-03, 0., 0.,
       2.01207236e-03, 2.01207236e-03, 0., 0., 0., 0., 6.03621732e-03,
       0., 2.01207236e-03, 0., 0., 0., 0., 4.02414473e-03, 0., 0., 0.,
       0., 0., 0., 8.04828946e-03, 0., 0., 2.01207236e-03, 0., 0., 0.,
       4.02414473e-03, 0., 2.01207236e-03, 0., 0., 0., 4.02414473e-03,
       2.01207236e-03, 0., 0., 2.01207236e-03, 0., 0., 2.01207236e-03,
       0., 0., 0., 0., 0., 0., 2.01207236e-03, 2.01207236e-03,
       2.01207236e-03, 0., 2.01207236e-03, 2.01207236e-03, 0., 0., 0.,
       0., 0., 0., 0., 0., 2.01207236e-03, 2.01207236e-03,
       2.01207236e-03, 0., 0., 0., 2.01207236e-03, 0., 2.01207236e-03,
       2.01207236e-03, 2.01207236e-03, 0., 0., 0., 0., 0., 0.,
       4.02414473e-03, 6.03621732e-03, 0., 2.01207236e-03, 0., 0., 0.,
       0., 0., 0., 0., 2.01207236e-03, 0., 0., 0., 1.00603616e-02,
       4.02414473e-03, 0., 2.01207236e-03, 0., 2.01207236e-03, 0.,
       2.01207236e-03, 0., 0., 0., 2.01207236e-03, 0., 0., 0.,
       2.01207236e-03, 8.04828946e-03, 0., 4.02414473e-03, 0., 0., 0.,
       0., 0., 6.03621732e-03, 0., 2.01207236e-03, 0., 0., 0., 0., 0.,
       0., 4.02414473e-03, 0., 0., 0., 6.03621732e-03, 0., 0.,
       6.03621732e-03, 0., 0., 0., 2.01207236e-03, 0., 0., 0., 0.,
       2.01207236e-03, 2.01207236e-03, 2.01207236e-03, 2.01207236e-03,
       0., 0., 4.02414473e-03, 6.03621732e-03, 0., 0., 0.,
       2.01207236e-03, 0., 0., 2.01207236e-03, 4.02414473e-03,
       2.01207236e-03, 6.03621732e-03, 0., 0., 0., 0., 1.40845068e-02,
       0., 2.01207236e-03, 0., 0., 0., 2.01207236e-03, 0.,
       2.01207236e-03, 0., 4.02414473e-03, 0., 0., 0., 2.01207236e-03,
       0., 2.01207236e-03, 0., 2.01207236e-03, 0., 4.02414473e-03, 0.,
       0., 0., 0., 4.02414473e-03, 4.02414473e-03, 0., 0., 0., 0., 0.,
       0., 2.01207236e-03, 2.01207236e-03, 0., 2.01207236e-03, 0.,
       2.01207236e-03, 0., 0., 0., 0., 2.01207236e-03, 0.,
       2.01207236e-03, 6.03621732e-03, 0., 0., 0., 2.01207236e-03, 0.,
       4.02414473e-03, 4.02414473e-03, 0., 0., 2.01207236e-03,
       2.01207236e-03, 0., 4.02414473e-03, 0., 1.20724346e-02,
       2.01207236e-03, 0., 2.01207236e-03, 0., 0., 4.02414473e-03, 0.,
       2.01207236e-03, 2.01207236e-03, 2.01207236e-03, 2.01207236e-03,
       0., 4.02414473e-03, 1.00603616e-02, 4.02414473e-03,
       4.02414473e-03, 0., 0., 0., 2.01207236e-03, 0., 4.02414473e-03,
       0., 0., 0., 0., 0., 2.01207236e-03, 0., 0., 2.01207236e-03, 0.,
       8.04828946e-03, 2.01207236e-03, 0., 0., 0., 2.01207236e-03,
       2.01207236e-03, 0., 0., 0., 0., 0., 0., 2.01207236e-03, 0., 0.,
       0., 2.01207236e-03, 0., 0., 0., 2.01207236e-03, 0., 0.,
       2.01207236e-03, 0., 0., 0., 0., 2.01207236e-03, 2.01207236e-03 ]
