%YAML:1.0
m100f: !!opencv-matrix
   rows: 1
   cols: 800
   dt: f
   data: [ 3.67107190e-04, 1.46842876e-03, 7.34214380e-04,
       2.20264308e-03, 3.67107190e-04, 1.46842876e-03, 7.34214380e-04,
       1.10132154e-03, 3.67107190e-04, 0., 0., 7.34214380e-04,
       3.67107190e-04, 7.34214380e-04, 3.67107190e-04, 1.10132154e-03,
       0., 1.83553598e-03, 3.67107190e-04, 1.46842876e-03,
       1.10132154e-03, 1.46842876e-03, 1.83553598e-03, 3.67107190e-04,
       3.67107190e-04, 1.46842876e-03, 1.46842876e-03, 7.34214380e-04,
       0., 1.10132154e-03, 1.10132154e-03, 3.67107190e-04,
       2.20264308e-03, 1.83553598e-03, 7.34214380e-04, 3.67107190e-04,
       2.56975042e-03, 1.10132154e-03, 1.10132154e-03, 1.10132154e-03,
       0., 0., 1.46842876e-03, 1.83553598e-03, 7.34214380e-04,
       7.34214380e-04, 1.10132154e-03, 1.83553598e-03, 7.34214380e-04,
       7.34214380e-04, 7.34214380e-04, 0., 7.34214380e-04,
       3.67107190e-04, 7.34214380e-04, 1.83553598e-03, 4.40528616e-03,
       1.46842876e-03, 2.56975042e-03, 1.10132154e-03, 0.,
       1.46842876e-03, 3.67107190e-04, 7.34214380e-04, 1.10132154e-03,
       3.67107190e-04, 1.46842876e-03, 1.83553598e-03, 3.67107190e-04,
       3.67107196e-03, 3.67107190e-04, 1.10132154e-03, 1.46842876e-03,
       3.67107190e-04, 3.30396462e-03, 1.46842876e-03, 2.93685752e-03,
       1.46842876e-03, 2.20264308e-03, 3.67107196e-03, 0.,
       1.46842876e-03, 1.46842876e-03, 3.67107190e-04, 7.34214380e-04,
       0., 1.10132154e-03, 2.93685752e-03, 3.67107190e-04,
       2.20264308e-03, 7.34214380e-04, 1.10132154e-03, 1.83553598e-03,
       1.46842876e-03, 3.30396462e-03, 1.10132154e-03, 1.10132154e-03,
       3.67107190e-04, 7.34214380e-04, 0., 7.34214380e-04,
       7.34214380e-04, 2.20264308e-03, 3.67107190e-04, 7.34214380e-04,
       3.67107190e-04, 1.10132154e-03, 1.83553598e-03, 3.67107190e-04,
       7.34214380e-04, 7.34214380e-04, 2.20264308e-03, 2.20264308e-03,
       1.10132154e-03, 1.10132154e-03, 1.10132154e-03, 3.67107190e-04,
       1.10132154e-03, 2.93685752e-03, 4.03817929e-03, 1.83553598e-03,
       1.83553598e-03, 2.56975042e-03, 0., 1.46842876e-03,
       7.34214380e-04, 7.34214380e-04, 3.67107190e-04, 1.10132154e-03,
       2.20264308e-03, 1.10132154e-03, 3.67107196e-03, 7.34214380e-04,
       1.46842876e-03, 7.34214380e-04, 4.03817929e-03, 1.10132154e-03,
       3.67107190e-04, 2.20264308e-03, 1.83553598e-03, 7.34214380e-04,
       2.56975042e-03, 2.56975042e-03, 3.67107190e-04, 0.,
       1.10132154e-03, 1.10132154e-03, 1.83553598e-03, 1.46842876e-03,
       3.67107190e-04, 7.34214380e-04, 2.20264308e-03, 1.10132154e-03,
       1.10132154e-03, 1.10132154e-03, 1.10132154e-03, 1.46842876e-03,
       2.56975042e-03, 3.67107190e-04, 3.67107190e-04, 7.34214380e-04,
       1.83553598e-03, 1.10132154e-03, 1.83553598e-03, 1.46842876e-03,
       2.56975042e-03, 1.46842876e-03, 3.67107190e-04, 0.,
       1.10132154e-03, 1.10132154e-03, 1.10132154e-03, 1.46842876e-03,
       7.34214380e-04, 1.46842876e-03, 3.67107190e-04, 1.10132154e-03,
       0., 1.46842876e-03, 2.20264308e-03, 3.67107196e-03,
       2.56975042e-03, 1.46842876e-03, 3.67107190e-04, 1.10132154e-03,
       3.67107190e-04, 3.67107190e-04, 1.10132154e-03, 3.67107190e-04,
       3.67107190e-04, 2.93685752e-03, 0., 1.10132154e-03, 0.,
       3.67107190e-04, 3.30396462e-03, 1.10132154e-03, 7.34214380e-04,
       3.67107190e-04, 1.46842876e-03, 2.20264308e-03, 7.34214380e-04,
       2.56975042e-03, 3.67107190e-04, 1.10132154e-03, 3.30396462e-03,
       1.83553598e-03, 0., 3.67107190e-04, 0., 7.34214380e-04,
       1.83553598e-03, 0., 2.20264308e-03, 1.10132154e-03,
       1.46842876e-03, 7.34214380e-04, 0., 2.93685752e-03,
       7.34214380e-04, 1.10132154e-03, 7.34214380e-04, 7.34214380e-04,
       7.34214380e-04, 3.67107190e-04, 1.10132154e-03, 7.34214380e-04,
       1.46842876e-03, 7.34214380e-04, 2.20264308e-03, 2.20264308e-03,
       2.93685752e-03, 1.46842876e-03, 7.34214380e-04, 1.46842876e-03,
       1.83553598e-03, 1.10132154e-03, 3.67107190e-04, 0.,
       1.46842876e-03, 1.46842876e-03, 3.67107190e-04, 7.34214380e-04,
       2.56975042e-03, 3.67107190e-04, 1.10132154e-03, 5.13950083e-03,
       7.34214380e-04, 1.10132154e-03, 7.34214380e-04, 1.46842876e-03,
       1.83553598e-03, 0., 1.83553598e-03, 3.67107190e-04,
       7.34214380e-04, 0., 7.34214380e-04, 7.34214380e-04,
       1.46842876e-03, 1.83553598e-03, 7.34214380e-04, 0.,
       1.46842876e-03, 1.10132154e-03, 1.10132154e-03, 3.67107190e-04,
       1.10132154e-03, 7.34214380e-04, 1.83553598e-03, 1.83553598e-03,
       1.10132154e-03, 7.34214380e-04, 1.83553598e-03, 1.10132154e-03,
       2.20264308e-03, 1.83553598e-03, 1.10132154e-03, 7.34214380e-04,
       0., 4.40528616e-03, 2.20264308e-03, 3.67107190e-04,
       7.34214380e-04, 1.10132154e-03, 1.10132154e-03, 1.46842876e-03,
       1.10132154e-03, 2.20264308e-03, 1.10132154e-03, 1.83553598e-03,
       1.10132154e-03, 7.34214380e-04, 3.67107190e-04, 1.10132154e-03,
       7.34214380e-04, 1.10132154e-03, 3.67107190e-04, 1.10132154e-03,
       1.46842876e-03, 1.46842876e-03, 3.67107190e-04, 1.10132154e-03,
       3.67107190e-04, 1.83553598e-03, 7.34214380e-04, 2.56975042e-03,
       1.10132154e-03, 1.83553598e-03, 2.56975042e-03, 3.30396462e-03,
       3.67107190e-04, 1.83553598e-03, 1.10132154e-03, 7.34214380e-04,
       1.10132154e-03, 1.46842876e-03, 7.34214380e-04, 1.83553598e-03,
       2.20264308e-03, 1.10132154e-03, 1.46842876e-03, 3.67107190e-04,
       1.46842876e-03, 7.34214380e-04, 1.46842876e-03, 1.83553598e-03,
       7.34214380e-04, 2.56975042e-03, 7.34214380e-04, 3.67107190e-04,
       1.10132154e-03, 1.83553598e-03, 3.67107196e-03, 1.46842876e-03,
       3.67107190e-04, 1.46842876e-03, 7.34214380e-04, 1.46842876e-03,
       7.34214380e-04, 7.34214380e-04, 2.56975042e-03, 1.83553598e-03,
       3.67107190e-04, 3.30396462e-03, 2.20264308e-03, 7.34214380e-04,
       1.10132154e-03, 3.67107190e-04, 3.67107190e-04, 1.10132154e-03,
       3.67107190e-04, 0., 2.56975042e-03, 2.56975042e-03,
       1.46842876e-03, 3.67107190e-04, 3.67107190e-04, 7.34214380e-04,
       3.67107196e-03, 7.34214380e-04, 1.46842876e-03, 5.13950083e-03,
       1.10132154e-03, 1.46842876e-03, 1.46842876e-03, 3.67107190e-04,
       2.20264308e-03, 2.93685752e-03, 1.83553598e-03, 4.77239350e-03,
       1.83553598e-03, 1.46842876e-03, 1.46842876e-03, 1.83553598e-03,
       2.20264308e-03, 1.10132154e-03, 7.34214380e-04, 1.10132154e-03,
       7.34214380e-04, 1.10132154e-03, 1.10132154e-03, 7.34214380e-04,
       1.46842876e-03, 1.83553598e-03, 3.67107190e-04, 1.83553598e-03,
       0., 7.34214380e-04, 1.10132154e-03, 7.34214380e-04,
       7.34214380e-04, 1.46842876e-03, 5.13950083e-03, 7.34214380e-04,
       0., 3.67107190e-04, 1.83553598e-03, 7.34214380e-04,
       1.46842876e-03, 1.46842876e-03, 3.67107190e-04, 7.34214380e-04,
       1.83553598e-03, 0., 3.67107190e-04, 7.34214380e-04,
       1.83553598e-03, 7.34214380e-04, 1.10132154e-03, 2.56975042e-03,
       2.93685752e-03, 1.10132154e-03, 7.34214380e-04, 7.34214380e-04,
       1.83553598e-03, 2.20264308e-03, 1.10132154e-03, 1.10132154e-03,
       1.46842876e-03, 1.10132154e-03, 3.67107190e-04, 7.34214380e-04,
       2.93685752e-03, 7.34214380e-04, 1.10132154e-03, 1.10132154e-03,
       1.46842876e-03, 3.67107190e-04, 7.34214380e-04, 1.46842876e-03,
       1.46842876e-03, 3.67107190e-04, 3.67107190e-04, 7.34214380e-04,
       3.67107190e-04, 1.46842876e-03, 1.46842876e-03, 3.67107190e-04,
       7.34214380e-04, 1.46842876e-03, 7.34214380e-04, 2.20264308e-03,
       1.10132154e-03, 0., 1.83553598e-03, 4.77239350e-03,
       3.67107190e-04, 7.34214380e-04, 1.46842876e-03, 0.,
       2.20264308e-03, 1.46842876e-03, 7.34214380e-04, 2.20264308e-03,
       2.93685752e-03, 0., 1.10132154e-03, 1.46842876e-03,
       1.10132154e-03, 1.46842876e-03, 7.34214380e-04, 2.20264308e-03,
       7.34214380e-04, 1.10132154e-03, 1.10132154e-03, 1.46842876e-03,
