%YAML:1.0
m100f: !!opencv-matrix
   rows: 1
   cols: 800
   dt: f
   data: [ 1.00452034e-03, 1.50678051e-03, 4.01808135e-03,
       5.02260169e-04, 0., 0., 3.01356101e-03, 2.51130085e-03, 0.,
       2.00904068e-03, 1.50678051e-03, 1.50678051e-03, 5.02260169e-04,
       1.50678051e-03, 0., 0., 5.02260169e-04, 5.02260169e-04,
       5.02260169e-04, 3.01356101e-03, 3.01356101e-03, 2.51130085e-03,
       5.02260169e-04, 1.50678051e-03, 1.00452034e-03, 0.,
       4.01808135e-03, 0., 1.50678051e-03, 1.00452034e-03,
       1.00452034e-03, 5.02260169e-04, 1.00452034e-03, 2.00904068e-03,
       5.02260169e-04, 1.50678051e-03, 2.51130085e-03, 1.50678051e-03,
       3.01356101e-03, 0., 5.02260169e-04, 5.02260169e-04,
       1.50678051e-03, 0., 4.01808135e-03, 0., 1.50678051e-03,
       3.51582118e-03, 1.50678051e-03, 1.00452034e-03, 1.00452034e-03,
       1.50678051e-03, 5.02260169e-04, 5.02260169e-04, 1.50678051e-03,
       0., 1.00452034e-03, 2.00904068e-03, 0., 2.00904068e-03,
       5.02260169e-04, 5.02260169e-04, 1.50678051e-03, 5.02260169e-04,
       1.00452034e-03, 0., 1.50678051e-03, 2.00904068e-03, 0.,
       5.02260169e-04, 4.52034175e-03, 2.00904068e-03, 2.51130085e-03,
       2.00904068e-03, 1.50678051e-03, 1.00452034e-03, 0.,
       5.02260169e-04, 3.01356101e-03, 5.02260169e-04, 1.00452034e-03,
       1.00452034e-03, 5.02260169e-04, 2.00904068e-03, 0.,
       3.01356101e-03, 1.50678051e-03, 5.02260169e-04, 1.00452034e-03,
       5.02260169e-04, 5.02260169e-04, 5.02260169e-04, 1.00452034e-03,
       5.02260169e-04, 5.02260169e-04, 1.00452034e-03, 1.50678051e-03,
       1.00452034e-03, 0., 0., 2.00904068e-03, 5.02260169e-04,
       4.52034175e-03, 2.51130085e-03, 0., 5.02260169e-04,
       1.00452034e-03, 1.00452034e-03, 2.00904068e-03, 5.02260169e-04,
       2.51130085e-03, 1.00452034e-03, 5.02260169e-04, 1.50678051e-03,
       7.53390230e-03, 0., 0., 2.51130085e-03, 1.00452034e-03,
       1.50678051e-03, 5.02260169e-04, 1.50678051e-03, 4.52034175e-03,
       5.02260169e-03, 0., 5.02260169e-04, 1.50678051e-03,
       2.00904068e-03, 5.02260169e-04, 5.02260169e-04, 0., 0.,
       4.01808135e-03, 0., 5.02260169e-04, 1.50678051e-03,
       2.00904068e-03, 5.02260169e-04, 2.51130085e-03, 5.02260169e-04,
       0., 2.51130085e-03, 1.50678051e-03, 1.00452034e-03,
       5.02260169e-04, 5.02260169e-04, 2.00904068e-03, 1.00452034e-03,
       0., 1.50678051e-03, 3.51582118e-03, 0., 5.02260169e-04,
       5.02260169e-04, 4.52034175e-03, 4.01808135e-03, 0.,
       1.00452034e-03, 3.01356101e-03, 5.02260169e-04, 1.50678051e-03,
       0., 2.00904068e-03, 5.02260169e-04, 0., 1.00452034e-03, 0.,
       2.00904068e-03, 5.02260169e-04, 1.50678051e-03, 1.50678051e-03,
       4.52034175e-03, 0., 1.50678051e-03, 0., 1.00452034e-03,
       1.00452034e-03, 5.02260169e-03, 4.01808135e-03, 0.,
       1.00452034e-03, 0., 0., 1.50678051e-03, 1.00452034e-03, 0.,
       5.02260169e-04, 0., 1.00452034e-03, 3.01356101e-03, 0.,
       5.02260169e-04, 0., 1.50678051e-03, 1.00452034e-03,
       4.01808135e-03, 1.50678051e-03, 5.02260169e-04, 1.00452034e-03,
       1.00452034e-03, 1.50678051e-03, 5.02260169e-04, 5.02260169e-04,
       1.00452034e-03, 1.50678051e-03, 5.02260169e-04, 5.02260169e-04,
       2.00904068e-03, 1.00452034e-03, 5.02260169e-04, 0.,
       2.00904068e-03, 0., 2.51130085e-03, 0., 1.00452034e-03,
       1.50678051e-03, 1.50678051e-03, 2.00904068e-03, 2.51130085e-03,
       1.50678051e-03, 2.00904068e-03, 2.51130085e-03, 1.00452034e-03,
       1.50678051e-03, 0., 2.51130085e-03, 2.00904068e-03,
       1.00452034e-03, 2.00904068e-03, 2.51130085e-03, 1.00452034e-03,
       0., 2.51130085e-03, 1.50678051e-03, 5.02260169e-04, 0.,
       2.51130085e-03, 5.02260169e-04, 1.00452034e-03, 5.02260169e-04,
       1.50678051e-03, 2.51130085e-03, 3.51582118e-03, 1.00452034e-03,
       1.00452034e-03, 5.52486163e-03, 1.50678051e-03, 0.,
       1.00452034e-03, 0., 1.00452034e-03, 1.50678051e-03, 0.,
       3.01356101e-03, 2.00904068e-03, 1.00452034e-03, 1.50678051e-03,
       0., 4.52034175e-03, 2.00904068e-03, 1.00452034e-03,
       1.00452034e-03, 0., 2.51130085e-03, 1.00452034e-03,
       3.51582118e-03, 1.00452034e-03, 1.00452034e-03, 1.00452034e-03,
       1.00452034e-03, 0., 1.50678051e-03, 1.00452034e-03,
       5.02260169e-04, 1.00452034e-03, 2.51130085e-03, 1.00452034e-03,
       1.50678051e-03, 1.50678051e-03, 5.02260169e-04, 1.00452034e-03,
       5.02260169e-04, 0., 2.51130085e-03, 8.03616270e-03,
       2.51130085e-03, 5.02260169e-04, 0., 1.50678051e-03,
       4.01808135e-03, 3.01356101e-03, 1.00452034e-03, 1.50678051e-03,
       1.50678051e-03, 2.00904068e-03, 5.02260169e-04, 5.02260169e-04,
       0., 1.00452034e-03, 5.02260169e-04, 2.51130085e-03,
       3.01356101e-03, 3.01356101e-03, 1.50678051e-03, 1.00452034e-03,
       1.00452034e-03, 5.02260169e-04, 0., 0., 4.01808135e-03,
       5.02260169e-04, 2.00904068e-03, 0., 0., 1.50678051e-03,
       5.52486163e-03, 2.00904068e-03, 1.00452034e-03, 5.02260169e-04,
       0., 2.51130085e-03, 0., 1.50678051e-03, 5.02260169e-04, 0.,
       3.01356101e-03, 1.00452034e-03, 3.01356101e-03, 5.02260169e-04,
       5.02260169e-04, 0., 1.00452034e-03, 0., 0., 1.50678051e-03,
       3.51582118e-03, 5.02260169e-04, 2.51130085e-03, 0.,
       5.02260169e-04, 1.00452034e-03, 2.00904068e-03, 1.00452034e-03,
       5.02260169e-04, 5.02260169e-04, 2.51130085e-03, 1.50678051e-03,
       2.51130085e-03, 0., 0., 5.02260169e-04, 0., 3.01356101e-03,
       1.00452034e-03, 0., 1.50678051e-03, 1.00452034e-03,
       1.00452034e-03, 5.02260169e-04, 5.02260169e-04, 1.50678051e-03,
       5.02260169e-04, 1.50678051e-03, 1.00452034e-03, 0.,
       2.00904068e-03, 5.02260169e-04, 2.51130085e-03, 3.01356101e-03,
       2.51130085e-03, 3.51582118e-03, 1.00452034e-03, 5.02260169e-04,
       1.50678051e-03, 5.02260169e-04, 2.00904068e-03, 1.00452034e-03,
       5.02260169e-04, 3.01356101e-03, 2.00904068e-03, 2.00904068e-03,
       2.51130085e-03, 2.51130085e-03, 1.50678051e-03, 1.50678051e-03,
       5.02260169e-04, 1.50678051e-03, 1.50678051e-03, 1.00452034e-03,
       2.51130085e-03, 2.00904068e-03, 2.00904068e-03, 1.00452034e-03,
       1.00452034e-03, 1.50678051e-03, 0., 2.00904068e-03,
       1.00452034e-03, 1.50678051e-03, 2.00904068e-03, 1.00452034e-03,
       5.02260169e-04, 1.50678051e-03, 1.00452034e-03, 2.00904068e-03,
       5.02260169e-04, 0., 0., 1.00452034e-03, 1.00452034e-03,
       5.02260169e-04, 2.51130085e-03, 5.02260169e-04, 1.50678051e-03,
       0., 5.02260169e-04, 1.00452034e-03, 4.01808135e-03,
       5.02260169e-04, 2.00904068e-03, 5.02260169e-04, 1.50678051e-03,
       1.50678051e-03, 3.01356101e-03, 0., 5.02260169e-04, 0., 0.,
       5.02260169e-04, 3.51582118e-03, 5.02260169e-04, 3.01356101e-03,
       1.00452034e-03, 2.00904068e-03, 4.01808135e-03, 0.,
       1.50678051e-03, 2.51130085e-03, 0., 1.00452034e-03, 0.,
       1.50678051e-03, 2.00904068e-03, 0., 1.50678051e-03, 0.,
       5.02260169e-04, 1.50678051e-03, 5.02260169e-04, 1.00452034e-03,
       1.00452034e-03, 1.50678051e-03, 1.50678051e-03, 5.02260169e-04,
       0., 1.00452034e-03, 0., 2.00904068e-03, 5.02260169e-04,
       2.51130085e-03, 2.00904068e-03, 5.02260169e-04, 2.00904068e-03,
       0., 0., 5.02260169e-04, 0., 1.00452034e-03, 2.00904068e-03,
       3.01356101e-03, 2.51130085e-03, 3.01356101e-03, 2.00904068e-03,
       1.00452034e-03, 5.02260169e-04, 2.51130085e-03, 2.51130085e-03,
       0., 1.00452034e-03, 5.02260169e-04, 2.00904068e-03,
       5.02260169e-04, 1.50678051e-03, 5.02260169e-04, 1.00452034e-03,
       5.02260169e-04, 1.50678051e-03, 5.02260169e-04, 1.00452034e-03,
       5.02260169e-04, 3.51582118e-03, 2.51130085e-03, 4.01808135e-03,
       4.01808135e-03, 0., 3.01356101e-03, 0., 2.00904068e-03,
       3.01356101e-03, 3.01356101e-03, 0., 2.00904068e-03,
       2.00904068e-03, 5.02260169e-04, 1.50678051e-03, 5.02260169e-04,
       2.00904068e-03, 1.50678051e-03, 1.00452034e-03, 5.02260169e-04,
