%YAML:1.0
m100f: !!opencv-matrix
   rows: 1
   cols: 800
   dt: f
   data: [ 0., 1.57480314e-03, 2.62467191e-03, 4.19947505e-03,
       5.24934381e-04, 0., 5.77427819e-03, 1.57480314e-03,
       1.04986876e-03, 2.62467191e-03, 2.09973752e-03, 5.24934381e-04,
       0., 2.62467191e-03, 3.67454067e-03, 0., 5.24934381e-04,
       5.24934381e-04, 1.04986876e-03, 1.57480314e-03, 4.72440943e-03,
       1.57480314e-03, 5.24934381e-04, 0., 2.62467191e-03, 0.,
       1.57480314e-03, 1.04986876e-03, 5.24934381e-04, 5.24934381e-04,
       0., 5.24934381e-04, 1.04986876e-03, 1.57480314e-03,
       3.14960629e-03, 0., 2.09973752e-03, 0., 5.24934381e-04, 0.,
       2.09973752e-03, 1.04986876e-03, 2.09973752e-03, 5.24934381e-04,
       2.62467191e-03, 3.14960629e-03, 1.04986876e-03, 2.62467191e-03,
       5.24934381e-04, 0., 1.57480314e-03, 5.24934381e-04, 0.,
       5.24934381e-04, 1.57480314e-03, 0., 1.04986876e-03,
       5.24934381e-04, 0., 5.24934381e-04, 0., 2.09973752e-03,
       1.04986876e-03, 5.24934381e-04, 1.20734908e-02, 5.24934381e-04,
       0., 1.04986876e-03, 4.72440943e-03, 5.24934381e-04,
       1.04986876e-03, 4.19947505e-03, 0., 1.57480314e-03,
       5.24934381e-04, 5.24934381e-04, 1.04986876e-03, 1.57480314e-03,
       5.24934381e-04, 5.24934381e-03, 4.72440943e-03, 0.,
       1.04986876e-03, 3.14960629e-03, 5.24934381e-04, 5.24934381e-04,
       2.09973752e-03, 1.04986876e-03, 1.57480314e-03, 0., 0., 0.,
       1.04986876e-03, 2.09973752e-03, 2.62467191e-03, 2.62467191e-03,
       1.04986876e-03, 1.57480314e-03, 0., 5.24934381e-04,
       1.04986876e-03, 2.62467191e-03, 7.34908134e-03, 5.24934381e-04,
       5.24934381e-04, 1.57480314e-03, 1.57480314e-03, 1.57480314e-03,
       0., 5.24934381e-04, 0., 3.14960629e-03, 1.04986876e-03, 0.,
       7.87401572e-03, 0., 3.67454067e-03, 1.57480314e-03, 0.,
       3.14960629e-03, 0., 3.14960629e-03, 0., 5.77427819e-03, 0., 0.,
       1.04986876e-03, 1.57480314e-03, 1.57480314e-03, 5.24934381e-04,
       0., 2.62467191e-03, 4.72440943e-03, 3.14960629e-03, 0.,
       2.62467191e-03, 1.04986876e-03, 1.57480314e-03, 0.,
       3.14960629e-03, 0., 1.04986876e-03, 2.09973752e-03,
       1.57480314e-03, 5.24934381e-04, 1.57480314e-03, 1.04986876e-03,
       5.24934381e-04, 0., 3.14960629e-03, 0., 0., 3.67454067e-03, 0.,
       1.57480314e-03, 6.29921257e-03, 0., 1.57480314e-03, 0.,
       5.24934381e-04, 0., 1.04986876e-03, 5.24934381e-04,
       5.24934381e-04, 5.24934381e-04, 5.24934381e-03, 0.,
       1.04986876e-03, 1.04986876e-03, 0., 5.24934381e-04, 0.,
       3.14960629e-03, 5.24934381e-04, 1.04986876e-03, 0.,
       1.04986876e-03, 3.67454067e-03, 5.24934381e-04, 5.24934381e-04,
       5.24934381e-04, 5.24934381e-04, 0., 1.57480314e-03, 0., 0.,
       2.09973752e-03, 5.24934381e-04, 2.09973752e-03, 1.57480314e-03,
       5.24934381e-04, 1.04986876e-03, 0., 2.09973752e-03, 0.,
       1.04986876e-03, 5.24934381e-04, 1.04986876e-03, 0., 0.,
       3.67454067e-03, 5.24934381e-04, 2.09973752e-03, 1.04986876e-03,
       3.14960629e-03, 0., 5.24934381e-04, 1.04986876e-03,
       1.04986876e-03, 1.04986876e-03, 5.24934381e-04, 5.24934381e-04,
       0., 0., 5.24934381e-04, 3.14960629e-03, 0., 1.57480314e-03,
       1.57480314e-03, 3.14960629e-03, 5.24934381e-04, 0.,
       3.14960629e-03, 2.09973752e-03, 1.57480314e-03, 1.04986876e-03,
       3.14960629e-03, 2.09973752e-03, 1.57480314e-03, 0.,
       5.24934381e-04, 0., 1.57480314e-03, 0., 5.24934381e-04,
       5.24934381e-04, 0., 1.57480314e-03, 5.24934381e-04, 0.,
       2.62467191e-03, 1.04986876e-03, 5.24934381e-04, 2.09973752e-03,
       0., 2.09973752e-03, 4.19947505e-03, 2.62467191e-03,
       5.24934381e-04, 1.04986876e-03, 1.04986876e-03, 3.14960629e-03,
       3.14960629e-03, 1.57480314e-03, 0., 1.04986876e-03,
       5.24934381e-04, 2.62467191e-03, 0., 2.09973752e-03,
       5.24934381e-04, 2.09973752e-03, 0., 1.04986876e-03,
       5.24934381e-04, 0., 1.57480314e-03, 2.09973752e-03,
       2.62467191e-03, 5.24934381e-04, 3.67454067e-03, 0.,
       5.24934381e-04, 0., 0., 3.67454067e-03, 5.24934381e-04,
       1.04986876e-03, 2.09973752e-03, 1.04986876e-03, 5.24934381e-04,
       5.24934381e-04, 1.57480314e-03, 1.04986876e-03, 1.04986876e-03,
       1.57480314e-03, 1.57480314e-03, 1.04986876e-03, 1.04986876e-03,
       6.82414696e-03, 1.04986876e-03, 5.24934381e-04, 0.,
       5.24934381e-04, 5.24934381e-04, 1.57480314e-03, 0., 0.,
       5.24934381e-04, 2.09973752e-03, 1.57480314e-03, 2.09973752e-03,
       2.09973752e-03, 0., 5.24934381e-04, 5.24934381e-03, 0.,
       5.24934381e-04, 0., 5.24934381e-04, 2.62467191e-03, 0.,
       2.09973752e-03, 5.24934381e-04, 1.04986876e-03, 2.62467191e-03,
       3.67454067e-03, 5.24934381e-04, 2.09973752e-03, 2.09973752e-03,
       0., 2.09973752e-03, 0., 1.57480314e-03, 0., 5.24934381e-04,
       5.24934381e-04, 0., 1.04986876e-03, 0., 1.57480314e-03, 0.,
       1.57480314e-03, 0., 0., 0., 0., 5.24934381e-04, 1.57480314e-03,
       0., 5.24934381e-04, 1.04986876e-03, 2.62467191e-03,
       5.24934381e-04, 1.04986876e-03, 0., 2.09973752e-03,
       5.24934381e-04, 5.24934381e-04, 0., 2.09973752e-03,
       5.24934381e-04, 1.04986876e-03, 1.04986876e-03, 5.24934381e-04,
       0., 1.57480314e-03, 1.04986876e-03, 2.62467191e-03,
       5.24934381e-04, 5.24934381e-04, 5.24934381e-04, 2.09973752e-03,
       1.04986876e-03, 1.04986876e-03, 0., 1.57480314e-03,
       2.62467191e-03, 5.24934381e-04, 1.57480314e-03, 2.09973752e-03,
       1.04986876e-03, 2.09973752e-03, 5.24934381e-04, 1.57480314e-03,
       1.04986876e-03, 5.24934381e-04, 2.62467191e-03, 2.09973752e-03,
       2.62467191e-03, 1.04986876e-03, 5.24934381e-04, 1.57480314e-03,
       5.24934381e-04, 7.87401572e-03, 1.04986876e-03, 0.,
       1.04986876e-03, 5.24934381e-04, 1.57480314e-03, 5.24934381e-04,
       1.04986876e-03, 0., 5.24934381e-04, 2.09973752e-03,
       3.67454067e-03, 0., 5.24934381e-04, 1.57480314e-03,
       5.24934381e-04, 1.04986876e-03, 5.24934381e-04, 1.57480314e-03,
       5.24934381e-04, 2.09973752e-03, 1.57480314e-03, 4.19947505e-03,
       0., 2.09973752e-03, 0., 3.14960629e-03, 5.24934381e-04,
       5.24934381e-04, 2.09973752e-03, 0., 0., 0., 1.57480314e-03,
       1.57480314e-03, 1.57480314e-03, 5.24934381e-04, 5.24934381e-04,
       2.09973752e-03, 2.09973752e-03, 4.72440943e-03, 5.24934381e-03,
       5.24934381e-04, 0., 3.14960629e-03, 1.04986876e-03,
       2.09973752e-03, 5.24934381e-04, 1.57480314e-03, 5.24934381e-04,
       1.04986876e-03, 2.62467191e-03, 5.24934381e-04, 2.09973752e-03,
       0., 0., 1.04986876e-03, 0., 0., 5.24934381e-04, 0., 0.,
       1.04986876e-03, 5.24934381e-04, 5.24934381e-04, 1.04986876e-03,
       2.09973752e-03, 4.19947505e-03, 1.04986876e-03, 2.09973752e-03,
       1.04986876e-03, 0., 3.67454067e-03, 1.04986876e-03,
       2.62467191e-03, 0., 3.14960629e-03, 1.04986876e-03, 0.,
       5.24934381e-04, 1.04986876e-03, 5.24934381e-04, 1.04986876e-03,
       5.24934381e-04, 1.04986876e-03, 1.04986876e-03, 2.09973752e-03,
       4.72440943e-03, 6.29921257e-03, 5.24934381e-04, 5.24934381e-04,
       2.09973752e-03, 5.24934381e-04, 1.04986876e-03, 2.09973752e-03,
       1.57480314e-03, 0., 2.09973752e-03, 5.24934381e-04, 0.,
       1.04986876e-03, 1.04986876e-03, 5.24934381e-04, 1.04986876e-03,
       4.19947505e-03, 1.04986876e-03, 5.24934381e-04, 1.57480314e-03,
       1.57480314e-03, 1.04986876e-03, 5.24934381e-04, 0.,
       1.04986876e-03, 5.24934381e-04, 2.62467191e-03, 5.24934381e-04,
       5.24934381e-04, 0., 5.24934381e-04, 0., 1.57480314e-03,
       1.04986876e-03, 2.09973752e-03, 1.57480314e-03, 5.24934381e-04,
       3.14960629e-03, 0., 5.24934381e-04, 2.09973752e-03,
       2.09973752e-03, 0., 5.24934381e-04, 0., 1.04986876e-03,
       1.04986876e-03, 2.09973752e-03, 5.24934381e-04, 2.62467191e-03,
       5.24934381e-04, 2.09973752e-03, 1.04986876e-03, 1.57480314e-03,
       1.57480314e-03, 1.04986876e-03, 1.04986876e-03, 2.09973752e-03,
