%YAML:1.0
m100f: !!opencv-matrix
   rows: 1
   cols: 800
   dt: f
   data: [ 0., 2.50500999e-03, 1.15230465e-02, 2.50500999e-03,
       1.00200402e-03, 5.01002010e-04, 5.01002010e-04, 1.00200402e-03,
       1.00200402e-03, 3.50701413e-03, 1.50300609e-03, 5.01002010e-04,
       2.00400804e-03, 1.50300609e-03, 2.00400804e-03, 1.00200402e-03,
       1.00200402e-03, 5.01002010e-04, 1.00200402e-03, 3.00601218e-03,
       1.00200402e-03, 2.00400804e-03, 0., 4.00801608e-03,
       5.01002010e-04, 1.00200402e-03, 2.50500999e-03, 1.00200402e-03,
       1.50300609e-03, 1.50300609e-03, 2.00400804e-03, 2.00400804e-03,
       2.00400804e-03, 2.00400804e-03, 1.00200402e-03, 1.50300609e-03,
       1.00200402e-03, 5.01002010e-04, 0., 0., 1.00200402e-03, 0.,
       1.00200402e-03, 5.01002010e-04, 2.50500999e-03, 1.00200402e-03,
       2.50500999e-03, 1.00200402e-03, 2.50500999e-03, 0.,
       1.50300609e-03, 0., 5.01002010e-04, 1.00200402e-03,
       2.50500999e-03, 5.01002010e-04, 3.00601218e-03, 3.50701413e-03,
       0., 3.00601218e-03, 5.01002010e-04, 5.01002010e-04,
       5.01002010e-04, 5.01002010e-04, 1.00200400e-02, 5.01002010e-04,
       1.50300609e-03, 5.01002010e-04, 4.00801608e-03, 0.,
       3.00601218e-03, 5.01002010e-04, 5.01002010e-04, 5.01002010e-04,
       1.00200402e-03, 3.00601218e-03, 0., 0., 0., 1.00200402e-03,
       5.01002010e-04, 0., 5.01002010e-04, 1.50300609e-03,
       5.01002010e-04, 4.50901827e-03, 1.00200402e-03, 1.00200402e-03,
       5.01002010e-04, 5.01002010e-04, 5.01002010e-04, 0.,
       5.01002010e-04, 2.00400804e-03, 1.00200402e-03, 1.00200402e-03,
       0., 3.00601218e-03, 0., 1.00200402e-03, 5.01002010e-04,
       3.50701413e-03, 2.00400804e-03, 5.01002010e-04, 0.,
       5.01002010e-04, 2.50500999e-03, 5.01002010e-04, 5.01002010e-04,
       1.00200402e-03, 4.00801608e-03, 5.01002010e-04, 0.,
       1.50300609e-03, 5.01001999e-03, 2.00400804e-03, 1.00200402e-03,
       1.50300609e-03, 1.00200402e-03, 1.50300609e-03, 3.00601218e-03,
       1.00200402e-03, 2.00400804e-03, 5.01002010e-04, 0., 0.,
       2.50500999e-03, 5.01002010e-04, 1.00200402e-03, 1.00200402e-03,
       0., 1.00200402e-03, 5.01002010e-04, 5.01002010e-04,
       1.50300609e-03, 1.00200402e-03, 5.01002010e-04, 1.50300609e-03,
       1.00200402e-03, 2.00400804e-03, 5.01002010e-04, 2.50500999e-03,
       2.00400804e-03, 2.50500999e-03, 0., 0., 0., 1.50300609e-03, 0.,
       5.01002010e-04, 3.00601218e-03, 0., 1.00200402e-03,
       5.01002010e-04, 2.50500999e-03, 6.51302608e-03, 0.,
       1.00200402e-03, 2.50500999e-03, 5.01002010e-04, 1.00200402e-03,
       0., 1.00200402e-03, 5.01002010e-04, 1.00200402e-03,
       1.00200402e-03, 5.01002010e-04, 1.50300609e-03, 1.00200402e-03,
       5.01002010e-04, 2.00400804e-03, 3.50701413e-03, 5.01002010e-04,
       5.51102217e-03, 1.00200402e-03, 5.01002010e-04, 1.00200402e-03,
       5.01001999e-03, 2.50500999e-03, 0., 1.50300609e-03,
       5.01002010e-04, 0., 1.50300609e-03, 0., 1.50300609e-03,
       2.00400804e-03, 5.01002010e-04, 0., 1.00200402e-03, 0.,
       1.00200402e-03, 5.01002010e-04, 0., 1.50300609e-03,
       5.01002010e-04, 1.50300609e-03, 5.01002010e-04, 5.01002010e-04,
       1.50300609e-03, 1.00200402e-03, 1.00200402e-03, 5.01002010e-04,
       3.00601218e-03, 2.00400804e-03, 0., 3.50701413e-03,
       2.50500999e-03, 5.01002010e-04, 2.00400804e-03, 0.,
       5.01002010e-04, 0., 0., 0., 1.00200402e-03, 5.01002010e-04,
       5.01002010e-04, 4.00801608e-03, 2.50500999e-03, 1.00200402e-03,
       1.00200402e-03, 8.01603217e-03, 2.00400804e-03, 0.,
       1.00200402e-03, 3.00601218e-03, 2.00400804e-03, 5.01002010e-04,
       5.01002010e-04, 5.01002010e-04, 1.50300609e-03, 5.01002010e-04,
       2.50500999e-03, 0., 1.50300609e-03, 0., 1.50300609e-03,
       1.00200402e-03, 5.01002010e-04, 2.00400804e-03, 3.50701413e-03,
       2.00400804e-03, 1.50300609e-03, 1.00200402e-03, 5.01002010e-04,
       2.00400804e-03, 5.01002010e-04, 5.01002010e-04, 5.01002010e-04,
       0., 1.50300609e-03, 1.00200402e-03, 1.50300609e-03,
       1.00200402e-03, 1.00200402e-03, 1.00200402e-03, 2.50500999e-03,
       1.00200402e-03, 3.50701413e-03, 0., 5.01002010e-04,
       1.50300609e-03, 5.01002010e-04, 1.00200402e-03, 2.00400804e-03,
       1.50300609e-03, 5.01002010e-04, 1.00200402e-03, 2.00400804e-03,
       5.01001999e-03, 0., 5.01002010e-04, 0., 1.00200402e-03, 0.,
       1.50300609e-03, 2.00400804e-03, 3.00601218e-03, 1.00200402e-03,
       1.00200402e-03, 2.00400804e-03, 0., 1.00200402e-03, 0.,
       5.01001999e-03, 0., 5.01002010e-04, 0., 5.51102217e-03,
       2.00400804e-03, 0., 0., 1.00200402e-03, 0., 1.50300609e-03,
       5.01002010e-04, 1.00200402e-03, 5.01002010e-04, 1.00200402e-03,
       1.00200402e-03, 1.50300609e-03, 2.50500999e-03, 5.01002010e-04,
       1.50300609e-03, 0., 0., 0., 0., 0., 3.50701413e-03,
       5.01002010e-04, 4.00801608e-03, 1.00200402e-03, 0.,
       1.00200402e-03, 3.50701413e-03, 2.50500999e-03, 1.00200402e-03,
       0., 5.01002010e-04, 1.00200402e-03, 1.00200402e-03, 0.,
       1.00200402e-03, 0., 1.50300609e-03, 1.50300609e-03,
       5.01002010e-04, 5.01002010e-04, 1.50300609e-03, 5.01002010e-04,
       0., 0., 2.00400804e-03, 1.50300609e-03, 5.01002010e-04,
       5.01002010e-04, 5.01002010e-04, 5.01002010e-04, 5.01002010e-04,
       1.00200402e-03, 0., 0., 4.00801608e-03, 5.01002010e-04,
       2.50500999e-03, 5.01002010e-04, 0., 5.01002010e-04,
       1.50300609e-03, 1.00200402e-03, 0., 1.50300609e-03,
       1.00200402e-03, 0., 3.50701413e-03, 1.00200402e-03,
       5.01002010e-04, 5.01002010e-04, 5.01002010e-04, 0.,
       2.00400804e-03, 5.01002010e-04, 1.50300609e-03, 0.,
       2.00400804e-03, 1.00200402e-03, 3.50701413e-03, 2.00400804e-03,
       2.00400804e-03, 0., 3.50701413e-03, 1.00200402e-03,
       1.00200402e-03, 1.00200402e-03, 1.00200402e-03, 5.01002010e-04,
       1.00200402e-03, 1.00200402e-03, 5.01002010e-04, 1.50300609e-03,
       1.50300609e-03, 5.01002010e-04, 0., 1.00200402e-03,
       1.50300609e-03, 0., 1.50300609e-03, 0., 2.00400804e-03,
       2.00400804e-03, 1.00200402e-03, 1.00200402e-03, 0.,
       5.01002010e-04, 1.50300609e-03, 1.50300609e-03, 1.50300609e-03,
       2.00400804e-03, 1.00200402e-03, 1.00200402e-03, 1.00200402e-03,
       2.00400804e-03, 0., 1.00200402e-03, 1.00200402e-03, 0.,
       2.00400804e-03, 1.00200402e-03, 0., 3.50701413e-03,
       1.50300609e-03, 5.01002010e-04, 0., 1.50300609e-03, 0.,
       1.00200402e-03, 5.01002010e-04, 0., 0., 5.01002010e-04,
       3.50701413e-03, 2.00400804e-03, 1.00200402e-03, 3.00601218e-03,
       0., 1.00200402e-03, 0., 0., 4.00801608e-03, 0., 2.00400804e-03,
       2.00400804e-03, 0., 2.00400804e-03, 5.01002010e-04,
       1.00200402e-03, 0., 0., 3.50701413e-03, 0., 1.50300609e-03, 0.,
       5.01002010e-04, 1.50300609e-03, 5.01002010e-04, 5.01002010e-04,
       5.01002010e-04, 5.01002010e-04, 5.01002010e-04, 1.50300609e-03,
       1.00200402e-03, 2.00400804e-03, 0., 1.00200402e-03,
       5.01002010e-04, 0., 1.00200402e-03, 5.01002010e-04,
       5.01002010e-04, 1.00200402e-03, 0., 1.50300609e-03, 0., 0., 0.,
       5.01002010e-04, 5.01002010e-04, 4.50901827e-03, 1.00200402e-03,
       4.50901827e-03, 6.51302608e-03, 5.01002010e-04, 1.50300609e-03,
       0., 0., 3.00601218e-03, 1.50300609e-03, 3.00601218e-03,
       1.00200402e-03, 2.50500999e-03, 1.00200402e-03, 1.50300609e-03,
       1.00200402e-03, 2.50500999e-03, 2.00400804e-03, 7.51502998e-03,
       5.01002010e-04, 1.50300609e-03, 5.01002010e-04, 0., 0.,
       2.50500999e-03, 3.00601218e-03, 0., 3.50701413e-03, 0.,
       5.01002010e-04, 2.50500999e-03, 3.00601218e-03, 5.01002010e-04,
       0., 2.50500999e-03, 2.00400804e-03, 1.50300609e-03,
       5.01002010e-04, 2.00400804e-03, 1.00200402e-03, 1.00200402e-03,
       2.00400804e-03, 1.50300609e-03, 5.01002010e-04, 1.50300609e-03,
       5.01002010e-04, 5.01002010e-04, 3.50701413e-03, 0., 0., 0.,
       2.00400804e-03, 1.50300609e-03, 1.00200402e-03, 1.50300609e-03,
