%YAML:1.0
m100f: !!opencv-matrix
   rows: 1
   cols: 800
   dt: f
   data: [ 1.52516516e-03, 2.03355355e-03, 2.03355355e-03, 0.,
       5.08388388e-04, 0., 2.54194206e-03, 1.01677678e-03,
       5.08388388e-04, 1.52516516e-03, 1.52516516e-03, 1.52516516e-03,
       5.08388388e-04, 2.03355355e-03, 0., 0., 5.08388388e-04,
       5.08388388e-04, 5.08388388e-04, 2.03355355e-03, 2.54194206e-03,
       2.03355355e-03, 1.01677678e-03, 5.08388388e-04, 2.03355355e-03,
       5.08388388e-04, 3.55871860e-03, 1.01677678e-03, 1.01677678e-03,
       5.08388388e-04, 1.01677678e-03, 5.08388388e-04, 2.03355355e-03,
       2.03355355e-03, 0., 1.52516516e-03, 2.03355355e-03,
       2.03355355e-03, 3.55871860e-03, 0., 0., 5.08388388e-04,
       1.01677678e-03, 5.08388388e-04, 1.52516516e-03, 1.01677678e-03,
       2.03355355e-03, 3.05033033e-03, 2.03355355e-03, 0.,
       1.01677678e-03, 1.01677678e-03, 1.01677678e-03, 5.08388388e-04,
       2.03355355e-03, 0., 1.01677678e-03, 1.52516516e-03, 0.,
       1.52516516e-03, 5.08388388e-04, 5.08388388e-04, 1.52516516e-03,
       5.08388388e-04, 1.01677678e-03, 0., 1.52516516e-03,
       1.01677678e-03, 0., 5.08388388e-04, 4.57549561e-03,
       2.03355355e-03, 2.54194206e-03, 2.03355355e-03, 1.01677678e-03,
       5.08388388e-04, 0., 1.01677678e-03, 3.05033033e-03,
       5.08388388e-04, 1.52516516e-03, 5.08388388e-04, 5.08388388e-04,
       2.03355355e-03, 0., 1.01677678e-03, 2.03355355e-03,
       1.01677678e-03, 5.08388388e-04, 5.08388388e-04, 5.08388388e-04,
       5.08388388e-04, 1.01677678e-03, 1.01677678e-03, 5.08388388e-04,
       5.08388388e-04, 1.01677678e-03, 1.01677678e-03, 0., 0.,
       1.01677678e-03, 5.08388388e-04, 3.55871860e-03, 2.54194206e-03,
       0., 2.03355355e-03, 5.08388388e-04, 5.08388388e-04,
       1.52516516e-03, 5.08388388e-04, 2.54194206e-03, 1.01677678e-03,
       5.08388388e-04, 5.08388388e-04, 7.62582570e-03, 1.01677678e-03,
       0., 1.01677678e-03, 1.01677678e-03, 1.01677678e-03,
       1.01677678e-03, 5.08388388e-04, 5.59227215e-03, 5.59227215e-03,
       0., 5.08388388e-04, 1.01677678e-03, 2.03355355e-03,
       1.52516516e-03, 5.08388388e-04, 0., 0., 1.52516516e-03, 0.,
       5.08388388e-04, 1.01677678e-03, 1.01677678e-03, 5.08388388e-04,
       2.54194206e-03, 1.01677678e-03, 5.08388388e-04, 2.03355355e-03,
       2.03355355e-03, 5.08388388e-04, 5.08388388e-04, 5.08388388e-04,
       2.03355355e-03, 1.01677678e-03, 0., 1.52516516e-03,
       2.54194206e-03, 0., 5.08388388e-04, 0., 4.06710710e-03,
       5.59227215e-03, 5.08388388e-04, 5.08388388e-04, 3.05033033e-03,
       5.08388388e-04, 1.52516516e-03, 0., 1.01677678e-03,
       5.08388388e-04, 5.08388388e-04, 1.52516516e-03, 0.,
       2.03355355e-03, 1.01677678e-03, 1.52516516e-03, 1.52516516e-03,
       4.06710710e-03, 5.08388388e-04, 1.52516516e-03, 5.08388388e-04,
       1.01677678e-03, 5.08388388e-04, 4.06710710e-03, 5.08388411e-03,
       0., 1.52516516e-03, 0., 0., 1.52516516e-03, 5.08388388e-04,
       5.08388388e-04, 0., 0., 1.01677678e-03, 2.54194206e-03,
       5.08388388e-04, 5.08388388e-04, 5.08388388e-04, 1.52516516e-03,
       2.03355355e-03, 3.55871860e-03, 5.08388388e-04, 5.08388388e-04,
       1.01677678e-03, 5.08388388e-04, 2.03355355e-03, 1.52516516e-03,
       0., 2.03355355e-03, 5.08388388e-04, 5.08388388e-04,
       5.08388388e-04, 2.54194206e-03, 1.01677678e-03, 5.08388388e-04,
       5.08388388e-04, 2.03355355e-03, 0., 2.03355355e-03, 0.,
       5.08388388e-04, 1.01677678e-03, 5.08388388e-04, 2.03355355e-03,
       2.54194206e-03, 5.08388388e-04, 2.03355355e-03, 3.05033033e-03,
       5.08388388e-04, 1.01677678e-03, 0., 2.54194206e-03,
       1.52516516e-03, 1.52516516e-03, 2.03355355e-03, 2.03355355e-03,
       5.08388388e-04, 0., 2.54194206e-03, 1.01677678e-03,
       5.08388388e-04, 5.08388388e-04, 3.55871860e-03, 1.01677678e-03,
       1.01677678e-03, 1.01677678e-03, 1.52516516e-03, 2.54194206e-03,
       4.06710710e-03, 1.01677678e-03, 1.01677678e-03, 4.57549561e-03,
       1.52516516e-03, 0., 1.01677678e-03, 0., 1.52516516e-03,
       2.03355355e-03, 5.08388388e-04, 1.52516516e-03, 2.54194206e-03,
       0., 1.01677678e-03, 0., 5.59227215e-03, 1.52516516e-03,
       5.08388388e-04, 1.01677678e-03, 0., 2.03355355e-03,
       1.52516516e-03, 2.54194206e-03, 5.08388388e-04, 1.52516516e-03,
       5.08388388e-04, 5.08388388e-04, 5.08388388e-04, 2.03355355e-03,
       2.03355355e-03, 0., 1.01677678e-03, 2.54194206e-03,
       5.08388388e-04, 1.01677678e-03, 1.52516516e-03, 5.08388388e-04,
       1.52516516e-03, 5.08388388e-04, 1.01677678e-03, 2.03355355e-03,
       8.13421421e-03, 3.05033033e-03, 5.08388388e-04, 0.,
       1.52516516e-03, 4.06710710e-03, 3.05033033e-03, 5.08388388e-04,
       1.52516516e-03, 1.52516516e-03, 1.52516516e-03, 5.08388388e-04,
       2.03355355e-03, 0., 1.01677678e-03, 1.01677678e-03,
       1.52516516e-03, 2.03355355e-03, 2.03355355e-03, 1.01677678e-03,
       1.01677678e-03, 1.52516516e-03, 5.08388388e-04, 0.,
       5.08388388e-04, 4.06710710e-03, 5.08388388e-04, 1.52516516e-03,
       0., 0., 1.52516516e-03, 8.64260271e-03, 1.52516516e-03,
       5.08388388e-04, 5.08388388e-04, 0., 2.54194206e-03,
       5.08388388e-04, 5.08388388e-04, 5.08388388e-04, 0.,
       2.03355355e-03, 5.08388388e-04, 3.05033033e-03, 5.08388388e-04,
       5.08388388e-04, 0., 1.01677678e-03, 0., 1.01677678e-03,
       1.52516516e-03, 3.55871860e-03, 1.01677678e-03, 1.52516516e-03,
       0., 5.08388388e-04, 2.03355355e-03, 3.05033033e-03,
       1.52516516e-03, 5.08388388e-04, 1.01677678e-03, 2.03355355e-03,
       1.01677678e-03, 2.54194206e-03, 0., 0., 0., 0., 3.05033033e-03,
       2.54194206e-03, 0., 1.01677678e-03, 5.08388388e-04, 0.,
       5.08388388e-04, 1.01677678e-03, 1.52516516e-03, 5.08388388e-04,
       1.01677678e-03, 1.52516516e-03, 5.08388388e-04, 2.03355355e-03,
       5.08388388e-04, 2.03355355e-03, 2.03355355e-03, 4.06710710e-03,
       4.06710710e-03, 5.08388388e-04, 1.01677678e-03, 1.01677678e-03,
       5.08388388e-04, 1.52516516e-03, 1.01677678e-03, 5.08388388e-04,
       4.06710710e-03, 2.03355355e-03, 2.03355355e-03, 2.54194206e-03,
       2.03355355e-03, 1.52516516e-03, 1.01677678e-03, 0.,
       1.52516516e-03, 2.03355355e-03, 1.01677678e-03, 2.54194206e-03,
       1.01677678e-03, 1.52516516e-03, 1.52516516e-03, 5.08388388e-04,
       1.52516516e-03, 0., 2.03355355e-03, 2.03355355e-03,
       1.01677678e-03, 1.52516516e-03, 1.01677678e-03, 1.01677678e-03,
       1.01677678e-03, 0., 1.52516516e-03, 5.08388388e-04, 0., 0.,
       2.03355355e-03, 5.08388388e-04, 5.08388388e-04, 2.54194206e-03,
       0., 2.03355355e-03, 0., 0., 1.01677678e-03, 4.06710710e-03, 0.,
       1.52516516e-03, 5.08388388e-04, 2.03355355e-03, 5.08388388e-04,
       4.06710710e-03, 0., 5.08388388e-04, 0., 0., 5.08388388e-04,
       4.06710710e-03, 5.08388388e-04, 3.05033033e-03, 5.08388388e-04,
       2.03355355e-03, 6.10066066e-03, 0., 1.01677678e-03,
       1.01677678e-03, 0., 5.08388388e-04, 5.08388388e-04,
       1.01677678e-03, 1.52516516e-03, 0., 1.52516516e-03, 0.,
       5.08388388e-04, 2.03355355e-03, 0., 1.01677678e-03,
       1.01677678e-03, 1.52516516e-03, 2.03355355e-03, 1.52516516e-03,
       5.08388388e-04, 1.52516516e-03, 0., 1.52516516e-03,
       5.08388388e-04, 2.54194206e-03, 2.54194206e-03, 0.,
       2.03355355e-03, 0., 5.08388388e-04, 5.08388388e-04, 0.,
       1.01677678e-03, 1.01677678e-03, 2.03355355e-03, 2.54194206e-03,
       2.03355355e-03, 1.52516516e-03, 1.01677678e-03, 1.01677678e-03,
       1.52516516e-03, 3.05033033e-03, 0., 0., 5.08388388e-04,
       2.03355355e-03, 1.01677678e-03, 1.52516516e-03, 1.52516516e-03,
       5.08388388e-04, 5.08388388e-04, 1.52516516e-03, 5.08388388e-04,
       1.52516516e-03, 5.08388388e-04, 3.05033033e-03, 3.05033033e-03,
       5.08388411e-03, 4.06710710e-03, 0., 4.06710710e-03, 0.,
       1.01677678e-03, 4.57549561e-03, 3.55871860e-03, 0.,
       3.05033033e-03, 2.03355355e-03, 5.08388388e-04, 2.03355355e-03,
