%YAML:1.0
m100f: !!opencv-matrix
   rows: 1
   cols: 800
   dt: f
   data: [ 0., 1.04712043e-03, 5.23560215e-03, 3.66492150e-03,
       1.57068064e-03, 0., 4.18848172e-03, 5.23560215e-04,
       1.04712043e-03, 3.66492150e-03, 2.61780107e-03, 5.23560215e-04,
       0., 3.66492150e-03, 3.66492150e-03, 0., 5.23560215e-04,
       2.09424086e-03, 1.57068064e-03, 1.04712043e-03, 4.71204193e-03,
       2.09424086e-03, 5.23560215e-04, 0., 1.57068064e-03, 0.,
       1.57068064e-03, 1.04712043e-03, 0., 5.23560215e-04, 0.,
       5.23560215e-04, 2.09424086e-03, 1.04712043e-03, 3.14136129e-03,
       0., 1.57068064e-03, 0., 0., 5.23560215e-04, 2.09424086e-03,
       5.23560215e-04, 2.61780107e-03, 5.23560215e-04, 1.57068064e-03,
       2.09424086e-03, 1.04712043e-03, 2.61780107e-03, 5.23560215e-04,
       0., 1.04712043e-03, 5.23560215e-04, 0., 1.04712043e-03,
       2.09424086e-03, 0., 1.57068064e-03, 1.57068064e-03, 0., 0., 0.,
       2.61780107e-03, 5.23560215e-04, 1.57068064e-03, 9.94764455e-03,
       0., 0., 5.23560215e-04, 5.23560215e-03, 1.04712043e-03,
       1.04712043e-03, 3.66492150e-03, 0., 1.04712043e-03,
       5.23560215e-04, 5.23560215e-04, 1.04712043e-03, 2.61780107e-03,
       1.04712043e-03, 5.75916236e-03, 2.09424086e-03, 0.,
       1.04712043e-03, 3.14136129e-03, 5.23560215e-04, 5.23560215e-04,
       2.09424086e-03, 2.09424086e-03, 2.09424086e-03, 0., 0., 0.,
       5.23560215e-04, 2.61780107e-03, 2.09424086e-03, 2.61780107e-03,
       1.04712043e-03, 1.04712043e-03, 0., 0., 1.04712043e-03,
       2.61780107e-03, 7.32984301e-03, 5.23560215e-04, 5.23560215e-04,
       1.57068064e-03, 2.09424086e-03, 1.57068064e-03, 5.23560215e-04,
       1.04712043e-03, 5.23560215e-04, 2.61780107e-03, 5.23560215e-04,
       5.23560215e-04, 5.23560215e-03, 1.04712043e-03, 2.61780107e-03,
       1.57068064e-03, 0., 1.57068064e-03, 5.23560215e-04,
       2.61780107e-03, 5.23560215e-04, 5.23560215e-03, 0., 0.,
       5.23560215e-04, 1.57068064e-03, 5.23560215e-04, 0., 0.,
       1.57068064e-03, 4.18848172e-03, 1.57068064e-03, 0.,
       4.18848172e-03, 2.09424086e-03, 1.04712043e-03, 5.23560215e-04,
       4.18848172e-03, 0., 1.04712043e-03, 2.09424086e-03,
       1.04712043e-03, 0., 1.04712043e-03, 5.23560215e-04,
       5.23560215e-04, 5.23560215e-04, 1.57068064e-03, 0.,
       5.23560215e-04, 4.18848172e-03, 0., 5.23560215e-04,
       6.80628279e-03, 0., 1.57068064e-03, 5.23560215e-04,
       1.04712043e-03, 5.23560215e-04, 1.04712043e-03, 0., 0.,
       5.23560215e-04, 3.14136129e-03, 5.23560215e-04, 1.57068064e-03,
       1.04712043e-03, 0., 0., 0., 3.66492150e-03, 0., 1.04712043e-03,
       0., 1.04712043e-03, 2.61780107e-03, 5.23560215e-04, 0., 0., 0.,
       0., 2.09424086e-03, 0., 0., 2.09424086e-03, 0., 1.04712043e-03,
       1.57068064e-03, 5.23560215e-04, 2.09424086e-03, 0.,
       2.61780107e-03, 5.23560215e-04, 1.04712043e-03, 5.23560215e-04,
       1.04712043e-03, 0., 0., 3.14136129e-03, 1.57068064e-03,
       3.14136129e-03, 1.57068064e-03, 3.66492150e-03, 5.23560215e-04,
       5.23560215e-04, 1.04712043e-03, 1.04712043e-03, 1.04712043e-03,
       0., 1.04712043e-03, 0., 0., 5.23560215e-04, 4.18848172e-03, 0.,
       1.04712043e-03, 2.61780107e-03, 2.61780107e-03, 5.23560215e-04,
       0., 3.14136129e-03, 2.09424086e-03, 1.57068064e-03,
       1.04712043e-03, 2.09424086e-03, 3.14136129e-03, 1.57068064e-03,
       0., 1.04712043e-03, 5.23560215e-04, 1.04712043e-03, 0.,
       5.23560215e-04, 5.23560215e-04, 0., 1.57068064e-03,
       1.04712043e-03, 0., 2.09424086e-03, 1.04712043e-03,
       1.04712043e-03, 2.09424086e-03, 0., 2.09424086e-03,
       3.66492150e-03, 1.57068064e-03, 5.23560215e-04, 1.04712043e-03,
       5.23560215e-04, 2.61780107e-03, 3.14136129e-03, 1.04712043e-03,
       0., 2.61780107e-03, 1.04712043e-03, 2.61780107e-03, 0.,
       2.09424086e-03, 5.23560215e-04, 2.09424086e-03, 0.,
       1.04712043e-03, 5.23560215e-04, 5.23560215e-04, 0.,
       1.57068064e-03, 3.14136129e-03, 5.23560215e-04, 4.71204193e-03,
       0., 5.23560215e-04, 5.23560215e-04, 0., 4.18848172e-03,
       1.04712043e-03, 1.57068064e-03, 2.09424086e-03, 1.04712043e-03,
       0., 5.23560215e-04, 2.09424086e-03, 0., 1.04712043e-03,
       2.09424086e-03, 1.57068064e-03, 0., 1.57068064e-03,
       6.80628279e-03, 1.04712043e-03, 0., 0., 5.23560215e-04, 0.,
       1.57068064e-03, 5.23560215e-04, 5.23560215e-04, 0.,
       2.61780107e-03, 1.57068064e-03, 3.14136129e-03, 2.61780107e-03,
       0., 5.23560215e-04, 3.14136129e-03, 0., 5.23560215e-04, 0., 0.,
       2.09424086e-03, 0., 2.09424086e-03, 5.23560215e-04,
       5.23560215e-04, 2.09424086e-03, 2.61780107e-03, 1.04712043e-03,
       1.57068064e-03, 2.09424086e-03, 0., 1.57068064e-03, 0.,
       2.61780107e-03, 1.04712043e-03, 5.23560215e-04, 1.57068064e-03,
       0., 5.23560215e-04, 5.23560215e-04, 5.23560215e-04, 0.,
       1.04712043e-03, 0., 0., 0., 0., 5.23560215e-04, 1.04712043e-03,
       0., 1.04712043e-03, 0., 3.66492150e-03, 1.04712043e-03, 0.,
       5.23560215e-04, 1.57068064e-03, 0., 5.23560215e-04, 0.,
       2.61780107e-03, 5.23560215e-04, 1.57068064e-03, 1.04712043e-03,
       1.04712043e-03, 5.23560215e-04, 1.04712043e-03, 1.04712043e-03,
       2.09424086e-03, 1.57068064e-03, 5.23560215e-04, 5.23560215e-04,
       1.57068064e-03, 1.04712043e-03, 5.23560215e-04, 0.,
       2.09424086e-03, 2.09424086e-03, 5.23560215e-04, 1.04712043e-03,
       3.14136129e-03, 1.57068064e-03, 2.09424086e-03, 5.23560215e-04,
       1.57068064e-03, 1.04712043e-03, 5.23560215e-04, 1.57068064e-03,
       1.04712043e-03, 2.09424086e-03, 5.23560215e-04, 1.04712043e-03,
       1.57068064e-03, 5.23560215e-04, 8.90052319e-03, 2.09424086e-03,
       0., 1.04712043e-03, 1.04712043e-03, 1.04712043e-03,
       1.04712043e-03, 5.23560215e-04, 0., 5.23560215e-04,
       1.57068064e-03, 3.66492150e-03, 5.23560215e-04, 5.23560215e-04,
       1.57068064e-03, 1.04712043e-03, 0., 0., 1.57068064e-03,
       1.04712043e-03, 1.04712043e-03, 1.04712043e-03, 4.18848172e-03,
       0., 1.57068064e-03, 0., 2.61780107e-03, 1.04712043e-03,
       5.23560215e-04, 3.14136129e-03, 0., 5.23560215e-04, 0.,
       1.57068064e-03, 1.57068064e-03, 5.23560215e-04, 5.23560215e-04,
       5.23560215e-04, 2.61780107e-03, 1.57068064e-03, 4.18848172e-03,
       5.23560215e-03, 5.23560215e-04, 0., 1.04712043e-03,
       5.23560215e-04, 1.57068064e-03, 1.57068064e-03, 2.61780107e-03,
       5.23560215e-04, 1.04712043e-03, 2.09424086e-03, 5.23560215e-04,
       1.57068064e-03, 0., 0., 1.04712043e-03, 0., 1.04712043e-03,
       1.04712043e-03, 0., 0., 1.04712043e-03, 0., 0., 0.,
       1.04712043e-03, 5.23560215e-03, 1.04712043e-03, 2.09424086e-03,
       1.04712043e-03, 0., 4.18848172e-03, 1.57068064e-03,
       2.61780107e-03, 0., 3.66492150e-03, 1.57068064e-03, 0.,
       5.23560215e-04, 5.23560215e-04, 5.23560215e-04, 1.04712043e-03,
       5.23560215e-04, 1.04712043e-03, 1.04712043e-03, 2.09424086e-03,
       4.18848172e-03, 7.32984301e-03, 1.04712043e-03, 0.,
       2.09424086e-03, 0., 5.23560215e-04, 2.61780107e-03,
       1.57068064e-03, 5.23560215e-04, 2.09424086e-03, 5.23560215e-04,
       0., 1.04712043e-03, 1.04712043e-03, 5.23560215e-04,
       2.61780107e-03, 5.23560215e-03, 1.57068064e-03, 5.23560215e-04,
       2.09424086e-03, 1.04712043e-03, 1.04712043e-03, 5.23560215e-04,
       0., 1.57068064e-03, 5.23560215e-04, 1.57068064e-03,
       5.23560215e-04, 0., 5.23560215e-04, 0., 0., 2.09424086e-03,
       5.23560215e-04, 3.14136129e-03, 1.04712043e-03, 5.23560215e-04,
       3.14136129e-03, 5.23560215e-04, 5.23560215e-04, 2.09424086e-03,
       3.14136129e-03, 0., 1.04712043e-03, 5.23560215e-04,
       1.04712043e-03, 1.04712043e-03, 5.23560215e-04, 1.04712043e-03,
       3.14136129e-03, 5.23560215e-04, 2.61780107e-03, 1.04712043e-03,
       1.57068064e-03, 1.57068064e-03, 1.04712043e-03, 1.57068064e-03,
       1.57068064e-03, 2.61780107e-03, 1.57068064e-03, 0.,
       5.75916236e-03, 0., 5.23560215e-04, 5.23560215e-04,
