%YAML:1.0
m100f: !!opencv-matrix
   rows: 1
   cols: 800
   dt: f
   data: [ 1.47347746e-03, 3.92927323e-03, 9.82318306e-04,
       1.47347746e-03, 1.47347746e-03, 0., 3.92927323e-03,
       9.82318306e-04, 1.47347746e-03, 1.96463661e-03, 4.91159153e-04,
       0., 1.47347746e-03, 2.45579565e-03, 4.91159153e-04,
       4.91159153e-04, 9.82318306e-04, 0., 4.91159153e-04,
       2.94695492e-03, 2.94695492e-03, 4.91159153e-04, 9.82318306e-04,
       9.82318306e-04, 9.82318306e-04, 4.91159153e-04, 1.96463661e-03,
       4.91159153e-04, 1.96463661e-03, 1.47347746e-03, 2.45579565e-03,
       0., 1.47347746e-03, 0., 4.91159153e-04, 4.91159153e-04,
       1.47347746e-03, 9.82318306e-04, 1.96463661e-03, 0.,
       9.82318306e-04, 4.91159153e-04, 0., 4.91159153e-04,
       3.43811419e-03, 3.43811419e-03, 9.82318306e-04, 1.47347746e-03,
       3.43811419e-03, 4.91159153e-04, 4.91159153e-04, 0.,
       9.82318306e-04, 0., 2.94695492e-03, 0., 3.92927323e-03,
       1.47347746e-03, 0., 4.91159153e-04, 0., 3.43811419e-03, 0.,
       1.96463661e-03, 9.82318306e-04, 9.82318306e-04, 5.40275080e-03,
       9.82318306e-04, 4.91159153e-04, 0., 2.94695492e-03,
       1.96463661e-03, 0., 1.47347746e-03, 3.92927323e-03,
       1.96463661e-03, 4.91159153e-04, 0., 1.47347746e-03,
       4.91159153e-04, 5.40275080e-03, 0., 0., 2.94695492e-03,
       4.91159153e-04, 9.82318306e-04, 1.96463661e-03, 4.91159153e-04,
       2.94695492e-03, 4.91159153e-04, 0., 4.91159153e-04, 0.,
       1.96463661e-03, 9.82318306e-04, 1.47347746e-03, 9.82318306e-04,
       3.92927323e-03, 9.82318306e-04, 1.47347746e-03, 9.82318306e-04,
       2.94695492e-03, 1.47347746e-03, 3.92927323e-03, 4.91159153e-04,
       3.43811419e-03, 4.91159153e-04, 4.91159153e-04, 1.96463661e-03,
       0., 1.47347746e-03, 4.91159153e-04, 9.82318306e-04,
       9.82318306e-04, 1.52259339e-02, 0., 9.82318306e-04, 0.,
       3.43811419e-03, 1.47347746e-03, 4.91159153e-04, 0.,
       4.91159153e-04, 1.96463661e-03, 0., 9.82318306e-04, 0.,
       9.82318306e-04, 0., 0., 0., 1.96463661e-03, 1.96463661e-03,
       9.82318306e-04, 4.91159153e-04, 4.42043226e-03, 9.82318306e-04,
       0., 0., 9.82318306e-04, 4.91159153e-04, 9.82318306e-04,
       2.45579565e-03, 4.42043226e-03, 9.82318306e-04, 1.47347746e-03,
       2.94695492e-03, 9.82318306e-04, 0., 0., 0., 0., 4.42043226e-03,
       0., 3.43811419e-03, 2.45579565e-03, 0., 0., 4.91159153e-04, 0.,
       0., 4.91159153e-04, 1.47347746e-03, 0., 0., 9.82318306e-04, 0.,
       1.47347746e-03, 0., 4.91159153e-04, 1.47347746e-03,
       2.94695492e-03, 2.94695492e-03, 9.82318306e-04, 1.96463661e-03,
       0., 0., 2.45579565e-03, 3.43811419e-03, 0., 3.92927323e-03, 0.,
       0., 4.91159153e-04, 4.91159153e-04, 9.82318306e-04, 0.,
       9.82318306e-04, 1.47347746e-03, 9.82318306e-04, 4.91159153e-04,
       1.96463661e-03, 1.47347746e-03, 0., 0., 1.96463661e-03, 0., 0.,
       0., 2.94695492e-03, 1.47347746e-03, 1.47347746e-03,
       4.91159153e-04, 2.94695492e-03, 9.82318306e-04, 9.82318306e-04,
       9.82318306e-04, 5.40275080e-03, 4.91159153e-04, 2.45579565e-03,
       1.47347746e-03, 1.96463661e-03, 0., 4.91159153e-04, 0.,
       1.96463661e-03, 4.91159153e-04, 1.47347746e-03, 1.47347746e-03,
       4.91159153e-04, 1.47347746e-03, 3.43811419e-03, 1.47347746e-03,
       4.91159153e-04, 1.96463661e-03, 1.47347746e-03, 9.82318306e-04,
       2.45579565e-03, 4.91159153e-04, 1.47347746e-03, 1.47347746e-03,
       1.47347746e-03, 4.91159153e-04, 9.82318306e-04, 9.82318306e-04,
       1.96463661e-03, 0., 1.47347746e-03, 1.47347746e-03, 0.,
       9.82318306e-04, 0., 1.96463661e-03, 2.45579565e-03, 0.,
       2.94695492e-03, 3.92927323e-03, 2.94695492e-03, 2.94695492e-03,
       1.96463661e-03, 4.91159153e-04, 1.47347746e-03, 9.82318306e-04,
       1.47347746e-03, 2.45579565e-03, 1.47347746e-03, 9.82318306e-04,
       1.47347746e-03, 0., 1.47347746e-03, 1.47347746e-03,
       4.91159153e-04, 4.91159153e-04, 0., 1.47347746e-03,
       9.82318306e-04, 2.94695492e-03, 1.96463661e-03, 1.96463661e-03,
       4.91159153e-04, 1.96463661e-03, 4.91159153e-04, 9.82318306e-04,
       2.45579565e-03, 0., 2.45579565e-03, 1.47347746e-03,
       2.45579565e-03, 2.94695492e-03, 1.96463661e-03, 0., 0.,
       4.91159153e-04, 1.96463661e-03, 1.47347746e-03, 4.91159153e-04,
       1.96463661e-03, 1.96463661e-03, 4.91159153e-04, 3.43811419e-03,
       9.82318306e-04, 3.92927323e-03, 9.82318306e-04, 0.,
       2.94695492e-03, 3.43811419e-03, 4.91159153e-04, 0.,
       4.91159153e-04, 4.91159153e-04, 0., 9.82318306e-04,
       3.43811419e-03, 0., 9.82318306e-04, 0., 9.82318306e-04, 0.,
       4.91159153e-04, 9.82318306e-04, 9.82318306e-04, 0.,
       3.43811419e-03, 0., 2.94695492e-03, 3.92927323e-03,
       4.42043226e-03, 4.91159153e-04, 9.82318306e-04, 9.82318306e-04,
       4.91159153e-04, 1.47347746e-03, 4.91159153e-04, 1.96463661e-03,
       0., 0., 4.91159130e-03, 4.91159153e-04, 4.91159153e-04,
       1.96463661e-03, 1.47347746e-03, 0., 0., 9.82318306e-04,
       4.91159153e-04, 1.47347746e-03, 7.36738741e-03, 2.45579565e-03,
       9.82318306e-04, 1.47347746e-03, 0., 1.47347746e-03,
       1.96463661e-03, 4.91159153e-04, 9.82318306e-04, 4.91159153e-04,
       1.47347746e-03, 2.94695492e-03, 9.82318306e-04, 0.,
       1.47347746e-03, 0., 9.82318306e-04, 9.82318306e-04,
       9.82318306e-04, 0., 1.47347746e-03, 9.82318306e-04,
       9.82318306e-04, 4.91159153e-04, 1.47347746e-03, 9.82318306e-04,
       0., 4.91159153e-04, 1.03143426e-02, 0., 0., 1.96463661e-03,
       4.91159153e-04, 4.91159153e-04, 1.47347746e-03, 2.45579565e-03,
       9.82318306e-04, 9.82318306e-04, 9.82318306e-04, 1.96463661e-03,
       1.47347746e-03, 4.91159153e-04, 4.91159153e-04, 1.96463661e-03,
       1.47347746e-03, 9.82318306e-04, 1.47347746e-03, 1.96463661e-03,
       2.94695492e-03, 9.82318306e-04, 4.91159153e-04, 9.82318306e-04,
       4.91159153e-04, 4.91159153e-04, 9.82318306e-04, 1.47347746e-03,
       9.82318306e-04, 4.91159153e-04, 0., 2.94695492e-03,
       1.96463661e-03, 4.91159153e-04, 2.94695492e-03, 4.91159153e-04,
       1.47347746e-03, 0., 3.92927323e-03, 9.82318306e-04,
       1.47347746e-03, 9.82318306e-04, 0., 1.96463661e-03,
       2.45579565e-03, 0., 2.94695492e-03, 0., 4.91159153e-04, 0.,
       9.82318306e-04, 9.82318306e-04, 0., 0., 0., 1.96463661e-03,
       4.91159153e-04, 4.91159153e-04, 3.92927323e-03, 0.,
       2.94695492e-03, 4.91159130e-03, 1.47347746e-03, 4.91159153e-04,
       0., 9.82318306e-04, 9.82318306e-04, 0., 3.92927323e-03, 0., 0.,
       2.45579565e-03, 9.82318306e-04, 4.91159153e-04, 0., 0.,
       4.91159153e-04, 9.82318306e-04, 0., 2.94695492e-03, 0.,
       1.96463661e-03, 0., 4.91159153e-04, 4.91159153e-04, 0.,
       9.82318306e-04, 1.47347746e-03, 9.82318306e-04, 1.96463661e-03,
       1.47347746e-03, 0., 1.08055016e-02, 0., 4.91159153e-04,
       4.91159153e-04, 1.47347746e-03, 2.45579565e-03, 9.82318306e-04,
       4.91159153e-04, 0., 0., 1.96463661e-03, 3.92927323e-03,
       4.91159153e-04, 9.82318306e-04, 3.92927323e-03, 2.94695492e-03,
       3.43811419e-03, 4.91159153e-04, 4.91159153e-04, 1.96463661e-03,
       0., 9.82318306e-04, 1.47347746e-03, 2.45579565e-03,
       9.82318306e-04, 1.96463661e-03, 0., 9.82318306e-04, 0.,
       4.91159153e-04, 0., 9.82318306e-04, 3.92927323e-03,
       4.91159153e-04, 1.47347746e-03, 9.82318306e-04, 4.91159153e-04,
       2.94695492e-03, 4.91159153e-04, 0., 1.47347746e-03,
       9.82318306e-04, 4.91159153e-04, 4.91159153e-04, 4.91159153e-04,
       4.91159153e-04, 2.45579565e-03, 9.82318306e-04, 2.94695492e-03,
       1.47347746e-03, 0., 0., 4.91159153e-04, 1.47347746e-03,
       4.91159153e-04, 4.91159153e-04, 9.82318306e-04, 2.94695492e-03,
       9.82318306e-04, 9.82318306e-04, 9.82318306e-04, 1.47347746e-03,
       1.47347746e-03, 0., 1.47347746e-03, 0., 4.91159153e-04,
       1.47347746e-03, 4.91159153e-04, 1.47347746e-03, 4.91159153e-04,
       1.47347746e-03, 0., 4.91159153e-04, 4.91159153e-04,
