%YAML:1.0
m100f: !!opencv-matrix
   rows: 1
   cols: 800
   dt: f
   data: [ 0., 2.91686924e-03, 1.31259123e-02, 1.45843462e-03,
       4.86144883e-04, 4.86144883e-04, 9.72289767e-04, 1.45843462e-03,
       4.86144883e-04, 2.91686924e-03, 9.72289767e-04, 4.86144883e-04,
       1.94457953e-03, 1.45843462e-03, 1.94457953e-03, 9.72289767e-04,
       9.72289767e-04, 4.86144883e-04, 1.45843462e-03, 3.40301427e-03,
       4.86144883e-04, 1.45843462e-03, 4.86144883e-04, 3.88915907e-03,
       4.86144883e-04, 9.72289767e-04, 2.43072445e-03, 0.,
       1.45843462e-03, 9.72289767e-04, 1.45843462e-03, 1.94457953e-03,
       3.88915907e-03, 1.94457953e-03, 4.86144883e-04, 9.72289767e-04,
       9.72289767e-04, 4.86144883e-04, 0., 4.86144883e-04,
       1.94457953e-03, 4.86144883e-04, 4.86144883e-04, 0.,
       2.43072445e-03, 1.45843462e-03, 2.43072445e-03, 4.86144883e-04,
       1.94457953e-03, 0., 4.86144883e-04, 4.86144883e-04,
       4.86144883e-04, 1.45843462e-03, 1.45843462e-03, 0.,
       3.40301427e-03, 4.86144889e-03, 4.86144883e-04, 2.91686924e-03,
       0., 9.72289767e-04, 4.86144883e-04, 0., 1.06951874e-02,
       4.86144883e-04, 1.45843462e-03, 9.72289767e-04, 5.34759369e-03,
       0., 3.40301427e-03, 4.86144883e-04, 4.86144883e-04,
       9.72289767e-04, 1.45843462e-03, 2.91686924e-03, 0., 0., 0.,
       9.72289767e-04, 4.86144883e-04, 0., 0., 1.94457953e-03,
       4.86144883e-04, 4.37530410e-03, 1.45843462e-03, 4.86144883e-04,
       0., 4.86144883e-04, 0., 0., 4.86144883e-04, 1.94457953e-03,
       9.72289767e-04, 1.45843462e-03, 0., 2.43072445e-03, 0.,
       4.86144883e-04, 4.86144883e-04, 2.91686924e-03, 1.94457953e-03,
       1.94457953e-03, 0., 1.45843462e-03, 1.94457953e-03,
       4.86144883e-04, 4.86144883e-04, 4.86144883e-04, 4.37530410e-03,
       1.94457953e-03, 4.86144883e-04, 4.86144883e-04, 8.26446339e-03,
       3.40301427e-03, 9.72289767e-04, 1.94457953e-03, 9.72289767e-04,
       2.43072445e-03, 3.40301427e-03, 9.72289767e-04, 1.45843462e-03,
       1.45843462e-03, 0., 0., 9.72289767e-04, 4.86144883e-04,
       1.45843462e-03, 4.86144883e-04, 0., 9.72289767e-04, 0., 0.,
       1.94457953e-03, 1.45843462e-03, 0., 1.45843462e-03,
       9.72289767e-04, 1.45843462e-03, 4.86144883e-04, 1.45843462e-03,
       1.94457953e-03, 2.43072445e-03, 4.86144883e-04, 0., 0.,
       9.72289767e-04, 0., 9.72289767e-04, 3.40301427e-03, 0.,
       9.72289767e-04, 9.72289767e-04, 2.43072445e-03, 8.75060819e-03,
       0., 9.72289767e-04, 2.43072445e-03, 4.86144883e-04,
       4.86144883e-04, 4.86144883e-04, 2.43072445e-03, 4.86144883e-04,
       9.72289767e-04, 0., 0., 4.86144883e-04, 9.72289767e-04,
       4.86144883e-04, 3.40301427e-03, 3.40301427e-03, 4.86144883e-04,
       4.86144889e-03, 1.94457953e-03, 4.86144883e-04, 4.86144883e-04,
       4.37530410e-03, 2.43072445e-03, 0., 1.45843462e-03,
       9.72289767e-04, 0., 1.45843462e-03, 9.72289767e-04,
       1.45843462e-03, 1.94457953e-03, 4.86144883e-04, 0.,
       9.72289767e-04, 0., 9.72289767e-04, 4.86144883e-04, 0.,
       2.43072445e-03, 4.86144883e-04, 1.45843462e-03, 4.86144883e-04,
       9.72289767e-04, 9.72289767e-04, 9.72289767e-04, 1.45843462e-03,
       4.86144883e-04, 4.86144889e-03, 1.94457953e-03, 4.86144883e-04,
       2.91686924e-03, 2.43072445e-03, 4.86144883e-04, 1.94457953e-03,
       4.86144883e-04, 9.72289767e-04, 0., 0., 0., 9.72289767e-04,
       4.86144883e-04, 9.72289767e-04, 4.86144889e-03, 3.40301427e-03,
       9.72289767e-04, 3.40301427e-03, 6.31988328e-03, 9.72289767e-04,
       0., 9.72289767e-04, 2.43072445e-03, 2.91686924e-03,
       4.86144883e-04, 4.86144883e-04, 0., 1.94457953e-03,
       4.86144883e-04, 1.94457953e-03, 0., 1.45843462e-03,
       4.86144883e-04, 9.72289767e-04, 9.72289767e-04, 4.86144883e-04,
       1.45843462e-03, 2.91686924e-03, 2.43072445e-03, 1.94457953e-03,
       9.72289767e-04, 9.72289767e-04, 1.94457953e-03, 9.72289767e-04,
       4.86144883e-04, 4.86144883e-04, 0., 9.72289767e-04,
       4.86144883e-04, 1.45843462e-03, 9.72289767e-04, 1.45843462e-03,
       9.72289767e-04, 3.40301427e-03, 9.72289767e-04, 3.40301427e-03,
       0., 4.86144883e-04, 1.45843462e-03, 0., 9.72289767e-04,
       9.72289767e-04, 1.45843462e-03, 4.86144883e-04, 9.72289767e-04,
       2.43072445e-03, 5.34759369e-03, 0., 1.45843462e-03,
       9.72289767e-04, 9.72289767e-04, 4.86144883e-04, 9.72289767e-04,
       1.45843462e-03, 2.91686924e-03, 1.94457953e-03, 4.86144883e-04,
       1.94457953e-03, 4.86144883e-04, 9.72289767e-04, 4.86144883e-04,
       5.34759369e-03, 0., 4.86144883e-04, 0., 4.86144889e-03,
       9.72289767e-04, 4.86144883e-04, 0., 9.72289767e-04,
       4.86144883e-04, 1.94457953e-03, 4.86144883e-04, 9.72289767e-04,
       9.72289767e-04, 1.45843462e-03, 9.72289767e-04, 4.86144883e-04,
       1.94457953e-03, 9.72289767e-04, 9.72289767e-04, 4.86144883e-04,
       4.86144883e-04, 0., 1.45843462e-03, 0., 4.37530410e-03,
       9.72289767e-04, 4.37530410e-03, 9.72289767e-04, 0.,
       9.72289767e-04, 1.45843462e-03, 1.94457953e-03, 1.45843462e-03,
       0., 4.86144883e-04, 4.86144883e-04, 4.86144883e-04, 0.,
       9.72289767e-04, 0., 1.45843462e-03, 9.72289767e-04,
       4.86144883e-04, 4.86144883e-04, 1.94457953e-03, 4.86144883e-04,
       0., 0., 2.43072445e-03, 1.45843462e-03, 4.86144883e-04,
       4.86144883e-04, 4.86144883e-04, 0., 4.86144883e-04,
       9.72289767e-04, 0., 9.72289767e-04, 1.94457953e-03, 0.,
       1.45843462e-03, 4.86144883e-04, 0., 4.86144883e-04,
       1.45843462e-03, 1.45843462e-03, 0., 1.94457953e-03,
       1.45843462e-03, 0., 3.40301427e-03, 1.45843462e-03,
       9.72289767e-04, 0., 4.86144883e-04, 9.72289767e-04,
       1.45843462e-03, 9.72289767e-04, 1.94457953e-03, 0.,
       1.94457953e-03, 9.72289767e-04, 3.88915907e-03, 1.94457953e-03,
       1.45843462e-03, 4.86144883e-04, 4.37530410e-03, 9.72289767e-04,
       2.43072445e-03, 9.72289767e-04, 9.72289767e-04, 4.86144883e-04,
       9.72289767e-04, 1.94457953e-03, 9.72289767e-04, 1.45843462e-03,
       1.45843462e-03, 9.72289767e-04, 0., 9.72289767e-04,
       2.43072445e-03, 0., 1.45843462e-03, 4.86144883e-04,
       2.91686924e-03, 1.45843462e-03, 1.45843462e-03, 9.72289767e-04,
       0., 9.72289767e-04, 1.45843462e-03, 1.94457953e-03,
       4.86144883e-04, 2.91686924e-03, 9.72289767e-04, 1.45843462e-03,
       9.72289767e-04, 2.43072445e-03, 0., 4.86144883e-04,
       9.72289767e-04, 0., 1.94457953e-03, 0., 0., 3.88915907e-03,
       1.94457953e-03, 9.72289767e-04, 0., 1.94457953e-03, 0.,
       1.45843462e-03, 4.86144883e-04, 0., 4.86144883e-04, 0.,
       2.43072445e-03, 1.45843462e-03, 9.72289767e-04, 2.43072445e-03,
       9.72289767e-04, 1.45843462e-03, 0., 0., 2.43072445e-03, 0.,
       2.91686924e-03, 1.94457953e-03, 0., 1.45843462e-03,
       4.86144883e-04, 9.72289767e-04, 4.86144883e-04, 0.,
       1.94457953e-03, 4.86144883e-04, 2.43072445e-03, 0.,
       4.86144883e-04, 1.45843462e-03, 0., 4.86144883e-04,
       4.86144883e-04, 9.72289767e-04, 0., 2.91686924e-03,
       1.45843462e-03, 1.45843462e-03, 0., 1.45843462e-03,
       4.86144883e-04, 0., 9.72289767e-04, 4.86144883e-04, 0.,
       4.86144883e-04, 0., 1.94457953e-03, 0., 0., 0., 1.45843462e-03,
       4.86144883e-04, 3.88915907e-03, 9.72289767e-04, 4.37530410e-03,
       6.31988328e-03, 4.86144883e-04, 9.72289767e-04, 0.,
       4.86144883e-04, 2.43072445e-03, 1.45843462e-03, 1.94457953e-03,
       9.72289767e-04, 2.91686924e-03, 9.72289767e-04, 4.86144883e-04,
       4.86144883e-04, 1.94457953e-03, 1.45843462e-03, 6.80602854e-03,
       9.72289767e-04, 1.45843462e-03, 4.86144883e-04, 0., 0.,
       2.43072445e-03, 2.91686924e-03, 0., 3.40301427e-03,
       4.86144883e-04, 1.94457953e-03, 1.94457953e-03, 2.91686924e-03,
       1.45843462e-03, 9.72289767e-04, 1.94457953e-03, 1.94457953e-03,
       9.72289767e-04, 4.86144883e-04, 1.45843462e-03, 1.94457953e-03,
       4.86144883e-04, 1.45843462e-03, 4.86144883e-04, 9.72289767e-04,
