%YAML:1.0
m100f: !!opencv-matrix
   rows: 1
   cols: 800
   dt: f
   data: [ 1.48441363e-03, 1.48441363e-03, 4.94804524e-04,
       4.94804524e-04, 4.94804524e-04, 0., 2.47402256e-03,
       1.48441363e-03, 1.48441363e-03, 1.97921810e-03, 1.97921810e-03,
       9.89609049e-04, 0., 1.48441363e-03, 9.89609049e-04, 0.,
       9.89609049e-04, 4.94804524e-04, 4.94804524e-04, 2.47402256e-03,
       2.96882726e-03, 3.46363173e-03, 4.94804524e-04, 9.89609049e-04,
       1.97921810e-03, 9.89609049e-04, 3.46363173e-03, 0.,
       4.94804524e-04, 9.89609049e-04, 9.89609049e-04, 4.94804524e-04,
       1.48441363e-03, 1.97921810e-03, 9.89609049e-04, 2.47402256e-03,
       1.97921810e-03, 1.48441363e-03, 3.46363173e-03, 4.94804524e-04,
       0., 9.89609049e-04, 4.94804524e-04, 0., 2.96882726e-03, 0.,
       1.48441363e-03, 2.47402256e-03, 1.97921810e-03, 9.89609049e-04,
       1.48441363e-03, 1.48441363e-03, 1.48441363e-03, 4.94804524e-04,
       1.48441363e-03, 0., 9.89609049e-04, 1.97921810e-03, 0.,
       2.47402256e-03, 4.94804524e-04, 4.94804524e-04, 1.48441363e-03,
       2.96882726e-03, 2.47402256e-03, 0., 1.48441363e-03,
       1.48441363e-03, 0., 0., 5.44284983e-03, 2.96882726e-03,
       1.97921810e-03, 9.89609049e-04, 1.48441363e-03, 9.89609049e-04,
       0., 9.89609049e-04, 2.47402256e-03, 0., 4.94804524e-04,
       4.94804524e-04, 0., 2.96882726e-03, 4.94804524e-04,
       9.89609049e-04, 1.97921810e-03, 9.89609049e-04, 9.89609049e-04,
       4.94804524e-04, 4.94804524e-04, 0., 9.89609049e-04,
       9.89609049e-04, 4.94804524e-04, 4.94804524e-04, 9.89609049e-04,
       0., 4.94804524e-04, 0., 0., 9.89609049e-04, 3.46363173e-03,
       1.97921810e-03, 0., 9.89609049e-04, 9.89609049e-04,
       4.94804524e-04, 1.97921810e-03, 4.94804524e-04, 2.47402256e-03,
       9.89609049e-04, 4.94804524e-04, 9.89609049e-04, 3.46363173e-03,
       0., 0., 1.97921810e-03, 1.48441363e-03, 1.48441363e-03, 0.,
       4.94804524e-04, 6.43245876e-03, 1.48441363e-03, 4.94804524e-04,
       4.94804524e-04, 9.89609049e-04, 1.97921810e-03, 1.48441363e-03,
       4.94804524e-04, 0., 4.94804524e-04, 1.97921810e-03, 0.,
       4.94804524e-04, 1.48441363e-03, 1.48441363e-03, 4.94804524e-04,
       1.97921810e-03, 4.94804524e-04, 4.94804524e-04, 2.96882726e-03,
       2.47402256e-03, 4.94804524e-04, 4.94804524e-04, 9.89609049e-04,
       1.97921810e-03, 9.89609049e-04, 0., 2.47402256e-03,
       2.47402256e-03, 4.94804524e-04, 0., 4.94804524e-04,
       3.95843619e-03, 4.94804524e-04, 0., 4.94804524e-04,
       2.96882726e-03, 4.94804524e-04, 1.48441363e-03, 0.,
       1.97921810e-03, 1.48441363e-03, 0., 9.89609049e-04,
       4.94804524e-04, 9.89609049e-04, 9.89609049e-04, 1.48441363e-03,
       9.89609049e-04, 3.95843619e-03, 4.94804524e-04, 1.97921810e-03,
       4.94804524e-04, 9.89609049e-04, 4.94804524e-04, 4.45324089e-03,
       5.93765453e-03, 4.94804524e-04, 1.48441363e-03, 0., 0.,
       2.47402256e-03, 1.48441363e-03, 4.94804524e-04, 0., 0.,
       4.94804524e-04, 3.46363173e-03, 0., 9.89609049e-04, 0.,
       1.48441363e-03, 4.94804524e-04, 2.96882726e-03, 4.94804524e-04,
       9.89609049e-04, 1.48441363e-03, 9.89609049e-04, 1.48441363e-03,
       4.94804524e-04, 1.48441363e-03, 4.94804524e-04, 9.89609049e-04,
       4.94804524e-04, 4.94804524e-04, 2.47402256e-03, 0.,
       4.94804524e-04, 4.94804524e-04, 1.97921810e-03, 0.,
       2.47402256e-03, 0., 9.89609049e-04, 9.89609049e-04,
       1.97921810e-03, 1.48441363e-03, 2.47402256e-03, 2.47402256e-03,
       1.97921810e-03, 9.89609049e-04, 9.89609049e-04, 1.48441363e-03,
       0., 2.96882726e-03, 1.48441363e-03, 9.89609049e-04,
       1.97921810e-03, 1.48441363e-03, 4.94804524e-04, 0.,
       2.96882726e-03, 1.97921810e-03, 1.48441363e-03, 4.94804524e-04,
       2.47402256e-03, 4.94804524e-04, 9.89609049e-04, 1.48441363e-03,
       1.48441363e-03, 2.47402256e-03, 2.47402256e-03, 1.48441363e-03,
       9.89609049e-04, 4.94804513e-03, 9.89609049e-04, 0.,
       1.48441363e-03, 2.47402256e-03, 4.94804524e-04, 2.47402256e-03,
       0., 1.48441363e-03, 2.47402256e-03, 9.89609049e-04,
       9.89609049e-04, 0., 4.94804513e-03, 1.48441363e-03,
       2.47402256e-03, 1.48441363e-03, 0., 3.46363173e-03,
       1.48441363e-03, 2.96882726e-03, 9.89609049e-04, 1.48441363e-03,
       9.89609049e-04, 1.48441363e-03, 0., 1.97921810e-03,
       1.97921810e-03, 4.94804524e-04, 9.89609049e-04, 1.97921810e-03,
       9.89609049e-04, 9.89609049e-04, 1.48441363e-03, 4.94804524e-04,
       9.89609049e-04, 1.48441363e-03, 0., 2.47402256e-03,
       6.92726346e-03, 2.47402256e-03, 4.94804524e-04, 0.,
       9.89609049e-04, 4.94804513e-03, 3.46363173e-03, 9.89609049e-04,
       1.48441363e-03, 1.48441363e-03, 3.46363173e-03, 1.48441363e-03,
       1.97921810e-03, 9.89609049e-04, 9.89609049e-04, 9.89609049e-04,
       1.97921810e-03, 2.47402256e-03, 2.96882726e-03, 1.48441363e-03,
       0., 1.48441363e-03, 4.94804524e-04, 0., 0., 4.94804513e-03,
       4.94804524e-04, 9.89609049e-04, 0., 0., 1.97921810e-03,
       3.46363173e-03, 3.46363173e-03, 4.94804524e-04, 4.94804524e-04,
       4.94804524e-04, 2.47402256e-03, 0., 4.94804524e-04,
       9.89609049e-04, 0., 1.97921810e-03, 4.94804524e-04,
       2.47402256e-03, 4.94804524e-04, 1.48441363e-03, 0.,
       9.89609049e-04, 0., 0., 1.48441363e-03, 3.46363173e-03,
       4.94804524e-04, 1.97921810e-03, 4.94804524e-04, 9.89609049e-04,
       1.48441363e-03, 1.97921810e-03, 0., 4.94804524e-04,
       2.47402256e-03, 2.96882726e-03, 2.47402256e-03, 1.97921810e-03,
       0., 0., 4.94804524e-04, 0., 3.46363173e-03, 1.97921810e-03, 0.,
       2.96882726e-03, 9.89609049e-04, 1.48441363e-03, 0.,
       9.89609049e-04, 2.96882726e-03, 4.94804524e-04, 1.97921810e-03,
       9.89609049e-04, 4.94804524e-04, 2.47402256e-03, 4.94804524e-04,
       2.47402256e-03, 2.47402256e-03, 1.97921810e-03, 2.96882726e-03,
       9.89609049e-04, 9.89609049e-04, 9.89609049e-04, 4.94804524e-04,
       1.48441363e-03, 9.89609049e-04, 4.94804524e-04, 2.47402256e-03,
       1.97921810e-03, 1.97921810e-03, 1.97921810e-03, 2.96882726e-03,
       9.89609049e-04, 9.89609049e-04, 4.94804524e-04, 1.48441363e-03,
       4.94804524e-04, 9.89609049e-04, 1.97921810e-03, 1.48441363e-03,
       1.48441363e-03, 9.89609049e-04, 4.94804524e-04, 2.47402256e-03,
       0., 1.97921810e-03, 1.48441363e-03, 1.97921810e-03,
       1.97921810e-03, 0., 4.94804524e-04, 4.94804524e-04,
       4.94804524e-04, 9.89609049e-04, 4.94804524e-04, 0., 0.,
       1.48441363e-03, 9.89609049e-04, 4.94804524e-04, 2.96882726e-03,
       0., 9.89609049e-04, 0., 4.94804524e-04, 1.48441363e-03,
       3.95843619e-03, 0., 1.48441363e-03, 4.94804524e-04,
       1.97921810e-03, 4.94804524e-04, 2.96882726e-03, 0., 0.,
       4.94804524e-04, 4.94804524e-04, 0., 3.95843619e-03,
       4.94804524e-04, 3.46363173e-03, 9.89609049e-04, 9.89609049e-04,
       5.93765453e-03, 0., 1.97921810e-03, 1.48441363e-03,
       4.94804524e-04, 4.94804524e-04, 4.94804524e-04, 1.48441363e-03,
       1.48441363e-03, 0., 2.47402256e-03, 0., 9.89609049e-04,
       1.48441363e-03, 4.94804524e-04, 9.89609049e-04, 9.89609049e-04,
       1.97921810e-03, 9.89609049e-04, 9.89609049e-04, 4.94804524e-04,
       9.89609049e-04, 0., 1.48441363e-03, 9.89609049e-04,
       2.47402256e-03, 1.97921810e-03, 4.94804524e-04, 1.48441363e-03,
       4.94804524e-04, 0., 4.94804524e-04, 0., 4.94804524e-04,
       9.89609049e-04, 1.97921810e-03, 2.47402256e-03, 2.47402256e-03,
       9.89609049e-04, 9.89609049e-04, 4.94804524e-04, 1.97921810e-03,
       1.97921810e-03, 0., 9.89609049e-04, 1.48441363e-03,
       1.97921810e-03, 1.48441363e-03, 2.47402256e-03, 4.94804524e-04,
       9.89609049e-04, 9.89609049e-04, 9.89609049e-04, 0.,
       1.48441363e-03, 9.89609049e-04, 1.97921810e-03, 1.97921810e-03,
       5.93765453e-03, 3.46363173e-03, 0., 3.46363173e-03, 0.,
       1.48441363e-03, 2.96882726e-03, 2.96882726e-03, 0.,
       2.96882726e-03, 1.48441363e-03, 4.94804524e-04, 1.97921810e-03,
