%YAML:1.0
m100f: !!opencv-matrix
   rows: 1
   cols: 800
   dt: f
   data: [ 0., 8.65800888e-04, 1.73160178e-03, 0., 0., 0.,
       1.73160178e-03, 8.65800888e-04, 0., 2.59740278e-03,
       8.65800888e-04, 8.65800888e-04, 0., 8.65800888e-04,
       1.73160178e-03, 8.65800888e-04, 3.46320355e-03, 1.73160178e-03,
       0., 8.65800888e-04, 8.65800888e-04, 8.65800888e-04,
       4.32900432e-03, 0., 8.65800888e-04, 2.59740278e-03,
       1.73160178e-03, 0., 4.32900432e-03, 8.65800888e-04, 0.,
       3.46320355e-03, 8.65800888e-04, 4.32900432e-03, 8.65800888e-04,
       1.73160178e-03, 0., 8.65800888e-04, 3.46320355e-03,
       8.65800888e-04, 2.59740278e-03, 0., 2.59740278e-03,
       1.73160178e-03, 8.65800888e-04, 8.65800888e-04, 0.,
       5.19480556e-03, 0., 1.73160178e-03, 0., 0., 1.73160178e-03,
       8.65800888e-04, 8.65800888e-04, 0., 1.73160178e-03,
       3.46320355e-03, 2.59740278e-03, 0., 8.65800888e-04,
       2.59740278e-03, 0., 0., 8.65800888e-04, 8.65800888e-04,
       8.65800888e-04, 2.59740278e-03, 5.19480556e-03, 0.,
       3.46320355e-03, 0., 8.65800888e-04, 0., 1.73160178e-03, 0.,
       2.59740278e-03, 0., 5.19480556e-03, 8.65800888e-04,
       1.73160178e-03, 1.73160178e-03, 8.65800888e-04, 4.32900432e-03,
       8.65800888e-04, 0., 0., 0., 0., 8.65800888e-04, 2.59740278e-03,
       1.73160178e-03, 1.73160178e-03, 0., 0., 1.73160178e-03,
       8.65800888e-04, 1.73160178e-03, 3.46320355e-03, 0.,
       8.65800888e-04, 8.65800888e-04, 8.65800888e-04, 8.65800888e-04,
       0., 1.73160178e-03, 1.73160178e-03, 8.65800888e-04,
       1.73160178e-03, 1.73160178e-03, 8.65800888e-04, 8.65800888e-04,
       0., 0., 2.59740278e-03, 0., 8.65800888e-04, 1.73160178e-03,
       8.65800888e-04, 1.73160178e-03, 8.65800888e-04, 0., 0., 0., 0.,
       2.59740278e-03, 1.73160178e-03, 3.46320355e-03, 0., 0.,
       1.73160178e-03, 8.65800888e-04, 8.65800888e-04, 0.,
       1.73160178e-03, 0., 2.59740278e-03, 0., 8.65800888e-04, 0.,
       8.65800888e-04, 0., 0., 0., 8.65800888e-04, 0., 0.,
       1.73160178e-03, 8.65800888e-04, 8.65800888e-04, 2.59740278e-03,
       8.65800888e-04, 0., 0., 2.59740278e-03, 0., 1.73160178e-03,
       8.65800888e-04, 0., 1.29870130e-02, 0., 5.19480556e-03,
       1.73160178e-03, 1.73160178e-03, 0., 0., 1.73160178e-03, 0.,
       2.59740278e-03, 0., 8.65800888e-04, 1.73160178e-03,
       8.65800888e-04, 0., 0., 0., 1.73160178e-03, 8.65800888e-04,
       8.65800888e-04, 1.73160178e-03, 1.73160178e-03, 8.65800888e-04,
       0., 2.59740278e-03, 8.65800888e-04, 1.73160178e-03, 0.,
       8.65800888e-04, 0., 3.46320355e-03, 3.46320355e-03,
       1.73160178e-03, 1.73160178e-03, 0., 0., 8.65800888e-04,
       8.65800888e-04, 0., 8.65800888e-04, 3.46320355e-03,
       3.46320355e-03, 8.65800888e-04, 8.65800888e-04, 1.73160178e-03,
       8.65800888e-04, 8.65800888e-04, 3.46320355e-03, 5.19480556e-03,
       0., 1.73160178e-03, 0., 0., 0., 3.46320355e-03, 8.65800888e-04,
       8.65800888e-04, 0., 8.65800888e-04, 1.73160178e-03,
       3.46320355e-03, 8.65800888e-04, 3.46320355e-03, 0.,
       8.65800888e-04, 2.59740278e-03, 1.73160178e-03, 3.46320355e-03,
       0., 5.19480556e-03, 8.65800888e-04, 2.59740278e-03,
       3.46320355e-03, 8.65800888e-04, 1.73160178e-03, 0.,
       4.32900432e-03, 2.59740278e-03, 0., 8.65800888e-04, 0.,
       1.73160178e-03, 0., 2.59740278e-03, 0., 1.73160178e-03,
       1.38528142e-02, 2.59740278e-03, 8.65800888e-04, 0., 0.,
       8.65800888e-04, 1.73160178e-03, 0., 0., 1.73160178e-03, 0.,
       1.73160178e-03, 1.73160178e-03, 8.65800888e-04, 0.,
       2.59740278e-03, 0., 2.59740278e-03, 0., 0., 1.29870130e-02, 0.,
       1.73160178e-03, 8.65800888e-04, 0., 0., 8.65800888e-04, 0.,
       8.65800888e-04, 0., 0., 0., 0., 8.65800888e-04, 0.,
       2.59740278e-03, 0., 8.65800888e-04, 0., 0., 0., 1.73160178e-03,
       2.59740278e-03, 8.65800888e-04, 8.65800888e-04, 1.73160178e-03,
       1.73160178e-03, 1.73160178e-03, 5.19480556e-03, 4.32900432e-03,
       2.59740278e-03, 8.65800888e-04, 0., 1.73160178e-03,
       8.65800888e-04, 0., 0., 8.65800888e-04, 0., 1.73160178e-03,
       8.65800888e-04, 1.73160178e-03, 8.65800888e-04, 2.59740278e-03,
       8.65800888e-04, 1.73160178e-03, 1.73160178e-03, 8.65800888e-04,
       1.73160178e-03, 8.65800888e-04, 0., 0., 8.65800888e-04, 0., 0.,
       8.65800888e-04, 1.73160178e-03, 8.65800888e-04, 8.65800888e-04,
       0., 0., 8.65800888e-04, 0., 8.65800888e-04, 8.65800888e-04, 0.,
       8.65800888e-04, 2.59740278e-03, 8.65800888e-04, 1.73160178e-03,
       8.65800888e-04, 1.73160178e-03, 5.19480556e-03, 0.,
       2.59740278e-03, 8.65800888e-04, 8.65800888e-04, 3.46320355e-03,
       0., 1.73160178e-03, 8.65800888e-04, 2.59740278e-03,
       2.59740278e-03, 0., 8.65800888e-04, 1.73160178e-03,
       8.65800888e-04, 0., 0., 0., 1.73160178e-03, 8.65800888e-04, 0.,
       8.65800888e-04, 8.65800888e-04, 1.73160178e-03, 0.,
       1.73160178e-03, 1.73160178e-03, 1.73160178e-03, 3.46320355e-03,
       8.65800888e-04, 2.59740278e-03, 0., 1.73160178e-03,
       2.59740278e-03, 0., 8.65800888e-04, 0., 1.73160178e-03, 0., 0.,
       3.46320355e-03, 0., 3.46320355e-03, 0., 2.59740278e-03,
       1.73160178e-03, 0., 8.65800888e-04, 3.46320355e-03,
       1.73160178e-03, 0., 0., 1.73160178e-03, 1.73160178e-03,
       1.73160178e-03, 1.73160178e-03, 1.73160178e-03, 2.59740278e-03,
       3.46320355e-03, 0., 8.65800888e-04, 8.65800888e-04,
       1.73160178e-03, 0., 8.65800888e-04, 1.73160178e-03, 0., 0.,
       8.65800888e-04, 8.65800888e-04, 2.59740278e-03, 1.73160178e-03,
       4.32900432e-03, 8.65800888e-04, 1.73160178e-03, 1.73160178e-03,
       8.65800888e-04, 0., 8.65800888e-04, 2.59740278e-03,
       8.65800888e-04, 8.65800888e-04, 8.65800888e-04, 8.65800888e-04,
       8.65800888e-04, 2.59740278e-03, 8.65800888e-04, 0.,
       8.65800888e-04, 0., 1.73160178e-03, 4.32900432e-03, 0.,
       6.92640711e-03, 8.65800888e-04, 0., 1.73160178e-03,
       8.65800888e-04, 2.59740278e-03, 1.73160178e-03, 0.,
       8.65800888e-04, 1.73160178e-03, 0., 1.73160178e-03, 0.,
       8.65800888e-04, 8.65800888e-04, 1.73160178e-03, 3.46320355e-03,
       8.65800888e-04, 8.65800888e-04, 8.65800888e-04, 2.59740278e-03,
       8.65800888e-04, 0., 8.65800888e-04, 3.46320355e-03,
       1.73160178e-03, 8.65800888e-04, 1.73160178e-03, 0., 0., 0.,
       8.65800888e-04, 8.65800888e-04, 8.65800888e-04, 8.65800888e-04,
       1.73160178e-03, 8.65800888e-04, 8.65800888e-04, 3.46320355e-03,
       2.59740278e-03, 1.73160178e-03, 1.73160178e-03, 8.65800888e-04,
       0., 1.73160178e-03, 2.59740278e-03, 1.73160178e-03, 0.,
       6.06060633e-03, 3.46320355e-03, 0., 1.73160178e-03,
       1.73160178e-03, 0., 1.73160178e-03, 3.46320355e-03, 0., 0., 0.,
       0., 2.59740278e-03, 8.65800888e-04, 0., 0., 8.65800888e-04, 0.,
       0., 0., 1.73160178e-03, 1.12554114e-02, 8.65800888e-04,
       8.65800888e-04, 8.65800888e-04, 0., 0., 0., 8.65800888e-04,
       8.65800888e-04, 1.73160178e-03, 2.59740278e-03, 0., 0.,
       2.59740278e-03, 2.59740278e-03, 8.65800888e-04, 0.,
       1.73160178e-03, 8.65800888e-04, 0., 8.65800888e-04,
       5.19480556e-03, 2.59740278e-03, 8.65800888e-04, 1.73160178e-03,
       3.46320355e-03, 3.46320355e-03, 1.73160178e-03, 0.,
       8.65800888e-04, 0., 0., 1.73160178e-03, 0., 8.65800888e-04, 0.,
       8.65800888e-04, 8.65800888e-04, 0., 8.65800888e-04,
       8.65800888e-04, 0., 8.65800888e-04, 0., 8.65800888e-04,
       1.73160178e-03, 8.65800888e-04, 4.32900432e-03, 0.,
       2.59740278e-03, 0., 0., 8.65800888e-04, 8.65800888e-04,
       1.73160178e-03, 8.65800888e-04, 8.65800888e-04, 8.65800888e-04,
       0., 0., 0., 8.65800888e-04, 8.65800888e-04, 0., 8.65800888e-04,
       1.73160178e-03, 0., 1.73160178e-03, 1.73160178e-03, 0., 0.,
       8.65800888e-04, 8.65800888e-04, 8.65800888e-04, 1.73160178e-03,
       5.19480556e-03, 8.65800888e-04, 1.73160178e-03, 2.59740278e-03,
       8.65800888e-04, 0., 0., 0., 0., 1.73160178e-03, 1.73160178e-03,
