%YAML:1.0
m100f: !!opencv-matrix
   rows: 1
   cols: 800
   dt: f
   data: [ 9.04977380e-04, 2.71493220e-03, 9.04977380e-04,
       3.61990952e-03, 9.04977380e-04, 9.04977380e-04, 0.,
       6.33484172e-03, 9.04977380e-04, 1.80995476e-03, 9.04977380e-04,
       0., 0., 0., 1.80995476e-03, 2.71493220e-03, 9.04977380e-04, 0.,
       9.04977380e-04, 9.04977380e-04, 9.04977380e-04, 9.04977380e-04,
       0., 9.04977380e-04, 1.80995476e-03, 9.04977380e-04,
       1.80995476e-03, 1.80995476e-03, 1.80995476e-03, 0.,
       9.04977380e-04, 9.04977380e-04, 9.04977380e-04, 0.,
       9.04977380e-04, 4.52488707e-03, 9.04977380e-04, 0.,
       9.04977380e-04, 0., 0., 1.80995476e-03, 9.04977380e-04,
       2.71493220e-03, 9.04977380e-04, 2.71493220e-03, 1.80995476e-03,
       0., 0., 2.71493220e-03, 0., 3.61990952e-03, 1.80995476e-03,
       9.04977380e-04, 0., 8.14479683e-03, 9.04977380e-04,
       3.61990952e-03, 0., 9.04977380e-04, 2.71493220e-03,
       3.61990952e-03, 2.71493220e-03, 1.80995476e-03, 0.,
       9.04977380e-04, 9.04977380e-04, 9.04977380e-04, 9.04977380e-04,
       9.04977380e-04, 9.04977380e-04, 1.80995476e-03, 0.,
       2.71493220e-03, 9.04977380e-04, 9.04977380e-04, 1.80995476e-03,
       2.71493220e-03, 6.33484172e-03, 0., 6.33484172e-03,
       2.71493220e-03, 9.04977380e-04, 1.80995476e-03, 0.,
       4.52488707e-03, 0., 3.61990952e-03, 0., 1.80995476e-03,
       1.80995476e-03, 2.71493220e-03, 9.04977380e-04, 9.04977380e-04,
       0., 4.52488707e-03, 9.04977380e-04, 9.04977380e-04,
       1.80995476e-03, 1.80995476e-03, 1.80995476e-03, 1.80995476e-03,
       0., 0., 3.61990952e-03, 0., 9.04977380e-04, 1.80995476e-03, 0.,
       1.80995476e-03, 0., 0., 9.04977380e-04, 0., 1.80995476e-03,
       1.80995476e-03, 3.61990952e-03, 9.04977380e-04, 2.71493220e-03,
       6.33484172e-03, 2.71493220e-03, 0., 1.80995476e-03, 0., 0.,
       9.04977380e-04, 0., 9.04977380e-04, 0., 9.04977380e-04,
       4.52488707e-03, 0., 9.04977380e-04, 0., 2.71493220e-03,
       3.61990952e-03, 1.80995476e-03, 9.04977380e-04, 2.71493220e-03,
       0., 0., 9.04977380e-04, 9.04977380e-04, 0., 9.04977380e-04,
       9.04977380e-04, 9.04977380e-04, 0., 0., 1.80995476e-03,
       9.04977380e-04, 0., 1.80995476e-03, 1.80995476e-03, 0.,
       9.04977380e-04, 2.71493220e-03, 9.04977380e-04, 9.04977380e-04,
       9.04977380e-04, 1.80995476e-03, 9.04977380e-04, 6.33484172e-03,
       0., 9.04977380e-04, 9.04977380e-04, 9.04977380e-04,
       1.80995476e-03, 9.04977380e-04, 3.61990952e-03, 0.,
       9.04977380e-04, 0., 0., 0., 9.04977380e-04, 9.04977380e-04,
       2.71493220e-03, 1.80995476e-03, 9.04977380e-04, 0.,
       2.71493220e-03, 0., 0., 9.04977380e-04, 0., 1.80995476e-03,
       9.04977380e-04, 9.04977380e-04, 1.80995476e-03, 9.04977380e-04,
       9.04977380e-04, 0., 0., 1.80995476e-03, 0., 9.04977380e-04,
       1.80995476e-03, 0., 0., 9.04977380e-04, 0., 0., 0.,
       1.80995476e-03, 0., 0., 9.04977380e-04, 2.71493220e-03,
       1.80995476e-03, 0., 2.71493220e-03, 2.71493220e-03,
       9.04977380e-04, 1.80995476e-03, 2.71493220e-03, 2.71493220e-03,
       0., 3.61990952e-03, 3.61990952e-03, 1.80995476e-03, 0.,
       9.04977380e-04, 2.71493220e-03, 9.04977380e-04, 9.04977380e-04,
       0., 0., 9.04977380e-04, 0., 7.23981904e-03, 0., 3.61990952e-03,
       1.80995476e-03, 0., 1.80995476e-03, 1.80995476e-03,
       1.80995476e-03, 9.04977380e-04, 1.80995476e-03, 0., 0., 0.,
       9.04977380e-04, 1.80995476e-03, 2.71493220e-03, 9.04977380e-04,
       9.04977380e-04, 0., 9.04977380e-04, 0., 1.80995476e-03, 0.,
       9.04977380e-04, 0., 5.42986440e-03, 9.04977380e-04, 0.,
       9.04977380e-04, 9.04977380e-04, 1.80995476e-03, 0., 0.,
       1.80995476e-03, 9.04977380e-04, 9.04977380e-04, 9.04977380e-04,
       0., 9.04977380e-04, 9.04977380e-04, 0., 1.80995476e-03,
       9.04977380e-04, 0., 1.80995476e-03, 9.04977380e-04, 0.,
       3.61990952e-03, 0., 0., 1.80995476e-03, 9.04977380e-04,
       1.80995476e-03, 0., 0., 9.04977380e-04, 0., 2.71493220e-03, 0.,
       0., 3.61990952e-03, 0., 1.80995476e-03, 0., 9.04977380e-04,
       9.04977380e-04, 2.71493220e-03, 0., 0., 1.80995476e-03,
       9.04977380e-04, 9.04977380e-04, 0., 9.04977380e-04, 0.,
       2.71493220e-03, 0., 0., 9.04977380e-04, 9.04977380e-04,
       5.42986440e-03, 0., 9.04977380e-04, 0., 1.80995476e-03, 0.,
       1.80995476e-03, 9.04977380e-04, 1.80995476e-03, 9.04977380e-04,
       2.71493220e-03, 0., 0., 0., 5.42986440e-03, 3.61990952e-03,
       2.71493220e-03, 1.80995476e-03, 9.04977380e-04, 9.04977380e-04,
       2.71493220e-03, 1.80995476e-03, 0., 2.71493220e-03,
       9.04977380e-04, 0., 9.04977380e-04, 0., 9.04977380e-04,
       9.04977380e-04, 9.04977380e-04, 9.04977380e-04, 0.,
       9.04977380e-04, 9.04977380e-04, 9.04977380e-04, 9.04977380e-04,
       0., 0., 9.04977380e-04, 0., 0., 9.04977380e-04, 0.,
       9.04977380e-04, 1.80995476e-03, 9.04977380e-04, 1.80995476e-03,
       1.80995476e-03, 0., 0., 4.52488707e-03, 0., 0., 0.,
       1.80995476e-03, 2.71493220e-03, 3.61990952e-03, 9.04977380e-04,
       0., 1.80995476e-03, 3.61990952e-03, 0., 9.04977380e-04,
       8.14479683e-03, 9.04977380e-04, 0., 3.61990952e-03, 0.,
       1.80995476e-03, 2.71493220e-03, 1.80995476e-03, 3.61990952e-03,
       0., 0., 1.80995476e-03, 1.80995476e-03, 0., 4.52488707e-03, 0.,
       2.71493220e-03, 4.52488707e-03, 4.52488707e-03, 1.80995476e-03,
       9.04977380e-04, 5.42986440e-03, 0., 0., 3.61990952e-03,
       9.04977380e-04, 0., 1.80995476e-03, 2.71493220e-03, 0.,
       9.04977380e-04, 9.04977380e-04, 9.04977380e-04, 1.80995476e-03,
       0., 9.04977380e-04, 0., 9.04977380e-04, 9.04977380e-04,
       5.42986440e-03, 0., 0., 1.80995476e-03, 0., 9.04977380e-04,
       4.52488707e-03, 9.04977380e-04, 0., 9.04977380e-04, 0., 0., 0.,
       0., 0., 9.04977380e-04, 2.71493220e-03, 0., 9.04977380e-04,
       1.80995476e-03, 6.33484172e-03, 4.52488707e-03, 9.04977380e-04,
       0., 9.04977380e-04, 0., 1.80995476e-03, 2.71493220e-03,
       9.04977380e-04, 0., 0., 9.04977380e-04, 1.80995476e-03,
       2.71493220e-03, 9.04977380e-04, 2.71493220e-03, 1.80995476e-03,
       1.80995476e-03, 3.61990952e-03, 2.71493220e-03, 0.,
       1.80995476e-03, 1.80995476e-03, 0., 0., 9.04977380e-04,
       9.04977380e-04, 1.80995476e-03, 1.80995476e-03, 4.52488707e-03,
       9.04977380e-04, 3.61990952e-03, 9.04977380e-04, 9.04977380e-04,
       0., 1.80995476e-03, 1.80995476e-03, 3.61990952e-03,
       2.71493220e-03, 1.80995476e-03, 0., 2.71493220e-03, 0.,
       4.52488707e-03, 1.80995476e-03, 6.33484172e-03, 9.04977380e-04,
       1.80995476e-03, 2.71493220e-03, 1.80995476e-03, 0.,
       9.04977380e-04, 1.80995476e-03, 9.04977380e-04, 0.,
       1.80995476e-03, 1.80995476e-03, 0., 9.04977380e-04, 0.,
       4.52488707e-03, 0., 9.04977380e-04, 9.04977380e-04,
       9.04977380e-04, 2.71493220e-03, 9.04977380e-04, 2.71493220e-03,
       9.04977380e-04, 0., 3.61990952e-03, 9.04977380e-04,
       4.52488707e-03, 1.80995476e-03, 9.04977380e-04, 2.71493220e-03,
       1.80995476e-03, 0., 0., 1.80995476e-03, 2.71493220e-03,
       9.04977380e-04, 0., 0., 3.61990952e-03, 9.04977380e-04,
       9.04977380e-04, 0., 9.04977380e-04, 0., 7.23981904e-03, 0.,
       2.71493220e-03, 0., 4.52488707e-03, 0., 4.52488707e-03, 0., 0.,
       0., 1.80995476e-03, 9.04977380e-04, 0., 5.42986440e-03,
       9.04977380e-04, 1.80995476e-03, 3.61990952e-03, 0., 0.,
       9.04977380e-04, 0., 0., 9.04977380e-04, 0., 1.80995476e-03,
       9.04977380e-04, 9.04977380e-04, 0., 2.71493220e-03, 0., 0., 0.,
       2.71493220e-03, 2.71493220e-03, 0., 0., 0., 9.04977380e-04,
       9.04977380e-04, 0., 3.61990952e-03, 9.04977380e-04,
       1.80995476e-03, 0., 9.04977380e-04, 9.04977380e-04, 0., 0.,
       9.04977380e-04, 0., 1.80995476e-03, 0., 5.42986440e-03,
       2.71493220e-03, 9.04977380e-04, 1.80995476e-03, 3.61990952e-03,
       2.71493220e-03, 1.80995476e-03, 0., 4.52488707e-03,
