%YAML:1.0
m100f: !!opencv-matrix
   rows: 1
   cols: 800
   dt: f
   data: [ 8.11029982e-04, 3.24411993e-03, 4.05514991e-04,
       2.83860485e-03, 0., 1.21654500e-03, 1.62205996e-03, 0.,
       8.11029982e-04, 1.62205996e-03, 0., 4.05514991e-04,
       8.11029982e-04, 2.43309001e-03, 4.05514991e-04, 8.11029982e-04,
       8.11029982e-04, 2.43309001e-03, 1.62205996e-03, 2.02757493e-03,
       2.43309001e-03, 1.21654500e-03, 1.21654500e-03, 4.05514991e-04,
       8.11029982e-04, 0., 4.05514991e-04, 2.43309001e-03,
       1.62205996e-03, 0., 1.62205996e-03, 4.05514991e-04,
       2.83860485e-03, 1.21654500e-03, 0., 8.11029982e-04,
       1.62205996e-03, 1.62205996e-03, 2.02757493e-03, 1.62205996e-03,
       4.05514991e-04, 0., 1.62205996e-03, 1.21654500e-03,
       1.62205996e-03, 2.02757493e-03, 8.11029982e-04, 4.05514991e-04,
       8.11029982e-04, 8.11029982e-04, 1.21654500e-03, 1.62205996e-03,
       1.62205996e-03, 8.11029982e-04, 8.11029982e-04, 1.62205996e-03,
       4.05514985e-03, 1.21654500e-03, 2.02757493e-03, 1.21654500e-03,
       2.43309001e-03, 8.11029982e-04, 4.05514991e-04, 8.11029982e-04,
       0., 8.11029982e-04, 0., 1.62205996e-03, 4.05514991e-04,
       1.21654500e-03, 3.24411993e-03, 8.11029982e-04, 1.62205996e-03,
       0., 2.83860485e-03, 2.02757493e-03, 8.11029982e-04, 0.,
       4.05514991e-04, 1.62205996e-03, 8.11029982e-04, 2.02757493e-03,
       4.05514991e-04, 1.21654500e-03, 0., 4.05514985e-03, 0.,
       2.83860485e-03, 1.21654500e-03, 2.43309001e-03, 4.05514991e-04,
       0., 4.05514991e-04, 1.62205996e-03, 1.21654500e-03,
       8.11029982e-04, 8.11029982e-04, 8.11029982e-04, 1.21654500e-03,
       1.21654500e-03, 2.02757493e-03, 8.11029982e-04, 2.83860485e-03,
       4.05514991e-04, 4.05514991e-04, 8.11029982e-04, 1.21654500e-03,
       8.11029982e-04, 4.05514991e-04, 8.11029982e-04, 1.21654500e-03,
       2.43309001e-03, 2.83860485e-03, 1.21654500e-03, 1.62205996e-03,
       2.43309001e-03, 0., 1.21654500e-03, 3.64963501e-03,
       1.21654500e-03, 2.83860485e-03, 8.11029982e-04, 8.11029982e-04,
       0., 8.11029982e-04, 2.83860485e-03, 4.05514991e-04,
       8.11029982e-04, 8.11029982e-04, 8.11029982e-04, 4.05514991e-04,
       1.21654500e-03, 0., 4.05514991e-04, 0., 2.43309001e-03,
       1.21654500e-03, 1.21654500e-03, 1.21654500e-03, 1.21654500e-03,
       2.02757493e-03, 4.05514991e-04, 1.62205996e-03, 1.62205996e-03,
       2.43309001e-03, 1.21654500e-03, 1.21654500e-03, 4.05514991e-04,
       1.62205996e-03, 8.11029982e-04, 2.43309001e-03, 2.02757493e-03,
       1.62205996e-03, 8.11029982e-04, 1.21654500e-03, 4.05514991e-04,
       1.62205996e-03, 1.21654500e-03, 3.24411993e-03, 8.11029982e-04,
       1.21654500e-03, 1.62205996e-03, 2.02757493e-03, 0.,
       1.21654500e-03, 4.05514991e-04, 8.11029982e-04, 8.11029982e-04,
       1.21654500e-03, 8.11029982e-04, 1.62205996e-03, 4.05514991e-04,
       2.43309001e-03, 0., 8.11029982e-04, 4.05514991e-04,
       2.02757493e-03, 0., 0., 8.11029982e-04, 1.62205996e-03,
       8.11029982e-04, 4.05514991e-04, 8.11029982e-04, 4.05514991e-04,
       0., 4.05514991e-04, 1.62205996e-03, 1.62205996e-03,
       4.05514991e-04, 3.24411993e-03, 1.21654500e-03, 8.11029982e-04,
       8.11029982e-04, 0., 1.21654500e-03, 8.11029982e-04,
       1.21654500e-03, 8.11029982e-04, 8.11029982e-04, 1.62205996e-03,
       4.05514991e-04, 8.11029982e-04, 0., 8.11029982e-04,
       8.11029982e-04, 1.21654500e-03, 0., 2.02757493e-03, 0.,
       8.11029982e-04, 1.21654500e-03, 8.51581525e-03, 2.02757493e-03,
       3.24411993e-03, 8.11029982e-04, 0., 1.62205996e-03,
       1.21654500e-03, 8.11029982e-04, 1.21654500e-03, 8.11029982e-04,
       0., 2.02757493e-03, 1.21654500e-03, 8.11029982e-04,
       1.21654500e-03, 2.02757493e-03, 1.62205996e-03, 4.86618001e-03,
       1.21654500e-03, 1.62205996e-03, 1.62205996e-03, 2.43309001e-03,
       4.05514991e-04, 2.43309001e-03, 2.02757493e-03, 1.21654500e-03,
       1.62205996e-03, 4.05514991e-04, 2.02757493e-03, 1.21654500e-03,
       8.11029982e-04, 2.83860485e-03, 4.05514991e-04, 0.,
       8.11029982e-04, 8.11029982e-04, 1.21654500e-03, 4.05514991e-04,
       1.21654500e-03, 1.62205996e-03, 0., 2.83860485e-03,
       8.11029982e-04, 1.21654500e-03, 2.83860485e-03, 8.11029982e-04,
       4.05514991e-04, 1.21654500e-03, 1.21654500e-03, 0., 0.,
       1.21654500e-03, 1.21654500e-03, 1.62205996e-03, 2.02757493e-03,
       4.46066493e-03, 1.21654500e-03, 4.05514991e-04, 2.83860485e-03,
       1.21654500e-03, 1.62205996e-03, 2.83860485e-03, 8.11029982e-04,
       1.21654500e-03, 1.21654500e-03, 8.11029982e-04, 8.11029982e-04,
       4.05514991e-04, 1.62205996e-03, 1.62205996e-03, 8.11029982e-04,
       8.11029982e-04, 8.11029982e-04, 4.05514991e-04, 1.21654500e-03,
       1.62205996e-03, 0., 1.62205996e-03, 8.11029982e-04,
       8.11029982e-04, 0., 8.11029982e-04, 2.02757493e-03,
       4.05514991e-04, 1.62205996e-03, 4.05514991e-04, 0.,
       8.11029982e-04, 1.62205996e-03, 2.83860485e-03, 8.11029982e-04,
       8.11029982e-04, 1.62205996e-03, 8.11029982e-04, 8.11029982e-04,
       0., 4.05514991e-04, 4.46066493e-03, 1.21654500e-03,
       1.62205996e-03, 1.62205996e-03, 1.62205996e-03, 8.11029982e-04,
       2.43309001e-03, 8.11029982e-04, 0., 1.21654500e-03,
       8.11029982e-04, 2.02757493e-03, 8.11029982e-04, 2.43309001e-03,
       1.62205996e-03, 8.11029982e-04, 4.05514991e-04, 0.,
       2.02757493e-03, 8.11029982e-04, 0., 1.21654500e-03,
       2.02757493e-03, 8.11029982e-04, 7.29927002e-03, 1.62205996e-03,
       4.05514991e-04, 4.05514991e-04, 8.11029982e-04, 4.05514991e-04,
       8.11029982e-04, 1.21654500e-03, 2.02757493e-03, 2.02757493e-03,
       8.11029982e-04, 4.05514991e-04, 8.11029982e-04, 8.11029982e-04,
       4.05514991e-04, 0., 1.21654500e-03, 1.62205996e-03,
       8.11029982e-04, 1.21654500e-03, 1.21654500e-03, 2.02757493e-03,
       1.21654500e-03, 4.05514991e-04, 2.43309001e-03, 2.43309001e-03,
       4.05514985e-03, 1.62205996e-03, 4.05514991e-04, 2.83860485e-03,
       4.05514991e-04, 2.43309001e-03, 1.21654500e-03, 0., 0.,
       2.02757493e-03, 1.62205996e-03, 2.43309001e-03, 4.05514991e-04,
       2.02757493e-03, 8.11029982e-04, 8.11029982e-04, 0.,
       1.62205996e-03, 1.21654500e-03, 2.43309001e-03, 1.21654500e-03,
       8.11029982e-04, 1.21654500e-03, 1.62205996e-03, 4.05514991e-04,
       4.05514991e-04, 4.05514991e-04, 1.62205996e-03, 8.11029982e-04,
       2.02757493e-03, 2.02757493e-03, 4.05514991e-04, 1.62205996e-03,
       4.05514991e-04, 8.92132986e-03, 2.43309001e-03, 1.62205996e-03,
       1.62205996e-03, 8.11029982e-04, 4.05514991e-04, 2.02757493e-03,
       8.11029982e-04, 8.11029982e-04, 8.11029982e-04, 2.02757493e-03,
       2.02757493e-03, 1.62205996e-03, 2.02757493e-03, 1.21654500e-03,
       1.21654500e-03, 1.21654500e-03, 2.02757493e-03, 1.21654500e-03,
       4.05514991e-04, 2.43309001e-03, 8.11029982e-04, 8.11029982e-04,
       2.02757493e-03, 1.21654500e-03, 1.21654500e-03, 3.64963501e-03,
       8.11029982e-04, 8.11029982e-04, 4.05514991e-04, 3.24411993e-03,
       0., 2.02757493e-03, 1.21654500e-03, 4.05514991e-04, 0.,
       8.11029982e-04, 8.11029982e-04, 1.21654500e-03, 8.11029982e-04,
       8.11029982e-04, 3.64963501e-03, 1.21654500e-03, 1.21654500e-03,
       1.62205996e-03, 8.11029982e-04, 4.05514991e-04, 4.05514991e-04,
       3.64963501e-03, 1.62205996e-03, 0., 0., 4.05514991e-04,
       1.62205996e-03, 1.62205996e-03, 4.05514991e-04, 4.05514991e-04,
       8.11029982e-04, 1.21654500e-03, 2.02757493e-03, 4.05514991e-04,
       1.62205996e-03, 8.11029982e-04, 8.11029982e-04, 8.11029982e-04,
       8.11029982e-04, 8.11029982e-04, 8.11029982e-04, 1.21654500e-03,
       2.02757493e-03, 1.62205996e-03, 8.11029982e-04, 1.62205996e-03,
       1.21654500e-03, 1.62205996e-03, 2.02757493e-03, 8.11029982e-04,
       4.05514991e-04, 2.02757493e-03, 1.62205996e-03, 4.05514991e-04,
       1.62205996e-03, 8.11029982e-04, 1.21654500e-03, 1.21654500e-03,
