%YAML:1.0
m100f: !!opencv-matrix
   rows: 1
   cols: 800
   dt: f
   data: [ 0., 1.04220945e-03, 3.64773301e-03, 4.16883780e-03,
       5.21104725e-04, 0., 3.64773301e-03, 1.04220945e-03,
       1.56331412e-03, 2.60552368e-03, 1.56331412e-03, 5.21104725e-04,
       0., 1.56331412e-03, 3.64773301e-03, 0., 5.21104725e-04,
       5.21104725e-04, 2.08441890e-03, 5.21104725e-04, 3.64773301e-03,
       5.21104725e-04, 5.21104725e-04, 0., 2.60552368e-03, 0.,
       2.08441890e-03, 1.56331412e-03, 1.56331412e-03, 5.21104725e-04,
       0., 5.21104725e-04, 1.56331412e-03, 1.56331412e-03,
       3.12662823e-03, 0., 1.56331412e-03, 0., 0., 0., 2.08441890e-03,
       5.21104725e-04, 2.60552368e-03, 5.21104725e-04, 1.56331412e-03,
       2.60552368e-03, 1.04220945e-03, 2.08441890e-03, 5.21104725e-04,
       0., 1.04220945e-03, 5.21104725e-04, 0., 5.21104725e-04,
       1.56331412e-03, 0., 2.08441890e-03, 5.21104725e-04, 0., 0., 0.,
       2.08441890e-03, 5.21104725e-04, 5.21104725e-04, 1.35487225e-02,
       0., 0., 5.21104725e-04, 4.68994258e-03, 1.56331412e-03,
       1.04220945e-03, 5.73215215e-03, 0., 1.04220945e-03,
       5.21104725e-04, 1.04220945e-03, 1.04220945e-03, 2.60552368e-03,
       1.56331412e-03, 6.25325646e-03, 4.68994258e-03, 0.,
       1.56331412e-03, 4.16883780e-03, 5.21104725e-04, 5.21104725e-04,
       1.56331412e-03, 2.08441890e-03, 1.56331412e-03, 0., 0., 0.,
       1.04220945e-03, 1.56331412e-03, 2.08441890e-03, 3.12662823e-03,
       1.04220945e-03, 1.04220945e-03, 0., 0., 1.04220945e-03,
       2.60552368e-03, 6.25325646e-03, 5.21104725e-04, 0.,
       2.08441890e-03, 2.08441890e-03, 1.56331412e-03, 5.21104725e-04,
       0., 5.21104725e-04, 1.56331412e-03, 1.56331412e-03,
       1.04220945e-03, 5.73215215e-03, 0., 2.60552368e-03,
       1.04220945e-03, 0., 2.60552368e-03, 5.21104725e-04,
       2.60552368e-03, 5.21104725e-04, 5.73215215e-03, 0., 0.,
       1.56331412e-03, 1.56331412e-03, 1.04220945e-03, 5.21104725e-04,
       0., 2.08441890e-03, 2.60552368e-03, 2.60552368e-03, 0.,
       3.64773301e-03, 1.56331412e-03, 1.56331412e-03, 5.21104725e-04,
       4.16883780e-03, 0., 5.21104725e-04, 2.08441890e-03,
       1.04220945e-03, 0., 1.04220945e-03, 5.21104725e-04,
       5.21104725e-04, 5.21104725e-04, 1.56331412e-03, 0., 0.,
       3.64773301e-03, 0., 1.04220945e-03, 3.64773301e-03, 0.,
       1.56331412e-03, 0., 1.04220945e-03, 5.21104725e-04,
       2.08441890e-03, 5.21104725e-04, 5.21104725e-04, 5.21104725e-04,
       5.21104736e-03, 0., 1.04220945e-03, 1.04220945e-03, 0., 0., 0.,
       3.64773301e-03, 0., 1.56331412e-03, 0., 0., 3.12662823e-03,
       5.21104725e-04, 0., 5.21104725e-04, 5.21104725e-04, 0.,
       1.56331412e-03, 0., 5.21104725e-04, 2.08441890e-03,
       5.21104725e-04, 2.08441890e-03, 1.04220945e-03, 1.04220945e-03,
       2.08441890e-03, 5.21104725e-04, 2.08441890e-03, 5.21104725e-04,
       1.04220945e-03, 5.21104725e-04, 1.04220945e-03, 0., 0.,
       3.64773301e-03, 2.08441890e-03, 2.08441890e-03, 1.56331412e-03,
       3.12662823e-03, 0., 5.21104725e-04, 1.04220945e-03,
       1.04220945e-03, 1.56331412e-03, 0., 1.04220945e-03, 0., 0.,
       5.21104725e-04, 3.64773301e-03, 0., 1.04220945e-03,
       2.08441890e-03, 3.12662823e-03, 5.21104725e-04, 0.,
       3.64773301e-03, 2.08441890e-03, 1.04220945e-03, 1.04220945e-03,
       2.08441890e-03, 2.08441890e-03, 1.04220945e-03, 0.,
       5.21104725e-04, 0., 1.04220945e-03, 0., 1.56331412e-03,
       5.21104725e-04, 0., 1.04220945e-03, 5.21104725e-04, 0.,
       2.08441890e-03, 1.04220945e-03, 1.04220945e-03, 1.56331412e-03,
       0., 2.08441890e-03, 4.16883780e-03, 2.08441890e-03,
       5.21104725e-04, 1.04220945e-03, 1.56331412e-03, 2.60552368e-03,
       3.12662823e-03, 1.04220945e-03, 0., 1.56331412e-03,
       1.04220945e-03, 3.64773301e-03, 0., 2.60552368e-03,
       5.21104725e-04, 2.60552368e-03, 5.21104725e-04, 1.04220945e-03,
       5.21104725e-04, 5.21104725e-04, 1.04220945e-03, 2.08441890e-03,
       2.60552368e-03, 1.04220945e-03, 2.60552368e-03, 0.,
       5.21104725e-04, 1.04220945e-03, 0., 4.16883780e-03,
       1.56331412e-03, 2.08441890e-03, 2.60552368e-03, 1.04220945e-03,
       0., 5.21104725e-04, 5.21104725e-04, 0., 5.21104725e-04,
       1.56331412e-03, 1.04220945e-03, 1.04220945e-03, 1.04220945e-03,
       6.77436125e-03, 1.56331412e-03, 0., 0., 5.21104725e-04,
       5.21104725e-04, 2.08441890e-03, 5.21104725e-04, 0.,
       5.21104725e-04, 2.08441890e-03, 1.56331412e-03, 2.60552368e-03,
       3.12662823e-03, 0., 1.04220945e-03, 2.60552368e-03, 0.,
       1.04220945e-03, 0., 0., 1.56331412e-03, 0., 2.60552368e-03,
       5.21104725e-04, 0., 2.60552368e-03, 5.21104736e-03,
       1.56331412e-03, 2.08441890e-03, 1.56331412e-03, 0.,
       1.56331412e-03, 0., 2.60552368e-03, 5.21104725e-04, 0.,
       2.08441890e-03, 5.21104725e-04, 5.21104725e-04, 5.21104725e-04,
       5.21104725e-04, 0., 1.56331412e-03, 0., 0., 0., 0.,
       1.04220945e-03, 1.56331412e-03, 0., 5.21104725e-04,
       5.21104725e-04, 3.64773301e-03, 5.21104725e-04, 0.,
       5.21104725e-04, 3.12662823e-03, 0., 5.21104725e-04, 0.,
       3.12662823e-03, 5.21104725e-04, 1.56331412e-03, 5.21104725e-04,
       1.04220945e-03, 0., 1.04220945e-03, 5.21104725e-04,
       2.08441890e-03, 1.04220945e-03, 5.21104725e-04, 5.21104725e-04,
       1.56331412e-03, 0., 5.21104725e-04, 5.21104725e-04,
       2.08441890e-03, 2.60552368e-03, 5.21104725e-04, 1.04220945e-03,
       1.04220945e-03, 1.56331412e-03, 2.60552368e-03, 5.21104725e-04,
       1.04220945e-03, 1.04220945e-03, 5.21104725e-04, 2.08441890e-03,
       5.21104725e-04, 1.56331412e-03, 1.04220945e-03, 1.04220945e-03,
       1.56331412e-03, 1.04220945e-03, 7.29546603e-03, 1.04220945e-03,
       0., 1.56331412e-03, 1.56331412e-03, 1.04220945e-03,
       5.21104725e-04, 1.04220945e-03, 0., 2.08441890e-03,
       1.56331412e-03, 4.16883780e-03, 1.04220945e-03, 0.,
       1.56331412e-03, 1.56331412e-03, 5.21104725e-04, 5.21104725e-04,
       1.56331412e-03, 5.21104725e-04, 1.56331412e-03, 1.04220945e-03,
       3.12662823e-03, 0., 2.60552368e-03, 0., 3.12662823e-03,
       1.04220945e-03, 5.21104725e-04, 3.12662823e-03, 0., 0., 0.,
       1.56331412e-03, 2.08441890e-03, 1.04220945e-03, 5.21104725e-04,
       5.21104725e-04, 3.12662823e-03, 1.56331412e-03, 3.64773301e-03,
       4.68994258e-03, 5.21104725e-04, 0., 2.08441890e-03,
       1.04220945e-03, 1.56331412e-03, 1.04220945e-03, 1.04220945e-03,
       1.04220945e-03, 1.04220945e-03, 1.56331412e-03, 5.21104725e-04,
       2.08441890e-03, 5.21104725e-04, 0., 1.04220945e-03, 0., 0.,
       5.21104725e-04, 0., 0., 1.04220945e-03, 1.04220945e-03, 0.,
       5.21104725e-04, 1.04220945e-03, 3.12662823e-03, 1.04220945e-03,
       2.08441890e-03, 1.04220945e-03, 0., 4.16883780e-03,
       1.04220945e-03, 2.60552368e-03, 0., 3.12662823e-03,
       2.08441890e-03, 0., 5.21104725e-04, 0., 5.21104725e-04,
       1.04220945e-03, 5.21104725e-04, 1.04220945e-03, 1.04220945e-03,
       2.08441890e-03, 4.16883780e-03, 6.25325646e-03, 1.56331412e-03,
       5.21104725e-04, 1.56331412e-03, 5.21104725e-04, 5.21104725e-04,
       1.56331412e-03, 1.56331412e-03, 0., 2.08441890e-03,
       1.04220945e-03, 0., 1.04220945e-03, 1.04220945e-03,
       1.56331412e-03, 2.08441890e-03, 4.68994258e-03, 1.56331412e-03,
       1.04220945e-03, 2.08441890e-03, 1.56331412e-03, 1.04220945e-03,
       5.21104725e-04, 0., 1.04220945e-03, 5.21104725e-04,
       1.56331412e-03, 1.04220945e-03, 5.21104725e-04, 5.21104725e-04,
       0., 0., 2.08441890e-03, 1.04220945e-03, 3.12662823e-03,
       1.04220945e-03, 5.21104725e-04, 3.12662823e-03, 0.,
       5.21104725e-04, 2.08441890e-03, 2.60552368e-03, 0.,
       1.56331412e-03, 5.21104725e-04, 1.04220945e-03, 1.04220945e-03,
       0., 1.56331412e-03, 3.12662823e-03, 5.21104725e-04,
       2.60552368e-03, 1.56331412e-03, 2.08441890e-03, 1.04220945e-03,
       5.21104725e-04, 1.04220945e-03, 2.08441890e-03, 1.56331412e-03,
