%YAML:1.0
m100f: !!opencv-matrix
   rows: 1
   cols: 800
   dt: f
   data: [ 1.00300903e-03, 5.01504517e-04, 2.00601807e-03,
       5.01504517e-04, 5.01504517e-04, 0., 3.00902710e-03,
       1.50451355e-03, 5.01504517e-04, 2.00601807e-03, 2.00601807e-03,
       1.00300903e-03, 0., 1.50451355e-03, 0., 0., 5.01504517e-04,
       5.01504517e-04, 5.01504517e-04, 3.00902710e-03, 3.00902710e-03,
       2.00601807e-03, 5.01504517e-04, 1.00300903e-03, 1.50451355e-03,
       0., 3.51053150e-03, 0., 1.00300903e-03, 1.00300903e-03,
       1.00300903e-03, 5.01504517e-04, 1.50451355e-03, 2.00601807e-03,
       0., 1.50451355e-03, 3.00902710e-03, 2.50752270e-03,
       2.50752270e-03, 0., 0., 5.01504517e-04, 5.01504517e-04, 0.,
       2.00601807e-03, 0., 1.50451355e-03, 2.50752270e-03,
       2.00601807e-03, 1.00300903e-03, 1.00300903e-03, 1.00300903e-03,
       5.01504517e-04, 0., 1.00300903e-03, 0., 1.00300903e-03,
       1.50451355e-03, 0., 1.50451355e-03, 5.01504517e-04,
       5.01504517e-04, 1.50451355e-03, 1.00300903e-03, 1.00300903e-03,
       0., 1.00300903e-03, 2.00601807e-03, 0., 5.01504517e-04,
       4.01203614e-03, 2.50752270e-03, 2.00601807e-03, 2.00601807e-03,
       1.50451355e-03, 1.00300903e-03, 0., 5.01504517e-04,
       3.00902710e-03, 1.00300903e-03, 1.00300903e-03, 1.00300903e-03,
       5.01504517e-04, 2.00601807e-03, 0., 2.50752270e-03,
       1.50451355e-03, 0., 1.00300903e-03, 5.01504517e-04,
       5.01504517e-04, 5.01504517e-04, 1.00300903e-03, 1.00300903e-03,
       5.01504517e-04, 1.00300903e-03, 1.50451355e-03, 1.00300903e-03,
       5.01504517e-04, 0., 1.50451355e-03, 5.01504517e-04,
       4.01203614e-03, 2.50752270e-03, 5.01504517e-04, 1.50451355e-03,
       1.00300903e-03, 1.00300903e-03, 1.50451355e-03, 5.01504517e-04,
       2.50752270e-03, 1.00300903e-03, 5.01504517e-04, 1.00300903e-03,
       8.02407227e-03, 5.01504517e-04, 0., 2.50752270e-03,
       1.00300903e-03, 1.00300903e-03, 5.01504517e-04, 1.50451355e-03,
       4.01203614e-03, 5.01504540e-03, 0., 5.01504517e-04,
       1.00300903e-03, 2.00601807e-03, 5.01504517e-04, 5.01504517e-04,
       0., 0., 5.01504540e-03, 0., 5.01504517e-04, 1.00300903e-03,
       2.00601807e-03, 5.01504517e-04, 2.00601807e-03, 5.01504517e-04,
       0., 2.50752270e-03, 1.00300903e-03, 5.01504517e-04, 0.,
       5.01504517e-04, 2.00601807e-03, 1.50451355e-03, 0.,
       1.00300903e-03, 3.51053150e-03, 0., 5.01504517e-04,
       5.01504517e-04, 4.01203614e-03, 4.01203614e-03, 0.,
       1.00300903e-03, 3.00902710e-03, 5.01504517e-04, 1.50451355e-03,
       0., 2.00601807e-03, 5.01504517e-04, 0., 1.50451355e-03, 0.,
       2.00601807e-03, 5.01504517e-04, 1.50451355e-03, 1.00300903e-03,
       4.01203614e-03, 5.01504517e-04, 2.00601807e-03, 0.,
       5.01504517e-04, 1.00300903e-03, 5.01504540e-03, 6.51955884e-03,
       0., 1.00300903e-03, 0., 0., 1.50451355e-03, 1.00300903e-03,
       5.01504517e-04, 5.01504517e-04, 0., 5.01504517e-04,
       3.51053150e-03, 0., 5.01504517e-04, 0., 1.50451355e-03,
       1.00300903e-03, 3.51053150e-03, 1.50451355e-03, 1.00300903e-03,
       1.00300903e-03, 1.50451355e-03, 2.00601807e-03, 5.01504517e-04,
       5.01504517e-04, 1.00300903e-03, 1.00300903e-03, 1.00300903e-03,
       5.01504517e-04, 2.00601807e-03, 1.00300903e-03, 5.01504517e-04,
       0., 2.00601807e-03, 0., 3.51053150e-03, 0., 1.00300903e-03,
       1.00300903e-03, 1.50451355e-03, 2.00601807e-03, 2.50752270e-03,
       1.50451355e-03, 2.50752270e-03, 2.00601807e-03, 1.00300903e-03,
       2.00601807e-03, 0., 3.00902710e-03, 1.50451355e-03,
       1.00300903e-03, 2.50752270e-03, 3.00902710e-03, 5.01504517e-04,
       0., 2.50752270e-03, 1.50451355e-03, 1.50451355e-03, 0.,
       4.01203614e-03, 5.01504517e-04, 1.00300903e-03, 5.01504517e-04,
       1.50451355e-03, 3.00902710e-03, 2.00601807e-03, 1.50451355e-03,
       1.00300903e-03, 3.51053150e-03, 2.00601807e-03, 0.,
       1.00300903e-03, 0., 1.00300903e-03, 1.50451355e-03, 0.,
       2.50752270e-03, 2.50752270e-03, 5.01504517e-04, 1.50451355e-03,
       5.01504517e-04, 5.01504540e-03, 2.50752270e-03, 1.00300903e-03,
       1.00300903e-03, 0., 3.00902710e-03, 1.00300903e-03,
       3.51053150e-03, 1.00300903e-03, 1.00300903e-03, 5.01504517e-04,
       1.50451355e-03, 0., 2.00601807e-03, 1.50451355e-03,
       5.01504517e-04, 1.00300903e-03, 2.50752270e-03, 1.00300903e-03,
       1.00300903e-03, 1.50451355e-03, 1.00300903e-03, 1.00300903e-03,
       0., 5.01504517e-04, 2.00601807e-03, 8.52557644e-03,
       2.50752270e-03, 0., 0., 1.50451355e-03, 5.51654957e-03,
       3.51053150e-03, 1.50451355e-03, 1.50451355e-03, 1.50451355e-03,
       1.50451355e-03, 5.01504517e-04, 1.00300903e-03, 0.,
       1.00300903e-03, 5.01504517e-04, 1.50451355e-03, 2.50752270e-03,
       2.50752270e-03, 1.50451355e-03, 0., 5.01504517e-04,
       5.01504517e-04, 0., 0., 3.51053150e-03, 5.01504517e-04,
       2.00601807e-03, 0., 0., 2.50752270e-03, 7.02106301e-03,
       1.50451355e-03, 1.00300903e-03, 5.01504517e-04, 5.01504517e-04,
       3.00902710e-03, 0., 1.50451355e-03, 5.01504517e-04, 0.,
       3.00902710e-03, 1.50451355e-03, 2.50752270e-03, 5.01504517e-04,
       5.01504517e-04, 0., 5.01504517e-04, 0., 0., 1.50451355e-03,
       3.51053150e-03, 5.01504517e-04, 2.00601807e-03, 0.,
       5.01504517e-04, 1.00300903e-03, 2.00601807e-03, 1.00300903e-03,
       5.01504517e-04, 5.01504517e-04, 2.00601807e-03, 1.50451355e-03,
       3.51053150e-03, 0., 0., 5.01504517e-04, 0., 2.50752270e-03,
       1.00300903e-03, 0., 1.50451355e-03, 1.00300903e-03,
       5.01504517e-04, 5.01504517e-04, 5.01504517e-04, 1.50451355e-03,
       5.01504517e-04, 1.50451355e-03, 1.00300903e-03, 5.01504517e-04,
       2.00601807e-03, 1.00300903e-03, 2.00601807e-03, 2.00601807e-03,
       2.50752270e-03, 4.51354077e-03, 1.00300903e-03, 5.01504517e-04,
       1.50451355e-03, 5.01504517e-04, 2.00601807e-03, 1.00300903e-03,
       5.01504517e-04, 3.00902710e-03, 2.50752270e-03, 1.50451355e-03,
       2.00601807e-03, 2.50752270e-03, 1.00300903e-03, 2.00601807e-03,
       0., 1.50451355e-03, 1.50451355e-03, 1.50451355e-03,
       1.50451355e-03, 5.01504517e-04, 1.00300903e-03, 1.50451355e-03,
       5.01504517e-04, 1.50451355e-03, 5.01504517e-04, 2.00601807e-03,
       1.50451355e-03, 1.50451355e-03, 1.00300903e-03, 5.01504517e-04,
       5.01504517e-04, 1.00300903e-03, 1.50451355e-03, 1.00300903e-03,
       5.01504517e-04, 0., 0., 1.50451355e-03, 1.00300903e-03,
       5.01504517e-04, 2.50752270e-03, 0., 1.50451355e-03, 0.,
       5.01504517e-04, 1.00300903e-03, 4.01203614e-03, 1.00300903e-03,
       2.00601807e-03, 5.01504517e-04, 2.00601807e-03, 2.00601807e-03,
       3.00902710e-03, 5.01504517e-04, 5.01504517e-04, 0., 0., 0.,
       4.01203614e-03, 1.00300903e-03, 3.00902710e-03, 1.00300903e-03,
       2.00601807e-03, 4.01203614e-03, 0., 5.01504517e-04,
       2.00601807e-03, 0., 1.50451355e-03, 0., 2.00601807e-03,
       2.00601807e-03, 0., 1.50451355e-03, 0., 5.01504517e-04,
       2.00601807e-03, 5.01504517e-04, 1.00300903e-03, 1.00300903e-03,
       2.00601807e-03, 2.00601807e-03, 1.00300903e-03, 0.,
       1.00300903e-03, 0., 1.50451355e-03, 0., 2.00601807e-03,
       2.50752270e-03, 5.01504517e-04, 1.50451355e-03, 5.01504517e-04,
       0., 5.01504517e-04, 5.01504517e-04, 5.01504517e-04,
       1.50451355e-03, 2.50752270e-03, 2.50752270e-03, 2.50752270e-03,
       2.00601807e-03, 1.00300903e-03, 5.01504517e-04, 2.00601807e-03,
       2.00601807e-03, 5.01504517e-04, 5.01504517e-04, 1.00300903e-03,
       2.50752270e-03, 1.00300903e-03, 1.50451355e-03, 0.,
       1.00300903e-03, 1.00300903e-03, 1.00300903e-03, 5.01504517e-04,
       1.00300903e-03, 5.01504517e-04, 3.51053150e-03, 3.51053150e-03,
       4.51354077e-03, 3.51053150e-03, 0., 2.50752270e-03, 0.,
       2.50752270e-03, 4.51354077e-03, 2.50752270e-03, 0.,
       2.00601807e-03, 2.00601807e-03, 5.01504517e-04, 2.00601807e-03,
       1.50451355e-03, 1.50451355e-03, 2.00601807e-03, 1.00300903e-03,
