%YAML:1.0
m100f: !!opencv-matrix
   rows: 1
   cols: 800
   dt: f
   data: [ 0., 1.03950105e-03, 5.19750547e-03, 3.11850314e-03,
       1.55925157e-03, 0., 4.67775483e-03, 5.19750523e-04,
       1.03950105e-03, 3.11850314e-03, 2.07900209e-03, 5.19750523e-04,
       0., 2.59875273e-03, 3.63825355e-03, 0., 5.19750523e-04,
       1.03950105e-03, 2.07900209e-03, 1.03950105e-03, 2.59875273e-03,
       1.55925157e-03, 5.19750523e-04, 0., 3.11850314e-03, 0.,
       1.55925157e-03, 1.03950105e-03, 0., 5.19750523e-04, 0.,
       5.19750523e-04, 1.03950105e-03, 2.07900209e-03, 3.11850314e-03,
       0., 2.07900209e-03, 0., 0., 5.19750523e-04, 2.59875273e-03,
       1.03950105e-03, 2.07900209e-03, 5.19750523e-04, 1.55925157e-03,
       2.07900209e-03, 1.03950105e-03, 2.59875273e-03, 5.19750523e-04,
       0., 1.55925157e-03, 1.03950105e-03, 0., 1.03950105e-03,
       1.55925157e-03, 0., 2.07900209e-03, 5.19750523e-04, 0.,
       5.19750523e-04, 0., 3.11850314e-03, 5.19750523e-04,
       5.19750523e-04, 1.14345113e-02, 0., 0., 1.03950105e-03,
       4.67775483e-03, 1.03950105e-03, 1.55925157e-03, 5.19750547e-03,
       0., 1.03950105e-03, 5.19750523e-04, 0., 1.03950105e-03,
       2.59875273e-03, 1.03950105e-03, 6.23700628e-03, 2.07900209e-03,
       0., 1.03950105e-03, 3.11850314e-03, 5.19750523e-04,
       5.19750523e-04, 2.07900209e-03, 2.07900209e-03, 2.07900209e-03,
       0., 0., 0., 5.19750523e-04, 2.07900209e-03, 2.59875273e-03,
       2.07900209e-03, 1.03950105e-03, 1.03950105e-03, 0., 0.,
       1.03950105e-03, 3.11850314e-03, 6.75675692e-03, 5.19750523e-04,
       5.19750523e-04, 5.19750523e-04, 2.59875273e-03, 1.55925157e-03,
       1.03950105e-03, 5.19750523e-04, 0., 3.11850314e-03,
       1.55925157e-03, 0., 7.27650709e-03, 1.03950105e-03,
       3.11850314e-03, 2.07900209e-03, 0., 2.07900209e-03,
       5.19750523e-04, 3.11850314e-03, 1.03950105e-03, 7.79625773e-03,
       0., 0., 1.03950105e-03, 1.55925157e-03, 0., 5.19750523e-04, 0.,
       1.55925157e-03, 4.67775483e-03, 3.11850314e-03, 0.,
       3.63825355e-03, 1.03950105e-03, 1.03950105e-03, 5.19750523e-04,
       4.15800419e-03, 0., 1.55925157e-03, 2.59875273e-03,
       1.03950105e-03, 0., 1.55925157e-03, 5.19750523e-04,
       1.03950105e-03, 1.03950105e-03, 2.59875273e-03, 0., 0.,
       3.63825355e-03, 0., 1.03950105e-03, 3.11850314e-03, 0.,
       1.55925157e-03, 5.19750523e-04, 1.03950105e-03, 5.19750523e-04,
       1.03950105e-03, 5.19750523e-04, 5.19750523e-04, 5.19750523e-04,
       4.67775483e-03, 0., 1.03950105e-03, 1.03950105e-03, 0., 0.,
       5.19750523e-04, 3.11850314e-03, 0., 1.03950105e-03, 0.,
       5.19750523e-04, 2.07900209e-03, 1.03950105e-03, 0.,
       5.19750523e-04, 0., 0., 1.03950105e-03, 0., 0., 2.07900209e-03,
       0., 1.55925157e-03, 1.55925157e-03, 5.19750523e-04,
       1.03950105e-03, 0., 2.07900209e-03, 5.19750523e-04,
       1.55925157e-03, 1.03950105e-03, 1.03950105e-03, 0., 0.,
       4.15800419e-03, 1.55925157e-03, 1.55925157e-03, 2.07900209e-03,
       3.11850314e-03, 5.19750523e-04, 5.19750523e-04, 1.03950105e-03,
       1.03950105e-03, 1.03950105e-03, 0., 1.03950105e-03, 0.,
       5.19750523e-04, 5.19750523e-04, 4.67775483e-03, 0.,
       1.55925157e-03, 1.55925157e-03, 2.59875273e-03, 1.03950105e-03,
       0., 3.11850314e-03, 2.59875273e-03, 1.55925157e-03,
       1.55925157e-03, 2.07900209e-03, 2.07900209e-03, 1.03950105e-03,
       0., 1.55925157e-03, 5.19750523e-04, 1.03950105e-03, 0.,
       5.19750523e-04, 5.19750523e-04, 0., 1.03950105e-03,
       5.19750523e-04, 0., 2.07900209e-03, 1.03950105e-03,
       1.03950105e-03, 2.07900209e-03, 0., 1.55925157e-03,
       3.63825355e-03, 1.55925157e-03, 5.19750523e-04, 1.03950105e-03,
       2.07900209e-03, 3.63825355e-03, 3.11850314e-03, 1.03950105e-03,
       0., 2.07900209e-03, 1.03950105e-03, 3.63825355e-03, 0.,
       3.11850314e-03, 1.03950105e-03, 2.07900209e-03, 0.,
       1.03950105e-03, 5.19750523e-04, 5.19750523e-04, 1.55925157e-03,
       1.55925157e-03, 2.07900209e-03, 1.03950105e-03, 4.15800419e-03,
       0., 5.19750523e-04, 5.19750523e-04, 0., 3.63825355e-03,
       5.19750523e-04, 2.07900209e-03, 2.07900209e-03, 1.03950105e-03,
       0., 5.19750523e-04, 5.19750523e-04, 5.19750523e-04,
       1.03950105e-03, 2.07900209e-03, 1.03950105e-03, 0.,
       1.03950105e-03, 5.71725564e-03, 1.55925157e-03, 0., 0.,
       5.19750523e-04, 5.19750523e-04, 1.55925157e-03, 1.03950105e-03,
       0., 5.19750523e-04, 2.59875273e-03, 1.55925157e-03,
       2.59875273e-03, 2.07900209e-03, 0., 5.19750523e-04,
       3.63825355e-03, 0., 5.19750523e-04, 0., 0., 2.07900209e-03, 0.,
       2.07900209e-03, 5.19750523e-04, 5.19750523e-04, 2.59875273e-03,
       3.63825355e-03, 1.03950105e-03, 2.07900209e-03, 2.07900209e-03,
       0., 1.55925157e-03, 0., 2.59875273e-03, 5.19750523e-04,
       5.19750523e-04, 5.19750523e-04, 0., 5.19750523e-04,
       5.19750523e-04, 5.19750523e-04, 0., 1.55925157e-03, 0., 0., 0.,
       0., 5.19750523e-04, 1.03950105e-03, 0., 1.03950105e-03,
       5.19750523e-04, 4.15800419e-03, 5.19750523e-04, 0.,
       5.19750523e-04, 5.19750523e-04, 0., 5.19750523e-04, 0.,
       2.59875273e-03, 5.19750523e-04, 1.55925157e-03, 1.03950105e-03,
       1.55925157e-03, 5.19750523e-04, 5.19750523e-04, 1.03950105e-03,
       1.55925157e-03, 1.55925157e-03, 5.19750523e-04, 5.19750523e-04,
       2.07900209e-03, 1.03950105e-03, 0., 0., 1.55925157e-03,
       1.55925157e-03, 1.03950105e-03, 1.03950105e-03, 2.59875273e-03,
       1.55925157e-03, 2.07900209e-03, 5.19750523e-04, 1.55925157e-03,
       1.03950105e-03, 1.03950105e-03, 1.55925157e-03, 5.19750523e-04,
       2.59875273e-03, 1.03950105e-03, 5.19750523e-04, 1.55925157e-03,
       0., 9.35550965e-03, 1.55925157e-03, 0., 1.03950105e-03,
       1.03950105e-03, 1.03950105e-03, 5.19750523e-04, 1.03950105e-03,
       0., 1.03950105e-03, 1.55925157e-03, 3.63825355e-03,
       5.19750523e-04, 5.19750523e-04, 1.55925157e-03, 1.03950105e-03,
       5.19750523e-04, 5.19750523e-04, 1.55925157e-03, 1.03950105e-03,
       1.03950105e-03, 1.03950105e-03, 4.15800419e-03, 0.,
       2.07900209e-03, 0., 2.59875273e-03, 1.03950105e-03, 0.,
       1.03950105e-03, 0., 0., 0., 1.55925157e-03, 1.03950105e-03,
       1.03950105e-03, 5.19750523e-04, 1.55925157e-03, 2.59875273e-03,
       1.55925157e-03, 5.19750547e-03, 3.63825355e-03, 5.19750523e-04,
       0., 2.07900209e-03, 5.19750523e-04, 5.19750523e-04,
       1.03950105e-03, 2.59875273e-03, 1.03950105e-03, 1.55925157e-03,
       3.11850314e-03, 5.19750523e-04, 1.55925157e-03, 0., 0.,
       1.03950105e-03, 0., 5.19750523e-04, 5.19750523e-04, 0., 0.,
       1.03950105e-03, 5.19750523e-04, 0., 5.19750523e-04,
       2.07900209e-03, 4.67775483e-03, 1.03950105e-03, 2.07900209e-03,
       1.03950105e-03, 0., 2.59875273e-03, 1.03950105e-03,
       2.07900209e-03, 0., 3.63825355e-03, 2.07900209e-03, 0.,
       5.19750523e-04, 0., 5.19750523e-04, 1.03950105e-03,
       5.19750523e-04, 1.03950105e-03, 1.03950105e-03, 2.07900209e-03,
       4.15800419e-03, 6.75675692e-03, 1.03950105e-03, 0.,
       2.07900209e-03, 5.19750523e-04, 5.19750523e-04, 2.07900209e-03,
       1.55925157e-03, 1.03950105e-03, 2.59875273e-03, 5.19750523e-04,
       0., 1.03950105e-03, 1.03950105e-03, 5.19750523e-04,
       2.59875273e-03, 3.63825355e-03, 1.55925157e-03, 5.19750523e-04,
       2.07900209e-03, 1.03950105e-03, 1.03950105e-03, 5.19750523e-04,
       0., 1.55925157e-03, 5.19750523e-04, 2.07900209e-03,
       5.19750523e-04, 5.19750523e-04, 0., 5.19750523e-04, 0.,
       1.55925157e-03, 1.03950105e-03, 2.07900209e-03, 2.59875273e-03,
       5.19750523e-04, 3.11850314e-03, 0., 1.03950105e-03,
       1.55925157e-03, 3.11850314e-03, 0., 1.55925157e-03, 0.,
       1.03950105e-03, 1.55925157e-03, 5.19750523e-04, 2.07900209e-03,
       3.11850314e-03, 1.03950105e-03, 2.07900209e-03, 1.03950105e-03,
       2.07900209e-03, 1.03950105e-03, 1.03950105e-03, 1.55925157e-03,
       1.03950105e-03, 2.59875273e-03, 1.03950105e-03, 0.,
