%YAML:1.0
m100f: !!opencv-matrix
   rows: 1
   cols: 800
   dt: f
   data: [ 7.77302776e-04, 2.33190833e-03, 7.77302776e-04,
       1.55460555e-03, 7.77302776e-04, 1.16595416e-03, 1.94325694e-03,
       7.77302776e-04, 3.88651388e-04, 1.55460555e-03, 7.77302776e-04,
       1.55460555e-03, 2.33190833e-03, 7.77302776e-04, 1.55460555e-03,
       1.94325694e-03, 1.16595416e-03, 3.49786249e-03, 0.,
       1.16595416e-03, 0., 1.16595416e-03, 1.55460555e-03,
       2.72055971e-03, 3.88651388e-03, 1.16595416e-03, 3.88651388e-04,
       1.16595416e-03, 0., 7.77302776e-04, 7.77302776e-04,
       1.16595416e-03, 2.33190833e-03, 1.55460555e-03, 1.16595416e-03,
       7.77302776e-04, 1.55460555e-03, 7.77302776e-04, 3.88651388e-04,
       0., 7.77302776e-04, 1.55460555e-03, 1.94325694e-03,
       1.94325694e-03, 1.55460555e-03, 1.94325694e-03, 1.94325694e-03,
       1.94325694e-03, 7.77302776e-04, 2.72055971e-03, 0.,
       2.72055971e-03, 7.77302776e-04, 2.33190833e-03, 7.77302776e-04,
       1.16595416e-03, 3.88651388e-03, 1.16595416e-03, 0.,
       1.55460555e-03, 7.77302776e-04, 2.33190833e-03, 1.55460555e-03,
       3.88651388e-04, 1.16595416e-03, 1.16595416e-03, 7.77302776e-04,
       1.16595416e-03, 1.16595416e-03, 3.49786249e-03, 1.94325694e-03,
       1.16595416e-03, 2.72055971e-03, 0., 3.10921110e-03,
       1.94325694e-03, 7.77302776e-04, 1.16595416e-03, 0.,
       7.77302776e-04, 1.16595416e-03, 1.16595416e-03, 0.,
       1.16595416e-03, 3.88651388e-04, 1.55460555e-03, 7.77302776e-04,
       4.66381665e-03, 1.16595416e-03, 1.16595416e-03, 3.10921110e-03,
       1.16595416e-03, 7.77302776e-04, 1.55460555e-03, 1.55460555e-03,
       1.94325694e-03, 7.77302776e-04, 1.16595416e-03, 7.77302776e-04,
       1.16595416e-03, 2.33190833e-03, 7.77302776e-04, 6.60707336e-03,
       3.88651388e-04, 1.94325694e-03, 2.72055971e-03, 0.,
       3.88651388e-04, 3.88651388e-04, 7.77302776e-04, 1.55460555e-03,
       0., 1.55460555e-03, 1.16595416e-03, 7.77302776e-04, 0.,
       1.16595416e-03, 1.16595416e-03, 6.60707336e-03, 5.82977105e-03,
       1.16595416e-03, 3.88651388e-04, 1.16595416e-03, 0.,
       3.88651388e-04, 1.16595416e-03, 1.16595416e-03, 1.16595416e-03,
       7.77302776e-04, 2.72055971e-03, 1.16595416e-03, 3.10921110e-03,
       2.72055971e-03, 1.16595416e-03, 7.77302776e-04, 3.88651388e-03,
       3.88651388e-04, 1.16595416e-03, 1.94325694e-03, 3.88651388e-04,
       3.88651388e-04, 3.88651388e-03, 1.16595416e-03, 1.55460555e-03,
       3.88651388e-04, 1.16595416e-03, 7.77302776e-04, 1.16595416e-03,
       7.77302776e-04, 1.94325694e-03, 0., 6.21842220e-03, 0.,
       7.77302776e-04, 1.94325694e-03, 3.88651388e-04, 1.55460555e-03,
       1.16595416e-03, 1.16595416e-03, 7.77302776e-04, 7.77302776e-04,
       1.16595416e-03, 0., 1.94325694e-03, 3.88651388e-04,
       1.16595416e-03, 3.88651388e-04, 3.88651388e-04, 1.16595416e-03,
       7.77302776e-04, 1.16595416e-03, 1.16595416e-03, 0.,
       3.88651388e-04, 1.55460555e-03, 3.88651388e-04, 7.77302776e-04,
       1.94325694e-03, 1.16595416e-03, 7.77302776e-04, 2.33190833e-03,
       2.72055971e-03, 4.27516550e-03, 2.33190833e-03, 1.55460555e-03,
       1.16595416e-03, 7.77302776e-04, 0., 1.16595416e-03,
       7.77302776e-04, 3.88651388e-03, 1.94325694e-03, 2.33190833e-03,
       7.77302776e-04, 0., 3.10921110e-03, 0., 7.77302776e-04,
       1.16595416e-03, 7.77302776e-04, 1.16595416e-03, 1.16595416e-03,
       1.16595416e-03, 7.77302776e-04, 0., 2.33190833e-03,
       1.94325694e-03, 2.72055971e-03, 7.77302776e-04, 3.88651388e-04,
       7.77302776e-04, 0., 3.10921110e-03, 1.55460555e-03,
       4.27516550e-03, 3.88651388e-04, 3.88651388e-04, 1.94325694e-03,
       3.88651388e-04, 3.88651388e-04, 1.55460555e-03, 7.77302776e-04,
       3.88651388e-04, 3.88651388e-04, 0., 1.55460555e-03,
       1.55460555e-03, 1.55460555e-03, 1.94325694e-03, 7.77302776e-04,
       1.94325694e-03, 3.88651388e-04, 1.16595416e-03, 1.55460555e-03,
       2.72055971e-03, 1.94325694e-03, 2.33190833e-03, 1.55460555e-03,
       1.55460555e-03, 7.77302776e-04, 1.16595416e-03, 7.77302776e-04,
       7.77302776e-04, 3.49786249e-03, 0., 3.88651388e-04,
       4.27516550e-03, 1.16595416e-03, 1.16595416e-03, 1.55460555e-03,
       1.16595416e-03, 1.55460555e-03, 1.94325694e-03, 1.94325694e-03,
       7.77302776e-04, 1.55460555e-03, 3.88651388e-04, 2.72055971e-03,
       1.16595416e-03, 1.16595416e-03, 3.10921110e-03, 7.77302776e-04,
       1.16595416e-03, 2.33190833e-03, 0., 1.16595416e-03,
       3.88651388e-04, 1.94325694e-03, 0., 3.88651388e-04,
       2.33190833e-03, 1.55460555e-03, 7.77302776e-04, 1.16595416e-03,
       1.55460555e-03, 1.94325694e-03, 1.94325694e-03, 1.55460555e-03,
       2.33190833e-03, 1.55460555e-03, 2.72055971e-03, 1.55460555e-03,
       7.77302776e-04, 1.55460555e-03, 1.55460555e-03, 7.77302776e-04,
       2.72055971e-03, 7.77302776e-04, 1.16595416e-03, 3.10921110e-03,
       3.88651388e-04, 3.88651388e-04, 7.77302776e-04, 0.,
       1.16595416e-03, 1.16595416e-03, 3.88651388e-04, 1.16595416e-03,
       0., 1.55460555e-03, 3.88651388e-04, 0., 7.77302776e-04,
       1.16595416e-03, 2.33190833e-03, 3.88651388e-04, 3.88651388e-04,
       7.77302776e-04, 1.16595416e-03, 1.55460555e-03, 0.,
       3.88651388e-04, 1.55460555e-03, 1.16595416e-03, 1.94325694e-03,
       1.16595416e-03, 7.77302776e-04, 1.55460555e-03, 1.16595416e-03,
       3.88651388e-04, 1.55460555e-03, 1.55460555e-03, 1.55460555e-03,
       0., 3.88651388e-04, 1.94325694e-03, 7.77302776e-04,
       2.72055971e-03, 3.88651388e-04, 2.33190833e-03, 7.77302776e-04,
       1.94325694e-03, 1.55460555e-03, 1.94325694e-03, 3.88651388e-04,
       7.77302776e-04, 3.88651388e-04, 7.77302776e-04, 1.94325694e-03,
       0., 1.55460555e-03, 3.88651388e-04, 3.49786249e-03,
       3.88651388e-04, 1.55460555e-03, 3.10921110e-03, 1.55460555e-03,
       1.94325694e-03, 7.77302776e-04, 1.94325694e-03, 0.,
       3.88651388e-04, 7.77302776e-04, 0., 2.33190833e-03,
       1.55460555e-03, 3.88651388e-04, 7.77302776e-04, 3.88651388e-04,
       6.21842220e-03, 1.16595416e-03, 7.77302776e-04, 7.77302776e-04,
       0., 1.16595416e-03, 1.16595416e-03, 0., 3.88651388e-04, 0.,
       1.16595416e-03, 3.10921110e-03, 3.88651388e-04, 3.88651388e-04,
       1.16595416e-03, 3.88651388e-04, 3.88651388e-04, 2.33190833e-03,
       7.77302776e-04, 2.72055971e-03, 1.55460555e-03, 1.16595416e-03,
       1.16595416e-03, 1.55460555e-03, 7.77302776e-04, 3.88651388e-04,
       3.88651388e-04, 1.55460555e-03, 2.72055971e-03, 1.16595416e-03,
       1.16595416e-03, 1.16595416e-03, 3.88651388e-03, 1.55460555e-03,
       2.72055971e-03, 7.77302776e-04, 3.88651388e-04, 7.77302776e-04,
       1.55460555e-03, 0., 2.33190833e-03, 3.88651388e-04,
       3.88651388e-04, 3.88651388e-04, 1.55460555e-03, 3.88651388e-04,
       7.77302776e-04, 3.88651388e-04, 3.88651388e-04, 3.88651388e-04,
       0., 4.27516550e-03, 1.94325694e-03, 7.77302776e-04,
       2.72055971e-03, 0., 2.33190833e-03, 0., 7.77302776e-04,
       1.55460555e-03, 7.77302776e-04, 2.33190833e-03, 3.88651388e-04,
       1.16595416e-03, 1.55460555e-03, 7.77302776e-04, 3.88651388e-04,
       3.88651388e-04, 3.88651388e-04, 2.33190833e-03, 1.94325694e-03,
       1.94325694e-03, 7.77302776e-04, 1.16595416e-03, 7.77302776e-04,
       1.94325694e-03, 1.16595416e-03, 0., 1.16595416e-03,
       1.16595416e-03, 7.77302776e-04, 7.77302776e-04, 1.16595416e-03,
       7.77302776e-04, 1.94325694e-03, 1.55460555e-03, 1.16595416e-03,
       2.33190833e-03, 1.94325694e-03, 7.77302776e-04, 1.16595416e-03,
       3.88651388e-04, 3.88651388e-03, 7.77302776e-04, 3.10921110e-03,
       2.72055971e-03, 1.16595416e-03, 1.55460555e-03, 1.16595416e-03,
       1.16595416e-03, 7.77302776e-04, 1.55460555e-03, 1.55460555e-03,
       2.33190833e-03, 0., 0., 1.16595416e-03, 1.16595416e-03,
       1.16595416e-03, 7.77302776e-04, 1.55460555e-03, 3.10921110e-03,
       1.55460555e-03, 1.16595416e-03, 1.94325694e-03, 7.77302776e-04,
