%YAML:1.0
m100f: !!opencv-matrix
   rows: 1
   cols: 800
   dt: f
   data: [ 0., 1.07123726e-03, 1.07123726e-03, 3.74933053e-03,
       5.35618630e-04, 0., 3.21371178e-03, 5.35618630e-04,
       5.35618630e-04, 3.21371178e-03, 2.14247452e-03, 5.35618630e-04,
       0., 2.67809303e-03, 2.67809303e-03, 0., 5.35618630e-04,
       5.35618630e-04, 2.14247452e-03, 1.07123726e-03, 3.21371178e-03,
       1.60685589e-03, 5.35618630e-04, 0., 3.21371178e-03, 0.,
       1.60685589e-03, 1.07123726e-03, 5.35618630e-04, 5.35618630e-04,
       0., 5.35618630e-04, 2.14247452e-03, 1.60685589e-03,
       2.14247452e-03, 2.67809303e-03, 2.14247452e-03, 0., 0., 0.,
       1.60685589e-03, 1.60685589e-03, 1.60685589e-03, 1.07123726e-03,
       1.60685589e-03, 5.35618607e-03, 1.07123726e-03, 2.67809303e-03,
       5.35618630e-04, 0., 1.60685589e-03, 5.35618630e-04, 0.,
       5.35618630e-04, 2.14247452e-03, 0., 1.60685589e-03,
       1.07123726e-03, 0., 5.35618630e-04, 0., 0., 1.07123726e-03,
       3.21371178e-03, 4.28494904e-03, 0., 0., 1.60685589e-03,
       4.82056756e-03, 1.60685589e-03, 2.14247452e-03, 5.35618607e-03,
       0., 1.60685589e-03, 5.35618630e-04, 5.35618630e-04,
       1.07123726e-03, 0., 1.60685589e-03, 5.35618607e-03,
       2.14247452e-03, 0., 1.07123726e-03, 3.21371178e-03,
       5.35618630e-04, 5.35618630e-04, 2.14247452e-03, 2.14247452e-03,
       2.14247452e-03, 5.35618630e-04, 0., 0., 5.35618630e-04,
       2.14247452e-03, 2.14247452e-03, 3.21371178e-03, 1.07123726e-03,
       1.60685589e-03, 0., 5.35618630e-04, 1.07123726e-03,
       2.67809303e-03, 5.35618607e-03, 5.35618630e-04, 0.,
       1.60685589e-03, 5.35618630e-04, 1.60685589e-03, 0.,
       5.35618630e-04, 0., 3.74933053e-03, 1.60685589e-03, 0.,
       1.60685589e-03, 5.35618630e-04, 3.21371178e-03, 1.60685589e-03,
       0., 3.21371178e-03, 5.35618630e-04, 3.74933053e-03,
       1.60685589e-03, 1.60685589e-03, 0., 0., 1.07123726e-03,
       1.60685589e-03, 1.07123726e-03, 5.35618630e-04, 0.,
       1.60685589e-03, 3.74933053e-03, 2.67809303e-03, 0.,
       3.74933053e-03, 1.60685589e-03, 1.07123726e-03, 0.,
       5.35618607e-03, 0., 1.60685589e-03, 2.14247452e-03,
       1.60685589e-03, 5.35618630e-04, 5.35618630e-04, 5.35618630e-04,
       5.35618630e-04, 1.60685589e-03, 2.14247452e-03, 0.,
       5.35618630e-04, 4.28494904e-03, 0., 5.35618630e-04, 0., 0.,
       1.60685589e-03, 0., 1.60685589e-03, 0., 1.60685589e-03,
       1.07123726e-03, 1.07123726e-03, 5.35618630e-04, 4.28494904e-03,
       5.35618630e-04, 1.60685589e-03, 1.07123726e-03, 0., 0., 0.,
       3.21371178e-03, 0., 1.07123726e-03, 0., 1.60685589e-03,
       2.67809303e-03, 5.35618630e-04, 0., 0., 0., 0., 1.60685589e-03,
       5.35618630e-04, 0., 2.14247452e-03, 0., 2.14247452e-03,
       1.60685589e-03, 5.35618630e-04, 1.60685589e-03, 0.,
       2.67809303e-03, 0., 1.07123726e-03, 1.07123726e-03,
       1.07123726e-03, 0., 0., 2.67809303e-03, 1.07123726e-03,
       1.07123726e-03, 1.07123726e-03, 3.74933053e-03, 5.35618630e-04,
       0., 1.07123726e-03, 1.07123726e-03, 1.07123726e-03,
       5.35618630e-04, 1.07123726e-03, 0., 0., 5.35618630e-04,
       4.82056756e-03, 0., 1.60685589e-03, 2.67809303e-03,
       2.14247452e-03, 5.35618630e-04, 4.82056756e-03, 4.28494904e-03,
       1.60685589e-03, 1.07123726e-03, 1.60685589e-03, 3.21371178e-03,
       2.67809303e-03, 1.60685589e-03, 0., 1.07123726e-03,
       5.35618630e-04, 1.07123726e-03, 0., 1.07123726e-03,
       5.35618630e-04, 5.35618630e-04, 1.07123726e-03, 1.07123726e-03,
       0., 3.21371178e-03, 1.07123726e-03, 1.60685589e-03,
       1.60685589e-03, 0., 2.14247452e-03, 4.28494904e-03,
       2.67809303e-03, 5.35618630e-04, 1.60685589e-03, 2.14247452e-03,
       3.74933053e-03, 2.67809303e-03, 1.07123726e-03, 0.,
       3.21371178e-03, 1.07123726e-03, 3.21371178e-03, 0.,
       3.74933053e-03, 5.35618630e-04, 2.67809303e-03, 0.,
       1.07123726e-03, 1.07123726e-03, 5.35618630e-04, 1.07123726e-03,
       2.14247452e-03, 1.60685589e-03, 1.07123726e-03, 4.28494904e-03,
       0., 5.35618630e-04, 5.35618630e-04, 0., 3.74933053e-03,
       1.07123726e-03, 5.35618630e-04, 1.60685589e-03, 5.35618630e-04,
       0., 5.35618630e-04, 1.60685589e-03, 0., 0., 1.60685589e-03,
       1.07123726e-03, 5.35618630e-04, 1.07123726e-03, 1.07123726e-03,
       1.60685589e-03, 0., 0., 5.35618630e-04, 0., 1.07123726e-03,
       1.60685589e-03, 5.35618630e-04, 5.35618630e-04, 5.35618630e-04,
       1.60685589e-03, 3.21371178e-03, 4.82056756e-03, 5.35618630e-04,
       5.35618630e-04, 0., 5.35618630e-04, 5.35618630e-04, 0., 0.,
       3.21371178e-03, 0., 2.14247452e-03, 5.35618630e-04,
       5.35618630e-04, 2.14247452e-03, 1.60685589e-03, 5.35618630e-04,
       1.60685589e-03, 1.60685589e-03, 0., 1.07123726e-03, 0.,
       2.14247452e-03, 1.07123726e-03, 5.35618630e-04, 1.07123726e-03,
       0., 5.35618630e-04, 5.35618630e-04, 5.35618630e-04, 0.,
       1.60685589e-03, 0., 0., 0., 0., 5.35618630e-04, 1.60685589e-03,
       0., 5.35618630e-04, 5.35618630e-04, 3.21371178e-03,
       5.35618630e-04, 0., 0., 0., 0., 1.60685589e-03, 0.,
       1.60685589e-03, 5.35618630e-04, 1.07123726e-03, 5.35618630e-04,
       5.35618630e-04, 5.35618630e-04, 1.60685589e-03, 5.35618630e-04,
       1.60685589e-03, 1.07123726e-03, 5.35618630e-04, 5.35618630e-04,
       2.14247452e-03, 1.07123726e-03, 5.35618630e-04, 0.,
       2.14247452e-03, 2.14247452e-03, 5.35618630e-04, 1.07123726e-03,
       1.60685589e-03, 1.60685589e-03, 2.14247452e-03, 1.07123726e-03,
       1.60685589e-03, 1.07123726e-03, 0., 2.67809303e-03,
       1.60685589e-03, 2.14247452e-03, 1.07123726e-03, 5.35618630e-04,
       2.14247452e-03, 0., 8.56989808e-03, 1.07123726e-03,
       5.35618630e-04, 1.60685589e-03, 1.60685589e-03, 1.60685589e-03,
       5.35618630e-04, 1.07123726e-03, 0., 2.14247452e-03,
       2.67809303e-03, 3.74933053e-03, 5.35618630e-04, 5.35618630e-04,
       1.60685589e-03, 1.07123726e-03, 5.35618630e-04, 0.,
       2.67809303e-03, 1.07123726e-03, 1.07123726e-03, 2.14247452e-03,
       3.74933053e-03, 0., 2.14247452e-03, 0., 3.21371178e-03,
       1.07123726e-03, 5.35618630e-04, 2.67809303e-03, 0.,
       5.35618630e-04, 0., 1.60685589e-03, 1.07123726e-03,
       5.35618630e-04, 5.35618630e-04, 1.07123726e-03, 1.07123726e-03,
       1.60685589e-03, 3.21371178e-03, 4.28494904e-03, 5.35618630e-04,
       0., 0., 1.07123726e-03, 1.60685589e-03, 1.07123726e-03,
       1.60685589e-03, 5.35618630e-04, 1.60685589e-03, 2.67809303e-03,
       1.60685589e-03, 1.60685589e-03, 5.35618630e-04, 0.,
       1.07123726e-03, 0., 5.35618630e-04, 5.35618630e-04, 0., 0.,
       1.07123726e-03, 0., 0., 5.35618630e-04, 1.60685589e-03,
       3.74933053e-03, 1.07123726e-03, 2.14247452e-03, 1.07123726e-03,
       0., 3.74933053e-03, 5.35618630e-04, 2.67809303e-03, 0.,
       2.67809303e-03, 2.14247452e-03, 0., 5.35618630e-04,
       1.07123726e-03, 1.07123726e-03, 5.35618630e-04, 0.,
       1.07123726e-03, 1.07123726e-03, 2.14247452e-03, 4.28494904e-03,
       9.10551660e-03, 5.35618630e-04, 1.07123726e-03, 2.14247452e-03,
       5.35618630e-04, 5.35618630e-04, 2.14247452e-03, 2.14247452e-03,
       5.35618630e-04, 2.14247452e-03, 1.07123726e-03, 1.07123726e-03,
       1.60685589e-03, 1.07123726e-03, 5.35618630e-04, 1.60685589e-03,
       0., 2.14247452e-03, 5.35618630e-04, 2.14247452e-03,
       1.07123726e-03, 1.07123726e-03, 5.35618630e-04, 0.,
       1.60685589e-03, 5.35618630e-04, 2.14247452e-03, 5.35618630e-04,
       0., 3.21371178e-03, 2.14247452e-03, 0., 1.60685589e-03,
       5.35618630e-04, 2.67809303e-03, 1.07123726e-03, 1.60685589e-03,
       3.21371178e-03, 5.35618630e-04, 5.35618630e-04, 1.60685589e-03,
       1.60685589e-03, 0., 5.35618630e-04, 5.35618630e-04,
       1.07123726e-03, 1.07123726e-03, 5.35618630e-04, 1.07123726e-03,
       3.21371178e-03, 1.07123726e-03, 2.67809303e-03, 1.07123726e-03,
       4.28494904e-03, 1.60685589e-03, 0., 5.35618630e-04,
