%YAML:1.0
m100f: !!opencv-matrix
   rows: 1
   cols: 800
   dt: f
   data: [ 0., 2.86396174e-03, 4.29594284e-03, 2.86396174e-03,
       4.77326976e-04, 0., 1.90930790e-03, 9.54653951e-04,
       9.54653951e-04, 4.77326976e-04, 1.90930790e-03, 4.77326976e-04,
       9.54653951e-04, 3.34128877e-03, 9.54653951e-04, 4.77326976e-04,
       1.43198087e-03, 4.77326976e-04, 0., 9.54653951e-04,
       2.38663494e-03, 1.43198087e-03, 0., 0., 2.38663494e-03,
       3.34128877e-03, 9.54653951e-04, 0., 9.54653951e-04, 0., 0.,
       1.43198087e-03, 4.77326976e-04, 2.86396174e-03, 9.54653951e-04,
       2.86396174e-03, 4.77326976e-04, 9.54653951e-04, 4.77326976e-04,
       0., 2.38663494e-03, 4.77326976e-04, 9.54653951e-04,
       4.77326976e-04, 1.43198087e-03, 0., 3.81861581e-03,
       3.81861581e-03, 3.34128877e-03, 9.54653951e-04, 9.54653951e-04,
       1.90930790e-03, 9.54653951e-04, 0., 0., 0., 4.77326976e-04,
       4.77326976e-04, 9.54653951e-04, 1.43198087e-03, 0.,
       2.38663494e-03, 4.77326976e-04, 1.43198087e-03, 3.81861581e-03,
       4.77326976e-04, 2.86396174e-03, 9.54653951e-04, 9.54653951e-04,
       1.90930790e-03, 9.54653951e-04, 1.43198087e-03, 0.,
       4.77326976e-04, 3.81861581e-03, 1.43198087e-03, 4.77326976e-04,
       4.77326976e-04, 1.90930790e-03, 0., 0., 4.77326976e-04,
       4.77326976e-04, 4.77326976e-04, 4.77326976e-04, 9.54653951e-04,
       1.90930790e-03, 1.43198087e-03, 1.43198087e-03, 1.90930790e-03,
       1.90930790e-03, 1.43198087e-03, 4.77326976e-04, 1.43198087e-03,
       4.77326976e-04, 4.77326976e-04, 9.54653951e-04, 2.38663494e-03,
       1.90930790e-03, 4.77326976e-04, 3.81861581e-03, 3.81861581e-03,
       1.43198087e-03, 2.86396174e-03, 0., 2.38663494e-03,
       4.77326976e-04, 0., 1.90930790e-03, 0., 1.43198087e-03,
       3.34128877e-03, 0., 3.81861581e-03, 3.81861581e-03,
       3.34128877e-03, 4.77326976e-04, 1.43198087e-03, 1.43198087e-03,
       1.43198087e-03, 1.43198087e-03, 1.90930790e-03, 9.54653951e-04,
       5.72792348e-03, 4.77326976e-04, 9.54653951e-04, 4.77326976e-04,
       0., 4.77326976e-04, 1.43198087e-03, 0., 9.54653951e-04,
       2.86396174e-03, 0., 4.77326976e-04, 0., 4.77326976e-04,
       9.54653951e-04, 4.77326976e-04, 2.38663494e-03, 0.,
       2.38663494e-03, 1.90930790e-03, 3.81861581e-03, 4.77326976e-04,
       1.43198087e-03, 1.43198087e-03, 9.54653951e-04, 0.,
       2.86396174e-03, 1.90930790e-03, 0., 1.43198087e-03,
       9.54653951e-04, 2.86396174e-03, 3.81861581e-03, 0.,
       9.54653951e-04, 0., 9.54653951e-04, 9.54653951e-04,
       4.77326976e-04, 1.90930790e-03, 0., 1.43198087e-03,
       9.54653951e-04, 0., 2.86396174e-03, 9.54653951e-04,
       4.77326976e-04, 2.38663494e-03, 1.43198087e-03, 9.54653951e-04,
       1.90930790e-03, 0., 0., 1.43198087e-03, 3.34128877e-03,
       2.86396174e-03, 0., 0., 4.77326976e-04, 0., 4.77326976e-04,
       4.77326976e-04, 4.77326976e-04, 4.77326976e-04, 2.38663494e-03,
       1.43198087e-03, 1.90930790e-03, 0., 1.90930790e-03, 0.,
       4.77326976e-04, 1.43198087e-03, 2.38663494e-03, 4.77326976e-04,
       1.90930790e-03, 0., 1.90930790e-03, 3.34128877e-03,
       1.43198087e-03, 1.90930790e-03, 2.38663494e-03, 3.34128877e-03,
       9.54653951e-04, 1.90930790e-03, 1.43198087e-03, 9.54653951e-04,
       1.43198087e-03, 4.77326976e-04, 2.38663494e-03, 0.,
       4.77326976e-04, 1.43198087e-03, 0., 1.90930790e-03,
       4.77326976e-04, 0., 1.43198087e-03, 9.54653951e-04, 0., 0.,
       1.43198087e-03, 1.90930790e-03, 3.34128877e-03, 3.34128877e-03,
       2.86396174e-03, 1.43198087e-03, 3.34128877e-03, 2.86396174e-03,
       0., 1.90930790e-03, 4.77326976e-04, 9.54653951e-04,
       1.43198087e-03, 0., 1.43198087e-03, 3.34128877e-03,
       4.77326987e-03, 2.38663494e-03, 1.90930790e-03, 2.86396174e-03,
       9.54653951e-04, 1.43198087e-03, 9.54653951e-04, 2.38663494e-03,
       9.54653951e-04, 0., 1.90930790e-03, 0., 1.43198087e-03,
       2.86396174e-03, 4.29594284e-03, 4.29594284e-03, 3.81861581e-03,
       0., 1.43198087e-03, 1.43198087e-03, 5.25059691e-03,
       1.43198087e-03, 9.54653951e-04, 1.43198087e-03, 0.,
       1.90930790e-03, 1.90930790e-03, 1.43198087e-03, 0.,
       9.54653951e-04, 9.54653951e-04, 9.54653951e-04, 9.54653951e-04,
       4.77326976e-04, 2.38663494e-03, 9.54653951e-04, 0., 0.,
       2.38663494e-03, 2.38663494e-03, 4.77326976e-04, 4.77326976e-04,
       1.90930790e-03, 1.90930790e-03, 2.38663494e-03, 4.77326976e-04,
       4.77326976e-04, 9.54653951e-04, 1.43198087e-03, 9.54653951e-04,
       1.43198087e-03, 3.34128877e-03, 2.38663494e-03, 4.77326976e-04,
       2.38663494e-03, 0., 3.34128877e-03, 9.54653951e-04,
       9.54653951e-04, 2.38663494e-03, 9.54653951e-04, 4.77326976e-04,
       9.54653951e-04, 1.90930790e-03, 4.77326976e-04, 3.34128877e-03,
       4.77326976e-04, 9.54653951e-04, 9.54653951e-04, 4.77326976e-04,
       1.43198087e-03, 0., 0., 3.34128877e-03, 0., 1.43198087e-03,
       4.77326976e-04, 5.72792348e-03, 1.90930790e-03, 9.54653951e-04,
       1.43198087e-03, 2.38663494e-03, 4.77326976e-04, 9.54653951e-04,
       9.54653951e-04, 4.77326976e-04, 1.43198087e-03, 1.43198087e-03,
       1.43198087e-03, 4.29594284e-03, 0., 3.34128877e-03, 0.,
       4.77326976e-04, 0., 0., 1.90930790e-03, 4.77326976e-04, 0.,
       1.43198087e-03, 0., 4.77326976e-04, 3.34128877e-03,
       4.77326976e-04, 1.90930790e-03, 4.77326976e-04, 9.54653951e-04,
       9.54653951e-04, 1.90930790e-03, 1.90930790e-03, 4.77326976e-04,
       0., 0., 0., 1.43198087e-03, 9.54653951e-04, 0., 1.90930790e-03,
       9.54653951e-04, 9.54653951e-04, 4.77326976e-04, 0.,
       1.90930790e-03, 2.38663494e-03, 4.77326976e-04, 9.54653951e-04,
       4.77326976e-04, 9.54653951e-04, 1.90930790e-03, 2.38663494e-03,
       1.90930790e-03, 4.77326976e-04, 1.43198087e-03, 9.54653951e-04,
       4.77326976e-04, 1.43198087e-03, 0., 4.77326976e-04, 0.,
       9.54653951e-04, 1.90930790e-03, 9.54653951e-04, 1.43198087e-03,
       3.34128877e-03, 9.54653951e-04, 2.38663494e-03, 4.77326976e-04,
       4.77326976e-04, 2.38663494e-03, 1.43198087e-03, 0.,
       9.54653951e-04, 0., 1.43198087e-03, 1.43198087e-03, 0.,
       1.90930790e-03, 9.54653951e-04, 0., 0., 4.77326976e-04,
       1.90930790e-03, 4.77326976e-04, 1.43198087e-03, 1.43198087e-03,
       9.54653951e-04, 1.90930790e-03, 1.43198087e-03, 0.,
       9.54653951e-04, 9.54653951e-04, 0., 4.77326976e-04, 0.,
       2.86396174e-03, 4.77326976e-04, 1.90930790e-03, 1.43198087e-03,
       4.77326976e-04, 0., 1.43198087e-03, 9.54653951e-04,
       9.54653951e-04, 4.77326976e-04, 1.43198087e-03, 2.86396174e-03,
       2.38663494e-03, 0., 4.77326976e-04, 4.77326976e-04,
       4.77326976e-04, 4.77326976e-04, 1.43198087e-03, 2.38663494e-03,
       0., 4.77326976e-04, 2.86396174e-03, 0., 9.54653951e-04,
       1.90930790e-03, 0., 1.43198087e-03, 0., 3.81861581e-03,
       1.43198087e-03, 4.77326976e-04, 1.43198087e-03, 0.,
       4.77326976e-04, 9.54653951e-04, 4.77326976e-04, 1.90930790e-03,
       2.86396174e-03, 4.77326976e-04, 9.54653951e-04, 4.77326976e-04,
       0., 9.54653951e-04, 0., 1.43198087e-03, 1.43198087e-03,
       4.77326976e-04, 4.77326976e-04, 4.77326976e-04, 1.90930790e-03,
       0., 9.54653951e-04, 2.38663494e-03, 9.54653951e-04,
       1.43198087e-03, 4.77326976e-04, 2.38663494e-03, 4.77326976e-04,
       9.54653951e-04, 1.90930790e-03, 1.43198087e-03, 0.,
       1.43198087e-03, 9.54653951e-04, 4.77326976e-04, 1.43198087e-03,
       1.90930790e-03, 1.90930790e-03, 0., 0., 1.43198087e-03,
       9.54653951e-04, 9.54653951e-04, 9.54653951e-04, 3.34128877e-03,
       4.77326976e-04, 1.43198087e-03, 1.43198087e-03, 0.,
       1.43198087e-03, 9.54653951e-04, 0., 2.86396174e-03, 0.,
       2.38663494e-03, 4.77326976e-04, 1.90930790e-03, 4.77326976e-04,
       6.68257754e-03, 9.54653951e-04, 9.54653951e-04, 1.90930790e-03,
       2.86396174e-03, 2.86396174e-03, 1.90930790e-03, 4.77326976e-04,
       4.77326976e-04, 4.77326976e-04, 9.54653951e-04, 2.38663494e-03,
