%YAML:1.0
m100f: !!opencv-matrix
   rows: 1
   cols: 800
   dt: f
   data: [ 1.68918923e-03, 0., 8.44594615e-04, 8.44594615e-04,
       8.44594615e-04, 8.44594615e-04, 8.44594615e-04, 1.18243247e-02,
       2.53378390e-03, 5.91216236e-03, 0., 1.68918923e-03,
       8.44594615e-04, 0., 0., 2.53378390e-03, 1.68918923e-03,
       8.44594615e-04, 0., 8.44594615e-04, 0., 2.53378390e-03,
       5.06756781e-03, 8.44594615e-04, 1.68918923e-03, 8.44594615e-04,
       1.68918923e-03, 1.68918923e-03, 3.37837846e-03, 0., 0., 0., 0.,
       0., 3.37837846e-03, 1.68918923e-03, 8.44594615e-04, 0.,
       2.53378390e-03, 5.06756781e-03, 0., 8.44594615e-04, 0., 0.,
       1.68918923e-03, 8.44594615e-04, 0., 1.68918923e-03, 0.,
       1.68918923e-03, 0., 1.68918923e-03, 3.37837846e-03,
       8.44594615e-04, 1.68918923e-03, 5.91216236e-03, 8.44594615e-04,
       1.68918923e-03, 8.44594615e-04, 1.68918923e-03, 4.22297325e-03,
       5.06756781e-03, 1.68918923e-03, 0., 1.68918923e-03,
       1.68918923e-03, 0., 3.37837846e-03, 0., 0., 1.68918923e-03,
       3.37837846e-03, 8.44594615e-04, 5.06756781e-03, 2.53378390e-03,
       3.37837846e-03, 1.68918923e-03, 3.37837846e-03, 8.44594615e-04,
       8.44594615e-04, 0., 2.53378390e-03, 8.44594615e-04,
       8.44594615e-04, 1.68918923e-03, 5.06756781e-03, 0., 0., 0.,
       4.22297325e-03, 0., 2.53378390e-03, 8.44594615e-04,
       8.44594615e-04, 0., 2.53378390e-03, 3.37837846e-03, 0.,
       2.53378390e-03, 2.53378390e-03, 1.68918923e-03, 1.68918923e-03,
       8.44594615e-04, 1.68918923e-03, 0., 8.44594615e-04,
       1.68918923e-03, 4.22297325e-03, 8.44594615e-04, 0.,
       1.68918923e-03, 8.44594615e-04, 1.68918923e-03, 0.,
       1.68918923e-03, 0., 1.68918923e-03, 0., 3.37837846e-03,
       3.37837846e-03, 8.44594615e-04, 0., 8.44594615e-04, 0., 0., 0.,
       1.68918923e-03, 0., 0., 2.53378390e-03, 1.68918923e-03,
       8.44594615e-04, 0., 0., 8.44594615e-04, 0., 0., 2.53378390e-03,
       8.44594615e-04, 2.53378390e-03, 0., 0., 0., 2.53378390e-03,
       1.68918923e-03, 8.44594615e-04, 0., 1.68918923e-03,
       4.22297325e-03, 0., 1.68918923e-03, 3.37837846e-03, 0.,
       8.44594615e-04, 0., 2.53378390e-03, 8.44594615e-04,
       1.68918923e-03, 0., 4.22297325e-03, 1.68918923e-03,
       8.44594615e-04, 2.53378390e-03, 0., 1.68918923e-03,
       8.44594615e-04, 0., 8.44594615e-04, 8.44594615e-04, 0., 0.,
       8.44594615e-04, 0., 1.68918923e-03, 0., 8.44594615e-04, 0.,
       1.68918923e-03, 1.68918923e-03, 8.44594615e-04, 0.,
       8.44594615e-04, 0., 0., 1.68918923e-03, 8.44594615e-04,
       2.53378390e-03, 3.37837846e-03, 1.68918923e-03, 1.68918923e-03,
       0., 0., 3.37837846e-03, 8.44594615e-04, 4.22297325e-03, 0.,
       8.44594615e-04, 0., 0., 1.68918923e-03, 8.44594615e-04,
       3.37837846e-03, 3.37837846e-03, 0., 1.68918923e-03,
       8.44594615e-04, 0., 3.37837846e-03, 2.53378390e-03,
       2.53378390e-03, 0., 9.29054059e-03, 8.44594615e-04,
       1.68918923e-03, 0., 0., 3.37837846e-03, 0., 5.91216236e-03, 0.,
       8.44594615e-04, 0., 8.44594615e-04, 0., 0., 0., 0.,
       8.44594615e-04, 1.68918923e-03, 1.68918923e-03, 8.44594615e-04,
       8.44594615e-04, 8.44594615e-04, 0., 0., 2.53378390e-03, 0.,
       2.53378390e-03, 8.44594615e-04, 8.44594615e-04, 8.44594615e-04,
       0., 8.44594615e-04, 0., 1.68918923e-03, 2.53378390e-03, 0.,
       2.53378390e-03, 0., 0., 1.68918923e-03, 8.44594615e-04, 0.,
       1.68918923e-03, 0., 0., 0., 0., 8.44594615e-04, 1.68918923e-03,
       0., 0., 8.44594615e-04, 0., 8.44594615e-04, 8.44594615e-04,
       3.37837846e-03, 1.68918923e-03, 0., 1.68918923e-03,
       5.06756781e-03, 2.53378390e-03, 8.44594615e-04, 8.44594615e-04,
       3.37837846e-03, 8.44594615e-04, 1.68918923e-03, 8.44594615e-04,
       0., 1.68918923e-03, 8.44594615e-04, 1.68918923e-03,
       8.44594615e-04, 8.44594615e-04, 8.44594615e-04, 1.68918923e-03,
       1.68918923e-03, 0., 0., 0., 8.44594615e-04, 0., 1.68918923e-03,
       1.68918923e-03, 3.37837846e-03, 8.44594615e-04, 1.68918923e-03,
       8.44594615e-04, 8.44594615e-04, 2.53378390e-03, 4.22297325e-03,
       8.44594615e-04, 1.68918923e-03, 2.53378390e-03, 0., 0., 0.,
       8.44594615e-04, 1.68918923e-03, 8.44594615e-04, 1.68918923e-03,
       0., 2.53378390e-03, 8.44594615e-04, 8.44594615e-04,
       1.68918923e-03, 2.53378390e-03, 8.44594615e-04, 8.44594615e-04,
       0., 0., 8.44594615e-04, 0., 1.68918923e-03, 5.06756781e-03,
       2.53378390e-03, 8.44594615e-04, 8.44594615e-04, 8.44594615e-04,
       8.44594615e-04, 0., 0., 8.44594615e-04, 8.44594615e-04,
       8.44594615e-04, 8.44594615e-04, 0., 2.53378390e-03,
       8.44594615e-04, 3.37837846e-03, 0., 0., 0., 2.53378390e-03,
       8.44594615e-04, 0., 0., 8.44594615e-04, 8.44594615e-04, 0.,
       1.68918923e-03, 8.44594615e-04, 0., 0., 1.68918923e-03,
       4.22297325e-03, 8.44594615e-04, 3.37837846e-03, 8.44594615e-04,
       8.44594615e-04, 0., 0., 3.37837846e-03, 0., 0., 1.68918923e-03,
       0., 1.68918923e-03, 1.68918923e-03, 0., 8.44594615e-04,
       8.44594615e-04, 2.53378390e-03, 0., 0., 0., 1.68918923e-03,
       8.44594615e-04, 1.68918923e-03, 8.44594615e-04, 0.,
       1.68918923e-03, 1.35135138e-02, 8.44594615e-04, 1.68918923e-03,
       8.44594615e-04, 0., 1.68918923e-03, 0., 1.68918923e-03,
       3.37837846e-03, 2.53378390e-03, 1.68918923e-03, 5.91216236e-03,
       5.06756781e-03, 0., 0., 0., 0., 8.44594615e-04, 8.44594615e-04,
       8.44594615e-04, 8.44594615e-04, 8.44594615e-04, 8.44594615e-04,
       0., 2.53378390e-03, 8.44594615e-04, 0., 1.68918923e-03, 0.,
       2.53378390e-03, 1.68918923e-03, 0., 1.68918923e-03,
       8.44594615e-04, 1.68918923e-03, 8.44594615e-04, 8.44594615e-04,
       0., 0., 0., 0., 0., 0., 1.68918923e-03, 2.53378390e-03,
       8.44594615e-04, 0., 8.44594615e-04, 4.22297325e-03,
       8.44594615e-04, 5.06756781e-03, 8.44594615e-04, 0.,
       1.68918923e-03, 2.53378390e-03, 0., 8.44594615e-04,
       8.44594615e-04, 8.44594615e-04, 1.68918923e-03, 8.44594615e-04,
       3.37837846e-03, 1.68918923e-03, 0., 1.68918923e-03, 0., 0., 0.,
       0., 0., 2.53378390e-03, 2.53378390e-03, 8.44594615e-04, 0.,
       3.37837846e-03, 8.44594615e-04, 1.68918923e-03, 8.44594615e-04,
       0., 8.44594615e-04, 2.53378390e-03, 0., 5.06756781e-03,
       3.37837846e-03, 0., 0., 2.53378390e-03, 8.44594615e-04,
       8.44594615e-04, 0., 8.44594615e-04, 1.68918923e-03,
       8.44594615e-04, 8.44594615e-04, 8.44594615e-04, 8.44594615e-04,
       1.68918923e-03, 0., 1.68918923e-03, 2.53378390e-03, 0., 0.,
       1.68918923e-03, 0., 1.68918923e-03, 3.37837846e-03,
       2.53378390e-03, 0., 0., 0., 0., 0., 0., 0., 8.44594615e-04,
       1.68918923e-03, 8.44594615e-04, 0., 8.44594615e-04, 0.,
       8.44594615e-04, 0., 1.68918923e-03, 2.53378390e-03,
       3.37837846e-03, 2.53378390e-03, 1.68918923e-03, 8.44594615e-04,
       0., 7.60135148e-03, 0., 1.68918923e-03, 0., 2.53378390e-03, 0.,
       1.68918923e-03, 0., 2.53378390e-03, 0., 1.68918923e-03, 0.,
       1.68918923e-03, 2.53378390e-03, 8.44594615e-04, 0.,
       8.44594615e-04, 0., 4.22297325e-03, 8.44594615e-04, 0.,
       2.53378390e-03, 3.37837846e-03, 8.44594615e-04, 8.44594615e-04,
       0., 0., 1.68918923e-03, 4.22297325e-03, 1.68918923e-03,
       8.44594615e-04, 1.68918923e-03, 8.44594615e-04, 0.,
       8.44594615e-04, 0., 8.44594615e-04, 3.37837846e-03,
       8.44594615e-04, 0., 1.68918923e-03, 0., 8.44594615e-04, 0.,
       8.44594615e-04, 1.68918923e-03, 2.53378390e-03, 8.44594615e-04,
       0., 0., 0., 5.06756781e-03, 8.44594615e-04, 5.91216236e-03,
       2.53378390e-03, 0., 8.44594615e-04, 4.22297325e-03,
       8.44594615e-04, 0., 1.68918923e-03, 0., 8.44594615e-04,
       8.44594615e-04, 1.68918923e-03, 9.29054059e-03, 8.44594615e-04,
       3.37837846e-03, 2.53378390e-03, 4.22297325e-03, 0.,
       1.68918923e-03, 1.68918923e-03, 0., 0., 0., 8.44594615e-04,
       8.44594615e-04, 0., 1.68918923e-03, 1.68918923e-03, 0., 0., 0.,
