%YAML:1.0
m100f: !!opencv-matrix
   rows: 1
   cols: 800
   dt: f
   data: [ 1.87617261e-03, 3.28330207e-03, 0., 9.38086305e-04,
       9.38086305e-04, 1.40712946e-03, 1.87617261e-03, 9.38086305e-04,
       9.38086305e-04, 0., 1.40712946e-03, 1.40712946e-03,
       1.40712946e-03, 1.40712946e-03, 4.69043152e-04, 0.,
       9.38086305e-04, 2.34521576e-03, 4.69043152e-04, 1.87617261e-03,
       1.40712946e-03, 4.69043152e-04, 1.40712946e-03, 4.69043152e-04,
       2.81425891e-03, 1.40712946e-03, 4.69043152e-04, 2.81425891e-03,
       0., 0., 4.69043152e-04, 1.40712946e-03, 9.38086305e-04,
       4.69043152e-04, 0., 1.87617261e-03, 4.69043152e-04, 0.,
       2.81425891e-03, 9.38086305e-04, 1.87617261e-03, 2.34521576e-03,
       2.34521576e-03, 9.38086305e-04, 1.87617261e-03, 2.81425891e-03,
       9.38086305e-04, 4.69043152e-04, 4.69043152e-04, 4.69043152e-04,
       0., 4.69043152e-04, 1.40712946e-03, 2.34521576e-03,
       9.38086305e-04, 9.38086305e-04, 6.09756075e-03, 9.38086305e-04,
       0., 1.40712946e-03, 9.38086305e-04, 1.40712946e-03,
       3.28330207e-03, 9.38086305e-04, 9.38086305e-04, 1.40712946e-03,
       0., 4.69043152e-04, 0., 9.38086305e-04, 1.40712946e-03, 0.,
       4.69043152e-04, 9.38086305e-04, 1.87617261e-03, 0.,
       1.87617261e-03, 4.69043152e-04, 4.69043152e-04, 4.69043152e-04,
       4.69043152e-04, 1.40712946e-03, 9.38086305e-04, 1.87617261e-03,
       0., 6.09756075e-03, 9.38086305e-04, 1.40712946e-03,
       4.69043152e-04, 9.38086305e-04, 1.40712946e-03, 1.87617261e-03,
       4.69043152e-04, 3.28330207e-03, 2.34521576e-03, 0.,
       9.38086305e-04, 4.69043152e-04, 1.40712946e-03, 9.38086305e-04,
       4.69043152e-04, 1.40712946e-03, 3.28330207e-03, 9.38086305e-04,
       1.40712946e-03, 0., 9.38086305e-04, 4.69043152e-04,
       1.40712946e-03, 4.69043152e-04, 4.69043152e-04, 1.40712946e-03,
       9.38086305e-04, 1.40712946e-03, 4.69043152e-04, 9.38086305e-04,
       9.38086305e-04, 0., 9.38086305e-03, 9.84990597e-03,
       2.34521576e-03, 0., 1.40712946e-03, 9.38086305e-04,
       1.40712946e-03, 1.87617261e-03, 9.38086305e-04, 4.69043152e-04,
       1.87617261e-03, 9.38086305e-04, 0., 1.87617261e-03, 0.,
       9.38086305e-04, 2.34521576e-03, 3.28330207e-03, 9.38086305e-04,
       1.87617261e-03, 1.87617261e-03, 4.69043152e-04, 9.38086305e-04,
       1.40712946e-03, 2.34521576e-03, 4.69043152e-04, 4.69043152e-04,
       9.38086305e-04, 9.38086305e-04, 4.69043152e-04, 1.87617261e-03,
       4.69043152e-04, 2.34521576e-03, 1.40712946e-03, 0.,
       1.40712946e-03, 0., 4.69043152e-04, 3.75234522e-03,
       4.69043152e-04, 1.87617261e-03, 9.38086305e-04, 9.38086305e-04,
       1.40712946e-03, 4.69043152e-04, 0., 0., 1.40712946e-03,
       1.87617261e-03, 1.40712946e-03, 2.34521576e-03, 1.40712946e-03,
       1.40712946e-03, 2.34521576e-03, 9.38086305e-04, 0.,
       4.69043152e-04, 4.69043152e-04, 4.69043152e-04, 1.40712946e-03,
       1.40712946e-03, 1.40712946e-03, 1.40712946e-03, 4.69043152e-04,
       2.81425891e-03, 4.69043152e-04, 0., 4.69043152e-04,
       9.38086305e-04, 0., 4.69043152e-04, 4.69043152e-04,
       4.69043152e-04, 3.28330207e-03, 1.87617261e-03, 4.69043152e-04,
       1.87617261e-03, 1.40712946e-03, 1.87617261e-03, 0.,
       1.40712946e-03, 4.69043152e-04, 2.81425891e-03, 2.34521576e-03,
       9.38086305e-04, 0., 4.69043152e-04, 1.40712946e-03, 0.,
       4.69043152e-04, 2.34521576e-03, 2.34521576e-03, 9.38086305e-04,
       9.38086305e-04, 2.34521576e-03, 2.81425891e-03, 1.40712946e-03,
       0., 1.40712946e-03, 4.69043152e-04, 9.38086305e-04,
       4.69043152e-04, 4.69043152e-04, 1.40712946e-03, 4.69043152e-04,
       9.38086305e-04, 9.38086305e-04, 9.38086305e-04, 4.69043152e-04,
       9.38086305e-04, 2.34521576e-03, 2.34521576e-03, 1.87617261e-03,
       1.40712946e-03, 9.38086305e-04, 9.38086305e-04, 0.,
       4.69043152e-04, 2.81425891e-03, 1.40712946e-03, 2.34521576e-03,
       9.38086305e-04, 9.38086305e-04, 2.81425891e-03, 1.87617261e-03,
       5.62851783e-03, 9.38086305e-04, 0., 3.28330207e-03, 0.,
       1.87617261e-03, 4.69043152e-04, 4.69043152e-04, 9.38086305e-04,
       1.87617261e-03, 1.40712946e-03, 9.38086305e-04, 3.28330207e-03,
       0., 9.38086305e-04, 1.87617261e-03, 4.69043152e-04,
       1.40712946e-03, 9.38086305e-04, 0., 1.87617261e-03,
       9.38086305e-04, 4.69043152e-04, 4.69043152e-04, 1.87617261e-03,
       0., 0., 2.34521576e-03, 9.38086305e-04, 4.69043152e-04,
       4.69043152e-04, 4.69043152e-04, 3.28330207e-03, 4.69043152e-04,
       1.87617261e-03, 1.40712946e-03, 2.34521576e-03, 5.15947491e-03,
       9.38086305e-04, 1.87617261e-03, 4.69043152e-04, 9.38086305e-04,
       0., 1.87617261e-03, 9.38086305e-04, 9.38086305e-04,
       4.69043152e-04, 4.69043152e-04, 9.38086305e-04, 4.69043152e-04,
       1.40712946e-03, 2.81425891e-03, 9.38086305e-04, 1.87617261e-03,
       4.69043152e-04, 4.69043152e-04, 1.40712946e-03, 4.69043152e-04,
       4.69043152e-04, 1.40712946e-03, 9.38086305e-04, 1.40712946e-03,
       4.69043152e-04, 4.69043152e-04, 1.87617261e-03, 4.69043152e-04,
       1.40712946e-03, 4.69043152e-04, 9.38086305e-04, 3.75234522e-03,
       1.87617261e-03, 1.40712946e-03, 9.38086305e-04, 4.69043152e-04,
       1.40712946e-03, 0., 9.38086305e-04, 3.75234522e-03,
       4.69043152e-04, 4.69043152e-04, 4.69043152e-04, 9.38086305e-04,
       2.34521576e-03, 4.69043152e-04, 4.69043152e-04, 1.87617261e-03,
       1.40712946e-03, 1.40712946e-03, 9.38086305e-04, 9.38086305e-04,
       2.81425891e-03, 4.69043152e-04, 2.34521576e-03, 4.69043152e-04,
       1.87617261e-03, 0., 4.69043152e-04, 1.87617261e-03,
       9.38086305e-04, 2.81425891e-03, 0., 1.40712946e-03,
       1.87617261e-03, 4.69043152e-04, 1.40712946e-03, 4.69043152e-04,
       5.62851783e-03, 4.69043152e-04, 0., 4.69043152e-04,
       4.69043152e-04, 1.87617261e-03, 4.69043152e-04, 0.,
       1.87617261e-03, 9.38086305e-04, 7.03564752e-03, 0.,
       4.69043152e-04, 2.81425891e-03, 9.38086305e-04, 1.40712946e-03,
       9.38086305e-04, 0., 0., 4.69043152e-03, 9.38086305e-04,
       1.87617261e-03, 9.38086305e-04, 4.69043152e-04, 4.69043152e-04,
       0., 0., 4.69043152e-04, 4.69043152e-04, 1.87617261e-03,
       1.87617261e-03, 1.87617261e-03, 1.40712946e-03, 1.40712946e-03,
       9.38086305e-04, 1.87617261e-03, 0., 4.69043152e-04,
       2.81425891e-03, 4.22138814e-03, 2.34521576e-03, 3.75234522e-03,
       1.40712946e-03, 9.38086305e-04, 7.03564752e-03, 0., 0.,
       1.40712946e-03, 2.34521576e-03, 4.69043152e-04, 0.,
       4.69043152e-04, 9.38086305e-04, 0., 2.34521576e-03,
       9.38086305e-04, 0., 1.87617261e-03, 1.40712946e-03,
       3.28330207e-03, 1.40712946e-03, 4.69043152e-03, 1.40712946e-03,
       1.40712946e-03, 4.69043152e-04, 0., 4.22138814e-03,
       9.38086305e-04, 4.69043152e-04, 2.34521576e-03, 1.40712946e-03,
       1.40712946e-03, 4.69043152e-04, 4.69043152e-04, 4.69043152e-04,
       2.34521576e-03, 0., 9.38086305e-04, 9.38086305e-04,
       1.40712946e-03, 2.34521576e-03, 9.38086305e-04, 1.87617261e-03,
       9.38086305e-04, 1.40712946e-03, 2.34521576e-03, 9.38086305e-04,
       4.69043152e-04, 0., 4.69043152e-04, 0., 4.69043152e-04,
       2.34521576e-03, 1.87617261e-03, 3.75234522e-03, 1.87617261e-03,
       9.38086305e-04, 2.81425891e-03, 1.40712946e-03, 4.69043152e-04,
       4.69043152e-04, 1.40712946e-03, 2.34521576e-03, 4.69043152e-04,
       2.34521576e-03, 9.38086305e-04, 4.69043152e-04, 4.69043152e-04,
       9.38086305e-04, 4.69043152e-04, 1.87617261e-03, 9.38086305e-04,
       9.38086305e-04, 9.38086305e-04, 4.69043152e-04, 4.69043152e-04,
       1.40712946e-03, 4.69043152e-04, 9.38086305e-04, 1.87617261e-03,
       9.38086305e-04, 2.81425891e-03, 9.38086305e-04, 1.40712946e-03,
       2.34521576e-03, 9.38086305e-04, 1.87617261e-03, 4.69043152e-04,
       4.69043152e-04, 4.69043152e-04, 1.40712946e-03, 9.38086305e-04,
       0., 4.69043152e-04, 3.28330207e-03, 2.34521576e-03,
       1.87617261e-03, 1.40712946e-03, 0., 3.75234522e-03,
