%YAML:1.0
m100f: !!opencv-matrix
   rows: 1
   cols: 800
   dt: f
   data: [ 0., 6.52741524e-04, 0., 6.52741524e-04, 1.30548305e-03,
       1.95822446e-03, 1.30548305e-03, 5.22193220e-03, 3.91644891e-03,
       0., 6.52741524e-04, 6.52741524e-04, 0., 0., 1.95822446e-03,
       1.30548305e-03, 1.95822446e-03, 1.30548305e-03, 0.,
       6.52741524e-04, 2.61096610e-03, 6.52741524e-04, 6.52741524e-04,
       1.95822446e-03, 1.30548305e-03, 6.52741524e-04, 0.,
       1.30548305e-03, 6.52741524e-04, 6.52741524e-04, 0., 0.,
       1.30548305e-03, 6.52741524e-04, 6.52741524e-04, 1.30548305e-03,
       6.52741524e-04, 2.61096610e-03, 6.52741524e-04, 2.21932121e-02,
       0., 1.30548305e-03, 0., 4.56919055e-03, 3.26370774e-03,
       6.52741524e-04, 1.95822446e-03, 6.52741524e-04, 6.52741524e-04,
       6.52741524e-04, 1.95822446e-03, 6.52741524e-04, 0.,
       1.30548305e-03, 3.91644891e-03, 8.48563947e-03, 1.30548305e-03,
       1.30548305e-03, 0., 2.61096610e-03, 2.61096610e-03,
       1.30548305e-03, 1.30548305e-03, 6.52741524e-04, 6.52741524e-04,
       1.95822446e-03, 1.30548305e-03, 6.52741524e-04, 6.52741524e-04,
       0., 0., 6.52741524e-04, 1.30548305e-03, 1.30548305e-03,
       4.56919055e-03, 0., 1.30548305e-03, 1.95822446e-03,
       1.30548305e-03, 0., 1.30548305e-03, 6.52741524e-04, 0.,
       1.30548305e-03, 0., 6.52741524e-04, 1.30548305e-03,
       1.30548305e-03, 0., 6.52741524e-04, 2.61096610e-03,
       6.52741524e-04, 1.95822446e-03, 6.52741524e-04, 1.30548305e-03,
       1.30548305e-03, 1.30548305e-03, 0., 1.30548305e-03,
       3.91644891e-03, 1.95822446e-03, 2.61096610e-03, 1.30548305e-03,
       0., 6.52741524e-04, 1.95822446e-03, 6.52741524e-04,
       1.95822446e-03, 1.30548305e-03, 1.30548305e-03, 0., 0.,
       1.30548305e-03, 1.95822446e-03, 1.30548305e-03, 3.26370774e-03,
       2.61096610e-03, 6.52741524e-04, 6.52741524e-04, 6.52741524e-04,
       6.52741524e-04, 1.95822446e-03, 6.52741524e-04, 6.52741524e-04,
       1.95822446e-03, 6.52741524e-04, 3.26370774e-03, 0.,
       6.52741524e-04, 0., 0., 1.30548305e-03, 6.52741524e-04,
       1.95822446e-03, 6.52741524e-04, 1.30548305e-03, 6.52741524e-04,
       6.52741524e-04, 6.52741524e-04, 1.95822446e-03, 6.52741524e-04,
       1.30548305e-03, 6.52741524e-04, 6.52741524e-04, 0., 0.,
       6.52741524e-04, 1.30548305e-03, 2.61096610e-03, 0., 0.,
       1.30548305e-03, 0., 0., 1.95822446e-03, 6.52741524e-04,
       1.30548305e-03, 1.95822446e-03, 1.95822446e-03, 0.,
       1.30548305e-03, 6.52741524e-04, 3.91644891e-03, 1.30548305e-03,
       1.30548305e-03, 1.30548305e-03, 1.95822446e-03, 2.61096610e-03,
       1.30548305e-03, 6.52741524e-04, 1.30548305e-03, 0., 0.,
       6.52741524e-04, 0., 3.26370774e-03, 0., 0., 1.30548305e-03,
       6.52741524e-04, 0., 1.30548305e-03, 0., 0., 1.30548305e-03,
       1.30548305e-03, 1.95822446e-03, 1.30548305e-03, 0.,
       1.30548305e-03, 6.52741524e-04, 6.52741524e-04, 6.52741524e-04,
       1.95822446e-03, 3.26370774e-03, 0., 6.52741524e-04,
       1.30548305e-03, 6.52741524e-04, 1.30548305e-03, 1.30548305e-03,
       0., 0., 0., 1.30548305e-03, 6.52741524e-04, 6.52741524e-04,
       6.52741524e-04, 3.26370774e-03, 1.95822446e-03, 1.30548305e-03,
       3.26370774e-03, 0., 6.52741524e-04, 1.30548305e-03,
       1.30548305e-03, 6.52741524e-04, 6.52741524e-04, 0.,
       6.52741524e-04, 6.52741524e-04, 0., 2.61096610e-03,
       3.26370774e-03, 1.30548305e-03, 6.52741524e-04, 1.30548305e-03,
       1.95822446e-03, 6.52741524e-04, 6.52741524e-04, 2.61096610e-03,
       6.52741524e-04, 1.30548305e-03, 0., 0., 1.30548305e-03,
       6.52741524e-04, 2.61096610e-03, 0., 2.61096610e-03,
       6.52741524e-04, 1.30548305e-03, 6.52741524e-04, 1.95822446e-03,
       6.52741524e-04, 1.95822446e-03, 1.30548305e-03, 6.52741524e-04,
       0., 1.95822446e-03, 0., 6.52741524e-04, 1.95822446e-03,
       1.95822446e-03, 1.30548305e-03, 1.95822446e-03, 1.95822446e-03,
       1.95822446e-03, 1.30548305e-03, 1.95822446e-03, 1.30548305e-03,
       0., 1.30548305e-03, 1.30548305e-03, 1.30548305e-03, 0.,
       1.30548305e-03, 6.52741524e-04, 0., 6.52741524e-04,
       1.30548305e-03, 2.61096610e-03, 0., 0., 3.91644891e-03,
       2.61096610e-03, 1.30548305e-03, 2.61096610e-03, 1.30548305e-03,
       1.95822446e-03, 6.52741524e-04, 2.61096610e-03, 0., 0., 0.,
       1.30548305e-03, 0., 6.52741524e-04, 3.91644891e-03,
       1.95822446e-03, 0., 1.95822446e-03, 1.30548305e-03, 0.,
       3.26370774e-03, 3.91644891e-03, 6.52741524e-04, 4.56919055e-03,
       6.52741524e-04, 0., 0., 6.52741524e-04, 2.61096610e-03,
       6.52741524e-04, 0., 2.61096610e-03, 0., 1.95822446e-03, 0., 0.,
       6.52741524e-04, 0., 0., 1.95822446e-03, 1.95822446e-03,
       1.95822446e-03, 2.61096610e-03, 0., 6.52741524e-04,
       3.91644891e-03, 1.95822446e-03, 1.30548305e-03, 0., 0.,
       2.61096610e-03, 6.52741524e-04, 1.95822446e-03, 1.30548305e-03,
       6.52741524e-04, 6.52741524e-04, 0., 0., 2.61096610e-03,
       1.95822446e-03, 6.52741524e-04, 0., 1.95822446e-03,
       6.52741524e-04, 0., 0., 0., 1.95822446e-03, 2.61096610e-03,
       6.52741524e-04, 0., 0., 5.22193220e-03, 6.52741524e-04,
       6.52741524e-04, 1.95822446e-03, 6.52741524e-04, 0., 0.,
       1.30548305e-03, 0., 0., 1.30548305e-03, 6.52741524e-04,
       1.30548305e-03, 6.52741524e-04, 6.52741524e-04, 2.61096610e-03,
       1.95822446e-03, 0., 0., 6.52741524e-04, 6.52741524e-04,
       1.95822446e-03, 1.30548305e-03, 0., 1.30548305e-03,
       1.95822446e-03, 1.30548305e-03, 6.52741524e-04, 1.95822446e-03,
       6.52741524e-04, 1.30548305e-03, 1.95822446e-03, 1.30548305e-03,
       1.30548305e-03, 1.95822446e-03, 6.52741524e-04, 1.30548305e-03,
       6.52741524e-04, 1.30548305e-03, 0., 6.52741524e-04,
       3.26370774e-03, 1.30548305e-03, 1.30548305e-03, 2.61096610e-03,
       0., 1.95822446e-03, 6.52741524e-04, 6.52741524e-04,
       4.56919055e-03, 6.52741524e-04, 6.52741524e-04, 3.26370774e-03,
       2.61096610e-03, 1.30548305e-03, 0., 2.61096610e-03,
       2.61096610e-03, 6.52741524e-04, 0., 1.95822446e-03,
       3.91644891e-03, 1.95822446e-03, 6.52741524e-04, 0., 0.,
       3.26370774e-03, 1.30548305e-03, 2.61096610e-03, 6.52741524e-04,
       0., 6.52741524e-04, 6.52741524e-04, 6.52741524e-04,
       1.30548305e-03, 6.52741524e-04, 1.95822446e-03, 0.,
       6.52741524e-04, 6.52741524e-04, 1.95822446e-03, 1.95822446e-03,
       0., 0., 0., 0., 0., 6.52741524e-04, 3.26370774e-03,
       1.30548305e-03, 2.61096610e-03, 1.30548305e-03, 0., 0.,
       2.61096610e-03, 1.30548305e-03, 0., 0., 6.52741524e-04,
       3.26370774e-03, 4.56919055e-03, 4.56919055e-03, 1.30548305e-03,
       1.95822446e-03, 6.52741524e-04, 6.52741524e-04, 1.30548305e-03,
       1.30548305e-03, 1.95822446e-03, 1.95822446e-03, 1.95822446e-03,
       1.30548305e-03, 1.95822446e-03, 1.30548305e-03, 2.61096610e-03,
       6.52741524e-04, 2.61096610e-03, 1.30548305e-03, 6.52741524e-04,
       1.95822446e-03, 1.95822446e-03, 6.52741524e-04, 3.26370774e-03,
       2.61096610e-03, 4.56919055e-03, 2.61096610e-03, 1.95822446e-03,
       3.91644891e-03, 1.30548305e-03, 0., 1.95822446e-03, 0.,
       6.52741524e-04, 6.52741524e-04, 2.61096610e-03, 1.30548305e-03,
       1.30548305e-03, 0., 1.30548305e-03, 1.30548305e-03,
       1.30548305e-03, 0., 3.26370774e-03, 3.26370774e-03,
       1.30548305e-03, 6.52741524e-04, 6.52741524e-04, 2.61096610e-03,
       6.52741524e-04, 6.52741524e-04, 6.52741524e-04, 1.95822446e-03,
       3.91644891e-03, 3.26370774e-03, 0., 1.30548305e-03,
       2.61096610e-03, 1.95822446e-03, 1.95822446e-03, 0.,
       3.26370774e-03, 1.30548305e-03, 0., 6.52741524e-04,
       1.30548305e-03, 0., 1.95822446e-03, 1.95822446e-03,
       1.30548305e-03, 0., 0., 6.52741524e-04, 6.52741524e-04,
       3.91644891e-03, 6.52741524e-04, 6.52741524e-04, 0.,
       1.95822446e-03, 6.52741524e-04, 1.30548305e-03, 0.,
       6.52741524e-04, 2.61096610e-03, 1.95822446e-03, 1.30548305e-03,
