%YAML:1.0
m100f: !!opencv-matrix
   rows: 1
   cols: 800
   dt: f
   data: [ 1.08108111e-03, 1.08108111e-03, 0., 1.08108111e-03,
       1.08108111e-03, 5.40540554e-03, 1.08108111e-03, 1.08108111e-02,
       0., 5.40540554e-03, 2.16216221e-03, 1.08108111e-03, 0., 0.,
       1.08108111e-03, 1.08108111e-03, 0., 1.08108111e-03, 0.,
       1.08108111e-03, 2.16216221e-03, 2.16216221e-03, 0., 0.,
       2.16216221e-03, 1.08108111e-03, 1.08108111e-03, 1.08108111e-03,
       2.16216221e-03, 0., 2.16216221e-03, 2.16216221e-03, 0., 0.,
       2.16216221e-03, 1.08108111e-03, 0., 0., 4.32432443e-03,
       1.08108111e-03, 1.08108111e-03, 1.08108111e-03, 0.,
       4.32432443e-03, 3.24324332e-03, 3.24324332e-03, 0.,
       2.16216221e-03, 0., 1.08108111e-03, 0., 1.08108111e-03,
       4.32432443e-03, 1.08108111e-03, 0., 3.24324332e-03, 0.,
       4.32432443e-03, 0., 2.16216221e-03, 2.16216221e-03,
       2.16216221e-03, 0., 3.24324332e-03, 0., 1.08108111e-03,
       4.32432443e-03, 2.16216221e-03, 3.24324332e-03, 4.32432443e-03,
       2.16216221e-03, 2.16216221e-03, 2.16216221e-03, 6.48648664e-03,
       1.08108111e-03, 1.08108111e-03, 2.16216221e-03, 6.48648664e-03,
       0., 2.16216221e-03, 1.08108111e-03, 3.24324332e-03, 0.,
       1.08108111e-03, 1.08108111e-03, 0., 2.16216221e-03,
       1.08108111e-03, 3.24324332e-03, 1.08108111e-03, 0., 0.,
       1.08108111e-03, 1.08108111e-03, 0., 3.24324332e-03,
       1.08108111e-03, 1.08108111e-03, 1.08108111e-03, 1.08108111e-03,
       1.08108111e-03, 1.08108111e-03, 0., 3.24324332e-03,
       2.16216221e-03, 0., 1.08108111e-03, 1.08108111e-03,
       1.08108111e-03, 0., 1.08108111e-03, 1.08108111e-03, 0.,
       1.08108111e-03, 2.16216221e-03, 4.32432443e-03, 1.08108111e-03,
       0., 0., 1.08108111e-03, 1.08108111e-03, 1.08108111e-03, 0.,
       2.16216221e-03, 2.16216221e-03, 1.08108111e-03, 5.40540554e-03,
       0., 0., 2.16216221e-03, 1.08108111e-03, 6.48648664e-03,
       1.08108111e-03, 0., 2.16216221e-03, 0., 0., 1.08108111e-03,
       2.16216221e-03, 3.24324332e-03, 0., 0., 2.16216221e-03, 0., 0.,
       1.08108111e-03, 0., 0., 1.08108111e-03, 0., 1.08108111e-03,
       2.16216221e-03, 1.08108111e-03, 1.08108111e-03, 1.08108111e-03,
       0., 0., 0., 1.08108111e-03, 6.48648664e-03, 1.08108111e-03, 0.,
       3.24324332e-03, 5.40540554e-03, 3.24324332e-03, 1.08108111e-03,
       2.16216221e-03, 1.08108111e-03, 2.16216221e-03, 1.08108111e-03,
       0., 0., 0., 0., 0., 0., 1.08108111e-03, 2.16216221e-03, 0., 0.,
       0., 1.08108111e-03, 0., 2.16216221e-03, 1.08108111e-03, 0.,
       2.16216221e-03, 1.08108111e-03, 0., 0., 1.08108111e-03,
       3.24324332e-03, 1.08108111e-03, 0., 4.32432443e-03,
       1.08108111e-03, 0., 2.16216221e-03, 1.08108111e-03,
       1.08108111e-03, 1.08108111e-03, 0., 0., 1.08108111e-03,
       4.32432443e-03, 2.16216221e-03, 1.08108111e-03, 2.16216221e-03,
       1.08108111e-03, 1.08108111e-03, 1.08108111e-03, 0.,
       1.08108111e-03, 0., 0., 1.08108111e-03, 3.24324332e-03,
       1.08108111e-03, 4.32432443e-03, 2.16216221e-03, 0.,
       2.16216221e-03, 0., 1.08108111e-03, 0., 3.24324332e-03,
       1.08108111e-03, 0., 1.08108111e-03, 0., 0., 0., 5.40540554e-03,
       0., 1.08108111e-03, 1.08108111e-03, 4.32432443e-03,
       2.16216221e-03, 0., 0., 1.08108111e-03, 0., 3.24324332e-03,
       2.16216221e-03, 0., 0., 1.08108111e-03, 1.08108111e-03,
       1.08108111e-03, 2.16216221e-03, 0., 0., 0., 0., 3.24324332e-03,
       3.24324332e-03, 0., 0., 1.08108111e-03, 1.08108111e-03,
       1.08108111e-03, 0., 6.48648664e-03, 0., 0., 1.08108111e-03, 0.,
       1.08108111e-03, 0., 2.16216221e-03, 1.08108111e-03, 0.,
       3.24324332e-03, 0., 2.16216221e-03, 0., 0., 4.32432443e-03,
       2.16216221e-03, 0., 0., 0., 1.08108111e-03, 0., 2.16216221e-03,
       0., 3.24324332e-03, 1.08108111e-03, 1.08108111e-03, 0.,
       3.24324332e-03, 1.08108111e-03, 0., 0., 0., 9.72972997e-03,
       2.16216221e-03, 1.08108111e-03, 0., 4.32432443e-03,
       1.08108111e-03, 3.24324332e-03, 1.08108111e-03, 0., 0.,
       1.08108111e-03, 1.08108111e-03, 0., 0., 1.08108111e-03,
       1.08108111e-02, 0., 0., 2.16216221e-03, 2.16216221e-03,
       2.16216221e-03, 0., 2.16216221e-03, 1.08108111e-03,
       2.16216221e-03, 2.16216221e-03, 2.16216221e-03, 0., 0.,
       7.56756775e-03, 1.08108111e-03, 0., 0., 3.24324332e-03, 0., 0.,
       2.16216221e-03, 0., 1.08108111e-03, 0., 2.16216221e-03,
       2.16216221e-03, 2.16216221e-03, 0., 1.08108111e-03,
       1.08108111e-03, 1.08108111e-03, 0., 0., 0., 1.08108111e-03, 0.,
       0., 1.08108111e-03, 0., 2.16216221e-03, 1.08108111e-03, 0.,
       2.16216221e-03, 2.16216221e-03, 0., 0., 2.16216221e-03,
       1.08108111e-03, 1.08108111e-03, 0., 1.08108111e-03, 0., 0., 0.,
       0., 2.16216221e-03, 3.24324332e-03, 2.16216221e-03, 0.,
       1.08108111e-03, 1.08108111e-03, 3.24324332e-03, 1.08108111e-03,
       0., 0., 0., 0., 1.08108111e-03, 1.08108111e-03, 1.08108111e-03,
       0., 5.40540554e-03, 0., 2.16216221e-03, 0., 1.08108111e-03,
       1.08108111e-03, 2.16216221e-03, 2.16216221e-03, 0., 0., 0., 0.,
       1.08108111e-03, 1.08108111e-03, 1.08108111e-03, 1.08108111e-03,
       1.08108111e-03, 1.08108111e-03, 1.08108111e-03, 1.08108111e-03,
       0., 0., 0., 0., 1.08108111e-03, 2.16216221e-03, 1.08108111e-03,
       1.08108111e-03, 0., 2.16216221e-03, 0., 0., 0., 1.08108111e-03,
       0., 3.24324332e-03, 0., 2.16216221e-03, 0., 0., 1.08108111e-03,
       0., 0., 4.32432443e-03, 0., 0., 1.08108111e-03, 6.48648664e-03,
       0., 0., 1.08108111e-03, 1.08108111e-03, 0., 1.29729733e-02,
       1.08108111e-03, 0., 0., 3.24324332e-03, 0., 1.08108111e-03,
       1.08108111e-03, 0., 0., 4.32432443e-03, 3.24324332e-03,
       4.32432443e-03, 0., 2.16216221e-03, 1.08108111e-03,
       1.08108111e-03, 0., 0., 2.16216221e-03, 0., 1.08108111e-03, 0.,
       1.08108111e-03, 0., 0., 2.16216221e-03, 1.08108111e-03,
       1.08108111e-03, 0., 2.16216221e-03, 2.16216221e-03, 0.,
       1.08108111e-03, 0., 0., 0., 0., 1.08108111e-03, 0., 0.,
       1.08108111e-03, 2.16216221e-03, 1.08108111e-03, 1.08108111e-03,
       2.16216221e-03, 2.16216221e-03, 0., 0., 1.08108111e-03, 0.,
       1.08108111e-03, 1.08108111e-03, 0., 1.08108111e-03, 0., 0., 0.,
       1.08108111e-03, 2.16216221e-03, 1.08108111e-03, 0.,
       1.08108111e-03, 0., 0., 1.08108111e-03, 4.32432443e-03, 0., 0.,
       1.08108111e-03, 1.08108111e-02, 0., 0., 2.16216221e-03,
       7.56756775e-03, 0., 1.08108111e-03, 0., 2.16216221e-03,
       2.16216221e-03, 0., 1.08108111e-03, 1.08108111e-03, 0.,
       2.16216221e-03, 0., 1.08108111e-03, 0., 1.08108111e-03,
       2.16216221e-03, 1.08108111e-03, 0., 2.16216221e-03,
       1.08108111e-03, 0., 0., 1.08108111e-03, 0., 2.16216221e-03,
       3.24324332e-03, 1.08108111e-03, 2.16216221e-03, 3.24324332e-03,
       1.08108111e-03, 2.16216221e-03, 2.16216221e-03, 1.08108111e-03,
       1.08108111e-03, 0., 1.08108111e-03, 0., 0., 1.08108111e-03, 0.,
       2.16216221e-03, 0., 2.16216221e-03, 0., 2.16216221e-03, 0.,
       2.16216221e-03, 2.16216221e-03, 1.08108111e-03, 2.16216221e-03,
       1.08108111e-03, 1.08108111e-03, 4.32432443e-03, 1.08108111e-03,
       1.08108111e-03, 2.16216221e-03, 1.08108111e-03, 1.08108111e-03,
       4.32432443e-03, 3.24324332e-03, 1.08108111e-03, 0., 0., 0.,
       2.16216221e-03, 0., 2.16216221e-03, 3.24324332e-03, 0., 0.,
       1.08108111e-03, 3.24324332e-03, 0., 2.16216221e-03,
       1.08108111e-03, 3.24324332e-03, 0., 1.08108111e-03,
       3.24324332e-03, 1.08108111e-03, 1.08108111e-03, 1.08108111e-03,
       0., 4.32432443e-03, 2.16216221e-03, 0., 0., 0., 0.,
       3.24324332e-03, 1.08108111e-03, 0., 0., 1.08108111e-03, 0.,
       3.24324332e-03, 0., 3.24324332e-03, 1.08108111e-03,
       1.08108111e-03, 0., 0., 3.24324332e-03, 0., 0., 2.16216221e-03,
       1.08108111e-03, 2.16216221e-03, 0., 2.16216221e-03, 0.,
       2.16216221e-03, 0., 0., 2.16216221e-03, 3.24324332e-03, 0., 0.,
