%YAML:1.0
m50n: !!opencv-matrix
   rows: 1
   cols: 800
   dt: f
   data: [ 0., 0., 0., 1.71232875e-03, 2.56849313e-03, 8.56164377e-04,
       8.56164377e-04, 3.42465751e-03, 8.56164377e-04, 3.42465751e-03,
       0., 0., 0., 2.56849313e-03, 6.84931502e-03, 0., 4.28082189e-03,
       1.71232875e-03, 0., 0., 0., 0., 9.41780768e-03, 2.56849313e-03,
       0., 0., 0., 0., 0., 8.56164377e-04, 0., 0., 0., 5.99315064e-03,
       0., 8.56164377e-04, 0., 8.56164377e-04, 3.42465751e-03, 0., 0.,
       8.56164377e-04, 0., 2.56849313e-03, 0., 8.56164377e-04,
       8.56164377e-04, 0., 3.42465751e-03, 0., 1.71232875e-03, 0.,
       3.42465751e-03, 9.41780768e-03, 5.13698626e-03, 0., 0., 0.,
       2.56849313e-03, 0., 5.99315064e-03, 4.28082189e-03, 0., 0.,
       8.56164377e-03, 3.42465751e-03, 0., 0., 2.56849313e-03,
       8.56164377e-04, 8.56164377e-04, 8.56164377e-04, 0.,
       8.56164377e-04, 0., 1.71232875e-03, 1.62671227e-02, 0., 0.,
       8.56164377e-04, 0., 0., 0., 1.71232875e-03, 6.84931502e-03,
       8.56164377e-04, 8.56164377e-04, 0., 0., 0., 0., 0., 0.,
       3.42465751e-03, 0., 8.56164377e-04, 1.71232875e-03, 0., 0.,
       6.84931502e-03, 4.28082189e-03, 0., 3.42465751e-03, 0., 0.,
       1.19863013e-02, 0., 2.56849313e-03, 0., 0., 0., 0.,
       8.56164377e-04, 0., 8.56164377e-04, 0., 0., 8.56164377e-04,
       8.56164377e-04, 0., 3.42465751e-03, 3.42465751e-03, 0., 0.,
       2.56849313e-03, 0., 2.56849313e-03, 0., 0., 0., 1.71232875e-03,
       1.71232875e-03, 1.71232875e-03, 0., 4.28082189e-03, 0., 0., 0.,
       0., 8.56164377e-04, 0., 1.71232875e-03, 8.56164377e-04,
       1.71232875e-03, 0., 1.71232875e-03, 0., 1.71232875e-03, 0.,
       8.56164377e-04, 2.56849313e-03, 0., 2.56849313e-03,
       1.71232875e-03, 8.56164377e-04, 0., 8.56164377e-04,
       2.56849313e-03, 1.71232875e-03, 0., 8.56164377e-04,
       1.71232875e-03, 8.56164377e-04, 0., 8.56164377e-04,
       1.71232875e-03, 1.71232875e-03, 6.84931502e-03, 0.,
       8.56164377e-04, 0., 8.56164377e-04, 8.56164377e-04,
       5.13698626e-03, 8.56164377e-04, 0., 0., 1.71232875e-03,
       9.41780768e-03, 0., 0., 8.56164377e-04, 1.71232875e-03, 0., 0.,
       3.42465751e-03, 0., 8.56164377e-04, 0., 0., 0., 8.56164377e-04,
       1.71232875e-03, 1.71232875e-03, 3.42465751e-03, 0., 0., 0., 0.,
       0., 1.71232875e-03, 0., 0., 3.42465751e-03, 0., 0.,
       6.84931502e-03, 1.71232875e-03, 0., 0., 0., 0., 8.56164377e-04,
       8.56164377e-04, 2.56849313e-03, 0., 0., 0., 3.42465751e-03, 0.,
       0., 0., 3.42465751e-03, 8.56164377e-04, 8.56164377e-04,
       8.56164377e-04, 0., 7.70547939e-03, 1.71232875e-03,
       8.56164377e-04, 0., 2.56849313e-03, 0., 0., 0., 2.56849313e-03,
       0., 0., 8.56164377e-04, 0., 1.71232875e-03, 0., 0.,
       1.71232875e-03, 0., 1.71232875e-03, 0., 5.99315064e-03, 0., 0.,
       0., 0., 0., 8.56164377e-04, 8.56164377e-04, 0., 8.56164377e-04,
       8.56164377e-04, 4.28082189e-03, 8.56164377e-04, 2.56849313e-03,
       0., 0., 8.56164377e-04, 2.56849313e-03, 8.56164377e-04, 0., 0.,
       2.56849313e-03, 1.36986300e-02, 0., 0., 0., 0., 0.,
       7.70547939e-03, 2.56849313e-03, 2.56849313e-03, 3.42465751e-03,
       0., 0., 8.56164377e-04, 0., 0., 1.71232875e-03, 1.71232875e-03,
       0., 8.56164377e-04, 1.71232875e-03, 0., 0., 0., 0.,
       4.28082189e-03, 0., 0., 8.56164377e-04, 0., 0., 0.,
       8.56164377e-04, 0., 8.56164377e-04, 0., 4.28082189e-03, 0., 0.,
       5.13698626e-03, 0., 2.56849313e-03, 8.56164377e-04, 0., 0., 0.,
       0., 8.56164377e-04, 0., 1.19863013e-02, 8.56164377e-04,
       8.56164377e-04, 0., 0., 8.56164377e-04, 0., 1.71232875e-03,
       1.02739725e-02, 8.56164377e-04, 8.56164377e-04, 0.,
       2.56849313e-03, 8.56164377e-04, 0., 0., 0., 8.56164377e-04, 0.,
       8.56164377e-04, 0., 0., 0., 0., 0., 8.56164377e-04, 0., 0., 0.,
       0., 8.56164377e-04, 8.56164377e-04, 8.56164377e-04,
       8.56164377e-04, 2.56849313e-03, 5.99315064e-03, 2.56849313e-03,
       0., 0., 1.71232875e-03, 0., 1.71232875e-03, 0., 0.,
       8.56164377e-04, 3.42465751e-03, 2.56849313e-03, 4.28082189e-03,
       0., 8.56164377e-04, 0., 0., 0., 0., 5.13698626e-03,
       9.41780768e-03, 0., 0., 8.56164377e-04, 0., 8.56164377e-04, 0.,
       8.56164377e-04, 1.71232875e-03, 0., 0., 3.42465751e-03, 0.,
       1.71232875e-03, 0., 8.56164377e-04, 0., 8.56164377e-04,
       8.56164377e-04, 1.71232875e-03, 0., 0., 0., 8.56164377e-04,
       9.41780768e-03, 2.56849313e-03, 0., 0., 0., 0., 0., 0.,
       8.56164377e-04, 8.56164377e-04, 0., 1.71232875e-03, 0., 0.,
       8.56164377e-04, 0., 0., 8.56164377e-04, 8.56164377e-04, 0., 0.,
       3.42465751e-03, 3.42465751e-03, 0., 0., 8.56164377e-04,
       5.13698626e-03, 0., 0., 0., 3.42465751e-03, 0., 1.71232875e-03,
       0., 0., 0., 5.13698626e-03, 8.56164377e-04, 8.56164377e-04, 0.,
       8.56164377e-04, 0., 0., 8.56164377e-04, 8.56164377e-04,
       8.56164377e-04, 5.13698626e-03, 0., 4.28082189e-03,
       1.19863013e-02, 0., 0., 0., 2.56849313e-03, 0., 8.56164377e-04,
       0., 0., 7.70547939e-03, 0., 0., 1.71232875e-03, 0., 0., 0.,
       8.56164377e-04, 0., 0., 2.56849313e-03, 0., 0., 2.56849313e-03,
       0., 7.70547939e-03, 0., 0., 8.56164377e-04, 0., 0., 0.,
       1.02739725e-02, 8.56164377e-04, 8.56164377e-04, 8.56164377e-04,
       0., 8.56164377e-04, 8.56164377e-04, 8.56164377e-04,
       1.71232875e-03, 0., 0., 1.71232875e-03, 4.28082189e-03,
       6.84931502e-03, 0., 8.56164377e-04, 8.56164377e-04,
       2.56849313e-03, 8.56164377e-04, 8.56164377e-04, 8.56164377e-04,
       0., 0., 8.56164377e-04, 5.13698626e-03, 0., 8.56164377e-04,
       8.56164377e-04, 0., 3.42465751e-03, 8.56164377e-04, 0.,
       8.56164377e-04, 8.56164377e-04, 1.71232875e-03, 1.71232875e-03,
       2.56849313e-03, 8.56164377e-04, 0., 1.71232875e-03,
       1.71232875e-03, 3.42465751e-03, 0., 1.71232875e-03, 0.,
       8.56164377e-04, 1.02739725e-02, 0., 2.56849313e-03,
       8.56164377e-04, 1.71232875e-03, 8.56164377e-04, 1.71232875e-03,
       4.28082189e-03, 0., 0., 0., 8.56164377e-04, 8.56164377e-04,
       8.56164377e-04, 2.56849313e-03, 5.13698626e-03, 8.56164377e-04,
       0., 0., 8.56164377e-04, 0., 1.19863013e-02, 0., 0.,
       8.56164377e-04, 8.56164377e-04, 4.28082189e-03, 0., 0., 0.,
       2.56849313e-03, 0., 8.56164377e-03, 8.56164377e-04,
       2.56849313e-03, 1.71232875e-03, 3.42465751e-03, 8.56164377e-04,
       1.71232875e-03, 0., 1.71232875e-03, 0., 8.56164377e-04,
       3.42465751e-03, 0., 8.56164377e-04, 0., 2.56849313e-03,
       8.56164377e-04, 0., 8.56164377e-04, 0., 8.56164377e-04, 0., 0.,
       1.71232875e-03, 0., 1.71232875e-03, 0., 0., 0., 4.28082189e-03,
       1.71232875e-03, 8.56164377e-04, 0., 0., 0., 2.56849313e-03, 0.,
       0., 1.71232875e-03, 1.71232875e-03, 2.56849313e-03, 0., 0.,
       8.56164377e-04, 8.56164377e-04, 8.56164377e-04, 0., 0., 0., 0.,
       8.56164377e-03, 0., 0., 0., 0., 3.42465751e-03, 8.56164377e-04,
       1.71232875e-03, 1.71232875e-03, 0., 2.56849313e-03,
       8.56164377e-04, 0., 2.56849313e-03, 1.71232875e-03,
       2.56849313e-03, 0., 0., 1.28424652e-02, 0., 0., 0.,
       2.56849313e-03, 0., 8.56164377e-04, 4.28082189e-03,
       2.56849313e-03, 0., 0., 5.99315064e-03, 0., 0., 8.56164377e-04,
       8.56164377e-04, 1.71232875e-03, 1.71232875e-03, 8.56164377e-04,
       8.56164377e-04, 0., 0., 0., 1.71232875e-03, 0., 1.71232875e-03,
       1.71232875e-03, 0., 0., 0., 0., 2.56849313e-03, 0.,
       1.71232875e-03, 0., 8.56164377e-04, 0., 0., 8.56164377e-04, 0.,
       1.71232875e-03, 5.13698626e-03, 0., 0., 1.71232875e-03, 0., 0.,
       0., 1.71232875e-03, 1.71232875e-03, 0., 3.42465751e-03, 0., 0.,
       1.71232875e-03, 0., 1.71232875e-03, 8.56164377e-04,
       5.13698626e-03, 0., 0., 0., 0., 1.71232875e-03, 8.56164377e-04,
       8.56164377e-04, 0., 0., 2.56849313e-03, 3.42465751e-03,
       2.56849313e-03, 8.56164377e-04, 1.71232875e-03, 8.56164377e-04,
       2.56849313e-03, 0., 0., 8.56164377e-04, 0., 0., 0., 0., 0., 0.,
