%YAML:1.0
m50n: !!opencv-matrix
   rows: 1
   cols: 800
   dt: f
   data: [ 3.17561120e-04, 1.58780557e-03, 9.52683389e-04,
       9.52683389e-04, 6.35122240e-04, 2.54048896e-03, 1.90536678e-03,
       0., 6.35122240e-04, 9.52683389e-04, 0., 9.52683389e-04,
       1.90536678e-03, 6.35122240e-04, 1.58780557e-03, 3.81073356e-03,
       6.35122240e-04, 3.17561120e-04, 3.17561120e-04, 1.58780557e-03,
       3.17561120e-04, 6.35122240e-04, 1.27024448e-03, 1.58780557e-03,
       9.52683389e-04, 9.52683389e-04, 1.27024448e-03, 9.52683389e-04,
       9.52683389e-04, 9.52683389e-04, 6.35122240e-04, 2.54048896e-03,
       0., 3.17561120e-04, 1.27024448e-03, 1.90536678e-03,
       6.35122240e-04, 1.27024448e-03, 9.52683389e-04, 0.,
       3.17561120e-04, 5.08097792e-03, 9.52683389e-04, 1.58780557e-03,
       1.27024448e-03, 1.58780557e-03, 2.22292775e-03, 4.76341695e-03,
       6.35122240e-04, 4.12829453e-03, 3.17561114e-03, 3.17561114e-03,
       9.52683389e-04, 3.17561120e-04, 0., 9.52683389e-04,
       1.27024448e-03, 2.22292775e-03, 3.17561120e-04, 9.52683389e-04,
       9.52683389e-04, 2.85805017e-03, 1.58780557e-03, 6.35122240e-04,
       1.58780557e-03, 6.35122240e-04, 0., 6.35122240e-04,
       1.27024448e-03, 2.85805017e-03, 1.90536678e-03, 9.52683389e-04,
       3.17561114e-03, 9.52683389e-04, 9.52683389e-04, 1.58780557e-03,
       0., 1.27024448e-03, 9.52683389e-04, 6.35122240e-04,
       1.27024448e-03, 0., 3.17561120e-04, 0., 2.54048896e-03,
       1.90536678e-03, 6.35122240e-04, 2.22292775e-03, 1.90536678e-03,
       3.17561114e-03, 1.27024448e-03, 6.35122240e-04, 6.35122240e-04,
       6.35122240e-04, 1.27024448e-03, 1.58780557e-03, 1.58780557e-03,
       6.35122240e-04, 1.27024448e-03, 3.17561120e-04, 2.22292775e-03,
       2.54048896e-03, 2.22292775e-03, 6.35122240e-04, 9.52683389e-04,
       3.49317235e-03, 1.58780557e-03, 0., 1.27024448e-03,
       3.17561120e-04, 1.58780557e-03, 1.58780557e-03, 9.52683389e-04,
       6.35122240e-04, 1.90536678e-03, 0., 9.52683389e-04,
       1.58780557e-03, 3.81073356e-03, 4.76341695e-03, 0.,
       2.54048896e-03, 3.17561120e-04, 6.35122240e-04, 1.90536678e-03,
       9.52683389e-04, 2.54048896e-03, 3.17561120e-04, 2.22292775e-03,
       2.85805017e-03, 2.54048896e-03, 6.35122240e-04, 3.17561120e-04,
       6.35122240e-04, 6.35122240e-04, 1.58780557e-03, 3.17561120e-04,
       9.52683389e-04, 1.27024448e-03, 9.52683389e-04, 0.,
       2.85805017e-03, 1.27024448e-03, 1.27024448e-03, 9.52683389e-04,
       9.52683389e-04, 0., 1.58780557e-03, 1.58780557e-03,
       1.58780557e-03, 0., 1.90536678e-03, 9.52683389e-04,
       1.90536678e-03, 9.52683389e-04, 3.17561120e-04, 6.35122240e-04,
       6.35122240e-04, 9.52683389e-04, 3.17561120e-04, 0.,
       6.35122240e-04, 1.27024448e-03, 9.52683389e-04, 3.17561120e-04,
       6.35122240e-04, 3.17561120e-04, 6.35122228e-03, 6.35122240e-04,
       0., 2.54048896e-03, 2.85805017e-03, 3.17561120e-04, 0.,
       1.58780557e-03, 3.17561120e-04, 2.54048896e-03, 0.,
       3.17561120e-04, 3.49317235e-03, 2.22292775e-03, 1.27024448e-03,
       9.52683389e-04, 9.52683389e-04, 2.22292775e-03, 1.27024448e-03,
       5.08097792e-03, 0., 3.17561120e-04, 3.17561120e-04,
       1.90536678e-03, 4.12829453e-03, 1.58780557e-03, 9.52683389e-04,
       3.17561120e-04, 1.27024448e-03, 9.52683389e-04, 0.,
       2.85805017e-03, 1.27024448e-03, 1.90536678e-03, 1.58780557e-03,
       0., 9.52683389e-04, 6.35122240e-04, 4.12829453e-03,
       1.58780557e-03, 6.35122240e-04, 3.17561120e-04, 9.52683389e-04,
       3.17561120e-04, 9.52683389e-04, 6.35122240e-04, 1.90536678e-03,
       1.58780557e-03, 3.17561120e-04, 6.35122240e-04, 3.17561120e-04,
       1.27024448e-03, 1.27024448e-03, 3.17561120e-04, 6.35122240e-04,
       3.17561120e-04, 3.17561120e-04, 9.52683389e-04, 9.52683389e-04,
       1.27024448e-03, 1.27024448e-03, 6.35122240e-04, 2.85805017e-03,
       0., 3.17561120e-04, 2.54048896e-03, 2.22292775e-03,
       3.17561114e-03, 6.35122240e-04, 9.52683389e-04, 1.90536678e-03,
       3.17561120e-04, 3.17561120e-04, 3.17561120e-04, 0.,
       1.27024448e-03, 5.71610034e-03, 2.22292775e-03, 1.27024448e-03,
       1.90536678e-03, 2.54048896e-03, 1.58780557e-03, 6.35122240e-04,
       4.12829453e-03, 6.35122240e-04, 6.35122240e-04, 2.22292775e-03,
       9.52683389e-04, 1.27024448e-03, 9.20927245e-03, 2.22292775e-03,
       3.17561120e-04, 1.27024448e-03, 3.17561114e-03, 6.35122240e-04,
       3.17561120e-04, 3.17561120e-04, 1.27024448e-03, 9.52683389e-04,
       9.52683389e-04, 1.27024448e-03, 0., 9.52683389e-04,
       3.17561120e-04, 1.90536678e-03, 1.58780557e-03, 1.90536678e-03,
       6.35122240e-04, 1.90536678e-03, 6.35122240e-04, 2.54048896e-03,
       1.58780557e-03, 6.35122240e-04, 3.17561120e-04, 1.58780557e-03,
       9.52683389e-04, 1.27024448e-03, 9.52683389e-04, 1.58780557e-03,
       9.52683389e-04, 1.27024448e-03, 6.35122240e-04, 3.17561120e-04,
       1.27024448e-03, 3.17561120e-04, 9.52683389e-04, 0.,
       1.58780557e-03, 9.52683389e-04, 9.52683389e-04, 6.35122240e-04,
       1.90536678e-03, 1.27024448e-03, 1.58780557e-03, 0.,
       2.22292775e-03, 6.35122240e-04, 1.58780557e-03, 1.90536678e-03,
       6.35122240e-04, 6.35122240e-04, 9.52683389e-04, 3.81073356e-03,
       9.52683389e-04, 3.17561120e-04, 0., 3.17561114e-03,
       1.58780557e-03, 3.17561120e-04, 1.58780557e-03, 6.35122240e-04,
       9.52683389e-04, 1.90536678e-03, 9.52683389e-04, 1.58780557e-03,
       6.35122240e-04, 6.35122240e-04, 9.52683389e-04, 3.17561120e-04,
       6.35122240e-04, 6.35122240e-04, 3.17561120e-04, 9.52683389e-04,
       9.52683389e-04, 1.90536678e-03, 5.71610034e-03, 9.52683389e-04,
       1.90536678e-03, 0., 3.17561120e-04, 6.35122240e-04,
       9.52683389e-04, 1.27024448e-03, 2.85805017e-03, 3.17561120e-04,
       1.58780557e-03, 9.52683389e-04, 2.85805017e-03, 1.27024448e-03,
       3.17561120e-04, 2.54048896e-03, 9.52683389e-04, 6.35122240e-04,
       3.17561120e-04, 1.58780557e-03, 3.17561120e-04, 1.27024448e-03,
       0., 6.35122240e-04, 3.49317235e-03, 1.90536678e-03,
       6.35122240e-04, 4.76341695e-03, 1.58780557e-03, 1.27024448e-03,
       6.35122240e-04, 1.58780557e-03, 9.52683389e-04, 1.27024448e-03,
       9.52683389e-04, 1.27024448e-03, 3.81073356e-03, 3.17561120e-04,
       9.52683389e-04, 1.90536678e-03, 1.58780557e-03, 1.27024448e-03,
       0., 9.52683389e-04, 6.35122240e-04, 9.52683389e-04,
       6.35122240e-04, 1.27024448e-03, 3.17561114e-03, 1.90536678e-03,
       1.27024448e-03, 3.17561120e-04, 9.52683389e-04, 1.58780557e-03,
       3.17561120e-04, 0., 5.39853889e-03, 6.35122240e-04,
       7.62146711e-03, 1.90536678e-03, 9.52683389e-04, 2.54048896e-03,
       1.27024448e-03, 0., 8.25658906e-03, 9.52683389e-04,
       3.17561120e-04, 1.27024448e-03, 6.35122240e-04, 1.27024448e-03,
       1.27024448e-03, 3.17561120e-04, 1.90536678e-03, 6.35122240e-04,
       0., 6.35122240e-04, 1.58780557e-03, 6.35122240e-04,
       3.17561114e-03, 1.27024448e-03, 3.17561114e-03, 5.71610034e-03,
       6.35122240e-04, 9.52683389e-04, 0., 9.52683389e-04,
       6.35122240e-04, 6.35122240e-04, 3.17561120e-04, 1.27024448e-03,
       2.22292775e-03, 3.17561120e-04, 2.22292775e-03, 0.,
       6.35122240e-04, 9.52683389e-04, 9.52683389e-03, 6.35122240e-04,
       3.17561120e-04, 7.30390567e-03, 9.52683389e-04, 9.52683389e-04,
       3.17561120e-04, 6.35122240e-04, 1.27024448e-03, 3.17561120e-04,
       6.35122240e-04, 1.58780557e-03, 0., 3.17561120e-04,
       3.17561120e-04, 3.17561120e-04, 0., 1.90536678e-03,
       3.17561120e-04, 9.52683389e-04, 3.17561120e-04, 9.52683389e-04,
       0., 9.52683389e-04, 1.27024448e-03, 2.22292775e-03,
       2.54048896e-03, 1.27024448e-03, 2.85805017e-03, 1.58780557e-03,
       1.90536678e-03, 1.27024448e-03, 9.52683389e-04, 1.90536678e-03,
       0., 0., 9.52683389e-04, 2.85805017e-03, 1.90536678e-03,
       6.35122240e-04, 3.17561120e-04, 9.52683389e-04, 2.85805017e-03,
