%YAML:1.0
m50n: !!opencv-matrix
   rows: 1
   cols: 800
   dt: f
   data: [ 0., 8.56898027e-04, 1.28534704e-03, 1.71379605e-03,
       1.71379605e-03, 0., 4.28449013e-04, 8.56898027e-04, 0.,
       5.56983706e-03, 5.56983706e-03, 8.56898027e-04, 0.,
       2.99914321e-03, 4.28449013e-04, 3.85604100e-03, 1.71379605e-03,
       0., 0., 4.28449013e-04, 0., 8.56898027e-04, 2.99914321e-03,
       4.28449013e-04, 2.57069408e-03, 8.56898027e-04, 2.14224495e-03,
       4.28449013e-04, 2.57069408e-03, 8.56898027e-04, 1.71379605e-03,
       1.28534704e-03, 2.14224495e-03, 1.71379605e-03, 1.28534704e-03,
       3.85604100e-03, 1.71379605e-03, 0., 8.56898027e-04, 0.,
       8.56898027e-04, 1.71379605e-03, 3.42759211e-03, 4.28449013e-04,
       4.28449013e-04, 1.71379605e-03, 0., 3.42759211e-03,
       8.56898027e-04, 0., 8.56898027e-04, 4.28449013e-04,
       2.14224495e-03, 1.28534704e-03, 4.28449013e-04, 8.56898027e-04,
       4.28449013e-04, 1.28534704e-03, 8.56898027e-04, 8.56898027e-04,
       3.85604100e-03, 8.56898027e-04, 1.71379605e-03, 3.85604100e-03,
       1.71379605e-03, 0., 1.28534704e-03, 0., 1.71379605e-03,
       1.71379605e-03, 0., 1.28534704e-03, 4.28449013e-04,
       1.28534704e-03, 8.56898027e-04, 8.56898027e-04, 0.,
       4.28449013e-04, 2.57069408e-03, 2.14224495e-03, 2.57069408e-03,
       0., 3.85604100e-03, 8.56898027e-04, 0., 2.99914321e-03,
       4.28449013e-04, 4.28449013e-04, 4.28448990e-03, 2.57069408e-03,
       0., 8.56898027e-04, 4.28449013e-04, 0., 1.71379605e-03,
       4.28449013e-04, 8.56898027e-04, 8.56898027e-04, 2.99914321e-03,
       0., 8.56898027e-04, 0., 0., 0., 8.56898027e-04, 3.42759211e-03,
       2.57069408e-03, 1.71379605e-03, 0., 1.28534704e-03,
       2.57069408e-03, 2.57069408e-03, 4.28449013e-04, 1.28534704e-03,
       4.28449013e-04, 4.28449013e-04, 4.28449013e-04, 4.28449013e-04,
       4.28449013e-04, 8.56898027e-04, 4.28449013e-04, 2.57069408e-03,
       7.28363311e-03, 2.14224495e-03, 0., 0., 1.71379605e-03,
       1.28534704e-03, 4.71293926e-03, 4.28449013e-04, 1.71379605e-03,
       1.28534704e-03, 1.28534704e-03, 8.56898027e-04, 3.42759211e-03,
       0., 3.42759211e-03, 0., 1.28534704e-03, 2.57069408e-03,
       4.28448990e-03, 8.56898027e-04, 0., 1.28534704e-03,
       1.28534704e-03, 0., 8.56898027e-04, 8.56898027e-04, 0.,
       4.28449013e-04, 0., 0., 2.14224495e-03, 3.85604100e-03,
       4.28449013e-04, 0., 0., 1.28534704e-03, 0., 3.42759211e-03, 0.,
       2.99914321e-03, 1.28534704e-03, 1.71379605e-03, 0.,
       2.57069408e-03, 0., 8.56898027e-04, 1.28534704e-03, 0.,
       4.28449013e-04, 4.28449013e-04, 1.28534704e-03, 0.,
       8.56898027e-04, 0., 0., 1.71379605e-03, 8.56898027e-04,
       4.28449013e-04, 5.99828642e-03, 2.14224495e-03, 4.28449013e-04,
       4.28449013e-04, 2.14224495e-03, 0., 2.99914321e-03,
       8.56898027e-04, 0., 4.28449013e-04, 8.56898027e-04, 0.,
       1.28534704e-03, 4.28449013e-04, 4.28449013e-04, 3.85604100e-03,
       1.28534704e-03, 1.28534704e-03, 4.28449013e-04, 4.28449013e-04,
       0., 3.42759211e-03, 2.57069408e-03, 2.14224495e-03,
       1.28534704e-03, 1.71379605e-03, 2.99914321e-03, 4.28449013e-04,
       8.56898027e-04, 4.28449013e-04, 2.99914321e-03, 2.14224495e-03,
       4.28449013e-04, 1.71379605e-03, 0., 1.28534704e-03,
       3.42759211e-03, 1.28534704e-03, 8.56898027e-04, 1.71379605e-03,
       1.71379605e-03, 2.14224495e-03, 1.71379605e-03, 8.56898027e-04,
       2.14224495e-03, 1.28534704e-03, 1.71379605e-03, 1.28534704e-03,
       1.28534704e-03, 8.56898027e-04, 4.28449013e-04, 8.56898027e-04,
       2.14224495e-03, 1.71379605e-03, 2.57069408e-03, 4.28449013e-04,
       3.85604100e-03, 8.56898027e-04, 3.42759211e-03, 4.28449013e-04,
       1.71379605e-03, 8.56898027e-04, 0., 4.28449013e-04, 0.,
       8.56898027e-04, 4.28449013e-04, 1.71379605e-03, 4.28449013e-04,
       3.42759211e-03, 8.56898027e-04, 5.14138816e-03, 1.28534704e-03,
       8.56898027e-04, 8.56898027e-04, 2.14224495e-03, 4.28448990e-03,
       8.56898027e-04, 1.28534704e-03, 2.99914321e-03, 2.57069408e-03,
       2.57069408e-03, 0., 3.42759211e-03, 2.14224495e-03,
       1.71379605e-03, 4.28449013e-04, 0., 0., 4.28449013e-04,
       1.28534704e-03, 0., 1.71379605e-03, 1.28534704e-03,
       8.56898027e-04, 8.56898027e-04, 0., 1.28534704e-03, 0.,
       3.42759211e-03, 4.28449013e-04, 1.28534704e-03, 8.56898027e-04,
       4.28449013e-04, 1.71379605e-03, 4.71293926e-03, 0.,
       8.56898027e-04, 8.56898027e-04, 4.28449013e-04, 8.56898027e-04,
       8.56898027e-04, 2.14224495e-03, 1.71379605e-03, 1.71379605e-03,
       2.14224495e-03, 4.71293926e-03, 1.71379605e-03, 2.14224495e-03,
       2.99914321e-03, 8.56898027e-04, 1.28534704e-03, 3.42759211e-03,
       0., 0., 0., 0., 4.28448990e-03, 2.99914321e-03, 0.,
       8.56898027e-04, 0., 8.56898027e-04, 1.28534704e-03,
       4.28449013e-04, 1.28534704e-03, 0., 1.71379605e-03,
       8.56898027e-04, 1.28534704e-03, 8.56898027e-04, 2.14224495e-03,
       8.56898027e-04, 8.56898027e-04, 4.28449013e-04, 4.28449013e-04,
       1.28534704e-03, 0., 0., 3.42759211e-03, 2.99914321e-03,
       4.28449013e-04, 4.28449013e-04, 2.14224495e-03, 8.56898027e-04,
       4.28449013e-04, 1.28534704e-03, 0., 1.71379605e-03, 0.,
       2.99914321e-03, 0., 2.57069408e-03, 1.71379605e-03,
       8.56898027e-04, 3.85604100e-03, 4.28449013e-04, 8.56898027e-04,
       1.28534704e-03, 4.28449013e-04, 0., 1.71379605e-03,
       8.56898027e-04, 1.28534704e-03, 2.14224495e-03, 0.,
       4.28448990e-03, 8.56898027e-04, 2.14224495e-03, 1.28534704e-03,
       4.71293926e-03, 8.56898027e-04, 4.71293926e-03, 0.,
       1.71379605e-03, 8.56898027e-04, 1.28534704e-03, 4.28449013e-04,
       0., 4.28449013e-04, 2.14224495e-03, 3.42759211e-03,
       1.71379605e-03, 2.14224495e-03, 1.71379605e-03, 0.,
       1.71379605e-03, 0., 8.56898027e-04, 0., 1.28534704e-03,
       4.28449013e-04, 8.56898027e-04, 0., 4.28449013e-04,
       1.28534704e-03, 4.28449013e-04, 0., 8.56898027e-04,
       8.56898027e-04, 1.71379605e-03, 1.28534704e-03, 8.56898027e-04,
       8.56898027e-04, 8.56898027e-04, 1.71379605e-03, 1.71379605e-03,
       8.56898027e-04, 4.28449013e-04, 1.28534704e-03, 0.,
       2.99914321e-03, 2.14224495e-03, 4.28449013e-04, 2.14224495e-03,
       2.14224495e-03, 2.57069408e-03, 8.56898027e-04, 0.,
       4.28449013e-04, 4.28449013e-04, 2.14224495e-03, 0.,
       8.99742916e-03, 1.71379605e-03, 0., 0., 1.71379605e-03, 0.,
       4.28449013e-04, 1.28534704e-03, 4.28449013e-04, 2.14224495e-03,
       4.28449013e-04, 1.28534704e-03, 0., 8.56898027e-04,
       4.28449013e-04, 0., 1.71379605e-03, 1.28534704e-03,
       1.28534704e-03, 4.28448990e-03, 0., 1.28534704e-03, 0., 0., 0.,
       2.14224495e-03, 0., 4.28449013e-04, 8.56898027e-04,
       2.14224495e-03, 4.28449013e-04, 0., 1.71379605e-03,
       1.28534704e-03, 4.28449013e-04, 1.28534704e-03, 1.71379605e-03,
       0., 4.28449013e-04, 4.28449013e-04, 4.28449013e-04,
       1.28534704e-03, 8.56898027e-04, 8.56898027e-04, 8.56898027e-04,
       4.28449013e-04, 2.57069408e-03, 1.71379605e-03, 1.71379605e-03,
       4.28449013e-04, 4.28449013e-04, 1.71379605e-03, 4.28449013e-04,
       4.28449013e-04, 2.14224495e-03, 8.56898027e-04, 3.85604100e-03,
       8.56898027e-04, 4.28449013e-04, 3.42759211e-03, 2.14224495e-03,
       8.56898027e-04, 4.28449013e-04, 1.28534704e-03, 1.28534704e-03,
       1.71379605e-03, 3.42759211e-03, 4.28449013e-04, 0.,
       1.28534704e-03, 2.14224495e-03, 4.28448990e-03, 8.56898027e-04,
       8.56898027e-04, 1.28534704e-03, 0., 1.71379605e-03,
       1.28534704e-03, 0., 1.28534704e-03, 2.14224495e-03,
       8.56898027e-04, 8.56898027e-04, 1.71379605e-03, 0., 0.,
       4.28449013e-04, 4.28449013e-04, 8.56898027e-04, 0.,
       2.14224495e-03, 8.56898027e-04, 6.42673532e-03, 4.28449013e-04,
       2.99914321e-03, 8.56898027e-04, 2.14224495e-03, 0.,
       8.56898027e-04, 1.71379605e-03, 4.28449013e-04, 4.28449013e-04,
