%YAML:1.0
m50n: !!opencv-matrix
   rows: 1
   cols: 200
   dt: f
   data: [ 0., 5.00834733e-03, 2.50417367e-03, 1.66944903e-03, 0.,
       4.17362247e-03, 8.34724517e-04, 1.66944899e-02, 1.66944903e-03,
       1.66944903e-03, 5.84307173e-03, 0., 0., 4.25709486e-02, 0.,
       2.33722869e-02, 2.08681133e-02, 3.33889807e-03, 0., 0.,
       1.66944903e-03, 1.08514186e-02, 0., 1.25208674e-02,
       6.67779613e-03, 5.00834733e-03, 2.50417367e-03, 3.33889807e-03,
       1.66944903e-03, 3.33889807e-03, 5.00834733e-03, 3.50584313e-02,
       1.66944903e-03, 8.34724517e-04, 1.66944903e-03, 0.,
       8.34724517e-04, 1.66944903e-03, 6.67779613e-03, 6.67779613e-03,
       4.17362247e-03, 1.66944903e-03, 3.33889807e-03, 2.50417367e-03,
       2.50417367e-03, 0., 5.00834733e-03, 1.66944903e-03,
       1.25208674e-02, 0., 1.66944903e-03, 6.67779613e-03,
       8.34724517e-04, 5.84307173e-03, 8.34724517e-04, 0.,
       6.67779613e-03, 8.34724517e-04, 5.84307173e-03, 8.34724517e-04,
       2.50417367e-03, 1.66944903e-03, 8.34724517e-04, 2.50417367e-03,
       1.58597659e-02, 5.84307173e-03, 8.34724517e-04, 0.,
       2.25375611e-02, 0., 8.34724517e-04, 3.33889807e-03,
       1.66944903e-03, 1.66944903e-03, 8.34724493e-03, 2.50417367e-03,
       4.84140217e-02, 8.34724517e-04, 2.25375611e-02, 3.33889807e-03,
       0., 0., 0., 1.41903171e-02, 1.41903171e-02, 1.66944903e-03,
       8.34724517e-04, 8.34724517e-04, 8.34724493e-03, 2.50417367e-03,
       8.34724493e-03, 3.33889807e-03, 5.00834733e-03, 8.34724517e-04,
       8.34724493e-03, 3.33889807e-03, 6.67779613e-03, 5.84307173e-03,
       3.42237055e-02, 0., 5.84307173e-03, 1.66944903e-03,
       8.34724517e-04, 6.67779613e-03, 3.33889807e-03, 1.66944903e-03,
       7.51252053e-03, 8.34724517e-04, 5.00834733e-03, 8.34724517e-04,
       2.50417367e-03, 2.50417367e-03, 2.25375611e-02, 4.17362247e-03,
       2.50417367e-03, 8.34724517e-04, 8.34724493e-03, 2.50417367e-03,
       1.66944903e-03, 2.50417367e-03, 0., 1.66944903e-03,
       5.84307173e-03, 8.34724517e-04, 2.50417367e-03, 8.34724517e-04,
       1.16861435e-02, 8.34724493e-03, 0., 0., 2.50417367e-03,
       2.50417367e-03, 4.17362247e-03, 0., 1.66944903e-03,
       8.34724517e-04, 8.34724517e-04, 1.66944903e-03, 1.66944903e-03,
       3.33889807e-03, 5.00834733e-03, 0., 2.50417367e-03, 0.,
       4.17362247e-03, 8.34724517e-04, 4.17362247e-03, 9.18196980e-03,
       1.66944903e-03, 1.75292157e-02, 5.84307173e-03, 8.34724517e-04,
       0., 0., 5.84307173e-03, 1.25208674e-02, 4.17362247e-03,
       2.25375611e-02, 8.34724517e-04, 1.66944903e-03, 4.17362247e-03,
       5.00834733e-03, 9.18196980e-03, 3.33889807e-03, 2.58764606e-02,
       5.84307173e-03, 8.34724517e-04, 4.17362247e-03, 1.66944903e-03,
       9.18196980e-03, 3.33889807e-03, 8.34724517e-04, 5.00834733e-03,
       1.41903171e-02, 3.33889807e-03, 1.66944903e-03, 2.50417367e-03,
       2.50417367e-03, 9.18196980e-03, 8.34724493e-03, 3.33889807e-03,
       8.34724517e-04, 8.34724517e-04, 8.34724517e-04, 3.33889807e-03,
       0., 1.50250411e-02, 3.33889807e-03, 0., 8.34724493e-03,
       8.34724517e-04, 4.17362247e-03, 8.34724517e-04, 1.83639396e-02,
       8.34724493e-03, 8.34724517e-04, 4.17362247e-03, 0.,
       3.33889807e-03, 2.50417367e-03 ]
