%YAML:1.0
m50n: !!opencv-matrix
   rows: 1
   cols: 800
   dt: f
   data: [ 0., 0., 0., 1.17855042e-03, 5.89275209e-04, 1.76782557e-03,
       0., 4.71420167e-03, 1.47318803e-02, 0., 5.89275209e-04,
       1.17855042e-03, 5.89275209e-04, 5.89275209e-04, 5.89275209e-04,
       1.00176781e-02, 0., 5.89275209e-04, 1.76782557e-03,
       1.17855042e-03, 1.17855042e-03, 2.94637610e-03, 0.,
       5.89275209e-04, 5.89275209e-04, 5.89275209e-04, 0., 0.,
       5.89275209e-04, 1.17855042e-03, 1.29640549e-02, 1.17855042e-03,
       0., 0., 1.17855042e-03, 1.17855042e-03, 3.53565114e-03,
       5.89275209e-04, 1.76782557e-03, 5.89275209e-04, 0., 0., 0.,
       5.89275209e-04, 5.89275209e-04, 0., 0., 1.17855042e-03, 0., 0.,
       5.89275209e-04, 5.89275209e-04, 6.48202747e-03, 5.89275209e-04,
       0., 4.71420167e-03, 5.89275220e-03, 1.17855042e-03, 0., 0., 0.,
       1.17855042e-03, 2.35710084e-03, 2.35710084e-03, 0.,
       5.89275209e-04, 5.89275209e-04, 2.94637610e-03, 0.,
       5.89275209e-04, 5.89275209e-04, 4.71420167e-03, 1.76782557e-03,
       1.17855042e-03, 0., 4.12492640e-03, 5.89275209e-04,
       5.89275209e-04, 3.53565114e-03, 2.35710084e-03, 0.,
       3.53565114e-03, 1.17855042e-03, 5.89275209e-04, 2.41602827e-02,
       1.17855042e-03, 0., 0., 1.76782557e-03, 1.11962287e-02,
       2.35710084e-03, 1.17855042e-03, 0., 0., 0., 5.89275209e-04,
       2.35710084e-03, 1.17855042e-03, 1.17855042e-03, 5.89275209e-04,
       0., 1.76782557e-03, 0., 4.12492640e-03, 6.48202747e-03, 0.,
       5.89275209e-04, 1.17855042e-03, 0., 0., 1.17855042e-03, 0., 0.,
       1.17855042e-03, 0., 2.35710084e-03, 0., 1.76782557e-03, 0.,
       2.35710084e-03, 0., 0., 0., 1.76782557e-03, 1.76782557e-03, 0.,
       1.17855042e-03, 4.12492640e-03, 5.89275209e-04, 0.,
       2.94637610e-03, 1.17855042e-03, 0., 5.89275209e-04, 0., 0.,
       5.89275209e-04, 0., 5.89275209e-04, 5.89275209e-04, 0.,
       1.17855042e-03, 1.17855042e-03, 0., 4.71420167e-03,
       5.89275209e-04, 0., 5.89275209e-04, 1.76782557e-03,
       5.89275209e-04, 5.89275209e-04, 1.76782557e-03, 2.35710084e-03,
       4.12492640e-03, 5.89275209e-04, 0., 3.53565114e-03,
       3.53565114e-03, 5.89275209e-04, 5.89275209e-04, 4.12492640e-03,
       0., 5.89275209e-04, 5.89275209e-04, 5.89275209e-04,
       5.89275209e-04, 0., 5.89275209e-04, 1.17855042e-03, 0., 0.,
       5.89275209e-04, 0., 0., 1.17855042e-03, 0., 0., 1.17855042e-03,
       0., 3.53565114e-03, 0., 1.17855042e-03, 1.29640549e-02, 0.,
       5.89275209e-04, 1.17855042e-03, 0., 1.17855042e-03,
       5.89275209e-04, 0., 1.17855042e-03, 0., 1.76782557e-03, 0., 0.,
       5.89275209e-04, 2.35710084e-03, 1.17855042e-03, 0.,
       5.89275209e-04, 0., 0., 1.17855042e-03, 0., 2.94637610e-03,
       1.76782557e-03, 1.17855042e-03, 5.30347694e-03, 5.89275209e-04,
       0., 0., 1.76782557e-03, 2.94637610e-03, 0., 0., 0.,
       1.53211551e-02, 0., 2.35710084e-03, 0., 2.35710084e-03,
       1.76782557e-03, 2.35710084e-03, 4.12492640e-03, 1.17855042e-03,
       0., 5.89275209e-04, 0., 5.89275209e-04, 5.89275209e-04, 0., 0.,
       1.17855042e-03, 0., 0., 5.89275209e-04, 5.89275209e-04, 0., 0.,
       6.48202747e-03, 0., 2.94637610e-03, 0., 2.35710084e-03, 0.,
       2.94637610e-03, 5.89275220e-03, 0., 3.53565114e-03, 0.,
       5.89275209e-04, 5.89275209e-04, 5.89275209e-04, 2.94637610e-03,
       0., 1.76782557e-03, 0., 5.89275209e-04, 5.89275209e-04,
       1.76782557e-03, 0., 0., 1.17855042e-03, 0., 0., 0.,
       4.12492640e-03, 0., 0., 0., 1.17855042e-03, 0., 5.89275209e-04,
       0., 1.76782557e-03, 0., 0., 1.17855042e-03, 5.89275209e-04,
       1.17855042e-03, 0., 5.89275209e-04, 0., 0., 1.76782557e-03,
       2.35710084e-03, 2.35710084e-03, 1.17855042e-03, 0., 0., 0., 0.,
       5.89275209e-04, 5.89275209e-04, 9.42840334e-03, 1.17855042e-03,
       5.89275209e-04, 0., 0., 2.53388342e-02, 1.76782557e-03,
       1.76782557e-03, 0., 0., 0., 1.17855042e-03, 4.71420167e-03,
       1.17855042e-03, 5.89275209e-04, 5.89275209e-04, 2.94637610e-03,
       0., 5.89275209e-04, 1.17855042e-03, 0., 5.89275209e-04,
       1.17855042e-03, 5.89275209e-04, 5.89275209e-04, 5.89275209e-04,
       0., 1.17855042e-03, 2.35710084e-03, 5.89275209e-04, 0.,
       5.89275209e-04, 0., 5.89275209e-04, 5.89275209e-04,
       1.17855042e-03, 0., 3.53565114e-03, 5.89275209e-04,
       5.89275209e-04, 1.17855042e-03, 5.89275209e-04, 1.76782557e-03,
       1.17855042e-03, 0., 5.89275209e-04, 0., 0., 0., 1.17855042e-03,
       0., 0., 0., 1.17855042e-03, 5.89275209e-04, 1.17855042e-03, 0.,
       0., 1.76782557e-03, 5.89275209e-04, 1.17855042e-03, 0.,
       5.89275209e-04, 1.17855042e-03, 5.89275209e-04, 0., 0.,
       5.89275209e-04, 1.17855042e-03, 0., 5.89275209e-04, 0.,
       5.89275209e-04, 0., 1.17855042e-03, 0., 1.17855042e-03, 0.,
       5.89275209e-04, 5.89275209e-04, 5.89275209e-04, 0., 0., 0., 0.,
       1.17855042e-03, 1.17855042e-03, 1.17855042e-03, 1.23747792e-02,
       0., 5.89275209e-04, 0., 0., 1.17855042e-03, 1.17855042e-03,
       2.35710084e-03, 0., 1.76782557e-03, 1.00176781e-02,
       2.94637610e-03, 0., 0., 5.30347694e-03, 0., 0., 0.,
       5.89275209e-04, 0., 0., 0., 0., 5.89275209e-04, 0., 0.,
       1.17855042e-03, 5.89275209e-04, 2.94637610e-03, 1.17855042e-03,
       2.35710084e-03, 1.17855042e-03, 0., 0., 5.89275209e-04, 0., 0.,
       1.17855042e-03, 1.17855042e-03, 0., 0., 5.89275209e-04,
       1.17855042e-03, 1.76782557e-03, 1.17855042e-03, 2.35710084e-03,
       1.17855042e-03, 5.89275209e-04, 8.83912854e-03, 0., 0.,
       3.53565114e-03, 3.53565114e-03, 4.12492640e-03, 1.76782557e-03,
       0., 0., 5.89275209e-04, 0., 0., 6.48202747e-03, 0., 0.,
       1.17855042e-03, 2.94637610e-03, 5.89275209e-04, 1.76782557e-03,
       1.17855042e-03, 0., 1.76782557e-03, 6.48202747e-03, 0., 0.,
       2.94637610e-03, 0., 0., 0., 7.66057754e-03, 0., 0., 0.,
       5.89275209e-04, 0., 0., 2.94637610e-03, 3.53565114e-03,
       1.76782557e-03, 5.89275209e-04, 2.35710084e-03, 0., 0.,
       2.35710084e-03, 1.17855042e-03, 0., 5.89275209e-04, 0., 0.,
       1.17855042e-03, 1.17855042e-03, 0., 0., 1.17855042e-03,
       1.17855042e-03, 0., 1.17855042e-03, 5.89275209e-04, 0.,
       2.94637610e-03, 2.94637610e-03, 0., 5.89275209e-04,
       5.89275209e-04, 5.89275209e-04, 5.89275209e-04, 1.17855042e-03,
       1.76782557e-03, 5.89275209e-04, 0., 2.35710084e-03, 0.,
       5.89275209e-04, 2.94637610e-03, 4.71420167e-03, 4.12492640e-03,
       0., 5.89275209e-04, 4.12492640e-03, 5.89275220e-03,
       5.89275209e-04, 5.89275209e-04, 0., 5.89275209e-04,
       1.17855042e-03, 0., 5.89275209e-04, 1.17855042e-03,
       5.89275209e-04, 1.76782557e-03, 0., 1.17855042e-03,
       5.89275209e-04, 5.89275209e-04, 1.17855042e-03, 0., 0., 0.,
       1.17855042e-03, 1.17855042e-03, 0., 0., 5.89275209e-04, 0., 0.,
       0., 5.89275209e-04, 5.89275209e-04, 0., 1.17855042e-03,
       5.89275209e-04, 0., 1.17855042e-03, 1.17855042e-03, 0.,
       5.89275209e-04, 1.17855042e-03, 0., 0., 5.89275209e-04, 0.,
       6.48202747e-03, 5.89275209e-04, 0., 1.35533297e-02,
       1.17855042e-03, 0., 0., 4.71420167e-03, 1.17855042e-03,
       1.17855042e-03, 5.89275209e-04, 5.89275209e-04, 0., 0., 0.,
       5.89275209e-04, 4.12492640e-03, 4.12492640e-03, 0., 0., 0., 0.,
       5.89275209e-04, 5.89275209e-04, 5.89275209e-04, 7.07130227e-03,
       1.76782557e-03, 4.71420167e-03, 0., 0., 0., 5.89275209e-04,
       5.89275209e-04, 1.06069539e-02, 5.89275209e-04, 5.89275209e-04,
       5.89275209e-04, 0., 0., 0., 1.17855042e-03, 4.12492640e-03,
       1.23747792e-02, 5.89275209e-04, 0., 1.17855042e-03,
       1.76782557e-03, 5.89275209e-04, 0., 5.89275209e-04,
       2.35710084e-03, 5.89275209e-04, 1.17855042e-03, 5.89275220e-03,
       0., 1.17855042e-03, 0., 0., 2.35710084e-03, 0., 1.76782557e-03,
       0., 0., 1.17855042e-03, 0., 1.76782557e-03, 5.89275209e-04, 0.,
       5.89275209e-04, 5.89275209e-04, 5.89275209e-04, 0.,
