%YAML:1.0
m50n: !!opencv-matrix
   rows: 1
   cols: 800
   dt: f
   data: [ 1.07642624e-03, 1.43523503e-03, 1.79404381e-03,
       1.79404381e-03, 1.07642624e-03, 1.43523503e-03, 3.58808757e-04,
       1.07642624e-03, 1.07642624e-03, 7.17617513e-04, 1.07642624e-03,
       3.58808757e-04, 7.17617513e-04, 1.07642624e-03, 3.58808757e-04,
       1.43523503e-03, 3.58808757e-04, 1.43523503e-03, 3.58808757e-04,
       1.07642624e-03, 1.07642624e-03, 3.58808757e-04, 7.17617513e-04,
       2.15285248e-03, 5.38213132e-03, 7.17617513e-04, 1.07642624e-03,
       3.58808757e-04, 3.22927884e-03, 1.07642624e-03, 3.58808757e-04,
       2.15285248e-03, 3.58808757e-04, 1.43523503e-03, 0.,
       1.07642624e-03, 7.17617513e-04, 7.17617513e-04, 3.58808757e-04,
       2.15285248e-03, 3.58808757e-04, 4.66451375e-03, 7.17617513e-04,
       3.58808762e-03, 3.58808757e-04, 1.79404381e-03, 1.07642624e-03,
       3.58808762e-03, 3.58808757e-04, 1.07642624e-03, 3.58808757e-04,
       0., 7.17617513e-04, 0., 3.58808757e-04, 3.58808757e-04,
       5.02332253e-03, 2.15285248e-03, 0., 1.07642624e-03,
       7.17617513e-04, 1.79404381e-03, 5.74094011e-03, 1.07642624e-03,
       3.58808757e-04, 1.07642624e-03, 1.07642624e-03, 2.15285248e-03,
       3.58808757e-04, 2.15285248e-03, 3.58808757e-04, 1.79404381e-03,
       3.58808757e-04, 2.87047005e-03, 2.87047005e-03, 3.58808757e-04,
       2.51166127e-03, 7.17617513e-04, 3.58808757e-04, 1.43523503e-03,
       7.17617513e-04, 3.58808757e-04, 1.43523503e-03, 0.,
       1.07642624e-03, 3.22927884e-03, 0., 1.07642624e-03,
       1.07642624e-03, 2.15285248e-03, 1.79404381e-03, 7.17617513e-04,
       7.17617513e-04, 3.58808757e-04, 7.17617513e-04, 1.07642624e-03,
       1.79404381e-03, 1.07642624e-03, 1.07642624e-03, 3.94689618e-03,
       7.17617513e-04, 3.58808757e-04, 1.43523503e-03, 7.17617513e-04,
       7.17617513e-04, 1.43523503e-03, 1.07642624e-03, 7.17617513e-04,
       1.79404381e-03, 1.07642624e-03, 1.07642624e-03, 3.58808757e-04,
       3.58808757e-04, 0., 7.17617513e-04, 1.07642624e-03, 0.,
       7.17617513e-04, 1.79404381e-03, 2.15285248e-03, 1.07642624e-03,
       3.58808757e-04, 2.15285248e-03, 7.17617513e-04, 1.43523503e-03,
       1.79404381e-03, 3.58808757e-04, 1.07642624e-03, 7.17617513e-04,
       7.17617513e-04, 2.15285248e-03, 1.79404381e-03, 3.94689618e-03,
       1.79404381e-03, 1.79404381e-03, 1.61463935e-02, 3.58808757e-04,
       7.17617513e-04, 3.58808757e-04, 3.58808757e-04, 3.58808757e-04,
       2.15285248e-03, 3.58808757e-04, 1.43523503e-03, 7.17617513e-04,
       3.22927884e-03, 0., 4.30570496e-03, 1.07642624e-03,
       1.43523503e-03, 1.07642624e-03, 4.30570496e-03, 1.79404381e-03,
       7.17617513e-04, 1.43523503e-03, 3.58808757e-04, 1.43523503e-03,
       2.15285248e-03, 7.17617513e-04, 7.17617513e-04, 3.58808757e-04,
       1.43523503e-03, 7.17617513e-04, 1.43523503e-03, 7.17617513e-04,
       1.43523503e-03, 7.17617513e-04, 7.17617513e-04, 3.58808757e-04,
       3.58808757e-04, 1.07642624e-03, 3.58808757e-04, 7.17617513e-04,
       1.07642624e-03, 0., 1.07642624e-03, 2.15285248e-03,
       9.32902750e-03, 1.79404381e-03, 1.43523503e-03, 2.87047005e-03,
       7.17617513e-04, 1.07642624e-03, 7.17617513e-04, 3.58808757e-04,
       1.43523503e-03, 1.43523503e-03, 7.17617513e-04, 0.,
       7.17617513e-04, 3.58808757e-04, 1.43523503e-03, 1.79404381e-03,
       3.58808757e-04, 0., 7.17617513e-04, 3.58808757e-04,
       3.58808757e-04, 0., 1.07642624e-03, 1.43523503e-03,
       1.07642624e-03, 2.51166127e-03, 2.58342307e-02, 3.58808757e-04,
       1.79404381e-03, 1.43523503e-03, 1.07642624e-03, 2.87047005e-03,
       6.09974889e-03, 1.07642624e-03, 1.07642624e-03, 2.15285248e-03,
       7.17617513e-04, 3.58808762e-03, 1.07642624e-03, 1.07642624e-03,
       2.87047005e-03, 1.07642624e-03, 1.07642624e-03, 0.,
       1.43523503e-03, 1.07642624e-03, 3.58808757e-04, 1.79404381e-03,
       1.43523503e-03, 7.17617513e-04, 2.15285248e-03, 2.15285248e-03,
       7.17617525e-03, 3.58808757e-04, 1.43523503e-03, 3.58808757e-04,
       5.74094011e-03, 3.58808757e-04, 0., 2.87047005e-03,
       1.07642624e-03, 0., 3.58808757e-04, 7.17617513e-04,
       1.07642624e-03, 3.58808757e-04, 6.09974889e-03, 7.17617513e-04,
       1.07642624e-03, 1.79404381e-03, 1.07642624e-03, 1.79404381e-03,
       3.58808757e-04, 2.15285248e-03, 3.58808757e-04, 2.51166127e-03,
       3.22927884e-03, 7.17617513e-04, 0., 1.07642624e-03,
       2.51166127e-03, 3.58808757e-04, 1.07642624e-03, 1.79404381e-03,
       3.58808757e-04, 0., 0., 1.79404381e-03, 3.58808757e-04,
       1.43523503e-03, 4.30570496e-03, 3.58808757e-04, 3.58808757e-04,
       4.66451375e-03, 1.43523503e-03, 1.79404381e-03, 7.17617513e-04,
       1.07642624e-03, 1.79404381e-03, 7.17617513e-04, 2.51166127e-03,
       7.17617513e-04, 1.79404381e-03, 1.43523503e-03, 2.15285248e-03,
       7.17617513e-04, 1.43523503e-03, 1.43523503e-03, 3.58808757e-04,
       1.07642624e-03, 3.58808757e-04, 3.58808757e-04, 3.58808757e-04,
       7.17617513e-04, 7.17617513e-04, 1.43523503e-03, 1.07642624e-03,
       1.07642624e-03, 7.17617513e-04, 2.51166127e-03, 7.17617513e-04,
       1.07642624e-03, 7.17617513e-04, 2.51166127e-03, 7.17617513e-04,
       1.07642624e-03, 3.58808757e-04, 1.43523503e-03, 3.58808757e-04,
       7.17617513e-04, 2.15285248e-03, 7.17617513e-04, 2.51166127e-03,
       1.07642624e-03, 7.17617513e-04, 0., 7.17617513e-04,
       1.79404381e-03, 1.43523503e-03, 1.07642624e-03, 7.17617513e-04,
       7.17617513e-04, 2.87047005e-03, 1.43523503e-03, 7.17617513e-04,
       0., 0., 2.15285248e-03, 0., 3.58808757e-04, 2.15285248e-03,
       1.07642624e-03, 1.07642624e-03, 2.51166127e-03, 3.58808757e-04,
       7.17617513e-04, 2.87047005e-03, 0., 6.09974889e-03, 0.,
       7.17617513e-04, 1.07642624e-03, 3.58808757e-04, 1.79404381e-03,
       3.58808757e-04, 1.79404381e-03, 7.17617513e-04, 1.43523503e-03,
       7.17617513e-04, 1.43523503e-03, 3.58808757e-04, 3.58808757e-04,
       5.38213132e-03, 0., 3.58808757e-04, 3.58808757e-04,
       1.07642624e-03, 1.07642624e-03, 0., 3.58808757e-04,
       1.07642624e-03, 3.58808757e-04, 4.30570496e-03, 3.58808757e-04,
       3.58808757e-04, 1.43523503e-03, 3.58808757e-04, 7.17617513e-04,
       7.17617513e-04, 1.43523503e-03, 1.07642624e-03, 7.89379235e-03,
       1.07642624e-03, 7.17617513e-04, 2.51166127e-03, 2.87047005e-03,
       1.07642624e-03, 3.58808757e-04, 0., 0., 0., 1.79404381e-03,
       1.07642624e-03, 2.51166127e-03, 0., 1.07642624e-03,
       3.58808757e-04, 1.43523503e-03, 0., 7.17617513e-04,
       7.17617513e-04, 5.38213132e-03, 1.07642624e-03, 3.22927884e-03,
       7.17617525e-03, 0., 3.94689618e-03, 7.17617513e-04,
       3.58808757e-04, 3.58808762e-03, 7.17617513e-04, 0.,
       7.17617513e-04, 3.58808757e-04, 3.58808757e-04, 2.15285248e-03,
       3.58808757e-04, 3.58808757e-04, 0., 3.58808757e-04,
       1.07642624e-03, 2.15285248e-03, 1.07642624e-03, 1.43523503e-03,
       1.43523503e-03, 1.07642624e-03, 1.07642624e-03, 2.51166127e-03,
       2.15285248e-03, 2.15285248e-03, 1.07642624e-03, 1.07642624e-03,
       7.17617513e-04, 1.79404381e-03, 0., 3.58808757e-04,
       1.79404381e-03, 0., 1.07642624e-03, 1.43523503e-03,
       3.58808757e-04, 2.15285248e-03, 3.22927884e-03, 1.43523503e-03,
       1.07642624e-03, 0., 1.07642624e-03, 7.17617513e-04,
       1.43523503e-03, 1.43523503e-03, 7.17617513e-04, 1.43523503e-03,
       1.43523503e-03, 0., 0., 3.58808757e-04, 7.17617513e-04,
       1.07642624e-03, 7.17617513e-04, 3.22927884e-03, 1.07642624e-03,
       7.17617513e-04, 1.79404381e-03, 1.07642624e-03, 3.58808762e-03,
       1.43523503e-03, 3.22927884e-03, 3.58808757e-04, 2.15285248e-03,
       1.79404381e-03, 3.58808757e-04, 3.58808757e-04, 2.87047005e-03,
       7.17617513e-04, 3.58808757e-04, 2.15285248e-03, 3.58808757e-04,
       1.79404381e-03, 0., 0., 0., 3.58808757e-04, 1.07642624e-03,
       3.58808757e-04, 0., 7.17617513e-04, 1.07642624e-03,
