%YAML:1.0
m50n: !!opencv-matrix
   rows: 1
   cols: 800
   dt: f
   data: [ 8.67302704e-04, 0., 0., 2.60190805e-03, 0., 8.67302704e-04,
       8.67302704e-04, 3.46921082e-03, 0., 6.07111910e-03,
       8.67302704e-04, 1.73460541e-03, 0., 0., 8.67302704e-04,
       6.07111910e-03, 0., 0., 0., 8.67302704e-04, 8.67302704e-04, 0.,
       0., 0., 3.46921082e-03, 0., 9.54032969e-03, 4.33651358e-03, 0.,
       2.60190805e-03, 1.82133559e-02, 3.46921082e-03, 0., 0., 0.,
       8.67302704e-04, 6.93842163e-03, 0., 0., 8.67302704e-04, 0., 0.,
       0., 1.73460541e-03, 0., 8.67302704e-04, 0., 3.46921082e-03, 0.,
       0., 0., 0., 5.20381611e-03, 4.33651358e-03, 1.73460541e-03,
       8.67302716e-03, 6.93842163e-03, 0., 0., 8.67302704e-04, 0., 0.,
       1.73460541e-03, 1.21422382e-02, 0., 8.67302704e-04,
       8.67302716e-03, 2.60190805e-03, 8.67302704e-04, 8.67302704e-04,
       0., 7.80572416e-03, 8.67302704e-04, 3.46921082e-03, 0.,
       1.73460541e-03, 1.73460541e-03, 3.46921082e-03, 8.67302704e-04,
       0., 0., 8.67302704e-04, 0., 3.46921082e-03, 8.67302704e-04, 0.,
       0., 0., 0., 1.73460541e-03, 0., 0., 8.67302704e-04,
       8.67302704e-04, 8.67302704e-04, 3.46921082e-03, 4.33651358e-03,
       0., 3.46921082e-03, 8.67302704e-04, 0., 8.67302704e-04, 0.,
       8.67302704e-04, 3.46921082e-03, 0., 1.73460541e-03, 0.,
       8.67302704e-04, 8.67302704e-04, 7.80572416e-03, 8.67302704e-04,
       2.60190805e-03, 0., 0., 8.67302704e-04, 0., 8.67302704e-04, 0.,
       9.54032969e-03, 8.67302704e-04, 2.60190805e-03, 1.73460541e-03,
       2.60190805e-03, 4.33651358e-03, 2.60190805e-03, 0.,
       1.73460541e-03, 0., 0., 8.67302716e-03, 3.46921082e-03,
       1.73460541e-03, 8.67302704e-04, 1.73460541e-03, 0., 0., 0.,
       8.67302704e-04, 8.67302704e-04, 0., 8.67302704e-04, 0.,
       8.67302704e-04, 0., 8.67302704e-04, 1.73460541e-03, 0., 0., 0.,
       8.67302704e-04, 0., 1.38768433e-02, 4.33651358e-03, 0.,
       8.67302704e-04, 1.73460541e-03, 0., 0., 8.67302704e-04,
       1.21422382e-02, 0., 0., 8.67302704e-04, 0., 0., 1.73460541e-03,
       6.07111910e-03, 0., 0., 3.46921082e-03, 0., 0., 0., 0.,
       1.73460541e-03, 0., 2.60190805e-03, 0., 1.73460541e-03,
       8.67302704e-04, 1.73460541e-03, 0., 6.07111910e-03, 0., 0., 0.,
       2.60190805e-03, 8.67302704e-04, 0., 8.67302704e-04, 0., 0., 0.,
       0., 8.67302704e-04, 1.73460541e-03, 2.60190805e-03,
       8.67302704e-04, 0., 0., 0., 0., 0., 0., 0., 1.73460541e-03,
       1.73460541e-03, 0., 0., 0., 8.67302704e-04, 1.73460541e-03, 0.,
       0., 0., 2.60190805e-03, 0., 0., 0., 0., 1.21422382e-02,
       8.67302704e-04, 6.93842163e-03, 0., 0., 8.67302704e-04, 0., 0.,
       1.73460541e-03, 2.60190805e-03, 0., 1.73460541e-03, 0.,
       8.67302704e-04, 0., 0., 8.67302704e-04, 0., 8.67302704e-04,
       8.67302704e-04, 0., 8.67302704e-04, 0., 1.73460541e-03,
       1.73460541e-03, 0., 0., 0., 8.67302704e-04, 0., 8.67302704e-04,
       8.67302704e-04, 4.33651358e-03, 8.67302704e-04, 1.73460541e-03,
       1.73460541e-03, 0., 8.67302704e-04, 0., 2.60190805e-03,
       3.46921082e-03, 4.33651358e-03, 0., 8.67302704e-04, 0.,
       8.67302716e-03, 0., 0., 8.67302704e-04, 4.33651358e-03, 0.,
       8.67302704e-04, 0., 0., 0., 0., 8.67302704e-04, 8.67302704e-04,
       0., 5.20381611e-03, 8.67302704e-04, 8.67302704e-04,
       8.67302704e-04, 3.46921082e-03, 8.67302704e-04, 4.33651358e-03,
       1.73460541e-03, 0., 8.67302704e-04, 1.73460541e-03, 0., 0.,
       4.33651358e-03, 8.67302704e-04, 8.67302704e-04, 5.20381611e-03,
       0., 0., 6.93842163e-03, 0., 0., 0., 0., 0., 0., 4.33651358e-03,
       3.46921082e-03, 0., 0., 2.60190805e-03, 0., 0., 1.73460541e-03,
       0., 1.73460541e-03, 8.67302704e-04, 0., 2.60190805e-03, 0.,
       8.67302704e-04, 0., 0., 0., 6.07111910e-03, 8.67302704e-04, 0.,
       8.67302704e-04, 1.73460541e-03, 8.67302704e-04, 0.,
       4.33651358e-03, 8.67302704e-04, 8.67302704e-04, 0., 0.,
       2.60190805e-03, 0., 0., 0., 0., 0., 8.67302704e-04, 0., 0., 0.,
       1.73460541e-03, 1.73460541e-03, 0., 8.67302704e-04,
       8.67302704e-04, 0., 0., 0., 3.46921082e-03, 8.67302704e-04, 0.,
       0., 8.67302704e-04, 3.46921082e-03, 0., 0., 3.46921082e-03, 0.,
       0., 8.67302704e-04, 0., 4.33651358e-03, 8.67302704e-04, 0., 0.,
       0., 0., 0., 3.46921082e-03, 1.73460541e-03, 0., 0.,
       8.67302704e-04, 1.73460541e-03, 8.67302704e-04, 0.,
       1.64787509e-02, 0., 8.67302704e-04, 0., 1.73460541e-03,
       8.67302704e-04, 0., 1.73460541e-03, 0., 0., 1.21422382e-02,
       3.46921082e-03, 0., 8.67302704e-04, 0., 1.73460541e-03, 0.,
       8.67302704e-04, 8.67302704e-04, 0., 1.73460541e-03, 0., 0.,
       3.46921082e-03, 0., 0., 1.73460541e-03, 1.73460541e-03, 0.,
       8.67302704e-04, 0., 0., 0., 0., 0., 8.67302704e-04, 0., 0., 0.,
       0., 8.67302704e-04, 0., 0., 1.73460541e-03, 0., 0.,
       8.67302704e-04, 1.73460541e-03, 8.67302704e-04, 0.,
       1.73460541e-03, 2.60190805e-03, 0., 3.46921082e-03,
       3.46921082e-03, 1.73460541e-03, 8.67302704e-04, 8.67302704e-04,
       8.67302704e-04, 0., 8.67302704e-04, 0., 1.73460541e-03,
       8.67302704e-04, 8.67302704e-04, 2.60190805e-03, 1.73460541e-03,
       2.60190805e-03, 0., 0., 2.60190805e-03, 0., 0., 8.67302704e-04,
       2.60190805e-03, 8.67302704e-04, 0., 5.20381611e-03, 0., 0., 0.,
       8.67302704e-04, 0., 8.67302704e-04, 0., 0., 1.73460541e-03,
       8.67302704e-04, 3.46921082e-03, 0., 1.73460541e-03, 0., 0., 0.,
       0., 0., 0., 4.33651358e-03, 8.67302704e-04, 0., 0.,
       8.67302704e-04, 4.33651358e-03, 2.60190805e-03, 1.73460541e-03,
       0., 8.67302704e-04, 0., 1.73460541e-03, 8.67302704e-04,
       8.67302704e-04, 0., 8.67302704e-04, 8.67302704e-04,
       1.73460541e-03, 8.67302704e-04, 2.60190805e-03, 0., 0., 0., 0.,
       0., 1.73460541e-03, 0., 0., 8.67302704e-04, 7.80572416e-03,
       4.33651358e-03, 0., 2.60190805e-03, 0., 0., 0., 0., 0., 0.,
       8.67302704e-04, 0., 0., 0., 0., 1.73460541e-03, 0.,
       1.73460541e-03, 0., 3.46921082e-03, 1.73460541e-03, 0.,
       8.67302704e-04, 0., 0., 0., 0., 1.73460541e-03, 8.67302704e-04,
       2.60190805e-03, 8.67302704e-04, 0., 0., 0., 0., 8.67302704e-04,
       0., 8.67302704e-04, 0., 0., 0., 0., 0., 6.93842163e-03, 0.,
       8.67302704e-04, 8.67302704e-04, 3.46921082e-03, 0.,
       1.73460541e-03, 0., 0., 8.67302704e-04, 0., 0., 0.,
       8.67302704e-04, 8.67302704e-04, 8.67302704e-04, 2.60190805e-03,
       3.46921082e-03, 2.60190805e-03, 0., 0., 0., 2.60190805e-03,
       2.60190805e-03, 0., 1.90806594e-02, 8.67302704e-04,
       5.20381611e-03, 1.73460541e-03, 8.67302704e-04, 0., 0., 0.,
       1.56114483e-02, 0., 0., 8.67302704e-04, 8.67302704e-04,
       8.67302704e-04, 2.60190805e-03, 8.67302704e-04, 0.,
       3.46921082e-03, 1.73460541e-03, 0., 8.67302704e-04, 0., 0.,
       8.67302704e-04, 0., 0., 6.07111910e-03, 0., 0., 0.,
       1.73460541e-03, 0., 8.67302704e-04, 8.67302704e-04, 0.,
       3.46921082e-03, 0., 0., 4.33651358e-03, 8.67302704e-04,
       8.67302704e-04, 0., 0., 1.73460541e-03, 0., 0., 0., 0., 0., 0.,
       0., 0., 8.67302704e-04, 3.46921082e-03, 8.67302704e-04,
       8.67302704e-04, 0., 0., 8.67302716e-03, 8.67302704e-04, 0.,
       6.07111910e-03, 0., 0., 3.46921082e-03, 4.33651358e-03,
       8.67302704e-04, 0., 2.60190805e-03, 0., 2.60190805e-03, 0.,
       2.60190805e-03, 3.46921082e-03, 0., 0., 0., 1.73460541e-03,
       8.67302704e-04, 1.73460541e-03, 0., 8.67302704e-04, 0.,
       8.67302704e-04, 8.67302704e-04, 0., 0., 0., 0., 5.20381611e-03,
       1.73460541e-03, 8.67302704e-04, 8.67302704e-04, 1.73460541e-03,
       8.67302704e-04, 8.67302704e-04, 0., 0., 0., 4.33651358e-03,
       8.67302704e-04, 0., 1.73460541e-03, 0., 5.20381611e-03, 0.,
       1.73460541e-03, 2.60190805e-03, 0., 8.67302704e-04, 0.,
       2.60190805e-03, 0., 4.33651358e-03, 1.73460541e-03, 0., 0., 0.,
       0., 0., 0., 8.67302704e-04, 6.93842163e-03, 2.60190805e-03, 0.,
