%YAML:1.0
m50n: !!opencv-matrix
   rows: 1
   cols: 800
   dt: f
   data: [ 3.15357931e-04, 1.57678965e-03, 9.46073793e-04,
       9.46073793e-04, 6.30715862e-04, 2.20750552e-03, 2.52286345e-03,
       0., 6.30715862e-04, 1.26143172e-03, 0., 6.30715862e-04,
       1.89214759e-03, 6.30715862e-04, 1.89214759e-03, 3.46893724e-03,
       9.46073793e-04, 3.15357931e-04, 3.15357931e-04, 9.46073793e-04,
       3.15357931e-04, 9.46073793e-04, 1.26143172e-03, 1.89214759e-03,
       6.30715862e-04, 1.26143172e-03, 6.30715862e-04, 1.26143172e-03,
       9.46073793e-04, 3.15357931e-04, 6.30715862e-04, 3.15357931e-03,
       0., 6.30715862e-04, 9.46073793e-04, 1.89214759e-03,
       3.15357931e-04, 1.57678965e-03, 6.30715862e-04, 0.,
       6.30715862e-04, 5.36108483e-03, 9.46073793e-04, 9.46073793e-04,
       1.26143172e-03, 1.26143172e-03, 2.52286345e-03, 4.41501103e-03,
       6.30715862e-04, 3.46893724e-03, 2.20750552e-03, 2.52286345e-03,
       6.30715862e-04, 3.15357931e-04, 0., 1.26143172e-03,
       6.30715862e-04, 1.26143172e-03, 3.15357931e-04, 9.46073793e-04,
       9.46073793e-04, 3.46893724e-03, 1.26143172e-03, 9.46073793e-04,
       1.89214759e-03, 3.15357931e-04, 0., 6.30715862e-04,
       9.46073793e-04, 2.20750552e-03, 1.57678965e-03, 6.30715862e-04,
       2.52286345e-03, 9.46073793e-04, 9.46073793e-04, 1.89214759e-03,
       0., 1.26143172e-03, 9.46073793e-04, 9.46073793e-04,
       1.57678965e-03, 0., 6.30715862e-04, 0., 1.57678965e-03,
       1.89214759e-03, 9.46073793e-04, 1.89214759e-03, 2.52286345e-03,
       3.15357931e-03, 1.26143172e-03, 3.15357931e-04, 6.30715862e-04,
       1.26143172e-03, 1.26143172e-03, 1.57678965e-03, 1.26143172e-03,
       3.15357931e-04, 1.26143172e-03, 1.26143172e-03, 2.20750552e-03,
       2.83822138e-03, 2.83822138e-03, 6.30715862e-04, 9.46073793e-04,
       2.83822138e-03, 1.26143172e-03, 0., 9.46073793e-04,
       3.15357931e-04, 1.89214759e-03, 1.57678965e-03, 1.26143172e-03,
       6.30715862e-04, 1.89214759e-03, 0., 6.30715862e-04,
       1.89214759e-03, 3.78429517e-03, 4.73036896e-03, 0.,
       2.52286345e-03, 3.15357931e-04, 1.26143172e-03, 1.26143172e-03,
       9.46073793e-04, 2.20750552e-03, 3.15357931e-04, 3.15357931e-03,
       2.52286345e-03, 1.89214759e-03, 9.46073793e-04, 3.15357931e-04,
       3.15357931e-04, 3.15357931e-04, 9.46073793e-04, 3.15357931e-04,
       9.46073793e-04, 1.26143172e-03, 3.15357931e-04, 0.,
       2.83822138e-03, 1.26143172e-03, 9.46073793e-04, 9.46073793e-04,
       1.26143172e-03, 0., 6.30715862e-04, 1.57678965e-03,
       1.26143172e-03, 0., 1.89214759e-03, 9.46073793e-04,
       1.89214759e-03, 1.26143172e-03, 3.15357931e-04, 6.30715862e-04,
       9.46073793e-04, 9.46073793e-04, 3.15357931e-04, 6.30715862e-04,
       9.46073793e-04, 1.26143172e-03, 9.46073793e-04, 6.30715862e-04,
       6.30715862e-04, 3.15357931e-04, 6.62251655e-03, 6.30715862e-04,
       0., 3.15357931e-03, 2.52286345e-03, 6.30715862e-04, 0.,
       1.57678965e-03, 6.30715862e-04, 2.52286345e-03, 0.,
       1.26143172e-03, 3.46893724e-03, 1.89214759e-03, 1.89214759e-03,
       1.26143172e-03, 9.46073793e-04, 2.20750552e-03, 9.46073793e-04,
       4.09965310e-03, 0., 3.15357931e-04, 0., 1.26143172e-03,
       4.09965310e-03, 1.26143172e-03, 6.30715862e-04, 3.15357931e-04,
       9.46073793e-04, 6.30715862e-04, 0., 2.83822138e-03,
       3.15357931e-04, 1.89214759e-03, 1.26143172e-03, 0.,
       6.30715862e-04, 6.30715862e-04, 4.41501103e-03, 1.57678965e-03,
       6.30715862e-04, 6.30715862e-04, 9.46073793e-04, 6.30715862e-04,
       9.46073793e-04, 6.30715862e-04, 1.89214759e-03, 9.46073793e-04,
       3.15357931e-04, 6.30715862e-04, 6.30715862e-04, 1.26143172e-03,
       1.26143172e-03, 3.15357931e-04, 1.26143172e-03, 3.15357931e-04,
       3.15357931e-04, 1.26143172e-03, 1.26143172e-03, 9.46073793e-04,
       1.57678965e-03, 6.30715862e-04, 3.46893724e-03, 3.15357931e-04,
       1.26143172e-03, 2.52286345e-03, 1.57678965e-03, 3.15357931e-03,
       6.30715862e-04, 9.46073793e-04, 2.52286345e-03, 0.,
       6.30715862e-04, 9.46073793e-04, 3.15357931e-04, 1.26143172e-03,
       4.73036896e-03, 2.20750552e-03, 1.26143172e-03, 1.89214759e-03,
       2.52286345e-03, 1.89214759e-03, 6.30715862e-04, 3.46893724e-03,
       3.15357931e-04, 6.30715862e-04, 2.20750552e-03, 9.46073793e-04,
       1.26143172e-03, 1.16682434e-02, 1.57678965e-03, 6.30715862e-04,
       1.26143172e-03, 3.78429517e-03, 3.15357931e-04, 0.,
       3.15357931e-04, 1.26143172e-03, 9.46073793e-04, 9.46073793e-04,
       1.57678965e-03, 0., 9.46073793e-04, 6.30715862e-04,
       1.89214759e-03, 1.26143172e-03, 2.52286345e-03, 1.26143172e-03,
       1.57678965e-03, 9.46073793e-04, 3.15357931e-03, 2.52286345e-03,
       9.46073793e-04, 3.15357931e-04, 1.26143172e-03, 9.46073793e-04,
       1.57678965e-03, 6.30715862e-04, 1.57678965e-03, 1.26143172e-03,
       1.26143172e-03, 6.30715862e-04, 6.30715862e-04, 9.46073793e-04,
       3.15357931e-04, 9.46073793e-04, 0., 1.89214759e-03,
       6.30715862e-04, 6.30715862e-04, 3.15357931e-04, 1.89214759e-03,
       1.57678965e-03, 2.20750552e-03, 0., 1.89214759e-03,
       6.30715862e-04, 9.46073793e-04, 1.89214759e-03, 6.30715862e-04,
       6.30715862e-04, 9.46073793e-04, 4.41501103e-03, 9.46073793e-04,
       0., 0., 3.15357931e-03, 1.57678965e-03, 3.15357931e-04,
       1.89214759e-03, 6.30715862e-04, 1.26143172e-03, 2.20750552e-03,
       9.46073793e-04, 1.26143172e-03, 9.46073793e-04, 6.30715862e-04,
       9.46073793e-04, 9.46073793e-04, 6.30715862e-04, 6.30715862e-04,
       3.15357931e-04, 1.26143172e-03, 9.46073793e-04, 1.89214759e-03,
       6.30715862e-03, 6.30715862e-04, 2.83822138e-03, 0.,
       6.30715862e-04, 9.46073793e-04, 9.46073793e-04, 9.46073793e-04,
       3.46893724e-03, 3.15357931e-04, 1.26143172e-03, 6.30715862e-04,
       2.83822138e-03, 1.26143172e-03, 0., 2.20750552e-03,
       9.46073793e-04, 6.30715862e-04, 3.15357931e-04, 1.26143172e-03,
       3.15357931e-04, 9.46073793e-04, 6.30715862e-04, 3.15357931e-04,
       2.83822138e-03, 2.20750552e-03, 6.30715862e-04, 4.09965310e-03,
       9.46073793e-04, 1.57678965e-03, 6.30715862e-04, 1.26143172e-03,
       9.46073793e-04, 9.46073793e-04, 9.46073793e-04, 9.46073793e-04,
       4.41501103e-03, 3.15357931e-04, 9.46073793e-04, 1.89214759e-03,
       1.26143172e-03, 1.89214759e-03, 0., 6.30715862e-04,
       9.46073793e-04, 6.30715862e-04, 6.30715862e-04, 9.46073793e-04,
       2.52286345e-03, 1.89214759e-03, 9.46073793e-04, 3.15357931e-04,
       9.46073793e-04, 9.46073793e-04, 3.15357931e-04, 0.,
       4.73036896e-03, 6.30715862e-04, 7.25323241e-03, 2.20750552e-03,
       9.46073793e-04, 2.52286345e-03, 9.46073793e-04, 0.,
       8.19930620e-03, 3.15357931e-04, 3.15357931e-04, 1.26143172e-03,
       6.30715862e-04, 1.26143172e-03, 1.26143172e-03, 6.30715862e-04,
       1.89214759e-03, 3.15357931e-04, 3.15357931e-04, 3.15357931e-04,
       1.57678965e-03, 6.30715862e-04, 3.46893724e-03, 9.46073793e-04,
       2.83822138e-03, 5.67644276e-03, 3.15357931e-04, 9.46073793e-04,
       0., 1.26143172e-03, 9.46073793e-04, 3.15357931e-04,
       6.30715862e-04, 1.26143172e-03, 2.52286345e-03, 0.,
       2.20750552e-03, 0., 3.15357931e-04, 9.46073793e-04,
       9.14538000e-03, 3.15357931e-04, 6.30715862e-04, 6.62251655e-03,
       9.46073793e-04, 1.26143172e-03, 3.15357931e-04, 6.30715862e-04,
       9.46073793e-04, 6.30715862e-04, 6.30715862e-04, 1.57678965e-03,
       0., 3.15357931e-04, 3.15357931e-04, 6.30715862e-04, 0.,
       1.89214759e-03, 6.30715862e-04, 1.26143172e-03, 6.30715862e-04,
       1.89214759e-03, 0., 1.57678965e-03, 9.46073793e-04,
       2.20750552e-03, 2.52286345e-03, 1.57678965e-03, 3.15357931e-03,
       1.26143172e-03, 1.26143172e-03, 9.46073793e-04, 6.30715862e-04,
       1.89214759e-03, 0., 0., 6.30715862e-04, 2.20750552e-03,
       1.89214759e-03, 3.15357931e-04, 3.15357931e-04, 1.57678965e-03,
       1.57678965e-03, 0., 0., 3.15357931e-04, 0., 6.30715862e-04,
