%YAML:1.0
m50n: !!opencv-matrix
   rows: 1
   cols: 800
   dt: f
   data: [ 0., 8.58000887e-04, 1.28700130e-03, 1.28700130e-03,
       2.14500213e-03, 0., 4.29000444e-04, 4.29000444e-04, 0.,
       4.71900497e-03, 5.57700591e-03, 1.71600177e-03, 0.,
       2.57400260e-03, 4.29000444e-04, 3.86100402e-03, 1.71600177e-03,
       0., 4.29000444e-04, 0., 0., 1.71600177e-03, 1.71600177e-03,
       4.29000444e-04, 2.57400260e-03, 4.29000444e-04, 1.71600177e-03,
       8.58000887e-04, 3.43200355e-03, 8.58000887e-04, 1.71600177e-03,
       8.58000887e-04, 2.14500213e-03, 1.28700130e-03, 1.28700130e-03,
       3.86100402e-03, 1.71600177e-03, 0., 1.71600177e-03, 0.,
       1.28700130e-03, 1.28700130e-03, 3.86100402e-03, 4.29000444e-04,
       8.58000887e-04, 1.71600177e-03, 0., 3.43200355e-03,
       8.58000887e-04, 0., 8.58000887e-04, 0., 2.14500213e-03,
       8.58000887e-04, 4.29000444e-04, 1.28700130e-03, 4.29000444e-04,
       1.28700130e-03, 1.28700130e-03, 1.28700130e-03, 3.43200355e-03,
       8.58000887e-04, 2.14500213e-03, 3.86100402e-03, 1.71600177e-03,
       0., 1.28700130e-03, 0., 1.28700130e-03, 1.28700130e-03,
       4.29000444e-04, 1.28700130e-03, 4.29000444e-04, 1.28700130e-03,
       8.58000887e-04, 4.29000444e-04, 0., 4.29000444e-04,
       1.71600177e-03, 2.14500213e-03, 2.14500213e-03, 0.,
       3.86100402e-03, 8.58000887e-04, 0., 3.00300308e-03,
       4.29000444e-04, 4.29000444e-04, 5.14800521e-03, 2.14500213e-03,
       0., 4.29000444e-04, 1.28700130e-03, 0., 8.58000887e-04,
       4.29000444e-04, 4.29000444e-04, 8.58000887e-04, 3.00300308e-03,
       0., 4.29000444e-04, 0., 0., 0., 8.58000887e-04, 4.29000426e-03,
       2.14500213e-03, 1.28700130e-03, 0., 8.58000887e-04,
       3.00300308e-03, 3.00300308e-03, 4.29000444e-04, 8.58000887e-04,
       4.29000444e-04, 1.28700130e-03, 4.29000444e-04, 4.29000444e-04,
       4.29000444e-04, 8.58000887e-04, 4.29000444e-04, 2.14500213e-03,
       7.29300734e-03, 2.14500213e-03, 0., 8.58000887e-04,
       2.57400260e-03, 1.28700130e-03, 4.71900497e-03, 4.29000444e-04,
       1.71600177e-03, 1.28700130e-03, 1.28700130e-03, 4.29000444e-04,
       3.43200355e-03, 0., 3.86100402e-03, 0., 1.71600177e-03,
       2.57400260e-03, 4.29000426e-03, 4.29000444e-04, 0.,
       1.28700130e-03, 1.71600177e-03, 0., 1.28700130e-03,
       8.58000887e-04, 0., 1.28700130e-03, 0., 0., 2.14500213e-03,
       3.43200355e-03, 8.58000887e-04, 0., 0., 1.28700130e-03, 0.,
       3.43200355e-03, 0., 2.57400260e-03, 1.28700130e-03,
       8.58000887e-04, 0., 2.57400260e-03, 0., 8.58000887e-04,
       1.71600177e-03, 0., 4.29000444e-04, 0., 1.28700130e-03, 0.,
       8.58000887e-04, 0., 0., 1.71600177e-03, 1.28700130e-03,
       4.29000444e-04, 6.43500686e-03, 2.14500213e-03, 4.29000444e-04,
       4.29000444e-04, 1.28700130e-03, 0., 3.00300308e-03,
       4.29000444e-04, 0., 8.58000887e-04, 8.58000887e-04, 0.,
       1.28700130e-03, 4.29000444e-04, 4.29000444e-04, 3.43200355e-03,
       1.28700130e-03, 1.71600177e-03, 0., 4.29000444e-04,
       4.29000444e-04, 2.14500213e-03, 3.86100402e-03, 2.14500213e-03,
       1.28700130e-03, 1.71600177e-03, 3.00300308e-03, 0.,
       8.58000887e-04, 4.29000444e-04, 3.86100402e-03, 1.71600177e-03,
       4.29000444e-04, 1.71600177e-03, 4.29000444e-04, 1.71600177e-03,
       4.29000426e-03, 8.58000887e-04, 8.58000887e-04, 1.28700130e-03,
       1.71600177e-03, 2.57400260e-03, 1.71600177e-03, 8.58000887e-04,
       2.14500213e-03, 1.71600177e-03, 1.71600177e-03, 8.58000887e-04,
       1.28700130e-03, 8.58000887e-04, 4.29000444e-04, 0.,
       2.14500213e-03, 1.71600177e-03, 1.71600177e-03, 8.58000887e-04,
       4.71900497e-03, 4.29000444e-04, 3.43200355e-03, 4.29000444e-04,
       1.28700130e-03, 8.58000887e-04, 0., 4.29000444e-04, 0.,
       8.58000887e-04, 4.29000444e-04, 1.28700130e-03, 4.29000444e-04,
       3.00300308e-03, 4.29000444e-04, 4.71900497e-03, 8.58000887e-04,
       8.58000887e-04, 8.58000887e-04, 1.71600177e-03, 4.29000426e-03,
       8.58000887e-04, 2.14500213e-03, 1.71600177e-03, 3.00300308e-03,
       2.14500213e-03, 4.29000444e-04, 3.43200355e-03, 2.14500213e-03,
       1.71600177e-03, 4.29000444e-04, 0., 0., 4.29000444e-04,
       1.28700130e-03, 0., 2.14500213e-03, 1.28700130e-03,
       8.58000887e-04, 8.58000887e-04, 4.29000444e-04, 1.28700130e-03,
       0., 3.43200355e-03, 4.29000444e-04, 1.28700130e-03,
       8.58000887e-04, 4.29000444e-04, 1.28700130e-03, 3.86100402e-03,
       0., 8.58000887e-04, 8.58000887e-04, 4.29000444e-04,
       8.58000887e-04, 8.58000887e-04, 1.71600177e-03, 1.28700130e-03,
       1.71600177e-03, 2.57400260e-03, 4.29000426e-03, 1.71600177e-03,
       8.58000887e-04, 3.00300308e-03, 1.28700130e-03, 8.58000887e-04,
       3.00300308e-03, 0., 4.29000444e-04, 0., 0., 4.29000426e-03,
       3.43200355e-03, 0., 8.58000887e-04, 0., 8.58000887e-04,
       1.28700130e-03, 4.29000444e-04, 1.28700130e-03, 0.,
       1.71600177e-03, 8.58000887e-04, 1.71600177e-03, 1.71600177e-03,
       2.14500213e-03, 8.58000887e-04, 1.28700130e-03, 4.29000444e-04,
       8.58000887e-04, 1.71600177e-03, 0., 0., 3.86100402e-03,
       3.00300308e-03, 4.29000444e-04, 4.29000444e-04, 1.71600177e-03,
       1.28700130e-03, 8.58000887e-04, 1.71600177e-03, 4.29000444e-04,
       1.71600177e-03, 0., 2.57400260e-03, 0., 2.14500213e-03,
       1.28700130e-03, 4.29000444e-04, 3.00300308e-03, 4.29000444e-04,
       1.28700130e-03, 1.71600177e-03, 8.58000887e-04, 0.,
       2.14500213e-03, 1.28700130e-03, 1.28700130e-03, 2.57400260e-03,
       0., 3.86100402e-03, 1.28700130e-03, 2.14500213e-03,
       1.28700130e-03, 3.86100402e-03, 4.29000444e-04, 5.14800521e-03,
       0., 1.28700130e-03, 8.58000887e-04, 1.71600177e-03, 0., 0.,
       4.29000444e-04, 1.28700130e-03, 3.43200355e-03, 2.14500213e-03,
       2.14500213e-03, 2.14500213e-03, 4.29000444e-04, 1.28700130e-03,
       0., 8.58000887e-04, 0., 1.28700130e-03, 0., 1.28700130e-03,
       4.29000444e-04, 4.29000444e-04, 1.28700130e-03, 4.29000444e-04,
       0., 1.71600177e-03, 8.58000887e-04, 1.71600177e-03,
       1.28700130e-03, 8.58000887e-04, 8.58000887e-04, 8.58000887e-04,
       1.71600177e-03, 2.57400260e-03, 8.58000887e-04, 8.58000887e-04,
       8.58000887e-04, 0., 4.29000426e-03, 2.14500213e-03,
       4.29000444e-04, 2.14500213e-03, 2.57400260e-03, 2.57400260e-03,
       4.29000444e-04, 0., 4.29000444e-04, 0., 2.14500213e-03, 0.,
       6.86400710e-03, 1.71600177e-03, 0., 0., 1.71600177e-03, 0.,
       4.29000444e-04, 1.28700130e-03, 8.58000887e-04, 2.14500213e-03,
       4.29000444e-04, 1.28700130e-03, 0., 8.58000887e-04,
       4.29000444e-04, 0., 1.71600177e-03, 8.58000887e-04,
       1.28700130e-03, 3.00300308e-03, 0., 1.71600177e-03,
       4.29000444e-04, 0., 0., 2.14500213e-03, 0., 4.29000444e-04,
       8.58000887e-04, 1.71600177e-03, 4.29000444e-04, 0.,
       1.71600177e-03, 1.28700130e-03, 4.29000444e-04, 1.28700130e-03,
       1.71600177e-03, 8.58000887e-04, 4.29000444e-04, 4.29000444e-04,
       4.29000444e-04, 1.28700130e-03, 8.58000887e-04, 8.58000887e-04,
       8.58000887e-04, 4.29000444e-04, 2.14500213e-03, 1.71600177e-03,
       1.71600177e-03, 4.29000444e-04, 8.58000887e-04, 2.14500213e-03,
       4.29000444e-04, 0., 2.14500213e-03, 8.58000887e-04,
       3.43200355e-03, 8.58000887e-04, 4.29000444e-04, 3.43200355e-03,
       1.71600177e-03, 1.28700130e-03, 4.29000444e-04, 1.71600177e-03,
       8.58000887e-04, 1.28700130e-03, 3.86100402e-03, 4.29000444e-04,
       0., 1.28700130e-03, 1.71600177e-03, 3.00300308e-03,
       8.58000887e-04, 1.28700130e-03, 1.28700130e-03, 0.,
       1.71600177e-03, 8.58000887e-04, 4.29000444e-04, 1.28700130e-03,
       2.14500213e-03, 8.58000887e-04, 1.71600177e-03, 1.71600177e-03,
       0., 4.29000444e-04, 4.29000444e-04, 4.29000444e-04,
       8.58000887e-04, 0., 2.14500213e-03, 1.28700130e-03,
       4.29000426e-03, 4.29000444e-04, 2.57400260e-03, 4.29000444e-04,
       2.14500213e-03, 0., 1.28700130e-03, 1.28700130e-03,
