%YAML:1.0
m50n: !!opencv-matrix
   rows: 1
   cols: 800
   dt: f
   data: [ 1.60642574e-03, 3.61445779e-03, 2.00803205e-03,
       1.60642574e-03, 2.40963860e-03, 0., 4.01606434e-04, 0., 0.,
       2.40963860e-03, 1.60642574e-03, 1.20481930e-03, 3.21285147e-03,
       3.61445779e-03, 4.01606434e-04, 8.03212868e-04, 2.00803205e-03,
       0., 1.20481930e-03, 2.40963860e-03, 8.03212868e-04,
       2.40963860e-03, 1.20481930e-03, 8.03212868e-04, 1.20481930e-03,
       1.20481930e-03, 1.20481930e-03, 2.00803205e-03, 3.61445779e-03,
       1.60642574e-03, 1.20481930e-03, 2.40963860e-03, 4.01606434e-04,
       1.60642574e-03, 4.01606434e-04, 1.60642574e-03, 0., 0.,
       2.00803205e-03, 4.01606434e-04, 3.21285147e-03, 1.60642574e-03,
       0., 2.00803205e-03, 1.20481930e-03, 1.20481930e-03,
       8.03212868e-04, 1.60642574e-03, 0., 4.01606434e-04,
       2.40963860e-03, 4.01606434e-04, 0., 1.20481930e-03,
       1.60642574e-03, 2.00803205e-03, 8.03212868e-04, 2.40963860e-03,
       2.40963860e-03, 8.03212868e-04, 4.01606411e-03, 0.,
       1.60642574e-03, 1.60642574e-03, 0., 4.01606434e-04,
       4.01606434e-04, 8.03212868e-04, 1.20481930e-03, 0.,
       1.60642574e-03, 0., 2.00803205e-03, 1.60642574e-03,
       1.20481930e-03, 8.03212868e-04, 0., 4.01606434e-04,
       2.00803205e-03, 1.20481930e-03, 4.01606434e-04, 8.03212868e-04,
       2.00803205e-03, 1.60642574e-03, 4.41767089e-03, 4.01606434e-04,
       8.03212868e-04, 3.21285147e-03, 0., 3.61445779e-03,
       1.20481930e-03, 4.01606434e-04, 4.01606434e-04, 4.01606434e-04,
       1.20481930e-03, 4.01606434e-04, 0., 2.00803205e-03,
       8.03212868e-04, 4.01606434e-04, 8.03212868e-04, 8.03212868e-04,
       2.40963860e-03, 5.62249031e-03, 1.20481930e-03, 7.22891558e-03,
       4.41767089e-03, 4.01606434e-04, 2.40963860e-03, 1.20481930e-03,
       8.03212868e-04, 8.03212868e-04, 8.83534178e-03, 8.03212868e-04,
       2.00803205e-03, 0., 4.01606434e-04, 0., 5.62249031e-03, 0.,
       4.01606434e-04, 1.60642574e-03, 1.20481930e-03, 8.03212868e-04,
       4.01606434e-04, 4.01606434e-04, 3.61445779e-03, 1.20481930e-03,
       3.61445779e-03, 0., 2.00803205e-03, 2.40963860e-03,
       2.40963860e-03, 1.60642574e-03, 1.20481930e-03, 0.,
       8.03212868e-04, 8.03212868e-04, 0., 2.81124515e-03,
       1.20481930e-03, 2.40963860e-03, 8.03212868e-04, 1.20481930e-03,
       4.01606434e-04, 4.01606434e-04, 4.01606434e-04, 2.40963860e-03,
       0., 8.03212868e-04, 2.00803205e-03, 0., 1.20481930e-03,
       2.40963860e-03, 0., 1.60642574e-03, 8.03212868e-04,
       4.01606434e-04, 0., 4.01606434e-04, 0., 2.81124515e-03,
       8.03212868e-04, 1.20481930e-03, 4.01606434e-04, 4.01606434e-04,
       0., 1.60642574e-03, 0., 4.01606434e-04, 1.20481930e-03,
       2.00803205e-03, 4.01606434e-04, 8.03212868e-04, 4.01606434e-04,
       1.60642574e-03, 3.21285147e-03, 2.40963860e-03, 1.60642574e-03,
       0., 1.60642574e-03, 2.81124515e-03, 2.81124515e-03, 0.,
       2.00803205e-03, 1.20481930e-03, 3.21285147e-03, 4.01606434e-04,
       0., 1.20481930e-03, 1.60642574e-03, 1.20481930e-03,
       1.20481930e-03, 8.03212868e-04, 4.01606434e-04, 2.40963860e-03,
       1.20481930e-03, 4.01606434e-04, 4.01606434e-04, 2.00803205e-03,
       3.21285147e-03, 1.20481930e-03, 1.20481930e-03, 2.81124515e-03,
       0., 1.20481930e-03, 1.20481930e-03, 1.60642574e-03, 0.,
       4.01606434e-04, 3.21285147e-03, 1.20481930e-03, 1.20481930e-03,
       8.03212868e-04, 8.03212868e-04, 0., 4.01606434e-04, 0.,
       2.40963860e-03, 8.03212868e-04, 2.81124515e-03, 0.,
       1.60642574e-03, 1.20481930e-03, 2.81124515e-03, 2.00803205e-03,
       4.01606434e-04, 8.03212868e-04, 0., 4.01606411e-03,
       2.00803205e-03, 2.81124515e-03, 0., 1.20481930e-03,
       4.01606434e-04, 4.01606411e-03, 4.01606411e-03, 1.20481930e-03,
       8.03212868e-04, 3.21285147e-03, 2.81124515e-03, 2.81124515e-03,
       1.20481930e-03, 1.60642574e-03, 0., 2.00803205e-03,
       3.61445779e-03, 2.00803205e-03, 4.01606434e-04, 4.41767089e-03,
       1.20481930e-03, 1.60642574e-03, 2.40963860e-03, 8.03212868e-04,
       4.01606434e-04, 2.40963860e-03, 1.60642574e-03, 2.00803205e-03,
       1.60642574e-03, 5.62249031e-03, 1.60642574e-03, 0., 0.,
       8.03212868e-04, 1.20481930e-03, 1.60642574e-03, 0.,
       8.03212868e-04, 0., 0., 2.40963860e-03, 8.03212868e-04,
       8.03212868e-04, 1.20481930e-03, 4.01606434e-04, 0., 0., 0.,
       8.03212868e-04, 1.60642574e-03, 8.03212868e-04, 1.20481930e-03,
       8.03212868e-04, 8.03212868e-04, 2.40963860e-03, 1.20481930e-03,
       0., 8.03212868e-04, 4.01606434e-04, 0., 4.01606434e-04,
       2.40963860e-03, 1.20481930e-03, 1.20481930e-03, 3.21285147e-03,
       1.20481930e-03, 1.60642574e-03, 4.01606434e-04, 4.01606434e-04,
       4.01606434e-04, 8.03212868e-04, 2.00803205e-03, 2.40963860e-03,
       4.01606434e-04, 4.01606434e-04, 0., 2.00803205e-03,
       4.01606434e-04, 1.20481930e-03, 2.00803205e-03, 1.60642574e-03,
       8.03212868e-04, 1.20481930e-03, 4.01606434e-04, 2.00803205e-03,
       5.22088353e-03, 1.20481930e-03, 1.60642574e-03, 0.,
       1.60642574e-03, 1.20481930e-03, 8.03212868e-04, 0.,
       2.00803205e-03, 0., 4.01606434e-04, 3.21285147e-03,
       1.20481930e-03, 0., 2.00803205e-03, 1.60642574e-03, 0.,
       1.20481930e-03, 1.20481930e-03, 2.00803205e-03, 1.20481930e-03,
       2.81124515e-03, 4.01606434e-04, 8.03212868e-04, 1.20481930e-03,
       4.01606434e-04, 1.20481930e-03, 1.20481930e-03, 2.81124515e-03,
       1.60642574e-03, 1.60642574e-03, 0., 0., 4.01606434e-04,
       2.40963860e-03, 2.81124515e-03, 1.60642574e-03, 0.,
       1.60642574e-03, 0., 3.21285147e-03, 2.00803205e-03,
       2.40963860e-03, 2.40963860e-03, 2.81124515e-03, 1.20481930e-03,
       2.00803205e-03, 0., 0., 2.00803205e-03, 2.81124515e-03,
       2.00803205e-03, 4.01606434e-04, 0., 4.01606434e-04,
       1.60642574e-03, 2.00803205e-03, 4.01606434e-04, 1.20481930e-03,
       1.20481930e-03, 8.03212868e-04, 0., 1.20481930e-03,
       4.01606434e-04, 1.20481930e-03, 4.01606434e-04, 0.,
       1.20481930e-03, 4.01606434e-04, 4.01606434e-04, 1.60642574e-03,
       8.03212868e-04, 2.00803205e-03, 4.01606434e-04, 2.00803205e-03,
       1.60642574e-03, 2.40963860e-03, 4.01606434e-04, 2.81124515e-03,
       8.03212868e-04, 8.03212868e-04, 4.01606434e-04, 2.00803205e-03,
       2.81124515e-03, 4.01606434e-04, 4.01606434e-04, 1.20481930e-03,
       2.00803205e-03, 8.03212868e-04, 8.03212868e-04, 4.01606434e-04,
       8.03212868e-04, 1.60642574e-03, 1.60642574e-03, 0.,
       1.20481930e-03, 1.20481930e-03, 1.20481930e-03, 3.21285147e-03,
       4.01606434e-04, 4.01606434e-04, 8.03212868e-04, 4.41767089e-03,
       0., 1.20481930e-03, 1.20481930e-03, 1.20481930e-03,
       2.00803205e-03, 0., 4.01606434e-04, 2.40963860e-03,
       4.01606434e-04, 8.03212868e-04, 0., 1.20481930e-03, 0., 0.,
       6.42570294e-03, 2.00803205e-03, 2.81124515e-03, 1.60642574e-03,
       0., 0., 1.60642574e-03, 0., 1.20481930e-03, 4.01606434e-04,
       4.01606434e-04, 3.21285147e-03, 1.20481930e-03, 4.01606434e-04,
       4.01606434e-04, 8.03212868e-04, 2.40963860e-03, 8.03212868e-04,
       1.60642574e-03, 8.03212868e-04, 0., 2.00803205e-03,
       8.03212868e-04, 8.03212868e-04, 1.20481930e-03, 8.03212868e-04,
       8.03212868e-04, 8.03212868e-04, 8.03212868e-04, 0.,
       4.01606434e-04, 1.20481930e-03, 4.01606434e-04, 0.,
       4.01606434e-04, 2.00803205e-03, 8.03212868e-04, 2.00803205e-03,
       1.20481930e-03, 4.01606434e-04, 4.01606434e-04, 2.40963860e-03,
       8.03212868e-04, 1.20481930e-03, 4.01606434e-04, 0.,
       4.01606434e-04, 1.20481930e-03, 4.01606434e-04, 4.01606434e-04,
       0., 4.01606434e-04, 0., 4.01606434e-04, 8.03212868e-04,
       8.03212868e-04, 0., 1.20481930e-03, 2.40963860e-03,
       1.20481930e-03, 1.60642574e-03, 8.03212868e-04, 0.,
       3.21285147e-03, 8.03212868e-04, 0., 8.03212868e-04,
       4.01606434e-04, 4.41767089e-03, 0., 1.60642574e-03,
