%YAML:1.0
m50n: !!opencv-matrix
   rows: 1
   cols: 800
   dt: f
   data: [ 1.87441427e-03, 3.74882855e-03, 1.56201189e-03,
       1.56201189e-03, 1.56201189e-03, 9.37207136e-04, 4.37363330e-03,
       6.24804758e-04, 3.12402379e-04, 3.12402379e-04, 3.12402379e-04,
       1.56201189e-03, 6.24804758e-04, 1.24960952e-03, 9.37207136e-04,
       1.56201189e-03, 0., 9.37207136e-04, 6.24804758e-04,
       6.24804758e-04, 3.12402379e-04, 3.12402379e-04, 2.81162141e-03,
       9.37207136e-04, 9.68447328e-03, 9.37207136e-04, 6.24804758e-04,
       6.24804758e-04, 9.37207136e-04, 1.87441427e-03, 4.06123092e-03,
       1.24960952e-03, 1.24960952e-03, 6.24804758e-04, 1.56201189e-03,
       1.24960952e-03, 1.24960952e-03, 3.12402379e-04, 6.24804758e-04,
       6.24804758e-04, 1.24960952e-03, 5.93564520e-03, 3.12402379e-04,
       2.81162141e-03, 6.24804758e-04, 1.24960952e-03, 1.87441427e-03,
       2.18681665e-03, 1.87441427e-03, 4.99843806e-03, 1.24960952e-03,
       1.56201189e-03, 0., 1.56201189e-03, 9.37207136e-04,
       9.37207136e-04, 1.24960952e-03, 1.56201189e-03, 1.24960952e-03,
       6.24804758e-04, 1.24960952e-03, 3.12402379e-04, 2.81162141e-03,
       3.12402379e-04, 1.24960952e-03, 0., 3.12402379e-04,
       1.56201189e-03, 0., 3.74882855e-03, 1.24960952e-03,
       6.24804758e-04, 2.49921903e-03, 1.56201189e-03, 2.49921903e-03,
       0., 1.56201189e-03, 3.12402379e-04, 2.18681665e-03,
       2.18681665e-03, 9.37207136e-04, 0., 2.18681665e-03,
       3.12402379e-04, 9.37207136e-04, 9.37207136e-04, 9.37207136e-04,
       2.18681665e-03, 2.18681665e-03, 3.12402379e-04, 1.87441427e-03,
       1.56201189e-03, 3.12402379e-04, 6.24804758e-04, 3.12402379e-04,
       6.24804758e-04, 0., 3.12402379e-04, 6.24804758e-04,
       1.56201189e-03, 3.12402379e-04, 1.56201189e-03, 4.68603568e-03,
       2.18681665e-03, 1.56201189e-03, 1.24960952e-03, 9.37207136e-04,
       1.24960952e-03, 1.24960952e-03, 6.24804758e-04, 2.81162141e-03,
       3.12402379e-04, 0., 9.37207136e-04, 9.37207136e-04,
       1.24960952e-03, 9.37207136e-04, 3.12402379e-04, 1.56201189e-03,
       0., 1.56201189e-03, 0., 6.24804758e-04, 1.56201189e-03,
       1.87441427e-03, 6.24804758e-04, 1.87441427e-03, 1.87441427e-03,
       6.24804758e-04, 2.18681665e-03, 1.87441427e-03, 3.12402379e-03,
       1.56201189e-03, 1.56201189e-03, 9.37207136e-04, 9.68447328e-03,
       6.24804758e-04, 0., 6.24804758e-04, 1.56201189e-03,
       3.12402379e-04, 3.74882855e-03, 1.24960952e-03, 9.37207136e-04,
       6.24804758e-04, 6.24804758e-04, 6.24804758e-04, 3.12402379e-04,
       1.87441427e-03, 6.24804758e-04, 6.24804758e-04, 2.18681665e-03,
       3.12402379e-04, 9.37207136e-04, 3.12402379e-04, 3.12402379e-04,
       6.24804758e-04, 9.37207136e-04, 3.12402379e-04, 2.18681665e-03,
       3.12402379e-04, 1.87441427e-03, 1.24960952e-03, 9.37207136e-04,
       9.37207136e-04, 6.24804758e-04, 1.24960952e-03, 9.37207136e-04,
       6.24804758e-04, 2.18681665e-03, 3.12402379e-04, 1.87441427e-03,
       9.37207136e-04, 1.24960952e-03, 3.12402379e-04, 6.24804758e-04,
       3.12402379e-04, 2.06185579e-02, 3.12402379e-04, 9.37207136e-04,
       2.81162141e-03, 2.49921903e-03, 2.49921903e-03, 6.24804758e-04,
       6.24804758e-04, 1.24960952e-03, 9.37207136e-04, 9.37207136e-04,
       6.24804758e-04, 3.12402379e-03, 1.24960952e-03, 4.37363330e-03,
       2.81162141e-03, 6.24804758e-04, 6.24804758e-04, 1.24960952e-03,
       3.12402379e-04, 9.37207136e-04, 6.24804758e-04, 9.37207136e-04,
       0., 9.37207136e-04, 2.18681665e-03, 1.09340828e-02,
       1.56201189e-03, 2.49921903e-03, 2.18681665e-03, 2.18681665e-03,
       2.18681665e-03, 2.49921903e-03, 6.24804758e-04, 9.37207136e-04,
       2.18681665e-03, 1.24960952e-03, 3.74882855e-03, 6.24804758e-04,
       9.37207136e-04, 6.24804758e-04, 6.24804758e-04, 1.24960952e-03,
       3.12402379e-04, 9.37207136e-04, 1.24960952e-03, 3.12402379e-04,
       1.24960952e-03, 9.37207136e-04, 1.24960952e-03, 1.56201189e-03,
       6.24804758e-04, 4.68603568e-03, 3.12402379e-04, 9.37207136e-04,
       1.24960952e-03, 1.56201189e-03, 1.24960952e-03, 6.24804758e-04,
       2.81162141e-03, 1.24960952e-03, 1.24960952e-03, 9.37207136e-04,
       3.12402379e-04, 3.12402379e-04, 9.37207136e-04, 5.31084044e-03,
       9.37207136e-04, 0., 4.68603568e-03, 6.24804758e-04,
       3.12402379e-04, 9.37207136e-04, 9.37207136e-04, 6.24804758e-04,
       3.12402379e-04, 2.49921903e-03, 3.12402379e-04, 3.12402379e-04,
       2.18681665e-03, 6.24804758e-04, 3.12402379e-04, 1.87441427e-03,
       1.56201189e-03, 3.12402379e-04, 9.37207136e-04, 9.37207136e-04,
       6.24804758e-04, 0., 1.24960952e-03, 1.56201189e-03,
       3.12402379e-04, 1.24960952e-03, 1.24960952e-03, 9.37207136e-04,
       6.24804758e-04, 6.24804758e-04, 6.24804758e-04, 1.56201189e-03,
       9.37207136e-04, 4.99843806e-03, 6.24804758e-04, 1.56201189e-03,
       2.49921903e-03, 1.24960952e-03, 6.24804758e-04, 1.87441427e-03,
       9.37207136e-04, 9.37207136e-04, 1.24960952e-03, 3.12402379e-04,
       3.12402379e-04, 1.87441427e-03, 3.12402379e-04, 0.,
       9.37207136e-04, 9.37207136e-04, 9.37207136e-04, 6.24804758e-04,
       1.56201189e-03, 9.37207136e-04, 9.37207136e-04, 2.18681665e-03,
       6.24804758e-04, 0., 2.81162141e-03, 3.12402379e-04,
       9.37207136e-04, 0., 1.24960952e-03, 2.49921903e-03,
       1.87441427e-03, 1.87441427e-03, 2.81162141e-03, 3.12402379e-04,
       3.12402379e-04, 3.12402379e-04, 1.24960952e-03, 1.87441427e-03,
       9.37207136e-04, 1.87441427e-03, 9.37207136e-04, 1.24960952e-03,
       3.12402379e-04, 1.56201189e-03, 9.37207136e-04, 1.56201189e-03,
       1.24960952e-03, 9.37207136e-04, 0., 5.62324282e-03,
       3.12402379e-04, 9.37207136e-04, 6.24804758e-04, 0.,
       2.81162141e-03, 4.06123092e-03, 1.56201189e-03, 3.43642617e-03,
       9.37207136e-04, 0., 0., 1.24960952e-03, 2.81162141e-03,
       9.37207136e-04, 2.49921903e-03, 3.12402379e-04, 2.18681665e-03,
       3.12402379e-04, 1.24960952e-03, 1.87441427e-03, 3.12402379e-04,
       2.49921903e-03, 3.12402379e-04, 9.37207136e-04, 3.12402379e-04,
       6.24804758e-04, 2.18681665e-03, 6.24804758e-04, 9.37207136e-04,
       9.37207136e-04, 9.37207136e-04, 2.18681665e-03, 0.,
       1.24960952e-03, 6.24804758e-04, 1.56201189e-03, 9.37207136e-04,
       1.24960952e-03, 3.12402379e-04, 0., 6.24804758e-03,
       1.24960952e-03, 2.18681665e-03, 1.24960952e-03, 9.37207136e-04,
       3.12402379e-04, 6.24804758e-04, 6.24804758e-04, 4.99843806e-03,
       6.24804758e-04, 1.87441427e-03, 1.56201189e-03, 2.18681665e-03,
       1.56201189e-03, 1.24960952e-03, 3.12402379e-04, 1.24960952e-03,
       6.24804758e-04, 6.24804758e-04, 3.12402379e-04, 3.43642617e-03,
       9.37207136e-04, 4.99843806e-03, 5.62324282e-03, 1.56201189e-03,
       1.87441427e-03, 1.24960952e-03, 0., 1.56201189e-03,
       9.37207136e-04, 0., 4.06123092e-03, 3.12402379e-04,
       6.24804758e-04, 3.12402379e-04, 6.24804758e-04, 3.12402379e-04,
       6.24804758e-04, 3.12402379e-04, 1.87441427e-03, 6.24804758e-04,
       6.24804758e-04, 5.31084044e-03, 1.24960952e-03, 9.37207136e-04,
       1.56201189e-03, 1.24960952e-03, 6.24804758e-03, 1.24960952e-03,
       1.24960952e-03, 6.24804758e-04, 1.56201189e-03, 6.24804758e-04,
       6.24804758e-04, 6.24804758e-04, 2.49921903e-03, 1.87441427e-03,
       1.56201189e-03, 3.12402379e-04, 0., 3.12402379e-03,
       9.37207136e-04, 1.87441427e-03, 3.12402379e-04, 1.87441427e-03,
       0., 1.87441427e-03, 0., 6.24804758e-04, 3.12402379e-04,
       2.18681665e-03, 6.24804758e-04, 1.24960952e-03, 3.12402379e-04,
       1.56201189e-03, 2.81162141e-03, 9.37207136e-04, 3.12402379e-04,
       2.18681665e-03, 2.18681665e-03, 6.24804758e-04, 1.56201189e-03,
       3.12402379e-04, 3.74882855e-03, 9.37207136e-04, 2.81162141e-03,
       1.56201189e-03, 3.12402379e-04, 6.24804758e-04, 9.37207136e-04,
       6.24804758e-04, 3.12402379e-04, 3.12402379e-04, 6.24804758e-04,
