%YAML:1.0
m50n: !!opencv-matrix
   rows: 1
   cols: 800
   dt: f
   data: [ 0., 6.11620781e-04, 0., 0., 6.11620781e-04, 1.83486240e-03,
       1.22324156e-03, 5.50458720e-03, 1.34556573e-02, 3.05810384e-03,
       6.11620781e-04, 1.83486240e-03, 6.11620781e-04, 6.11620781e-04,
       1.22324156e-03, 4.28134529e-03, 0., 1.22324156e-03,
       3.66972480e-03, 0., 6.11620781e-04, 1.22324156e-03,
       3.05810384e-03, 6.11620781e-04, 0., 0., 0., 6.11620781e-04,
       1.83486240e-03, 0., 2.44648312e-03, 0., 1.83486240e-03,
       1.22324156e-03, 0., 1.83486240e-03, 1.22324156e-03, 0.,
       4.28134529e-03, 1.22324156e-03, 4.89296624e-03, 1.22324156e-03,
       0., 5.50458720e-03, 6.11620781e-04, 0., 1.83486240e-03,
       2.44648312e-03, 1.22324156e-03, 0., 0., 6.72782864e-03,
       6.11620769e-03, 6.11620781e-04, 0., 5.50458720e-03,
       8.56269058e-03, 0., 1.22324156e-03, 0., 6.11620781e-04,
       5.50458720e-03, 3.66972480e-03, 6.11620781e-04, 1.83486240e-03,
       6.11620781e-04, 2.44648312e-03, 7.33944960e-03, 0.,
       1.22324156e-03, 1.22324156e-03, 1.22324156e-03, 6.11620781e-04,
       1.22324156e-03, 6.11620781e-04, 1.22324156e-03, 1.22324156e-03,
       6.11620781e-04, 1.83486240e-03, 4.28134529e-03, 0.,
       3.66972480e-03, 0., 6.11620781e-04, 4.89296624e-03,
       6.11620781e-04, 0., 3.66972480e-03, 1.22324156e-03,
       1.03975534e-02, 1.22324156e-03, 0., 0., 1.22324156e-03, 0., 0.,
       1.83486240e-03, 6.11620781e-04, 6.11620781e-04, 6.11620781e-04,
       1.83486240e-03, 1.83486240e-03, 0., 6.11620781e-04,
       4.89296624e-03, 6.11620781e-04, 0., 0., 0., 6.11620781e-04, 0.,
       0., 0., 6.11620781e-04, 3.05810384e-03, 1.22324156e-03, 0.,
       3.05810384e-03, 1.22324156e-03, 2.44648312e-03, 1.22324156e-03,
       0., 6.11620781e-04, 1.22324156e-03, 0., 1.83486240e-03, 0.,
       6.11620781e-04, 1.22324156e-03, 2.44648312e-03, 1.22324156e-03,
       3.05810384e-03, 0., 0., 0., 0., 1.83486240e-03, 0.,
       2.44648312e-03, 0., 0., 1.83486240e-03, 6.11620781e-04, 0.,
       5.50458720e-03, 6.11620781e-04, 0., 6.11620769e-03,
       1.22324156e-03, 0., 1.22324156e-03, 0., 6.11620781e-04,
       4.28134529e-03, 0., 1.22324156e-03, 2.44648312e-03,
       2.44648312e-03, 6.11620781e-04, 2.44648312e-03, 0.,
       6.11620781e-04, 6.11620781e-04, 0., 6.11620781e-04, 0., 0., 0.,
       1.83486240e-03, 1.22324156e-03, 1.22324156e-03, 1.83486240e-03,
       0., 1.22324156e-03, 1.22324156e-03, 6.11620781e-04, 0.,
       6.11620781e-04, 6.11620781e-04, 1.83486240e-03, 0.,
       6.11620781e-04, 1.28440363e-02, 1.83486240e-03, 0.,
       1.22324156e-03, 1.83486240e-03, 1.22324156e-03, 6.11620781e-04,
       0., 6.11620781e-04, 0., 4.28134529e-03, 0., 1.22324156e-03,
       3.05810384e-03, 2.44648312e-03, 1.22324156e-03, 6.11620781e-04,
       6.11620781e-04, 0., 6.11620781e-04, 0., 6.11620781e-04,
       1.22324156e-03, 1.83486240e-03, 0., 1.22324156e-03,
       6.11620781e-04, 0., 6.11620781e-04, 3.66972480e-03,
       4.28134529e-03, 6.11620781e-04, 0., 6.11620781e-04,
       4.28134529e-03, 0., 1.22324156e-03, 0., 6.11620781e-04,
       3.05810384e-03, 2.44648312e-03, 1.83486240e-03, 0.,
       1.22324156e-03, 0., 0., 0., 0., 1.22324156e-03, 1.22324156e-03,
       1.22324156e-03, 0., 0., 6.11620781e-04, 0., 3.66972480e-03, 0.,
       2.44648312e-03, 0., 6.11620781e-04, 6.11620781e-04, 0., 0.,
       5.50458720e-03, 0., 0., 0., 0., 6.11620781e-04, 1.22324156e-03,
       0., 1.22324156e-03, 0., 1.83486240e-03, 0., 1.22324156e-03,
       2.44648312e-03, 0., 6.11620781e-04, 0., 1.83486240e-03, 0., 0.,
       0., 5.50458720e-03, 0., 6.11620781e-04, 6.11620781e-04,
       1.22324156e-03, 6.11620781e-04, 6.11620781e-04, 6.11620781e-04,
       6.11620781e-04, 6.11620781e-04, 0., 6.11620781e-04,
       1.22324156e-03, 0., 1.22324156e-03, 0., 6.11620781e-04,
       4.89296624e-03, 1.22324156e-03, 1.22324156e-03, 6.11620769e-03,
       6.11620781e-04, 6.11620781e-04, 1.22324156e-03, 4.28134529e-03,
       0., 1.22324156e-03, 6.11620781e-04, 1.52905192e-02,
       2.44648312e-03, 3.05810384e-03, 0., 0., 2.44648312e-03, 0.,
       6.11620781e-04, 0., 0., 6.11620781e-04, 0., 0., 3.66972480e-03,
       6.11620769e-03, 0., 1.22324156e-03, 0., 0., 6.11620781e-04,
       6.11620781e-04, 0., 1.83486240e-03, 3.05810384e-03,
       1.22324156e-03, 0., 6.11620781e-04, 6.11620781e-04,
       6.11620781e-04, 0., 1.22324156e-03, 1.83486240e-03, 0.,
       2.44648312e-03, 6.11620781e-04, 0., 1.83486240e-03,
       2.44648312e-03, 0., 0., 1.83486240e-03, 6.11620781e-04,
       1.22324156e-03, 1.22324156e-03, 0., 1.22324156e-03, 0.,
       6.11620781e-04, 0., 0., 0., 0., 0., 6.11620781e-04, 0.,
       6.11620781e-04, 1.22324156e-03, 6.11620781e-04, 0.,
       1.22324156e-03, 1.22324156e-03, 0., 0., 0., 6.11620781e-04,
       6.11620781e-04, 0., 6.11620781e-04, 1.83486240e-03,
       1.22324156e-03, 0., 0., 1.22324156e-03, 2.44648312e-03, 0.,
       3.05810384e-03, 1.83486240e-03, 0., 1.22324156e-03,
       6.11620781e-04, 1.22324156e-03, 0., 1.22324156e-03,
       1.22324156e-03, 0., 0., 1.22324156e-03, 6.11620781e-04,
       4.28134529e-03, 6.11620781e-04, 0., 2.44648312e-03,
       6.11620781e-04, 0., 0., 6.11620781e-04, 0., 6.11620781e-04,
       1.03975534e-02, 0., 0., 6.11620781e-04, 3.05810384e-03, 0., 0.,
       0., 0., 6.11620781e-04, 6.11620781e-04, 0., 6.11620781e-04,
       6.11620781e-04, 6.11620781e-04, 1.83486240e-03, 1.22324156e-03,
       0., 6.11620769e-03, 1.22324156e-03, 1.83486240e-03,
       2.44648312e-03, 6.11620781e-04, 0., 0., 0., 0., 6.11620781e-04,
       0., 6.11620781e-04, 6.11620781e-04, 0., 6.11620781e-04,
       6.11620781e-04, 1.83486240e-03, 6.11620781e-04, 1.83486240e-03,
       0., 6.72782864e-03, 0., 3.05810384e-03, 1.22324156e-03, 0.,
       9.17431153e-03, 6.11620781e-04, 1.22324156e-03, 6.11620781e-04,
       2.44648312e-03, 6.11620781e-04, 0., 4.89296624e-03,
       1.22324156e-03, 6.11620781e-04, 1.22324156e-03, 2.44648312e-03,
       6.11620781e-04, 0., 3.05810384e-03, 2.44648312e-03,
       6.11620781e-04, 4.28134529e-03, 1.22324156e-03, 0., 0.,
       2.44648312e-03, 1.22324156e-03, 1.22324156e-03, 3.66972480e-03,
       6.11620781e-04, 6.11620781e-04, 1.22324156e-03, 0., 0.,
       1.22324156e-03, 1.22324156e-03, 4.28134529e-03, 6.11620781e-04,
       6.11620781e-04, 1.22324156e-03, 0., 0., 6.11620781e-04, 0.,
       6.11620781e-04, 3.05810384e-03, 6.11620781e-04, 1.22324156e-03,
       1.22324156e-03, 3.66972480e-03, 0., 0., 1.22324156e-03,
       3.05810384e-03, 6.11620781e-04, 3.66972480e-03, 6.11620781e-04,
       0., 2.44648312e-03, 4.28134529e-03, 0., 6.11620781e-04,
       6.11620781e-04, 1.22324156e-03, 0., 0., 3.05810384e-03, 0., 0.,
       6.11620781e-04, 0., 0., 3.66972480e-03, 1.83486240e-03,
       8.56269058e-03, 6.11620781e-04, 1.22324156e-03, 1.83486240e-03,
       3.05810384e-03, 6.11620781e-04, 3.05810384e-03, 6.11620781e-04,
       1.22324156e-03, 0., 0., 0., 3.66972480e-03, 0., 3.05810384e-03,
       0., 3.05810384e-03, 0., 3.66972480e-03, 1.22324156e-03,
       1.22324156e-03, 0., 1.83486240e-03, 1.22324156e-03,
       3.66972480e-03, 0., 6.11620781e-04, 0., 0., 0., 1.22324156e-03,
       1.22324156e-03, 0., 0., 4.28134529e-03, 0., 0., 1.22324156e-03,
       0., 3.05810384e-03, 0., 6.11620781e-04, 0., 6.11620781e-04,
       6.11620781e-04, 0., 1.22324156e-03, 2.44648312e-03,
       6.11620781e-04, 1.46788992e-02, 1.22324156e-03, 6.11620781e-04,
       6.11620781e-04, 4.28134529e-03, 1.22324156e-03, 4.89296624e-03,
       1.22324156e-03, 6.11620781e-04, 0., 1.83486240e-03,
       6.11620781e-04, 1.22324156e-03, 1.22324156e-03, 0.,
       1.83486240e-03, 0., 1.22324156e-03, 1.22324156e-03, 0., 0.,
       1.83486240e-03, 3.05810384e-03, 1.83486240e-03, 1.83486240e-03,
       1.83486240e-03, 1.83486240e-03, 0., 6.11620781e-04,
       6.11620781e-04, 1.83486240e-03, 0., 6.11620781e-04, 0., 0., 0.,
       1.22324156e-03, 3.66972480e-03, 4.28134529e-03, 4.89296624e-03,
