%YAML:1.0
m50n: !!opencv-matrix
   rows: 1
   cols: 800
   dt: f
   data: [ 3.40599450e-04, 1.02179835e-03, 1.36239780e-03,
       6.81198901e-04, 2.04359670e-03, 1.02179835e-03, 6.81198901e-04,
       0., 3.40599450e-04, 0., 3.40599450e-04, 1.70299725e-03,
       2.38419604e-03, 6.81198901e-04, 3.40599450e-04, 2.38419604e-03,
       6.81198901e-04, 3.40599450e-04, 2.04359670e-03, 3.40599450e-04,
       6.81198901e-04, 0., 6.81198901e-04, 1.70299725e-03,
       3.74659384e-03, 3.40599450e-04, 6.81198901e-04, 6.81198901e-04,
       0., 6.81198901e-04, 1.02179835e-03, 2.04359670e-03,
       1.70299725e-03, 3.40599450e-04, 3.40599450e-04, 1.02179835e-03,
       3.74659384e-03, 1.02179835e-03, 6.81198901e-04, 1.36239780e-03,
       1.70299725e-03, 1.70299725e-03, 6.81198901e-04, 3.06539517e-03,
       4.08719340e-03, 1.36239780e-03, 2.38419604e-03, 1.36239780e-03,
       6.81198901e-04, 1.02179835e-03, 6.81198901e-04, 1.02179835e-03,
       3.40599450e-04, 1.70299725e-03, 3.40599450e-04, 6.81198901e-04,
       3.74659384e-03, 6.81198901e-04, 2.04359670e-03, 3.40599450e-04,
       1.36239780e-03, 4.08719340e-03, 4.08719340e-03, 1.02179835e-03,
       1.02179835e-03, 3.40599450e-04, 1.36239780e-03, 1.70299725e-03,
       3.40599450e-04, 6.81198901e-04, 2.72479560e-03, 6.81198901e-04,
       1.02179835e-03, 6.81198901e-04, 3.74659384e-03, 0.,
       1.70299725e-03, 3.40599450e-04, 1.02179835e-03, 6.81198901e-04,
       3.40599450e-04, 0., 6.81198901e-04, 1.36239780e-03,
       1.02179835e-03, 4.76839207e-03, 6.81198901e-04, 2.38419604e-03,
       1.70299725e-03, 2.04359670e-03, 2.38419604e-03, 6.81198901e-04,
       3.40599450e-04, 1.02179835e-03, 6.81198901e-04, 2.72479560e-03,
       1.70299725e-03, 6.81198901e-04, 1.02179835e-03, 5.79019077e-03,
       2.04359670e-03, 1.36239780e-03, 2.04359670e-03, 1.70299725e-03,
       1.02179835e-03, 1.02179835e-03, 2.04359670e-03, 6.81198901e-04,
       1.70299725e-03, 1.36239780e-03, 1.02179835e-03, 0.,
       6.81198901e-04, 1.36239780e-03, 0., 1.02179835e-03,
       3.40599450e-04, 6.81198901e-04, 3.74659384e-03, 3.40599450e-04,
       0., 1.02179835e-03, 6.81198901e-04, 3.40599450e-04,
       3.40599450e-04, 1.02179835e-03, 1.02179835e-03, 6.81198901e-04,
       0., 6.81198901e-04, 2.72479560e-03, 8.17438681e-03,
       2.04359670e-03, 6.81198901e-04, 1.36239780e-03, 6.47138944e-03,
       6.81198901e-04, 3.40599450e-04, 1.02179835e-03, 0., 0.,
       2.04359670e-03, 3.40599450e-04, 1.70299725e-03, 1.36239780e-03,
       2.38419604e-03, 0., 2.72479560e-03, 1.36239780e-03,
       1.70299725e-03, 3.40599450e-04, 3.74659384e-03, 2.04359670e-03,
       1.70299725e-03, 0., 0., 0., 3.40599450e-04, 3.40599450e-04,
       1.70299725e-03, 3.40599450e-04, 1.36239780e-03, 6.81198901e-04,
       3.40599450e-04, 1.36239780e-03, 1.36239780e-03, 6.81198901e-04,
       1.36239780e-03, 6.81198901e-04, 6.81198901e-04, 6.81198901e-04,
       6.81198901e-04, 1.02179835e-03, 3.40599450e-04, 3.40599450e-04,
       1.36239780e-03, 1.02179835e-03, 3.74659384e-03, 2.04359670e-03,
       2.72479560e-03, 4.76839207e-03, 1.36239780e-03, 0.,
       6.81198901e-04, 0., 1.02179835e-03, 6.81198901e-04,
       3.40599450e-04, 3.40599450e-04, 2.04359670e-03, 6.81198901e-04,
       3.40599450e-03, 3.40599450e-03, 6.81198901e-04, 3.40599450e-04,
       0., 3.40599450e-04, 1.02179835e-03, 1.02179835e-03,
       6.81198901e-04, 6.81198901e-04, 1.02179835e-03, 1.36239780e-03,
       1.05585828e-02, 1.02179835e-03, 1.02179835e-03, 0., 0.,
       1.36239780e-03, 4.42779297e-03, 1.02179835e-03, 6.81198901e-04,
       1.70299725e-03, 3.40599450e-04, 3.74659384e-03, 1.02179835e-03,
       3.40599450e-04, 2.72479560e-03, 1.02179835e-03, 2.04359670e-03,
       3.40599450e-04, 2.72479560e-03, 6.81198901e-04, 0.,
       1.70299725e-03, 6.81198901e-04, 3.40599450e-04, 2.38419604e-03,
       4.08719340e-03, 2.04359670e-03, 3.40599450e-04, 2.04359670e-03,
       3.40599450e-04, 2.72479560e-03, 1.02179835e-03, 1.70299725e-03,
       3.74659384e-03, 0., 1.36239780e-03, 6.81198901e-04,
       6.81198901e-04, 3.40599450e-04, 3.40599450e-04, 3.40599450e-03,
       1.36239780e-03, 1.02179835e-03, 4.76839207e-03, 3.40599450e-04,
       3.06539517e-03, 6.81198901e-04, 1.02179835e-03, 6.81198901e-04,
       1.02179835e-03, 1.02179835e-03, 0., 6.81198901e-04,
       1.36239780e-03, 6.81198901e-04, 1.02179835e-03, 1.02179835e-03,
       6.81198901e-04, 6.81198901e-04, 3.40599450e-04, 2.38419604e-03,
       1.02179835e-03, 6.81198901e-04, 6.81198901e-04, 4.08719340e-03,
       1.02179835e-03, 1.36239780e-03, 2.72479560e-03, 1.02179835e-03,
       3.40599450e-04, 3.40599450e-04, 1.36239780e-03, 2.72479560e-03,
       1.36239780e-03, 5.10899164e-03, 2.38419604e-03, 2.38419604e-03,
       4.42779297e-03, 1.70299725e-03, 6.81198901e-04, 1.02179835e-03,
       3.40599450e-04, 6.81198901e-04, 2.38419604e-03, 3.40599450e-04,
       1.36239780e-03, 6.81198901e-04, 6.81198901e-04, 3.40599450e-04,
       3.40599450e-04, 1.02179835e-03, 6.81198901e-04, 6.81198901e-04,
       0., 0., 3.40599450e-04, 6.81198901e-04, 1.70299725e-03,
       3.40599450e-04, 1.70299725e-03, 0., 2.38419604e-03, 0.,
       6.81198901e-04, 1.02179835e-03, 1.36239780e-03, 3.06539517e-03,
       6.81198901e-04, 1.70299725e-03, 6.81198901e-04, 2.38419604e-03,
       2.04359670e-03, 2.38419604e-03, 3.40599450e-04, 1.70299725e-03,
       6.81198901e-04, 6.81198901e-04, 3.74659384e-03, 0.,
       1.02179835e-03, 6.81198901e-04, 2.38419604e-03, 1.02179835e-03,
       6.81198901e-04, 3.40599450e-03, 2.04359670e-03, 3.40599450e-04,
       1.36239780e-03, 1.02179835e-03, 2.38419604e-03, 5.10899164e-03,
       6.81198901e-04, 5.10899164e-03, 0., 3.40599450e-04,
       6.81198901e-04, 0., 1.70299725e-03, 6.81198901e-04,
       2.04359670e-03, 6.81198901e-04, 2.04359670e-03, 0.,
       1.02179835e-03, 1.02179835e-03, 0., 7.15258857e-03,
       3.40599450e-04, 6.81198901e-04, 0., 3.40599450e-04,
       2.72479560e-03, 3.40599450e-04, 3.40599450e-04, 6.81198901e-04,
       0., 6.81198901e-03, 3.40599450e-04, 1.36239780e-03,
       3.40599450e-04, 1.36239780e-03, 2.72479560e-03, 3.40599450e-04,
       1.02179835e-03, 0., 1.02179833e-02, 1.02179835e-03,
       2.04359670e-03, 1.02179835e-03, 3.40599450e-04, 6.81198901e-04,
       6.81198901e-04, 3.40599450e-04, 1.70299725e-03, 1.02179835e-03,
       3.06539517e-03, 0., 2.38419604e-03, 1.36239780e-03,
       1.02179835e-03, 3.40599450e-04, 1.36239780e-03, 6.81198901e-04,
       6.81198901e-04, 1.02179835e-03, 3.40599450e-03, 2.38419604e-03,
       3.40599450e-03, 6.81198901e-03, 1.02179835e-03, 3.06539517e-03,
       2.04359670e-03, 0., 2.38419604e-03, 2.04359670e-03,
       3.40599450e-04, 6.81198901e-04, 3.40599450e-04, 1.70299725e-03,
       6.81198901e-04, 1.02179835e-03, 6.81198901e-04, 0.,
       1.70299725e-03, 6.81198901e-04, 2.04359670e-03, 6.81198901e-04,
       2.72479560e-03, 1.02179835e-03, 1.70299725e-03, 1.02179835e-03,
       6.81198901e-04, 7.83378724e-03, 0., 0., 1.02179835e-03, 0.,
       2.04359670e-03, 3.40599450e-04, 2.04359670e-03, 1.70299725e-03,
       1.70299725e-03, 3.40599450e-04, 1.02179835e-03, 0.,
       1.02179835e-03, 1.36239780e-03, 1.02179835e-03, 0.,
       3.40599450e-04, 3.40599450e-04, 1.36239780e-03, 1.70299725e-03,
       6.81198901e-04, 3.40599450e-04, 1.02179835e-03, 3.06539517e-03,
       6.81198901e-04, 0., 6.81198901e-04, 4.76839207e-03,
       3.40599450e-04, 2.04359670e-03, 5.44959120e-03, 3.40599450e-04,
       1.02179835e-03, 2.04359670e-03, 6.81198901e-04, 2.38419604e-03,
       2.38419604e-03, 3.40599450e-04, 1.36239780e-03, 1.70299725e-03,
       6.81198901e-04, 6.81198901e-04, 1.36239780e-03, 1.02179835e-03,
       3.40599450e-04, 6.81198901e-04, 1.36239780e-03, 6.81198901e-04,
       0., 0., 1.02179835e-03, 0., 1.70299725e-03, 3.06539517e-03,
       1.02179835e-03, 1.02179835e-03, 3.40599450e-04, 1.02179835e-03,
       3.40599450e-04, 1.70299725e-03, 0., 3.40599450e-04,
