%YAML:1.0
m50n: !!opencv-matrix
   rows: 1
   cols: 800
   dt: f
   data: [ 7.50750769e-04, 3.75375384e-04, 3.75375384e-04,
       3.75375384e-04, 1.50150154e-03, 1.50150154e-03, 1.12612615e-03,
       0., 0., 3.75375384e-03, 1.12612615e-03, 3.75375384e-04,
       7.50750769e-04, 3.75375384e-04, 6.00600615e-03, 1.50150154e-03,
       1.12612615e-03, 7.50750769e-04, 0., 1.12612615e-03, 0.,
       1.12612615e-03, 1.87687692e-03, 8.63363408e-03, 7.50750769e-04,
       7.50750769e-04, 3.75375384e-04, 3.00300308e-03, 6.75675692e-03,
       1.87687692e-03, 2.25225231e-03, 7.50750769e-04, 1.87687692e-03,
       0., 0., 1.01351356e-02, 1.12612615e-03, 0., 1.12612615e-03, 0.,
       1.12612615e-03, 7.50750769e-04, 3.75375384e-04, 7.50750769e-04,
       1.50150154e-03, 2.62762769e-03, 7.50750769e-04, 3.00300308e-03,
       1.50150154e-03, 7.50750769e-04, 3.75375384e-04, 3.75375384e-04,
       2.25225231e-03, 7.50750769e-04, 1.87687692e-03, 7.50750769e-04,
       0., 1.87687692e-03, 1.12612615e-03, 1.12612615e-03,
       1.12612615e-03, 0., 7.50750769e-04, 7.50750769e-04,
       7.50750769e-04, 0., 4.12912946e-03, 7.50750769e-04,
       3.00300308e-03, 1.87687692e-03, 7.50750769e-04, 1.87687692e-03,
       1.87687692e-03, 3.75375384e-04, 3.75375384e-03, 3.75375384e-04,
       0., 0., 1.50150154e-03, 3.75375384e-04, 1.12612615e-03,
       7.50750769e-04, 1.12612615e-03, 3.00300308e-03, 1.12612615e-03,
       1.50150154e-03, 1.12612615e-03, 3.00300308e-03, 7.50750769e-04,
       7.50750769e-04, 3.75375384e-04, 3.37837846e-03, 0.,
       3.75375384e-04, 1.12612615e-03, 0., 1.12612615e-03,
       2.25225231e-03, 1.50150154e-03, 1.50150154e-03, 3.75375384e-04,
       3.75375384e-04, 7.50750769e-04, 3.37837846e-03, 0.,
       3.75375384e-03, 3.75375384e-04, 0., 1.87687692e-03,
       3.00300308e-03, 2.62762769e-03, 1.50150154e-03, 1.87687692e-03,
       0., 0., 3.75375384e-04, 8.63363408e-03, 3.75375384e-04,
       3.37837846e-03, 0., 0., 1.12612615e-03, 1.87687692e-03,
       3.75375384e-04, 3.75375384e-04, 3.75375384e-04, 7.50750769e-04,
       7.50750769e-04, 1.50150154e-03, 1.12612615e-03, 0., 0.,
       3.37837846e-03, 1.12612615e-03, 7.50750769e-04, 1.12612615e-03,
       1.87687692e-03, 3.75375384e-04, 1.50150154e-03, 3.75375384e-04,
       2.62762769e-03, 2.25225231e-03, 7.50750769e-04, 3.37837846e-03,
       0., 0., 1.12612615e-03, 0., 0., 7.50750769e-04, 3.00300308e-03,
       7.50750769e-04, 7.50750769e-04, 1.50150154e-03, 0., 0.,
       3.75375384e-04, 7.50750769e-04, 0., 3.75375384e-04,
       3.75375384e-04, 5.63063100e-03, 7.50750769e-04, 7.50750769e-04,
       3.00300308e-03, 0., 1.50150154e-03, 1.87687692e-03, 0.,
       3.75375384e-04, 1.12612615e-03, 6.75675692e-03, 3.75375384e-04,
       0., 7.50750769e-04, 1.87687692e-03, 1.12612615e-03,
       1.50150154e-03, 7.50750769e-04, 3.75375384e-04, 2.25225231e-03,
       4.87987977e-03, 2.25225231e-03, 1.12612615e-03, 3.75375384e-04,
       7.50750769e-04, 1.12612615e-03, 1.12612615e-03, 3.75375384e-04,
       7.50750769e-04, 3.00300308e-03, 7.50750769e-04, 7.50750769e-04,
       0., 7.50750769e-04, 1.50150154e-03, 3.75375384e-04,
       7.50750769e-04, 1.12612615e-03, 2.25225231e-03, 0.,
       3.75375384e-04, 1.12612615e-03, 1.50150154e-03, 0.,
       1.12612615e-03, 3.75375384e-03, 3.00300308e-03, 3.75375384e-04,
       0., 1.12612615e-03, 3.00300308e-03, 3.00300308e-03,
       7.50750769e-04, 0., 3.75375384e-03, 1.50150154e-03,
       1.50150154e-03, 7.50750769e-04, 7.50750769e-04, 1.50150154e-03,
       8.25825892e-03, 1.50150154e-03, 3.75375384e-04, 2.62762769e-03,
       3.75375384e-04, 1.12612615e-03, 1.87687692e-03, 0.,
       2.62762769e-03, 1.50150154e-03, 1.87687692e-03, 3.75375384e-04,
       1.87687692e-03, 7.50750769e-04, 1.50150154e-03, 1.50150154e-03,
       3.37837846e-03, 3.75375384e-04, 0., 2.62762769e-03,
       4.87987977e-03, 3.75375384e-04, 3.75375384e-03, 1.12612615e-03,
       3.37837846e-03, 1.12612615e-03, 0., 7.50750769e-04,
       2.25225231e-03, 7.50750769e-04, 7.50750769e-04, 0.,
       7.50750769e-04, 0., 1.12612615e-03, 1.12612615e-03,
       3.75375384e-03, 1.12612615e-03, 1.50150154e-03, 7.50750769e-04,
       0., 3.75375384e-04, 1.87687692e-03, 0., 1.50150154e-03,
       1.12612615e-03, 0., 0., 2.25225231e-03, 1.12612615e-03,
       4.12912946e-03, 1.50150154e-03, 7.50750769e-04, 7.50750769e-04,
       0., 3.75375384e-04, 1.12612615e-03, 0., 0., 1.87687692e-03,
       1.87687692e-03, 7.50750769e-04, 3.75375384e-04, 1.87687692e-03,
       2.25225231e-03, 3.00300308e-03, 1.12612615e-03, 7.50750769e-04,
       1.50150154e-03, 3.75375384e-04, 1.50150154e-03, 0.,
       7.50750769e-04, 2.25225231e-03, 1.12612615e-03, 1.50150154e-03,
       3.75375384e-04, 1.12612615e-03, 1.87687692e-03, 3.75375384e-04,
       1.12612615e-03, 3.00300308e-03, 3.75375384e-03, 3.75375384e-04,
       0., 2.25225231e-03, 3.37837846e-03, 2.25225231e-03,
       1.87687692e-03, 1.87687692e-03, 5.25525538e-03, 2.62762769e-03,
       3.75375384e-04, 1.87687692e-03, 3.75375384e-03, 3.75375384e-04,
       7.50750769e-04, 0., 3.75375384e-04, 1.12612615e-03,
       1.87687692e-03, 0., 1.12612615e-03, 1.12612615e-03,
       1.12612615e-03, 3.75375384e-04, 7.50750769e-04, 1.12612615e-03,
       3.00300308e-03, 3.75375384e-04, 1.12612615e-03, 1.12612615e-03,
       1.12612615e-03, 1.12612615e-03, 1.12612615e-03, 5.25525538e-03,
       1.50150154e-03, 3.75375384e-04, 1.12612615e-03, 7.50750769e-04,
       1.12612615e-03, 1.12612615e-03, 1.12612615e-03, 7.50750769e-04,
       3.75375384e-04, 3.75375384e-04, 1.12612615e-03, 3.75375384e-04,
       1.12612615e-03, 1.87687692e-03, 1.87687692e-03, 0.,
       2.62762769e-03, 0., 2.62762769e-03, 2.25225231e-03, 0., 0., 0.,
       7.50750769e-04, 3.75375384e-04, 0., 0., 0., 4.87987977e-03,
       7.50750769e-04, 0., 1.12612615e-03, 0., 8.25825892e-03,
       6.00600615e-03, 0., 3.75375384e-04, 4.12912946e-03,
       3.75375384e-04, 0., 3.75375384e-04, 1.12612615e-03, 0.,
       3.75375384e-04, 2.25225231e-03, 0., 7.50750769e-04, 0.,
       3.75375384e-04, 2.62762769e-03, 1.50150154e-03, 1.12612615e-03,
       2.62762769e-03, 1.50150154e-03, 1.87687692e-03, 3.75375384e-04,
       5.25525538e-03, 7.50750769e-04, 3.75375384e-04, 2.25225231e-03,
       7.50750769e-04, 1.87687692e-03, 1.50150154e-03, 7.50750769e-04,
       1.12612615e-03, 1.12612615e-03, 5.25525538e-03, 0.,
       1.87687692e-03, 0., 3.75375384e-04, 1.50150154e-03, 0., 0.,
       1.12612615e-03, 7.50750769e-04, 1.12612615e-03, 0., 0.,
       7.50750769e-04, 0., 3.75375384e-04, 3.37837846e-03,
       7.50750769e-04, 0., 2.25225231e-03, 0., 0., 2.25225231e-03,
       1.87687692e-03, 7.50750769e-04, 2.62762769e-03, 3.00300308e-03,
       3.75375384e-04, 3.00300308e-03, 5.25525538e-03, 0.,
       3.75375384e-04, 1.12612615e-03, 7.50750769e-04, 3.75375384e-04,
       3.75375384e-04, 1.12612615e-03, 0., 1.50150154e-03,
       3.75375384e-04, 1.12612615e-03, 3.75375384e-04, 0., 0.,
       3.75375384e-04, 1.87687692e-03, 1.87687692e-03, 2.25225231e-03,
       0., 1.12612615e-03, 3.00300308e-03, 2.25225231e-03,
       7.50750769e-04, 0., 3.75375384e-04, 1.87687692e-03,
       7.50750769e-04, 1.87687692e-03, 0., 1.87687692e-03,
       1.50150154e-03, 0., 1.50150154e-03, 7.50750769e-04,
       5.63063100e-03, 3.75375384e-04, 2.25225231e-03, 7.50750769e-04,
       3.75375384e-04, 2.62762769e-03, 0., 7.50750769e-04,
       3.75375384e-04, 0., 0., 1.12612615e-03, 1.87687692e-03,
       3.75375384e-04, 0., 1.12612615e-03, 3.75375384e-04, 0., 0.,
       2.25225231e-03, 7.50750769e-04, 0., 3.75375384e-04,
       7.50750769e-04, 0., 0., 2.25225231e-03, 3.75375384e-04,
       7.50750769e-04, 3.75375384e-04, 0., 3.75375384e-04,
       7.50750769e-04, 3.75375384e-04, 3.75375384e-04, 0.,
       3.75375384e-04, 1.87687692e-03, 3.75375384e-03, 7.50750769e-04,
       3.75375384e-04, 3.75375384e-04, 2.25225231e-03, 3.75375384e-04,
       0., 1.12612615e-03, 0., 3.75375384e-04, 3.75375384e-04,
