%YAML:1.0
m50n: !!opencv-matrix
   rows: 1
   cols: 800
   dt: f
   data: [ 1.80050405e-03, 2.52070581e-03, 3.60100821e-04,
       1.80050405e-03, 7.20201642e-04, 2.88080657e-03, 1.80050405e-03,
       7.20201642e-04, 7.20201642e-04, 0., 2.16060504e-03,
       7.20201642e-04, 3.60100821e-04, 3.60100821e-04, 1.08030252e-03,
       2.16060504e-03, 1.44040328e-03, 7.20201642e-04, 3.60100821e-04,
       1.08030252e-03, 3.60100821e-04, 3.60100821e-04, 0.,
       7.20201642e-04, 1.87252425e-02, 2.88080657e-03, 3.60100821e-04,
       7.20201642e-04, 1.08030252e-03, 1.08030252e-03, 7.20201642e-04,
       7.20201642e-04, 7.20201642e-04, 3.60100821e-04, 1.08030252e-03,
       1.08030252e-03, 7.20201642e-04, 0., 1.08030252e-03,
       2.16060504e-03, 0., 2.88080657e-03, 3.60100821e-04,
       3.24090733e-03, 3.60100821e-04, 7.20201642e-04, 0.,
       7.56211719e-03, 7.20201642e-04, 2.16060504e-03, 7.20201642e-04,
       3.60100821e-04, 1.44040328e-03, 1.80050405e-03, 0.,
       1.44040328e-03, 2.88080657e-03, 1.08030252e-03, 3.60100821e-04,
       2.88080657e-03, 1.08030252e-03, 7.20201642e-04, 1.80050405e-03,
       3.60100821e-04, 1.08030252e-03, 7.20201642e-04, 0., 0.,
       7.20201642e-04, 2.16060504e-03, 1.44040328e-03, 1.80050405e-03,
       1.08030252e-03, 3.60100821e-04, 1.80050405e-03, 3.60100821e-04,
       1.44040328e-03, 7.20201642e-04, 7.20201642e-04, 3.60100821e-04,
       1.08030252e-03, 7.20201642e-04, 3.60100821e-04, 7.20201642e-04,
       7.20201642e-04, 3.24090733e-03, 7.20201642e-04, 1.08030252e-03,
       7.20201642e-04, 3.60100809e-03, 2.52070581e-03, 1.08030252e-03,
       1.80050405e-03, 7.20201642e-04, 7.20201642e-04, 0., 0.,
       7.20201642e-04, 1.08030252e-03, 1.08030252e-03, 3.60100821e-04,
       7.20201642e-04, 1.80050405e-03, 1.44040328e-03, 1.44040328e-03,
       3.60100821e-04, 1.44040328e-03, 3.60100821e-04, 7.20201642e-04,
       0., 1.08030252e-03, 3.60100821e-04, 1.44040328e-03,
       3.60100821e-04, 1.08030252e-03, 7.20201642e-04, 0.,
       7.20201642e-04, 3.96110909e-03, 4.32121009e-03, 0.,
       3.60100821e-04, 1.44040328e-03, 1.44040328e-03, 1.08030252e-03,
       2.88080657e-03, 7.20201642e-04, 1.80050405e-03, 3.60100821e-04,
       1.08030252e-03, 2.16060504e-03, 1.08030252e-03, 1.44040328e-03,
       7.20201642e-04, 1.08030252e-03, 1.87252425e-02, 3.60100821e-04,
       0., 1.44040328e-03, 7.20201642e-04, 7.20201642e-04,
       2.16060504e-03, 0., 0., 1.08030252e-03, 3.60100821e-04,
       2.16060504e-03, 2.16060504e-03, 2.16060504e-03, 7.20201642e-04,
       0., 2.52070581e-03, 7.20201642e-04, 1.08030252e-03,
       7.20201642e-04, 3.60100821e-04, 3.60100821e-04, 0., 0.,
       7.20201642e-04, 0., 3.24090733e-03, 3.60100821e-04,
       1.08030252e-03, 7.20201642e-04, 3.60100821e-04, 7.20201642e-04,
       0., 0., 0., 7.20201642e-04, 1.44040328e-03, 0., 1.44040328e-03,
       1.08030252e-03, 7.20201642e-04, 7.20201642e-04, 1.40439318e-02,
       1.80050405e-03, 7.20201642e-04, 1.08030252e-03, 3.60100821e-04,
       3.60100821e-04, 3.60100821e-04, 1.44040328e-03, 7.20201642e-04,
       1.08030252e-03, 7.20201642e-04, 3.60100821e-04, 1.08030252e-03,
       7.20201642e-04, 3.60100809e-03, 2.88080657e-03, 1.80050405e-03,
       3.60100821e-04, 1.44040328e-03, 7.20201642e-04, 3.60100821e-04,
       2.16060504e-03, 3.60100821e-04, 1.80050405e-03, 1.08030252e-03,
       1.44040328e-03, 2.37666536e-02, 0., 7.20201642e-04,
       1.44040328e-03, 0., 1.44040328e-03, 1.44040328e-03,
       1.44040328e-03, 1.08030252e-03, 2.16060504e-03, 7.20201642e-04,
       2.88080657e-03, 0., 7.20201642e-04, 2.88080657e-03, 0.,
       7.20201642e-04, 7.20201642e-04, 1.08030252e-03, 0., 0.,
       3.60100821e-04, 1.08030252e-03, 1.08030252e-03, 7.20201642e-04,
       1.08030252e-03, 5.76161314e-03, 7.20201642e-04, 1.44040328e-03,
       1.80050405e-03, 1.44040328e-03, 1.80050405e-03, 0.,
       2.16060504e-03, 1.80050405e-03, 0., 3.60100821e-04,
       3.60100821e-04, 1.44040328e-03, 1.44040328e-03, 7.56211719e-03,
       0., 1.80050405e-03, 7.56211719e-03, 1.44040328e-03,
       3.24090733e-03, 7.20201642e-04, 1.08030252e-03, 1.80050405e-03,
       3.60100821e-04, 6.48181466e-03, 7.20201642e-04, 1.08030252e-03,
       3.60100821e-04, 0., 7.20201642e-04, 1.80050405e-03,
       2.16060504e-03, 2.16060504e-03, 2.16060504e-03, 3.60100821e-04,
       1.08030252e-03, 1.80050405e-03, 5.04141161e-03, 5.04141161e-03,
       7.20201642e-04, 3.60100821e-04, 4.32121009e-03, 3.60100821e-04,
       3.60100821e-04, 3.60100821e-04, 7.20201642e-04, 1.44040328e-03,
       3.60100821e-04, 1.04429238e-02, 3.60100821e-04, 3.60100821e-04,
       1.08030252e-03, 1.44040328e-03, 1.08030252e-03, 1.08030252e-03,
       3.60100821e-04, 3.60100821e-04, 7.20201642e-04, 0.,
       7.20201642e-04, 3.60100821e-04, 2.52070581e-03, 3.60100821e-04,
       3.60100821e-04, 7.20201642e-04, 1.80050405e-03, 7.20201642e-04,
       3.60100821e-04, 7.20201642e-04, 3.60100821e-04, 2.52070581e-03,
       3.60100821e-04, 7.20201642e-04, 1.08030252e-03, 7.20201642e-04,
       2.16060504e-03, 1.80050405e-03, 7.20201642e-04, 7.20201642e-04,
       7.20201642e-04, 2.88080657e-03, 0., 7.20201642e-04,
       1.08030252e-03, 1.08030252e-03, 1.80050405e-03, 7.20201642e-04,
       3.60100821e-04, 3.60100821e-04, 7.20201642e-04, 1.08030252e-03,
       1.80050405e-03, 3.60100821e-04, 2.52070581e-03, 7.20201642e-04,
       3.60100821e-04, 1.08030252e-03, 0., 1.80050405e-03,
       1.44040328e-03, 5.76161314e-03, 3.60100821e-04, 7.20201642e-04,
       3.60100809e-03, 6.48181466e-03, 3.60100821e-04, 2.16060504e-03,
       1.80050405e-03, 1.44040328e-03, 3.60100821e-04, 1.08030252e-03,
       3.60100809e-03, 7.20201642e-04, 1.80050405e-03, 7.20201642e-04,
       1.08030252e-03, 7.20201642e-04, 1.08030252e-03, 1.44040328e-03,
       3.60100821e-04, 2.16060504e-03, 0., 0., 3.60100821e-04,
       1.44040328e-03, 0., 7.20201642e-04, 1.08030252e-03,
       1.80050405e-03, 3.60100821e-04, 8.64242017e-03, 1.44040328e-03,
       0., 1.08030252e-03, 1.08030252e-03, 7.20201642e-04,
       1.08030252e-03, 7.20201642e-04, 3.60100821e-04, 3.96110909e-03,
       3.60100821e-04, 1.44040328e-03, 3.60100821e-04, 3.60100821e-04,
       2.16060504e-03, 0., 1.80050405e-03, 3.60100821e-04,
       7.20201642e-04, 1.08030252e-03, 7.20201642e-04, 1.44040328e-03,
       3.60100821e-04, 0., 1.08030252e-03, 4.32121009e-03,
       1.44040328e-03, 7.20201642e-04, 7.20201642e-04, 8.64242017e-03,
       1.44040328e-03, 1.44040328e-03, 4.68131062e-03, 2.16060504e-03,
       8.28231871e-03, 3.60100821e-04, 3.60100821e-04, 1.08030252e-03,
       7.20201642e-04, 3.60100821e-04, 7.20201642e-04, 7.20201642e-04,
       1.08030252e-03, 1.80050405e-03, 1.80050405e-03, 3.60100821e-04,
       3.60100821e-04, 1.44040328e-03, 1.44040328e-03, 1.08030252e-03,
       7.20201642e-04, 2.88080657e-03, 1.80050405e-03, 2.16060504e-03,
       2.16060504e-03, 1.08030252e-03, 1.44040328e-03, 2.16060504e-03,
       0., 0., 7.20201642e-04, 2.88080657e-03, 7.20201642e-04, 0.,
       2.52070581e-03, 2.52070581e-03, 0., 7.20201642e-04, 0.,
       1.08030252e-03, 2.52070581e-03, 3.60100821e-04, 1.44040328e-03,
       1.08030252e-03, 1.80050405e-03, 3.60100821e-04, 3.60100821e-04,
       1.08030252e-03, 3.60100821e-04, 7.20201642e-04, 2.52070581e-03,
       2.52070581e-03, 0., 0., 1.44040328e-03, 3.60100821e-04,
       1.08030252e-03, 1.08030252e-03, 1.08030252e-03, 3.60100821e-04,
       1.44040328e-03, 3.60100821e-04, 6.84191566e-03, 7.20201642e-04,
       2.52070581e-03, 7.20201642e-04, 1.08030252e-03, 2.88080657e-03,
       1.44040328e-03, 3.60100821e-04, 1.80050405e-03, 0.,
       1.44040328e-03, 7.20201642e-04, 7.20201642e-04, 1.08030252e-03,
       1.08030252e-03, 1.80050405e-03, 7.20201642e-04, 7.20201642e-04,
       7.20201642e-04, 3.60100821e-04, 7.20201642e-04, 3.60100821e-04,
       1.80050405e-03, 7.20201642e-04, 0., 7.20201642e-04, 0.,
       1.80050405e-03, 2.52070581e-03, 7.20201642e-04, 2.88080657e-03,
