%YAML:1.0
m50n: !!opencv-matrix
   rows: 1
   cols: 800
   dt: f
   data: [ 0., 2.79199611e-03, 2.32666358e-03, 9.30665410e-04,
       2.32666358e-03, 0., 4.65332705e-04, 9.30665410e-04,
       4.65332705e-04, 9.30665410e-04, 1.39599806e-03, 4.65332705e-04,
       0., 1.39599806e-03, 1.39599806e-03, 2.79199611e-03,
       4.65332705e-04, 4.65332705e-04, 4.65332705e-04, 2.79199611e-03,
       1.86133082e-03, 1.86133082e-03, 1.86133082e-03, 5.11865970e-03,
       9.30665410e-04, 0., 4.65332705e-04, 0., 3.25732888e-03, 0.,
       4.18799417e-03, 4.65332705e-04, 2.79199611e-03, 9.30665410e-04,
       9.30665410e-04, 3.25732888e-03, 1.86133082e-03, 4.65332705e-04,
       9.30665410e-04, 0., 4.65332705e-04, 9.30665410e-04,
       1.86133082e-03, 4.65332705e-04, 9.30665410e-04, 1.86133082e-03,
       9.30665410e-04, 1.39599806e-03, 0., 0., 4.65332705e-04,
       1.39599806e-03, 1.39599806e-03, 9.30665410e-04, 9.30665410e-04,
       9.30665410e-04, 4.65332705e-04, 3.25732888e-03, 1.39599806e-03,
       4.65332705e-04, 1.86133082e-03, 4.65332705e-04, 9.30665410e-04,
       0., 9.30665410e-04, 4.65332705e-04, 1.39599806e-03,
       3.25732888e-03, 0., 4.65332705e-04, 0., 4.65332705e-04, 0.,
       9.30665410e-04, 2.32666358e-03, 0., 0., 0., 1.39599806e-03,
       2.79199611e-03, 0., 4.65332705e-04, 1.39599806e-03,
       9.30665410e-04, 9.30665410e-04, 2.79199611e-03, 4.65332705e-04,
       0., 9.30665410e-04, 9.30665410e-04, 1.86133082e-03,
       1.39599806e-03, 9.30665410e-04, 4.65332705e-04, 0.,
       9.30665410e-04, 4.65332705e-04, 1.86133082e-03, 9.30665410e-04,
       0., 4.65332705e-04, 2.32666358e-03, 1.86133082e-03,
       1.86133082e-03, 4.65332705e-04, 6.51465775e-03, 4.65332705e-04,
       4.65332705e-04, 1.86133082e-03, 0., 9.30665410e-04, 0.,
       1.86133082e-03, 4.65332705e-04, 2.79199611e-03, 9.30665410e-04,
       9.30665410e-04, 0., 2.32666358e-03, 1.39599806e-03,
       9.30665410e-04, 4.65332705e-04, 6.97999075e-03, 4.65332705e-04,
       0., 3.25732888e-03, 3.25732888e-03, 9.30665410e-04,
       2.79199611e-03, 4.65332705e-04, 1.86133082e-03, 1.86133082e-03,
       2.32666358e-03, 2.32666358e-03, 1.39599806e-03, 4.65332705e-04,
       4.65332705e-04, 4.65332705e-04, 1.39599806e-03, 5.11865970e-03,
       1.86133082e-03, 1.39599806e-03, 0., 0., 4.65332705e-04,
       9.30665410e-04, 0., 1.39599806e-03, 4.65332705e-04, 0.,
       4.65332705e-04, 0., 9.30665410e-04, 9.30665410e-04,
       4.65332705e-04, 0., 0., 9.30665410e-04, 0., 0., 9.30665410e-04,
       2.32666358e-03, 9.30665410e-04, 1.86133082e-03, 4.65332705e-04,
       1.86133082e-03, 0., 9.30665410e-04, 3.25732888e-03,
       4.65332705e-04, 1.39599806e-03, 1.39599806e-03, 1.39599806e-03,
       0., 0., 9.30665410e-04, 9.30665410e-04, 1.86133082e-03,
       3.25732888e-03, 0., 2.32666358e-03, 9.30665410e-04, 0., 0.,
       4.65332705e-04, 1.39599806e-03, 3.25732888e-03, 2.79199611e-03,
       4.65332705e-04, 2.79199611e-03, 1.86133082e-03, 4.65332705e-04,
       4.65332717e-03, 1.39599806e-03, 4.65332705e-04, 9.30665410e-04,
       1.86133082e-03, 3.72266164e-03, 2.79199611e-03, 3.72266164e-03,
       1.39599806e-03, 9.30665410e-04, 4.65332705e-04, 2.79199611e-03,
       4.65332705e-04, 4.65332705e-04, 4.18799417e-03, 4.65332705e-04,
       0., 2.32666358e-03, 9.30665410e-04, 1.39599806e-03,
       9.30665410e-04, 0., 9.30665410e-04, 2.32666358e-03,
       4.65332705e-04, 1.39599806e-03, 1.39599806e-03, 4.65332705e-04,
       2.32666358e-03, 0., 9.30665410e-04, 0., 2.32666358e-03,
       9.30665410e-04, 3.72266164e-03, 2.32666358e-03, 4.65332705e-04,
       4.65332705e-04, 1.86133082e-03, 4.65332705e-04, 4.65332705e-04,
       3.25732888e-03, 2.32666358e-03, 9.30665410e-04, 2.79199611e-03,
       3.72266164e-03, 2.32666358e-03, 3.25732888e-03, 1.39599806e-03,
       3.72266164e-03, 0., 9.30665410e-04, 9.30665410e-04,
       9.30665410e-04, 2.32666358e-03, 2.32666358e-03, 0.,
       9.30665410e-04, 0., 1.86133082e-03, 9.30665410e-04,
       9.30665410e-04, 4.65332705e-04, 0., 0., 2.79199611e-03, 0.,
       3.25732888e-03, 4.65332705e-04, 1.39599806e-03, 0.,
       1.39599806e-03, 4.65332705e-04, 1.39599806e-03, 1.39599806e-03,
       4.65332705e-04, 9.30665410e-04, 9.30665410e-04, 1.39599806e-03,
       0., 2.32666358e-03, 0., 1.39599806e-03, 0., 0., 4.65332705e-04,
       4.65332705e-04, 0., 9.30665410e-04, 9.30665410e-04,
       9.30665410e-04, 0., 4.65332705e-04, 9.30665410e-04,
       9.30665410e-04, 4.65332705e-04, 4.65332705e-04, 9.30665410e-04,
       4.65332705e-04, 1.39599806e-03, 1.39599806e-03, 1.39599806e-03,
       4.65332717e-03, 3.72266164e-03, 2.32666358e-03, 4.65332705e-04,
       1.39599806e-03, 9.30665410e-04, 4.65332705e-04, 1.86133082e-03,
       1.86133082e-03, 6.97999075e-03, 0., 9.30665410e-04,
       4.65332705e-04, 1.39599806e-03, 1.39599806e-03, 3.25732888e-03,
       5.11865970e-03, 2.79199611e-03, 1.39599806e-03, 4.65332705e-04,
       9.30665410e-04, 1.39599806e-03, 4.65332705e-04, 4.65332705e-04,
       1.39599806e-03, 9.30665410e-04, 4.65332705e-04, 4.65332705e-04,
       4.65332705e-04, 0., 9.30665410e-04, 4.65332705e-04,
       4.65332705e-04, 4.65332705e-04, 0., 1.39599806e-03,
       9.30665410e-04, 4.65332705e-04, 4.65332705e-04, 4.65332705e-04,
       1.86133082e-03, 4.65332705e-04, 4.18799417e-03, 1.86133082e-03,
       4.65332705e-04, 1.39599806e-03, 9.30665410e-04, 2.32666358e-03,
       1.39599806e-03, 4.65332705e-04, 9.30665410e-04, 4.65332705e-04,
       9.30665410e-04, 0., 1.39599806e-03, 1.39599806e-03,
       4.65332705e-04, 4.65332705e-04, 4.65332705e-04, 1.39599806e-03,
       1.39599806e-03, 9.30665410e-04, 0., 9.30665410e-04, 0.,
       9.30665410e-04, 2.32666358e-03, 1.86133082e-03, 9.30665410e-04,
       0., 3.25732888e-03, 5.11865970e-03, 4.65332705e-04,
       2.32666358e-03, 2.32666358e-03, 2.32666358e-03, 3.25732888e-03,
       9.30665410e-04, 9.30665410e-04, 4.65332705e-04, 2.79199611e-03,
       4.65332705e-04, 4.65332705e-04, 4.65332705e-04, 0., 0.,
       4.65332717e-03, 4.65332705e-04, 9.30665410e-04, 9.30665410e-04,
       3.25732888e-03, 4.65332705e-04, 9.30665410e-04, 0.,
       4.65332705e-04, 9.30665410e-04, 3.25732888e-03, 4.65332705e-04,
       0., 3.25732888e-03, 1.86133082e-03, 1.86133082e-03,
       2.79199611e-03, 0., 4.65332705e-04, 9.30665410e-04,
       4.65332705e-04, 0., 5.58399223e-03, 3.72266164e-03,
       1.39599806e-03, 9.30665410e-04, 2.79199611e-03, 1.39599806e-03,
       1.86133082e-03, 9.30665410e-04, 4.65332705e-04, 4.65332717e-03,
       4.65332705e-04, 1.39599806e-03, 9.30665410e-04, 4.65332705e-04,
       0., 1.39599806e-03, 9.30665410e-04, 9.30665410e-04,
       4.65332705e-04, 1.86133082e-03, 1.39599806e-03, 0.,
       1.39599806e-03, 2.32666358e-03, 4.65332705e-04, 0.,
       9.30665410e-04, 1.86133082e-03, 1.39599806e-03, 9.30665410e-04,
       1.25639830e-02, 9.30665410e-04, 1.39599806e-03, 1.39599806e-03,
       0., 1.39599806e-03, 4.65332705e-04, 4.65332705e-04,
       1.39599806e-03, 1.39599806e-03, 0., 2.32666358e-03,
       1.39599806e-03, 1.39599806e-03, 2.79199611e-03, 4.65332705e-04,
       4.65332705e-04, 4.65332705e-04, 0., 4.65332705e-04,
       9.30665410e-04, 1.39599806e-03, 4.18799417e-03, 4.65332705e-04,
       4.65332705e-04, 0., 9.30665410e-04, 4.65332705e-04,
       1.86133082e-03, 9.30665410e-04, 1.39599806e-03, 3.25732888e-03,
       9.30665410e-04, 0., 1.39599806e-03, 4.18799417e-03,
       1.39599806e-03, 1.39599806e-03, 9.30665410e-04, 0.,
       1.39599806e-03, 1.86133082e-03, 1.39599806e-03, 9.30665410e-04,
       1.86133082e-03, 9.30665410e-04, 4.65332705e-04, 2.79199611e-03,
       1.39599806e-03, 4.65332705e-04, 4.65332705e-04, 4.65332705e-04,
       4.65332705e-04, 0., 0., 9.30665410e-04, 0., 1.39599806e-03,
       3.25732888e-03, 4.65332705e-04, 1.39599806e-03, 1.86133082e-03,
       1.86133082e-03, 2.79199611e-03, 1.39599806e-03, 4.65332705e-04,
       0., 0., 4.65332705e-04, 3.72266164e-03, 1.39599806e-03,
