%YAML:1.0
m50n: !!opencv-matrix
   rows: 1
   cols: 800
   dt: f
   data: [ 6.08642702e-04, 6.08642702e-04, 6.08642702e-04,
       6.08642702e-04, 0., 0., 0., 1.21728540e-03, 4.68654893e-02,
       3.04321339e-03, 1.82592811e-03, 0., 0., 0., 6.08642702e-04,
       7.30371242e-03, 6.08642702e-04, 1.21728540e-03, 9.12964065e-03,
       0., 1.21728540e-03, 1.82592811e-03, 6.08642702e-04, 0.,
       6.08642702e-04, 0., 6.08642702e-04, 6.08642702e-04, 0.,
       4.86914162e-03, 3.65185621e-03, 1.21728540e-03, 0., 0.,
       1.21728540e-03, 1.21728540e-03, 1.82592811e-03, 6.08642702e-04,
       0., 0., 0., 0., 6.08642702e-04, 6.08642702e-04, 0., 0.,
       3.04321339e-03, 1.21728540e-03, 0., 0., 6.08642702e-04, 0.,
       3.65185621e-03, 0., 6.08642702e-04, 6.08642702e-04,
       3.65185621e-03, 6.08642702e-04, 0., 6.08642702e-04, 0., 0., 0.,
       1.21728540e-03, 0., 0., 2.43457081e-03, 1.82592811e-03,
       6.08642702e-04, 0., 0., 0., 6.08642702e-04, 0., 1.21728540e-03,
       1.21728540e-03, 6.08642702e-04, 6.08642702e-04, 1.82592811e-03,
       1.82592811e-03, 1.21728540e-03, 6.08642702e-04, 4.26049903e-03,
       1.21728540e-03, 1.27814971e-02, 1.21728540e-03, 2.43457081e-03,
       1.21728540e-03, 0., 7.30371242e-03, 0., 0., 6.08642702e-04, 0.,
       0., 6.08642702e-04, 3.65185621e-03, 0., 1.82592811e-03, 0.,
       6.08642702e-04, 0., 0., 1.21728540e-03, 1.82592813e-02, 0.,
       1.21728540e-03, 6.08642702e-04, 6.08642702e-04, 0., 0.,
       6.08642702e-04, 0., 0., 0., 0., 6.08642702e-04, 6.08642702e-04,
       4.86914162e-03, 3.65185621e-03, 0., 1.21728540e-03,
       6.08642702e-04, 1.21728540e-03, 0., 1.82592811e-03, 0.,
       4.26049903e-03, 1.82592811e-03, 6.08642702e-04, 1.82592811e-03,
       6.08642679e-03, 0., 6.08642702e-04, 6.08642702e-04,
       6.08642702e-04, 0., 6.08642702e-04, 0., 0., 0., 0.,
       1.21728540e-03, 0., 6.69506984e-03, 0., 0., 1.21728540e-03,
       1.21728540e-03, 0., 6.08642702e-04, 6.08642702e-04,
       3.65185621e-03, 1.21728540e-03, 0., 0., 0., 4.26049903e-03, 0.,
       6.08642702e-04, 2.43457081e-03, 0., 6.08642702e-04,
       1.82592811e-03, 6.08642702e-04, 0., 0., 1.82592811e-03,
       6.08642702e-04, 6.08642702e-04, 1.21728540e-03, 0.,
       2.43457081e-03, 6.08642702e-04, 0., 1.82592811e-03, 0.,
       6.08642702e-04, 3.65185621e-03, 1.82592811e-03, 1.21728540e-03,
       2.43457081e-03, 1.76506378e-02, 7.91235548e-03, 0., 0.,
       1.21728540e-03, 3.04321339e-03, 0., 0., 1.21728540e-03,
       6.08642702e-04, 1.21728540e-03, 0., 6.08642702e-04, 0., 0.,
       1.82592811e-03, 1.21728540e-03, 6.08642702e-04, 0., 0.,
       1.82592811e-03, 0., 1.82592811e-03, 0., 0., 1.82592811e-03,
       1.82592811e-03, 1.21728540e-03, 0., 6.08642702e-04, 0., 0., 0.,
       0., 1.46074248e-02, 6.08642702e-04, 1.82592811e-03,
       6.08642702e-04, 0., 4.26049903e-03, 6.08642702e-04,
       1.21728540e-03, 6.08642702e-04, 0., 0., 0., 1.82592811e-03,
       2.43457081e-03, 1.82592811e-03, 0., 6.08642702e-04,
       6.08642702e-04, 0., 0., 6.08642702e-04, 0., 0., 0., 0., 0.,
       6.08642679e-03, 6.08642702e-04, 0., 1.21728540e-03,
       6.08642702e-04, 6.08642702e-04, 3.04321339e-03, 1.21728540e-03,
       0., 0., 6.08642702e-04, 0., 6.08642702e-04, 1.21728540e-03,
       1.21728540e-03, 1.21728540e-03, 1.21728540e-03, 0., 0.,
       1.82592811e-03, 3.04321339e-03, 6.08642702e-04, 0.,
       4.26049903e-03, 3.65185621e-03, 0., 0., 0., 0., 6.08642702e-04,
       6.08642702e-04, 6.08642702e-04, 1.82592811e-03, 0., 0.,
       6.08642702e-04, 1.21728540e-03, 1.21728540e-03, 1.82592811e-03,
       0., 0., 0., 2.43457081e-03, 0., 0., 1.82592811e-03, 0.,
       6.08642702e-04, 0., 6.08642702e-04, 1.82592811e-03,
       3.65185621e-03, 9.73828323e-03, 1.82592811e-03, 1.21728540e-03,
       6.08642702e-04, 0., 1.15642110e-02, 6.08642702e-04, 0., 0.,
       6.08642702e-04, 0., 1.21728540e-03, 1.82592811e-03,
       1.82592811e-03, 6.08642702e-04, 1.21728540e-03, 7.30371242e-03,
       0., 6.08642702e-04, 2.43457081e-03, 1.21728540e-03,
       1.21728540e-03, 1.82592811e-03, 0., 0., 1.21728540e-03,
       1.82592811e-03, 6.08642702e-04, 0., 0., 6.08642679e-03,
       5.47778420e-03, 0., 6.08642702e-04, 0., 6.08642702e-04, 0.,
       2.43457081e-03, 6.08642702e-04, 0., 0., 0., 2.43457081e-03,
       6.08642702e-04, 0., 1.82592811e-03, 0., 0., 0., 0.,
       6.08642702e-04, 0., 0., 1.21728540e-03, 0., 1.82592811e-03,
       6.08642702e-04, 0., 0., 0., 1.82592811e-03, 0., 1.21728540e-03,
       1.82592811e-03, 1.21728540e-03, 4.26049903e-03, 0.,
       2.43457081e-03, 2.43457081e-03, 6.08642702e-04, 6.08642702e-04,
       0., 0., 6.08642702e-04, 0., 6.08642702e-04, 6.08642702e-04,
       1.82592811e-03, 2.43457081e-03, 0., 6.08642702e-04, 0.,
       1.21728540e-03, 3.04321339e-03, 0., 6.08642702e-04, 0., 0.,
       1.39987823e-02, 0., 0., 6.08642702e-04, 0., 1.21728540e-03,
       1.82592811e-03, 1.21728540e-03, 1.82592811e-03, 1.21728540e-03,
       8.52099806e-03, 2.43457081e-03, 6.08642702e-04, 0.,
       3.65185621e-03, 6.08642702e-04, 0., 1.82592811e-03,
       2.43457081e-03, 0., 1.82592811e-03, 6.08642702e-04,
       6.08642702e-04, 1.82592811e-03, 1.82592811e-03, 1.21728540e-03,
       1.21728540e-03, 0., 0., 6.08642702e-04, 0., 1.21728540e-03,
       3.65185621e-03, 0., 1.21728540e-03, 6.08642702e-04,
       6.08642702e-04, 6.08642702e-04, 1.21728540e-03, 0.,
       1.21728540e-03, 0., 0., 1.21728540e-03, 1.21728540e-03,
       6.08642702e-04, 6.08642702e-04, 1.21728540e-03, 2.43457081e-03,
       2.43457081e-03, 0., 2.43457081e-03, 1.82592811e-03,
       3.04321339e-03, 6.08642702e-04, 0., 0., 6.08642702e-04, 0.,
       6.08642702e-04, 1.21728540e-03, 1.21728540e-03, 1.82592811e-03,
       6.08642702e-04, 0., 3.04321339e-03, 1.82592811e-03,
       2.43457081e-03, 1.82592811e-03, 1.82592811e-03, 4.26049903e-03,
       2.43457081e-03, 0., 3.65185621e-03, 4.26049903e-03, 0., 0.,
       2.19111368e-02, 0., 0., 1.21728540e-03, 6.08642702e-04,
       1.21728540e-03, 5.47778420e-03, 6.08642702e-04, 1.82592811e-03,
       1.21728540e-03, 6.08642702e-04, 1.21728540e-03, 0., 0., 0.,
       6.08642702e-04, 0., 1.21728540e-03, 0., 0., 3.65185621e-03,
       2.43457081e-03, 0., 0., 6.08642702e-04, 6.08642702e-04,
       1.82592811e-03, 3.04321339e-03, 0., 0., 6.08642702e-04,
       1.21728540e-03, 0., 1.21728540e-03, 0., 6.08642702e-04,
       6.08642702e-04, 1.82592811e-03, 1.82592811e-03, 6.08642702e-04,
       0., 0., 1.21728540e-03, 3.04321339e-03, 9.12964065e-03,
       1.21728540e-03, 6.08642702e-04, 0., 1.21728540e-03,
       2.43457081e-03, 7.91235548e-03, 0., 6.08642702e-04, 0.,
       1.21728540e-03, 2.43457081e-03, 6.08642702e-04, 6.08642702e-04,
       6.08642702e-04, 1.21728540e-03, 6.08642702e-04, 6.08642702e-04,
       0., 6.08642702e-04, 2.43457081e-03, 1.82592811e-03,
       6.08642702e-04, 0., 1.21728540e-03, 1.21728540e-03,
       6.08642702e-04, 0., 6.08642702e-04, 0., 6.08642702e-04, 0.,
       1.82592811e-03, 1.82592811e-03, 0., 1.82592811e-03,
       1.82592811e-03, 6.08642702e-04, 6.08642702e-04, 0.,
       1.21728540e-03, 0., 0., 0., 0., 0., 0., 1.21728540e-03,
       3.65185621e-03, 0., 0., 1.09555684e-02, 0., 1.82592811e-03,
       1.82592811e-03, 1.82592811e-03, 0., 6.08642702e-04,
       1.21728540e-03, 1.21728540e-03, 6.08642702e-04, 1.82592811e-03,
       6.08642702e-04, 6.08642702e-04, 6.08642702e-04, 1.21728540e-03,
       1.21728540e-03, 0., 6.08642702e-04, 0., 0., 0., 0.,
       1.15642110e-02, 6.08642702e-04, 2.43457081e-03, 6.08642702e-04,
       0., 0., 0., 6.08642702e-04, 7.91235548e-03, 1.21728540e-03,
       1.21728540e-03, 6.08642702e-04, 0., 6.08642702e-04,
       6.08642702e-04, 1.21728540e-03, 6.08642702e-04, 1.21728540e-03,
       6.08642702e-04, 6.08642702e-04, 6.08642702e-04, 6.08642702e-04,
       6.08642702e-04, 5.47778420e-03, 2.43457081e-03, 0.,
       1.21728540e-03, 0., 1.21728540e-03, 0., 4.26049903e-03, 0., 0.,
