%YAML:1.0
m50n: !!opencv-matrix
   rows: 1
   cols: 800
   dt: f
   data: [ 1.40597543e-03, 2.10896321e-03, 1.40597543e-03,
       2.81195086e-03, 0., 1.05448160e-03, 1.05448160e-03,
       1.40597543e-03, 7.02987716e-04, 1.05448160e-03, 1.05448160e-03,
       7.02987716e-04, 1.40597543e-03, 1.05448160e-03, 3.51493858e-04,
       1.75746926e-03, 7.02987716e-04, 1.40597543e-03, 3.51493858e-04,
       7.02987716e-04, 1.05448160e-03, 7.02987716e-04, 7.02987716e-04,
       2.46045692e-03, 5.62390173e-03, 1.05448160e-03, 7.02987716e-04,
       7.02987716e-04, 2.81195086e-03, 3.51493858e-04, 3.51493858e-04,
       1.75746926e-03, 1.05448160e-03, 7.02987716e-04, 3.51493858e-04,
       7.02987716e-04, 7.02987716e-04, 1.05448160e-03, 3.51493858e-04,
       2.10896321e-03, 1.05448160e-03, 3.51493852e-03, 3.51493858e-04,
       2.81195086e-03, 1.40597543e-03, 1.40597543e-03, 7.02987716e-04,
       4.56942013e-03, 0., 1.40597543e-03, 3.51493858e-04, 0.,
       7.02987716e-04, 0., 0., 7.02987716e-04, 4.21792641e-03,
       1.75746926e-03, 0., 1.05448160e-03, 1.05448160e-03,
       1.40597543e-03, 4.21792641e-03, 1.05448160e-03, 3.51493858e-04,
       1.05448160e-03, 1.40597543e-03, 2.10896321e-03, 3.51493858e-04,
       1.75746926e-03, 7.02987716e-04, 2.10896321e-03, 3.51493858e-04,
       2.10896321e-03, 2.10896321e-03, 0., 2.10896321e-03,
       7.02987716e-04, 7.02987716e-04, 1.05448160e-03, 7.02987716e-04,
       3.51493858e-04, 7.02987716e-04, 0., 1.40597543e-03,
       2.10896321e-03, 0., 7.02987716e-04, 1.75746926e-03,
       2.10896321e-03, 1.40597543e-03, 7.02987716e-04, 0.,
       7.02987716e-04, 3.51493858e-04, 7.02987716e-04, 1.75746926e-03,
       1.05448160e-03, 1.05448160e-03, 4.56942013e-03, 7.02987716e-04,
       3.51493858e-04, 1.05448160e-03, 3.51493858e-04, 1.05448160e-03,
       1.40597543e-03, 1.05448160e-03, 7.02987716e-04, 1.40597543e-03,
       7.02987716e-04, 1.05448160e-03, 7.02987716e-04, 3.51493858e-04,
       3.51493858e-04, 1.75746926e-03, 7.02987716e-04, 0.,
       7.02987716e-04, 1.75746926e-03, 2.46045692e-03, 1.05448160e-03,
       1.75746926e-03, 2.46045692e-03, 7.02987716e-04, 1.05448160e-03,
       1.75746926e-03, 7.02987716e-04, 3.51493858e-04, 3.51493858e-04,
       1.05448160e-03, 1.75746926e-03, 1.75746926e-03, 2.81195086e-03,
       2.10896321e-03, 1.05448160e-03, 1.93321630e-02, 3.51493858e-04,
       3.51493858e-04, 0., 1.05448160e-03, 3.51493858e-04,
       2.10896321e-03, 3.51493858e-04, 1.40597543e-03, 7.02987716e-04,
       2.46045692e-03, 0., 3.51493852e-03, 7.02987716e-04,
       1.05448160e-03, 1.40597543e-03, 4.56942013e-03, 1.75746926e-03,
       3.51493858e-04, 1.05448160e-03, 0., 1.40597543e-03,
       1.40597543e-03, 1.40597543e-03, 7.02987716e-04, 3.51493858e-04,
       1.05448160e-03, 7.02987716e-04, 1.75746926e-03, 3.51493858e-04,
       1.05448160e-03, 7.02987716e-04, 3.51493858e-04, 3.51493858e-04,
       3.51493858e-04, 1.05448160e-03, 7.02987716e-04, 1.05448160e-03,
       1.05448160e-03, 3.51493858e-04, 0., 2.46045692e-03,
       1.05448160e-02, 2.10896321e-03, 1.05448160e-03, 2.46045692e-03,
       0., 1.05448160e-03, 1.05448160e-03, 1.05448160e-03,
       1.40597543e-03, 2.10896321e-03, 1.40597543e-03, 7.02987716e-04,
       7.02987716e-04, 3.51493858e-04, 2.10896321e-03, 1.40597543e-03,
       3.51493858e-04, 3.51493858e-04, 7.02987716e-04, 7.02987716e-04,
       3.51493858e-04, 3.51493858e-04, 1.05448160e-03, 1.05448160e-03,
       7.02987716e-04, 3.16344481e-03, 2.77680140e-02, 7.02987716e-04,
       2.46045692e-03, 1.75746926e-03, 1.05448160e-03, 3.51493852e-03,
       5.97539544e-03, 1.05448160e-03, 7.02987716e-04, 1.75746926e-03,
       7.02987716e-04, 3.51493852e-03, 1.05448160e-03, 7.02987716e-04,
       2.81195086e-03, 1.05448160e-03, 3.51493858e-04, 3.51493858e-04,
       1.40597543e-03, 7.02987716e-04, 3.51493858e-04, 1.75746926e-03,
       1.05448160e-03, 7.02987716e-04, 2.10896321e-03, 1.75746926e-03,
       6.67838333e-03, 3.51493858e-04, 1.05448160e-03, 3.51493858e-04,
       4.56942013e-03, 0., 3.51493858e-04, 2.81195086e-03,
       7.02987716e-04, 0., 0., 7.02987716e-04, 7.02987716e-04, 0.,
       5.97539544e-03, 1.05448160e-03, 7.02987716e-04, 2.46045692e-03,
       1.40597543e-03, 1.40597543e-03, 3.51493858e-04, 1.75746926e-03,
       7.02987716e-04, 2.10896321e-03, 3.16344481e-03, 3.51493858e-04,
       0., 7.02987716e-04, 1.40597543e-03, 3.51493858e-04,
       1.05448160e-03, 1.75746926e-03, 3.51493858e-04, 0., 0.,
       2.10896321e-03, 7.02987716e-04, 2.10896321e-03, 4.21792641e-03,
       7.02987716e-04, 3.51493858e-04, 4.56942013e-03, 1.05448160e-03,
       7.02987716e-04, 3.51493858e-04, 1.40597543e-03, 1.75746926e-03,
       1.75746926e-03, 2.46045692e-03, 1.75746926e-03, 1.75746926e-03,
       1.05448160e-03, 2.10896321e-03, 3.51493858e-04, 1.40597543e-03,
       1.05448160e-03, 1.40597543e-03, 1.05448160e-03, 0.,
       3.51493858e-04, 3.51493858e-04, 3.51493858e-04, 1.05448160e-03,
       1.40597543e-03, 7.02987716e-04, 1.05448160e-03, 1.05448160e-03,
       2.10896321e-03, 7.02987716e-04, 3.51493858e-04, 1.75746926e-03,
       1.75746926e-03, 7.02987716e-04, 1.40597543e-03, 7.02987716e-04,
       1.75746926e-03, 0., 3.51493858e-04, 1.40597543e-03,
       3.51493858e-04, 2.81195086e-03, 1.05448160e-03, 1.40597543e-03,
       0., 1.75746926e-03, 1.75746926e-03, 1.40597543e-03,
       2.10896321e-03, 7.02987716e-04, 1.05448160e-03, 2.46045692e-03,
       1.05448160e-03, 7.02987716e-04, 0., 0., 7.02987716e-04, 0.,
       7.02987716e-04, 2.46045692e-03, 1.05448160e-03, 7.02987716e-04,
       7.02987716e-04, 0., 1.05448160e-03, 3.16344481e-03,
       7.02987716e-04, 5.97539544e-03, 3.51493858e-04, 7.02987716e-04,
       1.05448160e-03, 3.51493858e-04, 7.02987716e-04, 3.51493858e-04,
       1.40597543e-03, 3.51493858e-04, 1.40597543e-03, 7.02987716e-04,
       1.40597543e-03, 3.51493858e-04, 7.02987716e-04, 3.86643247e-03,
       0., 7.02987716e-04, 3.51493858e-04, 1.05448160e-03,
       2.10896321e-03, 0., 3.51493858e-04, 7.02987716e-04,
       1.05448160e-03, 5.27240802e-03, 3.51493858e-04, 1.05448160e-03,
       1.75746926e-03, 1.05448160e-03, 3.51493858e-04, 7.02987716e-04,
       1.05448160e-03, 7.02987716e-04, 9.49033443e-03, 1.75746926e-03,
       7.02987716e-04, 2.10896321e-03, 1.40597543e-03, 1.40597543e-03,
       3.51493858e-04, 3.51493858e-04, 7.02987716e-04, 0.,
       1.75746926e-03, 7.02987716e-04, 2.10896321e-03, 0.,
       1.40597543e-03, 3.51493858e-04, 2.10896321e-03, 0.,
       7.02987716e-04, 7.02987716e-04, 4.92091384e-03, 7.02987716e-04,
       2.81195086e-03, 7.38137122e-03, 0., 3.16344481e-03,
       7.02987716e-04, 1.05448160e-03, 3.16344481e-03, 1.05448160e-03,
       0., 7.02987716e-04, 7.02987716e-04, 7.02987716e-04,
       2.81195086e-03, 3.51493858e-04, 3.51493858e-04, 0.,
       3.51493858e-04, 1.05448160e-03, 2.46045692e-03, 1.05448160e-03,
       2.10896321e-03, 1.05448160e-03, 1.40597543e-03, 1.40597543e-03,
       1.75746926e-03, 2.10896321e-03, 1.05448160e-03, 1.40597543e-03,
       1.40597543e-03, 7.02987716e-04, 1.40597543e-03, 3.51493858e-04,
       1.05448160e-03, 1.40597543e-03, 0., 7.02987716e-04,
       2.10896321e-03, 3.51493858e-04, 2.10896321e-03, 3.16344481e-03,
       1.75746926e-03, 1.40597543e-03, 0., 1.05448160e-03,
       7.02987716e-04, 2.10896321e-03, 1.40597543e-03, 1.05448160e-03,
       1.05448160e-03, 1.40597543e-03, 0., 0., 7.02987716e-04,
       7.02987716e-04, 7.02987716e-04, 1.05448160e-03, 2.81195086e-03,
       7.02987716e-04, 7.02987716e-04, 7.02987716e-04, 1.40597543e-03,
       3.51493852e-03, 1.05448160e-03, 2.81195086e-03, 0.,
       1.75746926e-03, 1.40597543e-03, 3.51493858e-04, 3.51493858e-04,
       2.81195086e-03, 1.05448160e-03, 3.51493858e-04, 2.46045692e-03,
       0., 1.40597543e-03, 0., 3.51493858e-04, 0., 3.51493858e-04,
       1.40597543e-03, 7.02987716e-04, 3.51493858e-04, 1.05448160e-03,
       7.02987716e-04, 1.05448160e-03, 3.51493858e-04, 0.,
