%YAML:1.0
m50n: !!opencv-matrix
   rows: 1
   cols: 800
   dt: f
   data: [ 0., 0., 0., 1.17096014e-03, 0., 1.17096014e-03,
       5.85480069e-04, 3.51288030e-03, 1.34660415e-02, 0.,
       5.85480069e-04, 5.85480069e-04, 5.85480069e-04, 0.,
       5.85480069e-04, 1.17096016e-02, 0., 5.85480069e-04,
       2.92740040e-03, 1.17096014e-03, 5.85480069e-04, 2.92740040e-03,
       0., 1.17096014e-03, 5.85480069e-04, 5.85480069e-04, 0., 0.,
       5.85480069e-04, 1.17096014e-03, 1.58079620e-02, 1.75644015e-03,
       0., 0., 1.17096014e-03, 5.85480069e-04, 3.51288030e-03,
       5.85480069e-04, 1.17096014e-03, 1.17096014e-03, 0., 0., 0.,
       5.85480069e-04, 5.85480069e-04, 0., 0., 1.17096014e-03, 0., 0.,
       5.85480069e-04, 5.85480069e-04, 5.85480081e-03, 5.85480069e-04,
       0., 2.92740040e-03, 5.26932068e-03, 1.17096014e-03, 0.,
       5.85480069e-04, 0., 1.17096014e-03, 2.92740040e-03,
       1.75644015e-03, 0., 5.85480069e-04, 5.85480069e-04,
       3.51288030e-03, 5.85480069e-04, 0., 0., 3.51288030e-03,
       1.75644015e-03, 1.17096014e-03, 0., 3.51288030e-03,
       1.17096014e-03, 5.85480069e-04, 3.51288030e-03, 2.92740040e-03,
       0., 2.92740040e-03, 1.17096014e-03, 0., 2.63466034e-02,
       1.17096014e-03, 0., 0., 1.17096014e-03, 1.11241210e-02,
       2.92740040e-03, 1.17096014e-03, 0., 0., 0., 1.17096014e-03,
       2.34192028e-03, 1.17096014e-03, 1.75644015e-03, 5.85480069e-04,
       0., 1.75644015e-03, 0., 4.68384055e-03, 6.44028094e-03, 0.,
       5.85480069e-04, 1.17096014e-03, 0., 0., 1.17096014e-03, 0., 0.,
       0., 0., 2.34192028e-03, 5.85480069e-04, 1.75644015e-03, 0.,
       2.34192028e-03, 0., 0., 0., 1.75644015e-03, 1.75644015e-03, 0.,
       1.17096014e-03, 4.09836043e-03, 0., 0., 2.34192028e-03,
       1.75644015e-03, 0., 0., 0., 0., 5.85480069e-04, 0.,
       5.85480069e-04, 5.85480069e-04, 0., 1.17096014e-03,
       1.17096014e-03, 0., 4.68384055e-03, 5.85480069e-04, 0., 0.,
       1.75644015e-03, 1.17096014e-03, 1.17096014e-03, 2.34192028e-03,
       2.34192028e-03, 3.51288030e-03, 5.85480069e-04, 0.,
       2.34192028e-03, 2.34192028e-03, 5.85480069e-04, 5.85480069e-04,
       5.26932068e-03, 0., 5.85480069e-04, 5.85480069e-04,
       1.17096014e-03, 5.85480069e-04, 0., 5.85480069e-04,
       1.17096014e-03, 0., 0., 5.85480069e-04, 0., 0., 1.17096014e-03,
       0., 0., 2.34192028e-03, 5.85480069e-04, 2.92740040e-03, 0.,
       1.75644015e-03, 1.17096016e-02, 0., 5.85480069e-04,
       1.17096014e-03, 5.85480069e-04, 2.34192028e-03, 5.85480069e-04,
       0., 5.85480069e-04, 5.85480069e-04, 2.34192028e-03, 0., 0.,
       5.85480069e-04, 2.92740040e-03, 1.17096014e-03, 0.,
       1.17096014e-03, 5.85480069e-04, 0., 1.17096014e-03, 0.,
       4.68384055e-03, 1.17096014e-03, 1.75644015e-03, 4.09836043e-03,
       5.85480069e-04, 0., 0., 5.85480069e-04, 2.92740040e-03, 0., 0.,
       0., 1.34660415e-02, 0., 2.34192028e-03, 0., 2.34192028e-03,
       2.34192028e-03, 2.34192028e-03, 3.51288030e-03, 1.75644015e-03,
       0., 5.85480069e-04, 0., 5.85480069e-04, 5.85480069e-04, 0., 0.,
       1.17096014e-03, 0., 0., 5.85480069e-04, 0., 0., 0.,
       5.85480081e-03, 0., 2.34192028e-03, 0., 2.34192028e-03,
       5.85480069e-04, 2.92740040e-03, 5.85480081e-03, 0.,
       3.51288030e-03, 5.85480069e-04, 5.85480069e-04, 1.17096014e-03,
       5.85480069e-04, 2.92740040e-03, 0., 1.75644015e-03, 0.,
       5.85480069e-04, 5.85480069e-04, 1.17096014e-03, 0., 0.,
       1.75644015e-03, 0., 0., 0., 4.09836043e-03, 0., 0., 0.,
       1.75644015e-03, 0., 1.17096014e-03, 0., 1.75644015e-03, 0., 0.,
       1.17096014e-03, 5.85480069e-04, 1.17096014e-03, 0.,
       5.85480069e-04, 0., 0., 1.75644015e-03, 2.34192028e-03,
       1.75644015e-03, 2.92740040e-03, 0., 0., 0., 0., 5.85480069e-04,
       5.85480069e-04, 8.78220145e-03, 5.85480069e-04, 5.85480069e-04,
       0., 5.85480069e-04, 2.45901626e-02, 1.17096014e-03,
       1.75644015e-03, 0., 0., 0., 5.85480069e-04, 5.85480081e-03,
       1.75644015e-03, 5.85480069e-04, 5.85480069e-04, 2.92740040e-03,
       0., 1.17096014e-03, 1.17096014e-03, 0., 0., 5.85480069e-04,
       5.85480069e-04, 5.85480069e-04, 5.85480069e-04, 5.85480069e-04,
       5.85480069e-04, 2.34192028e-03, 5.85480069e-04, 5.85480069e-04,
       1.17096014e-03, 0., 1.17096014e-03, 5.85480069e-04,
       5.85480069e-04, 0., 2.34192028e-03, 5.85480069e-04,
       5.85480069e-04, 1.17096014e-03, 5.85480069e-04, 1.75644015e-03,
       1.17096014e-03, 0., 0., 0., 0., 0., 5.85480069e-04, 0., 0., 0.,
       1.75644015e-03, 0., 1.17096014e-03, 0., 0., 1.75644015e-03,
       5.85480069e-04, 5.85480069e-04, 0., 5.85480069e-04,
       1.17096014e-03, 5.85480069e-04, 0., 0., 1.17096014e-03,
       5.85480069e-04, 0., 0., 0., 5.85480069e-04, 0., 1.17096014e-03,
       0., 1.17096014e-03, 5.85480069e-04, 5.85480069e-04,
       5.85480069e-04, 5.85480069e-04, 0., 0., 0., 0., 1.17096014e-03,
       5.85480069e-04, 1.17096014e-03, 1.11241210e-02, 0.,
       1.17096014e-03, 0., 0., 5.85480069e-04, 1.17096014e-03,
       3.51288030e-03, 0., 2.34192028e-03, 1.05386414e-02,
       2.92740040e-03, 0., 0., 4.68384055e-03, 0., 0., 0., 0., 0., 0.,
       0., 0., 5.85480069e-04, 0., 0., 5.85480069e-04, 5.85480069e-04,
       3.51288030e-03, 5.85480069e-04, 2.34192028e-03, 1.17096014e-03,
       0., 0., 5.85480069e-04, 0., 0., 1.17096014e-03, 1.17096014e-03,
       0., 0., 0., 5.85480069e-04, 1.75644015e-03, 1.17096014e-03,
       2.92740040e-03, 1.75644015e-03, 5.85480069e-04, 8.78220145e-03,
       0., 0., 3.51288030e-03, 1.75644015e-03, 5.85480069e-04,
       1.75644015e-03, 0., 0., 5.85480069e-04, 0., 5.85480069e-04,
       7.02576060e-03, 0., 0., 1.17096014e-03, 2.92740040e-03,
       5.85480069e-04, 1.75644015e-03, 1.17096014e-03, 0.,
       1.75644015e-03, 5.85480081e-03, 0., 0., 1.75644015e-03, 0., 0.,
       0., 7.61124073e-03, 0., 5.85480069e-04, 0., 5.85480069e-04, 0.,
       0., 2.92740040e-03, 3.51288030e-03, 1.17096014e-03,
       5.85480069e-04, 1.75644015e-03, 0., 0., 2.34192028e-03,
       1.17096014e-03, 0., 0., 0., 5.85480069e-04, 1.17096014e-03,
       1.17096014e-03, 0., 0., 1.75644015e-03, 1.17096014e-03, 0.,
       1.17096014e-03, 1.17096014e-03, 0., 2.92740040e-03,
       2.92740040e-03, 0., 1.17096014e-03, 5.85480069e-04,
       2.34192028e-03, 0., 1.17096014e-03, 1.75644015e-03,
       5.85480069e-04, 1.17096014e-03, 2.34192028e-03, 0.,
       5.85480069e-04, 2.92740040e-03, 4.68384055e-03, 4.09836043e-03,
       5.85480069e-04, 5.85480069e-04, 4.09836043e-03, 4.68384055e-03,
       5.85480069e-04, 5.85480069e-04, 0., 5.85480069e-04,
       1.17096014e-03, 0., 5.85480069e-04, 1.75644015e-03,
       5.85480069e-04, 1.17096014e-03, 0., 1.17096014e-03,
       5.85480069e-04, 1.17096014e-03, 2.34192028e-03, 0., 0., 0.,
       5.85480069e-04, 1.75644015e-03, 0., 0., 5.85480069e-04, 0., 0.,
       0., 1.17096014e-03, 5.85480069e-04, 0., 5.85480069e-04,
       5.85480069e-04, 0., 1.75644015e-03, 5.85480069e-04, 0.,
       5.85480069e-04, 1.17096014e-03, 0., 0., 5.85480069e-04, 0.,
       5.85480081e-03, 5.85480069e-04, 0., 1.40515212e-02,
       1.17096014e-03, 0., 5.85480069e-04, 4.09836043e-03,
       1.17096014e-03, 1.17096014e-03, 5.85480069e-04, 1.17096014e-03,
       0., 5.85480069e-04, 0., 5.85480069e-04, 4.09836043e-03,
       4.68384055e-03, 1.75644015e-03, 0., 0., 0., 5.85480069e-04,
       5.85480069e-04, 5.85480069e-04, 5.85480081e-03, 1.75644015e-03,
       5.85480081e-03, 5.85480069e-04, 5.85480069e-04, 0.,
       1.17096014e-03, 5.85480069e-04, 9.95316077e-03, 0.,
       5.85480069e-04, 5.85480069e-04, 0., 0., 0., 1.75644015e-03,
       2.92740040e-03, 1.34660415e-02, 5.85480069e-04, 0.,
       1.17096014e-03, 1.75644015e-03, 5.85480069e-04, 0.,
       5.85480069e-04, 2.34192028e-03, 5.85480069e-04, 5.85480069e-04,
       5.85480081e-03, 0., 1.17096014e-03, 0., 0., 2.34192028e-03,
       5.85480069e-04, 1.75644015e-03, 0., 5.85480069e-04,
       1.17096014e-03, 0., 2.34192028e-03, 5.85480069e-04, 0.,
