%YAML:1.0
m50n: !!opencv-matrix
   rows: 1
   cols: 800
   dt: f
   data: [ 1.92529848e-03, 1.92529848e-03, 1.54023874e-03,
       3.85059684e-04, 1.15517899e-03, 0., 0., 0., 3.85059684e-04,
       2.69541773e-03, 3.85059684e-04, 7.70119368e-04, 3.85059684e-04,
       2.31035799e-03, 1.54023874e-03, 2.31035799e-03, 0., 0.,
       7.70119368e-04, 3.85059684e-04, 0., 3.85059684e-04,
       1.54023874e-03, 5.77589544e-03, 7.70119368e-04, 1.15517899e-03,
       0., 1.54023874e-03, 4.23565647e-03, 1.54023874e-03,
       2.31035799e-03, 2.31035799e-03, 1.15517899e-03, 3.85059684e-04,
       0., 0., 1.15517899e-03, 0., 1.15517899e-03, 0., 1.54023874e-03,
       0., 7.70119368e-04, 0., 1.15517899e-03, 3.85059684e-04,
       1.92529848e-03, 2.69541773e-03, 3.85059684e-04, 7.70119368e-04,
       7.70119368e-04, 2.31035799e-03, 1.54023874e-03, 1.92529848e-03,
       1.92529848e-03, 3.85059684e-04, 0., 3.08047747e-03,
       7.70119368e-04, 0., 3.08047747e-03, 0., 1.15517899e-03,
       3.85059684e-04, 1.15517899e-03, 0., 1.15517899e-03,
       1.15517899e-03, 3.85059684e-04, 3.85059684e-04, 7.70119368e-04,
       0., 2.69541773e-03, 3.85059684e-04, 7.31613394e-03, 0.,
       7.70119368e-04, 0., 1.54023874e-03, 2.31035799e-03,
       2.31035799e-03, 3.46553721e-03, 1.92529848e-03, 7.70119368e-04,
       7.70119368e-04, 0., 7.70119368e-04, 3.85059684e-04,
       7.70119368e-04, 1.54023874e-03, 7.70119368e-04, 3.46553721e-03,
       7.70119368e-04, 0., 3.85059684e-04, 0., 7.70119368e-04,
       2.31035799e-03, 3.85059684e-04, 0., 3.85059684e-04,
       3.85059684e-04, 2.31035799e-03, 2.31035799e-03, 0.,
       6.54601445e-03, 2.31035799e-03, 1.15517899e-03, 3.46553721e-03,
       1.15517899e-03, 7.70119368e-04, 1.15517899e-03, 1.54023874e-03,
       0., 0., 3.85059684e-04, 3.46553721e-03, 7.70119368e-04,
       1.15517899e-03, 7.70119368e-04, 0., 3.85059684e-04, 0.,
       1.92529848e-03, 0., 4.23565647e-03, 7.70119368e-04, 0.,
       2.69541773e-03, 7.70119368e-04, 4.23565647e-03, 1.54023874e-03,
       2.69541773e-03, 1.92529848e-03, 7.70119368e-04, 7.70119368e-04,
       2.31035799e-03, 3.85059684e-04, 1.15517899e-03, 0.,
       3.85059684e-04, 7.70119368e-04, 0., 7.70119368e-04,
       3.85059684e-04, 0., 3.85059684e-04, 7.70119368e-04,
       1.15517899e-03, 7.70119368e-04, 1.54023874e-03, 0.,
       3.85059684e-04, 1.54023874e-03, 0., 0., 2.69541773e-03,
       1.54023874e-03, 0., 3.85059684e-04, 3.85059684e-04,
       2.69541773e-03, 0., 3.85059684e-04, 2.31035799e-03, 0., 0.,
       7.70119368e-04, 0., 0., 1.54023874e-03, 1.15517899e-03,
       7.70119368e-04, 0., 0., 2.31035799e-03, 1.92529848e-03,
       1.54023874e-03, 3.85059684e-04, 0., 2.31035799e-03,
       1.15517899e-03, 1.54023874e-03, 7.70119368e-04, 1.92529848e-03,
       0., 7.70119368e-04, 0., 0., 2.31035799e-03, 3.08047747e-03,
       1.15517899e-03, 2.31035799e-03, 1.15517899e-03, 0.,
       3.85059684e-04, 1.92529848e-03, 1.92529848e-03, 7.70119368e-04,
       2.31035799e-03, 3.08047747e-03, 1.15517899e-03, 1.54023874e-03,
       8.47131293e-03, 3.85059684e-04, 1.15517899e-03, 2.31035799e-03,
       2.31035799e-03, 0., 0., 1.54023874e-03, 6.93107443e-03,
       5.00577595e-03, 3.85059684e-04, 0., 0., 3.85059684e-04,
       3.85059684e-04, 1.92529848e-03, 3.85059684e-04, 3.08047747e-03,
       3.85059684e-04, 3.85059684e-04, 1.15517899e-03, 7.70119368e-04,
       3.85059684e-04, 1.92529848e-03, 1.15517899e-03, 3.85059684e-04,
       7.70119368e-04, 7.70119368e-04, 1.92529848e-03, 3.85059684e-04,
       3.46553721e-03, 7.70119368e-04, 3.08047747e-03, 5.39083546e-03,
       1.54023874e-03, 1.54023874e-03, 0., 1.92529848e-03,
       3.08047747e-03, 3.85059684e-04, 3.46553721e-03, 7.70119368e-04,
       4.23565647e-03, 3.85059684e-04, 3.08047747e-03, 0.,
       1.92529848e-03, 0., 1.15517899e-03, 3.46553721e-03, 0., 0.,
       1.15517899e-03, 1.15517899e-03, 7.70119368e-04, 1.92529848e-03,
       2.31035799e-03, 7.70119368e-04, 1.15517899e-03, 3.85059684e-04,
       3.85059684e-04, 0., 3.85059684e-04, 3.85059684e-04,
       3.85059684e-04, 3.85059684e-04, 1.15517899e-03, 1.92529848e-03,
       2.31035799e-03, 2.69541773e-03, 7.70119368e-04, 2.69541773e-03,
       7.70119368e-04, 7.70119368e-04, 0., 3.85059684e-04, 0.,
       7.70119368e-04, 1.54023874e-03, 1.15517899e-03, 0.,
       2.31035799e-03, 5.39083546e-03, 2.31035799e-03, 0., 0.,
       7.70119368e-04, 1.15517899e-03, 3.85059684e-04, 1.15517899e-03,
       1.54023874e-03, 1.15517899e-03, 2.69541773e-03, 7.70119368e-04,
       1.15517899e-03, 1.54023874e-03, 1.15517899e-03, 0.,
       3.85059684e-04, 1.92529848e-03, 5.00577595e-03, 3.85059684e-04,
       0., 1.15517899e-03, 3.85059684e-04, 3.85059696e-03,
       1.92529848e-03, 3.46553721e-03, 3.85059696e-03, 3.08047747e-03,
       0., 2.31035799e-03, 1.54023874e-03, 3.85059684e-04,
       3.85059684e-04, 0., 3.85059684e-04, 3.85059684e-04,
       7.70119368e-04, 7.70119368e-04, 3.85059684e-04, 7.70119368e-04,
       7.70119368e-04, 1.54023874e-03, 7.70119368e-04, 3.85059684e-04,
       1.92529848e-03, 1.15517899e-03, 2.69541773e-03, 2.31035799e-03,
       3.85059684e-04, 3.85059684e-04, 2.31035799e-03, 7.70119368e-04,
       7.70119368e-04, 1.54023874e-03, 2.69541773e-03, 3.85059684e-04,
       3.85059684e-04, 3.85059684e-04, 3.85059696e-03, 2.31035799e-03,
       7.70119368e-04, 3.85059684e-04, 7.70119368e-04, 0.,
       7.70119368e-04, 3.85059684e-04, 7.70119368e-04, 7.70119368e-04,
       7.70119368e-04, 0., 3.85059696e-03, 1.92529848e-03,
       7.70119368e-04, 3.85059684e-04, 1.15517899e-03, 3.85059684e-04,
       3.85059684e-04, 3.85059684e-04, 3.85059684e-04, 3.08047747e-03,
       5.77589544e-03, 3.85059684e-04, 0., 3.85059684e-04,
       2.31035799e-03, 1.92529848e-03, 1.15517899e-03, 0.,
       1.15517899e-03, 1.92529848e-03, 7.70119368e-04, 3.85059684e-04,
       1.15517899e-03, 3.85059684e-04, 1.54023874e-03, 0.,
       1.15517899e-03, 1.15517899e-03, 1.15517899e-03, 0.,
       1.54023874e-03, 1.15517899e-03, 1.92529848e-03, 1.92529848e-03,
       7.70119368e-04, 1.15517899e-03, 7.70119368e-04, 1.54023874e-03,
       3.08047747e-03, 1.92529848e-03, 3.85059684e-04, 3.85059684e-04,
       1.92529848e-03, 4.62071598e-03, 3.85059684e-04, 0.,
       2.31035799e-03, 0., 7.31613394e-03, 0., 7.70119368e-04, 0.,
       1.54023874e-03, 2.31035799e-03, 0., 7.70119368e-04,
       3.85059684e-04, 0., 1.15517899e-03, 7.70119368e-04,
       7.70119368e-04, 7.70119368e-04, 1.15517899e-03, 1.92529848e-03,
       4.23565647e-03, 0., 0., 2.31035799e-03, 3.85059684e-04, 0.,
       3.46553721e-03, 1.54023874e-03, 3.85059684e-04, 0.,
       1.15517899e-03, 0., 0., 1.11667309e-02, 1.54023874e-03,
       1.54023874e-03, 7.70119368e-04, 0., 0., 1.54023874e-03, 0., 0.,
       1.15517899e-03, 3.85059684e-04, 1.54023874e-03, 1.54023874e-03,
       1.54023874e-03, 0., 0., 0., 1.54023874e-03, 7.70119368e-04,
       7.70119368e-04, 1.15517899e-03, 1.15517899e-03, 1.15517899e-03,
       3.08047747e-03, 0., 1.15517899e-03, 7.70119368e-04,
       1.54023874e-03, 7.70119368e-04, 3.85059684e-04, 1.15517899e-03,
       2.69541773e-03, 1.54023874e-03, 7.70119368e-04, 0.,
       6.16095494e-03, 0., 1.15517899e-03, 7.70119368e-04, 0., 0.,
       7.70119368e-04, 0., 7.70119368e-04, 7.70119368e-04, 0.,
       1.54023874e-03, 3.85059684e-04, 3.85059684e-04, 3.85059684e-04,
       3.85059684e-04, 7.70119368e-04, 0., 0., 3.85059684e-04,
       1.92529848e-03, 0., 7.70119368e-04, 2.69541773e-03,
       1.15517899e-03, 1.54023874e-03, 1.15517899e-03, 1.15517899e-03,
       1.92529848e-03, 1.15517899e-03, 3.85059684e-04, 0.,
       7.70119368e-04, 2.31035799e-03, 3.85059684e-04, 1.92529848e-03,
       0., 2.31035799e-03, 3.85059696e-03, 0., 1.54023874e-03,
       3.85059684e-04, 4.23565647e-03, 7.70119368e-04, 1.15517899e-03,
       7.70119368e-04, 0., 3.85059684e-04, 3.85059684e-04,
       3.85059684e-04, 3.85059684e-04, 1.54023874e-03, 7.70119368e-04,
       7.70119368e-04, 7.70119368e-04, 1.92529848e-03, 0., 0.,
