%YAML:1.0
m50n: !!opencv-matrix
   rows: 1
   cols: 800
   dt: f
   data: [ 3.24569934e-04, 1.94741960e-03, 1.29827973e-03,
       9.73709801e-04, 9.73709801e-04, 1.94741960e-03, 2.59655947e-03,
       0., 3.24569934e-04, 3.24569934e-04, 0., 1.29827973e-03,
       9.73709801e-04, 9.73709801e-04, 1.29827973e-03, 4.54397919e-03,
       3.24569934e-04, 6.49139867e-04, 3.24569934e-04, 1.29827973e-03,
       1.62284961e-03, 1.29827973e-03, 6.49139867e-04, 6.49139867e-04,
       9.73709801e-04, 1.29827973e-03, 3.24569934e-04, 9.73709801e-04,
       9.73709801e-04, 3.24569934e-04, 3.24569934e-04, 2.27198959e-03,
       3.24569934e-04, 6.49139867e-04, 1.62284961e-03, 1.62284961e-03,
       3.24569934e-04, 1.29827973e-03, 3.24569934e-04, 0.,
       9.73709801e-04, 6.49139844e-03, 9.73709801e-04, 1.62284961e-03,
       1.29827973e-03, 1.62284961e-03, 1.94741960e-03, 4.86854883e-03,
       3.24569934e-04, 3.57026933e-03, 3.57026933e-03, 2.27198959e-03,
       9.73709801e-04, 0., 0., 9.73709801e-04, 1.29827973e-03,
       1.29827973e-03, 3.24569934e-04, 9.73709801e-04, 9.73709801e-04,
       2.27198959e-03, 1.62284961e-03, 6.49139867e-04, 1.29827973e-03,
       9.73709801e-04, 3.24569934e-04, 3.24569934e-04, 9.73709801e-04,
       2.27198959e-03, 9.73709801e-04, 6.49139867e-04, 2.59655947e-03,
       6.49139867e-04, 9.73709801e-04, 1.29827973e-03, 0.,
       1.62284961e-03, 9.73709801e-04, 9.73709801e-04, 1.62284961e-03,
       0., 0., 0., 2.27198959e-03, 1.62284961e-03, 9.73709801e-04,
       2.27198959e-03, 2.92112934e-03, 9.73709801e-04, 1.94741960e-03,
       6.49139867e-04, 6.49139867e-04, 1.29827973e-03, 1.29827973e-03,
       1.62284961e-03, 9.73709801e-04, 9.73709801e-04, 1.94741960e-03,
       9.73709801e-04, 1.29827973e-03, 2.59655947e-03, 3.24569922e-03,
       6.49139867e-04, 1.29827973e-03, 1.94741960e-03, 1.62284961e-03,
       0., 1.29827973e-03, 6.49139867e-04, 1.94741960e-03,
       1.29827973e-03, 3.24569934e-04, 3.24569934e-04, 1.62284961e-03,
       3.24569934e-04, 3.24569934e-04, 1.29827973e-03, 3.57026933e-03,
       4.21940908e-03, 3.24569934e-04, 1.94741960e-03, 3.24569934e-04,
       6.49139867e-04, 1.62284961e-03, 3.24569934e-04, 2.92112934e-03,
       6.49139867e-04, 2.27198959e-03, 2.27198959e-03, 1.94741960e-03,
       6.49139867e-04, 3.24569934e-04, 3.24569934e-04, 9.73709801e-04,
       1.29827973e-03, 3.24569934e-04, 6.49139867e-04, 1.62284961e-03,
       6.49139867e-04, 0., 2.59655947e-03, 1.29827973e-03,
       6.49139867e-04, 6.49139867e-04, 1.62284961e-03, 0.,
       6.49139867e-04, 1.62284961e-03, 1.29827973e-03, 3.24569934e-04,
       2.27198959e-03, 6.49139867e-04, 1.62284961e-03, 9.73709801e-04,
       3.24569934e-04, 9.73709801e-04, 6.49139867e-04, 9.73709801e-04,
       6.49139867e-04, 3.24569934e-04, 9.73709801e-04, 6.49139867e-04,
       9.73709801e-04, 3.24569934e-04, 9.73709801e-04, 3.24569934e-04,
       6.81596855e-03, 6.49139867e-04, 0., 2.27198959e-03,
       3.57026933e-03, 6.49139867e-04, 0., 1.29827973e-03, 0.,
       2.59655947e-03, 0., 1.29827973e-03, 2.59655947e-03,
       1.94741960e-03, 2.27198959e-03, 6.49139867e-04, 1.29827973e-03,
       1.94741960e-03, 1.29827973e-03, 5.19311894e-03, 0.,
       3.24569934e-04, 0., 1.62284961e-03, 3.24569922e-03,
       1.29827973e-03, 3.24569934e-04, 3.24569934e-04, 1.29827973e-03,
       9.73709801e-04, 0., 2.59655947e-03, 1.62284961e-03,
       1.62284961e-03, 1.29827973e-03, 0., 9.73709801e-04,
       1.29827973e-03, 5.51768905e-03, 1.29827973e-03, 6.49139867e-04,
       9.73709801e-04, 9.73709801e-04, 3.24569934e-04, 9.73709801e-04,
       6.49139867e-04, 2.27198959e-03, 1.62284961e-03, 3.24569934e-04,
       6.49139867e-04, 3.24569934e-04, 9.73709801e-04, 9.73709801e-04,
       0., 6.49139867e-04, 0., 3.24569934e-04, 1.29827973e-03,
       1.62284961e-03, 0., 1.94741960e-03, 3.24569934e-04,
       2.92112934e-03, 0., 1.29827973e-03, 1.94741960e-03,
       1.94741960e-03, 2.59655947e-03, 3.24569934e-04, 6.49139867e-04,
       1.94741960e-03, 0., 6.49139867e-04, 6.49139867e-04, 0.,
       1.29827973e-03, 5.19311894e-03, 1.62284961e-03, 1.29827973e-03,
       1.62284961e-03, 2.59655947e-03, 1.29827973e-03, 3.24569934e-04,
       1.62284961e-03, 0., 9.73709801e-04, 1.94741960e-03,
       9.73709801e-04, 9.73709801e-04, 1.03862379e-02, 1.62284961e-03,
       6.49139867e-04, 1.94741960e-03, 3.24569922e-03, 3.24569934e-04,
       3.24569934e-04, 3.24569934e-04, 1.94741960e-03, 9.73709801e-04,
       9.73709801e-04, 1.94741960e-03, 0., 1.29827973e-03,
       3.24569934e-04, 1.29827973e-03, 9.73709801e-04, 1.62284961e-03,
       1.94741960e-03, 1.94741960e-03, 6.49139867e-04, 3.57026933e-03,
       1.62284961e-03, 6.49139867e-04, 3.24569934e-04, 2.27198959e-03,
       1.29827973e-03, 6.49139867e-04, 6.49139867e-04, 6.49139867e-04,
       1.29827973e-03, 9.73709801e-04, 9.73709801e-04, 3.24569934e-04,
       1.94741960e-03, 9.73709801e-04, 9.73709801e-04, 0.,
       1.62284961e-03, 6.49139867e-04, 3.24569934e-04, 9.73709801e-04,
       2.27198959e-03, 2.27198959e-03, 1.94741960e-03, 3.24569934e-04,
       1.62284961e-03, 6.49139867e-04, 1.29827973e-03, 2.27198959e-03,
       6.49139867e-04, 9.73709801e-04, 3.24569934e-04, 3.57026933e-03,
       6.49139867e-04, 6.49139867e-04, 0., 3.89483920e-03,
       1.62284961e-03, 3.24569934e-04, 9.73709801e-04, 6.49139867e-04,
       9.73709801e-04, 1.29827973e-03, 9.73709801e-04, 9.73709801e-04,
       9.73709801e-04, 3.24569934e-04, 6.49139867e-04, 9.73709801e-04,
       3.24569934e-04, 6.49139867e-04, 3.24569934e-04, 1.94741960e-03,
       3.24569934e-04, 1.94741960e-03, 5.19311894e-03, 6.49139867e-04,
       1.29827973e-03, 0., 9.73709801e-04, 1.29827973e-03,
       1.29827973e-03, 6.49139867e-04, 2.27198959e-03, 6.49139867e-04,
       1.94741960e-03, 3.24569934e-04, 2.92112934e-03, 1.62284961e-03,
       3.24569934e-04, 2.92112934e-03, 1.29827973e-03, 9.73709801e-04,
       3.24569934e-04, 6.49139867e-04, 1.29827973e-03, 1.29827973e-03,
       3.24569934e-04, 9.73709801e-04, 2.92112934e-03, 2.92112934e-03,
       9.73709801e-04, 4.21940908e-03, 1.29827973e-03, 1.29827973e-03,
       1.29827973e-03, 1.29827973e-03, 1.29827973e-03, 1.29827973e-03,
       9.73709801e-04, 1.62284961e-03, 3.57026933e-03, 3.24569934e-04,
       3.24569934e-04, 1.62284961e-03, 1.94741960e-03, 3.24569934e-04,
       0., 9.73709801e-04, 9.73709801e-04, 6.49139867e-04,
       1.29827973e-03, 6.49139867e-04, 2.27198959e-03, 2.59655947e-03,
       6.49139867e-04, 3.24569934e-04, 9.73709801e-04, 1.29827973e-03,
       3.24569934e-04, 0., 5.84225869e-03, 9.73709801e-04,
       5.19311894e-03, 1.62284961e-03, 1.29827973e-03, 1.62284961e-03,
       6.49139867e-04, 0., 6.81596855e-03, 1.29827973e-03,
       3.24569934e-04, 1.29827973e-03, 9.73709801e-04, 1.29827973e-03,
       1.62284961e-03, 3.24569934e-04, 2.27198959e-03, 3.24569934e-04,
       0., 6.49139867e-04, 1.62284961e-03, 6.49139867e-04,
       3.24569922e-03, 9.73709801e-04, 1.62284961e-03, 6.49139844e-03,
       1.29827973e-03, 9.73709801e-04, 0., 1.29827973e-03,
       9.73709801e-04, 6.49139867e-04, 6.49139867e-04, 9.73709801e-04,
       1.94741960e-03, 6.49139867e-04, 2.27198959e-03, 0.,
       3.24569934e-04, 9.73709801e-04, 9.73709766e-03, 3.24569934e-04,
       3.24569934e-04, 6.16682880e-03, 6.49139867e-04, 1.62284961e-03,
       6.49139867e-04, 1.62284961e-03, 6.49139867e-04, 6.49139867e-04,
       9.73709801e-04, 1.29827973e-03, 6.49139867e-04, 3.24569934e-04,
       6.49139867e-04, 6.49139867e-04, 0., 1.29827973e-03,
       6.49139867e-04, 1.29827973e-03, 6.49139867e-04, 1.62284961e-03,
       0., 1.62284961e-03, 2.59655947e-03, 2.59655947e-03,
       1.94741960e-03, 1.29827973e-03, 2.27198959e-03, 1.29827973e-03,
       1.62284961e-03, 1.62284961e-03, 6.49139867e-04, 2.27198959e-03,
       0., 0., 1.29827973e-03, 1.62284961e-03, 1.62284961e-03,
       1.62284961e-03, 3.24569934e-04, 9.73709801e-04, 9.73709801e-04,
       3.24569934e-04, 0., 0., 0., 6.49139867e-04, 3.24569934e-04,
