%YAML:1.0
m50n: !!opencv-matrix
   rows: 1
   cols: 800
   dt: f
   data: [ 8.59845255e-04, 0., 0., 2.57953582e-03, 0., 8.59845255e-04,
       8.59845255e-04, 3.43938102e-03, 0., 5.15907165e-03,
       8.59845255e-04, 8.59845255e-04, 0., 0., 8.59845255e-04,
       6.01891661e-03, 0., 0., 8.59845255e-04, 0., 0., 0., 0., 0.,
       2.57953582e-03, 0., 1.03181433e-02, 2.57953582e-03, 0.,
       3.43938102e-03, 1.63370594e-02, 3.43938102e-03, 0., 0., 0., 0.,
       7.73860747e-03, 0., 0., 8.59845255e-04, 0., 0., 0.,
       3.43938102e-03, 0., 8.59845255e-04, 0., 3.43938102e-03, 0., 0.,
       0., 0., 4.29922622e-03, 3.43938102e-03, 1.71969051e-03,
       9.45829786e-03, 7.73860747e-03, 0., 0., 0., 0., 0.,
       8.59845255e-04, 1.20378332e-02, 0., 0., 8.59845243e-03,
       2.57953582e-03, 8.59845255e-04, 0., 0., 6.01891661e-03,
       8.59845255e-04, 3.43938102e-03, 0., 1.71969051e-03,
       1.71969051e-03, 2.57953582e-03, 8.59845255e-04, 0., 0.,
       8.59845255e-04, 0., 2.57953582e-03, 1.71969051e-03, 0., 0., 0.,
       0., 2.57953582e-03, 0., 0., 8.59845255e-04, 1.71969051e-03,
       8.59845255e-04, 3.43938102e-03, 6.01891661e-03, 0.,
       3.43938102e-03, 0., 0., 8.59845255e-04, 0., 8.59845255e-04,
       6.01891661e-03, 0., 1.71969051e-03, 0., 8.59845255e-04, 0.,
       7.73860747e-03, 8.59845255e-04, 2.57953582e-03, 0., 0.,
       1.71969051e-03, 0., 8.59845255e-04, 0., 1.11779887e-02, 0.,
       2.57953582e-03, 1.71969051e-03, 2.57953582e-03, 3.43938102e-03,
       4.29922622e-03, 0., 2.57953582e-03, 0., 0., 8.59845243e-03,
       2.57953582e-03, 1.71969051e-03, 8.59845255e-04, 1.71969051e-03,
       0., 0., 0., 1.71969051e-03, 8.59845255e-04, 0., 8.59845255e-04,
       0., 1.71969051e-03, 0., 1.71969051e-03, 1.71969051e-03, 0., 0.,
       0., 8.59845255e-04, 0., 1.28976787e-02, 3.43938102e-03, 0.,
       8.59845255e-04, 1.71969051e-03, 0., 0., 8.59845255e-04,
       8.59845243e-03, 0., 0., 0., 0., 0., 1.71969051e-03,
       5.15907165e-03, 0., 0., 3.43938102e-03, 0., 0., 0., 0.,
       1.71969051e-03, 0., 8.59845255e-04, 0., 4.29922622e-03,
       8.59845255e-04, 8.59845255e-04, 0., 6.01891661e-03,
       8.59845255e-04, 0., 0., 4.29922622e-03, 8.59845255e-04, 0.,
       8.59845255e-04, 0., 0., 0., 0., 1.71969051e-03, 0.,
       2.57953582e-03, 1.71969051e-03, 0., 0., 0., 0., 0., 0., 0.,
       1.71969051e-03, 2.57953582e-03, 0., 0., 0., 1.71969051e-03,
       1.71969051e-03, 0., 0., 0., 2.57953582e-03, 0., 0., 0., 0.,
       1.03181433e-02, 1.71969051e-03, 6.87876204e-03, 0., 0.,
       1.71969051e-03, 0., 0., 2.57953582e-03, 3.43938102e-03, 0.,
       8.59845255e-04, 0., 8.59845255e-04, 0., 0., 0., 0.,
       8.59845255e-04, 8.59845255e-04, 0., 8.59845255e-04, 0.,
       1.71969051e-03, 1.71969051e-03, 0., 0., 0., 1.71969051e-03, 0.,
       0., 8.59845255e-04, 6.01891661e-03, 8.59845255e-04,
       2.57953582e-03, 8.59845255e-04, 1.71969051e-03, 8.59845255e-04,
       8.59845255e-04, 2.57953582e-03, 4.29922622e-03, 2.57953582e-03,
       0., 8.59845255e-04, 0., 7.73860747e-03, 8.59845255e-04, 0.,
       8.59845255e-04, 6.01891661e-03, 0., 8.59845255e-04, 0.,
       8.59845255e-04, 0., 0., 8.59845255e-04, 8.59845255e-04,
       8.59845255e-04, 4.29922622e-03, 1.71969051e-03, 8.59845255e-04,
       8.59845255e-04, 4.29922622e-03, 0., 5.15907165e-03,
       1.71969051e-03, 0., 8.59845255e-04, 1.71969051e-03, 0., 0.,
       4.29922622e-03, 0., 8.59845255e-04, 5.15907165e-03, 0., 0.,
       6.87876204e-03, 0., 0., 0., 0., 0., 0., 4.29922622e-03,
       3.43938102e-03, 0., 0., 2.57953582e-03, 0., 0., 8.59845255e-04,
       0., 1.71969051e-03, 1.71969051e-03, 0., 2.57953582e-03, 0.,
       8.59845255e-04, 8.59845255e-04, 0., 0., 6.01891661e-03,
       8.59845255e-04, 0., 8.59845255e-04, 1.71969051e-03, 0., 0.,
       5.15907165e-03, 1.71969051e-03, 0., 0., 0., 1.71969051e-03,
       1.71969051e-03, 0., 0., 0., 0., 8.59845255e-04, 0., 0., 0.,
       1.71969051e-03, 4.29922622e-03, 0., 1.71969051e-03,
       2.57953582e-03, 0., 0., 0., 1.71969051e-03, 8.59845255e-04, 0.,
       0., 8.59845255e-04, 2.57953582e-03, 0., 0., 4.29922622e-03, 0.,
       0., 8.59845255e-04, 0., 5.15907165e-03, 1.71969051e-03,
       8.59845255e-04, 0., 0., 8.59845255e-04, 0., 1.71969051e-03,
       1.71969051e-03, 0., 0., 8.59845255e-04, 1.71969051e-03,
       8.59845255e-04, 0., 1.54772149e-02, 0., 8.59845255e-04,
       8.59845255e-04, 1.71969051e-03, 8.59845255e-04, 8.59845255e-04,
       8.59845255e-04, 0., 0., 1.46173695e-02, 3.43938102e-03, 0.,
       1.71969051e-03, 0., 1.71969051e-03, 0., 8.59845255e-04,
       1.71969051e-03, 0., 1.71969051e-03, 0., 0., 3.43938102e-03, 0.,
       0., 2.57953582e-03, 1.71969051e-03, 0., 8.59845255e-04,
       8.59845255e-04, 0., 0., 8.59845255e-04, 0., 8.59845255e-04, 0.,
       0., 0., 0., 8.59845255e-04, 0., 0., 1.71969051e-03, 0., 0.,
       1.71969051e-03, 8.59845255e-04, 0., 0., 1.71969051e-03,
       2.57953582e-03, 0., 3.43938102e-03, 4.29922622e-03,
       1.71969051e-03, 8.59845255e-04, 8.59845255e-04, 8.59845255e-04,
       0., 8.59845255e-04, 0., 8.59845255e-04, 8.59845255e-04,
       8.59845255e-04, 2.57953582e-03, 1.71969051e-03, 2.57953582e-03,
       0., 0., 2.57953582e-03, 0., 0., 8.59845255e-04, 2.57953582e-03,
       8.59845255e-04, 0., 4.29922622e-03, 0., 0., 0., 8.59845255e-04,
       0., 1.71969051e-03, 0., 0., 1.71969051e-03, 8.59845255e-04,
       8.59845255e-04, 8.59845255e-04, 1.71969051e-03, 0., 0., 0., 0.,
       0., 0., 3.43938102e-03, 1.71969051e-03, 0., 0., 8.59845255e-04,
       3.43938102e-03, 3.43938102e-03, 1.71969051e-03, 0.,
       8.59845255e-04, 0., 1.71969051e-03, 8.59845255e-04,
       1.71969051e-03, 0., 1.71969051e-03, 0., 3.43938102e-03,
       8.59845255e-04, 1.71969051e-03, 0., 0., 0., 0., 0.,
       1.71969051e-03, 0., 0., 1.71969051e-03, 7.73860747e-03,
       4.29922622e-03, 0., 1.71969051e-03, 0., 0., 0., 0., 0., 0., 0.,
       0., 0., 0., 0., 3.43938102e-03, 0., 1.71969051e-03, 0.,
       3.43938102e-03, 2.57953582e-03, 8.59845255e-04, 8.59845255e-04,
       0., 0., 0., 0., 1.71969051e-03, 8.59845255e-04, 2.57953582e-03,
       0., 0., 0., 0., 0., 1.71969051e-03, 0., 8.59845255e-04, 0., 0.,
       0., 0., 0., 6.01891661e-03, 0., 8.59845255e-04, 8.59845255e-04,
       2.57953582e-03, 0., 1.71969051e-03, 0., 0., 0., 0.,
       8.59845255e-04, 8.59845255e-04, 8.59845255e-04, 8.59845255e-04,
       8.59845255e-04, 2.57953582e-03, 3.43938102e-03, 1.71969051e-03,
       0., 0., 0., 1.71969051e-03, 2.57953582e-03, 0., 1.80567503e-02,
       8.59845255e-04, 5.15907165e-03, 1.71969051e-03, 0., 0.,
       8.59845255e-04, 0., 1.20378332e-02, 0., 0., 8.59845255e-04,
       8.59845255e-04, 8.59845255e-04, 8.59845255e-04, 8.59845255e-04,
       0., 3.43938102e-03, 1.71969051e-03, 0., 0., 8.59845255e-04, 0.,
       8.59845255e-04, 1.71969051e-03, 0., 5.15907165e-03, 0.,
       8.59845255e-04, 0., 1.71969051e-03, 0., 0., 0., 0.,
       3.43938102e-03, 0., 0., 4.29922622e-03, 8.59845255e-04,
       8.59845255e-04, 0., 0., 8.59845255e-04, 0., 0., 0., 0., 0., 0.,
       0., 0., 0., 2.57953582e-03, 8.59845255e-04, 8.59845255e-04, 0.,
       0., 1.11779887e-02, 8.59845255e-04, 0., 6.01891661e-03, 0.,
       8.59845255e-04, 3.43938102e-03, 3.43938102e-03, 8.59845255e-04,
       0., 1.71969051e-03, 0., 8.59845255e-04, 0., 1.71969051e-03,
       5.15907165e-03, 0., 0., 0., 8.59845255e-04, 1.71969051e-03,
       1.71969051e-03, 0., 2.57953582e-03, 0., 8.59845255e-04,
       8.59845255e-04, 0., 0., 0., 0., 3.43938102e-03, 2.57953582e-03,
       1.71969051e-03, 1.71969051e-03, 1.71969051e-03, 8.59845255e-04,
       8.59845255e-04, 0., 8.59845255e-04, 0., 5.15907165e-03,
       8.59845255e-04, 0., 8.59845255e-04, 0., 3.43938102e-03, 0.,
       1.71969051e-03, 2.57953582e-03, 0., 8.59845255e-04, 0.,
       2.57953582e-03, 0., 2.57953582e-03, 8.59845255e-04, 0., 0., 0.,
       0., 0., 0., 8.59845255e-04, 7.73860747e-03, 8.59845255e-04, 0.,
