%YAML:1.0
m50n: !!opencv-matrix
   rows: 1
   cols: 800
   dt: f
   data: [ 1.27429119e-03, 3.82287358e-03, 1.59286405e-03,
       1.27429119e-03, 1.59286405e-03, 9.55718395e-04, 4.14144620e-03,
       3.18572798e-04, 6.37145597e-04, 0., 3.18572798e-04,
       9.55718395e-04, 6.37145597e-04, 1.27429119e-03, 1.27429119e-03,
       1.27429119e-03, 3.18572798e-04, 9.55718395e-04, 9.55718395e-04,
       9.55718395e-04, 6.37145597e-04, 0., 2.23000953e-03,
       9.55718395e-04, 1.33800572e-02, 9.55718395e-04, 6.37145597e-04,
       6.37145597e-04, 6.37145597e-04, 1.27429119e-03, 2.86715524e-03,
       1.91143679e-03, 1.27429119e-03, 3.18572798e-04, 9.55718395e-04,
       1.59286405e-03, 9.55718395e-04, 1.27429119e-03, 9.55718395e-04,
       6.37145597e-04, 1.59286405e-03, 4.46001906e-03, 6.37145597e-04,
       3.50430072e-03, 6.37145597e-04, 1.59286405e-03, 1.27429119e-03,
       2.23000953e-03, 9.55718395e-04, 4.14144620e-03, 6.37145597e-04,
       1.27429119e-03, 6.37145597e-04, 1.91143679e-03, 9.55718395e-04,
       1.27429119e-03, 1.27429119e-03, 9.55718395e-04, 1.59286405e-03,
       3.18572798e-04, 9.55718395e-04, 6.37145597e-04, 2.54858239e-03,
       6.37145597e-04, 1.27429119e-03, 0., 0., 1.59286405e-03,
       3.18572798e-04, 3.50430072e-03, 1.27429119e-03, 9.55718395e-04,
       3.18572810e-03, 1.59286405e-03, 2.86715524e-03, 0.,
       2.23000953e-03, 3.18572798e-04, 1.27429119e-03, 1.59286405e-03,
       1.59286405e-03, 0., 1.27429119e-03, 3.18572798e-04,
       9.55718395e-04, 1.27429119e-03, 6.37145597e-04, 2.54858239e-03,
       2.54858239e-03, 3.18572798e-04, 6.37145597e-04, 1.91143679e-03,
       9.55718395e-04, 6.37145597e-04, 9.55718395e-04, 9.55718395e-04,
       0., 3.18572798e-04, 1.27429119e-03, 6.37145597e-04,
       3.18572798e-04, 1.27429119e-03, 4.14144620e-03, 2.86715524e-03,
       1.27429119e-03, 1.59286405e-03, 6.37145597e-04, 1.27429119e-03,
       1.27429119e-03, 9.55718395e-04, 3.82287358e-03, 3.18572798e-04,
       0., 6.37145597e-04, 6.37145597e-04, 1.27429119e-03,
       3.18572798e-04, 3.18572798e-04, 1.59286405e-03, 3.18572798e-04,
       1.91143679e-03, 3.18572798e-04, 9.55718395e-04, 6.37145597e-04,
       1.59286405e-03, 3.18572798e-04, 1.59286405e-03, 1.27429119e-03,
       1.27429119e-03, 2.54858239e-03, 1.59286405e-03, 1.59286405e-03,
       2.54858239e-03, 1.27429119e-03, 6.37145597e-04, 9.87575669e-03,
       6.37145597e-04, 6.37145597e-04, 6.37145597e-04, 9.55718395e-04,
       3.18572798e-04, 3.18572810e-03, 2.23000953e-03, 9.55718395e-04,
       0., 0., 6.37145597e-04, 6.37145597e-04, 2.54858239e-03,
       6.37145597e-04, 6.37145597e-04, 2.23000953e-03, 9.55718395e-04,
       3.18572798e-04, 3.18572798e-04, 6.37145597e-04, 3.18572798e-04,
       9.55718395e-04, 6.37145597e-04, 2.23000953e-03, 0.,
       2.23000953e-03, 9.55718395e-04, 6.37145597e-04, 9.55718395e-04,
       6.37145597e-04, 9.55718395e-04, 9.55718395e-04, 3.18572798e-04,
       2.23000953e-03, 0., 1.59286405e-03, 1.27429119e-03,
       1.59286405e-03, 0., 9.55718395e-04, 0., 1.81586500e-02,
       3.18572798e-04, 1.27429119e-03, 2.86715524e-03, 2.54858239e-03,
       2.23000953e-03, 9.55718395e-04, 3.18572798e-04, 1.27429119e-03,
       9.55718395e-04, 9.55718395e-04, 6.37145597e-04, 2.54858239e-03,
       9.55718395e-04, 4.46001906e-03, 4.46001906e-03, 9.55718395e-04,
       3.18572798e-04, 9.55718395e-04, 3.18572798e-04, 9.55718395e-04,
       3.18572798e-04, 6.37145597e-04, 6.37145597e-04, 1.27429119e-03,
       1.91143679e-03, 9.87575669e-03, 1.59286405e-03, 2.86715524e-03,
       2.23000953e-03, 1.91143679e-03, 1.59286405e-03, 2.54858239e-03,
       0., 9.55718395e-04, 1.59286405e-03, 1.59286405e-03,
       3.82287358e-03, 1.27429119e-03, 6.37145597e-04, 3.18572798e-04,
       9.55718395e-04, 6.37145597e-04, 3.18572798e-04, 3.18572798e-04,
       1.59286405e-03, 3.18572798e-04, 3.18572798e-04, 6.37145597e-04,
       9.55718395e-04, 1.59286405e-03, 3.18572798e-04, 4.14144620e-03,
       9.55718395e-04, 3.18572798e-04, 1.59286405e-03, 1.91143679e-03,
       1.27429119e-03, 6.37145597e-04, 3.82287358e-03, 9.55718395e-04,
       1.27429119e-03, 9.55718395e-04, 9.55718395e-04, 3.18572798e-04,
       3.18572798e-04, 4.77859192e-03, 9.55718395e-04, 0.,
       5.41573763e-03, 3.18572798e-04, 9.55718395e-04, 1.27429119e-03,
       6.37145597e-04, 9.55718395e-04, 3.18572798e-04, 1.27429119e-03,
       0., 3.18572798e-04, 1.91143679e-03, 3.18572798e-04,
       3.18572798e-04, 1.91143679e-03, 1.27429119e-03, 0.,
       9.55718395e-04, 9.55718395e-04, 1.27429119e-03, 0.,
       9.55718395e-04, 1.59286405e-03, 3.18572798e-04, 6.37145597e-04,
       1.91143679e-03, 1.27429119e-03, 0., 6.37145597e-04,
       3.18572798e-04, 1.59286405e-03, 6.37145597e-04, 5.41573763e-03,
       3.18572798e-04, 1.91143679e-03, 1.59286405e-03, 9.55718395e-04,
       3.18572798e-04, 1.59286405e-03, 6.37145597e-04, 1.27429119e-03,
       1.27429119e-03, 3.18572798e-04, 0., 1.27429119e-03,
       6.37145597e-04, 0., 9.55718395e-04, 9.55718395e-04,
       9.55718395e-04, 3.18572798e-04, 1.27429119e-03, 1.27429119e-03,
       9.55718395e-04, 2.23000953e-03, 6.37145597e-04, 0.,
       1.91143679e-03, 3.18572798e-04, 6.37145597e-04, 0.,
       1.27429119e-03, 1.27429119e-03, 1.59286405e-03, 2.86715524e-03,
       1.91143679e-03, 6.37145597e-04, 3.18572798e-04, 6.37145597e-04,
       9.55718395e-04, 1.91143679e-03, 3.18572798e-04, 1.27429119e-03,
       1.27429119e-03, 9.55718395e-04, 3.18572798e-04, 1.59286405e-03,
       6.37145597e-04, 9.55718395e-04, 1.59286405e-03, 6.37145597e-04,
       0., 5.73431049e-03, 9.55718395e-04, 9.55718395e-04,
       6.37145597e-04, 0., 2.86715524e-03, 4.77859192e-03,
       1.91143679e-03, 2.23000953e-03, 1.27429119e-03, 0.,
       3.18572798e-04, 1.59286405e-03, 3.50430072e-03, 6.37145597e-04,
       2.86715524e-03, 3.18572798e-04, 2.54858239e-03, 3.18572798e-04,
       1.59286405e-03, 1.59286405e-03, 3.18572798e-04, 1.59286405e-03,
       3.18572798e-04, 1.59286405e-03, 3.18572798e-04, 6.37145597e-04,
       1.59286405e-03, 3.18572798e-04, 3.18572798e-04, 6.37145597e-04,
       6.37145597e-04, 3.50430072e-03, 3.18572798e-04, 6.37145597e-04,
       6.37145597e-04, 1.27429119e-03, 1.27429119e-03, 9.55718395e-04,
       3.18572798e-04, 3.18572798e-04, 6.37145620e-03, 1.27429119e-03,
       2.23000953e-03, 2.23000953e-03, 9.55718395e-04, 3.18572798e-04,
       3.18572798e-04, 6.37145597e-04, 4.46001906e-03, 6.37145597e-04,
       1.59286405e-03, 1.27429119e-03, 2.23000953e-03, 1.59286405e-03,
       1.27429119e-03, 3.18572798e-04, 2.23000953e-03, 3.18572798e-04,
       6.37145597e-04, 3.18572798e-04, 3.82287358e-03, 9.55718395e-04,
       5.41573763e-03, 6.69002859e-03, 1.91143679e-03, 2.54858239e-03,
       6.37145597e-04, 0., 1.59286405e-03, 9.55718395e-04,
       3.18572798e-04, 3.82287358e-03, 6.37145597e-04, 9.55718395e-04,
       9.55718395e-04, 9.55718395e-04, 6.37145597e-04, 6.37145597e-04,
       6.37145597e-04, 1.27429119e-03, 6.37145597e-04, 6.37145597e-04,
       5.41573763e-03, 9.55718395e-04, 6.37145597e-04, 2.23000953e-03,
       9.55718395e-04, 5.41573763e-03, 6.37145597e-04, 1.27429119e-03,
       1.27429119e-03, 9.55718395e-04, 6.37145597e-04, 3.18572798e-04,
       9.55718395e-04, 2.23000953e-03, 1.59286405e-03, 6.37145597e-04,
       9.55718395e-04, 0., 3.18572810e-03, 1.27429119e-03,
       1.59286405e-03, 3.18572798e-04, 1.59286405e-03, 0.,
       2.54858239e-03, 6.37145597e-04, 9.55718395e-04, 3.18572798e-04,
       9.55718395e-04, 6.37145597e-04, 1.27429119e-03, 3.18572798e-04,
       1.59286405e-03, 1.91143679e-03, 3.18572798e-04, 6.37145597e-04,
       2.86715524e-03, 2.54858239e-03, 3.18572798e-04, 1.91143679e-03,
       3.18572798e-04, 4.14144620e-03, 9.55718395e-04, 1.91143679e-03,
       1.59286405e-03, 9.55718395e-04, 3.18572798e-04, 3.18572798e-04,
       3.18572798e-04, 3.18572798e-04, 3.18572798e-04, 9.55718395e-04,
       6.37145597e-04, 6.37145597e-04, 9.55718395e-04, 3.18572798e-04,
