%YAML:1.0
m50n: !!opencv-matrix
   rows: 1
   cols: 800
   dt: f
   data: [ 0., 1.14613175e-02, 1.71919772e-03, 5.73065889e-04,
       5.73065889e-04, 5.15759317e-03, 1.14613178e-03, 3.43839545e-03,
       1.08882515e-02, 5.73065889e-04, 2.86532938e-03, 5.73065889e-04,
       0., 6.30372483e-03, 0., 8.59598815e-03, 5.73065889e-04, 0.,
       4.58452711e-03, 0., 1.71919772e-03, 1.14613178e-03,
       1.14613178e-03, 5.73065889e-04, 1.71919772e-03, 0.,
       1.71919772e-03, 1.14613178e-03, 5.73065889e-04, 1.71919772e-03,
       4.01146105e-03, 1.71919772e-03, 6.87679090e-03, 5.73065889e-04,
       0., 2.29226355e-03, 1.71919772e-03, 0., 2.86532938e-03,
       1.71919772e-03, 5.73065889e-04, 1.71919772e-03, 0.,
       4.58452711e-03, 0., 5.73065889e-04, 0., 5.73065889e-04, 0.,
       5.73065889e-04, 0., 4.01146105e-03, 2.86532938e-03,
       5.73065889e-04, 0., 6.30372483e-03, 5.73065877e-03, 0.,
       4.58452711e-03, 5.73065889e-04, 5.73065889e-04, 3.43839545e-03,
       1.14613178e-03, 1.71919772e-03, 3.43839545e-03, 1.14613178e-03,
       4.58452711e-03, 2.29226355e-03, 5.73065889e-04, 0.,
       5.15759317e-03, 5.73065889e-04, 0., 2.29226355e-03, 0.,
       5.73065889e-04, 2.29226355e-03, 2.29226355e-03, 4.58452711e-03,
       8.02292209e-03, 1.14613178e-03, 5.73065889e-04, 1.14613178e-03,
       2.86532938e-03, 2.86532938e-03, 2.29226355e-03, 0.,
       8.02292209e-03, 1.71919772e-03, 1.14613178e-03, 1.71919772e-03,
       0., 0., 1.14613178e-03, 5.73065889e-04, 1.71919772e-03,
       3.43839545e-03, 1.71919772e-03, 1.14613178e-03, 5.73065889e-04,
       1.14613178e-03, 1.14613178e-03, 0., 1.71919772e-03,
       2.29226355e-03, 0., 5.73065889e-04, 5.73065889e-04, 0.,
       5.73065889e-04, 5.73065889e-04, 0., 0., 2.29226355e-03,
       1.14613178e-03, 1.14613178e-03, 2.29226355e-03, 3.43839545e-03,
       1.08882515e-02, 2.29226355e-03, 0., 0., 1.14613178e-03,
       2.86532938e-03, 5.73065889e-04, 5.73065889e-04, 0.,
       1.14613178e-03, 5.73065889e-04, 5.73065889e-04, 2.86532938e-03,
       6.87679090e-03, 5.73065889e-04, 2.29226355e-03, 5.73065889e-04,
       0., 0., 0., 1.14613178e-03, 5.73065889e-04, 0., 5.73065889e-04,
       5.73065889e-04, 0., 8.59598815e-03, 0., 0., 1.14613178e-03,
       1.14613178e-03, 1.14613178e-03, 5.73065889e-04, 0.,
       1.71919772e-03, 4.58452711e-03, 0., 1.14613178e-03,
       5.15759317e-03, 4.01146105e-03, 0., 1.71919772e-03,
       5.73065889e-04, 0., 0., 0., 1.14613178e-03, 0., 5.73065889e-04,
       5.73065889e-04, 0., 5.73065889e-04, 5.73065889e-04, 0., 0.,
       5.73065889e-04, 0., 0., 5.73065889e-04, 1.71919772e-03, 0., 0.,
       5.73065889e-04, 1.71919772e-03, 7.44985649e-03, 1.71919772e-03,
       1.14613178e-03, 2.29226355e-03, 2.86532938e-03, 2.86532938e-03,
       1.14613178e-03, 0., 0., 0., 0., 0., 0., 1.71919772e-03,
       1.71919772e-03, 2.86532938e-03, 0., 5.73065889e-04, 0.,
       1.71919772e-03, 5.73065889e-04, 0., 1.14613178e-03,
       1.14613178e-03, 1.14613178e-03, 5.73065889e-04, 0.,
       5.73065889e-04, 0., 0., 2.29226355e-03, 0., 0., 1.14613178e-03,
       2.29226355e-03, 0., 2.29226355e-03, 5.73065889e-04, 0.,
       1.71919772e-03, 3.43839545e-03, 1.71919772e-03, 5.73065889e-04,
       1.14613178e-03, 5.73065889e-04, 0., 0., 1.71919772e-03,
       1.14613178e-03, 0., 0., 0., 1.14613178e-03, 5.73065889e-04,
       5.73065889e-04, 0., 0., 5.73065889e-04, 0., 5.73065889e-04,
       5.73065889e-04, 0., 1.14613178e-03, 6.87679090e-03, 0.,
       1.14613178e-03, 1.71919772e-03, 4.01146105e-03, 0.,
       5.73065889e-04, 0., 1.71919772e-03, 1.14613178e-03,
       2.29226355e-03, 4.01146105e-03, 0., 1.14613178e-03,
       2.29226355e-03, 0., 1.14613178e-03, 3.43839545e-03, 0., 0.,
       5.73065889e-04, 5.15759317e-03, 5.73065889e-04, 1.71919772e-03,
       0., 0., 5.73065889e-04, 1.14613178e-03, 5.73065889e-04,
       5.73065889e-04, 0., 5.73065889e-04, 0., 1.14613178e-03,
       5.73065889e-04, 5.73065889e-04, 5.73065889e-04, 5.73065889e-04,
       5.73065889e-04, 0., 5.73065889e-04, 0., 5.73065889e-04, 0.,
       2.29226355e-03, 1.71919772e-03, 5.73065889e-04, 1.71919772e-03,
       5.73065889e-04, 6.30372483e-03, 3.43839545e-03, 1.71919772e-03,
       5.73065889e-04, 0., 8.02292209e-03, 0., 1.14613178e-03, 0., 0.,
       0., 0., 5.15759317e-03, 1.14613178e-03, 5.73065889e-04,
       1.71919772e-03, 4.58452711e-03, 0., 5.73065889e-04,
       2.86532938e-03, 1.14613178e-03, 0., 1.14613178e-03,
       5.73065889e-04, 2.86532938e-03, 1.71919772e-03, 5.73065889e-04,
       0., 0., 1.14613178e-03, 2.86532938e-03, 1.14613178e-03, 0., 0.,
       0., 0., 1.71919772e-03, 1.71919772e-03, 5.73065889e-04, 0.,
       1.14613178e-03, 2.29226355e-03, 2.86532938e-03, 3.43839545e-03,
       0., 5.73065889e-04, 0., 0., 5.73065889e-04, 5.73065889e-04,
       5.73065889e-04, 0., 5.73065889e-04, 6.87679090e-03,
       1.14613178e-03, 4.01146105e-03, 0., 0., 0., 1.71919772e-03,
       5.73065889e-04, 0., 0., 2.29226355e-03, 0., 5.73065889e-04, 0.,
       0., 1.14613178e-03, 0., 5.73065889e-04, 0., 5.73065889e-04,
       1.71919772e-03, 5.73065889e-04, 1.14613178e-03, 5.73065889e-04,
       1.14613178e-03, 1.71919772e-03, 5.73065889e-04, 2.29226355e-03,
       0., 0., 0., 5.73065889e-04, 1.14613178e-03, 1.14613178e-03,
       2.29226355e-03, 8.02292209e-03, 0., 1.71919772e-03,
       5.73065889e-04, 5.73065889e-04, 1.14613178e-03, 5.73065889e-04,
       5.73065889e-04, 0., 5.73065889e-04, 8.59598815e-03,
       2.29226355e-03, 1.14613178e-03, 1.71919772e-03, 2.29226355e-03,
       1.14613178e-03, 0., 5.15759317e-03, 0., 1.14613178e-03,
       5.73065889e-04, 0., 5.73065889e-04, 5.73065889e-04,
       3.43839545e-03, 1.14613178e-03, 1.71919772e-03, 5.73065889e-04,
       1.71919772e-03, 5.73065889e-04, 2.86532938e-03, 6.30372483e-03,
       0., 0., 0., 0., 5.73065889e-04, 3.43839545e-03, 1.14613178e-03,
       0., 5.73065889e-04, 5.73065889e-04, 5.73065889e-04, 0., 0.,
       5.73065889e-04, 5.73065889e-04, 1.14613178e-03, 5.73065889e-04,
       2.29226355e-03, 1.71919772e-03, 1.71919772e-03, 0.,
       5.15759317e-03, 5.73065889e-04, 1.14613178e-03, 5.73065889e-04,
       0., 5.73065889e-04, 5.73065889e-04, 1.71919772e-03, 0.,
       2.86532938e-03, 2.86532938e-03, 1.71919772e-03, 4.58452711e-03,
       2.86532938e-03, 0., 0., 5.73065889e-04, 1.14613178e-03, 0., 0.,
       1.71919772e-03, 2.29226355e-03, 0., 0., 5.73065877e-03, 0.,
       1.71919772e-03, 1.14613178e-03, 5.73065889e-04, 0.,
       2.29226355e-03, 5.73065889e-04, 5.73065877e-03, 0., 0.,
       1.14613178e-03, 0., 0., 0., 5.73065889e-04, 0., 2.86532938e-03,
       0., 2.86532938e-03, 1.71919772e-03, 3.43839545e-03,
       1.14613178e-03, 0., 5.73065889e-04, 1.14613178e-03, 0., 0.,
       1.14613178e-03, 0., 0., 5.73065889e-04, 0., 5.73065889e-04, 0.,
       5.73065889e-04, 0., 1.14613178e-03, 2.86532938e-03,
       1.14613178e-03, 0., 1.71919772e-03, 0., 5.73065889e-04,
       2.29226355e-03, 2.29226355e-03, 7.44985649e-03, 1.14613178e-03,
       1.71919772e-03, 6.87679090e-03, 1.14613178e-03, 5.73065889e-04,
       2.29226355e-03, 0., 0., 0., 0., 5.73065889e-04, 3.43839545e-03,
       3.43839545e-03, 2.86532938e-03, 0., 5.73065889e-04, 0.,
       5.73065877e-03, 2.86532938e-03, 0., 0., 5.73065877e-03, 0., 0.,
       5.73065889e-04, 5.73065889e-04, 1.71919772e-03, 5.73065889e-04,
       0., 5.73065889e-04, 0., 0., 0., 1.71919772e-03, 0., 0., 0., 0.,
       5.73065889e-04, 0., 0., 0., 0., 0., 0., 3.43839545e-03,
       2.29226355e-03, 1.14613178e-03, 1.71919772e-03, 4.01146105e-03,
       5.73065889e-04, 1.71919772e-03, 5.73065889e-04, 1.14613178e-03,
       1.26074497e-02, 1.71919772e-03, 1.14613178e-03, 1.71919772e-03,
       2.29226355e-03, 1.14613178e-03, 3.43839545e-03, 5.73065889e-04,
       2.86532938e-03, 0., 0., 0., 1.14613178e-03, 5.73065889e-04, 0.,
       2.29226355e-03, 5.73065877e-03, 2.29226355e-03, 1.71919772e-03,
       0., 2.29226355e-03, 0., 0., 2.29226355e-03, 4.58452711e-03, 0.,
