%YAML:1.0
m50n: !!opencv-matrix
   rows: 1
   cols: 800
   dt: f
   data: [ 0., 6.09756098e-04, 0., 0., 6.09756098e-04, 1.21951220e-03,
       1.21951220e-03, 5.48780477e-03, 1.40243899e-02, 3.04878037e-03,
       6.09756098e-04, 1.82926829e-03, 0., 6.09756098e-04,
       1.21951220e-03, 4.26829280e-03, 0., 1.21951220e-03,
       4.26829280e-03, 0., 1.21951220e-03, 1.21951220e-03,
       4.26829280e-03, 6.09756098e-04, 0., 0., 0., 6.09756098e-04,
       2.43902439e-03, 6.09756098e-04, 2.43902439e-03, 6.09756098e-04,
       2.43902439e-03, 1.21951220e-03, 0., 1.21951220e-03,
       1.21951220e-03, 0., 4.26829280e-03, 1.21951220e-03,
       4.87804879e-03, 1.21951220e-03, 0., 4.87804879e-03,
       6.09756098e-04, 0., 1.82926829e-03, 1.21951220e-03,
       1.21951220e-03, 0., 0., 6.70731720e-03, 5.48780477e-03,
       6.09756098e-04, 0., 4.87804879e-03, 7.92682916e-03, 0.,
       1.21951220e-03, 6.09756098e-04, 6.09756098e-04, 5.48780477e-03,
       3.04878037e-03, 1.21951220e-03, 1.82926829e-03, 1.21951220e-03,
       2.43902439e-03, 5.48780477e-03, 0., 1.21951220e-03,
       1.21951220e-03, 1.82926829e-03, 6.09756098e-04, 6.09756098e-04,
       6.09756098e-04, 1.21951220e-03, 1.21951220e-03, 6.09756098e-04,
       1.21951220e-03, 5.48780477e-03, 0., 3.04878037e-03,
       6.09756098e-04, 6.09756098e-04, 5.48780477e-03, 0., 0.,
       3.04878037e-03, 1.21951220e-03, 1.03658540e-02, 1.21951220e-03,
       0., 0., 6.09756098e-04, 0., 0., 1.82926829e-03, 6.09756098e-04,
       0., 6.09756098e-04, 1.21951220e-03, 1.21951220e-03, 0.,
       1.21951220e-03, 4.26829280e-03, 6.09756098e-04, 0., 0., 0.,
       6.09756098e-04, 0., 0., 0., 0., 3.04878037e-03, 1.21951220e-03,
       0., 1.82926829e-03, 1.82926829e-03, 3.65853659e-03,
       1.21951220e-03, 0., 6.09756098e-04, 1.21951220e-03, 0.,
       1.21951220e-03, 6.09756098e-04, 6.09756098e-04, 1.21951220e-03,
       2.43902439e-03, 1.82926829e-03, 4.26829280e-03, 0., 0.,
       6.09756098e-04, 0., 1.21951220e-03, 0., 2.43902439e-03, 0., 0.,
       1.21951220e-03, 6.09756098e-04, 0., 5.48780477e-03,
       6.09756098e-04, 0., 6.09756075e-03, 1.21951220e-03, 0.,
       1.21951220e-03, 6.09756098e-04, 1.21951220e-03, 4.26829280e-03,
       6.09756098e-04, 6.09756098e-04, 2.43902439e-03, 2.43902439e-03,
       1.21951220e-03, 3.04878037e-03, 6.09756098e-04, 6.09756098e-04,
       6.09756098e-04, 0., 6.09756098e-04, 0., 0., 0., 1.82926829e-03,
       1.21951220e-03, 6.09756098e-04, 1.82926829e-03, 0.,
       1.82926829e-03, 1.21951220e-03, 6.09756098e-04, 0.,
       6.09756098e-04, 6.09756098e-04, 1.82926829e-03, 0.,
       6.09756098e-04, 1.21951215e-02, 1.82926829e-03, 0.,
       1.21951220e-03, 1.82926829e-03, 1.21951220e-03, 6.09756098e-04,
       0., 6.09756098e-04, 0., 4.26829280e-03, 0., 1.21951220e-03,
       3.04878037e-03, 2.43902439e-03, 1.21951220e-03, 0.,
       6.09756098e-04, 0., 6.09756098e-04, 0., 6.09756098e-04,
       1.21951220e-03, 1.21951220e-03, 0., 1.21951220e-03,
       1.21951220e-03, 0., 6.09756098e-04, 2.43902439e-03,
       3.65853659e-03, 0., 0., 0., 3.04878037e-03, 0., 1.21951220e-03,
       0., 6.09756098e-04, 3.04878037e-03, 2.43902439e-03,
       1.82926829e-03, 0., 1.21951220e-03, 0., 0., 0., 0.,
       1.21951220e-03, 1.21951220e-03, 1.21951220e-03, 0., 0.,
       6.09756098e-04, 0., 3.65853659e-03, 0., 1.82926829e-03, 0.,
       6.09756098e-04, 0., 0., 0., 5.48780477e-03, 0., 0., 0., 0.,
       6.09756098e-04, 1.21951220e-03, 0., 1.21951220e-03, 0.,
       1.82926829e-03, 0., 1.21951220e-03, 2.43902439e-03, 0.,
       6.09756098e-04, 0., 1.21951220e-03, 0., 0., 0., 7.31707318e-03,
       0., 6.09756098e-04, 0., 6.09756098e-04, 6.09756098e-04,
       6.09756098e-04, 6.09756098e-04, 6.09756098e-04, 6.09756098e-04,
       0., 6.09756098e-04, 1.21951220e-03, 6.09756098e-04,
       1.21951220e-03, 0., 6.09756098e-04, 4.26829280e-03,
       1.21951220e-03, 6.09756098e-04, 5.48780477e-03, 6.09756098e-04,
       6.09756098e-04, 1.21951220e-03, 3.65853659e-03, 0.,
       1.82926829e-03, 0., 1.64634138e-02, 3.04878037e-03,
       3.04878037e-03, 0., 0., 4.26829280e-03, 6.09756098e-04,
       6.09756098e-04, 0., 0., 6.09756098e-04, 0., 0., 3.04878037e-03,
       5.48780477e-03, 0., 1.21951220e-03, 0., 0., 6.09756098e-04, 0.,
       0., 1.21951220e-03, 2.43902439e-03, 1.21951220e-03, 0.,
       6.09756098e-04, 6.09756098e-04, 0., 0., 1.82926829e-03,
       2.43902439e-03, 0., 3.04878037e-03, 6.09756098e-04, 0.,
       1.21951220e-03, 1.82926829e-03, 0., 0., 1.82926829e-03,
       6.09756098e-04, 1.21951220e-03, 1.82926829e-03, 0.,
       1.21951220e-03, 0., 6.09756098e-04, 0., 0., 6.09756098e-04, 0.,
       0., 1.82926829e-03, 0., 1.21951220e-03, 6.09756098e-04,
       6.09756098e-04, 0., 1.21951220e-03, 1.21951220e-03, 0., 0.,
       6.09756098e-04, 6.09756098e-04, 6.09756098e-04, 0.,
       6.09756098e-04, 1.82926829e-03, 1.82926829e-03, 0., 0.,
       6.09756098e-04, 3.04878037e-03, 0., 3.04878037e-03,
       1.82926829e-03, 0., 1.82926829e-03, 1.21951220e-03,
       6.09756098e-04, 0., 1.21951220e-03, 1.21951220e-03, 0., 0.,
       6.09756098e-04, 6.09756098e-04, 3.65853659e-03, 6.09756098e-04,
       0., 3.04878037e-03, 6.09756098e-04, 0., 6.09756098e-04,
       6.09756098e-04, 0., 6.09756098e-04, 1.28048779e-02, 0., 0.,
       6.09756098e-04, 2.43902439e-03, 0., 0., 0., 0., 6.09756098e-04,
       6.09756098e-04, 6.09756098e-04, 6.09756098e-04, 6.09756098e-04,
       6.09756098e-04, 1.82926829e-03, 6.09756098e-04, 0.,
       6.09756075e-03, 6.09756098e-04, 1.21951220e-03, 3.65853659e-03,
       0., 0., 0., 6.09756098e-04, 0., 6.09756098e-04, 0.,
       1.21951220e-03, 6.09756098e-04, 0., 6.09756098e-04,
       1.21951220e-03, 1.82926829e-03, 6.09756098e-04, 1.82926829e-03,
       0., 6.09756075e-03, 0., 3.04878037e-03, 6.09756098e-04, 0.,
       7.92682916e-03, 6.09756098e-04, 6.09756098e-04, 0.,
       1.21951220e-03, 6.09756098e-04, 0., 4.26829280e-03,
       1.21951220e-03, 6.09756098e-04, 1.21951220e-03, 3.04878037e-03,
       6.09756098e-04, 0., 2.43902439e-03, 2.43902439e-03, 0.,
       4.87804879e-03, 6.09756098e-04, 0., 0., 2.43902439e-03,
       1.21951220e-03, 1.21951220e-03, 3.04878037e-03, 6.09756098e-04,
       6.09756098e-04, 1.21951220e-03, 0., 0., 1.21951220e-03,
       1.21951220e-03, 6.09756075e-03, 6.09756098e-04, 6.09756098e-04,
       2.43902439e-03, 0., 0., 6.09756098e-04, 0., 6.09756098e-04,
       3.04878037e-03, 0., 1.21951220e-03, 1.21951220e-03,
       2.43902439e-03, 0., 0., 1.21951220e-03, 3.04878037e-03,
       6.09756098e-04, 4.26829280e-03, 1.21951220e-03, 0.,
       1.82926829e-03, 4.87804879e-03, 0., 1.21951220e-03,
       6.09756098e-04, 1.21951220e-03, 0., 0., 3.04878037e-03, 0., 0.,
       1.21951220e-03, 0., 0., 4.26829280e-03, 1.21951220e-03,
       1.03658540e-02, 6.09756098e-04, 1.21951220e-03, 3.04878037e-03,
       2.43902439e-03, 6.09756098e-04, 3.04878037e-03, 6.09756098e-04,
       0., 0., 0., 0., 4.87804879e-03, 1.21951220e-03, 3.04878037e-03,
       0., 3.04878037e-03, 0., 4.26829280e-03, 1.21951220e-03,
       1.21951220e-03, 0., 1.82926829e-03, 1.21951220e-03,
       3.04878037e-03, 0., 6.09756098e-04, 0., 0., 0., 6.09756098e-04,
       1.21951220e-03, 0., 0., 4.26829280e-03, 6.09756098e-04,
       6.09756098e-04, 1.21951220e-03, 6.09756098e-04, 2.43902439e-03,
       0., 6.09756098e-04, 0., 6.09756098e-04, 6.09756098e-04, 0.,
       1.82926829e-03, 1.82926829e-03, 6.09756098e-04, 1.46341464e-02,
       1.21951220e-03, 1.21951220e-03, 0., 3.04878037e-03,
       6.09756098e-04, 4.26829280e-03, 6.09756098e-04, 6.09756098e-04,
       0., 1.21951220e-03, 0., 1.21951220e-03, 1.21951220e-03,
       6.09756098e-04, 1.21951220e-03, 0., 1.21951220e-03, 0.,
       6.09756098e-04, 0., 1.82926829e-03, 2.43902439e-03,
       1.21951220e-03, 1.21951220e-03, 1.82926829e-03, 1.82926829e-03,
       0., 0., 6.09756098e-04, 2.43902439e-03, 0., 6.09756098e-04, 0.,
       0., 0., 6.09756098e-04, 3.04878037e-03, 4.26829280e-03,
