%YAML:1.0
m50n: !!opencv-matrix
   rows: 1
   cols: 800
   dt: f
   data: [ 1.37362641e-03, 1.03021984e-03, 2.06043967e-03,
       6.86813204e-04, 1.37362641e-03, 1.03021984e-03, 1.03021984e-03,
       0., 6.86813204e-04, 1.03021984e-03, 6.86813204e-04,
       2.06043967e-03, 1.71703298e-03, 1.03021984e-03, 6.86813204e-04,
       1.37362641e-03, 0., 3.43406602e-04, 1.71703298e-03,
       6.86813204e-04, 6.86813204e-04, 0., 6.86813204e-04,
       2.06043967e-03, 4.80769249e-03, 3.43406602e-04, 6.86813204e-04,
       6.86813204e-04, 3.43406602e-04, 6.86813204e-04, 1.03021984e-03,
       2.40384624e-03, 1.37362641e-03, 3.43406602e-04, 0.,
       1.37362641e-03, 2.40384624e-03, 6.86813204e-04, 6.86813204e-04,
       6.86813204e-04, 1.71703298e-03, 1.71703298e-03, 6.86813204e-04,
       3.09065939e-03, 3.77747254e-03, 3.43406602e-04, 2.06043967e-03,
       1.71703298e-03, 6.86813204e-04, 1.03021984e-03, 1.03021984e-03,
       1.71703298e-03, 1.03021984e-03, 2.74725282e-03, 0.,
       6.86813204e-04, 4.80769249e-03, 6.86813204e-04, 2.40384624e-03,
       3.43406602e-04, 1.71703298e-03, 3.77747254e-03, 4.46428591e-03,
       1.03021984e-03, 1.37362641e-03, 0., 1.03021984e-03,
       2.06043967e-03, 6.86813204e-04, 6.86813204e-04, 2.40384624e-03,
       6.86813204e-04, 1.03021984e-03, 6.86813204e-04, 3.77747254e-03,
       0., 1.03021984e-03, 3.43406602e-04, 1.37362641e-03,
       6.86813204e-04, 3.43406602e-04, 3.43406602e-04, 3.43406602e-04,
       1.37362641e-03, 2.06043967e-03, 3.77747254e-03, 6.86813204e-04,
       2.06043967e-03, 1.71703298e-03, 2.40384624e-03, 1.71703298e-03,
       6.86813204e-04, 0., 6.86813204e-04, 3.43406602e-04,
       2.40384624e-03, 1.37362641e-03, 3.43406602e-04, 1.03021984e-03,
       6.18131878e-03, 1.71703298e-03, 1.03021984e-03, 2.06043967e-03,
       1.71703298e-03, 1.03021984e-03, 1.03021984e-03, 1.71703298e-03,
       6.86813204e-04, 2.40384624e-03, 1.71703298e-03, 1.71703298e-03,
       3.43406602e-04, 6.86813204e-04, 2.06043967e-03, 0.,
       1.37362641e-03, 6.86813204e-04, 1.03021984e-03, 2.06043967e-03,
       3.43406602e-04, 3.43406602e-04, 1.03021984e-03, 3.43406602e-04,
       6.86813204e-04, 3.43406602e-04, 2.06043967e-03, 6.86813204e-04,
       1.03021984e-03, 1.03021984e-03, 1.03021984e-03, 1.71703298e-03,
       7.21153850e-03, 1.71703298e-03, 1.03021984e-03, 1.37362641e-03,
       5.83791221e-03, 3.43406602e-04, 6.86813204e-04, 1.03021984e-03,
       3.43406602e-04, 0., 2.06043967e-03, 3.43406602e-04,
       1.03021984e-03, 6.86813204e-04, 2.06043967e-03, 0.,
       3.43406596e-03, 1.03021984e-03, 2.40384624e-03, 3.43406602e-04,
       3.77747254e-03, 2.40384624e-03, 1.71703298e-03, 0., 0., 0.,
       3.43406602e-04, 3.43406602e-04, 1.71703298e-03, 0.,
       6.86813204e-04, 6.86813204e-04, 1.03021984e-03, 1.37362641e-03,
       3.43406602e-04, 6.86813204e-04, 2.06043967e-03, 1.03021984e-03,
       3.43406602e-04, 6.86813204e-04, 3.43406602e-04, 6.86813204e-04,
       1.03021984e-03, 0., 1.37362641e-03, 1.71703298e-03,
       3.77747254e-03, 1.37362641e-03, 2.40384624e-03, 5.49450563e-03,
       6.86813204e-04, 0., 3.43406602e-04, 0., 1.03021984e-03,
       6.86813204e-04, 6.86813204e-04, 0., 2.40384624e-03,
       6.86813204e-04, 2.74725282e-03, 3.09065939e-03, 3.43406602e-04,
       6.86813204e-04, 3.43406602e-04, 0., 1.03021984e-03,
       1.03021984e-03, 3.43406602e-04, 6.86813204e-04, 1.71703298e-03,
       1.37362641e-03, 1.09890113e-02, 1.37362641e-03, 1.37362641e-03,
       0., 3.43406602e-04, 2.06043967e-03, 3.43406596e-03,
       1.71703298e-03, 6.86813204e-04, 1.37362641e-03, 6.86813204e-04,
       4.80769249e-03, 6.86813204e-04, 6.86813204e-04, 2.40384624e-03,
       1.03021984e-03, 1.37362641e-03, 3.43406602e-04, 3.09065939e-03,
       6.86813204e-04, 0., 1.03021984e-03, 6.86813204e-04,
       6.86813204e-04, 1.71703298e-03, 3.77747254e-03, 1.71703298e-03,
       3.43406602e-04, 3.09065939e-03, 6.86813204e-04, 2.06043967e-03,
       6.86813204e-04, 1.37362641e-03, 3.43406596e-03, 3.43406602e-04,
       1.37362641e-03, 3.43406602e-04, 3.43406602e-04, 6.86813204e-04,
       6.86813204e-04, 3.09065939e-03, 1.03021984e-03, 1.03021984e-03,
       5.49450563e-03, 3.43406602e-04, 3.09065939e-03, 6.86813204e-04,
       1.37362641e-03, 3.43406602e-04, 1.37362641e-03, 1.37362641e-03,
       0., 0., 6.86813204e-04, 3.43406602e-04, 6.86813204e-04,
       1.03021984e-03, 6.86813204e-04, 1.03021984e-03, 1.03021984e-03,
       2.74725282e-03, 1.03021984e-03, 6.86813204e-04, 6.86813204e-04,
       4.46428591e-03, 1.03021984e-03, 1.71703298e-03, 3.77747254e-03,
       6.86813204e-04, 0., 3.43406602e-04, 1.71703298e-03,
       2.74725282e-03, 1.71703298e-03, 5.15109906e-03, 2.06043967e-03,
       2.06043967e-03, 3.77747254e-03, 2.40384624e-03, 1.03021984e-03,
       1.71703298e-03, 3.43406602e-04, 1.71703298e-03, 2.40384624e-03,
       0., 1.37362641e-03, 6.86813204e-04, 3.43406602e-04,
       3.43406602e-04, 6.86813204e-04, 1.37362641e-03, 1.03021984e-03,
       3.43406602e-04, 3.43406602e-04, 3.43406602e-04, 3.43406602e-04,
       3.43406602e-04, 1.71703298e-03, 3.43406602e-04, 1.37362641e-03,
       0., 2.40384624e-03, 0., 6.86813204e-04, 6.86813204e-04,
       6.86813204e-04, 2.40384624e-03, 6.86813204e-04, 1.03021984e-03,
       3.43406602e-04, 2.40384624e-03, 2.40384624e-03, 1.71703298e-03,
       6.86813204e-04, 1.37362641e-03, 6.86813204e-04, 6.86813204e-04,
       2.74725282e-03, 0., 6.86813204e-04, 6.86813204e-04,
       2.40384624e-03, 6.86813204e-04, 6.86813204e-04, 3.77747254e-03,
       1.71703298e-03, 3.43406602e-04, 3.43406602e-04, 6.86813204e-04,
       2.40384624e-03, 3.77747254e-03, 1.37362641e-03, 7.55494507e-03,
       3.43406602e-04, 6.86813204e-04, 6.86813204e-04, 0.,
       2.06043967e-03, 6.86813204e-04, 2.40384624e-03, 1.71703298e-03,
       2.74725282e-03, 0., 3.43406602e-04, 1.03021984e-03, 0.,
       7.21153850e-03, 0., 6.86813204e-04, 0., 6.86813204e-04,
       3.43406596e-03, 3.43406602e-04, 0., 3.43406602e-04,
       3.43406602e-04, 7.21153850e-03, 1.37362641e-03, 1.71703298e-03,
       3.43406602e-04, 1.37362641e-03, 2.74725282e-03, 3.43406602e-04,
       6.86813204e-04, 0., 1.06456047e-02, 6.86813204e-04,
       2.06043967e-03, 1.03021984e-03, 3.43406602e-04, 1.03021984e-03,
       6.86813204e-04, 6.86813204e-04, 1.71703298e-03, 1.37362641e-03,
       3.09065939e-03, 0., 3.09065939e-03, 1.71703298e-03,
       6.86813204e-04, 6.86813204e-04, 1.71703298e-03, 3.43406602e-04,
       0., 1.37362641e-03, 3.09065939e-03, 2.40384624e-03,
       3.77747254e-03, 5.49450563e-03, 1.03021984e-03, 3.43406596e-03,
       2.40384624e-03, 0., 3.43406596e-03, 1.71703298e-03, 0.,
       1.03021984e-03, 6.86813204e-04, 1.37362641e-03, 3.43406602e-04,
       1.03021984e-03, 6.86813204e-04, 0., 1.37362641e-03,
       1.71703298e-03, 1.37362641e-03, 1.03021984e-03, 1.71703298e-03,
       2.06043967e-03, 2.74725282e-03, 3.43406602e-04, 6.86813204e-04,
       8.24175868e-03, 0., 6.86813204e-04, 1.03021984e-03, 0.,
       2.40384624e-03, 0., 1.03021984e-03, 2.06043967e-03,
       2.74725282e-03, 3.43406602e-04, 1.37362641e-03, 0.,
       1.37362641e-03, 1.37362641e-03, 1.03021984e-03, 3.43406602e-04,
       0., 6.86813204e-04, 1.03021984e-03, 1.03021984e-03,
       3.43406602e-04, 3.43406602e-04, 6.86813204e-04, 3.09065939e-03,
       1.03021984e-03, 0., 1.03021984e-03, 4.80769249e-03,
       3.43406602e-04, 1.37362641e-03, 4.80769249e-03, 0.,
       1.71703298e-03, 2.06043967e-03, 6.86813204e-04, 1.71703298e-03,
       1.37362641e-03, 3.43406602e-04, 1.71703298e-03, 2.06043967e-03,
       6.86813204e-04, 6.86813204e-04, 1.71703298e-03, 6.86813204e-04,
       0., 1.03021984e-03, 1.37362641e-03, 0., 3.43406602e-04, 0.,
       1.71703298e-03, 0., 1.37362641e-03, 2.74725282e-03,
       1.71703298e-03, 3.43406602e-04, 0., 1.37362641e-03,
       3.43406602e-04, 1.71703298e-03, 0., 3.43406602e-04,
       4.80769249e-03, 1.03021984e-03, 1.37362641e-03, 1.03021984e-03,
