%YAML:1.0
m50n: !!opencv-matrix
   rows: 1
   cols: 800
   dt: f
   data: [ 6.32111274e-04, 6.32111274e-04, 6.32111274e-04,
       6.32111274e-04, 0., 0., 0., 1.89633388e-03, 4.55120131e-02,
       3.16055631e-03, 1.89633388e-03, 0., 0., 0., 6.32111274e-04,
       8.84955749e-03, 6.32111274e-04, 6.32111274e-04, 7.58533552e-03,
       0., 1.26422255e-03, 1.89633388e-03, 6.32111274e-04, 0.,
       6.32111274e-04, 0., 1.26422255e-03, 6.32111274e-04,
       6.32111274e-04, 3.16055631e-03, 3.79266776e-03, 6.32111274e-04,
       6.32111274e-04, 0., 1.26422255e-03, 2.52844510e-03,
       1.26422255e-03, 6.32111274e-04, 0., 0., 0., 0., 6.32111274e-04,
       0., 0., 6.32111274e-04, 2.52844510e-03, 1.26422255e-03, 0., 0.,
       6.32111274e-04, 0., 4.42477874e-03, 0., 6.32111274e-04, 0.,
       3.79266776e-03, 6.32111274e-04, 0., 6.32111274e-04,
       6.32111274e-04, 6.32111274e-04, 0., 1.26422255e-03, 0., 0.,
       3.16055631e-03, 1.89633388e-03, 6.32111274e-04, 0., 0., 0.,
       6.32111274e-04, 0., 1.26422255e-03, 1.89633388e-03,
       6.32111274e-04, 6.32111274e-04, 2.52844510e-03, 0.,
       6.32111274e-04, 0., 3.79266776e-03, 1.89633388e-03,
       1.32743372e-02, 1.26422255e-03, 2.52844510e-03, 1.26422255e-03,
       0., 8.21744651e-03, 0., 0., 0., 6.32111274e-04, 0.,
       6.32111274e-04, 2.52844510e-03, 0., 1.26422255e-03, 0.,
       1.89633388e-03, 0., 0., 1.26422255e-03, 1.39064481e-02, 0.,
       1.26422255e-03, 6.32111274e-04, 6.32111274e-04, 0.,
       6.32111274e-04, 6.32111274e-04, 0., 0., 0., 0., 6.32111274e-04,
       6.32111274e-04, 3.79266776e-03, 5.68900164e-03, 0.,
       1.26422255e-03, 0., 1.26422255e-03, 0., 1.89633388e-03, 0.,
       3.79266776e-03, 1.89633388e-03, 6.32111274e-04, 2.52844510e-03,
       8.21744651e-03, 0., 6.32111274e-04, 6.32111274e-04,
       6.32111274e-04, 0., 0., 0., 0., 0., 0., 1.26422255e-03, 0.,
       8.21744651e-03, 6.32111274e-04, 0., 1.26422255e-03,
       1.26422255e-03, 0., 6.32111274e-04, 1.89633388e-03,
       4.42477874e-03, 1.89633388e-03, 0., 0., 0., 3.79266776e-03, 0.,
       6.32111274e-04, 3.16055631e-03, 0., 6.32111274e-04,
       1.26422255e-03, 6.32111274e-04, 0., 0., 1.89633388e-03,
       6.32111274e-04, 6.32111274e-04, 1.89633388e-03, 0.,
       2.52844510e-03, 1.26422255e-03, 0., 1.89633388e-03, 0.,
       6.32111274e-04, 4.42477874e-03, 1.89633388e-03, 1.26422255e-03,
       1.89633388e-03, 1.76991150e-02, 8.21744651e-03, 0., 0.,
       1.26422255e-03, 3.16055631e-03, 0., 0., 1.26422255e-03, 0., 0.,
       0., 0., 0., 0., 2.52844510e-03, 6.32111274e-04, 0., 0., 0.,
       1.89633388e-03, 6.32111274e-04, 1.26422255e-03, 0., 0.,
       1.26422255e-03, 2.52844510e-03, 0., 0., 6.32111274e-04, 0., 0.,
       0., 0., 1.45385591e-02, 6.32111274e-04, 1.26422255e-03, 0., 0.,
       4.42477874e-03, 6.32111274e-04, 1.26422255e-03, 0., 0., 0., 0.,
       1.89633388e-03, 2.52844510e-03, 1.89633388e-03, 0.,
       1.26422255e-03, 6.32111274e-04, 0., 0., 6.32111274e-04, 0., 0.,
       0., 0., 0., 5.05689019e-03, 0., 0., 1.26422255e-03,
       6.32111274e-04, 0., 3.16055631e-03, 1.89633388e-03, 0., 0.,
       6.32111274e-04, 0., 6.32111274e-04, 1.26422255e-03,
       1.26422255e-03, 1.89633388e-03, 1.26422255e-03, 1.26422255e-03,
       0., 2.52844510e-03, 2.52844510e-03, 6.32111274e-04, 0.,
       5.05689019e-03, 3.16055631e-03, 0., 0., 0., 6.32111274e-04,
       6.32111274e-04, 0., 1.26422255e-03, 1.26422255e-03, 0., 0., 0.,
       1.26422255e-03, 6.32111274e-04, 1.89633388e-03, 0., 0., 0.,
       2.52844510e-03, 0., 6.32111274e-04, 3.16055631e-03, 0.,
       6.32111274e-04, 0., 6.32111274e-04, 1.89633388e-03,
       3.16055631e-03, 1.26422253e-02, 2.52844510e-03, 1.26422255e-03,
       6.32111274e-04, 6.32111274e-04, 1.01137804e-02, 6.32111274e-04,
       0., 0., 6.32111274e-04, 0., 1.26422255e-03, 2.52844510e-03,
       1.26422255e-03, 6.32111274e-04, 1.26422255e-03, 6.32111263e-03,
       0., 6.32111274e-04, 3.16055631e-03, 1.26422255e-03,
       1.26422255e-03, 1.26422255e-03, 6.32111274e-04, 0.,
       1.26422255e-03, 1.89633388e-03, 6.32111274e-04, 0., 0.,
       6.32111263e-03, 5.05689019e-03, 6.32111274e-04, 1.26422255e-03,
       0., 6.32111274e-04, 0., 2.52844510e-03, 6.32111274e-04, 0., 0.,
       0., 1.89633388e-03, 6.32111274e-04, 0., 1.89633388e-03, 0., 0.,
       0., 0., 0., 0., 0., 1.26422255e-03, 0., 1.89633388e-03,
       6.32111274e-04, 0., 0., 0., 1.89633388e-03, 0., 1.26422255e-03,
       1.89633388e-03, 6.32111274e-04, 3.79266776e-03, 0.,
       1.89633388e-03, 1.26422255e-03, 0., 0., 0., 0., 1.26422255e-03,
       0., 0., 6.32111274e-04, 2.52844510e-03, 2.52844510e-03, 0.,
       6.32111274e-04, 0., 6.32111274e-04, 3.16055631e-03, 0., 0., 0.,
       0., 1.26422253e-02, 0., 0., 0., 0., 1.26422255e-03,
       1.89633388e-03, 0., 1.89633388e-03, 1.89633388e-03,
       9.48166940e-03, 1.89633388e-03, 6.32111274e-04, 0.,
       3.16055631e-03, 1.26422255e-03, 0., 1.89633388e-03,
       2.52844510e-03, 0., 1.89633388e-03, 6.32111274e-04,
       6.32111274e-04, 6.32111274e-04, 6.32111274e-04, 1.26422255e-03,
       6.32111274e-04, 0., 0., 6.32111274e-04, 0., 1.26422255e-03,
       3.16055631e-03, 0., 1.26422255e-03, 6.32111274e-04,
       6.32111274e-04, 6.32111274e-04, 1.26422255e-03, 0.,
       6.32111274e-04, 0., 0., 1.26422255e-03, 1.26422255e-03, 0.,
       6.32111274e-04, 6.32111274e-04, 1.89633388e-03, 2.52844510e-03,
       0., 3.16055631e-03, 0., 3.79266776e-03, 6.32111274e-04, 0., 0.,
       1.26422255e-03, 0., 6.32111274e-04, 1.89633388e-03,
       1.89633388e-03, 1.89633388e-03, 1.26422255e-03, 0.,
       3.79266776e-03, 1.89633388e-03, 2.52844510e-03, 1.89633388e-03,
       1.89633388e-03, 3.79266776e-03, 2.52844510e-03, 0.,
       4.42477874e-03, 4.42477874e-03, 6.32111274e-04, 0.,
       2.02275608e-02, 0., 0., 1.26422255e-03, 6.32111274e-04,
       1.26422255e-03, 5.05689019e-03, 6.32111274e-04, 1.89633388e-03,
       1.26422255e-03, 0., 1.26422255e-03, 0., 0., 0., 6.32111274e-04,
       6.32111274e-04, 1.89633388e-03, 0., 0., 3.79266776e-03,
       1.89633388e-03, 0., 0., 1.26422255e-03, 0., 1.89633388e-03,
       3.79266776e-03, 6.32111274e-04, 0., 1.26422255e-03,
       1.26422255e-03, 0., 1.26422255e-03, 0., 6.32111274e-04,
       6.32111274e-04, 1.89633388e-03, 1.89633388e-03, 0., 0.,
       6.32111274e-04, 1.26422255e-03, 1.89633388e-03, 8.21744651e-03,
       1.26422255e-03, 1.26422255e-03, 0., 1.26422255e-03,
       3.16055631e-03, 6.95322407e-03, 0., 6.32111274e-04, 0.,
       6.32111274e-04, 2.52844510e-03, 1.26422255e-03, 6.32111274e-04,
       6.32111274e-04, 1.26422255e-03, 0., 6.32111274e-04, 0., 0.,
       1.26422255e-03, 1.26422255e-03, 6.32111274e-04, 0.,
       6.32111274e-04, 6.32111274e-04, 6.32111274e-04, 0., 0., 0.,
       1.26422255e-03, 0., 1.89633388e-03, 1.26422255e-03, 0.,
       1.26422255e-03, 1.89633388e-03, 6.32111274e-04, 6.32111274e-04,
       0., 1.26422255e-03, 0., 0., 0., 0., 0., 0., 1.89633388e-03,
       3.79266776e-03, 0., 0., 1.26422253e-02, 0., 1.26422255e-03, 0.,
       1.89633388e-03, 0., 6.32111274e-04, 1.26422255e-03,
       1.26422255e-03, 1.26422255e-03, 1.89633388e-03, 6.32111274e-04,
       6.32111274e-04, 6.32111274e-04, 1.26422255e-03, 1.26422255e-03,
       0., 6.32111274e-04, 0., 0., 0., 0., 1.26422253e-02,
       6.32111274e-04, 2.52844510e-03, 6.32111274e-04, 0., 0., 0.,
       6.32111274e-04, 8.21744651e-03, 6.32111274e-04, 6.32111274e-04,
       6.32111274e-04, 0., 6.32111274e-04, 0., 6.32111274e-04,
       6.32111274e-04, 1.26422255e-03, 6.32111274e-04, 1.26422255e-03,
       6.32111274e-04, 6.32111274e-04, 6.32111274e-04, 5.68900164e-03,
       1.89633388e-03, 0., 1.26422255e-03, 0., 1.26422255e-03, 0.,
       4.42477874e-03, 6.32111274e-04, 0., 0., 0., 1.26422255e-03,
       6.32111274e-04, 0., 0., 0., 2.52844510e-03, 0., 0.,
       6.32111274e-04, 1.26422255e-03, 0., 6.32111274e-04, 0.,
       6.32111274e-04, 0., 0., 0., 0., 1.26422255e-03, 1.26422255e-03,
