%YAML:1.0
m50n: !!opencv-matrix
   rows: 1
   cols: 800
   dt: f
   data: [ 1.44508667e-03, 1.80635834e-03, 3.61271668e-04,
       2.16763001e-03, 3.61271668e-04, 2.52890168e-03, 1.08381500e-03,
       3.61271668e-04, 3.61271668e-04, 3.61271668e-04, 2.52890168e-03,
       7.22543336e-04, 3.61271668e-04, 7.22543336e-04, 1.44508667e-03,
       1.44508667e-03, 7.22543336e-04, 1.44508667e-03, 3.61271668e-04,
       1.08381500e-03, 3.61271668e-04, 1.08381500e-03, 0.,
       7.22543336e-04, 2.09537558e-02, 3.25144501e-03, 3.61271668e-04,
       3.61271668e-04, 7.22543336e-04, 3.61271668e-04, 7.22543336e-04,
       1.08381500e-03, 7.22543336e-04, 0., 7.22543336e-04,
       7.22543336e-04, 7.22543336e-04, 0., 1.08381500e-03,
       1.80635834e-03, 0., 2.89017335e-03, 3.61271668e-04,
       2.16763001e-03, 3.61271668e-04, 3.61271668e-04, 0.,
       8.30924883e-03, 1.80635834e-03, 1.44508667e-03, 7.22543336e-04,
       7.22543336e-04, 1.44508667e-03, 1.44508667e-03, 3.61271668e-04,
       1.44508667e-03, 2.52890168e-03, 7.22543336e-04, 3.61271668e-04,
       2.52890168e-03, 1.44508667e-03, 7.22543336e-04, 1.80635834e-03,
       3.61271668e-04, 1.44508667e-03, 3.61271668e-04, 0.,
       7.22543336e-04, 7.22543336e-04, 2.89017335e-03, 1.80635834e-03,
       1.44508667e-03, 1.80635834e-03, 3.61271668e-04, 1.44508667e-03,
       0., 1.44508667e-03, 7.22543336e-04, 7.22543336e-04, 0.,
       1.08381500e-03, 3.61271668e-04, 3.61271668e-04, 7.22543336e-04,
       3.61271668e-04, 3.61271668e-03, 7.22543336e-04, 1.44508667e-03,
       1.08381500e-03, 4.69653169e-03, 1.44508667e-03, 3.61271668e-04,
       1.44508667e-03, 1.08381500e-03, 7.22543336e-04, 3.61271668e-04,
       7.22543336e-04, 7.22543336e-04, 7.22543336e-04, 7.22543336e-04,
       7.22543336e-04, 7.22543336e-04, 2.16763001e-03, 1.44508667e-03,
       2.16763001e-03, 3.61271668e-04, 7.22543336e-04, 0.,
       7.22543336e-04, 0., 7.22543336e-04, 1.08381500e-03,
       1.44508667e-03, 7.22543336e-04, 7.22543336e-04, 3.61271668e-04,
       0., 1.44508667e-03, 4.33526002e-03, 3.97398835e-03,
       3.61271668e-04, 0., 1.08381500e-03, 1.80635834e-03,
       2.16763001e-03, 3.97398835e-03, 1.08381500e-03, 1.08381500e-03,
       3.61271668e-04, 1.08381500e-03, 2.16763001e-03, 7.22543336e-04,
       7.22543336e-04, 1.08381500e-03, 1.44508667e-03, 1.48121379e-02,
       3.61271668e-04, 0., 1.08381500e-03, 3.61271668e-04,
       7.22543336e-04, 2.16763001e-03, 0., 3.61271668e-04,
       2.16763001e-03, 3.61271668e-04, 1.08381500e-03, 2.52890168e-03,
       2.16763001e-03, 0., 3.61271668e-04, 2.16763001e-03,
       3.61271668e-04, 7.22543336e-04, 1.08381500e-03, 3.61271668e-04,
       3.61271668e-04, 0., 0., 7.22543336e-04, 3.61271668e-04,
       2.52890168e-03, 3.61271668e-04, 1.44508667e-03, 7.22543336e-04,
       3.61271668e-04, 1.08381500e-03, 0., 0., 7.22543336e-04,
       3.61271668e-04, 1.80635834e-03, 0., 1.44508667e-03,
       7.22543336e-04, 3.61271668e-04, 7.22543336e-04, 1.58959534e-02,
       1.08381500e-03, 3.61271668e-04, 1.08381500e-03, 7.22543336e-04,
       3.61271668e-04, 0., 1.08381500e-03, 7.22543336e-04,
       7.22543336e-04, 7.22543336e-04, 1.08381500e-03, 1.08381500e-03,
       7.22543336e-04, 3.61271668e-03, 2.52890168e-03, 1.44508667e-03,
       0., 1.08381500e-03, 1.08381500e-03, 3.61271668e-04,
       7.22543336e-04, 3.61271668e-04, 7.22543336e-04, 1.08381500e-03,
       1.08381500e-03, 2.78179180e-02, 0., 1.08381500e-03,
       1.44508667e-03, 3.61271668e-04, 2.89017335e-03, 2.16763001e-03,
       1.44508667e-03, 7.22543336e-04, 2.16763001e-03, 7.22543336e-04,
       3.25144501e-03, 0., 7.22543336e-04, 3.61271668e-03,
       7.22543336e-04, 1.44508667e-03, 3.61271668e-04, 1.08381500e-03,
       3.61271668e-04, 0., 7.22543336e-04, 1.44508667e-03,
       1.08381500e-03, 1.44508667e-03, 2.16763001e-03, 6.50289003e-03,
       7.22543336e-04, 1.80635834e-03, 1.80635834e-03, 1.44508667e-03,
       2.52890168e-03, 0., 3.25144501e-03, 7.22543336e-04, 0.,
       1.08381500e-03, 7.22543336e-04, 1.08381500e-03, 1.44508667e-03,
       7.94797670e-03, 0., 1.08381500e-03, 6.86416170e-03,
       1.44508667e-03, 1.80635834e-03, 7.22543336e-04, 1.44508667e-03,
       2.16763001e-03, 3.61271668e-04, 7.22543336e-03, 3.61271668e-04,
       7.22543336e-04, 7.22543336e-04, 0., 7.22543336e-04,
       1.80635834e-03, 1.80635834e-03, 1.80635834e-03, 1.44508667e-03,
       7.22543336e-04, 1.08381500e-03, 7.22543336e-04, 5.05780336e-03,
       3.61271668e-03, 3.61271668e-04, 7.22543336e-04, 3.61271668e-03,
       0., 3.61271668e-04, 3.61271668e-04, 1.08381500e-03,
       1.44508667e-03, 3.61271668e-04, 9.39306337e-03, 7.22543336e-04,
       7.22543336e-04, 1.08381500e-03, 1.44508667e-03, 1.08381500e-03,
       1.08381500e-03, 3.61271668e-04, 7.22543336e-04, 7.22543336e-04,
       0., 1.08381500e-03, 3.61271668e-04, 2.52890168e-03,
       3.61271668e-04, 7.22543336e-04, 1.08381500e-03, 2.16763001e-03,
       1.44508667e-03, 3.61271668e-04, 1.44508667e-03, 7.22543336e-04,
       2.89017335e-03, 3.61271668e-04, 3.61271668e-04, 1.08381500e-03,
       3.61271668e-04, 1.80635834e-03, 1.08381500e-03, 3.61271668e-04,
       3.61271668e-04, 7.22543336e-04, 2.89017335e-03, 3.61271668e-04,
       0., 1.80635834e-03, 1.08381500e-03, 1.44508667e-03,
       3.61271668e-04, 3.61271668e-04, 7.22543336e-04, 0.,
       7.22543336e-04, 7.22543336e-04, 3.61271668e-04, 1.80635834e-03,
       0., 3.61271668e-04, 1.08381500e-03, 3.61271668e-04,
       2.16763001e-03, 7.22543336e-04, 6.50289003e-03, 3.61271668e-04,
       3.61271668e-04, 4.33526002e-03, 6.86416170e-03, 1.08381500e-03,
       2.16763001e-03, 1.44508667e-03, 7.22543336e-04, 0.,
       1.08381500e-03, 2.52890168e-03, 0., 1.80635834e-03,
       3.61271668e-04, 1.08381500e-03, 1.80635834e-03, 1.44508667e-03,
       1.08381500e-03, 7.22543336e-04, 1.44508667e-03, 0., 0.,
       7.22543336e-04, 1.44508667e-03, 7.22543336e-04, 7.22543336e-04,
       7.22543336e-04, 2.16763001e-03, 3.61271668e-04, 7.58670503e-03,
       3.61271668e-04, 0., 1.44508667e-03, 1.80635834e-03, 0.,
       1.08381500e-03, 1.44508667e-03, 0., 4.69653169e-03, 0.,
       1.80635834e-03, 3.61271668e-04, 0., 2.89017335e-03, 0.,
       1.80635834e-03, 7.22543336e-04, 0., 1.80635834e-03,
       7.22543336e-04, 1.08381500e-03, 0., 0., 7.22543336e-04,
       4.69653169e-03, 1.80635834e-03, 3.61271668e-04, 1.08381500e-03,
       7.94797670e-03, 1.44508667e-03, 7.22543336e-04, 4.33526002e-03,
       1.80635834e-03, 8.30924883e-03, 3.61271668e-04, 3.61271668e-04,
       1.44508667e-03, 3.61271668e-04, 7.22543336e-04, 1.08381500e-03,
       1.08381500e-03, 1.44508667e-03, 1.44508667e-03, 2.16763001e-03,
       3.61271668e-04, 3.61271668e-04, 1.80635834e-03, 1.80635834e-03,
       1.44508667e-03, 7.22543336e-04, 2.16763001e-03, 1.44508667e-03,
       1.80635834e-03, 2.89017335e-03, 3.61271668e-04, 2.52890168e-03,
       2.52890168e-03, 0., 0., 3.61271668e-04, 2.89017335e-03,
       7.22543336e-04, 3.61271668e-04, 2.16763001e-03, 2.52890168e-03,
       0., 3.61271668e-04, 3.61271668e-04, 1.80635834e-03,
       2.16763001e-03, 0., 1.08381500e-03, 7.22543336e-04,
       1.08381500e-03, 3.61271668e-04, 3.61271668e-04, 1.44508667e-03,
       3.61271668e-04, 1.08381500e-03, 2.52890168e-03, 2.89017335e-03,
       7.22543336e-04, 0., 1.08381500e-03, 7.22543336e-04,
       7.22543336e-04, 1.44508667e-03, 1.08381500e-03, 0.,
       1.44508667e-03, 3.61271668e-04, 7.22543336e-03, 1.08381500e-03,
       2.52890168e-03, 1.08381500e-03, 7.22543336e-04, 1.44508667e-03,
       7.22543336e-04, 3.61271668e-04, 1.80635834e-03, 0.,
       1.08381500e-03, 7.22543336e-04, 3.61271668e-04, 7.22543336e-04,
       7.22543336e-04, 1.44508667e-03, 7.22543336e-04, 7.22543336e-04,
       7.22543336e-04, 3.61271668e-04, 7.22543336e-04, 3.61271668e-04,
       1.44508667e-03, 7.22543336e-04, 0., 3.61271668e-04,
       3.61271668e-04, 2.16763001e-03, 2.89017335e-03, 7.22543336e-04,
