%YAML:1.0
m50n: !!opencv-matrix
   rows: 1
   cols: 800
   dt: f
   data: [ 0., 2.33535725e-03, 2.80242879e-03, 9.34142910e-04,
       1.40121439e-03, 0., 0., 4.67071455e-04, 0., 9.34142910e-04,
       1.40121439e-03, 4.67071455e-04, 0., 1.40121439e-03,
       1.40121439e-03, 2.80242879e-03, 4.67071455e-04, 4.67071455e-04,
       4.67071455e-04, 1.86828582e-03, 1.86828582e-03, 1.86828582e-03,
       1.86828582e-03, 5.60485758e-03, 9.34142910e-04, 0., 0., 0.,
       3.73657164e-03, 0., 4.67071449e-03, 9.34142910e-04,
       2.80242879e-03, 9.34142910e-04, 9.34142910e-04, 2.33535725e-03,
       1.40121439e-03, 9.34142910e-04, 4.67071455e-04, 0.,
       4.67071455e-04, 9.34142910e-04, 1.40121439e-03, 0.,
       9.34142910e-04, 2.33535725e-03, 4.67071455e-04, 1.40121439e-03,
       0., 0., 9.34142910e-04, 1.40121439e-03, 1.40121439e-03,
       4.67071455e-04, 4.67071455e-04, 9.34142910e-04, 9.34142910e-04,
       2.33535725e-03, 1.40121439e-03, 4.67071455e-04, 1.40121439e-03,
       4.67071455e-04, 4.67071455e-04, 9.34142910e-04, 4.67071455e-04,
       4.67071455e-04, 1.40121439e-03, 2.80242879e-03, 0.,
       9.34142910e-04, 0., 4.67071455e-04, 0., 9.34142910e-04,
       1.40121439e-03, 0., 0., 0., 9.34142910e-04, 2.33535725e-03, 0.,
       9.34142910e-04, 1.40121439e-03, 9.34142910e-04, 9.34142910e-04,
       2.80242879e-03, 4.67071455e-04, 0., 0., 4.67071455e-04,
       9.34142910e-04, 1.40121439e-03, 9.34142910e-04, 4.67071455e-04,
       0., 4.67071455e-04, 4.67071455e-04, 1.86828582e-03,
       4.67071455e-04, 9.34142910e-04, 4.67071455e-04, 2.80242879e-03,
       2.33535725e-03, 1.40121439e-03, 4.67071455e-04, 6.53900020e-03,
       1.86828582e-03, 4.67071455e-04, 1.86828582e-03, 0.,
       9.34142910e-04, 0., 2.33535725e-03, 4.67071455e-04,
       2.80242879e-03, 9.34142910e-04, 9.34142910e-04, 0.,
       1.86828582e-03, 1.40121439e-03, 9.34142910e-04, 4.67071455e-04,
       7.94021506e-03, 0., 0., 2.80242879e-03, 3.26950010e-03,
       9.34142910e-04, 3.26950010e-03, 1.40121439e-03, 1.40121439e-03,
       1.86828582e-03, 2.33535725e-03, 1.40121439e-03, 9.34142910e-04,
       9.34142910e-04, 4.67071455e-04, 4.67071455e-04, 9.34142910e-04,
       5.13778580e-03, 1.40121439e-03, 4.67071455e-04, 0.,
       4.67071455e-04, 0., 9.34142910e-04, 4.67071455e-04,
       1.40121439e-03, 0., 4.67071455e-04, 9.34142910e-04, 0.,
       9.34142910e-04, 9.34142910e-04, 4.67071455e-04, 0., 0.,
       9.34142910e-04, 4.67071455e-04, 0., 9.34142910e-04,
       1.40121439e-03, 4.67071455e-04, 2.33535725e-03, 4.67071455e-04,
       1.86828582e-03, 0., 1.86828582e-03, 3.73657164e-03,
       9.34142910e-04, 1.40121439e-03, 1.86828582e-03, 1.40121439e-03,
       0., 9.34142910e-04, 1.40121439e-03, 9.34142910e-04,
       2.33535725e-03, 3.26950010e-03, 0., 2.33535725e-03,
       1.40121439e-03, 0., 4.67071455e-04, 4.67071455e-04,
       4.67071455e-04, 3.26950010e-03, 1.86828582e-03, 4.67071455e-04,
       2.33535725e-03, 1.86828582e-03, 4.67071455e-04, 4.67071449e-03,
       1.40121439e-03, 4.67071455e-04, 1.40121439e-03, 1.86828582e-03,
       3.26950010e-03, 2.33535725e-03, 2.33535725e-03, 1.86828582e-03,
       9.34142910e-04, 4.67071455e-04, 3.26950010e-03, 4.67071455e-04,
       4.67071455e-04, 3.26950010e-03, 9.34142910e-04, 0.,
       1.86828582e-03, 4.67071455e-04, 1.40121439e-03, 9.34142910e-04,
       0., 9.34142910e-04, 1.86828582e-03, 9.34142910e-04,
       1.40121439e-03, 9.34142910e-04, 9.34142910e-04, 1.86828582e-03,
       0., 9.34142910e-04, 4.67071455e-04, 1.86828582e-03,
       9.34142910e-04, 2.80242879e-03, 1.86828582e-03, 4.67071455e-04,
       4.67071455e-04, 1.86828582e-03, 0., 4.67071455e-04,
       3.73657164e-03, 2.33535725e-03, 1.40121439e-03, 2.80242879e-03,
       2.80242879e-03, 3.26950010e-03, 2.80242879e-03, 9.34142910e-04,
       3.73657164e-03, 0., 4.67071455e-04, 9.34142910e-04,
       4.67071455e-04, 2.80242879e-03, 1.86828582e-03, 0.,
       4.67071455e-04, 0., 2.33535725e-03, 1.40121439e-03,
       9.34142910e-04, 4.67071455e-04, 0., 4.67071455e-04,
       2.80242879e-03, 9.34142910e-04, 2.33535725e-03, 4.67071455e-04,
       1.40121439e-03, 0., 1.40121439e-03, 4.67071455e-04,
       2.33535725e-03, 4.67071455e-04, 0., 4.67071455e-04,
       9.34142910e-04, 1.86828582e-03, 0., 1.86828582e-03, 0.,
       1.40121439e-03, 4.67071455e-04, 4.67071455e-04, 4.67071455e-04,
       0., 0., 1.40121439e-03, 1.40121439e-03, 1.40121439e-03, 0., 0.,
       1.86828582e-03, 9.34142910e-04, 4.67071455e-04, 4.67071455e-04,
       9.34142910e-04, 1.40121439e-03, 1.40121439e-03, 9.34142910e-04,
       9.34142910e-04, 6.07192889e-03, 3.26950010e-03, 2.33535725e-03,
       9.34142910e-04, 1.40121439e-03, 9.34142910e-04, 4.67071455e-04,
       1.86828582e-03, 9.34142910e-04, 6.07192889e-03, 0., 0.,
       4.67071455e-04, 9.34142910e-04, 1.40121439e-03, 3.26950010e-03,
       5.13778580e-03, 2.80242879e-03, 1.40121439e-03, 4.67071455e-04,
       4.67071455e-04, 9.34142910e-04, 4.67071455e-04, 4.67071455e-04,
       9.34142910e-04, 9.34142910e-04, 4.67071455e-04, 4.67071455e-04,
       0., 0., 1.40121439e-03, 9.34142910e-04, 4.67071455e-04,
       4.67071455e-04, 4.67071455e-04, 2.33535725e-03, 4.67071455e-04,
       4.67071455e-04, 9.34142910e-04, 0., 1.86828582e-03, 0.,
       5.13778580e-03, 1.40121439e-03, 4.67071455e-04, 1.40121439e-03,
       2.33535725e-03, 1.86828582e-03, 1.40121439e-03, 4.67071455e-04,
       1.40121439e-03, 9.34142910e-04, 9.34142910e-04, 4.67071455e-04,
       1.40121439e-03, 9.34142910e-04, 4.67071455e-04, 0.,
       9.34142910e-04, 1.40121439e-03, 1.40121439e-03, 9.34142910e-04,
       0., 9.34142910e-04, 4.67071455e-04, 9.34142910e-04,
       1.86828582e-03, 9.34142910e-04, 9.34142910e-04, 0.,
       4.20364318e-03, 4.67071449e-03, 9.34142910e-04, 1.40121439e-03,
       1.86828582e-03, 1.40121439e-03, 2.80242879e-03, 1.86828582e-03,
       9.34142910e-04, 0., 3.73657164e-03, 4.67071455e-04, 0.,
       4.67071455e-04, 0., 9.34142910e-04, 5.13778580e-03,
       4.67071455e-04, 9.34142910e-04, 4.67071455e-04, 3.26950010e-03,
       4.67071455e-04, 1.40121439e-03, 0., 4.67071455e-04,
       1.40121439e-03, 3.73657164e-03, 9.34142910e-04, 0.,
       3.26950010e-03, 1.40121439e-03, 1.86828582e-03, 2.80242879e-03,
       0., 9.34142910e-04, 9.34142910e-04, 9.34142910e-04, 0.,
       4.67071449e-03, 3.73657164e-03, 1.40121439e-03, 1.40121439e-03,
       2.80242879e-03, 9.34142910e-04, 1.86828582e-03, 4.67071455e-04,
       4.67071455e-04, 5.60485758e-03, 4.67071455e-04, 1.40121439e-03,
       4.67071455e-04, 9.34142910e-04, 0., 1.86828582e-03,
       9.34142910e-04, 9.34142910e-04, 4.67071455e-04, 1.40121439e-03,
       1.86828582e-03, 0., 1.40121439e-03, 2.33535725e-03,
       4.67071455e-04, 0., 9.34142910e-04, 1.86828582e-03,
       1.40121439e-03, 9.34142910e-04, 1.12097152e-02, 9.34142910e-04,
       1.40121439e-03, 2.33535725e-03, 0., 1.40121439e-03,
       9.34142910e-04, 0., 9.34142910e-04, 1.86828582e-03, 0.,
       1.86828582e-03, 1.86828582e-03, 1.40121439e-03, 2.80242879e-03,
       4.67071455e-04, 4.67071455e-04, 0., 0., 4.67071455e-04,
       9.34142910e-04, 2.33535725e-03, 4.20364318e-03, 4.67071455e-04,
       0., 4.67071455e-04, 1.40121439e-03, 9.34142910e-04,
       2.33535725e-03, 4.67071455e-04, 1.40121439e-03, 4.20364318e-03,
       9.34142910e-04, 0., 1.40121439e-03, 4.20364318e-03,
       1.40121439e-03, 1.40121439e-03, 1.40121439e-03, 0.,
       1.40121439e-03, 1.86828582e-03, 1.40121439e-03, 4.67071455e-04,
       4.67071455e-04, 0., 0., 3.26950010e-03, 9.34142910e-04, 0.,
       4.67071455e-04, 0., 4.67071455e-04, 4.67071455e-04,
       1.40121439e-03, 9.34142910e-04, 0., 1.40121439e-03,
       5.13778580e-03, 9.34142910e-04, 1.40121439e-03, 2.33535725e-03,
       1.86828582e-03, 2.33535725e-03, 1.40121439e-03, 9.34142910e-04,
       0., 0., 4.67071455e-04, 3.26950010e-03, 1.40121439e-03,
       4.67071455e-04, 9.34142910e-04, 5.60485758e-03, 3.73657164e-03,
