%YAML:1.0
m50n: !!opencv-matrix
   rows: 1
   cols: 800
   dt: f
   data: [ 1.59936026e-03, 3.59856058e-03, 1.99920032e-03,
       1.59936026e-03, 2.79888045e-03, 0., 3.99840064e-04, 0., 0.,
       2.39904039e-03, 1.19952019e-03, 1.19952019e-03, 3.19872051e-03,
       2.39904039e-03, 3.99840064e-04, 1.19952019e-03, 2.39904039e-03,
       3.99840064e-04, 1.19952019e-03, 2.39904039e-03, 7.99680129e-04,
       2.39904039e-03, 1.59936026e-03, 3.99840064e-04, 1.19952019e-03,
       3.99840064e-04, 1.19952019e-03, 1.99920032e-03, 3.99840064e-03,
       1.99920032e-03, 7.99680129e-04, 1.99920032e-03, 7.99680129e-04,
       1.59936026e-03, 3.99840064e-04, 1.59936026e-03, 0., 0.,
       1.99920032e-03, 3.99840064e-04, 2.79888045e-03, 1.99920032e-03,
       0., 1.59936026e-03, 1.99920032e-03, 1.19952019e-03,
       7.99680129e-04, 1.19952019e-03, 0., 3.99840064e-04,
       2.39904039e-03, 7.99680129e-04, 0., 1.19952019e-03,
       1.59936026e-03, 1.59936026e-03, 7.99680129e-04, 2.39904039e-03,
       2.39904039e-03, 1.19952019e-03, 4.39824071e-03, 0.,
       1.19952019e-03, 1.59936026e-03, 0., 3.99840064e-04,
       3.99840064e-04, 7.99680129e-04, 1.19952019e-03, 0.,
       1.19952019e-03, 0., 1.59936026e-03, 1.59936026e-03,
       1.19952019e-03, 0., 0., 3.99840064e-04, 1.99920032e-03,
       1.19952019e-03, 3.99840064e-04, 7.99680129e-04, 1.59936026e-03,
       1.59936026e-03, 4.79808077e-03, 3.99840064e-04, 3.99840064e-04,
       2.79888045e-03, 3.99840064e-04, 3.19872051e-03, 7.99680129e-04,
       3.99840064e-04, 3.99840064e-04, 3.99840064e-04, 1.19952019e-03,
       3.99840064e-04, 7.99680129e-04, 1.99920032e-03, 7.99680129e-04,
       3.99840064e-04, 3.99840064e-04, 7.99680129e-04, 2.79888045e-03,
       5.19792084e-03, 1.19952019e-03, 7.59696122e-03, 4.79808077e-03,
       3.99840064e-04, 2.39904039e-03, 1.19952019e-03, 7.99680129e-04,
       7.99680129e-04, 1.07956817e-02, 1.19952019e-03, 1.99920032e-03,
       0., 3.99840064e-04, 0., 5.59776090e-03, 3.99840064e-04,
       3.99840064e-04, 1.59936026e-03, 1.19952019e-03, 7.99680129e-04,
       3.99840064e-04, 3.99840064e-04, 2.79888045e-03, 1.19952019e-03,
       5.59776090e-03, 0., 3.19872051e-03, 2.39904039e-03,
       1.99920032e-03, 1.59936026e-03, 1.19952019e-03, 0.,
       7.99680129e-04, 7.99680129e-04, 0., 2.39904039e-03,
       7.99680129e-04, 2.39904039e-03, 7.99680129e-04, 1.19952019e-03,
       3.99840064e-04, 7.99680129e-04, 3.99840064e-04, 2.39904039e-03,
       0., 7.99680129e-04, 1.99920032e-03, 0., 1.19952019e-03,
       2.79888045e-03, 0., 1.59936026e-03, 7.99680129e-04,
       3.99840064e-04, 0., 3.99840064e-04, 0., 3.19872051e-03,
       7.99680129e-04, 1.19952019e-03, 3.99840064e-04, 3.99840064e-04,
       0., 1.59936026e-03, 0., 3.99840064e-04, 1.19952019e-03,
       1.99920032e-03, 3.99840064e-04, 7.99680129e-04, 3.99840064e-04,
       1.59936026e-03, 3.59856058e-03, 1.59936026e-03, 1.19952019e-03,
       0., 1.19952019e-03, 2.39904039e-03, 2.79888045e-03, 0.,
       1.59936026e-03, 1.59936026e-03, 3.59856058e-03, 3.99840064e-04,
       0., 1.59936026e-03, 1.99920032e-03, 1.19952019e-03,
       1.19952019e-03, 7.99680129e-04, 3.99840064e-04, 2.79888045e-03,
       1.19952019e-03, 7.99680129e-04, 3.99840064e-04, 1.59936026e-03,
       3.19872051e-03, 1.19952019e-03, 1.19952019e-03, 3.19872051e-03,
       0., 7.99680129e-04, 1.19952019e-03, 1.19952019e-03, 0.,
       3.99840064e-04, 3.59856058e-03, 1.59936026e-03, 7.99680129e-04,
       7.99680129e-04, 7.99680129e-04, 0., 3.99840064e-04,
       7.99680129e-04, 1.99920032e-03, 7.99680129e-04, 2.79888045e-03,
       0., 1.59936026e-03, 1.59936026e-03, 2.39904039e-03,
       1.19952019e-03, 3.99840064e-04, 7.99680129e-04, 0.,
       3.99840064e-03, 1.99920032e-03, 1.99920032e-03, 0.,
       1.19952019e-03, 0., 3.99840064e-03, 3.59856058e-03,
       1.19952019e-03, 7.99680129e-04, 3.19872051e-03, 2.39904039e-03,
       2.79888045e-03, 1.19952019e-03, 1.59936026e-03, 0.,
       1.59936026e-03, 4.79808077e-03, 1.59936026e-03, 3.99840064e-04,
       4.79808077e-03, 1.19952019e-03, 1.19952019e-03, 2.79888045e-03,
       1.19952019e-03, 7.99680129e-04, 2.39904039e-03, 2.79888045e-03,
       2.39904039e-03, 1.59936026e-03, 5.19792084e-03, 1.99920032e-03,
       0., 0., 7.99680129e-04, 1.19952019e-03, 1.99920032e-03, 0.,
       1.19952019e-03, 0., 0., 2.39904039e-03, 7.99680129e-04,
       7.99680129e-04, 7.99680129e-04, 0., 0., 0., 0., 7.99680129e-04,
       1.59936026e-03, 1.19952019e-03, 1.19952019e-03, 3.99840064e-04,
       7.99680129e-04, 2.79888045e-03, 1.19952019e-03, 0.,
       1.59936026e-03, 3.99840064e-04, 0., 0., 2.39904039e-03,
       1.19952019e-03, 3.99840064e-04, 3.19872051e-03, 1.59936026e-03,
       1.59936026e-03, 7.99680129e-04, 3.99840064e-04, 3.99840064e-04,
       7.99680129e-04, 1.99920032e-03, 2.79888045e-03, 3.99840064e-04,
       3.99840064e-04, 0., 2.39904039e-03, 3.99840064e-04,
       1.19952019e-03, 1.99920032e-03, 1.99920032e-03, 3.99840064e-04,
       1.19952019e-03, 3.99840064e-04, 1.99920032e-03, 4.39824071e-03,
       1.19952019e-03, 1.59936026e-03, 0., 1.59936026e-03,
       1.19952019e-03, 7.99680129e-04, 3.99840064e-04, 1.99920032e-03,
       0., 3.99840064e-04, 3.19872051e-03, 1.19952019e-03, 0.,
       1.99920032e-03, 1.99920032e-03, 0., 7.99680129e-04,
       1.19952019e-03, 1.99920032e-03, 1.59936026e-03, 2.79888045e-03,
       3.99840064e-04, 7.99680129e-04, 7.99680129e-04, 3.99840064e-04,
       1.19952019e-03, 1.19952019e-03, 3.19872051e-03, 1.59936026e-03,
       7.99680129e-04, 0., 0., 7.99680129e-04, 2.39904039e-03,
       2.79888045e-03, 1.59936026e-03, 0., 1.99920032e-03, 0.,
       2.79888045e-03, 3.19872051e-03, 1.99920032e-03, 1.99920032e-03,
       2.39904039e-03, 1.19952019e-03, 1.19952019e-03, 0., 0.,
       2.39904039e-03, 2.79888045e-03, 1.59936026e-03, 3.99840064e-04,
       0., 7.99680129e-04, 1.59936026e-03, 1.99920032e-03,
       3.99840064e-04, 3.99840064e-04, 1.59936026e-03, 7.99680129e-04,
       0., 1.19952019e-03, 3.99840064e-04, 1.19952019e-03,
       3.99840064e-04, 0., 7.99680129e-04, 0., 3.99840064e-04,
       1.99920032e-03, 3.99840064e-04, 1.59936026e-03, 7.99680129e-04,
       1.59936026e-03, 1.59936026e-03, 1.59936026e-03, 0.,
       2.39904039e-03, 1.19952019e-03, 7.99680129e-04, 3.99840064e-04,
       1.99920032e-03, 2.39904039e-03, 3.99840064e-04, 3.99840064e-04,
       1.19952019e-03, 1.99920032e-03, 7.99680129e-04, 7.99680129e-04,
       3.99840064e-04, 7.99680129e-04, 1.19952019e-03, 1.59936026e-03,
       0., 1.19952019e-03, 1.19952019e-03, 1.19952019e-03,
       3.19872051e-03, 3.99840064e-04, 3.99840064e-04, 7.99680129e-04,
       4.39824071e-03, 0., 1.59936026e-03, 1.19952019e-03,
       1.19952019e-03, 1.99920032e-03, 0., 3.99840064e-04,
       1.99920032e-03, 3.99840064e-04, 7.99680129e-04, 0.,
       1.19952019e-03, 0., 0., 5.19792084e-03, 1.99920032e-03,
       2.39904039e-03, 1.59936026e-03, 0., 0., 1.59936026e-03, 0.,
       1.59936026e-03, 3.99840064e-04, 3.99840064e-04, 3.19872051e-03,
       1.19952019e-03, 3.99840064e-04, 3.99840064e-04, 1.19952019e-03,
       2.39904039e-03, 7.99680129e-04, 2.79888045e-03, 7.99680129e-04,
       0., 2.39904039e-03, 7.99680129e-04, 1.19952019e-03,
       1.19952019e-03, 7.99680129e-04, 1.19952019e-03, 7.99680129e-04,
       1.19952019e-03, 0., 3.99840064e-04, 1.59936026e-03,
       7.99680129e-04, 0., 3.99840064e-04, 1.59936026e-03,
       7.99680129e-04, 2.39904039e-03, 1.19952019e-03, 3.99840064e-04,
       3.99840064e-04, 2.79888045e-03, 7.99680129e-04, 1.19952019e-03,
       3.99840064e-04, 0., 3.99840064e-04, 1.19952019e-03,
       3.99840064e-04, 3.99840064e-04, 3.99840064e-04, 1.59936026e-03,
       0., 3.99840064e-04, 3.99840064e-04, 7.99680129e-04, 0.,
       7.99680129e-04, 2.79888045e-03, 7.99680129e-04, 1.59936026e-03,
       7.99680129e-04, 3.99840064e-04, 3.59856058e-03, 7.99680129e-04,
       0., 7.99680129e-04, 0., 4.79808077e-03, 0., 1.59936026e-03,
