%YAML:1.0
m50n: !!opencv-matrix
   rows: 1
   cols: 800
   dt: f
   data: [ 1.10680691e-03, 0., 2.76701734e-03, 2.76701734e-03,
       2.76701734e-03, 0., 0., 1.66021031e-03, 1.10680691e-03,
       2.21361383e-03, 2.76701734e-03, 2.76701734e-03, 0.,
       2.76701734e-03, 1.10680691e-03, 1.10680691e-03, 0., 0., 0.,
       5.53403457e-04, 0., 5.53403457e-04, 0., 1.66021031e-03, 0.,
       2.21361383e-03, 5.53403457e-04, 5.53403457e-04, 5.53403457e-04,
       0., 5.53403457e-04, 4.42722766e-03, 0., 5.53403469e-03,
       5.53403457e-04, 5.53403457e-04, 0., 8.85445531e-03,
       5.53403457e-04, 1.10680691e-03, 1.10680691e-03, 5.53403457e-04,
       5.53403457e-04, 5.53403457e-04, 0., 1.10680691e-03, 0.,
       3.87382414e-03, 1.10680691e-03, 1.10680691e-03, 0.,
       2.76701734e-03, 0., 5.53403457e-04, 5.53403469e-03,
       5.53403457e-04, 1.10680691e-03, 1.66021031e-03, 3.87382414e-03,
       3.32042063e-03, 5.53403457e-04, 1.66021031e-03, 5.53403457e-04,
       5.53403457e-04, 2.21361383e-03, 0., 4.98063117e-03,
       9.40785836e-03, 2.21361383e-03, 1.10680691e-03, 5.53403457e-04,
       5.53403457e-04, 0., 0., 0., 0., 1.10680694e-02, 6.08743820e-03,
       2.21361383e-03, 4.42722766e-03, 1.21748764e-02, 0., 0.,
       1.66021031e-03, 3.87382414e-03, 0., 2.21361383e-03, 0.,
       1.66021031e-03, 5.53403457e-04, 1.10680691e-03, 0., 0., 0.,
       4.42722766e-03, 2.76701734e-03, 2.21361383e-03, 4.42722766e-03,
       8.30105226e-03, 0., 1.66021031e-03, 2.21361383e-03,
       1.66021031e-03, 6.64084125e-03, 5.53403469e-03, 5.53403457e-04,
       1.66021031e-03, 5.53403457e-04, 1.66021031e-03, 0.,
       1.66021031e-03, 5.53403457e-04, 3.32042063e-03, 5.53403457e-04,
       5.53403457e-04, 0., 2.76701734e-03, 5.53403457e-04, 0.,
       1.66021031e-03, 0., 0., 1.10680691e-03, 5.53403457e-04,
       1.10680691e-03, 1.10680691e-03, 3.32042063e-03, 0., 0.,
       7.19424477e-03, 0., 2.21361383e-03, 2.21361383e-03, 0.,
       5.53403457e-04, 2.21361383e-03, 2.76701734e-03, 0.,
       5.53403457e-04, 2.21361383e-03, 0., 2.76701734e-03,
       5.53403457e-04, 1.10680691e-03, 0., 0., 1.10680691e-03,
       1.66021031e-03, 5.53403457e-04, 3.32042063e-03, 5.53403457e-04,
       0., 0., 1.66021031e-03, 2.76701734e-03, 2.21361383e-03,
       1.10680691e-03, 3.87382414e-03, 0., 1.10680691e-03,
       1.10680691e-03, 1.10680691e-03, 0., 0., 5.53403457e-04,
       4.98063117e-03, 5.53403457e-04, 2.76701734e-03, 5.53403457e-04,
       3.32042063e-03, 1.10680691e-03, 3.32042063e-03, 5.53403457e-04,
       1.10680691e-03, 2.21361383e-03, 0., 0., 2.21361383e-03,
       3.32042063e-03, 1.66021031e-03, 5.53403457e-04, 1.66021031e-03,
       0., 0., 5.53403457e-04, 0., 5.53403457e-04, 1.10680691e-03,
       5.53403457e-04, 5.53403469e-03, 0., 0., 5.53403457e-04,
       5.53403457e-04, 5.53403457e-04, 5.53403457e-04, 5.53403457e-04,
       5.53403457e-04, 1.66021031e-03, 1.10680691e-03, 2.76701734e-03,
       0., 0., 0., 3.32042063e-03, 3.32042063e-03, 1.10680691e-03,
       1.66021031e-03, 0., 5.53403457e-04, 0., 1.66021031e-03,
       1.10680691e-03, 0., 5.53403457e-04, 1.10680691e-03, 0.,
       1.10680691e-03, 5.53403457e-04, 1.10680691e-03, 2.76701734e-03,
       0., 5.53403457e-04, 2.76701734e-03, 1.10680691e-03, 0.,
       3.32042063e-03, 1.10680691e-03, 3.87382414e-03, 5.53403457e-04,
       1.10680691e-03, 2.21361383e-03, 0., 4.98063117e-03, 0.,
       5.53403457e-04, 5.53403457e-04, 5.53403457e-04, 3.87382414e-03,
       1.66021031e-03, 1.10680691e-03, 0., 0., 0., 1.10680691e-03,
       3.32042063e-03, 1.10680691e-03, 2.76701734e-03, 0.,
       2.21361383e-03, 5.53403457e-04, 5.53403457e-04, 1.10680691e-03,
       0., 0., 0., 0., 2.21361383e-03, 3.32042063e-03, 0., 0.,
       3.87382414e-03, 3.87382414e-03, 0., 2.21361383e-03,
       1.10680691e-03, 0., 0., 5.53403469e-03, 0., 0., 1.10680691e-03,
       5.53403457e-04, 1.10680691e-03, 1.66021031e-03, 0., 0.,
       1.10680691e-03, 0., 0., 7.19424477e-03, 3.32042063e-03, 0.,
       2.21361383e-03, 3.87382414e-03, 5.53403457e-04, 0.,
       4.42722766e-03, 1.66021031e-03, 0., 0., 5.53403457e-04,
       5.53403457e-04, 4.42722766e-03, 3.32042063e-03, 2.21361383e-03,
       1.66021031e-03, 1.10680691e-03, 2.21361383e-03, 0.,
       3.87382414e-03, 0., 5.53403457e-04, 5.53403457e-04,
       5.53403457e-04, 0., 0., 5.53403457e-04, 0., 0., 6.64084125e-03,
       0., 0., 2.21361383e-03, 1.66021031e-03, 5.53403457e-04,
       5.53403457e-04, 5.53403457e-04, 1.10680691e-03, 0.,
       3.87382414e-03, 0., 1.66021031e-03, 0., 5.53403457e-04, 0.,
       5.53403457e-04, 1.66021031e-03, 0., 2.21361383e-03,
       2.76701734e-03, 0., 5.53403457e-04, 1.66021031e-03, 0.,
       1.10680691e-03, 5.53403457e-04, 1.66021031e-03, 5.53403457e-04,
       1.66021031e-03, 1.10680691e-03, 5.53403457e-04, 0., 0.,
       5.53403457e-04, 1.10680691e-03, 5.53403457e-04, 4.42722766e-03,
       0., 5.53403457e-04, 1.66021031e-03, 2.76701734e-03,
       2.76701734e-03, 2.21361383e-03, 1.10680691e-03, 2.21361383e-03,
       0., 2.21361383e-03, 0., 2.21361383e-03, 5.53403457e-04,
       1.10680691e-03, 0., 0., 0., 5.53403457e-04, 1.10680691e-03,
       2.21361383e-03, 2.21361383e-03, 5.53403457e-04, 0., 0.,
       1.10680691e-03, 0., 0., 0., 0., 0., 2.21361383e-03,
       1.10680691e-03, 2.21361383e-03, 1.66021031e-03, 5.53403457e-04,
       0., 1.10680691e-03, 6.64084125e-03, 0., 5.53403457e-04, 0., 0.,
       2.21361383e-03, 1.10680691e-03, 1.66021031e-03, 2.76701734e-03,
       1.66021031e-03, 5.53403457e-04, 0., 0., 8.30105226e-03, 0.,
       1.66021031e-03, 5.53403457e-04, 0., 0., 1.66021031e-03,
       2.21361383e-03, 5.53403457e-04, 0., 2.21361383e-03,
       2.76701734e-03, 5.53403457e-04, 0., 0., 1.10680691e-03,
       1.10680691e-03, 1.66021031e-03, 0., 5.53403457e-04, 0., 0.,
       1.66021031e-03, 5.53403457e-04, 1.21748764e-02, 0.,
       1.66021031e-03, 5.53403457e-04, 1.10680691e-03, 0.,
       1.10680691e-03, 0., 1.66021031e-03, 2.21361383e-03, 0.,
       2.21361383e-03, 0., 3.32042063e-03, 2.76701734e-03,
       4.98063117e-03, 1.10680691e-03, 5.53403457e-04, 0., 0., 0.,
       5.53403457e-04, 2.21361383e-03, 0., 1.10680691e-03,
       2.76701734e-03, 0., 1.10680691e-03, 3.32042063e-03,
       5.53403457e-04, 1.10680691e-03, 1.10680691e-03, 1.10680691e-03,
       2.21361383e-03, 0., 0., 0., 5.53403457e-04, 0., 5.53403457e-04,
       5.53403457e-04, 0., 0., 5.53403457e-04, 2.21361383e-03,
       5.53403457e-04, 0., 0., 0., 0., 1.10680691e-03, 0.,
       5.53403457e-04, 0., 1.10680691e-03, 5.53403457e-04,
       3.87382414e-03, 1.66021031e-03, 0., 0., 1.10680691e-03,
       5.53403457e-04, 5.53403457e-04, 0., 1.10680691e-03, 0., 0.,
       5.53403457e-04, 5.53403457e-04, 0., 5.53403457e-04,
       2.76701734e-03, 0., 0., 0., 0., 2.21361383e-03, 6.64084125e-03,
       5.53403457e-04, 0., 0., 1.66021031e-03, 1.10680691e-03,
       2.76701734e-03, 1.66021031e-03, 5.53403457e-04, 6.64084125e-03,
       5.53403457e-04, 0., 0., 1.66021031e-03, 0., 5.53403457e-04, 0.,
       0., 2.76701734e-03, 1.66021031e-03, 0., 5.53403457e-04, 0., 0.,
       0., 1.10680691e-03, 2.76701734e-03, 5.53403469e-03,
       6.64084125e-03, 1.10680691e-03, 0., 1.10680691e-03,
       4.98063117e-03, 5.53403457e-04, 5.53403457e-04, 7.74764828e-03,
       5.53403457e-04, 2.76701734e-03, 2.21361383e-03, 3.87382414e-03,
       0., 1.10680691e-03, 0., 1.66021031e-03, 0., 5.53403457e-04,
       2.21361383e-03, 0., 5.53403457e-04, 1.10680691e-03,
       5.53403457e-04, 5.53403457e-04, 1.10680691e-03, 6.64084125e-03,
       1.10680691e-03, 0., 0., 3.32042063e-03, 0., 0., 1.10680691e-03,
       5.53403457e-04, 0., 1.66021031e-03, 0., 1.66021031e-03,
       2.21361383e-03, 1.66021031e-03, 0., 2.21361383e-03,
       5.53403457e-04, 1.10680691e-03, 0., 1.66021031e-03,
       1.10680691e-03, 5.53403457e-04, 5.53403457e-04, 0., 0.,
       5.53403457e-04, 5.53403457e-04, 5.53403457e-04, 1.66021031e-03,
       0., 1.66021031e-03, 5.53403457e-04, 3.32042063e-03,
