%YAML:1.0
m50n: !!opencv-matrix
   rows: 1
   cols: 800
   dt: f
   data: [ 1.57878129e-03, 4.73634386e-03, 1.26302498e-03,
       1.57878129e-03, 1.57878129e-03, 6.31512492e-04, 3.78907495e-03,
       3.15756246e-04, 6.31512492e-04, 3.15756246e-04, 3.15756246e-04,
       1.57878129e-03, 6.31512492e-04, 1.26302498e-03, 9.47268738e-04,
       1.26302498e-03, 0., 9.47268738e-04, 6.31512492e-04,
       3.15756246e-04, 0., 0., 2.21029366e-03, 1.26302498e-03,
       1.10514686e-02, 9.47268738e-04, 6.31512492e-04, 6.31512492e-04,
       6.31512492e-04, 1.26302498e-03, 3.47331865e-03, 6.31512492e-04,
       1.57878129e-03, 9.47268738e-04, 1.26302498e-03, 1.57878129e-03,
       9.47268738e-04, 3.15756246e-04, 6.31512492e-04, 9.47268738e-04,
       1.26302498e-03, 6.31512515e-03, 3.15756246e-04, 2.84180627e-03,
       9.47268738e-04, 1.26302498e-03, 6.31512492e-04, 2.21029366e-03,
       1.26302498e-03, 4.42058733e-03, 9.47268738e-04, 1.26302498e-03,
       3.15756246e-04, 2.21029366e-03, 9.47268738e-04, 1.26302498e-03,
       1.26302498e-03, 1.57878129e-03, 1.26302498e-03, 6.31512492e-04,
       1.57878129e-03, 3.15756246e-04, 2.84180627e-03, 6.31512492e-04,
       2.21029366e-03, 0., 3.15756246e-04, 1.57878129e-03, 0.,
       4.10483126e-03, 1.26302498e-03, 1.26302498e-03, 2.52604997e-03,
       1.57878129e-03, 2.21029366e-03, 0., 1.26302498e-03,
       3.15756246e-04, 1.57878129e-03, 2.21029366e-03, 1.26302498e-03,
       0., 1.57878129e-03, 3.15756246e-04, 1.26302498e-03,
       1.26302498e-03, 1.26302498e-03, 2.21029366e-03, 2.52604997e-03,
       3.15756246e-04, 1.57878129e-03, 1.26302498e-03, 0.,
       6.31512492e-04, 6.31512492e-04, 6.31512492e-04, 3.15756246e-04,
       3.15756246e-04, 9.47268738e-04, 9.47268738e-04, 3.15756246e-04,
       1.57878129e-03, 4.73634386e-03, 2.84180627e-03, 1.57878129e-03,
       1.26302498e-03, 0., 1.26302498e-03, 1.89453748e-03,
       9.47268738e-04, 3.15756258e-03, 3.15756246e-04, 0.,
       9.47268738e-04, 6.31512492e-04, 9.47268738e-04, 9.47268738e-04,
       6.31512492e-04, 1.89453748e-03, 0., 1.89453748e-03, 0.,
       6.31512492e-04, 9.47268738e-04, 1.89453748e-03, 3.15756246e-04,
       1.57878129e-03, 1.26302498e-03, 1.26302498e-03, 2.84180627e-03,
       9.47268738e-04, 2.21029366e-03, 1.57878129e-03, 1.26302498e-03,
       9.47268738e-04, 8.84117465e-03, 6.31512492e-04, 0.,
       6.31512492e-04, 6.31512492e-04, 3.15756246e-04, 3.47331865e-03,
       1.26302498e-03, 6.31512492e-04, 6.31512492e-04, 9.47268738e-04,
       3.15756246e-04, 3.15756246e-04, 1.57878129e-03, 3.15756246e-04,
       6.31512492e-04, 2.21029366e-03, 3.15756246e-04, 6.31512492e-04,
       3.15756246e-04, 3.15756246e-04, 6.31512492e-04, 6.31512492e-04,
       9.47268738e-04, 2.21029366e-03, 3.15756246e-04, 1.89453748e-03,
       9.47268738e-04, 9.47268738e-04, 9.47268738e-04, 6.31512492e-04,
       9.47268738e-04, 1.26302498e-03, 6.31512492e-04, 2.52604997e-03,
       6.31512492e-04, 1.89453748e-03, 9.47268738e-04, 9.47268738e-04,
       3.15756246e-04, 3.15756246e-04, 3.15756246e-04, 1.83138624e-02,
       3.15756246e-04, 1.26302498e-03, 2.84180627e-03, 2.21029366e-03,
       2.52604997e-03, 9.47268738e-04, 0., 1.26302498e-03,
       1.26302498e-03, 6.31512492e-04, 9.47268738e-04, 3.78907495e-03,
       9.47268738e-04, 3.78907495e-03, 4.10483126e-03, 6.31512492e-04,
       3.15756246e-04, 1.26302498e-03, 3.15756246e-04, 9.47268738e-04,
       6.31512492e-04, 6.31512492e-04, 3.15756246e-04, 9.47268738e-04,
       2.21029366e-03, 7.57814990e-03, 9.47268738e-04, 3.15756258e-03,
       2.21029366e-03, 2.21029366e-03, 2.21029366e-03, 2.21029366e-03,
       6.31512492e-04, 9.47268738e-04, 2.21029366e-03, 1.26302498e-03,
       3.47331865e-03, 6.31512492e-04, 1.26302498e-03, 6.31512492e-04,
       6.31512492e-04, 6.31512492e-04, 3.15756246e-04, 9.47268738e-04,
       1.26302498e-03, 3.15756246e-04, 9.47268738e-04, 9.47268738e-04,
       1.26302498e-03, 1.26302498e-03, 6.31512492e-04, 5.36785601e-03,
       3.15756246e-04, 9.47268738e-04, 1.26302498e-03, 1.57878129e-03,
       1.26302498e-03, 6.31512492e-04, 3.15756258e-03, 9.47268738e-04,
       1.57878129e-03, 9.47268738e-04, 3.15756246e-04, 0.,
       1.57878129e-03, 5.68361254e-03, 6.31512492e-04, 0.,
       5.05209994e-03, 6.31512492e-04, 3.15756246e-04, 1.26302498e-03,
       1.26302498e-03, 6.31512492e-04, 3.15756246e-04, 2.52604997e-03,
       3.15756246e-04, 3.15756246e-04, 2.52604997e-03, 6.31512492e-04,
       3.15756246e-04, 2.21029366e-03, 1.89453748e-03, 0.,
       6.31512492e-04, 9.47268738e-04, 9.47268738e-04, 0.,
       1.26302498e-03, 2.21029366e-03, 3.15756246e-04, 9.47268738e-04,
       2.52604997e-03, 1.26302498e-03, 9.47268738e-04, 6.31512492e-04,
       6.31512492e-04, 1.26302498e-03, 6.31512492e-04, 3.47331865e-03,
       6.31512492e-04, 1.26302498e-03, 1.89453748e-03, 1.89453748e-03,
       6.31512492e-04, 1.57878129e-03, 9.47268738e-04, 9.47268738e-04,
       1.26302498e-03, 0., 3.15756246e-04, 1.89453748e-03,
       9.47268738e-04, 0., 9.47268738e-04, 9.47268738e-04,
       9.47268738e-04, 6.31512492e-04, 1.26302498e-03, 9.47268738e-04,
       9.47268738e-04, 2.21029366e-03, 3.15756246e-04, 0.,
       2.52604997e-03, 3.15756246e-04, 6.31512492e-04, 0.,
       1.26302498e-03, 2.84180627e-03, 1.57878129e-03, 2.21029366e-03,
       3.15756258e-03, 3.15756246e-04, 3.15756246e-04, 0.,
       1.26302498e-03, 1.26302498e-03, 6.31512492e-04, 1.57878129e-03,
       1.26302498e-03, 6.31512492e-04, 3.15756246e-04, 9.47268738e-04,
       9.47268738e-04, 1.26302498e-03, 1.26302498e-03, 1.26302498e-03,
       0., 5.68361254e-03, 3.15756246e-04, 6.31512492e-04,
       6.31512492e-04, 3.15756246e-04, 1.89453748e-03, 4.10483126e-03,
       1.89453748e-03, 2.52604997e-03, 1.26302498e-03, 0., 0.,
       9.47268738e-04, 2.84180627e-03, 9.47268738e-04, 3.15756258e-03,
       3.15756246e-04, 2.84180627e-03, 3.15756246e-04, 1.26302498e-03,
       1.89453748e-03, 3.15756246e-04, 1.57878129e-03, 3.15756246e-04,
       1.26302498e-03, 3.15756246e-04, 6.31512492e-04, 2.52604997e-03,
       6.31512492e-04, 9.47268738e-04, 9.47268738e-04, 9.47268738e-04,
       2.84180627e-03, 0., 1.26302498e-03, 6.31512492e-04,
       1.89453748e-03, 6.31512492e-04, 6.31512492e-04, 6.31512492e-04,
       0., 5.36785601e-03, 1.26302498e-03, 2.21029366e-03,
       1.26302498e-03, 6.31512492e-04, 3.15756246e-04, 6.31512492e-04,
       3.15756246e-04, 5.05209994e-03, 6.31512492e-04, 1.89453748e-03,
       1.57878129e-03, 2.84180627e-03, 6.31512492e-04, 1.26302498e-03,
       0., 1.57878129e-03, 6.31512492e-04, 6.31512492e-04, 0.,
       3.15756258e-03, 9.47268738e-04, 5.36785601e-03, 5.99936862e-03,
       2.21029366e-03, 1.57878129e-03, 1.26302498e-03, 0.,
       1.26302498e-03, 1.26302498e-03, 0., 4.10483126e-03,
       6.31512492e-04, 1.26302498e-03, 6.31512492e-04, 6.31512492e-04,
       3.15756246e-04, 3.15756246e-04, 3.15756246e-04, 1.89453748e-03,
       6.31512492e-04, 9.47268738e-04, 5.68361254e-03, 1.57878129e-03,
       6.31512492e-04, 1.26302498e-03, 1.57878129e-03, 6.31512515e-03,
       6.31512492e-04, 9.47268738e-04, 1.26302498e-03, 1.57878129e-03,
       6.31512492e-04, 6.31512492e-04, 9.47268738e-04, 2.84180627e-03,
       1.26302498e-03, 1.57878129e-03, 6.31512492e-04, 0.,
       2.52604997e-03, 9.47268738e-04, 1.26302498e-03, 3.15756246e-04,
       1.89453748e-03, 0., 2.21029366e-03, 3.15756246e-04,
       6.31512492e-04, 3.15756246e-04, 1.26302498e-03, 6.31512492e-04,
       1.57878129e-03, 3.15756246e-04, 1.57878129e-03, 2.84180627e-03,
       3.15756246e-04, 3.15756246e-04, 1.89453748e-03, 2.21029366e-03,
       6.31512492e-04, 1.26302498e-03, 3.15756246e-04, 3.78907495e-03,
       9.47268738e-04, 2.84180627e-03, 1.89453748e-03, 9.47268738e-04,
       9.47268738e-04, 9.47268738e-04, 6.31512492e-04, 3.15756246e-04,
       3.15756246e-04, 6.31512492e-04, 9.47268738e-04, 6.31512492e-04,
       1.26302498e-03, 6.31512492e-04, 6.31512492e-04, 6.31512492e-04,
