%YAML:1.0
m50n: !!opencv-matrix
   rows: 1
   cols: 800
   dt: f
   data: [ 0., 0., 0., 1.16890704e-03, 5.84453519e-04, 1.75336050e-03,
       0., 5.26008150e-03, 1.46113383e-02, 0., 5.84453519e-04,
       1.16890704e-03, 5.84453519e-04, 0., 5.84453519e-04,
       1.05201630e-02, 0., 5.84453519e-04, 2.33781408e-03,
       1.16890704e-03, 1.16890704e-03, 2.92226765e-03, 0.,
       5.84453519e-04, 5.84453519e-04, 5.84453519e-04, 0., 0.,
       5.84453519e-04, 1.16890704e-03, 1.28579773e-02, 1.16890704e-03,
       0., 0., 1.16890704e-03, 1.75336050e-03, 3.50672100e-03,
       5.84453519e-04, 1.75336050e-03, 5.84453519e-04, 0., 0., 0.,
       5.84453519e-04, 5.84453519e-04, 0., 0., 1.16890704e-03, 0., 0.,
       5.84453519e-04, 5.84453519e-04, 6.42898865e-03, 5.84453519e-04,
       0., 3.50672100e-03, 5.84453531e-03, 1.16890704e-03, 0., 0., 0.,
       1.16890704e-03, 2.33781408e-03, 2.33781408e-03, 0.,
       5.84453519e-04, 1.16890704e-03, 3.50672100e-03, 0.,
       5.84453519e-04, 5.84453519e-04, 4.67562815e-03, 1.75336050e-03,
       1.16890704e-03, 0., 4.09117481e-03, 5.84453519e-04,
       5.84453519e-04, 3.50672100e-03, 2.33781408e-03, 0.,
       3.50672100e-03, 1.16890704e-03, 5.84453519e-04, 2.39625946e-02,
       1.16890704e-03, 0., 0., 1.75336050e-03, 1.11046173e-02,
       2.33781408e-03, 1.16890704e-03, 0., 0., 0., 5.84453519e-04,
       2.33781408e-03, 1.16890704e-03, 1.16890704e-03, 5.84453519e-04,
       0., 1.75336050e-03, 0., 3.50672100e-03, 6.42898865e-03, 0.,
       5.84453519e-04, 1.16890704e-03, 0., 0., 1.16890704e-03, 0., 0.,
       1.16890704e-03, 0., 1.75336050e-03, 0., 2.33781408e-03, 0.,
       2.33781408e-03, 5.84453519e-04, 0., 0., 1.75336050e-03,
       5.84453519e-04, 0., 1.16890704e-03, 4.09117481e-03,
       5.84453519e-04, 0., 2.92226765e-03, 1.16890704e-03, 0.,
       5.84453519e-04, 0., 0., 5.84453519e-04, 0., 5.84453519e-04,
       5.84453519e-04, 0., 1.16890704e-03, 1.16890704e-03, 0.,
       4.67562815e-03, 5.84453519e-04, 0., 1.16890704e-03,
       5.84453519e-04, 5.84453519e-04, 5.84453519e-04, 1.75336050e-03,
       2.33781408e-03, 4.09117481e-03, 5.84453519e-04, 0.,
       3.50672100e-03, 2.33781408e-03, 5.84453519e-04, 5.84453519e-04,
       2.92226765e-03, 0., 0., 5.84453519e-04, 5.84453519e-04,
       5.84453519e-04, 0., 5.84453519e-04, 1.16890704e-03, 0., 0.,
       5.84453519e-04, 0., 0., 1.16890704e-03, 0., 0., 1.16890704e-03,
       0., 3.50672100e-03, 0., 1.75336050e-03, 1.16890706e-02, 0.,
       5.84453519e-04, 1.16890704e-03, 5.84453519e-04, 1.16890704e-03,
       5.84453519e-04, 0., 1.16890704e-03, 0., 2.92226765e-03, 0., 0.,
       5.84453519e-04, 1.75336050e-03, 1.16890704e-03, 0.,
       5.84453519e-04, 0., 0., 1.16890704e-03, 0., 4.09117481e-03,
       5.84453519e-04, 1.16890704e-03, 5.26008150e-03, 5.84453519e-04,
       0., 0., 2.33781408e-03, 2.92226765e-03, 0., 0., 0.,
       1.57802459e-02, 0., 2.33781408e-03, 0., 2.33781408e-03,
       1.16890704e-03, 2.33781408e-03, 4.09117481e-03, 1.16890704e-03,
       0., 5.84453519e-04, 0., 5.84453519e-04, 5.84453519e-04, 0., 0.,
       1.16890704e-03, 0., 0., 5.84453519e-04, 5.84453519e-04,
       5.84453519e-04, 0., 6.42898865e-03, 0., 2.92226765e-03, 0.,
       2.33781408e-03, 0., 2.92226765e-03, 5.84453531e-03, 0.,
       3.50672100e-03, 0., 5.84453519e-04, 0., 5.84453519e-04,
       2.92226765e-03, 0., 1.75336050e-03, 0., 5.84453519e-04,
       5.84453519e-04, 1.16890704e-03, 0., 0., 1.16890704e-03, 0., 0.,
       0., 4.67562815e-03, 0., 0., 0., 1.16890704e-03, 0.,
       5.84453519e-04, 0., 1.75336050e-03, 0., 0., 1.16890704e-03,
       5.84453519e-04, 1.16890704e-03, 0., 5.84453519e-04, 0., 0.,
       1.75336050e-03, 2.33781408e-03, 2.92226765e-03, 1.75336050e-03,
       0., 0., 0., 0., 5.84453519e-04, 5.84453519e-04, 9.93570965e-03,
       1.16890704e-03, 5.84453519e-04, 0., 1.16890704e-03,
       2.51315013e-02, 1.75336050e-03, 1.75336050e-03, 0., 0., 0.,
       1.16890704e-03, 4.67562815e-03, 1.16890704e-03, 5.84453519e-04,
       5.84453519e-04, 3.50672100e-03, 0., 5.84453519e-04,
       1.16890704e-03, 0., 5.84453519e-04, 1.16890704e-03,
       5.84453519e-04, 5.84453519e-04, 5.84453519e-04, 0.,
       1.16890704e-03, 2.33781408e-03, 5.84453519e-04, 0.,
       1.16890704e-03, 0., 5.84453519e-04, 5.84453519e-04,
       5.84453519e-04, 0., 2.92226765e-03, 5.84453519e-04,
       5.84453519e-04, 1.16890704e-03, 5.84453519e-04, 1.16890704e-03,
       1.16890704e-03, 0., 5.84453519e-04, 0., 0., 0., 1.16890704e-03,
       0., 0., 0., 1.16890704e-03, 5.84453519e-04, 1.16890704e-03, 0.,
       0., 1.75336050e-03, 5.84453519e-04, 1.16890704e-03, 0.,
       5.84453519e-04, 1.75336050e-03, 5.84453519e-04, 0., 0.,
       5.84453519e-04, 1.16890704e-03, 0., 5.84453519e-04, 0.,
       5.84453519e-04, 0., 1.16890704e-03, 0., 1.16890704e-03, 0.,
       5.84453519e-04, 5.84453519e-04, 5.84453519e-04, 0., 0., 0., 0.,
       1.16890704e-03, 1.16890704e-03, 1.16890704e-03, 1.16890706e-02,
       0., 5.84453519e-04, 0., 0., 1.75336050e-03, 1.16890704e-03,
       2.33781408e-03, 0., 2.92226765e-03, 9.93570965e-03,
       2.92226765e-03, 0., 0., 4.67562815e-03, 0., 0., 0.,
       5.84453519e-04, 0., 0., 0., 0., 5.84453519e-04, 0., 0.,
       1.16890704e-03, 5.84453519e-04, 2.92226765e-03, 1.16890704e-03,
       2.33781408e-03, 2.33781408e-03, 0., 0., 5.84453519e-04, 0., 0.,
       1.16890704e-03, 1.16890704e-03, 0., 0., 5.84453519e-04,
       5.84453519e-04, 1.75336050e-03, 1.16890704e-03, 2.33781408e-03,
       1.16890704e-03, 5.84453519e-04, 9.35125630e-03, 0., 0.,
       3.50672100e-03, 4.09117481e-03, 2.92226765e-03, 1.75336050e-03,
       0., 0., 5.84453519e-04, 0., 0., 6.42898865e-03, 0., 0.,
       1.16890704e-03, 2.92226765e-03, 5.84453519e-04, 1.75336050e-03,
       1.16890704e-03, 0., 1.75336050e-03, 6.42898865e-03, 0., 0.,
       1.16890704e-03, 0., 0., 0., 7.59789580e-03, 0., 0., 0.,
       5.84453519e-04, 0., 0., 2.92226765e-03, 3.50672100e-03,
       1.75336050e-03, 5.84453519e-04, 2.33781408e-03, 0., 0.,
       2.33781408e-03, 1.16890704e-03, 0., 1.16890704e-03, 0., 0.,
       1.16890704e-03, 1.16890704e-03, 0., 0., 1.16890704e-03,
       1.16890704e-03, 0., 1.16890704e-03, 5.84453519e-04, 0.,
       2.92226765e-03, 2.92226765e-03, 0., 5.84453519e-04,
       5.84453519e-04, 5.84453519e-04, 5.84453519e-04, 1.16890704e-03,
       1.75336050e-03, 5.84453519e-04, 0., 2.33781408e-03, 0.,
       5.84453519e-04, 4.09117481e-03, 4.67562815e-03, 4.09117481e-03,
       0., 1.16890704e-03, 3.50672100e-03, 6.42898865e-03,
       5.84453519e-04, 5.84453519e-04, 0., 5.84453519e-04,
       1.16890704e-03, 0., 5.84453519e-04, 1.16890704e-03,
       5.84453519e-04, 1.75336050e-03, 0., 1.16890704e-03,
       5.84453519e-04, 1.16890704e-03, 1.16890704e-03, 0., 0., 0.,
       1.16890704e-03, 1.16890704e-03, 0., 0., 5.84453519e-04, 0., 0.,
       0., 1.16890704e-03, 5.84453519e-04, 0., 1.75336050e-03,
       5.84453519e-04, 0., 1.16890704e-03, 1.16890704e-03, 0.,
       5.84453519e-04, 1.16890704e-03, 0., 5.84453519e-04,
       5.84453519e-04, 0., 7.01344199e-03, 5.84453519e-04,
       5.84453519e-04, 1.34424306e-02, 1.16890704e-03, 0., 0.,
       5.26008150e-03, 1.16890704e-03, 1.16890704e-03, 5.84453519e-04,
       5.84453519e-04, 0., 0., 0., 5.84453519e-04, 5.26008150e-03,
       4.09117481e-03, 0., 0., 0., 0., 5.84453519e-04, 5.84453519e-04,
       5.84453519e-04, 7.01344199e-03, 2.33781408e-03, 4.67562815e-03,
       0., 0., 0., 0., 5.84453519e-04, 9.93570965e-03, 5.84453519e-04,
       5.84453519e-04, 5.84453519e-04, 0., 0., 0., 1.16890704e-03,
       4.09117481e-03, 1.22735240e-02, 5.84453519e-04, 0.,
       5.84453519e-04, 1.75336050e-03, 5.84453519e-04, 0.,
       5.84453519e-04, 2.33781408e-03, 5.84453519e-04, 5.84453519e-04,
       5.84453531e-03, 0., 1.16890704e-03, 0., 0., 2.33781408e-03, 0.,
       1.75336050e-03, 0., 0., 1.16890704e-03, 0., 2.33781408e-03,
       5.84453519e-04, 0., 5.84453519e-04, 5.84453519e-04,
