%YAML:1.0
m50n: !!opencv-matrix
   rows: 1
   cols: 800
   dt: f
   data: [ 1.07797340e-03, 1.79662241e-03, 1.43729791e-03,
       1.79662241e-03, 7.18648953e-04, 1.43729791e-03, 3.59324476e-04,
       1.07797340e-03, 7.18648953e-04, 7.18648953e-04, 7.18648953e-04,
       3.59324476e-04, 7.18648953e-04, 1.07797340e-03, 3.59324476e-04,
       1.43729791e-03, 3.59324476e-04, 1.43729791e-03, 3.59324476e-04,
       1.07797340e-03, 1.07797340e-03, 3.59324476e-04, 1.07797340e-03,
       2.15594680e-03, 7.18648965e-03, 7.18648953e-04, 1.07797340e-03,
       7.18648953e-04, 2.87459581e-03, 1.07797340e-03, 3.59324476e-04,
       1.79662241e-03, 7.18648953e-04, 1.43729791e-03, 0.,
       1.43729791e-03, 7.18648953e-04, 7.18648953e-04, 3.59324476e-04,
       2.15594680e-03, 3.59324476e-04, 5.03054261e-03, 7.18648953e-04,
       2.51527131e-03, 3.59324476e-04, 1.79662241e-03, 1.07797340e-03,
       3.59324482e-03, 7.18648953e-04, 1.43729791e-03, 3.59324476e-04,
       0., 7.18648953e-04, 3.59324476e-04, 3.59324476e-04,
       3.59324476e-04, 5.03054261e-03, 2.15594680e-03, 0.,
       1.07797340e-03, 7.18648953e-04, 1.79662241e-03, 6.10851590e-03,
       1.07797340e-03, 3.59324476e-04, 1.07797340e-03, 1.07797340e-03,
       2.15594680e-03, 3.59324476e-04, 2.15594680e-03, 1.07797340e-03,
       1.79662241e-03, 3.59324476e-04, 2.51527131e-03, 2.87459581e-03,
       3.59324476e-04, 2.87459581e-03, 7.18648953e-04, 3.59324476e-04,
       1.43729791e-03, 3.59324476e-04, 3.59324476e-04, 1.43729791e-03,
       0., 1.07797340e-03, 3.59324482e-03, 0., 1.43729791e-03,
       1.07797340e-03, 2.15594680e-03, 1.79662241e-03, 7.18648953e-04,
       7.18648953e-04, 3.59324476e-04, 7.18648953e-04, 1.07797340e-03,
       1.79662241e-03, 1.07797340e-03, 1.07797340e-03, 3.23392032e-03,
       7.18648953e-04, 3.59324476e-04, 1.43729791e-03, 3.59324476e-04,
       7.18648953e-04, 1.07797340e-03, 1.07797340e-03, 7.18648953e-04,
       1.43729791e-03, 1.07797340e-03, 1.07797340e-03, 3.59324476e-04,
       3.59324476e-04, 0., 7.18648953e-04, 1.07797340e-03, 0.,
       7.18648953e-04, 1.79662241e-03, 2.15594680e-03, 1.07797340e-03,
       3.59324476e-04, 2.15594680e-03, 7.18648953e-04, 1.43729791e-03,
       2.15594680e-03, 7.18648953e-04, 7.18648953e-04, 7.18648953e-04,
       7.18648953e-04, 2.15594680e-03, 1.43729791e-03, 5.38986735e-03,
       1.43729791e-03, 1.07797340e-03, 1.40136546e-02, 3.59324476e-04,
       7.18648953e-04, 3.59324476e-04, 3.59324476e-04, 3.59324476e-04,
       1.79662241e-03, 3.59324476e-04, 1.07797340e-03, 7.18648953e-04,
       3.23392032e-03, 0., 4.31189360e-03, 1.07797340e-03,
       1.07797340e-03, 1.07797340e-03, 4.31189360e-03, 1.79662241e-03,
       7.18648953e-04, 1.43729791e-03, 3.59324476e-04, 1.43729791e-03,
       1.79662241e-03, 7.18648953e-04, 7.18648953e-04, 3.59324476e-04,
       1.43729791e-03, 7.18648953e-04, 1.43729791e-03, 7.18648953e-04,
       1.43729791e-03, 7.18648953e-04, 3.59324476e-04, 7.18648953e-04,
       7.18648953e-04, 1.07797340e-03, 3.59324476e-04, 7.18648953e-04,
       1.07797340e-03, 0., 1.07797340e-03, 1.79662241e-03,
       7.90513866e-03, 1.79662241e-03, 1.43729791e-03, 2.51527131e-03,
       7.18648953e-04, 1.07797340e-03, 3.59324476e-04, 3.59324476e-04,
       1.43729791e-03, 1.79662241e-03, 3.59324476e-04, 0.,
       1.07797340e-03, 3.59324476e-04, 1.07797340e-03, 1.79662241e-03,
       3.59324476e-04, 0., 7.18648953e-04, 3.59324476e-04,
       3.59324476e-04, 0., 1.07797340e-03, 1.07797340e-03,
       7.18648953e-04, 2.51527131e-03, 2.76679844e-02, 3.59324476e-04,
       2.15594680e-03, 1.07797340e-03, 1.07797340e-03, 2.87459581e-03,
       6.10851590e-03, 7.18648953e-04, 1.07797340e-03, 2.15594680e-03,
       7.18648953e-04, 3.23392032e-03, 7.18648953e-04, 1.07797340e-03,
       2.87459581e-03, 1.07797340e-03, 1.07797340e-03, 0.,
       1.79662241e-03, 1.07797340e-03, 3.59324476e-04, 1.79662241e-03,
       1.79662241e-03, 7.18648953e-04, 2.15594680e-03, 2.15594680e-03,
       7.54581392e-03, 3.59324476e-04, 1.43729791e-03, 3.59324476e-04,
       5.03054261e-03, 0., 0., 2.51527131e-03, 1.07797340e-03, 0.,
       3.59324476e-04, 7.18648953e-04, 1.43729791e-03, 3.59324476e-04,
       6.10851590e-03, 7.18648953e-04, 1.07797340e-03, 2.51527131e-03,
       1.43729791e-03, 1.79662241e-03, 3.59324476e-04, 2.15594680e-03,
       7.18648953e-04, 2.51527131e-03, 3.23392032e-03, 7.18648953e-04,
       0., 1.07797340e-03, 2.51527131e-03, 3.59324476e-04,
       1.07797340e-03, 1.79662241e-03, 3.59324476e-04, 0., 0.,
       1.79662241e-03, 3.59324476e-04, 1.43729791e-03, 4.31189360e-03,
       3.59324476e-04, 3.59324476e-04, 5.03054261e-03, 1.43729791e-03,
       1.43729791e-03, 7.18648953e-04, 1.07797340e-03, 2.15594680e-03,
       7.18648953e-04, 3.59324482e-03, 1.07797340e-03, 1.43729791e-03,
       1.43729791e-03, 2.15594680e-03, 7.18648953e-04, 1.43729791e-03,
       1.07797340e-03, 3.59324476e-04, 1.07797340e-03, 3.59324476e-04,
       3.59324476e-04, 3.59324476e-04, 7.18648953e-04, 7.18648953e-04,
       1.43729791e-03, 1.07797340e-03, 1.07797340e-03, 7.18648953e-04,
       2.87459581e-03, 7.18648953e-04, 1.07797340e-03, 1.07797340e-03,
       2.51527131e-03, 7.18648953e-04, 1.07797340e-03, 7.18648953e-04,
       1.79662241e-03, 3.59324476e-04, 7.18648953e-04, 1.43729791e-03,
       7.18648953e-04, 2.87459581e-03, 1.07797340e-03, 7.18648953e-04,
       0., 1.07797340e-03, 2.15594680e-03, 1.43729791e-03,
       1.43729791e-03, 7.18648953e-04, 1.07797340e-03, 2.87459581e-03,
       1.43729791e-03, 7.18648953e-04, 0., 0., 2.15594680e-03, 0.,
       3.59324476e-04, 3.23392032e-03, 1.07797340e-03, 1.07797340e-03,
       2.15594680e-03, 0., 3.59324476e-04, 2.51527131e-03, 0.,
       5.74919162e-03, 0., 7.18648953e-04, 1.07797340e-03,
       3.59324476e-04, 1.43729791e-03, 3.59324476e-04, 1.07797340e-03,
       7.18648953e-04, 1.07797340e-03, 7.18648953e-04, 1.43729791e-03,
       3.59324476e-04, 3.59324476e-04, 5.38986735e-03, 0., 0.,
       3.59324476e-04, 1.07797340e-03, 1.43729791e-03, 0.,
       3.59324476e-04, 1.07797340e-03, 3.59324476e-04, 5.38986735e-03,
       3.59324476e-04, 3.59324476e-04, 1.43729791e-03, 3.59324476e-04,
       7.18648953e-04, 7.18648953e-04, 1.43729791e-03, 1.07797340e-03,
       7.90513866e-03, 1.07797340e-03, 7.18648953e-04, 2.51527131e-03,
       2.87459581e-03, 1.07797340e-03, 3.59324476e-04, 0., 0., 0.,
       1.79662241e-03, 1.07797340e-03, 2.15594680e-03, 0.,
       1.07797340e-03, 3.59324476e-04, 1.43729791e-03, 0.,
       7.18648953e-04, 1.07797340e-03, 5.38986735e-03, 1.43729791e-03,
       1.43729791e-03, 7.18648965e-03, 0., 3.95256933e-03,
       1.07797340e-03, 3.59324476e-04, 3.23392032e-03, 3.59324476e-04,
       0., 7.18648953e-04, 3.59324476e-04, 3.59324476e-04,
       1.79662241e-03, 3.59324476e-04, 3.59324476e-04, 0.,
       3.59324476e-04, 1.07797340e-03, 2.51527131e-03, 7.18648953e-04,
       2.15594680e-03, 1.43729791e-03, 1.07797340e-03, 1.07797340e-03,
       2.51527131e-03, 2.87459581e-03, 1.79662241e-03, 1.07797340e-03,
       1.07797340e-03, 7.18648953e-04, 2.51527131e-03, 0.,
       3.59324476e-04, 1.07797340e-03, 0., 7.18648953e-04,
       1.43729791e-03, 3.59324476e-04, 2.15594680e-03, 2.87459581e-03,
       1.43729791e-03, 1.07797340e-03, 0., 1.07797340e-03,
       7.18648953e-04, 1.43729791e-03, 1.43729791e-03, 1.07797340e-03,
       1.43729791e-03, 1.43729791e-03, 0., 0., 3.59324476e-04,
       7.18648953e-04, 1.07797340e-03, 7.18648953e-04, 3.23392032e-03,
       1.07797340e-03, 7.18648953e-04, 1.79662241e-03, 1.43729791e-03,
       3.95256933e-03, 1.43729791e-03, 3.23392032e-03, 3.59324476e-04,
       2.15594680e-03, 1.79662241e-03, 3.59324476e-04, 3.59324476e-04,
       2.87459581e-03, 1.07797340e-03, 3.59324476e-04, 2.51527131e-03,
       3.59324476e-04, 1.79662241e-03, 0., 0., 0., 0., 1.43729791e-03,
       3.59324476e-04, 0., 3.59324476e-04, 1.07797340e-03,
       7.18648953e-04, 0., 3.59324476e-04, 7.18648953e-04,
