%YAML:1.0
m50n: !!opencv-matrix
   rows: 1
   cols: 800
   dt: f
   data: [ 1.87406305e-03, 1.49925041e-03, 2.99850083e-03,
       1.12443778e-03, 1.12443778e-03, 0., 0., 0., 7.49625207e-04,
       4.12293850e-03, 1.12443778e-03, 1.87406305e-03, 3.74812604e-04,
       1.87406305e-03, 1.49925041e-03, 4.12293850e-03, 0., 0.,
       1.12443778e-03, 3.74812604e-04, 3.74812604e-04, 3.74812604e-04,
       2.24887556e-03, 4.87256376e-03, 7.49625207e-04, 1.12443778e-03,
       3.74812604e-04, 7.49625207e-04, 2.99850083e-03, 1.87406305e-03,
       2.99850083e-03, 3.37331346e-03, 1.87406305e-03, 7.49625207e-04,
       3.74812604e-04, 0., 7.49625207e-04, 0., 1.12443778e-03, 0.,
       7.49625207e-04, 0., 7.49625207e-04, 3.74812604e-04,
       1.49925041e-03, 0., 1.12443778e-03, 2.24887556e-03,
       3.74812604e-04, 7.49625207e-04, 1.12443778e-03, 1.12443778e-03,
       1.87406305e-03, 2.24887556e-03, 1.49925041e-03, 7.49625207e-04,
       0., 2.99850083e-03, 1.12443778e-03, 0., 2.62368820e-03, 0.,
       1.12443778e-03, 3.74812604e-04, 7.49625207e-04, 0.,
       7.49625207e-04, 3.74812604e-04, 1.12443778e-03, 7.49625207e-04,
       7.49625207e-04, 0., 1.87406305e-03, 3.74812604e-04,
       4.12293850e-03, 3.74812604e-04, 7.49625207e-04, 0.,
       7.49625207e-04, 2.24887556e-03, 1.87406305e-03, 2.24887556e-03,
       2.24887556e-03, 0., 1.12443778e-03, 1.12443778e-03,
       7.49625207e-04, 7.49625207e-04, 7.49625207e-04, 1.12443778e-03,
       1.12443778e-03, 2.62368820e-03, 7.49625207e-04, 0.,
       3.74812604e-04, 0., 0., 2.24887556e-03, 1.12443778e-03, 0.,
       3.74812604e-04, 1.49925041e-03, 1.87406305e-03, 1.87406305e-03,
       0., 5.24737639e-03, 1.87406305e-03, 1.87406305e-03,
       2.62368820e-03, 1.12443778e-03, 1.12443778e-03, 1.49925041e-03,
       1.87406305e-03, 7.49625207e-04, 0., 3.74812604e-04,
       3.74812610e-03, 1.49925041e-03, 1.87406305e-03, 1.12443778e-03,
       0., 7.49625207e-04, 0., 1.49925041e-03, 0., 1.87406305e-03,
       1.49925041e-03, 0., 4.87256376e-03, 7.49625207e-04,
       5.99700166e-03, 3.74812604e-04, 2.62368820e-03, 3.74812604e-04,
       1.87406305e-03, 1.12443778e-03, 1.87406305e-03, 0.,
       7.49625207e-04, 0., 7.49625207e-04, 7.49625207e-04, 0.,
       1.12443778e-03, 0., 0., 3.74812604e-04, 7.49625207e-04,
       3.74812604e-04, 1.12443778e-03, 7.49625207e-04, 0.,
       7.49625207e-04, 1.87406305e-03, 0., 0., 1.49925041e-03,
       1.49925041e-03, 0., 1.49925041e-03, 3.74812604e-04,
       2.24887556e-03, 1.87406305e-03, 0., 7.49625207e-04, 0., 0.,
       7.49625207e-04, 3.74812604e-04, 0., 1.49925041e-03,
       1.12443778e-03, 0., 0., 0., 1.49925041e-03, 1.12443778e-03,
       3.74812604e-04, 1.12443778e-03, 3.74812604e-04, 1.87406305e-03,
       1.87406305e-03, 2.99850083e-03, 0., 2.62368820e-03,
       3.74812604e-04, 2.24887556e-03, 0., 0., 2.62368820e-03,
       3.37331346e-03, 1.49925041e-03, 1.87406305e-03, 7.49625207e-04,
       7.49625207e-04, 7.49625207e-04, 1.87406305e-03, 1.12443778e-03,
       7.49625207e-04, 4.12293850e-03, 1.87406305e-03, 1.49925041e-03,
       1.49925041e-03, 8.24587699e-03, 3.74812604e-04, 3.74812604e-04,
       4.49775113e-03, 1.49925041e-03, 7.49625207e-04, 0.,
       2.62368820e-03, 5.24737639e-03, 4.12293850e-03, 3.74812604e-04,
       3.74812604e-04, 0., 7.49625207e-04, 7.49625207e-04,
       2.62368820e-03, 1.12443778e-03, 1.87406305e-03, 3.74812604e-04,
       0., 1.12443778e-03, 1.12443778e-03, 3.74812604e-04,
       1.87406305e-03, 1.87406305e-03, 0., 1.49925041e-03, 0.,
       2.62368820e-03, 3.74812604e-04, 5.24737639e-03, 3.74812604e-04,
       3.74812610e-03, 3.74812610e-03, 1.12443778e-03, 7.49625207e-04,
       0., 1.87406305e-03, 3.74812610e-03, 3.74812604e-04,
       2.62368820e-03, 7.49625207e-04, 3.37331346e-03, 0.,
       2.99850083e-03, 0., 1.49925041e-03, 7.49625207e-04,
       7.49625207e-04, 2.62368820e-03, 0., 0., 1.87406305e-03,
       2.62368820e-03, 3.74812604e-04, 1.12443778e-03, 1.87406305e-03,
       0., 1.49925041e-03, 0., 7.49625207e-04, 0., 7.49625207e-04,
       3.74812604e-04, 3.74812604e-04, 3.74812604e-04, 1.12443778e-03,
       1.87406305e-03, 2.99850083e-03, 3.37331346e-03, 3.74812604e-04,
       2.62368820e-03, 3.74812604e-04, 3.74812604e-04, 0.,
       7.49625207e-04, 3.74812604e-04, 1.49925041e-03, 1.12443778e-03,
       7.49625207e-04, 0., 1.49925041e-03, 4.87256376e-03,
       1.49925041e-03, 3.74812604e-04, 0., 1.12443778e-03,
       3.74812604e-04, 7.49625207e-04, 1.12443778e-03, 1.49925041e-03,
       1.87406305e-03, 2.24887556e-03, 1.49925041e-03, 1.12443778e-03,
       1.49925041e-03, 1.49925041e-03, 0., 7.49625207e-04,
       1.87406305e-03, 7.49625219e-03, 7.49625207e-04, 0.,
       1.12443778e-03, 3.74812604e-04, 2.62368820e-03, 1.12443778e-03,
       2.99850083e-03, 1.49925041e-03, 2.99850083e-03, 0.,
       1.49925041e-03, 1.12443778e-03, 0., 7.49625207e-04,
       3.74812604e-04, 0., 1.49925041e-03, 1.12443778e-03,
       1.12443778e-03, 1.49925041e-03, 1.12443778e-03, 1.12443778e-03,
       1.12443778e-03, 3.74812604e-04, 3.74812604e-04, 1.87406305e-03,
       3.74812604e-04, 2.62368820e-03, 1.49925041e-03, 0.,
       3.74812604e-04, 1.12443778e-03, 1.49925041e-03, 3.74812604e-04,
       7.49625207e-04, 2.62368820e-03, 3.74812604e-04, 1.87406305e-03,
       1.49925041e-03, 2.62368820e-03, 7.49625207e-04, 1.49925041e-03,
       3.74812604e-04, 7.49625207e-04, 0., 1.12443778e-03, 0., 0.,
       3.74812604e-04, 1.49925041e-03, 0., 3.74812610e-03,
       2.24887556e-03, 1.87406305e-03, 1.49925041e-03, 1.87406305e-03,
       7.49625207e-04, 3.74812604e-04, 7.49625207e-04, 7.49625207e-04,
       2.62368820e-03, 8.62068962e-03, 3.74812604e-04, 3.74812604e-04,
       3.74812604e-04, 1.87406305e-03, 1.49925041e-03, 2.24887556e-03,
       0., 7.49625207e-04, 2.24887556e-03, 3.74812604e-04,
       3.74812604e-04, 1.12443778e-03, 0., 7.49625207e-04,
       1.12443778e-03, 7.49625207e-04, 1.49925041e-03, 1.12443778e-03,
       3.74812604e-04, 7.49625207e-04, 0., 1.12443778e-03,
       1.12443778e-03, 1.12443778e-03, 1.49925041e-03, 3.74812604e-04,
       1.12443778e-03, 3.37331346e-03, 1.87406305e-03, 0.,
       3.74812604e-04, 1.49925041e-03, 4.49775113e-03, 3.74812604e-04,
       3.74812604e-04, 2.62368820e-03, 3.74812604e-04, 4.49775113e-03,
       0., 1.49925041e-03, 1.12443778e-03, 3.74812604e-04,
       1.49925041e-03, 7.49625207e-04, 7.49625207e-04, 3.74812604e-04,
       0., 1.87406305e-03, 1.12443778e-03, 7.49625207e-04,
       7.49625207e-04, 0., 7.49625207e-04, 3.37331346e-03,
       3.74812604e-04, 0., 1.12443778e-03, 3.74812604e-04, 0.,
       2.24887556e-03, 2.24887556e-03, 7.49625207e-04, 3.74812604e-04,
       3.74812604e-04, 1.49925041e-03, 0., 1.12443781e-02,
       1.12443778e-03, 2.62368820e-03, 7.49625207e-04, 3.74812604e-04,
       0., 1.87406305e-03, 0., 7.49625207e-04, 1.12443778e-03,
       3.74812604e-04, 2.24887556e-03, 1.49925041e-03, 1.49925041e-03,
       0., 7.49625207e-04, 3.74812604e-04, 7.49625207e-04,
       3.74812604e-04, 1.12443778e-03, 3.74812604e-04, 1.49925041e-03,
       1.87406305e-03, 3.74812610e-03, 0., 1.12443778e-03,
       1.49925041e-03, 1.87406305e-03, 1.12443778e-03, 3.74812604e-04,
       3.74812604e-04, 2.24887556e-03, 1.49925041e-03, 3.74812604e-04,
       3.74812604e-04, 5.62218903e-03, 3.74812604e-04, 0.,
       7.49625207e-04, 0., 3.74812604e-04, 2.24887556e-03, 0.,
       1.12443778e-03, 1.49925041e-03, 0., 1.87406305e-03,
       7.49625207e-04, 3.74812604e-04, 7.49625207e-04, 3.74812604e-04,
       1.12443778e-03, 7.49625207e-04, 0., 1.49925041e-03,
       2.62368820e-03, 0., 7.49625207e-04, 2.99850083e-03,
       7.49625207e-04, 1.12443778e-03, 1.87406305e-03, 3.74812604e-04,
       5.24737639e-03, 7.49625207e-04, 3.74812604e-04, 0.,
       3.74812604e-04, 3.37331346e-03, 3.74812604e-04, 1.49925041e-03,
       3.74812604e-04, 1.49925041e-03, 3.37331346e-03, 0.,
       1.87406305e-03, 3.74812604e-04, 2.99850083e-03, 7.49625207e-04,
