%YAML:1.0
m50n: !!opencv-matrix
   rows: 1
   cols: 800
   dt: f
   data: [ 8.00961163e-04, 3.20384465e-03, 1.60192233e-03,
       2.00240291e-03, 2.40288349e-03, 0., 8.00961163e-04, 0., 0.,
       2.00240291e-03, 2.00240291e-03, 4.00480581e-04, 3.60432523e-03,
       3.20384465e-03, 4.00480581e-04, 1.60192233e-03, 2.00240291e-03,
       4.00480581e-04, 4.00480581e-04, 1.60192233e-03, 8.00961163e-04,
       4.40528616e-03, 1.20144174e-03, 1.20144174e-03, 4.00480581e-04,
       1.20144174e-03, 1.20144174e-03, 2.40288349e-03, 2.80336407e-03,
       2.00240291e-03, 1.60192233e-03, 2.00240291e-03, 0.,
       1.20144174e-03, 8.00961163e-04, 1.60192233e-03, 0., 0.,
       2.80336407e-03, 0., 2.80336407e-03, 2.00240291e-03, 0.,
       1.20144174e-03, 8.00961163e-04, 8.00961163e-04, 8.00961163e-04,
       2.40288349e-03, 0., 0., 2.80336407e-03, 4.00480581e-04, 0.,
       8.00961163e-04, 1.60192233e-03, 2.40288349e-03, 1.20144174e-03,
       1.20144174e-03, 2.00240291e-03, 4.00480581e-04, 4.00480581e-03,
       0., 1.20144174e-03, 8.00961163e-04, 4.00480581e-04, 0.,
       4.00480581e-04, 8.00961163e-04, 1.20144174e-03, 0.,
       8.00961163e-04, 4.00480581e-04, 1.60192233e-03, 1.20144174e-03,
       1.20144174e-03, 8.00961163e-04, 4.00480581e-04, 4.00480581e-04,
       2.00240291e-03, 1.20144174e-03, 0., 8.00961163e-04,
       2.00240291e-03, 1.20144174e-03, 4.00480581e-03, 4.00480581e-04,
       8.00961163e-04, 2.80336407e-03, 4.00480581e-04, 5.20624779e-03,
       1.20144174e-03, 4.00480581e-04, 4.00480581e-04, 4.00480581e-04,
       1.20144174e-03, 4.00480581e-04, 4.00480581e-04, 2.40288349e-03,
       1.20144174e-03, 8.00961163e-04, 1.20144174e-03, 1.20144174e-03,
       2.00240291e-03, 6.40768930e-03, 1.20144174e-03, 6.80817012e-03,
       4.80576698e-03, 8.00961163e-04, 2.00240291e-03, 1.60192233e-03,
       0., 4.00480581e-04, 9.21105314e-03, 8.00961163e-04,
       2.00240291e-03, 0., 1.60192233e-03, 4.00480581e-04,
       5.60672814e-03, 0., 4.00480581e-04, 1.60192233e-03,
       1.20144174e-03, 8.00961163e-04, 8.00961163e-04, 0.,
       3.20384465e-03, 4.00480581e-04, 5.20624779e-03, 0.,
       3.20384465e-03, 2.80336407e-03, 2.00240291e-03, 1.60192233e-03,
       1.20144174e-03, 0., 8.00961163e-04, 1.20144174e-03, 0.,
       3.20384465e-03, 1.20144174e-03, 3.20384465e-03, 8.00961163e-04,
       1.20144174e-03, 8.00961163e-04, 0., 4.00480581e-04,
       2.40288349e-03, 0., 8.00961163e-04, 2.40288349e-03, 0.,
       8.00961163e-04, 1.60192233e-03, 4.00480581e-04, 1.60192233e-03,
       4.00480581e-04, 1.20144174e-03, 0., 4.00480581e-04, 0.,
       3.60432523e-03, 8.00961163e-04, 1.20144174e-03, 8.00961163e-04,
       4.00480581e-04, 0., 4.00480581e-04, 0., 4.00480581e-04,
       8.00961163e-04, 1.20144174e-03, 4.00480581e-04, 1.20144174e-03,
       4.00480581e-04, 8.00961163e-04, 2.80336407e-03, 2.40288349e-03,
       4.00480581e-04, 4.00480581e-04, 1.60192233e-03, 2.40288349e-03,
       4.00480581e-03, 8.00961163e-04, 1.20144174e-03, 4.00480581e-04,
       2.80336407e-03, 4.00480581e-04, 0., 0., 2.40288349e-03,
       1.60192233e-03, 1.60192233e-03, 4.00480581e-04, 4.00480581e-04,
       2.40288349e-03, 2.00240291e-03, 8.00961163e-04, 8.00961163e-04,
       2.00240291e-03, 3.20384465e-03, 1.60192233e-03, 1.20144174e-03,
       3.20384465e-03, 0., 8.00961163e-04, 1.60192233e-03,
       8.00961163e-04, 0., 4.00480581e-04, 4.80576698e-03,
       1.20144174e-03, 1.20144174e-03, 8.00961163e-04, 8.00961163e-04,
       0., 4.00480581e-04, 1.20144174e-03, 1.60192233e-03,
       1.20144174e-03, 3.20384465e-03, 0., 1.60192233e-03,
       1.60192233e-03, 2.40288349e-03, 2.00240291e-03, 4.00480581e-04,
       8.00961163e-04, 4.00480581e-04, 3.20384465e-03, 1.20144174e-03,
       3.60432523e-03, 0., 1.60192233e-03, 8.00961163e-04,
       3.20384465e-03, 2.80336407e-03, 1.60192233e-03, 1.20144174e-03,
       2.40288349e-03, 1.60192233e-03, 2.80336407e-03, 1.60192233e-03,
       1.20144174e-03, 0., 1.60192233e-03, 3.20384465e-03,
       1.60192233e-03, 4.00480581e-04, 2.80336407e-03, 1.20144174e-03,
       1.60192233e-03, 2.80336407e-03, 1.20144174e-03, 4.00480581e-04,
       2.00240291e-03, 2.80336407e-03, 2.80336407e-03, 1.60192233e-03,
       7.20865047e-03, 1.60192233e-03, 0., 8.00961163e-04,
       8.00961163e-04, 1.60192233e-03, 1.60192233e-03, 0.,
       1.20144174e-03, 0., 8.00961163e-04, 1.60192233e-03,
       8.00961163e-04, 1.20144174e-03, 8.00961163e-04, 4.00480581e-04,
       4.00480581e-04, 4.00480581e-04, 0., 1.20144174e-03,
       8.00961163e-04, 1.60192233e-03, 1.20144174e-03, 8.00961163e-04,
       8.00961163e-04, 2.40288349e-03, 1.20144174e-03, 0.,
       8.00961163e-04, 0., 4.00480581e-04, 0., 2.80336407e-03,
       4.00480581e-04, 8.00961163e-04, 2.40288349e-03, 1.20144174e-03,
       1.60192233e-03, 8.00961163e-04, 4.00480581e-04, 4.00480581e-04,
       8.00961163e-04, 2.80336407e-03, 2.80336407e-03, 2.00240291e-03,
       4.00480581e-04, 0., 8.00961163e-04, 4.00480581e-04,
       2.00240291e-03, 2.00240291e-03, 2.40288349e-03, 8.00961163e-04,
       8.00961163e-04, 4.00480581e-04, 1.60192233e-03, 4.40528616e-03,
       1.20144174e-03, 8.00961163e-04, 0., 1.20144174e-03,
       1.60192233e-03, 1.60192233e-03, 0., 2.00240291e-03, 0.,
       4.00480581e-04, 2.40288349e-03, 1.20144174e-03, 0.,
       2.40288349e-03, 1.20144174e-03, 4.00480581e-04, 1.20144174e-03,
       8.00961163e-04, 2.00240291e-03, 1.20144174e-03, 2.80336407e-03,
       0., 0., 1.20144174e-03, 1.20144174e-03, 1.20144174e-03,
       2.00240291e-03, 5.20624779e-03, 2.80336407e-03, 0., 0.,
       4.00480581e-04, 8.00961163e-04, 1.60192233e-03, 2.40288349e-03,
       1.20144174e-03, 0., 2.80336407e-03, 0., 2.00240291e-03,
       2.00240291e-03, 1.20144174e-03, 1.60192233e-03, 2.80336407e-03,
       1.20144174e-03, 8.00961163e-04, 4.00480581e-04, 0.,
       2.40288349e-03, 1.20144174e-03, 2.40288349e-03, 4.00480581e-04,
       0., 4.00480581e-04, 1.60192233e-03, 2.40288349e-03,
       4.00480581e-04, 4.00480581e-04, 1.20144174e-03, 1.20144174e-03,
       0., 8.00961163e-04, 0., 8.00961163e-04, 4.00480581e-04, 0.,
       1.20144174e-03, 0., 4.00480581e-04, 1.60192233e-03,
       1.20144174e-03, 1.20144174e-03, 4.00480581e-04, 2.40288349e-03,
       1.20144174e-03, 2.40288349e-03, 0., 2.40288349e-03,
       1.20144174e-03, 4.00480581e-04, 4.00480581e-04, 1.60192233e-03,
       2.80336407e-03, 8.00961163e-04, 4.00480581e-04, 8.00961163e-04,
       2.00240291e-03, 4.00480581e-04, 8.00961163e-04, 4.00480581e-04,
       4.00480581e-04, 1.20144174e-03, 1.20144174e-03, 4.00480581e-04,
       1.60192233e-03, 1.60192233e-03, 8.00961163e-04, 4.00480581e-03,
       4.00480581e-04, 4.00480581e-04, 4.00480581e-04, 5.20624779e-03,
       4.00480581e-04, 2.00240291e-03, 2.00240291e-03, 4.00480581e-04,
       2.40288349e-03, 0., 4.00480581e-04, 2.00240291e-03,
       8.00961163e-04, 1.60192233e-03, 0., 1.20144174e-03, 0.,
       4.00480581e-04, 4.00480581e-03, 1.20144174e-03, 4.00480581e-03,
       1.20144174e-03, 0., 0., 1.20144174e-03, 0., 1.20144174e-03,
       4.00480581e-04, 0., 2.40288349e-03, 8.00961163e-04,
       4.00480581e-04, 4.00480581e-04, 1.20144174e-03, 2.40288349e-03,
       8.00961163e-04, 1.20144174e-03, 8.00961163e-04, 4.00480581e-04,
       1.20144174e-03, 8.00961163e-04, 8.00961163e-04, 2.00240291e-03,
       0., 1.60192233e-03, 4.00480581e-04, 1.20144174e-03,
       8.00961163e-04, 4.00480581e-04, 1.20144174e-03, 8.00961163e-04,
       0., 4.00480581e-04, 2.80336407e-03, 4.00480581e-04,
       2.00240291e-03, 1.60192233e-03, 8.00961163e-04, 4.00480581e-04,
       2.40288349e-03, 1.20144174e-03, 4.00480581e-04, 8.00961163e-04,
       0., 0., 2.00240291e-03, 0., 4.00480581e-04, 0., 4.00480581e-04,
       0., 0., 4.00480581e-04, 8.00961163e-04, 0., 8.00961163e-04,
       2.80336407e-03, 1.20144174e-03, 1.60192233e-03, 8.00961163e-04,
       4.00480581e-04, 2.40288349e-03, 4.00480581e-04, 0.,
       4.00480581e-04, 4.00480581e-04, 4.40528616e-03, 0.,
