%YAML:1.0
m50n: !!opencv-matrix
   rows: 1
   cols: 800
   dt: f
   data: [ 1.44770183e-03, 7.23850913e-04, 3.61925457e-04,
       1.08577637e-03, 1.44770183e-03, 1.08577637e-03, 3.61925457e-04,
       3.61925457e-04, 0., 3.98118002e-03, 1.08577637e-03,
       3.61925457e-04, 7.23850913e-04, 7.23850913e-04, 5.42888185e-03,
       2.17155274e-03, 1.08577637e-03, 3.61925457e-04, 7.23850913e-04,
       7.23850913e-04, 0., 1.44770183e-03, 1.08577637e-03,
       7.23850913e-03, 7.23850913e-04, 3.61925457e-04, 3.61925457e-04,
       7.23850913e-04, 7.23850913e-03, 1.80962728e-03, 2.53347820e-03,
       3.61925457e-04, 3.61925457e-03, 3.61925457e-04, 3.61925457e-04,
       9.77198780e-03, 3.61925457e-04, 0., 1.08577637e-03, 0.,
       1.80962728e-03, 3.61925457e-04, 3.61925457e-04, 7.23850913e-04,
       1.08577637e-03, 3.25732911e-03, 7.23850913e-04, 4.70503094e-03,
       1.80962728e-03, 3.61925457e-04, 3.61925457e-04, 0.,
       2.89540365e-03, 3.61925457e-04, 1.44770183e-03, 2.17155274e-03,
       0., 2.17155274e-03, 1.08577637e-03, 1.08577637e-03,
       1.08577637e-03, 0., 1.08577637e-03, 3.61925457e-04,
       7.23850913e-04, 7.23850913e-04, 3.25732911e-03, 1.08577637e-03,
       3.25732911e-03, 7.23850913e-04, 3.61925457e-04, 2.17155274e-03,
       2.17155274e-03, 3.61925457e-04, 3.98118002e-03, 7.23850913e-04,
       3.61925457e-04, 0., 1.08577637e-03, 1.08577637e-03,
       1.08577637e-03, 3.61925457e-04, 3.61925457e-04, 2.17155274e-03,
       1.08577637e-03, 1.80962728e-03, 1.08577637e-03, 1.80962728e-03,
       1.08577637e-03, 0., 0., 3.25732911e-03, 7.23850913e-04, 0.,
       1.08577637e-03, 0., 1.44770183e-03, 2.17155274e-03,
       1.08577637e-03, 3.61925457e-04, 1.08577637e-03, 3.61925457e-04,
       1.08577637e-03, 2.53347820e-03, 0., 2.89540365e-03,
       1.08577637e-03, 3.61925457e-04, 1.80962728e-03, 2.53347820e-03,
       2.17155274e-03, 3.61925457e-04, 1.08577637e-03, 0., 0., 0.,
       5.06695639e-03, 3.61925457e-04, 3.98118002e-03, 0.,
       3.61925457e-04, 1.44770183e-03, 7.23850913e-04, 3.61925457e-04,
       3.61925457e-04, 3.61925457e-04, 7.23850913e-04, 3.61925457e-04,
       2.89540365e-03, 2.17155274e-03, 0., 0., 4.34310548e-03,
       2.17155274e-03, 3.61925457e-04, 1.44770183e-03, 1.80962728e-03,
       3.61925457e-04, 1.44770183e-03, 7.23850913e-04, 2.89540365e-03,
       1.80962728e-03, 3.61925457e-04, 2.89540365e-03, 3.61925457e-04,
       0., 3.61925457e-04, 0., 0., 3.61925457e-04, 1.44770183e-03,
       1.80962728e-03, 3.61925457e-04, 3.61925457e-04, 0., 0.,
       3.61925457e-04, 1.80962728e-03, 0., 7.23850913e-04,
       7.23850913e-04, 4.34310548e-03, 7.23850913e-04, 3.61925457e-04,
       3.98118002e-03, 0., 2.17155274e-03, 1.08577637e-03,
       7.23850913e-04, 7.23850913e-04, 1.08577637e-03, 6.15273276e-03,
       3.61925457e-04, 3.61925457e-04, 0., 1.44770183e-03,
       3.61925457e-04, 1.08577637e-03, 1.80962728e-03, 3.61925457e-04,
       1.44770183e-03, 5.06695639e-03, 3.25732911e-03, 1.44770183e-03,
       7.23850913e-04, 7.23850913e-04, 1.44770183e-03, 7.23850913e-04,
       3.61925457e-04, 7.23850913e-04, 1.44770183e-03, 3.61925457e-04,
       1.44770183e-03, 0., 7.23850913e-04, 1.08577637e-03,
       7.23850913e-04, 7.23850913e-04, 2.17155274e-03, 1.80962728e-03,
       0., 1.80962728e-03, 7.23850913e-04, 7.23850913e-04, 0.,
       7.23850913e-04, 3.98118002e-03, 2.53347820e-03, 0., 0.,
       1.08577637e-03, 3.25732911e-03, 2.17155274e-03, 3.61925457e-04,
       0., 3.25732911e-03, 1.08577637e-03, 1.08577637e-03,
       1.44770183e-03, 3.61925457e-04, 7.23850913e-04, 7.96236005e-03,
       2.17155274e-03, 7.23850913e-04, 1.80962728e-03, 1.08577637e-03,
       1.44770183e-03, 1.08577637e-03, 3.61925457e-04, 3.61925457e-03,
       1.80962728e-03, 1.08577637e-03, 3.61925457e-04, 2.89540365e-03,
       1.08577637e-03, 1.44770183e-03, 2.53347820e-03, 3.25732911e-03,
       0., 0., 1.08577637e-03, 3.98118002e-03, 3.61925457e-04,
       3.98118002e-03, 3.61925457e-04, 2.17155274e-03, 3.61925457e-04,
       0., 1.08577637e-03, 1.80962728e-03, 1.08577637e-03,
       7.23850913e-04, 3.61925457e-04, 7.23850913e-04, 7.23850913e-04,
       3.61925457e-04, 1.80962728e-03, 3.25732911e-03, 1.44770183e-03,
       1.44770183e-03, 3.61925457e-04, 3.61925457e-04, 3.61925457e-04,
       1.80962728e-03, 0., 2.17155274e-03, 3.61925457e-04, 0., 0.,
       1.80962728e-03, 1.80962728e-03, 3.98118002e-03, 1.80962728e-03,
       1.44770183e-03, 3.61925457e-04, 7.23850913e-04, 3.61925457e-04,
       1.08577637e-03, 0., 3.61925457e-04, 2.89540365e-03,
       2.17155274e-03, 3.61925457e-04, 3.61925457e-04, 2.89540365e-03,
       2.53347820e-03, 1.80962728e-03, 3.61925457e-04, 0.,
       1.44770183e-03, 0., 1.44770183e-03, 3.61925457e-04,
       7.23850913e-04, 1.80962728e-03, 1.08577637e-03, 1.44770183e-03,
       3.61925457e-04, 7.23850913e-04, 1.80962728e-03, 1.44770183e-03,
       3.61925457e-04, 1.80962728e-03, 3.61925457e-03, 0., 0.,
       1.08577637e-03, 3.61925457e-03, 2.89540365e-03, 2.17155274e-03,
       2.53347820e-03, 4.70503094e-03, 4.34310548e-03, 3.61925457e-04,
       2.17155274e-03, 5.06695639e-03, 3.61925457e-04, 1.44770183e-03,
       0., 0., 7.23850913e-04, 2.53347820e-03, 0., 1.08577637e-03,
       1.44770183e-03, 7.23850913e-04, 2.17155274e-03, 7.23850913e-04,
       3.61925457e-04, 2.53347820e-03, 1.08577637e-03, 1.08577637e-03,
       1.44770183e-03, 1.08577637e-03, 7.23850913e-04, 1.44770183e-03,
       4.34310548e-03, 1.44770183e-03, 0., 1.08577637e-03,
       7.23850913e-04, 7.23850913e-04, 1.08577637e-03, 3.61925457e-04,
       0., 0., 3.61925457e-04, 7.23850913e-04, 3.61925457e-04,
       7.23850913e-04, 1.44770183e-03, 1.80962728e-03, 0.,
       2.53347820e-03, 0., 2.17155274e-03, 3.25732911e-03, 0.,
       3.61925457e-04, 7.23850913e-04, 3.61925457e-04, 7.23850913e-04,
       0., 0., 0., 5.79080731e-03, 7.23850913e-04, 0., 0., 0.,
       6.51465822e-03, 6.51465822e-03, 0., 3.61925457e-04,
       3.61925457e-03, 3.61925457e-04, 0., 3.61925457e-04,
       7.23850913e-04, 0., 3.61925457e-04, 1.80962728e-03, 0.,
       7.23850913e-04, 0., 7.23850913e-04, 1.80962728e-03,
       1.44770183e-03, 3.61925457e-04, 2.89540365e-03, 7.23850913e-04,
       1.08577637e-03, 0., 4.34310548e-03, 1.44770183e-03,
       2.17155274e-03, 1.08577637e-03, 7.23850913e-04, 2.17155274e-03,
       2.17155274e-03, 7.23850913e-04, 1.44770183e-03, 3.61925457e-04,
       2.53347820e-03, 3.61925457e-04, 2.17155274e-03, 0.,
       1.08577637e-03, 2.17155274e-03, 0., 1.08577637e-03,
       1.44770183e-03, 7.23850913e-04, 1.08577637e-03, 0.,
       3.61925457e-04, 0., 0., 3.61925457e-04, 2.89540365e-03,
       3.61925457e-04, 3.61925457e-04, 7.23850913e-04, 0.,
       3.61925457e-04, 3.61925457e-03, 3.25732911e-03, 1.08577637e-03,
       2.53347820e-03, 3.25732911e-03, 0., 2.89540365e-03,
       5.79080731e-03, 0., 1.08577637e-03, 1.08577637e-03,
       1.08577637e-03, 3.61925457e-04, 7.23850913e-04, 7.23850913e-04,
       0., 1.08577637e-03, 3.61925457e-04, 3.61925457e-04,
       3.61925457e-04, 0., 3.61925457e-04, 3.61925457e-04,
       7.23850913e-04, 7.23850913e-04, 1.44770183e-03, 0.,
       7.23850913e-04, 3.98118002e-03, 1.44770183e-03, 1.44770183e-03,
       0., 2.17155274e-03, 1.08577637e-03, 1.08577637e-03,
       1.80962728e-03, 0., 2.53347820e-03, 1.44770183e-03, 0.,
       7.23850913e-04, 7.23850913e-04, 5.42888185e-03, 3.61925457e-04,
       2.17155274e-03, 7.23850913e-04, 3.61925457e-04, 2.17155274e-03,
       0., 3.61925457e-04, 7.23850913e-04, 0., 0., 1.08577637e-03,
       1.80962728e-03, 3.61925457e-04, 3.61925457e-04, 7.23850913e-04,
       3.61925457e-04, 3.61925457e-04, 0., 1.80962728e-03,
       1.08577637e-03, 0., 1.08577637e-03, 1.80962728e-03, 0., 0.,
       3.98118002e-03, 3.61925457e-04, 1.08577637e-03, 3.61925457e-04,
       0., 3.61925457e-04, 3.61925457e-04, 3.61925457e-04,
       3.61925457e-04, 7.23850913e-04, 3.61925457e-04, 1.08577637e-03,
