%YAML:1.0
m50n: !!opencv-matrix
   rows: 1
   cols: 800
   dt: f
   data: [ 0., 1.36425649e-03, 1.36425649e-03, 0., 2.27376074e-03, 0.,
       9.09504306e-04, 0., 4.54752153e-04, 9.09504306e-04,
       2.72851298e-03, 4.54752153e-04, 0., 9.09504306e-04,
       1.81900861e-03, 1.81900861e-03, 4.54752153e-04, 4.54752153e-04,
       0., 0., 9.09504306e-04, 9.09504306e-04, 1.81900861e-03,
       6.82128221e-03, 1.36425649e-03, 4.54752153e-04, 4.54752153e-04,
       9.09504306e-04, 2.27376074e-03, 9.09504306e-04, 3.63801722e-03,
       9.09504306e-04, 3.63801722e-03, 4.09276923e-03, 9.09504306e-04,
       4.54752153e-04, 1.81900861e-03, 9.09504306e-04, 4.54752153e-04,
       0., 4.54752153e-04, 4.54752153e-04, 2.27376074e-03, 0.,
       2.72851298e-03, 3.18326498e-03, 0., 1.36425649e-03,
       9.09504306e-04, 0., 9.09504306e-04, 1.36425649e-03,
       9.09504306e-04, 9.09504306e-04, 0., 4.54752153e-04, 0.,
       3.18326498e-03, 1.36425649e-03, 9.09504306e-04, 1.81900861e-03,
       4.54752153e-04, 4.54752153e-04, 4.54752153e-04, 2.27376074e-03,
       4.54752153e-04, 3.18326498e-03, 3.18326498e-03, 2.72851298e-03,
       9.09504306e-04, 4.54752153e-04, 4.54752153e-04, 4.54752153e-04,
       4.54752153e-04, 9.09504306e-04, 4.54752153e-04, 4.54752153e-04,
       9.09504306e-04, 4.54752153e-04, 2.27376074e-03, 4.54752153e-04,
       0., 4.54752153e-04, 1.36425649e-03, 4.54752153e-04,
       2.72851298e-03, 4.54752153e-04, 0., 4.54752153e-04, 0.,
       4.54752153e-04, 9.09504306e-04, 4.54752153e-04, 0.,
       9.09504306e-04, 2.72851298e-03, 0., 9.09504306e-04,
       1.36425649e-03, 4.54752153e-04, 9.09504306e-04, 9.09504306e-04,
       0., 2.72851298e-03, 9.09504306e-04, 7.27603445e-03,
       1.36425649e-03, 4.54752153e-04, 0., 0., 4.54752153e-04,
       1.36425649e-03, 0., 4.54752153e-04, 5.45702595e-03, 0.,
       5.91177819e-03, 0., 3.18326498e-03, 9.09504306e-04, 0., 0.,
       4.09276923e-03, 4.54752147e-03, 4.54752153e-04, 4.54752153e-04,
       4.54752153e-04, 0., 5.91177819e-03, 4.54752153e-04,
       1.36425649e-03, 0., 3.63801722e-03, 3.18326498e-03, 0.,
       4.54752153e-04, 4.54752153e-04, 4.54752153e-04, 4.54752153e-04,
       1.36425649e-03, 1.36425649e-03, 9.09504306e-04, 0., 0., 0., 0.,
       4.54752153e-04, 4.54752153e-04, 4.54752153e-04, 4.54752153e-04,
       0., 0., 4.54752153e-04, 9.09504306e-04, 9.09504306e-04, 0.,
       9.09504306e-04, 4.54752153e-04, 0., 9.09504306e-04,
       9.09504306e-04, 2.27376074e-03, 3.18326498e-03, 9.09504306e-04,
       4.54752153e-04, 1.81900861e-03, 0., 0., 3.18326498e-03,
       4.54752153e-04, 4.54752153e-04, 2.27376074e-03, 4.54752153e-04,
       0., 3.18326498e-03, 0., 4.54752153e-04, 9.09504306e-04,
       9.09504306e-04, 9.09504306e-04, 4.54752147e-03, 4.54752153e-04,
       9.09504306e-04, 1.36425649e-03, 2.27376074e-03, 1.36425649e-03,
       2.72851298e-03, 9.09504306e-04, 0., 4.09276923e-03,
       2.27376074e-03, 9.09504306e-04, 2.72851298e-03, 9.09504306e-04,
       0., 4.54752153e-04, 2.27376074e-03, 1.36425649e-03,
       1.36425649e-03, 3.18326498e-03, 4.54752153e-04, 0.,
       9.09504306e-04, 1.81900861e-03, 0., 1.36425649e-03,
       3.63801722e-03, 1.81900861e-03, 1.36425649e-03, 4.54752153e-04,
       9.09504306e-04, 4.54752147e-03, 1.36425649e-03, 4.09276923e-03,
       9.09504306e-04, 1.36425649e-03, 1.36425649e-03, 0.,
       9.09504306e-04, 1.36425649e-03, 4.54752153e-04, 0.,
       2.27376074e-03, 9.09504306e-04, 1.36425649e-03, 0.,
       3.18326498e-03, 1.36425649e-03, 4.54752153e-04, 4.54752153e-04,
       1.04592992e-02, 9.09504306e-04, 0., 2.27376074e-03,
       1.81900861e-03, 1.36425649e-03, 3.63801722e-03, 4.54752153e-04,
       9.09504306e-04, 3.18326498e-03, 9.09504306e-04, 9.09504306e-04,
       0., 4.54752153e-04, 9.09504306e-04, 0., 1.36425649e-03,
       4.09276923e-03, 0., 4.54752153e-04, 0., 1.36425649e-03,
       9.09504306e-04, 0., 4.54752153e-04, 1.81900861e-03,
       4.54752153e-04, 3.18326498e-03, 9.09504306e-04, 3.18326498e-03,
       4.54752153e-04, 4.54752153e-04, 9.09504306e-04, 1.81900861e-03,
       0., 4.54752153e-04, 0., 0., 4.54752153e-04, 0., 3.18326498e-03,
       0., 1.36425649e-03, 0., 9.09504306e-04, 4.54752153e-04, 0.,
       9.09504306e-04, 4.54752153e-04, 9.09504306e-04, 2.27376074e-03,
       9.09504306e-04, 9.09504306e-04, 4.54752153e-04, 9.09504306e-04,
       9.09504306e-04, 0., 9.09504306e-04, 3.18326498e-03,
       4.54752147e-03, 1.36425649e-03, 2.27376074e-03, 9.09504306e-04,
       0., 7.27603445e-03, 1.36425649e-03, 9.09504306e-04,
       2.27376074e-03, 1.36425649e-03, 4.54752153e-04, 0.,
       9.09504306e-04, 0., 5.00227371e-03, 0., 4.54752153e-04,
       9.09504306e-04, 4.54752153e-04, 9.09504306e-04, 4.09276923e-03,
       3.18326498e-03, 0., 2.72851298e-03, 4.54752153e-04, 0.,
       9.09504306e-04, 4.54752153e-04, 4.54752153e-04, 3.18326498e-03,
       0., 4.54752153e-04, 9.09504306e-04, 1.36425649e-03, 0.,
       4.54752153e-04, 0., 1.81900861e-03, 0., 1.36425649e-03,
       9.09504306e-04, 1.36425649e-03, 1.36425649e-03, 4.54752153e-04,
       0., 9.09504306e-04, 9.09504306e-04, 4.54752147e-03, 0.,
       4.54752153e-04, 4.54752153e-04, 9.09504306e-04, 4.54752153e-04,
       4.54752153e-04, 9.09504306e-04, 9.09504306e-04, 0., 0., 0.,
       1.36425649e-03, 0., 0., 9.09504306e-04, 4.54752153e-04,
       3.18326498e-03, 1.36425649e-03, 9.09504306e-04, 9.09504306e-04,
       4.54752153e-04, 4.54752153e-04, 1.36425649e-03, 2.72851298e-03,
       4.54752153e-04, 4.54752153e-04, 0., 5.00227371e-03,
       1.09140519e-02, 1.81900861e-03, 9.09504306e-04, 9.09504306e-04,
       4.54752153e-04, 3.63801722e-03, 2.72851298e-03, 9.09504306e-04,
       9.09504306e-04, 1.36425649e-03, 4.54752153e-04, 0.,
       4.54752153e-04, 1.36425649e-03, 4.54752153e-04, 6.36652997e-03,
       9.09504306e-04, 9.09504306e-04, 4.54752153e-04, 1.31878126e-02,
       0., 0., 4.54752153e-04, 0., 3.63801722e-03, 9.09504306e-04, 0.,
       0., 9.09504306e-04, 9.09504306e-04, 0., 3.18326498e-03,
       9.09504306e-04, 1.36425649e-03, 0., 0., 9.09504306e-04,
       9.09504306e-04, 0., 9.09504306e-04, 9.09504306e-04,
       2.72851298e-03, 0., 2.72851298e-03, 1.81900861e-03, 0.,
       2.72851298e-03, 4.54752153e-04, 2.27376074e-03, 4.54752153e-04,
       0., 0., 2.27376074e-03, 4.54752153e-04, 9.09504306e-04,
       1.81900861e-03, 4.54752153e-04, 4.54752153e-04, 0.,
       2.72851298e-03, 1.81900861e-03, 1.36425649e-03, 1.36425649e-03,
       0., 2.27376074e-03, 9.09504306e-04, 0., 8.64029117e-03,
       9.09504306e-04, 1.36425649e-03, 2.27376074e-03, 0.,
       1.36425649e-03, 2.27376074e-03, 4.54752153e-04, 9.09504306e-04,
       4.54752153e-04, 4.54752153e-04, 1.36425649e-03, 2.72851298e-03,
       1.81900861e-03, 6.82128221e-03, 0., 4.54752153e-04,
       1.81900861e-03, 9.09504306e-04, 4.54752153e-04, 4.54752153e-04,
       3.18326498e-03, 3.18326498e-03, 9.09504306e-04, 7.73078669e-03,
       0., 0., 4.54752153e-04, 2.72851298e-03, 3.18326498e-03,
       1.81900861e-03, 4.54752153e-04, 1.36425649e-03, 0.,
       4.54752153e-04, 4.09276923e-03, 2.27376074e-03, 1.81900861e-03,
       0., 0., 1.81900861e-03, 1.81900861e-03, 1.36425649e-03,
       9.09504306e-04, 9.09504306e-04, 4.54752153e-04, 3.18326498e-03,
       4.54752153e-04, 9.09504306e-04, 0., 0., 0., 4.54752153e-04, 0.,
       1.36425649e-03, 4.54752147e-03, 0., 2.27376074e-03,
       1.36425649e-03, 4.54752153e-04, 9.09504306e-04, 5.91177819e-03,
       4.54752153e-04, 4.54752153e-04, 4.54752153e-04, 4.54752153e-04,
       4.54752153e-04, 0., 9.09504306e-04, 3.18326498e-03,
       4.54752153e-04, 2.72851298e-03, 0., 5.45702595e-03,
       2.27376074e-03, 1.81900861e-03, 1.36425649e-03, 2.27376074e-03,
       0., 0., 0., 2.72851298e-03, 0., 4.54752153e-04, 9.09504306e-04,
       4.54752153e-04, 0., 4.54752153e-04, 1.81900861e-03,
       9.09504306e-04, 0., 2.27376074e-03, 0., 9.09504306e-04,
       4.54752153e-04, 0., 0., 4.54752153e-04, 1.81900861e-03, 0., 0.,
