%YAML:1.0
m50n: !!opencv-matrix
   rows: 1
   cols: 800
   dt: f
   data: [ 1.88394869e-03, 3.01431795e-03, 2.63752812e-03,
       7.53579487e-04, 1.13036926e-03, 0., 0., 0., 3.76789743e-04,
       3.76789737e-03, 3.76789743e-04, 1.88394869e-03, 3.76789743e-04,
       3.01431795e-03, 7.53579487e-04, 3.39110778e-03, 0.,
       7.53579487e-04, 3.76789743e-04, 3.76789743e-04, 0.,
       3.76789743e-04, 1.13036926e-03, 5.27505623e-03, 1.13036926e-03,
       3.76789743e-04, 7.53579487e-04, 1.50715897e-03, 4.52147704e-03,
       3.01431795e-03, 2.26073852e-03, 3.01431795e-03, 1.13036926e-03,
       0., 0., 0., 7.53579487e-04, 0., 1.13036926e-03, 0.,
       1.13036926e-03, 0., 7.53579487e-04, 0., 1.13036926e-03, 0.,
       2.26073852e-03, 1.88394869e-03, 3.76789743e-04, 7.53579487e-04,
       3.76789743e-04, 1.50715897e-03, 1.88394869e-03, 1.50715897e-03,
       1.50715897e-03, 3.76789743e-04, 0., 1.50715897e-03,
       1.13036926e-03, 0., 3.01431795e-03, 0., 1.50715897e-03,
       3.76789743e-04, 1.13036926e-03, 0., 1.13036926e-03,
       7.53579487e-04, 3.76789743e-04, 7.53579487e-04, 3.76789743e-04,
       3.76789743e-04, 1.88394869e-03, 0., 4.14468721e-03,
       3.76789743e-04, 1.13036926e-03, 0., 7.53579487e-04,
       2.63752812e-03, 1.88394869e-03, 1.88394869e-03, 1.88394869e-03,
       0., 7.53579487e-04, 1.13036926e-03, 7.53579487e-04,
       7.53579487e-04, 1.13036926e-03, 7.53579487e-04, 1.50715897e-03,
       3.39110778e-03, 3.76789743e-04, 0., 3.76789743e-04, 0.,
       7.53579487e-04, 1.88394869e-03, 7.53579487e-04, 0.,
       7.53579487e-04, 1.13036926e-03, 2.26073852e-03, 2.63752812e-03,
       0., 4.52147704e-03, 3.01431795e-03, 1.50715897e-03,
       2.63752812e-03, 7.53579487e-04, 1.13036926e-03, 7.53579487e-04,
       2.26073852e-03, 3.76789743e-04, 3.76789743e-04, 0.,
       3.39110778e-03, 1.50715897e-03, 1.50715897e-03, 7.53579487e-04,
       0., 3.76789743e-04, 0., 7.53579487e-04, 0., 3.39110778e-03,
       1.50715897e-03, 0., 3.39110778e-03, 7.53579487e-04,
       4.14468721e-03, 1.13036926e-03, 2.26073852e-03, 7.53579487e-04,
       1.50715897e-03, 1.13036926e-03, 1.13036926e-03, 0.,
       7.53579487e-04, 0., 7.53579487e-04, 1.13036926e-03, 0.,
       1.13036926e-03, 3.76789743e-04, 0., 3.76789743e-04,
       1.13036926e-03, 1.13036926e-03, 3.76789743e-04, 3.76789743e-04,
       0., 1.13036926e-03, 1.88394869e-03, 0., 0., 3.01431795e-03,
       1.13036926e-03, 0., 7.53579487e-04, 3.76789743e-04,
       1.13036926e-03, 1.50715897e-03, 0., 3.76789743e-04, 0., 0.,
       1.13036926e-03, 0., 0., 1.50715897e-03, 1.50715897e-03,
       3.76789743e-04, 0., 0., 1.50715897e-03, 7.53579487e-04,
       3.76789743e-04, 7.53579487e-04, 0., 1.88394869e-03,
       1.88394869e-03, 3.01431795e-03, 3.76789743e-04, 2.26073852e-03,
       0., 1.50715897e-03, 0., 0., 3.01431795e-03, 4.14468721e-03,
       1.50715897e-03, 2.26073852e-03, 1.13036926e-03, 3.76789743e-04,
       3.76789743e-04, 1.88394869e-03, 1.50715897e-03, 7.53579487e-04,
       3.01431795e-03, 2.63752812e-03, 1.50715897e-03, 1.88394869e-03,
       7.53579475e-03, 3.76789743e-04, 7.53579487e-04, 3.76789737e-03,
       2.26073852e-03, 0., 3.76789743e-04, 1.88394869e-03,
       6.78221555e-03, 3.76789737e-03, 7.53579487e-04, 7.53579487e-04,
       3.76789743e-04, 7.53579487e-04, 1.13036926e-03, 1.13036926e-03,
       1.50715897e-03, 1.13036926e-03, 3.76789743e-04, 0.,
       1.13036926e-03, 7.53579487e-04, 3.76789743e-04, 1.88394869e-03,
       1.13036926e-03, 0., 1.13036926e-03, 3.76789743e-04,
       1.88394869e-03, 3.76789743e-04, 4.89826687e-03, 7.53579487e-04,
       2.63752812e-03, 5.65184606e-03, 1.50715897e-03, 1.13036926e-03,
       0., 1.88394869e-03, 2.26073852e-03, 0., 3.01431795e-03,
       7.53579487e-04, 3.39110778e-03, 7.53579487e-04, 2.26073852e-03,
       0., 1.50715897e-03, 1.13036926e-03, 1.50715897e-03,
       3.01431795e-03, 0., 0., 1.88394869e-03, 1.13036926e-03,
       7.53579487e-04, 1.88394869e-03, 1.88394869e-03, 0.,
       1.13036926e-03, 0., 3.76789743e-04, 0., 7.53579487e-04,
       3.76789743e-04, 3.76789743e-04, 0., 1.50715897e-03,
       1.13036926e-03, 4.14468721e-03, 2.63752812e-03, 0.,
       2.63752812e-03, 7.53579487e-04, 0., 0., 7.53579487e-04, 0.,
       1.13036926e-03, 7.53579487e-04, 0., 0., 1.50715897e-03,
       5.27505623e-03, 1.13036926e-03, 3.76789743e-04, 0.,
       3.76789743e-04, 7.53579487e-04, 7.53579487e-04, 7.53579487e-04,
       1.88394869e-03, 1.88394869e-03, 1.50715897e-03, 1.13036926e-03,
       1.50715897e-03, 1.50715897e-03, 1.13036926e-03, 3.76789743e-04,
       3.76789743e-04, 1.88394869e-03, 6.02863589e-03, 7.53579487e-04,
       0., 1.13036926e-03, 3.76789743e-04, 1.88394869e-03,
       7.53579487e-04, 2.63752812e-03, 2.26073852e-03, 3.76789737e-03,
       0., 2.26073852e-03, 1.13036926e-03, 3.76789743e-04, 0., 0., 0.,
       7.53579487e-04, 7.53579487e-04, 7.53579487e-04, 7.53579487e-04,
       7.53579487e-04, 1.50715897e-03, 1.13036926e-03, 3.76789743e-04,
       7.53579487e-04, 1.50715897e-03, 1.50715897e-03, 3.39110778e-03,
       2.26073852e-03, 3.76789743e-04, 7.53579487e-04, 1.50715897e-03,
       2.26073852e-03, 3.76789743e-04, 7.53579487e-04, 2.63752812e-03,
       7.53579487e-04, 1.13036926e-03, 1.50715897e-03, 2.26073852e-03,
       2.26073852e-03, 1.13036926e-03, 3.76789743e-04, 7.53579487e-04,
       3.76789743e-04, 7.53579487e-04, 0., 7.53579487e-04,
       3.76789743e-04, 2.26073852e-03, 0., 3.39110778e-03,
       2.63752812e-03, 7.53579487e-04, 3.76789743e-04, 1.88394869e-03,
       7.53579487e-04, 3.76789743e-04, 1.13036926e-03, 7.53579487e-04,
       2.63752812e-03, 9.04295407e-03, 7.53579487e-04, 3.76789743e-04,
       0., 1.13036926e-03, 2.63752812e-03, 2.26073852e-03,
       3.76789743e-04, 1.13036926e-03, 1.88394869e-03, 3.76789743e-04,
       3.76789743e-04, 1.13036926e-03, 3.76789743e-04, 1.13036926e-03,
       7.53579487e-04, 7.53579487e-04, 1.50715897e-03, 7.53579487e-04,
       7.53579487e-04, 1.50715897e-03, 3.76789743e-04, 7.53579487e-04,
       1.13036926e-03, 1.50715897e-03, 1.88394869e-03, 3.76789743e-04,
       1.50715897e-03, 2.63752812e-03, 2.63752812e-03, 3.76789743e-04,
       3.76789743e-04, 2.26073852e-03, 4.14468721e-03, 1.13036926e-03,
       3.76789743e-04, 2.26073852e-03, 7.53579487e-04, 6.02863589e-03,
       3.76789743e-04, 1.13036926e-03, 7.53579487e-04, 3.76789743e-04,
       1.13036926e-03, 3.76789743e-04, 1.13036926e-03, 0., 0.,
       1.50715897e-03, 1.13036926e-03, 3.76789743e-04, 7.53579487e-04,
       7.53579487e-04, 7.53579487e-04, 2.63752812e-03, 3.76789743e-04,
       0., 1.88394869e-03, 3.76789743e-04, 1.13036926e-03,
       2.63752812e-03, 2.63752812e-03, 7.53579487e-04, 3.76789743e-04,
       1.13036926e-03, 7.53579487e-04, 3.76789743e-04, 1.16804820e-02,
       1.50715897e-03, 1.50715897e-03, 3.76789743e-04, 3.76789743e-04,
       0., 2.26073852e-03, 0., 7.53579487e-04, 7.53579487e-04,
       1.13036926e-03, 1.88394869e-03, 7.53579487e-04, 1.13036926e-03,
       0., 3.76789743e-04, 1.50715897e-03, 1.13036926e-03,
       7.53579487e-04, 7.53579487e-04, 3.76789743e-04, 3.01431795e-03,
       1.50715897e-03, 3.76789737e-03, 0., 1.50715897e-03,
       1.13036926e-03, 7.53579487e-04, 3.76789743e-04, 3.76789743e-04,
       7.53579487e-04, 1.88394869e-03, 1.50715897e-03, 7.53579487e-04,
       3.76789743e-04, 6.02863589e-03, 3.76789743e-04, 1.13036926e-03,
       7.53579487e-04, 0., 0., 3.76789743e-04, 0., 1.13036926e-03,
       7.53579487e-04, 3.76789743e-04, 1.13036926e-03, 1.13036926e-03,
       7.53579487e-04, 7.53579487e-04, 3.76789743e-04, 1.13036926e-03,
       3.76789743e-04, 0., 7.53579487e-04, 2.26073852e-03, 0.,
       1.50715897e-03, 2.26073852e-03, 3.76789743e-04, 7.53579487e-04,
       1.50715897e-03, 1.13036926e-03, 4.14468721e-03, 3.76789743e-04,
       7.53579487e-04, 0., 3.76789743e-04, 3.39110778e-03, 0.,
       2.26073852e-03, 3.76789743e-04, 1.50715897e-03, 3.76789737e-03,
       0., 2.63752812e-03, 3.76789743e-04, 3.76789737e-03,
