%YAML:1.0
m50n: !!opencv-matrix
   rows: 1
   cols: 800
   dt: f
   data: [ 8.17327353e-04, 0., 2.45198212e-03, 4.08663676e-04,
       1.63465471e-03, 0., 4.08663676e-04, 0., 0., 2.86064576e-03,
       3.26930941e-03, 1.22599106e-03, 0., 4.08663676e-04,
       2.04331847e-03, 4.49530035e-03, 0., 0., 8.17327353e-04,
       4.08663676e-04, 4.08663676e-04, 1.22599106e-03, 1.63465471e-03,
       0., 0., 8.17327353e-04, 4.08663676e-04, 0., 8.17327353e-04, 0.,
       3.67797306e-03, 2.04331847e-03, 8.17327353e-04, 4.08663676e-04,
       0., 1.22599106e-03, 2.45198212e-03, 0., 0., 0., 0.,
       1.63465471e-03, 2.86064576e-03, 4.08663676e-04, 4.08663676e-04,
       2.86064576e-03, 8.17327353e-04, 1.22599106e-03, 4.08663676e-04,
       0., 1.22599106e-03, 8.17327353e-04, 3.26930941e-03, 0.,
       4.08663676e-04, 0., 0., 8.17327353e-04, 2.45198212e-03,
       1.22599106e-03, 2.04331847e-03, 4.08663676e-04, 2.04331847e-03,
       2.86064576e-03, 3.26930941e-03, 1.22599106e-03, 1.22599106e-03,
       1.63465471e-03, 1.63465471e-03, 4.08663676e-04, 4.08663676e-04,
       2.04331847e-03, 4.08663676e-04, 0., 0., 2.45198212e-03, 0.,
       8.17327353e-04, 3.26930941e-03, 1.63465471e-03, 1.22599106e-03,
       4.08663676e-04, 2.45198212e-03, 4.08663676e-04, 0.,
       4.49530035e-03, 8.17327353e-04, 4.08663676e-04, 3.67797306e-03,
       1.22599106e-03, 0., 0., 4.08663676e-04, 0., 4.08663676e-04,
       2.04331847e-03, 8.17327353e-04, 1.22599106e-03, 3.67797306e-03,
       0., 2.04331847e-03, 1.63465471e-03, 2.04331847e-03, 0.,
       4.08663676e-04, 1.22599106e-03, 4.08663694e-03, 2.45198212e-03,
       0., 0., 3.26930941e-03, 2.04331847e-03, 0., 0., 0.,
       8.17327353e-04, 4.49530035e-03, 4.08663676e-04, 1.22599106e-03,
       8.17327353e-04, 4.08663676e-04, 2.04331847e-03, 4.49530035e-03,
       3.26930941e-03, 0., 0., 2.86064576e-03, 0., 4.08663694e-03,
       8.17327353e-04, 0., 2.04331847e-03, 5.72129153e-03,
       7.35594612e-03, 1.22599106e-03, 8.17327353e-04, 1.63465471e-03,
       4.08663676e-04, 2.45198212e-03, 4.49530035e-03, 2.86064576e-03,
       8.17327353e-04, 0., 4.08663676e-04, 1.22599106e-03, 0., 0.,
       1.63465471e-03, 0., 3.26930941e-03, 0., 0., 8.17327353e-04,
       5.72129153e-03, 4.08663676e-04, 0., 0., 1.63465471e-03, 0.,
       8.17327353e-04, 4.08663676e-04, 5.31262765e-03, 2.86064576e-03,
       2.45198212e-03, 0., 3.67797306e-03, 0., 0., 2.45198212e-03, 0.,
       4.08663694e-03, 1.22599106e-03, 8.17327353e-04, 0.,
       1.22599106e-03, 0., 0., 2.04331847e-03, 8.17327353e-04,
       4.08663676e-04, 2.45198212e-03, 4.08663694e-03, 0.,
       1.63465471e-03, 1.22599106e-03, 0., 1.63465471e-03,
       4.08663676e-04, 0., 1.63465471e-03, 8.17327353e-04,
       4.08663676e-04, 2.45198212e-03, 0., 1.63465471e-03, 0., 0.,
       2.86064576e-03, 4.08663676e-04, 0., 0., 1.22599106e-03,
       2.04331847e-03, 4.08663694e-03, 4.08663676e-04, 2.04331847e-03,
       4.49530035e-03, 1.63465471e-03, 1.22599106e-03, 8.17327353e-04,
       3.26930941e-03, 4.08663676e-04, 8.17327353e-04, 3.26930941e-03,
       0., 2.04331847e-03, 1.63465471e-03, 4.08663676e-04,
       1.22599106e-03, 8.17327353e-04, 4.08663694e-03, 4.08663694e-03,
       1.63465471e-03, 1.22599106e-03, 1.63465471e-03, 4.08663676e-04,
       1.22599106e-03, 1.63465471e-03, 4.08663676e-04, 2.45198212e-03,
       2.04331847e-03, 1.63465471e-03, 4.08663676e-04, 2.86064576e-03,
       2.86064576e-03, 0., 2.86064576e-03, 4.08663676e-04,
       2.04331847e-03, 0., 4.08663676e-04, 1.22599106e-03,
       4.08663676e-04, 4.08663676e-04, 1.22599106e-03, 8.17327353e-04,
       4.08663676e-04, 4.08663676e-04, 0., 2.04331847e-03,
       1.63465471e-03, 2.45198212e-03, 4.08663676e-04, 4.08663676e-04,
       0., 2.45198212e-03, 8.17327353e-04, 3.67797306e-03,
       1.22599106e-03, 2.04331847e-03, 2.45198212e-03, 1.63465471e-03,
       0., 3.67797306e-03, 2.04331847e-03, 8.17327353e-04,
       8.17327353e-04, 0., 0., 4.08663676e-04, 1.22599106e-03,
       4.08663676e-04, 1.63465471e-03, 0., 0., 4.08663676e-04,
       1.22599106e-03, 8.17327353e-04, 1.63465471e-03, 2.04331847e-03,
       2.04331847e-03, 1.63465471e-03, 2.04331847e-03, 4.08663676e-04,
       8.17327353e-04, 1.63465471e-03, 0., 2.45198212e-03,
       3.26930941e-03, 1.22599106e-03, 8.17327353e-04, 2.45198212e-03,
       3.26930941e-03, 8.17327353e-04, 2.45198212e-03, 8.17327353e-04,
       1.63465471e-03, 2.04331847e-03, 2.04331847e-03, 4.08663676e-04,
       1.22599106e-03, 4.08663676e-04, 2.04331847e-03, 8.17327353e-04,
       0., 0., 0., 4.08663676e-04, 4.08663694e-03, 0., 2.45198212e-03,
       0., 1.22599106e-03, 4.08663676e-04, 0., 0., 8.17327353e-04,
       8.17327353e-04, 1.63465471e-03, 1.63465471e-03, 0.,
       8.17327353e-04, 4.08663676e-04, 1.22599106e-03, 4.08663676e-04,
       4.08663676e-04, 1.22599106e-03, 4.08663676e-04, 8.17327353e-04,
       8.17327353e-04, 4.90396423e-03, 0., 0., 2.04331847e-03,
       8.17327353e-04, 0., 4.08663676e-04, 4.08663676e-04,
       8.17327353e-04, 0., 3.26930941e-03, 0., 1.63465471e-03,
       1.22599106e-03, 8.17327353e-04, 1.22599106e-03, 4.08663676e-04,
       1.22599106e-03, 1.22599106e-03, 0., 4.08663676e-04,
       2.04331847e-03, 8.17327353e-04, 1.22599106e-03, 2.45198212e-03,
       1.63465471e-03, 1.63465471e-03, 2.86064576e-03, 1.63465471e-03,
       1.22599106e-03, 4.08663694e-03, 8.17327353e-04, 1.22599106e-03,
       4.08663676e-04, 1.63465471e-03, 1.63465471e-03, 3.26930941e-03,
       4.08663676e-04, 4.08663676e-04, 2.86064576e-03, 2.04331847e-03,
       8.17327353e-04, 2.04331847e-03, 1.63465471e-03, 0.,
       4.08663676e-04, 0., 4.08663676e-04, 2.86064576e-03, 0.,
       6.94728270e-03, 4.08663676e-04, 8.17327353e-04, 1.22599106e-03,
       7.76461000e-03, 1.22599106e-03, 4.08663676e-04, 8.17327353e-04,
       0., 4.08663676e-04, 1.63465471e-03, 4.08663676e-04,
       4.08663676e-04, 4.08663676e-04, 8.17327353e-04, 8.17327353e-04,
       4.90396423e-03, 2.04331847e-03, 8.17327353e-04, 8.17327353e-04,
       0., 1.63465471e-03, 4.08663694e-03, 0., 8.17327353e-04,
       3.26930941e-03, 1.63465471e-03, 4.08663676e-04, 0.,
       1.63465471e-03, 0., 4.49530035e-03, 0., 8.99060071e-03,
       2.04331847e-03, 0., 0., 2.45198212e-03, 0., 0., 4.08663676e-04,
       4.08663676e-04, 4.08663676e-04, 4.08663676e-04, 2.86064576e-03,
       0., 4.08663676e-04, 0., 0., 2.04331847e-03, 4.08663676e-04,
       8.17327353e-04, 3.26930941e-03, 0., 2.04331847e-03,
       1.63465471e-03, 0., 4.08663676e-04, 4.08663694e-03, 0.,
       1.22599106e-03, 0., 2.45198212e-03, 1.22599106e-03, 0.,
       1.63465471e-03, 8.17327388e-03, 8.17327353e-04, 0.,
       1.22599106e-03, 0., 4.08663676e-04, 4.08663676e-04,
       1.22599106e-03, 4.08663676e-04, 1.22599106e-03, 1.18512465e-02,
       1.22599106e-03, 0., 8.17327353e-04, 1.63465471e-03,
       1.63465471e-03, 0., 8.17327353e-04, 2.86064576e-03, 0., 0.,
       1.63465471e-03, 4.08663676e-04, 2.45198212e-03, 4.08663676e-04,
       0., 2.86064576e-03, 1.22599106e-03, 4.08663676e-04,
       8.17327353e-04, 1.22599106e-03, 4.08663676e-04, 1.63465471e-03,
       1.22599106e-03, 8.17327353e-04, 0., 4.08663676e-04,
       1.22599106e-03, 8.17327353e-04, 0., 2.86064576e-03,
       4.08663694e-03, 0., 1.63465471e-03, 6.94728270e-03,
       8.17327353e-04, 1.63465471e-03, 4.08663676e-04, 1.63465471e-03,
       3.67797306e-03, 4.08663676e-04, 8.17327353e-04, 0.,
       4.08663676e-04, 8.17327353e-04, 8.17327353e-04, 0.,
       3.67797306e-03, 4.08663676e-04, 5.31262765e-03, 4.90396423e-03,
       2.86064576e-03, 1.22599106e-03, 2.04331847e-03, 0.,
       4.08663676e-04, 2.86064576e-03, 4.08663694e-03, 4.08663676e-04,
       0., 1.63465471e-03, 8.17327353e-04, 8.17327353e-04,
       2.04331847e-03, 2.04331847e-03, 8.17327353e-04, 4.08663676e-04,
       2.04331847e-03, 0., 2.45198212e-03, 2.86064576e-03, 0.,
       8.17327353e-04, 4.08663676e-04, 1.22599106e-03, 2.86064576e-03,
       0., 2.86064576e-03, 0., 2.04331847e-03, 3.26930941e-03,
