%YAML:1.0
m50n: !!opencv-matrix
   rows: 1
   cols: 800
   dt: f
   data: [ 1.80635834e-03, 7.22543336e-04, 3.61271668e-04,
       7.22543336e-04, 1.08381500e-03, 1.44508667e-03, 3.61271668e-04,
       0., 3.61271668e-04, 4.33526002e-03, 1.08381500e-03,
       1.08381500e-03, 7.22543336e-04, 1.08381500e-03, 5.41907502e-03,
       2.52890168e-03, 3.61271668e-04, 0., 1.08381500e-03,
       7.22543336e-04, 0., 7.22543336e-04, 1.08381500e-03,
       6.86416170e-03, 7.22543336e-04, 3.61271668e-04, 3.61271668e-04,
       2.52890168e-03, 9.03179124e-03, 1.44508667e-03, 2.52890168e-03,
       1.44508667e-03, 2.89017335e-03, 0., 3.61271668e-04,
       9.75433551e-03, 1.08381500e-03, 3.61271668e-04, 1.44508667e-03,
       3.61271668e-04, 2.16763001e-03, 7.22543336e-04, 7.22543336e-04,
       3.61271668e-04, 1.80635834e-03, 3.97398835e-03, 7.22543336e-04,
       4.33526002e-03, 1.80635834e-03, 3.61271668e-04, 7.22543336e-04,
       0., 1.80635834e-03, 7.22543336e-04, 1.80635834e-03,
       1.80635834e-03, 0., 1.80635834e-03, 7.22543336e-04,
       1.08381500e-03, 1.80635834e-03, 0., 7.22543336e-04,
       7.22543336e-04, 7.22543336e-04, 0., 5.41907502e-03,
       7.22543336e-04, 2.89017335e-03, 1.44508667e-03, 3.61271668e-04,
       1.08381500e-03, 1.44508667e-03, 7.22543336e-04, 2.89017335e-03,
       7.22543336e-04, 3.61271668e-04, 0., 3.61271668e-04,
       1.08381500e-03, 1.80635834e-03, 3.61271668e-04, 3.61271668e-04,
       2.52890168e-03, 1.08381500e-03, 2.16763001e-03, 7.22543336e-04,
       1.44508667e-03, 1.08381500e-03, 0., 0., 2.89017335e-03,
       7.22543336e-04, 7.22543336e-04, 1.08381500e-03, 0.,
       1.08381500e-03, 2.52890168e-03, 1.44508667e-03, 7.22543336e-04,
       3.61271668e-04, 3.61271668e-04, 7.22543336e-04, 1.80635834e-03,
       0., 2.52890168e-03, 1.08381500e-03, 3.61271668e-04,
       1.08381500e-03, 2.89017335e-03, 2.52890168e-03, 3.61271668e-04,
       1.44508667e-03, 0., 0., 3.61271668e-04, 5.05780336e-03,
       3.61271668e-04, 4.33526002e-03, 0., 0., 1.08381500e-03,
       7.22543336e-04, 3.61271668e-04, 3.61271668e-04, 7.22543336e-04,
       1.44508667e-03, 0., 1.80635834e-03, 1.80635834e-03,
       7.22543336e-04, 3.61271668e-04, 4.69653169e-03, 1.44508667e-03,
       3.61271668e-04, 1.08381500e-03, 1.08381500e-03, 3.61271668e-04,
       1.44508667e-03, 3.61271668e-04, 2.52890168e-03, 1.08381500e-03,
       3.61271668e-04, 3.61271668e-03, 7.22543336e-04, 0., 0., 0., 0.,
       3.61271668e-04, 1.08381500e-03, 3.61271668e-04, 7.22543336e-04,
       7.22543336e-04, 0., 0., 1.08381500e-03, 1.08381500e-03, 0.,
       3.61271668e-04, 7.22543336e-04, 4.33526002e-03, 1.44508667e-03,
       1.08381500e-03, 2.89017335e-03, 0., 1.80635834e-03,
       1.44508667e-03, 3.61271668e-04, 1.08381500e-03, 1.08381500e-03,
       6.50289003e-03, 0., 3.61271668e-04, 0., 1.08381500e-03,
       7.22543336e-04, 7.22543336e-04, 1.08381500e-03, 7.22543336e-04,
       1.80635834e-03, 3.97398835e-03, 2.52890168e-03, 1.44508667e-03,
       7.22543336e-04, 3.61271668e-04, 7.22543336e-04, 3.61271668e-04,
       3.61271668e-04, 7.22543336e-04, 1.80635834e-03, 3.61271668e-04,
       0., 0., 3.61271668e-04, 3.61271668e-04, 3.61271668e-04,
       7.22543336e-04, 1.80635834e-03, 2.89017335e-03, 0.,
       1.44508667e-03, 3.61271668e-04, 1.44508667e-03, 0.,
       7.22543336e-04, 4.33526002e-03, 3.25144501e-03, 0.,
       3.61271668e-04, 1.44508667e-03, 2.52890168e-03, 1.80635834e-03,
       7.22543336e-04, 0., 2.52890168e-03, 1.08381500e-03,
       1.44508667e-03, 1.08381500e-03, 7.22543336e-04, 1.08381500e-03,
       8.30924883e-03, 2.16763001e-03, 3.61271668e-04, 1.80635834e-03,
       3.61271668e-04, 1.08381500e-03, 1.44508667e-03, 3.61271668e-04,
       4.33526002e-03, 1.08381500e-03, 1.80635834e-03, 3.61271668e-04,
       3.61271668e-03, 7.22543336e-04, 1.08381500e-03, 1.80635834e-03,
       2.89017335e-03, 3.61271668e-04, 0., 7.22543336e-04,
       3.97398835e-03, 7.22543336e-04, 4.69653169e-03, 7.22543336e-04,
       1.80635834e-03, 0., 0., 1.44508667e-03, 1.08381500e-03,
       1.08381500e-03, 1.08381500e-03, 3.61271668e-04, 3.61271668e-04,
       0., 7.22543336e-04, 3.61271668e-04, 4.69653169e-03,
       1.44508667e-03, 1.08381500e-03, 0., 3.61271668e-04,
       3.61271668e-04, 1.44508667e-03, 0., 2.16763001e-03,
       1.08381500e-03, 0., 0., 1.80635834e-03, 1.80635834e-03,
       3.25144501e-03, 1.08381500e-03, 7.22543336e-04, 3.61271668e-04,
       7.22543336e-04, 0., 7.22543336e-04, 0., 3.61271668e-04,
       1.44508667e-03, 1.44508667e-03, 1.08381500e-03, 7.22543336e-04,
       3.97398835e-03, 2.89017335e-03, 2.52890168e-03, 1.08381500e-03,
       0., 2.16763001e-03, 0., 1.80635834e-03, 0., 1.08381500e-03,
       1.80635834e-03, 7.22543336e-04, 1.08381500e-03, 1.44508667e-03,
       7.22543336e-04, 1.80635834e-03, 1.08381500e-03, 0.,
       2.16763001e-03, 3.61271668e-03, 0., 0., 1.08381500e-03,
       2.89017335e-03, 3.25144501e-03, 1.44508667e-03, 2.52890168e-03,
       4.69653169e-03, 3.97398835e-03, 7.22543336e-04, 3.25144501e-03,
       4.69653169e-03, 3.61271668e-04, 2.16763001e-03, 0., 0.,
       1.08381500e-03, 2.52890168e-03, 0., 1.08381500e-03,
       2.89017335e-03, 7.22543336e-04, 1.08381500e-03, 1.08381500e-03,
       1.08381500e-03, 2.89017335e-03, 7.22543336e-04, 0.,
       2.16763001e-03, 1.08381500e-03, 1.08381500e-03, 3.61271668e-04,
       3.61271668e-03, 1.44508667e-03, 0., 1.44508667e-03,
       1.08381500e-03, 1.08381500e-03, 7.22543336e-04, 7.22543336e-04,
       3.61271668e-04, 0., 3.61271668e-04, 7.22543336e-04,
       3.61271668e-04, 7.22543336e-04, 1.44508667e-03, 1.80635834e-03,
       0., 2.16763001e-03, 0., 2.52890168e-03, 2.89017335e-03,
       7.22543336e-04, 3.61271668e-04, 1.08381500e-03, 3.61271668e-04,
       3.61271668e-04, 7.22543336e-04, 0., 0., 6.86416170e-03,
       3.61271668e-04, 0., 3.61271668e-04, 0., 8.30924883e-03,
       4.33526002e-03, 3.61271668e-04, 3.61271668e-04, 2.89017335e-03,
       3.61271668e-04, 0., 0., 3.61271668e-04, 3.61271668e-04,
       7.22543336e-04, 1.80635834e-03, 7.22543336e-04, 3.61271668e-04,
       0., 7.22543336e-04, 1.80635834e-03, 1.08381500e-03,
       3.61271668e-04, 2.52890168e-03, 7.22543336e-04, 1.44508667e-03,
       3.61271668e-04, 4.33526002e-03, 1.44508667e-03, 1.80635834e-03,
       1.44508667e-03, 1.44508667e-03, 2.52890168e-03, 1.80635834e-03,
       3.61271668e-04, 1.08381500e-03, 7.22543336e-04, 3.25144501e-03,
       0., 1.80635834e-03, 0., 3.61271668e-04, 1.80635834e-03, 0.,
       7.22543336e-04, 1.44508667e-03, 3.61271668e-04, 1.44508667e-03,
       7.22543336e-04, 0., 3.61271668e-04, 7.22543336e-04,
       1.08381500e-03, 3.61271668e-03, 1.08381500e-03, 3.61271668e-04,
       7.22543336e-04, 0., 3.61271668e-04, 3.25144501e-03,
       3.61271668e-03, 0., 2.16763001e-03, 3.25144501e-03,
       3.61271668e-04, 2.52890168e-03, 6.50289003e-03, 0.,
       1.08381500e-03, 3.61271668e-04, 7.22543336e-04, 0.,
       1.08381500e-03, 1.08381500e-03, 0., 1.80635834e-03,
       3.61271668e-04, 7.22543336e-04, 3.61271668e-04, 7.22543336e-04,
       3.61271668e-04, 3.61271668e-04, 1.08381500e-03, 1.08381500e-03,
       1.44508667e-03, 0., 7.22543336e-04, 2.89017335e-03,
       2.16763001e-03, 7.22543336e-04, 0., 2.16763001e-03,
       1.44508667e-03, 7.22543336e-04, 2.16763001e-03, 0.,
       2.52890168e-03, 1.44508667e-03, 1.08381500e-03, 2.89017335e-03,
       7.22543336e-04, 4.33526002e-03, 3.61271668e-04, 2.16763001e-03,
       1.08381500e-03, 3.61271668e-04, 2.16763001e-03, 7.22543336e-04,
       7.22543336e-04, 7.22543336e-04, 0., 0., 1.08381500e-03,
       1.08381500e-03, 3.61271668e-04, 7.22543336e-04, 1.80635834e-03,
       3.61271668e-04, 3.61271668e-04, 0., 3.61271668e-03,
       7.22543336e-04, 0., 7.22543336e-04, 1.80635834e-03,
       3.61271668e-04, 0., 2.52890168e-03, 3.61271668e-04,
       1.44508667e-03, 3.61271668e-04, 0., 3.61271668e-04,
       7.22543336e-04, 3.61271668e-04, 7.22543336e-04, 1.08381500e-03,
