%YAML:1.0
m50n: !!opencv-matrix
   rows: 1
   cols: 800
   dt: f
   data: [ 6.72721129e-04, 6.72721129e-04, 1.68180279e-03,
       6.72721129e-04, 2.01816345e-03, 1.34544226e-03, 6.72721129e-04,
       0., 6.72721129e-04, 3.36360565e-04, 3.36360565e-04,
       2.01816345e-03, 2.01816345e-03, 6.72721129e-04, 3.36360565e-04,
       1.68180279e-03, 6.72721129e-04, 3.36360565e-04, 2.01816345e-03,
       3.36360565e-04, 6.72721129e-04, 3.36360565e-04, 6.72721129e-04,
       1.68180279e-03, 3.36360559e-03, 3.36360565e-04, 6.72721129e-04,
       6.72721129e-04, 0., 6.72721129e-04, 1.00908172e-03,
       2.01816345e-03, 2.01816345e-03, 3.36360565e-04, 0.,
       1.34544226e-03, 3.69996624e-03, 1.00908172e-03, 3.36360565e-04,
       1.34544226e-03, 2.01816345e-03, 1.68180279e-03, 6.72721129e-04,
       3.36360559e-03, 5.04540838e-03, 1.00908172e-03, 3.02724517e-03,
       1.34544226e-03, 6.72721129e-04, 1.00908172e-03, 6.72721129e-04,
       1.00908172e-03, 6.72721129e-04, 3.36360559e-03, 6.72721129e-04,
       6.72721129e-04, 4.03632689e-03, 6.72721129e-04, 2.01816345e-03,
       3.36360565e-04, 1.34544226e-03, 4.03632689e-03, 3.69996624e-03,
       1.34544226e-03, 1.34544226e-03, 3.36360565e-04, 1.34544226e-03,
       1.68180279e-03, 3.36360565e-04, 6.72721129e-04, 2.69088452e-03,
       3.36360565e-04, 1.34544226e-03, 6.72721129e-04, 3.36360559e-03,
       0., 2.01816345e-03, 3.36360565e-04, 1.00908172e-03,
       6.72721129e-04, 6.72721129e-04, 0., 6.72721129e-04,
       1.00908172e-03, 1.00908172e-03, 4.03632689e-03, 6.72721129e-04,
       2.35452387e-03, 1.68180279e-03, 2.01816345e-03, 3.69996624e-03,
       6.72721129e-04, 3.36360565e-04, 6.72721129e-04, 3.36360565e-04,
       2.01816345e-03, 1.00908172e-03, 6.72721129e-04, 1.00908172e-03,
       5.38176904e-03, 2.01816345e-03, 1.34544226e-03, 1.34544226e-03,
       1.68180279e-03, 1.00908172e-03, 1.00908172e-03, 1.34544226e-03,
       6.72721129e-04, 2.01816345e-03, 1.68180279e-03, 1.34544226e-03,
       0., 6.72721129e-04, 1.34544226e-03, 0., 1.00908172e-03,
       3.36360565e-04, 3.36360565e-04, 3.02724517e-03, 3.36360565e-04,
       3.36360565e-04, 1.34544226e-03, 6.72721129e-04, 6.72721129e-04,
       6.72721129e-04, 1.68180279e-03, 1.34544226e-03, 6.72721129e-04,
       0., 6.72721129e-04, 2.01816345e-03, 8.40901397e-03,
       2.35452387e-03, 6.72721129e-04, 1.34544226e-03, 5.71812969e-03,
       6.72721129e-04, 0., 1.00908172e-03, 3.36360565e-04, 0.,
       1.34544226e-03, 3.36360565e-04, 1.34544226e-03, 1.00908172e-03,
       2.69088452e-03, 0., 3.36360559e-03, 1.34544226e-03,
       2.01816345e-03, 3.36360565e-04, 3.02724517e-03, 2.01816345e-03,
       1.68180279e-03, 0., 0., 0., 3.36360565e-04, 3.36360565e-04,
       1.34544226e-03, 3.36360565e-04, 6.72721129e-04, 6.72721129e-04,
       1.00908172e-03, 1.00908172e-03, 1.34544226e-03, 6.72721129e-04,
       1.68180279e-03, 2.01816345e-03, 3.36360565e-04, 6.72721129e-04,
       6.72721129e-04, 1.00908172e-03, 6.72721129e-04, 0.,
       1.34544226e-03, 6.72721129e-04, 3.36360559e-03, 1.68180279e-03,
       3.36360559e-03, 5.38176904e-03, 1.34544226e-03, 0.,
       6.72721129e-04, 0., 1.00908172e-03, 1.00908172e-03,
       3.36360565e-04, 3.36360565e-04, 1.68180279e-03, 1.00908172e-03,
       3.69996624e-03, 4.03632689e-03, 1.00908172e-03, 3.36360565e-04,
       0., 0., 1.00908172e-03, 1.34544226e-03, 3.36360565e-04,
       1.00908172e-03, 1.68180279e-03, 1.00908172e-03, 1.31180622e-02,
       1.34544226e-03, 1.00908172e-03, 0., 0., 1.34544226e-03,
       4.03632689e-03, 1.34544226e-03, 1.00908172e-03, 1.68180279e-03,
       6.72721129e-04, 4.03632689e-03, 1.00908172e-03, 3.36360565e-04,
       2.35452387e-03, 1.00908172e-03, 2.01816345e-03, 0.,
       2.69088452e-03, 1.34544226e-03, 0., 1.34544226e-03,
       6.72721129e-04, 0., 2.35452387e-03, 4.03632689e-03,
       2.01816345e-03, 3.36360565e-04, 2.69088452e-03, 3.36360565e-04,
       2.69088452e-03, 1.00908172e-03, 1.68180279e-03, 3.69996624e-03,
       0., 1.00908172e-03, 1.00908172e-03, 1.00908172e-03,
       6.72721129e-04, 3.36360565e-04, 3.69996624e-03, 1.34544226e-03,
       6.72721129e-04, 4.70904773e-03, 3.36360565e-04, 3.36360559e-03,
       6.72721129e-04, 1.34544226e-03, 6.72721129e-04, 1.34544226e-03,
       6.72721129e-04, 0., 6.72721129e-04, 1.34544226e-03,
       6.72721129e-04, 1.00908172e-03, 1.00908172e-03, 6.72721129e-04,
       6.72721129e-04, 6.72721129e-04, 2.35452387e-03, 1.34544226e-03,
       6.72721129e-04, 1.00908172e-03, 3.36360559e-03, 1.00908172e-03,
       1.34544226e-03, 3.69996624e-03, 1.00908172e-03, 3.36360565e-04,
       3.36360565e-04, 1.00908172e-03, 3.36360559e-03, 1.34544226e-03,
       4.03632689e-03, 2.35452387e-03, 1.68180279e-03, 4.37268754e-03,
       1.68180279e-03, 6.72721129e-04, 1.00908172e-03, 3.36360565e-04,
       6.72721129e-04, 1.68180279e-03, 0., 1.34544226e-03,
       1.00908172e-03, 6.72721129e-04, 3.36360565e-04, 3.36360565e-04,
       1.00908172e-03, 6.72721129e-04, 3.36360565e-04, 0., 0.,
       3.36360565e-04, 3.36360565e-04, 1.68180279e-03, 3.36360565e-04,
       1.34544226e-03, 0., 2.69088452e-03, 0., 3.36360565e-04,
       6.72721129e-04, 1.00908172e-03, 2.35452387e-03, 6.72721129e-04,
       2.01816345e-03, 6.72721129e-04, 2.01816345e-03, 2.01816345e-03,
       2.35452387e-03, 3.36360565e-04, 1.68180279e-03, 6.72721129e-04,
       1.00908172e-03, 3.36360559e-03, 0., 1.00908172e-03,
       1.00908172e-03, 2.01816345e-03, 1.00908172e-03, 6.72721129e-04,
       4.37268754e-03, 2.01816345e-03, 3.36360565e-04, 1.34544226e-03,
       1.00908172e-03, 2.69088452e-03, 3.69996624e-03, 6.72721129e-04,
       7.73629313e-03, 0., 3.36360565e-04, 3.36360565e-04, 0.,
       1.68180279e-03, 6.72721129e-04, 3.02724517e-03, 1.68180279e-03,
       2.01816345e-03, 0., 1.00908172e-03, 6.72721129e-04, 0.,
       7.06357183e-03, 0., 6.72721129e-04, 0., 6.72721129e-04,
       2.35452387e-03, 3.36360565e-04, 0., 3.36360565e-04, 0.,
       7.06357183e-03, 6.72721129e-04, 1.34544226e-03, 3.36360565e-04,
       1.68180279e-03, 2.69088452e-03, 3.36360565e-04, 1.00908172e-03,
       0., 9.75445658e-03, 1.34544226e-03, 2.35452387e-03,
       1.00908172e-03, 3.36360565e-04, 6.72721129e-04, 6.72721129e-04,
       3.36360565e-04, 1.34544226e-03, 1.00908172e-03, 3.36360559e-03,
       0., 2.01816345e-03, 1.00908172e-03, 6.72721129e-04,
       3.36360565e-04, 1.68180279e-03, 3.36360565e-04, 6.72721129e-04,
       2.35452387e-03, 3.02724517e-03, 2.69088452e-03, 2.69088452e-03,
       5.38176904e-03, 1.34544226e-03, 2.69088452e-03, 2.01816345e-03,
       0., 2.69088452e-03, 2.01816345e-03, 3.36360565e-04,
       6.72721129e-04, 6.72721129e-04, 1.68180279e-03, 1.00908172e-03,
       1.00908172e-03, 6.72721129e-04, 0., 6.72721129e-04,
       1.00908172e-03, 2.01816345e-03, 6.72721129e-04, 2.01816345e-03,
       1.34544226e-03, 1.34544226e-03, 1.00908172e-03, 6.72721129e-04,
       7.73629313e-03, 0., 3.36360565e-04, 6.72721129e-04, 0.,
       2.01816345e-03, 0., 1.68180279e-03, 1.68180279e-03,
       1.68180279e-03, 6.72721129e-04, 1.00908172e-03, 0.,
       1.00908172e-03, 1.00908172e-03, 6.72721129e-04, 6.72721129e-04,
       0., 3.36360565e-04, 1.00908172e-03, 1.00908172e-03,
       3.36360565e-04, 3.36360565e-04, 1.00908172e-03, 3.02724517e-03,
       6.72721129e-04, 3.36360565e-04, 6.72721129e-04, 5.04540838e-03,
       6.72721129e-04, 2.01816345e-03, 5.04540838e-03, 3.36360565e-04,
       1.00908172e-03, 1.68180279e-03, 6.72721129e-04, 1.68180279e-03,
       2.01816345e-03, 3.36360565e-04, 1.68180279e-03, 2.01816345e-03,
       3.36360565e-04, 6.72721129e-04, 1.34544226e-03, 1.00908172e-03,
       3.36360565e-04, 6.72721129e-04, 1.34544226e-03, 6.72721129e-04,
       0., 3.36360565e-04, 1.34544226e-03, 0., 1.68180279e-03,
       3.02724517e-03, 6.72721129e-04, 1.00908172e-03, 3.36360565e-04,
       1.34544226e-03, 3.36360565e-04, 1.68180279e-03, 0.,
       3.36360565e-04, 6.05449034e-03, 1.00908172e-03, 1.34544226e-03,
