%YAML:1.0
m50n: !!opencv-matrix
   rows: 1
   cols: 800
   dt: f
   data: [ 1.13895221e-03, 0., 2.27790442e-03, 0., 0., 1.13895221e-03,
       5.69476106e-04, 1.70842838e-03, 0., 2.84738047e-03,
       1.70842838e-03, 3.41685675e-03, 5.69476106e-04, 0., 0.,
       1.13895221e-03, 4.55580885e-03, 5.69476106e-04, 5.69476106e-04,
       1.13895221e-03, 5.69476106e-04, 5.69476106e-04, 0.,
       5.69476106e-04, 5.69476106e-04, 1.70842838e-03, 0., 0.,
       5.69476106e-04, 5.69476106e-04, 5.69476106e-04, 2.84738047e-03,
       0., 2.27790442e-03, 3.98633257e-03, 1.70842838e-03, 0.,
       2.27790442e-03, 1.13895221e-03, 5.12528513e-03, 0.,
       5.69476106e-04, 2.27790442e-03, 5.69476106e-04, 0.,
       5.69476106e-04, 5.69476106e-04, 1.70842838e-03, 1.13895221e-03,
       0., 5.69476106e-04, 5.69476106e-04, 5.69476106e-04, 0.,
       2.27790442e-03, 0., 0., 0., 3.41685675e-03, 0., 5.69476106e-04,
       1.13895221e-03, 0., 5.69476106e-04, 5.69476106e-04, 0.,
       3.98633257e-03, 5.69476094e-03, 2.27790442e-03, 2.27790442e-03,
       2.27790442e-03, 0., 1.13895221e-03, 0., 0., 5.69476106e-04,
       6.26423722e-03, 1.13895221e-03, 4.55580885e-03, 1.13895221e-03,
       2.27790442e-03, 5.69476106e-04, 0., 1.70842838e-03,
       1.19589986e-02, 0., 1.70842838e-03, 5.69476106e-04,
       5.69476106e-04, 1.13895221e-03, 2.27790442e-03, 0., 0.,
       5.69476106e-04, 1.48063786e-02, 1.13895221e-03, 1.70842838e-03,
       5.69476094e-03, 2.84738047e-03, 1.13895221e-03, 1.70842838e-03,
       5.69476106e-04, 1.70842838e-03, 2.27790442e-03, 3.41685675e-03,
       0., 5.69476106e-04, 0., 1.70842838e-03, 0., 0., 5.69476106e-04,
       2.84738047e-03, 5.69476106e-04, 5.69476106e-04, 0.,
       5.69476106e-04, 0., 0., 0., 0., 5.69476106e-04, 0.,
       1.70842838e-03, 1.70842838e-03, 1.70842838e-03, 1.70842838e-03,
       5.69476106e-04, 0., 6.83371350e-03, 0., 5.69476106e-04,
       2.84738047e-03, 5.69476106e-04, 5.69476106e-04, 1.13895221e-03,
       2.27790442e-03, 0., 0., 1.70842838e-03, 5.69476106e-04,
       1.70842838e-03, 5.69476106e-04, 1.13895221e-03, 1.13895221e-03,
       1.13895221e-03, 5.69476106e-04, 1.13895221e-03, 0., 0., 0.,
       5.69476106e-04, 0., 1.70842838e-03, 1.70842838e-03,
       5.69476094e-03, 5.69476106e-04, 2.27790442e-03, 0.,
       3.98633257e-03, 1.13895221e-03, 0., 5.69476106e-04, 0.,
       1.13895221e-03, 1.13895221e-03, 0., 5.69476106e-04,
       5.69476106e-04, 1.13895221e-03, 0., 1.13895221e-03,
       1.13895221e-03, 0., 1.70842838e-03, 0., 5.69476106e-04,
       5.69476106e-04, 0., 0., 0., 0., 4.55580885e-03, 0.,
       1.13895221e-03, 0., 1.13895221e-03, 5.69476106e-04,
       1.13895221e-03, 1.13895221e-03, 5.69476106e-04, 5.69476106e-04,
       1.13895221e-03, 1.13895221e-03, 0., 0., 0., 2.27790442e-03,
       7.40318932e-03, 1.70842838e-03, 5.12528513e-03, 1.13895221e-03,
       1.13895221e-03, 0., 1.13895221e-03, 5.69476106e-04, 0.,
       1.13895221e-03, 1.13895221e-03, 2.84738047e-03, 5.69476106e-04,
       5.69476106e-04, 1.13895221e-03, 0., 1.13895221e-03, 0., 0.,
       9.68109351e-03, 0., 1.13895221e-03, 5.69476106e-04, 0.,
       3.41685675e-03, 1.13895221e-03, 2.27790442e-03, 2.27790442e-03,
       3.98633257e-03, 5.69476106e-04, 1.25284744e-02, 1.70842838e-03,
       0., 1.13895221e-03, 0., 6.26423722e-03, 1.13895221e-03,
       1.70842838e-03, 1.13895221e-03, 1.13895221e-03, 0., 0.,
       3.98633257e-03, 5.69476106e-04, 0., 0., 1.13895221e-03,
       3.98633257e-03, 1.13895221e-03, 5.69476106e-04, 5.69476106e-04,
       3.41685675e-03, 0., 0., 0., 5.69476106e-04, 5.69476106e-04, 0.,
       1.13895221e-03, 1.13895221e-03, 5.69476106e-04, 0., 0.,
       1.13895221e-03, 7.40318932e-03, 5.69476106e-04, 2.27790442e-03,
       7.40318932e-03, 5.69476106e-04, 5.69476106e-04, 3.98633257e-03,
       5.69476106e-04, 2.27790442e-03, 5.69476106e-04, 5.69476106e-04,
       0., 2.84738047e-03, 0., 0., 0., 0., 0., 2.27790442e-03,
       3.41685675e-03, 0., 1.13895221e-03, 1.13895221e-03, 0., 0.,
       5.12528513e-03, 5.69476106e-04, 5.69476106e-04, 0.,
       1.70842838e-03, 5.12528513e-03, 3.41685675e-03, 5.69476094e-03,
       5.12528513e-03, 1.13895221e-03, 1.70842838e-03, 2.27790442e-03,
       5.69476106e-04, 0., 0., 5.69476106e-04, 0., 0., 1.13895221e-03,
       0., 0., 5.69476106e-04, 0., 1.70842838e-03, 5.69476106e-04,
       5.69476106e-04, 5.69476106e-04, 0., 5.69476106e-04, 0.,
       5.69476106e-04, 1.13895221e-03, 0., 2.27790442e-03, 0.,
       1.70842838e-03, 0., 0., 5.69476106e-04, 0., 2.27790442e-03,
       1.13895221e-03, 3.98633257e-03, 2.27790442e-03, 2.27790442e-03,
       1.13895221e-03, 0., 5.69476106e-04, 1.13895221e-03,
       5.69476106e-04, 1.13895221e-03, 1.13895221e-03, 2.27790442e-03,
       1.13895221e-03, 5.69476106e-04, 1.13895221e-03, 0.,
       3.41685675e-03, 0., 5.69476106e-04, 1.70842838e-03,
       1.13895221e-03, 0., 0., 1.70842838e-03, 3.41685675e-03, 0.,
       5.69476106e-04, 0., 5.69476106e-04, 5.69476106e-04,
       1.13895221e-03, 1.13895221e-03, 0., 1.13895221e-03,
       1.13895221e-03, 1.70842838e-03, 0., 3.41685675e-03,
       1.70842838e-03, 5.69476106e-04, 1.13895221e-03, 5.69476106e-04,
       0., 0., 5.69476106e-04, 0., 0., 2.84738047e-03, 5.69476106e-04,
       0., 0., 1.13895221e-03, 1.13895221e-03, 2.84738047e-03,
       2.27790442e-03, 0., 1.70842838e-03, 1.70842838e-03,
       5.69476106e-04, 0., 0., 1.13895221e-03, 1.13895221e-03, 0.,
       5.69476106e-04, 1.13895221e-03, 1.70842838e-03, 2.27790442e-03,
       0., 1.70842838e-03, 3.98633257e-03, 5.69476106e-04,
       5.69476106e-04, 0., 5.69476106e-04, 5.69476106e-04, 0.,
       1.13895221e-03, 5.69476106e-04, 5.69476106e-04, 1.13895221e-03,
       0., 0., 0., 0., 1.13895221e-03, 1.13895221e-03, 1.70842838e-03,
       5.69476106e-04, 0., 2.27790442e-03, 2.27790442e-03, 0.,
       4.55580885e-03, 1.08200461e-02, 0., 0., 1.70842838e-03,
       1.70842838e-03, 5.69476106e-04, 5.69476106e-04, 1.70842838e-03,
       5.69476106e-04, 6.83371350e-03, 0., 1.13895221e-03, 0.,
       1.13895221e-03, 0., 2.27790442e-03, 1.13895221e-03, 0., 0.,
       5.69476106e-04, 0., 1.13895221e-03, 0., 5.69476106e-04,
       2.27790442e-03, 0., 1.70842838e-03, 0., 1.13895221e-03,
       1.70842838e-03, 4.55580885e-03, 2.27790442e-03, 5.69476106e-04,
       1.13895221e-03, 4.55580885e-03, 0., 0., 1.70842838e-03, 0., 0.,
       0., 1.13895221e-03, 1.13895221e-03, 2.27790442e-03,
       4.55580885e-03, 1.13895221e-03, 1.70842838e-03, 0., 0.,
       1.70842838e-03, 5.69476106e-04, 0., 3.98633257e-03,
       5.69476106e-04, 5.69476106e-04, 0., 2.27790442e-03, 0.,
       1.13895221e-03, 1.13895221e-03, 5.69476106e-04, 5.69476106e-04,
       5.69476106e-04, 5.69476106e-04, 5.69476106e-04, 1.13895221e-03,
       5.69476106e-04, 5.69476106e-04, 2.27790442e-03, 0., 0.,
       5.69476106e-04, 5.69476106e-04, 5.69476106e-04, 0.,
       5.69476106e-04, 3.98633257e-03, 2.84738047e-03, 5.69476106e-04,
       0., 5.69476106e-04, 0., 2.84738047e-03, 0., 5.69476106e-04,
       5.69476106e-04, 2.27790442e-03, 0., 0., 1.13895221e-03, 0.,
       1.13895221e-03, 0., 0., 0., 5.69476106e-04, 5.69476106e-04, 0.,
       1.13895221e-03, 0., 1.13895221e-03, 5.69476106e-04,
       2.27790442e-03, 0., 1.70842838e-03, 3.41685675e-03,
       2.84738047e-03, 5.69476106e-04, 5.69476106e-04, 6.26423722e-03,
       1.13895221e-03, 0., 2.27790442e-03, 1.70842838e-03,
       5.69476106e-04, 2.84738047e-03, 3.98633257e-03, 1.13895221e-03,
       0., 1.70842838e-03, 5.69476106e-04, 0., 3.41685675e-03,
       2.27790442e-03, 1.70842838e-03, 0., 1.13895221e-03,
       3.41685675e-03, 5.69476106e-04, 5.69476106e-04, 1.13895221e-03,
       1.70842838e-03, 2.27790442e-03, 0., 0., 0., 0., 0., 0.,
       5.69476106e-04, 5.69476106e-04, 1.13895221e-03, 0., 0.,
       5.69476106e-04, 0., 1.70842838e-03, 0., 2.27790442e-03,
       5.69476106e-04, 1.13895221e-03, 5.69476106e-04, 0.,
       5.69476106e-04, 0., 5.69476106e-04, 0., 1.13895221e-03,
