%YAML:1.0
m50n: !!opencv-matrix
   rows: 1
   cols: 800
   dt: f
   data: [ 0., 6.04594941e-04, 0., 0., 6.04594941e-04, 1.81378482e-03,
       1.20918988e-03, 4.83675953e-03, 1.51148736e-02, 3.02297482e-03,
       6.04594941e-04, 1.81378482e-03, 6.04594941e-04, 6.04594941e-04,
       1.20918988e-03, 4.23216447e-03, 0., 1.20918988e-03,
       4.83675953e-03, 0., 6.04594941e-04, 1.20918988e-03,
       3.62756965e-03, 6.04594941e-04, 0., 0., 0., 6.04594941e-04,
       1.20918988e-03, 0., 3.02297482e-03, 0., 1.81378482e-03,
       1.20918988e-03, 0., 1.81378482e-03, 1.20918988e-03, 0.,
       3.62756965e-03, 2.41837977e-03, 4.23216447e-03, 1.20918988e-03,
       0., 6.04594965e-03, 6.04594941e-04, 0., 1.81378482e-03,
       1.20918988e-03, 1.20918988e-03, 0., 0., 5.44135459e-03,
       6.04594965e-03, 6.04594941e-04, 0., 4.83675953e-03,
       9.06892400e-03, 0., 1.20918988e-03, 0., 6.04594941e-04,
       5.44135459e-03, 3.62756965e-03, 1.20918988e-03, 1.81378482e-03,
       6.04594941e-04, 1.81378482e-03, 5.44135459e-03, 0.,
       1.20918988e-03, 1.20918988e-03, 6.04594941e-04, 6.04594941e-04,
       6.04594941e-04, 6.04594941e-04, 1.20918988e-03, 1.20918988e-03,
       6.04594941e-04, 1.20918988e-03, 4.83675953e-03, 0.,
       3.62756965e-03, 0., 6.04594941e-04, 4.83675953e-03, 0., 0.,
       3.02297482e-03, 1.20918988e-03, 1.08827092e-02, 1.20918988e-03,
       0., 0., 1.20918988e-03, 0., 0., 1.81378482e-03, 6.04594941e-04,
       6.04594941e-04, 1.20918988e-03, 1.81378482e-03, 1.20918988e-03,
       0., 1.81378482e-03, 5.44135459e-03, 6.04594941e-04, 0., 0., 0.,
       6.04594941e-04, 0., 0., 0., 6.04594941e-04, 3.02297482e-03,
       1.20918988e-03, 0., 2.41837977e-03, 6.04594941e-04,
       2.41837977e-03, 1.20918988e-03, 0., 6.04594941e-04,
       1.20918988e-03, 0., 1.81378482e-03, 6.04594941e-04, 0.,
       6.04594941e-04, 2.41837977e-03, 1.20918988e-03, 3.02297482e-03,
       6.04594941e-04, 0., 0., 0., 1.81378482e-03, 0., 2.41837977e-03,
       0., 0., 1.81378482e-03, 6.04594941e-04, 0., 5.44135459e-03,
       6.04594941e-04, 0., 5.44135459e-03, 1.81378482e-03, 0.,
       1.20918988e-03, 0., 6.04594941e-04, 4.23216447e-03, 0.,
       1.20918988e-03, 2.41837977e-03, 2.41837977e-03, 1.20918988e-03,
       2.41837977e-03, 0., 6.04594941e-04, 6.04594941e-04, 0.,
       6.04594941e-04, 0., 0., 0., 1.81378482e-03, 1.20918988e-03,
       1.20918988e-03, 1.81378482e-03, 0., 2.41837977e-03,
       1.20918988e-03, 6.04594941e-04, 0., 6.04594941e-04,
       6.04594941e-04, 1.20918988e-03, 0., 6.04594941e-04,
       1.63240638e-02, 1.81378482e-03, 0., 1.20918988e-03,
       1.81378482e-03, 1.20918988e-03, 6.04594941e-04, 0.,
       6.04594941e-04, 0., 4.23216447e-03, 0., 1.20918988e-03,
       3.02297482e-03, 2.41837977e-03, 1.20918988e-03, 6.04594941e-04,
       6.04594941e-04, 0., 6.04594941e-04, 0., 0., 1.81378482e-03,
       1.81378482e-03, 0., 1.20918988e-03, 6.04594941e-04, 0.,
       6.04594941e-04, 2.41837977e-03, 4.23216447e-03, 6.04594941e-04,
       0., 6.04594941e-04, 3.62756965e-03, 0., 1.20918988e-03, 0.,
       6.04594941e-04, 3.02297482e-03, 2.41837977e-03, 1.81378482e-03,
       0., 1.20918988e-03, 0., 0., 0., 0., 1.81378482e-03,
       1.81378482e-03, 1.20918988e-03, 0., 0., 0., 0., 3.62756965e-03,
       0., 2.41837977e-03, 0., 6.04594941e-04, 0., 0., 0.,
       5.44135459e-03, 0., 0., 0., 0., 6.04594941e-04, 1.20918988e-03,
       0., 1.81378482e-03, 0., 1.81378482e-03, 0., 1.20918988e-03,
       2.41837977e-03, 0., 6.04594941e-04, 0., 1.81378482e-03, 0., 0.,
       0., 6.65054424e-03, 0., 6.04594941e-04, 6.04594941e-04,
       1.20918988e-03, 6.04594941e-04, 6.04594941e-04, 6.04594941e-04,
       6.04594941e-04, 1.20918988e-03, 0., 6.04594941e-04,
       1.20918988e-03, 0., 1.20918988e-03, 0., 6.04594941e-04,
       3.62756965e-03, 1.20918988e-03, 6.04594941e-04, 5.44135459e-03,
       6.04594941e-04, 6.04594941e-04, 1.20918988e-03, 4.23216447e-03,
       0., 1.20918988e-03, 6.04594941e-04, 1.45102786e-02,
       2.41837977e-03, 2.41837977e-03, 0., 0., 2.41837977e-03,
       6.04594941e-04, 6.04594941e-04, 0., 0., 1.20918988e-03, 0., 0.,
       4.23216447e-03, 6.04594965e-03, 0., 2.41837977e-03, 0., 0.,
       6.04594941e-04, 0., 0., 1.81378482e-03, 3.62756965e-03,
       1.20918988e-03, 0., 6.04594941e-04, 1.20918988e-03,
       6.04594941e-04, 0., 1.81378482e-03, 1.81378482e-03, 0.,
       3.02297482e-03, 6.04594941e-04, 0., 1.81378482e-03,
       2.41837977e-03, 0., 0., 2.41837977e-03, 6.04594941e-04,
       1.20918988e-03, 1.20918988e-03, 0., 1.20918988e-03, 0.,
       6.04594941e-04, 0., 0., 0., 0., 0., 6.04594941e-04, 0.,
       6.04594941e-04, 1.20918988e-03, 6.04594941e-04, 0.,
       1.20918988e-03, 1.20918988e-03, 0., 0., 0., 6.04594941e-04,
       6.04594941e-04, 0., 6.04594941e-04, 1.81378482e-03,
       1.20918988e-03, 0., 0., 6.04594941e-04, 2.41837977e-03, 0.,
       3.02297482e-03, 1.81378482e-03, 6.04594941e-04, 1.81378482e-03,
       6.04594941e-04, 6.04594941e-04, 0., 1.20918988e-03,
       1.20918988e-03, 0., 0., 6.04594941e-04, 6.04594941e-04,
       5.44135459e-03, 6.04594941e-04, 0., 2.41837977e-03,
       6.04594941e-04, 0., 0., 6.04594941e-04, 0., 6.04594941e-04,
       1.08827092e-02, 0., 0., 6.04594941e-04, 3.62756965e-03, 0., 0.,
       0., 0., 6.04594941e-04, 6.04594941e-04, 0., 6.04594941e-04,
       6.04594941e-04, 0., 1.81378482e-03, 6.04594941e-04, 0.,
       6.04594965e-03, 6.04594941e-04, 1.81378482e-03, 3.02297482e-03,
       6.04594941e-04, 0., 0., 0., 0., 6.04594941e-04, 0.,
       6.04594941e-04, 6.04594941e-04, 0., 6.04594941e-04,
       6.04594941e-04, 1.81378482e-03, 6.04594941e-04, 1.81378482e-03,
       0., 6.04594965e-03, 0., 3.62756965e-03, 6.04594941e-04, 0.,
       8.46432894e-03, 6.04594941e-04, 1.20918988e-03, 2.41837977e-03,
       1.81378482e-03, 6.04594941e-04, 0., 4.83675953e-03,
       1.20918988e-03, 1.20918988e-03, 1.20918988e-03, 2.41837977e-03,
       6.04594941e-04, 0., 3.02297482e-03, 3.02297482e-03,
       6.04594941e-04, 4.83675953e-03, 1.20918988e-03, 0.,
       6.04594941e-04, 2.41837977e-03, 1.20918988e-03, 1.20918988e-03,
       3.02297482e-03, 6.04594941e-04, 6.04594941e-04, 1.20918988e-03,
       0., 0., 1.20918988e-03, 1.20918988e-03, 3.62756965e-03,
       6.04594941e-04, 6.04594941e-04, 1.81378482e-03, 0., 0.,
       6.04594941e-04, 0., 6.04594941e-04, 2.41837977e-03, 0.,
       1.20918988e-03, 1.81378482e-03, 3.62756965e-03, 0., 0.,
       1.20918988e-03, 3.02297482e-03, 6.04594941e-04, 4.23216447e-03,
       1.20918988e-03, 0., 2.41837977e-03, 4.23216447e-03, 0.,
       6.04594941e-04, 6.04594941e-04, 1.20918988e-03, 0., 0.,
       3.02297482e-03, 0., 0., 6.04594941e-04, 0., 0., 3.62756965e-03,
       1.81378482e-03, 9.06892400e-03, 6.04594941e-04, 1.20918988e-03,
       2.41837977e-03, 3.02297482e-03, 6.04594941e-04, 1.81378482e-03,
       1.20918988e-03, 1.20918988e-03, 0., 0., 0., 2.41837977e-03,
       6.04594941e-04, 3.02297482e-03, 0., 3.02297482e-03, 0.,
       5.44135459e-03, 1.20918988e-03, 1.20918988e-03, 0.,
       1.81378482e-03, 1.20918988e-03, 3.62756965e-03, 0.,
       6.04594941e-04, 0., 0., 0., 1.20918988e-03, 1.20918988e-03, 0.,
       0., 3.62756965e-03, 6.04594941e-04, 0., 1.20918988e-03, 0.,
       3.02297482e-03, 0., 6.04594941e-04, 0., 6.04594941e-04,
       6.04594941e-04, 0., 1.20918988e-03, 2.41837977e-03,
       6.04594941e-04, 1.45102786e-02, 1.20918988e-03, 1.20918988e-03,
       6.04594941e-04, 3.02297482e-03, 1.20918988e-03, 4.83675953e-03,
       1.81378482e-03, 6.04594941e-04, 0., 1.81378482e-03,
       6.04594941e-04, 1.20918988e-03, 1.20918988e-03, 0.,
       1.81378482e-03, 0., 1.20918988e-03, 6.04594941e-04, 0., 0.,
       1.81378482e-03, 3.02297482e-03, 1.81378482e-03, 1.20918988e-03,
       1.81378482e-03, 1.81378482e-03, 0., 6.04594941e-04,
       6.04594941e-04, 3.02297482e-03, 0., 6.04594941e-04, 0., 0., 0.,
       6.04594941e-04, 4.23216447e-03, 4.23216447e-03, 4.83675953e-03,
