%YAML:1.0
m50n: !!opencv-matrix
   rows: 1
   cols: 800
   dt: f
   data: [ 7.49063678e-04, 3.74531839e-04, 3.74531839e-04,
       1.12359552e-03, 1.49812736e-03, 1.49812736e-03, 3.74531839e-04,
       0., 0., 3.74531839e-03, 7.49063678e-04, 3.74531839e-04,
       7.49063678e-04, 3.74531839e-04, 5.99250942e-03, 1.49812736e-03,
       1.12359552e-03, 1.49812736e-03, 0., 1.49812736e-03, 0.,
       1.12359552e-03, 1.49812736e-03, 8.23970046e-03, 7.49063678e-04,
       1.12359552e-03, 3.74531839e-04, 2.99625471e-03, 6.36704126e-03,
       1.87265920e-03, 2.24719103e-03, 3.74531839e-04, 1.87265920e-03,
       0., 0., 1.01123601e-02, 1.49812736e-03, 3.74531839e-04,
       1.12359552e-03, 0., 2.24719103e-03, 1.12359552e-03,
       3.74531839e-04, 3.74531839e-04, 1.49812736e-03, 2.24719103e-03,
       7.49063678e-04, 2.99625471e-03, 1.49812736e-03, 7.49063678e-04,
       3.74531839e-04, 0., 2.24719103e-03, 3.74531839e-04,
       2.24719103e-03, 1.49812736e-03, 0., 1.87265920e-03,
       1.12359552e-03, 1.12359552e-03, 1.12359552e-03, 0.,
       7.49063678e-04, 7.49063678e-04, 7.49063678e-04, 3.74531839e-04,
       4.11985023e-03, 7.49063678e-04, 2.24719103e-03, 1.49812736e-03,
       7.49063678e-04, 1.87265920e-03, 1.87265920e-03, 3.74531839e-04,
       4.11985023e-03, 7.49063678e-04, 0., 0., 1.12359552e-03,
       7.49063678e-04, 1.12359552e-03, 7.49063678e-04, 1.12359552e-03,
       2.62172287e-03, 1.12359552e-03, 1.49812736e-03, 7.49063678e-04,
       2.62172287e-03, 7.49063678e-04, 7.49063678e-04, 3.74531839e-04,
       2.99625471e-03, 0., 3.74531839e-04, 1.49812736e-03, 0.,
       1.12359552e-03, 2.24719103e-03, 1.12359552e-03, 1.49812736e-03,
       7.49063678e-04, 3.74531839e-04, 3.74531839e-04, 3.37078655e-03,
       0., 2.99625471e-03, 3.74531839e-04, 0., 1.49812736e-03,
       2.99625471e-03, 2.99625471e-03, 1.49812736e-03, 1.87265920e-03,
       0., 0., 3.74531839e-04, 7.86516815e-03, 0., 4.11985023e-03, 0.,
       0., 1.12359552e-03, 1.49812736e-03, 3.74531839e-04,
       3.74531839e-04, 3.74531839e-04, 1.49812736e-03, 7.49063678e-04,
       1.49812736e-03, 1.12359552e-03, 0., 0., 3.37078655e-03,
       1.49812736e-03, 3.74531839e-04, 1.12359552e-03, 1.49812736e-03,
       3.74531839e-04, 1.49812736e-03, 7.49063678e-04, 2.62172287e-03,
       2.24719103e-03, 7.49063678e-04, 2.99625471e-03, 0., 0.,
       1.12359552e-03, 0., 0., 3.74531839e-04, 2.24719103e-03,
       7.49063678e-04, 7.49063678e-04, 1.12359552e-03, 0., 0.,
       3.74531839e-04, 7.49063678e-04, 0., 0., 3.74531839e-04,
       5.99250942e-03, 7.49063678e-04, 7.49063678e-04, 2.99625471e-03,
       0., 1.49812736e-03, 2.24719103e-03, 0., 3.74531839e-04,
       1.12359552e-03, 6.36704126e-03, 0., 3.74531839e-04,
       7.49063678e-04, 2.24719103e-03, 1.12359552e-03, 1.49812736e-03,
       7.49063678e-04, 3.74531839e-04, 1.87265920e-03, 4.49438207e-03,
       2.24719103e-03, 1.12359552e-03, 7.49063678e-04, 7.49063678e-04,
       1.12359552e-03, 7.49063678e-04, 3.74531839e-04, 3.74531839e-04,
       2.24719103e-03, 7.49063678e-04, 7.49063678e-04, 0.,
       3.74531839e-04, 1.87265920e-03, 7.49063678e-04, 7.49063678e-04,
       1.12359552e-03, 2.24719103e-03, 0., 3.74531839e-04,
       7.49063678e-04, 1.87265920e-03, 0., 1.49812736e-03,
       4.86891391e-03, 2.99625471e-03, 0., 0., 7.49063678e-04,
       2.99625471e-03, 2.99625471e-03, 3.74531839e-04, 0.,
       2.99625471e-03, 1.12359552e-03, 1.12359552e-03, 7.49063678e-04,
       7.49063678e-04, 1.12359552e-03, 8.98876414e-03, 1.49812736e-03,
       0., 2.62172287e-03, 3.74531839e-04, 3.74531839e-04,
       1.49812736e-03, 0., 3.37078655e-03, 1.87265920e-03,
       1.49812736e-03, 3.74531839e-04, 2.24719103e-03, 1.12359552e-03,
       7.49063678e-04, 1.49812736e-03, 3.37078655e-03, 3.74531839e-04,
       0., 2.24719103e-03, 4.86891391e-03, 7.49063678e-04,
       3.74531839e-03, 1.49812736e-03, 3.74531839e-03, 1.12359552e-03,
       0., 7.49063678e-04, 2.24719103e-03, 3.74531839e-04,
       1.12359552e-03, 0., 7.49063678e-04, 0., 1.12359552e-03,
       1.12359552e-03, 3.74531839e-03, 7.49063678e-04, 1.87265920e-03,
       7.49063678e-04, 0., 3.74531839e-04, 1.87265920e-03, 0.,
       2.24719103e-03, 7.49063678e-04, 0., 0., 2.24719103e-03,
       1.12359552e-03, 4.11985023e-03, 1.87265920e-03, 7.49063678e-04,
       3.74531839e-04, 0., 3.74531839e-04, 1.12359552e-03, 0., 0.,
       1.87265920e-03, 1.87265920e-03, 7.49063678e-04, 3.74531839e-04,
       2.24719103e-03, 2.24719103e-03, 2.99625471e-03, 1.12359552e-03,
       3.74531839e-04, 2.24719103e-03, 3.74531839e-04, 1.87265920e-03,
       0., 7.49063678e-04, 1.87265920e-03, 1.12359552e-03,
       1.12359552e-03, 0., 3.74531839e-04, 2.24719103e-03,
       7.49063678e-04, 7.49063678e-04, 2.99625471e-03, 4.11985023e-03,
       3.74531839e-04, 0., 1.49812736e-03, 2.99625471e-03,
       2.62172287e-03, 1.87265920e-03, 2.24719103e-03, 5.61797759e-03,
       2.99625471e-03, 3.74531839e-04, 2.24719103e-03, 3.74531839e-03,
       3.74531839e-04, 7.49063678e-04, 0., 3.74531839e-04,
       1.12359552e-03, 1.49812736e-03, 0., 1.12359552e-03,
       1.87265920e-03, 7.49063678e-04, 7.49063678e-04, 1.12359552e-03,
       1.12359552e-03, 2.24719103e-03, 3.74531839e-04, 1.12359552e-03,
       1.49812736e-03, 1.12359552e-03, 1.49812736e-03, 1.12359552e-03,
       4.11985023e-03, 1.12359552e-03, 3.74531839e-04, 1.12359552e-03,
       3.74531839e-04, 1.12359552e-03, 1.12359552e-03, 1.12359552e-03,
       7.49063678e-04, 3.74531839e-04, 3.74531839e-04, 1.12359552e-03,
       3.74531839e-04, 1.12359552e-03, 1.87265920e-03, 1.87265920e-03,
       0., 2.24719103e-03, 0., 2.99625471e-03, 3.37078655e-03, 0.,
       3.74531839e-04, 0., 1.49812736e-03, 3.74531839e-04, 0., 0., 0.,
       5.24344575e-03, 7.49063678e-04, 0., 1.49812736e-03, 0.,
       8.23970046e-03, 5.24344575e-03, 3.74531839e-04, 3.74531839e-04,
       3.74531839e-03, 3.74531839e-04, 0., 3.74531839e-04,
       1.12359552e-03, 0., 3.74531839e-04, 2.24719103e-03,
       3.74531839e-04, 1.12359552e-03, 0., 7.49063678e-04,
       1.87265920e-03, 1.87265920e-03, 1.12359552e-03, 2.62172287e-03,
       1.49812736e-03, 1.49812736e-03, 3.74531839e-04, 3.74531839e-03,
       7.49063678e-04, 3.74531839e-04, 2.24719103e-03, 3.74531839e-04,
       1.49812736e-03, 1.49812736e-03, 7.49063678e-04, 7.49063678e-04,
       1.12359552e-03, 5.61797759e-03, 0., 1.87265920e-03, 0.,
       3.74531839e-04, 1.12359552e-03, 0., 0., 1.12359552e-03,
       7.49063678e-04, 1.12359552e-03, 0., 3.74531839e-04,
       7.49063678e-04, 0., 3.74531839e-04, 2.99625471e-03,
       1.12359552e-03, 0., 2.24719103e-03, 0., 0., 2.24719103e-03,
       1.87265920e-03, 1.12359552e-03, 2.62172287e-03, 2.99625471e-03,
       3.74531839e-04, 2.99625471e-03, 4.11985023e-03, 0.,
       7.49063678e-04, 1.12359552e-03, 3.74531839e-04, 3.74531839e-04,
       3.74531839e-04, 1.12359552e-03, 0., 1.12359552e-03,
       3.74531839e-04, 1.12359552e-03, 3.74531839e-04, 0., 0.,
       3.74531839e-04, 1.49812736e-03, 1.12359552e-03, 2.24719103e-03,
       0., 7.49063678e-04, 2.24719103e-03, 1.87265920e-03,
       7.49063678e-04, 0., 3.74531839e-04, 1.87265920e-03,
       7.49063678e-04, 2.24719103e-03, 0., 1.49812736e-03,
       1.49812736e-03, 0., 1.87265920e-03, 7.49063678e-04,
       5.24344575e-03, 3.74531839e-04, 1.87265920e-03, 3.74531839e-04,
       3.74531839e-04, 2.99625471e-03, 3.74531839e-04, 3.74531839e-04,
       3.74531839e-04, 0., 0., 1.49812736e-03, 1.87265920e-03,
       3.74531839e-04, 3.74531839e-04, 1.12359552e-03, 3.74531839e-04,
       0., 0., 2.62172287e-03, 1.12359552e-03, 0., 3.74531839e-04,
       7.49063678e-04, 0., 0., 2.24719103e-03, 3.74531839e-04,
       7.49063678e-04, 3.74531839e-04, 3.74531839e-04, 3.74531839e-04,
       7.49063678e-04, 3.74531839e-04, 3.74531839e-04, 0.,
       7.49063678e-04, 1.87265920e-03, 4.11985023e-03, 7.49063678e-04,
       3.74531839e-04, 3.74531839e-04, 2.62172287e-03, 3.74531839e-04,
