%YAML:1.0
m50n: !!opencv-matrix
   rows: 1
   cols: 200
   dt: f
   data: [ 5.12528513e-03, 1.70842838e-03, 5.69476094e-03,
       1.70842838e-03, 1.13895221e-03, 1.70842838e-03, 6.83371350e-03,
       8.54214188e-03, 1.70842838e-03, 5.69476094e-03, 2.27790442e-03,
       1.70842838e-03, 3.98633257e-03, 9.68109351e-03, 5.12528513e-03,
       1.08200461e-02, 1.76537596e-02, 0., 3.98633257e-03,
       3.98633257e-03, 2.84738047e-03, 3.41685675e-03, 5.69476106e-04,
       1.36674270e-02, 1.70842838e-03, 3.98633257e-03, 1.70842838e-03,
       6.26423722e-03, 1.30979503e-02, 1.13895221e-03, 2.27790442e-03,
       1.02505703e-02, 5.69476106e-04, 3.41685675e-03, 3.41685675e-03,
       7.40318932e-03, 1.13895221e-03, 1.08200461e-02, 1.13895221e-03,
       9.68109351e-03, 5.69476094e-03, 2.27790442e-03, 3.41685675e-03,
       4.55580885e-03, 1.70842838e-03, 1.70842838e-03, 3.98633257e-03,
       1.65148079e-02, 2.27790442e-03, 2.84738047e-03, 4.55580885e-03,
       4.55580885e-03, 2.27790442e-03, 6.26423722e-03, 5.69476094e-03,
       1.13895221e-03, 2.27790442e-03, 7.97266513e-03, 1.08200461e-02,
       5.69476094e-03, 3.41685675e-03, 2.84738047e-03, 5.69476106e-04,
       1.70842838e-03, 1.02505703e-02, 2.27790442e-03, 7.40318932e-03,
       2.84738056e-02, 1.65148079e-02, 1.13895221e-03, 9.11161769e-03,
       6.26423722e-03, 5.12528513e-03, 2.84738047e-03, 6.26423722e-03,
       2.27790442e-03, 2.39179973e-02, 7.97266513e-03, 1.13895219e-02,
       1.13895221e-03, 9.68109351e-03, 2.84738047e-03, 5.12528513e-03,
       5.69476094e-03, 1.59453303e-02, 2.27790442e-03, 5.12528513e-03,
       2.27790442e-03, 3.98633257e-03, 1.70842838e-03, 1.08200461e-02,
       4.55580885e-03, 1.13895221e-03, 2.27790442e-03, 2.67653763e-02,
       4.55580885e-03, 6.83371350e-03, 1.02505703e-02, 1.30979503e-02,
       5.69476094e-03, 2.84738047e-03, 1.70842838e-03, 2.27790442e-03,
       9.11161769e-03, 1.19589986e-02, 5.69476106e-04, 1.59453303e-02,
       2.27790442e-03, 6.26423722e-03, 2.27790442e-03, 1.70842838e-03,
       2.84738047e-03, 1.13895219e-02, 5.69476106e-04, 2.84738047e-03,
       2.84738047e-03, 4.55580885e-03, 2.84738047e-03, 1.13895221e-03,
       1.13895221e-03, 1.13895221e-03, 1.70842838e-03, 9.11161769e-03,
       2.27790442e-03, 6.26423722e-03, 2.84738047e-03, 3.98633257e-03,
       2.27790442e-03, 5.69476106e-04, 1.02505703e-02, 0.,
       2.27790442e-03, 8.54214188e-03, 2.84738047e-03, 5.69476106e-04,
       6.26423722e-03, 1.42369028e-02, 2.27790442e-03, 2.84738047e-03,
       2.27790442e-03, 1.70842838e-03, 3.41685675e-03, 0.,
       1.70842838e-03, 8.54214188e-03, 2.84738047e-03, 1.70842838e-03,
       5.12528513e-03, 5.69476106e-04, 1.70842838e-03, 2.27790442e-03,
       2.84738047e-03, 1.70842838e-03, 1.70842838e-03, 5.69476094e-03,
       7.97266513e-03, 2.27790442e-03, 5.12528513e-03, 3.41685675e-03,
       6.83371350e-03, 1.13895221e-03, 3.98633257e-03, 1.70842838e-03,
       2.27790442e-03, 9.68109351e-03, 2.84738047e-03, 2.84738047e-03,
       1.13895221e-03, 1.13895219e-02, 5.12528513e-03, 1.70842838e-03,
       5.69476094e-03, 2.84738047e-03, 8.54214188e-03, 7.40318932e-03,
       5.69476106e-04, 1.13895221e-03, 3.98633257e-03, 5.12528513e-03,
       1.13895221e-03, 6.83371350e-03, 1.70842838e-03, 1.36674270e-02,
       7.97266513e-03, 5.69476106e-04, 5.69476106e-04, 1.02505703e-02,
       3.98633257e-03, 4.55580885e-03, 1.13895221e-03, 4.55580885e-03,
       1.13895221e-03, 4.55580885e-03, 6.26423722e-03, 5.69476106e-04,
       9.68109351e-03, 1.13895221e-03, 5.12528513e-03, 8.54214188e-03,
       4.55580885e-03 ]
