%YAML:1.0
m50n: !!opencv-matrix
   rows: 1
   cols: 800
   dt: f
   data: [ 0., 8.96458980e-04, 1.34468847e-03, 0., 2.68937694e-03, 0.,
       1.34468847e-03, 0., 4.48229490e-04, 8.96458980e-04,
       3.13760643e-03, 0., 0., 8.96458980e-04, 4.48229490e-04,
       1.79291796e-03, 0., 4.48229490e-04, 0., 4.48229490e-04,
       1.34468847e-03, 1.34468847e-03, 1.79291796e-03, 7.17167184e-03,
       1.34468847e-03, 4.48229490e-04, 4.48229490e-04, 4.48229490e-04,
       1.79291796e-03, 0., 4.48229490e-03, 1.34468847e-03,
       3.13760643e-03, 2.24114745e-03, 0., 8.96458980e-04,
       8.96458980e-04, 8.96458980e-04, 0., 0., 0., 8.96458980e-04,
       1.34468847e-03, 0., 1.79291796e-03, 2.68937694e-03,
       1.34468847e-03, 1.34468847e-03, 0., 0., 8.96458980e-04,
       8.96458980e-04, 1.79291796e-03, 0., 4.48229490e-04, 0., 0.,
       3.58583592e-03, 4.48229490e-04, 1.79291796e-03, 2.68937694e-03,
       4.48229490e-04, 8.96458980e-04, 4.48229490e-04, 8.96458980e-04,
       4.48229490e-04, 3.13760643e-03, 2.24114745e-03, 1.34468847e-03,
       8.96458980e-04, 0., 8.96458980e-04, 4.48229490e-04,
       4.48229490e-04, 1.34468847e-03, 8.96458980e-04, 8.96458980e-04,
       4.48229490e-04, 8.96458980e-04, 2.68937694e-03, 8.96458980e-04,
       0., 4.48229490e-04, 1.79291796e-03, 4.48229490e-04,
       3.58583592e-03, 8.96458980e-04, 0., 4.48229490e-04, 0., 0.,
       4.48229490e-04, 8.96458980e-04, 4.48229490e-04, 0.,
       1.34468847e-03, 4.48229490e-04, 8.96458980e-04, 1.79291796e-03,
       4.48229490e-04, 1.79291796e-03, 8.96458980e-04, 8.96458980e-04,
       4.93052416e-03, 1.34468847e-03, 9.41281952e-03, 8.96458980e-04,
       4.48229490e-04, 0., 0., 8.96458980e-04, 8.96458980e-04, 0.,
       4.48229490e-04, 4.03406564e-03, 0., 9.41281952e-03,
       4.48229490e-04, 3.13760643e-03, 4.48229490e-04, 0.,
       4.48229490e-04, 4.48229490e-03, 4.48229490e-03, 0.,
       4.48229490e-04, 8.96458980e-04, 4.48229490e-04, 3.13760643e-03,
       4.48229490e-04, 3.58583592e-03, 0., 4.03406564e-03,
       5.82698360e-03, 0., 4.48229490e-04, 0., 1.34468847e-03,
       1.34468847e-03, 2.68937694e-03, 1.34468847e-03, 8.96458980e-04,
       4.48229490e-04, 0., 4.48229490e-04, 4.48229490e-04, 0.,
       8.96458980e-04, 0., 8.96458980e-04, 0., 0., 4.48229490e-04, 0.,
       0., 0., 4.48229490e-04, 4.48229490e-04, 0., 4.48229490e-04,
       2.68937694e-03, 2.68937694e-03, 2.24114745e-03, 8.96458980e-04,
       4.48229490e-04, 8.96458980e-04, 0., 1.34468847e-03,
       4.03406564e-03, 8.96458980e-04, 8.96458980e-04, 1.34468847e-03,
       1.34468847e-03, 0., 4.03406564e-03, 1.79291796e-03,
       4.48229490e-04, 1.34468847e-03, 8.96458980e-04, 8.96458980e-04,
       3.58583592e-03, 4.48229490e-04, 4.48229490e-04, 8.96458980e-04,
       4.48229490e-04, 1.34468847e-03, 2.68937694e-03, 0., 0.,
       5.82698360e-03, 4.48229490e-04, 8.96458980e-04, 2.68937694e-03,
       8.96458980e-04, 0., 8.96458980e-04, 1.79291796e-03,
       1.79291796e-03, 2.24114745e-03, 2.68937694e-03, 0., 0.,
       4.48229490e-04, 2.24114745e-03, 0., 1.34468847e-03,
       2.68937694e-03, 8.96458980e-04, 4.48229490e-04, 4.48229490e-04,
       2.24114745e-03, 2.68937694e-03, 1.34468847e-03, 2.68937694e-03,
       4.48229490e-04, 1.34468847e-03, 4.48229490e-04, 0.,
       1.79291796e-03, 1.34468847e-03, 2.24114745e-03, 8.96458980e-04,
       1.34468847e-03, 8.96458980e-04, 1.34468847e-03, 0.,
       2.68937694e-03, 1.34468847e-03, 0., 8.96458980e-04,
       8.96458980e-03, 8.96458980e-04, 4.48229490e-04, 2.68937694e-03,
       8.96458980e-04, 0., 3.58583592e-03, 8.96458980e-04,
       1.34468847e-03, 3.58583592e-03, 4.48229490e-04, 1.79291796e-03,
       4.48229490e-04, 4.48229490e-04, 8.96458980e-04, 0.,
       8.96458980e-04, 3.13760643e-03, 0., 4.48229490e-04, 0.,
       1.34468847e-03, 1.34468847e-03, 0., 8.96458980e-04,
       1.34468847e-03, 4.48229490e-04, 2.24114745e-03, 8.96458980e-04,
       3.13760643e-03, 0., 1.34468847e-03, 0., 1.79291796e-03, 0.,
       4.48229490e-04, 4.48229490e-04, 4.48229490e-04, 0., 0.,
       3.13760643e-03, 0., 1.79291796e-03, 0., 0., 4.48229490e-04, 0.,
       0., 0., 4.48229490e-04, 1.34468847e-03, 1.79291796e-03,
       8.96458980e-04, 1.34468847e-03, 0., 8.96458980e-04, 0., 0.,
       1.79291796e-03, 4.03406564e-03, 8.96458980e-04, 3.13760643e-03,
       1.34468847e-03, 4.48229490e-04, 9.41281952e-03, 2.24114745e-03,
       8.96458980e-04, 4.48229490e-04, 4.48229490e-04, 4.48229490e-04,
       4.48229490e-04, 4.48229490e-04, 0., 2.24114745e-03,
       4.48229490e-04, 4.48229490e-04, 4.48229490e-04, 0.,
       8.96458980e-04, 2.24114745e-03, 3.58583592e-03, 4.48229490e-04,
       1.79291796e-03, 4.48229490e-04, 0., 2.68937694e-03, 0., 0.,
       4.03406564e-03, 0., 4.48229490e-04, 8.96458980e-04,
       4.48229490e-04, 0., 8.96458980e-04, 0., 8.96458980e-04,
       4.48229490e-04, 8.96458980e-04, 4.48229490e-04, 8.96458980e-04,
       1.79291796e-03, 4.48229490e-04, 4.48229490e-04, 1.79291796e-03,
       4.48229490e-04, 2.68937694e-03, 0., 8.96458980e-04,
       4.48229490e-04, 1.79291796e-03, 8.96458980e-04, 8.96458980e-04,
       8.96458980e-04, 1.79291796e-03, 0., 0., 0., 1.79291796e-03, 0.,
       8.96458980e-04, 8.96458980e-04, 4.48229490e-04, 1.34468847e-03,
       2.24114745e-03, 1.79291796e-03, 4.48229490e-04, 8.96458980e-04,
       8.96458980e-04, 2.24114745e-03, 1.34468847e-03, 1.34468847e-03,
       4.48229490e-04, 0., 4.03406564e-03, 9.86104831e-03,
       1.34468847e-03, 4.48229490e-04, 8.96458980e-04, 8.96458980e-04,
       2.68937694e-03, 4.93052416e-03, 4.48229490e-04, 8.96458980e-04,
       2.24114745e-03, 4.48229490e-04, 0., 4.48229490e-04,
       4.48229490e-04, 4.48229490e-04, 6.27521286e-03, 8.96458980e-04,
       0., 4.48229490e-04, 1.25504257e-02, 0., 1.34468847e-03,
       8.96458980e-04, 4.48229490e-04, 1.79291796e-03, 8.96458980e-04,
       4.48229490e-04, 0., 1.79291796e-03, 8.96458980e-04, 0.,
       3.13760643e-03, 0., 1.79291796e-03, 0., 0., 4.48229490e-04,
       8.96458980e-04, 0., 1.34468847e-03, 1.79291796e-03,
       4.03406564e-03, 0., 2.24114745e-03, 1.34468847e-03, 0.,
       1.79291796e-03, 4.48229490e-04, 1.79291796e-03, 8.96458980e-04,
       0., 4.48229490e-04, 1.79291796e-03, 4.48229490e-04,
       8.96458980e-04, 1.79291796e-03, 4.48229490e-04, 0., 0.,
       1.79291796e-03, 1.79291796e-03, 4.48229490e-04, 0., 0.,
       2.24114745e-03, 4.48229490e-04, 4.48229490e-04, 8.96458980e-03,
       4.48229490e-04, 3.13760643e-03, 1.79291796e-03, 0.,
       1.34468847e-03, 8.96458980e-04, 0., 8.96458980e-04,
       4.48229490e-04, 1.34468847e-03, 4.48229490e-04, 2.24114745e-03,
       2.68937694e-03, 8.51636007e-03, 8.96458980e-04, 4.48229490e-04,
       8.96458980e-04, 1.34468847e-03, 4.48229490e-04, 8.96458980e-04,
       1.34468847e-03, 3.13760643e-03, 2.24114745e-03, 6.27521286e-03,
       0., 0., 1.79291796e-03, 2.24114745e-03, 2.24114745e-03,
       1.79291796e-03, 4.48229490e-04, 0., 0., 8.96458980e-04,
       3.13760643e-03, 1.79291796e-03, 1.79291796e-03, 0., 0.,
       2.68937694e-03, 8.96458980e-04, 1.34468847e-03, 8.96458980e-04,
       8.96458980e-04, 8.96458980e-04, 1.34468847e-03, 4.48229490e-04,
       4.48229490e-04, 4.48229490e-04, 0., 1.34468847e-03,
       1.34468847e-03, 0., 1.34468847e-03, 2.68937694e-03, 0.,
       3.13760643e-03, 1.79291796e-03, 4.48229490e-04, 0.,
       3.58583592e-03, 4.48229490e-04, 3.58583592e-03, 0., 0.,
       4.48229490e-04, 0., 8.96458980e-04, 2.24114745e-03,
       4.48229490e-04, 2.24114745e-03, 8.96458980e-04, 3.13760643e-03,
       2.68937694e-03, 4.48229490e-04, 1.34468847e-03, 2.24114745e-03,
       0., 0., 8.96458980e-04, 5.37875388e-03, 0., 8.96458980e-04,
       8.96458980e-04, 1.34468847e-03, 8.96458980e-04, 0.,
       2.68937694e-03, 1.34468847e-03, 4.48229490e-04, 2.24114745e-03,
       0., 1.34468847e-03, 4.48229490e-04, 0., 4.48229490e-04, 0.,
       1.34468847e-03, 0., 0., 5.37875388e-03, 0., 0., 0.,
