%YAML:1.0
m50n: !!opencv-matrix
   rows: 1
   cols: 800
   dt: f
   data: [ 4.08329943e-04, 8.16659885e-04, 1.22498977e-03,
       8.16659885e-04, 4.08329954e-03, 0., 4.08329943e-04, 0., 0.,
       2.04164977e-03, 4.89995908e-03, 2.04164977e-03, 4.08329943e-04,
       0., 2.85830954e-03, 4.08329954e-03, 0., 0., 4.08329943e-04,
       4.08329943e-04, 4.08329943e-04, 2.85830954e-03, 1.22498977e-03,
       0., 0., 4.08329943e-04, 0., 0., 1.22498977e-03, 0.,
       4.49162954e-03, 3.26663954e-03, 4.08329943e-04, 1.22498977e-03,
       4.08329943e-04, 2.44997954e-03, 2.04164977e-03, 0.,
       1.22498977e-03, 0., 0., 2.85830954e-03, 2.04164977e-03, 0.,
       8.16659885e-04, 1.22498977e-03, 0., 0., 0., 0., 1.63331977e-03,
       1.22498977e-03, 1.63331977e-03, 0., 0., 0., 0., 1.63331977e-03,
       2.85830954e-03, 1.22498977e-03, 2.85830954e-03, 4.08329943e-04,
       2.44997954e-03, 3.26663954e-03, 2.04164977e-03, 8.16659885e-04,
       2.04164977e-03, 8.16659885e-04, 8.16659885e-04, 8.16659885e-04,
       8.16659885e-04, 1.63331977e-03, 4.08329943e-04, 0., 0.,
       1.63331977e-03, 0., 1.63331977e-03, 1.22498977e-03,
       1.63331977e-03, 8.16659885e-04, 4.08329943e-04, 3.26663954e-03,
       8.16659885e-04, 0., 3.67496954e-03, 8.16659885e-04,
       4.08329943e-04, 2.85830954e-03, 4.08329943e-04, 0., 0., 0.,
       4.08329943e-04, 8.16659885e-04, 1.63331977e-03, 1.22498977e-03,
       1.22498977e-03, 2.04164977e-03, 0., 3.26663954e-03,
       2.44997954e-03, 2.85830954e-03, 0., 0., 2.04164977e-03,
       1.63331977e-03, 2.44997954e-03, 0., 0., 2.04164977e-03,
       2.44997954e-03, 4.08329943e-04, 4.08329943e-04, 0.,
       8.16659885e-04, 4.49162954e-03, 8.16659885e-04, 1.63331977e-03,
       4.08329943e-04, 0., 2.44997954e-03, 3.26663954e-03,
       3.26663954e-03, 0., 4.08329943e-04, 2.44997954e-03, 0.,
       3.67496954e-03, 1.22498977e-03, 4.08329943e-04, 1.22498977e-03,
       2.04164977e-03, 5.71661908e-03, 1.63331977e-03, 4.08329943e-04,
       1.22498977e-03, 4.08329943e-04, 2.85830954e-03, 4.08329954e-03,
       4.08329954e-03, 1.63331977e-03, 0., 8.16659885e-04,
       8.16659885e-04, 0., 4.08329943e-04, 1.63331977e-03,
       4.08329943e-04, 3.67496954e-03, 0., 0., 1.22498977e-03,
       5.71661908e-03, 4.08329943e-04, 0., 4.08329943e-04,
       2.04164977e-03, 4.08329943e-04, 1.22498977e-03, 4.08329943e-04,
       6.12494908e-03, 4.49162954e-03, 1.63331977e-03, 0.,
       2.85830954e-03, 0., 8.16659885e-04, 2.85830954e-03, 0.,
       3.67496954e-03, 8.16659885e-04, 1.22498977e-03, 0.,
       3.67496954e-03, 0., 0., 2.44997954e-03, 1.63331977e-03,
       4.08329943e-04, 3.26663954e-03, 2.85830954e-03, 4.08329943e-04,
       2.04164977e-03, 1.63331977e-03, 0., 8.16659885e-04, 0., 0.,
       1.22498977e-03, 8.16659885e-04, 4.08329943e-04, 5.30828908e-03,
       0., 1.63331977e-03, 4.08329943e-04, 1.22498977e-03, 0., 0., 0.,
       4.08329943e-04, 0., 8.16659885e-04, 5.71661908e-03, 0.,
       1.63331977e-03, 2.44997954e-03, 1.22498977e-03, 1.63331977e-03,
       1.22498977e-03, 1.63331977e-03, 1.22498977e-03, 8.16659885e-04,
       4.08329954e-03, 4.08329943e-04, 2.85830954e-03, 2.44997954e-03,
       0., 2.04164977e-03, 1.63331977e-03, 4.08329954e-03,
       3.67496954e-03, 1.63331977e-03, 8.16659885e-04, 2.04164977e-03,
       0., 2.44997954e-03, 1.63331977e-03, 0., 2.04164977e-03,
       1.22498977e-03, 8.16659885e-04, 4.08329943e-04, 1.22498977e-03,
       2.04164977e-03, 0., 2.04164977e-03, 0., 2.44997954e-03,
       8.16659885e-04, 0., 1.22498977e-03, 4.08329943e-04, 0.,
       1.22498977e-03, 8.16659885e-04, 4.08329943e-04, 4.08329943e-04,
       1.22498977e-03, 1.22498977e-03, 4.08329943e-04, 4.49162954e-03,
       1.22498977e-03, 0., 0., 1.63331977e-03, 3.26663954e-03,
       1.63331977e-03, 2.85830954e-03, 1.63331977e-03, 1.63331977e-03,
       2.04164977e-03, 1.22498977e-03, 4.08329954e-03, 2.44997954e-03,
       1.63331977e-03, 1.22498977e-03, 0., 0., 8.16659885e-04,
       8.16659885e-04, 0., 2.44997954e-03, 0., 4.08329943e-04, 0., 0.,
       1.22498977e-03, 4.08329943e-04, 1.22498977e-03, 1.63331977e-03,
       8.16659885e-04, 4.08329943e-04, 4.08329943e-04, 1.63331977e-03,
       1.63331977e-03, 0., 1.22498977e-03, 4.49162954e-03,
       2.44997954e-03, 4.08329943e-04, 2.04164977e-03, 4.08329954e-03,
       2.85830954e-03, 2.44997954e-03, 8.16659885e-04, 8.16659885e-04,
       1.22498977e-03, 2.04164977e-03, 4.08329943e-04, 1.22498977e-03,
       2.04164977e-03, 2.44997954e-03, 0., 0., 0., 0., 0.,
       4.49162954e-03, 4.08329943e-04, 3.26663954e-03, 0.,
       2.04164977e-03, 4.08329943e-04, 0., 0., 0., 4.08329943e-04,
       2.44997954e-03, 4.08329943e-04, 0., 4.08329943e-04,
       4.08329943e-04, 1.22498977e-03, 0., 4.08329943e-04,
       4.08329943e-04, 0., 8.16659885e-04, 4.08329943e-04,
       1.63331977e-03, 8.16659885e-04, 0., 2.44997954e-03,
       1.63331977e-03, 4.08329943e-04, 4.08329943e-04, 4.08329943e-04,
       1.22498977e-03, 0., 2.85830954e-03, 0., 1.63331977e-03,
       2.04164977e-03, 4.08329943e-04, 2.44997954e-03, 4.08329943e-04,
       1.22498977e-03, 1.22498977e-03, 0., 0., 3.26663954e-03,
       4.08329943e-04, 1.22498977e-03, 2.44997954e-03, 2.04164977e-03,
       2.85830954e-03, 3.26663954e-03, 1.63331977e-03, 4.08329943e-04,
       4.49162954e-03, 8.16659885e-04, 4.49162954e-03, 0.,
       2.04164977e-03, 2.04164977e-03, 4.08329954e-03, 4.08329943e-04,
       0., 2.85830954e-03, 8.16659885e-04, 2.44997954e-03,
       1.22498977e-03, 2.44997954e-03, 8.16659885e-04, 0.,
       4.08329943e-04, 4.08329943e-04, 3.26663954e-03, 0.,
       6.53327908e-03, 8.16659885e-04, 1.22498977e-03, 0.,
       4.49162954e-03, 1.22498977e-03, 8.16659885e-04, 0.,
       4.08329943e-04, 8.16659885e-04, 2.04164977e-03, 2.04164977e-03,
       8.16659885e-04, 4.08329943e-04, 8.16659885e-04, 1.22498977e-03,
       4.49162954e-03, 1.63331977e-03, 8.16659885e-04, 1.22498977e-03,
       0., 1.63331977e-03, 4.49162954e-03, 0., 2.04164977e-03,
       2.85830954e-03, 1.63331977e-03, 8.16659885e-04, 0.,
       2.04164977e-03, 4.08329943e-04, 4.89995908e-03, 0.,
       9.79991816e-03, 3.26663954e-03, 0., 0., 3.26663954e-03, 0., 0.,
       1.63331977e-03, 4.08329943e-04, 1.63331977e-03, 4.08329943e-04,
       1.63331977e-03, 4.08329943e-04, 0., 1.22498977e-03, 0.,
       2.44997954e-03, 0., 1.63331977e-03, 1.22498977e-03,
       4.08329943e-04, 8.16659885e-04, 0., 0., 4.08329943e-04,
       4.08329954e-03, 0., 2.04164977e-03, 0., 2.44997954e-03,
       4.08329943e-04, 0., 3.67496954e-03, 6.53327908e-03,
       1.22498977e-03, 1.63331977e-03, 1.22498977e-03, 8.16659885e-04,
       4.08329943e-04, 0., 8.16659885e-04, 4.08329943e-04,
       1.63331977e-03, 1.30665582e-02, 8.16659885e-04, 4.08329943e-04,
       8.16659885e-04, 1.22498977e-03, 2.44997954e-03, 8.16659885e-04,
       8.16659885e-04, 1.63331977e-03, 4.08329943e-04, 4.08329943e-04,
       1.22498977e-03, 4.08329943e-04, 2.44997954e-03, 0., 0.,
       3.26663954e-03, 2.44997954e-03, 4.08329943e-04, 8.16659885e-04,
       8.16659885e-04, 1.63331977e-03, 8.16659885e-04, 4.08329943e-04,
       0., 4.08329943e-04, 0., 4.08329943e-04, 2.44997954e-03, 0.,
       1.63331977e-03, 3.67496954e-03, 0., 8.16659885e-04,
       4.89995908e-03, 0., 2.04164977e-03, 4.08329943e-04,
       1.22498977e-03, 2.04164977e-03, 4.08329943e-04, 8.16659885e-04,
       0., 0., 1.22498977e-03, 2.04164977e-03, 0., 2.85830954e-03,
       4.08329943e-04, 5.71661908e-03, 2.44997954e-03, 4.08329954e-03,
       2.04164977e-03, 2.85830954e-03, 0., 1.22498977e-03,
       2.85830954e-03, 6.53327908e-03, 4.08329943e-04, 0.,
       1.22498977e-03, 0., 8.16659885e-04, 8.16659885e-04,
       2.44997954e-03, 8.16659885e-04, 4.08329943e-04, 2.85830954e-03,
       4.08329943e-04, 2.44997954e-03, 2.85830954e-03, 4.08329943e-04,
       1.22498977e-03, 1.22498977e-03, 1.22498977e-03, 1.22498977e-03,
       0., 2.44997954e-03, 0., 2.04164977e-03, 2.85830954e-03,
