%YAML:1.0
m50n: !!opencv-matrix
   rows: 1
   cols: 800
   dt: f
   data: [ 1.59426068e-03, 2.39139097e-03, 1.99282588e-03,
       2.39139097e-03, 3.98565177e-03, 0., 3.98565171e-04, 0.,
       3.98565171e-04, 2.39139097e-03, 2.39139097e-03, 1.19569548e-03,
       3.18852137e-03, 2.78995628e-03, 3.98565171e-04, 3.98565171e-04,
       2.39139097e-03, 7.97130342e-04, 3.98565171e-04, 1.99282588e-03,
       7.97130342e-04, 3.18852137e-03, 7.97130342e-04, 1.59426068e-03,
       3.98565171e-04, 7.97130342e-04, 1.19569548e-03, 2.39139097e-03,
       3.58708645e-03, 1.99282588e-03, 1.19569548e-03, 2.39139097e-03,
       3.98565171e-04, 1.19569548e-03, 3.98565171e-04, 1.59426068e-03,
       0., 0., 2.78995628e-03, 0., 2.78995628e-03, 1.59426068e-03, 0.,
       1.99282588e-03, 1.99282588e-03, 7.97130342e-04, 7.97130342e-04,
       1.59426068e-03, 0., 0., 1.59426068e-03, 7.97130342e-04, 0.,
       7.97130342e-04, 1.99282588e-03, 1.59426068e-03, 3.98565171e-04,
       2.39139097e-03, 1.59426068e-03, 3.98565171e-04, 3.58708645e-03,
       0., 1.99282588e-03, 7.97130342e-04, 3.98565171e-04, 0.,
       3.98565171e-04, 3.98565171e-04, 1.19569548e-03, 0.,
       1.99282588e-03, 3.98565171e-04, 1.99282588e-03, 1.59426068e-03,
       1.19569548e-03, 7.97130342e-04, 3.98565171e-04, 3.98565171e-04,
       1.99282588e-03, 1.19569548e-03, 0., 1.59426068e-03,
       1.59426068e-03, 1.59426068e-03, 3.18852137e-03, 3.98565171e-04,
       1.19569548e-03, 2.78995628e-03, 7.97130342e-04, 3.58708645e-03,
       1.19569548e-03, 3.98565171e-04, 0., 3.98565171e-04,
       1.19569548e-03, 3.98565171e-04, 3.98565171e-04, 1.99282588e-03,
       1.59426068e-03, 0., 7.97130342e-04, 1.19569548e-03,
       1.99282588e-03, 5.18134702e-03, 1.19569548e-03, 6.77560782e-03,
       5.18134702e-03, 3.98565171e-04, 2.39139097e-03, 1.59426068e-03,
       3.98565171e-04, 7.97130342e-04, 7.97130354e-03, 3.98565171e-04,
       1.99282588e-03, 0., 1.59426068e-03, 0., 5.57991257e-03, 0.,
       3.98565171e-04, 2.39139097e-03, 1.19569548e-03, 7.97130342e-04,
       7.97130342e-04, 0., 3.18852137e-03, 3.98565171e-04,
       3.18852137e-03, 0., 3.58708645e-03, 2.39139097e-03,
       1.99282588e-03, 1.19569548e-03, 1.19569548e-03, 0.,
       7.97130342e-04, 7.97130342e-04, 3.98565171e-04, 3.18852137e-03,
       1.59426068e-03, 2.78995628e-03, 3.98565171e-04, 1.19569548e-03,
       7.97130342e-04, 0., 3.98565171e-04, 2.78995628e-03, 0.,
       7.97130342e-04, 2.78995628e-03, 0., 7.97130342e-04,
       1.19569548e-03, 0., 1.99282588e-03, 7.97130342e-04,
       1.19569548e-03, 0., 3.98565171e-04, 0., 2.39139097e-03,
       7.97130342e-04, 7.97130342e-04, 7.97130342e-04, 3.98565171e-04,
       0., 1.19569548e-03, 0., 3.98565171e-04, 1.19569548e-03,
       1.99282588e-03, 7.97130342e-04, 1.19569548e-03, 3.98565171e-04,
       1.19569548e-03, 2.78995628e-03, 1.59426068e-03, 7.97130342e-04,
       3.98565171e-04, 1.19569548e-03, 3.18852137e-03, 3.58708645e-03,
       7.97130342e-04, 1.59426068e-03, 3.98565171e-04, 3.18852137e-03,
       3.98565171e-04, 0., 1.59426068e-03, 1.99282588e-03,
       1.19569548e-03, 1.59426068e-03, 1.19569548e-03, 3.98565171e-04,
       3.18852137e-03, 3.18852137e-03, 3.98565171e-04, 1.19569548e-03,
       1.99282588e-03, 3.58708645e-03, 1.99282588e-03, 1.19569548e-03,
       3.58708645e-03, 0., 1.59426068e-03, 1.99282588e-03,
       1.19569548e-03, 0., 3.98565171e-04, 4.38421685e-03,
       1.59426068e-03, 1.19569548e-03, 1.19569548e-03, 1.19569548e-03,
       0., 3.98565171e-04, 0., 1.99282588e-03, 7.97130342e-04,
       2.78995628e-03, 0., 1.59426068e-03, 1.59426068e-03,
       1.99282588e-03, 1.19569548e-03, 3.98565171e-04, 0.,
       3.98565171e-04, 4.78278194e-03, 1.59426068e-03, 3.18852137e-03,
       0., 1.19569548e-03, 7.97130342e-04, 3.18852137e-03,
       4.38421685e-03, 1.59426068e-03, 1.59426068e-03, 2.78995628e-03,
       1.99282588e-03, 2.39139097e-03, 1.19569548e-03, 1.59426068e-03,
       0., 3.98565171e-04, 3.18852137e-03, 1.59426068e-03,
       7.97130342e-04, 2.78995628e-03, 1.19569548e-03, 1.19569548e-03,
       2.78995628e-03, 1.19569548e-03, 3.98565171e-04, 1.99282588e-03,
       1.99282588e-03, 2.78995628e-03, 1.59426068e-03, 5.97847765e-03,
       1.99282588e-03, 7.97130342e-04, 3.98565171e-04, 7.97130342e-04,
       1.59426068e-03, 1.19569548e-03, 0., 7.97130342e-04, 0.,
       3.98565171e-04, 1.99282588e-03, 1.19569548e-03, 1.19569548e-03,
       1.59426068e-03, 3.98565171e-04, 3.98565171e-04, 7.97130342e-04,
       3.98565171e-04, 1.19569548e-03, 3.98565171e-04, 1.19569548e-03,
       1.59426068e-03, 1.99282588e-03, 7.97130342e-04, 1.99282588e-03,
       1.19569548e-03, 0., 7.97130342e-04, 3.98565171e-04, 0.,
       3.98565171e-04, 3.18852137e-03, 1.19569548e-03, 1.19569548e-03,
       2.78995628e-03, 1.19569548e-03, 1.19569548e-03, 7.97130342e-04,
       3.98565171e-04, 0., 7.97130342e-04, 1.99282588e-03,
       2.78995628e-03, 1.19569548e-03, 7.97130342e-04, 0.,
       1.19569548e-03, 7.97130342e-04, 1.19569548e-03, 1.99282588e-03,
       2.39139097e-03, 7.97130342e-04, 7.97130342e-04, 0.,
       2.39139097e-03, 4.38421685e-03, 1.19569548e-03, 1.19569548e-03,
       0., 7.97130342e-04, 1.19569548e-03, 1.19569548e-03, 0.,
       1.59426068e-03, 0., 3.98565171e-04, 1.99282588e-03,
       1.19569548e-03, 0., 2.78995628e-03, 3.98565171e-04, 0.,
       7.97130342e-04, 7.97130342e-04, 2.39139097e-03, 1.19569548e-03,
       3.18852137e-03, 0., 0., 1.19569548e-03, 7.97130342e-04,
       7.97130342e-04, 1.99282588e-03, 3.58708645e-03, 2.78995628e-03,
       7.97130342e-04, 0., 0., 7.97130342e-04, 2.39139097e-03,
       2.78995628e-03, 1.59426068e-03, 0., 2.78995628e-03, 0.,
       2.39139097e-03, 2.78995628e-03, 7.97130342e-04, 1.19569548e-03,
       1.19569548e-03, 1.19569548e-03, 7.97130342e-04, 0., 0.,
       2.39139097e-03, 1.59426068e-03, 1.99282588e-03, 3.98565171e-04,
       0., 7.97130342e-04, 7.97130342e-04, 1.99282588e-03, 0.,
       3.98565171e-04, 1.59426068e-03, 7.97130342e-04, 0.,
       7.97130342e-04, 0., 1.59426068e-03, 3.98565171e-04, 0.,
       1.59426068e-03, 7.97130342e-04, 3.98565171e-04, 1.99282588e-03,
       1.19569548e-03, 1.19569548e-03, 1.19569548e-03, 2.78995628e-03,
       7.97130342e-04, 1.59426068e-03, 3.98565171e-04, 2.78995628e-03,
       1.59426068e-03, 7.97130342e-04, 1.19569548e-03, 1.59426068e-03,
       2.78995628e-03, 3.98565171e-04, 3.98565171e-04, 1.99282588e-03,
       1.99282588e-03, 7.97130342e-04, 7.97130342e-04, 7.97130342e-04,
       3.98565171e-04, 1.19569548e-03, 3.98565171e-04, 0.,
       1.19569548e-03, 1.99282588e-03, 3.98565171e-04, 3.98565177e-03,
       0., 3.98565171e-04, 0., 5.18134702e-03, 0., 3.18852137e-03,
       1.99282588e-03, 7.97130342e-04, 1.99282588e-03, 0.,
       3.98565171e-04, 1.99282588e-03, 7.97130342e-04, 1.19569548e-03,
       0., 1.19569548e-03, 0., 0., 6.37704274e-03, 1.99282588e-03,
       2.39139097e-03, 1.59426068e-03, 0., 0., 1.59426068e-03, 0.,
       1.59426068e-03, 7.97130342e-04, 0., 2.78995628e-03,
       7.97130342e-04, 3.98565171e-04, 3.98565171e-04, 1.19569548e-03,
       2.39139097e-03, 3.98565171e-04, 1.99282588e-03, 3.98565171e-04,
       7.97130342e-04, 7.97130342e-04, 7.97130342e-04, 1.19569548e-03,
       2.39139097e-03, 3.98565171e-04, 1.59426068e-03, 0.,
       7.97130342e-04, 3.98565171e-04, 3.98565171e-04, 7.97130342e-04,
       1.19569548e-03, 0., 3.98565171e-04, 1.99282588e-03,
       3.98565171e-04, 1.99282588e-03, 1.99282588e-03, 7.97130342e-04,
       3.98565171e-04, 1.99282588e-03, 7.97130342e-04, 3.98565171e-04,
       7.97130342e-04, 0., 0., 1.59426068e-03, 3.98565171e-04,
       3.98565171e-04, 3.98565171e-04, 0., 0., 3.98565171e-04,
       3.98565171e-04, 1.19569548e-03, 0., 1.59426068e-03,
       3.18852137e-03, 7.97130342e-04, 1.59426068e-03, 7.97130342e-04,
       3.98565171e-04, 2.78995628e-03, 3.98565171e-04, 0.,
       7.97130342e-04, 0., 4.38421685e-03, 0., 7.97130342e-04,
       1.99282588e-03, 2.39139097e-03, 9.56556387e-03, 0., 0.,
