%YAML:1.0
m50n: !!opencv-matrix
   rows: 1
   cols: 800
   dt: f
   data: [ 1.43833156e-03, 7.19165779e-04, 0., 7.19165779e-04,
       2.87666311e-03, 1.43833156e-03, 3.59582889e-04, 0.,
       3.59582889e-04, 4.31499444e-03, 1.07874861e-03, 7.19165779e-04,
       7.19165779e-04, 7.19165779e-04, 6.11290894e-03, 1.79791451e-03,
       1.43833156e-03, 1.07874861e-03, 7.19165779e-04, 7.19165779e-04,
       0., 1.07874861e-03, 3.59582889e-04, 7.19165802e-03,
       7.19165779e-04, 3.59582889e-04, 3.59582889e-04, 1.79791451e-03,
       7.91082345e-03, 2.51708017e-03, 2.51708017e-03, 1.43833156e-03,
       3.23624606e-03, 3.59582889e-04, 3.59582889e-04, 9.70873795e-03,
       7.19165779e-04, 0., 7.19165779e-04, 0., 1.07874861e-03,
       1.07874861e-03, 0., 3.59582889e-04, 1.43833156e-03,
       3.23624606e-03, 7.19165779e-04, 3.95541172e-03, 1.43833156e-03,
       3.59582889e-04, 3.59582889e-04, 0., 2.15749722e-03,
       7.19165779e-04, 1.79791451e-03, 2.15749722e-03, 0.,
       1.43833156e-03, 1.07874861e-03, 3.59582889e-04, 1.43833156e-03,
       0., 7.19165779e-04, 7.19165779e-04, 7.19165779e-04,
       7.19165779e-04, 3.95541172e-03, 1.43833156e-03, 3.23624606e-03,
       7.19165779e-04, 3.59582889e-04, 1.79791451e-03, 2.15749722e-03,
       7.19165779e-04, 2.87666311e-03, 1.07874861e-03, 0., 0.,
       1.43833156e-03, 1.07874861e-03, 1.43833156e-03, 3.59582889e-04,
       7.19165779e-04, 2.15749722e-03, 7.19165779e-04, 1.79791451e-03,
       7.19165779e-04, 1.07874861e-03, 1.07874861e-03, 0., 0.,
       2.51708017e-03, 7.19165779e-04, 3.59582889e-04, 1.07874861e-03,
       3.59582889e-04, 1.07874861e-03, 1.79791451e-03, 1.07874861e-03,
       7.19165779e-04, 3.59582889e-04, 3.59582889e-04, 7.19165779e-04,
       1.79791451e-03, 0., 2.51708017e-03, 1.07874861e-03, 0.,
       1.43833156e-03, 2.51708017e-03, 1.79791451e-03, 7.19165779e-04,
       1.43833156e-03, 0., 0., 3.59582889e-04, 5.03416033e-03,
       3.59582889e-04, 3.59582901e-03, 0., 3.59582889e-04,
       1.07874861e-03, 7.19165779e-04, 3.59582889e-04, 3.59582889e-04,
       7.19165779e-04, 7.19165779e-04, 7.19165779e-04, 2.15749722e-03,
       1.43833156e-03, 0., 0., 4.31499444e-03, 1.79791451e-03,
       3.59582889e-04, 1.43833156e-03, 2.15749722e-03, 3.59582889e-04,
       7.19165779e-04, 3.59582889e-04, 2.87666311e-03, 1.07874861e-03,
       3.59582889e-04, 2.87666311e-03, 0., 0., 7.19165779e-04, 0., 0.,
       7.19165779e-04, 1.07874861e-03, 1.79791451e-03, 3.59582889e-04,
       7.19165779e-04, 0., 0., 7.19165779e-04, 1.79791451e-03, 0., 0.,
       7.19165779e-04, 5.03416033e-03, 7.19165779e-04, 3.59582889e-04,
       3.59582901e-03, 0., 2.15749722e-03, 1.79791451e-03,
       3.59582889e-04, 1.07874861e-03, 1.79791451e-03, 5.75332623e-03,
       3.59582889e-04, 7.19165779e-04, 0., 1.43833156e-03,
       7.19165779e-04, 7.19165779e-04, 1.43833156e-03, 7.19165779e-04,
       1.79791451e-03, 3.95541172e-03, 3.59582901e-03, 1.07874861e-03,
       7.19165779e-04, 3.59582889e-04, 1.07874861e-03, 1.07874861e-03,
       3.59582889e-04, 3.59582889e-04, 2.51708017e-03, 3.59582889e-04,
       7.19165779e-04, 0., 3.59582889e-04, 1.07874861e-03,
       7.19165779e-04, 7.19165779e-04, 2.15749722e-03, 2.15749722e-03,
       0., 2.15749722e-03, 7.19165779e-04, 1.43833156e-03, 0.,
       3.59582889e-04, 4.67457762e-03, 3.23624606e-03, 0., 0.,
       1.07874861e-03, 2.87666311e-03, 2.15749722e-03, 3.59582889e-04,
       0., 3.23624606e-03, 7.19165779e-04, 7.19165779e-04,
       1.43833156e-03, 7.19165779e-04, 3.59582889e-04, 8.62998888e-03,
       2.51708017e-03, 3.59582889e-04, 2.15749722e-03, 7.19165779e-04,
       7.19165779e-04, 2.15749722e-03, 3.59582889e-04, 2.87666311e-03,
       1.43833156e-03, 1.07874861e-03, 3.59582889e-04, 2.15749722e-03,
       3.59582889e-04, 1.07874861e-03, 1.43833156e-03, 3.23624606e-03,
       7.19165779e-04, 0., 1.07874861e-03, 4.67457762e-03,
       7.19165779e-04, 3.95541172e-03, 7.19165779e-04, 1.43833156e-03,
       0., 0., 1.43833156e-03, 1.79791451e-03, 1.07874861e-03,
       1.07874861e-03, 0., 7.19165779e-04, 0., 3.59582889e-04,
       1.43833156e-03, 3.23624606e-03, 2.15749722e-03, 1.43833156e-03,
       3.59582889e-04, 3.59582889e-04, 3.59582889e-04, 1.79791451e-03,
       0., 2.15749722e-03, 7.19165779e-04, 0., 0., 1.79791451e-03,
       1.79791451e-03, 3.95541172e-03, 1.79791451e-03, 1.43833156e-03,
       7.19165779e-04, 1.07874861e-03, 3.59582889e-04, 3.59582889e-04,
       0., 3.59582889e-04, 2.15749722e-03, 1.43833156e-03,
       1.07874861e-03, 3.59582889e-04, 3.23624606e-03, 2.51708017e-03,
       2.87666311e-03, 1.07874861e-03, 0., 1.79791451e-03, 0.,
       1.43833156e-03, 3.59582889e-04, 1.07874861e-03, 1.79791451e-03,
       7.19165779e-04, 1.07874861e-03, 1.07874861e-03, 3.59582889e-04,
       1.79791451e-03, 1.43833156e-03, 3.59582889e-04, 2.15749722e-03,
       2.51708017e-03, 0., 0., 1.43833156e-03, 2.87666311e-03,
       2.51708017e-03, 2.15749722e-03, 2.51708017e-03, 5.03416033e-03,
       3.95541172e-03, 7.19165779e-04, 1.79791451e-03, 3.95541172e-03,
       3.59582889e-04, 1.79791451e-03, 0., 0., 1.43833156e-03,
       2.51708017e-03, 0., 1.07874861e-03, 1.43833156e-03,
       1.07874861e-03, 1.79791451e-03, 7.19165779e-04, 3.59582889e-04,
       2.51708017e-03, 1.07874861e-03, 7.19165779e-04, 1.79791451e-03,
       1.07874861e-03, 3.59582889e-04, 1.43833156e-03, 4.31499444e-03,
       1.79791451e-03, 3.59582889e-04, 7.19165779e-04, 7.19165779e-04,
       1.07874861e-03, 1.07874861e-03, 7.19165779e-04, 3.59582889e-04,
       0., 3.59582889e-04, 1.07874861e-03, 3.59582889e-04,
       7.19165779e-04, 1.79791451e-03, 2.15749722e-03, 0.,
       2.51708017e-03, 0., 3.23624606e-03, 3.59582901e-03,
       3.59582889e-04, 3.59582889e-04, 7.19165779e-04, 1.07874861e-03,
       0., 3.59582889e-04, 0., 0., 5.39374352e-03, 0., 0.,
       3.59582889e-04, 0., 9.34915524e-03, 5.75332623e-03, 0.,
       3.59582889e-04, 3.23624606e-03, 3.59582889e-04, 0.,
       7.19165779e-04, 1.43833156e-03, 0., 3.59582889e-04,
       1.43833156e-03, 3.59582889e-04, 3.59582889e-04, 3.59582889e-04,
       3.59582889e-04, 1.43833156e-03, 1.43833156e-03, 7.19165779e-04,
       2.87666311e-03, 1.07874861e-03, 7.19165779e-04, 0.,
       4.31499444e-03, 1.07874861e-03, 2.15749722e-03, 1.79791451e-03,
       7.19165779e-04, 1.43833156e-03, 1.79791451e-03, 3.59582889e-04,
       1.43833156e-03, 3.59582889e-04, 3.23624606e-03, 0.,
       2.15749722e-03, 3.59582889e-04, 3.59582889e-04, 2.51708017e-03,
       3.59582889e-04, 7.19165779e-04, 1.79791451e-03, 7.19165779e-04,
       7.19165779e-04, 3.59582889e-04, 3.59582889e-04, 3.59582889e-04,
       3.59582889e-04, 3.59582889e-04, 2.87666311e-03, 7.19165779e-04,
       3.59582889e-04, 1.07874861e-03, 0., 0., 2.51708017e-03,
       4.31499444e-03, 1.07874861e-03, 2.15749722e-03, 2.87666311e-03,
       3.59582889e-04, 2.87666311e-03, 5.75332623e-03, 0.,
       1.43833156e-03, 3.59582889e-04, 7.19165779e-04, 0.,
       1.79791451e-03, 7.19165779e-04, 0., 1.07874861e-03, 0.,
       3.59582889e-04, 3.59582889e-04, 3.59582889e-04, 3.59582889e-04,
       7.19165779e-04, 3.59582889e-04, 7.19165779e-04, 1.43833156e-03,
       0., 1.43833156e-03, 3.23624606e-03, 1.43833156e-03,
       7.19165779e-04, 0., 1.79791451e-03, 1.43833156e-03,
       7.19165779e-04, 1.43833156e-03, 0., 2.51708017e-03,
       1.79791451e-03, 0., 1.07874861e-03, 7.19165779e-04,
       5.03416033e-03, 3.59582889e-04, 2.87666311e-03, 1.07874861e-03,
       7.19165779e-04, 2.51708017e-03, 0., 3.59582889e-04,
       7.19165779e-04, 3.59582889e-04, 0., 1.07874861e-03,
       2.51708017e-03, 3.59582889e-04, 3.59582889e-04, 3.59582889e-04,
       7.19165779e-04, 3.59582889e-04, 0., 2.87666311e-03,
       7.19165779e-04, 0., 1.07874861e-03, 1.79791451e-03, 0.,
       3.59582889e-04, 2.87666311e-03, 3.59582889e-04, 7.19165779e-04,
       3.59582889e-04, 3.59582889e-04, 0., 3.59582889e-04,
       7.19165779e-04, 3.59582889e-04, 7.19165779e-04, 1.07874861e-03,
