%YAML:1.0
m50n: !!opencv-matrix
   rows: 1
   cols: 800
   dt: f
   data: [ 4.04530758e-04, 0., 1.61812303e-03, 4.04530758e-04,
       1.61812303e-03, 0., 4.04530758e-04, 0., 0., 2.42718449e-03,
       2.02265382e-03, 4.04530758e-04, 0., 8.09061516e-04,
       2.42718449e-03, 3.23624606e-03, 0., 0., 8.09061516e-04,
       8.09061516e-04, 4.04530758e-04, 1.61812303e-03, 2.02265382e-03,
       0., 4.04530758e-04, 8.09061516e-04, 8.09061516e-04, 0.,
       8.09061516e-04, 4.04530758e-04, 4.04530764e-03, 2.02265382e-03,
       4.04530758e-04, 4.04530758e-04, 8.09061516e-04, 2.02265382e-03,
       2.83171539e-03, 0., 4.04530758e-04, 0., 4.04530758e-04,
       1.21359224e-03, 2.83171539e-03, 0., 4.04530758e-04,
       3.23624606e-03, 4.04530758e-04, 1.21359224e-03, 4.04530758e-04,
       0., 1.21359224e-03, 0., 3.23624606e-03, 0., 0., 0., 0.,
       1.21359224e-03, 1.61812303e-03, 1.21359224e-03, 2.02265382e-03,
       4.04530758e-04, 1.61812303e-03, 2.83171539e-03, 2.02265382e-03,
       8.09061516e-04, 2.02265382e-03, 1.21359224e-03, 1.61812303e-03,
       1.21359224e-03, 0., 2.02265382e-03, 4.04530758e-04, 0., 0.,
       3.64077673e-03, 0., 1.21359224e-03, 2.83171539e-03,
       2.42718449e-03, 1.61812303e-03, 4.04530758e-04, 2.42718449e-03,
       1.21359224e-03, 0., 4.04530764e-03, 0., 4.04530758e-04,
       5.25889965e-03, 1.21359224e-03, 0., 0., 4.04530758e-04, 0., 0.,
       2.42718449e-03, 8.09061516e-04, 0., 4.04530764e-03, 0.,
       2.83171539e-03, 2.02265382e-03, 2.42718449e-03, 0.,
       4.04530758e-04, 1.21359224e-03, 2.02265382e-03, 4.04530764e-03,
       0., 0., 3.23624606e-03, 2.42718449e-03, 0., 0., 0.,
       1.61812303e-03, 3.23624606e-03, 4.04530758e-04, 2.42718449e-03,
       8.09061516e-04, 4.04530758e-04, 1.61812303e-03, 4.85436898e-03,
       3.23624606e-03, 0., 0., 2.42718449e-03, 0., 4.44983831e-03,
       1.21359224e-03, 8.09061516e-04, 1.21359224e-03, 3.23624606e-03,
       7.68608460e-03, 8.09061516e-04, 8.09061516e-04, 1.21359224e-03,
       4.04530758e-04, 2.83171539e-03, 2.83171539e-03, 2.83171539e-03,
       2.02265382e-03, 0., 4.04530758e-04, 1.21359224e-03, 0., 0.,
       2.02265382e-03, 0., 2.83171539e-03, 0., 0., 8.09061516e-04,
       5.25889965e-03, 4.04530758e-04, 0., 0., 1.21359224e-03, 0.,
       1.21359224e-03, 1.21359224e-03, 4.85436898e-03, 2.42718449e-03,
       1.61812303e-03, 0., 2.83171539e-03, 0., 0., 2.42718449e-03, 0.,
       3.23624606e-03, 1.61812303e-03, 0., 0., 8.09061516e-04, 0., 0.,
       2.83171539e-03, 1.61812303e-03, 4.04530758e-04, 2.02265382e-03,
       4.85436898e-03, 4.04530758e-04, 2.02265382e-03, 1.21359224e-03,
       0., 8.09061516e-04, 8.09061516e-04, 0., 1.21359224e-03,
       4.04530758e-04, 4.04530758e-04, 1.61812303e-03, 0.,
       1.61812303e-03, 4.04530758e-04, 0., 2.83171539e-03,
       4.04530758e-04, 0., 4.04530758e-04, 8.09061516e-04,
       1.61812303e-03, 4.85436898e-03, 8.09061516e-04, 1.21359224e-03,
       4.85436898e-03, 1.61812303e-03, 1.61812303e-03, 8.09061516e-04,
       3.23624606e-03, 4.04530758e-04, 1.21359224e-03, 3.23624606e-03,
       0., 2.02265382e-03, 4.04530758e-04, 0., 2.42718449e-03,
       4.04530758e-04, 4.44983831e-03, 4.04530764e-03, 2.02265382e-03,
       1.21359224e-03, 2.42718449e-03, 1.21359224e-03, 8.09061516e-04,
       1.61812303e-03, 4.04530758e-04, 3.23624606e-03, 2.02265382e-03,
       1.61812303e-03, 4.04530758e-04, 1.21359224e-03, 3.64077673e-03,
       4.04530758e-04, 2.02265382e-03, 4.04530758e-04, 2.02265382e-03,
       4.04530758e-04, 4.04530758e-04, 1.21359224e-03, 4.04530758e-04,
       4.04530758e-04, 1.61812303e-03, 8.09061516e-04, 4.04530758e-04,
       4.04530758e-04, 0., 1.21359224e-03, 1.61812303e-03,
       2.42718449e-03, 8.09061516e-04, 8.09061516e-04, 4.04530758e-04,
       2.02265382e-03, 1.21359224e-03, 3.23624606e-03, 1.21359224e-03,
       2.02265382e-03, 2.02265382e-03, 2.02265382e-03, 0.,
       3.23624606e-03, 2.42718449e-03, 1.21359224e-03, 8.09061516e-04,
       4.04530758e-04, 0., 4.04530758e-04, 8.09061516e-04, 0.,
       8.09061516e-04, 0., 0., 8.09061516e-04, 1.61812303e-03,
       8.09061516e-04, 1.61812303e-03, 2.42718449e-03, 2.83171539e-03,
       4.04530758e-04, 2.83171539e-03, 4.04530758e-04, 1.21359224e-03,
       1.61812303e-03, 0., 2.42718449e-03, 3.64077673e-03,
       2.02265382e-03, 8.09061516e-04, 2.42718449e-03, 3.23624606e-03,
       1.61812303e-03, 2.02265382e-03, 8.09061516e-04, 4.04530758e-04,
       2.02265382e-03, 2.42718449e-03, 0., 1.21359224e-03,
       8.09061516e-04, 2.83171539e-03, 1.21359224e-03, 0., 0., 0., 0.,
       3.64077673e-03, 0., 2.42718449e-03, 0., 1.21359224e-03, 0., 0.,
       0., 4.04530758e-04, 8.09061516e-04, 1.61812303e-03,
       1.21359224e-03, 4.04530758e-04, 8.09061516e-04, 4.04530758e-04,
       8.09061516e-04, 0., 8.09061516e-04, 4.04530758e-04, 0.,
       1.21359224e-03, 1.21359224e-03, 6.87702280e-03, 0., 0.,
       2.42718449e-03, 4.04530758e-04, 0., 8.09061516e-04,
       4.04530758e-04, 0., 0., 2.02265382e-03, 0., 1.21359224e-03,
       4.04530758e-04, 1.61812303e-03, 1.61812303e-03, 4.04530758e-04,
       8.09061516e-04, 8.09061516e-04, 0., 0., 2.02265382e-03,
       8.09061516e-04, 8.09061516e-04, 1.61812303e-03, 1.21359224e-03,
       2.02265382e-03, 1.61812303e-03, 1.21359224e-03, 8.09061516e-04,
       4.04530764e-03, 1.21359224e-03, 1.61812303e-03, 4.04530758e-04,
       3.23624606e-03, 2.42718449e-03, 2.83171539e-03, 4.04530758e-04,
       8.09061516e-04, 2.83171539e-03, 1.61812303e-03, 8.09061516e-04,
       2.02265382e-03, 2.02265382e-03, 0., 0., 0., 4.04530758e-04,
       3.23624606e-03, 0., 5.25889965e-03, 0., 1.21359224e-03,
       1.21359224e-03, 6.87702280e-03, 1.21359224e-03, 8.09061516e-04,
       1.21359224e-03, 4.04530758e-04, 0., 3.64077673e-03,
       8.09061516e-04, 4.04530758e-04, 1.21359224e-03, 8.09061516e-04,
       8.09061516e-04, 5.25889965e-03, 1.21359224e-03, 1.61812303e-03,
       8.09061516e-04, 4.04530758e-04, 2.02265382e-03, 3.23624606e-03,
       4.04530758e-04, 8.09061516e-04, 3.23624606e-03, 2.02265382e-03,
       8.09061516e-04, 0., 1.61812303e-03, 0., 4.85436898e-03, 0.,
       9.30420775e-03, 1.61812303e-03, 0., 0., 1.61812303e-03, 0., 0.,
       4.04530758e-04, 4.04530758e-04, 8.09061516e-04, 0.,
       3.64077673e-03, 0., 4.04530758e-04, 0., 0., 2.42718449e-03,
       4.04530758e-04, 4.04530758e-04, 4.04530764e-03, 4.04530758e-04,
       2.02265382e-03, 8.09061516e-04, 0., 0., 4.44983831e-03, 0.,
       1.21359224e-03, 0., 1.61812303e-03, 8.09061516e-04, 0.,
       2.02265382e-03, 8.49514548e-03, 1.21359224e-03, 0.,
       8.09061516e-04, 4.04530758e-04, 4.04530758e-04, 4.04530758e-04,
       1.61812303e-03, 8.09061516e-04, 2.02265382e-03, 1.17313918e-02,
       1.21359224e-03, 0., 8.09061516e-04, 1.61812303e-03,
       1.21359224e-03, 0., 4.04530758e-04, 4.04530764e-03, 0., 0.,
       1.21359224e-03, 4.04530758e-04, 2.02265382e-03, 4.04530758e-04,
       4.04530758e-04, 3.64077673e-03, 2.42718449e-03, 0.,
       8.09061516e-04, 1.21359224e-03, 4.04530758e-04, 8.09061516e-04,
       8.09061516e-04, 8.09061516e-04, 0., 4.04530758e-04,
       1.21359224e-03, 4.04530758e-04, 0., 2.83171539e-03,
       3.64077673e-03, 0., 2.02265382e-03, 6.06796145e-03,
       8.09061516e-04, 2.02265382e-03, 4.04530758e-04, 2.02265382e-03,
       4.04530764e-03, 4.04530758e-04, 8.09061516e-04, 0.,
       4.04530758e-04, 0., 8.09061516e-04, 0., 2.02265382e-03, 0.,
       3.64077673e-03, 3.64077673e-03, 2.42718449e-03, 1.61812303e-03,
       1.61812303e-03, 0., 8.09061516e-04, 4.04530764e-03,
       2.83171539e-03, 4.04530758e-04, 0., 2.02265382e-03, 0.,
       8.09061516e-04, 2.42718449e-03, 1.61812303e-03, 8.09061516e-04,
       4.04530758e-04, 2.02265382e-03, 0., 2.42718449e-03,
       3.23624606e-03, 4.04530758e-04, 8.09061516e-04, 1.21359224e-03,
       1.61812303e-03, 2.42718449e-03, 0., 2.42718449e-03, 0.,
       1.61812303e-03, 2.83171539e-03, 4.04530758e-04, 1.21359224e-03,
