%YAML:1.0
m50n: !!opencv-matrix
   rows: 1
   cols: 800
   dt: f
   data: [ 2.00160127e-03, 3.20256199e-03, 2.00160127e-03,
       1.60128099e-03, 3.20256199e-03, 8.00640497e-04, 8.00640497e-04,
       0., 0., 2.00160127e-03, 1.20096072e-03, 8.00640497e-04,
       3.20256199e-03, 2.80224183e-03, 4.00320248e-04, 4.00320248e-04,
       2.00160127e-03, 0., 8.00640497e-04, 1.60128099e-03,
       4.00320248e-04, 2.80224183e-03, 1.60128099e-03, 1.20096072e-03,
       4.00320248e-04, 2.00160127e-03, 1.20096072e-03, 1.60128099e-03,
       4.00320254e-03, 2.00160127e-03, 1.60128099e-03, 2.00160127e-03,
       0., 8.00640497e-04, 4.00320248e-04, 1.60128099e-03, 0., 0.,
       2.00160127e-03, 0., 2.80224183e-03, 1.60128099e-03,
       4.00320248e-04, 2.40192143e-03, 8.00640497e-04, 8.00640497e-04,
       8.00640497e-04, 2.40192143e-03, 0., 0., 2.40192143e-03,
       4.00320248e-04, 0., 1.20096072e-03, 2.00160127e-03,
       2.00160127e-03, 8.00640497e-04, 2.00160127e-03, 3.20256199e-03,
       4.00320248e-04, 3.20256199e-03, 0., 1.20096072e-03,
       1.20096072e-03, 0., 0., 4.00320248e-04, 8.00640497e-04,
       8.00640497e-04, 0., 1.20096072e-03, 0., 1.60128099e-03,
       1.60128099e-03, 1.20096072e-03, 4.00320248e-04, 4.00320248e-04,
       4.00320248e-04, 2.00160127e-03, 8.00640497e-04, 0.,
       1.20096072e-03, 8.00640497e-04, 1.60128099e-03, 4.80384286e-03,
       4.00320248e-04, 2.00160127e-03, 2.40192143e-03, 1.20096072e-03,
       4.00320254e-03, 1.60128099e-03, 1.20096072e-03, 1.20096072e-03,
       4.00320248e-04, 1.20096072e-03, 4.00320248e-04, 4.00320248e-04,
       1.60128099e-03, 8.00640497e-04, 4.00320248e-04, 1.20096072e-03,
       8.00640497e-04, 2.40192143e-03, 6.00480381e-03, 1.20096072e-03,
       8.00640509e-03, 5.20416303e-03, 4.00320248e-04, 1.60128099e-03,
       1.60128099e-03, 4.00320248e-04, 8.00640497e-04, 9.60768573e-03,
       1.20096072e-03, 2.00160127e-03, 0., 1.20096072e-03,
       4.00320248e-04, 4.00320254e-03, 0., 4.00320248e-04,
       2.40192143e-03, 1.20096072e-03, 8.00640497e-04, 8.00640497e-04,
       4.00320248e-04, 2.80224183e-03, 1.20096072e-03, 5.60448365e-03,
       0., 4.00320254e-03, 2.40192143e-03, 2.40192143e-03,
       1.20096072e-03, 1.20096072e-03, 0., 8.00640497e-04,
       8.00640497e-04, 0., 3.60288215e-03, 8.00640497e-04,
       2.40192143e-03, 8.00640497e-04, 1.20096072e-03, 8.00640497e-04,
       0., 8.00640497e-04, 2.00160127e-03, 0., 8.00640497e-04,
       2.80224183e-03, 4.00320248e-04, 8.00640497e-04, 1.20096072e-03,
       0., 8.00640497e-04, 1.20096072e-03, 4.00320248e-04,
       4.00320248e-04, 4.00320248e-04, 4.00320248e-04, 2.40192143e-03,
       1.20096072e-03, 8.00640497e-04, 1.20096072e-03, 4.00320248e-04,
       0., 1.60128099e-03, 0., 4.00320248e-04, 8.00640497e-04,
       2.00160127e-03, 8.00640497e-04, 8.00640497e-04, 4.00320248e-04,
       1.20096072e-03, 4.40352270e-03, 2.00160127e-03, 4.00320248e-04,
       4.00320248e-04, 1.60128099e-03, 2.40192143e-03, 2.80224183e-03,
       4.00320248e-04, 1.60128099e-03, 4.00320248e-04, 2.80224183e-03,
       8.00640497e-04, 0., 2.00160127e-03, 1.60128099e-03,
       1.60128099e-03, 1.60128099e-03, 4.00320248e-04, 0.,
       3.60288215e-03, 2.00160127e-03, 4.00320248e-04, 8.00640497e-04,
       2.40192143e-03, 3.20256199e-03, 1.60128099e-03, 2.00160127e-03,
       3.20256199e-03, 0., 1.60128099e-03, 1.20096072e-03,
       8.00640497e-04, 4.00320248e-04, 4.00320248e-04, 4.80384286e-03,
       1.60128099e-03, 1.20096072e-03, 1.20096072e-03, 1.20096072e-03,
       0., 4.00320248e-04, 4.00320248e-04, 2.40192143e-03,
       8.00640497e-04, 3.60288215e-03, 0., 2.00160127e-03,
       1.60128099e-03, 2.40192143e-03, 8.00640497e-04, 4.00320248e-04,
       1.20096072e-03, 0., 3.20256199e-03, 8.00640497e-04,
       2.40192143e-03, 0., 1.60128099e-03, 8.00640497e-04,
       3.60288215e-03, 3.60288215e-03, 1.20096072e-03, 2.00160127e-03,
       2.40192143e-03, 1.20096072e-03, 2.80224183e-03, 1.20096072e-03,
       1.20096072e-03, 0., 1.20096072e-03, 3.60288215e-03,
       2.00160127e-03, 4.00320248e-04, 3.60288215e-03, 1.20096072e-03,
       8.00640497e-04, 2.40192143e-03, 1.60128099e-03, 1.20096072e-03,
       2.00160127e-03, 2.40192143e-03, 3.20256199e-03, 1.60128099e-03,
       5.60448365e-03, 1.20096072e-03, 0., 0., 8.00640497e-04,
       1.20096072e-03, 2.00160127e-03, 0., 8.00640497e-04, 0.,
       4.00320248e-04, 2.40192143e-03, 8.00640497e-04, 1.20096072e-03,
       1.20096072e-03, 4.00320248e-04, 8.00640497e-04, 8.00640497e-04,
       4.00320248e-04, 8.00640497e-04, 8.00640497e-04, 1.20096072e-03,
       1.60128099e-03, 1.60128099e-03, 8.00640497e-04, 1.60128099e-03,
       1.60128099e-03, 0., 1.20096072e-03, 4.00320248e-04,
       8.00640497e-04, 1.20096072e-03, 2.40192143e-03, 8.00640497e-04,
       4.00320248e-04, 3.20256199e-03, 8.00640497e-04, 1.60128099e-03,
       1.20096072e-03, 4.00320248e-04, 4.00320248e-04, 8.00640497e-04,
       1.60128099e-03, 2.00160127e-03, 8.00640497e-04, 0., 0.,
       1.60128099e-03, 4.00320248e-04, 8.00640497e-04, 1.60128099e-03,
       1.60128099e-03, 8.00640497e-04, 1.20096072e-03, 0.,
       2.40192143e-03, 5.20416303e-03, 1.20096072e-03, 1.20096072e-03,
       0., 1.60128099e-03, 1.20096072e-03, 1.60128099e-03, 0.,
       1.60128099e-03, 4.00320248e-04, 4.00320248e-04, 4.00320254e-03,
       1.20096072e-03, 0., 2.40192143e-03, 1.20096072e-03,
       4.00320248e-04, 1.20096072e-03, 8.00640497e-04, 2.40192143e-03,
       1.60128099e-03, 3.20256199e-03, 4.00320248e-04, 0.,
       8.00640497e-04, 4.00320248e-04, 1.60128099e-03, 2.40192143e-03,
       3.20256199e-03, 3.20256199e-03, 0., 4.00320248e-04, 0.,
       8.00640497e-04, 2.00160127e-03, 2.40192143e-03, 1.20096072e-03,
       0., 2.40192143e-03, 0., 2.80224183e-03, 2.40192143e-03,
       1.60128099e-03, 1.60128099e-03, 2.40192143e-03, 1.20096072e-03,
       1.20096072e-03, 4.00320248e-04, 0., 2.80224183e-03,
       3.60288215e-03, 2.40192143e-03, 4.00320248e-04, 0.,
       8.00640497e-04, 8.00640497e-04, 2.00160127e-03, 4.00320248e-04,
       4.00320248e-04, 1.20096072e-03, 4.00320248e-04, 0.,
       8.00640497e-04, 0., 1.20096072e-03, 4.00320248e-04,
       4.00320248e-04, 1.20096072e-03, 4.00320248e-04, 4.00320248e-04,
       2.00160127e-03, 8.00640497e-04, 2.00160127e-03, 8.00640497e-04,
       2.40192143e-03, 1.60128099e-03, 2.00160127e-03, 4.00320248e-04,
       2.00160127e-03, 2.40192143e-03, 1.20096072e-03, 0.,
       1.60128099e-03, 2.40192143e-03, 4.00320248e-04, 8.00640497e-04,
       2.40192143e-03, 1.60128099e-03, 8.00640497e-04, 8.00640497e-04,
       4.00320248e-04, 8.00640497e-04, 1.20096072e-03, 2.00160127e-03,
       0., 1.20096072e-03, 1.20096072e-03, 4.00320248e-04,
       3.60288215e-03, 4.00320248e-04, 4.00320248e-04, 4.00320248e-04,
       3.60288215e-03, 4.00320248e-04, 2.40192143e-03, 1.60128099e-03,
       8.00640497e-04, 1.60128099e-03, 0., 0., 1.20096072e-03,
       1.20096072e-03, 8.00640497e-04, 0., 1.60128099e-03,
       4.00320248e-04, 4.00320248e-04, 4.80384286e-03, 2.00160127e-03,
       3.20256199e-03, 1.60128099e-03, 0., 0., 1.60128099e-03, 0.,
       8.00640497e-04, 8.00640497e-04, 4.00320248e-04, 3.20256199e-03,
       1.20096072e-03, 4.00320248e-04, 4.00320248e-04, 1.20096072e-03,
       2.00160127e-03, 1.20096072e-03, 1.60128099e-03, 8.00640497e-04,
       0., 1.20096072e-03, 8.00640497e-04, 8.00640497e-04,
       2.00160127e-03, 0., 1.20096072e-03, 8.00640497e-04,
       1.20096072e-03, 8.00640497e-04, 4.00320248e-04, 1.20096072e-03,
       4.00320248e-04, 0., 4.00320248e-04, 1.20096072e-03,
       4.00320248e-04, 2.00160127e-03, 1.20096072e-03, 4.00320248e-04,
       4.00320248e-04, 3.20256199e-03, 1.20096072e-03, 4.00320248e-04,
       4.00320248e-04, 0., 0., 2.80224183e-03, 8.00640497e-04,
       4.00320248e-04, 4.00320248e-04, 1.20096072e-03, 0., 0.,
       8.00640497e-04, 8.00640497e-04, 0., 1.60128099e-03,
       2.80224183e-03, 8.00640497e-04, 1.60128099e-03, 8.00640497e-04,
