%YAML:1.0
m50n: !!opencv-matrix
   rows: 1
   cols: 800
   dt: f
   data: [ 1.09569030e-03, 7.30460219e-04, 3.65230109e-04,
       1.09569030e-03, 1.46092044e-03, 1.82615058e-03, 3.65230109e-04,
       0., 3.65230109e-04, 4.01753141e-03, 1.09569030e-03,
       1.09569030e-03, 1.09569030e-03, 1.09569030e-03, 5.84368175e-03,
       1.82615058e-03, 3.65230109e-04, 3.65230109e-04, 7.30460219e-04,
       7.30460219e-04, 0., 7.30460219e-04, 1.09569030e-03,
       8.03506281e-03, 7.30460219e-04, 3.65230109e-04, 3.65230109e-04,
       2.55661085e-03, 8.76552239e-03, 1.46092044e-03, 2.55661085e-03,
       3.65230109e-04, 2.19138060e-03, 3.65230109e-04, 3.65230109e-04,
       1.02264434e-02, 1.46092044e-03, 3.65230109e-04, 1.09569030e-03,
       0., 2.55661085e-03, 7.30460219e-04, 7.30460219e-04,
       7.30460219e-04, 1.82615058e-03, 4.01753141e-03, 3.65230109e-04,
       3.28707090e-03, 1.82615058e-03, 3.65230109e-04, 3.65230109e-04,
       0., 1.82615058e-03, 7.30460219e-04, 2.19138060e-03,
       1.82615058e-03, 0., 1.46092044e-03, 7.30460219e-04,
       3.65230109e-04, 1.09569030e-03, 0., 7.30460219e-04,
       1.46092044e-03, 7.30460219e-04, 0., 4.74799145e-03,
       7.30460219e-04, 3.28707090e-03, 1.09569030e-03, 3.65230109e-04,
       1.82615058e-03, 1.46092044e-03, 7.30460219e-04, 3.65230115e-03,
       1.09569030e-03, 0., 0., 3.65230109e-04, 1.09569030e-03,
       1.09569030e-03, 0., 7.30460219e-04, 2.19138060e-03,
       1.09569030e-03, 1.82615058e-03, 7.30460219e-04, 1.82615058e-03,
       1.46092044e-03, 0., 0., 2.92184087e-03, 3.65230109e-04,
       7.30460219e-04, 1.09569030e-03, 0., 1.09569030e-03,
       2.19138060e-03, 1.09569030e-03, 3.65230109e-04, 3.65230109e-04,
       3.65230109e-04, 1.09569030e-03, 2.19138060e-03, 0.,
       2.92184087e-03, 1.09569030e-03, 0., 1.09569030e-03,
       2.19138060e-03, 2.55661085e-03, 3.65230109e-04, 1.09569030e-03,
       0., 0., 0., 5.84368175e-03, 0., 3.28707090e-03, 0., 0.,
       1.09569030e-03, 7.30460219e-04, 3.65230109e-04, 3.65230109e-04,
       1.09569030e-03, 1.82615058e-03, 3.65230109e-04, 2.19138060e-03,
       1.46092044e-03, 0., 3.65230109e-04, 4.38276120e-03,
       1.46092044e-03, 3.65230109e-04, 1.46092044e-03, 1.46092044e-03,
       3.65230109e-04, 1.46092044e-03, 3.65230109e-04, 2.55661085e-03,
       1.46092044e-03, 3.65230109e-04, 2.55661085e-03, 0., 0., 0., 0.,
       0., 3.65230109e-04, 1.09569030e-03, 3.65230109e-04,
       3.65230109e-04, 3.65230109e-04, 0., 0., 7.30460219e-04,
       1.82615058e-03, 0., 3.65230109e-04, 7.30460219e-04,
       4.01753141e-03, 1.46092044e-03, 7.30460219e-04, 2.55661085e-03,
       0., 2.19138060e-03, 1.09569030e-03, 3.65230109e-04,
       1.09569030e-03, 7.30460219e-04, 7.30460230e-03, 0.,
       3.65230109e-04, 0., 1.46092044e-03, 1.09569030e-03,
       1.09569030e-03, 1.82615058e-03, 7.30460219e-04, 1.82615058e-03,
       4.38276120e-03, 2.19138060e-03, 1.09569030e-03, 3.65230109e-04,
       7.30460219e-04, 7.30460219e-04, 3.65230109e-04, 3.65230109e-04,
       7.30460219e-04, 1.09569030e-03, 3.65230109e-04, 0., 0., 0.,
       3.65230109e-04, 7.30460219e-04, 7.30460219e-04, 1.46092044e-03,
       2.55661085e-03, 0., 1.09569030e-03, 7.30460219e-04,
       1.46092044e-03, 0., 7.30460219e-04, 5.47845149e-03,
       2.92184087e-03, 0., 3.65230109e-04, 1.46092044e-03,
       2.55661085e-03, 2.55661085e-03, 7.30460219e-04, 0.,
       2.92184087e-03, 7.30460219e-04, 7.30460219e-04, 3.65230109e-04,
       7.30460219e-04, 1.09569030e-03, 8.40029214e-03, 2.19138060e-03,
       3.65230109e-04, 2.19138060e-03, 0., 3.65230109e-04,
       1.82615058e-03, 3.65230109e-04, 3.28707090e-03, 1.09569030e-03,
       1.82615058e-03, 7.30460219e-04, 4.38276120e-03, 1.09569030e-03,
       1.09569030e-03, 1.46092044e-03, 3.65230115e-03, 7.30460219e-04,
       0., 7.30460219e-04, 4.74799145e-03, 7.30460219e-04,
       4.01753141e-03, 3.65230109e-04, 1.82615058e-03, 3.65230109e-04,
       0., 1.09569030e-03, 1.09569030e-03, 1.09569030e-03,
       7.30460219e-04, 3.65230109e-04, 7.30460219e-04, 0.,
       3.65230109e-04, 1.09569030e-03, 3.28707090e-03, 1.46092044e-03,
       1.09569030e-03, 3.65230109e-04, 3.65230109e-04, 3.65230109e-04,
       1.46092044e-03, 0., 1.82615058e-03, 1.46092044e-03, 0., 0.,
       1.82615058e-03, 1.82615058e-03, 4.38276120e-03, 1.46092044e-03,
       7.30460219e-04, 3.65230109e-04, 3.65230109e-04, 0.,
       7.30460219e-04, 0., 3.65230109e-04, 1.09569030e-03,
       1.46092044e-03, 3.65230109e-04, 7.30460219e-04, 2.92184087e-03,
       2.92184087e-03, 2.55661085e-03, 7.30460219e-04, 0.,
       1.46092044e-03, 0., 1.82615058e-03, 0., 1.09569030e-03,
       1.82615058e-03, 1.09569030e-03, 1.46092044e-03, 1.09569030e-03,
       1.09569030e-03, 1.82615058e-03, 1.09569030e-03, 3.65230109e-04,
       2.19138060e-03, 3.28707090e-03, 3.65230109e-04, 0.,
       1.09569030e-03, 2.55661085e-03, 3.28707090e-03, 2.19138060e-03,
       2.55661085e-03, 4.74799145e-03, 4.74799145e-03, 7.30460219e-04,
       2.92184087e-03, 5.84368175e-03, 3.65230109e-04, 1.82615058e-03,
       0., 0., 1.09569030e-03, 2.92184087e-03, 0., 1.09569030e-03,
       2.19138060e-03, 7.30460219e-04, 1.82615058e-03, 7.30460219e-04,
       1.09569030e-03, 2.55661085e-03, 7.30460219e-04, 7.30460219e-04,
       1.82615058e-03, 1.09569030e-03, 1.46092044e-03, 3.65230109e-04,
       4.01753141e-03, 1.82615058e-03, 0., 1.46092044e-03,
       1.09569030e-03, 3.65230109e-04, 1.09569030e-03, 1.09569030e-03,
       3.65230109e-04, 0., 0., 3.65230109e-04, 3.65230109e-04,
       7.30460219e-04, 2.19138060e-03, 1.46092044e-03, 0.,
       1.82615058e-03, 0., 2.19138060e-03, 2.92184087e-03,
       3.65230109e-04, 7.30460219e-04, 7.30460219e-04, 3.65230109e-04,
       3.65230109e-04, 3.65230109e-04, 0., 0., 7.30460230e-03,
       3.65230109e-04, 0., 3.65230109e-04, 0., 6.20891200e-03,
       4.74799145e-03, 3.65230109e-04, 3.65230109e-04, 3.28707090e-03,
       3.65230109e-04, 0., 3.65230109e-04, 7.30460219e-04, 0.,
       3.65230109e-04, 1.82615058e-03, 7.30460219e-04, 1.09569030e-03,
       3.65230109e-04, 1.09569030e-03, 1.82615058e-03, 1.46092044e-03,
       3.65230109e-04, 1.82615058e-03, 7.30460219e-04, 1.09569030e-03,
       3.65230109e-04, 4.01753141e-03, 1.46092044e-03, 1.46092044e-03,
       1.82615058e-03, 1.82615058e-03, 2.19138060e-03, 2.19138060e-03,
       7.30460219e-04, 1.09569030e-03, 7.30460219e-04, 4.01753141e-03,
       0., 1.82615058e-03, 0., 7.30460219e-04, 1.82615058e-03, 0.,
       7.30460219e-04, 1.46092044e-03, 3.65230109e-04, 1.09569030e-03,
       7.30460219e-04, 0., 3.65230109e-04, 3.65230109e-04,
       7.30460219e-04, 3.28707090e-03, 7.30460219e-04, 3.65230109e-04,
       1.09569030e-03, 0., 0., 2.55661085e-03, 3.28707090e-03, 0.,
       2.19138060e-03, 3.28707090e-03, 3.65230109e-04, 2.55661085e-03,
       7.66983209e-03, 0., 1.09569030e-03, 7.30460219e-04, 0., 0.,
       1.09569030e-03, 1.46092044e-03, 0., 2.55661085e-03,
       3.65230109e-04, 7.30460219e-04, 3.65230109e-04, 3.65230109e-04,
       3.65230109e-04, 0., 1.46092044e-03, 1.46092044e-03,
       1.46092044e-03, 0., 7.30460219e-04, 3.65230115e-03,
       2.19138060e-03, 1.46092044e-03, 0., 1.82615058e-03,
       1.09569030e-03, 7.30460219e-04, 1.82615058e-03, 0.,
       2.55661085e-03, 1.82615058e-03, 0., 2.92184087e-03,
       7.30460219e-04, 5.11322170e-03, 3.65230109e-04, 2.19138060e-03,
       1.09569030e-03, 3.65230109e-04, 1.82615058e-03, 3.65230109e-04,
       7.30460219e-04, 7.30460219e-04, 0., 0., 1.09569030e-03,
       1.46092044e-03, 3.65230109e-04, 3.65230109e-04, 1.46092044e-03,
       3.65230109e-04, 0., 0., 3.65230115e-03, 7.30460219e-04, 0.,
       1.09569030e-03, 2.19138060e-03, 3.65230109e-04, 0.,
       2.92184087e-03, 3.65230109e-04, 1.46092044e-03, 3.65230109e-04,
       0., 3.65230109e-04, 7.30460219e-04, 3.65230109e-04,
       7.30460219e-04, 1.09569030e-03, 1.09569030e-03, 1.46092044e-03,
       3.28707090e-03, 7.30460219e-04, 0., 0., 2.19138060e-03, 0., 0.,
