%YAML:1.0
m50n: !!opencv-matrix
   rows: 1
   cols: 800
   dt: f
   data: [ 1.42806140e-03, 1.78507669e-03, 3.57015349e-04,
       2.14209221e-03, 7.14030699e-04, 3.21313809e-03, 1.78507669e-03,
       7.14030699e-04, 7.14030699e-04, 0., 2.14209221e-03,
       7.14030699e-04, 0., 3.57015349e-04, 1.07104611e-03,
       2.14209221e-03, 7.14030699e-04, 1.07104611e-03, 3.57015349e-04,
       1.42806140e-03, 3.57015349e-04, 3.57015349e-04, 0.,
       1.07104611e-03, 1.99928600e-02, 2.49910750e-03, 3.57015349e-04,
       1.07104611e-03, 1.42806140e-03, 1.07104611e-03, 7.14030699e-04,
       1.42806140e-03, 7.14030699e-04, 0., 7.14030699e-04,
       7.14030699e-04, 7.14030699e-04, 0., 7.14030699e-04,
       2.14209221e-03, 0., 2.49910750e-03, 3.57015349e-04,
       2.85612280e-03, 0., 3.57015349e-04, 0., 7.49732228e-03,
       1.07104611e-03, 2.14209221e-03, 1.07104611e-03, 0.,
       1.42806140e-03, 1.42806140e-03, 3.57015349e-04, 1.42806140e-03,
       2.85612280e-03, 7.14030699e-04, 3.57015349e-04, 2.85612280e-03,
       1.07104611e-03, 1.07104611e-03, 2.14209221e-03, 7.14030699e-04,
       1.42806140e-03, 7.14030699e-04, 3.57015349e-04, 3.57015349e-04,
       7.14030699e-04, 2.49910750e-03, 1.42806140e-03, 1.07104611e-03,
       1.07104611e-03, 3.57015349e-04, 2.14209221e-03, 1.07104611e-03,
       1.07104611e-03, 7.14030699e-04, 7.14030699e-04, 0.,
       1.07104611e-03, 3.57015349e-04, 3.57015349e-04, 7.14030699e-04,
       1.07104611e-03, 3.21313809e-03, 1.07104611e-03, 1.42806140e-03,
       1.07104611e-03, 4.28418443e-03, 2.14209221e-03, 7.14030699e-04,
       1.78507669e-03, 7.14030699e-04, 3.57015349e-04, 7.14030699e-04,
       0., 7.14030699e-04, 7.14030699e-04, 1.42806140e-03,
       3.57015349e-04, 3.57015349e-04, 2.14209221e-03, 7.14030699e-04,
       2.14209221e-03, 3.57015349e-04, 1.42806140e-03, 3.57015349e-04,
       1.07104611e-03, 0., 1.07104611e-03, 3.57015349e-04,
       1.42806140e-03, 3.57015349e-04, 7.14030699e-04, 3.57015349e-04,
       0., 7.14030699e-04, 3.92716890e-03, 4.64119948e-03,
       3.57015349e-04, 0., 1.42806140e-03, 1.42806140e-03,
       1.07104611e-03, 2.85612280e-03, 7.14030699e-04, 1.42806140e-03,
       3.57015349e-04, 1.07104611e-03, 2.14209221e-03, 1.07104611e-03,
       1.78507669e-03, 7.14030699e-04, 1.07104611e-03, 1.46376295e-02,
       7.14030699e-04, 0., 1.07104611e-03, 1.07104611e-03,
       7.14030699e-04, 1.07104611e-03, 0., 0., 1.07104611e-03,
       3.57015349e-04, 2.14209221e-03, 1.78507669e-03, 2.14209221e-03,
       7.14030699e-04, 3.57015349e-04, 2.49910750e-03, 7.14030699e-04,
       1.42806140e-03, 7.14030699e-04, 7.14030699e-04, 3.57015349e-04,
       0., 0., 7.14030699e-04, 3.57015349e-04, 3.21313809e-03,
       3.57015349e-04, 1.78507669e-03, 7.14030699e-04, 3.57015349e-04,
       1.07104611e-03, 0., 0., 7.14030699e-04, 7.14030699e-04,
       1.42806140e-03, 0., 1.42806140e-03, 1.42806140e-03,
       7.14030699e-04, 7.14030699e-04, 1.60656907e-02, 1.07104611e-03,
       3.57015349e-04, 1.07104611e-03, 1.42806140e-03, 7.14030699e-04,
       0., 1.07104611e-03, 7.14030699e-04, 1.07104611e-03,
       7.14030699e-04, 0., 7.14030699e-04, 7.14030699e-04,
       2.85612280e-03, 3.21313809e-03, 1.42806140e-03, 0.,
       1.42806140e-03, 1.42806140e-03, 3.57015349e-04, 1.78507669e-03,
       0., 1.42806140e-03, 1.07104611e-03, 1.42806140e-03,
       2.35630125e-02, 0., 3.57015349e-04, 1.07104611e-03, 0.,
       2.85612280e-03, 2.14209221e-03, 1.42806140e-03, 3.57015349e-04,
       2.14209221e-03, 1.42806140e-03, 2.85612280e-03, 0.,
       7.14030699e-04, 3.57015338e-03, 3.57015349e-04, 7.14030699e-04,
       7.14030699e-04, 1.07104611e-03, 0., 0., 1.07104611e-03,
       1.42806140e-03, 1.07104611e-03, 7.14030699e-04, 1.42806140e-03,
       4.99821501e-03, 1.07104611e-03, 1.42806140e-03, 1.78507669e-03,
       1.42806140e-03, 1.78507669e-03, 0., 1.42806140e-03,
       1.78507669e-03, 0., 3.57015349e-04, 3.57015349e-04,
       1.42806140e-03, 1.78507669e-03, 7.85433780e-03, 3.57015349e-04,
       1.42806140e-03, 5.35523007e-03, 1.42806140e-03, 3.21313809e-03,
       3.57015349e-04, 7.14030699e-04, 1.78507669e-03, 3.57015349e-04,
       6.78329170e-03, 7.14030699e-04, 1.42806140e-03, 7.14030699e-04,
       0., 3.57015349e-04, 1.78507669e-03, 2.49910750e-03,
       1.42806140e-03, 2.14209221e-03, 0., 1.07104611e-03,
       1.78507669e-03, 6.06926112e-03, 4.28418443e-03, 3.57015349e-04,
       0., 3.92716890e-03, 3.57015349e-04, 3.57015349e-04,
       3.57015349e-04, 1.07104611e-03, 1.78507669e-03, 3.57015349e-04,
       9.99643002e-03, 3.57015349e-04, 7.14030699e-04, 1.07104611e-03,
       1.42806140e-03, 1.42806140e-03, 1.07104611e-03, 3.57015349e-04,
       3.57015349e-04, 1.07104611e-03, 0., 7.14030699e-04,
       3.57015349e-04, 1.78507669e-03, 3.57015349e-04, 0.,
       1.07104611e-03, 2.49910750e-03, 1.07104611e-03, 3.57015349e-04,
       7.14030699e-04, 3.57015349e-04, 2.49910750e-03, 0.,
       7.14030699e-04, 1.07104611e-03, 7.14030699e-04, 1.78507669e-03,
       1.42806140e-03, 3.57015349e-04, 7.14030699e-04, 7.14030699e-04,
       2.85612280e-03, 3.57015349e-04, 7.14030699e-04, 1.42806140e-03,
       1.07104611e-03, 1.78507669e-03, 7.14030699e-04, 3.57015349e-04,
       7.14030699e-04, 1.07104611e-03, 1.42806140e-03, 2.14209221e-03,
       3.57015349e-04, 1.78507669e-03, 3.57015349e-04, 3.57015349e-04,
       3.57015349e-04, 0., 2.49910750e-03, 1.78507669e-03,
       5.35523007e-03, 3.57015349e-04, 3.57015349e-04, 2.85612280e-03,
       6.78329170e-03, 3.57015349e-04, 1.78507669e-03, 1.78507669e-03,
       1.07104611e-03, 3.57015349e-04, 1.07104611e-03, 2.49910750e-03,
       3.57015349e-04, 1.78507669e-03, 7.14030699e-04, 1.07104611e-03,
       1.42806140e-03, 1.42806140e-03, 1.07104611e-03, 7.14030699e-04,
       2.14209221e-03, 0., 3.57015349e-04, 7.14030699e-04,
       1.42806140e-03, 3.57015349e-04, 1.07104611e-03, 1.07104611e-03,
       1.78507669e-03, 3.57015349e-04, 8.92538391e-03, 7.14030699e-04,
       0., 1.42806140e-03, 1.07104611e-03, 7.14030699e-04,
       1.07104611e-03, 1.42806140e-03, 7.14030699e-04, 3.57015338e-03,
       7.14030699e-04, 1.07104611e-03, 7.14030699e-04, 3.57015349e-04,
       1.78507669e-03, 0., 1.42806140e-03, 7.14030699e-04, 0.,
       1.07104611e-03, 3.57015349e-04, 1.07104611e-03, 0.,
       3.57015349e-04, 1.07104611e-03, 4.64119948e-03, 1.07104611e-03,
       7.14030699e-04, 7.14030699e-04, 8.21135286e-03, 2.14209221e-03,
       1.42806140e-03, 6.06926112e-03, 1.78507669e-03, 7.85433780e-03,
       7.14030699e-04, 3.57015349e-04, 1.42806140e-03, 7.14030699e-04,
       3.57015349e-04, 1.07104611e-03, 1.07104611e-03, 1.07104611e-03,
       2.14209221e-03, 1.42806140e-03, 3.57015349e-04, 7.14030699e-04,
       1.42806140e-03, 1.78507669e-03, 1.07104611e-03, 7.14030699e-04,
       3.57015338e-03, 2.14209221e-03, 1.78507669e-03, 2.85612280e-03,
       3.57015349e-04, 1.78507669e-03, 2.14209221e-03, 0., 0.,
       7.14030699e-04, 2.14209221e-03, 7.14030699e-04, 3.57015349e-04,
       2.49910750e-03, 1.78507669e-03, 0., 7.14030699e-04, 0.,
       1.07104611e-03, 2.49910750e-03, 3.57015349e-04, 1.42806140e-03,
       7.14030699e-04, 1.78507669e-03, 7.14030699e-04, 3.57015349e-04,
       7.14030699e-04, 3.57015349e-04, 1.07104611e-03, 2.14209221e-03,
       2.85612280e-03, 3.57015349e-04, 0., 7.14030699e-04,
       1.07104611e-03, 1.07104611e-03, 1.42806140e-03, 1.42806140e-03,
       0., 1.42806140e-03, 3.57015349e-04, 7.14030676e-03,
       1.07104611e-03, 2.49910750e-03, 7.14030699e-04, 7.14030699e-04,
       2.14209221e-03, 1.42806140e-03, 7.14030699e-04, 1.78507669e-03,
       0., 1.42806140e-03, 1.42806140e-03, 1.07104611e-03,
       1.07104611e-03, 1.07104611e-03, 1.42806140e-03, 7.14030699e-04,
       3.57015349e-04, 7.14030699e-04, 3.57015349e-04, 7.14030699e-04,
       0., 1.42806140e-03, 7.14030699e-04, 0., 3.57015349e-04, 0.,
       2.14209221e-03, 2.85612280e-03, 7.14030699e-04, 2.85612280e-03,
