%YAML:1.0
m50n: !!opencv-matrix
   rows: 1
   cols: 800
   dt: f
   data: [ 0., 2.76115979e-03, 2.30096653e-03, 9.20386577e-04,
       2.30096653e-03, 0., 4.60193289e-04, 4.60193289e-04,
       4.60193289e-04, 9.20386577e-04, 1.38057990e-03, 0., 0.,
       1.84077315e-03, 1.38057990e-03, 2.30096653e-03, 0.,
       9.20386577e-04, 4.60193289e-04, 2.30096653e-03, 1.84077315e-03,
       1.84077315e-03, 1.38057990e-03, 5.98251261e-03, 4.60193289e-04,
       0., 4.60193289e-04, 0., 3.22135305e-03, 0., 4.14173957e-03, 0.,
       2.76115979e-03, 9.20386577e-04, 9.20386577e-04, 3.22135305e-03,
       1.84077315e-03, 9.20386577e-04, 1.38057990e-03, 0.,
       4.60193289e-04, 1.38057990e-03, 2.30096653e-03, 4.60193289e-04,
       9.20386577e-04, 1.84077315e-03, 9.20386577e-04, 1.38057990e-03,
       0., 0., 9.20386577e-04, 1.38057990e-03, 9.20386577e-04,
       1.38057990e-03, 9.20386577e-04, 4.60193289e-04, 4.60193289e-04,
       3.22135305e-03, 1.38057990e-03, 4.60193289e-04, 1.84077315e-03,
       4.60193289e-04, 4.60193289e-04, 0., 9.20386577e-04,
       4.60193289e-04, 9.20386577e-04, 3.22135305e-03, 0.,
       4.60193289e-04, 0., 4.60193289e-04, 0., 9.20386577e-04,
       2.30096653e-03, 0., 0., 0., 1.38057990e-03, 2.76115979e-03, 0.,
       4.60193289e-04, 1.38057990e-03, 1.84077315e-03, 9.20386577e-04,
       2.76115979e-03, 4.60193289e-04, 0., 9.20386577e-04,
       9.20386577e-04, 1.38057990e-03, 1.84077315e-03, 9.20386577e-04,
       4.60193289e-04, 0., 9.20386577e-04, 4.60193289e-04,
       1.84077315e-03, 9.20386577e-04, 0., 4.60193289e-04,
       2.30096653e-03, 1.84077315e-03, 1.84077315e-03, 4.60193289e-04,
       5.98251261e-03, 9.20386577e-04, 4.60193289e-04, 1.84077315e-03,
       0., 9.20386577e-04, 0., 2.30096653e-03, 4.60193289e-04,
       2.76115979e-03, 9.20386577e-04, 9.20386577e-04, 0.,
       1.84077315e-03, 1.84077315e-03, 4.60193289e-04, 4.60193289e-04,
       6.90289913e-03, 4.60193289e-04, 0., 3.22135305e-03,
       3.68154631e-03, 9.20386577e-04, 3.68154631e-03, 4.60193289e-04,
       1.84077315e-03, 1.84077315e-03, 3.22135305e-03, 1.84077315e-03,
       1.38057990e-03, 4.60193289e-04, 0., 4.60193289e-04,
       1.38057990e-03, 5.06212609e-03, 1.84077315e-03, 4.60193289e-04,
       0., 4.60193289e-04, 4.60193289e-04, 9.20386577e-04, 0.,
       1.38057990e-03, 4.60193289e-04, 4.60193289e-04, 4.60193289e-04,
       0., 9.20386577e-04, 1.38057990e-03, 4.60193289e-04, 0., 0.,
       1.38057990e-03, 4.60193289e-04, 0., 9.20386577e-04,
       1.84077315e-03, 9.20386577e-04, 1.38057990e-03, 4.60193289e-04,
       1.38057990e-03, 0., 1.38057990e-03, 3.22135305e-03,
       4.60193289e-04, 1.38057990e-03, 2.30096653e-03, 1.38057990e-03,
       0., 4.60193289e-04, 9.20386577e-04, 1.38057990e-03,
       2.30096653e-03, 3.22135305e-03, 0., 2.30096653e-03,
       1.38057990e-03, 0., 0., 4.60193289e-04, 9.20386577e-04,
       3.22135305e-03, 2.76115979e-03, 4.60193289e-04, 3.22135305e-03,
       2.30096653e-03, 4.60193289e-04, 4.14173957e-03, 1.38057990e-03,
       4.60193289e-04, 9.20386577e-04, 2.30096653e-03, 4.14173957e-03,
       2.76115979e-03, 3.68154631e-03, 1.84077315e-03, 9.20386577e-04,
       4.60193289e-04, 2.76115979e-03, 9.20386577e-04, 4.60193289e-04,
       4.14173957e-03, 9.20386577e-04, 0., 2.30096653e-03,
       4.60193289e-04, 1.38057990e-03, 9.20386577e-04, 0.,
       9.20386577e-04, 2.30096653e-03, 9.20386577e-04, 9.20386577e-04,
       1.84077315e-03, 4.60193289e-04, 2.30096653e-03, 0.,
       9.20386577e-04, 0., 2.30096653e-03, 9.20386577e-04,
       3.22135305e-03, 2.30096653e-03, 4.60193289e-04, 4.60193289e-04,
       1.84077315e-03, 9.20386577e-04, 4.60193289e-04, 2.76115979e-03,
       2.30096653e-03, 4.60193289e-04, 3.22135305e-03, 3.68154631e-03,
       2.30096653e-03, 3.22135305e-03, 1.38057990e-03, 3.22135305e-03,
       0., 1.38057990e-03, 9.20386577e-04, 9.20386577e-04,
       1.84077315e-03, 1.84077315e-03, 0., 9.20386577e-04, 0.,
       1.84077315e-03, 4.60193289e-04, 9.20386577e-04, 4.60193289e-04,
       0., 0., 2.76115979e-03, 4.60193289e-04, 2.76115979e-03,
       9.20386577e-04, 1.38057990e-03, 0., 1.38057990e-03,
       4.60193289e-04, 1.38057990e-03, 9.20386577e-04, 4.60193289e-04,
       1.38057990e-03, 9.20386577e-04, 1.38057990e-03, 0.,
       2.30096653e-03, 0., 9.20386577e-04, 0., 0., 4.60193289e-04, 0.,
       0., 1.38057990e-03, 1.38057990e-03, 9.20386577e-04, 0.,
       4.60193289e-04, 9.20386577e-04, 9.20386577e-04, 4.60193289e-04,
       4.60193289e-04, 9.20386577e-04, 4.60193289e-04, 2.30096653e-03,
       1.38057990e-03, 9.20386577e-04, 4.60193306e-03, 3.68154631e-03,
       2.30096653e-03, 9.20386577e-04, 1.38057990e-03, 9.20386577e-04,
       4.60193289e-04, 1.84077315e-03, 1.38057990e-03, 5.98251261e-03,
       0., 9.20386577e-04, 4.60193289e-04, 1.38057990e-03,
       1.38057990e-03, 3.22135305e-03, 5.52231958e-03, 2.30096653e-03,
       1.38057990e-03, 4.60193289e-04, 9.20386577e-04, 9.20386577e-04,
       4.60193289e-04, 4.60193289e-04, 1.38057990e-03, 9.20386577e-04,
       4.60193289e-04, 4.60193289e-04, 4.60193289e-04, 0.,
       1.38057990e-03, 4.60193289e-04, 4.60193289e-04, 4.60193289e-04,
       0., 1.38057990e-03, 9.20386577e-04, 4.60193289e-04,
       9.20386577e-04, 0., 1.38057990e-03, 4.60193289e-04,
       4.60193306e-03, 1.38057990e-03, 9.20386577e-04, 1.38057990e-03,
       9.20386577e-04, 2.30096653e-03, 1.38057990e-03, 4.60193289e-04,
       9.20386577e-04, 9.20386577e-04, 9.20386577e-04, 4.60193289e-04,
       9.20386577e-04, 1.38057990e-03, 0., 9.20386577e-04,
       4.60193289e-04, 1.38057990e-03, 1.38057990e-03, 9.20386577e-04,
       0., 9.20386577e-04, 0., 9.20386577e-04, 1.84077315e-03,
       1.38057990e-03, 9.20386577e-04, 0., 3.22135305e-03,
       5.06212609e-03, 4.60193289e-04, 2.30096653e-03, 1.84077315e-03,
       1.84077315e-03, 2.76115979e-03, 9.20386577e-04, 9.20386577e-04,
       0., 2.30096653e-03, 4.60193289e-04, 0., 4.60193289e-04, 0., 0.,
       4.60193306e-03, 9.20386577e-04, 9.20386577e-04, 9.20386577e-04,
       2.76115979e-03, 4.60193289e-04, 9.20386577e-04, 0.,
       4.60193289e-04, 9.20386577e-04, 3.68154631e-03, 4.60193289e-04,
       0., 2.30096653e-03, 1.84077315e-03, 1.84077315e-03,
       2.76115979e-03, 0., 9.20386577e-04, 9.20386577e-04,
       4.60193289e-04, 0., 5.52231958e-03, 3.68154631e-03,
       1.84077315e-03, 9.20386577e-04, 2.30096653e-03, 1.38057990e-03,
       1.84077315e-03, 0., 4.60193289e-04, 4.60193306e-03,
       4.60193289e-04, 1.38057990e-03, 4.60193289e-04, 9.20386577e-04,
       0., 1.38057990e-03, 9.20386577e-04, 9.20386577e-04,
       4.60193289e-04, 1.38057990e-03, 1.38057990e-03, 0.,
       2.30096653e-03, 1.84077315e-03, 4.60193289e-04, 0.,
       9.20386577e-04, 2.76115979e-03, 1.38057990e-03, 9.20386577e-04,
       1.24252187e-02, 9.20386577e-04, 1.38057990e-03, 3.22135305e-03,
       0., 1.38057990e-03, 4.60193289e-04, 4.60193289e-04,
       1.38057990e-03, 1.38057990e-03, 0., 2.30096653e-03,
       1.84077315e-03, 1.38057990e-03, 3.22135305e-03, 4.60193289e-04,
       4.60193289e-04, 0., 4.60193289e-04, 9.20386577e-04,
       9.20386577e-04, 2.30096653e-03, 4.14173957e-03, 9.20386577e-04,
       4.60193289e-04, 0., 4.60193289e-04, 4.60193289e-04,
       1.84077315e-03, 9.20386577e-04, 1.38057990e-03, 4.60193306e-03,
       9.20386577e-04, 0., 1.84077315e-03, 4.14173957e-03,
       1.38057990e-03, 1.38057990e-03, 9.20386577e-04, 0.,
       1.38057990e-03, 1.38057990e-03, 1.38057990e-03, 9.20386577e-04,
       1.84077315e-03, 9.20386577e-04, 4.60193289e-04, 2.76115979e-03,
       9.20386577e-04, 4.60193289e-04, 4.60193289e-04, 9.20386577e-04,
       4.60193289e-04, 0., 9.20386577e-04, 4.60193289e-04, 0.,
       1.38057990e-03, 4.60193306e-03, 4.60193289e-04, 1.38057990e-03,
       2.76115979e-03, 1.84077315e-03, 2.76115979e-03, 1.84077315e-03,
       4.60193289e-04, 0., 4.60193289e-04, 4.60193289e-04,
       4.14173957e-03, 1.38057990e-03, 9.20386577e-04, 4.60193289e-04,
