%YAML:1.0
m50n: !!opencv-matrix
   rows: 1
   cols: 800
   dt: f
   data: [ 6.18046965e-04, 4.32632864e-03, 0., 0., 2.47218786e-03, 0.,
       6.18046965e-04, 6.18046965e-04, 0., 2.47218786e-03,
       6.18046965e-04, 6.18046965e-04, 2.47218786e-03, 1.23609393e-03,
       6.18046988e-03, 0., 1.85414089e-03, 8.03461019e-03,
       2.47218786e-03, 0., 6.18046965e-04, 1.85414089e-03,
       1.23609393e-03, 1.85414089e-03, 1.85414089e-03, 0.,
       2.47218786e-03, 1.23609393e-03, 1.85414089e-03, 0.,
       1.85414089e-03, 0., 0., 1.23609393e-03, 1.23609393e-03, 0.,
       2.47218786e-03, 1.85414089e-03, 1.23609393e-03, 0.,
       2.47218786e-03, 6.18046965e-04, 0., 6.18046965e-04, 0., 0.,
       6.18046965e-04, 0., 1.85414089e-03, 6.18046965e-04,
       1.23609393e-03, 1.85414089e-03, 0., 3.70828179e-03,
       2.10135970e-02, 0., 6.18046965e-04, 0., 8.65265727e-03,
       2.47218786e-03, 1.85414089e-03, 3.09023494e-03, 0.,
       6.18046965e-04, 3.09023494e-03, 1.23609393e-03, 6.18046965e-04,
       0., 1.85414089e-03, 6.18046965e-04, 1.23609393e-03, 0.,
       6.18046965e-04, 0., 6.18046965e-04, 2.47218786e-03,
       4.94437572e-03, 0., 1.23609393e-03, 6.18046965e-04,
       6.18046965e-04, 1.23609393e-03, 1.11248456e-02, 0.,
       1.23609393e-03, 1.23609393e-03, 1.85414089e-03, 0., 0.,
       3.70828179e-03, 0., 6.18046965e-04, 0., 0., 6.18046965e-04,
       6.18046965e-04, 0., 3.09023494e-03, 3.09023494e-03,
       1.23609393e-03, 1.85414089e-03, 1.23609393e-03, 2.47218786e-03,
       0., 0., 6.79851649e-03, 6.18046965e-04, 6.18046988e-03, 0.,
       6.18046965e-04, 0., 0., 6.18046965e-04, 6.18046965e-04, 0., 0.,
       0., 0., 0., 1.85414089e-03, 1.23609393e-03, 6.18046965e-04, 0.,
       0., 1.85414089e-03, 0., 9.27070435e-03, 0., 0., 0., 0.,
       2.47218786e-03, 6.18046965e-04, 3.70828179e-03, 3.70828179e-03,
       6.18046965e-04, 3.70828179e-03, 6.18046965e-04, 0.,
       1.23609393e-03, 6.18046965e-04, 2.47218786e-03, 1.23609393e-03,
       0., 0., 0., 0., 1.23609393e-03, 0., 0., 0., 6.18046965e-04,
       6.18046965e-04, 6.18046965e-04, 1.23609393e-03, 0., 0.,
       4.94437572e-03, 3.09023494e-03, 6.18046965e-04, 0.,
       1.85414089e-03, 0., 0., 6.18046965e-04, 0., 2.47218786e-03,
       3.70828179e-03, 6.18046965e-04, 0., 6.18046965e-04, 0., 0.,
       1.23609393e-03, 0., 0., 6.18046965e-04, 6.18046965e-04,
       4.32632864e-03, 6.18046965e-04, 6.18046965e-04, 0.,
       6.18046965e-04, 0., 0., 6.79851649e-03, 1.23609393e-03, 0., 0.,
       6.18046965e-04, 0., 8.03461019e-03, 0., 0., 1.23609393e-03,
       3.09023494e-03, 6.18046965e-04, 1.85414089e-03, 6.18046965e-04,
       0., 0., 1.23609393e-03, 2.47218786e-03, 1.85414089e-03, 0., 0.,
       3.09023494e-03, 6.18046965e-04, 0., 2.47218786e-03, 0.,
       6.18046965e-04, 6.18046965e-04, 0., 3.09023494e-03,
       3.70828179e-03, 0., 3.09023494e-03, 7.41656357e-03,
       6.18046965e-04, 6.18046965e-04, 0., 0., 3.70828179e-03,
       6.18046965e-04, 1.85414089e-03, 6.18046965e-04, 1.85414089e-03,
       1.23609393e-03, 6.18046965e-04, 0., 0., 0., 0., 0.,
       2.47218786e-03, 6.18046965e-04, 0., 6.18046965e-04, 0.,
       1.85414089e-03, 0., 1.85414089e-03, 6.18046965e-04,
       5.56242280e-03, 6.18046965e-04, 2.47218786e-03, 0.,
       6.18046965e-04, 6.18046965e-04, 0., 6.18046965e-04,
       6.18046965e-04, 6.18046965e-04, 0., 2.47218786e-03, 0.,
       7.41656357e-03, 1.23609393e-03, 6.18046965e-04, 3.09023494e-03,
       6.18046965e-04, 1.85414089e-03, 0., 2.47218786e-03,
       3.09023494e-03, 6.18046965e-04, 6.18046965e-04, 6.18046965e-04,
       4.32632864e-03, 0., 4.32632864e-03, 0., 0., 1.23609393e-03,
       1.23609393e-03, 0., 2.47218786e-03, 3.09023494e-03,
       6.18046965e-04, 0., 6.18046965e-04, 0., 3.70828179e-03,
       6.18046965e-04, 6.18046965e-04, 1.23609393e-03, 0.,
       1.23609393e-03, 1.23609393e-03, 0., 1.85414089e-03, 0.,
       1.23609393e-03, 6.18046965e-04, 6.18046965e-04, 0., 0.,
       1.23609393e-03, 0., 0., 0., 0., 0., 1.85414089e-03, 0., 0.,
       6.18046965e-04, 6.18046965e-04, 7.41656357e-03, 1.23609393e-03,
       0., 0., 6.18046965e-04, 1.85414089e-03, 1.23609393e-03,
       6.18046965e-04, 6.79851649e-03, 1.29789859e-02, 6.18046965e-04,
       1.85414089e-03, 6.18046965e-04, 0., 6.18046965e-04,
       3.09023494e-03, 3.09023494e-03, 0., 1.23609393e-03, 0.,
       6.18046965e-04, 2.47218786e-03, 6.18046965e-04, 0., 0., 0., 0.,
       0., 0., 0., 0., 0., 2.47218786e-03, 6.18046965e-04,
       6.18046965e-04, 0., 6.18046965e-04, 6.18046965e-04, 0., 0.,
       1.23609393e-03, 0., 6.18046965e-04, 2.47218786e-03,
       1.23609393e-03, 6.18046965e-04, 0., 1.23609393e-03, 0., 0., 0.,
       6.18046965e-04, 0., 0., 6.18046988e-03, 1.23609393e-03,
       1.23609393e-03, 1.23609393e-03, 6.18046965e-04, 6.18046965e-04,
       0., 0., 1.23609393e-03, 9.27070435e-03, 6.18046965e-04, 0.,
       2.47218786e-03, 6.18046965e-04, 1.66872684e-02, 1.23609393e-03,
       0., 0., 0., 1.85414089e-03, 1.23609393e-03, 6.18046965e-04, 0.,
       0., 0., 6.18046965e-04, 1.23609393e-03, 1.23609393e-03,
       6.18046965e-04, 6.18046965e-04, 0., 1.85414089e-03,
       6.18046965e-04, 2.16316432e-02, 0., 0., 1.23609393e-03, 0.,
       2.47218786e-03, 0., 0., 0., 6.18046965e-04, 6.18046965e-04,
       6.18046965e-04, 6.18046965e-04, 1.85414089e-03, 0., 0.,
       6.18046965e-04, 1.85414089e-03, 1.85414089e-03, 0., 0.,
       1.23609393e-03, 1.23609393e-03, 0., 0., 0., 1.85414089e-03,
       1.23609393e-03, 0., 0., 0., 5.56242280e-03, 3.70828179e-03, 0.,
       6.18046965e-04, 0., 3.70828179e-03, 1.85414089e-03, 0.,
       1.23609393e-03, 2.47218786e-03, 6.18046965e-04, 0.,
       6.18046965e-04, 1.23609393e-03, 2.47218786e-03, 1.23609393e-03,
       2.47218786e-03, 1.23609393e-03, 3.70828179e-03, 6.18046965e-04,
       0., 6.18046965e-04, 2.47218786e-03, 0., 0., 1.85414089e-03, 0.,
       1.23609393e-03, 0., 0., 6.18046965e-04, 6.18046965e-04, 0.,
       6.18046965e-04, 0., 0., 6.18046965e-04, 2.47218786e-03, 0., 0.,
       6.18046965e-04, 0., 4.94437572e-03, 0., 6.18046965e-04,
       6.18046965e-04, 0., 6.18046965e-04, 6.18046965e-04,
       5.56242280e-03, 6.18046965e-04, 6.18046965e-04, 1.85414089e-03,
       6.18046965e-04, 0., 0., 6.18046965e-04, 6.18046965e-04, 0., 0.,
       1.85414089e-03, 6.18046965e-04, 0., 0., 1.23609393e-03,
       6.18046965e-04, 0., 0., 0., 1.85414089e-03, 0., 1.23609393e-03,
       0., 1.23609393e-03, 0., 6.18046965e-04, 0., 0., 6.18046965e-04,
       6.18046965e-04, 0., 0., 3.09023494e-03, 0., 4.32632864e-03,
       1.23609393e-03, 2.47218786e-03, 0., 6.18046988e-03,
       1.23609393e-03, 2.47218786e-03, 0., 1.85414089e-03,
       3.09023494e-03, 1.23609393e-03, 0., 1.23609393e-03,
       6.79851649e-03, 6.18046965e-04, 6.18046965e-04, 0., 0.,
       1.23609393e-03, 1.85414089e-03, 0., 6.18046965e-04,
       2.47218786e-03, 0., 3.09023494e-03, 3.09023494e-03,
       1.23609393e-03, 0., 0., 0., 0., 6.18046965e-04, 4.94437572e-03,
       0., 0., 2.47218786e-03, 6.18046965e-04, 4.32632864e-03,
       6.18046965e-04, 0., 0., 6.18046965e-04, 6.18046965e-04,
       5.56242280e-03, 6.18046965e-04, 1.23609393e-03, 3.70828179e-03,
       1.23609393e-03, 0., 0., 0., 1.85414089e-03, 0., 1.23609393e-03,
       0., 6.18046965e-04, 0., 6.18046965e-04, 5.56242280e-03, 0., 0.,
       6.18046965e-04, 0., 0., 6.18046965e-04, 1.23609393e-03,
       6.18046965e-04, 0., 6.18046965e-04, 0., 0., 0., 6.18046965e-04,
       1.23609393e-03, 1.85414089e-03, 6.18046965e-04, 6.18046965e-04,
       6.18046965e-04, 0., 1.23609393e-03, 0., 0., 6.18046965e-04, 0.,
       6.18046965e-04, 6.18046965e-04, 0., 1.85414089e-03,
       6.18046965e-04, 6.18046965e-04, 1.85414089e-03, 0., 0.,
       6.18046965e-04, 0., 1.23609393e-03, 0., 0., 1.23609393e-03,
       6.18046965e-04, 6.18046965e-04, 1.23609393e-03, 1.23609393e-03,
       1.85414089e-03, 2.47218786e-03, 0., 2.47218786e-03,
       6.18046965e-04, 1.23609393e-03, 6.18046965e-04, 6.18046965e-04,
