%YAML:1.0
m50n: !!opencv-matrix
   rows: 1
   cols: 800
   dt: f
   data: [ 4.44049743e-04, 8.88099486e-04, 8.88099486e-04, 0.,
       2.22024880e-03, 0., 1.33214926e-03, 0., 4.44049743e-04,
       8.88099486e-04, 3.10834823e-03, 0., 0., 0., 4.44049743e-04,
       8.88099486e-04, 0., 4.44049743e-04, 4.44049743e-04,
       4.44049743e-04, 1.77619897e-03, 0., 8.88099486e-04,
       7.54884584e-03, 1.33214926e-03, 4.44049743e-04, 4.44049743e-04,
       4.44049743e-04, 3.99644766e-03, 4.44049743e-04, 3.99644766e-03,
       4.44049743e-04, 3.10834823e-03, 2.22024880e-03, 0.,
       8.88099486e-04, 1.33214926e-03, 8.88099486e-04, 4.44049743e-04,
       0., 0., 4.44049743e-04, 2.22024880e-03, 0., 1.77619897e-03,
       3.10834823e-03, 1.33214926e-03, 4.44049743e-04, 0., 0.,
       4.44049743e-04, 8.88099486e-04, 2.22024880e-03, 8.88099486e-04,
       4.44049743e-04, 0., 0., 2.22024880e-03, 4.44049743e-04,
       1.33214926e-03, 2.22024880e-03, 4.44049743e-04, 0.,
       4.44049743e-04, 1.77619897e-03, 4.44049743e-04, 3.10834823e-03,
       3.10834823e-03, 2.22024880e-03, 8.88099486e-04, 4.44049743e-04,
       8.88099486e-04, 4.44049743e-04, 4.44049743e-04, 1.77619897e-03,
       8.88099486e-04, 1.77619897e-03, 4.44049743e-04, 4.44049743e-04,
       2.22024880e-03, 8.88099486e-04, 0., 4.44049743e-04,
       1.77619897e-03, 4.44049743e-04, 3.99644766e-03, 8.88099486e-04,
       0., 4.44049743e-04, 0., 0., 8.88099486e-04, 1.33214926e-03,
       4.44049743e-04, 0., 1.33214926e-03, 0., 4.44049743e-04,
       1.77619897e-03, 4.44049743e-04, 1.33214926e-03, 8.88099486e-04,
       4.44049743e-04, 4.44049761e-03, 1.33214926e-03, 9.32504423e-03,
       1.77619897e-03, 4.44049743e-04, 0., 8.88099486e-04,
       1.77619897e-03, 0., 0., 4.44049743e-04, 4.88454709e-03, 0.,
       9.32504423e-03, 0., 2.66429852e-03, 4.44049743e-04, 0., 0.,
       4.44049761e-03, 3.55239795e-03, 0., 4.44049743e-04,
       8.88099486e-04, 0., 4.88454709e-03, 0., 3.55239795e-03, 0.,
       4.88454709e-03, 5.77264652e-03, 4.44049743e-04, 4.44049743e-04,
       0., 1.33214926e-03, 1.77619897e-03, 2.22024880e-03,
       1.77619897e-03, 4.44049743e-04, 4.44049743e-04, 0.,
       8.88099486e-04, 0., 0., 8.88099486e-04, 0., 8.88099486e-04, 0.,
       0., 4.44049743e-04, 8.88099486e-04, 4.44049743e-04, 0.,
       4.44049743e-04, 8.88099486e-04, 0., 1.33214926e-03,
       2.22024880e-03, 2.66429852e-03, 2.66429852e-03, 8.88099486e-04,
       4.44049743e-04, 4.44049743e-04, 0., 8.88099486e-04,
       3.10834823e-03, 4.44049743e-04, 1.33214926e-03, 2.22024880e-03,
       1.77619897e-03, 0., 3.10834823e-03, 2.22024880e-03,
       4.44049743e-04, 8.88099486e-04, 1.77619897e-03, 8.88099486e-04,
       2.22024880e-03, 4.44049743e-04, 1.77619897e-03, 1.77619897e-03,
       4.44049743e-04, 1.33214926e-03, 3.10834823e-03, 4.44049743e-04,
       0., 5.77264652e-03, 4.44049743e-04, 4.44049743e-04,
       2.66429852e-03, 4.44049743e-04, 0., 8.88099486e-04,
       1.77619897e-03, 8.88099486e-04, 2.66429852e-03, 2.66429852e-03,
       4.44049743e-04, 0., 8.88099486e-04, 2.22024880e-03, 0.,
       1.33214926e-03, 3.10834823e-03, 1.33214926e-03, 4.44049743e-04,
       4.44049743e-04, 4.44049743e-04, 3.10834823e-03, 1.33214926e-03,
       3.55239795e-03, 4.44049743e-04, 8.88099486e-04, 8.88099486e-04,
       0., 1.33214926e-03, 1.77619897e-03, 1.77619897e-03,
       8.88099486e-04, 2.22024880e-03, 8.88099486e-04, 8.88099486e-04,
       0., 2.66429852e-03, 1.33214926e-03, 0., 8.88099486e-04,
       9.32504423e-03, 4.44049743e-04, 8.88099486e-04, 3.10834823e-03,
       1.33214926e-03, 4.44049743e-04, 3.99644766e-03, 8.88099486e-04,
       8.88099486e-04, 3.55239795e-03, 4.44049743e-04, 2.22024880e-03,
       4.44049743e-04, 4.44049743e-04, 8.88099486e-04, 0.,
       1.77619897e-03, 1.77619897e-03, 0., 4.44049743e-04,
       8.88099486e-04, 1.33214926e-03, 1.77619897e-03, 0.,
       8.88099486e-04, 1.33214926e-03, 4.44049743e-04, 2.22024880e-03,
       1.77619897e-03, 3.10834823e-03, 4.44049743e-04, 8.88099486e-04,
       4.44049743e-04, 1.77619897e-03, 0., 8.88099486e-04,
       4.44049743e-04, 4.44049743e-04, 4.44049743e-04, 0.,
       2.66429852e-03, 0., 1.77619897e-03, 0., 0., 4.44049743e-04, 0.,
       0., 4.44049743e-04, 0., 8.88099486e-04, 1.33214926e-03,
       8.88099486e-04, 4.44049743e-04, 8.88099486e-04, 8.88099486e-04,
       0., 0., 3.10834823e-03, 3.99644766e-03, 2.22024880e-03,
       3.55239795e-03, 2.22024880e-03, 4.44049743e-04, 6.21669646e-03,
       1.33214926e-03, 1.33214926e-03, 8.88099486e-04, 8.88099486e-04,
       4.44049743e-04, 8.88099486e-04, 4.44049743e-04, 0.,
       2.66429852e-03, 0., 1.33214926e-03, 4.44049743e-04, 0.,
       8.88099486e-04, 2.22024880e-03, 4.88454709e-03, 0.,
       1.33214926e-03, 4.44049743e-04, 0., 1.33214926e-03,
       8.88099486e-04, 0., 5.32859704e-03, 0., 8.88099486e-04,
       8.88099486e-04, 8.88099486e-04, 0., 8.88099486e-04, 0.,
       1.33214926e-03, 0., 8.88099486e-04, 1.33214926e-03,
       2.22024880e-03, 1.77619897e-03, 4.44049743e-04, 8.88099486e-04,
       1.33214926e-03, 4.44049743e-04, 2.22024880e-03, 0.,
       8.88099486e-04, 0., 1.33214926e-03, 2.22024880e-03,
       8.88099486e-04, 1.33214926e-03, 8.88099486e-04, 0., 0., 0.,
       1.77619897e-03, 0., 0., 8.88099486e-04, 0., 2.22024880e-03,
       2.66429852e-03, 1.33214926e-03, 4.44049743e-04, 4.44049743e-04,
       8.88099486e-04, 1.77619897e-03, 1.33214926e-03, 4.44049743e-04,
       1.33214926e-03, 0., 2.66429852e-03, 1.19893430e-02,
       8.88099486e-04, 8.88099486e-04, 4.44049743e-04, 8.88099486e-04,
       1.33214926e-03, 3.55239795e-03, 4.44049743e-04, 4.44049743e-04,
       2.22024880e-03, 4.44049743e-04, 0., 4.44049743e-04,
       8.88099486e-04, 4.44049743e-04, 5.32859704e-03, 8.88099486e-04,
       4.44049743e-04, 4.44049743e-04, 1.02131441e-02, 4.44049743e-04,
       8.88099486e-04, 4.44049743e-04, 4.44049743e-04, 2.66429852e-03,
       4.44049743e-04, 8.88099486e-04, 0., 8.88099486e-04,
       8.88099486e-04, 0., 3.10834823e-03, 8.88099486e-04,
       2.22024880e-03, 0., 0., 4.44049743e-04, 4.44049743e-04, 0.,
       1.33214926e-03, 1.77619897e-03, 4.44049761e-03, 0.,
       2.66429852e-03, 8.88099486e-04, 0., 3.10834823e-03,
       4.44049743e-04, 1.77619897e-03, 4.44049743e-04, 0., 0.,
       2.66429852e-03, 4.44049743e-04, 8.88099486e-04, 1.33214926e-03,
       4.44049743e-04, 4.44049743e-04, 0., 2.66429852e-03,
       3.10834823e-03, 1.33214926e-03, 4.44049743e-04, 0.,
       1.77619897e-03, 4.44049743e-04, 0., 1.11012440e-02,
       4.44049743e-04, 2.22024880e-03, 1.77619897e-03, 0.,
       4.44049743e-04, 8.88099486e-04, 0., 4.44049743e-04,
       4.44049743e-04, 4.44049743e-04, 4.44049743e-04, 1.33214926e-03,
       3.10834823e-03, 8.43694527e-03, 8.88099486e-04, 1.33214926e-03,
       1.33214926e-03, 8.88099486e-04, 4.44049743e-04, 8.88099486e-04,
       1.33214926e-03, 2.66429852e-03, 2.22024880e-03, 5.77264652e-03,
       0., 0., 1.77619897e-03, 2.22024880e-03, 1.77619897e-03,
       1.77619897e-03, 4.44049743e-04, 4.44049743e-04, 0.,
       8.88099486e-04, 3.55239795e-03, 2.22024880e-03, 1.77619897e-03,
       0., 0., 1.77619897e-03, 4.44049743e-04, 1.33214926e-03,
       8.88099486e-04, 8.88099486e-04, 4.44049743e-04, 1.77619897e-03,
       8.88099486e-04, 0., 0., 0., 8.88099486e-04, 1.33214926e-03, 0.,
       8.88099486e-04, 3.55239795e-03, 0., 2.66429852e-03,
       1.33214926e-03, 8.88099486e-04, 4.44049743e-04, 3.99644766e-03,
       4.44049743e-04, 2.22024880e-03, 0., 0., 4.44049743e-04, 0.,
       8.88099486e-04, 2.22024880e-03, 8.88099486e-04, 1.33214926e-03,
       8.88099486e-04, 3.55239795e-03, 1.33214926e-03, 8.88099486e-04,
       1.77619897e-03, 2.66429852e-03, 0., 0., 0., 5.32859704e-03, 0.,
       4.44049743e-04, 1.33214926e-03, 1.33214926e-03, 4.44049743e-04,
       0., 2.22024880e-03, 1.77619897e-03, 0., 1.33214926e-03, 0.,
       1.33214926e-03, 8.88099486e-04, 0., 4.44049743e-04,
