%YAML:1.0
m50n: !!opencv-matrix
   rows: 1
   cols: 800
   dt: f
   data: [ 1.85942731e-03, 1.48754183e-03, 2.60319817e-03,
       1.48754183e-03, 1.11565634e-03, 0., 0., 0., 7.43770914e-04,
       5.57828182e-03, 7.43770914e-04, 7.43770914e-04, 1.11565634e-03,
       1.85942731e-03, 1.11565634e-03, 3.71885463e-03, 0., 0.,
       7.43770914e-04, 0., 3.71885457e-04, 3.71885457e-04,
       1.48754183e-03, 5.57828182e-03, 3.71885457e-04, 7.43770914e-04,
       3.71885457e-04, 7.43770914e-04, 3.34696914e-03, 1.48754183e-03,
       2.60319817e-03, 2.97508365e-03, 2.23131268e-03, 3.71885457e-04,
       3.71885457e-04, 3.71885457e-04, 1.85942731e-03, 0.,
       7.43770914e-04, 0., 7.43770914e-04, 0., 7.43770914e-04, 0.,
       1.48754183e-03, 3.71885457e-04, 7.43770914e-04, 2.97508365e-03,
       3.71885457e-04, 7.43770914e-04, 3.71885457e-04, 1.48754183e-03,
       2.97508365e-03, 1.48754183e-03, 1.85942731e-03, 1.48754183e-03,
       3.71885457e-04, 1.85942731e-03, 3.71885457e-04, 7.43770914e-04,
       1.85942731e-03, 0., 2.23131268e-03, 3.71885457e-04,
       1.11565634e-03, 0., 7.43770914e-04, 3.71885457e-04, 0.,
       7.43770914e-04, 1.11565634e-03, 0., 3.34696914e-03,
       3.71885457e-04, 4.83451085e-03, 0., 7.43770914e-04,
       7.43770914e-04, 1.11565634e-03, 1.48754183e-03, 1.11565634e-03,
       2.23131268e-03, 2.23131268e-03, 3.71885457e-04, 7.43770914e-04,
       1.85942731e-03, 3.71885457e-04, 2.23131268e-03, 1.48754183e-03,
       1.85942731e-03, 3.71885457e-04, 3.71885463e-03, 3.71885457e-04,
       0., 7.43770914e-04, 0., 0., 2.97508365e-03, 0., 3.71885457e-04,
       3.71885457e-04, 1.11565634e-03, 2.23131268e-03, 1.48754183e-03,
       0., 3.71885463e-03, 2.60319817e-03, 7.43770914e-04,
       2.60319817e-03, 1.48754183e-03, 3.71885457e-04, 3.71885457e-04,
       1.11565634e-03, 3.71885457e-04, 0., 7.43770914e-04,
       4.46262537e-03, 7.43770914e-04, 1.11565634e-03, 3.71885457e-04,
       0., 7.43770914e-04, 0., 3.71885463e-03, 0., 2.97508365e-03,
       1.11565634e-03, 0., 2.97508365e-03, 7.43770914e-04,
       7.80959474e-03, 1.85942731e-03, 2.23131268e-03, 1.48754183e-03,
       1.11565634e-03, 3.71885457e-04, 1.48754183e-03, 3.71885457e-04,
       3.71885457e-04, 0., 1.48754183e-03, 3.71885457e-04, 0.,
       7.43770914e-04, 0., 0., 3.71885457e-04, 7.43770914e-04,
       7.43770914e-04, 3.71885457e-04, 1.11565634e-03, 0.,
       7.43770914e-04, 1.11565634e-03, 0., 1.48754183e-03,
       1.11565634e-03, 1.85942731e-03, 0., 7.43770914e-04,
       7.43770914e-04, 2.60319817e-03, 3.71885457e-04, 1.48754183e-03,
       1.48754183e-03, 0., 0., 0., 0., 0., 1.85942731e-03,
       1.11565634e-03, 0., 0., 0., 1.85942731e-03, 1.11565634e-03,
       2.23131268e-03, 7.43770914e-04, 3.71885457e-04, 2.97508365e-03,
       1.48754183e-03, 2.23131268e-03, 7.43770914e-04, 1.85942731e-03,
       3.71885457e-04, 2.60319817e-03, 3.71885457e-04, 0.,
       1.85942731e-03, 3.34696914e-03, 1.11565634e-03, 1.85942731e-03,
       1.11565634e-03, 0., 3.71885457e-04, 2.23131268e-03,
       1.11565634e-03, 7.43770914e-04, 3.71885463e-03, 1.85942731e-03,
       1.11565634e-03, 1.11565634e-03, 6.32205280e-03, 3.71885457e-04,
       3.71885457e-04, 1.85942731e-03, 3.71885463e-03, 0., 0.,
       2.97508365e-03, 4.83451085e-03, 4.83451085e-03, 1.48754183e-03,
       0., 0., 1.48754183e-03, 3.71885457e-04, 1.11565634e-03,
       7.43770914e-04, 1.85942731e-03, 3.71885457e-04, 3.71885457e-04,
       1.48754183e-03, 7.43770914e-04, 3.71885457e-04, 2.60319817e-03,
       1.85942731e-03, 0., 3.71885457e-04, 7.43770914e-04,
       2.23131268e-03, 3.71885457e-04, 4.46262537e-03, 1.85942731e-03,
       1.85942731e-03, 1.85942731e-03, 1.85942731e-03, 7.43770914e-04,
       0., 2.23131268e-03, 3.71885463e-03, 7.43770914e-04,
       1.48754183e-03, 7.43770914e-04, 2.97508365e-03, 3.71885457e-04,
       2.23131268e-03, 0., 2.23131268e-03, 0., 1.85942731e-03,
       2.97508365e-03, 3.71885457e-04, 0., 1.48754183e-03,
       1.48754183e-03, 3.71885457e-04, 1.11565634e-03, 1.48754183e-03,
       3.71885457e-04, 3.71885457e-04, 0., 7.43770914e-04, 0.,
       3.71885457e-04, 3.71885457e-04, 3.71885457e-04, 7.43770914e-04,
       1.11565634e-03, 1.85942731e-03, 2.60319817e-03, 2.60319817e-03,
       1.11565634e-03, 3.34696914e-03, 1.11565634e-03, 0., 0.,
       3.71885457e-04, 0., 7.43770914e-04, 1.11565634e-03,
       1.11565634e-03, 0., 2.23131268e-03, 6.32205280e-03,
       2.60319817e-03, 3.71885457e-04, 0., 1.48754183e-03,
       7.43770914e-04, 7.43770914e-04, 1.11565634e-03, 1.85942731e-03,
       7.43770914e-04, 1.48754183e-03, 1.11565634e-03, 1.11565634e-03,
       1.11565634e-03, 7.43770914e-04, 0., 3.71885457e-04,
       1.48754183e-03, 5.20639634e-03, 1.11565634e-03, 1.48754183e-03,
       1.11565634e-03, 1.11565634e-03, 3.34696914e-03, 1.48754183e-03,
       1.11565634e-03, 2.97508365e-03, 2.97508365e-03, 0.,
       2.23131268e-03, 7.43770914e-04, 3.71885457e-04, 3.71885457e-04,
       0., 3.71885457e-04, 7.43770914e-04, 3.71885457e-04, 0.,
       1.11565634e-03, 1.11565634e-03, 2.23131268e-03, 1.48754183e-03,
       1.11565634e-03, 3.71885457e-04, 1.85942731e-03, 1.48754183e-03,
       2.97508365e-03, 2.23131268e-03, 3.71885457e-04, 3.71885457e-04,
       1.11565634e-03, 7.43770914e-04, 3.71885457e-04, 1.48754183e-03,
       3.34696914e-03, 0., 1.85942731e-03, 7.43770914e-04,
       2.23131268e-03, 2.97508365e-03, 1.11565634e-03, 3.71885457e-04,
       3.71885457e-04, 0., 1.11565634e-03, 7.43770914e-04, 0.,
       7.43770914e-04, 0., 0., 2.97508365e-03, 1.11565634e-03,
       7.43770914e-04, 3.71885457e-04, 1.48754183e-03, 7.43770914e-04,
       7.43770914e-04, 3.71885457e-04, 3.71885457e-04, 2.60319817e-03,
       6.32205280e-03, 3.71885457e-04, 0., 3.71885457e-04,
       1.11565634e-03, 1.85942731e-03, 2.23131268e-03, 0.,
       1.11565634e-03, 2.97508365e-03, 3.71885457e-04, 7.43770914e-04,
       1.85942731e-03, 3.71885457e-04, 1.85942731e-03, 7.43770914e-04,
       7.43770914e-04, 1.85942731e-03, 3.71885457e-04, 3.71885457e-04,
       1.11565634e-03, 1.48754183e-03, 1.11565634e-03, 1.11565634e-03,
       7.43770914e-04, 1.48754183e-03, 7.43770914e-04, 1.11565634e-03,
       3.34696914e-03, 7.43770914e-04, 0., 7.43770914e-04,
       1.85942731e-03, 5.57828182e-03, 7.43770914e-04, 0.,
       3.34696914e-03, 0., 6.69393828e-03, 3.71885457e-04,
       7.43770914e-04, 0., 1.11565634e-03, 2.23131268e-03, 0.,
       3.71885457e-04, 0., 0., 7.43770914e-04, 7.43770914e-04,
       3.71885457e-04, 7.43770914e-04, 7.43770914e-04, 1.11565634e-03,
       4.83451085e-03, 3.71885457e-04, 0., 2.23131268e-03,
       3.71885457e-04, 0., 3.34696914e-03, 1.48754183e-03,
       7.43770914e-04, 7.43770914e-04, 1.48754183e-03, 3.71885457e-04,
       0., 9.66902170e-03, 7.43770914e-04, 2.60319817e-03,
       1.11565634e-03, 3.71885457e-04, 0., 1.85942731e-03, 0.,
       3.71885457e-04, 1.48754183e-03, 3.71885457e-04, 1.48754183e-03,
       1.85942731e-03, 1.48754183e-03, 0., 7.43770914e-04,
       3.71885457e-04, 1.11565634e-03, 1.48754183e-03, 1.11565634e-03,
       7.43770914e-04, 1.48754183e-03, 1.48754183e-03, 3.71885463e-03,
       0., 0., 1.11565634e-03, 1.48754183e-03, 1.11565634e-03,
       3.71885457e-04, 1.11565634e-03, 2.60319817e-03, 7.43770914e-04,
       3.71885457e-04, 0., 7.06582377e-03, 0., 1.85942731e-03,
       1.11565634e-03, 0., 7.43770914e-04, 1.11565634e-03, 0.,
       7.43770914e-04, 1.11565634e-03, 3.71885457e-04, 1.85942731e-03,
       3.71885457e-04, 7.43770914e-04, 3.71885457e-04, 7.43770914e-04,
       3.71885457e-04, 0., 0., 7.43770914e-04, 1.85942731e-03,
       2.60319817e-03, 1.11565634e-03, 1.85942731e-03, 1.11565634e-03,
       2.60319817e-03, 3.34696914e-03, 1.48754183e-03, 4.46262537e-03,
       7.43770914e-04, 0., 7.43770914e-04, 0., 2.23131268e-03,
       3.71885457e-04, 1.85942731e-03, 0., 1.85942731e-03,
       4.46262537e-03, 0., 1.85942731e-03, 3.71885457e-04,
       2.60319817e-03, 7.43770914e-04, 7.43770914e-04, 1.11565634e-03,
