%YAML:1.0
m50n: !!opencv-matrix
   rows: 1
   cols: 800
   dt: f
   data: [ 0., 3.97930766e-04, 1.59172306e-03, 1.19379233e-03,
       1.59172306e-03, 0., 2.38758465e-03, 7.95861532e-04,
       3.97930766e-04, 4.77516931e-03, 6.36689225e-03, 7.95861532e-04,
       3.97930766e-04, 1.98965380e-03, 3.97930766e-04, 3.58137698e-03,
       1.98965380e-03, 1.19379233e-03, 0., 3.97930766e-04,
       1.59172306e-03, 1.98965380e-03, 2.38758465e-03, 3.97930766e-04,
       1.59172306e-03, 0., 1.19379233e-03, 3.97930766e-04,
       2.38758465e-03, 0., 1.98965380e-03, 7.95861532e-04,
       1.98965380e-03, 1.19379233e-03, 1.19379233e-03, 2.78551527e-03,
       2.38758465e-03, 1.19379233e-03, 7.95861532e-04, 0.,
       7.95861532e-04, 1.98965380e-03, 2.78551527e-03, 0.,
       3.97930766e-04, 1.98965380e-03, 0., 2.78551527e-03,
       7.95861532e-04, 0., 1.98965380e-03, 1.19379233e-03,
       1.98965380e-03, 1.19379233e-03, 0., 7.95861532e-04,
       3.97930766e-04, 1.19379233e-03, 7.95861532e-04, 7.95861532e-04,
       3.58137698e-03, 1.98965380e-03, 7.95861532e-04, 7.95861532e-04,
       3.97930760e-03, 3.97930766e-04, 7.95861532e-04, 0.,
       1.59172306e-03, 1.19379233e-03, 3.97930766e-04, 1.19379233e-03,
       3.97930766e-04, 1.59172306e-03, 1.19379233e-03, 7.95861532e-04,
       0., 4.37723845e-03, 1.98965380e-03, 2.78551527e-03,
       2.38758465e-03, 0., 1.59172306e-03, 7.95861532e-04, 0.,
       2.78551527e-03, 7.95861532e-04, 7.95861532e-04, 3.97930760e-03,
       1.19379233e-03, 0., 7.95861532e-04, 1.19379233e-03, 0.,
       1.59172306e-03, 7.95861532e-04, 3.97930766e-04, 1.19379233e-03,
       2.38758465e-03, 0., 3.97930766e-04, 3.97930766e-04,
       3.58137698e-03, 0., 3.97930766e-04, 4.77516931e-03,
       1.98965380e-03, 7.95861532e-04, 0., 7.95861532e-04,
       1.59172306e-03, 2.38758465e-03, 3.97930766e-04, 1.19379233e-03,
       3.97930766e-04, 3.97930766e-04, 3.97930766e-04, 3.97930766e-04,
       3.97930766e-04, 3.97930766e-04, 0., 1.59172306e-03,
       4.77516931e-03, 7.95861520e-03, 0., 3.97930766e-04,
       7.95861532e-04, 1.19379233e-03, 5.17310016e-03, 7.95861532e-04,
       7.95861532e-04, 7.95861532e-04, 3.97930760e-03, 3.97930766e-04,
       1.19379233e-03, 3.97930766e-04, 3.18344613e-03, 0.,
       1.59172306e-03, 1.59172306e-03, 3.97930760e-03, 1.19379233e-03,
       0., 1.19379233e-03, 7.95861532e-04, 7.95861532e-04,
       1.59172306e-03, 7.95861532e-04, 0., 1.19379233e-03, 0., 0.,
       1.59172306e-03, 4.77516931e-03, 0., 0., 0., 7.95861532e-04, 0.,
       2.78551527e-03, 0., 1.59172306e-03, 1.19379233e-03,
       1.19379233e-03, 3.97930766e-04, 2.78551527e-03, 0.,
       1.19379233e-03, 1.59172306e-03, 3.97930766e-04, 0.,
       3.97930766e-04, 1.19379233e-03, 7.95861532e-04, 1.59172306e-03,
       0., 0., 7.95861532e-04, 1.19379233e-03, 7.95861532e-04,
       5.17310016e-03, 3.18344613e-03, 0., 1.19379233e-03,
       3.97930760e-03, 3.97930766e-04, 2.38758465e-03, 7.95861532e-04,
       0., 3.97930766e-04, 7.95861532e-04, 0., 7.95861532e-04,
       7.95861532e-04, 3.97930766e-04, 2.78551527e-03, 1.19379233e-03,
       1.19379233e-03, 3.97930766e-04, 0., 0., 2.78551527e-03,
       3.97930760e-03, 1.98965380e-03, 7.95861532e-04, 1.19379233e-03,
       2.78551527e-03, 3.97930766e-04, 1.19379233e-03, 3.97930766e-04,
       2.38758465e-03, 1.19379233e-03, 0., 1.98965380e-03,
       3.97930766e-04, 1.19379233e-03, 2.38758465e-03, 1.19379233e-03,
       1.19379233e-03, 1.19379233e-03, 2.38758465e-03, 1.19379233e-03,
       7.95861532e-04, 1.19379233e-03, 1.59172306e-03, 1.98965380e-03,
       1.59172306e-03, 7.95861532e-04, 1.19379233e-03, 3.97930766e-04,
       1.59172306e-03, 0., 1.98965380e-03, 1.19379233e-03,
       1.98965380e-03, 7.95861532e-04, 3.58137698e-03, 1.19379233e-03,
       3.18344613e-03, 3.97930766e-04, 1.59172306e-03, 3.97930766e-04,
       0., 0., 0., 3.97930766e-04, 7.95861532e-04, 1.59172306e-03,
       7.95861532e-04, 1.98965380e-03, 1.19379233e-03, 4.77516931e-03,
       1.19379233e-03, 1.59172306e-03, 1.19379233e-03, 1.98965380e-03,
       3.97930760e-03, 3.97930766e-04, 1.19379233e-03, 2.78551527e-03,
       3.58137698e-03, 1.59172306e-03, 0., 2.78551527e-03,
       2.38758465e-03, 1.19379233e-03, 3.97930766e-04, 0., 0.,
       3.97930766e-04, 7.95861532e-04, 0., 1.19379233e-03,
       1.19379233e-03, 1.19379233e-03, 1.19379233e-03, 3.97930766e-04,
       1.98965380e-03, 0., 2.38758465e-03, 3.97930766e-04,
       7.95861532e-04, 7.95861532e-04, 1.19379233e-03, 7.95861532e-04,
       3.97930760e-03, 0., 7.95861532e-04, 3.97930766e-04,
       3.58137698e-03, 1.19379233e-03, 3.97930766e-04, 1.98965380e-03,
       2.38758465e-03, 1.98965380e-03, 2.78551527e-03, 3.58137698e-03,
       2.38758465e-03, 1.98965380e-03, 2.38758465e-03, 1.59172306e-03,
       7.95861532e-04, 1.59172306e-03, 0., 0., 1.98965380e-03, 0.,
       4.37723845e-03, 3.97930760e-03, 0., 1.19379233e-03, 0., 0.,
       3.97930766e-04, 7.95861532e-04, 2.38758465e-03, 1.19379233e-03,
       1.98965380e-03, 3.97930766e-04, 1.59172306e-03, 1.19379233e-03,
       1.59172306e-03, 1.19379233e-03, 7.95861532e-04, 3.97930766e-04,
       1.59172306e-03, 1.59172306e-03, 3.97930766e-04, 0.,
       3.18344613e-03, 1.98965380e-03, 3.97930766e-04, 3.97930766e-04,
       1.98965380e-03, 1.98965380e-03, 7.95861532e-04, 7.95861532e-04,
       7.95861532e-04, 7.95861532e-04, 3.97930766e-04, 3.97930760e-03,
       0., 1.59172306e-03, 2.38758465e-03, 3.97930766e-04,
       3.18344613e-03, 1.98965380e-03, 1.59172306e-03, 1.19379233e-03,
       3.97930766e-04, 3.97930766e-04, 0., 3.97930766e-04,
       7.95861532e-04, 1.59172306e-03, 0., 3.97930760e-03,
       7.95861532e-04, 2.38758465e-03, 1.59172306e-03, 3.58137698e-03,
       7.95861532e-04, 3.97930760e-03, 0., 1.19379233e-03,
       7.95861532e-04, 1.19379233e-03, 1.19379233e-03, 0.,
       1.19379233e-03, 1.59172306e-03, 3.18344613e-03, 1.59172306e-03,
       7.95861532e-04, 2.78551527e-03, 0., 2.78551527e-03, 0.,
       7.95861532e-04, 0., 1.19379233e-03, 0., 3.97930766e-04, 0., 0.,
       7.95861532e-04, 3.97930766e-04, 0., 1.59172306e-03,
       1.19379233e-03, 7.95861532e-04, 1.59172306e-03, 3.97930766e-04,
       7.95861532e-04, 1.98965380e-03, 2.38758465e-03, 1.98965380e-03,
       7.95861532e-04, 7.95861532e-04, 1.19379233e-03, 0.,
       3.18344613e-03, 1.19379233e-03, 0., 1.98965380e-03,
       1.59172306e-03, 1.98965380e-03, 7.95861532e-04, 3.97930766e-04,
       7.95861532e-04, 3.97930766e-04, 2.38758465e-03, 3.97930766e-04,
       9.15240776e-03, 1.59172306e-03, 0., 0., 1.98965380e-03,
       3.97930766e-04, 3.97930766e-04, 3.97930766e-04, 3.97930766e-04,
       1.98965380e-03, 3.97930766e-04, 7.95861532e-04, 0.,
       7.95861532e-04, 0., 2.78551527e-03, 1.19379233e-03,
       1.19379233e-03, 1.59172306e-03, 3.58137698e-03, 0.,
       1.19379233e-03, 7.95861532e-04, 0., 0., 5.17310016e-03, 0.,
       3.97930766e-04, 1.59172306e-03, 7.95861532e-04, 3.97930766e-04,
       3.97930766e-04, 1.98965380e-03, 1.19379233e-03, 7.95861532e-04,
       7.95861532e-04, 3.18344613e-03, 7.95861532e-04, 0.,
       3.97930766e-04, 3.97930766e-04, 7.95861532e-04, 7.95861532e-04,
       3.97930766e-04, 3.97930766e-04, 3.97930766e-04, 1.59172306e-03,
       1.19379233e-03, 1.98965380e-03, 0., 0., 3.18344613e-03,
       1.19379233e-03, 3.97930766e-04, 1.59172306e-03, 3.97930766e-04,
       2.78551527e-03, 3.97930766e-04, 3.97930766e-04, 3.58137698e-03,
       1.19379233e-03, 1.19379233e-03, 1.19379233e-03, 7.95861532e-04,
       1.19379233e-03, 7.95861532e-04, 1.98965380e-03, 7.95861532e-04,
       0., 7.95861532e-04, 7.95861532e-04, 2.38758465e-03,
       7.95861532e-04, 1.59172306e-03, 1.19379233e-03, 2.78551527e-03,
       1.19379233e-03, 1.98965380e-03, 1.19379233e-03, 7.95861532e-04,
       3.97930760e-03, 7.95861532e-04, 7.95861532e-04, 2.78551527e-03,
       0., 7.95861532e-04, 0., 1.19379233e-03, 1.19379233e-03, 0.,
       1.98965380e-03, 1.59172306e-03, 5.96896140e-03, 3.97930766e-04,
