%YAML:1.0
m50n: !!opencv-matrix
   rows: 1
   cols: 800
   dt: f
   data: [ 1.07334519e-03, 7.15563481e-04, 3.57781746e-03,
       1.43112696e-03, 2.50447216e-03, 1.43112696e-03, 1.07334519e-03,
       0., 7.15563481e-04, 2.86225392e-03, 7.15563481e-04,
       3.57781741e-04, 7.15563481e-04, 3.57781741e-04, 2.86225392e-03,
       2.14669039e-03, 7.15563481e-04, 7.15563481e-04, 0.,
       1.43112696e-03, 2.50447216e-03, 1.43112696e-03, 2.14669039e-03,
       7.51341647e-03, 3.57781741e-04, 7.15563481e-04, 3.57781741e-04,
       1.78890873e-03, 7.87119847e-03, 1.43112696e-03, 2.50447216e-03,
       7.15563481e-04, 2.50447216e-03, 0., 0., 3.57781741e-04,
       7.15563481e-04, 0., 7.15563481e-04, 3.57781741e-04,
       2.14669039e-03, 1.43112696e-03, 3.57781741e-04, 7.15563481e-04,
       2.50447216e-03, 2.50447216e-03, 7.15563481e-04, 1.78890873e-03,
       1.07334519e-03, 7.15563481e-04, 3.57781741e-04, 0.,
       2.50447216e-03, 7.15563481e-04, 2.14669039e-03, 1.43112696e-03,
       0., 3.57781741e-04, 7.15563481e-04, 3.57781741e-04,
       3.57781741e-04, 2.14669039e-03, 7.15563481e-04, 7.15563481e-04,
       2.50447216e-03, 3.57781741e-04, 4.65116277e-03, 1.43112696e-03,
       2.50447216e-03, 7.15563481e-04, 1.07334519e-03, 1.07334519e-03,
       1.43112696e-03, 7.15563481e-04, 3.22003569e-03, 3.57781741e-04,
       0., 1.43112696e-03, 3.57781741e-04, 7.15563481e-04,
       2.14669039e-03, 3.57781741e-04, 1.43112696e-03, 1.78890873e-03,
       1.43112696e-03, 2.50447216e-03, 1.07334519e-03, 3.22003569e-03,
       1.43112696e-03, 3.57781741e-04, 3.57781741e-04, 3.22003569e-03,
       7.15563481e-04, 3.57781741e-04, 1.07334519e-03, 0.,
       3.57781741e-04, 1.07334519e-03, 1.07334519e-03, 3.57781741e-04,
       7.15563481e-04, 0., 1.78890873e-03, 2.50447216e-03, 0.,
       2.86225392e-03, 3.57781741e-04, 3.57781741e-04, 1.43112696e-03,
       2.86225392e-03, 2.50447216e-03, 1.07334519e-03, 1.78890873e-03,
       3.57781741e-04, 7.15563481e-04, 3.57781741e-04, 5.72450785e-03,
       3.57781741e-04, 3.22003569e-03, 3.57781741e-04, 0.,
       1.07334519e-03, 7.15563481e-04, 2.86225392e-03, 7.15563481e-04,
       7.15563481e-04, 1.78890873e-03, 3.57781741e-04, 1.78890873e-03,
       2.14669039e-03, 3.57781741e-04, 0., 3.22003569e-03,
       1.78890873e-03, 3.57781741e-04, 1.07334519e-03, 1.07334519e-03,
       3.57781741e-04, 1.07334519e-03, 3.57781741e-04, 2.14669039e-03,
       2.14669039e-03, 7.15563481e-04, 2.14669039e-03, 0., 0., 0., 0.,
       0., 3.57781741e-04, 2.50447216e-03, 3.57781741e-04,
       7.15563481e-04, 3.57781741e-04, 0., 2.14669039e-03,
       7.15563481e-04, 2.86225392e-03, 0., 0., 3.57781741e-04,
       5.36672631e-03, 1.07334519e-03, 7.15563481e-04, 3.22003569e-03,
       0., 1.07334519e-03, 1.43112696e-03, 0., 3.57781741e-04,
       2.14669039e-03, 6.08228939e-03, 3.57781741e-04, 0.,
       7.15563481e-04, 7.15563481e-04, 7.15563481e-04, 1.43112696e-03,
       1.78890873e-03, 3.57781741e-04, 2.50447216e-03, 3.57781746e-03,
       1.78890873e-03, 7.15563481e-04, 1.43112696e-03, 1.78890873e-03,
       1.43112696e-03, 1.78890873e-03, 3.57781741e-04, 7.15563481e-04,
       2.86225392e-03, 0., 1.43112696e-03, 0., 3.57781741e-04,
       1.78890873e-03, 0., 3.57781741e-04, 1.43112696e-03,
       2.14669039e-03, 7.15563481e-04, 7.15563481e-04, 7.15563481e-04,
       3.22003569e-03, 3.57781741e-04, 1.07334519e-03, 5.36672631e-03,
       3.93559923e-03, 3.57781741e-04, 3.57781741e-04, 3.57781741e-04,
       2.50447216e-03, 3.57781746e-03, 3.57781741e-04, 0.,
       3.57781746e-03, 1.07334519e-03, 1.78890873e-03, 7.15563481e-04,
       1.43112696e-03, 7.15563481e-04, 7.15563493e-03, 1.78890873e-03,
       7.15563481e-04, 1.07334519e-03, 3.57781741e-04, 3.57781741e-04,
       1.07334519e-03, 3.57781741e-04, 3.22003569e-03, 1.07334519e-03,
       7.15563481e-04, 3.57781741e-04, 1.78890873e-03, 7.15563481e-04,
       1.43112696e-03, 2.50447216e-03, 2.86225392e-03, 3.57781741e-04,
       0., 1.07334519e-03, 3.22003569e-03, 3.57781741e-04,
       3.57781746e-03, 1.43112696e-03, 3.93559923e-03, 1.07334519e-03,
       0., 1.07334519e-03, 2.86225392e-03, 2.14669039e-03,
       1.07334519e-03, 3.57781741e-04, 7.15563481e-04, 0.,
       1.07334519e-03, 1.43112696e-03, 3.57781746e-03, 1.78890873e-03,
       1.43112696e-03, 3.57781741e-04, 0., 3.57781741e-04,
       1.07334519e-03, 0., 2.14669039e-03, 1.07334519e-03, 0.,
       3.57781741e-04, 1.78890873e-03, 2.50447216e-03, 3.57781746e-03,
       1.07334519e-03, 3.57781741e-04, 3.57781741e-04, 0., 0.,
       3.57781741e-04, 0., 3.57781741e-04, 1.78890873e-03,
       1.43112696e-03, 3.57781741e-04, 0., 1.78890873e-03,
       2.50447216e-03, 3.57781746e-03, 7.15563481e-04, 0.,
       3.22003569e-03, 0., 1.43112696e-03, 3.57781741e-04, 0.,
       2.50447216e-03, 1.07334519e-03, 1.43112696e-03, 7.15563481e-04,
       3.57781741e-04, 1.43112696e-03, 7.15563481e-04, 7.15563481e-04,
       3.57781746e-03, 2.86225392e-03, 0., 2.50447216e-03,
       1.07334519e-03, 3.93559923e-03, 2.86225392e-03, 1.78890873e-03,
       3.22003569e-03, 5.00894431e-03, 2.14669039e-03, 3.57781741e-04,
       2.14669039e-03, 5.00894431e-03, 3.57781741e-04, 1.43112696e-03,
       0., 0., 2.50447216e-03, 1.78890873e-03, 0., 1.07334519e-03,
       1.43112696e-03, 7.15563481e-04, 1.78890873e-03, 7.15563481e-04,
       7.15563481e-04, 2.14669039e-03, 7.15563481e-04, 7.15563481e-04,
       3.57781741e-04, 1.07334519e-03, 1.78890873e-03, 1.43112696e-03,
       5.36672631e-03, 1.07334519e-03, 7.15563481e-04, 7.15563481e-04,
       7.15563481e-04, 1.78890873e-03, 1.07334519e-03, 1.07334519e-03,
       7.15563481e-04, 0., 1.78890873e-03, 7.15563481e-04,
       3.57781741e-04, 1.43112696e-03, 1.43112696e-03, 1.43112696e-03,
       0., 2.86225392e-03, 0., 3.57781746e-03, 3.22003569e-03, 0.,
       3.57781741e-04, 0., 3.57781741e-04, 3.57781741e-04, 0., 0., 0.,
       7.87119847e-03, 3.57781741e-04, 3.57781741e-04, 7.15563481e-04,
       3.57781741e-04, 7.15563493e-03, 3.57781746e-03, 3.57781741e-04,
       0., 5.00894431e-03, 7.15563481e-04, 3.57781741e-04,
       3.57781741e-04, 7.15563481e-04, 0., 7.15563481e-04,
       2.14669039e-03, 7.15563481e-04, 7.15563481e-04, 3.57781741e-04,
       3.57781741e-04, 2.86225392e-03, 1.43112696e-03, 7.15563481e-04,
       2.14669039e-03, 1.07334519e-03, 1.07334519e-03, 3.57781741e-04,
       4.65116277e-03, 7.15563481e-04, 3.57781741e-04, 2.50447216e-03,
       7.15563481e-04, 2.86225392e-03, 1.07334519e-03, 3.57781741e-04,
       1.78890873e-03, 2.14669039e-03, 5.00894431e-03, 0.,
       2.50447216e-03, 0., 1.07334519e-03, 1.07334519e-03,
       3.57781741e-04, 3.57781741e-04, 1.78890873e-03, 7.15563481e-04,
       7.15563481e-04, 0., 0., 3.57781741e-04, 0., 1.07334519e-03,
       2.14669039e-03, 1.07334519e-03, 0., 1.07334519e-03, 0.,
       3.57781741e-04, 2.14669039e-03, 3.57781746e-03, 1.07334519e-03,
       6.08228939e-03, 2.14669039e-03, 3.57781741e-04, 2.86225392e-03,
       4.65116277e-03, 0., 7.15563481e-04, 7.15563481e-04,
       7.15563481e-04, 0., 1.07334519e-03, 0., 0., 1.07334519e-03, 0.,
       1.43112696e-03, 3.57781741e-04, 0., 0., 0., 1.43112696e-03,
       3.57781741e-04, 2.50447216e-03, 0., 1.43112696e-03,
       2.86225392e-03, 1.78890873e-03, 1.07334519e-03, 0.,
       1.43112696e-03, 1.78890873e-03, 7.15563481e-04, 1.78890873e-03,
       0., 1.07334519e-03, 7.15563481e-04, 3.57781741e-04,
       2.50447216e-03, 2.14669039e-03, 5.36672631e-03, 0.,
       1.78890873e-03, 1.07334519e-03, 3.57781741e-04, 3.22003569e-03,
       3.57781741e-04, 3.57781741e-04, 3.57781741e-04, 0., 0.,
       1.07334519e-03, 1.07334519e-03, 0., 3.57781741e-04,
       1.43112696e-03, 3.57781741e-04, 0., 0., 3.93559923e-03,
       3.57781741e-04, 4.65116277e-03, 7.15563481e-04, 3.57781741e-04,
       0., 0., 2.86225392e-03, 3.57781741e-04, 1.07334519e-03,
       1.07334519e-03, 0., 3.57781741e-04, 3.57781741e-04,
       3.57781741e-04, 3.57781741e-04, 3.57781741e-04, 7.15563481e-04,
