%YAML:1.0
m50n: !!opencv-matrix
   rows: 1
   cols: 800
   dt: f
   data: [ 0., 3.59712238e-03, 3.14748217e-03, 8.99280596e-04,
       2.24820152e-03, 0., 0., 8.99280596e-04, 8.99280596e-04,
       2.24820152e-03, 1.79856119e-03, 1.34892086e-03, 0.,
       8.99280596e-04, 1.34892086e-03, 1.79856119e-03, 0.,
       4.49640298e-04, 4.49640298e-04, 1.34892086e-03, 2.24820152e-03,
       1.34892086e-03, 1.79856119e-03, 4.94604325e-03, 4.49640298e-04,
       0., 0., 0., 3.14748217e-03, 8.99280596e-04, 4.04676283e-03,
       4.49640298e-04, 2.69784173e-03, 8.99280596e-04, 1.34892086e-03,
       1.34892086e-03, 1.79856119e-03, 0., 8.99280596e-04, 0., 0.,
       8.99280596e-04, 1.34892086e-03, 0., 8.99280596e-04,
       1.34892086e-03, 4.49640298e-04, 1.34892086e-03, 0., 0.,
       1.34892086e-03, 1.34892086e-03, 8.99280596e-04, 8.99280596e-04,
       8.99280596e-04, 4.49640298e-04, 4.49640298e-04, 2.69784173e-03,
       1.34892086e-03, 8.99280596e-04, 2.24820152e-03, 1.79856119e-03,
       0., 4.49640298e-04, 4.49640298e-04, 4.49640298e-04,
       1.34892086e-03, 3.14748217e-03, 0., 4.49640298e-04, 0.,
       8.99280596e-04, 8.99280596e-04, 1.34892086e-03, 1.79856119e-03,
       4.49640298e-04, 4.49640298e-04, 2.69784173e-03, 1.34892086e-03,
       2.24820152e-03, 0., 8.99280596e-04, 4.49640298e-04,
       8.99280596e-04, 1.34892086e-03, 2.69784173e-03, 4.49640298e-04,
       4.49640298e-04, 4.49640298e-04, 4.49640298e-04, 8.99280596e-04,
       2.24820152e-03, 8.99280596e-04, 8.99280596e-04, 4.49640298e-04,
       4.49640298e-04, 0., 1.79856119e-03, 8.99280596e-04, 0.,
       4.49640298e-04, 1.34892086e-03, 2.24820152e-03, 1.79856119e-03,
       4.49640298e-04, 4.94604325e-03, 4.49640298e-04, 8.99280596e-04,
       2.69784173e-03, 4.49640298e-04, 8.99280596e-04, 4.49640298e-04,
       2.24820152e-03, 0., 2.24820152e-03, 1.34892086e-03,
       1.79856119e-03, 0., 2.24820152e-03, 1.34892086e-03,
       8.99280596e-04, 4.49640298e-04, 4.49640304e-03, 3.14748217e-03,
       0., 3.14748217e-03, 2.69784173e-03, 8.99280596e-04,
       3.59712238e-03, 8.99280596e-04, 1.34892086e-03, 1.79856119e-03,
       1.34892086e-03, 2.69784173e-03, 4.49640298e-04, 8.99280596e-04,
       4.49640298e-04, 4.49640298e-04, 1.34892086e-03, 5.84532367e-03,
       8.99280596e-04, 8.99280596e-04, 0., 8.99280596e-04, 0.,
       4.49640298e-04, 0., 1.34892086e-03, 4.49640298e-04, 0., 0., 0.,
       4.49640298e-04, 1.34892086e-03, 4.49640298e-04, 0., 0.,
       1.34892086e-03, 0., 0., 8.99280596e-04, 1.79856119e-03,
       8.99280596e-04, 1.79856119e-03, 4.49640298e-04, 1.79856119e-03,
       0., 4.49640298e-04, 3.59712238e-03, 4.49640298e-04,
       1.79856119e-03, 2.24820152e-03, 2.24820152e-03, 0.,
       1.79856119e-03, 8.99280596e-04, 1.34892086e-03, 1.34892086e-03,
       2.24820152e-03, 4.49640298e-04, 2.69784173e-03, 1.34892086e-03,
       8.99280596e-04, 0., 4.49640298e-04, 0., 1.79856119e-03,
       1.79856119e-03, 4.49640298e-04, 2.24820152e-03, 4.49640298e-04,
       4.49640298e-04, 4.94604325e-03, 1.34892086e-03, 8.99280596e-04,
       8.99280596e-04, 2.24820152e-03, 3.59712238e-03, 2.69784173e-03,
       1.34892086e-03, 1.34892086e-03, 8.99280596e-04, 0.,
       3.59712238e-03, 8.99280596e-04, 4.49640298e-04, 2.24820152e-03,
       8.99280596e-04, 0., 1.34892086e-03, 4.49640298e-04,
       1.34892086e-03, 4.49640298e-04, 0., 4.49640298e-04,
       2.69784173e-03, 4.49640298e-04, 4.49640298e-04, 1.34892086e-03,
       4.49640298e-04, 2.69784173e-03, 4.49640298e-04, 4.49640298e-04,
       0., 1.79856119e-03, 1.34892086e-03, 2.24820152e-03,
       2.24820152e-03, 4.49640298e-04, 4.49640298e-04, 1.34892086e-03,
       4.49640298e-04, 4.49640298e-04, 3.59712238e-03, 1.79856119e-03,
       0., 1.79856119e-03, 2.69784173e-03, 2.24820152e-03,
       2.24820152e-03, 1.79856119e-03, 4.04676283e-03, 4.49640298e-04,
       1.34892086e-03, 4.49640298e-04, 8.99280596e-04, 2.69784173e-03,
       2.24820152e-03, 4.49640298e-04, 0., 8.99280596e-04,
       2.24820152e-03, 2.69784173e-03, 8.99280596e-04, 4.49640298e-04,
       0., 4.49640298e-04, 1.79856119e-03, 4.49640298e-04,
       2.69784173e-03, 1.34892086e-03, 1.79856119e-03, 0.,
       1.34892086e-03, 0., 1.34892086e-03, 1.34892086e-03, 0.,
       4.49640298e-04, 1.34892086e-03, 1.79856119e-03, 0.,
       1.34892086e-03, 0., 1.79856119e-03, 0., 0., 8.99280596e-04,
       4.49640298e-04, 0., 1.34892086e-03, 4.49640298e-04,
       4.49640298e-04, 4.49640298e-04, 8.99280596e-04, 1.79856119e-03,
       8.99280596e-04, 0., 4.49640298e-04, 1.34892086e-03,
       4.49640298e-04, 8.99280596e-04, 1.34892086e-03, 1.79856119e-03,
       3.59712238e-03, 2.69784173e-03, 2.69784173e-03, 1.34892086e-03,
       1.79856119e-03, 4.49640298e-04, 8.99280596e-04, 8.99280596e-04,
       8.99280596e-04, 6.29496435e-03, 4.49640298e-04, 2.24820152e-03,
       0., 2.24820152e-03, 1.79856119e-03, 3.14748217e-03,
       4.94604325e-03, 1.79856119e-03, 4.49640298e-04, 0.,
       8.99280596e-04, 1.34892086e-03, 4.49640298e-04, 4.49640298e-04,
       8.99280596e-04, 4.49640298e-04, 4.49640298e-04, 0., 0., 0.,
       1.34892086e-03, 0., 4.49640298e-04, 4.49640298e-04, 0.,
       1.34892086e-03, 4.49640298e-04, 4.49640298e-04, 4.49640298e-04,
       4.49640298e-04, 1.34892086e-03, 0., 3.59712238e-03,
       1.79856119e-03, 0., 8.99280596e-04, 8.99280596e-04,
       3.14748217e-03, 4.49640298e-04, 4.49640298e-04, 8.99280596e-04,
       1.34892086e-03, 8.99280596e-04, 0., 8.99280596e-04,
       8.99280596e-04, 0., 8.99280596e-04, 0., 1.34892086e-03,
       2.24820152e-03, 4.49640298e-04, 4.49640298e-04, 0., 0.,
       8.99280596e-04, 1.34892086e-03, 1.79856119e-03, 4.49640298e-04,
       0., 2.69784173e-03, 4.94604325e-03, 4.49640298e-04,
       1.79856119e-03, 1.79856119e-03, 2.24820152e-03, 2.69784173e-03,
       2.69784173e-03, 4.49640298e-04, 1.34892086e-03, 3.59712238e-03,
       4.49640298e-04, 0., 4.49640298e-04, 4.49640298e-04,
       8.99280596e-04, 4.49640304e-03, 8.99280596e-04, 8.99280596e-04,
       4.49640298e-04, 2.24820152e-03, 4.49640298e-04, 1.34892086e-03,
       0., 8.99280596e-04, 4.49640298e-04, 3.14748217e-03,
       8.99280596e-04, 4.49640298e-04, 1.79856119e-03, 8.99280596e-04,
       1.34892086e-03, 2.69784173e-03, 4.49640298e-04, 4.49640298e-04,
       8.99280596e-04, 8.99280596e-04, 4.49640298e-04, 6.29496435e-03,
       3.59712238e-03, 8.99280596e-04, 1.34892086e-03, 1.79856119e-03,
       4.49640298e-04, 2.24820152e-03, 4.49640298e-04, 0.,
       4.04676283e-03, 8.99280596e-04, 8.99280596e-04, 8.99280596e-04,
       8.99280596e-04, 4.49640298e-04, 8.99280596e-04, 8.99280596e-04,
       4.49640298e-04, 1.34892086e-03, 1.34892086e-03, 2.69784173e-03,
       0., 3.14748217e-03, 3.59712238e-03, 8.99280596e-04, 0.,
       1.79856119e-03, 2.24820152e-03, 1.34892086e-03, 1.79856119e-03,
       9.44244582e-03, 4.49640298e-04, 4.49640298e-04, 1.79856119e-03,
       0., 1.34892086e-03, 4.49640298e-04, 0., 1.79856119e-03,
       1.79856119e-03, 0., 1.79856119e-03, 1.79856119e-03,
       1.79856119e-03, 2.69784173e-03, 4.49640298e-04, 0., 0., 0.,
       8.99280596e-04, 8.99280596e-04, 1.79856119e-03, 4.04676283e-03,
       4.49640298e-04, 0., 0., 8.99280596e-04, 4.49640298e-04,
       2.69784173e-03, 1.34892086e-03, 2.24820152e-03, 3.59712238e-03,
       1.34892086e-03, 0., 1.34892086e-03, 4.04676283e-03,
       1.34892086e-03, 1.79856119e-03, 8.99280596e-04, 0.,
       1.34892086e-03, 1.34892086e-03, 2.24820152e-03, 4.49640298e-04,
       1.79856119e-03, 1.34892086e-03, 8.99280596e-04, 2.24820152e-03,
       0., 0., 8.99280596e-04, 1.34892086e-03, 8.99280596e-04,
       4.49640298e-04, 1.79856119e-03, 4.49640298e-04, 4.04676283e-03,
       1.79856119e-03, 4.94604325e-03, 4.49640298e-04, 1.34892086e-03,
       3.59712238e-03, 1.34892086e-03, 2.24820152e-03, 1.34892086e-03,
       8.99280596e-04, 0., 0., 8.99280596e-04, 2.69784173e-03,
       8.99280596e-04, 1.34892086e-03, 8.99280596e-04, 5.39568346e-03,
