%YAML:1.0
m50n: !!opencv-matrix
   rows: 1
   cols: 800
   dt: f
   data: [ 1.47874304e-03, 1.84842874e-03, 2.95748608e-03,
       1.47874304e-03, 2.21811468e-03, 0., 0., 0., 7.39371520e-04,
       4.80591506e-03, 3.69685760e-04, 2.21811468e-03, 7.39371520e-04,
       2.21811468e-03, 1.10905734e-03, 3.32717178e-03, 3.69685760e-04,
       3.69685760e-04, 1.10905734e-03, 0., 0., 3.69685760e-04,
       1.84842874e-03, 5.17560076e-03, 3.69685760e-04, 1.10905734e-03,
       3.69685760e-04, 1.47874304e-03, 3.32717178e-03, 2.58780038e-03,
       2.58780038e-03, 1.84842874e-03, 1.84842874e-03, 3.69685760e-04,
       0., 3.69685760e-04, 1.10905734e-03, 0., 3.69685760e-04, 0.,
       1.10905734e-03, 3.69685760e-04, 3.69685760e-04, 0.,
       1.10905734e-03, 0., 1.10905734e-03, 3.32717178e-03,
       3.69685760e-04, 1.10905734e-03, 0., 2.58780038e-03,
       2.21811468e-03, 1.47874304e-03, 1.47874304e-03, 1.47874304e-03,
       0., 1.47874304e-03, 3.69685760e-04, 0., 3.32717178e-03,
       7.39371520e-04, 1.84842874e-03, 3.69685760e-04, 1.10905734e-03,
       0., 1.10905734e-03, 7.39371520e-04, 0., 7.39371520e-04,
       7.39371520e-04, 0., 3.32717178e-03, 3.69685760e-04,
       5.91497216e-03, 0., 3.69685760e-04, 7.39371520e-04,
       3.69685760e-04, 1.84842874e-03, 7.39371520e-04, 2.58780038e-03,
       2.58780038e-03, 7.39371520e-04, 7.39371520e-04, 7.39371520e-04,
       7.39371520e-04, 1.84842874e-03, 1.84842874e-03, 1.10905734e-03,
       3.69685760e-04, 2.95748608e-03, 1.10905734e-03, 0.,
       7.39371520e-04, 0., 3.69685760e-04, 2.58780038e-03, 0.,
       3.69685760e-04, 3.69685760e-04, 1.10905734e-03, 1.10905734e-03,
       1.84842874e-03, 0., 5.91497216e-03, 2.95748608e-03,
       1.47874304e-03, 2.95748608e-03, 1.10905734e-03, 1.10905734e-03,
       1.10905734e-03, 7.39371520e-04, 3.69685760e-04, 0.,
       3.69685760e-04, 3.69685749e-03, 7.39371520e-04, 1.10905734e-03,
       3.69685760e-04, 3.69685760e-04, 3.69685760e-04, 0.,
       4.06654319e-03, 0., 2.58780038e-03, 1.84842874e-03, 0.,
       2.58780038e-03, 7.39371520e-04, 4.80591506e-03, 1.10905734e-03,
       2.21811468e-03, 2.21811468e-03, 1.47874304e-03, 3.69685760e-04,
       2.21811468e-03, 3.69685760e-04, 1.47874304e-03, 3.69685760e-04,
       1.10905734e-03, 3.69685760e-04, 0., 7.39371520e-04, 0., 0., 0.,
       7.39371520e-04, 7.39371520e-04, 7.39371520e-04, 1.10905734e-03,
       0., 7.39371520e-04, 1.84842874e-03, 0., 1.84842874e-03,
       7.39371520e-04, 7.39371520e-04, 0., 1.47874304e-03,
       3.69685760e-04, 2.21811468e-03, 7.39371520e-04, 7.39371520e-04,
       1.10905734e-03, 0., 0., 7.39371520e-04, 0., 0., 1.47874304e-03,
       1.47874304e-03, 0., 0., 0., 1.47874304e-03, 1.10905734e-03,
       1.84842874e-03, 7.39371520e-04, 0., 2.95748608e-03,
       1.47874304e-03, 2.21811468e-03, 1.10905734e-03, 2.58780038e-03,
       0., 1.84842874e-03, 3.69685760e-04, 0., 1.84842874e-03,
       2.58780038e-03, 1.10905734e-03, 1.84842874e-03, 7.39371520e-04,
       0., 0., 1.84842874e-03, 1.84842874e-03, 1.47874304e-03,
       3.32717178e-03, 2.58780038e-03, 7.39371520e-04, 1.84842874e-03,
       8.87245871e-03, 0., 3.69685760e-04, 2.95748608e-03,
       2.21811468e-03, 0., 3.69685760e-04, 2.21811468e-03,
       5.91497216e-03, 4.43622936e-03, 1.47874304e-03, 0., 0.,
       7.39371520e-04, 1.10905734e-03, 1.10905734e-03, 3.69685760e-04,
       1.84842874e-03, 3.69685760e-04, 3.69685760e-04, 1.47874304e-03,
       7.39371520e-04, 3.69685760e-04, 2.21811468e-03, 1.47874304e-03,
       0., 7.39371520e-04, 1.10905734e-03, 2.21811468e-03,
       7.39371520e-04, 4.43622936e-03, 1.84842874e-03, 2.58780038e-03,
       4.80591506e-03, 1.84842874e-03, 7.39371520e-04, 0.,
       2.21811468e-03, 4.06654319e-03, 3.69685760e-04, 7.39371520e-04,
       7.39371520e-04, 4.43622936e-03, 3.69685760e-04, 3.32717178e-03,
       0., 1.84842874e-03, 0., 1.10905734e-03, 2.95748608e-03, 0., 0.,
       1.10905734e-03, 1.47874304e-03, 7.39371520e-04, 1.10905734e-03,
       1.84842874e-03, 3.69685760e-04, 7.39371520e-04, 3.69685760e-04,
       0., 0., 3.69685760e-04, 3.69685760e-04, 3.69685760e-04,
       3.69685760e-04, 1.10905734e-03, 2.58780038e-03, 2.58780038e-03,
       2.58780038e-03, 1.10905734e-03, 2.58780038e-03, 1.10905734e-03,
       3.69685760e-04, 0., 3.69685760e-04, 3.69685760e-04,
       7.39371520e-04, 2.58780038e-03, 7.39371520e-04, 0.,
       1.84842874e-03, 5.91497216e-03, 2.58780038e-03, 3.69685760e-04,
       0., 7.39371520e-04, 7.39371520e-04, 7.39371520e-04,
       7.39371520e-04, 1.47874304e-03, 3.69685760e-04, 2.21811468e-03,
       7.39371520e-04, 7.39371520e-04, 1.47874304e-03, 1.10905734e-03,
       0., 0., 1.84842874e-03, 5.91497216e-03, 3.69685760e-04,
       2.21811468e-03, 1.47874304e-03, 3.69685760e-04, 3.69685749e-03,
       1.47874304e-03, 1.84842874e-03, 3.32717178e-03, 2.58780038e-03,
       7.39371520e-04, 1.10905734e-03, 1.47874304e-03, 3.69685760e-04,
       0., 0., 3.69685760e-04, 7.39371520e-04, 3.69685760e-04,
       7.39371520e-04, 3.69685760e-04, 7.39371520e-04, 2.21811468e-03,
       1.47874304e-03, 7.39371520e-04, 7.39371520e-04, 2.58780038e-03,
       2.21811468e-03, 3.32717178e-03, 2.21811468e-03, 3.69685760e-04,
       3.69685760e-04, 1.47874304e-03, 7.39371520e-04, 7.39371520e-04,
       1.47874304e-03, 2.58780038e-03, 0., 1.47874304e-03,
       3.69685760e-04, 2.58780038e-03, 1.84842874e-03, 3.69685760e-04,
       7.39371520e-04, 3.69685760e-04, 7.39371520e-04, 1.10905734e-03,
       3.69685760e-04, 3.69685760e-04, 3.69685760e-04, 1.47874304e-03,
       0., 2.21811468e-03, 1.10905734e-03, 3.69685760e-04,
       1.10905734e-03, 2.21811468e-03, 0., 3.69685760e-04,
       1.47874304e-03, 7.39371520e-04, 2.21811468e-03, 7.02402927e-03,
       7.39371520e-04, 0., 3.69685760e-04, 1.47874304e-03,
       2.21811468e-03, 1.84842874e-03, 0., 1.10905734e-03,
       2.95748608e-03, 3.69685760e-04, 3.69685760e-04, 1.47874304e-03,
       3.69685760e-04, 1.47874304e-03, 7.39371520e-04, 1.10905734e-03,
       1.84842874e-03, 7.39371520e-04, 3.69685760e-04, 1.10905734e-03,
       1.47874304e-03, 1.10905734e-03, 1.47874304e-03, 7.39371520e-04,
       1.10905734e-03, 1.47874304e-03, 1.47874304e-03, 2.21811468e-03,
       1.47874304e-03, 0., 3.69685760e-04, 1.84842874e-03,
       4.43622936e-03, 7.39371520e-04, 0., 2.95748608e-03,
       3.69685760e-04, 7.76340114e-03, 3.69685760e-04, 1.10905734e-03,
       0., 1.10905734e-03, 1.47874304e-03, 0., 7.39371520e-04,
       7.39371520e-04, 3.69685760e-04, 1.10905734e-03, 7.39371520e-04,
       7.39371520e-04, 7.39371520e-04, 1.10905734e-03, 1.10905734e-03,
       4.80591506e-03, 3.69685760e-04, 0., 2.58780038e-03,
       3.69685760e-04, 0., 2.21811468e-03, 1.10905734e-03,
       1.47874304e-03, 7.39371520e-04, 1.10905734e-03, 0., 0.,
       1.07208872e-02, 7.39371520e-04, 1.84842874e-03, 1.47874304e-03,
       3.69685760e-04, 0., 2.21811468e-03, 0., 3.69685760e-04,
       1.47874304e-03, 0., 1.47874304e-03, 1.10905734e-03,
       1.10905734e-03, 0., 3.69685760e-04, 3.69685760e-04,
       1.10905734e-03, 7.39371520e-04, 3.69685760e-04, 3.69685760e-04,
       2.21811468e-03, 7.39371520e-04, 2.95748608e-03, 0.,
       3.69685760e-04, 1.10905734e-03, 1.47874304e-03, 7.39371520e-04,
       3.69685760e-04, 1.10905734e-03, 2.58780038e-03, 7.39371520e-04,
       7.39371520e-04, 0., 5.54528646e-03, 0., 1.10905734e-03,
       7.39371520e-04, 0., 3.69685760e-04, 1.10905734e-03, 0.,
       1.10905734e-03, 1.10905734e-03, 0., 1.47874304e-03,
       1.10905734e-03, 3.69685760e-04, 7.39371520e-04, 3.69685760e-04,
       3.69685760e-04, 7.39371520e-04, 0., 7.39371520e-04,
       1.47874304e-03, 1.47874304e-03, 1.10905734e-03, 1.47874304e-03,
       7.39371520e-04, 1.47874304e-03, 1.84842874e-03, 3.69685760e-04,
       5.17560076e-03, 1.10905734e-03, 0., 1.10905734e-03,
       3.69685760e-04, 1.84842874e-03, 3.69685760e-04, 1.47874304e-03,
       0., 2.21811468e-03, 3.32717178e-03, 0., 1.47874304e-03,
