%YAML:1.0
m50n: !!opencv-matrix
   rows: 1
   cols: 800
   dt: f
   data: [ 3.99999990e-04, 3.99999990e-04, 7.99999980e-04,
       1.19999994e-03, 1.99999986e-03, 0., 7.99999980e-04,
       3.99999990e-04, 1.19999994e-03, 3.99999972e-03, 5.59999980e-03,
       7.99999980e-04, 3.99999990e-04, 2.39999988e-03, 3.99999990e-04,
       3.59999994e-03, 1.59999996e-03, 3.19999992e-03, 0.,
       7.99999980e-04, 1.19999994e-03, 1.19999994e-03, 2.79999990e-03,
       3.99999990e-04, 1.99999986e-03, 7.99999980e-04, 7.99999980e-04,
       3.99999990e-04, 2.79999990e-03, 7.99999980e-04, 2.39999988e-03,
       1.19999994e-03, 1.99999986e-03, 1.99999986e-03, 1.19999994e-03,
       3.19999992e-03, 1.19999994e-03, 3.99999990e-04, 1.19999994e-03,
       0., 3.99999990e-04, 1.99999986e-03, 3.59999994e-03, 0., 0.,
       1.59999996e-03, 3.99999990e-04, 2.39999988e-03, 7.99999980e-04,
       0., 1.99999986e-03, 1.59999996e-03, 1.59999996e-03,
       3.99999990e-04, 3.99999990e-04, 1.59999996e-03, 3.99999990e-04,
       7.99999980e-04, 1.19999994e-03, 1.19999994e-03, 2.39999988e-03,
       1.59999996e-03, 7.99999980e-04, 1.99999986e-03, 2.79999990e-03,
       3.99999990e-04, 1.19999994e-03, 0., 1.59999996e-03,
       1.19999994e-03, 0., 1.99999986e-03, 3.99999990e-04,
       1.19999994e-03, 7.99999980e-04, 1.59999996e-03, 0.,
       4.79999976e-03, 3.59999994e-03, 2.39999988e-03, 2.79999990e-03,
       0., 4.79999976e-03, 3.99999990e-04, 0., 3.19999992e-03, 0.,
       3.99999990e-04, 5.20000001e-03, 1.99999986e-03, 0.,
       1.19999994e-03, 7.99999980e-04, 0., 1.59999996e-03,
       7.99999980e-04, 7.99999980e-04, 7.99999980e-04, 2.39999988e-03,
       0., 3.99999990e-04, 7.99999980e-04, 1.99999986e-03, 0.,
       3.99999990e-04, 4.79999976e-03, 1.59999996e-03, 7.99999980e-04,
       0., 1.59999996e-03, 1.59999996e-03, 3.19999992e-03,
       1.19999994e-03, 3.99999990e-04, 1.19999994e-03, 7.99999980e-04,
       3.99999990e-04, 3.99999990e-04, 0., 0., 3.99999990e-04,
       7.99999980e-04, 4.39999998e-03, 6.79999962e-03, 0.,
       3.99999990e-04, 2.39999988e-03, 1.19999994e-03, 4.79999976e-03,
       3.99999990e-04, 7.99999980e-04, 7.99999980e-04, 3.59999994e-03,
       3.99999990e-04, 1.59999996e-03, 0., 1.99999986e-03, 0.,
       1.19999994e-03, 1.99999986e-03, 3.59999994e-03, 1.19999994e-03,
       0., 7.99999980e-04, 3.99999990e-04, 0., 7.99999980e-04,
       3.99999990e-04, 3.99999990e-04, 0., 0., 0., 1.59999996e-03,
       2.39999988e-03, 3.99999990e-04, 0., 0., 1.99999986e-03, 0.,
       2.39999988e-03, 0., 1.99999986e-03, 7.99999980e-04,
       1.19999994e-03, 0., 2.39999988e-03, 0., 3.99999990e-04,
       1.59999996e-03, 3.99999990e-04, 0., 0., 7.99999980e-04, 0.,
       1.59999996e-03, 0., 0., 7.99999980e-04, 2.79999990e-03,
       1.19999994e-03, 3.99999972e-03, 3.19999992e-03, 7.99999980e-04,
       1.19999994e-03, 2.79999990e-03, 3.99999990e-04, 3.19999992e-03,
       3.99999990e-04, 0., 3.99999990e-04, 1.19999994e-03,
       3.99999990e-04, 3.99999990e-04, 3.99999990e-04, 3.99999990e-04,
       3.19999992e-03, 1.99999986e-03, 1.59999996e-03, 3.99999990e-04,
       3.99999990e-04, 7.99999980e-04, 2.39999988e-03, 4.39999998e-03,
       7.99999980e-04, 7.99999980e-04, 1.99999986e-03, 2.79999990e-03,
       7.99999980e-04, 1.19999994e-03, 3.99999990e-04, 2.79999990e-03,
       7.99999980e-04, 0., 3.59999994e-03, 7.99999980e-04,
       1.59999996e-03, 2.79999990e-03, 1.19999994e-03, 0.,
       7.99999980e-04, 1.19999994e-03, 1.19999994e-03, 1.19999994e-03,
       1.59999996e-03, 2.39999988e-03, 1.99999986e-03, 1.19999994e-03,
       7.99999980e-04, 1.19999994e-03, 3.99999990e-04, 7.99999980e-04,
       7.99999980e-04, 1.99999986e-03, 1.19999994e-03, 3.59999994e-03,
       7.99999980e-04, 4.39999998e-03, 1.19999994e-03, 2.79999990e-03,
       7.99999980e-04, 1.59999996e-03, 7.99999980e-04, 0., 0., 0.,
       3.99999990e-04, 1.19999994e-03, 1.19999994e-03, 3.99999990e-04,
       3.19999992e-03, 2.79999990e-03, 3.99999972e-03, 1.19999994e-03,
       7.99999980e-04, 3.99999990e-04, 1.99999986e-03, 3.59999994e-03,
       7.99999980e-04, 1.99999986e-03, 3.19999992e-03, 3.19999992e-03,
       1.59999996e-03, 0., 1.99999986e-03, 3.19999992e-03,
       1.99999986e-03, 7.99999980e-04, 0., 3.99999990e-04, 0.,
       7.99999980e-04, 0., 1.99999986e-03, 1.19999994e-03,
       7.99999980e-04, 1.19999994e-03, 7.99999980e-04, 2.79999990e-03,
       0., 7.99999980e-04, 7.99999980e-04, 1.99999986e-03,
       1.59999996e-03, 3.99999990e-04, 1.99999986e-03, 2.79999990e-03,
       0., 2.39999988e-03, 7.99999980e-04, 2.79999990e-03,
       7.99999980e-04, 3.99999990e-04, 1.19999994e-03, 1.59999996e-03,
       1.99999986e-03, 2.39999988e-03, 4.39999998e-03, 1.59999996e-03,
       7.99999980e-04, 3.59999994e-03, 1.99999986e-03, 7.99999980e-04,
       2.39999988e-03, 0., 0., 1.59999996e-03, 0., 4.39999998e-03,
       3.59999994e-03, 0., 1.59999996e-03, 0., 7.99999980e-04,
       7.99999980e-04, 7.99999980e-04, 1.59999996e-03, 1.19999994e-03,
       1.59999996e-03, 7.99999980e-04, 2.39999988e-03, 2.39999988e-03,
       1.19999994e-03, 1.59999996e-03, 3.99999990e-04, 3.99999990e-04,
       3.99999990e-04, 1.99999986e-03, 3.99999990e-04, 0.,
       2.79999990e-03, 1.99999986e-03, 0., 1.19999994e-03,
       1.99999986e-03, 1.99999986e-03, 1.19999994e-03, 1.59999996e-03,
       7.99999980e-04, 1.19999994e-03, 3.99999990e-04, 3.59999994e-03,
       0., 2.39999988e-03, 1.19999994e-03, 3.99999990e-04,
       5.20000001e-03, 3.59999994e-03, 1.59999996e-03, 1.19999994e-03,
       7.99999980e-04, 0., 0., 7.99999980e-04, 7.99999980e-04,
       1.59999996e-03, 0., 2.79999990e-03, 3.99999990e-04,
       1.99999986e-03, 2.79999990e-03, 3.99999972e-03, 1.99999986e-03,
       3.59999994e-03, 0., 7.99999980e-04, 7.99999980e-04,
       1.99999986e-03, 7.99999980e-04, 0., 1.59999996e-03,
       1.99999986e-03, 2.39999988e-03, 1.19999994e-03, 1.19999994e-03,
       1.99999986e-03, 0., 1.59999996e-03, 0., 1.19999994e-03, 0.,
       1.59999996e-03, 0., 3.99999990e-04, 0., 0., 1.19999994e-03,
       7.99999980e-04, 3.99999990e-04, 1.19999994e-03, 7.99999980e-04,
       7.99999980e-04, 1.19999994e-03, 3.99999990e-04, 7.99999980e-04,
       3.99999990e-04, 1.19999994e-03, 1.99999986e-03, 7.99999980e-04,
       7.99999980e-04, 1.19999994e-03, 0., 3.59999994e-03,
       1.19999994e-03, 3.99999990e-04, 1.59999996e-03, 2.79999990e-03,
       2.39999988e-03, 7.99999980e-04, 0., 1.19999994e-03,
       3.99999990e-04, 1.99999986e-03, 3.99999990e-04, 7.59999966e-03,
       1.59999996e-03, 0., 0., 7.99999980e-04, 0., 7.99999980e-04,
       1.59999996e-03, 7.99999980e-04, 1.99999986e-03, 3.99999990e-04,
       7.99999980e-04, 0., 0., 0., 2.39999988e-03, 1.59999996e-03,
       3.99999990e-04, 2.39999988e-03, 2.79999990e-03, 0.,
       1.59999996e-03, 0., 0., 0., 4.39999998e-03, 0., 0.,
       1.19999994e-03, 1.99999986e-03, 7.99999980e-04, 0.,
       1.59999996e-03, 7.99999980e-04, 7.99999980e-04, 7.99999980e-04,
       1.99999986e-03, 1.19999994e-03, 3.99999990e-04, 0., 0.,
       7.99999980e-04, 3.99999990e-04, 0., 7.99999980e-04,
       3.99999990e-04, 1.99999986e-03, 1.19999994e-03, 2.39999988e-03,
       3.99999990e-04, 7.99999980e-04, 1.99999986e-03, 3.99999990e-04,
       3.99999990e-04, 1.59999996e-03, 1.19999994e-03, 2.79999990e-03,
       3.99999990e-04, 3.99999990e-04, 3.19999992e-03, 1.19999994e-03,
       1.19999994e-03, 7.99999980e-04, 1.99999986e-03, 2.79999990e-03,
       1.99999986e-03, 2.39999988e-03, 1.99999986e-03, 0.,
       3.99999990e-04, 1.99999986e-03, 3.19999992e-03, 1.19999994e-03,
       1.19999994e-03, 7.99999980e-04, 2.79999990e-03, 3.19999992e-03,
       1.59999996e-03, 3.99999990e-04, 1.19999994e-03, 2.39999988e-03,
       3.99999990e-04, 1.59999996e-03, 2.79999990e-03, 0.,
       7.99999980e-04, 0., 7.99999980e-04, 3.99999990e-04, 0.,
       4.39999998e-03, 1.59999996e-03, 6.39999984e-03, 3.99999990e-04,
       1.99999986e-03, 1.19999994e-03, 2.39999988e-03, 0.,
