%YAML:1.0
m50n: !!opencv-matrix
   rows: 1
   cols: 800
   dt: f
   data: [ 1.58478611e-03, 3.16957221e-03, 3.56576871e-03,
       1.18858961e-03, 3.16957221e-03, 0., 3.96196527e-04, 0.,
       3.96196527e-04, 2.77337572e-03, 7.92393053e-04, 1.18858961e-03,
       2.77337572e-03, 2.77337572e-03, 7.92393053e-04, 1.58478611e-03,
       1.58478611e-03, 0., 7.92393053e-04, 2.37717922e-03,
       1.18858961e-03, 1.58478611e-03, 7.92393053e-04, 7.92393053e-04,
       1.58478611e-03, 7.92393053e-04, 7.92393053e-04, 1.58478611e-03,
       3.56576871e-03, 1.58478611e-03, 1.18858961e-03, 2.77337572e-03,
       0., 1.18858961e-03, 3.96196527e-04, 1.58478611e-03, 0., 0.,
       2.37717922e-03, 0., 2.77337572e-03, 1.58478611e-03,
       3.96196527e-04, 1.18858961e-03, 7.92393053e-04, 2.37717922e-03,
       1.18858961e-03, 1.18858961e-03, 0., 3.96196527e-04,
       1.98098272e-03, 7.92393053e-04, 0., 7.92393053e-04,
       1.58478611e-03, 2.37717922e-03, 1.18858961e-03, 2.77337572e-03,
       7.92393053e-04, 1.18858961e-03, 3.16957221e-03, 7.92393053e-04,
       1.18858961e-03, 1.18858961e-03, 3.96196527e-04, 0.,
       3.96196527e-04, 7.92393053e-04, 1.58478611e-03, 3.96196527e-04,
       1.98098272e-03, 0., 1.98098272e-03, 1.58478611e-03,
       1.58478611e-03, 3.96196527e-04, 1.18858961e-03, 1.58478611e-03,
       2.77337572e-03, 1.98098272e-03, 0., 3.96196527e-04,
       1.58478611e-03, 1.18858961e-03, 3.96196544e-03, 1.18858961e-03,
       7.92393053e-04, 2.37717922e-03, 7.92393053e-04, 3.16957221e-03,
       7.92393053e-04, 7.92393053e-04, 1.58478611e-03, 3.96196527e-04,
       7.92393053e-04, 3.96196527e-04, 0., 1.18858961e-03,
       3.96196527e-04, 0., 7.92393053e-04, 1.98098272e-03,
       7.92393053e-04, 4.75435844e-03, 1.18858961e-03, 8.71632341e-03,
       3.56576871e-03, 3.96196527e-04, 1.58478611e-03, 1.18858961e-03,
       0., 3.96196527e-04, 1.06973061e-02, 7.92393053e-04,
       3.96196544e-03, 3.96196527e-04, 3.96196527e-04, 3.96196527e-04,
       4.75435844e-03, 3.96196527e-04, 3.96196527e-04, 1.98098272e-03,
       3.96196527e-04, 3.96196527e-04, 0., 3.96196527e-04,
       3.16957221e-03, 1.58478611e-03, 3.96196544e-03, 0.,
       3.56576871e-03, 1.18858961e-03, 3.16957221e-03, 1.58478611e-03,
       1.58478611e-03, 0., 3.96196527e-04, 1.18858961e-03,
       3.96196527e-04, 3.16957221e-03, 1.98098272e-03, 3.16957221e-03,
       7.92393053e-04, 7.92393053e-04, 7.92393053e-04, 0.,
       3.96196527e-04, 1.98098272e-03, 0., 7.92393053e-04,
       2.37717922e-03, 0., 3.96196527e-04, 1.58478611e-03, 0.,
       5.54675143e-03, 1.58478611e-03, 3.96196527e-04, 0., 0., 0.,
       2.37717922e-03, 7.92393053e-04, 1.58478611e-03, 7.92393053e-04,
       0., 0., 7.92393053e-04, 0., 0., 1.18858961e-03, 2.37717922e-03,
       3.96196527e-04, 7.92393053e-04, 3.96196527e-04, 1.58478611e-03,
       3.16957221e-03, 1.58478611e-03, 1.58478611e-03, 3.96196527e-04,
       1.18858961e-03, 1.58478611e-03, 3.16957221e-03, 3.96196527e-04,
       1.58478611e-03, 1.58478611e-03, 2.37717922e-03, 3.96196527e-04,
       0., 1.58478611e-03, 1.18858961e-03, 1.18858961e-03,
       1.18858961e-03, 3.96196527e-04, 0., 3.56576871e-03,
       7.92393053e-04, 7.92393053e-04, 1.18858961e-03, 0.,
       3.56576871e-03, 7.92393053e-04, 1.58478611e-03, 1.98098272e-03,
       0., 1.58478611e-03, 1.58478611e-03, 1.18858961e-03,
       3.96196527e-04, 3.96196527e-04, 2.77337572e-03, 1.18858961e-03,
       7.92393053e-04, 7.92393053e-04, 1.18858961e-03, 0., 0.,
       7.92393053e-04, 7.92393053e-04, 1.58478611e-03, 2.77337572e-03,
       3.96196527e-04, 1.58478611e-03, 1.58478611e-03, 1.98098272e-03,
       1.18858961e-03, 7.92393053e-04, 3.96196527e-04, 0.,
       3.16957221e-03, 1.98098272e-03, 2.77337572e-03, 0.,
       1.18858961e-03, 3.96196527e-04, 2.37717922e-03, 3.56576871e-03,
       1.58478611e-03, 1.58478611e-03, 2.37717922e-03, 1.58478611e-03,
       3.16957221e-03, 1.18858961e-03, 2.37717922e-03, 0.,
       7.92393053e-04, 2.77337572e-03, 1.18858961e-03, 3.96196527e-04,
       5.15055470e-03, 0., 3.96196527e-04, 2.77337572e-03,
       1.58478611e-03, 7.92393053e-04, 1.98098272e-03, 1.58478611e-03,
       1.98098272e-03, 1.18858961e-03, 5.15055470e-03, 2.37717922e-03,
       1.18858961e-03, 7.92393053e-04, 7.92393053e-04, 1.18858961e-03,
       1.98098272e-03, 0., 1.18858961e-03, 0., 7.92393053e-04,
       2.77337572e-03, 7.92393053e-04, 7.92393053e-04, 1.58478611e-03,
       0., 3.96196527e-04, 3.96196527e-04, 0., 3.96196527e-04,
       1.18858961e-03, 7.92393053e-04, 1.58478611e-03, 1.58478611e-03,
       1.18858961e-03, 1.98098272e-03, 7.92393053e-04, 0.,
       7.92393053e-04, 3.96196527e-04, 3.96196527e-04, 3.96196527e-04,
       2.77337572e-03, 3.96196527e-04, 1.18858961e-03, 3.56576871e-03,
       1.18858961e-03, 3.56576871e-03, 3.96196527e-04, 7.92393053e-04,
       3.96196527e-04, 1.18858961e-03, 1.18858961e-03, 0.,
       1.18858961e-03, 0., 0., 1.18858961e-03, 3.96196527e-04,
       3.96196527e-04, 1.58478611e-03, 1.58478611e-03, 7.92393053e-04,
       1.18858961e-03, 0., 2.37717922e-03, 4.75435844e-03,
       1.98098272e-03, 7.92393053e-04, 0., 7.92393053e-04,
       1.98098272e-03, 1.98098272e-03, 0., 1.98098272e-03, 0.,
       3.96196527e-04, 3.56576871e-03, 1.98098272e-03, 0.,
       1.58478611e-03, 1.58478611e-03, 3.96196527e-04, 7.92393053e-04,
       1.18858961e-03, 1.98098272e-03, 1.58478611e-03, 2.77337572e-03,
       7.92393053e-04, 3.96196527e-04, 7.92393053e-04, 1.18858961e-03,
       7.92393053e-04, 1.98098272e-03, 1.58478611e-03, 2.77337572e-03,
       0., 1.18858961e-03, 0., 3.96196527e-04, 1.58478611e-03,
       1.98098272e-03, 1.98098272e-03, 0., 1.58478611e-03, 0.,
       2.77337572e-03, 1.98098272e-03, 7.92393053e-04, 1.18858961e-03,
       1.18858961e-03, 1.18858961e-03, 1.18858961e-03, 7.92393053e-04,
       0., 3.56576871e-03, 2.37717922e-03, 1.98098272e-03, 0., 0.,
       1.18858961e-03, 7.92393053e-04, 2.77337572e-03, 0.,
       7.92393053e-04, 1.58478611e-03, 3.96196527e-04, 0.,
       1.18858961e-03, 0., 3.96196527e-04, 7.92393053e-04, 0.,
       7.92393053e-04, 3.96196527e-04, 0., 1.98098272e-03,
       1.18858961e-03, 7.92393053e-04, 3.96196527e-04, 1.98098272e-03,
       1.18858961e-03, 1.58478611e-03, 0., 1.18858961e-03,
       1.98098272e-03, 3.96196527e-04, 0., 2.37717922e-03,
       3.16957221e-03, 3.96196527e-04, 7.92393053e-04, 1.58478611e-03,
       1.18858961e-03, 7.92393053e-04, 7.92393053e-04, 7.92393053e-04,
       7.92393053e-04, 1.58478611e-03, 2.37717922e-03, 0.,
       1.98098272e-03, 1.58478611e-03, 1.98098272e-03, 2.77337572e-03,
       0., 3.96196527e-04, 3.96196527e-04, 3.16957221e-03,
       3.96196527e-04, 1.98098272e-03, 1.58478611e-03, 7.92393053e-04,
       7.92393053e-04, 0., 0., 2.37717922e-03, 1.18858961e-03,
       1.18858961e-03, 0., 3.96196527e-04, 0., 0., 6.73534116e-03,
       1.18858961e-03, 3.16957221e-03, 1.58478611e-03, 0., 0.,
       1.58478611e-03, 0., 7.92393053e-04, 3.96196527e-04, 0.,
       1.98098272e-03, 1.18858961e-03, 7.92393053e-04, 3.96196527e-04,
       1.18858961e-03, 2.37717922e-03, 7.92393053e-04, 1.58478611e-03,
       3.96196527e-04, 3.96196527e-04, 1.58478611e-03, 7.92393053e-04,
       7.92393053e-04, 1.18858961e-03, 0., 1.18858961e-03,
       1.18858961e-03, 3.96196527e-04, 3.96196527e-04, 3.96196527e-04,
       7.92393053e-04, 1.18858961e-03, 3.96196527e-04, 3.96196527e-04,
       2.37717922e-03, 3.96196527e-04, 2.37717922e-03, 1.18858961e-03,
       7.92393053e-04, 1.18858961e-03, 1.98098272e-03, 7.92393053e-04,
       1.58478611e-03, 3.96196527e-04, 0., 0., 2.77337572e-03,
       3.96196527e-04, 3.96196527e-04, 0., 1.18858961e-03, 0., 0.,
       7.92393053e-04, 7.92393053e-04, 1.18858961e-03, 1.58478611e-03,
       1.58478611e-03, 7.92393053e-04, 2.77337572e-03, 2.37717922e-03,
       7.92393053e-04, 3.56576871e-03, 1.18858961e-03, 3.96196527e-04,
       3.96196527e-04, 0., 4.35816171e-03, 0., 7.92393053e-04,
