%YAML:1.0
m50n: !!opencv-matrix
   rows: 1
   cols: 800
   dt: f
   data: [ 7.25426187e-04, 7.25426187e-04, 2.90170475e-03,
       1.08813925e-03, 2.90170475e-03, 1.45085237e-03, 1.08813925e-03,
       0., 3.62713094e-04, 2.53899163e-03, 3.62713094e-04,
       1.08813925e-03, 1.08813925e-03, 3.62713094e-04, 2.90170475e-03,
       1.81356550e-03, 3.62713094e-04, 1.81356550e-03, 3.62713094e-04,
       7.25426187e-04, 2.90170475e-03, 1.45085237e-03, 1.81356550e-03,
       6.16612239e-03, 3.62713094e-04, 3.62713094e-04, 3.62713094e-04,
       2.90170475e-03, 7.97968823e-03, 2.17627850e-03, 2.53899163e-03,
       3.62713094e-04, 2.53899163e-03, 0., 0., 1.81356550e-03,
       3.62713094e-04, 3.62713094e-04, 3.62713094e-04, 0.,
       2.17627850e-03, 7.25426187e-04, 0., 1.08813925e-03,
       2.53899163e-03, 2.90170475e-03, 7.25426187e-04, 2.53899163e-03,
       1.08813925e-03, 7.25426187e-04, 7.25426187e-04, 3.62713094e-04,
       2.17627850e-03, 1.45085237e-03, 1.45085237e-03, 1.08813925e-03,
       0., 1.08813925e-03, 1.08813925e-03, 3.62713094e-04,
       1.81356550e-03, 1.45085237e-03, 3.62713094e-04, 3.62713094e-04,
       2.90170475e-03, 0., 5.07798325e-03, 3.62713094e-04,
       2.53899163e-03, 3.62713094e-04, 1.08813925e-03, 1.08813925e-03,
       1.08813925e-03, 7.25426187e-04, 3.26441787e-03, 7.25426187e-04,
       0., 2.90170475e-03, 3.62713094e-04, 1.08813925e-03,
       1.81356550e-03, 7.25426187e-04, 7.25426187e-04, 1.45085237e-03,
       7.25426187e-04, 1.45085237e-03, 1.08813925e-03, 2.90170475e-03,
       1.08813925e-03, 3.62713094e-04, 3.62713094e-04, 2.53899163e-03,
       7.25426187e-04, 7.25426187e-04, 7.25426187e-04, 0.,
       7.25426187e-04, 1.45085237e-03, 1.08813925e-03, 7.25426187e-04,
       7.25426187e-04, 3.62713094e-04, 1.45085237e-03, 2.90170475e-03,
       0., 2.17627850e-03, 0., 7.25426187e-04, 1.81356550e-03,
       2.53899163e-03, 2.17627850e-03, 7.25426187e-04, 1.08813925e-03,
       0., 3.62713094e-04, 3.62713094e-04, 6.52883574e-03, 0.,
       3.98984412e-03, 0., 3.62713094e-04, 7.25426187e-04,
       7.25426187e-04, 1.08813925e-03, 7.25426187e-04, 7.25426187e-04,
       1.08813925e-03, 3.62713094e-04, 3.26441787e-03, 1.81356550e-03,
       3.62713094e-04, 0., 2.90170475e-03, 1.45085237e-03,
       3.62713094e-04, 3.62713094e-04, 1.45085237e-03, 3.62713094e-04,
       1.81356550e-03, 7.25426187e-04, 1.81356550e-03, 2.17627850e-03,
       7.25426187e-04, 2.53899163e-03, 3.62713094e-04, 3.62713094e-04,
       3.62713094e-04, 0., 3.62713094e-04, 3.62713094e-04,
       2.17627850e-03, 0., 7.25426187e-04, 3.62713094e-04,
       3.62713094e-04, 2.17627850e-03, 3.62713094e-04, 1.45085237e-03,
       0., 0., 7.25426187e-04, 3.62713099e-03, 3.62713094e-04,
       7.25426187e-04, 3.62713099e-03, 0., 3.62713094e-04,
       1.81356550e-03, 0., 7.25426187e-04, 1.81356550e-03,
       4.71527036e-03, 0., 0., 3.62713094e-04, 1.81356550e-03,
       3.62713094e-04, 3.26441787e-03, 1.45085237e-03, 7.25426187e-04,
       7.25426187e-04, 5.80340950e-03, 1.81356550e-03, 3.62713094e-04,
       3.62713094e-04, 3.62713094e-04, 1.81356550e-03, 7.25426187e-04,
       7.25426187e-04, 7.25426187e-04, 1.81356550e-03, 3.62713094e-04,
       1.08813925e-03, 0., 3.62713094e-04, 1.45085237e-03,
       3.62713094e-04, 0., 1.81356550e-03, 2.17627850e-03,
       3.62713094e-04, 7.25426187e-04, 1.08813925e-03, 3.98984412e-03,
       3.62713094e-04, 1.08813925e-03, 4.71527036e-03, 2.90170475e-03,
       0., 3.62713094e-04, 0., 3.26441787e-03, 2.90170475e-03,
       7.25426187e-04, 0., 3.26441787e-03, 1.08813925e-03,
       1.08813925e-03, 3.62713094e-04, 1.45085237e-03, 1.45085237e-03,
       2.53899163e-03, 2.17627850e-03, 0., 1.45085237e-03,
       7.25426187e-04, 7.25426187e-04, 1.08813925e-03, 3.62713094e-04,
       3.98984412e-03, 1.08813925e-03, 1.08813925e-03, 3.62713094e-04,
       2.90170475e-03, 1.81356550e-03, 1.08813925e-03, 7.25426187e-04,
       2.90170475e-03, 3.62713094e-04, 0., 1.81356550e-03,
       6.16612239e-03, 7.25426187e-04, 3.98984412e-03, 1.08813925e-03,
       3.26441787e-03, 7.25426187e-04, 0., 1.08813925e-03,
       1.45085237e-03, 1.45085237e-03, 1.45085237e-03, 0.,
       7.25426187e-04, 0., 1.08813925e-03, 1.45085237e-03,
       2.53899163e-03, 1.45085237e-03, 7.25426187e-04, 3.62713094e-04,
       0., 3.62713094e-04, 1.08813925e-03, 0., 1.45085237e-03,
       1.08813925e-03, 0., 0., 2.17627850e-03, 2.90170475e-03,
       3.62713099e-03, 7.25426187e-04, 3.62713094e-04, 0.,
       3.62713094e-04, 0., 7.25426187e-04, 0., 0., 1.08813925e-03,
       2.17627850e-03, 7.25426187e-04, 0., 2.17627850e-03,
       2.17627850e-03, 3.62713099e-03, 3.62713094e-04, 0.,
       3.26441787e-03, 0., 1.45085237e-03, 0., 3.62713094e-04,
       1.45085237e-03, 1.08813925e-03, 1.81356550e-03, 3.62713094e-04,
       7.25426187e-04, 1.81356550e-03, 7.25426187e-04, 1.45085237e-03,
       1.81356550e-03, 3.98984412e-03, 0., 2.17627850e-03,
       1.81356550e-03, 2.53899163e-03, 2.53899163e-03, 1.45085237e-03,
       2.17627850e-03, 5.44069661e-03, 1.81356550e-03, 3.62713094e-04,
       2.17627850e-03, 5.44069661e-03, 7.25426187e-04, 1.81356550e-03,
       0., 0., 1.08813925e-03, 1.08813925e-03, 0., 7.25426187e-04,
       1.45085237e-03, 1.45085237e-03, 1.45085237e-03, 1.08813925e-03,
       7.25426187e-04, 1.81356550e-03, 3.62713094e-04, 7.25426187e-04,
       3.62713094e-04, 1.45085237e-03, 1.08813925e-03, 1.45085237e-03,
       5.44069661e-03, 1.45085237e-03, 3.62713094e-04, 1.81356550e-03,
       1.45085237e-03, 1.45085237e-03, 7.25426187e-04, 1.45085237e-03,
       7.25426187e-04, 7.25426187e-04, 1.45085237e-03, 7.25426187e-04,
       3.62713094e-04, 1.08813925e-03, 1.08813925e-03, 1.45085237e-03,
       0., 2.17627850e-03, 0., 2.53899163e-03, 2.17627850e-03,
       3.62713094e-04, 0., 0., 7.25426187e-04, 3.62713094e-04,
       3.62713094e-04, 0., 0., 5.80340950e-03, 7.25426187e-04,
       3.62713094e-04, 7.25426187e-04, 0., 7.61697488e-03,
       2.53899163e-03, 0., 3.62713094e-04, 4.71527036e-03,
       3.62713094e-04, 0., 3.62713094e-04, 3.62713094e-04, 0.,
       3.62713094e-04, 2.17627850e-03, 0., 3.62713094e-04,
       3.62713094e-04, 7.25426187e-04, 2.90170475e-03, 1.45085237e-03,
       1.08813925e-03, 2.17627850e-03, 1.08813925e-03, 7.25426187e-04,
       7.25426187e-04, 5.07798325e-03, 1.45085237e-03, 3.62713094e-04,
       2.53899163e-03, 3.62713094e-04, 2.17627850e-03, 1.45085237e-03,
       7.25426187e-04, 1.45085237e-03, 1.45085237e-03, 4.35255701e-03,
       0., 1.81356550e-03, 0., 7.25426187e-04, 1.45085237e-03, 0.,
       3.62713094e-04, 1.45085237e-03, 7.25426187e-04, 7.25426187e-04,
       0., 3.62713094e-04, 3.62713094e-04, 0., 1.08813925e-03,
       3.26441787e-03, 1.08813925e-03, 3.62713094e-04, 2.17627850e-03,
       0., 0., 1.81356550e-03, 3.26441787e-03, 1.08813925e-03,
       6.52883574e-03, 2.17627850e-03, 1.08813925e-03, 3.62713099e-03,
       6.52883574e-03, 0., 3.62713094e-04, 1.45085237e-03,
       1.45085237e-03, 0., 7.25426187e-04, 0., 0., 1.81356550e-03,
       3.62713094e-04, 7.25426187e-04, 3.62713094e-04, 0., 0.,
       3.62713094e-04, 2.17627850e-03, 3.62713094e-04, 1.81356550e-03,
       0., 7.25426187e-04, 3.62713099e-03, 1.81356550e-03,
       3.62713094e-04, 0., 1.45085237e-03, 1.45085237e-03,
       7.25426187e-04, 2.17627850e-03, 0., 1.08813925e-03,
       1.45085237e-03, 0., 2.17627850e-03, 1.45085237e-03,
       5.07798325e-03, 0., 2.17627850e-03, 7.25426187e-04, 0.,
       3.98984412e-03, 0., 3.62713094e-04, 3.62713094e-04, 0., 0.,
       1.08813925e-03, 1.81356550e-03, 1.45085237e-03, 7.25426187e-04,
       1.45085237e-03, 3.62713094e-04, 0., 0., 2.53899163e-03,
       7.25426187e-04, 5.80340950e-03, 7.25426187e-04, 3.62713094e-04,
       3.62713094e-04, 0., 3.26441787e-03, 3.62713094e-04,
       1.81356550e-03, 1.08813925e-03, 0., 1.08813925e-03,
       3.62713094e-04, 3.62713094e-04, 3.62713094e-04, 2.17627850e-03,
       1.45085237e-03, 1.08813925e-03, 1.81356550e-03, 7.25426187e-04,
