%YAML:1.0
m50n: !!opencv-matrix
   rows: 1
   cols: 800
   dt: f
   data: [ 0., 1.03567317e-02, 2.30149599e-03, 2.30149599e-03,
       1.72612199e-03, 1.15074799e-03, 5.75373997e-04, 5.75373997e-04,
       1.15074799e-03, 3.45224398e-03, 0., 0., 1.72612199e-03,
       1.15074799e-03, 6.32911408e-03, 0., 5.75373997e-04,
       4.02761810e-03, 1.15074799e-03, 5.75373997e-04, 2.30149599e-03,
       0., 1.72612199e-03, 0., 0., 1.15074799e-03, 3.45224398e-03, 0.,
       5.17836586e-03, 0., 2.30149599e-03, 1.72612199e-03,
       5.75373997e-04, 5.17836586e-03, 0., 0., 0., 3.45224398e-03,
       1.72612199e-03, 0., 1.15074799e-03, 0., 0., 1.15074799e-03,
       2.30149599e-03, 2.87686987e-03, 5.75373997e-04, 0.,
       5.75373997e-04, 2.30149599e-03, 0., 0., 1.72612199e-03,
       3.45224398e-03, 7.47986184e-03, 0., 0., 0., 9.20598395e-03,
       3.45224398e-03, 5.75373997e-04, 1.72612199e-03, 5.75373997e-04,
       2.30149599e-03, 1.15074799e-03, 0., 5.75373997e-04,
       2.30149599e-03, 5.75373997e-04, 1.72612199e-03, 1.72612199e-03,
       1.15074799e-03, 2.30149599e-03, 0., 0., 2.30149599e-03,
       8.05523619e-03, 5.75373997e-04, 1.15074799e-03, 1.15074799e-03,
       1.72612199e-03, 5.75373997e-04, 2.30149599e-03, 0.,
       1.72612199e-03, 0., 5.75373997e-04, 0., 0., 0., 0., 0.,
       1.15074799e-03, 2.87686987e-03, 1.15074799e-03, 1.15074799e-03,
       0., 0., 1.15074799e-03, 2.30149599e-03, 1.72612199e-03,
       1.15074799e-03, 1.72612199e-03, 1.72612199e-03, 0.,
       4.60299198e-03, 1.15074799e-03, 3.45224398e-03, 0., 0., 0.,
       5.75373997e-04, 5.75373997e-04, 0., 1.72612199e-03, 0.,
       5.75373997e-04, 5.17836586e-03, 0., 1.15074799e-03,
       5.75373974e-03, 0., 0., 0., 5.75373997e-04, 5.75373997e-04,
       9.78135783e-03, 0., 1.15074799e-03, 0., 1.15074799e-03,
       1.15074799e-03, 1.15074799e-03, 0., 1.72612199e-03,
       5.75373997e-04, 2.30149599e-03, 0., 1.15074799e-03, 0.,
       1.15074799e-03, 2.30149599e-03, 0., 0., 0., 1.72612199e-03, 0.,
       1.15074799e-03, 0., 1.15074799e-03, 0., 0., 0., 0.,
       1.15074799e-03, 0., 5.75373997e-04, 5.17836586e-03,
       5.75373997e-04, 0., 0., 2.30149599e-03, 1.15074799e-03,
       1.72612199e-03, 0., 0., 0., 3.45224398e-03, 5.75373997e-04,
       1.72612199e-03, 5.75373997e-04, 0., 5.75373997e-04,
       1.72612199e-03, 1.72612199e-03, 0., 1.72612199e-03,
       1.15074799e-03, 1.43843498e-02, 5.75373997e-04, 5.75373997e-04,
       0., 0., 1.15074799e-03, 0., 5.75373997e-04, 0., 1.15074799e-03,
       0., 0., 0., 3.45224398e-03, 0., 1.72612199e-03, 1.15074799e-03,
       0., 5.75373997e-04, 0., 0., 0., 5.75373997e-04, 0., 0.,
       2.87686987e-03, 2.87686987e-03, 4.60299198e-03, 4.60299198e-03,
       5.75373997e-04, 5.75373997e-04, 0., 0., 1.15074799e-03, 0.,
       5.75373997e-04, 0., 0., 5.75373997e-04, 3.45224398e-03,
       2.30149599e-03, 5.75373997e-04, 0., 0., 2.30149599e-03,
       1.15074799e-03, 0., 5.75373997e-04, 5.75373997e-04,
       2.87686987e-03, 0., 0., 1.72612199e-03, 1.72612199e-03, 0.,
       5.75373997e-04, 1.72612199e-03, 5.75373997e-04, 5.75373997e-04,
       0., 1.15074799e-03, 0., 0., 0., 4.02761810e-03, 2.30149599e-03,
       1.15074799e-03, 0., 2.87686987e-03, 5.75373997e-04,
       1.15074799e-03, 0., 5.75373997e-04, 1.15074799e-03,
       1.15074799e-03, 0., 5.75373997e-04, 0., 0., 5.17836586e-03, 0.,
       1.15074799e-03, 2.87686987e-03, 5.75373997e-04, 0.,
       5.75373997e-04, 5.75373997e-04, 0., 1.72612199e-03,
       5.75373997e-04, 0., 4.60299198e-03, 2.30149599e-03,
       5.75373997e-04, 0., 0., 8.05523619e-03, 2.30149599e-03,
       5.75373997e-04, 3.45224398e-03, 0., 2.87686987e-03, 0., 0.,
       5.75373997e-04, 5.75373974e-03, 5.75373997e-04, 0., 0., 0.,
       2.87686987e-03, 0., 5.75373997e-04, 5.75373997e-04, 0.,
       1.72612199e-03, 2.30149599e-03, 0., 0., 0., 0., 1.72612199e-03,
       1.15074799e-03, 5.75373997e-04, 0., 5.75373997e-04,
       2.30149599e-03, 0., 0., 0., 0., 1.15074799e-03, 2.30149599e-03,
       1.15074799e-03, 5.75373997e-04, 1.15074799e-03, 0.,
       1.15074799e-03, 0., 8.63061007e-03, 8.05523619e-03,
       5.75373997e-04, 0., 5.75373997e-04, 0., 0., 0., 1.15074799e-03,
       0., 1.15074799e-03, 0., 0., 0., 0., 0., 0., 0., 0.,
       1.15074799e-03, 0., 1.72612199e-03, 0., 5.75373997e-04,
       1.72612199e-03, 0., 0., 0., 0., 0., 0., 0., 5.75373997e-04, 0.,
       1.15074799e-03, 5.75373997e-04, 2.87686987e-03, 5.75373997e-04,
       0., 0., 0., 2.30149599e-03, 0., 1.15074799e-03, 1.72612199e-03,
       4.60299198e-03, 1.15074799e-03, 4.60299198e-03, 5.75373997e-04,
       0., 0., 0., 5.75373997e-04, 0., 0., 9.78135783e-03,
       1.72612199e-03, 1.72612199e-03, 5.75373997e-04, 5.75373997e-04,
       2.18642112e-02, 5.75373997e-04, 1.15074799e-03, 5.75373997e-04,
       2.30149599e-03, 0., 0., 0., 0., 0., 5.75373997e-04,
       1.15074799e-03, 0., 0., 0., 5.75373997e-04, 0., 3.45224398e-03,
       0., 3.33716907e-02, 5.75373997e-04, 0., 0., 2.87686987e-03,
       5.75373997e-04, 0., 2.87686987e-03, 5.75373997e-04, 0.,
       5.75373997e-04, 1.15074799e-03, 0., 5.75373997e-04,
       1.15074799e-03, 0., 0., 1.72612199e-03, 1.15074799e-03, 0., 0.,
       1.15074799e-03, 1.15074799e-03, 5.75373997e-04, 5.75373997e-04,
       2.87686987e-03, 1.15074799e-03, 5.75373997e-04, 5.75373997e-04,
       1.15074799e-03, 2.30149599e-03, 5.75373997e-04, 5.75373997e-04,
       1.15074799e-03, 2.30149599e-03, 0., 5.75373997e-04,
       4.02761810e-03, 0., 5.75373997e-04, 5.75373997e-04,
       1.15074799e-03, 5.75373997e-04, 1.15074799e-03, 5.75373997e-04,
       3.45224398e-03, 1.72612199e-03, 3.45224398e-03, 3.45224398e-03,
       1.15074799e-03, 5.75373997e-04, 0., 0., 5.75373997e-04, 0.,
       1.72612199e-03, 0., 0., 4.60299198e-03, 0., 5.75373997e-04, 0.,
       1.15074799e-03, 1.15074799e-03, 5.75373997e-04, 0., 0., 0.,
       1.72612199e-03, 5.75373997e-04, 0., 5.75373997e-04, 0.,
       6.32911408e-03, 1.72612199e-03, 2.87686987e-03, 0.,
       5.75373997e-04, 0., 0., 3.45224398e-03, 1.72612199e-03, 0.,
       4.60299198e-03, 0., 6.32911408e-03, 2.30149599e-03, 0., 0.,
       1.15074799e-03, 0., 0., 2.30149599e-03, 2.30149599e-03, 0.,
       1.15074799e-03, 5.75373997e-04, 2.87686987e-03, 1.15074799e-03,
       5.75373997e-04, 5.75373997e-04, 0., 0., 5.75373997e-04,
       5.75373997e-04, 1.72612199e-03, 1.15074799e-03, 5.75373997e-04,
       5.75373997e-04, 5.75373997e-04, 5.75373997e-04, 0.,
       1.15074799e-03, 2.30149599e-03, 0., 6.90448796e-03,
       5.75373997e-04, 0., 0., 3.45224398e-03, 1.72612199e-03,
       4.60299198e-03, 1.72612199e-03, 2.87686987e-03, 2.87686987e-03,
       4.60299198e-03, 4.02761810e-03, 1.15074799e-03, 2.30149599e-03,
       0., 1.72612199e-03, 0., 0., 4.60299198e-03, 1.72612199e-03,
       2.87686987e-03, 5.75373997e-04, 5.75373997e-04, 5.75373997e-04,
       0., 5.75373997e-04, 1.15074799e-03, 1.15074799e-03, 0., 0., 0.,
       0., 4.60299198e-03, 0., 0., 0., 5.75373997e-04, 1.72612199e-03,
       0., 0., 0., 5.75373997e-04, 5.75373997e-04, 5.75373974e-03,
       5.75373997e-04, 0., 1.03567317e-02, 0., 5.75373997e-04,
       5.75373997e-04, 2.30149599e-03, 0., 1.72612199e-03,
       5.75373997e-04, 2.87686987e-03, 4.60299198e-03, 5.75373997e-04,
       5.75373997e-04, 5.17836586e-03, 5.75373997e-04, 1.15074799e-03,
       0., 5.75373997e-04, 5.75373997e-04, 5.75373997e-04, 0.,
       1.72612199e-03, 0., 0., 5.75373997e-04, 0., 0., 1.72612199e-03,
       5.75373997e-04, 0., 0., 5.75373997e-04, 5.75373997e-04, 0.,
       5.75373997e-04, 1.72612199e-03, 0., 2.30149599e-03,
       1.72612199e-03, 0., 0., 1.15074799e-03, 1.72612199e-03, 0.,
       7.47986184e-03, 1.15074799e-03, 5.75373997e-04, 1.72612199e-03,
       0., 0., 5.75373997e-04, 1.15074799e-03, 0., 5.75373997e-04,
       1.15074799e-03, 0., 0., 5.75373997e-04, 2.30149599e-03, 0.,
       5.75373997e-04, 4.60299198e-03, 0., 1.15074799e-03,
       5.75373997e-04, 2.30149599e-03, 1.72612199e-03, 0.,
