%YAML:1.0
m50n: !!opencv-matrix
   rows: 1
   cols: 800
   dt: f
   data: [ 2.29357812e-03, 1.91131502e-03, 7.64526019e-04,
       3.82263010e-04, 1.14678906e-03, 0., 0., 0., 3.82263010e-04,
       2.29357812e-03, 3.82263010e-04, 7.64526019e-04, 7.64526019e-04,
       2.29357812e-03, 1.52905204e-03, 2.29357812e-03, 3.82263010e-04,
       0., 7.64526019e-04, 3.82263010e-04, 0., 3.82263010e-04,
       1.52905204e-03, 6.11620815e-03, 7.64526019e-04, 7.64526019e-04,
       3.82263010e-04, 1.14678906e-03, 4.20489302e-03, 1.91131502e-03,
       1.52905204e-03, 2.67584110e-03, 1.14678906e-03, 0., 0., 0.,
       1.14678906e-03, 0., 1.52905204e-03, 0., 1.52905204e-03, 0.,
       7.64526019e-04, 0., 1.52905204e-03, 3.82263010e-04,
       1.91131502e-03, 2.67584110e-03, 3.82263010e-04, 1.52905204e-03,
       7.64526019e-04, 2.67584110e-03, 1.91131502e-03, 2.29357812e-03,
       1.91131502e-03, 7.64526019e-04, 0., 3.05810408e-03,
       7.64526019e-04, 0., 3.05810408e-03, 0., 7.64526019e-04,
       3.82263010e-04, 7.64526019e-04, 0., 1.14678906e-03,
       7.64526019e-04, 3.82263010e-04, 3.82263010e-04, 7.64526019e-04,
       0., 2.67584110e-03, 3.82263010e-04, 7.26299733e-03, 0.,
       7.64526019e-04, 0., 1.52905204e-03, 1.91131502e-03,
       2.29357812e-03, 3.44036706e-03, 2.29357812e-03, 7.64526019e-04,
       7.64526019e-04, 0., 7.64526019e-04, 7.64526019e-04,
       1.14678906e-03, 1.14678906e-03, 7.64526019e-04, 3.82263004e-03,
       3.82263010e-04, 0., 3.82263010e-04, 0., 7.64526019e-04,
       2.29357812e-03, 0., 0., 3.82263010e-04, 3.82263010e-04,
       2.29357812e-03, 1.91131502e-03, 0., 5.73394494e-03,
       1.52905204e-03, 1.52905204e-03, 3.44036706e-03, 1.52905204e-03,
       1.14678906e-03, 7.64526019e-04, 1.52905204e-03, 0., 0., 0.,
       3.82263004e-03, 7.64526019e-04, 1.14678906e-03, 7.64526019e-04,
       0., 3.82263010e-04, 0., 1.91131502e-03, 0., 3.82263004e-03,
       1.14678906e-03, 0., 3.05810408e-03, 1.14678906e-03,
       3.82263004e-03, 1.52905204e-03, 2.67584110e-03, 1.91131502e-03,
       7.64526019e-04, 7.64526019e-04, 2.29357812e-03, 7.64526019e-04,
       1.52905204e-03, 0., 7.64526019e-04, 7.64526019e-04, 0.,
       7.64526019e-04, 0., 0., 1.52905204e-03, 7.64526019e-04,
       7.64526019e-04, 3.82263010e-04, 1.14678906e-03, 0.,
       3.82263010e-04, 1.14678906e-03, 0., 0., 2.29357812e-03,
       1.52905204e-03, 0., 7.64526019e-04, 3.82263010e-04,
       2.67584110e-03, 0., 3.82263010e-04, 2.29357812e-03, 0., 0.,
       3.82263010e-04, 0., 0., 1.91131502e-03, 1.52905204e-03,
       3.82263010e-04, 0., 0., 2.29357812e-03, 2.29357812e-03,
       1.91131502e-03, 3.82263010e-04, 3.82263010e-04, 3.05810408e-03,
       1.14678906e-03, 1.91131502e-03, 3.82263010e-04, 1.14678906e-03,
       0., 7.64526019e-04, 0., 0., 2.29357812e-03, 3.44036706e-03,
       1.52905204e-03, 2.29357812e-03, 1.14678906e-03, 0.,
       3.82263010e-04, 1.52905204e-03, 1.52905204e-03, 7.64526019e-04,
       2.29357812e-03, 2.29357812e-03, 1.14678906e-03, 1.91131502e-03,
       8.40978604e-03, 3.82263010e-04, 1.14678906e-03, 1.52905204e-03,
       2.29357812e-03, 0., 3.82263010e-04, 1.91131502e-03,
       6.49847137e-03, 4.96941898e-03, 3.82263010e-04, 0., 0.,
       7.64526019e-04, 7.64526019e-04, 1.91131502e-03, 3.82263010e-04,
       2.67584110e-03, 3.82263010e-04, 0., 1.14678906e-03,
       7.64526019e-04, 3.82263010e-04, 2.29357812e-03, 1.52905204e-03,
       0., 1.14678906e-03, 7.64526019e-04, 1.91131502e-03,
       7.64526019e-04, 3.44036706e-03, 1.14678906e-03, 2.67584110e-03,
       5.35168219e-03, 1.52905204e-03, 1.52905204e-03, 0.,
       1.91131502e-03, 3.44036706e-03, 3.82263010e-04, 3.05810408e-03,
       7.64526019e-04, 5.35168219e-03, 3.82263010e-04, 3.05810408e-03,
       0., 1.52905204e-03, 3.82263010e-04, 1.14678906e-03,
       3.44036706e-03, 0., 0., 1.14678906e-03, 1.14678906e-03,
       7.64526019e-04, 1.52905204e-03, 1.91131502e-03, 3.82263010e-04,
       7.64526019e-04, 3.82263010e-04, 3.82263010e-04, 0.,
       3.82263010e-04, 3.82263010e-04, 3.82263010e-04, 0.,
       1.14678906e-03, 1.91131502e-03, 2.67584110e-03, 2.67584110e-03,
       1.14678906e-03, 2.29357812e-03, 7.64526019e-04, 1.14678906e-03,
       0., 3.82263010e-04, 0., 1.14678906e-03, 1.52905204e-03,
       1.52905204e-03, 0., 2.29357812e-03, 5.35168219e-03,
       2.67584110e-03, 0., 0., 7.64526019e-04, 1.14678906e-03,
       7.64526019e-04, 1.14678906e-03, 1.14678906e-03, 1.14678906e-03,
       2.67584110e-03, 7.64526019e-04, 1.14678906e-03, 1.14678906e-03,
       1.14678906e-03, 0., 3.82263010e-04, 1.91131502e-03,
       4.58715623e-03, 3.82263010e-04, 0., 1.14678906e-03,
       3.82263010e-04, 4.58715623e-03, 1.91131502e-03, 3.05810408e-03,
       3.82263004e-03, 3.05810408e-03, 0., 2.29357812e-03,
       1.14678906e-03, 3.82263010e-04, 3.82263010e-04, 0.,
       3.82263010e-04, 3.82263010e-04, 7.64526019e-04, 0.,
       3.82263010e-04, 1.14678906e-03, 7.64526019e-04, 1.52905204e-03,
       3.82263010e-04, 0., 1.52905204e-03, 1.14678906e-03,
       2.29357812e-03, 2.29357812e-03, 3.82263010e-04, 3.82263010e-04,
       1.91131502e-03, 7.64526019e-04, 7.64526019e-04, 1.52905204e-03,
       3.05810408e-03, 3.82263010e-04, 3.82263010e-04, 3.82263010e-04,
       3.82263004e-03, 2.29357812e-03, 7.64526019e-04, 3.82263010e-04,
       7.64526019e-04, 0., 7.64526019e-04, 3.82263010e-04, 0.,
       7.64526019e-04, 3.82263010e-04, 0., 3.44036706e-03,
       2.29357812e-03, 3.82263010e-04, 3.82263010e-04, 7.64526019e-04,
       3.82263010e-04, 0., 7.64526019e-04, 3.82263010e-04,
       3.44036706e-03, 6.11620815e-03, 3.82263010e-04, 0.,
       3.82263010e-04, 2.29357812e-03, 2.29357812e-03, 1.14678906e-03,
       3.82263010e-04, 1.14678906e-03, 1.52905204e-03, 3.82263010e-04,
       3.82263010e-04, 1.14678906e-03, 3.82263010e-04, 1.52905204e-03,
       0., 1.14678906e-03, 1.14678906e-03, 1.52905204e-03, 0.,
       1.52905204e-03, 1.14678906e-03, 2.67584110e-03, 1.52905204e-03,
       7.64526019e-04, 1.14678906e-03, 7.64526019e-04, 1.52905204e-03,
       3.05810408e-03, 1.52905204e-03, 3.82263010e-04, 3.82263010e-04,
       1.91131502e-03, 4.20489302e-03, 3.82263010e-04, 0.,
       1.91131502e-03, 0., 6.88073412e-03, 0., 7.64526019e-04, 0.,
       1.91131502e-03, 2.29357812e-03, 3.82263010e-04, 1.14678906e-03,
       3.82263010e-04, 0., 1.14678906e-03, 7.64526019e-04,
       7.64526019e-04, 1.14678906e-03, 1.14678906e-03, 1.14678906e-03,
       4.58715623e-03, 0., 0., 2.29357812e-03, 3.82263010e-04, 0.,
       3.44036706e-03, 1.91131502e-03, 3.82263010e-04, 0.,
       1.14678906e-03, 0., 0., 1.07033644e-02, 1.14678906e-03,
       2.29357812e-03, 7.64526019e-04, 3.82263010e-04, 0.,
       1.14678906e-03, 0., 0., 7.64526019e-04, 3.82263010e-04,
       1.52905204e-03, 1.14678906e-03, 1.52905204e-03, 0., 0., 0.,
       1.14678906e-03, 3.82263010e-04, 1.14678906e-03, 1.14678906e-03,
       1.14678906e-03, 1.91131502e-03, 3.44036706e-03, 0.,
       1.14678906e-03, 1.14678906e-03, 1.14678906e-03, 1.14678906e-03,
       3.82263010e-04, 1.14678906e-03, 2.29357812e-03, 1.52905204e-03,
       7.64526019e-04, 0., 5.73394494e-03, 0., 1.14678906e-03,
       7.64526019e-04, 0., 0., 7.64526019e-04, 0., 7.64526019e-04,
       7.64526019e-04, 3.82263010e-04, 1.52905204e-03, 3.82263010e-04,
       3.82263010e-04, 3.82263010e-04, 3.82263010e-04, 1.14678906e-03,
       3.82263010e-04, 0., 3.82263010e-04, 1.91131502e-03, 0.,
       7.64526019e-04, 2.67584110e-03, 1.14678906e-03, 1.52905204e-03,
       1.91131502e-03, 1.14678906e-03, 1.91131502e-03, 1.14678906e-03,
       3.82263010e-04, 0., 3.82263010e-04, 2.67584110e-03,
       3.82263010e-04, 1.91131502e-03, 0., 2.29357812e-03,
       4.58715623e-03, 0., 2.29357812e-03, 0., 4.20489302e-03,
       1.14678906e-03, 1.14678906e-03, 7.64526019e-04, 0.,
       3.82263010e-04, 3.82263010e-04, 3.82263010e-04, 0.,
       1.14678906e-03, 1.14678906e-03, 7.64526019e-04, 7.64526019e-04,
       1.91131502e-03, 0., 0., 0., 3.82263010e-04, 0., 3.82263010e-04,
