%YAML:1.0
m50n: !!opencv-matrix
   rows: 1
   cols: 800
   dt: f
   data: [ 0., 0., 0., 1.15074799e-03, 0., 1.15074799e-03,
       1.15074799e-03, 4.02761810e-03, 1.32336020e-02, 0.,
       5.75373997e-04, 5.75373997e-04, 5.75373997e-04, 0.,
       1.15074799e-03, 1.15074795e-02, 0., 5.75373997e-04,
       2.30149599e-03, 1.15074799e-03, 5.75373997e-04, 2.87686987e-03,
       0., 1.15074799e-03, 5.75373997e-04, 5.75373997e-04, 0., 0.,
       5.75373997e-04, 1.15074799e-03, 1.61104724e-02, 1.72612199e-03,
       0., 0., 5.75373997e-04, 5.75373997e-04, 3.45224398e-03,
       5.75373997e-04, 1.15074799e-03, 1.15074799e-03, 0., 0., 0.,
       5.75373997e-04, 5.75373997e-04, 0., 0., 1.15074799e-03, 0., 0.,
       5.75373997e-04, 5.75373997e-04, 5.75373974e-03, 5.75373997e-04,
       0., 1.72612199e-03, 5.17836586e-03, 1.15074799e-03, 0.,
       5.75373997e-04, 0., 1.15074799e-03, 2.87686987e-03,
       1.72612199e-03, 0., 5.75373997e-04, 1.15074799e-03,
       2.87686987e-03, 1.15074799e-03, 0., 0., 4.02761810e-03,
       1.72612199e-03, 1.15074799e-03, 0., 3.45224398e-03,
       1.15074799e-03, 5.75373997e-04, 3.45224398e-03, 2.30149599e-03,
       0., 3.45224398e-03, 5.75373997e-04, 0., 2.64672041e-02,
       1.15074799e-03, 0., 0., 1.15074799e-03, 1.09321056e-02,
       2.30149599e-03, 1.15074799e-03, 0., 0., 0., 5.75373997e-04,
       1.72612199e-03, 1.15074799e-03, 1.72612199e-03, 5.75373997e-04,
       0., 1.72612199e-03, 0., 5.17836586e-03, 5.75373974e-03, 0.,
       5.75373997e-04, 1.15074799e-03, 0., 0., 1.15074799e-03, 0., 0.,
       0., 0., 2.30149599e-03, 0., 1.72612199e-03, 0., 2.30149599e-03,
       0., 0., 0., 2.30149599e-03, 1.15074799e-03, 0., 1.15074799e-03,
       4.02761810e-03, 0., 0., 2.30149599e-03, 2.30149599e-03, 0., 0.,
       0., 0., 5.75373997e-04, 0., 5.75373997e-04, 5.75373997e-04, 0.,
       1.15074799e-03, 1.15074799e-03, 0., 4.60299198e-03,
       5.75373997e-04, 0., 5.75373997e-04, 1.72612199e-03,
       1.15074799e-03, 5.75373997e-04, 2.30149599e-03, 2.30149599e-03,
       3.45224398e-03, 5.75373997e-04, 0., 2.30149599e-03,
       2.30149599e-03, 5.75373997e-04, 5.75373997e-04, 4.02761810e-03,
       0., 5.75373997e-04, 5.75373997e-04, 1.15074799e-03,
       5.75373997e-04, 0., 5.75373997e-04, 1.15074799e-03, 0., 0.,
       5.75373997e-04, 0., 0., 1.15074799e-03, 0., 0., 1.72612199e-03,
       5.75373997e-04, 3.45224398e-03, 0., 1.15074799e-03,
       9.78135783e-03, 0., 5.75373997e-04, 1.15074799e-03, 0.,
       2.30149599e-03, 5.75373997e-04, 0., 5.75373997e-04,
       5.75373997e-04, 2.87686987e-03, 0., 0., 5.75373997e-04,
       3.45224398e-03, 1.15074799e-03, 0., 1.15074799e-03, 0., 0.,
       1.15074799e-03, 0., 3.45224398e-03, 5.75373997e-04,
       1.72612199e-03, 4.02761810e-03, 5.75373997e-04, 0., 0.,
       1.15074799e-03, 2.87686987e-03, 0., 0., 0., 1.43843498e-02, 0.,
       2.30149599e-03, 0., 2.87686987e-03, 2.30149599e-03,
       2.30149599e-03, 4.02761810e-03, 1.72612199e-03, 0.,
       5.75373997e-04, 0., 5.75373997e-04, 5.75373997e-04, 0., 0.,
       1.15074799e-03, 0., 0., 5.75373997e-04, 5.75373997e-04,
       5.75373997e-04, 0., 5.75373974e-03, 0., 2.30149599e-03, 0.,
       2.30149599e-03, 0., 2.30149599e-03, 5.75373974e-03, 0.,
       3.45224398e-03, 0., 5.75373997e-04, 5.75373997e-04,
       5.75373997e-04, 2.87686987e-03, 0., 1.72612199e-03, 0., 0.,
       5.75373997e-04, 1.15074799e-03, 0., 0., 2.30149599e-03, 0., 0.,
       0., 4.02761810e-03, 0., 0., 0., 1.72612199e-03, 0.,
       1.15074799e-03, 0., 1.72612199e-03, 0., 0., 1.15074799e-03,
       5.75373997e-04, 1.15074799e-03, 0., 5.75373997e-04, 0., 0.,
       1.72612199e-03, 2.30149599e-03, 2.30149599e-03, 2.87686987e-03,
       0., 0., 0., 0., 5.75373997e-04, 0., 1.20828543e-02,
       1.15074799e-03, 5.75373997e-04, 0., 1.15074799e-03,
       2.47410815e-02, 1.15074799e-03, 1.72612199e-03, 5.75373997e-04,
       0., 0., 5.75373997e-04, 5.75373974e-03, 1.72612199e-03,
       5.75373997e-04, 5.75373997e-04, 1.72612199e-03, 0.,
       1.15074799e-03, 1.72612199e-03, 0., 0., 5.75373997e-04,
       5.75373997e-04, 5.75373997e-04, 5.75373997e-04, 1.15074799e-03,
       5.75373997e-04, 2.30149599e-03, 5.75373997e-04, 5.75373997e-04,
       1.15074799e-03, 0., 5.75373997e-04, 5.75373997e-04,
       5.75373997e-04, 0., 3.45224398e-03, 5.75373997e-04,
       5.75373997e-04, 1.15074799e-03, 1.15074799e-03, 1.15074799e-03,
       1.15074799e-03, 0., 5.75373997e-04, 0., 0., 0., 5.75373997e-04,
       0., 0., 0., 1.72612199e-03, 0., 1.15074799e-03, 0., 0.,
       1.72612199e-03, 5.75373997e-04, 5.75373997e-04, 0.,
       5.75373997e-04, 1.72612199e-03, 5.75373997e-04, 0., 0.,
       1.15074799e-03, 5.75373997e-04, 0., 0., 0., 5.75373997e-04, 0.,
       1.15074799e-03, 5.75373997e-04, 5.75373997e-04, 0.,
       5.75373997e-04, 5.75373997e-04, 5.75373997e-04, 0., 0., 0., 0.,
       1.15074799e-03, 0., 1.15074799e-03, 1.20828543e-02, 0.,
       1.72612199e-03, 0., 0., 5.75373997e-04, 1.15074799e-03,
       3.45224398e-03, 0., 2.30149599e-03, 1.03567317e-02,
       2.87686987e-03, 0., 0., 5.17836586e-03, 0., 0., 0., 0., 0., 0.,
       0., 0., 5.75373997e-04, 0., 0., 1.15074799e-03, 5.75373997e-04,
       2.87686987e-03, 5.75373997e-04, 2.30149599e-03, 1.72612199e-03,
       0., 0., 5.75373997e-04, 0., 0., 1.15074799e-03, 1.15074799e-03,
       0., 0., 5.75373997e-04, 1.15074799e-03, 1.72612199e-03,
       1.15074799e-03, 2.87686987e-03, 2.30149599e-03, 5.75373997e-04,
       8.63061007e-03, 0., 0., 3.45224398e-03, 4.02761810e-03,
       5.75373997e-04, 1.72612199e-03, 0., 0., 5.75373997e-04, 0.,
       5.75373997e-04, 6.32911408e-03, 0., 0., 1.15074799e-03,
       2.87686987e-03, 5.75373997e-04, 1.72612199e-03, 1.15074799e-03,
       0., 1.72612199e-03, 6.90448796e-03, 5.75373997e-04, 0.,
       2.87686987e-03, 0., 0., 0., 8.05523619e-03, 0., 5.75373997e-04,
       0., 5.75373997e-04, 0., 0., 2.87686987e-03, 3.45224398e-03,
       1.15074799e-03, 5.75373997e-04, 1.72612199e-03, 0., 0.,
       2.30149599e-03, 1.15074799e-03, 0., 5.75373997e-04, 0.,
       5.75373997e-04, 1.15074799e-03, 1.15074799e-03, 0., 0.,
       1.72612199e-03, 1.72612199e-03, 0., 1.15074799e-03,
       1.15074799e-03, 0., 2.87686987e-03, 2.87686987e-03, 0.,
       1.15074799e-03, 5.75373997e-04, 2.30149599e-03, 5.75373997e-04,
       1.15074799e-03, 1.72612199e-03, 5.75373997e-04, 1.15074799e-03,
       2.30149599e-03, 0., 5.75373997e-04, 2.87686987e-03,
       4.60299198e-03, 4.60299198e-03, 5.75373997e-04, 5.75373997e-04,
       4.02761810e-03, 5.17836586e-03, 5.75373997e-04, 1.15074799e-03,
       0., 5.75373997e-04, 1.15074799e-03, 0., 5.75373997e-04,
       1.15074799e-03, 5.75373997e-04, 1.15074799e-03, 0.,
       1.15074799e-03, 5.75373997e-04, 1.15074799e-03, 2.30149599e-03,
       0., 0., 0., 5.75373997e-04, 1.72612199e-03, 0., 0.,
       5.75373997e-04, 0., 0., 0., 1.15074799e-03, 5.75373997e-04, 0.,
       1.15074799e-03, 5.75373997e-04, 0., 1.72612199e-03,
       5.75373997e-04, 0., 5.75373997e-04, 1.15074799e-03, 0.,
       5.75373997e-04, 5.75373997e-04, 0., 6.32911408e-03,
       5.75373997e-04, 5.75373997e-04, 1.38089759e-02, 1.15074799e-03,
       0., 5.75373997e-04, 6.90448796e-03, 5.75373997e-04,
       1.15074799e-03, 5.75373997e-04, 1.15074799e-03, 0.,
       5.75373997e-04, 0., 5.75373997e-04, 4.02761810e-03,
       4.60299198e-03, 0., 0., 0., 0., 5.75373997e-04, 5.75373997e-04,
       5.75373997e-04, 7.47986184e-03, 1.15074799e-03, 5.75373974e-03,
       5.75373997e-04, 5.75373997e-04, 0., 1.15074799e-03,
       5.75373997e-04, 1.03567317e-02, 0., 5.75373997e-04,
       5.75373997e-04, 0., 0., 0., 1.72612199e-03, 2.87686987e-03,
       1.38089759e-02, 5.75373997e-04, 0., 5.75373997e-04,
       1.72612199e-03, 5.75373997e-04, 0., 5.75373997e-04,
       2.30149599e-03, 5.75373997e-04, 5.75373997e-04, 5.75373974e-03,
       0., 1.15074799e-03, 0., 0., 1.72612199e-03, 5.75373997e-04,
       1.72612199e-03, 0., 0., 1.15074799e-03, 0., 2.30149599e-03,
