%YAML:1.0
m50n: !!opencv-matrix
   rows: 1
   cols: 800
   dt: f
   data: [ 1.43215177e-03, 2.14822777e-03, 1.79018965e-03,
       2.50626565e-03, 0., 1.07411388e-03, 1.07411388e-03,
       1.43215177e-03, 1.07411388e-03, 1.07411388e-03, 3.58037942e-04,
       0., 1.43215177e-03, 1.07411388e-03, 3.58037942e-04,
       1.79018965e-03, 1.07411388e-03, 1.79018965e-03, 3.58037942e-04,
       7.16075883e-04, 1.07411388e-03, 3.58037942e-04, 1.07411388e-03,
       1.43215177e-03, 5.01253130e-03, 1.07411388e-03, 7.16075883e-04,
       7.16075883e-04, 2.50626565e-03, 3.58037942e-04, 7.16075883e-04,
       1.79018965e-03, 1.07411388e-03, 3.58037942e-04, 3.58037942e-04,
       1.07411388e-03, 1.07411388e-03, 7.16075883e-04, 3.58037942e-04,
       2.14822777e-03, 1.43215177e-03, 3.22234142e-03, 3.58037942e-04,
       2.86430353e-03, 7.16075883e-04, 1.43215177e-03, 1.07411388e-03,
       4.29645553e-03, 0., 1.07411388e-03, 3.58037942e-04,
       3.58037942e-04, 7.16075883e-04, 3.58037942e-04, 3.58037942e-04,
       7.16075883e-04, 4.29645553e-03, 1.79018965e-03, 0.,
       1.07411388e-03, 1.07411388e-03, 1.79018965e-03, 5.01253130e-03,
       1.07411388e-03, 3.58037942e-04, 1.07411388e-03, 1.43215177e-03,
       2.86430353e-03, 3.58037942e-04, 1.79018965e-03, 7.16075883e-04,
       1.79018965e-03, 7.16075883e-04, 1.43215177e-03, 2.14822777e-03,
       0., 2.86430353e-03, 7.16075883e-04, 7.16075883e-04,
       1.07411388e-03, 7.16075883e-04, 3.58037942e-04, 7.16075883e-04,
       0., 1.43215177e-03, 2.14822777e-03, 0., 7.16075883e-04,
       1.43215177e-03, 2.14822777e-03, 1.43215177e-03, 7.16075883e-04,
       3.58037942e-04, 3.58037942e-04, 7.16075883e-04, 7.16075883e-04,
       1.43215177e-03, 1.07411388e-03, 1.07411388e-03, 2.86430353e-03,
       1.07411388e-03, 3.58037942e-04, 1.43215177e-03, 0.,
       1.07411388e-03, 1.43215177e-03, 1.43215177e-03, 7.16075883e-04,
       2.14822777e-03, 1.07411388e-03, 1.43215177e-03, 3.58037942e-04,
       0., 0., 1.79018965e-03, 7.16075883e-04, 0., 7.16075883e-04,
       1.79018965e-03, 2.50626565e-03, 1.07411388e-03, 1.79018965e-03,
       2.14822777e-03, 7.16075883e-04, 1.07411388e-03, 1.43215177e-03,
       7.16075883e-04, 3.58037942e-04, 3.58037942e-04, 7.16075883e-04,
       2.50626565e-03, 2.14822777e-03, 3.22234142e-03, 2.14822777e-03,
       1.43215177e-03, 1.39634795e-02, 3.58037942e-04, 3.58037942e-04,
       0., 7.16075883e-04, 3.58037942e-04, 1.79018965e-03,
       3.58037942e-04, 2.14822777e-03, 0., 2.50626565e-03, 0.,
       3.22234142e-03, 7.16075883e-04, 1.07411388e-03, 1.07411388e-03,
       4.29645553e-03, 1.79018965e-03, 3.58037942e-04, 1.07411388e-03,
       0., 1.43215177e-03, 1.79018965e-03, 1.07411388e-03,
       7.16075883e-04, 3.58037942e-04, 7.16075883e-04, 7.16075883e-04,
       1.43215177e-03, 3.58037942e-04, 1.07411388e-03, 7.16075883e-04,
       3.58037942e-04, 0., 1.07411388e-03, 1.43215177e-03,
       3.58037942e-04, 1.07411388e-03, 1.07411388e-03, 0., 0.,
       2.50626565e-03, 5.01253130e-03, 2.14822777e-03, 1.07411388e-03,
       1.79018965e-03, 0., 1.07411388e-03, 1.07411388e-03,
       1.43215177e-03, 1.43215177e-03, 2.14822777e-03, 1.43215177e-03,
       7.16075883e-04, 1.07411388e-03, 7.16075883e-04, 1.43215177e-03,
       1.79018965e-03, 3.58037942e-04, 3.58037942e-04, 7.16075883e-04,
       7.16075883e-04, 3.58037942e-04, 0., 1.07411388e-03,
       1.07411388e-03, 1.07411388e-03, 2.50626565e-03, 2.50626560e-02,
       3.58037942e-04, 2.50626565e-03, 1.43215177e-03, 1.43215177e-03,
       4.29645553e-03, 6.80272095e-03, 7.16075883e-04, 7.16075883e-04,
       1.79018965e-03, 7.16075883e-04, 3.93841742e-03, 1.07411388e-03,
       7.16075883e-04, 2.50626565e-03, 1.07411388e-03, 3.58037942e-04,
       3.58037942e-04, 1.43215177e-03, 7.16075883e-04, 7.16075883e-04,
       1.79018965e-03, 1.07411388e-03, 7.16075883e-04, 2.14822777e-03,
       2.50626565e-03, 6.08664518e-03, 3.58037942e-04, 7.16075883e-04,
       3.58037942e-04, 5.01253130e-03, 3.58037942e-04, 3.58037942e-04,
       2.86430353e-03, 7.16075883e-04, 0., 0., 7.16075883e-04,
       1.79018965e-03, 0., 5.72860707e-03, 7.16075883e-04,
       1.43215177e-03, 3.22234142e-03, 1.07411388e-03, 1.43215177e-03,
       0., 1.79018965e-03, 1.07411388e-03, 1.79018965e-03,
       2.14822777e-03, 3.58037942e-04, 0., 7.16075883e-04,
       1.43215177e-03, 0., 1.07411388e-03, 2.14822777e-03, 0., 0., 0.,
       2.14822777e-03, 3.58037942e-04, 1.07411388e-03, 3.22234142e-03,
       1.07411388e-03, 3.58037942e-04, 4.65449318e-03, 1.07411388e-03,
       7.16075883e-04, 7.16075883e-04, 2.14822777e-03, 1.43215177e-03,
       1.43215177e-03, 2.50626565e-03, 7.16075883e-04, 1.43215177e-03,
       1.43215177e-03, 1.43215177e-03, 3.58037942e-04, 1.07411388e-03,
       7.16075883e-04, 7.16075883e-04, 1.07411388e-03, 3.58037942e-04,
       3.58037942e-04, 3.58037942e-04, 3.58037942e-04, 1.43215177e-03,
       1.79018965e-03, 7.16075883e-04, 7.16075883e-04, 1.07411388e-03,
       2.14822777e-03, 7.16075883e-04, 7.16075883e-04, 1.79018965e-03,
       1.79018965e-03, 7.16075883e-04, 1.43215177e-03, 3.58037942e-04,
       2.50626565e-03, 0., 7.16075883e-04, 1.43215177e-03,
       3.58037942e-04, 2.86430353e-03, 1.07411388e-03, 1.43215177e-03,
       0., 1.43215177e-03, 1.43215177e-03, 1.43215177e-03,
       2.50626565e-03, 7.16075883e-04, 1.43215177e-03, 2.50626565e-03,
       1.07411388e-03, 1.43215177e-03, 0., 0., 3.58037942e-04, 0.,
       3.58037942e-04, 2.14822777e-03, 1.07411388e-03, 7.16075883e-04,
       1.79018965e-03, 7.16075883e-04, 3.58037942e-04, 3.22234142e-03,
       7.16075883e-04, 7.16075860e-03, 3.58037942e-04, 7.16075883e-04,
       1.07411388e-03, 0., 1.43215177e-03, 3.58037942e-04,
       1.43215177e-03, 7.16075883e-04, 1.43215177e-03, 3.58037942e-04,
       1.43215177e-03, 3.58037942e-04, 7.16075883e-04, 6.44468283e-03,
       0., 3.58037942e-04, 3.58037942e-04, 1.07411388e-03,
       2.14822777e-03, 0., 3.58037942e-04, 1.07411388e-03,
       7.16075883e-04, 5.01253130e-03, 3.58037942e-04, 1.07411388e-03,
       1.79018965e-03, 1.07411388e-03, 3.58037942e-04, 7.16075883e-04,
       1.07411388e-03, 7.16075883e-04, 8.95094872e-03, 1.79018965e-03,
       7.16075883e-04, 2.14822777e-03, 2.14822777e-03, 1.43215177e-03,
       3.58037942e-04, 3.58037942e-04, 7.16075883e-04, 0.,
       2.14822777e-03, 7.16075883e-04, 1.43215177e-03, 0.,
       1.43215177e-03, 3.58037942e-04, 2.14822777e-03, 0.,
       7.16075883e-04, 1.07411388e-03, 5.37056895e-03, 1.07411388e-03,
       1.79018965e-03, 8.59291106e-03, 0., 3.22234142e-03,
       7.16075883e-04, 7.16075883e-04, 3.58037930e-03, 7.16075883e-04,
       0., 1.07411388e-03, 3.58037942e-04, 1.07411388e-03,
       2.50626565e-03, 3.58037942e-04, 0., 0., 7.16075883e-04,
       7.16075883e-04, 2.50626565e-03, 7.16075883e-04, 1.79018965e-03,
       1.07411388e-03, 1.43215177e-03, 1.07411388e-03, 2.14822777e-03,
       3.22234142e-03, 1.43215177e-03, 1.07411388e-03, 1.07411388e-03,
       7.16075883e-04, 2.14822777e-03, 7.16075883e-04, 7.16075883e-04,
       1.07411388e-03, 3.58037942e-04, 1.07411388e-03, 1.79018965e-03,
       7.16075883e-04, 2.14822777e-03, 2.86430353e-03, 2.14822777e-03,
       1.07411388e-03, 0., 1.07411388e-03, 7.16075883e-04,
       1.79018965e-03, 1.43215177e-03, 3.58037942e-04, 1.07411388e-03,
       1.43215177e-03, 3.58037942e-04, 0., 7.16075883e-04,
       7.16075883e-04, 7.16075883e-04, 1.07411388e-03, 2.50626565e-03,
       1.07411388e-03, 1.07411388e-03, 1.07411388e-03, 1.43215177e-03,
       4.29645553e-03, 1.43215177e-03, 2.50626565e-03, 3.58037942e-04,
       1.79018965e-03, 1.43215177e-03, 1.07411388e-03, 3.58037942e-04,
       2.50626565e-03, 1.43215177e-03, 3.58037942e-04, 2.50626565e-03,
       0., 1.43215177e-03, 0., 3.58037942e-04, 0., 0., 1.07411388e-03,
       3.58037942e-04, 3.58037942e-04, 1.07411388e-03, 1.43215177e-03,
       1.07411388e-03, 3.58037942e-04, 0., 7.16075883e-04,
       5.72860707e-03, 1.07411388e-03, 7.16075883e-04, 3.58037942e-04,
