%YAML:1.0
m50n: !!opencv-matrix
   rows: 1
   cols: 800
   dt: f
   data: [ 0., 3.12779262e-03, 3.57462023e-03, 1.34048262e-03,
       3.12779262e-03, 0., 0., 4.46827529e-04, 1.78731012e-03,
       1.78731012e-03, 8.93655058e-04, 8.93655058e-04, 0.,
       1.34048262e-03, 8.93655058e-04, 1.78731012e-03, 4.46827529e-04,
       8.93655058e-04, 4.46827529e-04, 1.78731012e-03, 3.57462023e-03,
       1.78731012e-03, 2.23413762e-03, 5.36193047e-03, 4.46827529e-04,
       0., 0., 0., 3.57462023e-03, 4.46827529e-04, 3.57462023e-03, 0.,
       3.12779262e-03, 4.46827529e-04, 1.78731012e-03, 1.34048262e-03,
       2.23413762e-03, 8.93655058e-04, 8.93655058e-04, 0., 0.,
       4.46827529e-04, 1.78731012e-03, 0., 8.93655058e-04,
       2.23413762e-03, 8.93655058e-04, 8.93655058e-04, 0., 0.,
       8.93655058e-04, 1.34048262e-03, 1.34048262e-03, 8.93655058e-04,
       4.46827529e-04, 0., 4.46827529e-04, 3.12779262e-03,
       8.93655058e-04, 4.46827529e-04, 2.23413762e-03, 1.78731012e-03,
       4.46827529e-04, 8.93655058e-04, 1.34048262e-03, 4.46827529e-04,
       2.23413762e-03, 2.68096523e-03, 0., 4.46827529e-04, 0., 0., 0.,
       1.34048262e-03, 1.78731012e-03, 4.46827529e-04, 0.,
       4.02144762e-03, 1.78731012e-03, 2.68096523e-03, 8.93655058e-04,
       4.46827529e-04, 4.46827529e-04, 8.93655058e-04, 8.93655058e-04,
       4.46827523e-03, 4.46827529e-04, 8.93655058e-04, 4.46827529e-04,
       0., 1.34048262e-03, 1.34048262e-03, 8.93655058e-04,
       8.93655058e-04, 4.46827529e-04, 8.93655058e-04, 1.34048262e-03,
       1.34048262e-03, 4.46827529e-04, 0., 4.46827529e-04,
       2.23413762e-03, 1.78731012e-03, 1.78731012e-03, 4.46827529e-04,
       5.36193047e-03, 1.34048262e-03, 8.93655058e-04, 2.23413762e-03,
       4.46827529e-04, 1.34048262e-03, 4.46827529e-04, 1.78731012e-03,
       0., 2.23413762e-03, 4.46827529e-04, 8.93655058e-04, 0.,
       1.78731012e-03, 1.34048262e-03, 8.93655058e-04, 4.46827529e-04,
       3.57462023e-03, 4.02144762e-03, 0., 3.57462023e-03,
       3.57462023e-03, 8.93655058e-04, 4.46827523e-03, 1.78731012e-03,
       1.34048262e-03, 1.78731012e-03, 1.78731012e-03, 1.34048262e-03,
       8.93655058e-04, 8.93655058e-04, 0., 4.46827529e-04,
       1.34048262e-03, 4.91510285e-03, 8.93655058e-04, 4.46827529e-04,
       0., 8.93655058e-04, 4.46827529e-04, 4.46827529e-04,
       4.46827529e-04, 1.34048262e-03, 4.46827529e-04, 4.46827529e-04,
       0., 0., 8.93655058e-04, 1.34048262e-03, 4.46827529e-04, 0., 0.,
       1.34048262e-03, 0., 4.46827529e-04, 8.93655058e-04,
       1.34048262e-03, 8.93655058e-04, 1.78731012e-03, 4.46827529e-04,
       1.78731012e-03, 0., 1.78731012e-03, 3.57462023e-03,
       8.93655058e-04, 1.34048262e-03, 1.78731012e-03, 8.93655058e-04,
       0., 8.93655058e-04, 8.93655058e-04, 8.93655058e-04,
       1.34048262e-03, 3.12779262e-03, 4.46827529e-04, 1.34048262e-03,
       4.46827529e-04, 0., 0., 4.46827529e-04, 8.93655058e-04,
       3.12779262e-03, 3.12779262e-03, 4.46827529e-04, 1.78731012e-03,
       8.93655058e-04, 4.46827529e-04, 4.46827523e-03, 1.34048262e-03,
       8.93655058e-04, 0., 2.68096523e-03, 3.57462023e-03,
       2.23413762e-03, 1.34048262e-03, 1.78731012e-03, 4.46827529e-04,
       4.46827529e-04, 2.68096523e-03, 8.93655058e-04, 4.46827529e-04,
       2.68096523e-03, 8.93655058e-04, 0., 1.78731012e-03,
       8.93655058e-04, 1.34048262e-03, 8.93655058e-04, 4.46827529e-04,
       8.93655058e-04, 2.68096523e-03, 8.93655058e-04, 1.34048262e-03,
       8.93655058e-04, 4.46827529e-04, 1.34048262e-03, 0.,
       8.93655058e-04, 4.46827529e-04, 1.34048262e-03, 8.93655058e-04,
       3.12779262e-03, 1.78731012e-03, 4.46827529e-04, 8.93655058e-04,
       8.93655058e-04, 4.46827529e-04, 4.46827529e-04, 3.12779262e-03,
       3.12779262e-03, 1.78731012e-03, 1.78731012e-03, 2.23413762e-03,
       1.78731012e-03, 3.12779262e-03, 1.34048262e-03, 2.68096523e-03,
       4.46827529e-04, 8.93655058e-04, 1.78731012e-03, 1.34048262e-03,
       2.23413762e-03, 2.23413762e-03, 1.34048262e-03, 0., 0.,
       2.68096523e-03, 1.78731012e-03, 8.93655058e-04, 4.46827529e-04,
       0., 8.93655058e-04, 1.78731012e-03, 8.93655058e-04,
       2.23413762e-03, 8.93655058e-04, 1.78731012e-03, 0.,
       1.34048262e-03, 4.46827529e-04, 1.34048262e-03, 4.46827529e-04,
       0., 1.34048262e-03, 8.93655058e-04, 1.78731012e-03, 0.,
       1.34048262e-03, 0., 8.93655058e-04, 0., 0., 4.46827529e-04, 0.,
       0., 1.78731012e-03, 4.46827529e-04, 0., 4.46827529e-04,
       4.46827529e-04, 1.78731012e-03, 8.93655058e-04, 0.,
       8.93655058e-04, 3.12779262e-03, 8.93655058e-04, 1.34048262e-03,
       8.93655058e-04, 8.93655058e-04, 4.02144762e-03, 4.02144762e-03,
       2.68096523e-03, 1.34048262e-03, 1.34048262e-03, 8.93655058e-04,
       0., 8.93655058e-04, 1.34048262e-03, 7.14924047e-03,
       4.46827529e-04, 1.78731012e-03, 4.46827529e-04, 8.93655058e-04,
       8.93655058e-04, 3.57462023e-03, 4.46827523e-03, 2.68096523e-03,
       8.93655058e-04, 4.46827529e-04, 4.46827529e-04, 1.78731012e-03,
       0., 4.46827529e-04, 1.34048262e-03, 8.93655058e-04,
       8.93655058e-04, 4.46827529e-04, 0., 0., 1.34048262e-03, 0.,
       8.93655058e-04, 4.46827529e-04, 0., 1.34048262e-03, 0.,
       4.46827529e-04, 8.93655058e-04, 0., 1.78731012e-03, 0.,
       4.91510285e-03, 1.78731012e-03, 4.46827529e-04, 8.93655058e-04,
       1.78731012e-03, 2.68096523e-03, 8.93655058e-04, 4.46827529e-04,
       8.93655058e-04, 8.93655058e-04, 1.78731012e-03, 0.,
       4.46827529e-04, 1.34048262e-03, 8.93655058e-04, 0.,
       1.34048262e-03, 1.34048262e-03, 1.34048262e-03, 4.46827529e-04,
       0., 8.93655058e-04, 0., 8.93655058e-04, 1.34048262e-03,
       1.34048262e-03, 1.78731012e-03, 0., 4.02144762e-03,
       4.46827523e-03, 0., 1.78731012e-03, 2.68096523e-03,
       2.23413762e-03, 3.12779262e-03, 2.23413762e-03, 4.46827529e-04,
       0., 3.12779262e-03, 4.46827529e-04, 0., 4.46827529e-04,
       4.46827529e-04, 4.46827529e-04, 3.57462023e-03, 4.46827529e-04,
       8.93655058e-04, 4.46827529e-04, 1.78731012e-03, 4.46827529e-04,
       8.93655058e-04, 0., 1.34048262e-03, 1.34048262e-03,
       1.78731012e-03, 1.34048262e-03, 4.46827529e-04, 1.34048262e-03,
       1.78731012e-03, 1.78731012e-03, 2.68096523e-03, 1.34048262e-03,
       8.93655058e-04, 8.93655058e-04, 8.93655058e-04, 4.46827529e-04,
       5.36193047e-03, 3.12779262e-03, 1.78731012e-03, 1.78731012e-03,
       1.34048262e-03, 4.46827529e-04, 1.78731012e-03, 4.46827529e-04,
       0., 4.46827523e-03, 4.46827529e-04, 1.34048262e-03,
       8.93655058e-04, 4.46827529e-04, 0., 1.34048262e-03,
       4.46827529e-04, 0., 8.93655058e-04, 1.78731012e-03,
       2.23413762e-03, 0., 1.78731012e-03, 2.23413762e-03,
       1.34048262e-03, 0., 1.34048262e-03, 1.78731012e-03,
       1.34048262e-03, 1.34048262e-03, 8.93655047e-03, 4.46827529e-04,
       8.93655058e-04, 1.78731012e-03, 0., 1.34048262e-03,
       4.46827529e-04, 0., 1.34048262e-03, 8.93655058e-04, 0.,
       1.78731012e-03, 2.23413762e-03, 1.78731012e-03, 2.68096523e-03,
       0., 0., 0., 4.46827529e-04, 0., 1.34048262e-03, 1.78731012e-03,
       4.46827523e-03, 8.93655058e-04, 4.46827529e-04, 0.,
       1.34048262e-03, 4.46827529e-04, 1.78731012e-03, 8.93655058e-04,
       2.68096523e-03, 4.46827523e-03, 1.78731012e-03, 0.,
       1.34048262e-03, 4.02144762e-03, 1.34048262e-03, 1.34048262e-03,
       8.93655058e-04, 0., 4.46827529e-04, 1.78731012e-03,
       8.93655058e-04, 4.46827529e-04, 1.78731012e-03, 8.93655058e-04,
       8.93655058e-04, 4.02144762e-03, 0., 0., 4.46827529e-04,
       8.93655058e-04, 0., 4.46827529e-04, 1.78731012e-03,
       8.93655058e-04, 4.02144762e-03, 8.93655058e-04, 5.36193047e-03,
       8.93655058e-04, 8.93655058e-04, 2.23413762e-03, 1.34048262e-03,
       2.23413762e-03, 8.93655058e-04, 8.93655058e-04, 0.,
       4.46827529e-04, 4.46827529e-04, 2.68096523e-03, 8.93655058e-04,
       1.34048262e-03, 4.46827529e-04, 4.91510285e-03, 3.57462023e-03,
