%YAML:1.0
m50n: !!opencv-matrix
   rows: 1
   cols: 800
   dt: f
   data: [ 0., 4.00160061e-04, 8.00320122e-04, 8.00320122e-04,
       1.60064024e-03, 0., 2.40096031e-03, 4.00160061e-04, 0.,
       5.60224103e-03, 4.80192062e-03, 8.00320122e-04, 4.00160061e-04,
       1.20048015e-03, 8.00320122e-04, 4.40176064e-03, 2.00080033e-03,
       8.00320122e-04, 0., 8.00320122e-04, 2.00080033e-03,
       1.60064024e-03, 2.80112051e-03, 0., 1.60064024e-03,
       4.00160061e-04, 1.60064024e-03, 0., 2.80112051e-03,
       4.00160061e-04, 2.80112051e-03, 8.00320122e-04, 2.00080033e-03,
       8.00320122e-04, 1.20048015e-03, 3.20128049e-03, 2.00080033e-03,
       1.20048015e-03, 8.00320122e-04, 0., 4.00160061e-04,
       2.00080033e-03, 2.40096031e-03, 0., 4.00160061e-04,
       2.00080033e-03, 0., 2.80112051e-03, 8.00320122e-04, 0.,
       1.20048015e-03, 8.00320122e-04, 2.00080033e-03, 8.00320122e-04,
       0., 1.60064024e-03, 0., 1.20048015e-03, 8.00320122e-04,
       2.00080033e-03, 3.60144046e-03, 3.20128049e-03, 8.00320122e-04,
       1.60064024e-03, 3.60144046e-03, 0., 8.00320122e-04,
       4.00160061e-04, 1.20048015e-03, 1.20048015e-03, 4.00160061e-04,
       1.60064024e-03, 0., 1.60064024e-03, 1.20048015e-03,
       1.20048015e-03, 0., 4.00160067e-03, 2.40096031e-03,
       2.80112051e-03, 2.00080033e-03, 0., 2.40096031e-03,
       8.00320122e-04, 0., 2.80112051e-03, 8.00320122e-04,
       1.20048015e-03, 4.40176064e-03, 1.60064024e-03, 0.,
       1.60064024e-03, 1.20048015e-03, 0., 1.20048015e-03,
       8.00320122e-04, 8.00320122e-04, 1.20048015e-03, 1.60064024e-03,
       4.00160061e-04, 8.00320122e-04, 8.00320122e-04, 3.60144046e-03,
       0., 1.20048015e-03, 2.40096031e-03, 1.60064024e-03,
       1.20048015e-03, 0., 8.00320122e-04, 2.40096031e-03,
       3.20128049e-03, 4.00160061e-04, 8.00320122e-04, 4.00160061e-04,
       4.00160061e-04, 4.00160061e-04, 4.00160061e-04, 0.,
       1.20048015e-03, 4.00160061e-04, 1.60064024e-03, 3.60144046e-03,
       5.20208059e-03, 0., 4.00160061e-04, 2.40096031e-03,
       1.60064024e-03, 6.00240100e-03, 8.00320122e-04, 8.00320122e-04,
       4.00160061e-04, 2.80112051e-03, 8.00320122e-04, 2.40096031e-03,
       0., 3.20128049e-03, 0., 2.00080033e-03, 1.20048015e-03,
       3.60144046e-03, 1.20048015e-03, 0., 1.20048015e-03,
       1.20048015e-03, 4.00160061e-04, 1.20048015e-03, 4.00160061e-04,
       4.00160061e-04, 4.00160061e-04, 0., 0., 1.60064024e-03,
       3.20128049e-03, 0., 0., 0., 1.20048015e-03, 0., 3.60144046e-03,
       0., 1.60064024e-03, 2.00080033e-03, 8.00320122e-04, 0.,
       2.00080033e-03, 0., 0., 1.20048015e-03, 0., 0., 0.,
       1.20048015e-03, 0., 1.60064024e-03, 0., 4.00160061e-04,
       1.20048015e-03, 2.00080033e-03, 0., 4.00160067e-03,
       3.20128049e-03, 4.00160061e-04, 8.00320122e-04, 3.60144046e-03,
       4.00160061e-04, 1.60064024e-03, 8.00320122e-04, 0., 0.,
       8.00320122e-04, 0., 8.00320122e-04, 8.00320122e-04,
       8.00320122e-04, 3.60144046e-03, 1.60064024e-03, 1.20048015e-03,
       4.00160061e-04, 0., 4.00160061e-04, 3.60144046e-03,
       4.00160067e-03, 1.20048015e-03, 4.00160061e-04, 1.60064024e-03,
       2.40096031e-03, 0., 1.20048015e-03, 4.00160061e-04,
       2.80112051e-03, 1.60064024e-03, 0., 2.00080033e-03,
       4.00160061e-04, 1.60064024e-03, 3.60144046e-03, 1.20048015e-03,
       1.20048015e-03, 8.00320122e-04, 1.20048015e-03, 1.20048015e-03,
       8.00320122e-04, 1.20048015e-03, 1.60064024e-03, 1.60064024e-03,
       1.20048015e-03, 8.00320122e-04, 8.00320122e-04, 8.00320122e-04,
       8.00320122e-04, 0., 2.00080033e-03, 1.60064024e-03,
       2.00080033e-03, 8.00320122e-04, 5.20208059e-03, 1.20048015e-03,
       3.20128049e-03, 4.00160061e-04, 2.00080033e-03, 8.00320122e-04,
       4.00160061e-04, 0., 0., 8.00320122e-04, 4.00160061e-04,
       1.60064024e-03, 4.00160061e-04, 2.40096031e-03, 4.00160061e-04,
       4.40176064e-03, 4.00160061e-04, 1.20048015e-03, 1.20048015e-03,
       2.00080033e-03, 3.60144046e-03, 0., 2.00080033e-03,
       2.40096031e-03, 3.20128049e-03, 1.60064024e-03, 0.,
       2.80112051e-03, 2.00080033e-03, 1.60064024e-03, 8.00320122e-04,
       0., 0., 4.00160061e-04, 1.20048015e-03, 0., 2.00080033e-03,
       1.60064024e-03, 8.00320122e-04, 2.00080033e-03, 4.00160061e-04,
       2.80112051e-03, 0., 2.00080033e-03, 4.00160061e-04,
       1.60064024e-03, 1.20048015e-03, 8.00320122e-04, 2.00080033e-03,
       3.20128049e-03, 0., 1.60064024e-03, 4.00160061e-04,
       4.00160067e-03, 1.20048015e-03, 8.00320122e-04, 2.40096031e-03,
       2.40096031e-03, 2.80112051e-03, 2.40096031e-03, 4.00160067e-03,
       1.20048015e-03, 1.20048015e-03, 2.80112051e-03, 1.60064024e-03,
       1.20048015e-03, 2.80112051e-03, 0., 8.00320122e-04,
       3.20128049e-03, 0., 4.80192062e-03, 3.60144046e-03, 0.,
       1.20048015e-03, 0., 0., 4.00160061e-04, 4.00160061e-04,
       2.00080033e-03, 1.20048015e-03, 3.60144046e-03, 8.00320122e-04,
       1.60064024e-03, 1.20048015e-03, 1.60064024e-03, 1.20048015e-03,
       8.00320122e-04, 4.00160061e-04, 8.00320122e-04, 2.00080033e-03,
       4.00160061e-04, 4.00160061e-04, 3.20128049e-03, 1.60064024e-03,
       4.00160061e-04, 8.00320122e-04, 1.60064024e-03, 8.00320122e-04,
       8.00320122e-04, 1.20048015e-03, 4.00160061e-04, 2.00080033e-03,
       4.00160061e-04, 4.00160067e-03, 0., 1.20048015e-03,
       2.40096031e-03, 4.00160061e-04, 3.20128049e-03, 3.20128049e-03,
       1.60064024e-03, 1.20048015e-03, 4.00160061e-04, 0., 0.,
       4.00160061e-04, 8.00320122e-04, 1.60064024e-03, 0.,
       4.00160067e-03, 4.00160061e-04, 2.40096031e-03, 1.60064024e-03,
       4.00160067e-03, 1.60064024e-03, 4.00160067e-03, 0.,
       1.20048015e-03, 4.00160061e-04, 1.60064024e-03, 8.00320122e-04,
       0., 8.00320122e-04, 2.00080033e-03, 3.60144046e-03,
       2.00080033e-03, 8.00320122e-04, 2.40096031e-03, 0.,
       2.00080033e-03, 0., 8.00320122e-04, 0., 1.20048015e-03, 0.,
       8.00320122e-04, 0., 4.00160061e-04, 8.00320122e-04,
       8.00320122e-04, 0., 1.60064024e-03, 8.00320122e-04,
       1.20048015e-03, 1.60064024e-03, 8.00320122e-04, 8.00320122e-04,
       1.60064024e-03, 2.00080033e-03, 2.00080033e-03, 8.00320122e-04,
       4.00160061e-04, 4.00160061e-04, 0., 2.00080033e-03,
       1.20048015e-03, 0., 2.00080033e-03, 1.60064024e-03,
       2.00080033e-03, 8.00320122e-04, 0., 8.00320122e-04,
       4.00160061e-04, 2.40096031e-03, 8.00320122e-04, 7.60304136e-03,
       1.60064024e-03, 0., 0., 2.00080033e-03, 1.60064024e-03,
       4.00160061e-04, 4.00160061e-04, 8.00320122e-04, 2.00080033e-03,
       4.00160061e-04, 8.00320122e-04, 0., 4.00160061e-04,
       4.00160061e-04, 1.20048015e-03, 1.20048015e-03, 1.20048015e-03,
       2.80112051e-03, 3.20128049e-03, 0., 4.00160061e-04,
       1.20048015e-03, 0., 0., 4.80192062e-03, 0., 4.00160061e-04,
       8.00320122e-04, 8.00320122e-04, 4.00160061e-04, 0.,
       1.20048015e-03, 8.00320122e-04, 4.00160061e-04, 1.60064024e-03,
       2.00080033e-03, 0., 0., 4.00160061e-04, 8.00320122e-04,
       8.00320122e-04, 8.00320122e-04, 8.00320122e-04, 4.00160061e-04,
       4.00160061e-04, 2.00080033e-03, 1.20048015e-03, 2.00080033e-03,
       4.00160061e-04, 8.00320122e-04, 2.80112051e-03, 4.00160061e-04,
       1.20048015e-03, 1.60064024e-03, 8.00320122e-04, 2.80112051e-03,
       4.00160061e-04, 8.00320122e-04, 4.40176064e-03, 1.20048015e-03,
       1.20048015e-03, 1.20048015e-03, 1.60064024e-03, 1.20048015e-03,
       8.00320122e-04, 2.80112051e-03, 1.60064024e-03, 0.,
       8.00320122e-04, 1.60064024e-03, 3.60144046e-03, 8.00320122e-04,
       8.00320122e-04, 8.00320122e-04, 2.80112051e-03, 2.00080033e-03,
       1.20048015e-03, 8.00320122e-04, 1.20048015e-03, 2.40096031e-03,
       8.00320122e-04, 2.00080033e-03, 2.40096031e-03, 0.,
       8.00320122e-04, 0., 1.60064024e-03, 1.20048015e-03,
       4.00160061e-04, 2.40096031e-03, 1.60064024e-03, 5.20208059e-03,
       4.00160061e-04, 2.40096031e-03, 2.00080033e-03, 2.40096031e-03,
