%YAML:1.0
m50n: !!opencv-matrix
   rows: 1
   cols: 800
   dt: f
   data: [ 1.85804535e-03, 1.48643623e-03, 2.60126335e-03,
       1.48643623e-03, 7.43218116e-04, 0., 0., 0., 7.43218116e-04,
       5.57413604e-03, 1.11482712e-03, 7.43218116e-04, 7.43218116e-04,
       2.22965423e-03, 1.48643623e-03, 3.34448158e-03, 0., 0.,
       7.43218116e-04, 0., 0., 3.71609058e-04, 1.48643623e-03,
       5.57413604e-03, 3.71609058e-04, 7.43218116e-04, 7.43218116e-04,
       1.11482712e-03, 4.08769958e-03, 1.48643623e-03, 2.22965423e-03,
       2.22965423e-03, 1.85804535e-03, 3.71609058e-04, 3.71609058e-04,
       7.43218116e-04, 1.85804535e-03, 0., 7.43218116e-04, 0.,
       3.71609058e-04, 0., 1.11482712e-03, 0., 1.48643623e-03,
       3.71609058e-04, 1.11482712e-03, 2.60126335e-03, 3.71609058e-04,
       1.11482712e-03, 3.71609058e-04, 2.60126335e-03, 3.34448158e-03,
       1.11482712e-03, 2.22965423e-03, 1.11482712e-03, 3.71609058e-04,
       1.48643623e-03, 3.71609058e-04, 7.43218116e-04, 2.22965423e-03,
       3.71609058e-04, 2.22965423e-03, 3.71609058e-04, 1.11482712e-03,
       0., 1.11482712e-03, 7.43218116e-04, 0., 3.71609058e-04,
       7.43218116e-04, 0., 3.71609069e-03, 3.71609058e-04,
       6.31735381e-03, 0., 7.43218116e-04, 7.43218116e-04,
       1.11482712e-03, 1.11482712e-03, 1.11482712e-03, 2.22965423e-03,
       1.85804535e-03, 3.71609058e-04, 7.43218116e-04, 1.85804535e-03,
       3.71609058e-04, 1.48643623e-03, 2.22965423e-03, 1.85804535e-03,
       3.71609058e-04, 2.97287246e-03, 3.71609058e-04, 0.,
       3.71609058e-04, 0., 0., 2.22965423e-03, 0., 7.43218116e-04,
       3.71609058e-04, 1.11482712e-03, 2.22965423e-03, 1.11482712e-03,
       0., 4.45930846e-03, 2.97287246e-03, 7.43218116e-04,
       2.60126335e-03, 1.48643623e-03, 3.71609058e-04, 1.11482712e-03,
       1.11482712e-03, 3.71609058e-04, 3.71609058e-04, 7.43218116e-04,
       3.71609069e-03, 7.43218116e-04, 7.43218116e-04, 3.71609058e-04,
       0., 7.43218116e-04, 0., 3.71609069e-03, 0., 2.97287246e-03,
       1.11482712e-03, 0., 2.97287246e-03, 3.71609058e-04,
       6.31735381e-03, 1.85804535e-03, 2.60126335e-03, 1.85804535e-03,
       1.11482712e-03, 3.71609058e-04, 1.11482712e-03, 0.,
       3.71609058e-04, 0., 1.11482712e-03, 3.71609058e-04, 0.,
       7.43218116e-04, 0., 0., 0., 7.43218116e-04, 3.71609058e-04,
       3.71609058e-04, 1.85804535e-03, 0., 7.43218116e-04,
       7.43218116e-04, 0., 1.48643623e-03, 2.22965423e-03,
       1.85804535e-03, 0., 1.11482712e-03, 3.71609058e-04,
       2.60126335e-03, 3.71609058e-04, 7.43218116e-04, 1.48643623e-03,
       0., 0., 3.71609058e-04, 0., 0., 1.85804535e-03, 1.48643623e-03,
       0., 0., 0., 1.85804535e-03, 7.43218116e-04, 1.85804535e-03,
       1.48643623e-03, 0., 2.97287246e-03, 1.85804535e-03,
       1.85804535e-03, 7.43218116e-04, 1.85804535e-03, 3.71609058e-04,
       1.48643623e-03, 3.71609058e-04, 0., 1.85804535e-03,
       3.34448158e-03, 1.11482712e-03, 1.85804535e-03, 1.11482712e-03,
       0., 3.71609058e-04, 1.48643623e-03, 1.85804535e-03,
       7.43218116e-04, 3.71609069e-03, 2.22965423e-03, 7.43218116e-04,
       1.11482712e-03, 6.68896316e-03, 3.71609058e-04, 3.71609058e-04,
       2.60126335e-03, 2.97287246e-03, 3.71609058e-04, 0.,
       2.60126335e-03, 5.57413604e-03, 5.57413604e-03, 1.11482712e-03,
       0., 0., 1.48643623e-03, 7.43218116e-04, 1.11482712e-03,
       7.43218116e-04, 2.60126335e-03, 1.11482712e-03, 7.43218116e-04,
       1.11482712e-03, 7.43218116e-04, 3.71609058e-04, 2.22965423e-03,
       1.85804535e-03, 0., 3.71609058e-04, 1.11482712e-03,
       2.22965423e-03, 3.71609058e-04, 3.71609069e-03, 1.48643623e-03,
       2.60126335e-03, 3.34448158e-03, 1.11482712e-03, 7.43218116e-04,
       0., 2.22965423e-03, 4.08769958e-03, 7.43218116e-04,
       1.11482712e-03, 1.11482712e-03, 4.08769958e-03, 3.71609058e-04,
       2.22965423e-03, 0., 2.60126335e-03, 0., 1.85804535e-03,
       2.60126335e-03, 0., 0., 1.11482712e-03, 1.48643623e-03,
       1.11482712e-03, 1.11482712e-03, 2.97287246e-03, 3.71609058e-04,
       7.43218116e-04, 0., 3.71609058e-04, 0., 3.71609058e-04,
       3.71609058e-04, 3.71609058e-04, 7.43218116e-04, 1.11482712e-03,
       2.22965423e-03, 2.60126335e-03, 2.97287246e-03, 1.48643623e-03,
       3.34448158e-03, 1.11482712e-03, 3.71609058e-04, 0.,
       3.71609058e-04, 0., 7.43218116e-04, 2.60126335e-03,
       1.11482712e-03, 0., 1.85804535e-03, 5.94574492e-03,
       2.60126335e-03, 0., 0., 7.43218116e-04, 7.43218116e-04,
       1.11482712e-03, 1.11482712e-03, 1.11482712e-03, 7.43218116e-04,
       2.22965423e-03, 3.71609058e-04, 1.11482712e-03, 1.48643623e-03,
       7.43218116e-04, 0., 3.71609058e-04, 2.60126335e-03,
       5.20252669e-03, 7.43218116e-04, 1.11482712e-03, 1.48643623e-03,
       1.11482712e-03, 3.34448158e-03, 1.48643623e-03, 2.22965423e-03,
       2.60126335e-03, 2.22965423e-03, 0., 2.22965423e-03,
       3.71609058e-04, 7.43218116e-04, 0., 0., 7.43218116e-04,
       7.43218116e-04, 3.71609058e-04, 0., 1.11482712e-03,
       7.43218116e-04, 2.60126335e-03, 1.11482712e-03, 1.11482712e-03,
       3.71609058e-04, 1.48643623e-03, 1.48643623e-03, 2.60126335e-03,
       2.22965423e-03, 3.71609058e-04, 3.71609058e-04, 1.48643623e-03,
       7.43218116e-04, 3.71609058e-04, 1.48643623e-03, 3.34448158e-03,
       0., 1.48643623e-03, 7.43218116e-04, 1.48643623e-03,
       2.60126335e-03, 7.43218116e-04, 3.71609058e-04, 3.71609058e-04,
       0., 1.48643623e-03, 7.43218116e-04, 0., 7.43218116e-04,
       7.43218116e-04, 0., 3.34448158e-03, 1.48643623e-03,
       7.43218116e-04, 7.43218116e-04, 2.22965423e-03, 7.43218116e-04,
       7.43218116e-04, 3.71609058e-04, 3.71609058e-04, 1.85804535e-03,
       6.68896316e-03, 3.71609058e-04, 0., 3.71609058e-04,
       1.48643623e-03, 2.60126335e-03, 2.22965423e-03, 0.,
       1.11482712e-03, 3.34448158e-03, 3.71609058e-04, 3.71609058e-04,
       1.48643623e-03, 3.71609058e-04, 1.48643623e-03, 3.71609058e-04,
       7.43218116e-04, 1.85804535e-03, 0., 3.71609058e-04,
       1.48643623e-03, 7.43218116e-04, 7.43218116e-04, 1.11482712e-03,
       7.43218116e-04, 1.48643623e-03, 1.11482712e-03, 1.11482712e-03,
       4.08769958e-03, 1.48643623e-03, 0., 7.43218116e-04,
       2.22965423e-03, 4.45930846e-03, 7.43218116e-04, 3.71609058e-04,
       2.97287246e-03, 0., 7.80379027e-03, 3.71609058e-04,
       7.43218116e-04, 0., 1.11482712e-03, 1.85804535e-03, 0.,
       3.71609058e-04, 0., 0., 1.11482712e-03, 7.43218116e-04,
       7.43218116e-04, 7.43218116e-04, 1.11482712e-03, 1.11482712e-03,
       4.45930846e-03, 3.71609058e-04, 0., 1.85804535e-03,
       3.71609058e-04, 0., 3.34448158e-03, 1.48643623e-03,
       3.71609058e-04, 7.43218116e-04, 1.11482712e-03, 3.71609058e-04,
       0., 7.43218139e-03, 1.48643623e-03, 2.22965423e-03,
       7.43218116e-04, 3.71609058e-04, 0., 1.11482712e-03, 0.,
       3.71609058e-04, 1.85804535e-03, 3.71609058e-04, 1.48643623e-03,
       1.85804535e-03, 1.85804535e-03, 0., 0., 3.71609058e-04,
       3.71609058e-04, 1.48643623e-03, 1.11482712e-03, 3.71609058e-04,
       1.85804535e-03, 1.48643623e-03, 3.71609069e-03, 0.,
       3.71609058e-04, 1.11482712e-03, 1.48643623e-03, 7.43218116e-04,
       0., 1.11482712e-03, 2.60126335e-03, 7.43218116e-04,
       3.71609058e-04, 0., 8.17539915e-03, 0., 1.48643623e-03,
       7.43218116e-04, 0., 7.43218116e-04, 1.48643623e-03, 0.,
       7.43218116e-04, 1.11482712e-03, 0., 1.85804535e-03,
       3.71609058e-04, 7.43218116e-04, 3.71609058e-04, 7.43218116e-04,
       3.71609058e-04, 0., 0., 7.43218116e-04, 1.85804535e-03,
       2.60126335e-03, 7.43218116e-04, 1.85804535e-03, 1.48643623e-03,
       2.60126335e-03, 1.85804535e-03, 1.11482712e-03, 4.83091781e-03,
       7.43218116e-04, 0., 7.43218116e-04, 3.71609058e-04,
       2.22965423e-03, 3.71609058e-04, 1.48643623e-03, 0.,
       1.85804535e-03, 2.60126335e-03, 0., 1.48643623e-03,
       3.71609058e-04, 1.85804535e-03, 7.43218116e-04, 1.11482712e-03,
