%YAML:1.0
m50n: !!opencv-matrix
   rows: 1
   cols: 800
   dt: f
   data: [ 0., 2.69541796e-03, 2.69541796e-03, 8.98472616e-04,
       2.24618148e-03, 0., 0., 8.98472616e-04, 8.98472616e-04,
       2.69541796e-03, 1.34770898e-03, 4.49236308e-04, 0.,
       1.34770898e-03, 1.34770898e-03, 1.79694523e-03, 0.,
       4.49236308e-04, 4.49236308e-04, 1.79694523e-03, 2.69541796e-03,
       1.34770898e-03, 2.69541796e-03, 5.84007194e-03, 4.49236308e-04,
       8.98472616e-04, 4.49236308e-04, 0., 2.69541796e-03,
       8.98472616e-04, 3.59389046e-03, 4.49236308e-04, 3.14465421e-03,
       2.24618148e-03, 1.34770898e-03, 1.34770898e-03, 2.24618148e-03,
       4.49236308e-04, 1.34770898e-03, 0., 0., 4.49236308e-04,
       1.34770898e-03, 0., 8.98472616e-04, 1.79694523e-03,
       4.49236308e-04, 4.49236308e-04, 0., 0., 4.49236308e-04,
       1.34770898e-03, 1.79694523e-03, 2.24618148e-03, 8.98472616e-04,
       4.49236308e-04, 4.49236308e-04, 2.24618148e-03, 1.79694523e-03,
       4.49236308e-04, 2.24618148e-03, 2.24618148e-03, 0.,
       4.49236308e-04, 1.34770898e-03, 4.49236308e-04, 1.34770898e-03,
       2.69541796e-03, 0., 4.49236308e-04, 0., 4.49236308e-04, 0.,
       4.49236308e-04, 2.24618148e-03, 0., 0., 3.14465421e-03,
       8.98472616e-04, 3.14465421e-03, 0., 4.49236308e-04,
       4.49236308e-04, 8.98472616e-04, 1.34770898e-03, 4.04312694e-03,
       4.49236308e-04, 4.49236308e-04, 4.49236308e-04, 1.34770898e-03,
       8.98472616e-04, 1.34770898e-03, 4.49236308e-04, 1.34770898e-03,
       8.98472616e-04, 4.49236308e-04, 1.34770898e-03, 1.79694523e-03,
       4.49236308e-04, 4.49236308e-04, 8.98472616e-04, 1.79694523e-03,
       2.69541796e-03, 2.24618148e-03, 4.49236308e-04, 5.39083593e-03,
       8.98472616e-04, 8.98472616e-04, 1.34770898e-03, 4.49236308e-04,
       8.98472616e-04, 1.34770898e-03, 1.79694523e-03, 4.49236308e-04,
       1.34770898e-03, 4.49236308e-04, 1.79694523e-03, 0.,
       1.79694523e-03, 1.34770898e-03, 8.98472616e-04, 4.49236308e-04,
       3.59389046e-03, 3.14465421e-03, 0., 3.14465421e-03,
       3.59389046e-03, 1.34770898e-03, 3.59389046e-03, 1.34770898e-03,
       1.34770898e-03, 1.79694523e-03, 1.79694523e-03, 2.24618148e-03,
       8.98472616e-04, 8.98472616e-04, 0., 4.49236308e-04,
       8.98472616e-04, 5.39083593e-03, 8.98472616e-04, 4.49236308e-04,
       0., 8.98472616e-04, 4.49236308e-04, 0., 4.49236308e-04,
       1.34770898e-03, 0., 0., 0., 0., 8.98472616e-04, 8.98472616e-04,
       4.49236308e-04, 4.49236308e-04, 0., 1.79694523e-03, 0., 0.,
       8.98472616e-04, 1.34770898e-03, 8.98472616e-04, 1.79694523e-03,
       4.49236308e-04, 1.79694523e-03, 0., 2.24618148e-03,
       3.14465421e-03, 4.49236308e-04, 1.34770898e-03, 2.24618148e-03,
       1.34770898e-03, 0., 8.98472616e-04, 8.98472616e-04,
       8.98472616e-04, 1.79694523e-03, 2.24618148e-03, 0.,
       2.69541796e-03, 1.34770898e-03, 0., 0., 4.49236308e-04,
       4.49236308e-04, 2.69541796e-03, 1.79694523e-03, 4.49236308e-04,
       2.24618148e-03, 8.98472616e-04, 4.49236308e-04, 3.59389046e-03,
       1.34770898e-03, 0., 1.34770898e-03, 2.69541796e-03,
       3.59389046e-03, 2.24618148e-03, 1.34770898e-03, 1.34770898e-03,
       8.98472616e-04, 0., 3.59389046e-03, 8.98472616e-04,
       4.49236308e-04, 2.24618148e-03, 8.98472616e-04, 0.,
       8.98472616e-04, 8.98472616e-04, 1.34770898e-03, 1.34770898e-03,
       0., 4.49236308e-04, 2.24618148e-03, 8.98472616e-04,
       1.34770898e-03, 1.34770898e-03, 4.49236308e-04, 2.69541796e-03,
       0., 8.98472616e-04, 0., 1.34770898e-03, 8.98472616e-04,
       2.24618148e-03, 2.24618148e-03, 4.49236308e-04, 4.49236308e-04,
       1.34770898e-03, 8.98472616e-04, 4.49236308e-04, 3.14465421e-03,
       1.79694523e-03, 1.34770898e-03, 1.79694523e-03, 2.69541796e-03,
       8.98472616e-04, 2.69541796e-03, 8.98472616e-04, 3.14465421e-03,
       0., 1.79694523e-03, 1.79694523e-03, 1.79694523e-03,
       1.79694523e-03, 1.79694523e-03, 4.49236308e-04, 0.,
       4.49236308e-04, 2.69541796e-03, 1.34770898e-03, 8.98472616e-04,
       4.49236308e-04, 0., 0., 2.24618148e-03, 4.49236308e-04,
       2.24618148e-03, 4.49236308e-04, 1.79694523e-03, 0.,
       8.98472616e-04, 0., 1.79694523e-03, 1.34770898e-03,
       4.49236308e-04, 0., 8.98472616e-04, 1.79694523e-03,
       4.49236308e-04, 1.34770898e-03, 0., 1.34770898e-03, 0., 0.,
       8.98472616e-04, 0., 0., 1.34770898e-03, 4.49236308e-04,
       8.98472616e-04, 0., 1.34770898e-03, 2.24618148e-03,
       8.98472616e-04, 0., 4.49236308e-04, 1.79694523e-03,
       4.49236308e-04, 1.34770898e-03, 1.34770898e-03, 8.98472616e-04,
       3.59389046e-03, 3.14465421e-03, 2.69541796e-03, 1.34770898e-03,
       1.79694523e-03, 8.98472616e-04, 8.98472616e-04, 8.98472616e-04,
       8.98472616e-04, 6.73854444e-03, 0., 1.79694523e-03, 0.,
       1.79694523e-03, 2.69541796e-03, 3.59389046e-03, 4.49236296e-03,
       2.69541796e-03, 8.98472616e-04, 0., 4.49236308e-04,
       1.34770898e-03, 0., 4.49236308e-04, 1.34770898e-03,
       8.98472616e-04, 4.49236308e-04, 0., 0., 4.49236308e-04,
       1.34770898e-03, 4.49236308e-04, 4.49236308e-04, 0., 0.,
       1.79694523e-03, 8.98472616e-04, 0., 4.49236308e-04, 0.,
       1.34770898e-03, 4.49236308e-04, 4.04312694e-03, 1.79694523e-03,
       0., 1.34770898e-03, 1.34770898e-03, 2.69541796e-03,
       4.49236308e-04, 4.49236308e-04, 1.34770898e-03, 4.49236308e-04,
       1.34770898e-03, 8.98472616e-04, 1.34770898e-03, 1.34770898e-03,
       0., 8.98472616e-04, 8.98472616e-04, 1.34770898e-03,
       1.79694523e-03, 4.49236308e-04, 4.49236308e-04, 4.49236308e-04,
       4.49236308e-04, 8.98472616e-04, 2.24618148e-03, 1.34770898e-03,
       4.49236308e-04, 0., 2.69541796e-03, 4.94159944e-03, 0.,
       1.34770898e-03, 1.79694523e-03, 3.14465421e-03, 2.24618148e-03,
       2.69541796e-03, 4.49236308e-04, 4.49236308e-04, 1.34770898e-03,
       4.49236308e-04, 0., 4.49236308e-04, 4.49236308e-04,
       4.49236308e-04, 4.04312694e-03, 8.98472616e-04, 8.98472616e-04,
       4.49236308e-04, 1.79694523e-03, 4.49236308e-04, 8.98472616e-04,
       0., 4.49236308e-04, 8.98472616e-04, 2.24618148e-03,
       1.34770898e-03, 4.49236308e-04, 2.24618148e-03, 4.49236308e-04,
       1.34770898e-03, 3.14465421e-03, 4.49236308e-04, 0.,
       1.34770898e-03, 8.98472616e-04, 4.49236308e-04, 6.28930843e-03,
       3.14465421e-03, 1.34770898e-03, 1.79694523e-03, 1.79694523e-03,
       0., 1.34770898e-03, 1.34770898e-03, 0., 4.49236296e-03,
       4.49236308e-04, 8.98472616e-04, 4.49236308e-04, 4.49236308e-04,
       8.98472616e-04, 8.98472616e-04, 4.49236308e-04, 0.,
       8.98472616e-04, 1.34770898e-03, 1.34770898e-03, 0.,
       1.34770898e-03, 3.59389046e-03, 4.49236308e-04, 0.,
       1.34770898e-03, 2.24618148e-03, 1.34770898e-03, 1.79694523e-03,
       1.03324354e-02, 8.98472616e-04, 4.49236308e-04, 1.79694523e-03,
       0., 1.34770898e-03, 4.49236308e-04, 0., 1.79694523e-03,
       1.79694523e-03, 0., 1.79694523e-03, 2.24618148e-03,
       2.24618148e-03, 3.14465421e-03, 0., 0., 0., 4.49236308e-04,
       4.49236308e-04, 4.49236308e-04, 2.69541796e-03, 2.69541796e-03,
       4.49236308e-04, 0., 0., 8.98472616e-04, 4.49236308e-04,
       1.79694523e-03, 1.34770898e-03, 2.69541796e-03, 4.04312694e-03,
       1.34770898e-03, 0., 1.34770898e-03, 4.04312694e-03,
       1.34770898e-03, 1.79694523e-03, 8.98472616e-04, 0.,
       8.98472616e-04, 1.79694523e-03, 3.14465421e-03, 4.49236308e-04,
       1.79694523e-03, 0., 4.49236308e-04, 3.14465421e-03,
       1.34770898e-03, 0., 8.98472616e-04, 1.34770898e-03,
       4.49236308e-04, 4.49236308e-04, 1.34770898e-03, 4.49236308e-04,
       4.94159944e-03, 8.98472616e-04, 4.04312694e-03, 4.49236308e-04,
       1.34770898e-03, 4.04312694e-03, 1.34770898e-03, 2.69541796e-03,
       8.98472616e-04, 8.98472616e-04, 4.49236308e-04, 0.,
       4.49236308e-04, 4.04312694e-03, 1.34770898e-03, 8.98472616e-04,
       0., 6.28930843e-03, 2.24618148e-03, 8.98472616e-04,
