%YAML:1.0
m50n: !!opencv-matrix
   rows: 1
   cols: 800
   dt: f
   data: [ 1.48478104e-03, 1.48478104e-03, 2.59836670e-03,
       1.11358578e-03, 1.85597630e-03, 0., 3.71195260e-04, 0.,
       7.42390519e-04, 6.68151490e-03, 3.71195260e-04, 1.48478104e-03,
       3.71195260e-04, 2.22717156e-03, 1.11358578e-03, 2.96956208e-03,
       0., 0., 1.48478104e-03, 3.71195260e-04, 1.11358578e-03,
       3.71195260e-04, 2.59836670e-03, 4.82553849e-03, 3.71195260e-04,
       7.42390519e-04, 3.71195260e-04, 1.48478104e-03, 4.82553849e-03,
       2.22717156e-03, 2.22717156e-03, 2.22717156e-03, 7.42390519e-04,
       0., 3.71195260e-04, 3.71195260e-04, 7.42390519e-04, 0.,
       1.11358578e-03, 0., 1.48478104e-03, 0., 3.71195260e-04, 0.,
       1.11358578e-03, 3.71195260e-04, 1.11358578e-03, 2.59836670e-03,
       3.71195260e-04, 1.11358578e-03, 0., 2.22717156e-03,
       2.59836670e-03, 2.22717156e-03, 1.85597630e-03, 1.48478104e-03,
       3.71195260e-04, 1.85597630e-03, 3.71195260e-04, 0.,
       3.34075745e-03, 3.71195260e-04, 1.85597630e-03, 3.71195260e-04,
       1.11358578e-03, 0., 1.11358578e-03, 1.11358578e-03, 0.,
       7.42390519e-04, 7.42390519e-04, 0., 3.34075745e-03,
       3.71195260e-04, 5.19673340e-03, 0., 1.11358578e-03,
       1.11358578e-03, 3.71195260e-04, 1.85597630e-03, 7.42390519e-04,
       2.96956208e-03, 2.22717156e-03, 7.42390519e-04, 7.42390519e-04,
       1.11358578e-03, 3.71195260e-04, 2.22717156e-03, 1.48478104e-03,
       1.11358578e-03, 3.71195260e-04, 3.34075745e-03, 7.42390519e-04,
       0., 0., 0., 1.11358578e-03, 2.96956208e-03, 0., 3.71195260e-04,
       3.71195260e-04, 7.42390519e-04, 1.11358578e-03, 1.85597630e-03,
       0., 4.45434311e-03, 1.11358578e-03, 1.48478104e-03,
       2.96956208e-03, 7.42390519e-04, 3.71195260e-04, 3.71195260e-04,
       1.11358578e-03, 0., 0., 7.42390519e-04, 3.34075745e-03,
       1.11358578e-03, 7.42390519e-04, 1.11358578e-03, 3.71195260e-04,
       0., 0., 4.82553849e-03, 0., 2.96956208e-03, 1.48478104e-03,
       3.71195260e-04, 2.22717156e-03, 1.11358578e-03, 4.82553849e-03,
       1.48478104e-03, 2.22717156e-03, 2.22717156e-03, 1.11358578e-03,
       3.71195260e-04, 1.48478104e-03, 0., 7.42390519e-04,
       3.71195260e-04, 1.11358578e-03, 3.71195260e-04, 0.,
       1.11358578e-03, 0., 0., 3.71195260e-04, 3.71195260e-04,
       1.48478104e-03, 3.71195260e-04, 1.85597630e-03, 0.,
       7.42390519e-04, 1.11358578e-03, 0., 3.71195260e-03,
       1.85597630e-03, 1.48478104e-03, 0., 1.11358578e-03,
       3.71195260e-04, 2.22717156e-03, 7.42390519e-04, 1.11358578e-03,
       1.11358578e-03, 0., 0., 1.11358578e-03, 0., 0., 1.48478104e-03,
       1.48478104e-03, 0., 0., 0., 1.48478104e-03, 1.85597630e-03,
       1.48478104e-03, 1.48478104e-03, 3.71195260e-04, 4.45434311e-03,
       1.85597630e-03, 1.85597630e-03, 7.42390519e-04, 1.48478104e-03,
       0., 1.48478104e-03, 0., 0., 2.22717156e-03, 2.22717156e-03,
       1.48478104e-03, 1.85597630e-03, 7.42390519e-04, 3.71195260e-04,
       0., 1.48478104e-03, 1.85597630e-03, 1.48478104e-03,
       2.59836670e-03, 1.85597630e-03, 1.11358578e-03, 1.85597630e-03,
       8.90868623e-03, 3.71195260e-04, 3.71195260e-04, 2.22717156e-03,
       3.34075745e-03, 0., 7.42390519e-04, 2.22717156e-03,
       5.56792878e-03, 4.82553849e-03, 1.85597630e-03, 0., 0.,
       7.42390519e-04, 7.42390519e-04, 7.42390519e-04, 7.42390519e-04,
       1.85597630e-03, 0., 3.71195260e-04, 1.48478104e-03,
       7.42390519e-04, 3.71195260e-04, 1.48478104e-03, 1.48478104e-03,
       0., 1.11358578e-03, 7.42390519e-04, 1.11358578e-03,
       7.42390519e-04, 4.08314774e-03, 1.85597630e-03, 2.96956208e-03,
       4.45434311e-03, 1.85597630e-03, 1.11358578e-03, 0.,
       1.85597630e-03, 2.59836670e-03, 3.71195260e-04, 1.11358578e-03,
       7.42390519e-04, 3.71195260e-03, 3.71195260e-04, 2.59836670e-03,
       0., 1.85597630e-03, 0., 1.11358578e-03, 3.71195260e-03,
       3.71195260e-04, 0., 1.48478104e-03, 1.48478104e-03,
       7.42390519e-04, 1.11358578e-03, 2.22717156e-03, 0.,
       1.11358578e-03, 0., 0., 0., 1.11358578e-03, 3.71195260e-04,
       3.71195260e-04, 3.71195260e-04, 1.48478104e-03, 2.22717156e-03,
       2.22717156e-03, 2.22717156e-03, 3.71195260e-04, 2.59836670e-03,
       1.11358578e-03, 3.71195260e-04, 0., 3.71195260e-04,
       3.71195260e-04, 7.42390519e-04, 7.42390519e-04, 7.42390519e-04,
       0., 2.59836670e-03, 5.19673340e-03, 2.22717156e-03,
       3.71195260e-04, 0., 7.42390519e-04, 7.42390519e-04,
       3.71195260e-04, 7.42390519e-04, 7.42390519e-04, 3.71195260e-04,
       2.22717156e-03, 7.42390519e-04, 3.71195260e-04, 1.85597630e-03,
       1.11358578e-03, 0., 0., 2.22717156e-03, 5.19673340e-03,
       3.71195260e-04, 1.11358578e-03, 1.48478104e-03, 3.71195260e-04,
       3.34075745e-03, 1.48478104e-03, 1.48478104e-03, 3.34075745e-03,
       2.96956208e-03, 3.71195260e-04, 1.85597630e-03, 1.48478104e-03,
       0., 0., 0., 3.71195260e-04, 3.71195260e-04, 3.71195260e-04,
       3.71195260e-04, 3.71195260e-04, 7.42390519e-04, 7.42390519e-04,
       1.85597630e-03, 7.42390519e-04, 7.42390519e-04, 2.22717156e-03,
       1.85597630e-03, 2.59836670e-03, 2.59836670e-03, 1.11358578e-03,
       3.71195260e-04, 1.11358578e-03, 7.42390519e-04, 7.42390519e-04,
       1.48478104e-03, 2.59836670e-03, 0., 1.85597630e-03,
       1.11358578e-03, 1.11358578e-03, 2.22717156e-03, 3.71195260e-04,
       7.42390519e-04, 3.71195260e-04, 3.71195260e-04, 7.42390519e-04,
       7.42390519e-04, 3.71195260e-04, 3.71195260e-04, 7.42390519e-04,
       0., 2.22717156e-03, 1.48478104e-03, 3.71195260e-04,
       7.42390519e-04, 1.48478104e-03, 7.42390519e-04, 1.11358578e-03,
       7.42390519e-04, 7.42390519e-04, 2.59836670e-03, 7.42390519e-03,
       3.71195260e-04, 0., 3.71195260e-04, 1.11358578e-03,
       2.59836670e-03, 1.85597630e-03, 0., 1.11358578e-03,
       2.59836670e-03, 3.71195260e-04, 3.71195260e-04, 1.11358578e-03,
       3.71195260e-04, 1.85597630e-03, 3.71195260e-04, 1.11358578e-03,
       1.48478104e-03, 1.11358578e-03, 3.71195260e-04, 1.48478104e-03,
       2.22717156e-03, 1.48478104e-03, 1.48478104e-03, 7.42390519e-04,
       1.48478104e-03, 1.85597630e-03, 7.42390519e-04, 3.34075745e-03,
       1.48478104e-03, 0., 3.71195260e-04, 2.22717156e-03,
       4.45434311e-03, 7.42390519e-04, 0., 2.59836670e-03,
       3.71195260e-04, 8.16629548e-03, 0., 1.11358578e-03, 0.,
       1.11358578e-03, 1.85597630e-03, 3.71195260e-04, 1.11358578e-03,
       3.71195260e-04, 0., 7.42390519e-04, 7.42390519e-04,
       7.42390519e-04, 7.42390519e-04, 1.11358578e-03, 1.11358578e-03,
       6.31031953e-03, 3.71195260e-04, 3.71195260e-04, 1.85597630e-03,
       3.71195260e-04, 0., 2.59836670e-03, 1.11358578e-03,
       7.42390519e-04, 3.71195260e-04, 1.11358578e-03, 0., 0.,
       1.15070529e-02, 7.42390519e-04, 2.22717156e-03, 7.42390519e-04,
       7.42390519e-04, 0., 1.85597630e-03, 0., 3.71195260e-04,
       1.85597630e-03, 3.71195260e-04, 1.48478104e-03, 1.85597630e-03,
       1.48478104e-03, 0., 3.71195260e-04, 3.71195260e-04,
       3.71195260e-04, 3.71195260e-04, 7.42390519e-04, 3.71195260e-04,
       1.85597630e-03, 1.85597630e-03, 2.59836670e-03, 0., 0.,
       1.11358578e-03, 7.42390519e-04, 1.11358578e-03, 0.,
       1.11358578e-03, 2.22717156e-03, 1.11358578e-03, 1.11358578e-03,
       0., 6.68151490e-03, 0., 7.42390519e-04, 1.11358578e-03, 0.,
       7.42390519e-04, 7.42390519e-04, 0., 7.42390519e-04,
       1.11358578e-03, 0., 2.22717156e-03, 3.71195260e-04,
       3.71195260e-04, 7.42390519e-04, 3.71195260e-04, 1.11358578e-03,
       3.71195260e-04, 0., 7.42390519e-04, 1.85597630e-03,
       1.85597630e-03, 7.42390519e-04, 2.22717156e-03, 7.42390519e-04,
       1.85597630e-03, 1.85597630e-03, 3.71195260e-04, 4.45434311e-03,
       1.11358578e-03, 0., 7.42390519e-04, 3.71195260e-04,
       2.22717156e-03, 7.42390519e-04, 1.11358578e-03, 0.,
       2.59836670e-03, 2.96956208e-03, 0., 1.48478104e-03,
