%YAML:1.0
m50n: !!opencv-matrix
   rows: 1
   cols: 800
   dt: f
   data: [ 4.02414473e-04, 8.04828946e-04, 8.04828946e-04,
       1.20724342e-03, 2.01207236e-03, 0., 8.04828946e-04,
       8.04828946e-04, 1.60965789e-03, 4.82897367e-03, 4.82897367e-03,
       1.20724342e-03, 0., 2.41448684e-03, 8.04828946e-04,
       3.21931578e-03, 2.01207236e-03, 3.21931578e-03, 0.,
       1.20724342e-03, 1.60965789e-03, 2.01207236e-03, 2.41448684e-03,
       4.02414473e-04, 2.41448684e-03, 8.04828946e-04, 8.04828946e-04,
       8.04828946e-04, 2.81690131e-03, 8.04828946e-04, 2.41448684e-03,
       1.20724342e-03, 2.01207236e-03, 2.01207236e-03, 1.20724342e-03,
       2.81690131e-03, 1.20724342e-03, 4.02414473e-04, 1.20724342e-03,
       0., 4.02414473e-04, 1.60965789e-03, 3.62173025e-03,
       8.04828946e-04, 0., 2.01207236e-03, 4.02414473e-04,
       2.81690131e-03, 8.04828946e-04, 0., 2.01207236e-03,
       1.20724342e-03, 1.60965789e-03, 4.02414473e-04, 4.02414473e-04,
       1.20724342e-03, 8.04828946e-04, 8.04828946e-04, 8.04828946e-04,
       1.20724342e-03, 2.81690131e-03, 1.60965789e-03, 1.20724342e-03,
       1.60965789e-03, 3.21931578e-03, 4.02414473e-04, 1.60965789e-03,
       0., 1.20724342e-03, 1.60965789e-03, 0., 1.60965789e-03,
       4.02414473e-04, 1.20724342e-03, 8.04828946e-04, 1.20724342e-03,
       0., 3.62173025e-03, 3.62173025e-03, 2.41448684e-03,
       2.81690131e-03, 0., 4.02414473e-03, 4.02414473e-04, 0.,
       2.01207236e-03, 0., 4.02414473e-04, 5.23138791e-03,
       2.01207236e-03, 0., 1.20724342e-03, 8.04828946e-04,
       4.02414473e-04, 1.60965789e-03, 8.04828946e-04, 4.02414473e-04,
       8.04828946e-04, 2.81690131e-03, 0., 4.02414473e-04,
       4.02414473e-04, 3.21931578e-03, 0., 4.02414473e-04,
       3.62173025e-03, 1.60965789e-03, 8.04828946e-04, 0.,
       2.41448684e-03, 2.01207236e-03, 3.21931578e-03, 1.20724342e-03,
       4.02414473e-04, 1.20724342e-03, 8.04828946e-04, 4.02414473e-04,
       4.02414473e-04, 0., 0., 8.04828946e-04, 8.04828946e-04,
       4.42655943e-03, 4.42655943e-03, 0., 4.02414473e-04,
       1.60965789e-03, 1.20724342e-03, 4.82897367e-03, 4.02414473e-04,
       8.04828946e-04, 8.04828946e-04, 2.81690131e-03, 4.02414473e-04,
       2.01207236e-03, 0., 2.01207236e-03, 4.02414473e-04,
       1.20724342e-03, 2.41448684e-03, 3.62173025e-03, 1.20724342e-03,
       0., 8.04828946e-04, 8.04828946e-04, 0., 8.04828946e-04,
       4.02414473e-04, 4.02414473e-04, 0., 0., 0., 1.60965789e-03,
       1.60965789e-03, 4.02414473e-04, 0., 0., 2.01207236e-03, 0.,
       2.41448684e-03, 0., 1.60965789e-03, 8.04828946e-04,
       1.20724342e-03, 0., 2.41448684e-03, 0., 8.04828946e-04,
       1.60965789e-03, 4.02414473e-04, 4.02414473e-04, 0.,
       4.02414473e-04, 0., 1.60965789e-03, 0., 0., 2.01207236e-03,
       2.01207236e-03, 1.20724342e-03, 4.02414473e-03, 4.02414473e-03,
       1.60965789e-03, 1.20724342e-03, 3.21931578e-03, 4.02414473e-04,
       2.81690131e-03, 4.02414473e-04, 0., 4.02414473e-04,
       1.20724342e-03, 8.04828946e-04, 4.02414473e-04, 4.02414473e-04,
       4.02414473e-04, 3.21931578e-03, 2.41448684e-03, 1.60965789e-03,
       4.02414473e-04, 4.02414473e-04, 8.04828946e-04, 2.01207236e-03,
       4.42655943e-03, 1.60965789e-03, 4.02414473e-04, 2.41448684e-03,
       2.41448684e-03, 8.04828946e-04, 2.01207236e-03, 4.02414473e-04,
       2.81690131e-03, 8.04828946e-04, 0., 3.21931578e-03,
       8.04828946e-04, 1.60965789e-03, 2.81690131e-03, 1.20724342e-03,
       0., 8.04828946e-04, 1.20724342e-03, 2.01207236e-03,
       1.20724342e-03, 1.60965789e-03, 2.41448684e-03, 2.01207236e-03,
       1.20724342e-03, 8.04828946e-04, 8.04828946e-04, 8.04828946e-04,
       4.02414473e-04, 4.02414473e-04, 2.01207236e-03, 1.60965789e-03,
       3.21931578e-03, 8.04828946e-04, 3.62173025e-03, 8.04828946e-04,
       2.41448684e-03, 4.02414473e-04, 1.60965789e-03, 8.04828946e-04,
       0., 4.02414473e-04, 0., 4.02414473e-04, 1.20724342e-03,
       1.60965789e-03, 4.02414473e-04, 3.21931578e-03, 2.01207236e-03,
       4.42655943e-03, 1.20724342e-03, 8.04828946e-04, 4.02414473e-04,
       1.60965789e-03, 4.02414473e-03, 8.04828946e-04, 2.41448684e-03,
       2.41448684e-03, 3.62173025e-03, 1.20724342e-03, 0.,
       2.41448684e-03, 3.62173025e-03, 2.41448684e-03, 8.04828946e-04,
       0., 0., 0., 1.20724342e-03, 0., 2.41448684e-03, 1.20724342e-03,
       8.04828946e-04, 1.20724342e-03, 8.04828946e-04, 2.81690131e-03,
       0., 8.04828946e-04, 4.02414473e-04, 1.60965789e-03,
       2.01207236e-03, 4.02414473e-04, 1.20724342e-03, 2.81690131e-03,
       0., 2.41448684e-03, 8.04828946e-04, 2.01207236e-03,
       8.04828946e-04, 4.02414473e-04, 1.60965789e-03, 8.04828946e-04,
       1.60965789e-03, 2.41448684e-03, 4.02414473e-03, 1.60965789e-03,
       1.60965789e-03, 3.21931578e-03, 2.41448684e-03, 1.20724342e-03,
       2.81690131e-03, 0., 0., 3.21931578e-03, 0., 4.02414473e-03,
       2.81690131e-03, 4.02414473e-04, 2.01207236e-03, 0.,
       8.04828946e-04, 8.04828946e-04, 4.02414473e-04, 1.20724342e-03,
       1.20724342e-03, 1.20724342e-03, 8.04828946e-04, 2.01207236e-03,
       2.01207236e-03, 1.20724342e-03, 1.20724342e-03, 4.02414473e-04,
       4.02414473e-04, 4.02414473e-04, 2.01207236e-03, 4.02414473e-04,
       0., 2.41448684e-03, 2.81690131e-03, 0., 1.60965789e-03,
       2.01207236e-03, 2.01207236e-03, 1.20724342e-03, 1.20724342e-03,
       1.20724342e-03, 1.20724342e-03, 4.02414473e-04, 3.62173025e-03,
       0., 2.41448684e-03, 2.01207236e-03, 4.02414473e-04,
       4.02414473e-03, 4.42655943e-03, 2.01207236e-03, 8.04828946e-04,
       8.04828946e-04, 0., 0., 4.02414473e-04, 1.20724342e-03,
       1.20724342e-03, 0., 3.21931578e-03, 4.02414473e-04,
       2.01207236e-03, 2.81690131e-03, 4.02414473e-03, 2.01207236e-03,
       4.02414473e-03, 0., 4.02414473e-04, 1.60965789e-03,
       1.60965789e-03, 8.04828946e-04, 0., 1.20724342e-03,
       2.01207236e-03, 2.41448684e-03, 1.20724342e-03, 8.04828946e-04,
       2.01207236e-03, 0., 1.60965789e-03, 0., 8.04828946e-04, 0.,
       1.20724342e-03, 0., 8.04828946e-04, 0., 0., 1.20724342e-03,
       4.02414473e-04, 8.04828946e-04, 1.60965789e-03, 1.20724342e-03,
       1.20724342e-03, 1.20724342e-03, 8.04828946e-04, 1.20724342e-03,
       8.04828946e-04, 1.20724342e-03, 2.01207236e-03, 8.04828946e-04,
       8.04828946e-04, 1.20724342e-03, 0., 4.02414473e-03,
       1.20724342e-03, 4.02414473e-04, 2.01207236e-03, 2.81690131e-03,
       2.81690131e-03, 8.04828946e-04, 0., 8.04828946e-04, 0.,
       2.01207236e-03, 4.02414473e-04, 7.64587522e-03, 2.01207236e-03,
       0., 0., 8.04828946e-04, 0., 4.02414473e-04, 1.20724342e-03,
       8.04828946e-04, 1.60965789e-03, 4.02414473e-04, 8.04828946e-04,
       0., 0., 0., 2.41448684e-03, 2.01207236e-03, 4.02414473e-04,
       2.01207236e-03, 2.81690131e-03, 0., 8.04828946e-04, 0., 0., 0.,
       4.42655943e-03, 0., 4.02414473e-04, 8.04828946e-04,
       2.01207236e-03, 8.04828946e-04, 0., 2.01207236e-03,
       8.04828946e-04, 4.02414473e-04, 8.04828946e-04, 2.01207236e-03,
       4.02414473e-04, 0., 0., 0., 8.04828946e-04, 8.04828946e-04,
       4.02414473e-04, 8.04828946e-04, 4.02414473e-04, 2.01207236e-03,
       1.20724342e-03, 2.01207236e-03, 4.02414473e-04, 8.04828946e-04,
       2.01207236e-03, 4.02414473e-04, 4.02414473e-04, 2.01207236e-03,
       1.20724342e-03, 3.21931578e-03, 0., 4.02414473e-04,
       3.62173025e-03, 1.20724342e-03, 1.20724342e-03, 1.20724342e-03,
       1.60965789e-03, 2.81690131e-03, 1.60965789e-03, 2.41448684e-03,
       2.01207236e-03, 4.02414473e-04, 8.04828946e-04, 1.60965789e-03,
       3.62173025e-03, 1.20724342e-03, 8.04828946e-04, 1.60965789e-03,
       2.41448684e-03, 2.41448684e-03, 2.01207236e-03, 4.02414473e-04,
       1.20724342e-03, 2.01207236e-03, 4.02414473e-04, 1.60965789e-03,
       3.21931578e-03, 0., 1.20724342e-03, 0., 4.02414473e-04,
       1.20724342e-03, 4.02414473e-04, 4.42655943e-03, 1.60965789e-03,
