%YAML:1.0
m50n: !!opencv-matrix
   rows: 1
   cols: 800
   dt: f
   data: [ 1.19189511e-03, 3.17838695e-03, 2.78108846e-03,
       1.98649196e-03, 2.78108846e-03, 0., 3.97298369e-04, 0.,
       3.97298369e-04, 1.98649196e-03, 7.94596737e-04, 1.19189511e-03,
       3.57568543e-03, 3.97298392e-03, 3.97298369e-04, 1.19189511e-03,
       1.98649196e-03, 0., 1.19189511e-03, 1.98649196e-03,
       7.94596737e-04, 1.98649196e-03, 1.19189511e-03, 7.94596737e-04,
       1.19189511e-03, 7.94596737e-04, 7.94596737e-04, 2.38379021e-03,
       2.78108846e-03, 2.38379021e-03, 1.19189511e-03, 1.98649196e-03,
       0., 3.97298369e-04, 3.97298369e-04, 7.94596737e-04, 0., 0.,
       1.98649196e-03, 0., 1.98649196e-03, 1.58919347e-03,
       3.97298369e-04, 1.19189511e-03, 1.58919347e-03, 1.58919347e-03,
       1.19189511e-03, 1.19189511e-03, 0., 3.97298369e-04,
       2.38379021e-03, 3.97298369e-04, 0., 1.19189511e-03,
       1.98649196e-03, 1.98649196e-03, 1.19189511e-03, 2.78108846e-03,
       1.19189511e-03, 7.94596737e-04, 4.76758042e-03, 3.97298369e-04,
       7.94596737e-04, 1.19189511e-03, 3.97298369e-04, 0.,
       3.97298369e-04, 7.94596737e-04, 1.58919347e-03, 0.,
       1.58919347e-03, 0., 1.58919347e-03, 7.94596737e-04,
       1.58919347e-03, 7.94596737e-04, 1.19189511e-03, 7.94596737e-04,
       1.98649196e-03, 1.58919347e-03, 3.97298369e-04, 3.97298369e-04,
       1.58919347e-03, 7.94596737e-04, 3.57568543e-03, 7.94596737e-04,
       1.19189511e-03, 2.38379021e-03, 1.19189511e-03, 2.78108846e-03,
       1.19189511e-03, 7.94596737e-04, 1.19189511e-03, 3.97298369e-04,
       1.19189511e-03, 3.97298369e-04, 3.97298369e-04, 1.58919347e-03,
       3.97298369e-04, 0., 7.94596737e-04, 1.19189511e-03,
       1.58919347e-03, 5.16487891e-03, 1.19189511e-03, 7.94596784e-03,
       3.97298392e-03, 0., 1.19189511e-03, 1.19189511e-03,
       3.97298369e-04, 7.94596737e-04, 1.15216523e-02, 3.97298369e-04,
       3.97298392e-03, 3.97298369e-04, 7.94596737e-04, 3.97298369e-04,
       5.95947541e-03, 0., 3.97298369e-04, 1.19189511e-03,
       3.97298369e-04, 3.97298369e-04, 0., 3.97298369e-04,
       3.17838695e-03, 1.58919347e-03, 3.97298392e-03, 0.,
       3.57568543e-03, 1.58919347e-03, 1.98649196e-03, 1.58919347e-03,
       1.58919347e-03, 0., 3.97298369e-04, 1.58919347e-03, 0.,
       2.38379021e-03, 1.98649196e-03, 2.78108846e-03, 7.94596737e-04,
       7.94596737e-04, 3.97298369e-04, 0., 3.97298369e-04,
       2.38379021e-03, 0., 7.94596737e-04, 2.38379021e-03, 0.,
       3.97298369e-04, 1.98649196e-03, 0., 5.56217693e-03,
       7.94596737e-04, 3.97298369e-04, 3.97298369e-04, 0., 0.,
       4.37028194e-03, 7.94596737e-04, 1.58919347e-03, 1.19189511e-03,
       0., 0., 7.94596737e-04, 0., 0., 1.19189511e-03, 1.98649196e-03,
       7.94596737e-04, 7.94596737e-04, 3.97298369e-04, 1.19189511e-03,
       3.57568543e-03, 1.58919347e-03, 7.94596737e-04, 3.97298369e-04,
       7.94596737e-04, 1.98649196e-03, 2.78108846e-03, 7.94596737e-04,
       1.98649196e-03, 1.58919347e-03, 1.98649196e-03, 3.97298369e-04,
       0., 1.19189511e-03, 1.58919347e-03, 1.19189511e-03,
       1.19189511e-03, 3.97298369e-04, 0., 4.37028194e-03,
       1.98649196e-03, 7.94596737e-04, 1.19189511e-03, 0.,
       3.57568543e-03, 1.98649196e-03, 1.19189511e-03, 2.38379021e-03,
       0., 1.98649196e-03, 1.19189511e-03, 7.94596737e-04,
       3.97298369e-04, 3.97298369e-04, 3.17838695e-03, 1.58919347e-03,
       7.94596737e-04, 3.97298369e-04, 7.94596737e-04, 0., 0., 0.,
       1.58919347e-03, 1.98649196e-03, 2.78108846e-03, 3.97298369e-04,
       1.58919347e-03, 1.58919347e-03, 2.38379021e-03, 1.58919347e-03,
       7.94596737e-04, 0., 0., 3.97298392e-03, 1.58919347e-03,
       2.38379021e-03, 0., 1.58919347e-03, 7.94596737e-04,
       1.98649196e-03, 3.97298392e-03, 1.19189511e-03, 1.58919347e-03,
       2.78108846e-03, 1.58919347e-03, 3.17838695e-03, 1.19189511e-03,
       1.98649196e-03, 0., 1.19189511e-03, 3.57568543e-03,
       1.19189511e-03, 0., 3.97298392e-03, 0., 7.94596737e-04,
       2.38379021e-03, 1.58919347e-03, 7.94596737e-04, 2.38379021e-03,
       7.94596737e-04, 1.58919347e-03, 1.58919347e-03, 4.37028194e-03,
       1.98649196e-03, 7.94596737e-04, 7.94596737e-04, 7.94596737e-04,
       7.94596737e-04, 2.38379021e-03, 0., 7.94596737e-04, 0.,
       3.97298369e-04, 2.38379021e-03, 7.94596737e-04, 3.97298369e-04,
       1.19189511e-03, 0., 3.97298369e-04, 0., 0., 1.19189511e-03,
       1.19189511e-03, 7.94596737e-04, 2.38379021e-03, 1.19189511e-03,
       7.94596737e-04, 1.58919347e-03, 1.19189511e-03, 0.,
       1.19189511e-03, 3.97298369e-04, 3.97298369e-04, 0.,
       2.78108846e-03, 7.94596737e-04, 7.94596737e-04, 1.58919347e-03,
       1.19189511e-03, 4.37028194e-03, 3.97298369e-04, 7.94596737e-04,
       3.97298369e-04, 1.19189511e-03, 1.98649196e-03, 3.97298369e-04,
       1.19189511e-03, 0., 3.97298369e-04, 1.58919347e-03,
       3.97298369e-04, 7.94596737e-04, 1.98649196e-03, 1.98649196e-03,
       3.97298369e-04, 3.97298369e-04, 0., 2.78108846e-03,
       5.16487891e-03, 1.98649196e-03, 1.19189511e-03, 0.,
       1.58919347e-03, 1.58919347e-03, 7.94596737e-04, 0.,
       1.98649196e-03, 0., 7.94596737e-04, 3.57568543e-03,
       1.98649196e-03, 0., 2.38379021e-03, 1.58919347e-03,
       3.97298369e-04, 3.97298369e-04, 1.19189511e-03, 1.98649196e-03,
       1.58919347e-03, 3.17838695e-03, 0., 3.97298369e-04,
       7.94596737e-04, 1.19189511e-03, 7.94596737e-04, 2.78108846e-03,
       2.78108846e-03, 2.38379021e-03, 3.97298369e-04, 1.58919347e-03,
       0., 3.97298369e-04, 1.58919347e-03, 1.19189511e-03,
       1.98649196e-03, 0., 1.58919347e-03, 0., 2.38379021e-03,
       2.78108846e-03, 7.94596737e-04, 2.38379021e-03, 1.19189511e-03,
       1.19189511e-03, 7.94596737e-04, 0., 0., 2.78108846e-03,
       1.98649196e-03, 1.98649196e-03, 0., 0., 7.94596737e-04,
       1.19189511e-03, 2.38379021e-03, 3.97298369e-04, 1.19189511e-03,
       7.94596737e-04, 0., 0., 1.58919347e-03, 0., 3.97298369e-04,
       3.97298369e-04, 0., 7.94596737e-04, 7.94596737e-04, 0.,
       1.98649196e-03, 1.19189511e-03, 1.58919347e-03, 3.97298369e-04,
       1.98649196e-03, 2.38379021e-03, 1.58919347e-03, 0.,
       1.58919347e-03, 1.98649196e-03, 7.94596737e-04, 7.94596737e-04,
       2.38379021e-03, 2.78108846e-03, 0., 1.19189511e-03,
       1.58919347e-03, 3.97298369e-04, 1.19189511e-03, 1.19189511e-03,
       7.94596737e-04, 7.94596737e-04, 1.19189511e-03, 1.98649196e-03,
       3.97298369e-04, 1.58919347e-03, 1.58919347e-03, 1.58919347e-03,
       3.17838695e-03, 0., 3.97298369e-04, 3.97298369e-04,
       3.57568543e-03, 3.97298369e-04, 2.38379021e-03, 1.58919347e-03,
       3.97298369e-04, 3.97298369e-04, 0., 0., 1.98649196e-03,
       7.94596737e-04, 1.19189511e-03, 0., 7.94596737e-04, 0., 0.,
       6.75407238e-03, 1.58919347e-03, 3.97298392e-03, 1.19189511e-03,
       0., 0., 0., 0., 7.94596737e-04, 3.97298369e-04, 0.,
       1.98649196e-03, 1.19189511e-03, 3.97298369e-04, 3.97298369e-04,
       1.19189511e-03, 1.58919347e-03, 7.94596737e-04, 1.58919347e-03,
       3.97298369e-04, 3.97298369e-04, 1.58919347e-03, 1.19189511e-03,
       7.94596737e-04, 1.19189511e-03, 0., 7.94596737e-04,
       1.98649196e-03, 7.94596737e-04, 3.97298369e-04, 3.97298369e-04,
       3.97298369e-04, 1.58919347e-03, 3.97298369e-04, 0.,
       1.98649196e-03, 7.94596737e-04, 1.98649196e-03, 1.19189511e-03,
       7.94596737e-04, 1.58919347e-03, 1.58919347e-03, 7.94596737e-04,
       1.58919347e-03, 3.97298369e-04, 0., 0., 3.17838695e-03,
       3.97298369e-04, 3.97298369e-04, 0., 1.58919347e-03, 0., 0.,
       7.94596737e-04, 0., 1.98649196e-03, 1.19189511e-03,
       2.38379021e-03, 3.97298369e-04, 1.98649196e-03, 1.58919347e-03,
       7.94596737e-04, 3.57568543e-03, 7.94596737e-04, 0., 0., 0.,
       3.57568543e-03, 0., 1.19189511e-03, 1.58919347e-03,
       1.19189511e-03, 9.93245933e-03, 3.97298369e-04, 0., 0.,
       3.57568543e-03, 1.98649196e-03, 3.97298369e-04, 7.94596737e-04,
