%YAML:1.0
m50n: !!opencv-matrix
   rows: 1
   cols: 800
   dt: f
   data: [ 7.13012472e-04, 7.13012472e-04, 3.56506230e-03,
       3.56506236e-04, 1.42602494e-03, 1.42602494e-03, 1.78253115e-03,
       0., 7.13012472e-04, 2.85204989e-03, 3.56506236e-04,
       1.06951874e-03, 1.78253115e-03, 3.56506236e-04, 2.85204989e-03,
       2.49554357e-03, 7.13012472e-04, 2.13903747e-03, 3.56506236e-04,
       7.13012472e-04, 2.13903747e-03, 1.42602494e-03, 1.78253115e-03,
       8.19964334e-03, 3.56506236e-04, 3.56506236e-04, 3.56506236e-04,
       2.13903747e-03, 7.13012461e-03, 1.78253115e-03, 2.85204989e-03,
       7.13012472e-04, 2.49554357e-03, 0., 0., 2.13903747e-03,
       7.13012472e-04, 3.56506236e-04, 0., 0., 1.42602494e-03,
       7.13012472e-04, 0., 1.06951874e-03, 2.49554357e-03,
       2.49554357e-03, 7.13012472e-04, 2.13903747e-03, 1.42602494e-03,
       7.13012472e-04, 7.13012472e-04, 7.13012472e-04, 2.13903747e-03,
       7.13012472e-04, 1.42602494e-03, 1.78253115e-03, 0.,
       1.06951874e-03, 2.13903747e-03, 3.56506236e-04, 2.13903747e-03,
       1.78253115e-03, 3.56506236e-04, 7.13012472e-04, 2.49554357e-03,
       0., 4.99108713e-03, 7.13012472e-04, 2.49554357e-03,
       1.06951874e-03, 1.06951874e-03, 1.42602494e-03, 1.78253115e-03,
       7.13012472e-04, 3.20855621e-03, 7.13012472e-04, 0.,
       3.56506230e-03, 1.06951874e-03, 7.13012472e-04, 1.42602494e-03,
       7.13012472e-04, 7.13012472e-04, 1.78253115e-03, 3.56506236e-04,
       1.06951874e-03, 1.78253115e-03, 2.49554357e-03, 1.06951874e-03,
       3.56506236e-04, 3.56506236e-04, 2.85204989e-03, 7.13012472e-04,
       7.13012472e-04, 7.13012472e-04, 0., 7.13012472e-04,
       7.13012472e-04, 1.06951874e-03, 7.13012472e-04, 7.13012472e-04,
       3.56506236e-04, 1.42602494e-03, 3.56506230e-03, 0.,
       3.20855621e-03, 0., 3.56506236e-04, 2.49554357e-03,
       3.20855621e-03, 1.78253115e-03, 3.56506236e-04, 1.78253115e-03,
       0., 1.42602494e-03, 3.56506236e-04, 6.41711242e-03, 0.,
       3.92156839e-03, 0., 0., 1.42602494e-03, 7.13012472e-04,
       2.49554357e-03, 3.56506236e-04, 7.13012472e-04, 1.78253115e-03,
       7.13012472e-04, 2.49554357e-03, 1.78253115e-03, 7.13012472e-04,
       0., 5.34759369e-03, 1.06951874e-03, 3.56506236e-04,
       3.56506236e-04, 1.78253115e-03, 1.06951874e-03, 1.42602494e-03,
       3.56506236e-04, 1.78253115e-03, 1.78253115e-03, 7.13012472e-04,
       2.13903747e-03, 0., 3.56506236e-04, 3.56506236e-04, 0.,
       3.56506236e-04, 7.13012472e-04, 3.20855621e-03, 0.,
       7.13012472e-04, 3.56506236e-04, 0., 1.42602494e-03,
       3.56506236e-04, 2.49554357e-03, 3.56506236e-04, 3.56506236e-04,
       3.56506236e-04, 3.20855621e-03, 0., 7.13012472e-04,
       3.56506230e-03, 0., 3.56506236e-04, 1.78253115e-03, 0.,
       7.13012472e-04, 1.06951874e-03, 6.06060587e-03, 0.,
       3.56506236e-04, 3.56506236e-04, 1.78253115e-03, 7.13012472e-04,
       2.85204989e-03, 1.06951874e-03, 3.56506236e-04, 1.06951874e-03,
       4.27807495e-03, 1.06951874e-03, 3.56506236e-04, 0.,
       3.56506236e-04, 1.42602494e-03, 1.06951874e-03, 7.13012472e-04,
       7.13012472e-04, 2.85204989e-03, 3.56506236e-04, 1.06951874e-03,
       0., 0., 1.06951874e-03, 3.56506236e-04, 3.56506236e-04,
       7.13012472e-04, 2.49554357e-03, 1.06951874e-03, 1.06951874e-03,
       1.78253115e-03, 2.85204989e-03, 3.56506236e-04, 7.13012472e-04,
       4.99108713e-03, 4.27807495e-03, 0., 0., 3.56506236e-04,
       2.85204989e-03, 2.49554357e-03, 1.06951874e-03, 0.,
       3.56506230e-03, 1.06951874e-03, 1.78253115e-03, 7.13012472e-04,
       7.13012472e-04, 7.13012472e-04, 5.70409978e-03, 1.78253115e-03,
       3.56506236e-04, 1.78253115e-03, 1.06951874e-03, 7.13012472e-04,
       1.42602494e-03, 3.56506236e-04, 3.56506230e-03, 1.06951874e-03,
       1.06951874e-03, 3.56506236e-04, 3.20855621e-03, 1.06951874e-03,
       1.42602494e-03, 1.06951874e-03, 2.13903747e-03, 3.56506236e-04,
       0., 1.78253115e-03, 6.41711242e-03, 7.13012472e-04,
       3.92156839e-03, 1.06951874e-03, 4.27807495e-03, 3.56506236e-04,
       3.56506236e-04, 7.13012472e-04, 1.42602494e-03, 2.13903747e-03,
       1.06951874e-03, 3.56506236e-04, 3.56506236e-04, 0.,
       1.42602494e-03, 1.42602494e-03, 3.20855621e-03, 1.78253115e-03,
       3.56506236e-04, 3.56506236e-04, 0., 3.56506236e-04,
       1.42602494e-03, 3.56506236e-04, 1.78253115e-03, 1.06951874e-03,
       0., 0., 1.78253115e-03, 2.13903747e-03, 3.92156839e-03,
       7.13012472e-04, 3.56506236e-04, 0., 3.56506236e-04, 0.,
       7.13012472e-04, 0., 0., 1.06951874e-03, 1.78253115e-03,
       3.56506236e-04, 0., 2.49554357e-03, 3.20855621e-03,
       3.20855621e-03, 3.56506236e-04, 0., 3.56506230e-03, 0.,
       1.42602494e-03, 0., 3.56506236e-04, 1.42602494e-03,
       1.06951874e-03, 2.13903747e-03, 7.13012472e-04, 1.06951874e-03,
       2.13903747e-03, 7.13012472e-04, 1.06951874e-03, 2.13903747e-03,
       4.99108713e-03, 0., 3.92156839e-03, 1.06951874e-03,
       2.49554357e-03, 3.20855621e-03, 1.42602494e-03, 2.49554357e-03,
       7.13012461e-03, 2.13903747e-03, 3.56506236e-04, 2.49554357e-03,
       5.34759369e-03, 7.13012472e-04, 1.78253115e-03, 0., 0.,
       1.42602494e-03, 7.13012472e-04, 0., 1.42602494e-03,
       1.42602494e-03, 2.49554357e-03, 1.42602494e-03, 1.06951874e-03,
       3.56506236e-04, 1.78253115e-03, 7.13012472e-04, 0.,
       3.56506236e-04, 1.06951874e-03, 3.56506236e-04, 1.06951874e-03,
       4.99108713e-03, 1.42602494e-03, 3.56506236e-04, 1.06951874e-03,
       1.06951874e-03, 2.13903747e-03, 1.06951874e-03, 1.42602494e-03,
       3.56506236e-04, 3.56506236e-04, 3.56506236e-04, 1.06951874e-03,
       3.56506236e-04, 7.13012472e-04, 1.78253115e-03, 1.06951874e-03,
       0., 2.49554357e-03, 0., 2.85204989e-03, 2.49554357e-03,
       1.06951874e-03, 0., 3.56506236e-04, 3.56506236e-04,
       3.56506236e-04, 0., 0., 0., 5.70409978e-03, 3.56506236e-04, 0.,
       3.56506236e-04, 3.56506236e-04, 5.70409978e-03, 4.63458104e-03,
       0., 0., 3.20855621e-03, 3.56506236e-04, 0., 3.56506236e-04,
       3.56506236e-04, 0., 3.56506236e-04, 2.49554357e-03, 0.,
       3.56506236e-04, 0., 7.13012472e-04, 2.85204989e-03,
       1.42602494e-03, 1.42602494e-03, 1.78253115e-03, 7.13012472e-04,
       7.13012472e-04, 3.56506236e-04, 3.92156839e-03, 1.42602494e-03,
       7.13012472e-04, 2.49554357e-03, 3.56506236e-04, 2.49554357e-03,
       1.42602494e-03, 7.13012472e-04, 1.42602494e-03, 1.06951874e-03,
       3.56506230e-03, 0., 2.13903747e-03, 0., 7.13012472e-04,
       1.78253115e-03, 0., 0., 1.42602494e-03, 1.06951874e-03,
       1.06951874e-03, 0., 0., 3.56506236e-04, 0., 1.06951874e-03,
       2.13903747e-03, 7.13012472e-04, 7.13012472e-04, 7.13012472e-04,
       0., 3.56506236e-04, 2.13903747e-03, 3.92156839e-03,
       7.13012472e-04, 6.41711242e-03, 2.49554357e-03, 7.13012472e-04,
       3.20855621e-03, 6.41711242e-03, 0., 3.56506236e-04,
       1.42602494e-03, 1.06951874e-03, 0., 7.13012472e-04, 0., 0.,
       1.78253115e-03, 3.56506236e-04, 7.13012472e-04, 7.13012472e-04,
       0., 0., 3.56506236e-04, 2.13903747e-03, 1.78253115e-03,
       1.78253115e-03, 0., 1.42602494e-03, 2.13903747e-03,
       1.78253115e-03, 7.13012472e-04, 0., 1.42602494e-03,
       1.78253115e-03, 7.13012472e-04, 2.49554357e-03, 0.,
       1.06951874e-03, 1.06951874e-03, 0., 2.85204989e-03,
       7.13012472e-04, 4.63458104e-03, 3.56506236e-04, 2.49554357e-03,
       7.13012472e-04, 3.56506236e-04, 3.92156839e-03, 0.,
       3.56506236e-04, 3.56506236e-04, 0., 0., 1.06951874e-03,
       1.42602494e-03, 1.42602494e-03, 7.13012472e-04, 1.42602494e-03,
       3.56506236e-04, 0., 0., 2.49554357e-03, 3.56506236e-04,
       4.63458104e-03, 7.13012472e-04, 7.13012472e-04, 3.56506236e-04,
       0., 3.92156839e-03, 3.56506236e-04, 7.13012472e-04,
       7.13012472e-04, 3.56506236e-04, 1.06951874e-03, 3.56506236e-04,
       3.56506236e-04, 7.13012472e-04, 1.06951874e-03, 3.56506236e-04,
