%YAML:1.0
m50n: !!opencv-matrix
   rows: 1
   cols: 800
   dt: f
   data: [ 3.22893116e-04, 1.93735864e-03, 1.29157247e-03,
       9.68679320e-04, 9.68679320e-04, 1.93735864e-03, 2.26025190e-03,
       0., 3.22893116e-04, 3.22893116e-04, 0., 1.93735864e-03,
       9.68679320e-04, 9.68679320e-04, 9.68679320e-04, 4.52050380e-03,
       3.22893116e-04, 6.45786233e-04, 3.22893116e-04, 1.29157247e-03,
       1.61446561e-03, 6.45786233e-04, 6.45786233e-04, 6.45786233e-04,
       6.45786233e-04, 1.29157247e-03, 6.45786233e-04, 9.68679320e-04,
       9.68679320e-04, 3.22893116e-04, 3.22893116e-04, 2.58314493e-03,
       3.22893116e-04, 6.45786233e-04, 1.29157247e-03, 1.61446561e-03,
       3.22893116e-04, 1.61446561e-03, 3.22893116e-04, 0.,
       6.45786233e-04, 6.78075524e-03, 9.68679320e-04, 1.29157247e-03,
       1.29157247e-03, 1.61446561e-03, 1.93735864e-03, 4.84339660e-03,
       3.22893116e-04, 3.87471728e-03, 3.55182425e-03, 2.26025190e-03,
       1.29157247e-03, 3.22893116e-04, 0., 6.45786233e-04,
       1.29157247e-03, 1.29157247e-03, 3.22893116e-04, 9.68679320e-04,
       9.68679320e-04, 2.26025190e-03, 1.61446561e-03, 3.22893116e-04,
       1.61446561e-03, 9.68679320e-04, 3.22893116e-04, 3.22893116e-04,
       1.29157247e-03, 1.93735864e-03, 1.29157247e-03, 6.45786233e-04,
       2.58314493e-03, 6.45786233e-04, 9.68679320e-04, 1.29157247e-03,
       0., 1.61446561e-03, 1.29157247e-03, 9.68679320e-04,
       1.61446561e-03, 0., 0., 0., 2.58314493e-03, 1.93735864e-03,
       9.68679320e-04, 2.90603796e-03, 2.90603796e-03, 9.68679320e-04,
       1.93735864e-03, 6.45786233e-04, 6.45786233e-04, 1.61446561e-03,
       1.29157247e-03, 1.61446561e-03, 6.45786233e-04, 9.68679320e-04,
       9.68679320e-04, 1.29157247e-03, 1.29157247e-03, 2.26025190e-03,
       3.55182425e-03, 6.45786233e-04, 1.29157247e-03, 1.93735864e-03,
       1.61446561e-03, 0., 9.68679320e-04, 6.45786233e-04,
       1.93735864e-03, 1.29157247e-03, 3.22893116e-04, 3.22893116e-04,
       1.93735864e-03, 3.22893116e-04, 3.22893116e-04, 9.68679320e-04,
       3.55182425e-03, 4.19761054e-03, 3.22893116e-04, 1.93735864e-03,
       3.22893116e-04, 6.45786233e-04, 1.61446561e-03, 3.22893116e-04,
       2.26025190e-03, 6.45786233e-04, 2.26025190e-03, 2.26025190e-03,
       1.61446561e-03, 6.45786233e-04, 3.22893116e-04, 3.22893116e-04,
       9.68679320e-04, 1.29157247e-03, 3.22893116e-04, 6.45786233e-04,
       1.61446561e-03, 6.45786233e-04, 0., 2.58314493e-03,
       1.29157247e-03, 9.68679320e-04, 9.68679320e-04, 1.61446561e-03,
       0., 6.45786233e-04, 1.61446561e-03, 9.68679320e-04, 0.,
       2.26025190e-03, 6.45786233e-04, 1.29157247e-03, 9.68679320e-04,
       3.22893116e-04, 9.68679320e-04, 6.45786233e-04, 9.68679320e-04,
       6.45786233e-04, 3.22893116e-04, 6.45786233e-04, 6.45786233e-04,
       9.68679320e-04, 6.45786233e-04, 9.68679320e-04, 3.22893116e-04,
       6.78075524e-03, 6.45786233e-04, 0., 2.26025190e-03,
       3.55182425e-03, 3.22893116e-04, 0., 1.29157247e-03, 0.,
       3.22893122e-03, 0., 1.29157247e-03, 2.58314493e-03,
       1.93735864e-03, 2.26025190e-03, 6.45786233e-04, 1.29157247e-03,
       1.93735864e-03, 1.29157247e-03, 5.16628986e-03, 0.,
       3.22893116e-04, 3.22893116e-04, 9.68679320e-04, 3.87471728e-03,
       1.61446561e-03, 3.22893116e-04, 3.22893116e-04, 9.68679320e-04,
       9.68679320e-04, 0., 2.58314493e-03, 1.61446561e-03,
       1.61446561e-03, 9.68679320e-04, 0., 9.68679320e-04,
       1.29157247e-03, 5.48918312e-03, 1.29157247e-03, 6.45786233e-04,
       9.68679320e-04, 9.68679320e-04, 0., 9.68679320e-04,
       6.45786233e-04, 2.58314493e-03, 1.61446561e-03, 3.22893116e-04,
       6.45786233e-04, 3.22893116e-04, 9.68679320e-04, 9.68679320e-04,
       0., 6.45786233e-04, 0., 3.22893116e-04, 1.29157247e-03,
       1.61446561e-03, 0., 1.93735864e-03, 3.22893116e-04,
       2.90603796e-03, 3.22893116e-04, 1.29157247e-03, 1.93735864e-03,
       1.29157247e-03, 2.58314493e-03, 6.45786233e-04, 6.45786233e-04,
       2.26025190e-03, 0., 3.22893116e-04, 6.45786233e-04,
       3.22893116e-04, 1.29157247e-03, 5.16628986e-03, 1.61446561e-03,
       9.68679320e-04, 1.61446561e-03, 2.58314493e-03, 1.29157247e-03,
       6.45786233e-04, 1.93735864e-03, 0., 9.68679320e-04,
       1.93735864e-03, 9.68679320e-04, 9.68679320e-04, 1.03325797e-02,
       1.61446561e-03, 6.45786233e-04, 1.61446561e-03, 2.90603796e-03,
       6.45786233e-04, 0., 3.22893116e-04, 1.93735864e-03,
       9.68679320e-04, 1.29157247e-03, 1.61446561e-03, 0.,
       1.29157247e-03, 3.22893116e-04, 1.29157247e-03, 9.68679320e-04,
       1.29157247e-03, 1.61446561e-03, 2.26025190e-03, 9.68679320e-04,
       2.90603796e-03, 1.61446561e-03, 6.45786233e-04, 0.,
       2.58314493e-03, 1.29157247e-03, 6.45786233e-04, 6.45786233e-04,
       6.45786233e-04, 6.45786233e-04, 9.68679320e-04, 9.68679320e-04,
       3.22893116e-04, 1.61446561e-03, 9.68679320e-04, 9.68679320e-04,
       3.22893116e-04, 1.61446561e-03, 6.45786233e-04, 1.29157247e-03,
       3.22893116e-04, 2.58314493e-03, 2.26025190e-03, 1.93735864e-03,
       3.22893116e-04, 1.29157247e-03, 6.45786233e-04, 1.29157247e-03,
       1.93735864e-03, 6.45786233e-04, 9.68679320e-04, 3.22893116e-04,
       3.55182425e-03, 6.45786233e-04, 6.45786233e-04, 0.,
       3.87471728e-03, 1.61446561e-03, 3.22893116e-04, 1.29157247e-03,
       6.45786233e-04, 9.68679320e-04, 1.29157247e-03, 9.68679320e-04,
       9.68679320e-04, 1.29157247e-03, 6.45786233e-04, 6.45786233e-04,
       9.68679320e-04, 3.22893116e-04, 9.68679320e-04, 3.22893116e-04,
       1.93735864e-03, 6.45786233e-04, 2.58314493e-03, 4.84339660e-03,
       6.45786233e-04, 1.29157247e-03, 0., 9.68679320e-04,
       1.29157247e-03, 1.29157247e-03, 6.45786233e-04, 2.26025190e-03,
       6.45786233e-04, 1.61446561e-03, 6.45786233e-04, 2.90603796e-03,
       1.61446561e-03, 0., 3.22893122e-03, 1.29157247e-03,
       9.68679320e-04, 3.22893116e-04, 6.45786233e-04, 1.29157247e-03,
       1.29157247e-03, 3.22893116e-04, 9.68679320e-04, 2.90603796e-03,
       2.90603796e-03, 9.68679320e-04, 4.19761054e-03, 9.68679320e-04,
       1.61446561e-03, 1.29157247e-03, 1.29157247e-03, 1.29157247e-03,
       1.61446561e-03, 3.22893116e-04, 1.61446561e-03, 3.87471728e-03,
       3.22893116e-04, 6.45786233e-04, 1.61446561e-03, 1.61446561e-03,
       6.45786233e-04, 0., 9.68679320e-04, 9.68679320e-04,
       6.45786233e-04, 9.68679320e-04, 6.45786233e-04, 2.26025190e-03,
       2.58314493e-03, 3.22893116e-04, 3.22893116e-04, 1.29157247e-03,
       1.29157247e-03, 3.22893116e-04, 0., 6.45786244e-03,
       1.29157247e-03, 6.45786244e-03, 1.93735864e-03, 1.29157247e-03,
       1.61446561e-03, 6.45786233e-04, 0., 6.78075524e-03,
       9.68679320e-04, 3.22893116e-04, 1.29157247e-03, 9.68679320e-04,
       1.29157247e-03, 1.61446561e-03, 3.22893116e-04, 2.26025190e-03,
       3.22893116e-04, 0., 6.45786233e-04, 1.61446561e-03,
       6.45786233e-04, 2.58314493e-03, 9.68679320e-04, 1.93735864e-03,
       6.45786244e-03, 1.29157247e-03, 9.68679320e-04, 0.,
       1.29157247e-03, 6.45786233e-04, 6.45786233e-04, 6.45786233e-04,
       1.29157247e-03, 2.58314493e-03, 3.22893116e-04, 2.58314493e-03,
       0., 3.22893116e-04, 9.68679320e-04, 9.68679320e-03,
       3.22893116e-04, 3.22893116e-04, 5.81207592e-03, 6.45786233e-04,
       1.29157247e-03, 6.45786233e-04, 1.61446561e-03, 6.45786233e-04,
       6.45786233e-04, 1.29157247e-03, 1.61446561e-03, 6.45786233e-04,
       3.22893116e-04, 6.45786233e-04, 3.22893116e-04, 0.,
       1.29157247e-03, 6.45786233e-04, 1.29157247e-03, 9.68679320e-04,
       1.29157247e-03, 0., 1.61446561e-03, 2.58314493e-03,
       2.26025190e-03, 1.61446561e-03, 1.29157247e-03, 2.26025190e-03,
       9.68679320e-04, 1.61446561e-03, 1.61446561e-03, 6.45786233e-04,
       1.93735864e-03, 0., 0., 9.68679320e-04, 1.29157247e-03,
       1.61446561e-03, 1.61446561e-03, 3.22893116e-04, 9.68679320e-04,
       1.29157247e-03, 3.22893116e-04, 0., 0., 0., 6.45786233e-04,
