%YAML:1.0
m50n: !!opencv-matrix
   rows: 1
   cols: 800
   dt: f
   data: [ 0., 2.25123810e-03, 4.05222876e-03, 1.35074288e-03,
       2.70148576e-03, 0., 0., 4.50247637e-04, 1.80099055e-03,
       1.80099055e-03, 9.00495274e-04, 4.50247637e-04, 0.,
       9.00495274e-04, 1.80099055e-03, 1.80099055e-03, 4.50247637e-04,
       4.50247637e-04, 4.50247637e-04, 1.35074288e-03, 2.70148576e-03,
       1.80099055e-03, 1.80099055e-03, 5.40297152e-03, 0., 0., 0., 0.,
       3.15173343e-03, 4.50247637e-04, 3.60198109e-03, 0.,
       3.15173343e-03, 4.50247637e-04, 1.80099055e-03, 1.35074288e-03,
       2.25123810e-03, 9.00495274e-04, 1.80099055e-03, 0., 0.,
       9.00495274e-04, 2.25123810e-03, 4.50247637e-04, 9.00495274e-04,
       1.80099055e-03, 9.00495274e-04, 4.50247637e-04, 0., 0.,
       4.50247637e-04, 1.35074288e-03, 1.35074288e-03, 1.35074288e-03,
       4.50247637e-04, 0., 9.00495274e-04, 3.60198109e-03,
       9.00495274e-04, 4.50247637e-04, 2.25123810e-03, 1.35074288e-03,
       4.50247637e-04, 9.00495274e-04, 1.80099055e-03, 4.50247637e-04,
       1.35074288e-03, 2.70148576e-03, 0., 4.50247637e-04, 0., 0., 0.,
       1.35074288e-03, 1.80099055e-03, 4.50247637e-04, 0.,
       3.15173343e-03, 1.80099055e-03, 3.15173343e-03, 9.00495274e-04,
       4.50247637e-04, 4.50247637e-04, 9.00495274e-04, 9.00495274e-04,
       3.60198109e-03, 4.50247637e-04, 4.50247637e-04, 0., 0.,
       1.35074288e-03, 2.25123810e-03, 9.00495274e-04, 9.00495274e-04,
       4.50247637e-04, 9.00495274e-04, 1.35074288e-03, 1.35074288e-03,
       4.50247637e-04, 4.50247637e-04, 4.50247637e-04, 2.25123810e-03,
       2.25123810e-03, 1.80099055e-03, 4.50247637e-04, 6.30346686e-03,
       1.35074288e-03, 9.00495274e-04, 1.80099055e-03, 4.50247637e-04,
       1.35074288e-03, 4.50247637e-04, 1.80099055e-03, 0.,
       2.70148576e-03, 9.00495274e-04, 4.50247637e-04, 0.,
       1.80099055e-03, 1.35074288e-03, 4.50247637e-04, 4.50247637e-04,
       4.50247619e-03, 4.05222876e-03, 0., 3.15173343e-03,
       3.15173343e-03, 9.00495274e-04, 5.40297152e-03, 9.00495274e-04,
       1.35074288e-03, 1.80099055e-03, 1.35074288e-03, 1.35074288e-03,
       1.35074288e-03, 9.00495274e-04, 0., 4.50247637e-04,
       1.35074288e-03, 4.50247619e-03, 9.00495274e-04, 4.50247637e-04,
       0., 9.00495274e-04, 4.50247637e-04, 4.50247637e-04,
       9.00495274e-04, 1.35074288e-03, 4.50247637e-04, 4.50247637e-04,
       0., 0., 9.00495274e-04, 1.35074288e-03, 4.50247637e-04, 0., 0.,
       1.35074288e-03, 4.50247637e-04, 0., 9.00495274e-04,
       1.80099055e-03, 1.35074288e-03, 2.25123810e-03, 0.,
       1.80099055e-03, 0., 1.35074288e-03, 3.60198109e-03,
       9.00495274e-04, 1.80099055e-03, 1.35074288e-03, 9.00495274e-04,
       0., 4.50247637e-04, 9.00495274e-04, 9.00495274e-04,
       2.25123810e-03, 3.15173343e-03, 4.50247637e-04, 2.25123810e-03,
       4.50247637e-04, 4.50247637e-04, 4.50247637e-04, 4.50247637e-04,
       9.00495274e-04, 2.70148576e-03, 3.15173343e-03, 4.50247637e-04,
       2.25123810e-03, 9.00495274e-04, 4.50247637e-04, 4.05222876e-03,
       1.35074288e-03, 9.00495274e-04, 4.50247637e-04, 2.25123810e-03,
       3.15173343e-03, 2.25123810e-03, 1.35074288e-03, 1.80099055e-03,
       4.50247637e-04, 0., 1.80099055e-03, 9.00495274e-04,
       4.50247637e-04, 3.15173343e-03, 9.00495274e-04, 0.,
       1.35074288e-03, 4.50247637e-04, 1.80099055e-03, 9.00495274e-04,
       9.00495274e-04, 9.00495274e-04, 1.80099055e-03, 0.,
       1.80099055e-03, 1.35074288e-03, 4.50247637e-04, 1.80099055e-03,
       0., 9.00495274e-04, 4.50247637e-04, 1.35074288e-03,
       9.00495274e-04, 2.25123810e-03, 2.25123810e-03, 9.00495274e-04,
       4.50247637e-04, 2.25123810e-03, 4.50247637e-04, 4.50247637e-04,
       2.70148576e-03, 2.70148576e-03, 2.25123810e-03, 3.15173343e-03,
       2.25123810e-03, 2.25123810e-03, 1.80099055e-03, 9.00495274e-04,
       3.15173343e-03, 4.50247637e-04, 9.00495274e-04, 1.35074288e-03,
       9.00495274e-04, 2.70148576e-03, 2.25123810e-03, 9.00495274e-04,
       0., 4.50247637e-04, 2.25123810e-03, 1.80099055e-03,
       9.00495274e-04, 4.50247637e-04, 0., 1.35074288e-03,
       1.35074288e-03, 9.00495274e-04, 3.15173343e-03, 4.50247637e-04,
       1.80099055e-03, 0., 1.35074288e-03, 0., 4.50247637e-04,
       4.50247637e-04, 0., 0., 9.00495274e-04, 2.25123810e-03, 0.,
       1.35074288e-03, 0., 1.35074288e-03, 4.50247637e-04, 0.,
       9.00495274e-04, 0., 0., 1.80099055e-03, 4.50247637e-04, 0.,
       4.50247637e-04, 4.50247637e-04, 2.25123810e-03, 9.00495274e-04,
       0., 9.00495274e-04, 2.70148576e-03, 9.00495274e-04,
       1.35074288e-03, 9.00495274e-04, 1.35074288e-03, 4.50247619e-03,
       3.15173343e-03, 2.70148576e-03, 1.35074288e-03, 1.35074288e-03,
       9.00495274e-04, 4.50247637e-04, 1.35074288e-03, 1.35074288e-03,
       6.30346686e-03, 4.50247637e-04, 9.00495274e-04, 4.50247637e-04,
       9.00495274e-04, 1.35074288e-03, 3.15173343e-03, 4.50247619e-03,
       2.25123810e-03, 4.50247637e-04, 4.50247637e-04, 4.50247637e-04,
       2.25123810e-03, 0., 9.00495274e-04, 1.80099055e-03,
       4.50247637e-04, 9.00495274e-04, 0., 0., 4.50247637e-04,
       9.00495274e-04, 0., 1.35074288e-03, 4.50247637e-04, 0.,
       4.50247637e-04, 4.50247637e-04, 0., 9.00495274e-04, 0.,
       1.80099055e-03, 4.50247637e-04, 3.60198109e-03, 9.00495274e-04,
       0., 9.00495274e-04, 1.80099055e-03, 2.25123810e-03,
       4.50247637e-04, 4.50247637e-04, 9.00495274e-04, 9.00495274e-04,
       1.80099055e-03, 0., 9.00495274e-04, 9.00495274e-04,
       9.00495274e-04, 0., 1.80099055e-03, 1.35074288e-03,
       1.35074288e-03, 4.50247637e-04, 0., 1.35074288e-03,
       4.50247637e-04, 9.00495274e-04, 1.80099055e-03, 1.35074288e-03,
       9.00495274e-04, 0., 4.05222876e-03, 4.50247619e-03,
       4.50247637e-04, 1.80099055e-03, 1.80099055e-03, 2.25123810e-03,
       2.70148576e-03, 2.25123810e-03, 4.50247637e-04, 9.00495274e-04,
       3.60198109e-03, 4.50247637e-04, 0., 4.50247637e-04,
       4.50247637e-04, 4.50247637e-04, 4.50247619e-03, 4.50247637e-04,
       9.00495274e-04, 4.50247637e-04, 1.80099055e-03, 4.50247637e-04,
       1.35074288e-03, 4.50247637e-04, 9.00495274e-04, 9.00495274e-04,
       1.80099055e-03, 9.00495274e-04, 4.50247637e-04, 2.25123810e-03,
       9.00495274e-04, 1.80099055e-03, 3.15173343e-03, 9.00495274e-04,
       9.00495274e-04, 9.00495274e-04, 9.00495274e-04, 4.50247637e-04,
       3.60198109e-03, 3.60198109e-03, 1.35074288e-03, 3.15173343e-03,
       9.00495274e-04, 4.50247637e-04, 1.80099055e-03, 4.50247637e-04,
       0., 4.50247619e-03, 9.00495274e-04, 1.35074288e-03,
       9.00495274e-04, 4.50247637e-04, 0., 1.35074288e-03,
       4.50247637e-04, 0., 4.50247637e-04, 1.80099055e-03,
       2.70148576e-03, 0., 2.25123810e-03, 2.70148576e-03,
       1.80099055e-03, 0., 1.35074288e-03, 2.70148576e-03,
       1.35074288e-03, 9.00495274e-04, 9.45520028e-03, 9.00495274e-04,
       9.00495274e-04, 1.80099055e-03, 0., 1.35074288e-03,
       4.50247637e-04, 0., 1.35074288e-03, 1.35074288e-03, 0.,
       1.80099055e-03, 2.70148576e-03, 1.80099055e-03, 2.25123810e-03,
       4.50247637e-04, 0., 4.50247637e-04, 0., 4.50247637e-04, 0.,
       1.80099055e-03, 3.15173343e-03, 2.25123810e-03, 4.50247637e-04,
       0., 1.35074288e-03, 4.50247637e-04, 1.80099055e-03,
       9.00495274e-04, 2.25123810e-03, 3.60198109e-03, 1.35074288e-03,
       0., 1.35074288e-03, 4.95272409e-03, 1.35074288e-03,
       1.35074288e-03, 9.00495274e-04, 0., 9.00495274e-04,
       1.80099055e-03, 1.35074288e-03, 4.50247637e-04, 1.35074288e-03,
       1.35074288e-03, 1.35074288e-03, 3.15173343e-03, 0., 0.,
       9.00495274e-04, 9.00495274e-04, 4.50247637e-04, 4.50247637e-04,
       2.70148576e-03, 4.50247637e-04, 4.50247619e-03, 9.00495274e-04,
       4.95272409e-03, 9.00495274e-04, 9.00495274e-04, 4.05222876e-03,
       1.35074288e-03, 1.80099055e-03, 1.35074288e-03, 9.00495274e-04,
       0., 0., 4.50247637e-04, 4.05222876e-03, 1.35074288e-03,
