%YAML:1.0
m50n: !!opencv-matrix
   rows: 1
   cols: 800
   dt: f
   data: [ 0., 1.04468949e-02, 1.74114923e-03, 5.80383057e-04,
       5.80383057e-04, 5.22344746e-03, 1.16076611e-03, 3.48229846e-03,
       9.28612892e-03, 5.80383057e-04, 2.90191523e-03, 5.80383057e-04,
       0., 6.38421346e-03, 0., 8.70574545e-03, 5.80383057e-04, 0.,
       2.32153223e-03, 0., 1.74114923e-03, 1.16076611e-03,
       1.16076611e-03, 5.80383057e-04, 1.74114923e-03, 0.,
       1.74114923e-03, 1.16076611e-03, 5.80383057e-04, 1.74114923e-03,
       4.06268146e-03, 1.16076611e-03, 6.96459692e-03, 5.80383057e-04,
       0., 2.32153223e-03, 2.32153223e-03, 0., 2.90191523e-03,
       2.32153223e-03, 5.80383057e-04, 1.74114923e-03, 0.,
       4.64306446e-03, 0., 5.80383057e-04, 0., 5.80383057e-04, 0.,
       5.80383057e-04, 0., 4.06268146e-03, 2.90191523e-03,
       5.80383057e-04, 0., 4.64306446e-03, 5.80383046e-03, 0.,
       5.22344746e-03, 5.80383057e-04, 5.80383057e-04, 1.74114923e-03,
       1.16076611e-03, 1.74114923e-03, 2.90191523e-03, 1.16076611e-03,
       4.64306446e-03, 2.90191523e-03, 5.80383057e-04, 0.,
       5.22344746e-03, 5.80383057e-04, 0., 2.32153223e-03, 0.,
       5.80383057e-04, 2.32153223e-03, 1.74114923e-03, 4.64306446e-03,
       8.12536292e-03, 2.32153223e-03, 5.80383057e-04, 5.80383057e-04,
       2.90191523e-03, 2.32153223e-03, 2.32153223e-03, 0.,
       8.12536292e-03, 1.74114923e-03, 1.16076611e-03, 1.74114923e-03,
       0., 0., 1.16076611e-03, 0., 1.74114923e-03, 3.48229846e-03,
       1.16076611e-03, 1.16076611e-03, 5.80383057e-04, 1.74114923e-03,
       1.16076611e-03, 0., 1.74114923e-03, 2.90191523e-03, 0.,
       5.80383057e-04, 5.80383057e-04, 0., 5.80383057e-04,
       5.80383057e-04, 0., 0., 2.32153223e-03, 1.16076611e-03,
       1.16076611e-03, 3.48229846e-03, 2.90191523e-03, 9.86651238e-03,
       2.32153223e-03, 0., 0., 1.16076611e-03, 2.90191523e-03,
       5.80383057e-04, 5.80383057e-04, 0., 5.80383057e-04, 0.,
       5.80383057e-04, 2.90191523e-03, 6.96459692e-03, 5.80383057e-04,
       2.32153223e-03, 5.80383057e-04, 0., 0., 0., 1.16076611e-03,
       5.80383057e-04, 0., 5.80383057e-04, 5.80383057e-04, 0.,
       6.38421346e-03, 0., 0., 2.32153223e-03, 5.80383057e-04,
       1.16076611e-03, 5.80383057e-04, 0., 1.74114923e-03,
       4.64306446e-03, 0., 1.16076611e-03, 5.22344746e-03,
       3.48229846e-03, 0., 1.74114923e-03, 5.80383057e-04, 0., 0., 0.,
       1.16076611e-03, 0., 1.16076611e-03, 5.80383057e-04, 0.,
       5.80383057e-04, 5.80383057e-04, 0., 0., 5.80383057e-04, 0., 0.,
       5.80383057e-04, 1.74114923e-03, 0., 0., 5.80383057e-04,
       1.74114923e-03, 9.28612892e-03, 1.74114923e-03, 1.16076611e-03,
       2.32153223e-03, 2.32153223e-03, 2.90191523e-03, 1.16076611e-03,
       0., 0., 5.80383057e-04, 5.80383057e-04, 0., 0., 1.74114923e-03,
       2.32153223e-03, 2.90191523e-03, 0., 5.80383057e-04, 0.,
       1.74114923e-03, 5.80383057e-04, 0., 1.16076611e-03,
       1.16076611e-03, 5.80383057e-04, 5.80383057e-04, 0.,
       1.16076611e-03, 0., 5.80383057e-04, 2.32153223e-03, 0.,
       5.80383057e-04, 1.16076611e-03, 2.90191523e-03, 5.80383057e-04,
       2.32153223e-03, 5.80383057e-04, 0., 1.74114923e-03,
       3.48229846e-03, 1.74114923e-03, 5.80383057e-04, 1.16076611e-03,
       5.80383057e-04, 0., 0., 1.74114923e-03, 1.16076611e-03, 0., 0.,
       0., 1.16076611e-03, 1.16076611e-03, 5.80383057e-04, 0., 0.,
       5.80383057e-04, 0., 5.80383057e-04, 5.80383057e-04, 0.,
       1.16076611e-03, 6.96459692e-03, 0., 1.16076611e-03,
       1.74114923e-03, 4.06268146e-03, 0., 5.80383057e-04, 0.,
       1.74114923e-03, 5.80383057e-04, 2.32153223e-03, 4.06268146e-03,
       0., 1.16076611e-03, 2.32153223e-03, 0., 5.80383057e-04,
       3.48229846e-03, 0., 0., 5.80383057e-04, 6.38421346e-03,
       5.80383057e-04, 1.74114923e-03, 0., 0., 5.80383057e-04,
       5.80383057e-04, 0., 5.80383057e-04, 0., 5.80383057e-04, 0.,
       1.16076611e-03, 1.74114923e-03, 1.16076611e-03, 5.80383057e-04,
       5.80383057e-04, 0., 0., 5.80383057e-04, 5.80383057e-04,
       5.80383057e-04, 0., 2.32153223e-03, 1.74114923e-03,
       5.80383057e-04, 1.74114923e-03, 5.80383057e-04, 6.38421346e-03,
       3.48229846e-03, 1.74114923e-03, 5.80383057e-04, 5.80383057e-04,
       8.12536292e-03, 0., 1.16076611e-03, 0., 0., 0., 0.,
       5.22344746e-03, 1.16076611e-03, 5.80383057e-04, 1.74114923e-03,
       5.22344746e-03, 0., 5.80383057e-04, 2.90191523e-03,
       5.80383057e-04, 0., 1.16076611e-03, 5.80383057e-04,
       2.90191523e-03, 1.74114923e-03, 5.80383057e-04, 0., 0.,
       1.16076611e-03, 2.90191523e-03, 1.16076611e-03, 0., 0., 0., 0.,
       1.74114923e-03, 1.74114923e-03, 5.80383057e-04, 0.,
       1.16076611e-03, 2.32153223e-03, 3.48229846e-03, 3.48229846e-03,
       0., 5.80383057e-04, 0., 0., 5.80383057e-04, 5.80383057e-04,
       5.80383057e-04, 0., 5.80383057e-04, 6.96459692e-03,
       1.16076611e-03, 4.06268146e-03, 0., 0., 0., 1.74114923e-03,
       5.80383057e-04, 0., 0., 1.74114923e-03, 0., 5.80383057e-04, 0.,
       0., 1.16076611e-03, 0., 1.16076611e-03, 0., 5.80383057e-04,
       1.74114923e-03, 5.80383057e-04, 1.16076611e-03, 5.80383057e-04,
       1.16076611e-03, 1.74114923e-03, 5.80383057e-04, 2.32153223e-03,
       0., 0., 0., 5.80383057e-04, 1.16076611e-03, 5.80383057e-04,
       2.32153223e-03, 8.12536292e-03, 0., 1.74114923e-03,
       5.80383057e-04, 5.80383057e-04, 1.16076611e-03, 5.80383057e-04,
       5.80383057e-04, 0., 0., 8.70574545e-03, 2.32153223e-03,
       1.16076611e-03, 1.74114923e-03, 2.32153223e-03, 1.74114923e-03,
       0., 5.22344746e-03, 0., 1.16076611e-03, 1.16076611e-03, 0., 0.,
       1.16076611e-03, 1.74114923e-03, 1.74114923e-03, 2.32153223e-03,
       5.80383057e-04, 5.80383057e-04, 0., 2.90191523e-03,
       5.80383046e-03, 0., 0., 0., 0., 5.80383057e-04, 3.48229846e-03,
       1.16076611e-03, 0., 5.80383057e-04, 5.80383057e-04,
       5.80383057e-04, 0., 0., 5.80383057e-04, 5.80383057e-04,
       1.16076611e-03, 1.74114923e-03, 2.32153223e-03, 1.16076611e-03,
       1.16076611e-03, 5.80383057e-04, 5.22344746e-03, 5.80383057e-04,
       1.16076611e-03, 0., 0., 5.80383057e-04, 5.80383057e-04,
       1.74114923e-03, 0., 2.90191523e-03, 2.90191523e-03,
       1.16076611e-03, 4.64306446e-03, 2.90191523e-03, 0., 0.,
       5.80383057e-04, 1.16076611e-03, 0., 0., 1.74114923e-03,
       2.32153223e-03, 0., 0., 5.80383046e-03, 0., 1.74114923e-03,
       5.80383057e-04, 0., 0., 2.32153223e-03, 5.80383057e-04,
       6.38421346e-03, 0., 0., 2.32153223e-03, 0., 0., 0.,
       5.80383057e-04, 0., 2.32153223e-03, 0., 2.32153223e-03,
       1.74114923e-03, 2.32153223e-03, 5.80383057e-04, 0.,
       5.80383057e-04, 1.16076611e-03, 0., 0., 1.16076611e-03, 0., 0.,
       0., 0., 5.80383057e-04, 0., 5.80383057e-04, 5.80383057e-04,
       5.80383057e-04, 2.90191523e-03, 1.16076611e-03, 0.,
       1.74114923e-03, 0., 5.80383057e-04, 5.80383057e-04,
       2.32153223e-03, 7.54497992e-03, 1.16076611e-03, 1.74114923e-03,
       6.96459692e-03, 1.16076611e-03, 0., 1.74114923e-03, 0., 0., 0.,
       0., 5.80383057e-04, 3.48229846e-03, 3.48229846e-03,
       2.90191523e-03, 0., 5.80383057e-04, 0., 5.80383046e-03,
       2.90191523e-03, 0., 0., 6.96459692e-03, 0., 0., 5.80383057e-04,
       5.80383057e-04, 1.74114923e-03, 5.80383057e-04, 0.,
       5.80383057e-04, 0., 0., 0., 1.16076611e-03, 0., 0., 0., 0.,
       5.80383057e-04, 0., 0., 0., 5.80383057e-04, 0., 0.,
       3.48229846e-03, 2.32153223e-03, 1.16076611e-03, 5.80383057e-04,
       3.48229846e-03, 5.80383057e-04, 1.74114923e-03, 5.80383057e-04,
       1.16076611e-03, 1.27684269e-02, 1.74114923e-03, 1.16076611e-03,
       1.74114923e-03, 2.32153223e-03, 1.16076611e-03, 3.48229846e-03,
       5.80383057e-04, 2.90191523e-03, 0., 0., 0., 1.16076611e-03,
       5.80383057e-04, 0., 1.74114923e-03, 6.38421346e-03,
       2.32153223e-03, 1.16076611e-03, 0., 2.32153223e-03, 0., 0.,
       1.16076611e-03, 4.64306446e-03, 0., 0., 1.16076611e-03,
