%YAML:1.0
m50n: !!opencv-matrix
   rows: 1
   cols: 800
   dt: f
   data: [ 1.19521911e-03, 2.78884475e-03, 1.99203193e-03,
       1.99203193e-03, 1.99203193e-03, 3.98406381e-04, 3.98406381e-04,
       0., 0., 1.99203193e-03, 7.96812761e-04, 7.96812761e-04,
       3.18725104e-03, 2.39043823e-03, 3.98406381e-04, 7.96812761e-04,
       1.59362552e-03, 3.98406381e-04, 1.59362552e-03, 1.59362552e-03,
       7.96812761e-04, 3.18725104e-03, 1.99203193e-03, 7.96812761e-04,
       1.59362552e-03, 7.96812761e-04, 7.96812761e-04, 1.99203193e-03,
       3.98406386e-03, 1.59362552e-03, 7.96812761e-04, 2.39043823e-03,
       3.98406381e-04, 7.96812761e-04, 7.96812761e-04, 1.59362552e-03,
       0., 0., 1.59362552e-03, 3.98406381e-04, 2.78884475e-03,
       1.99203193e-03, 0., 1.99203193e-03, 3.98406381e-04,
       1.19521911e-03, 1.19521911e-03, 7.96812761e-04, 0.,
       3.98406381e-04, 1.99203193e-03, 1.19521911e-03, 0.,
       7.96812761e-04, 1.59362552e-03, 1.59362552e-03, 7.96812761e-04,
       1.99203193e-03, 2.39043823e-03, 1.19521911e-03, 4.38247016e-03,
       0., 7.96812761e-04, 1.59362552e-03, 0., 3.98406381e-04,
       3.98406381e-04, 7.96812761e-04, 1.19521911e-03, 0.,
       1.99203193e-03, 0., 1.59362552e-03, 1.59362552e-03,
       1.19521911e-03, 3.98406381e-04, 3.98406381e-04, 3.98406381e-04,
       2.78884475e-03, 1.19521911e-03, 3.98406381e-04, 1.19521911e-03,
       1.59362552e-03, 1.59362552e-03, 4.38247016e-03, 3.98406381e-04,
       3.98406381e-04, 3.18725104e-03, 3.98406381e-04, 2.39043823e-03,
       1.19521911e-03, 3.98406381e-04, 7.96812761e-04, 3.98406381e-04,
       7.96812761e-04, 3.98406381e-04, 0., 1.99203193e-03,
       7.96812761e-04, 3.98406381e-04, 1.19521911e-03, 7.96812761e-04,
       2.39043823e-03, 6.37450209e-03, 1.19521911e-03, 7.17131468e-03,
       3.58565734e-03, 0., 2.39043823e-03, 1.19521911e-03,
       3.98406381e-04, 3.98406381e-04, 9.16334707e-03, 7.96812761e-04,
       2.39043823e-03, 0., 3.98406381e-04, 3.98406381e-04,
       6.37450209e-03, 0., 3.98406381e-04, 1.59362552e-03,
       1.19521911e-03, 7.96812761e-04, 0., 3.98406381e-04,
       3.58565734e-03, 1.19521911e-03, 3.58565734e-03, 0.,
       2.39043823e-03, 1.99203193e-03, 1.59362552e-03, 7.96812761e-04,
       1.19521911e-03, 0., 7.96812761e-04, 1.19521911e-03,
       3.98406381e-04, 2.39043823e-03, 7.96812761e-04, 3.18725104e-03,
       7.96812761e-04, 1.19521911e-03, 3.98406381e-04, 0.,
       3.98406381e-04, 1.59362552e-03, 0., 7.96812761e-04,
       1.99203193e-03, 3.98406381e-04, 7.96812761e-04, 1.99203193e-03,
       0., 1.99203193e-03, 7.96812761e-04, 3.98406381e-04,
       3.98406381e-04, 3.98406381e-04, 0., 2.78884475e-03,
       7.96812761e-04, 7.96812761e-04, 1.19521911e-03, 3.98406381e-04,
       0., 1.59362552e-03, 0., 3.98406381e-04, 1.19521911e-03,
       1.99203193e-03, 1.19521911e-03, 7.96812761e-04, 3.98406381e-04,
       1.59362552e-03, 3.58565734e-03, 1.59362552e-03, 1.19521911e-03,
       3.98406381e-04, 1.59362552e-03, 2.39043823e-03, 1.99203193e-03,
       3.98406381e-04, 1.19521911e-03, 7.96812761e-04, 3.18725104e-03,
       3.98406381e-04, 0., 1.99203193e-03, 1.59362552e-03,
       1.19521911e-03, 1.59362552e-03, 7.96812761e-04, 3.98406381e-04,
       2.78884475e-03, 7.96812761e-04, 3.98406381e-04, 7.96812761e-04,
       1.59362552e-03, 3.18725104e-03, 1.19521911e-03, 1.19521911e-03,
       3.18725104e-03, 0., 1.59362552e-03, 1.59362552e-03,
       1.59362552e-03, 0., 3.98406381e-04, 3.58565734e-03,
       1.19521911e-03, 7.96812761e-04, 1.19521911e-03, 7.96812761e-04,
       0., 0., 3.98406381e-04, 1.59362552e-03, 1.19521911e-03,
       2.39043823e-03, 0., 1.59362552e-03, 1.19521911e-03,
       2.78884475e-03, 1.59362552e-03, 7.96812761e-04, 7.96812761e-04,
       3.98406381e-04, 4.78087645e-03, 1.99203193e-03, 2.39043823e-03,
       0., 1.19521911e-03, 7.96812761e-04, 3.98406386e-03,
       4.78087645e-03, 1.19521911e-03, 1.19521911e-03, 3.18725104e-03,
       1.99203193e-03, 2.78884475e-03, 1.19521911e-03, 1.19521911e-03,
       0., 1.59362552e-03, 2.78884475e-03, 1.99203193e-03,
       3.98406381e-04, 3.58565734e-03, 1.19521911e-03, 1.19521911e-03,
       1.99203193e-03, 7.96812761e-04, 7.96812761e-04, 2.39043823e-03,
       1.59362552e-03, 3.18725104e-03, 1.59362552e-03, 5.17928274e-03,
       1.59362552e-03, 0., 3.98406381e-04, 7.96812761e-04,
       1.59362552e-03, 2.78884475e-03, 0., 1.19521911e-03, 0.,
       3.98406381e-04, 2.78884475e-03, 1.59362552e-03, 7.96812761e-04,
       7.96812761e-04, 1.19521911e-03, 3.98406381e-04, 0., 0.,
       7.96812761e-04, 1.19521911e-03, 7.96812761e-04, 1.59362552e-03,
       3.98406381e-04, 7.96812761e-04, 1.59362552e-03, 1.59362552e-03,
       0., 1.59362552e-03, 3.98406381e-04, 3.98406381e-04, 0.,
       1.99203193e-03, 1.19521911e-03, 1.19521911e-03, 2.39043823e-03,
       7.96812761e-04, 1.59362552e-03, 1.19521911e-03, 7.96812761e-04,
       3.98406381e-04, 3.98406381e-04, 1.99203193e-03, 2.39043823e-03,
       1.59362552e-03, 3.98406381e-04, 0., 1.99203193e-03,
       3.98406381e-04, 1.19521911e-03, 1.59362552e-03, 1.59362552e-03,
       7.96812761e-04, 1.19521911e-03, 3.98406381e-04, 1.99203193e-03,
       5.17928274e-03, 1.19521911e-03, 1.59362552e-03, 0.,
       1.19521911e-03, 1.19521911e-03, 7.96812761e-04, 0.,
       1.59362552e-03, 0., 0., 2.39043823e-03, 1.19521911e-03, 0.,
       1.59362552e-03, 2.39043823e-03, 0., 1.59362552e-03,
       3.98406381e-04, 1.99203193e-03, 7.96812761e-04, 2.78884475e-03,
       3.98406381e-04, 7.96812761e-04, 7.96812761e-04, 7.96812761e-04,
       1.19521911e-03, 1.99203193e-03, 3.58565734e-03, 2.39043823e-03,
       3.98406381e-04, 0., 0., 3.98406381e-04, 1.59362552e-03,
       2.39043823e-03, 7.96812761e-04, 0., 1.99203193e-03, 0.,
       2.78884475e-03, 3.18725104e-03, 1.59362552e-03, 2.78884475e-03,
       1.99203193e-03, 7.96812761e-04, 1.99203193e-03, 3.98406381e-04,
       0., 1.99203193e-03, 3.18725104e-03, 2.39043823e-03,
       3.98406381e-04, 0., 7.96812761e-04, 1.59362552e-03,
       1.99203193e-03, 3.98406381e-04, 7.96812761e-04, 1.59362552e-03,
       3.98406381e-04, 0., 1.19521911e-03, 0., 7.96812761e-04,
       3.98406381e-04, 0., 1.99203193e-03, 0., 7.96812761e-04,
       1.59362552e-03, 1.19521911e-03, 1.59362552e-03, 7.96812761e-04,
       2.39043823e-03, 1.99203193e-03, 2.39043823e-03, 3.98406381e-04,
       2.39043823e-03, 1.59362552e-03, 7.96812761e-04, 3.98406381e-04,
       1.99203193e-03, 2.78884475e-03, 3.98406381e-04, 0.,
       1.99203193e-03, 1.19521911e-03, 7.96812761e-04, 7.96812761e-04,
       3.98406381e-04, 7.96812761e-04, 1.19521911e-03, 1.19521911e-03,
       0., 7.96812761e-04, 1.19521911e-03, 1.19521911e-03,
       2.39043823e-03, 3.98406381e-04, 3.98406381e-04, 7.96812761e-04,
       3.98406386e-03, 3.98406381e-04, 1.59362552e-03, 7.96812761e-04,
       1.19521911e-03, 1.99203193e-03, 0., 0., 2.39043823e-03,
       7.96812761e-04, 3.98406381e-04, 0., 1.59362552e-03, 0., 0.,
       5.97609580e-03, 1.19521911e-03, 3.18725104e-03, 1.59362552e-03,
       0., 0., 2.39043823e-03, 0., 1.19521911e-03, 3.98406381e-04, 0.,
       2.78884475e-03, 7.96812761e-04, 3.98406381e-04, 3.98406381e-04,
       1.19521911e-03, 2.39043823e-03, 7.96812761e-04, 1.99203193e-03,
       1.59362552e-03, 3.98406381e-04, 1.59362552e-03, 7.96812761e-04,
       7.96812761e-04, 1.99203193e-03, 1.19521911e-03, 7.96812761e-04,
       7.96812761e-04, 1.19521911e-03, 0., 3.98406381e-04,
       1.19521911e-03, 1.19521911e-03, 0., 3.98406381e-04,
       2.39043823e-03, 7.96812761e-04, 1.99203193e-03, 1.19521911e-03,
       3.98406381e-04, 3.98406381e-04, 1.99203193e-03, 7.96812761e-04,
       1.59362552e-03, 7.96812761e-04, 0., 0., 1.99203193e-03,
       3.98406381e-04, 3.98406381e-04, 3.98406381e-04, 1.19521911e-03,
       0., 0., 3.98406381e-04, 7.96812761e-04, 0., 1.19521911e-03,
       2.78884475e-03, 7.96812761e-04, 1.19521911e-03, 7.96812761e-04,
       7.96812761e-04, 3.18725104e-03, 3.98406381e-04, 0.,
