%YAML:1.0
m50n: !!opencv-matrix
   rows: 1
   cols: 800
   dt: f
   data: [ 7.52162479e-04, 3.76081240e-04, 3.76081240e-04,
       7.52162479e-04, 2.63256859e-03, 1.50432496e-03, 1.12824375e-03,
       0., 3.76081240e-04, 3.38473124e-03, 7.52162479e-04,
       1.12824375e-03, 1.12824375e-03, 3.76081240e-04, 6.39338093e-03,
       1.88040617e-03, 1.12824375e-03, 3.76081240e-04, 0.,
       1.12824375e-03, 0., 1.50432496e-03, 2.63256859e-03,
       7.89770577e-03, 7.52162479e-04, 1.12824375e-03, 3.76081240e-04,
       2.25648750e-03, 7.14554358e-03, 1.88040617e-03, 2.63256859e-03,
       1.12824375e-03, 1.88040617e-03, 0., 0., 1.05302744e-02,
       1.12824375e-03, 0., 3.76081240e-04, 0., 1.50432496e-03,
       1.12824375e-03, 0., 3.76081240e-04, 2.63256859e-03,
       2.25648750e-03, 7.52162479e-04, 2.25648750e-03, 1.12824375e-03,
       7.52162479e-04, 3.76081240e-04, 3.76081240e-04, 2.63256859e-03,
       3.76081240e-04, 1.50432496e-03, 1.50432496e-03, 0.,
       1.88040617e-03, 7.52162479e-04, 7.52162479e-04, 1.12824375e-03,
       0., 7.52162479e-04, 1.12824375e-03, 1.12824375e-03, 0.,
       4.51297499e-03, 7.52162479e-04, 2.63256859e-03, 1.12824375e-03,
       7.52162479e-04, 1.50432496e-03, 1.88040617e-03, 3.76081240e-04,
       2.63256859e-03, 7.52162479e-04, 0., 0., 7.52162479e-04,
       1.12824375e-03, 1.50432496e-03, 3.76081240e-04, 1.50432496e-03,
       2.25648750e-03, 1.12824375e-03, 1.88040617e-03, 1.12824375e-03,
       3.00864992e-03, 7.52162479e-04, 3.76081240e-04, 0.,
       2.63256859e-03, 3.76081240e-04, 3.76081240e-04, 7.52162479e-04,
       0., 1.12824375e-03, 1.88040617e-03, 2.25648750e-03,
       1.12824375e-03, 0., 3.76081240e-04, 3.76081240e-04,
       3.76081234e-03, 0., 2.63256859e-03, 3.76081240e-04,
       7.52162479e-04, 1.50432496e-03, 3.76081234e-03, 2.25648750e-03,
       1.50432496e-03, 2.25648750e-03, 0., 0., 3.76081240e-04,
       7.89770577e-03, 3.76081240e-04, 4.13689343e-03, 0., 0.,
       1.12824375e-03, 1.50432496e-03, 0., 3.76081240e-04,
       7.52162479e-04, 1.12824375e-03, 3.76081240e-04, 1.50432496e-03,
       1.50432496e-03, 3.76081240e-04, 0., 3.00864992e-03,
       1.50432496e-03, 7.52162479e-04, 7.52162479e-04, 1.88040617e-03,
       7.52162479e-04, 1.12824375e-03, 3.76081240e-04, 2.63256859e-03,
       2.63256859e-03, 7.52162479e-04, 3.00864992e-03, 0., 0.,
       3.76081240e-04, 0., 0., 3.76081240e-04, 2.63256859e-03,
       3.76081240e-04, 7.52162479e-04, 1.50432496e-03, 0., 0.,
       3.76081240e-04, 7.52162479e-04, 0., 0., 3.76081240e-04,
       4.88905609e-03, 1.12824375e-03, 3.76081240e-04, 3.38473124e-03,
       0., 1.12824375e-03, 2.25648750e-03, 0., 3.76081240e-04,
       7.52162479e-04, 6.76946249e-03, 3.76081240e-04, 0.,
       7.52162479e-04, 1.88040617e-03, 1.50432496e-03, 1.88040617e-03,
       1.12824375e-03, 7.52162479e-04, 1.50432496e-03, 4.51297499e-03,
       2.25648750e-03, 1.12824375e-03, 3.76081240e-04, 7.52162479e-04,
       1.12824375e-03, 2.25648750e-03, 0., 7.52162479e-04,
       3.00864992e-03, 3.76081240e-04, 1.12824375e-03, 0.,
       3.76081240e-04, 1.88040617e-03, 3.76081240e-04, 7.52162479e-04,
       7.52162479e-04, 2.25648750e-03, 0., 7.52162479e-04,
       3.76081240e-04, 1.50432496e-03, 0., 1.50432496e-03,
       4.13689343e-03, 2.63256859e-03, 3.76081240e-04, 0.,
       3.76081240e-04, 4.13689343e-03, 3.00864992e-03, 3.76081240e-04,
       0., 4.88905609e-03, 1.12824375e-03, 7.52162479e-04,
       7.52162479e-04, 7.52162479e-04, 1.88040617e-03, 8.27378687e-03,
       2.25648750e-03, 0., 2.25648750e-03, 1.12824375e-03,
       1.12824375e-03, 1.88040617e-03, 0., 3.38473124e-03,
       1.50432496e-03, 1.12824375e-03, 3.76081240e-04, 1.50432496e-03,
       2.25648750e-03, 1.12824375e-03, 2.25648750e-03, 2.63256859e-03,
       3.76081240e-04, 0., 1.12824375e-03, 5.64121874e-03,
       3.76081240e-04, 4.51297499e-03, 1.12824375e-03, 4.13689343e-03,
       7.52162479e-04, 0., 7.52162479e-04, 2.63256859e-03,
       3.76081240e-04, 7.52162479e-04, 0., 7.52162479e-04, 0.,
       1.12824375e-03, 1.50432496e-03, 4.13689343e-03, 1.12824375e-03,
       1.12824375e-03, 7.52162479e-04, 0., 3.76081240e-04,
       1.50432496e-03, 0., 1.50432496e-03, 1.12824375e-03, 0., 0.,
       2.25648750e-03, 1.50432496e-03, 3.76081234e-03, 7.52162479e-04,
       3.76081240e-04, 3.76081240e-04, 0., 0., 7.52162479e-04,
       3.76081240e-04, 0., 2.25648750e-03, 1.88040617e-03, 0.,
       3.76081240e-04, 2.63256859e-03, 2.25648750e-03, 3.38473124e-03,
       1.12824375e-03, 0., 1.88040617e-03, 3.76081240e-04,
       1.50432496e-03, 0., 1.12824375e-03, 1.50432496e-03,
       1.50432496e-03, 2.25648750e-03, 3.76081240e-04, 1.12824375e-03,
       1.88040617e-03, 3.76081240e-04, 1.12824375e-03, 2.25648750e-03,
       4.13689343e-03, 3.76081240e-04, 0., 1.88040617e-03,
       3.38473124e-03, 3.00864992e-03, 1.12824375e-03, 2.63256859e-03,
       4.88905609e-03, 2.63256859e-03, 3.76081240e-04, 1.88040617e-03,
       3.76081234e-03, 3.76081240e-04, 1.12824375e-03, 0.,
       3.76081240e-04, 7.52162479e-04, 1.12824375e-03, 0.,
       1.12824375e-03, 1.12824375e-03, 3.76081240e-04, 0.,
       7.52162479e-04, 3.76081240e-04, 2.63256859e-03, 3.76081240e-04,
       1.12824375e-03, 1.12824375e-03, 1.12824375e-03, 1.12824375e-03,
       3.76081240e-04, 4.51297499e-03, 1.88040617e-03, 3.76081240e-04,
       7.52162479e-04, 3.76081240e-04, 7.52162479e-04, 1.12824375e-03,
       7.52162479e-04, 7.52162479e-04, 7.52162479e-04, 3.76081240e-04,
       1.12824375e-03, 3.76081240e-04, 1.12824375e-03, 1.88040617e-03,
       1.50432496e-03, 0., 1.88040617e-03, 0., 3.00864992e-03,
       2.63256859e-03, 0., 0., 0., 1.50432496e-03, 3.76081240e-04, 0.,
       0., 0., 4.51297499e-03, 7.52162479e-04, 0., 1.12824375e-03, 0.,
       7.52162468e-03, 4.88905609e-03, 0., 7.52162479e-04,
       3.76081234e-03, 0., 0., 0., 3.76081240e-04, 0., 3.76081240e-04,
       3.00864992e-03, 3.76081240e-04, 1.12824375e-03, 0.,
       3.76081240e-04, 1.50432496e-03, 1.12824375e-03, 1.12824375e-03,
       2.63256859e-03, 1.50432496e-03, 1.50432496e-03, 3.76081240e-04,
       4.88905609e-03, 7.52162479e-04, 3.76081240e-04, 2.25648750e-03,
       7.52162479e-04, 2.25648750e-03, 1.50432496e-03, 7.52162479e-04,
       7.52162479e-04, 7.52162479e-04, 4.51297499e-03, 0.,
       1.88040617e-03, 0., 7.52162479e-04, 1.12824375e-03, 0.,
       1.12824375e-03, 1.12824375e-03, 7.52162479e-04, 3.76081240e-04,
       0., 3.76081240e-04, 3.76081240e-04, 3.76081240e-04,
       3.76081240e-04, 3.00864992e-03, 7.52162479e-04, 3.76081240e-04,
       1.88040617e-03, 0., 3.76081240e-04, 2.25648750e-03,
       1.50432496e-03, 7.52162479e-04, 2.63256859e-03, 3.00864992e-03,
       3.76081240e-04, 3.00864992e-03, 5.64121874e-03, 0.,
       3.76081240e-04, 3.76081240e-04, 1.12824375e-03, 0.,
       1.12824375e-03, 7.52162479e-04, 0., 1.50432496e-03, 0.,
       1.12824375e-03, 3.76081240e-04, 0., 0., 3.76081240e-04,
       1.12824375e-03, 1.50432496e-03, 3.00864992e-03, 0.,
       1.12824375e-03, 3.38473124e-03, 1.88040617e-03, 1.12824375e-03,
       0., 7.52162479e-04, 2.25648750e-03, 1.12824375e-03,
       2.25648750e-03, 0., 1.12824375e-03, 1.12824375e-03, 0.,
       1.50432496e-03, 0., 5.64121874e-03, 7.52162479e-04,
       1.88040617e-03, 7.52162479e-04, 3.76081240e-04, 2.25648750e-03,
       3.76081240e-04, 3.76081240e-04, 3.76081240e-04, 0., 0.,
       7.52162479e-04, 1.88040617e-03, 3.76081240e-04, 7.52162479e-04,
       1.12824375e-03, 3.76081240e-04, 0., 0., 2.25648750e-03,
       3.76081240e-04, 0., 7.52162479e-04, 7.52162479e-04, 0., 0.,
       3.38473124e-03, 3.76081240e-04, 1.12824375e-03, 3.76081240e-04,
       3.76081240e-04, 3.76081240e-04, 7.52162479e-04, 0.,
       3.76081240e-04, 3.76081240e-04, 3.76081240e-04, 1.12824375e-03,
       2.25648750e-03, 7.52162479e-04, 3.76081240e-04, 0.,
       2.63256859e-03, 3.76081240e-04, 0., 1.12824375e-03, 0.,
       3.76081240e-04, 0., 3.76081240e-04, 7.52162479e-04,
