%YAML:1.0
m50n: !!opencv-matrix
   rows: 1
   cols: 800
   dt: f
   data: [ 0., 6.10500632e-04, 0., 0., 6.10500632e-04, 1.83150196e-03,
       1.22100126e-03, 5.49450563e-03, 1.40415141e-02, 3.05250310e-03,
       6.10500632e-04, 1.83150196e-03, 0., 6.10500632e-04,
       1.22100126e-03, 4.27350448e-03, 0., 1.22100126e-03,
       1.83150196e-03, 0., 1.22100126e-03, 1.22100126e-03,
       3.66300391e-03, 6.10500632e-04, 0., 0., 0., 6.10500632e-04,
       1.83150196e-03, 6.10500632e-04, 3.05250310e-03, 6.10500632e-04,
       2.44200253e-03, 1.22100126e-03, 0., 1.83150196e-03,
       1.22100126e-03, 0., 4.27350448e-03, 2.44200253e-03,
       4.88400506e-03, 1.22100126e-03, 0., 4.88400506e-03,
       6.10500632e-04, 0., 1.83150196e-03, 1.22100126e-03,
       1.22100126e-03, 0., 0., 6.10500621e-03, 5.49450563e-03,
       6.10500632e-04, 0., 4.88400506e-03, 7.93650839e-03, 0.,
       1.22100126e-03, 6.10500632e-04, 6.10500632e-04, 5.49450563e-03,
       3.05250310e-03, 1.22100126e-03, 1.83150196e-03, 1.22100126e-03,
       2.44200253e-03, 4.88400506e-03, 0., 1.22100126e-03,
       1.22100126e-03, 1.22100126e-03, 6.10500632e-04, 6.10500632e-04,
       6.10500632e-04, 1.22100126e-03, 6.10500632e-04, 6.10500632e-04,
       1.22100126e-03, 5.49450563e-03, 0., 3.05250310e-03, 0.,
       6.10500632e-04, 5.49450563e-03, 0., 0., 1.22100126e-03,
       1.22100126e-03, 1.03785107e-02, 1.22100126e-03, 0., 0.,
       6.10500632e-04, 0., 0., 1.83150196e-03, 6.10500632e-04, 0.,
       6.10500632e-04, 1.22100126e-03, 1.22100126e-03, 0.,
       1.22100126e-03, 4.27350448e-03, 6.10500632e-04, 0., 0., 0.,
       6.10500632e-04, 0., 0., 0., 0., 3.05250310e-03, 1.22100126e-03,
       0., 1.83150196e-03, 6.10500632e-04, 3.66300391e-03,
       1.22100126e-03, 0., 6.10500632e-04, 1.22100126e-03, 0.,
       1.22100126e-03, 0., 6.10500632e-04, 1.22100126e-03,
       2.44200253e-03, 1.83150196e-03, 4.88400506e-03, 0., 0.,
       6.10500632e-04, 0., 1.22100126e-03, 0., 2.44200253e-03, 0., 0.,
       1.22100126e-03, 6.10500632e-04, 0., 4.88400506e-03,
       6.10500632e-04, 0., 7.32600782e-03, 2.44200253e-03, 0.,
       1.22100126e-03, 6.10500632e-04, 1.22100126e-03, 4.27350448e-03,
       6.10500632e-04, 6.10500632e-04, 2.44200253e-03, 2.44200253e-03,
       1.22100126e-03, 3.05250310e-03, 6.10500632e-04, 6.10500632e-04,
       6.10500632e-04, 0., 6.10500632e-04, 0., 0., 0., 1.83150196e-03,
       1.22100126e-03, 6.10500632e-04, 1.83150196e-03, 0.,
       1.83150196e-03, 1.22100126e-03, 6.10500632e-04, 0., 0.,
       6.10500632e-04, 1.83150196e-03, 0., 6.10500632e-04,
       9.76801012e-03, 1.83150196e-03, 0., 1.22100126e-03,
       1.83150196e-03, 1.22100126e-03, 6.10500632e-04, 0.,
       6.10500632e-04, 0., 4.27350448e-03, 0., 1.22100126e-03,
       3.05250310e-03, 3.66300391e-03, 1.22100126e-03, 0.,
       6.10500632e-04, 0., 6.10500632e-04, 0., 6.10500632e-04,
       6.10500632e-04, 1.22100126e-03, 0., 1.22100126e-03,
       1.22100126e-03, 0., 6.10500632e-04, 1.83150196e-03,
       3.66300391e-03, 0., 0., 0., 4.27350448e-03, 0., 1.22100126e-03,
       0., 6.10500632e-04, 3.66300391e-03, 2.44200253e-03,
       1.83150196e-03, 0., 1.22100126e-03, 0., 0., 0., 0.,
       1.22100126e-03, 1.22100126e-03, 1.22100126e-03, 0., 0.,
       6.10500632e-04, 0., 3.66300391e-03, 0., 1.83150196e-03, 0.,
       6.10500632e-04, 0., 0., 0., 5.49450563e-03, 0., 0., 0., 0.,
       6.10500632e-04, 1.22100126e-03, 0., 1.22100126e-03, 0.,
       1.83150196e-03, 0., 1.22100126e-03, 2.44200253e-03, 0.,
       6.10500632e-04, 0., 1.22100126e-03, 0., 0., 0., 7.32600782e-03,
       0., 6.10500632e-04, 0., 6.10500632e-04, 6.10500632e-04,
       6.10500632e-04, 6.10500632e-04, 6.10500632e-04, 6.10500632e-04,
       0., 6.10500632e-04, 1.22100126e-03, 6.10500632e-04,
       1.22100126e-03, 0., 6.10500632e-04, 4.27350448e-03,
       1.22100126e-03, 6.10500632e-04, 5.49450563e-03, 6.10500632e-04,
       6.10500632e-04, 1.22100126e-03, 3.66300391e-03, 0.,
       1.83150196e-03, 0., 1.64835174e-02, 3.05250310e-03,
       2.44200253e-03, 0., 0., 4.27350448e-03, 6.10500632e-04,
       6.10500632e-04, 0., 0., 6.10500632e-04, 0., 0., 4.27350448e-03,
       5.49450563e-03, 0., 3.05250310e-03, 0., 0., 6.10500632e-04, 0.,
       0., 1.22100126e-03, 2.44200253e-03, 1.22100126e-03, 0.,
       6.10500632e-04, 6.10500632e-04, 0., 0., 1.83150196e-03,
       1.83150196e-03, 0., 3.05250310e-03, 6.10500632e-04, 0.,
       1.22100126e-03, 1.83150196e-03, 0., 0., 1.83150196e-03,
       6.10500632e-04, 1.22100126e-03, 1.22100126e-03, 0.,
       1.22100126e-03, 0., 6.10500632e-04, 0., 0., 6.10500632e-04, 0.,
       0., 1.83150196e-03, 0., 1.22100126e-03, 6.10500632e-04,
       6.10500632e-04, 0., 1.22100126e-03, 1.22100126e-03, 0., 0.,
       6.10500632e-04, 6.10500632e-04, 6.10500632e-04, 0.,
       6.10500632e-04, 1.83150196e-03, 1.83150196e-03, 0., 0.,
       6.10500632e-04, 2.44200253e-03, 0., 3.05250310e-03,
       1.83150196e-03, 0., 1.83150196e-03, 1.22100126e-03,
       6.10500632e-04, 0., 1.22100126e-03, 6.10500632e-04, 0., 0.,
       6.10500632e-04, 6.10500632e-04, 4.27350448e-03, 6.10500632e-04,
       0., 3.05250310e-03, 6.10500632e-04, 0., 6.10500632e-04,
       6.10500632e-04, 0., 6.10500632e-04, 1.40415141e-02, 0., 0.,
       6.10500632e-04, 2.44200253e-03, 0., 0., 0., 0., 6.10500632e-04,
       6.10500632e-04, 6.10500632e-04, 6.10500632e-04, 1.22100126e-03,
       0., 1.83150196e-03, 6.10500632e-04, 0., 6.10500621e-03,
       6.10500632e-04, 1.22100126e-03, 2.44200253e-03, 0., 0., 0.,
       6.10500632e-04, 0., 6.10500632e-04, 0., 1.22100126e-03,
       6.10500632e-04, 0., 6.10500632e-04, 1.22100126e-03,
       1.83150196e-03, 6.10500632e-04, 1.83150196e-03, 0.,
       5.49450563e-03, 0., 3.66300391e-03, 1.22100126e-03, 0.,
       7.93650839e-03, 6.10500632e-04, 6.10500632e-04, 1.22100126e-03,
       1.22100126e-03, 6.10500632e-04, 0., 4.27350448e-03,
       1.22100126e-03, 6.10500632e-04, 1.22100126e-03, 3.05250310e-03,
       6.10500632e-04, 0., 2.44200253e-03, 3.05250310e-03, 0.,
       4.88400506e-03, 6.10500632e-04, 0., 6.10500632e-04,
       2.44200253e-03, 1.22100126e-03, 1.22100126e-03, 2.44200253e-03,
       6.10500632e-04, 6.10500632e-04, 1.22100126e-03, 0., 0.,
       1.22100126e-03, 1.22100126e-03, 5.49450563e-03, 6.10500632e-04,
       6.10500632e-04, 2.44200253e-03, 0., 0., 6.10500632e-04, 0.,
       6.10500632e-04, 1.83150196e-03, 0., 1.22100126e-03,
       1.83150196e-03, 1.83150196e-03, 0., 0., 1.22100126e-03,
       3.05250310e-03, 6.10500632e-04, 4.27350448e-03, 1.22100126e-03,
       0., 1.83150196e-03, 4.27350448e-03, 0., 1.22100126e-03,
       6.10500632e-04, 1.22100126e-03, 0., 6.10500632e-04,
       2.44200253e-03, 0., 0., 1.22100126e-03, 0., 0., 4.88400506e-03,
       1.22100126e-03, 1.09890113e-02, 6.10500632e-04, 1.22100126e-03,
       3.66300391e-03, 2.44200253e-03, 6.10500632e-04, 3.05250310e-03,
       6.10500632e-04, 0., 0., 0., 0., 4.88400506e-03, 1.22100126e-03,
       3.05250310e-03, 0., 3.05250310e-03, 0., 4.27350448e-03,
       1.22100126e-03, 1.22100126e-03, 0., 1.83150196e-03,
       1.22100126e-03, 3.05250310e-03, 0., 6.10500632e-04, 0., 0., 0.,
       6.10500632e-04, 1.22100126e-03, 6.10500632e-04, 0.,
       3.66300391e-03, 0., 6.10500632e-04, 1.83150196e-03,
       6.10500632e-04, 2.44200253e-03, 0., 6.10500632e-04, 0.,
       6.10500632e-04, 6.10500632e-04, 0., 1.83150196e-03,
       1.83150196e-03, 6.10500632e-04, 1.46520156e-02, 1.22100126e-03,
       6.10500632e-04, 0., 2.44200253e-03, 6.10500632e-04,
       4.27350448e-03, 6.10500632e-04, 6.10500632e-04, 0.,
       1.22100126e-03, 6.10500632e-04, 1.22100126e-03, 1.22100126e-03,
       6.10500632e-04, 1.22100126e-03, 0., 1.22100126e-03,
       1.22100126e-03, 6.10500632e-04, 0., 1.83150196e-03,
       1.83150196e-03, 1.22100126e-03, 1.22100126e-03, 1.83150196e-03,
       1.83150196e-03, 0., 0., 6.10500632e-04, 3.05250310e-03, 0.,
       6.10500632e-04, 0., 0., 0., 6.10500632e-04, 3.66300391e-03,
