%YAML:1.0
m50n: !!opencv-matrix
   rows: 1
   cols: 800
   dt: f
   data: [ 1.37080194e-03, 6.85400970e-04, 1.71350245e-03,
       3.42700485e-04, 1.37080194e-03, 1.02810143e-03, 1.02810143e-03,
       0., 3.42700485e-04, 6.85400970e-04, 6.85400970e-04,
       2.39890348e-03, 1.71350245e-03, 1.02810143e-03, 6.85400970e-04,
       1.37080194e-03, 3.42700485e-04, 3.42700485e-04, 1.71350245e-03,
       6.85400970e-04, 6.85400970e-04, 0., 6.85400970e-04,
       2.05620285e-03, 5.14050713e-03, 3.42700485e-04, 6.85400970e-04,
       6.85400970e-04, 3.42700485e-04, 6.85400970e-04, 1.02810143e-03,
       2.39890348e-03, 1.37080194e-03, 3.42700485e-04, 0.,
       1.37080194e-03, 2.74160388e-03, 6.85400970e-04, 6.85400970e-04,
       6.85400970e-04, 1.71350245e-03, 1.71350245e-03, 6.85400970e-04,
       3.08430428e-03, 4.79780696e-03, 3.42700485e-04, 2.39890348e-03,
       2.05620285e-03, 6.85400970e-04, 6.85400970e-04, 1.02810143e-03,
       1.71350245e-03, 1.02810143e-03, 3.08430428e-03, 0.,
       6.85400970e-04, 5.48320776e-03, 6.85400970e-04, 2.39890348e-03,
       3.42700485e-04, 1.71350245e-03, 3.76970530e-03, 4.79780696e-03,
       1.37080194e-03, 1.02810143e-03, 0., 1.02810143e-03,
       2.05620285e-03, 6.85400970e-04, 6.85400970e-04, 2.39890348e-03,
       6.85400970e-04, 1.37080194e-03, 6.85400970e-04, 3.76970530e-03,
       0., 1.02810143e-03, 3.42700485e-04, 1.37080194e-03,
       6.85400970e-04, 6.85400970e-04, 3.42700485e-04, 3.42700485e-04,
       1.37080194e-03, 2.05620285e-03, 3.76970530e-03, 6.85400970e-04,
       2.74160388e-03, 1.71350245e-03, 2.39890348e-03, 2.05620285e-03,
       6.85400970e-04, 0., 3.42700485e-04, 0., 2.39890348e-03,
       1.37080194e-03, 3.42700485e-04, 1.02810143e-03, 6.51130918e-03,
       1.71350245e-03, 1.37080194e-03, 1.71350245e-03, 1.37080194e-03,
       1.02810143e-03, 1.02810143e-03, 1.71350245e-03, 6.85400970e-04,
       2.39890348e-03, 1.71350245e-03, 1.71350245e-03, 3.42700485e-04,
       6.85400970e-04, 1.71350245e-03, 0., 1.37080194e-03,
       1.02810143e-03, 1.02810143e-03, 2.39890348e-03, 3.42700485e-04,
       3.42700485e-04, 1.02810143e-03, 3.42700485e-04, 6.85400970e-04,
       3.42700485e-04, 1.71350245e-03, 1.02810143e-03, 1.02810143e-03,
       1.02810143e-03, 1.02810143e-03, 1.71350245e-03, 7.19670998e-03,
       2.39890348e-03, 1.02810143e-03, 1.37080194e-03, 7.19670998e-03,
       3.42700485e-04, 6.85400970e-04, 1.02810143e-03, 3.42700485e-04,
       0., 2.05620285e-03, 3.42700485e-04, 1.02810143e-03,
       1.02810143e-03, 2.05620285e-03, 0., 2.74160388e-03,
       1.02810143e-03, 2.39890348e-03, 3.42700485e-04, 2.05620285e-03,
       2.39890348e-03, 1.71350245e-03, 0., 0., 0., 3.42700485e-04,
       3.42700485e-04, 1.71350245e-03, 0., 6.85400970e-04,
       6.85400970e-04, 1.02810143e-03, 1.02810143e-03, 3.42700485e-04,
       6.85400970e-04, 2.05620285e-03, 1.37080194e-03, 3.42700485e-04,
       6.85400970e-04, 3.42700485e-04, 6.85400970e-04, 1.02810143e-03,
       0., 1.37080194e-03, 2.05620285e-03, 4.45510633e-03,
       1.37080194e-03, 2.39890348e-03, 5.14050713e-03, 6.85400970e-04,
       3.42700485e-04, 3.42700485e-04, 0., 1.02810143e-03,
       6.85400970e-04, 6.85400970e-04, 0., 2.05620285e-03,
       1.02810143e-03, 2.39890348e-03, 4.45510633e-03, 3.42700485e-04,
       6.85400970e-04, 3.42700485e-04, 0., 6.85400970e-04,
       1.37080194e-03, 3.42700485e-04, 6.85400970e-04, 1.71350245e-03,
       1.37080194e-03, 1.26799177e-02, 1.71350245e-03, 1.71350245e-03,
       0., 3.42700485e-04, 1.37080194e-03, 3.76970530e-03,
       1.71350245e-03, 6.85400970e-04, 1.02810143e-03, 6.85400970e-04,
       4.45510633e-03, 6.85400970e-04, 6.85400970e-04, 2.74160388e-03,
       1.02810143e-03, 6.85400970e-04, 3.42700485e-04, 3.08430428e-03,
       3.42700485e-04, 0., 1.02810143e-03, 6.85400970e-04,
       6.85400970e-04, 1.71350245e-03, 3.76970530e-03, 2.05620285e-03,
       3.42700485e-04, 2.74160388e-03, 6.85400970e-04, 2.74160388e-03,
       6.85400970e-04, 1.37080194e-03, 3.08430428e-03, 3.42700485e-04,
       1.02810143e-03, 3.42700485e-04, 1.02810143e-03, 0.,
       1.02810143e-03, 3.08430428e-03, 1.02810143e-03, 1.02810143e-03,
       6.51130918e-03, 3.42700485e-04, 2.74160388e-03, 6.85400970e-04,
       1.37080194e-03, 3.42700485e-04, 2.05620285e-03, 1.37080194e-03,
       0., 0., 1.71350245e-03, 3.42700485e-04, 1.02810143e-03,
       1.02810143e-03, 6.85400970e-04, 6.85400970e-04, 1.02810143e-03,
       2.74160388e-03, 1.02810143e-03, 6.85400970e-04, 6.85400970e-04,
       4.11240570e-03, 1.02810143e-03, 1.71350245e-03, 3.08430428e-03,
       3.42700485e-04, 0., 3.42700485e-04, 1.71350245e-03,
       2.74160388e-03, 1.71350245e-03, 4.11240570e-03, 2.05620285e-03,
       1.71350245e-03, 3.76970530e-03, 2.05620285e-03, 1.02810143e-03,
       1.71350245e-03, 3.42700485e-04, 1.37080194e-03, 2.74160388e-03,
       0., 1.71350245e-03, 3.42700485e-04, 3.42700485e-04,
       3.42700485e-04, 6.85400970e-04, 1.71350245e-03, 1.02810143e-03,
       6.85400970e-04, 3.42700485e-04, 3.42700485e-04, 3.42700485e-04,
       6.85400970e-04, 1.71350245e-03, 3.42700485e-04, 1.37080194e-03,
       0., 2.39890348e-03, 0., 6.85400970e-04, 6.85400970e-04,
       6.85400970e-04, 2.05620285e-03, 6.85400970e-04, 1.02810143e-03,
       3.42700485e-04, 2.39890348e-03, 2.74160388e-03, 1.71350245e-03,
       6.85400970e-04, 1.37080194e-03, 6.85400970e-04, 3.42700485e-04,
       2.39890348e-03, 0., 6.85400970e-04, 1.02810143e-03,
       2.39890348e-03, 6.85400970e-04, 6.85400970e-04, 3.42700491e-03,
       1.71350245e-03, 3.42700485e-04, 6.85400970e-04, 1.02810143e-03,
       2.39890348e-03, 3.76970530e-03, 1.37080194e-03, 7.19670998e-03,
       3.42700485e-04, 6.85400970e-04, 6.85400970e-04, 0.,
       2.05620285e-03, 6.85400970e-04, 2.05620285e-03, 1.71350245e-03,
       3.08430428e-03, 0., 3.42700485e-04, 1.37080194e-03, 0.,
       6.51130918e-03, 0., 6.85400970e-04, 0., 6.85400970e-04,
       3.42700491e-03, 6.85400970e-04, 0., 3.42700485e-04,
       3.42700485e-04, 6.16860855e-03, 1.37080194e-03, 1.71350245e-03,
       3.42700485e-04, 1.71350245e-03, 2.74160388e-03, 3.42700485e-04,
       6.85400970e-04, 0., 1.06237149e-02, 6.85400970e-04,
       2.05620285e-03, 1.02810143e-03, 3.42700485e-04, 1.02810143e-03,
       6.85400970e-04, 6.85400970e-04, 1.71350245e-03, 1.71350245e-03,
       2.74160388e-03, 0., 3.42700491e-03, 2.05620285e-03,
       6.85400970e-04, 3.42700485e-04, 1.71350245e-03, 3.42700485e-04,
       0., 2.05620285e-03, 3.08430428e-03, 2.05620285e-03,
       2.74160388e-03, 5.48320776e-03, 1.37080194e-03, 3.08430428e-03,
       2.39890348e-03, 0., 2.39890348e-03, 2.05620285e-03, 0.,
       1.02810143e-03, 6.85400970e-04, 1.37080194e-03, 3.42700485e-04,
       1.02810143e-03, 6.85400970e-04, 0., 3.42700485e-04,
       1.71350245e-03, 1.37080194e-03, 1.02810143e-03, 1.37080194e-03,
       2.74160388e-03, 2.39890348e-03, 3.42700485e-04, 6.85400970e-04,
       6.85400981e-03, 0., 6.85400970e-04, 1.37080194e-03, 0.,
       2.74160388e-03, 0., 1.02810143e-03, 2.39890348e-03,
       2.39890348e-03, 3.42700485e-04, 1.02810143e-03, 0.,
       1.02810143e-03, 1.02810143e-03, 1.02810143e-03, 3.42700485e-04,
       0., 6.85400970e-04, 1.02810143e-03, 1.02810143e-03,
       3.42700485e-04, 3.42700485e-04, 6.85400970e-04, 2.74160388e-03,
       1.02810143e-03, 0., 1.02810143e-03, 4.45510633e-03,
       6.85400970e-04, 1.37080194e-03, 4.45510633e-03, 0.,
       1.71350245e-03, 2.05620285e-03, 6.85400970e-04, 1.37080194e-03,
       1.37080194e-03, 3.42700485e-04, 1.71350245e-03, 2.05620285e-03,
       6.85400970e-04, 6.85400970e-04, 1.71350245e-03, 6.85400970e-04,
       0., 1.02810143e-03, 1.71350245e-03, 0., 3.42700485e-04, 0.,
       1.71350245e-03, 0., 1.02810143e-03, 3.42700491e-03,
       1.37080194e-03, 3.42700485e-04, 0., 1.37080194e-03,
       3.42700485e-04, 1.37080194e-03, 0., 3.42700485e-04,
       5.14050713e-03, 1.02810143e-03, 1.71350245e-03, 1.02810143e-03,
