%YAML:1.0
m50n: !!opencv-matrix
   rows: 1
   cols: 800
   dt: f
   data: [ 0., 2.33644876e-03, 2.80373846e-03, 9.34579468e-04,
       1.40186923e-03, 0., 0., 4.67289734e-04, 0., 9.34579468e-04,
       1.40186923e-03, 4.67289734e-04, 0., 1.40186923e-03,
       1.40186923e-03, 2.80373846e-03, 4.67289734e-04, 4.67289734e-04,
       4.67289734e-04, 1.86915894e-03, 1.86915894e-03, 1.86915894e-03,
       1.86915894e-03, 5.60747692e-03, 9.34579468e-04, 0., 0., 0.,
       3.73831787e-03, 0., 4.67289751e-03, 9.34579468e-04,
       2.80373846e-03, 9.34579468e-04, 9.34579468e-04, 2.33644876e-03,
       1.40186923e-03, 9.34579468e-04, 4.67289734e-04, 0.,
       4.67289734e-04, 9.34579468e-04, 1.40186923e-03, 0.,
       9.34579468e-04, 2.33644876e-03, 4.67289734e-04, 1.40186923e-03,
       0., 0., 9.34579468e-04, 1.40186923e-03, 1.86915894e-03,
       4.67289734e-04, 4.67289734e-04, 9.34579468e-04, 9.34579468e-04,
       2.33644876e-03, 1.40186923e-03, 4.67289734e-04, 1.40186923e-03,
       4.67289734e-04, 4.67289734e-04, 9.34579468e-04, 4.67289734e-04,
       4.67289734e-04, 1.40186923e-03, 2.80373846e-03, 0.,
       9.34579468e-04, 0., 4.67289734e-04, 0., 9.34579468e-04,
       1.40186923e-03, 0., 0., 0., 9.34579468e-04, 2.33644876e-03, 0.,
       9.34579468e-04, 1.40186923e-03, 9.34579468e-04, 9.34579468e-04,
       2.80373846e-03, 4.67289734e-04, 0., 0., 4.67289734e-04,
       9.34579468e-04, 1.40186923e-03, 9.34579468e-04, 4.67289734e-04,
       0., 4.67289734e-04, 4.67289734e-04, 1.86915894e-03,
       4.67289734e-04, 9.34579468e-04, 4.67289734e-04, 2.80373846e-03,
       2.33644876e-03, 1.40186923e-03, 4.67289734e-04, 6.54205633e-03,
       1.86915894e-03, 4.67289734e-04, 1.86915894e-03, 0.,
       9.34579468e-04, 0., 2.33644876e-03, 4.67289734e-04,
       2.80373846e-03, 9.34579468e-04, 9.34579468e-04, 0.,
       1.86915894e-03, 1.40186923e-03, 9.34579468e-04, 4.67289734e-04,
       7.94392545e-03, 0., 0., 2.80373846e-03, 3.27102817e-03,
       9.34579468e-04, 3.27102817e-03, 1.40186923e-03, 1.40186923e-03,
       1.86915894e-03, 2.33644876e-03, 1.40186923e-03, 9.34579468e-04,
       9.34579468e-04, 4.67289734e-04, 4.67289734e-04, 9.34579468e-04,
       5.14018722e-03, 1.40186923e-03, 4.67289734e-04, 0.,
       4.67289734e-04, 0., 9.34579468e-04, 4.67289734e-04,
       1.40186923e-03, 0., 4.67289734e-04, 9.34579468e-04, 0.,
       9.34579468e-04, 9.34579468e-04, 4.67289734e-04, 0., 0.,
       9.34579468e-04, 4.67289734e-04, 0., 9.34579468e-04,
       1.40186923e-03, 4.67289734e-04, 2.33644876e-03, 4.67289734e-04,
       1.86915894e-03, 0., 1.86915894e-03, 3.73831787e-03,
       9.34579468e-04, 1.40186923e-03, 1.86915894e-03, 1.40186923e-03,
       0., 9.34579468e-04, 1.40186923e-03, 9.34579468e-04,
       2.33644876e-03, 3.27102817e-03, 0., 2.33644876e-03,
       1.40186923e-03, 0., 4.67289734e-04, 4.67289734e-04,
       4.67289734e-04, 3.27102817e-03, 1.86915894e-03, 4.67289734e-04,
       2.33644876e-03, 1.86915894e-03, 4.67289734e-04, 4.67289751e-03,
       1.40186923e-03, 4.67289734e-04, 1.40186923e-03, 1.86915894e-03,
       3.27102817e-03, 2.33644876e-03, 2.33644876e-03, 1.86915894e-03,
       9.34579468e-04, 4.67289734e-04, 3.27102817e-03, 4.67289734e-04,
       4.67289734e-04, 3.27102817e-03, 9.34579468e-04, 0.,
       1.86915894e-03, 4.67289734e-04, 1.40186923e-03, 9.34579468e-04,
       0., 9.34579468e-04, 1.86915894e-03, 9.34579468e-04,
       1.40186923e-03, 9.34579468e-04, 9.34579468e-04, 1.86915894e-03,
       0., 9.34579468e-04, 4.67289734e-04, 1.86915894e-03,
       9.34579468e-04, 2.80373846e-03, 1.86915894e-03, 4.67289734e-04,
       4.67289734e-04, 1.86915894e-03, 0., 4.67289734e-04,
       3.73831787e-03, 2.33644876e-03, 1.40186923e-03, 2.80373846e-03,
       2.80373846e-03, 3.27102817e-03, 2.80373846e-03, 9.34579468e-04,
       3.73831787e-03, 0., 4.67289734e-04, 9.34579468e-04,
       4.67289734e-04, 2.80373846e-03, 1.86915894e-03, 0.,
       4.67289734e-04, 0., 2.33644876e-03, 1.40186923e-03,
       9.34579468e-04, 4.67289734e-04, 0., 4.67289734e-04,
       2.80373846e-03, 9.34579468e-04, 2.33644876e-03, 4.67289734e-04,
       1.40186923e-03, 0., 1.40186923e-03, 4.67289734e-04,
       2.33644876e-03, 4.67289734e-04, 0., 4.67289734e-04,
       9.34579468e-04, 1.86915894e-03, 0., 1.86915894e-03, 0.,
       1.40186923e-03, 4.67289734e-04, 4.67289734e-04, 4.67289734e-04,
       0., 0., 1.40186923e-03, 1.40186923e-03, 1.40186923e-03, 0., 0.,
       1.86915894e-03, 9.34579468e-04, 4.67289734e-04, 4.67289734e-04,
       9.34579468e-04, 1.40186923e-03, 1.40186923e-03, 9.34579468e-04,
       9.34579468e-04, 6.07476663e-03, 3.27102817e-03, 2.33644876e-03,
       9.34579468e-04, 1.40186923e-03, 9.34579468e-04, 4.67289734e-04,
       1.86915894e-03, 9.34579468e-04, 6.07476663e-03, 0., 0.,
       4.67289734e-04, 9.34579468e-04, 1.40186923e-03, 3.27102817e-03,
       5.14018722e-03, 2.80373846e-03, 1.40186923e-03, 4.67289734e-04,
       4.67289734e-04, 9.34579468e-04, 4.67289734e-04, 4.67289734e-04,
       9.34579468e-04, 9.34579468e-04, 4.67289734e-04, 4.67289734e-04,
       0., 0., 1.40186923e-03, 9.34579468e-04, 4.67289734e-04,
       4.67289734e-04, 4.67289734e-04, 2.33644876e-03, 4.67289734e-04,
       4.67289734e-04, 9.34579468e-04, 0., 1.86915894e-03, 0.,
       5.14018722e-03, 1.40186923e-03, 4.67289734e-04, 1.40186923e-03,
       2.33644876e-03, 1.86915894e-03, 1.40186923e-03, 4.67289734e-04,
       1.40186923e-03, 9.34579468e-04, 9.34579468e-04, 4.67289734e-04,
       1.40186923e-03, 9.34579468e-04, 4.67289734e-04, 0.,
       9.34579468e-04, 1.40186923e-03, 1.40186923e-03, 9.34579468e-04,
       0., 9.34579468e-04, 4.67289734e-04, 9.34579468e-04,
       1.86915894e-03, 9.34579468e-04, 9.34579468e-04, 0.,
       4.20560781e-03, 4.67289751e-03, 9.34579468e-04, 1.40186923e-03,
       1.86915894e-03, 1.40186923e-03, 2.80373846e-03, 1.86915894e-03,
       9.34579468e-04, 0., 3.73831787e-03, 4.67289734e-04, 0.,
       4.67289734e-04, 0., 9.34579468e-04, 5.14018722e-03,
       4.67289734e-04, 9.34579468e-04, 4.67289734e-04, 3.27102817e-03,
       4.67289734e-04, 1.40186923e-03, 0., 4.67289734e-04,
       1.40186923e-03, 3.73831787e-03, 9.34579468e-04, 0.,
       3.27102817e-03, 1.40186923e-03, 1.86915894e-03, 2.80373846e-03,
       0., 9.34579468e-04, 9.34579468e-04, 9.34579468e-04, 0.,
       4.67289751e-03, 3.73831787e-03, 1.40186923e-03, 1.40186923e-03,
       2.80373846e-03, 9.34579468e-04, 1.86915894e-03, 4.67289734e-04,
       4.67289734e-04, 5.60747692e-03, 4.67289734e-04, 1.40186923e-03,
       4.67289734e-04, 9.34579468e-04, 0., 1.86915894e-03,
       9.34579468e-04, 9.34579468e-04, 4.67289734e-04, 1.40186923e-03,
       1.86915894e-03, 0., 1.40186923e-03, 2.33644876e-03,
       4.67289734e-04, 0., 9.34579468e-04, 1.86915894e-03,
       1.40186923e-03, 9.34579468e-04, 1.12149538e-02, 9.34579468e-04,
       1.40186923e-03, 2.33644876e-03, 0., 1.40186923e-03,
       9.34579468e-04, 0., 9.34579468e-04, 1.86915894e-03, 0.,
       1.86915894e-03, 1.86915894e-03, 1.40186923e-03, 2.80373846e-03,
       4.67289734e-04, 4.67289734e-04, 0., 0., 4.67289734e-04,
       9.34579468e-04, 2.33644876e-03, 4.20560781e-03, 4.67289734e-04,
       0., 4.67289734e-04, 1.40186923e-03, 9.34579468e-04,
       2.33644876e-03, 4.67289734e-04, 1.40186923e-03, 3.73831787e-03,
       9.34579468e-04, 0., 1.40186923e-03, 4.20560781e-03,
       1.40186923e-03, 1.40186923e-03, 1.40186923e-03, 0.,
       1.40186923e-03, 1.86915894e-03, 1.40186923e-03, 4.67289734e-04,
       4.67289734e-04, 0., 0., 3.27102817e-03, 9.34579468e-04, 0.,
       4.67289734e-04, 0., 4.67289734e-04, 4.67289734e-04,
       1.40186923e-03, 9.34579468e-04, 0., 1.40186923e-03,
       5.14018722e-03, 9.34579468e-04, 1.40186923e-03, 2.33644876e-03,
       1.86915894e-03, 2.33644876e-03, 1.40186923e-03, 9.34579468e-04,
       0., 0., 4.67289734e-04, 3.27102817e-03, 1.40186923e-03,
       4.67289734e-04, 9.34579468e-04, 5.60747692e-03, 3.73831787e-03,
