%YAML:1.0
m50n: !!opencv-matrix
   rows: 1
   cols: 800
   dt: f
   data: [ 1.44196104e-03, 1.80245133e-03, 3.60490259e-04,
       1.80245133e-03, 3.60490259e-04, 2.88392208e-03, 1.08147075e-03,
       3.60490259e-04, 3.60490259e-04, 3.60490259e-04, 2.16294150e-03,
       1.44196104e-03, 3.60490259e-04, 7.20980519e-04, 1.44196104e-03,
       1.44196104e-03, 7.20980519e-04, 1.08147075e-03, 3.60490259e-04,
       7.20980519e-04, 3.60490259e-04, 1.08147075e-03, 0.,
       3.60490259e-04, 2.12689247e-02, 3.24441236e-03, 3.60490259e-04,
       3.60490259e-04, 1.08147075e-03, 3.60490259e-04, 7.20980519e-04,
       1.08147075e-03, 3.60490259e-04, 0., 1.08147075e-03,
       7.20980519e-04, 3.60490259e-04, 0., 1.08147075e-03,
       1.80245133e-03, 0., 2.88392208e-03, 0., 2.52343179e-03,
       3.60490259e-04, 7.20980519e-04, 3.60490259e-04, 9.01225675e-03,
       1.80245133e-03, 1.80245133e-03, 7.20980519e-04, 7.20980519e-04,
       1.44196104e-03, 1.08147075e-03, 0., 1.44196104e-03,
       2.52343179e-03, 7.20980519e-04, 3.60490259e-04, 2.52343179e-03,
       1.44196104e-03, 7.20980519e-04, 2.52343179e-03, 1.08147075e-03,
       1.44196104e-03, 3.60490259e-04, 0., 7.20980519e-04,
       7.20980519e-04, 2.52343179e-03, 1.80245133e-03, 1.44196104e-03,
       1.44196104e-03, 0., 1.80245133e-03, 3.60490259e-04,
       1.44196104e-03, 7.20980519e-04, 1.08147075e-03, 0.,
       1.08147075e-03, 3.60490259e-04, 3.60490259e-04, 7.20980519e-04,
       3.60490259e-04, 3.24441236e-03, 3.60490259e-04, 1.44196104e-03,
       1.08147075e-03, 4.32588300e-03, 1.80245133e-03, 7.20980519e-04,
       1.44196104e-03, 1.08147075e-03, 7.20980519e-04, 7.20980519e-04,
       3.60490259e-04, 7.20980519e-04, 1.08147075e-03, 1.44196104e-03,
       7.20980519e-04, 1.08147075e-03, 2.16294150e-03, 1.08147075e-03,
       2.88392208e-03, 3.60490259e-04, 7.20980519e-04, 0.,
       7.20980519e-04, 0., 7.20980519e-04, 1.08147075e-03,
       1.08147075e-03, 1.08147075e-03, 7.20980519e-04, 3.60490259e-04,
       0., 1.44196104e-03, 5.04686357e-03, 3.96539271e-03,
       3.60490259e-04, 0., 1.08147075e-03, 1.80245133e-03,
       1.44196104e-03, 3.96539271e-03, 1.08147075e-03, 1.08147075e-03,
       3.60490259e-04, 7.20980519e-04, 1.44196104e-03, 1.08147075e-03,
       7.20980519e-04, 1.08147075e-03, 1.44196104e-03, 1.36986300e-02,
       7.20980519e-04, 0., 1.44196104e-03, 3.60490259e-04,
       7.20980519e-04, 2.16294150e-03, 0., 3.60490259e-04,
       2.16294150e-03, 3.60490259e-04, 1.08147075e-03, 2.16294150e-03,
       2.52343179e-03, 3.60490259e-04, 3.60490259e-04, 2.16294150e-03,
       1.08147075e-03, 7.20980519e-04, 1.08147075e-03, 3.60490259e-04,
       3.60490259e-04, 0., 0., 7.20980519e-04, 3.60490259e-04,
       2.52343179e-03, 3.60490259e-04, 2.16294150e-03, 7.20980519e-04,
       3.60490259e-04, 1.44196104e-03, 0., 3.60490259e-04,
       3.60490259e-04, 3.60490259e-04, 1.80245133e-03, 0.,
       1.44196104e-03, 1.44196104e-03, 3.60490259e-04, 7.20980519e-04,
       1.51405912e-02, 1.08147075e-03, 3.60490259e-04, 1.08147075e-03,
       3.60490259e-04, 3.60490259e-04, 0., 1.44196104e-03,
       7.20980519e-04, 7.20980519e-04, 7.20980519e-04, 1.08147075e-03,
       3.60490259e-04, 1.08147075e-03, 3.24441236e-03, 3.24441236e-03,
       1.08147075e-03, 0., 1.08147075e-03, 1.08147075e-03,
       3.60490259e-04, 1.08147075e-03, 0., 7.20980519e-04,
       1.08147075e-03, 1.44196104e-03, 2.27108859e-02, 0.,
       3.60490259e-04, 1.44196104e-03, 3.60490259e-04, 1.44196104e-03,
       2.16294150e-03, 1.44196104e-03, 7.20980519e-04, 2.16294150e-03,
       7.20980519e-04, 3.24441236e-03, 0., 3.60490259e-04,
       4.32588300e-03, 7.20980519e-04, 1.44196104e-03, 7.20980519e-04,
       1.44196104e-03, 3.60490259e-04, 0., 7.20980519e-04,
       1.44196104e-03, 1.08147075e-03, 1.44196104e-03, 2.16294150e-03,
       5.76784415e-03, 7.20980519e-04, 1.44196104e-03, 1.80245133e-03,
       1.44196104e-03, 1.80245133e-03, 0., 2.52343179e-03,
       7.20980519e-04, 0., 1.08147075e-03, 7.20980519e-04,
       1.44196104e-03, 1.44196104e-03, 9.73323733e-03, 3.60490259e-04,
       1.08147075e-03, 7.20980531e-03, 1.80245133e-03, 2.52343179e-03,
       3.60490259e-04, 1.08147075e-03, 2.16294150e-03, 3.60490259e-04,
       7.20980531e-03, 3.60490259e-04, 7.20980519e-04, 1.44196104e-03,
       0., 1.44196104e-03, 1.80245133e-03, 2.52343179e-03,
       1.44196104e-03, 1.44196104e-03, 3.60490259e-04, 1.08147075e-03,
       7.20980519e-04, 5.76784415e-03, 3.96539271e-03, 7.20980519e-04,
       3.60490259e-04, 4.32588300e-03, 0., 3.60490259e-04,
       3.60490259e-04, 1.08147075e-03, 1.44196104e-03, 3.60490259e-04,
       8.65176599e-03, 7.20980519e-04, 3.60490259e-04, 1.08147075e-03,
       1.44196104e-03, 1.08147075e-03, 1.08147075e-03, 7.20980519e-04,
       7.20980519e-04, 7.20980519e-04, 0., 7.20980519e-04,
       3.60490259e-04, 2.52343179e-03, 3.60490259e-04, 7.20980519e-04,
       1.08147075e-03, 2.16294150e-03, 1.80245133e-03, 3.60490259e-04,
       1.44196104e-03, 1.08147075e-03, 2.52343179e-03, 3.60490259e-04,
       3.60490259e-04, 1.08147075e-03, 3.60490259e-04, 1.80245133e-03,
       1.44196104e-03, 3.60490259e-04, 7.20980519e-04, 7.20980519e-04,
       3.24441236e-03, 3.60490259e-04, 0., 7.20980519e-04,
       1.08147075e-03, 1.44196104e-03, 3.60490259e-04, 3.60490259e-04,
       7.20980519e-04, 0., 1.08147075e-03, 1.08147075e-03,
       3.60490259e-04, 1.44196104e-03, 3.60490259e-04, 3.60490259e-04,
       7.20980519e-04, 3.60490259e-04, 2.52343179e-03, 7.20980519e-04,
       6.48882473e-03, 3.60490259e-04, 3.60490259e-04, 3.96539271e-03,
       7.57029559e-03, 1.08147075e-03, 1.08147075e-03, 1.44196104e-03,
       7.20980519e-04, 3.60490259e-04, 1.08147075e-03, 3.60490265e-03,
       0., 1.80245133e-03, 3.60490259e-04, 1.08147075e-03,
       1.80245133e-03, 1.08147075e-03, 1.08147075e-03, 1.08147075e-03,
       1.44196104e-03, 0., 0., 7.20980519e-04, 1.44196104e-03,
       3.60490259e-04, 7.20980519e-04, 3.60490259e-04, 2.16294150e-03,
       3.60490259e-04, 7.57029559e-03, 3.60490259e-04, 0.,
       1.44196104e-03, 1.80245133e-03, 0., 1.08147075e-03,
       1.44196104e-03, 0., 4.68637329e-03, 0., 2.16294150e-03,
       3.60490259e-04, 0., 2.88392208e-03, 0., 1.80245133e-03,
       7.20980519e-04, 0., 1.08147075e-03, 7.20980519e-04,
       1.44196104e-03, 0., 0., 7.20980519e-04, 4.68637329e-03,
       1.80245133e-03, 3.60490259e-04, 7.20980519e-04, 8.29127617e-03,
       1.44196104e-03, 3.60490259e-04, 3.96539271e-03, 1.80245133e-03,
       8.29127617e-03, 7.20980519e-04, 3.60490259e-04, 1.80245133e-03,
       3.60490259e-04, 3.60490259e-04, 1.08147075e-03, 1.44196104e-03,
       1.44196104e-03, 1.44196104e-03, 1.80245133e-03, 0.,
       3.60490259e-04, 1.80245133e-03, 1.80245133e-03, 1.44196104e-03,
       7.20980519e-04, 2.52343179e-03, 1.44196104e-03, 1.44196104e-03,
       2.88392208e-03, 3.60490259e-04, 1.80245133e-03, 2.16294150e-03,
       3.60490259e-04, 0., 3.60490259e-04, 3.60490265e-03,
       7.20980519e-04, 7.20980519e-04, 1.08147075e-03, 2.88392208e-03,
       0., 3.60490259e-04, 0., 1.08147075e-03, 2.52343179e-03, 0.,
       1.44196104e-03, 7.20980519e-04, 1.44196104e-03, 3.60490259e-04,
       3.60490259e-04, 1.44196104e-03, 3.60490259e-04, 1.08147075e-03,
       2.52343179e-03, 2.52343179e-03, 7.20980519e-04, 0.,
       1.08147075e-03, 1.08147075e-03, 7.20980519e-04, 1.44196104e-03,
       1.08147075e-03, 0., 1.08147075e-03, 3.60490259e-04,
       7.20980531e-03, 7.20980519e-04, 3.24441236e-03, 7.20980519e-04,
       7.20980519e-04, 1.44196104e-03, 7.20980519e-04, 1.08147075e-03,
       1.80245133e-03, 0., 1.08147075e-03, 7.20980519e-04,
       7.20980519e-04, 7.20980519e-04, 1.08147075e-03, 1.44196104e-03,
       3.60490259e-04, 7.20980519e-04, 7.20980519e-04, 3.60490259e-04,
       7.20980519e-04, 0., 2.16294150e-03, 7.20980519e-04, 0.,
       3.60490259e-04, 0., 2.16294150e-03, 2.88392208e-03,
       7.20980519e-04, 1.80245133e-03, 3.60490259e-04, 1.80245133e-03,
