%YAML:1.0
m50n: !!opencv-matrix
   rows: 1
   cols: 800
   dt: f
   data: [ 6.23052940e-04, 1.86915882e-03, 6.23052940e-04,
       6.23052940e-04, 0., 0., 0., 1.86915882e-03, 4.54828665e-02,
       2.49221176e-03, 1.86915882e-03, 0., 0., 0., 6.23052940e-04,
       8.72274116e-03, 6.23052940e-04, 6.23052940e-04, 9.96884704e-03,
       0., 6.23052940e-04, 1.86915882e-03, 6.23052940e-04, 0.,
       6.23052940e-04, 6.23052940e-04, 6.23052940e-04, 6.23052940e-04,
       6.23052940e-04, 3.11526470e-03, 3.73831764e-03, 6.23052940e-04,
       6.23052940e-04, 0., 1.86915882e-03, 3.11526470e-03,
       1.24610588e-03, 6.23052940e-04, 0., 0., 0., 0., 1.24610588e-03,
       0., 0., 0., 3.73831764e-03, 1.24610588e-03, 0., 0.,
       6.23052940e-04, 0., 4.36137058e-03, 0., 6.23052940e-04,
       6.23052940e-04, 3.73831764e-03, 6.23052940e-04, 0.,
       6.23052940e-04, 0., 0., 0., 1.24610588e-03, 0., 0.,
       3.11526470e-03, 2.49221176e-03, 6.23052940e-04, 0., 0., 0.,
       6.23052940e-04, 0., 1.24610588e-03, 1.86915882e-03,
       6.23052940e-04, 6.23052940e-04, 3.11526470e-03, 0.,
       6.23052940e-04, 0., 4.36137058e-03, 1.24610588e-03,
       1.43302176e-02, 1.24610588e-03, 1.86915882e-03, 1.24610588e-03,
       0., 8.09968822e-03, 0., 0., 0., 6.23052940e-04, 0.,
       6.23052940e-04, 3.11526470e-03, 0., 1.24610588e-03, 0.,
       1.86915882e-03, 0., 0., 2.49221176e-03, 1.37071647e-02, 0.,
       1.24610588e-03, 6.23052940e-04, 6.23052940e-04, 0.,
       6.23052940e-04, 6.23052940e-04, 0., 0., 0., 0., 6.23052940e-04,
       1.24610588e-03, 6.85358234e-03, 4.36137058e-03, 0.,
       1.86915882e-03, 0., 1.24610588e-03, 0., 1.86915882e-03, 0.,
       4.36137058e-03, 1.86915882e-03, 6.23052940e-04, 2.49221176e-03,
       5.60747646e-03, 0., 6.23052940e-04, 6.23052940e-04,
       6.23052940e-04, 0., 0., 0., 0., 0., 0., 1.24610588e-03, 0.,
       6.85358234e-03, 6.23052940e-04, 0., 1.24610588e-03,
       6.23052940e-04, 0., 0., 1.86915882e-03, 3.73831764e-03,
       1.86915882e-03, 0., 0., 0., 3.73831764e-03, 0., 6.23052940e-04,
       1.86915882e-03, 0., 6.23052940e-04, 1.24610588e-03,
       6.23052940e-04, 0., 0., 1.86915882e-03, 6.23052940e-04,
       6.23052940e-04, 1.24610588e-03, 0., 2.49221176e-03,
       1.24610588e-03, 0., 6.23052940e-04, 0., 6.23052940e-04,
       4.36137058e-03, 2.49221176e-03, 1.24610588e-03, 1.86915882e-03,
       1.49532706e-02, 8.09968822e-03, 0., 0., 1.86915882e-03,
       3.11526470e-03, 0., 0., 1.24610588e-03, 6.23052940e-04, 0., 0.,
       0., 0., 0., 2.49221176e-03, 6.23052940e-04, 0., 0., 0.,
       1.86915882e-03, 6.23052940e-04, 1.86915882e-03, 0., 0.,
       1.86915882e-03, 2.49221176e-03, 1.24610588e-03, 0.,
       6.23052940e-04, 0., 0., 0., 0., 1.43302176e-02, 6.23052940e-04,
       1.24610588e-03, 0., 0., 5.60747646e-03, 6.23052940e-04,
       1.24610588e-03, 0., 0., 0., 0., 1.24610588e-03, 2.49221176e-03,
       1.86915882e-03, 0., 1.24610588e-03, 6.23052940e-04, 0., 0.,
       6.23052940e-04, 0., 0., 0., 0., 0., 4.98442352e-03, 0., 0.,
       1.24610588e-03, 6.23052940e-04, 0., 3.73831764e-03,
       1.86915882e-03, 0., 0., 6.23052940e-04, 0., 6.23052940e-04,
       1.24610588e-03, 1.24610588e-03, 1.24610588e-03, 1.24610588e-03,
       0., 0., 1.86915882e-03, 2.49221176e-03, 6.23052940e-04, 0.,
       4.98442352e-03, 3.11526470e-03, 0., 0., 0., 6.23052940e-04,
       6.23052940e-04, 6.23052940e-04, 1.24610588e-03, 1.24610588e-03,
       0., 0., 0., 1.24610588e-03, 6.23052940e-04, 2.49221176e-03, 0.,
       0., 6.23052940e-04, 2.49221176e-03, 0., 1.86915882e-03,
       3.11526470e-03, 0., 6.23052940e-04, 0., 6.23052940e-04,
       1.86915882e-03, 3.11526470e-03, 1.18380059e-02, 1.86915882e-03,
       1.86915882e-03, 6.23052940e-04, 6.23052940e-04, 9.96884704e-03,
       6.23052940e-04, 0., 0., 6.23052940e-04, 0., 1.24610588e-03,
       3.11526470e-03, 6.23052940e-04, 6.23052940e-04, 1.24610588e-03,
       6.85358234e-03, 0., 6.23052940e-04, 3.11526470e-03,
       1.24610588e-03, 1.24610588e-03, 1.24610588e-03, 6.23052940e-04,
       0., 1.24610588e-03, 1.24610588e-03, 6.23052940e-04, 0., 0.,
       6.23052940e-03, 4.98442352e-03, 1.24610588e-03, 6.23052940e-04,
       0., 6.23052940e-04, 0., 2.49221176e-03, 6.23052940e-04, 0., 0.,
       0., 2.49221176e-03, 6.23052940e-04, 6.23052940e-04,
       1.86915882e-03, 0., 0., 0., 0., 0., 0., 0., 1.24610588e-03, 0.,
       1.86915882e-03, 6.23052940e-04, 0., 0., 0., 1.86915882e-03, 0.,
       1.24610588e-03, 1.86915882e-03, 6.23052940e-04, 3.73831764e-03,
       0., 1.86915882e-03, 1.24610588e-03, 0., 0., 0., 0.,
       6.23052940e-04, 0., 0., 6.23052940e-04, 1.24610588e-03,
       2.49221176e-03, 0., 6.23052940e-04, 0., 6.23052940e-04,
       4.36137058e-03, 0., 0., 0., 0., 1.18380059e-02, 0., 0., 0., 0.,
       1.24610588e-03, 1.86915882e-03, 0., 1.24610588e-03,
       6.23052940e-04, 9.34579410e-03, 1.86915882e-03, 6.23052940e-04,
       0., 2.49221176e-03, 1.24610588e-03, 0., 2.49221176e-03,
       2.49221176e-03, 0., 2.49221176e-03, 6.23052940e-04,
       6.23052940e-04, 1.24610588e-03, 1.86915882e-03, 1.24610588e-03,
       0., 0., 0., 6.23052940e-04, 0., 2.49221176e-03, 3.11526470e-03,
       0., 1.24610588e-03, 6.23052940e-04, 6.23052940e-04,
       6.23052940e-04, 1.24610588e-03, 0., 6.23052940e-04, 0., 0.,
       1.24610588e-03, 1.24610588e-03, 0., 6.23052940e-04,
       6.23052940e-04, 1.86915882e-03, 2.49221176e-03, 0.,
       3.11526470e-03, 1.24610588e-03, 4.36137058e-03, 6.23052940e-04,
       0., 0., 1.24610588e-03, 0., 6.23052940e-04, 6.23052940e-04,
       1.86915882e-03, 1.86915882e-03, 1.24610588e-03, 0.,
       3.73831764e-03, 1.24610588e-03, 2.49221176e-03, 2.49221176e-03,
       1.86915882e-03, 3.73831764e-03, 2.49221176e-03, 0.,
       4.98442352e-03, 4.36137058e-03, 0., 0., 2.05607470e-02, 0., 0.,
       1.24610588e-03, 1.24610588e-03, 1.24610588e-03, 5.60747646e-03,
       0., 1.86915882e-03, 1.24610588e-03, 0., 1.24610588e-03, 0., 0.,
       0., 6.23052940e-04, 6.23052940e-04, 3.11526470e-03, 0., 0.,
       3.73831764e-03, 1.24610588e-03, 0., 0., 1.24610588e-03, 0.,
       1.86915882e-03, 3.73831764e-03, 6.23052940e-04, 0.,
       1.24610588e-03, 1.24610588e-03, 0., 1.24610588e-03,
       6.23052940e-04, 6.23052940e-04, 6.23052940e-04, 1.86915882e-03,
       1.86915882e-03, 0., 0., 6.23052940e-04, 1.24610588e-03,
       1.86915882e-03, 8.09968822e-03, 1.24610588e-03, 6.23052940e-04,
       0., 1.24610588e-03, 3.73831764e-03, 6.85358234e-03, 0.,
       1.24610588e-03, 6.23052940e-04, 1.24610588e-03, 3.11526470e-03,
       6.23052940e-04, 6.23052940e-04, 6.23052940e-04, 1.24610588e-03,
       0., 6.23052940e-04, 0., 0., 1.86915882e-03, 1.24610588e-03,
       6.23052940e-04, 0., 6.23052940e-04, 6.23052940e-04,
       6.23052940e-04, 0., 6.23052940e-04, 0., 6.23052940e-04, 0.,
       1.86915882e-03, 1.24610588e-03, 0., 6.23052940e-04,
       3.73831764e-03, 6.23052940e-04, 6.23052940e-04, 0.,
       1.24610588e-03, 0., 0., 0., 0., 0., 0., 6.23052940e-04,
       3.73831764e-03, 0., 0., 1.18380059e-02, 0., 1.86915882e-03, 0.,
       1.24610588e-03, 0., 6.23052940e-04, 1.24610588e-03,
       1.24610588e-03, 1.86915882e-03, 1.86915882e-03, 6.23052940e-04,
       6.23052940e-04, 6.23052940e-04, 1.24610588e-03, 1.24610588e-03,
       0., 6.23052940e-04, 0., 0., 0., 1.24610588e-03, 1.24610588e-02,
       6.23052940e-04, 2.49221176e-03, 6.23052940e-04, 0., 0., 0., 0.,
       9.34579410e-03, 6.23052940e-04, 6.23052940e-04, 6.23052940e-04,
       0., 6.23052940e-04, 6.23052940e-04, 6.23052940e-04,
       6.23052940e-04, 1.24610588e-03, 6.23052940e-04, 1.24610588e-03,
       6.23052940e-04, 0., 6.23052940e-04, 5.60747646e-03,
       1.86915882e-03, 0., 1.86915882e-03, 0., 1.24610588e-03, 0.,
       4.98442352e-03, 0., 0., 0., 0., 1.24610588e-03, 6.23052940e-04,
       0., 0., 0., 2.49221176e-03, 0., 0., 6.23052940e-04,
       1.86915882e-03, 0., 6.23052940e-04, 0., 6.23052940e-04, 0., 0.,
       0., 0., 1.24610588e-03, 1.24610588e-03, 6.23052940e-04,
